1. 0. 0. 0. 0. -1. -0. 0. 0. 0. -1. 0.
1. -0.011 -0. 0.009 -0.011 -1. -0. -0.011 0. 0. -1. 0.
1. -0.010 -0. -0.008 -0.010 -1. -0. -0.016 0. 0. -1. 0.
1. -0.005 -0. -0.036 -0.005 -1. -0. -0.008 0. 0. -1. 0.
1. 0.002 0. 0.024 0.002 -1. -0. 0.007 0. 0. -1. 0.
1. -0.009 -0. 0.052 -0.009 -1. -0. 0.015 0. 0. -1. 0.
1. -0.011 -0. -0.005 -0.011 -1. -0. -0.006 0. 0. -1. 0.
1. -0.011 -0. -0.000 -0.011 -1. -0. -0.012 0. 0. -1. 0.
1. -0.011 -0. -0.001 -0.011 -1. -0. -0.004 0. 0. -1. 0.
1. -0.009 -0. 0.006 -0.009 -1. -0. 0.011 0. 0. -1. 0.
1. -0.009 -0. 0.017 -0.009 -1. -0. 0.014 0. 0. -1. 0.
1. -0.008 -0. 0.012 -0.008 -1. -0. 0.013 0. 0. -1. 0.
1. -0.006 -0. -0.031 -0.006 -1. -0. 0.011 0. 0. -1. 0.
1. -0.002 -0. 0.010 -0.002 -1. -0. 0.006 0. 0. -1. 0.
1. -0.003 -0. 0.021 -0.003 -1. -0. 0.024 0. 0. -1. 0.
1. -0.005 -0. 0.001 -0.005 -1. -0. 0.002 0. 0. -1. 0.
1. -0.007 -0. 0.001 -0.007 -1. -0. 0.005 0. 0. -1. 0.
1. -0.007 -0. -0.015 -0.007 -1. -0. -0.001 0. 0. -1. 0.
1. -0.004 -0. 0.012 -0.004 -1. -0. 0.013 0. 0. -1. 0.
1. -0.007 -0. 0.024 -0.007 -1. -0. 0.024 0. 0. -1. 0.
1. -0.011 -0. -0.003 -0.011 -1. -0. 0.001 0. 0. -1. 0.
1. -0.010 -0. 0.009 -0.010 -1. -0. 0.004 0. 0. -1. 0.
1. -0.007 -0. -0.002 -0.007 -1. -0. 0.001 0. 0. -1. 0.
1. -0.003 -0. 0.006 -0.003 -1. -0. -0.000 0. 0. -1. 0.
1. -0.003 -0. 0.001 -0.003 -1. -0. 0.009 0. 0. -1. 0.
1. -0.008 -0. 0.012 -0.008 -1. -0. 0.022 0. 0. -1. 0.
1. -0.012 -0. -0.002 -0.012 -1. -0. 0.057 0. 0. -1. 0.
1. -0.011 -0. 0.022 -0.011 -1. -0. 0.024 0. 0. -1. 0.
1. -0.009 -0. 0.012 -0.009 -1. -0. 0.048 0. 0. -1. 0.
1. 0.001 0. 0.012 0.001 -1. -0. -0.000 0. 0. -1. 0.
1. -0.009 -0. 0.045 -0.009 -1. -0. 0.078 0. 0. -1. 0.
1. -0.009 -0. -0.007 -0.009 -1. -0. 0.024 0. 0. -1. 0.
1. -0.008 -0. 0.010 -0.008 -1. -0. 0.053 0. 0. -1. 0.
1. -0.002 -0. 0.013 -0.002 -1. -0. 0.034 0. 0. -1. 0.
1. 0.000 0. 0.028 0.000 -1. -0. 0.011 0. 0. -1. 0.
1. -0.000 -0. 0.024 -0.000 -1. -0. 0.013 0. 0. -1. 0.
1. -0.001 -0. 0.004 -0.001 -1. -0. 0.015 0. 0. -1. 0.
1. -0.002 -0. 0.014 -0.002 -1. -0. 0.021 0. 0. -1. 0.
1. -0.002 -0. 0.006 -0.002 -1. -0. 0.006 0. 0. -1. 0.
1. -0.002 -0. 0.001 -0.002 -1. -0. 0.004 0. 0. -1. 0.
1. -0.004 -0. 0.009 -0.004 -1. -0. 0.010 0. 0. -1. 0.
1. -0.003 -0. -0.005 -0.003 -1. -0. 0.005 0. 0. -1. 0.
1. -0.000 -0. 0.001 -0.000 -1. -0. 0.005 0. 0. -1. 0.
1. -0.005 -0. 0.039 -0.005 -1. -0. 0.028 0. 0. -1. 0.
1. -0.006 -0. -0.001 -0.006 -1. -0. 0.006 0. 0. -1. 0.
1. -0.008 -0. 0.016 -0.008 -1. -0. 0.017 0. 0. -1. 0.
1. -0.004 -0. -0.007 -0.004 -1. -0. -0.008 0. 0. -1. 0.
1. -0.005 -0. 0.033 -0.005 -1. -0. 0.032 0. 0. -1. 0.
1. -0.009 -0. 0.015 -0.009 -1. -0. 0.013 0. 0. -1. 0.
1. -0.009 -0. 0.006 -0.009 -1. -0. 0.015 0. 0. -1. 0.
1. -0.003 -0. 0.003 -0.003 -1. -0. 0.037 0. 0. -1. 0.
1. 0.001 0. 0.035 0.001 -1. -0. 0.033 0. 0. -1. 0.
1. -0.004 -0. 0.019 -0.004 -1. -0. 0.019 0. 0. -1. 0.
1. -0.003 -0. 0.001 -0.003 -1. -0. 0.004 0. 0. -1. 0.
1. -0.005 -0. 0.007 -0.005 -1. -0. 0.016 0. 0. -1. 0.
1. -0.003 -0. 0.005 -0.003 -1. -0. 0.005 0. 0. -1. 0.
1. -0.004 -0. 0.008 -0.004 -1. -0. 0.027 0. 0. -1. 0.
1. -0.001 -0. -0.002 -0.001 -1. -0. -0.010 0. 0. -1. 0.
1. -0.001 -0. 0.019 -0.001 -1. -0. 0.013 0. 0. -1. 0.
1. -0.007 -0. 0.013 -0.007 -1. -0. 0.027 0. 0. -1. 0.
1. -0.006 -0. -0.017 -0.006 -1. -0. 0.009 0. 0. -1. 0.
1. -0.002 -0. -0.003 -0.002 -1. -0. 0.007 0. 0. -1. 0.
1. -0.002 -0. 0.009 -0.002 -1. -0. 0.017 0. 0. -1. 0.
1. -0.001 -0. -0.002 -0.001 -1. -0. -0.010 0. 0. -1. 0.
1. -0.002 -0. 0.018 -0.002 -1. -0. 0.035 0. 0. -1. 0.
1. -0.008 -0. 0.004 -0.008 -1. -0. 0.013 0. 0. -1. 0.
1. -0.008 -0. -0.005 -0.008 -1. -0. 0.011 0. 0. -1. 0.
1. -0.009 -0. 0.023 -0.009 -1. -0. 0.048 0. 0. -1. 0.
1. 0.001 0. 0.007 0.001 -1. -0. 0.005 0. 0. -1. 0.
1. -0.001 -0. 0.039 -0.001 -1. -0. 0.043 0. 0. -1. 0.
1. -0.007 -0. 0.014 -0.007 -1. -0. 0.023 0. 0. -1. 0.
1. -0.008 -0. -0.011 -0.008 -1. -0. -0.006 0. 0. -1. 0.
1. -0.010 -0. 0.016 -0.010 -1. -0. 0.013 0. 0. -1. 0.
1. -0.007 -0. 0.005 -0.007 -1. -0. 0.006 0. 0. -1. 0.
1. -0.005 -0. 0.007 -0.005 -1. -0. 0.020 0. 0. -1. 0.
1. -0.011 -0. 0.033 -0.011 -1. -0. 0.012 0. 0. -1. 0.
1. -0.005 -0. -0.030 -0.005 -1. -0. -0.051 0. 0. -1. 0.
1. -0.005 -0. -0.004 -0.005 -1. -0. 0.004 0. 0. -1. 0.
1. -0.001 -0. 0.044 -0.001 -1. -0. 0.051 0. 0. -1. 0.
1. -0.001 -0. -0.009 -0.001 -1. -0. -0.014 0. 0. -1. 0.
1. 0.001 0. 0.009 0.001 -1. -0. 0.010 0. 0. -1. 0.
1. -0.004 -0. 0.015 -0.004 -1. -0. 0.027 0. 0. -1. 0.
1. -0.006 -0. -0.005 -0.006 -1. -0. 0.010 0. 0. -1. 0.
1. -0.006 -0. 0.008 -0.006 -1. -0. 0.019 0. 0. -1. 0.
1. -0.003 -0. -0.014 -0.003 -1. -0. -0.047 0. 0. -1. 0.
1. -0.003 -0. 0.018 -0.003 -1. -0. 0.030 0. 0. -1. 0.
1. 0.000 0. 0.005 0.000 -1. -0. -0.009 0. 0. -1. 0.
1. -0.009 -0. 0.083 -0.009 -1. -0. 0.007 0. 0. -1. 0.
1. -0.011 -0. 0. -0.011 -1. -0. -0.006 0. 0. -1. 0.
1. -0.011 -0. 0.037 -0.011 -1. -0. 0.037 0. 0. -1. 0.
1. -0.008 -0. 0.024 -0.008 -1. -0. 0.047 0. 0. -1. 0.
1. 0.001 0. 0.012 0.001 -1. -0. 0.009 0. 0. -1. 0.
1. -0.007 -0. 0.054 -0.007 -1. -0. 0.064 0. 0. -1. 0.
1. -0.002 -0. 0.043 -0.002 -1. -0. 0.046 0. 0. -1. 0.
1. -0.002 -0. 0.041 -0.002 -1. -0. 0.022 0. 0. -1. 0.
1. -0.010 -0. 0.034 -0.010 -1. -0. 0.047 0. 0. -1. 0.
1. -0.010 -0. -0.006 -0.010 -1. -0. 0.006 0. 0. -1. 0.
1. -0.008 -0. 0.026 -0.008 -1. -0. 0.043 0. 0. -1. 0.
1. 0.001 0. 0.038 0.001 -1. -0. 0.016 0. 0. -1. 0.
1. -0.010 -0. 0.027 -0.010 -1. -0. 0.024 0. 0. -1. 0.
1. -0.008 -0. -0.003 -0.008 -1. -0. 0.003 0. 0. -1. 0.
1. -0.010 -0. 0.028 -0.010 -1. -0. 0.006 0. 0. -1. 0.
1. -0.007 -0. 0.024 -0.007 -1. -0. -0.009 0. 0. -1. 0.
1. -0.003 -0. 0.073 -0.003 -1. -0. -0.002 0. 0. -1. 0.
1. -0.008 -0. 0.184 -0.008 -1. -0. -0.006 0. 0. -1. 0.
1. -0.013 -0. 0.337 -0.013 -1. -0. -0.115 0. 0. -1. 0.
1.000 -0.017 -0. 0.550 -0.017 -1.000 -0. -0.052 0. 0. -1. 0.
1.000 -0.027 -0. 0.837 -0.027 -1.000 -0. -0.030 0. 0. -1. 0.
0.999 -0.047 -0. 1.249 -0.047 -0.999 -0. -0.058 0. 0. -1. 0.
0.998 -0.068 -0. 1.739 -0.068 -0.998 -0. -0.098 0. 0. -1. 0.
0.996 -0.087 -0. 2.298 -0.087 -0.996 -0. -0.177 0. 0. -1. 0.
0.994 -0.112 -0. 2.962 -0.112 -0.994 -0. -0.194 0. 0. -1. 0.
0.992 -0.129 -0. 3.683 -0.129 -0.992 -0. -0.248 0. 0. -1. 0.
0.990 -0.141 -0. 4.412 -0.141 -0.990 -0. -0.472 0. 0. -1. 0.
0.988 -0.156 -0. 5.303 -0.156 -0.988 -0. -0.693 0. 0. -1. 0.
0.987 -0.158 -0. 6.165 -0.158 -0.987 -0. -0.819 0. 0. -1. 0.
0.989 -0.149 -0. 7.171 -0.149 -0.989 -0. -0.981 0. 0. -1. 0.
0.990 -0.139 -0. 8.163 -0.139 -0.990 -0. -1.104 0. 0. -1. 0.
0.992 -0.129 -0. 9.240 -0.129 -0.992 -0. -1.204 0. 0. -1. 0.
0.992 -0.123 -0. 10.292 -0.123 -0.992 -0. -1.348 0. 0. -1. 0.
0.993 -0.120 -0. 11.378 -0.120 -0.993 -0. -1.517 0. 0. -1. 0.
0.993 -0.115 -0. 12.548 -0.115 -0.993 -0. -1.706 0. 0. -1. 0.
0.995 -0.102 -0. 13.766 -0.102 -0.995 -0. -1.727 0. 0. -1. 0.
0.996 -0.087 -0. 15.062 -0.087 -0.996 -0. -1.833 0. 0. -1. 0.
0.996 -0.085 -0. 16.336 -0.085 -0.996 -0. -1.991 0. 0. -1. 0.
0.997 -0.083 -0. 17.634 -0.083 -0.997 -0. -2.151 0. 0. -1. 0.
0.997 -0.077 -0. 18.916 -0.077 -0.997 -0. -2.351 0. 0. -1. 0.
0.998 -0.071 -0. 20.395 -0.071 -0.998 -0. -2.388 0. 0. -1. 0.
0.998 -0.059 -0. 21.822 -0.059 -0.998 -0. -2.395 0. 0. -1. 0.
0.998 -0.061 -0. 23.250 -0.061 -0.998 -0. -2.551 0. 0. -1. 0.
0.998 -0.061 -0. 24.772 -0.061 -0.998 -0. -2.664 0. 0. -1. 0.
0.998 -0.056 -0. 26.164 -0.056 -0.998 -0. -2.829 0. 0. -1. 0.
0.999 -0.039 -0. 27.676 -0.039 -0.999 -0. -2.914 0. 0. -1. 0.
1.000 -0.030 -0. 29.107 -0.030 -1.000 -0. -3.039 0. 0. -1. 0.
1.000 -0.030 -0. 30.691 -0.030 -1.000 -0. -3.030 0. 0. -1. 0.
1.000 -0.023 -0. 32.104 -0.023 -1.000 -0. -3.119 0. 0. -1. 0.
1.000 -0.015 -0. 33.578 -0.015 -1.000 -0. -3.177 0. 0. -1. 0.
1. -0. -0. 35.092 -0. -1. -0. -3.210 0. 0. -1. 0.
1. 0.000 0. 36.560 0.000 -1. -0. -3.148 0. 0. -1. 0.
1. 0.013 0. 38.083 0.013 -1. -0. -3.233 0. 0. -1. 0.
1. 0.008 0. 39.634 0.008 -1. -0. -3.280 0. 0. -1. 0.
1.000 0.015 0. 41.082 0.015 -1.000 -0. -3.288 0. 0. -1. 0.
1. 0.008 0. 42.609 0.008 -1. -0. -3.218 0. 0. -1. 0.
1. 0.012 0. 44.174 0.012 -1. -0. -3.291 0. 0. -1. 0.
1. 0.008 0. 45.762 0.008 -1. -0. -3.241 0. 0. -1. 0.
1. 0.008 0. 47.377 0.008 -1. -0. -3.351 0. 0. -1. 0.
1. 0.004 0. 49.085 0.004 -1. -0. -3.246 0. 0. -1. 0.
1. 0.011 0. 50.767 0.011 -1. -0. -3.378 0. 0. -1. 0.
1. 0.005 0. 52.501 0.005 -1. -0. -3.288 0. 0. -1. 0.
1. 0.010 0. 54.242 0.010 -1. -0. -3.397 0. 0. -1. 0.
1. 0.006 0. 56.038 0.006 -1. -0. -3.351 0. 0. -1. 0.
1. 0.007 0. 57.841 0.007 -1. -0. -3.436 0. 0. -1. 0.
1. 0.006 0. 59.692 0.006 -1. -0. -3.462 0. 0. -1. 0.
1. -0.002 -0. 61.633 -0.002 -1. -0. -3.497 0. 0. -1. 0.
1. 0.000 0. 63.583 0.000 -1. -0. -3.607 0. 0. -1. 0.
1. -0.001 -0. 65.558 -0.001 -1. -0. -3.649 0. 0. -1. 0.
1. -0.002 -0. 67.458 -0.002 -1. -0. -3.639 0. 0. -1. 0.
1. -0.003 -0. 69.392 -0.003 -1. -0. -3.582 0. 0. -1. 0.
1. -0.002 -0. 71.345 -0.002 -1. -0. -3.606 0. 0. -1. 0.
1. -0.005 -0. 73.287 -0.005 -1. -0. -3.643 0. 0. -1. 0.
1. -0.010 -0. 75.271 -0.010 -1. -0. -3.662 0. 0. -1. 0.
1.000 -0.016 -0. 77.173 -0.016 -1.000 -0. -3.729 0. 0. -1. 0.
1.000 -0.025 -0. 79.123 -0.025 -1.000 -0. -3.703 0. 0. -1. 0.
0.999 -0.039 -0. 81.037 -0.039 -0.999 -0. -3.847 0. 0. -1. 0.
0.999 -0.042 -0. 82.951 -0.042 -0.999 -0. -3.907 0. 0. -1. 0.
0.997 -0.072 -0. 84.879 -0.072 -0.997 -0. -3.894 0. 0. -1. 0.
0.995 -0.097 -0. 86.725 -0.097 -0.995 -0. -4.199 0. 0. -1. 0.
0.989 -0.146 -0. 88.555 -0.146 -0.989 -0. -4.537 0. 0. -1. 0.
0.981 -0.196 -0. 90.419 -0.196 -0.981 -0. -4.813 0. 0. -1. 0.
0.969 -0.247 -0. 92.204 -0.247 -0.969 -0. -5.267 0. 0. -1. 0.
0.954 -0.298 -0. 93.978 -0.298 -0.954 -0. -5.899 0. 0. -1. 0.
0.941 -0.339 -0. 95.701 -0.339 -0.941 -0. -6.523 0. 0. -1. 0.
0.920 -0.392 -0. 97.392 -0.392 -0.920 -0. -7.154 0. 0. -1. 0.
0.896 -0.445 -0. 99.055 -0.445 -0.896 -0. -8.007 0. 0. -1. 0.
0.869 -0.494 -0. 100.581 -0.494 -0.869 -0. -8.947 0. 0. -1. 0.
0.840 -0.543 -0. 102.109 -0.543 -0.840 -0. -9.839 0. 0. -1. 0.
0.810 -0.586 -0. 103.537 -0.586 -0.810 -0. -10.972 0. 0. -1. 0.
0.766 -0.643 -0. 105.021 -0.643 -0.766 -0. -12.107 0. 0. -1. 0.
0.723 -0.691 -0. 106.243 -0.691 -0.723 -0. -13.327 0. 0. -1. 0.
0.674 -0.739 -0. 107.367 -0.739 -0.674 -0. -14.655 0. 0. -1. 0.
0.629 -0.777 -0. 108.446 -0.777 -0.629 -0. -16.063 0. 0. -1. 0.
0.582 -0.813 -0. 109.578 -0.813 -0.582 -0. -17.401 0. 0. -1. 0.
0.536 -0.845 -0. 110.477 -0.845 -0.536 -0. -18.850 0. 0. -1. 0.
0.489 -0.872 -0. 111.244 -0.872 -0.489 -0. -20.436 0. 0. -1. 0.
0.453 -0.891 -0. 111.973 -0.891 -0.453 -0. -22.053 0. 0. -1. 0.
0.431 -0.902 -0. 112.745 -0.902 -0.431 -0. -23.623 0. 0. -1. 0.
0.413 -0.911 -0. 113.529 -0.911 -0.413 -0. -25.198 0. 0. -1. 0.
0.388 -0.922 -0. 114.184 -0.922 -0.388 -0. -26.906 0. 0. -1. 0.
0.366 -0.931 -0. 114.836 -0.931 -0.366 -0. -28.572 0. 0. -1. 0.
0.363 -0.932 -0. 115.558 -0.932 -0.363 -0. -30.337 0. 0. -1. 0.
0.364 -0.931 -0. 116.235 -0.931 -0.364 -0. -32.058 0. 0. -1. 0.
0.367 -0.930 -0. 116.886 -0.930 -0.367 -0. -33.851 0. 0. -1. 0.
0.363 -0.932 -0. 117.611 -0.932 -0.363 -0. -35.640 0. 0. -1. 0.
0.365 -0.931 -0. 118.122 -0.931 -0.365 -0. -37.450 0. 0. -1. 0.
0.367 -0.930 -0. 118.903 -0.930 -0.367 -0. -39.234 0. 0. -1. 0.
0.380 -0.925 -0. 119.758 -0.925 -0.380 -0. -41.010 0. 0. -1. 0.
0.389 -0.921 -0. 120.360 -0.921 -0.389 -0. -42.936 0. 0. -1. 0.
0.408 -0.913 -0. 121.045 -0.913 -0.408 -0. -44.790 0. 0. -1. 0.
0.417 -0.909 -0. 121.876 -0.909 -0.417 -0. -46.592 0. 0. -1. 0.
0.432 -0.902 -0. 122.818 -0.902 -0.432 -0. -48.309 0. 0. -1. 0.
0.458 -0.889 -0. 123.549 -0.889 -0.458 -0. -50.131 0. 0. -1. 0.
0.478 -0.878 -0. 124.574 -0.878 -0.478 -0. -51.887 0. 0. -1. 0.
0.490 -0.872 -0. 125.528 -0.872 -0.490 -0. -53.614 0. 0. -1. 0.
0.505 -0.863 -0. 126.482 -0.863 -0.505 -0. -55.253 0. 0. -1. 0.
0.528 -0.849 -0. 127.446 -0.849 -0.528 -0. -57.011 0. 0. -1. 0.
0.537 -0.844 -0. 128.401 -0.844 -0.537 -0. -58.668 0. 0. -1. 0.
0.556 -0.831 -0. 129.510 -0.831 -0.556 -0. -60.200 0. 0. -1. 0.
0.570 -0.822 -0. 130.537 -0.822 -0.570 -0. -61.836 0. 0. -1. 0.
0.590 -0.807 -0. 131.591 -0.807 -0.590 -0. -63.332 0. 0. -1. 0.
0.606 -0.795 -0. 132.758 -0.795 -0.606 -0. -64.786 0. 0. -1. 0.
0.626 -0.780 -0. 133.967 -0.780 -0.626 -0. -66.199 0. 0. -1. 0.
0.654 -0.756 -0. 135.024 -0.756 -0.654 -0. -67.659 0. 0. -1. 0.
0.665 -0.747 -0. 136.272 -0.747 -0.665 -0. -69.143 0. 0. -1. 0.
0.689 -0.725 -0. 137.401 -0.725 -0.689 -0. -70.258 0. 0. -1. 0.
0.707 -0.707 -0. 138.620 -0.707 -0.707 -0. -71.649 0. 0. -1. 0.
0.731 -0.682 -0. 139.902 -0.682 -0.731 -0. -72.807 0. 0. -1. 0.
0.762 -0.648 -0. 141.136 -0.648 -0.762 -0. -73.846 0. 0. -1. 0.
0.801 -0.599 -0. 142.428 -0.599 -0.801 -0. -74.844 0. 0. -1. 0.
0.848 -0.530 -0. 143.643 -0.530 -0.848 -0. -75.754 0. 0. -1. 0.
0.894 -0.447 -0. 144.957 -0.447 -0.894 -0. -76.441 0. 0. -1. 0.
0.938 -0.346 -0. 146.154 -0.346 -0.938 -0. -77.069 0. 0. -1. 0.
0.974 -0.225 -0. 147.413 -0.225 -0.974 -0. -77.243 0. 0. -1. 0.
0.996 -0.088 -0. 148.537 -0.088 -0.996 -0. -77.358 0. 0. -1. 0.
0.998 0.064 0. 149.644 0.064 -0.998 -0. -77.271 0. 0. -1. 0.
0.975 0.223 0. 150.682 0.223 -0.975 -0. -77.018 0. 0. -1. 0.
0.925 0.380 0. 151.626 0.380 -0.925 -0. -76.572 0. 0. -1. 0.
0.838 0.545 0. 152.492 0.545 -0.838 -0. -76.019 0. 0. -1. 0.
0.729 0.684 0. 153.170 0.684 -0.729 -0. -75.367 0. 0. -1. 0.
0.591 0.806 0. 153.648 0.806 -0.591 -0. -74.522 0. 0. -1. 0.
0.428 0.904 0. 154.022 0.904 -0.428 -0. -73.650 0. 0. -1. 0.
0.245 0.970 0. 154.217 0.970 -0.245 -0. -72.735 0. 0. -1. 0.
0.063 0.998 0. 154.177 0.998 -0.063 -0. -71.742 0. 0. -1. 0.
-0.121 0.993 0. 154.005 0.993 0.121 0. -70.866 0. 0. -1. 0.
-0.295 0.956 0. 153.816 0.956 0.295 0. -69.808 0. 0. -1. 0.
-0.446 0.895 0. 153.246 0.895 0.446 0. -68.932 0. 0. -1. 0.
-0.585 0.811 0. 152.672 0.811 0.585 0. -68.086 0. 0. -1. 0.
-0.695 0.719 0. 151.841 0.719 0.695 0. -67.234 0. 0. -1. 0.
-0.789 0.614 0. 150.824 0.614 0.789 0. -66.487 0. 0. -1. 0.
-0.851 0.525 0. 149.795 0.525 0.851 0. -65.811 0. 0. -1. 0.
-0.891 0.454 0. 148.711 0.454 0.891 0. -65.325 0. 0. -1. 0.
-0.916 0.400 0. 147.467 0.400 0.916 0. -64.729 0. 0. -1. 0.
-0.929 0.370 0. 146.187 0.370 0.929 0. -64.271 0. 0. -1. 0.
-0.939 0.344 0. 144.921 0.344 0.939 0. -63.773 0. 0. -1. 0.
-0.940 0.340 0. 143.527 0.340 0.940 0. -63.235 0. 0. -1. 0.
-0.936 0.351 0. 142.095 0.351 0.936 0. -62.718 0. 0. -1. 0.
-0.927 0.375 0. 140.622 0.375 0.927 0. -62.164 0. 0. -1. 0.
-0.914 0.406 0. 139.256 0.406 0.914 0. -61.556 0. 0. -1. 0.
-0.896 0.445 0. 137.733 0.445 0.896 0. -60.861 0. 0. -1. 0.
-0.881 0.473 0. 136.363 0.473 0.881 0. -60.007 0. 0. -1. 0.
-0.858 0.514 0. 134.869 0.514 0.858 0. -59.066 0. 0. -1. 0.
-0.837 0.547 0. 133.564 0.547 0.837 0. -58.200 0. 0. -1. 0.
-0.802 0.598 0. 132.108 0.598 0.802 0. -57.030 0. 0. -1. 0.
-0.776 0.630 0. 130.774 0.630 0.776 0. -55.849 0. 0. -1. 0.
-0.740 0.672 0. 129.387 0.672 0.740 0. -54.661 0. 0. -1. 0.
-0.704 0.710 0. 128.169 0.710 0.704 0. -53.361 0. 0. -1. 0.
-0.664 0.748 0. 126.927 0.748 0.664 0. -51.897 0. 0. -1. 0.
-0.624 0.781 0. 125.804 0.781 0.624 0. -50.409 0. 0. -1. 0.
-0.580 0.814 0. 124.617 0.814 0.580 0. -48.928 0. 0. -1. 0.
-0.537 0.843 0. 123.636 0.843 0.537 0. -47.344 0. 0. -1. 0.
-0.504 0.863 0. 122.827 0.863 0.504 0. -45.745 0. 0. -1. 0.
-0.472 0.882 0. 121.979 0.882 0.472 0. -44.085 0. 0. -1. 0.
-0.438 0.899 0. 121.162 0.899 0.438 0. -42.444 0. 0. -1. 0.
-0.414 0.910 0. 120.461 0.910 0.414 0. -40.765 0. 0. -1. 0.
-0.397 0.918 0. 119.806 0.918 0.397 0. -39.028 0. 0. -1. 0.
-0.389 0.921 0. 119.135 0.921 0.389 0. -37.325 0. 0. -1. 0.
-0.378 0.926 0. 118.532 0.926 0.378 0. -35.590 0. 0. -1. 0.
-0.372 0.928 0. 117.899 0.928 0.372 0. -33.804 0. 0. -1. 0.
-0.361 0.933 0. 117.299 0.933 0.361 0. -31.984 0. 0. -1. 0.
-0.362 0.932 0. 116.558 0.932 0.362 0. -30.128 0. 0. -1. 0.
-0.372 0.928 0. 115.847 0.928 0.372 0. -28.334 0. 0. -1. 0.
-0.381 0.924 0. 115.147 0.924 0.381 0. -26.483 0. 0. -1. 0.
-0.410 0.912 0. 114.180 0.912 0.410 0. -24.760 0. 0. -1. 0.
-0.443 0.897 0. 113.690 0.897 0.443 0. -22.954 0. 0. -1. 0.
-0.470 0.883 0. 112.793 0.883 0.470 0. -21.237 0. 0. -1. 0.
-0.506 0.863 0. 111.936 0.863 0.506 0. -19.563 0. 0. -1. 0.
-0.547 0.837 0. 110.940 0.837 0.547 0. -18.019 0. 0. -1. 0.
-0.585 0.811 0. 109.819 0.811 0.585 0. -16.572 0. 0. -1. 0.
-0.624 0.782 0. 108.645 0.782 0.624 0. -15.060 0. 0. -1. 0.
-0.667 0.745 0. 107.558 0.745 0.667 0. -13.711 0. 0. -1. 0.
-0.708 0.706 0. 106.415 0.706 0.708 0. -12.360 0. 0. -1. 0.
-0.752 0.659 0. 105.030 0.659 0.752 0. -11.246 0. 0. -1. 0.
-0.799 0.601 0. 103.625 0.601 0.799 0. -10.064 0. 0. -1. 0.
-0.834 0.552 0. 102.078 0.552 0.834 0. -9.051 0. 0. -1. 0.
-0.869 0.495 0. 100.569 0.495 0.869 0. -8.026 0. 0. -1. 0.
-0.898 0.441 0. 98.828 0.441 0.898 0. -7.239 0. 0. -1. 0.
-0.924 0.382 0. 97.216 0.382 0.924 0. -6.423 0. 0. -1. 0.
-0.943 0.332 0. 95.299 0.332 0.943 0. -5.904 0. 0. -1. 0.
-0.960 0.279 0. 93.446 0.279 0.960 0. -5.393 0. 0. -1. 0.
-0.973 0.229 0. 91.632 0.229 0.973 0. -4.821 0. 0. -1. 0.
-0.982 0.191 0. 89.689 0.191 0.982 0. -4.483 0. 0. -1. 0.
-0.988 0.157 0. 87.752 0.157 0.988 0. -4.110 0. 0. -1. 0.
-0.991 0.134 0. 85.729 0.134 0.991 0. -3.897 0. 0. -1. 0.
-0.995 0.101 0. 83.787 0.101 0.995 0. -3.674 0. 0. -1. 0.
-0.997 0.076 0. 81.763 0.076 0.997 0. -3.404 0. 0. -1. 0.
-0.998 0.056 0. 79.717 0.056 0.998 0. -3.310 0. 0. -1. 0.
-0.999 0.041 0. 77.656 0.041 0.999 0. -3.284 0. 0. -1. 0.
-1.000 0.022 0. 75.651 0.022 1.000 0. -3.094 0. 0. -1. 0.
-1. 0.012 0. 73.561 0.012 1. 0. -3.049 0. 0. -1. 0.
-1. 0.007 0. 71.553 0.007 1. 0. -3.017 0. 0. -1. 0.
-1. 0.007 0. 69.541 0.007 1. 0. -3.025 0. 0. -1. 0.
-1. -0.003 -0. 67.566 -0.003 1. 0. -3.033 0. 0. -1. 0.
-1. -0.000 -0. 65.611 -0.000 1. 0. -3.022 0. 0. -1. 0.
-1. -0.007 -0. 63.617 -0.007 1. 0. -3.017 0. 0. -1. 0.
-1. -0.006 -0. 61.695 -0.006 1. 0. -2.936 0. 0. -1. 0.
-1. -0.005 -0. 59.814 -0.005 1. 0. -2.788 0. 0. -1. 0.
-1. -0.006 -0. 57.944 -0.006 1. 0. -2.852 0. 0. -1. 0.
-1. -0.001 -0. 56.175 -0.001 1. 0. -2.863 0. 0. -1. 0.
-1. -0.001 -0. 54.313 -0.001 1. 0. -2.670 0. 0. -1. 0.
-1. -0.011 -0. 52.516 -0.011 1. 0. -2.825 0. 0. -1. 0.
-1. -0.013 -0. 50.757 -0.013 1. 0. -2.722 0. 0. -1. 0.
-1. -0.009 -0. 48.941 -0.009 1. 0. -2.776 0. 0. -1. 0.
-1. -0.011 -0. 47.183 -0.011 1. 0. -2.750 0. 0. -1. 0.
-1. -0.013 -0. 45.327 -0.013 1. 0. -2.745 0. 0. -1. 0.
-1. -0.010 -0. 43.435 -0.010 1. 0. -2.782 0. 0. -1. 0.
-1. -0.011 -0. 41.591 -0.011 1. 0. -2.634 0. 0. -1. 0.
-1. 0.004 0. 39.686 0.004 1. 0. -2.825 0. 0. -1. 0.
-1. 0.010 0. 37.776 0.010 1. 0. -2.672 0. 0. -1. 0.
-1.000 0.018 0. 35.825 0.018 1.000 0. -2.554 0. 0. -1. 0.
-1.000 0.019 0. 33.965 0.019 1.000 0. -2.527 0. 0. -1. 0.
-1.000 0.030 0. 31.947 0.030 1.000 0. -2.468 0. 0. -1. 0.
-0.999 0.045 0. 30.064 0.045 0.999 0. -2.422 0. 0. -1. 0.
-0.999 0.045 0. 28.137 0.045 0.999 0. -2.249 0. 0. -1. 0.
-0.999 0.051 0. 26.184 0.051 0.999 0. -2.167 0. 0. -1. 0.
-0.998 0.057 0. 24.303 0.057 0.998 0. -2.026 0. 0. -1. 0.
-0.998 0.062 0. 22.380 0.062 0.998 0. -1.826 0. 0. -1. 0.
-0.998 0.069 0. 20.464 0.069 0.998 0. -1.632 0. 0. -1. 0.
-0.998 0.070 0. 18.568 0.070 0.998 0. -1.367 0. 0. -1. 0.
-0.997 0.081 0. 16.673 0.081 0.997 0. -1.338 0. 0. -1. 0.
-0.996 0.090 0. 14.782 0.090 0.996 0. -1.218 0. 0. -1. 0.
-0.996 0.092 0. 12.871 0.092 0.996 0. -1.038 0. 0. -1. 0.
-0.995 0.098 0. 10.888 0.098 0.995 0. -0.859 0. 0. -1. 0.
-0.996 0.090 0. 8.939 0.090 0.996 0. -0.626 0. 0. -1. 0.
-0.996 0.091 0. 7.004 0.091 0.996 0. -0.430 0. 0. -1. 0.
-0.995 0.103 0. 4.954 0.103 0.995 0. -0.259 0. 0. -1. 0.
-0.996 0.090 0. 2.907 0.090 0.996 0. 0.064 0. 0. -1. 0.
-0.995 0.102 0. 0.836 0.102 0.995 0. 0.324 0. 0. -1. 0.
-0.996 0.094 0. -1.221 0.094 0.996 0. 0.544 0. 0. -1. 0.
-0.996 0.089 0. -3.291 0.089 0.996 0. 0.704 0. 0. -1. 0.
-0.997 0.073 0. -5.338 0.073 0.997 0. 0.990 0. 0. -1. 0.
-0.997 0.073 0. -7.478 0.073 0.997 0. 1.135 0. 0. -1. 0.
-0.998 0.070 0. -9.560 0.070 0.998 0. 1.380 0. 0. -1. 0.
-0.998 0.067 0. -11.703 0.067 0.998 0. 1.479 0. 0. -1. 0.
-0.998 0.061 0. -13.811 0.061 0.998 0. 1.630 0. 0. -1. 0.
-0.999 0.046 0. -15.958 0.046 0.999 0. 1.731 0. 0. -1. 0.
-0.999 0.042 0. -18.162 0.042 0.999 0. 1.863 0. 0. -1. 0.
-0.999 0.040 0. -20.285 0.040 0.999 0. 1.849 0. 0. -1. 0.
-0.999 0.038 0. -22.534 0.038 0.999 0. 2.072 0. 0. -1. 0.
-0.999 0.035 0. -24.632 0.035 0.999 0. 2.228 0. 0. -1. 0.
-0.999 0.032 0. -26.830 0.032 0.999 0. 2.290 0. 0. -1. 0.
-1.000 0.031 0. -28.971 0.031 1.000 0. 2.337 0. 0. -1. 0.
-1.000 0.025 0. -31.122 0.025 1.000 0. 2.421 0. 0. -1. 0.
-1.000 0.020 0. -33.247 0.020 1.000 0. 2.397 0. 0. -1. 0.
-1.000 0.022 0. -35.371 0.022 1.000 0. 2.367 0. 0. -1. 0.
-1.000 0.025 0. -37.464 0.025 1.000 0. 2.567 0. 0. -1. 0.
-1.000 0.027 0. -39.525 0.027 1.000 0. 2.719 0. 0. -1. 0.
-1.000 0.028 0. -41.549 0.028 1.000 0. 2.761 0. 0. -1. 0.
-1.000 0.031 0. -43.549 0.031 1.000 0. 2.856 0. 0. -1. 0.
-1.000 0.025 0. -45.369 0.025 1.000 0. 2.918 0. 0. -1. 0.
-0.999 0.032 0. -47.062 0.032 0.999 0. 3.055 0. 0. -1. 0.
-1.000 0.024 0. -48.744 0.024 1.000 0. 3.166 0. 0. -1. 0.
-1.000 0.025 0. -50.346 0.025 1.000 0. 3.185 0. 0. -1. 0.
-1.000 0.025 0. -51.937 0.025 1.000 0. 3.252 0. 0. -1. 0.
-1.000 0.023 0. -53.343 0.023 1.000 0. 3.280 0. 0. -1. 0.
-1.000 0.026 0. -54.858 0.026 1.000 0. 3.374 0. 0. -1. 0.
-0.999 0.048 0. -56.128 0.048 0.999 0. 3.370 0. 0. -1. 0.
-0.999 0.053 0. -57.389 0.053 0.999 0. 3.478 0. 0. -1. 0.
-0.997 0.074 0. -58.584 0.074 0.997 0. 3.636 0. 0. -1. 0.
-0.994 0.106 0. -59.703 0.106 0.994 0. 3.762 0. 0. -1. 0.
-0.990 0.139 0. -60.752 0.139 0.990 0. 3.941 0. 0. -1. 0.
-0.982 0.189 0. -61.786 0.189 0.982 0. 4.169 0. 0. -1. 0.
-0.974 0.228 0. -62.737 0.228 0.974 0. 4.409 0. 0. -1. 0.
-0.953 0.303 0. -63.676 0.303 0.953 0. 4.784 0. 0. -1. 0.
-0.925 0.380 0. -64.588 0.380 0.925 0. 5.084 0. 0. -1. 0.
-0.892 0.452 0. -65.464 0.452 0.892 0. 5.543 0. 0. -1. 0.
-0.840 0.542 0. -66.217 0.542 0.840 0. 6.123 0. 0. -1. 0.
-0.779 0.627 0. -66.895 0.627 0.779 0. 6.751 0. 0. -1. 0.
-0.702 0.713 0. -67.517 0.713 0.702 0. 7.398 0. 0. -1. 0.
-0.622 0.783 0. -68.046 0.783 0.622 0. 8.091 0. 0. -1. 0.
-0.529 0.849 0. -68.575 0.849 0.529 0. 9.012 0. 0. -1. 0.
-0.436 0.900 0. -69.034 0.900 0.436 0. 9.919 0. 0. -1. 0.
-0.348 0.937 0. -69.434 0.937 0.348 0. 10.895 0. 0. -1. 0.
-0.262 0.965 0. -69.723 0.965 0.262 0. 12.012 0. 0. -1. 0.
-0.191 0.982 0. -69.874 0.982 0.191 0. 13.147 0. 0. -1. 0.
-0.132 0.991 0. -70.109 0.991 0.132 0. 14.444 0. 0. -1. 0.
-0.088 0.996 0. -70.094 0.996 0.088 0. 15.696 0. 0. -1. 0.
-0.058 0.998 0. -70.313 0.998 0.058 0. 17.021 0. 0. -1. 0.
-0.029 1.000 0. -70.052 1.000 0.029 0. 18.481 0. 0. -1. 0.
-0.002 1. 0. -70.145 1. 0.002 0. 19.822 0. 0. -1. 0.
0.010 1. 0. -70.148 1. -0.010 -0. 21.260 0. 0. -1. 0.
0.029 1.000 0. -70.003 1.000 -0.029 -0. 22.795 0. 0. -1. 0.
0.021 1.000 0. -69.965 1.000 -0.021 -0. 24.340 0. 0. -1. 0.
0.023 1.000 0. -69.756 1.000 -0.023 -0. 25.958 0. 0. -1. 0.
0.021 1.000 0. -69.847 1.000 -0.021 -0. 27.572 0. 0. -1. 0.
0.028 1.000 0. -69.685 1.000 -0.028 -0. 29.163 0. 0. -1. 0.
0.032 0.999 0. -69.693 0.999 -0.032 -0. 30.878 0. 0. -1. 0.
0.044 0.999 0. -69.496 0.999 -0.044 -0. 32.561 0. 0. -1. 0.
0.054 0.999 0. -69.434 0.999 -0.054 -0. 34.214 0. 0. -1. 0.
0.077 0.997 0. -69.258 0.997 -0.077 -0. 35.962 0. 0. -1. 0.
0.092 0.996 0. -69.042 0.996 -0.092 -0. 37.620 0. 0. -1. 0.
0.118 0.993 0. -68.836 0.993 -0.118 -0. 39.345 0. 0. -1. 0.
0.131 0.991 0. -68.452 0.991 -0.131 -0. 40.993 0. 0. -1. 0.
0.138 0.990 0. -68.136 0.990 -0.138 -0. 42.724 0. 0. -1. 0.
0.152 0.988 0. -67.908 0.988 -0.152 -0. 44.437 0. 0. -1. 0.
0.142 0.990 0. -67.645 0.990 -0.142 -0. 46.174 0. 0. -1. 0.
0.146 0.989 0. -67.410 0.989 -0.146 -0. 48.080 0. 0. -1. 0.
0.129 0.992 0. -67.115 0.992 -0.129 -0. 49.776 0. 0. -1. 0.
0.118 0.993 0. -66.824 0.993 -0.118 -0. 51.537 0. 0. -1. 0.
0.089 0.996 0. -66.752 0.996 -0.089 -0. 53.408 0. 0. -1. 0.
0.075 0.997 0. -66.495 0.997 -0.075 -0. 55.278 0. 0. -1. 0.
0.053 0.999 0. -66.338 0.999 -0.053 -0. 57.168 0. 0. -1. 0.
0.041 0.999 0. -66.200 0.999 -0.041 -0. 59.093 0. 0. -1. 0.
0.028 1.000 0. -66.104 1.000 -0.028 -0. 60.940 0. 0. -1. 0.
0.025 1.000 0. -66.054 1.000 -0.025 -0. 62.869 0. 0. -1. 0.
0.014 1.000 0. -65.987 1.000 -0.014 -0. 64.762 0. 0. -1. 0.
0.013 1. 0. -65.954 1. -0.013 -0. 66.670 0. 0. -1. 0.
0.005 1. 0. -65.978 1. -0.005 -0. 68.401 0. 0. -1. 0.
-0.004 1. 0. -65.871 1. 0.004 0. 70.326 0. 0. -1. 0.
0.005 1. 0. -65.746 1. -0.005 -0. 72.143 0. 0. -1. 0.
-0.006 1. 0. -65.856 1. 0.006 0. 73.937 0. 0. -1. 0.
-0.010 1. 0. -65.811 1. 0.010 0. 75.699 0. 0. -1. 0.
-0.010 1. 0. -65.781 1. 0.010 0. 77.420 0. 0. -1. 0.
-0.016 1.000 0. -65.767 1.000 0.016 0. 79.151 0. 0. -1. 0.
-0.026 1.000 0. -65.787 1.000 0.026 0. 80.796 0. 0. -1. 0.
-0.065 0.998 0. -65.902 0.998 0.065 0. 82.465 0. 0. -1. 0.
-0.090 0.996 0. -66.023 0.996 0.090 0. 84.107 0. 0. -1. 0.
-0.142 0.990 0. -66.225 0.990 0.142 0. 85.605 0. 0. -1. 0.
-0.201 0.980 0. -66.530 0.980 0.201 0. 87.137 0. 0. -1. 0.
-0.281 0.960 0. -66.836 0.960 0.281 0. 88.643 0. 0. -1. 0.
-0.355 0.935 0. -67.348 0.935 0.355 0. 90.059 0. 0. -1. 0.
-0.436 0.900 0. -67.895 0.900 0.436 0. 91.355 0. 0. -1. 0.
-0.518 0.855 0. -68.621 0.855 0.518 0. 92.554 0. 0. -1. 0.
-0.599 0.801 0. -69.391 0.801 0.599 0. 93.725 0. 0. -1. 0.
-0.682 0.731 0. -70.369 0.731 0.682 0. 94.663 0. 0. -1. 0.
-0.753 0.658 0. -71.373 0.658 0.753 0. 95.663 0. 0. -1. 0.
-0.816 0.578 0. -72.433 0.578 0.816 0. 96.344 0. 0. -1. 0.
-0.871 0.491 0. -73.491 0.491 0.871 0. 97.050 0. 0. -1. 0.
-0.914 0.406 0. -74.605 0.406 0.914 0. 97.547 0. 0. -1. 0.
-0.944 0.331 0. -75.818 0.331 0.944 0. 97.845 0. 0. -1. 0.
-0.962 0.273 0. -77.026 0.273 0.962 0. 98.233 0. 0. -1. 0.
-0.973 0.231 0. -78.450 0.231 0.973 0. 98.480 0. 0. -1. 0.
-0.977 0.212 0. -79.732 0.212 0.977 0. 98.872 0. 0. -1. 0.
-0.978 0.206 0. -81.001 0.206 0.978 0. 99.310 0. 0. -1. 0.
-0.978 0.207 0. -82.487 0.207 0.978 0. 99.517 0. 0. -1. 0.
-0.977 0.215 0. -84.015 0.215 0.977 0. 99.852 0. 0. -1. 0.
-0.968 0.250 0. -85.511 0.250 0.968 0. 100.221 0. 0. -1. 0.
-0.954 0.300 0. -86.996 0.300 0.954 0. 100.701 0. 0. -1. 0.
-0.938 0.346 0. -88.530 0.346 0.938 0. 101.407 0. 0. -1. 0.
-0.918 0.398 0. -89.976 0.398 0.918 0. 102.056 0. 0. -1. 0.
-0.892 0.452 0. -91.394 0.452 0.892 0. 102.807 0. 0. -1. 0.
-0.862 0.507 0. -92.836 0.507 0.862 0. 103.783 0. 0. -1. 0.
-0.836 0.548 0. -94.264 0.548 0.836 0. 104.723 0. 0. -1. 0.
-0.801 0.599 0. -95.711 0.599 0.801 0. 105.804 0. 0. -1. 0.
-0.780 0.626 0. -97.171 0.626 0.780 0. 106.782 0. 0. -1. 0.
-0.757 0.653 0. -98.540 0.653 0.757 0. 108.106 0. 0. -1. 0.
-0.733 0.680 0. -99.954 0.680 0.733 0. 109.355 0. 0. -1. 0.
-0.721 0.693 0. -101.361 0.693 0.721 0. 110.689 0. 0. -1. 0.
-0.709 0.705 0. -102.692 0.705 0.709 0. 112.275 0. 0. -1. 0.
-0.699 0.715 0. -104.222 0.715 0.699 0. 113.583 0. 0. -1. 0.
-0.695 0.719 0. -105.706 0.719 0.695 0. 115.041 0. 0. -1. 0.
-0.696 0.718 0. -107.114 0.718 0.696 0. 116.610 0. 0. -1. 0.
-0.698 0.716 0. -108.526 0.716 0.698 0. 118.244 0. 0. -1. 0.
-0.701 0.714 0. -110.051 0.714 0.701 0. 119.895 0. 0. -1. 0.
-0.701 0.713 0. -111.542 0.713 0.701 0. 121.648 0. 0. -1. 0.
-0.702 0.713 0. -113.151 0.713 0.702 0. 123.201 0. 0. -1. 0.
-0.696 0.718 0. -114.730 0.718 0.696 0. 124.904 0. 0. -1. 0.
-0.700 0.714 0. -116.418 0.714 0.700 0. 126.568 0. 0. -1. 0.
-0.700 0.715 0. -118.022 0.715 0.700 0. 128.420 0. 0. -1. 0.
-0.700 0.714 0. -119.713 0.714 0.700 0. 130.214 0. 0. -1. 0.
-0.699 0.715 0. -121.364 0.715 0.699 0. 131.956 0. 0. -1. 0.
-0.696 0.718 0. -123.062 0.718 0.696 0. 133.727 0. 0. -1. 0.
-0.701 0.713 0. -124.712 0.713 0.701 0. 135.624 0. 0. -1. 0.
-0.702 0.713 0. -126.398 0.713 0.702 0. 137.371 0. 0. -1. 0.
-0.693 0.721 0. -128.171 0.721 0.693 0. 139.166 0. 0. -1. 0.
-0.697 0.717 0. -129.772 0.717 0.697 0. 141.051 0. 0. -1. 0.
-0.693 0.721 0. -131.577 0.721 0.693 0. 142.788 0. 0. -1. 0.
-0.695 0.719 0. -133.194 0.719 0.695 0. 144.665 0. 0. -1. 0.
-0.691 0.723 0. -134.933 0.723 0.691 0. 146.443 0. 0. -1. 0.
-0.693 0.721 0. -136.568 0.721 0.693 0. 148.352 0. 0. -1. 0.
-0.684 0.730 0. -138.399 0.730 0.684 0. 150.115 0. 0. -1. 0.
-0.676 0.737 0. -139.945 0.737 0.676 0. 152.094 0. 0. -1. 0.
-0.665 0.747 0. -141.694 0.747 0.665 0. 153.954 0. 0. -1. 0.
-0.644 0.765 0. -143.182 0.765 0.644 0. 155.839 0. 0. -1. 0.
-0.630 0.777 0. -144.664 0.777 0.630 0. 157.821 0. 0. -1. 0.
-0.608 0.794 0. -146.122 0.794 0.608 0. 159.798 0. 0. -1. 0.
-0.582 0.813 0. -147.421 0.813 0.582 0. 161.798 0. 0. -1. 0.
-0.551 0.835 0. -148.807 0.835 0.551 0. 163.815 0. 0. -1. 0.
-0.520 0.854 0. -149.968 0.854 0.520 0. 165.819 0. 0. -1. 0.
-0.488 0.873 0. -151.125 0.873 0.488 0. 167.868 0. 0. -1. 0.
-0.448 0.894 0. -152.158 0.894 0.448 0. 169.927 0. 0. -1. 0.
-0.415 0.910 0. -153.011 0.910 0.415 0. 172.039 0. 0. -1. 0.
-0.378 0.926 0. -153.900 0.926 0.378 0. 174.097 0. 0. -1. 0.
-0.335 0.942 0. -154.654 0.942 0.335 0. 176.164 0. 0. -1. 0.
-0.298 0.955 0. -155.189 0.955 0.298 0. 178.249 0. 0. -1. 0.
-0.257 0.966 0. -155.774 0.966 0.257 0. 180.399 0. 0. -1. 0.
-0.217 0.976 0. -156.240 0.976 0.217 0. 182.585 0. 0. -1. 0.
-0.183 0.983 0. -156.633 0.983 0.183 0. 184.774 0. 0. -1. 0.
-0.155 0.988 0. -156.901 0.988 0.155 0. 187.032 0. 0. -1. 0.
-0.140 0.990 0. -157.109 0.990 0.140 0. 189.209 0. 0. -1. 0.
-0.123 0.992 0. -157.472 0.992 0.123 0. 191.467 0. 0. -1. 0.
-0.113 0.994 0. -157.738 0.994 0.113 0. 193.681 0. 0. -1. 0.
-0.107 0.994 0. -157.791 0.994 0.107 0. 195.937 0. 0. -1. 0.
-0.097 0.995 0. -158.105 0.995 0.097 0. 198.211 0. 0. -1. 0.
-0.086 0.996 0. -158.117 0.996 0.086 0. 200.515 0. 0. -1. 0.
-0.086 0.996 0. -158.383 0.996 0.086 0. 202.767 0. 0. -1. 0.
-0.089 0.996 0. -158.381 0.996 0.089 0. 205.030 0. 0. -1. 0.
-0.096 0.995 0. -158.496 0.995 0.096 0. 207.318 0. 0. -1. 0.
-0.109 0.994 0. -158.619 0.994 0.109 0. 209.585 0. 0. -1. 0.
-0.130 0.992 0. -158.894 0.992 0.130 0. 211.875 0. 0. -1. 0.
-0.144 0.990 0. -159.508 0.990 0.144 0. 213.988 0. 0. -1. 0.
-0.173 0.985 0. -159.545 0.985 0.173 0. 216.119 0. 0. -1. 0.
-0.207 0.978 0. -159.933 0.978 0.207 0. 218.365 0. 0. -1. 0.
-0.241 0.971 0. -160.485 0.971 0.241 0. 220.405 0. 0. -1. 0.
-0.291 0.957 0. -160.836 0.957 0.291 0. 222.483 0. 0. -1. 0.
-0.346 0.938 0. -161.697 0.938 0.346 0. 224.494 0. 0. -1. 0.
-0.396 0.918 0. -162.626 0.918 0.396 0. 226.314 0. 0. -1. 0.
-0.454 0.891 0. -163.384 0.891 0.454 0. 228.236 0. 0. -1. 0.
-0.517 0.856 0. -164.379 0.856 0.517 0. 229.915 0. 0. -1. 0.
-0.580 0.814 0. -165.596 0.814 0.580 0. 231.563 0. 0. -1. 0.
-0.642 0.767 0. -166.823 0.767 0.642 0. 233.114 0. 0. -1. 0.
-0.699 0.715 0. -168.254 0.715 0.699 0. 234.502 0. 0. -1. 0.
-0.749 0.663 0. -169.594 0.663 0.749 0. 235.908 0. 0. -1. 0.
-0.797 0.603 0. -171.181 0.603 0.797 0. 237.135 0. 0. -1. 0.
-0.842 0.540 0. -172.881 0.540 0.842 0. 238.236 0. 0. -1. 0.
-0.878 0.479 0. -174.806 0.479 0.878 0. 239.125 0. 0. -1. 0.
-0.904 0.427 0. -176.495 0.427 0.904 0. 240.127 0. 0. -1. 0.
-0.921 0.390 0. -178.358 0.390 0.921 0. 240.936 0. 0. -1. 0.
-0.934 0.358 0. -180.210 0.358 0.934 0. 241.687 0. 0. -1. 0.
-0.944 0.331 0. -182.134 0.331 0.944 0. 242.443 0. 0. -1. 0.
-0.950 0.313 0. -184.161 0.313 0.950 0. 243.124 0. 0. -1. 0.
-0.954 0.300 0. -186.187 0.300 0.954 0. 243.820 0. 0. -1. 0.
-0.956 0.292 0. -188.227 0.292 0.956 0. 244.437 0. 0. -1. 0.
-0.960 0.280 0. -190.311 0.280 0.960 0. 245.053 0. 0. -1. 0.
-0.961 0.277 0. -192.471 0.277 0.961 0. 245.727 0. 0. -1. 0.
-0.960 0.281 0. -194.551 0.281 0.960 0. 246.391 0. 0. -1. 0.
-0.959 0.283 0. -196.712 0.283 0.959 0. 247.067 0. 0. -1. 0.
-0.958 0.286 0. -198.838 0.286 0.958 0. 247.689 0. 0. -1. 0.
-0.959 0.282 0. -200.909 0.282 0.959 0. 248.382 0. 0. -1. 0.
-0.959 0.284 0. -203.052 0.284 0.959 0. 249.075 0. 0. -1. 0.
-0.958 0.287 0. -205.102 0.287 0.958 0. 249.686 0. 0. -1. 0.
-0.958 0.286 0. -207.272 0.286 0.958 0. 250.299 0. 0. -1. 0.
-0.957 0.289 0. -209.228 0.289 0.957 0. 251.068 0. 0. -1. 0.
-0.956 0.293 0. -211.303 0.293 0.956 0. 251.659 0. 0. -1. 0.
-0.955 0.296 0. -213.319 0.296 0.955 0. 252.314 0. 0. -1. 0.
-0.953 0.302 0. -215.368 0.302 0.953 0. 252.956 0. 0. -1. 0.
-0.950 0.311 0. -217.321 0.311 0.950 0. 253.696 0. 0. -1. 0.
-0.948 0.319 0. -219.133 0.319 0.948 0. 254.314 0. 0. -1. 0.
-0.946 0.323 0. -221.175 0.323 0.946 0. 254.899 0. 0. -1. 0.
-0.945 0.327 0. -222.906 0.327 0.945 0. 255.573 0. 0. -1. 0.
-0.941 0.338 0. -224.705 0.338 0.941 0. 256.295 0. 0. -1. 0.
-0.936 0.352 0. -226.417 0.352 0.936 0. 256.948 0. 0. -1. 0.
-0.932 0.362 0. -227.902 0.362 0.932 0. 257.544 0. 0. -1. 0.
-0.926 0.377 0. -229.427 0.377 0.926 0. 258.239 0. 0. -1. 0.
-0.920 0.392 0. -230.883 0.392 0.920 0. 258.888 0. 0. -1. 0.
-0.912 0.410 0. -232.230 0.410 0.912 0. 259.537 0. 0. -1. 0.
-0.906 0.424 0. -233.610 0.424 0.906 0. 260.096 0. 0. -1. 0.
-0.902 0.432 0. -234.871 0.432 0.902 0. 260.732 0. 0. -1. 0.
-0.899 0.438 0. -236.093 0.438 0.899 0. 261.395 0. 0. -1. 0.
-0.898 0.439 0. -237.219 0.439 0.898 0. 261.986 0. 0. -1. 0.
-0.898 0.439 0. -238.280 0.439 0.898 0. 262.520 0. 0. -1. 0.
-0.897 0.442 0. -239.205 0.442 0.897 0. 262.868 0. 0. -1. 0.
-0.897 0.443 0. -240.074 0.443 0.897 0. 263.480 0. 0. -1. 0.
-0.892 0.452 0. -240.891 0.452 0.892 0. 263.863 0. 0. -1. 0.
-0.890 0.455 0. -241.561 0.455 0.890 0. 264.302 0. 0. -1. 0.
-0.891 0.454 0. -242.047 0.454 0.891 0. 264.536 0. 0. -1. 0.
-0.887 0.461 0. -242.614 0.461 0.887 0. 264.902 0. 0. -1. 0.
-0.886 0.463 0. -243.037 0.463 0.886 0. 265.108 0. 0. -1. 0.
-0.889 0.458 0. -243.344 0.458 0.889 0. 265.242 0. 0. -1. 0.
-0.888 0.459 0. -243.677 0.459 0.888 0. 265.485 0. 0. -1. 0.
-0.886 0.463 0. -243.947 0.463 0.886 0. 265.606 0. 0. -1. 0.
-0.887 0.462 0. -244.085 0.462 0.887 0. 265.718 0. 0. -1. 0.
-0.885 0.466 0. -244.399 0.466 0.885 0. 265.764 0. 0. -1. 0.
-0.886 0.463 0. -244.416 0.463 0.886 0. 265.911 0. 0. -1. 0.
-0.885 0.466 0. -244.539 0.466 0.885 0. 265.993 0. 0. -1. 0.
-0.883 0.469 0. -244.615 0.469 0.883 0. 265.966 0. 0. -1. 0.
-0.884 0.468 0. -244.666 0.468 0.884 0. 265.916 0. 0. -1. 0.
-0.885 0.465 0. -244.802 0.465 0.885 0. 265.991 0. 0. -1. 0.
-0.886 0.464 0. -244.817 0.464 0.886 0. 266.116 0. 0. -1. 0.
-0.886 0.464 0. -244.756 0.464 0.886 0. 265.977 0. 0. -1. 0.
-0.885 0.466 0. -244.801 0.466 0.885 0. 266.097 0. 0. -1. 0.
-0.884 0.467 0. -244.709 0.467 0.884 0. 266.013 0. 0. -1. 0.
-0.887 0.462 0. -244.712 0.462 0.887 0. 266.041 0. 0. -1. 0.
-0.888 0.460 0. -244.736 0.460 0.888 0. 266.049 0. 0. -1. 0.
-0.885 0.465 0. -244.753 0.465 0.885 0. 266.049 0. 0. -1. 0.
-0.886 0.464 0. -244.698 0.464 0.886 0. 266.102 0. 0. -1. 0.
-0.884 0.467 0. -244.734 0.467 0.884 0. 265.963 0. 0. -1. 0.
-0.887 0.461 0. -244.731 0.461 0.887 0. 265.998 0. 0. -1. 0.
-0.884 0.467 0. -244.824 0.467 0.884 0. 266.013 0. 0. -1. 0.
-0.884 0.468 0. -244.720 0.468 0.884 0. 265.993 0. 0. -1. 0.
-0.885 0.466 0. -244.730 0.466 0.885 0. 266.041 0. 0. -1. 0.
-0.884 0.467 0. -244.748 0.467 0.884 0. 266.053 0. 0. -1. 0.
-0.886 0.464 0. -244.722 0.464 0.886 0. 266.005 0. 0. -1. 0.
-0.885 0.466 0. -244.762 0.466 0.885 0. 266.097 0. 0. -1. 0.
-0.885 0.466 0. -244.720 0.466 0.885 0. 266.026 0. 0. -1. 0.
-0.884 0.467 0. -244.743 0.467 0.884 0. 266.037 0. 0. -1. 0.
-0.887 0.461 0. -244.745 0.461 0.887 0. 266.056 0. 0. -1. 0.
-0.884 0.467 0. -244.773 0.467 0.884 0. 266.046 0. 0. -1. 0.
-0.887 0.462 0. -244.685 0.462 0.887 0. 266.059 0. 0. -1. 0.
-0.886 0.464 0. -244.771 0.464 0.886 0. 266.121 0. 0. -1. 0.
-0.885 0.466 0. -244.737 0.466 0.885 0. 266.040 0. 0. -1. 0.
-0.885 0.466 0. -244.894 0.466 0.885 0. 266.171 0. 0. -1. 0.
-0.886 0.464 0. -244.988 0.464 0.886 0. 266.073 0. 0. -1. 0.
-0.885 0.466 0. -245.195 0.466 0.885 0. 266.232 0. 0. -1. 0.
-0.883 0.469 0. -245.541 0.469 0.883 0. 266.480 0. 0. -1. 0.
-0.877 0.481 0. -245.946 0.481 0.877 0. 266.695 0. 0. -1. 0.
-0.868 0.496 0. -246.324 0.496 0.868 0. 266.990 0. 0. -1. 0.
-0.854 0.520 0. -246.881 0.520 0.854 0. 267.349 0. 0. -1. 0.
-0.836 0.549 0. -247.531 0.549 0.836 0. 267.628 0. 0. -1. 0.
-0.810 0.586 0. -248.165 0.586 0.810 0. 268.267 0. 0. -1. 0.
-0.783 0.622 0. -248.782 0.622 0.783 0. 268.584 0. 0. -1. 0.
-0.738 0.675 0. -249.440 0.675 0.738 0. 269.211 0. 0. -1. 0.
-0.693 0.720 0. -249.904 0.720 0.693 0. 269.801 0. 0. -1. 0.
-0.635 0.772 0. -250.484 0.772 0.635 0. 270.428 0. 0. -1. 0.
-0.572 0.820 0. -250.856 0.820 0.572 0. 271.238 0. 0. -1. 0.
-0.502 0.865 0. -251.310 0.865 0.502 0. 272.050 0. 0. -1. 0.
-0.436 0.900 0. -251.632 0.900 0.436 0. 272.882 0. 0. -1. 0.
-0.362 0.932 0. -251.950 0.932 0.362 0. 273.896 0. 0. -1. 0.
-0.281 0.960 0. -252.280 0.960 0.281 0. 275.007 0. 0. -1. 0.
-0.187 0.982 0. -252.447 0.982 0.187 0. 276.258 0. 0. -1. 0.
-0.100 0.995 0. -252.542 0.995 0.100 0. 277.508 0. 0. -1. 0.
-0.019 1.000 0. -252.600 1.000 0.019 0. 278.921 0. 0. -1. 0.
0.061 0.998 0. -252.463 0.998 -0.061 -0. 280.356 0. 0. -1. 0.
0.119 0.993 0. -252.159 0.993 -0.119 -0. 281.993 0. 0. -1. 0.
0.165 0.986 0. -251.834 0.986 -0.165 -0. 283.771 0. 0. -1. 0.
0.196 0.981 0. -251.430 0.981 -0.196 -0. 285.569 0. 0. -1. 0.
0.212 0.977 0. -250.967 0.977 -0.212 -0. 287.626 0. 0. -1. 0.
0.224 0.975 0. -250.540 0.975 -0.224 -0. 289.749 0. 0. -1. 0.
0.238 0.971 0. -249.927 0.971 -0.238 -0. 291.890 0. 0. -1. 0.
0.250 0.968 0. -249.434 0.968 -0.250 -0. 294.089 0. 0. -1. 0.
0.258 0.966 0. -248.715 0.966 -0.258 -0. 296.354 0. 0. -1. 0.
0.266 0.964 0. -248.022 0.964 -0.266 -0. 298.687 0. 0. -1. 0.
0.271 0.963 0. -247.324 0.963 -0.271 -0. 301.024 0. 0. -1. 0.
0.271 0.962 0. -246.601 0.962 -0.271 -0. 303.462 0. 0. -1. 0.
0.269 0.963 0. -245.827 0.963 -0.269 -0. 305.984 0. 0. -1. 0.
0.268 0.963 0. -245.041 0.963 -0.268 -0. 308.559 0. 0. -1. 0.
0.267 0.964 0. -244.264 0.964 -0.267 -0. 311.192 0. 0. -1. 0.
0.270 0.963 0. -243.488 0.963 -0.270 -0. 313.968 0. 0. -1. 0.
0.264 0.964 0. -242.642 0.964 -0.264 -0. 316.704 0. 0. -1. 0.
0.269 0.963 0. -241.766 0.963 -0.269 -0. 319.557 0. 0. -1. 0.
0.274 0.962 0. -240.887 0.962 -0.274 -0. 322.438 0. 0. -1. 0.
0.274 0.962 0. -240.123 0.962 -0.274 -0. 325.421 0. 0. -1. 0.
0.268 0.963 0. -239.043 0.963 -0.268 -0. 328.425 0. 0. -1. 0.
0.274 0.962 0. -238.221 0.962 -0.274 -0. 331.595 0. 0. -1. 0.
0.272 0.962 0. -237.175 0.962 -0.272 -0. 334.709 0. 0. -1. 0.
0.274 0.962 0. -236.162 0.962 -0.274 -0. 337.932 0. 0. -1. 0.
0.285 0.959 0. -235.321 0.959 -0.285 -0. 341.133 0. 0. -1. 0.
0.283 0.959 0. -234.207 0.959 -0.283 -0. 344.313 0. 0. -1. 0.
0.286 0.958 0. -233.239 0.958 -0.286 -0. 347.567 0. 0. -1. 0.
0.281 0.960 0. -232.215 0.960 -0.281 -0. 350.727 0. 0. -1. 0.
0.282 0.959 0. -231.206 0.959 -0.282 -0. 354.142 0. 0. -1. 0.
0.273 0.962 0. -230.130 0.962 -0.273 -0. 357.418 0. 0. -1. 0.
0.275 0.961 0. -229.089 0.961 -0.275 -0. 360.798 0. 0. -1. 0.
0.273 0.962 0. -228.031 0.962 -0.273 -0. 364.237 0. 0. -1. 0.
0.274 0.962 0. -227.039 0.962 -0.274 -0. 367.536 0. 0. -1. 0.
0.272 0.962 0. -225.968 0.962 -0.272 -0. 370.917 0. 0. -1. 0.
0.274 0.962 0. -225.209 0.962 -0.274 -0. 374.326 0. 0. -1. 0.
0.272 0.962 0. -224.185 0.962 -0.272 -0. 377.673 0. 0. -1. 0.
0.271 0.963 0. -223.016 0.963 -0.271 -0. 381.013 0. 0. -1. 0.
0.272 0.962 0. -222.054 0.962 -0.272 -0. 384.374 0. 0. -1. 0.
0.275 0.961 0. -221.049 0.961 -0.275 -0. 387.705 0. 0. -1. 0.
0.274 0.962 0. -220.000 0.962 -0.274 -0. 391.057 0. 0. -1. 0.
0.269 0.963 0. -218.807 0.963 -0.269 -0. 394.372 0. 0. -1. 0.
0.269 0.963 0. -217.960 0.963 -0.269 -0. 397.825 0. 0. -1. 0.
0.271 0.963 0. -216.924 0.963 -0.271 -0. 401.236 0. 0. -1. 0.
0.271 0.963 0. -215.879 0.963 -0.271 -0. 404.582 0. 0. -1. 0.
0.274 0.962 0. -214.945 0.962 -0.274 -0. 407.989 0. 0. -1. 0.
0.267 0.964 0. -213.928 0.964 -0.267 -0. 411.434 0. 0. -1. 0.
0.267 0.964 0. -212.965 0.964 -0.267 -0. 414.874 0. 0. -1. 0.
0.264 0.965 0. -211.925 0.965 -0.264 -0. 418.239 0. 0. -1. 0.
0.261 0.965 0. -210.909 0.965 -0.261 -0. 421.671 0. 0. -1. 0.
0.263 0.965 0. -209.878 0.965 -0.263 -0. 425.189 0. 0. -1. 0.
0.264 0.965 0. -208.818 0.965 -0.264 -0. 428.599 0. 0. -1. 0.
0.265 0.964 0. -207.852 0.964 -0.265 -0. 432.186 0. 0. -1. 0.
0.267 0.964 0. -206.880 0.964 -0.267 -0. 435.758 0. 0. -1. 0.
0.269 0.963 0. -205.705 0.963 -0.269 -0. 439.210 0. 0. -1. 0.
0.270 0.963 0. -204.746 0.963 -0.270 -0. 442.808 0. 0. -1. 0.
0.269 0.963 0. -203.594 0.963 -0.269 -0. 446.314 0. 0. -1. 0.
