1561000452974693 0.99974 -0.02300 0.00000 -6.32261 0.02300 0.99974 -0.00000 -0.01296 -0.00000 0.00000 1.00000 0.00000
1561000453225385 0.99962 -0.02767 0.00000 -7.21661 0.02767 0.99962 -0.00000 -0.01069 -0.00000 0.00000 1.00000 0.00000
1561000453476360 0.99946 -0.03272 0.00000 -8.20526 0.03272 0.99946 -0.00000 -0.06746 -0.00000 0.00000 1.00000 0.00000
1561000453727328 0.99931 -0.03726 0.00000 -9.21786 0.03726 0.99931 -0.00000 -0.07731 -0.00000 0.00000 1.00000 0.00000
1561000453978190 0.99911 -0.04209 0.00000 -10.25199 0.04209 0.99911 -0.00000 -0.13570 -0.00000 0.00000 1.00000 0.00000
1561000454228891 0.99894 -0.04594 0.00000 -11.37098 0.04594 0.99894 -0.00000 -0.15469 -0.00000 0.00000 1.00000 0.00000
1561000454479651 0.99882 -0.04863 0.00000 -12.52686 0.04863 0.99882 -0.00000 -0.22150 -0.00000 0.00000 1.00000 0.00000
1561000454730705 0.99876 -0.04984 0.00000 -13.70840 0.04984 0.99876 -0.00000 -0.19731 -0.00000 0.00000 1.00000 0.00000
1561000454982122 0.99881 -0.04885 0.00000 -14.99121 0.04885 0.99881 -0.00000 -0.20369 -0.00000 0.00000 1.00000 0.00000
1561000455232943 0.99888 -0.04740 0.00000 -16.29134 0.04740 0.99888 -0.00000 -0.17079 -0.00000 0.00000 1.00000 0.00000
1561000455484980 0.99888 -0.04723 0.00000 -17.63701 0.04723 0.99888 -0.00000 -0.15413 -0.00000 0.00000 1.00000 0.00000
1561000455733801 0.99900 -0.04478 0.00000 -19.04799 0.04478 0.99900 -0.00000 -0.10832 -0.00000 0.00000 1.00000 0.00000
1561000455985716 0.99902 -0.04431 0.00000 -20.47515 0.04431 0.99902 -0.00000 -0.11819 -0.00000 0.00000 1.00000 0.00000
1561000456235346 0.99908 -0.04282 0.00000 -21.94254 0.04282 0.99908 -0.00000 -0.08653 -0.00000 0.00000 1.00000 0.00000
1561000456483580 0.99901 -0.04441 0.00000 -23.42360 0.04441 0.99901 -0.00000 -0.09159 -0.00000 0.00000 1.00000 0.00000
1561000456733214 0.99894 -0.04601 0.00000 -25.01322 0.04601 0.99894 -0.00000 -0.14308 -0.00000 0.00000 1.00000 0.00000
1561000456983059 0.99924 -0.03902 0.00000 -26.73298 0.03902 0.99924 -0.00000 -0.03640 -0.00000 0.00000 1.00000 0.00000
1561000457232398 0.99941 -0.03424 0.00000 -28.44625 0.03424 0.99941 -0.00000 0.14949 -0.00000 0.00000 1.00000 0.00000
1561000457481918 0.99939 -0.03480 0.00000 -30.11038 0.03480 0.99939 -0.00000 0.13754 -0.00000 0.00000 1.00000 0.00000
1561000457731848 0.99946 -0.03274 0.00000 -31.94729 0.03274 0.99946 -0.00000 0.19475 -0.00000 0.00000 1.00000 0.00000
1561000457981349 0.99953 -0.03050 0.00000 -33.84667 0.03050 0.99953 -0.00000 0.22075 -0.00000 0.00000 1.00000 0.00000
1561000458230556 0.99953 -0.03051 0.00000 -35.78311 0.03051 0.99953 -0.00000 0.26239 -0.00000 0.00000 1.00000 0.00000
1561000458480313 0.99949 -0.03193 0.00000 -37.75555 0.03193 0.99949 -0.00000 0.23136 -0.00000 0.00000 1.00000 0.00000
1561000458730184 0.99955 -0.02986 0.00000 -39.76318 0.02986 0.99955 -0.00000 0.33736 -0.00000 0.00000 1.00000 0.00000
1561000458979946 0.99968 -0.02543 0.00000 -41.88231 0.02543 0.99968 -0.00000 0.46122 -0.00000 0.00000 1.00000 0.00000
1561000459230310 0.99976 -0.02210 0.00000 -44.02194 0.02210 0.99976 -0.00000 0.58267 -0.00000 0.00000 1.00000 0.00000
1561000459478978 0.99981 -0.01941 0.00000 -46.23600 0.01941 0.99981 -0.00000 0.73094 -0.00000 0.00000 1.00000 0.00000
1561000459728263 0.99989 -0.01501 0.00000 -48.43892 0.01501 0.99989 -0.00000 0.89502 -0.00000 0.00000 1.00000 0.00000
1561000459976957 0.99994 -0.01052 0.00000 -50.65265 0.01052 0.99994 -0.00000 1.14725 -0.00000 0.00000 1.00000 0.00000
1561000460228619 0.99998 -0.00658 0.00000 -52.85519 0.00658 0.99998 -0.00000 1.32411 -0.00000 0.00000 1.00000 0.00000
1561000460479057 1.00000 -0.00249 0.00000 -55.05461 0.00249 1.00000 -0.00000 1.51463 -0.00000 0.00000 1.00000 0.00000
1561000460725813 1.00000 0.00248 -0.00000 -57.18792 -0.00248 1.00000 0.00000 1.78450 0.00000 -0.00000 1.00000 -0.00000
1561000460974620 0.99996 0.00855 -0.00000 -59.32943 -0.00855 0.99996 0.00000 2.12418 0.00000 -0.00000 1.00000 -0.00000
1561000461223439 0.99993 0.01169 -0.00000 -61.46461 -0.01169 0.99993 0.00000 2.32126 0.00000 -0.00000 1.00000 -0.00000
1561000461472649 0.99988 0.01525 -0.00000 -63.57728 -0.01525 0.99988 0.00000 2.53016 0.00000 -0.00000 1.00000 -0.00000
1561000461722049 0.99986 0.01659 -0.00000 -65.70814 -0.01659 0.99986 0.00000 2.60906 0.00000 -0.00000 1.00000 -0.00000
1561000461972031 0.99981 0.01947 -0.00000 -67.80862 -0.01947 0.99981 0.00000 2.82768 0.00000 -0.00000 1.00000 -0.00000
1561000462221366 0.99976 0.02206 -0.00000 -69.93468 -0.02206 0.99976 0.00000 2.98703 0.00000 -0.00000 1.00000 -0.00000
1561000462470059 0.99972 0.02347 -0.00000 -71.97985 -0.02347 0.99972 0.00000 3.08477 0.00000 -0.00000 1.00000 -0.00000
1561000462719578 0.99962 0.02759 -0.00000 -73.99128 -0.02759 0.99962 0.00000 3.39414 0.00000 -0.00000 1.00000 -0.00000
1561000462968357 0.99960 0.02835 -0.00000 -76.07533 -0.02835 0.99960 0.00000 3.44515 0.00000 -0.00000 1.00000 -0.00000
1561000463216710 0.99924 0.03900 -0.00000 -78.10221 -0.03900 0.99924 0.00000 4.44819 0.00000 -0.00000 1.00000 -0.00000
1561000463465334 0.99910 0.04239 -0.00000 -80.22441 -0.04239 0.99910 0.00000 4.57726 0.00000 -0.00000 1.00000 -0.00000
1561000463713591 0.99907 0.04318 -0.00000 -82.20735 -0.04318 0.99907 0.00000 4.56132 0.00000 -0.00000 1.00000 -0.00000
1561000463960454 0.99882 0.04855 -0.00000 -84.30403 -0.04855 0.99882 0.00000 5.05219 0.00000 -0.00000 1.00000 -0.00000
1561000464208915 0.99852 0.05439 -0.00000 -86.38021 -0.05439 0.99852 0.00000 5.51961 0.00000 -0.00000 1.00000 -0.00000
1561000464457911 0.99839 0.05679 -0.00000 -88.54577 -0.05679 0.99839 0.00000 5.74637 0.00000 -0.00000 1.00000 -0.00000
1561000464706861 0.99822 0.05969 -0.00000 -90.66448 -0.05969 0.99822 0.00000 5.99793 0.00000 -0.00000 1.00000 -0.00000
1561000464955386 0.99814 0.06092 -0.00000 -92.82354 -0.06092 0.99814 0.00000 6.11846 0.00000 -0.00000 1.00000 -0.00000
1561000465204330 0.99805 0.06243 -0.00000 -95.00728 -0.06243 0.99805 0.00000 6.25503 0.00000 -0.00000 1.00000 -0.00000
1561000465452887 0.99795 0.06402 -0.00000 -97.17771 -0.06402 0.99795 0.00000 6.39682 0.00000 -0.00000 1.00000 -0.00000
1561000465702264 0.99760 0.06920 -0.00000 -99.34650 -0.06920 0.99760 0.00000 6.86289 0.00000 -0.00000 1.00000 0.00000
1561000465950620 0.99744 0.07154 -0.00000 -101.58150 -0.07154 0.99744 0.00000 7.08578 0.00000 -0.00000 1.00000 0.00000
1561000466198884 0.99717 0.07524 -0.00000 -103.78754 -0.07524 0.99717 0.00000 7.46813 0.00000 -0.00000 1.00000 0.00000
1561000466449565 0.99704 0.07682 -0.00000 -106.04520 -0.07682 0.99704 0.00000 7.59881 0.00000 -0.00000 1.00000 0.00000
1561000466701233 0.99692 0.07837 -0.00000 -108.30054 -0.07837 0.99692 0.00000 7.79374 0.00000 -0.00000 1.00000 0.00000
1561000466946421 0.99686 0.07921 -0.00000 -110.60909 -0.07921 0.99686 0.00000 7.85160 0.00000 -0.00000 1.00000 0.00000
1561000467195307 0.99707 0.07647 -0.00000 -112.93536 -0.07647 0.99707 0.00000 7.54852 0.00000 -0.00000 1.00000 0.00000
1561000467442628 0.99723 0.07432 -0.00000 -115.23996 -0.07432 0.99723 0.00000 7.29887 0.00000 -0.00000 1.00000 0.00000
1561000467692524 0.99739 0.07227 -0.00000 -117.58103 -0.07227 0.99739 0.00000 7.06885 0.00000 -0.00000 1.00000 0.00000
1561000467939932 0.99748 0.07102 -0.00000 -119.90838 -0.07102 0.99748 0.00000 6.90568 0.00000 -0.00000 1.00000 0.00000
1561000468188233 0.99759 0.06940 -0.00000 -122.18636 -0.06940 0.99759 0.00000 6.68898 0.00000 -0.00000 1.00000 0.00000
1561000468437391 0.99763 0.06883 -0.00000 -124.44662 -0.06883 0.99763 0.00000 6.58564 0.00000 -0.00000 1.00000 0.00000
1561000468685721 0.99768 0.06802 -0.00000 -126.68051 -0.06802 0.99768 0.00000 6.50479 0.00000 -0.00000 1.00000 0.00000
1561000468935357 0.99763 0.06876 -0.00000 -128.87786 -0.06876 0.99763 0.00000 6.57918 0.00000 -0.00000 1.00000 0.00000
1561000469184222 0.99764 0.06864 -0.00000 -131.03201 -0.06864 0.99764 0.00000 6.56942 0.00000 -0.00000 1.00000 0.00000
1561000469433306 0.99773 0.06728 -0.00000 -133.14352 -0.06728 0.99773 0.00000 6.40622 0.00000 -0.00000 1.00000 0.00000
1561000469681796 0.99770 0.06785 -0.00000 -135.36405 -0.06785 0.99770 0.00000 6.47383 0.00000 -0.00000 1.00000 0.00000
1561000469927877 0.99742 0.07184 -0.00000 -137.54925 -0.07184 0.99742 0.00000 6.96667 0.00000 -0.00000 1.00000 0.00000
1561000470178079 0.99726 0.07396 -0.00000 -139.63431 -0.07396 0.99726 0.00000 7.28264 0.00000 -0.00000 1.00000 0.00000
1561000470426619 0.99702 0.07720 -0.00000 -141.87707 -0.07720 0.99702 0.00000 7.74792 0.00000 -0.00000 1.00000 0.00000
1561000470675629 0.99669 0.08126 -0.00000 -144.07085 -0.08126 0.99669 0.00000 8.28796 0.00000 -0.00000 1.00000 0.00000
1561000470925518 0.99652 0.08333 -0.00000 -146.26374 -0.08333 0.99652 0.00000 8.60003 0.00000 -0.00000 1.00000 0.00000
1561000471173754 0.99621 0.08695 -0.00000 -148.48405 -0.08695 0.99621 0.00000 9.09476 0.00000 -0.00000 1.00000 0.00000
1561000471421537 0.99583 0.09124 -0.00000 -150.71411 -0.09124 0.99583 0.00000 9.73502 0.00000 -0.00000 1.00000 0.00000
1561000471670336 0.99542 0.09559 -0.00000 -152.93378 -0.09559 0.99542 0.00000 10.38132 0.00000 -0.00000 1.00000 0.00000
1561000471918821 0.99502 0.09969 -0.00000 -155.19015 -0.09969 0.99502 0.00000 11.01420 0.00000 -0.00000 1.00000 0.00000
1561000472167107 0.99451 0.10467 -0.00000 -157.40957 -0.10467 0.99451 0.00000 11.81515 0.00000 -0.00000 1.00000 0.00000
1561000472416228 0.99420 0.10753 -0.00000 -159.66343 -0.10753 0.99420 0.00000 12.26881 0.00000 -0.00000 1.00000 0.00000
1561000472666413 0.99393 0.11000 -0.00000 -161.92891 -0.11000 0.99393 0.00000 12.63317 0.00000 -0.00000 1.00000 0.00000
1561000472913322 0.99367 0.11234 -0.00000 -164.23404 -0.11234 0.99367 0.00000 13.04468 0.00000 -0.00000 1.00000 0.00000
1561000473162044 0.99320 0.11640 -0.00000 -166.49895 -0.11640 0.99320 0.00000 13.71459 0.00000 -0.00000 1.00000 0.00000
1561000473410540 0.99253 0.12196 -0.00000 -168.77296 -0.12196 0.99253 0.00000 14.61362 0.00000 -0.00000 1.00000 0.00000
1561000473659389 0.99199 0.12630 -0.00000 -171.04531 -0.12630 0.99199 0.00000 15.36000 0.00000 -0.00000 1.00000 0.00000
1561000473908074 0.99152 0.12996 -0.00000 -173.34936 -0.12996 0.99152 0.00000 15.99348 0.00000 -0.00000 1.00000 0.00000
1561000474156096 0.99072 0.13591 -0.00000 -175.63761 -0.13591 0.99072 0.00000 16.99917 0.00000 -0.00000 1.00000 0.00000
1561000474404915 0.99037 0.13846 -0.00000 -177.92950 -0.13846 0.99037 0.00000 17.49017 0.00000 -0.00000 1.00000 0.00000
1561000474653473 0.98993 0.14157 -0.00000 -180.32890 -0.14157 0.98993 0.00000 18.03285 0.00000 -0.00000 1.00000 0.00000
1561000474902028 0.98937 0.14542 -0.00000 -182.63582 -0.14542 0.98937 0.00000 18.72157 0.00000 -0.00000 1.00000 0.00000
1561000475152686 0.98877 0.14947 -0.00000 -184.98981 -0.14947 0.98877 0.00000 19.48183 0.00000 -0.00000 1.00000 0.00000
1561000475401664 0.98819 0.15324 -0.00000 -187.33522 -0.15324 0.98819 0.00000 20.16947 0.00000 -0.00000 1.00000 0.00000
1561000475650569 0.98757 0.15719 -0.00000 -189.65053 -0.15719 0.98757 0.00000 20.91671 0.00000 -0.00000 1.00000 0.00000
1561000475898137 0.98655 0.16344 -0.00000 -191.94800 -0.16344 0.98655 0.00000 22.11442 0.00000 -0.00000 1.00000 0.00000
1561000476146222 0.98559 0.16912 -0.00000 -194.18425 -0.16912 0.98559 0.00000 23.19338 0.00000 -0.00000 1.00000 0.00000
1561000476395683 0.98486 0.17337 -0.00000 -196.41003 -0.17337 0.98486 0.00000 24.01482 0.00000 -0.00000 1.00000 0.00000
1561000476643462 0.98379 0.17935 -0.00000 -198.57503 -0.17935 0.98379 0.00000 25.20165 0.00000 -0.00000 1.00000 0.00000
1561000476892166 0.98281 0.18463 -0.00000 -200.71181 -0.18463 0.98281 0.00000 26.28624 0.00000 -0.00000 1.00000 0.00000
1561000477139985 0.98191 0.18935 -0.00000 -202.83397 -0.18935 0.98191 0.00000 27.20455 0.00000 -0.00000 1.00000 0.00000
1561000477388986 0.98143 0.19183 -0.00000 -204.89850 -0.19183 0.98143 0.00000 27.72440 0.00000 -0.00000 1.00000 0.00000
1561000477638141 0.98014 0.19832 -0.00000 -207.05285 -0.19832 0.98014 0.00000 29.08745 0.00000 -0.00000 1.00000 0.00000
1561000477885064 0.97911 0.20335 -0.00000 -209.14588 -0.20335 0.97911 0.00000 30.22081 0.00000 -0.00000 1.00000 0.00000
1561000478134686 0.97804 0.20843 -0.00000 -211.15731 -0.20843 0.97804 0.00000 31.19795 0.00000 -0.00000 1.00000 0.00000
1561000478383453 0.97745 0.21115 -0.00000 -213.40362 -0.21115 0.97745 0.00000 31.82271 0.00000 -0.00000 1.00000 0.00000
1561000478631209 0.97664 0.21488 -0.00000 -215.56244 -0.21488 0.97664 0.00000 32.61843 0.00000 -0.00000 1.00000 0.00000
1561000478880766 0.97601 0.21773 -0.00000 -217.77712 -0.21773 0.97601 0.00000 33.22209 0.00000 -0.00000 1.00000 0.00000
1561000479129084 0.97585 0.21842 -0.00000 -220.06182 -0.21842 0.97585 0.00000 33.36731 0.00000 -0.00000 1.00000 0.00000
1561000479378844 0.97518 0.22143 -0.00000 -222.29106 -0.22143 0.97518 0.00000 34.10432 0.00000 -0.00000 1.00000 0.00000
1561000479627125 0.97452 0.22432 -0.00000 -224.52018 -0.22432 0.97452 0.00000 34.71921 0.00000 -0.00000 1.00000 0.00000
1561000479876716 0.97404 0.22636 -0.00000 -226.75351 -0.22636 0.97404 0.00000 35.17292 0.00000 -0.00000 1.00000 0.00000
1561000480125473 0.97301 0.23078 -0.00000 -228.91584 -0.23078 0.97301 0.00000 36.16468 0.00000 -0.00000 1.00000 0.00000
1561000480374775 0.97226 0.23392 -0.00000 -231.17594 -0.23392 0.97226 0.00000 36.94541 0.00000 -0.00000 1.00000 0.00000
1561000480623560 0.97107 0.23878 -0.00000 -233.31396 -0.23878 0.97107 0.00000 38.05884 0.00000 -0.00000 1.00000 0.00000
1561000480870641 0.97008 0.24280 -0.00000 -235.50541 -0.24280 0.97008 0.00000 39.11847 0.00000 -0.00000 1.00000 0.00000
1561000481120367 0.96876 0.24800 -0.00000 -237.70782 -0.24800 0.96876 0.00000 40.31295 0.00000 -0.00000 1.00000 0.00000
1561000481366978 0.96801 0.25091 -0.00000 -239.88714 -0.25091 0.96801 0.00000 41.00168 0.00000 -0.00000 1.00000 0.00000
1561000481616133 0.96644 0.25690 -0.00000 -242.10564 -0.25690 0.96644 0.00000 42.54637 0.00000 -0.00000 1.00000 0.00000
1561000481866421 0.96474 0.26321 -0.00000 -244.25361 -0.26321 0.96474 0.00000 44.12627 0.00000 -0.00000 1.00000 0.00000
1561000482112963 0.96360 0.26733 -0.00000 -246.49713 -0.26733 0.96360 0.00000 45.16646 0.00000 -0.00000 1.00000 0.00000
1561000482362365 0.96244 0.27150 -0.00000 -248.77783 -0.27150 0.96244 0.00000 46.27058 0.00000 -0.00000 1.00000 0.00000
1561000482611024 0.96093 0.27678 -0.00000 -250.96636 -0.27678 0.96093 0.00000 47.62573 0.00000 -0.00000 1.00000 0.00000
1561000482859436 0.95992 0.28027 -0.00000 -253.25318 -0.28027 0.95992 0.00000 48.52030 0.00000 -0.00000 1.00000 0.00000
1561000483108000 0.95886 0.28388 -0.00000 -255.53206 -0.28388 0.95886 0.00000 49.43959 0.00000 -0.00000 1.00000 0.00000
1561000483358185 0.95861 0.28473 -0.00000 -258.00541 -0.28473 0.95861 0.00000 49.70371 0.00000 -0.00000 1.00000 0.00000
1561000483607228 0.95745 0.28859 -0.00000 -260.32264 -0.28859 0.95745 0.00000 50.71460 0.00000 -0.00000 1.00000 0.00000
1561000483855459 0.95681 0.29071 -0.00000 -262.63441 -0.29071 0.95681 0.00000 51.27531 0.00000 -0.00000 1.00000 0.00000
1561000484105565 0.95591 0.29366 -0.00000 -264.94941 -0.29366 0.95591 0.00000 52.07361 0.00000 -0.00000 1.00000 0.00000
1561000484355879 0.95521 0.29594 -0.00000 -267.21533 -0.29594 0.95521 0.00000 52.68359 0.00000 -0.00000 1.00000 0.00000
1561000484607632 0.95428 0.29891 -0.00000 -269.48545 -0.29891 0.95428 0.00000 53.51747 0.00000 -0.00000 1.00000 0.00000
1561000484855670 0.95352 0.30134 -0.00000 -271.70213 -0.30134 0.95352 0.00000 54.19757 0.00000 -0.00000 1.00000 0.00000
1561000485107056 0.95343 0.30162 -0.00000 -274.09211 -0.30162 0.95343 0.00000 54.26021 0.00000 -0.00000 1.00000 0.00000
1561000485357265 0.95218 0.30552 -0.00000 -276.17288 -0.30552 0.95218 0.00000 55.43731 0.00000 -0.00000 1.00000 0.00000
1561000485606059 0.95164 0.30720 -0.00000 -278.37736 -0.30720 0.95164 0.00000 55.84302 0.00000 -0.00000 1.00000 0.00000
1561000485855914 0.95095 0.30935 -0.00000 -280.47642 -0.30935 0.95095 0.00000 56.48836 0.00000 -0.00000 1.00000 0.00000
1561000486105793 0.94971 0.31314 -0.00000 -282.49925 -0.31314 0.94971 0.00000 57.61049 0.00000 -0.00000 1.00000 0.00000
1561000486356023 0.94859 0.31652 -0.00000 -284.40312 -0.31652 0.94859 0.00000 58.66914 0.00000 -0.00000 1.00000 0.00000
1561000486605821 0.94757 0.31954 -0.00000 -286.26725 -0.31954 0.94757 0.00000 59.52856 0.00000 -0.00000 1.00000 0.00000
1561000486855034 0.94648 0.32276 -0.00000 -288.07511 -0.32276 0.94648 0.00000 60.45271 0.00000 -0.00000 1.00000 0.00000
1561000487104650 0.94438 0.32887 -0.00000 -289.61087 -0.32887 0.94438 0.00000 62.43037 0.00000 -0.00000 1.00000 0.00000
1561000487355764 0.94242 0.33443 -0.00000 -291.21434 -0.33443 0.94242 0.00000 64.08031 0.00000 -0.00000 1.00000 0.00000
1561000487604426 0.94006 0.34101 -0.00000 -292.67847 -0.34101 0.94006 0.00000 66.07665 0.00000 -0.00000 1.00000 0.00000
1561000487853333 0.93780 0.34718 -0.00000 -294.09408 -0.34718 0.93780 0.00000 68.08490 0.00000 -0.00000 1.00000 0.00000
1561000488102970 0.93618 0.35153 -0.00000 -295.59982 -0.35153 0.93618 0.00000 69.38640 0.00000 -0.00000 1.00000 0.00000
1561000488353303 0.93411 0.35698 -0.00000 -297.02434 -0.35698 0.93411 0.00000 71.13613 0.00000 -0.00000 1.00000 0.00000
1561000488601939 0.93261 0.36089 -0.00000 -298.51201 -0.36089 0.93261 0.00000 72.34651 0.00000 -0.00000 1.00000 0.00000
1561000488851590 0.93253 0.36110 -0.00000 -300.25904 -0.36110 0.93253 0.00000 72.40454 0.00000 -0.00000 1.00000 0.00000
1561000489100383 0.93128 0.36429 -0.00000 -301.75367 -0.36429 0.93128 0.00000 73.40122 0.00000 -0.00000 1.00000 0.00000
1561000489349993 0.93160 0.36348 -0.00000 -303.52218 -0.36348 0.93160 0.00000 73.18638 0.00000 -0.00000 1.00000 0.00000
1561000489598667 0.93467 0.35552 -0.00000 -305.72949 -0.35552 0.93467 0.00000 70.56558 0.00000 -0.00000 1.00000 0.00000
1561000489848267 0.94010 0.34089 -0.00000 -308.30527 -0.34089 0.94010 0.00000 65.81123 0.00000 -0.00000 1.00000 0.00000
1561000490097367 0.94739 0.32008 -0.00000 -311.14482 -0.32008 0.94739 0.00000 59.04766 0.00000 -0.00000 1.00000 0.00000
1561000490346899 0.95905 0.28322 -0.00000 -314.59784 -0.28322 0.95905 0.00000 46.91542 0.00000 -0.00000 1.00000 0.00000
1561000490595732 0.97347 0.22884 -0.00000 -318.04205 -0.22884 0.97347 0.00000 29.31497 0.00000 -0.00000 1.00000 0.00000
1561000490847327 0.98735 0.15857 -0.00000 -320.50599 -0.15857 0.98735 0.00000 6.53208 0.00000 -0.00000 1.00000 0.00000
1561000491095033 0.99666 0.08171 -0.00000 -321.22251 -0.08171 0.99666 0.00000 -18.12225 0.00000 -0.00000 1.00000 0.00000
1561000491346093 0.99995 -0.00998 0.00000 -319.27619 0.00998 0.99995 -0.00000 -47.42703 -0.00000 0.00000 1.00000 0.00000
1561000491595361 0.99393 -0.11005 0.00000 -313.98961 0.11005 0.99393 -0.00000 -79.04127 -0.00000 0.00000 1.00000 0.00000
1561000491844124 0.97439 -0.22486 0.00000 -303.78879 0.22486 0.97439 -0.00000 -114.88529 -0.00000 0.00000 1.00000 0.00000
1561000492092937 0.93894 -0.34409 0.00000 -288.18437 0.34409 0.93894 -0.00000 -151.59123 -0.00000 0.00000 1.00000 0.00000
1561000492343725 0.88329 -0.46883 0.00000 -265.94456 0.46883 0.88329 -0.00000 -189.29242 -0.00000 0.00000 1.00000 0.00000
1561000492591695 0.80688 -0.59071 0.00000 -237.00261 0.59071 0.80688 -0.00000 -225.38519 -0.00000 0.00000 1.00000 0.00000
1561000492841061 0.71244 -0.70173 0.00000 -202.83020 0.70173 0.71244 -0.00000 -257.25838 -0.00000 0.00000 1.00000 0.00000
1561000493090115 0.59938 -0.80046 0.00000 -163.11400 0.80046 0.59938 -0.00000 -284.55545 -0.00000 0.00000 1.00000 0.00000
1561000493339874 0.47917 -0.87772 0.00000 -121.97826 0.87772 0.47917 -0.00000 -304.72774 -0.00000 0.00000 1.00000 0.00000
1561000493588818 0.35504 -0.93485 0.00000 -80.47044 0.93485 0.35504 -0.00000 -318.41465 -0.00000 0.00000 1.00000 0.00000
1561000493837382 0.24414 -0.96974 0.00000 -44.10019 0.96974 0.24414 -0.00000 -325.43652 -0.00000 0.00000 1.00000 0.00000
1561000494085943 0.16015 -0.98709 0.00000 -17.16005 0.98709 0.16015 -0.00000 -327.84169 -0.00000 0.00000 1.00000 0.00000
1561000494334607 0.11623 -0.99322 0.00000 -3.85567 0.99322 0.11623 -0.00000 -328.29362 -0.00000 0.00000 1.00000 0.00000
1561000494583785 0.09089 -0.99586 0.00000 2.98052 0.99586 0.09089 -0.00000 -328.37829 -0.00000 0.00000 1.00000 0.00000
1561000494831690 0.07563 -0.99714 0.00000 6.50730 0.99714 0.07563 -0.00000 -328.27574 -0.00000 0.00000 1.00000 0.00000
1561000495080401 0.06851 -0.99765 0.00000 7.38436 0.99765 0.06851 -0.00000 -328.20925 -0.00000 0.00000 1.00000 0.00000
1561000495329482 0.05782 -0.99833 0.00000 9.54372 0.99833 0.05782 -0.00000 -328.11550 -0.00000 0.00000 1.00000 0.00000
1561000495578160 0.05179 -0.99866 0.00000 10.00217 0.99866 0.05179 -0.00000 -328.07976 -0.00000 0.00000 1.00000 0.00000
1561000495826671 0.05568 -0.99845 0.00000 7.09746 0.99845 0.05568 -0.00000 -328.07174 -0.00000 0.00000 1.00000 0.00000
1561000496077519 0.06152 -0.99811 0.00000 3.51885 0.99811 0.06152 -0.00000 -328.12460 -0.00000 0.00000 1.00000 0.00000
1561000496325382 0.06383 -0.99796 0.00000 1.11935 0.99796 0.06383 -0.00000 -328.17596 -0.00000 0.00000 1.00000 0.00000
1561000496574033 0.06326 -0.99800 0.00000 -0.42934 0.99800 0.06326 -0.00000 -328.12763 -0.00000 0.00000 1.00000 0.00000
1561000496822812 0.06453 -0.99792 0.00000 -2.59701 0.99792 0.06453 -0.00000 -328.12491 -0.00000 0.00000 1.00000 0.00000
1561000497071469 0.06385 -0.99796 0.00000 -4.16357 0.99796 0.06385 -0.00000 -328.15685 -0.00000 0.00000 1.00000 0.00000
1561000497319987 0.06452 -0.99792 0.00000 -6.25305 0.99792 0.06452 -0.00000 -328.15301 -0.00000 0.00000 1.00000 0.00000
1561000497569198 0.06515 -0.99788 0.00000 -8.35284 0.99788 0.06515 -0.00000 -328.11209 -0.00000 0.00000 1.00000 0.00000
1561000497818140 0.06309 -0.99801 0.00000 -9.59976 0.99801 0.06309 -0.00000 -328.16047 -0.00000 0.00000 1.00000 0.00000
1561000498067011 0.06026 -0.99818 0.00000 -10.63439 0.99818 0.06026 -0.00000 -328.14135 -0.00000 0.00000 1.00000 0.00000
1561000498315736 0.06006 -0.99819 0.00000 -12.58307 0.99819 0.06006 -0.00000 -328.16041 -0.00000 0.00000 1.00000 0.00000
1561000498564888 0.05947 -0.99823 0.00000 -14.46869 0.99823 0.05947 -0.00000 -328.15523 -0.00000 0.00000 1.00000 0.00000
1561000498812965 0.05958 -0.99822 0.00000 -16.59545 0.99822 0.05958 -0.00000 -328.15237 -0.00000 0.00000 1.00000 0.00000
1561000499062066 0.06338 -0.99799 0.00000 -19.96383 0.99799 0.06338 -0.00000 -328.09380 -0.00000 0.00000 1.00000 0.00000
1561000499311038 0.06310 -0.99801 0.00000 -22.03606 0.99801 0.06310 -0.00000 -328.08672 -0.00000 0.00000 1.00000 0.00000
1561000499559641 0.06619 -0.99781 0.00000 -25.24743 0.99781 0.06619 -0.00000 -327.99460 -0.00000 0.00000 1.00000 0.00000
1561000499808736 0.06519 -0.99787 0.00000 -27.15373 0.99787 0.06519 -0.00000 -327.95614 -0.00000 0.00000 1.00000 0.00000
1561000500058177 0.06466 -0.99791 0.00000 -29.19479 0.99791 0.06466 -0.00000 -327.98044 -0.00000 0.00000 1.00000 0.00000
1561000500306236 0.06477 -0.99790 0.00000 -31.51479 0.99790 0.06477 -0.00000 -328.01886 -0.00000 0.00000 1.00000 0.00000
1561000500554493 0.06657 -0.99778 0.00000 -34.36082 0.99778 0.06657 -0.00000 -327.96425 -0.00000 0.00000 1.00000 0.00000
1561000500803151 0.06642 -0.99779 0.00000 -36.50963 0.99779 0.06642 -0.00000 -327.97013 -0.00000 0.00000 1.00000 0.00000
1561000501052399 0.06809 -0.99768 0.00000 -39.27262 0.99768 0.06809 -0.00000 -327.87935 -0.00000 0.00000 1.00000 0.00000
1561000501300405 0.06765 -0.99771 0.00000 -41.31640 0.99771 0.06765 -0.00000 -327.93802 -0.00000 0.00000 1.00000 0.00000
1561000501548683 0.06676 -0.99777 0.00000 -43.19145 0.99777 0.06676 -0.00000 -327.97604 -0.00000 0.00000 1.00000 0.00000
1561000501797420 0.06636 -0.99780 0.00000 -45.18839 0.99780 0.06636 -0.00000 -327.95105 -0.00000 0.00000 1.00000 0.00000
1561000502045587 0.06542 -0.99786 0.00000 -46.96602 0.99786 0.06542 -0.00000 -327.99801 -0.00000 0.00000 1.00000 0.00000
1561000502294218 0.06520 -0.99787 0.00000 -48.95729 0.99787 0.06520 -0.00000 -328.02288 -0.00000 0.00000 1.00000 0.00000
1561000502542698 0.06365 -0.99797 0.00000 -50.34958 0.99797 0.06365 -0.00000 -328.08240 -0.00000 0.00000 1.00000 0.00000
1561000502791208 0.06164 -0.99810 0.00000 -51.50187 0.99810 0.06164 -0.00000 -328.25231 -0.00000 0.00000 1.00000 0.00000
1561000503039928 0.06198 -0.99808 0.00000 -53.43471 0.99808 0.06198 -0.00000 -328.23880 -0.00000 0.00000 1.00000 0.00000
1561000503288553 0.06309 -0.99801 0.00000 -55.62506 0.99801 0.06309 -0.00000 -328.16346 -0.00000 0.00000 1.00000 0.00000
1561000503536966 0.06635 -0.99780 0.00000 -58.47492 0.99780 0.06635 -0.00000 -327.97158 -0.00000 0.00000 1.00000 0.00000
1561000503785986 0.06983 -0.99756 0.00000 -61.34671 0.99756 0.06983 -0.00000 -327.78576 -0.00000 0.00000 1.00000 0.00000
1561000504035525 0.07041 -0.99752 0.00000 -63.33116 0.99752 0.07041 -0.00000 -327.81260 -0.00000 0.00000 1.00000 0.00000
1561000504283553 0.07517 -0.99717 0.00000 -66.78720 0.99717 0.07517 -0.00000 -327.51053 -0.00000 0.00000 1.00000 0.00000
1561000504532585 0.07294 -0.99734 0.00000 -67.70772 0.99734 0.07294 -0.00000 -327.62319 -0.00000 0.00000 1.00000 0.00000
1561000504782610 0.07357 -0.99729 0.00000 -69.63748 0.99729 0.07357 -0.00000 -327.54334 -0.00000 0.00000 1.00000 0.00000
1561000505030858 0.07258 -0.99736 0.00000 -71.14366 0.99736 0.07258 -0.00000 -327.62842 -0.00000 0.00000 1.00000 0.00000
1561000505279647 0.07275 -0.99735 0.00000 -72.96533 0.99735 0.07275 -0.00000 -327.63908 -0.00000 0.00000 1.00000 0.00000
1561000505528361 0.07360 -0.99729 0.00000 -75.03694 0.99729 0.07360 -0.00000 -327.59410 -0.00000 0.00000 1.00000 0.00000
1561000505776839 0.07408 -0.99725 0.00000 -76.97146 0.99725 0.07408 -0.00000 -327.55075 -0.00000 0.00000 1.00000 0.00000
1561000506026467 0.07282 -0.99735 0.00000 -78.35080 0.99735 0.07282 -0.00000 -327.68983 -0.00000 0.00000 1.00000 0.00000
1561000506274435 0.07402 -0.99726 0.00000 -80.52898 0.99726 0.07402 -0.00000 -327.60331 -0.00000 0.00000 1.00000 0.00000
1561000506522728 0.07519 -0.99717 0.00000 -82.67762 0.99717 0.07519 -0.00000 -327.44043 -0.00000 0.00000 1.00000 0.00000
1561000506771484 0.07181 -0.99742 0.00000 -83.32900 0.99742 0.07181 -0.00000 -327.75225 -0.00000 0.00000 1.00000 0.00000
1561000507019403 0.07421 -0.99724 0.00000 -85.86056 0.99724 0.07421 -0.00000 -327.58248 -0.00000 0.00000 1.00000 0.00000
1561000507267492 0.07434 -0.99723 0.00000 -87.59564 0.99723 0.07434 -0.00000 -327.59495 -0.00000 0.00000 1.00000 0.00000
1561000507518284 0.07284 -0.99734 0.00000 -88.78863 0.99734 0.07284 -0.00000 -327.68051 -0.00000 0.00000 1.00000 0.00000
1561000507766170 0.07100 -0.99748 0.00000 -89.81576 0.99748 0.07100 -0.00000 -327.85928 -0.00000 0.00000 1.00000 0.00000
1561000508013903 0.06904 -0.99761 0.00000 -90.77473 0.99761 0.06904 -0.00000 -328.03136 -0.00000 0.00000 1.00000 0.00000
1561000508262180 0.07077 -0.99749 0.00000 -93.09449 0.99749 0.07077 -0.00000 -327.89947 -0.00000 0.00000 1.00000 0.00000
1561000508509641 0.07175 -0.99742 0.00000 -95.00781 0.99742 0.07175 -0.00000 -327.80266 -0.00000 0.00000 1.00000 0.00000
1561000508758606 0.06614 -0.99781 0.00000 -94.68836 0.99781 0.06614 -0.00000 -328.34062 -0.00000 0.00000 1.00000 0.00000
1561000509007129 0.06256 -0.99804 0.00000 -95.15637 0.99804 0.06256 -0.00000 -328.69408 -0.00000 0.00000 1.00000 0.00000
1561000509255537 0.06048 -0.99817 0.00000 -96.04841 0.99817 0.06048 -0.00000 -328.76552 -0.00000 0.00000 1.00000 0.00000
1561000509504245 0.06154 -0.99810 0.00000 -97.99137 0.99810 0.06154 -0.00000 -328.69207 -0.00000 0.00000 1.00000 0.00000
1561000509752852 0.06097 -0.99814 0.00000 -99.39738 0.99814 0.06097 -0.00000 -328.73324 -0.00000 0.00000 1.00000 0.00000
1561000510002366 0.06301 -0.99801 0.00000 -101.57190 0.99801 0.06301 -0.00000 -328.49791 -0.00000 0.00000 1.00000 0.00000
1561000510249360 0.06182 -0.99809 0.00000 -102.64831 0.99809 0.06182 -0.00000 -328.52709 -0.00000 0.00000 1.00000 0.00000
1561000510497742 0.06065 -0.99816 0.00000 -103.64229 0.99816 0.06065 -0.00000 -328.71863 -0.00000 0.00000 1.00000 0.00000
1561000510745578 0.06181 -0.99809 0.00000 -105.25679 0.99809 0.06181 -0.00000 -328.53688 -0.00000 0.00000 1.00000 0.00000
1561000510995224 0.06043 -0.99817 0.00000 -105.97687 0.99817 0.06043 -0.00000 -328.66445 -0.00000 0.00000 1.00000 0.00000
1561000511243813 0.06356 -0.99798 0.00000 -108.17252 0.99798 0.06356 -0.00000 -328.46400 -0.00000 0.00000 1.00000 0.00000
1561000511492329 0.06354 -0.99798 0.00000 -109.28228 0.99798 0.06354 -0.00000 -328.27412 -0.00000 0.00000 1.00000 0.00000
1561000511740688 0.06025 -0.99818 0.00000 -109.07368 0.99818 0.06025 -0.00000 -328.70906 -0.00000 0.00000 1.00000 0.00000
1561000511989413 0.05988 -0.99821 0.00000 -109.80847 0.99821 0.05988 -0.00000 -328.73232 -0.00000 0.00000 1.00000 0.00000
1561000512237795 0.06199 -0.99808 0.00000 -111.40442 0.99808 0.06199 -0.00000 -328.49837 -0.00000 0.00000 1.00000 0.00000
1561000512486134 0.06354 -0.99798 0.00000 -112.61652 0.99798 0.06354 -0.00000 -328.31997 -0.00000 0.00000 1.00000 0.00000
1561000512735063 0.06270 -0.99803 0.00000 -113.05957 0.99803 0.06270 -0.00000 -328.41616 -0.00000 0.00000 1.00000 0.00000
1561000512983185 0.06511 -0.99788 0.00000 -114.55812 0.99788 0.06511 -0.00000 -328.03274 -0.00000 0.00000 1.00000 0.00000
1561000513231889 0.06450 -0.99792 0.00000 -114.99211 0.99792 0.06450 -0.00000 -328.18363 -0.00000 0.00000 1.00000 0.00000
1561000513480731 0.06527 -0.99787 0.00000 -115.86337 0.99787 0.06527 -0.00000 -328.02428 -0.00000 0.00000 1.00000 0.00000
1561000513729669 0.06460 -0.99791 0.00000 -116.26437 0.99791 0.06460 -0.00000 -328.15803 -0.00000 0.00000 1.00000 0.00000
1561000513978253 0.06448 -0.99792 0.00000 -116.90524 0.99792 0.06448 -0.00000 -328.18470 -0.00000 0.00000 1.00000 0.00000
1561000514227208 0.06682 -0.99777 0.00000 -118.32302 0.99777 0.06682 -0.00000 -327.86631 -0.00000 0.00000 1.00000 0.00000
1561000514476332 0.06782 -0.99770 0.00000 -119.24867 0.99770 0.06782 -0.00000 -327.75304 -0.00000 0.00000 1.00000 0.00000
1561000514725267 0.06844 -0.99765 0.00000 -120.05931 0.99765 0.06844 -0.00000 -327.69808 -0.00000 0.00000 1.00000 0.00000
1561000514972584 0.06939 -0.99759 0.00000 -120.95401 0.99759 0.06939 -0.00000 -327.58470 -0.00000 0.00000 1.00000 0.00000
1561000515221715 0.07149 -0.99744 0.00000 -122.23478 0.99744 0.07149 -0.00000 -327.34706 -0.00000 0.00000 1.00000 0.00000
1561000515470307 0.07164 -0.99743 0.00000 -122.89144 0.99743 0.07164 -0.00000 -327.37325 -0.00000 0.00000 1.00000 0.00000
1561000515718448 0.07288 -0.99734 0.00000 -123.83730 0.99734 0.07288 -0.00000 -327.23482 -0.00000 0.00000 1.00000 0.00000
1561000515966886 0.07648 -0.99707 0.00000 -125.55501 0.99707 0.07648 -0.00000 -326.74613 -0.00000 0.00000 1.00000 0.00000
1561000516215963 0.07911 -0.99687 0.00000 -126.92344 0.99687 0.07911 -0.00000 -326.44499 -0.00000 0.00000 1.00000 0.00000
1561000516464636 0.07880 -0.99689 0.00000 -127.38626 0.99689 0.07880 -0.00000 -326.45383 -0.00000 0.00000 1.00000 0.00000
1561000516713821 0.07630 -0.99709 0.00000 -127.15801 0.99709 0.07630 -0.00000 -326.77171 -0.00000 0.00000 1.00000 0.00000
1561000516961938 0.07212 -0.99740 0.00000 -126.38470 0.99740 0.07212 -0.00000 -327.32170 -0.00000 0.00000 1.00000 0.00000
1561000517211616 0.06853 -0.99765 0.00000 -125.85537 0.99765 0.06853 -0.00000 -327.73457 -0.00000 0.00000 1.00000 0.00000
1561000517460275 0.05818 -0.99831 0.00000 -123.14804 0.99831 0.05818 -0.00000 -328.99964 -0.00000 0.00000 1.00000 0.00000
1561000517709473 0.04216 -0.99911 0.00000 -118.52767 0.99911 0.04216 -0.00000 -330.89903 -0.00000 0.00000 1.00000 0.00000
1561000517957895 0.01230 -0.99992 0.00000 -109.36224 0.99992 0.01230 -0.00000 -334.23713 -0.00000 0.00000 1.00000 0.00000
1561000518208302 -0.02459 -0.99970 0.00000 -97.80542 0.99970 -0.02459 0.00000 -338.02484 0.00000 0.00000 1.00000 0.00000
1561000518456073 -0.06801 -0.99768 0.00000 -83.87837 0.99768 -0.06801 0.00000 -341.90685 0.00000 0.00000 1.00000 0.00000
1561000518704360 -0.12179 -0.99256 0.00000 -66.21098 0.99256 -0.12179 0.00000 -345.90397 0.00000 0.00000 1.00000 0.00000
1561000518952738 -0.18244 -0.98322 0.00000 -45.80462 0.98322 -0.18244 0.00000 -349.29635 0.00000 0.00000 1.00000 0.00000
1561000519201414 -0.24360 -0.96988 0.00000 -24.84945 0.96988 -0.24360 0.00000 -351.44736 0.00000 0.00000 1.00000 0.00000
1561000519450184 -0.30579 -0.95210 0.00000 -3.18770 0.95210 -0.30579 0.00000 -352.36056 0.00000 0.00000 1.00000 0.00000
1561000519698791 -0.36988 -0.92908 0.00000 19.74221 0.92908 -0.36988 0.00000 -351.76761 0.00000 0.00000 1.00000 0.00000
1561000519946740 -0.42788 -0.90383 0.00000 40.88914 0.90383 -0.42788 0.00000 -349.69874 0.00000 0.00000 1.00000 0.00000
1561000520194963 -0.47832 -0.87819 0.00000 59.55875 0.87819 -0.47832 0.00000 -346.73671 0.00000 0.00000 1.00000 0.00000
1561000520443529 -0.52951 -0.84831 0.00000 78.80628 0.84831 -0.52951 0.00000 -342.53236 0.00000 0.00000 1.00000 0.00000
1561000520692718 -0.57588 -0.81753 0.00000 96.65152 0.81753 -0.57588 0.00000 -337.54525 0.00000 0.00000 1.00000 0.00000
1561000520941216 -0.61938 -0.78509 0.00000 113.63370 0.78509 -0.61938 0.00000 -331.85060 0.00000 0.00000 1.00000 0.00000
1561000521190042 -0.65697 -0.75391 0.00000 128.45984 0.75391 -0.65697 0.00000 -325.83173 0.00000 0.00000 1.00000 0.00000
1561000521438428 -0.68939 -0.72439 0.00000 141.31231 0.72439 -0.68939 0.00000 -319.77493 0.00000 0.00000 1.00000 0.00000
1561000521686973 -0.72009 -0.69388 0.00000 153.67514 0.69388 -0.72009 0.00000 -313.37392 0.00000 0.00000 1.00000 0.00000
1561000521936232 -0.74974 -0.66173 0.00000 165.84057 0.66173 -0.74974 0.00000 -306.33249 0.00000 0.00000 1.00000 0.00000
1561000522184825 -0.77696 -0.62955 0.00000 177.11011 0.62955 -0.77696 0.00000 -299.00895 0.00000 0.00000 1.00000 0.00000
1561000522434006 -0.80183 -0.59755 0.00000 187.62183 0.59755 -0.80183 0.00000 -291.57142 0.00000 0.00000 1.00000 0.00000
1561000522682510 -0.82465 -0.56565 0.00000 197.37252 0.56565 -0.82465 0.00000 -283.97483 0.00000 0.00000 1.00000 0.00000
1561000522930740 -0.84562 -0.53378 0.00000 206.48100 0.53378 -0.84562 0.00000 -276.19099 0.00000 0.00000 1.00000 0.00000
1561000523179422 -0.86579 -0.50041 0.00000 215.40888 0.50041 -0.86579 0.00000 -267.93491 0.00000 0.00000 1.00000 0.00000
1561000523427524 -0.88500 -0.46559 0.00000 224.20808 0.46559 -0.88500 0.00000 -259.06738 0.00000 0.00000 1.00000 0.00000
1561000523677368 -0.90240 -0.43090 0.00000 232.43959 0.43090 -0.90240 0.00000 -250.15392 0.00000 0.00000 1.00000 0.00000
1561000523925798 -0.91528 -0.40282 0.00000 238.42733 0.40282 -0.91528 0.00000 -242.84108 0.00000 0.00000 1.00000 0.00000
1561000524172970 -0.92633 -0.37671 0.00000 243.50425 0.37671 -0.92633 0.00000 -235.99519 0.00000 0.00000 1.00000 0.00000
1561000524421854 -0.93379 -0.35782 0.00000 246.55265 0.35782 -0.93379 0.00000 -230.99415 0.00000 0.00000 1.00000 0.00000
1561000524670398 -0.93702 -0.34928 0.00000 246.87607 0.34928 -0.93702 0.00000 -228.75565 0.00000 0.00000 1.00000 0.00000
1561000524918014 -0.93869 -0.34475 0.00000 246.21116 0.34475 -0.93869 0.00000 -227.57487 0.00000 0.00000 1.00000 0.00000
1561000525167246 -0.94029 -0.34039 0.00000 245.54907 0.34039 -0.94029 0.00000 -226.41295 0.00000 0.00000 1.00000 0.00000
1561000525415724 -0.94074 -0.33912 0.00000 243.87733 0.33912 -0.94074 0.00000 -226.11026 0.00000 0.00000 1.00000 0.00000
1561000525663724 -0.94065 -0.33937 0.00000 242.06271 0.33937 -0.94065 0.00000 -226.18069 0.00000 0.00000 1.00000 0.00000
1561000525913211 -0.94159 -0.33676 0.00000 240.84870 0.33676 -0.94159 0.00000 -225.55465 0.00000 0.00000 1.00000 0.00000
1561000526163307 -0.94176 -0.33628 0.00000 238.96794 0.33628 -0.94176 0.00000 -225.42949 0.00000 0.00000 1.00000 0.00000
1561000526414617 -0.94127 -0.33767 0.00000 236.66958 0.33767 -0.94127 0.00000 -225.74043 0.00000 0.00000 1.00000 0.00000
1561000526665710 -0.93990 -0.34146 0.00000 233.78514 0.34146 -0.93990 0.00000 -226.73480 0.00000 0.00000 1.00000 0.00000
1561000526916227 -0.93959 -0.34230 0.00000 231.53449 0.34230 -0.93959 0.00000 -226.95590 0.00000 0.00000 1.00000 0.00000
1561000527166829 -0.93877 -0.34454 0.00000 228.92354 0.34454 -0.93877 0.00000 -227.51675 0.00000 0.00000 1.00000 0.00000
1561000527417714 -0.93869 -0.34477 0.00000 226.75422 0.34477 -0.93869 0.00000 -227.57605 0.00000 0.00000 1.00000 0.00000
1561000527668435 -0.93882 -0.34441 0.00000 224.73965 0.34441 -0.93882 0.00000 -227.50119 0.00000 0.00000 1.00000 0.00000
1561000527918860 -0.93864 -0.34489 0.00000 222.45880 0.34489 -0.93864 0.00000 -227.64020 0.00000 0.00000 1.00000 0.00000
1561000528169999 -0.93860 -0.34502 0.00000 220.24173 0.34502 -0.93860 0.00000 -227.70862 0.00000 0.00000 1.00000 0.00000
1561000528420228 -0.93898 -0.34398 0.00000 218.26232 0.34398 -0.93898 0.00000 -227.40654 0.00000 0.00000 1.00000 0.00000
1561000528670614 -0.93846 -0.34539 0.00000 215.70788 0.34539 -0.93846 0.00000 -227.73657 0.00000 0.00000 1.00000 0.00000
1561000528921762 -0.93888 -0.34425 0.00000 213.65455 0.34425 -0.93888 0.00000 -227.45660 0.00000 0.00000 1.00000 0.00000
1561000529172457 -0.93913 -0.34357 0.00000 211.52643 0.34357 -0.93913 0.00000 -227.33126 0.00000 0.00000 1.00000 0.00000
1561000529422664 -0.93837 -0.34564 0.00000 208.63706 0.34564 -0.93837 0.00000 -227.78183 0.00000 0.00000 1.00000 0.00000
1561000529673344 -0.93855 -0.34513 0.00000 206.44903 0.34513 -0.93855 0.00000 -227.70207 0.00000 0.00000 1.00000 0.00000
1561000529924123 -0.93751 -0.34795 0.00000 203.43498 0.34795 -0.93751 0.00000 -228.32589 0.00000 0.00000 1.00000 0.00000
1561000530174548 -0.93546 -0.35342 0.00000 199.69304 0.35342 -0.93546 0.00000 -229.52421 0.00000 0.00000 1.00000 0.00000
1561000530425589 -0.93391 -0.35751 0.00000 196.30435 0.35751 -0.93391 0.00000 -230.41705 0.00000 0.00000 1.00000 0.00000
1561000530675455 -0.93048 -0.36633 0.00000 191.73474 0.36633 -0.93048 0.00000 -232.25245 0.00000 0.00000 1.00000 0.00000
1561000530927043 -0.92849 -0.37136 0.00000 188.08405 0.37136 -0.92849 0.00000 -233.26264 0.00000 0.00000 1.00000 0.00000
1561000531177380 -0.92478 -0.38050 0.00000 183.34688 0.38050 -0.92478 0.00000 -235.11909 0.00000 0.00000 1.00000 0.00000
1561000531427599 -0.92124 -0.38900 0.00000 178.76936 0.38900 -0.92124 0.00000 -236.79210 0.00000 0.00000 1.00000 0.00000
1561000531678707 -0.91740 -0.39797 0.00000 174.05036 0.39797 -0.91740 0.00000 -238.56152 0.00000 0.00000 1.00000 0.00000
1561000531929042 -0.91377 -0.40624 0.00000 169.40939 0.40624 -0.91377 0.00000 -240.19216 0.00000 0.00000 1.00000 0.00000
1561000532183767 -0.90966 -0.41536 0.00000 164.59108 0.41536 -0.90966 0.00000 -241.89542 0.00000 0.00000 1.00000 0.00000
1561000532430064 -0.90564 -0.42404 0.00000 159.80282 0.42404 -0.90564 0.00000 -243.49864 0.00000 0.00000 1.00000 0.00000
1561000532680169 -0.90101 -0.43381 0.00000 154.69963 0.43381 -0.90101 0.00000 -245.21635 0.00000 0.00000 1.00000 0.00000
1561000532931005 -0.89640 -0.44325 0.00000 149.66501 0.44325 -0.89640 0.00000 -246.82844 0.00000 0.00000 1.00000 0.00000
1561000533181895 -0.89147 -0.45307 0.00000 144.48390 0.45307 -0.89147 0.00000 -248.48716 0.00000 0.00000 1.00000 0.00000
1561000533430693 -0.88603 -0.46363 0.00000 139.02895 0.46363 -0.88603 0.00000 -250.19606 0.00000 0.00000 1.00000 0.00000
1561000533679593 -0.87835 -0.47801 0.00000 132.46096 0.47801 -0.87835 0.00000 -252.46086 0.00000 0.00000 1.00000 0.00000
1561000533927904 -0.87120 -0.49092 0.00000 126.24414 0.49092 -0.87120 0.00000 -254.44583 0.00000 0.00000 1.00000 0.00000
1561000534176940 -0.86328 -0.50472 0.00000 119.70961 0.50472 -0.86328 0.00000 -256.41768 0.00000 0.00000 1.00000 0.00000
1561000534425502 -0.85568 -0.51751 0.00000 113.38279 0.51751 -0.85568 0.00000 -258.17325 0.00000 0.00000 1.00000 0.00000
1561000534674038 -0.84871 -0.52885 0.00000 107.41136 0.52885 -0.84871 0.00000 -259.63945 0.00000 0.00000 1.00000 0.00000
1561000534922322 -0.84146 -0.54032 0.00000 101.38710 0.54032 -0.84146 0.00000 -261.12746 0.00000 0.00000 1.00000 0.00000
1561000535170077 -0.83470 -0.55071 0.00000 95.62271 0.55071 -0.83470 0.00000 -262.39558 0.00000 0.00000 1.00000 0.00000
1561000535418260 -0.82697 -0.56224 0.00000 89.46939 0.56224 -0.82697 0.00000 -263.76354 0.00000 0.00000 1.00000 0.00000
