0.972 0.236 0. -1.497 0.236 -0.972 0. 1.116 0. 0. -1. 0.
0.972 0.236 0. -1.497 0.236 -0.972 0. 1.116 0. 0. -1. 0.
0.972 0.236 0. -1.497 0.236 -0.972 0. 1.116 0. 0. -1. 0.
0.972 0.236 0. -1.497 0.236 -0.972 0. 1.116 0. 0. -1. 0.
0.972 0.236 0. -1.497 0.236 -0.972 0. 1.116 0. 0. -1. 0.
0.972 0.236 0. -1.497 0.236 -0.972 0. 1.116 0. 0. -1. 0.
0.972 0.236 0. -1.497 0.236 -0.972 0. 1.116 0. 0. -1. 0.
0.972 0.236 0. -1.497 0.236 -0.972 0. 1.116 0. 0. -1. 0.
0.972 0.236 0. -1.497 0.236 -0.972 0. 1.116 0. 0. -1. 0.
0.972 0.236 0. -1.497 0.236 -0.972 0. 1.116 0. 0. -1. 0.
0.972 0.236 0. -1.497 0.236 -0.972 0. 1.116 0. 0. -1. 0.
0.972 0.236 0. -1.497 0.236 -0.972 0. 1.116 0. 0. -1. 0.
0.972 0.236 0. -1.497 0.236 -0.972 0. 1.116 0. 0. -1. 0.
0.972 0.236 0. -1.496 0.236 -0.972 0. 1.116 0. 0. -1. 0.
0.972 0.235 0. -1.484 0.235 -0.972 0. 1.118 0. 0. -1. 0.
0.973 0.233 0. -1.446 0.233 -0.973 0. 1.124 0. 0. -1. 0.
0.974 0.228 0. -1.396 0.228 -0.974 0. 1.133 0. 0. -1. 0.
0.976 0.220 0. -1.329 0.220 -0.976 0. 1.140 0. 0. -1. 0.
0.978 0.207 0. -1.239 0.207 -0.978 0. 1.147 0. 0. -1. 0.
0.982 0.188 0. -1.104 0.188 -0.982 0. 1.159 0. 0. -1. 0.
0.987 0.161 0. -0.890 0.161 -0.987 0. 1.178 0. 0. -1. 0.
0.991 0.131 0. -0.573 0.131 -0.991 0. 1.189 0. 0. -1. 0.
0.995 0.098 0. -0.172 0.098 -0.995 0. 1.212 0. 0. -1. 0.
0.998 0.068 0. 0.328 0.068 -0.998 0. 1.229 0. 0. -1. 0.
0.999 0.047 0. 0.919 0.047 -0.999 0. 1.222 0. 0. -1. 0.
0.999 0.036 0. 1.595 0.036 -0.999 0. 1.223 0. 0. -1. 0.
0.999 0.035 0. 2.353 0.035 -0.999 0. 1.246 0. 0. -1. 0.
0.999 0.040 0. 3.199 0.040 -0.999 0. 1.270 0. 0. -1. 0.
0.999 0.045 0. 4.109 0.045 -0.999 0. 1.301 0. 0. -1. 0.
0.999 0.052 0. 5.080 0.052 -0.999 0. 1.360 0. 0. -1. 0.
0.998 0.058 0. 6.097 0.058 -0.998 0. 1.409 0. 0. -1. 0.
0.998 0.064 0. 7.186 0.064 -0.998 0. 1.487 0. 0. -1. 0.
0.997 0.073 0. 8.311 0.073 -0.997 0. 1.557 0. 0. -1. 0.
0.996 0.084 0. 9.460 0.084 -0.996 0. 1.637 0. 0. -1. 0.
0.995 0.096 0. 10.642 0.096 -0.995 0. 1.738 0. 0. -1. 0.
0.994 0.108 0. 11.882 0.108 -0.994 0. 1.839 0. 0. -1. 0.
0.993 0.120 0. 13.182 0.120 -0.993 0. 1.968 0. 0. -1. 0.
0.991 0.134 0. 14.479 0.134 -0.991 0. 2.103 0. 0. -1. 0.
0.989 0.150 0. 15.864 0.150 -0.989 0. 2.274 0. 0. -1. 0.
0.986 0.165 0. 17.316 0.165 -0.986 0. 2.484 0. 0. -1. 0.
0.985 0.171 0. 18.781 0.171 -0.985 0. 2.714 0. 0. -1. 0.
0.986 0.168 0. 20.326 0.168 -0.986 0. 2.955 0. 0. -1. 0.
0.986 0.165 0. 21.899 0.165 -0.986 0. 3.181 0. 0. -1. 0.
0.987 0.162 0. 23.484 0.162 -0.987 0. 3.414 0. 0. -1. 0.
0.987 0.161 0. 25.074 0.161 -0.987 0. 3.634 0. 0. -1. 0.
0.987 0.159 0. 26.680 0.159 -0.987 0. 3.849 0. 0. -1. 0.
0.987 0.159 0. 28.258 0.159 -0.987 0. 4.078 0. 0. -1. 0.
0.987 0.158 0. 29.856 0.158 -0.987 0. 4.292 0. 0. -1. 0.
0.989 0.149 0. 31.468 0.149 -0.989 0. 4.515 0. 0. -1. 0.
0.990 0.140 0. 33.030 0.140 -0.990 0. 4.713 0. 0. -1. 0.
0.989 0.145 0. 34.653 0.145 -0.989 0. 4.903 0. 0. -1. 0.
0.986 0.167 0. 36.278 0.167 -0.986 0. 5.150 0. 0. -1. 0.
0.981 0.194 0. 37.857 0.194 -0.981 0. 5.417 0. 0. -1. 0.
0.976 0.216 0. 39.466 0.216 -0.976 0. 5.740 0. 0. -1. 0.
0.973 0.231 0. 41.103 0.231 -0.973 0. 6.087 0. 0. -1. 0.
0.970 0.245 0. 42.720 0.245 -0.970 0. 6.462 0. 0. -1. 0.
0.968 0.253 0. 44.355 0.253 -0.968 0. 6.850 0. 0. -1. 0.
0.966 0.259 0. 46. 0.259 -0.966 0. 7.254 0. 0. -1. 0.
0.965 0.263 0. 47.655 0.263 -0.965 0. 7.677 0. 0. -1. 0.
0.964 0.266 0. 49.349 0.266 -0.964 0. 8.108 0. 0. -1. 0.
0.964 0.267 0. 51.089 0.267 -0.964 0. 8.531 0. 0. -1. 0.
0.963 0.270 0. 52.808 0.270 -0.963 0. 8.976 0. 0. -1. 0.
0.963 0.271 0. 54.582 0.271 -0.963 0. 9.425 0. 0. -1. 0.
0.962 0.273 0. 56.405 0.273 -0.962 0. 9.901 0. 0. -1. 0.
0.962 0.275 0. 58.238 0.275 -0.962 0. 10.369 0. 0. -1. 0.
0.962 0.275 0. 60.101 0.275 -0.962 0. 10.854 0. 0. -1. 0.
0.962 0.273 0. 61.980 0.273 -0.962 0. 11.354 0. 0. -1. 0.
0.962 0.271 0. 63.881 0.271 -0.962 0. 11.863 0. 0. -1. 0.
0.963 0.268 0. 65.787 0.268 -0.963 0. 12.362 0. 0. -1. 0.
0.964 0.266 0. 67.699 0.266 -0.964 0. 12.848 0. 0. -1. 0.
0.965 0.263 0. 69.620 0.263 -0.965 0. 13.332 0. 0. -1. 0.
0.966 0.260 0. 71.535 0.260 -0.966 0. 13.810 0. 0. -1. 0.
0.967 0.255 0. 73.452 0.255 -0.967 0. 14.281 0. 0. -1. 0.
0.970 0.245 0. 75.367 0.245 -0.970 0. 14.730 0. 0. -1. 0.
0.973 0.230 0. 77.253 0.230 -0.973 0. 15.171 0. 0. -1. 0.
0.979 0.202 0. 79.167 0.202 -0.979 0. 15.561 0. 0. -1. 0.
0.986 0.165 0. 81.092 0.165 -0.986 0. 15.869 0. 0. -1. 0.
0.993 0.115 0. 82.984 0.115 -0.993 0. 16.089 0. 0. -1. 0.
0.998 0.061 0. 84.892 0.061 -0.998 0. 16.202 0. 0. -1. 0.
1. 0.006 0. 86.815 0.006 -1. 0. 16.215 0. 0. -1. 0.
0.999 -0.051 0. 88.706 -0.051 -0.999 -0. 16.120 0. 0. -1. 0.
0.994 -0.106 0. 90.569 -0.106 -0.994 -0. 15.901 0. 0. -1. 0.
0.987 -0.162 0. 92.398 -0.162 -0.987 -0. 15.600 0. 0. -1. 0.
0.976 -0.219 0. 94.214 -0.219 -0.976 -0. 15.192 0. 0. -1. 0.
0.961 -0.277 0. 95.978 -0.277 -0.961 -0. 14.688 0. 0. -1. 0.
0.942 -0.337 0. 97.709 -0.337 -0.942 -0. 14.060 0. 0. -1. 0.
0.917 -0.399 0. 99.403 -0.399 -0.917 -0. 13.337 0. 0. -1. 0.
0.888 -0.460 0. 101.054 -0.460 -0.888 -0. 12.480 0. 0. -1. 0.
0.852 -0.523 0. 102.628 -0.523 -0.852 -0. 11.528 0. 0. -1. 0.
0.811 -0.585 0. 104.108 -0.585 -0.811 -0. 10.450 0. 0. -1. 0.
0.765 -0.644 0. 105.509 -0.644 -0.765 -0. 9.259 0. 0. -1. 0.
0.716 -0.698 0. 106.838 -0.698 -0.716 -0. 7.988 0. 0. -1. 0.
0.667 -0.745 0. 108.045 -0.745 -0.667 -0. 6.625 0. 0. -1. 0.
0.625 -0.780 0. 109.192 -0.780 -0.625 -0. 5.146 0. 0. -1. 0.
0.595 -0.804 0. 110.289 -0.804 -0.595 -0. 3.596 0. 0. -1. 0.
0.572 -0.820 0. 111.354 -0.820 -0.572 -0. 2.002 0. 0. -1. 0.
0.559 -0.829 0. 112.427 -0.829 -0.559 -0. 0.379 0. 0. -1. 0.
0.550 -0.835 0. 113.511 -0.835 -0.550 -0. -1.269 0. 0. -1. 0.
0.547 -0.837 0. 114.605 -0.837 -0.547 -0. -2.957 0. 0. -1. 0.
0.550 -0.835 0. 115.718 -0.835 -0.550 -0. -4.667 0. 0. -1. 0.
0.555 -0.832 0. 116.826 -0.832 -0.555 -0. -6.387 0. 0. -1. 0.
0.563 -0.827 0. 117.935 -0.827 -0.563 -0. -8.116 0. 0. -1. 0.
0.575 -0.818 0. 119.069 -0.818 -0.575 -0. -9.817 0. 0. -1. 0.
0.596 -0.803 0. 120.242 -0.803 -0.596 -0. -11.492 0. 0. -1. 0.
0.622 -0.783 0. 121.468 -0.783 -0.622 -0. -13.120 0. 0. -1. 0.
0.647 -0.763 0. 122.721 -0.763 -0.647 -0. -14.698 0. 0. -1. 0.
0.669 -0.743 0. 124.023 -0.743 -0.669 -0. -16.249 0. 0. -1. 0.
0.687 -0.726 0. 125.349 -0.726 -0.687 -0. -17.733 0. 0. -1. 0.
0.700 -0.714 0. 126.688 -0.714 -0.700 -0. -19.169 0. 0. -1. 0.
0.708 -0.706 0. 128.053 -0.706 -0.708 -0. -20.588 0. 0. -1. 0.
0.715 -0.699 0. 129.416 -0.699 -0.715 -0. -21.987 0. 0. -1. 0.
0.720 -0.694 0. 130.763 -0.694 -0.720 -0. -23.326 0. 0. -1. 0.
0.719 -0.695 0. 132.110 -0.695 -0.719 -0. -24.672 0. 0. -1. 0.
0.714 -0.700 0. 133.426 -0.700 -0.714 -0. -26.027 0. 0. -1. 0.
0.713 -0.701 0. 134.700 -0.701 -0.713 -0. -27.334 0. 0. -1. 0.
0.711 -0.703 0. 136.001 -0.703 -0.711 -0. -28.675 0. 0. -1. 0.
0.710 -0.704 0. 137.263 -0.704 -0.710 -0. -29.982 0. 0. -1. 0.
0.711 -0.704 0. 138.500 -0.704 -0.711 -0. -31.258 0. 0. -1. 0.
0.711 -0.703 0. 139.745 -0.703 -0.711 -0. -32.532 0. 0. -1. 0.
0.716 -0.698 0. 140.961 -0.698 -0.716 -0. -33.791 0. 0. -1. 0.
0.726 -0.688 0. 142.151 -0.688 -0.726 -0. -34.978 0. 0. -1. 0.
0.744 -0.668 0. 143.347 -0.668 -0.744 -0. -36.117 0. 0. -1. 0.
0.768 -0.641 0. 144.575 -0.641 -0.768 -0. -37.173 0. 0. -1. 0.
0.798 -0.603 0. 145.780 -0.603 -0.798 -0. -38.140 0. 0. -1. 0.
0.833 -0.554 0. 147.011 -0.554 -0.833 -0. -38.992 0. 0. -1. 0.
0.870 -0.494 0. 148.231 -0.494 -0.870 -0. -39.742 0. 0. -1. 0.
0.906 -0.424 0. 149.445 -0.424 -0.906 -0. -40.361 0. 0. -1. 0.
0.940 -0.341 0. 150.633 -0.341 -0.940 -0. -40.858 0. 0. -1. 0.
0.969 -0.247 0. 151.782 -0.247 -0.969 -0. -41.174 0. 0. -1. 0.
0.990 -0.144 0. 152.878 -0.144 -0.990 -0. -41.353 0. 0. -1. 0.
1.000 -0.031 0. 153.909 -0.031 -1.000 -0. -41.388 0. 0. -1. 0.
0.996 0.090 0. 154.877 0.090 -0.996 0. -41.316 0. 0. -1. 0.
0.975 0.221 0. 155.785 0.221 -0.975 0. -41.109 0. 0. -1. 0.
0.933 0.359 0. 156.619 0.359 -0.933 0. -40.794 0. 0. -1. 0.
0.866 0.500 0. 157.378 0.500 -0.866 0. -40.345 0. 0. -1. 0.
0.775 0.632 0. 158.046 0.632 -0.775 0. -39.795 0. 0. -1. 0.
0.660 0.752 0. 158.606 0.752 -0.660 0. -39.147 0. 0. -1. 0.
0.520 0.854 0. 159.027 0.854 -0.520 0. -38.424 0. 0. -1. 0.
0.361 0.933 0. 159.319 0.933 -0.361 0. -37.640 0. 0. -1. 0.
0.182 0.983 0. 159.469 0.983 -0.182 0. -36.799 0. 0. -1. 0.
-0.004 1. 0. 159.457 1. 0.004 0. -35.923 0. 0. -1. 0.
-0.198 0.980 0. 159.283 0.980 0.198 0. -35.031 0. 0. -1. 0.
-0.387 0.922 0. 158.912 0.922 0.387 0. -34.160 0. 0. -1. 0.
-0.555 0.832 0. 158.374 0.832 0.555 0. -33.350 0. 0. -1. 0.
-0.690 0.723 0. 157.678 0.723 0.690 0. -32.608 0. 0. -1. 0.
-0.792 0.610 0. 156.842 0.610 0.792 0. -31.961 0. 0. -1. 0.
-0.862 0.507 0. 155.907 0.507 0.862 0. -31.394 0. 0. -1. 0.
-0.907 0.421 0. 154.871 0.421 0.907 0. -30.901 0. 0. -1. 0.
-0.935 0.356 0. 153.760 0.356 0.935 0. -30.453 0. 0. -1. 0.
-0.951 0.310 0. 152.583 0.310 0.951 0. -30.045 0. 0. -1. 0.
-0.961 0.275 0. 151.332 0.275 0.961 0. -29.665 0. 0. -1. 0.
-0.967 0.255 0. 149.999 0.255 0.967 0. -29.288 0. 0. -1. 0.
-0.969 0.245 0. 148.606 0.245 0.969 0. -28.914 0. 0. -1. 0.
-0.969 0.246 0. 147.170 0.246 0.969 0. -28.526 0. 0. -1. 0.
-0.966 0.260 0. 145.687 0.260 0.966 0. -28.110 0. 0. -1. 0.
-0.958 0.287 0. 144.139 0.287 0.958 0. -27.632 0. 0. -1. 0.
-0.945 0.327 0. 142.586 0.327 0.945 0. -27.070 0. 0. -1. 0.
-0.930 0.369 0. 141.016 0.369 0.930 0. -26.419 0. 0. -1. 0.
-0.911 0.413 0. 139.443 0.413 0.911 0. -25.682 0. 0. -1. 0.
-0.889 0.459 0. 137.887 0.459 0.889 0. -24.855 0. 0. -1. 0.
-0.865 0.501 0. 136.353 0.501 0.865 0. -23.949 0. 0. -1. 0.
-0.843 0.538 0. 134.835 0.538 0.843 0. -22.966 0. 0. -1. 0.
-0.820 0.573 0. 133.331 0.573 0.820 0. -21.900 0. 0. -1. 0.
-0.795 0.607 0. 131.835 0.607 0.795 0. -20.721 0. 0. -1. 0.
-0.771 0.637 0. 130.397 0.637 0.771 0. -19.462 0. 0. -1. 0.
-0.751 0.660 0. 128.943 0.660 0.751 0. -18.159 0. 0. -1. 0.
-0.729 0.685 0. 127.523 0.685 0.729 0. -16.816 0. 0. -1. 0.
-0.705 0.709 0. 126.122 0.709 0.705 0. -15.424 0. 0. -1. 0.
-0.677 0.736 0. 124.756 0.736 0.677 0. -13.927 0. 0. -1. 0.
-0.648 0.762 0. 123.473 0.762 0.648 0. -12.387 0. 0. -1. 0.
-0.620 0.784 0. 122.273 0.784 0.620 0. -10.789 0. 0. -1. 0.
-0.600 0.800 0. 121.090 0.800 0.600 0. -9.142 0. 0. -1. 0.
-0.581 0.814 0. 119.950 0.814 0.581 0. -7.500 0. 0. -1. 0.
-0.567 0.824 0. 118.839 0.824 0.567 0. -5.829 0. 0. -1. 0.
-0.555 0.832 0. 117.766 0.832 0.555 0. -4.147 0. 0. -1. 0.
-0.552 0.834 0. 116.705 0.834 0.552 0. -2.460 0. 0. -1. 0.
-0.558 0.830 0. 115.642 0.830 0.558 0. -0.775 0. 0. -1. 0.
-0.575 0.818 0. 114.560 0.818 0.575 0. 0.881 0. 0. -1. 0.
-0.600 0.800 0. 113.436 0.800 0.600 0. 2.488 0. 0. -1. 0.
-0.631 0.776 0. 112.252 0.776 0.631 0. 4.051 0. 0. -1. 0.
-0.664 0.748 0. 111.015 0.748 0.664 0. 5.548 0. 0. -1. 0.
-0.697 0.717 0. 109.716 0.717 0.697 0. 6.989 0. 0. -1. 0.
-0.732 0.681 0. 108.373 0.681 0.732 0. 8.318 0. 0. -1. 0.
-0.768 0.640 0. 106.971 0.640 0.768 0. 9.577 0. 0. -1. 0.
-0.806 0.592 0. 105.507 0.592 0.806 0. 10.752 0. 0. -1. 0.
-0.843 0.538 0. 103.991 0.538 0.843 0. 11.802 0. 0. -1. 0.
-0.878 0.480 0. 102.417 0.480 0.878 0. 12.763 0. 0. -1. 0.
-0.908 0.419 0. 100.788 0.419 0.908 0. 13.592 0. 0. -1. 0.
-0.934 0.357 0. 99.101 0.357 0.934 0. 14.309 0. 0. -1. 0.
-0.956 0.293 0. 97.395 0.293 0.956 0. 14.900 0. 0. -1. 0.
-0.974 0.227 0. 95.663 0.227 0.974 0. 15.364 0. 0. -1. 0.
-0.987 0.164 0. 93.909 0.164 0.987 0. 15.726 0. 0. -1. 0.
-0.995 0.097 0. 92.110 0.097 0.995 0. 15.969 0. 0. -1. 0.
-0.999 0.035 0. 90.289 0.035 0.999 0. 16.103 0. 0. -1. 0.
-1.000 -0.021 0. 88.435 -0.021 1.000 0. 16.126 -0. 0. -1. 0.
-0.998 -0.068 0. 86.535 -0.068 0.998 0. 16.031 -0. 0. -1. 0.
-0.994 -0.107 0. 84.625 -0.107 0.994 0. 15.882 -0. 0. -1. 0.
-0.989 -0.147 0. 82.703 -0.147 0.989 0. 15.654 -0. 0. -1. 0.
-0.983 -0.185 0. 80.783 -0.185 0.983 0. 15.347 -0. 0. -1. 0.
-0.977 -0.211 0. 78.814 -0.211 0.977 0. 14.969 -0. 0. -1. 0.
-0.974 -0.228 0. 76.847 -0.228 0.974 0. 14.530 -0. 0. -1. 0.
-0.972 -0.235 0. 74.863 -0.235 0.972 0. 14.093 -0. 0. -1. 0.
-0.971 -0.241 0. 72.834 -0.241 0.971 0. 13.630 -0. 0. -1. 0.
-0.970 -0.243 0. 70.787 -0.243 0.970 0. 13.163 -0. 0. -1. 0.
-0.970 -0.244 0. 68.726 -0.244 0.970 0. 12.683 -0. 0. -1. 0.
-0.970 -0.244 0. 66.669 -0.244 0.970 0. 12.211 -0. 0. -1. 0.
-0.970 -0.243 0. 64.627 -0.243 0.970 0. 11.731 -0. 0. -1. 0.
-0.970 -0.242 0. 62.597 -0.242 0.970 0. 11.251 -0. 0. -1. 0.
-0.971 -0.240 0. 60.576 -0.240 0.971 0. 10.790 -0. 0. -1. 0.
-0.971 -0.238 0. 58.552 -0.238 0.971 0. 10.345 -0. 0. -1. 0.
-0.972 -0.236 0. 56.547 -0.236 0.972 0. 9.911 -0. 0. -1. 0.
-0.972 -0.235 0. 54.545 -0.235 0.972 0. 9.480 -0. 0. -1. 0.
-0.971 -0.239 0. 52.581 -0.239 0.971 0. 9.042 -0. 0. -1. 0.
-0.968 -0.249 0. 50.637 -0.249 0.968 0. 8.617 -0. 0. -1. 0.
-0.964 -0.265 0. 48.705 -0.265 0.964 0. 8.136 -0. 0. -1. 0.
-0.960 -0.279 0. 46.820 -0.279 0.960 0. 7.639 -0. 0. -1. 0.
-0.956 -0.293 0. 44.949 -0.293 0.956 0. 7.108 -0. 0. -1. 0.
-0.953 -0.302 0. 43.099 -0.302 0.953 0. 6.576 -0. 0. -1. 0.
-0.952 -0.307 0. 41.281 -0.307 0.952 0. 6.022 -0. 0. -1. 0.
-0.955 -0.297 0. 39.452 -0.297 0.955 0. 5.452 -0. 0. -1. 0.
-0.962 -0.275 0. 37.669 -0.275 0.962 0. 4.954 -0. 0. -1. 0.
-0.969 -0.248 0. 35.858 -0.248 0.969 0. 4.517 -0. 0. -1. 0.
-0.975 -0.224 0. 34.025 -0.224 0.975 0. 4.131 -0. 0. -1. 0.
-0.978 -0.207 0. 32.228 -0.207 0.978 0. 3.761 -0. 0. -1. 0.
-0.982 -0.190 0. 30.409 -0.190 0.982 0. 3.447 -0. 0. -1. 0.
-0.984 -0.177 0. 28.540 -0.177 0.984 0. 3.157 -0. 0. -1. 0.
-0.986 -0.167 0. 26.720 -0.167 0.986 0. 2.889 -0. 0. -1. 0.
-0.987 -0.158 0. 24.827 -0.158 0.987 0. 2.621 -0. 0. -1. 0.
-0.988 -0.153 0. 22.933 -0.153 0.988 0. 2.375 -0. 0. -1. 0.
-0.988 -0.151 0. 21.009 -0.151 0.988 0. 2.124 -0. 0. -1. 0.
-0.989 -0.149 0. 19.077 -0.149 0.989 0. 1.871 -0. 0. -1. 0.
-0.989 -0.148 0. 17.141 -0.148 0.989 0. 1.620 -0. 0. -1. 0.
-0.989 -0.147 0. 15.180 -0.147 0.989 0. 1.354 -0. 0. -1. 0.
-0.990 -0.143 0. 13.261 -0.143 0.990 0. 1.106 -0. 0. -1. 0.
-0.990 -0.139 0. 11.294 -0.139 0.990 0. 0.860 -0. 0. -1. 0.
-0.991 -0.137 0. 9.338 -0.137 0.991 0. 0.625 -0. 0. -1. 0.
-0.991 -0.135 0. 7.392 -0.135 0.991 0. 0.385 -0. 0. -1. 0.
-0.991 -0.137 0. 5.454 -0.137 0.991 0. 0.148 -0. 0. -1. 0.
-0.990 -0.140 0. 3.515 -0.140 0.990 0. -0.101 -0. 0. -1. 0.
-0.990 -0.143 0. 1.565 -0.143 0.990 0. -0.359 -0. 0. -1. 0.
-0.989 -0.146 0. -0.373 -0.146 0.989 0. -0.615 -0. 0. -1. 0.
-0.989 -0.149 0. -2.366 -0.149 0.989 0. -0.878 -0. 0. -1. 0.
-0.988 -0.154 0. -4.350 -0.154 0.988 0. -1.148 -0. 0. -1. 0.
-0.986 -0.166 0. -6.349 -0.166 0.986 0. -1.425 -0. 0. -1. 0.
-0.984 -0.176 0. -8.373 -0.176 0.984 0. -1.739 -0. 0. -1. 0.
-0.983 -0.184 0. -10.415 -0.184 0.983 0. -2.097 -0. 0. -1. 0.
-0.983 -0.185 0. -12.422 -0.185 0.983 0. -2.463 -0. 0. -1. 0.
-0.982 -0.189 0. -14.449 -0.189 0.982 0. -2.821 -0. 0. -1. 0.
-0.982 -0.190 0. -16.506 -0.190 0.982 0. -3.172 -0. 0. -1. 0.
-0.981 -0.194 0. -18.518 -0.194 0.981 0. -3.512 -0. 0. -1. 0.
-0.980 -0.197 0. -20.560 -0.197 0.980 0. -3.872 -0. 0. -1. 0.
-0.981 -0.197 0. -22.594 -0.197 0.981 0. -4.221 -0. 0. -1. 0.
-0.981 -0.196 0. -24.622 -0.196 0.981 0. -4.559 -0. 0. -1. 0.
-0.980 -0.197 0. -26.643 -0.197 0.980 0. -4.905 -0. 0. -1. 0.
-0.980 -0.198 0. -28.662 -0.198 0.980 0. -5.266 -0. 0. -1. 0.
-0.980 -0.199 0. -30.643 -0.199 0.980 0. -5.654 -0. 0. -1. 0.
-0.980 -0.201 0. -32.629 -0.201 0.980 0. -6.036 -0. 0. -1. 0.
-0.978 -0.207 0. -34.620 -0.207 0.978 0. -6.432 -0. 0. -1. 0.
-0.977 -0.215 0. -36.581 -0.215 0.977 0. -6.831 -0. 0. -1. 0.
-0.974 -0.226 0. -38.522 -0.226 0.974 0. -7.239 -0. 0. -1. 0.
-0.971 -0.237 0. -40.499 -0.237 0.971 0. -7.675 -0. 0. -1. 0.
-0.969 -0.247 0. -42.454 -0.247 0.969 0. -8.134 -0. 0. -1. 0.
-0.966 -0.257 0. -44.387 -0.257 0.966 0. -8.591 -0. 0. -1. 0.
-0.964 -0.267 0. -46.341 -0.267 0.964 0. -9.077 -0. 0. -1. 0.
-0.962 -0.271 0. -48.220 -0.271 0.962 0. -9.568 -0. 0. -1. 0.
-0.962 -0.274 0. -50.078 -0.274 0.962 0. -10.042 -0. 0. -1. 0.
-0.961 -0.276 0. -51.880 -0.276 0.961 0. -10.516 -0. 0. -1. 0.
-0.961 -0.277 0. -53.608 -0.277 0.961 0. -10.971 -0. 0. -1. 0.
-0.963 -0.270 0. -55.246 -0.270 0.963 0. -11.420 -0. 0. -1. 0.
-0.967 -0.256 0. -56.826 -0.256 0.967 0. -11.818 -0. 0. -1. 0.
-0.972 -0.235 0. -58.326 -0.235 0.972 0. -12.159 -0. 0. -1. 0.
-0.978 -0.207 0. -59.752 -0.207 0.978 0. -12.446 -0. 0. -1. 0.
-0.985 -0.171 0. -61.109 -0.171 0.985 0. -12.655 -0. 0. -1. 0.
-0.992 -0.127 0. -62.372 -0.127 0.992 0. -12.801 -0. 0. -1. 0.
-0.997 -0.074 0. -63.556 -0.074 0.997 0. -12.856 -0. 0. -1. 0.
-1.000 -0.016 0. -64.676 -0.016 1.000 0. -12.892 -0. 0. -1. 0.
-0.998 0.055 0. -65.739 0.055 0.998 0. -12.807 0. 0. -1. 0.
-0.990 0.143 0. -66.761 0.143 0.990 0. -12.661 0. 0. -1. 0.
-0.971 0.238 0. -67.761 0.238 0.971 0. -12.398 0. 0. -1. 0.
-0.941 0.339 0. -68.706 0.339 0.941 0. -12.030 0. 0. -1. 0.
-0.900 0.436 0. -69.592 0.436 0.900 0. -11.603 0. 0. -1. 0.
-0.850 0.526 0. -70.409 0.526 0.850 0. -11.060 0. 0. -1. 0.
-0.789 0.614 0. -71.175 0.614 0.789 0. -10.445 0. 0. -1. 0.
-0.719 0.695 0. -71.896 0.695 0.719 0. -9.741 0. 0. -1. 0.
-0.637 0.771 0. -72.542 0.771 0.637 0. -8.933 0. 0. -1. 0.
-0.548 0.836 0. -73.111 0.836 0.548 0. -8.020 0. 0. -1. 0.
-0.467 0.884 0. -73.603 0.884 0.467 0. -7.012 0. 0. -1. 0.
-0.405 0.914 0. -74.049 0.914 0.405 0. -5.919 0. 0. -1. 0.
-0.363 0.932 0. -74.465 0.932 0.363 0. -4.751 0. 0. -1. 0.
-0.338 0.941 0. -74.873 0.941 0.338 0. -3.517 0. 0. -1. 0.
-0.322 0.947 0. -75.287 0.947 0.322 0. -2.214 0. 0. -1. 0.
-0.312 0.950 0. -75.710 0.950 0.312 0. -0.860 0. 0. -1. 0.
-0.304 0.953 0. -76.136 0.953 0.304 0. 0.561 0. 0. -1. 0.
-0.295 0.955 0. -76.567 0.955 0.295 0. 2.046 0. 0. -1. 0.
-0.285 0.959 0. -76.981 0.959 0.285 0. 3.587 0. 0. -1. 0.
-0.274 0.962 0. -77.403 0.962 0.274 0. 5.207 0. 0. -1. 0.
-0.262 0.965 0. -77.821 0.965 0.262 0. 6.880 0. 0. -1. 0.
-0.247 0.969 0. -78.236 0.969 0.247 0. 8.587 0. 0. -1. 0.
-0.229 0.973 0. -78.603 0.973 0.229 0. 10.295 0. 0. -1. 0.
-0.212 0.977 0. -78.957 0.977 0.212 0. 12.039 0. 0. -1. 0.
-0.193 0.981 0. -79.278 0.981 0.193 0. 13.787 0. 0. -1. 0.
-0.171 0.985 0. -79.570 0.985 0.171 0. 15.561 0. 0. -1. 0.
-0.146 0.989 0. -79.812 0.989 0.146 0. 17.360 0. 0. -1. 0.
-0.120 0.993 0. -80.021 0.993 0.120 0. 19.169 0. 0. -1. 0.
-0.096 0.995 0. -80.170 0.995 0.096 0. 21.002 0. 0. -1. 0.
-0.076 0.997 0. -80.244 0.997 0.076 0. 22.824 0. 0. -1. 0.
-0.071 0.997 0. -80.302 0.997 0.071 0. 24.599 0. 0. -1. 0.
-0.081 0.997 0. -80.393 0.997 0.081 0. 26.427 0. 0. -1. 0.
-0.099 0.995 0. -80.545 0.995 0.099 0. 28.257 0. 0. -1. 0.
-0.118 0.993 0. -80.707 0.993 0.118 0. 30.070 0. 0. -1. 0.
-0.144 0.990 0. -80.911 0.990 0.144 0. 31.840 0. 0. -1. 0.
-0.169 0.986 0. -81.183 0.986 0.169 0. 33.737 0. 0. -1. 0.
-0.192 0.981 0. -81.524 0.981 0.192 0. 35.637 0. 0. -1. 0.
-0.210 0.978 0. -81.871 0.978 0.210 0. 37.547 0. 0. -1. 0.
-0.226 0.974 0. -82.274 0.974 0.226 0. 39.461 0. 0. -1. 0.
-0.240 0.971 0. -82.693 0.971 0.240 0. 41.334 0. 0. -1. 0.
-0.252 0.968 0. -83.143 0.968 0.252 0. 43.206 0. 0. -1. 0.
-0.262 0.965 0. -83.609 0.965 0.262 0. 45.078 0. 0. -1. 0.
-0.273 0.962 0. -84.094 0.962 0.273 0. 46.897 0. 0. -1. 0.
-0.280 0.960 0. -84.564 0.960 0.280 0. 48.690 0. 0. -1. 0.
-0.288 0.958 0. -85.052 0.958 0.288 0. 50.499 0. 0. -1. 0.
-0.296 0.955 0. -85.539 0.955 0.296 0. 52.246 0. 0. -1. 0.
-0.304 0.953 0. -86.061 0.953 0.304 0. 53.980 0. 0. -1. 0.
-0.312 0.950 0. -86.560 0.950 0.312 0. 55.662 0. 0. -1. 0.
-0.322 0.947 0. -87.078 0.947 0.322 0. 57.326 0. 0. -1. 0.
-0.335 0.942 0. -87.601 0.942 0.335 0. 58.957 0. 0. -1. 0.
-0.354 0.935 0. -88.178 0.935 0.354 0. 60.539 0. 0. -1. 0.
-0.377 0.926 0. -88.764 0.926 0.377 0. 62.098 0. 0. -1. 0.
-0.406 0.914 0. -89.376 0.914 0.406 0. 63.566 0. 0. -1. 0.
-0.447 0.894 0. -90.040 0.894 0.447 0. 65.012 0. 0. -1. 0.
-0.492 0.870 0. -90.795 0.870 0.492 0. 66.408 0. 0. -1. 0.
-0.540 0.842 0. -91.594 0.842 0.540 0. 67.752 0. 0. -1. 0.
-0.596 0.803 0. -92.426 0.803 0.596 0. 69.016 0. 0. -1. 0.
-0.662 0.749 0. -93.379 0.749 0.662 0. 70.175 0. 0. -1. 0.
-0.733 0.680 0. -94.433 0.680 0.733 0. 71.256 0. 0. -1. 0.
-0.801 0.599 0. -95.566 0.599 0.801 0. 72.157 0. 0. -1. 0.
-0.866 0.501 0. -96.788 0.501 0.866 0. 72.935 0. 0. -1. 0.
-0.919 0.395 0. -98.079 0.395 0.919 0. 73.523 0. 0. -1. 0.
-0.960 0.282 0. -99.389 0.282 0.960 0. 73.980 0. 0. -1. 0.
-0.985 0.173 0. -100.738 0.173 0.985 0. 74.242 0. 0. -1. 0.
-0.997 0.074 0. -102.071 0.074 0.997 0. 74.397 0. 0. -1. 0.
-1. -0.000 0. -103.414 -0.000 1. 0. 74.378 -0. 0. -1. 0.
-0.999 -0.053 0. -104.722 -0.053 0.999 0. 74.407 -0. 0. -1. 0.
-0.996 -0.087 0. -106.044 -0.087 0.996 0. 74.255 -0. 0. -1. 0.
-0.995 -0.097 0. -107.398 -0.097 0.995 0. 74.159 -0. 0. -1. 0.
-0.997 -0.082 0. -108.769 -0.082 0.997 0. 74.065 -0. 0. -1. 0.
-0.998 -0.059 0. -110.228 -0.059 0.998 0. 73.975 -0. 0. -1. 0.
-1.000 -0.024 0. -111.704 -0.024 1.000 0. 73.966 -0. 0. -1. 0.
-1.000 0.018 0. -113.221 0.018 1.000 0. 73.998 0. 0. -1. 0.
-0.998 0.070 0. -114.801 0.070 0.998 0. 74.099 0. 0. -1. 0.
-0.991 0.130 0. -116.350 0.130 0.991 0. 74.336 0. 0. -1. 0.
-0.981 0.196 0. -117.927 0.196 0.981 0. 74.665 0. 0. -1. 0.
-0.965 0.263 0. -119.544 0.263 0.965 0. 75.133 0. 0. -1. 0.
-0.944 0.329 0. -121.126 0.329 0.944 0. 75.684 0. 0. -1. 0.
-0.922 0.388 0. -122.692 0.388 0.922 0. 76.364 0. 0. -1. 0.
-0.901 0.434 0. -124.256 0.434 0.901 0. 77.136 0. 0. -1. 0.
-0.888 0.459 0. -125.817 0.459 0.888 0. 77.982 0. 0. -1. 0.
-0.881 0.473 0. -127.418 0.473 0.881 0. 78.867 0. 0. -1. 0.
-0.877 0.481 0. -129.058 0.481 0.877 0. 79.794 0. 0. -1. 0.
-0.875 0.485 0. -130.722 0.485 0.875 0. 80.754 0. 0. -1. 0.
-0.873 0.488 0. -132.432 0.488 0.873 0. 81.741 0. 0. -1. 0.
-0.872 0.490 0. -134.185 0.490 0.872 0. 82.761 0. 0. -1. 0.
-0.871 0.492 0. -135.967 0.492 0.871 0. 83.816 0. 0. -1. 0.
-0.870 0.493 0. -137.779 0.493 0.870 0. 84.901 0. 0. -1. 0.
-0.869 0.496 0. -139.652 0.496 0.869 0. 86.012 0. 0. -1. 0.
-0.866 0.499 0. -141.567 0.499 0.866 0. 87.162 0. 0. -1. 0.
-0.865 0.502 0. -143.469 0.502 0.865 0. 88.326 0. 0. -1. 0.
-0.863 0.504 0. -145.428 0.504 0.863 0. 89.524 0. 0. -1. 0.
-0.863 0.506 0. -147.405 0.506 0.863 0. 90.732 0. 0. -1. 0.
-0.863 0.506 0. -149.416 0.506 0.863 0. 91.963 0. 0. -1. 0.
-0.862 0.507 0. -151.442 0.507 0.862 0. 93.216 0. 0. -1. 0.
-0.862 0.507 0. -153.498 0.507 0.862 0. 94.483 0. 0. -1. 0.
-0.861 0.508 0. -155.587 0.508 0.861 0. 95.763 0. 0. -1. 0.
-0.861 0.509 0. -157.683 0.509 0.861 0. 97.071 0. 0. -1. 0.
-0.860 0.510 0. -159.800 0.510 0.860 0. 98.399 0. 0. -1. 0.
-0.859 0.512 0. -161.921 0.512 0.859 0. 99.720 0. 0. -1. 0.
-0.859 0.513 0. -164.077 0.513 0.859 0. 101.071 0. 0. -1. 0.
-0.858 0.514 0. -166.240 0.514 0.858 0. 102.428 0. 0. -1. 0.
-0.857 0.516 0. -168.409 0.516 0.857 0. 103.802 0. 0. -1. 0.
-0.855 0.518 0. -170.581 0.518 0.855 0. 105.203 0. 0. -1. 0.
-0.854 0.520 0. -172.749 0.520 0.854 0. 106.590 0. 0. -1. 0.
-0.853 0.521 0. -174.938 0.521 0.853 0. 107.953 0. 0. -1. 0.
-0.848 0.530 0. -177.109 0.530 0.848 0. 109.327 0. 0. -1. 0.
-0.839 0.545 0. -179.246 0.545 0.839 0. 110.756 0. 0. -1. 0.
-0.827 0.562 0. -181.339 0.562 0.827 0. 112.217 0. 0. -1. 0.
-0.809 0.588 0. -183.394 0.588 0.809 0. 113.722 0. 0. -1. 0.
-0.788 0.615 0. -185.375 0.615 0.788 0. 115.307 0. 0. -1. 0.
-0.767 0.642 0. -187.275 0.642 0.767 0. 116.948 0. 0. -1. 0.
-0.743 0.669 0. -189.124 0.669 0.743 0. 118.638 0. 0. -1. 0.
-0.718 0.696 0. -190.893 0.696 0.718 0. 120.377 0. 0. -1. 0.
-0.691 0.723 0. -192.588 0.723 0.691 0. 122.176 0. 0. -1. 0.
-0.663 0.749 0. -194.223 0.749 0.663 0. 124.032 0. 0. -1. 0.
-0.629 0.778 0. -195.781 0.778 0.629 0. 125.949 0. 0. -1. 0.
-0.594 0.805 0. -197.229 0.805 0.594 0. 127.928 0. 0. -1. 0.
-0.557 0.831 0. -198.589 0.831 0.557 0. 129.975 0. 0. -1. 0.
-0.520 0.854 0. -199.857 0.854 0.520 0. 132.081 0. 0. -1. 0.
-0.483 0.876 0. -201.029 0.876 0.483 0. 134.240 0. 0. -1. 0.
-0.450 0.893 0. -202.133 0.893 0.450 0. 136.474 0. 0. -1. 0.
-0.422 0.906 0. -203.167 0.906 0.422 0. 138.734 0. 0. -1. 0.
-0.403 0.915 0. -204.157 0.915 0.403 0. 141.071 0. 0. -1. 0.
-0.391 0.920 0. -205.119 0.920 0.391 0. 143.430 0. 0. -1. 0.
-0.383 0.924 0. -206.071 0.924 0.383 0. 145.839 0. 0. -1. 0.
-0.377 0.926 0. -207.004 0.926 0.377 0. 148.245 0. 0. -1. 0.
-0.371 0.929 0. -207.920 0.929 0.371 0. 150.677 0. 0. -1. 0.
-0.366 0.931 0. -208.808 0.931 0.366 0. 153.073 0. 0. -1. 0.
-0.364 0.932 0. -209.684 0.932 0.364 0. 155.473 0. 0. -1. 0.
-0.365 0.931 0. -210.552 0.931 0.365 0. 157.854 0. 0. -1. 0.
-0.371 0.929 0. -211.414 0.929 0.371 0. 160.200 0. 0. -1. 0.
-0.382 0.924 0. -212.292 0.924 0.382 0. 162.513 0. 0. -1. 0.
-0.399 0.917 0. -213.199 0.917 0.399 0. 164.779 0. 0. -1. 0.
-0.423 0.906 0. -214.149 0.906 0.423 0. 167.001 0. 0. -1. 0.
-0.452 0.892 0. -215.164 0.892 0.452 0. 169.159 0. 0. -1. 0.
-0.485 0.875 0. -216.230 0.875 0.485 0. 171.223 0. 0. -1. 0.
-0.527 0.850 0. -217.370 0.850 0.527 0. 173.240 0. 0. -1. 0.
-0.585 0.811 0. -218.569 0.811 0.585 0. 175.138 0. 0. -1. 0.
-0.652 0.758 0. -219.939 0.758 0.652 0. 176.907 0. 0. -1. 0.
-0.722 0.692 0. -221.449 0.692 0.722 0. 178.499 0. 0. -1. 0.
-0.785 0.620 0. -223.081 0.620 0.785 0. 179.915 0. 0. -1. 0.
-0.839 0.544 0. -224.817 0.544 0.839 0. 181.164 0. 0. -1. 0.
-0.886 0.463 0. -226.656 0.463 0.886 0. 182.266 0. 0. -1. 0.
-0.922 0.386 0. -228.597 0.386 0.922 0. 183.195 0. 0. -1. 0.
-0.949 0.315 0. -230.626 0.315 0.949 0. 183.963 0. 0. -1. 0.
-0.967 0.254 0. -232.729 0.254 0.967 0. 184.603 0. 0. -1. 0.
-0.979 0.204 0. -234.892 0.204 0.979 0. 185.149 0. 0. -1. 0.
-0.987 0.164 0. -237.116 0.164 0.987 0. 185.607 0. 0. -1. 0.
-0.992 0.125 0. -239.385 0.125 0.992 0. 185.978 0. 0. -1. 0.
-0.996 0.087 0. -241.700 0.087 0.996 0. 186.255 0. 0. -1. 0.
-0.999 0.050 0. -244.063 0.050 0.999 0. 186.452 0. 0. -1. 0.
-1.000 0.023 0. -246.482 0.023 1.000 0. 186.568 0. 0. -1. 0.
-1. 0.007 0. -248.891 0.007 1. 0. 186.639 0. 0. -1. 0.
-1. -0.003 0. -251.344 -0.003 1. 0. 186.693 -0. 0. -1. 0.
-1. -0.007 0. -253.776 -0.007 1. 0. 186.721 -0. 0. -1. 0.
-1. -0.008 0. -256.198 -0.008 1. 0. 186.748 -0. 0. -1. 0.
-1. -0.007 0. -258.614 -0.007 1. 0. 186.796 -0. 0. -1. 0.
-1. -0.009 0. -260.990 -0.009 1. 0. 186.828 -0. 0. -1. 0.
-1. -0.010 0. -263.373 -0.010 1. 0. 186.844 -0. 0. -1. 0.
-1. -0.012 0. -265.726 -0.012 1. 0. 186.867 -0. 0. -1. 0.
-1. -0.012 0. -268.028 -0.012 1. 0. 186.866 -0. 0. -1. 0.
-1. -0.005 0. -270.322 -0.005 1. 0. 186.874 -0. 0. -1. 0.
-1. 0.002 0. -272.555 0.002 1. 0. 186.920 0. 0. -1. 0.
-1. 0.007 0. -274.747 0.007 1. 0. 186.990 0. 0. -1. 0.
-1. 0.014 0. -276.897 0.014 1. 0. 187.061 0. 0. -1. 0.
-1.000 0.021 0. -279.007 0.021 1.000 0. 187.152 0. 0. -1. 0.
-0.999 0.033 0. -281.053 0.033 0.999 0. 187.254 0. 0. -1. 0.
-0.999 0.049 0. -283.041 0.049 0.999 0. 187.390 0. 0. -1. 0.
-0.998 0.064 0. -284.968 0.064 0.998 0. 187.554 0. 0. -1. 0.
-0.997 0.081 0. -286.814 0.081 0.997 0. 187.736 0. 0. -1. 0.
-0.995 0.100 0. -288.615 0.100 0.995 0. 187.951 0. 0. -1. 0.
-0.993 0.122 0. -290.287 0.122 0.993 0. 188.168 0. 0. -1. 0.
-0.989 0.148 0. -291.905 0.148 0.989 0. 188.452 0. 0. -1. 0.
-0.984 0.177 0. -293.425 0.177 0.984 0. 188.752 0. 0. -1. 0.
-0.979 0.203 0. -294.841 0.203 0.979 0. 189.086 0. 0. -1. 0.
-0.975 0.224 0. -296.167 0.224 0.975 0. 189.435 0. 0. -1. 0.
-0.972 0.235 0. -297.422 0.235 0.972 0. 189.744 0. 0. -1. 0.
-0.972 0.235 0. -298.595 0.235 0.972 0. 190.075 0. 0. -1. 0.
-0.974 0.227 0. -299.670 0.227 0.974 0. 190.334 0. 0. -1. 0.
-0.977 0.215 0. -300.666 0.215 0.977 0. 190.594 0. 0. -1. 0.
-0.979 0.206 0. -301.579 0.206 0.979 0. 190.807 0. 0. -1. 0.
-0.981 0.195 0. -302.428 0.195 0.981 0. 190.952 0. 0. -1. 0.
-0.983 0.185 0. -303.182 0.185 0.983 0. 191.141 0. 0. -1. 0.
-0.984 0.180 0. -303.876 0.180 0.984 0. 191.308 0. 0. -1. 0.
-0.984 0.176 0. -304.541 0.176 0.984 0. 191.415 0. 0. -1. 0.
-0.985 0.173 0. -305.151 0.173 0.985 0. 191.536 0. 0. -1. 0.
-0.986 0.170 0. -305.687 0.170 0.986 0. 191.683 0. 0. -1. 0.
-0.986 0.167 0. -306.189 0.167 0.986 0. 191.774 0. 0. -1. 0.
-0.986 0.166 0. -306.608 0.166 0.986 0. 191.846 0. 0. -1. 0.
-0.986 0.167 0. -306.940 0.167 0.986 0. 191.907 0. 0. -1. 0.
-0.986 0.164 0. -307.224 0.164 0.986 0. 191.938 0. 0. -1. 0.
-0.986 0.164 0. -307.449 0.164 0.986 0. 192.000 0. 0. -1. 0.
-0.986 0.164 0. -307.637 0.164 0.986 0. 192.033 0. 0. -1. 0.
-0.987 0.163 0. -307.781 0.163 0.987 0. 192.058 0. 0. -1. 0.
-0.987 0.163 0. -307.886 0.163 0.987 0. 192.084 0. 0. -1. 0.
-0.987 0.163 0. -307.947 0.163 0.987 0. 192.096 0. 0. -1. 0.
-0.987 0.163 0. -307.971 0.163 0.987 0. 192.100 0. 0. -1. 0.
-0.987 0.163 0. -307.970 0.163 0.987 0. 192.100 0. 0. -1. 0.
-0.987 0.163 0. -307.970 0.163 0.987 0. 192.100 0. 0. -1. 0.
-0.987 0.163 0. -307.970 0.163 0.987 0. 192.100 0. 0. -1. 0.
-0.987 0.163 0. -307.970 0.163 0.987 0. 192.100 0. 0. -1. 0.
-0.987 0.163 0. -307.970 0.163 0.987 0. 192.100 0. 0. -1. 0.
-0.987 0.163 0. -307.970 0.163 0.987 0. 192.100 0. 0. -1. 0.
-0.987 0.163 0. -307.970 0.163 0.987 0. 192.100 0. 0. -1. 0.
-0.987 0.163 0. -307.970 0.163 0.987 0. 192.100 0. 0. -1. 0.
-0.987 0.163 0. -307.970 0.163 0.987 0. 192.100 0. 0. -1. 0.
-0.987 0.163 0. -307.970 0.163 0.987 0. 192.100 0. 0. -1. 0.
-0.987 0.163 0. -307.970 0.163 0.987 0. 192.100 0. 0. -1. 0.
-0.987 0.163 0. -307.970 0.163 0.987 0. 192.099 0. 0. -1. 0.
-0.987 0.163 0. -307.970 0.163 0.987 0. 192.099 0. 0. -1. 0.
-0.987 0.163 0. -307.980 0.163 0.987 0. 192.101 0. 0. -1. 0.
-0.987 0.163 0. -308.019 0.163 0.987 0. 192.108 0. 0. -1. 0.
-0.987 0.162 0. -308.081 0.162 0.987 0. 192.119 0. 0. -1. 0.
-0.987 0.162 0. -308.172 0.162 0.987 0. 192.138 0. 0. -1. 0.
-0.987 0.162 0. -308.297 0.162 0.987 0. 192.154 0. 0. -1. 0.
-0.987 0.162 0. -308.445 0.162 0.987 0. 192.176 0. 0. -1. 0.
-0.987 0.162 0. -308.606 0.162 0.987 0. 192.205 0. 0. -1. 0.
-0.987 0.161 0. -308.779 0.161 0.987 0. 192.236 0. 0. -1. 0.
-0.987 0.161 0. -308.955 0.161 0.987 0. 192.266 0. 0. -1. 0.
-0.987 0.162 0. -309.128 0.162 0.987 0. 192.297 0. 0. -1. 0.
-0.987 0.162 0. -309.299 0.162 0.987 0. 192.323 0. 0. -1. 0.
-0.987 0.162 0. -309.468 0.162 0.987 0. 192.345 0. 0. -1. 0.
-0.987 0.162 0. -309.628 0.162 0.987 0. 192.370 0. 0. -1. 0.
-0.987 0.162 0. -309.783 0.162 0.987 0. 192.385 0. 0. -1. 0.
-0.987 0.162 0. -309.936 0.162 0.987 0. 192.411 0. 0. -1. 0.
-0.987 0.162 0. -310.100 0.162 0.987 0. 192.436 0. 0. -1. 0.
-0.987 0.162 0. -310.280 0.162 0.987 0. 192.469 0. 0. -1. 0.
-0.987 0.162 0. -310.471 0.162 0.987 0. 192.504 0. 0. -1. 0.
-0.987 0.162 0. -310.673 0.162 0.987 0. 192.532 0. 0. -1. 0.
-0.987 0.163 0. -310.883 0.163 0.987 0. 192.574 0. 0. -1. 0.
-0.986 0.165 0. -311.123 0.165 0.986 0. 192.612 0. 0. -1. 0.
-0.986 0.169 0. -311.437 0.169 0.986 0. 192.659 0. 0. -1. 0.
-0.983 0.181 0. -311.840 0.181 0.983 0. 192.757 0. 0. -1. 0.
-0.978 0.207 0. -312.305 0.207 0.978 0. 192.872 0. 0. -1. 0.
-0.970 0.242 0. -312.877 0.242 0.970 0. 192.967 0. 0. -1. 0.
-0.955 0.298 0. -313.528 0.298 0.955 0. 193.223 0. 0. -1. 0.
-0.925 0.380 0. -314.249 0.380 0.925 0. 193.501 0. 0. -1. 0.
-0.883 0.469 0. -315.060 0.469 0.883 0. 193.932 0. 0. -1. 0.
-0.822 0.570 0. -315.765 0.570 0.822 0. 194.546 0. 0. -1. 0.
-0.738 0.675 0. -316.451 0.675 0.738 0. 195.170 0. 0. -1. 0.
-0.643 0.766 0. -317.133 0.766 0.643 0. 195.977 0. 0. -1. 0.
-0.553 0.834 0. -317.669 0.834 0.553 0. 197.015 0. 0. -1. 0.
-0.454 0.891 0. -318.231 0.891 0.454 0. 198.109 0. 0. -1. 0.
-0.366 0.931 0. -318.703 0.931 0.366 0. 199.354 0. 0. -1. 0.
-0.296 0.955 0. -319.070 0.955 0.296 0. 200.727 0. 0. -1. 0.
-0.247 0.969 0. -319.459 0.969 0.247 0. 202.218 0. 0. -1. 0.
-0.208 0.978 0. -319.766 0.978 0.208 0. 203.845 0. 0. -1. 0.
-0.176 0.984 0. -320.065 0.984 0.176 0. 205.608 0. 0. -1. 0.
-0.140 0.990 0. -320.321 0.990 0.140 0. 207.497 0. 0. -1. 0.
-0.102 0.995 0. -320.506 0.995 0.102 0. 209.512 0. 0. -1. 0.
-0.067 0.998 0. -320.629 0.998 0.067 0. 211.641 0. 0. -1. 0.
-0.036 0.999 0. -320.679 0.999 0.036 0. 213.894 0. 0. -1. 0.
-0.015 1.000 0. -320.667 1.000 0.015 0. 216.254 0. 0. -1. 0.
-0.006 1. 0. -320.631 1. 0.006 0. 218.703 0. 0. -1. 0.
-0.002 1. 0. -320.585 1. 0.002 0. 221.194 0. 0. -1. 0.
-0.000 1. 0. -320.521 1. 0.000 0. 223.740 0. 0. -1. 0.
-0.002 1. 0. -320.465 1. 0.002 0. 226.331 0. 0. -1. 0.
-0.004 1. 0. -320.418 1. 0.004 0. 228.975 0. 0. -1. 0.
-0.006 1. 0. -320.375 1. 0.006 0. 231.692 0. 0. -1. 0.
-0.008 1. 0. -320.333 1. 0.008 0. 234.466 0. 0. -1. 0.
-0.008 1. 0. -320.297 1. 0.008 0. 237.302 0. 0. -1. 0.
-0.008 1. 0. -320.263 1. 0.008 0. 240.218 0. 0. -1. 0.
-0.007 1. 0. -320.218 1. 0.007 0. 243.210 0. 0. -1. 0.
-0.006 1. 0. -320.173 1. 0.006 0. 246.254 0. 0. -1. 0.
-0.005 1. 0. -320.119 1. 0.005 0. 249.348 0. 0. -1. 0.
-0.003 1. 0. -320.059 1. 0.003 0. 252.495 0. 0. -1. 0.
-0.001 1. 0. -319.993 1. 0.001 0. 255.691 0. 0. -1. 0.
0.002 1. 0. -319.925 1. -0.002 0. 258.904 0. 0. -1. 0.
0.005 1. 0. -319.846 1. -0.005 0. 262.134 0. 0. -1. 0.
0.007 1. 0. -319.752 1. -0.007 0. 265.381 0. 0. -1. 0.
0.007 1. 0. -319.654 1. -0.007 0. 268.654 0. 0. -1. 0.
0.007 1. 0. -319.557 1. -0.007 0. 271.947 0. 0. -1. 0.
0.006 1. 0. -319.459 1. -0.006 0. 275.287 0. 0. -1. 0.
0.005 1. 0. -319.364 1. -0.005 0. 278.676 0. 0. -1. 0.
0.004 1. 0. -319.274 1. -0.004 0. 282.092 0. 0. -1. 0.
0.003 1. 0. -319.191 1. -0.003 0. 285.547 0. 0. -1. 0.
0.004 1. 0. -319.108 1. -0.004 0. 289.061 0. 0. -1. 0.
0.004 1. 0. -319.019 1. -0.004 0. 292.577 0. 0. -1. 0.
0.004 1. 0. -318.930 1. -0.004 0. 296.142 0. 0. -1. 0.
0.004 1. 0. -318.835 1. -0.004 0. 299.720 0. 0. -1. 0.
0.004 1. 0. -318.746 1. -0.004 0. 303.316 0. 0. -1. 0.
0.005 1. 0. -318.659 1. -0.005 0. 306.927 0. 0. -1. 0.
0.006 1. 0. -318.564 1. -0.006 0. 310.538 0. 0. -1. 0.
0.008 1. 0. -318.457 1. -0.008 0. 314.160 0. 0. -1. 0.
0.009 1. 0. -318.353 1. -0.009 0. 317.764 0. 0. -1. 0.
0.010 1. 0. -318.240 1. -0.010 0. 321.383 0. 0. -1. 0.
0.010 1. 0. -318.125 1. -0.010 0. 324.995 0. 0. -1. 0.
0.010 1. 0. -318.015 1. -0.010 0. 328.589 0. 0. -1. 0.
0.009 1. 0. -317.898 1. -0.009 0. 332.172 0. 0. -1. 0.
0.009 1. 0. -317.790 1. -0.009 0. 335.738 0. 0. -1. 0.
0.007 1. 0. -317.679 1. -0.007 0. 339.289 0. 0. -1. 0.
0.005 1. 0. -317.581 1. -0.005 0. 342.809 0. 0. -1. 0.
0.003 1. 0. -317.492 1. -0.003 0. 346.301 0. 0. -1. 0.
0.001 1. 0. -317.404 1. -0.001 0. 349.781 0. 0. -1. 0.
0.000 1. 0. -317.332 1. -0.000 0. 353.217 0. 0. -1. 0.
-0.001 1. 0. -317.264 1. 0.001 0. 356.629 0. 0. -1. 0.
-0.001 1. 0. -317.197 1. 0.001 0. 360.004 0. 0. -1. 0.
-0. 1. 0. -317.127 1. 0. 0. 363.355 0. 0. -1. 0.
0.000 1. 0. -317.055 1. -0.000 0. 366.671 0. 0. -1. 0.
0.001 1. 0. -316.983 1. -0.001 0. 369.961 0. 0. -1. 0.
0.001 1. 0. -316.912 1. -0.001 0. 373.218 0. 0. -1. 0.
0.002 1. 0. -316.836 1. -0.002 0. 376.450 0. 0. -1. 0.
0.003 1. 0. -316.754 1. -0.003 0. 379.657 0. 0. -1. 0.
0.003 1. 0. -316.668 1. -0.003 0. 382.831 0. 0. -1. 0.
0.003 1. 0. -316.603 1. -0.003 0. 385.985 0. 0. -1. 0.
0.002 1. 0. -316.533 1. -0.002 0. 389.114 0. 0. -1. 0.
0.002 1. 0. -316.454 1. -0.002 0. 392.213 0. 0. -1. 0.
0.002 1. 0. -316.385 1. -0.002 0. 395.283 0. 0. -1. 0.
0.001 1. 0. -316.313 1. -0.001 0. 398.318 0. 0. -1. 0.
0.001 1. 0. -316.249 1. -0.001 0. 401.320 0. 0. -1. 0.
0.001 1. 0. -316.187 1. -0.001 0. 404.289 0. 0. -1. 0.
0.001 1. 0. -316.124 1. -0.001 0. 407.218 0. 0. -1. 0.
0.001 1. 0. -316.057 1. -0.001 0. 410.121 0. 0. -1. 0.
0.000 1. 0. -315.991 1. -0.000 0. 412.999 0. 0. -1. 0.
0.000 1. 0. -315.929 1. -0.000 0. 415.867 0. 0. -1. 0.
-0. 1. 0. -315.867 1. 0. 0. 418.717 0. 0. -1. 0.
-0.000 1. 0. -315.816 1. 0.000 0. 421.578 0. 0. -1. 0.
0.001 1. 0. -315.767 1. -0.001 0. 424.409 0. 0. -1. 0.
0.002 1. 0. -315.703 1. -0.002 0. 427.223 0. 0. -1. 0.
0.003 1. 0. -315.636 1. -0.003 0. 430.036 0. 0. -1. 0.
0.003 1. 0. -315.571 1. -0.003 0. 432.834 0. 0. -1. 0.
0.004 1. 0. -315.504 1. -0.004 0. 435.608 0. 0. -1. 0.
0.005 1. 0. -315.434 1. -0.005 0. 438.363 0. 0. -1. 0.
0.006 1. 0. -315.362 1. -0.006 0. 441.083 0. 0. -1. 0.
0.008 1. 0. -315.284 1. -0.008 0. 443.783 0. 0. -1. 0.
0.009 1. 0. -315.200 1. -0.009 0. 446.464 0. 0. -1. 0.
0.010 1. 0. -315.115 1. -0.010 0. 449.117 0. 0. -1. 0.
0.011 1. 0. -315.036 1. -0.011 0. 451.751 0. 0. -1. 0.
0.012 1. 0. -314.954 1. -0.012 0. 454.365 0. 0. -1. 0.
0.012 1. 0. -314.867 1. -0.012 0. 456.967 0. 0. -1. 0.
0.012 1. 0. -314.784 1. -0.012 0. 459.552 0. 0. -1. 0.
0.011 1. 0. -314.697 1. -0.011 0. 462.116 0. 0. -1. 0.
0.010 1. 0. -314.615 1. -0.010 0. 464.672 0. 0. -1. 0.
0.009 1. 0. -314.543 1. -0.009 0. 467.203 0. 0. -1. 0.
0.008 1. 0. -314.471 1. -0.008 0. 469.711 0. 0. -1. 0.
0.007 1. 0. -314.403 1. -0.007 0. 472.178 0. 0. -1. 0.
0.006 1. 0. -314.336 1. -0.006 0. 474.606 0. 0. -1. 0.
0.005 1. 0. -314.273 1. -0.005 0. 476.998 0. 0. -1. 0.
0.004 1. 0. -314.216 1. -0.004 0. 479.323 0. 0. -1. 0.
0.003 1. 0. -314.168 1. -0.003 0. 481.594 0. 0. -1. 0.
0.002 1. 0. -314.120 1. -0.002 0. 483.791 0. 0. -1. 0.
0.002 1. 0. -314.075 1. -0.002 0. 485.920 0. 0. -1. 0.
0.001 1. 0. -314.032 1. -0.001 0. 487.981 0. 0. -1. 0.
0.000 1. 0. -313.988 1. -0.000 0. 489.958 0. 0. -1. 0.
-0. 1. 0. -313.950 1. 0. 0. 491.831 0. 0. -1. 0.
-0.001 1. 0. -313.912 1. 0.001 0. 493.545 0. 0. -1. 0.
-0.003 1. 0. -313.884 1. 0.003 0. 495.079 0. 0. -1. 0.
-0.006 1. 0. -313.862 1. 0.006 0. 496.399 0. 0. -1. 0.
-0.011 1. 0. -313.850 1. 0.011 0. 497.494 0. 0. -1. 0.
-0.017 1.000 0. -313.850 1.000 0.017 0. 498.419 0. 0. -1. 0.
-0.021 1.000 0. -313.849 1.000 0.021 0. 499.204 0. 0. -1. 0.
-0.024 1.000 0. -313.852 1.000 0.024 0. 499.842 0. 0. -1. 0.
-0.027 1.000 0. -313.857 1.000 0.027 0. 500.325 0. 0. -1. 0.
-0.028 1.000 0. -313.860 1.000 0.028 0. 500.668 0. 0. -1. 0.
-0.029 1.000 0. -313.861 1.000 0.029 0. 500.917 0. 0. -1. 0.
-0.030 1.000 0. -313.861 1.000 0.030 0. 501.081 0. 0. -1. 0.
-0.030 1.000 0. -313.862 1.000 0.030 0. 501.163 0. 0. -1. 0.
-0.031 1.000 0. -313.862 1.000 0.031 0. 501.169 0. 0. -1. 0.
-0.031 1.000 0. -313.861 1.000 0.031 0. 501.162 0. 0. -1. 0.
-0.031 1.000 0. -313.861 1.000 0.031 0. 501.162 0. 0. -1. 0.
-0.031 1.000 0. -313.861 1.000 0.031 0. 501.162 0. 0. -1. 0.
-0.031 1.000 0. -313.862 1.000 0.031 0. 501.162 0. 0. -1. 0.
-0.031 1.000 0. -313.861 1.000 0.031 0. 501.162 0. 0. -1. 0.
-0.031 1.000 0. -313.861 1.000 0.031 0. 501.162 0. 0. -1. 0.
-0.031 1.000 0. -313.861 1.000 0.031 0. 501.162 0. 0. -1. 0.
-0.031 1.000 0. -313.861 1.000 0.031 0. 501.162 0. 0. -1. 0.
-0.031 1.000 0. -313.862 1.000 0.031 0. 501.162 0. 0. -1. 0.
-0.031 1.000 0. -313.861 1.000 0.031 0. 501.165 0. 0. -1. 0.
-0.031 1.000 0. -313.861 1.000 0.031 0. 501.194 0. 0. -1. 0.
-0.031 1.000 0. -313.862 1.000 0.031 0. 501.257 0. 0. -1. 0.
-0.031 1.000 0. -313.862 1.000 0.031 0. 501.347 0. 0. -1. 0.
-0.032 0.999 0. -313.865 0.999 0.032 0. 501.464 0. 0. -1. 0.
-0.032 0.999 0. -313.868 0.999 0.032 0. 501.608 0. 0. -1. 0.
-0.033 0.999 0. -313.872 0.999 0.033 0. 501.774 0. 0. -1. 0.
-0.034 0.999 0. -313.872 0.999 0.034 0. 501.965 0. 0. -1. 0.
-0.034 0.999 0. -313.876 0.999 0.034 0. 502.179 0. 0. -1. 0.
-0.036 0.999 0. -313.884 0.999 0.036 0. 502.417 0. 0. -1. 0.
-0.037 0.999 0. -313.888 0.999 0.037 0. 502.679 0. 0. -1. 0.
-0.038 0.999 0. -313.893 0.999 0.038 0. 502.959 0. 0. -1. 0.
-0.040 0.999 0. -313.902 0.999 0.040 0. 503.253 0. 0. -1. 0.
-0.041 0.999 0. -313.906 0.999 0.041 0. 503.564 0. 0. -1. 0.
-0.042 0.999 0. -313.914 0.999 0.042 0. 503.890 0. 0. -1. 0.
-0.043 0.999 0. -313.924 0.999 0.043 0. 504.230 0. 0. -1. 0.
-0.045 0.999 0. -313.933 0.999 0.045 0. 504.583 0. 0. -1. 0.
-0.045 0.999 0. -313.942 0.999 0.045 0. 504.947 0. 0. -1. 0.
-0.046 0.999 0. -313.952 0.999 0.046 0. 505.323 0. 0. -1. 0.
-0.046 0.999 0. -313.962 0.999 0.046 0. 505.705 0. 0. -1. 0.
-0.048 0.999 0. -313.974 0.999 0.048 0. 506.064 0. 0. -1. 0.
-0.050 0.999 0. -313.985 0.999 0.050 0. 506.389 0. 0. -1. 0.
-0.052 0.999 0. -313.997 0.999 0.052 0. 506.681 0. 0. -1. 0.
-0.053 0.999 0. -314.005 0.999 0.053 0. 506.936 0. 0. -1. 0.
-0.055 0.998 0. -314.015 0.998 0.055 0. 507.151 0. 0. -1. 0.
-0.056 0.998 0. -314.023 0.998 0.056 0. 507.325 0. 0. -1. 0.
-0.057 0.998 0. -314.029 0.998 0.057 0. 507.456 0. 0. -1. 0.
-0.057 0.998 0. -314.032 0.998 0.057 0. 507.544 0. 0. -1. 0.
-0.058 0.998 0. -314.035 0.998 0.058 0. 507.592 0. 0. -1. 0.
-0.058 0.998 0. -314.035 0.998 0.058 0. 507.598 0. 0. -1. 0.
