1566535942021640 1.00000 0.00105 -0.00000 -3.00378 -0.00105 1.00000 0.00000 -0.03408 0.00000 -0.00000 1.00000 0.00000
1566535942270558 1.00000 0.00046 -0.00000 -3.72132 -0.00046 1.00000 0.00000 -0.02285 0.00000 -0.00000 1.00000 0.00000
1566535942520978 1.00000 -0.00071 0.00000 -4.51490 0.00071 1.00000 -0.00000 -0.01203 -0.00000 0.00000 1.00000 0.00000
1566535942770644 1.00000 -0.00155 0.00000 -5.37687 0.00155 1.00000 -0.00000 0.02290 -0.00000 0.00000 1.00000 0.00000
1566535943020268 0.99999 -0.00340 0.00000 -6.37811 0.00340 0.99999 -0.00000 -0.01969 -0.00000 0.00000 1.00000 0.00000
1566535943269371 1.00000 -0.00208 0.00000 -7.41056 0.00208 1.00000 -0.00000 -0.03931 -0.00000 0.00000 1.00000 0.00000
1566535943519180 0.99999 -0.00421 0.00000 -8.51063 0.00421 0.99999 -0.00000 -0.04491 -0.00000 0.00000 1.00000 0.00000
1566535943769051 0.99999 -0.00387 0.00000 -9.68277 0.00387 0.99999 -0.00000 -0.07418 -0.00000 0.00000 1.00000 0.00000
1566535944018719 0.99999 -0.00442 0.00000 -10.92087 0.00442 0.99999 -0.00000 -0.07508 -0.00000 0.00000 1.00000 0.00000
1566535944268685 0.99998 -0.00687 0.00000 -12.25236 0.00687 0.99998 -0.00000 -0.10475 -0.00000 0.00000 1.00000 0.00000
1566535944517541 0.99997 -0.00714 0.00000 -13.60235 0.00714 0.99997 -0.00000 -0.12183 -0.00000 0.00000 1.00000 0.00000
1566535944766296 0.99997 -0.00796 0.00000 -14.99816 0.00796 0.99997 -0.00000 -0.15452 -0.00000 0.00000 1.00000 0.00000
1566535945016203 0.99993 -0.01207 0.00000 -16.44054 0.01207 0.99993 -0.00000 -0.16750 -0.00000 0.00000 1.00000 0.00000
1566535945265124 0.99989 -0.01467 0.00000 -17.89094 0.01467 0.99989 -0.00000 -0.25499 -0.00000 0.00000 1.00000 0.00000
1566535945514554 0.99985 -0.01731 0.00000 -19.37393 0.01731 0.99985 -0.00000 -0.32837 -0.00000 0.00000 1.00000 0.00000
1566535945764314 0.99981 -0.01934 0.00000 -20.86441 0.01934 0.99981 -0.00000 -0.33645 -0.00000 0.00000 1.00000 0.00000
1566535946013528 0.99973 -0.02342 0.00000 -22.33227 0.02342 0.99973 -0.00000 -0.46146 -0.00000 0.00000 1.00000 0.00000
1566535946264334 0.99966 -0.02612 0.00000 -23.79974 0.02612 0.99966 -0.00000 -0.50812 -0.00000 0.00000 1.00000 0.00000
1566535946512332 0.99954 -0.03035 0.00000 -25.30021 0.03035 0.99954 -0.00000 -0.62745 -0.00000 0.00000 1.00000 0.00000
1566535946761695 0.99941 -0.03428 0.00000 -26.78914 0.03428 0.99941 -0.00000 -0.74157 -0.00000 0.00000 1.00000 0.00000
1566535947010971 0.99927 -0.03814 0.00000 -28.21366 0.03814 0.99927 -0.00000 -0.83904 -0.00000 0.00000 1.00000 0.00000
1566535947260221 0.99911 -0.04210 0.00000 -29.65742 0.04210 0.99911 -0.00000 -0.92964 -0.00000 0.00000 1.00000 0.00000
1566535947510168 0.99892 -0.04638 0.00000 -31.08074 0.04638 0.99892 -0.00000 -1.12373 -0.00000 0.00000 1.00000 0.00000
1566535947759271 0.99861 -0.05265 0.00000 -32.53646 0.05265 0.99861 -0.00000 -1.32519 -0.00000 0.00000 1.00000 0.00000
1566535948008317 0.99833 -0.05784 0.00000 -33.95599 0.05784 0.99833 -0.00000 -1.47006 -0.00000 0.00000 1.00000 0.00000
1566535948257711 0.99808 -0.06202 0.00000 -35.35398 0.06202 0.99808 -0.00000 -1.66622 -0.00000 0.00000 1.00000 0.00000
1566535948507781 0.99784 -0.06565 0.00000 -36.73086 0.06565 0.99784 -0.00000 -1.79846 -0.00000 0.00000 1.00000 0.00000
1566535948756909 0.99755 -0.07000 0.00000 -38.14820 0.07000 0.99755 -0.00000 -1.93380 -0.00000 0.00000 1.00000 0.00000
1566535949006260 0.99720 -0.07472 0.00000 -39.52306 0.07472 0.99720 -0.00000 -2.12637 -0.00000 0.00000 1.00000 0.00000
1566535949255437 0.99682 -0.07971 0.00000 -40.89473 0.07971 0.99682 -0.00000 -2.32023 -0.00000 0.00000 1.00000 0.00000
1566535949505717 0.99629 -0.08610 0.00000 -42.28125 0.08610 0.99629 -0.00000 -2.56087 -0.00000 0.00000 1.00000 0.00000
1566535949754550 0.99568 -0.09284 0.00000 -43.69855 0.09284 0.99568 -0.00000 -2.88074 -0.00000 0.00000 1.00000 0.00000
1566535950002784 0.99544 -0.09534 0.00000 -45.13099 0.09534 0.99544 -0.00000 -2.88947 -0.00000 0.00000 1.00000 0.00000
1566535950252264 0.99493 -0.10052 0.00000 -46.50598 0.10052 0.99493 -0.00000 -3.14859 -0.00000 0.00000 1.00000 0.00000
1566535950501968 0.99458 -0.10402 0.00000 -47.97097 0.10402 0.99458 -0.00000 -3.34525 -0.00000 0.00000 1.00000 0.00000
1566535950751412 0.99409 -0.10855 0.00000 -49.41357 0.10855 0.99409 -0.00000 -3.59002 -0.00000 0.00000 1.00000 0.00000
1566535951000620 0.99379 -0.11130 0.00000 -50.87713 0.11130 0.99379 -0.00000 -3.71371 -0.00000 0.00000 1.00000 0.00000
1566535951250011 0.99341 -0.11458 0.00000 -52.35452 0.11458 0.99341 -0.00000 -3.88639 -0.00000 0.00000 1.00000 0.00000
1566535951499592 0.99303 -0.11789 0.00000 -53.86201 0.11789 0.99303 -0.00000 -4.10985 -0.00000 0.00000 1.00000 0.00000
1566535951749176 0.99262 -0.12123 0.00000 -55.41044 0.12123 0.99262 -0.00000 -4.26783 -0.00000 0.00000 1.00000 0.00000
1566535951998891 0.99228 -0.12404 0.00000 -56.96247 0.12404 0.99228 -0.00000 -4.45269 -0.00000 0.00000 1.00000 0.00000
1566535952248542 0.99223 -0.12438 0.00000 -58.55336 0.12438 0.99223 -0.00000 -4.42503 -0.00000 0.00000 1.00000 0.00000
1566535952497983 0.99220 -0.12469 0.00000 -60.19955 0.12469 0.99220 -0.00000 -4.47495 -0.00000 0.00000 1.00000 0.00000
1566535952747322 0.99236 -0.12340 0.00000 -61.84730 0.12340 0.99236 -0.00000 -4.45319 -0.00000 0.00000 1.00000 0.00000
1566535952996459 0.99243 -0.12280 0.00000 -63.56475 0.12280 0.99243 -0.00000 -4.39029 -0.00000 0.00000 1.00000 0.00000
1566535953245929 0.99247 -0.12248 0.00000 -65.27078 0.12248 0.99247 -0.00000 -4.39418 -0.00000 0.00000 1.00000 0.00000
1566535953494906 0.99239 -0.12313 0.00000 -67.02231 0.12313 0.99239 -0.00000 -4.43580 -0.00000 0.00000 1.00000 0.00000
1566535953745060 0.99254 -0.12195 0.00000 -68.79616 0.12195 0.99254 -0.00000 -4.36579 -0.00000 0.00000 1.00000 0.00000
1566535953994202 0.99251 -0.12213 0.00000 -70.58732 0.12213 0.99251 -0.00000 -4.36897 -0.00000 0.00000 1.00000 0.00000
1566535954243427 0.99245 -0.12267 0.00000 -72.41256 0.12267 0.99245 -0.00000 -4.40507 -0.00000 0.00000 1.00000 0.00000
1566535954492858 0.99256 -0.12177 0.00000 -74.25154 0.12177 0.99256 -0.00000 -4.39133 -0.00000 0.00000 1.00000 0.00000
1566535954741809 0.99268 -0.12074 0.00000 -76.11548 0.12074 0.99268 -0.00000 -4.31462 -0.00000 0.00000 1.00000 0.00000
1566535954990885 0.99294 -0.11861 0.00000 -78.01006 0.11861 0.99294 -0.00000 -4.17685 -0.00000 0.00000 1.00000 0.00000
1566535955240396 0.99325 -0.11601 0.00000 -79.91907 0.11601 0.99325 -0.00000 -4.03769 -0.00000 0.00000 1.00000 0.00000
1566535955489638 0.99370 -0.11210 0.00000 -81.85816 0.11210 0.99370 -0.00000 -3.71233 -0.00000 0.00000 1.00000 0.00000
1566535955738760 0.99403 -0.10908 0.00000 -83.77931 0.10908 0.99403 -0.00000 -3.45413 -0.00000 0.00000 1.00000 0.00000
1566535955988617 0.99422 -0.10734 0.00000 -85.69845 0.10734 0.99422 -0.00000 -3.28872 -0.00000 0.00000 1.00000 0.00000
1566535956237968 0.99436 -0.10606 0.00000 -87.62212 0.10606 0.99436 -0.00000 -3.19251 -0.00000 0.00000 1.00000 0.00000
1566535956487033 0.99472 -0.10259 0.00000 -89.52997 0.10259 0.99472 -0.00000 -2.84859 -0.00000 0.00000 1.00000 0.00000
1566535956737010 0.99511 -0.09881 0.00000 -91.46428 0.09881 0.99511 -0.00000 -2.49849 -0.00000 0.00000 1.00000 0.00000
1566535956985852 0.99504 -0.09951 0.00000 -93.33394 0.09951 0.99504 -0.00000 -2.60797 -0.00000 0.00000 1.00000 0.00000
1566535957235208 0.99499 -0.09995 0.00000 -95.19019 0.09995 0.99499 -0.00000 -2.62781 -0.00000 0.00000 1.00000 0.00000
1566535957484693 0.99476 -0.10226 0.00000 -97.01364 0.10226 0.99476 -0.00000 -2.87615 -0.00000 0.00000 1.00000 0.00000
1566535957732858 0.99477 -0.10214 0.00000 -98.81410 0.10214 0.99477 -0.00000 -2.78726 -0.00000 0.00000 1.00000 0.00000
1566535957981782 0.99468 -0.10302 0.00000 -100.61938 0.10302 0.99468 -0.00000 -2.92058 -0.00000 0.00000 1.00000 0.00000
1566535958230942 0.99468 -0.10303 0.00000 -102.36116 0.10303 0.99468 -0.00000 -2.93093 -0.00000 0.00000 1.00000 0.00000
1566535958480029 0.99469 -0.10290 0.00000 -104.07152 0.10290 0.99469 -0.00000 -2.88766 -0.00000 0.00000 1.00000 0.00000
1566535958729285 0.99469 -0.10288 0.00000 -105.85785 0.10288 0.99469 -0.00000 -2.94067 -0.00000 0.00000 1.00000 0.00000
1566535958978428 0.99478 -0.10201 0.00000 -107.65338 0.10201 0.99478 -0.00000 -2.90533 -0.00000 0.00000 1.00000 0.00000
1566535959227794 0.99472 -0.10261 0.00000 -109.33811 0.10261 0.99472 -0.00000 -2.88481 -0.00000 0.00000 1.00000 0.00000
1566535959477424 0.99466 -0.10320 0.00000 -111.07817 0.10320 0.99466 -0.00000 -3.03639 -0.00000 0.00000 1.00000 0.00000
1566535959727158 0.99485 -0.10136 0.00000 -112.82645 0.10136 0.99485 -0.00000 -2.85423 -0.00000 0.00000 1.00000 0.00000
1566535959976426 0.99475 -0.10238 0.00000 -114.61648 0.10238 0.99475 -0.00000 -2.96609 -0.00000 0.00000 1.00000 0.00000
1566535960226371 0.99476 -0.10226 0.00000 -116.35830 0.10226 0.99476 -0.00000 -2.90480 -0.00000 0.00000 1.00000 0.00000
1566535960475286 0.99466 -0.10323 0.00000 -118.16102 0.10323 0.99466 -0.00000 -3.05000 -0.00000 0.00000 1.00000 0.00000
1566535960724075 0.99476 -0.10222 0.00000 -119.91216 0.10222 0.99476 -0.00000 -2.89367 -0.00000 0.00000 1.00000 0.00000
1566535960974910 0.99486 -0.10129 0.00000 -121.76428 0.10129 0.99486 -0.00000 -2.82190 -0.00000 0.00000 1.00000 0.00000
1566535961224604 0.99496 -0.10024 0.00000 -123.58793 0.10024 0.99496 -0.00000 -2.67977 -0.00000 0.00000 1.00000 0.00000
1566535961473779 0.99517 -0.09818 0.00000 -125.47023 0.09818 0.99517 -0.00000 -2.43506 -0.00000 0.00000 1.00000 0.00000
1566535961722217 0.99549 -0.09486 0.00000 -127.33385 0.09486 0.99549 -0.00000 -2.00068 -0.00000 0.00000 1.00000 0.00000
1566535961970372 0.99597 -0.08966 0.00000 -129.17107 0.08966 0.99597 -0.00000 -1.38449 -0.00000 0.00000 1.00000 0.00000
1566535962219594 0.99642 -0.08455 0.00000 -131.03918 0.08455 0.99642 -0.00000 -0.73584 -0.00000 0.00000 1.00000 0.00000
1566535962468881 0.99696 -0.07792 0.00000 -132.89642 0.07792 0.99696 -0.00000 0.20412 -0.00000 0.00000 1.00000 0.00000
1566535962718426 0.99746 -0.07121 0.00000 -134.71187 0.07121 0.99746 -0.00000 1.04563 -0.00000 0.00000 1.00000 0.00000
1566535962967575 0.99795 -0.06407 0.00000 -136.48882 0.06407 0.99795 -0.00000 2.08957 -0.00000 0.00000 1.00000 0.00000
1566535963217037 0.99832 -0.05802 0.00000 -138.29491 0.05802 0.99832 -0.00000 2.88193 -0.00000 0.00000 1.00000 0.00000
1566535963465845 0.99847 -0.05538 0.00000 -140.00805 0.05538 0.99847 -0.00000 3.29319 -0.00000 0.00000 1.00000 0.00000
1566535963715873 0.99871 -0.05074 0.00000 -141.71875 0.05074 0.99871 -0.00000 3.92132 -0.00000 0.00000 1.00000 0.00000
1566535963969252 0.99884 -0.04810 0.00000 -143.57920 0.04810 0.99884 -0.00000 4.26234 -0.00000 0.00000 1.00000 0.00000
1566535964215720 0.99913 -0.04163 0.00000 -145.37866 0.04163 0.99913 -0.00000 5.20198 -0.00000 0.00000 1.00000 0.00000
1566535964464719 0.99910 -0.04243 0.00000 -147.08233 0.04243 0.99910 -0.00000 5.05275 -0.00000 0.00000 1.00000 0.00000
1566535964714580 0.99912 -0.04206 0.00000 -148.95010 0.04206 0.99912 -0.00000 5.16133 -0.00000 0.00000 1.00000 0.00000
1566535964963805 0.99911 -0.04222 0.00000 -150.82242 0.04222 0.99911 -0.00000 5.10112 -0.00000 0.00000 1.00000 0.00000
1566535965213028 0.99908 -0.04296 0.00000 -152.70744 0.04296 0.99908 -0.00000 4.95518 -0.00000 0.00000 1.00000 0.00000
1566535965462506 0.99899 -0.04489 0.00000 -154.64705 0.04489 0.99899 -0.00000 4.66481 -0.00000 0.00000 1.00000 0.00000
1566535965711447 0.99897 -0.04543 0.00000 -156.57608 0.04543 0.99897 -0.00000 4.60013 -0.00000 0.00000 1.00000 0.00000
1566535965961306 0.99896 -0.04563 0.00000 -158.55632 0.04563 0.99896 -0.00000 4.54525 -0.00000 0.00000 1.00000 0.00000
1566535966210347 0.99887 -0.04750 0.00000 -160.53450 0.04750 0.99887 -0.00000 4.21764 -0.00000 0.00000 1.00000 0.00000
1566535966460196 0.99868 -0.05137 0.00000 -162.53153 0.05137 0.99868 -0.00000 3.57584 -0.00000 0.00000 1.00000 0.00000
1566535966709669 0.99856 -0.05356 0.00000 -164.52550 0.05356 0.99856 -0.00000 3.26663 -0.00000 0.00000 1.00000 0.00000
1566535966958344 0.99840 -0.05650 0.00000 -166.56278 0.05650 0.99840 -0.00000 2.76608 -0.00000 0.00000 1.00000 0.00000
1566535967207470 0.99797 -0.06367 0.00000 -168.61630 0.06367 0.99797 -0.00000 1.55665 -0.00000 0.00000 1.00000 0.00000
1566535967456521 0.99738 -0.07240 0.00000 -170.65805 0.07240 0.99738 -0.00000 0.11275 -0.00000 0.00000 1.00000 0.00000
1566535967705834 0.99670 -0.08123 0.00000 -172.71601 0.08123 0.99670 -0.00000 -1.39123 -0.00000 0.00000 1.00000 0.00000
1566535967955168 0.99610 -0.08825 0.00000 -174.73927 0.08825 0.99610 -0.00000 -2.59868 -0.00000 0.00000 1.00000 0.00000
1566535968204630 0.99531 -0.09675 0.00000 -176.78246 0.09675 0.99531 -0.00000 -4.13906 -0.00000 0.00000 1.00000 0.00000
1566535968454562 0.99494 -0.10044 0.00000 -178.79358 0.10044 0.99494 -0.00000 -4.78134 -0.00000 0.00000 1.00000 0.00000
1566535968703572 0.99512 -0.09872 0.00000 -180.81174 0.09872 0.99512 -0.00000 -4.47688 -0.00000 0.00000 1.00000 0.00000
1566535968952282 0.99520 -0.09790 0.00000 -182.78530 0.09790 0.99520 -0.00000 -4.31179 -0.00000 0.00000 1.00000 0.00000
1566535969201451 0.99511 -0.09873 0.00000 -184.72595 0.09873 0.99511 -0.00000 -4.45691 -0.00000 0.00000 1.00000 0.00000
1566535969451207 0.99523 -0.09758 0.00000 -186.65281 0.09758 0.99523 -0.00000 -4.22441 -0.00000 0.00000 1.00000 0.00000
1566535969700123 0.99575 -0.09205 0.00000 -188.57363 0.09205 0.99575 -0.00000 -3.30998 -0.00000 0.00000 1.00000 0.00000
1566535969948797 0.99598 -0.08955 0.00000 -190.49330 0.08955 0.99598 -0.00000 -2.76540 -0.00000 0.00000 1.00000 0.00000
1566535970199345 0.99639 -0.08494 0.00000 -192.51859 0.08494 0.99639 -0.00000 -1.92339 -0.00000 0.00000 1.00000 0.00000
1566535970448327 0.99676 -0.08041 0.00000 -194.53097 0.08041 0.99676 -0.00000 -1.09048 -0.00000 0.00000 1.00000 0.00000
1566535970698069 0.99681 -0.07982 0.00000 -196.51480 0.07982 0.99681 -0.00000 -0.92966 -0.00000 0.00000 1.00000 0.00000
1566535970947902 0.99690 -0.07870 0.00000 -198.53686 0.07870 0.99690 -0.00000 -0.75450 -0.00000 0.00000 1.00000 0.00000
1566535971196936 0.99705 -0.07681 0.00000 -200.56668 0.07681 0.99705 -0.00000 -0.43635 -0.00000 0.00000 1.00000 0.00000
1566535971446379 0.99732 -0.07323 0.00000 -202.59965 0.07323 0.99732 -0.00000 0.27973 -0.00000 0.00000 1.00000 0.00000
1566535971696472 0.99732 -0.07315 0.00000 -204.65999 0.07315 0.99732 -0.00000 0.28996 -0.00000 0.00000 1.00000 0.00000
1566535971945458 0.99742 -0.07182 0.00000 -206.74247 0.07182 0.99742 -0.00000 0.56324 -0.00000 0.00000 1.00000 0.00000
1566535972193585 0.99763 -0.06886 0.00000 -208.82972 0.06886 0.99763 -0.00000 1.15750 -0.00000 0.00000 1.00000 0.00000
1566535972443994 0.99769 -0.06788 0.00000 -210.91978 0.06788 0.99769 -0.00000 1.37121 -0.00000 0.00000 1.00000 0.00000
1566535972693063 0.99795 -0.06401 0.00000 -213.03217 0.06401 0.99795 -0.00000 2.19554 -0.00000 0.00000 1.00000 0.00000
1566535972942235 0.99812 -0.06133 0.00000 -215.11699 0.06133 0.99812 -0.00000 2.78231 -0.00000 0.00000 1.00000 0.00000
1566535973191337 0.99830 -0.05833 0.00000 -217.16581 0.05833 0.99830 -0.00000 3.45456 -0.00000 0.00000 1.00000 0.00000
1566535973440911 0.99852 -0.05436 0.00000 -219.20065 0.05436 0.99852 -0.00000 4.34925 -0.00000 0.00000 1.00000 0.00000
1566535973689887 0.99870 -0.05093 0.00000 -221.24284 0.05093 0.99870 -0.00000 5.09982 -0.00000 0.00000 1.00000 0.00000
1566535973938534 0.99882 -0.04847 0.00000 -223.19584 0.04847 0.99882 -0.00000 5.66178 -0.00000 0.00000 1.00000 0.00000
1566535974188261 0.99880 -0.04901 0.00000 -225.18337 0.04901 0.99880 -0.00000 5.54452 -0.00000 0.00000 1.00000 0.00000
1566535974437413 0.99892 -0.04644 0.00000 -227.11062 0.04644 0.99892 -0.00000 6.09796 -0.00000 0.00000 1.00000 0.00000
1566535974686237 0.99898 -0.04520 0.00000 -229.00119 0.04520 0.99898 -0.00000 6.38000 -0.00000 0.00000 1.00000 0.00000
1566535974935524 0.99904 -0.04378 0.00000 -230.86823 0.04378 0.99904 -0.00000 6.69078 -0.00000 0.00000 1.00000 0.00000
1566535975184318 0.99907 -0.04309 0.00000 -232.70942 0.04309 0.99907 -0.00000 6.83318 -0.00000 0.00000 1.00000 0.00000
1566535975433243 0.99917 -0.04067 0.00000 -234.54206 0.04067 0.99917 -0.00000 7.39813 -0.00000 0.00000 1.00000 0.00000
1566535975683868 0.99912 -0.04199 0.00000 -236.31914 0.04199 0.99912 -0.00000 7.02477 -0.00000 0.00000 1.00000 0.00000
1566535975933058 0.99919 -0.04029 0.00000 -238.23197 0.04029 0.99919 -0.00000 7.46933 -0.00000 0.00000 1.00000 0.00000
1566535976181689 0.99933 -0.03664 0.00000 -240.08725 0.03664 0.99933 -0.00000 8.33720 -0.00000 0.00000 1.00000 0.00000
1566535976431622 0.99935 -0.03606 0.00000 -241.95125 0.03606 0.99935 -0.00000 8.46980 -0.00000 0.00000 1.00000 0.00000
1566535976681809 0.99935 -0.03594 0.00000 -243.88160 0.03594 0.99935 -0.00000 8.47203 -0.00000 0.00000 1.00000 0.00000
1566535976930836 0.99943 -0.03369 0.00000 -245.83051 0.03369 0.99943 -0.00000 8.98529 -0.00000 0.00000 1.00000 0.00000
1566535977179717 0.99962 -0.02757 0.00000 -247.71411 0.02757 0.99962 -0.00000 10.49713 -0.00000 0.00000 1.00000 0.00000
1566535977429376 0.99977 -0.02153 0.00000 -249.64497 0.02153 0.99977 -0.00000 11.98397 -0.00000 0.00000 1.00000 0.00000
1566535977678580 0.99989 -0.01513 0.00000 -251.57826 0.01513 0.99989 -0.00000 13.58259 -0.00000 0.00000 1.00000 0.00000
1566535977928312 0.99996 -0.00879 0.00000 -253.52938 0.00879 0.99996 -0.00000 15.16819 -0.00000 0.00000 1.00000 0.00000
1566535978178137 1.00000 -0.00238 0.00000 -255.49787 0.00238 1.00000 -0.00000 16.75656 -0.00000 0.00000 1.00000 0.00000
1566535978427401 0.99999 0.00406 -0.00000 -257.47816 -0.00406 0.99999 0.00000 18.36488 0.00000 -0.00000 1.00000 -0.00000
1566535978676334 0.99993 0.01146 -0.00000 -259.44115 -0.01146 0.99993 0.00000 20.26393 0.00000 -0.00000 1.00000 -0.00000
1566535978926425 0.99989 0.01496 -0.00000 -261.50994 -0.01496 0.99989 0.00000 21.18849 0.00000 -0.00000 1.00000 -0.00000
1566535979175626 0.99980 0.01991 -0.00000 -263.55119 -0.01991 0.99980 0.00000 22.45404 0.00000 -0.00000 1.00000 -0.00000
1566535979424735 0.99968 0.02529 -0.00000 -265.62603 -0.02529 0.99968 0.00000 23.76840 0.00000 -0.00000 1.00000 -0.00000
1566535979674289 0.99966 0.02611 -0.00000 -267.77780 -0.02611 0.99966 0.00000 24.01311 0.00000 -0.00000 1.00000 -0.00000
1566535979923768 0.99970 0.02435 -0.00000 -270.01688 -0.02435 0.99970 0.00000 23.55006 0.00000 -0.00000 1.00000 -0.00000
1566535980172969 0.99969 0.02506 -0.00000 -272.19590 -0.02506 0.99969 0.00000 23.77399 0.00000 -0.00000 1.00000 -0.00000
1566535980422127 0.99967 0.02551 -0.00000 -274.40145 -0.02551 0.99967 0.00000 23.78339 0.00000 -0.00000 1.00000 -0.00000
1566535980671616 0.99971 0.02400 -0.00000 -276.63882 -0.02400 0.99971 0.00000 23.35058 0.00000 -0.00000 1.00000 -0.00000
1566535980921562 0.99978 0.02114 -0.00000 -278.91096 -0.02114 0.99978 0.00000 22.61542 0.00000 -0.00000 1.00000 -0.00000
1566535981169093 0.99982 0.01903 -0.00000 -281.17542 -0.01903 0.99982 0.00000 21.98453 0.00000 -0.00000 1.00000 -0.00000
1566535981419259 0.99986 0.01702 -0.00000 -283.40747 -0.01702 0.99986 0.00000 21.40064 0.00000 -0.00000 1.00000 -0.00000
1566535981667658 0.99986 0.01691 -0.00000 -285.59410 -0.01691 0.99986 0.00000 21.39972 0.00000 -0.00000 1.00000 -0.00000
1566535981916786 0.99985 0.01760 -0.00000 -287.71453 -0.01760 0.99985 0.00000 21.53266 0.00000 -0.00000 1.00000 -0.00000
1566535982166163 0.99981 0.01945 -0.00000 -289.77813 -0.01945 0.99981 0.00000 22.05559 0.00000 -0.00000 1.00000 -0.00000
1566535982414448 0.99979 0.02026 -0.00000 -291.85120 -0.02026 0.99979 0.00000 22.27705 0.00000 -0.00000 1.00000 -0.00000
1566535982664049 0.99984 0.01777 -0.00000 -293.96939 -0.01777 0.99984 0.00000 21.56589 0.00000 -0.00000 1.00000 -0.00000
1566535982913658 0.99983 0.01860 -0.00000 -296.13041 -0.01860 0.99983 0.00000 21.79990 0.00000 -0.00000 1.00000 -0.00000
1566535983162925 0.99981 0.01965 -0.00000 -298.25635 -0.01965 0.99981 0.00000 22.04852 0.00000 -0.00000 1.00000 -0.00000
1566535983421548 0.99976 0.02207 -0.00000 -300.37367 -0.02207 0.99976 0.00000 22.76963 0.00000 -0.00000 1.00000 -0.00000
1566535983662858 0.99971 0.02393 -0.00000 -302.54407 -0.02393 0.99971 0.00000 23.32605 0.00000 -0.00000 1.00000 -0.00000
1566535983912697 0.99967 0.02569 -0.00000 -304.69271 -0.02569 0.99967 0.00000 23.86773 0.00000 -0.00000 1.00000 -0.00000
1566535984162658 0.99964 0.02677 -0.00000 -306.88679 -0.02677 0.99964 0.00000 24.16600 0.00000 -0.00000 1.00000 -0.00000
1566535984411541 0.99963 0.02720 -0.00000 -309.12608 -0.02720 0.99963 0.00000 24.26053 0.00000 -0.00000 1.00000 -0.00000
1566535984660719 0.99956 0.02963 -0.00000 -311.29369 -0.02963 0.99956 0.00000 25.00976 0.00000 -0.00000 1.00000 -0.00000
1566535984910198 0.99948 0.03214 -0.00000 -313.48843 -0.03214 0.99948 0.00000 25.75180 0.00000 -0.00000 1.00000 -0.00000
1566535985158693 0.99938 0.03525 -0.00000 -315.64345 -0.03525 0.99938 0.00000 26.72047 0.00000 -0.00000 1.00000 -0.00000
1566535985407990 0.99926 0.03850 -0.00000 -317.79487 -0.03850 0.99926 0.00000 27.80926 0.00000 -0.00000 1.00000 -0.00000
1566535985658251 0.99908 0.04298 -0.00000 -319.87768 -0.04298 0.99908 0.00000 29.20494 0.00000 -0.00000 1.00000 -0.00000
1566535985906115 0.99891 0.04669 -0.00000 -321.98784 -0.04669 0.99891 0.00000 30.36964 0.00000 -0.00000 1.00000 -0.00000
1566535986154945 0.99871 0.05087 -0.00000 -324.05108 -0.05087 0.99871 0.00000 31.73522 0.00000 -0.00000 1.00000 -0.00000
1566535986404525 0.99857 0.05346 -0.00000 -326.10718 -0.05346 0.99857 0.00000 32.54124 0.00000 -0.00000 1.00000 -0.00000
1566535986653842 0.99836 0.05719 -0.00000 -328.11941 -0.05719 0.99836 0.00000 33.76770 0.00000 -0.00000 1.00000 -0.00000
1566535986902837 0.99821 0.05975 -0.00000 -330.10877 -0.05975 0.99821 0.00000 34.56586 0.00000 -0.00000 1.00000 -0.00000
1566535987151898 0.99798 0.06353 -0.00000 -332.09126 -0.06353 0.99798 0.00000 35.83303 0.00000 -0.00000 1.00000 -0.00000
1566535987400709 0.99765 0.06846 -0.00000 -333.98895 -0.06846 0.99765 0.00000 37.40756 0.00000 -0.00000 1.00000 -0.00000
1566535987650504 0.99720 0.07475 -0.00000 -335.72977 -0.07475 0.99720 0.00000 39.52263 0.00000 -0.00000 1.00000 -0.00000
1566535987899399 0.99650 0.08358 -0.00000 -337.46228 -0.08358 0.99650 0.00000 42.46519 0.00000 -0.00000 1.00000 -0.00000
1566535988148827 0.99584 0.09116 -0.00000 -339.18426 -0.09116 0.99584 0.00000 45.03216 0.00000 -0.00000 1.00000 -0.00000
1566535988399196 0.99551 0.09465 -0.00000 -341.07757 -0.09465 0.99551 0.00000 46.18588 0.00000 -0.00000 1.00000 -0.00000
1566535988647555 0.99495 0.10032 -0.00000 -342.84216 -0.10032 0.99495 0.00000 48.12590 0.00000 -0.00000 1.00000 -0.00000
1566535988897368 0.99435 0.10618 -0.00000 -344.57591 -0.10618 0.99435 0.00000 50.14517 0.00000 -0.00000 1.00000 -0.00000
1566535989146665 0.99406 0.10880 -0.00000 -346.47965 -0.10880 0.99406 0.00000 51.02219 0.00000 -0.00000 1.00000 -0.00000
1566535989395665 0.99391 0.11024 -0.00000 -348.44083 -0.11024 0.99391 0.00000 51.52672 0.00000 -0.00000 1.00000 -0.00000
1566535989644515 0.99395 0.10981 -0.00000 -350.46174 -0.10981 0.99395 0.00000 51.37630 0.00000 -0.00000 1.00000 -0.00000
1566535989893912 0.99379 0.11127 -0.00000 -352.36014 -0.11127 0.99379 0.00000 51.87611 0.00000 -0.00000 1.00000 -0.00000
1566535990143298 0.99370 0.11209 -0.00000 -354.28977 -0.11209 0.99370 0.00000 52.14910 0.00000 -0.00000 1.00000 -0.00000
1566535990390917 0.99345 0.11423 -0.00000 -356.11048 -0.11423 0.99345 0.00000 52.89500 0.00000 -0.00000 1.00000 -0.00000
1566535990641307 0.99315 0.11688 -0.00000 -357.91604 -0.11688 0.99315 0.00000 53.91089 0.00000 -0.00000 1.00000 -0.00000
1566535990889304 0.99296 0.11847 -0.00000 -359.75677 -0.11847 0.99296 0.00000 54.44832 0.00000 -0.00000 1.00000 -0.00000
1566535991138701 0.99251 0.12218 -0.00000 -361.45456 -0.12218 0.99251 0.00000 55.73664 0.00000 -0.00000 1.00000 -0.00000
1566535991388608 0.99213 0.12519 -0.00000 -363.26475 -0.12519 0.99213 0.00000 56.86988 0.00000 -0.00000 1.00000 -0.00000
1566535991637627 0.99155 0.12971 -0.00000 -365.00314 -0.12971 0.99155 0.00000 58.47122 0.00000 -0.00000 1.00000 -0.00000
1566535991885929 0.99160 0.12934 -0.00000 -366.93743 -0.12934 0.99160 0.00000 58.32825 0.00000 -0.00000 1.00000 -0.00000
1566535992136439 0.99112 0.13300 -0.00000 -368.76727 -0.13300 0.99112 0.00000 59.61895 0.00000 -0.00000 1.00000 -0.00000
1566535992385594 0.99069 0.13614 -0.00000 -370.65373 -0.13614 0.99069 0.00000 60.82998 0.00000 -0.00000 1.00000 -0.00000
1566535992634829 0.99072 0.13590 -0.00000 -372.67316 -0.13590 0.99072 0.00000 60.73754 0.00000 -0.00000 1.00000 -0.00000
1566535992885839 0.99067 0.13626 -0.00000 -374.75284 -0.13626 0.99067 0.00000 60.83382 0.00000 -0.00000 1.00000 -0.00000
1566535993135817 0.99080 0.13536 -0.00000 -376.89118 -0.13536 0.99080 0.00000 60.52147 0.00000 -0.00000 1.00000 -0.00000
1566535993384408 0.99118 0.13255 -0.00000 -379.14906 -0.13255 0.99118 0.00000 59.41802 0.00000 -0.00000 1.00000 -0.00000
1566535993633431 0.99158 0.12952 -0.00000 -381.40440 -0.12952 0.99158 0.00000 58.26066 0.00000 -0.00000 1.00000 -0.00000
1566535993882767 0.99206 0.12580 -0.00000 -383.70069 -0.12580 0.99206 0.00000 56.86952 0.00000 -0.00000 1.00000 -0.00000
1566535994132061 0.99259 0.12149 -0.00000 -385.99412 -0.12149 0.99259 0.00000 55.19195 0.00000 -0.00000 1.00000 -0.00000
1566535994381470 0.99287 0.11920 -0.00000 -388.11576 -0.11920 0.99287 0.00000 54.27720 0.00000 -0.00000 1.00000 -0.00000
1566535994633921 0.99293 0.11873 -0.00000 -390.14089 -0.11873 0.99293 0.00000 54.13783 0.00000 -0.00000 1.00000 -0.00000
1566535994879805 0.99263 0.12122 -0.00000 -391.94980 -0.12122 0.99263 0.00000 55.06716 0.00000 -0.00000 1.00000 -0.00000
1566535995128661 0.99254 0.12194 -0.00000 -393.80840 -0.12194 0.99254 0.00000 55.39530 0.00000 -0.00000 1.00000 -0.00000
1566535995377466 0.99208 0.12561 -0.00000 -395.55649 -0.12561 0.99208 0.00000 56.88758 0.00000 -0.00000 1.00000 -0.00000
1566535995626465 0.99152 0.12995 -0.00000 -397.24042 -0.12995 0.99152 0.00000 58.53300 0.00000 -0.00000 1.00000 -0.00000
1566535995875973 0.99150 0.13009 -0.00000 -399.21101 -0.13009 0.99150 0.00000 58.65418 0.00000 -0.00000 1.00000 -0.00000
1566535996126472 0.99097 0.13408 -0.00000 -400.93153 -0.13408 0.99097 0.00000 60.21355 0.00000 -0.00000 1.00000 -0.00000
1566535996375487 0.99031 0.13887 -0.00000 -402.66342 -0.13887 0.99031 0.00000 62.17815 0.00000 -0.00000 1.00000 -0.00000
1566535996625312 0.98998 0.14121 -0.00000 -404.55810 -0.14121 0.98998 0.00000 63.11922 0.00000 -0.00000 1.00000 -0.00000
1566535996874985 0.98918 0.14672 -0.00000 -406.25767 -0.14672 0.98918 0.00000 65.35080 0.00000 -0.00000 1.00000 -0.00000
1566535997123500 0.98826 0.15276 -0.00000 -407.91616 -0.15276 0.98826 0.00000 67.82007 0.00000 -0.00000 1.00000 -0.00000
1566535997372041 0.98743 0.15807 -0.00000 -409.63257 -0.15807 0.98743 0.00000 70.04210 0.00000 -0.00000 1.00000 -0.00000
1566535997621630 0.98619 0.16563 -0.00000 -411.18731 -0.16563 0.98619 0.00000 73.14232 0.00000 -0.00000 1.00000 -0.00000
1566535997870885 0.98497 0.17270 -0.00000 -412.77839 -0.17270 0.98497 0.00000 76.12056 0.00000 -0.00000 1.00000 -0.00000
1566535998119407 0.98311 0.18302 -0.00000 -414.08417 -0.18302 0.98311 0.00000 80.37888 0.00000 -0.00000 1.00000 -0.00000
1566535998368776 0.98130 0.19249 -0.00000 -415.46679 -0.19249 0.98130 0.00000 84.39302 0.00000 -0.00000 1.00000 -0.00000
1566535998617993 0.97917 0.20305 -0.00000 -416.71573 -0.20305 0.97917 0.00000 88.80825 0.00000 -0.00000 1.00000 -0.00000
1566535998866642 0.97703 0.21309 -0.00000 -417.96768 -0.21309 0.97703 0.00000 93.04526 0.00000 -0.00000 1.00000 -0.00000
1566535999115959 0.97510 0.22178 -0.00000 -419.34310 -0.22178 0.97510 0.00000 96.84358 0.00000 -0.00000 1.00000 -0.00000
1566535999364723 0.97325 0.22974 -0.00000 -420.70901 -0.22974 0.97325 0.00000 100.16966 0.00000 -0.00000 1.00000 -0.00000
1566535999614206 0.97107 0.23878 -0.00000 -421.98028 -0.23878 0.97107 0.00000 104.09429 0.00000 -0.00000 1.00000 -0.00000
1566535999863257 0.96905 0.24685 -0.00000 -423.29552 -0.24685 0.96905 0.00000 107.60273 0.00000 -0.00000 1.00000 0.00000
1566536000111994 0.96738 0.25334 -0.00000 -424.71515 -0.25334 0.96738 0.00000 110.46182 0.00000 -0.00000 1.00000 0.00000
1566536000360143 0.96498 0.26231 -0.00000 -425.84343 -0.26231 0.96498 0.00000 114.34839 0.00000 -0.00000 1.00000 0.00000
1566536000608759 0.96355 0.26753 -0.00000 -427.31277 -0.26753 0.96355 0.00000 116.69970 0.00000 -0.00000 1.00000 0.00000
1566536000857652 0.96208 0.27275 -0.00000 -428.73301 -0.27275 0.96208 0.00000 118.99031 0.00000 -0.00000 1.00000 0.00000
1566536001107043 0.96148 0.27488 -0.00000 -430.47430 -0.27488 0.96148 0.00000 119.91172 0.00000 -0.00000 1.00000 0.00000
1566536001355501 0.96017 0.27941 -0.00000 -431.80457 -0.27941 0.96017 0.00000 121.91986 0.00000 -0.00000 1.00000 0.00000
1566536001604452 0.95901 0.28336 -0.00000 -433.10134 -0.28336 0.95901 0.00000 123.67695 0.00000 -0.00000 1.00000 0.00000
1566536001853983 0.95844 0.28530 -0.00000 -434.59843 -0.28530 0.95844 0.00000 124.60062 0.00000 -0.00000 1.00000 0.00000
1566536002104487 0.95709 0.28980 -0.00000 -435.65325 -0.28980 0.95709 0.00000 126.58143 0.00000 -0.00000 1.00000 0.00000
1566536002354006 0.95577 0.29411 -0.00000 -436.69946 -0.29411 0.95577 0.00000 128.57803 0.00000 -0.00000 1.00000 0.00000
1566536002603207 0.95507 0.29638 -0.00000 -438.02400 -0.29638 0.95507 0.00000 129.61460 0.00000 -0.00000 1.00000 0.00000
1566536002852439 0.95336 0.30182 -0.00000 -438.99475 -0.30182 0.95336 0.00000 132.13846 0.00000 -0.00000 1.00000 0.00000
1566536003101281 0.95144 0.30784 -0.00000 -439.79517 -0.30784 0.95144 0.00000 134.93143 0.00000 -0.00000 1.00000 0.00000
1566536003351159 0.95066 0.31025 -0.00000 -440.94493 -0.31025 0.95066 0.00000 136.01003 0.00000 -0.00000 1.00000 0.00000
1566536003600539 0.94960 0.31345 -0.00000 -442.03398 -0.31345 0.94960 0.00000 137.45974 0.00000 -0.00000 1.00000 0.00000
1566536003849119 0.94873 0.31609 -0.00000 -443.24058 -0.31609 0.94873 0.00000 138.71254 0.00000 -0.00000 1.00000 0.00000
1566536004098458 0.94772 0.31911 -0.00000 -444.30881 -0.31911 0.94772 0.00000 140.10656 0.00000 -0.00000 1.00000 0.00000
1566536004347194 0.94769 0.31920 -0.00000 -445.79332 -0.31920 0.94769 0.00000 140.14238 0.00000 -0.00000 1.00000 0.00000
1566536004596184 0.94729 0.32039 -0.00000 -447.09679 -0.32039 0.94729 0.00000 140.69024 0.00000 -0.00000 1.00000 0.00000
1566536004846103 0.94746 0.31988 -0.00000 -448.58990 -0.31988 0.94746 0.00000 140.47687 0.00000 -0.00000 1.00000 0.00000
1566536005094977 0.94763 0.31937 -0.00000 -450.03427 -0.31937 0.94763 0.00000 140.18756 0.00000 -0.00000 1.00000 0.00000
1566536005344215 0.94897 0.31537 -0.00000 -452.01054 -0.31537 0.94897 0.00000 138.29177 0.00000 -0.00000 1.00000 0.00000
1566536005593381 0.95389 0.30017 -0.00000 -455.52144 -0.30017 0.95389 0.00000 131.04279 0.00000 -0.00000 1.00000 0.00000
1566536005842476 0.96168 0.27419 -0.00000 -460.20452 -0.27419 0.96168 0.00000 118.65037 0.00000 -0.00000 1.00000 0.00000
1566536006092005 0.97187 0.23552 -0.00000 -465.82488 -0.23552 0.97187 0.00000 100.11413 0.00000 -0.00000 1.00000 0.00000
1566536006341131 0.98356 0.18058 -0.00000 -471.96924 -0.18058 0.98356 0.00000 73.98387 0.00000 -0.00000 1.00000 0.00000
1566536006589787 0.99364 0.11264 -0.00000 -477.06632 -0.11264 0.99364 0.00000 41.45991 0.00000 -0.00000 1.00000 0.00000
1566536006839274 0.99963 0.02724 -0.00000 -479.95716 -0.02724 0.99963 0.00000 0.60860 0.00000 -0.00000 1.00000 0.00000
1566536007088097 0.99770 -0.06779 0.00000 -478.95061 0.06779 0.99770 -0.00000 -44.84829 -0.00000 0.00000 1.00000 0.00000
1566536007337607 0.98549 -0.16976 0.00000 -472.88719 0.16976 0.98549 -0.00000 -93.63208 -0.00000 0.00000 1.00000 0.00000
1566536007587108 0.96034 -0.27883 0.00000 -460.47898 0.27883 0.96034 -0.00000 -145.78307 -0.00000 0.00000 1.00000 0.00000
1566536007836676 0.92425 -0.38178 0.00000 -442.89402 0.38178 0.92425 -0.00000 -194.98934 -0.00000 0.00000 1.00000 0.00000
1566536008085894 0.87279 -0.48810 0.00000 -417.87527 0.48810 0.87279 -0.00000 -245.71627 -0.00000 0.00000 1.00000 0.00000
1566536008334491 0.80686 -0.59074 0.00000 -385.86505 0.59074 0.80686 -0.00000 -294.66218 -0.00000 0.00000 1.00000 0.00000
1566536008583787 0.72684 -0.68680 0.00000 -347.10002 0.68680 0.72684 -0.00000 -340.40030 -0.00000 0.00000 1.00000 0.00000
1566536008832646 0.63324 -0.77396 0.00000 -301.90701 0.77396 0.63324 -0.00000 -381.78516 -0.00000 0.00000 1.00000 0.00000
1566536009082198 0.52777 -0.84939 0.00000 -251.06559 0.84939 0.52777 -0.00000 -417.52846 -0.00000 0.00000 1.00000 0.00000
1566536009331690 0.41245 -0.91098 0.00000 -195.50669 0.91098 0.41245 -0.00000 -446.53363 -0.00000 0.00000 1.00000 0.00000
1566536009580407 0.29565 -0.95530 0.00000 -139.41282 0.95530 0.29565 -0.00000 -467.31587 -0.00000 0.00000 1.00000 0.00000
1566536009830181 0.20235 -0.97931 0.00000 -94.84932 0.97931 0.20235 -0.00000 -478.43719 -0.00000 0.00000 1.00000 0.00000
1566536010079610 0.13494 -0.99085 0.00000 -63.09993 0.99085 0.13494 -0.00000 -483.80781 -0.00000 0.00000 1.00000 0.00000
1566536010329146 0.10375 -0.99460 0.00000 -49.16289 0.99460 0.10375 -0.00000 -485.47697 -0.00000 0.00000 1.00000 0.00000
1566536010578560 0.07645 -0.99707 0.00000 -37.29383 0.99707 0.07645 -0.00000 -486.69452 -0.00000 0.00000 1.00000 0.00000
1566536010828066 0.05550 -0.99846 0.00000 -28.50880 0.99846 0.05550 -0.00000 -487.44226 -0.00000 0.00000 1.00000 0.00000
1566536011077227 0.03532 -0.99938 0.00000 -20.04497 0.99938 0.03532 -0.00000 -487.89881 -0.00000 0.00000 1.00000 0.00000
1566536011326389 0.01999 -0.99980 0.00000 -13.91317 0.99980 0.01999 -0.00000 -488.10427 -0.00000 0.00000 1.00000 0.00000
1566536011575976 0.01314 -0.99991 0.00000 -12.13210 0.99991 0.01314 -0.00000 -488.19366 -0.00000 0.00000 1.00000 0.00000
1566536011825159 0.00580 -0.99998 0.00000 -10.10865 0.99998 0.00580 -0.00000 -488.27665 -0.00000 0.00000 1.00000 0.00000
1566536012073513 0.00048 -1.00000 0.00000 -9.06680 1.00000 0.00048 -0.00000 -488.35938 -0.00000 0.00000 1.00000 0.00000
1566536012322770 -0.00006 -1.00000 0.00000 -10.44314 1.00000 -0.00006 0.00000 -488.36385 0.00000 0.00000 1.00000 0.00000
1566536012573423 0.00096 -1.00000 0.00000 -12.62466 1.00000 0.00096 -0.00000 -488.37587 -0.00000 0.00000 1.00000 0.00000
1566536012822885 0.00301 -1.00000 0.00000 -15.32202 1.00000 0.00301 -0.00000 -488.39331 -0.00000 0.00000 1.00000 0.00000
1566536013071458 0.00452 -0.99999 0.00000 -17.83866 0.99999 0.00452 -0.00000 -488.36556 -0.00000 0.00000 1.00000 0.00000
1566536013320246 0.00588 -0.99998 0.00000 -20.27363 0.99998 0.00588 -0.00000 -488.28952 -0.00000 0.00000 1.00000 0.00000
1566536013569509 0.00818 -0.99997 0.00000 -23.24149 0.99997 0.00818 -0.00000 -488.22248 -0.00000 0.00000 1.00000 0.00000
1566536013818769 0.00843 -0.99996 0.00000 -25.24609 0.99996 0.00843 -0.00000 -488.30233 -0.00000 0.00000 1.00000 0.00000
1566536014068273 0.00676 -0.99998 0.00000 -26.31175 0.99998 0.00676 -0.00000 -488.30752 -0.00000 0.00000 1.00000 0.00000
1566536014317174 0.00758 -0.99997 0.00000 -28.65077 0.99997 0.00758 -0.00000 -488.31343 -0.00000 0.00000 1.00000 0.00000
1566536014566690 0.01024 -0.99995 0.00000 -31.94959 0.99995 0.01024 -0.00000 -488.21189 -0.00000 0.00000 1.00000 0.00000
1566536014815899 0.01322 -0.99991 0.00000 -35.41893 0.99991 0.01322 -0.00000 -488.13475 -0.00000 0.00000 1.00000 0.00000
1566536015065232 0.02028 -0.99979 0.00000 -40.91372 0.99979 0.02028 -0.00000 -487.90469 -0.00000 0.00000 1.00000 0.00000
1566536015314989 0.02361 -0.99972 0.00000 -44.58744 0.99972 0.02361 -0.00000 -487.77093 -0.00000 0.00000 1.00000 0.00000
1566536015565788 0.02414 -0.99971 0.00000 -46.90706 0.99971 0.02414 -0.00000 -487.72039 -0.00000 0.00000 1.00000 0.00000
1566536015812137 0.01960 -0.99981 0.00000 -46.77272 0.99981 0.01960 -0.00000 -487.96722 -0.00000 0.00000 1.00000 0.00000
1566536016062835 0.01575 -0.99988 0.00000 -46.98589 0.99988 0.01575 -0.00000 -488.11473 -0.00000 0.00000 1.00000 0.00000
1566536016311305 0.01103 -0.99994 0.00000 -46.81366 0.99994 0.01103 -0.00000 -488.30701 -0.00000 0.00000 1.00000 0.00000
1566536016560383 0.00757 -0.99997 0.00000 -47.25724 0.99997 0.00757 -0.00000 -488.43439 -0.00000 0.00000 1.00000 0.00000
1566536016809172 0.00405 -0.99999 0.00000 -47.64523 0.99999 0.00405 -0.00000 -488.61817 -0.00000 0.00000 1.00000 0.00000
1566536017058877 0.00439 -0.99999 0.00000 -49.94998 0.99999 0.00439 -0.00000 -488.68462 -0.00000 0.00000 1.00000 0.00000
1566536017307323 0.00548 -0.99998 0.00000 -52.61751 0.99998 0.00548 -0.00000 -488.62599 -0.00000 0.00000 1.00000 0.00000
1566536017556357 0.01103 -0.99994 0.00000 -57.36936 0.99994 0.01103 -0.00000 -488.29811 -0.00000 0.00000 1.00000 0.00000
1566536017805754 0.01521 -0.99988 0.00000 -61.47261 0.99988 0.01521 -0.00000 -488.07892 -0.00000 0.00000 1.00000 0.00000
1566536018054305 0.01758 -0.99985 0.00000 -64.65342 0.99985 0.01758 -0.00000 -487.93483 -0.00000 0.00000 1.00000 0.00000
1566536018303673 0.01938 -0.99981 0.00000 -67.42736 0.99981 0.01938 -0.00000 -487.85195 -0.00000 0.00000 1.00000 0.00000
1566536018552555 0.01937 -0.99981 0.00000 -69.27570 0.99981 0.01937 -0.00000 -487.81581 -0.00000 0.00000 1.00000 0.00000
1566536018801991 0.01611 -0.99987 0.00000 -69.39925 0.99987 0.01611 -0.00000 -488.10440 -0.00000 0.00000 1.00000 0.00000
1566536019050252 0.01299 -0.99992 0.00000 -69.49229 0.99992 0.01299 -0.00000 -488.24779 -0.00000 0.00000 1.00000 0.00000
1566536019299339 0.01147 -0.99993 0.00000 -70.36839 0.99993 0.01147 -0.00000 -488.37436 -0.00000 0.00000 1.00000 0.00000
1566536019548497 0.01287 -0.99992 0.00000 -72.67037 0.99992 0.01287 -0.00000 -488.28437 -0.00000 0.00000 1.00000 0.00000
1566536019798071 0.01253 -0.99992 0.00000 -74.08366 0.99992 0.01253 -0.00000 -488.33279 -0.00000 0.00000 1.00000 0.00000
1566536020047204 0.01294 -0.99992 0.00000 -75.80074 0.99992 0.01294 -0.00000 -488.27882 -0.00000 0.00000 1.00000 0.00000
1566536020296912 0.01176 -0.99993 0.00000 -76.70778 0.99993 0.01176 -0.00000 -488.37246 -0.00000 0.00000 1.00000 0.00000
1566536020546273 0.01363 -0.99991 0.00000 -79.23872 0.99991 0.01363 -0.00000 -488.29660 -0.00000 0.00000 1.00000 0.00000
1566536020794829 0.01718 -0.99985 0.00000 -82.55756 0.99985 0.01718 -0.00000 -487.97213 -0.00000 0.00000 1.00000 0.00000
1566536021044417 0.01871 -0.99982 0.00000 -84.77091 0.99982 0.01871 -0.00000 -487.86410 -0.00000 0.00000 1.00000 0.00000
1566536021294407 0.02019 -0.99980 0.00000 -87.08700 0.99980 0.02019 -0.00000 -487.79630 -0.00000 0.00000 1.00000 0.00000
1566536021543006 0.02129 -0.99977 0.00000 -89.25538 0.99977 0.02129 -0.00000 -487.65420 -0.00000 0.00000 1.00000 0.00000
1566536021793309 0.02164 -0.99977 0.00000 -91.09504 0.99977 0.02164 -0.00000 -487.62206 -0.00000 0.00000 1.00000 0.00000
1566536022043092 0.02291 -0.99974 0.00000 -93.34724 0.99974 0.02291 -0.00000 -487.51693 -0.00000 0.00000 1.00000 0.00000
1566536022291566 0.02181 -0.99976 0.00000 -94.44232 0.99976 0.02181 -0.00000 -487.64374 -0.00000 0.00000 1.00000 0.00000
1566536022540983 0.02148 -0.99977 0.00000 -95.95150 0.99977 0.02148 -0.00000 -487.70819 -0.00000 0.00000 1.00000 0.00000
1566536022789837 0.01839 -0.99983 0.00000 -96.11108 0.99983 0.01839 -0.00000 -488.02076 -0.00000 0.00000 1.00000 0.00000
1566536023039164 0.01443 -0.99990 0.00000 -95.82591 0.99990 0.01443 -0.00000 -488.39792 -0.00000 0.00000 1.00000 0.00000
1566536023288005 0.01225 -0.99992 0.00000 -96.34757 0.99992 0.01225 -0.00000 -488.61739 -0.00000 0.00000 1.00000 0.00000
1566536023537072 0.01060 -0.99994 0.00000 -97.14567 0.99994 0.01060 -0.00000 -488.79327 -0.00000 0.00000 1.00000 0.00000
1566536023786460 0.01059 -0.99994 0.00000 -98.75509 0.99994 0.01059 -0.00000 -488.80146 -0.00000 0.00000 1.00000 0.00000
1566536024035947 0.01159 -0.99993 0.00000 -100.82092 0.99993 0.01159 -0.00000 -488.72425 -0.00000 0.00000 1.00000 0.00000
1566536024284673 0.01104 -0.99994 0.00000 -102.15367 0.99994 0.01104 -0.00000 -488.69939 -0.00000 0.00000 1.00000 0.00000
1566536024533336 0.01220 -0.99993 0.00000 -104.23923 0.99993 0.01220 -0.00000 -488.57823 -0.00000 0.00000 1.00000 0.00000
