1. 0.001 0. 1.748 -0.001 1. 0. -0.021 0. 0. 1. 0.
1. 0.001 0. 2.162 -0.001 1. 0. -0.036 0. 0. 1. 0.
1. 0.001 0. 2.633 -0.001 1. 0. -0.007 0. 0. 1. 0.
1. 0.003 0. 3.193 -0.003 1. 0. -0.003 0. 0. 1. 0.
1. 0.002 0. 3.766 -0.002 1. 0. -0.021 0. 0. 1. 0.
1. 0.003 0. 4.347 -0.003 1. 0. -0.036 0. 0. 1. 0.
1. 0.001 0. 5.032 -0.001 1. 0. -0.025 0. 0. 1. 0.
1. 0.000 0. 5.730 -0.000 1. 0. -0.039 0. 0. 1. 0.
1. -0.002 0. 6.497 0.002 1. 0. -0.055 0. 0. 1. 0.
1. 0.000 0. 7.286 -0.000 1. 0. -0.043 0. 0. 1. 0.
1. -0.001 0. 8.095 0.001 1. 0. -0.028 0. 0. 1. 0.
1. -0.001 0. 8.964 0.001 1. 0. -0.013 0. 0. 1. 0.
1. -0.002 0. 9.881 0.002 1. 0. 0.019 0. 0. 1. 0.
1. -0.002 0. 10.796 0.002 1. 0. 0.013 0. 0. 1. 0.
1. -0.003 0. 11.764 0.003 1. 0. 0.044 0. 0. 1. 0.
1. -0.005 0. 12.769 0.005 1. 0. 0.014 0. 0. 1. 0.
1. -0.006 0. 13.792 0.006 1. 0. 0.045 0. 0. 1. 0.
1. -0.005 0. 14.839 0.005 1. 0. 0.063 0. 0. 1. 0.
1. -0.006 0. 15.919 0.006 1. 0. 0.063 0. 0. 1. 0.
1. -0.004 0. 17.040 0.004 1. 0. 0.132 0. 0. 1. 0.
1. -0.006 0. 18.159 0.006 1. 0. 0.061 0. 0. 1. 0.
1. -0.006 0. 19.348 0.006 1. 0. 0.123 0. 0. 1. 0.
1. -0.006 0. 20.447 0.006 1. 0. 0.100 0. 0. 1. 0.
1. -0.007 0. 21.686 0.007 1. 0. 0.134 0. 0. 1. 0.
1. -0.007 0. 22.883 0.007 1. 0. 0.141 0. 0. 1. 0.
1. -0.009 0. 24.107 0.009 1. 0. 0.123 0. 0. 1. 0.
1.000 -0.015 0. 25.308 0.015 1.000 0. 0.140 0. 0. 1. 0.
1.000 -0.022 0. 26.535 0.022 1.000 0. 0.208 0. 0. 1. 0.
0.999 -0.034 0. 27.743 0.034 0.999 0. 0.236 0. 0. 1. 0.
0.999 -0.047 0. 28.973 0.047 0.999 0. 0.352 0. 0. 1. 0.
0.998 -0.061 0. 30.166 0.061 0.998 0. 0.415 0. 0. 1. 0.
0.997 -0.072 0. 31.464 0.072 0.997 0. 0.547 0. 0. 1. 0.
0.997 -0.083 0. 32.662 0.083 0.997 0. 0.669 0. 0. 1. 0.
0.995 -0.096 0. 33.935 0.096 0.995 0. 0.797 0. 0. 1. 0.
0.994 -0.106 0. 35.216 0.106 0.994 0. 0.921 0. 0. 1. 0.
0.993 -0.114 0. 36.459 0.114 0.993 0. 1.070 0. 0. 1. 0.
0.993 -0.117 0. 37.724 0.117 0.993 0. 1.228 0. 0. 1. 0.
0.993 -0.117 0. 39.005 0.117 0.993 0. 1.352 0. 0. 1. 0.
0.993 -0.116 0. 40.310 0.116 0.993 0. 1.540 0. 0. 1. 0.
0.993 -0.116 0. 41.594 0.116 0.993 0. 1.667 0. 0. 1. 0.
0.993 -0.114 0. 42.930 0.114 0.993 0. 1.781 0. 0. 1. 0.
0.994 -0.112 0. 44.288 0.112 0.994 0. 1.928 0. 0. 1. 0.
0.994 -0.111 0. 45.630 0.111 0.994 0. 2.119 0. 0. 1. 0.
0.994 -0.111 0. 47.020 0.111 0.994 0. 2.221 0. 0. 1. 0.
0.993 -0.114 0. 48.416 0.114 0.993 0. 2.440 0. 0. 1. 0.
0.993 -0.117 0. 49.829 0.117 0.993 0. 2.551 0. 0. 1. 0.
0.992 -0.123 0. 51.266 0.123 0.992 0. 2.727 0. 0. 1. 0.
0.992 -0.129 0. 52.696 0.129 0.992 0. 2.929 0. 0. 1. 0.
0.990 -0.138 0. 54.172 0.138 0.990 0. 3.158 0. 0. 1. 0.
0.990 -0.144 0. 55.644 0.144 0.990 0. 3.355 0. 0. 1. 0.
0.988 -0.153 0. 57.147 0.153 0.988 0. 3.630 0. 0. 1. 0.
0.987 -0.160 0. 58.664 0.160 0.987 0. 3.866 0. 0. 1. 0.
0.986 -0.167 0. 60.168 0.167 0.986 0. 4.144 0. 0. 1. 0.
0.985 -0.173 0. 61.709 0.173 0.985 0. 4.401 0. 0. 1. 0.
0.984 -0.181 0. 63.191 0.181 0.984 0. 4.725 0. 0. 1. 0.
0.982 -0.188 0. 64.692 0.188 0.982 0. 5.018 0. 0. 1. 0.
0.981 -0.193 0. 66.202 0.193 0.981 0. 5.299 0. 0. 1. 0.
0.981 -0.195 0. 67.679 0.195 0.981 0. 5.611 0. 0. 1. 0.
0.981 -0.194 0. 69.139 0.194 0.981 0. 5.916 0. 0. 1. 0.
0.981 -0.194 0. 70.609 0.194 0.981 0. 6.243 0. 0. 1. 0.
0.981 -0.193 0. 72.066 0.193 0.981 0. 6.507 0. 0. 1. 0.
0.982 -0.190 0. 73.463 0.190 0.982 0. 6.787 0. 0. 1. 0.
0.982 -0.187 0. 74.868 0.187 0.982 0. 7.048 0. 0. 1. 0.
0.983 -0.186 0. 76.144 0.186 0.983 0. 7.300 0. 0. 1. 0.
0.983 -0.182 0. 77.391 0.182 0.983 0. 7.581 0. 0. 1. 0.
0.984 -0.178 0. 78.557 0.178 0.984 0. 7.739 0. 0. 1. 0.
0.984 -0.178 0. 79.614 0.178 0.984 0. 7.950 0. 0. 1. 0.
0.984 -0.177 0. 80.672 0.177 0.984 0. 8.096 0. 0. 1. 0.
0.985 -0.175 0. 81.595 0.175 0.985 0. 8.277 0. 0. 1. 0.
0.985 -0.175 0. 82.409 0.175 0.985 0. 8.415 0. 0. 1. 0.
0.985 -0.174 0. 83.145 0.174 0.985 0. 8.540 0. 0. 1. 0.
0.984 -0.176 0. 83.763 0.176 0.984 0. 8.601 0. 0. 1. 0.
0.985 -0.175 0. 84.310 0.175 0.985 0. 8.714 0. 0. 1. 0.
0.984 -0.177 0. 84.777 0.177 0.984 0. 8.798 0. 0. 1. 0.
0.984 -0.179 0. 85.168 0.179 0.984 0. 8.917 0. 0. 1. 0.
0.983 -0.181 0. 85.548 0.181 0.983 0. 8.959 0. 0. 1. 0.
0.983 -0.181 0. 85.867 0.181 0.983 0. 9.034 0. 0. 1. 0.
0.983 -0.183 0. 86.235 0.183 0.983 0. 9.135 0. 0. 1. 0.
0.983 -0.184 0. 86.583 0.184 0.983 0. 9.165 0. 0. 1. 0.
0.983 -0.185 0. 86.934 0.185 0.983 0. 9.287 0. 0. 1. 0.
0.982 -0.190 0. 87.336 0.190 0.982 0. 9.334 0. 0. 1. 0.
0.981 -0.196 0. 87.771 0.196 0.981 0. 9.440 0. 0. 1. 0.
0.979 -0.203 0. 88.203 0.203 0.979 0. 9.542 0. 0. 1. 0.
0.977 -0.211 0. 88.691 0.211 0.977 0. 9.653 0. 0. 1. 0.
0.976 -0.219 0. 89.224 0.219 0.976 0. 9.779 0. 0. 1. 0.
0.973 -0.229 0. 89.827 0.229 0.973 0. 10.008 0. 0. 1. 0.
0.971 -0.240 0. 90.479 0.240 0.971 0. 10.151 0. 0. 1. 0.
0.967 -0.253 0. 91.193 0.253 0.967 0. 10.364 0. 0. 1. 0.
0.963 -0.269 0. 91.946 0.269 0.963 0. 10.607 0. 0. 1. 0.
0.958 -0.287 0. 92.755 0.287 0.958 0. 10.859 0. 0. 1. 0.
0.951 -0.308 0. 93.604 0.308 0.951 0. 11.117 0. 0. 1. 0.
0.945 -0.328 0. 94.499 0.328 0.945 0. 11.487 0. 0. 1. 0.
0.932 -0.364 0. 96.343 0.364 0.932 0. 12.361 0. 0. 1. 0.
0.915 -0.404 0. 97.421 0.404 0.915 0. 12.764 0. 0. 1. 0.
0.903 -0.430 0. 98.395 0.430 0.903 0. 13.302 0. 0. 1. 0.
0.889 -0.457 0. 99.407 0.457 0.889 0. 13.876 0. 0. 1. 0.
0.872 -0.489 0. 100.459 0.489 0.872 0. 14.482 0. 0. 1. 0.
0.853 -0.521 0. 101.520 0.521 0.853 0. 15.186 0. 0. 1. 0.
0.833 -0.554 0. 102.644 0.554 0.833 0. 15.974 0. 0. 1. 0.
0.811 -0.585 0. 103.730 0.585 0.811 0. 16.821 0. 0. 1. 0.
0.787 -0.617 0. 104.794 0.617 0.787 0. 17.696 0. 0. 1. 0.
0.764 -0.646 0. 105.898 0.646 0.764 0. 18.641 0. 0. 1. 0.
0.744 -0.668 0. 107.043 0.668 0.744 0. 19.691 0. 0. 1. 0.
0.729 -0.685 0. 108.130 0.685 0.729 0. 20.739 0. 0. 1. 0.
0.715 -0.699 0. 109.222 0.699 0.715 0. 21.856 0. 0. 1. 0.
0.706 -0.708 0. 110.373 0.708 0.706 0. 22.983 0. 0. 1. 0.
0.702 -0.713 0. 111.542 0.713 0.702 0. 24.140 0. 0. 1. 0.
0.703 -0.712 0. 112.750 0.712 0.703 0. 25.354 0. 0. 1. 0.
0.707 -0.708 0. 113.906 0.708 0.707 0. 26.590 0. 0. 1. 0.
0.711 -0.703 0. 115.130 0.703 0.711 0. 27.796 0. 0. 1. 0.
0.715 -0.699 0. 116.389 0.699 0.715 0. 29.054 0. 0. 1. 0.
0.718 -0.696 0. 117.719 0.696 0.718 0. 30.325 0. 0. 1. 0.
0.722 -0.692 0. 119.058 0.692 0.722 0. 31.604 0. 0. 1. 0.
0.726 -0.688 0. 120.405 0.688 0.726 0. 32.888 0. 0. 1. 0.
0.729 -0.685 0. 121.832 0.685 0.729 0. 34.215 0. 0. 1. 0.
0.732 -0.681 0. 123.278 0.681 0.732 0. 35.548 0. 0. 1. 0.
0.735 -0.678 0. 124.713 0.678 0.735 0. 36.853 0. 0. 1. 0.
0.738 -0.675 0. 126.214 0.675 0.738 0. 38.195 0. 0. 1. 0.
0.741 -0.671 0. 127.653 0.671 0.741 0. 39.554 0. 0. 1. 0.
0.745 -0.667 0. 129.186 0.667 0.745 0. 40.866 0. 0. 1. 0.
0.751 -0.661 0. 130.727 0.661 0.751 0. 42.219 0. 0. 1. 0.
0.759 -0.651 0. 132.265 0.651 0.759 0. 43.569 0. 0. 1. 0.
0.766 -0.643 0. 133.845 0.643 0.766 0. 44.896 0. 0. 1. 0.
0.778 -0.629 0. 135.473 0.629 0.778 0. 46.200 0. 0. 1. 0.
0.788 -0.615 0. 137.098 0.615 0.788 0. 47.471 0. 0. 1. 0.
0.798 -0.602 0. 138.793 0.602 0.798 0. 48.714 0. 0. 1. 0.
0.808 -0.589 0. 140.480 0.589 0.808 0. 49.959 0. 0. 1. 0.
0.818 -0.575 0. 142.248 0.575 0.818 0. 51.163 0. 0. 1. 0.
0.828 -0.561 0. 144.005 0.561 0.828 0. 52.364 0. 0. 1. 0.
0.839 -0.544 0. 145.784 0.544 0.839 0. 53.492 0. 0. 1. 0.
0.851 -0.524 0. 147.590 0.524 0.851 0. 54.630 0. 0. 1. 0.
0.865 -0.502 0. 149.430 0.502 0.865 0. 55.657 0. 0. 1. 0.
0.878 -0.478 0. 151.319 0.478 0.878 0. 56.670 0. 0. 1. 0.
0.891 -0.454 0. 153.212 0.454 0.891 0. 57.621 0. 0. 1. 0.
0.902 -0.431 0. 155.080 0.431 0.902 0. 58.499 0. 0. 1. 0.
0.914 -0.406 0. 157.034 0.406 0.914 0. 59.325 0. 0. 1. 0.
0.924 -0.382 0. 159.010 0.382 0.924 0. 60.141 0. 0. 1. 0.
0.932 -0.361 0. 160.925 0.361 0.932 0. 60.855 0. 0. 1. 0.
0.939 -0.343 0. 162.936 0.343 0.939 0. 61.602 0. 0. 1. 0.
0.946 -0.324 0. 164.967 0.324 0.946 0. 62.267 0. 0. 1. 0.
0.953 -0.303 0. 166.990 0.303 0.953 0. 62.900 0. 0. 1. 0.
0.960 -0.280 0. 169.053 0.280 0.960 0. 63.513 0. 0. 1. 0.
0.966 -0.257 0. 171.102 0.257 0.966 0. 64.017 0. 0. 1. 0.
0.972 -0.235 0. 173.176 0.235 0.972 0. 64.525 0. 0. 1. 0.
0.977 -0.214 0. 175.306 0.214 0.977 0. 64.996 0. 0. 1. 0.
0.981 -0.194 0. 177.380 0.194 0.981 0. 65.387 0. 0. 1. 0.
0.984 -0.178 0. 179.516 0.178 0.984 0. 65.762 0. 0. 1. 0.
0.987 -0.162 0. 181.692 0.162 0.987 0. 66.101 0. 0. 1. 0.
0.989 -0.147 0. 183.846 0.147 0.989 0. 66.413 0. 0. 1. 0.
0.991 -0.132 0. 185.993 0.132 0.991 0. 66.674 0. 0. 1. 0.
0.993 -0.116 0. 188.193 0.116 0.993 0. 66.928 0. 0. 1. 0.
0.995 -0.102 0. 190.381 0.102 0.995 0. 67.183 0. 0. 1. 0.
0.996 -0.090 0. 192.568 0.090 0.996 0. 67.383 0. 0. 1. 0.
0.997 -0.078 0. 194.747 0.078 0.997 0. 67.539 0. 0. 1. 0.
0.998 -0.064 0. 196.880 0.064 0.998 0. 67.688 0. 0. 1. 0.
0.999 -0.049 0. 199.014 0.049 0.999 0. 67.782 0. 0. 1. 0.
1.000 -0.031 0. 201.177 0.031 1.000 0. 67.843 0. 0. 1. 0.
1. -0.011 0. 203.302 0.011 1. 0. 67.873 0. 0. 1. 0.
1. 0.007 0. 205.409 -0.007 1. 0. 67.857 0. 0. 1. 0.
1.000 0.025 0. 207.547 -0.025 1.000 0. 67.814 0. 0. 1. 0.
0.999 0.041 0. 209.669 -0.041 0.999 0. 67.716 0. 0. 1. 0.
0.998 0.056 0. 211.800 -0.056 0.998 0. 67.587 0. 0. 1. 0.
0.997 0.074 0. 214.005 -0.074 0.997 0. 67.441 0. 0. 1. 0.
0.996 0.090 0. 216.100 -0.090 0.996 0. 67.231 0. 0. 1. 0.
0.994 0.105 0. 218.287 -0.105 0.994 0. 66.974 0. 0. 1. 0.
0.993 0.118 0. 220.448 -0.118 0.993 0. 66.719 0. 0. 1. 0.
0.991 0.131 0. 222.639 -0.131 0.991 0. 66.431 0. 0. 1. 0.
0.990 0.142 0. 224.774 -0.142 0.990 0. 66.116 0. 0. 1. 0.
0.988 0.156 0. 226.925 -0.156 0.988 0. 65.764 0. 0. 1. 0.
0.985 0.171 0. 229.114 -0.171 0.985 0. 65.402 0. 0. 1. 0.
0.983 0.185 0. 231.252 -0.185 0.983 0. 65.037 0. 0. 1. 0.
0.979 0.202 0. 233.430 -0.202 0.979 0. 64.595 0. 0. 1. 0.
0.975 0.221 0. 235.590 -0.221 0.975 0. 64.108 0. 0. 1. 0.
0.971 0.239 0. 237.701 -0.239 0.971 0. 63.589 0. 0. 1. 0.
0.967 0.254 0. 239.783 -0.254 0.967 0. 63.002 0. 0. 1. 0.
0.964 0.267 0. 241.918 -0.267 0.964 0. 62.401 0. 0. 1. 0.
0.959 0.285 0. 244.043 -0.285 0.959 0. 61.804 0. 0. 1. 0.
0.952 0.306 0. 246.116 -0.306 0.952 0. 61.087 0. 0. 1. 0.
0.943 0.333 0. 248.183 -0.333 0.943 0. 60.381 0. 0. 1. 0.
0.933 0.359 0. 250.163 -0.359 0.933 0. 59.574 0. 0. 1. 0.
0.922 0.386 0. 252.258 -0.386 0.922 0. 58.697 0. 0. 1. 0.
0.911 0.413 0. 254.218 -0.413 0.911 0. 57.787 0. 0. 1. 0.
0.899 0.438 0. 256.197 -0.438 0.899 0. 56.839 0. 0. 1. 0.
0.884 0.467 0. 258.155 -0.467 0.884 0. 55.744 0. 0. 1. 0.
0.870 0.492 0. 260.062 -0.492 0.870 0. 54.671 0. 0. 1. 0.
0.857 0.516 0. 261.920 -0.516 0.857 0. 53.531 0. 0. 1. 0.
0.844 0.536 0. 263.729 -0.536 0.844 0. 52.371 0. 0. 1. 0.
0.834 0.552 0. 265.563 -0.552 0.834 0. 51.203 0. 0. 1. 0.
0.824 0.566 0. 267.277 -0.566 0.824 0. 49.968 0. 0. 1. 0.
0.814 0.581 0. 269.011 -0.581 0.814 0. 48.735 0. 0. 1. 0.
0.804 0.595 0. 270.723 -0.595 0.804 0. 47.481 0. 0. 1. 0.
0.793 0.610 0. 272.413 -0.610 0.793 0. 46.226 0. 0. 1. 0.
0.781 0.624 0. 274.005 -0.624 0.781 0. 44.938 0. 0. 1. 0.
0.770 0.639 0. 275.520 -0.639 0.770 0. 43.572 0. 0. 1. 0.
0.756 0.655 0. 277.061 -0.655 0.756 0. 42.216 0. 0. 1. 0.
0.741 0.671 0. 278.554 -0.671 0.741 0. 40.869 0. 0. 1. 0.
0.727 0.686 0. 280.035 -0.686 0.727 0. 39.484 0. 0. 1. 0.
0.716 0.698 0. 281.462 -0.698 0.716 0. 38.041 0. 0. 1. 0.
0.704 0.710 0. 282.908 -0.710 0.704 0. 36.564 0. 0. 1. 0.
0.697 0.717 0. 284.341 -0.717 0.697 0. 35.134 0. 0. 1. 0.
0.687 0.727 0. 285.744 -0.727 0.687 0. 33.672 0. 0. 1. 0.
0.678 0.735 0. 287.112 -0.735 0.678 0. 32.183 0. 0. 1. 0.
0.673 0.740 0. 288.441 -0.740 0.673 0. 30.677 0. 0. 1. 0.
0.670 0.743 0. 289.805 -0.743 0.670 0. 29.187 0. 0. 1. 0.
0.668 0.744 0. 291.213 -0.744 0.668 0. 27.706 0. 0. 1. 0.
0.668 0.744 0. 292.490 -0.744 0.668 0. 26.255 0. 0. 1. 0.
0.671 0.742 0. 293.852 -0.742 0.671 0. 24.841 0. 0. 1. 0.
0.678 0.735 0. 295.142 -0.735 0.678 0. 23.416 0. 0. 1. 0.
0.689 0.725 0. 296.484 -0.725 0.689 0. 22.017 0. 0. 1. 0.
0.701 0.713 0. 297.838 -0.713 0.701 0. 20.693 0. 0. 1. 0.
0.716 0.698 0. 299.192 -0.698 0.716 0. 19.394 0. 0. 1. 0.
0.732 0.682 0. 300.524 -0.682 0.732 0. 18.104 0. 0. 1. 0.
0.749 0.663 0. 301.935 -0.663 0.749 0. 16.866 0. 0. 1. 0.
0.765 0.644 0. 303.407 -0.644 0.765 0. 15.716 0. 0. 1. 0.
0.782 0.623 0. 304.848 -0.623 0.782 0. 14.561 0. 0. 1. 0.
0.800 0.599 0. 306.373 -0.599 0.800 0. 13.450 0. 0. 1. 0.
0.820 0.572 0. 307.900 -0.572 0.820 0. 12.412 0. 0. 1. 0.
0.841 0.541 0. 309.535 -0.541 0.841 0. 11.453 0. 0. 1. 0.
0.862 0.507 0. 311.118 -0.507 0.862 0. 10.532 0. 0. 1. 0.
0.883 0.469 0. 312.778 -0.469 0.883 0. 9.681 0. 0. 1. 0.
0.905 0.425 0. 314.492 -0.425 0.905 0. 8.898 0. 0. 1. 0.
0.926 0.379 0. 316.253 -0.379 0.926 0. 8.211 0. 0. 1. 0.
0.944 0.330 0. 318.092 -0.330 0.944 0. 7.614 0. 0. 1. 0.
0.961 0.278 0. 319.907 -0.278 0.961 0. 7.108 0. 0. 1. 0.
0.973 0.231 0. 321.837 -0.231 0.973 0. 6.690 0. 0. 1. 0.
0.981 0.192 0. 323.733 -0.192 0.981 0. 6.328 0. 0. 1. 0.
0.987 0.164 0. 325.642 -0.164 0.987 0. 6.008 0. 0. 1. 0.
0.990 0.138 0. 327.564 -0.138 0.990 0. 5.805 0. 0. 1. 0.
0.994 0.112 0. 329.522 -0.112 0.994 0. 5.594 0. 0. 1. 0.
0.996 0.089 0. 331.490 -0.089 0.996 0. 5.433 0. 0. 1. 0.
0.997 0.073 0. 333.498 -0.073 0.997 0. 5.316 0. 0. 1. 0.
0.998 0.061 0. 335.518 -0.061 0.998 0. 5.202 0. 0. 1. 0.
0.999 0.052 0. 337.568 -0.052 0.999 0. 5.095 0. 0. 1. 0.
0.999 0.050 0. 339.575 -0.050 0.999 0. 5.006 0. 0. 1. 0.
0.999 0.051 0. 341.643 -0.051 0.999 0. 4.916 0. 0. 1. 0.
0.999 0.054 0. 343.703 -0.054 0.999 0. 4.806 0. 0. 1. 0.
0.998 0.058 0. 345.759 -0.058 0.998 0. 4.694 0. 0. 1. 0.
0.998 0.062 0. 347.822 -0.062 0.998 0. 4.536 0. 0. 1. 0.
0.998 0.067 0. 349.958 -0.067 0.998 0. 4.370 0. 0. 1. 0.
0.998 0.070 0. 352.043 -0.070 0.998 0. 4.249 0. 0. 1. 0.
0.997 0.073 0. 354.146 -0.073 0.997 0. 4.034 0. 0. 1. 0.
0.997 0.075 0. 356.278 -0.075 0.997 0. 3.897 0. 0. 1. 0.
0.997 0.078 0. 358.432 -0.078 0.997 0. 3.681 0. 0. 1. 0.
0.997 0.080 0. 360.591 -0.080 0.997 0. 3.538 0. 0. 1. 0.
0.997 0.083 0. 362.724 -0.083 0.997 0. 3.415 0. 0. 1. 0.
0.997 0.080 0. 364.938 -0.080 0.997 0. 3.212 0. 0. 1. 0.
0.997 0.077 0. 367.121 -0.077 0.997 0. 3.003 0. 0. 1. 0.
0.997 0.076 0. 369.312 -0.076 0.997 0. 2.815 0. 0. 1. 0.
0.998 0.070 0. 371.557 -0.070 0.998 0. 2.631 0. 0. 1. 0.
0.998 0.069 0. 373.775 -0.069 0.998 0. 2.504 0. 0. 1. 0.
0.998 0.065 0. 375.990 -0.065 0.998 0. 2.352 0. 0. 1. 0.
0.998 0.060 0. 378.223 -0.060 0.998 0. 2.126 0. 0. 1. 0.
0.999 0.049 0. 380.495 -0.049 0.999 0. 2.080 0. 0. 1. 0.
0.999 0.043 0. 382.778 -0.043 0.999 0. 1.972 0. 0. 1. 0.
0.999 0.037 0. 385.031 -0.037 0.999 0. 1.901 0. 0. 1. 0.
0.999 0.034 0. 387.315 -0.034 0.999 0. 1.790 0. 0. 1. 0.
1.000 0.029 0. 389.609 -0.029 1.000 0. 1.726 0. 0. 1. 0.
1.000 0.022 0. 391.891 -0.022 1.000 0. 1.661 0. 0. 1. 0.
1.000 0.019 0. 394.183 -0.019 1.000 0. 1.629 0. 0. 1. 0.
1.000 0.016 0. 396.413 -0.016 1.000 0. 1.539 0. 0. 1. 0.
1. 0.013 0. 398.681 -0.013 1. 0. 1.564 0. 0. 1. 0.
1. 0.012 0. 400.894 -0.012 1. 0. 1.505 0. 0. 1. 0.
1. 0.012 0. 403.093 -0.012 1. 0. 1.486 0. 0. 1. 0.
1. 0.013 0. 405.279 -0.013 1. 0. 1.448 0. 0. 1. 0.
1. 0.012 0. 407.524 -0.012 1. 0. 1.464 0. 0. 1. 0.
1. 0.010 0. 409.722 -0.010 1. 0. 1.444 0. 0. 1. 0.
1. 0.010 0. 411.922 -0.010 1. 0. 1.366 0. 0. 1. 0.
1. 0.013 0. 414.105 -0.013 1. 0. 1.375 0. 0. 1. 0.
1. 0.013 0. 416.334 -0.013 1. 0. 1.333 0. 0. 1. 0.
1.000 0.015 0. 418.507 -0.015 1.000 0. 1.291 0. 0. 1. 0.
1.000 0.015 0. 420.741 -0.015 1.000 0. 1.289 0. 0. 1. 0.
1.000 0.018 0. 422.859 -0.018 1.000 0. 1.333 0. 0. 1. 0.
1.000 0.015 0. 425.028 -0.015 1.000 0. 1.246 0. 0. 1. 0.
1.000 0.014 0. 427.179 -0.014 1.000 0. 1.212 0. 0. 1. 0.
1. 0.013 0. 429.291 -0.013 1. 0. 1.180 0. 0. 1. 0.
1. 0.012 0. 431.389 -0.012 1. 0. 1.190 0. 0. 1. 0.
1. 0.008 0. 433.472 -0.008 1. 0. 1.150 0. 0. 1. 0.
1. 0.003 0. 435.558 -0.003 1. 0. 1.133 0. 0. 1. 0.
1. -0.002 0. 437.637 0.002 1. 0. 1.126 0. 0. 1. 0.
1. -0.002 0. 439.632 0.002 1. 0. 1.115 0. 0. 1. 0.
1. -0.006 0. 441.660 0.006 1. 0. 1.155 0. 0. 1. 0.
1. -0.006 0. 443.667 0.006 1. 0. 1.147 0. 0. 1. 0.
1. -0.008 0. 445.625 0.008 1. 0. 1.185 0. 0. 1. 0.
1. -0.009 0. 447.619 0.009 1. 0. 1.223 0. 0. 1. 0.
1. -0.010 0. 449.560 0.010 1. 0. 1.280 0. 0. 1. 0.
1. -0.011 0. 451.444 0.011 1. 0. 1.279 0. 0. 1. 0.
1. -0.010 0. 453.375 0.010 1. 0. 1.293 0. 0. 1. 0.
1. -0.009 0. 455.272 0.009 1. 0. 1.317 0. 0. 1. 0.
1. -0.006 0. 457.148 0.006 1. 0. 1.330 0. 0. 1. 0.
1. -0.006 0. 459.004 0.006 1. 0. 1.387 0. 0. 1. 0.
1. -0.004 0. 460.746 0.004 1. 0. 1.366 0. 0. 1. 0.
1. -0.002 0. 462.452 0.002 1. 0. 1.349 0. 0. 1. 0.
1. -0.000 0. 464.108 0.000 1. 0. 1.358 0. 0. 1. 0.
1. 0.004 0. 465.681 -0.004 1. 0. 1.331 0. 0. 1. 0.
1. 0.011 0. 467.209 -0.011 1. 0. 1.311 0. 0. 1. 0.
1.000 0.020 0. 468.673 -0.020 1.000 0. 1.243 0. 0. 1. 0.
0.999 0.035 0. 470.051 -0.035 0.999 0. 1.154 0. 0. 1. 0.
0.998 0.059 0. 471.411 -0.059 0.998 0. 1.067 0. 0. 1. 0.
0.995 0.097 0. 472.770 -0.097 0.995 0. 0.931 0. 0. 1. 0.
0.989 0.147 0. 473.926 -0.147 0.989 0. 0.638 0. 0. 1. 0.
0.979 0.206 0. 475.173 -0.206 0.979 0. 0.380 0. 0. 1. 0.
0.964 0.265 0. 476.280 -0.265 0.964 0. -0.021 0. 0. 1. 0.
0.944 0.329 0. 477.423 -0.329 0.944 0. -0.557 0. 0. 1. 0.
0.918 0.396 0. 478.492 -0.396 0.918 0. -1.030 0. 0. 1. 0.
0.887 0.461 0. 479.497 -0.461 0.887 0. -1.609 0. 0. 1. 0.
0.849 0.528 0. 480.476 -0.528 0.849 0. -2.309 0. 0. 1. 0.
0.804 0.595 0. 481.362 -0.595 0.804 0. -3.088 0. 0. 1. 0.
0.749 0.663 0. 482.225 -0.663 0.749 0. -3.925 0. 0. 1. 0.
0.683 0.731 0. 482.934 -0.731 0.683 0. -4.862 0. 0. 1. 0.
0.609 0.793 0. 483.552 -0.793 0.609 0. -5.828 0. 0. 1. 0.
0.525 0.851 0. 484.164 -0.851 0.525 0. -6.896 0. 0. 1. 0.
0.437 0.900 0. 484.572 -0.900 0.437 0. -8.027 0. 0. 1. 0.
0.346 0.938 0. 484.924 -0.938 0.346 0. -9.189 0. 0. 1. 0.
0.273 0.962 0. 485.216 -0.962 0.273 0. -10.389 0. 0. 1. 0.
0.218 0.976 0. 485.376 -0.976 0.218 0. -11.679 0. 0. 1. 0.
0.177 0.984 0. 485.607 -0.984 0.177 0. -12.959 0. 0. 1. 0.
0.148 0.989 0. 485.795 -0.989 0.148 0. -14.342 0. 0. 1. 0.
0.127 0.992 0. 485.948 -0.992 0.127 0. -15.718 0. 0. 1. 0.
0.105 0.995 0. 486.031 -0.995 0.105 0. -17.151 0. 0. 1. 0.
0.088 0.996 0. 486.154 -0.996 0.088 0. -18.611 0. 0. 1. 0.
0.074 0.997 0. 486.287 -0.997 0.074 0. -20.075 0. 0. 1. 0.
0.063 0.998 0. 486.340 -0.998 0.063 0. -21.611 0. 0. 1. 0.
0.049 0.999 0. 486.425 -0.999 0.049 0. -23.214 0. 0. 1. 0.
0.038 0.999 0. 486.461 -0.999 0.038 0. -24.793 0. 0. 1. 0.
0.028 1.000 0. 486.461 -1.000 0.028 0. -26.467 0. 0. 1. 0.
0.014 1.000 0. 486.536 -1.000 0.014 0. -28.124 0. 0. 1. 0.
0.004 1. 0. 486.515 -1. 0.004 0. -29.856 0. 0. 1. 0.
-0.007 1. 0. 486.446 -1. -0.007 0. -31.596 0. 0. 1. 0.
-0.017 1.000 0. 486.423 -1.000 -0.017 0. -33.391 0. 0. 1. 0.
-0.025 1.000 0. 486.347 -1.000 -0.025 0. -35.197 0. 0. 1. 0.
-0.029 1.000 0. 486.301 -1.000 -0.029 0. -37.044 0. 0. 1. 0.
-0.034 0.999 0. 486.220 -0.999 -0.034 0. -38.950 0. 0. 1. 0.
-0.037 0.999 0. 486.150 -0.999 -0.037 0. -40.862 0. 0. 1. 0.
-0.037 0.999 0. 486.084 -0.999 -0.037 0. -42.798 0. 0. 1. 0.
-0.038 0.999 0. 486.009 -0.999 -0.038 0. -44.776 0. 0. 1. 0.
-0.039 0.999 0. 485.945 -0.999 -0.039 0. -46.765 0. 0. 1. 0.
-0.041 0.999 0. 485.832 -0.999 -0.041 0. -48.764 0. 0. 1. 0.
-0.046 0.999 0. 485.728 -0.999 -0.046 0. -50.732 0. 0. 1. 0.
-0.051 0.999 0. 485.663 -0.999 -0.051 0. -52.729 0. 0. 1. 0.
-0.055 0.998 0. 485.563 -0.998 -0.055 0. -54.721 0. 0. 1. 0.
-0.055 0.999 0. 485.389 -0.999 -0.055 0. -56.755 0. 0. 1. 0.
-0.054 0.999 0. 485.308 -0.999 -0.054 0. -58.762 0. 0. 1. 0.
-0.052 0.999 0. 485.202 -0.999 -0.052 0. -60.829 0. 0. 1. 0.
-0.051 0.999 0. 485.081 -0.999 -0.051 0. -62.906 0. 0. 1. 0.
-0.051 0.999 0. 484.907 -0.999 -0.051 0. -64.974 0. 0. 1. 0.
-0.051 0.999 0. 484.869 -0.999 -0.051 0. -67.083 0. 0. 1. 0.
-0.052 0.999 0. 484.719 -0.999 -0.052 0. -69.213 0. 0. 1. 0.
-0.054 0.999 0. 484.583 -0.999 -0.054 0. -71.380 0. 0. 1. 0.
-0.056 0.998 0. 484.483 -0.998 -0.056 0. -73.553 0. 0. 1. 0.
-0.058 0.998 0. 484.342 -0.998 -0.058 0. -75.714 0. 0. 1. 0.
-0.058 0.998 0. 484.198 -0.998 -0.058 0. -77.894 0. 0. 1. 0.
-0.060 0.998 0. 484.060 -0.998 -0.060 0. -80.093 0. 0. 1. 0.
-0.064 0.998 0. 483.933 -0.998 -0.064 0. -82.313 0. 0. 1. 0.
-0.069 0.998 0. 483.775 -0.998 -0.069 0. -84.536 0. 0. 1. 0.
-0.074 0.997 0. 483.562 -0.997 -0.074 0. -86.808 0. 0. 1. 0.
-0.082 0.997 0. 483.382 -0.997 -0.082 0. -89.075 0. 0. 1. 0.
-0.092 0.996 0. 483.111 -0.996 -0.092 0. -91.370 0. 0. 1. 0.
-0.100 0.995 0. 482.871 -0.995 -0.100 0. -93.632 0. 0. 1. 0.
-0.111 0.994 0. 482.601 -0.994 -0.111 0. -95.961 0. 0. 1. 0.
-0.119 0.993 0. 482.320 -0.993 -0.119 0. -98.318 0. 0. 1. 0.
-0.125 0.992 0. 481.943 -0.992 -0.125 0. -100.613 0. 0. 1. 0.
-0.134 0.991 0. 481.698 -0.991 -0.134 0. -102.965 0. 0. 1. 0.
-0.141 0.990 0. 481.351 -0.990 -0.141 0. -105.266 0. 0. 1. 0.
-0.147 0.989 0. 481.013 -0.989 -0.147 0. -107.554 0. 0. 1. 0.
-0.155 0.988 0. 480.633 -0.988 -0.155 0. -109.838 0. 0. 1. 0.
-0.162 0.987 0. 480.255 -0.987 -0.162 0. -112.107 0. 0. 1. 0.
-0.168 0.986 0. 479.910 -0.986 -0.168 0. -114.364 0. 0. 1. 0.
-0.174 0.985 0. 479.517 -0.985 -0.174 0. -116.619 0. 0. 1. 0.
-0.181 0.983 0. 479.091 -0.983 -0.181 0. -118.889 0. 0. 1. 0.
-0.187 0.982 0. 478.629 -0.982 -0.187 0. -121.144 0. 0. 1. 0.
-0.197 0.980 0. 478.185 -0.980 -0.197 0. -123.430 0. 0. 1. 0.
-0.205 0.979 0. 477.710 -0.979 -0.205 0. -125.718 0. 0. 1. 0.
-0.214 0.977 0. 477.196 -0.977 -0.214 0. -128.021 0. 0. 1. 0.
-0.223 0.975 0. 476.655 -0.975 -0.223 0. -130.351 0. 0. 1. 0.
-0.231 0.973 0. 476.114 -0.973 -0.231 0. -132.725 0. 0. 1. 0.
-0.240 0.971 0. 475.506 -0.971 -0.240 0. -135.065 0. 0. 1. 0.
-0.252 0.968 0. 474.921 -0.968 -0.252 0. -137.478 0. 0. 1. 0.
-0.264 0.964 0. 474.278 -0.964 -0.264 0. -139.886 0. 0. 1. 0.
-0.279 0.960 0. 473.582 -0.960 -0.279 0. -142.300 0. 0. 1. 0.
-0.294 0.956 0. 472.874 -0.956 -0.294 0. -144.730 0. 0. 1. 0.
-0.309 0.951 0. 472.081 -0.951 -0.309 0. -147.141 0. 0. 1. 0.
-0.324 0.946 0. 471.257 -0.946 -0.324 0. -149.579 0. 0. 1. 0.
-0.337 0.941 0. 470.400 -0.941 -0.337 0. -152.003 0. 0. 1. 0.
-0.349 0.937 0. 469.536 -0.937 -0.349 0. -154.461 0. 0. 1. 0.
-0.361 0.933 0. 468.577 -0.933 -0.361 0. -156.891 0. 0. 1. 0.
-0.373 0.928 0. 467.569 -0.928 -0.373 0. -159.316 0. 0. 1. 0.
-0.385 0.923 0. 466.600 -0.923 -0.385 0. -161.812 0. 0. 1. 0.
-0.398 0.918 0. 465.544 -0.918 -0.398 0. -164.251 0. 0. 1. 0.
-0.409 0.913 0. 464.433 -0.913 -0.409 0. -166.648 0. 0. 1. 0.
-0.419 0.908 0. 463.344 -0.908 -0.419 0. -169.054 0. 0. 1. 0.
-0.429 0.903 0. 462.187 -0.903 -0.429 0. -171.415 0. 0. 1. 0.
-0.439 0.898 0. 461.057 -0.898 -0.439 0. -173.739 0. 0. 1. 0.
-0.449 0.894 0. 459.900 -0.894 -0.449 0. -176.017 0. 0. 1. 0.
-0.456 0.890 0. 458.709 -0.890 -0.456 0. -178.342 0. 0. 1. 0.
-0.464 0.886 0. 457.509 -0.886 -0.464 0. -180.616 0. 0. 1. 0.
-0.469 0.883 0. 456.317 -0.883 -0.469 0. -182.866 0. 0. 1. 0.
-0.473 0.881 0. 455.144 -0.881 -0.473 0. -185.164 0. 0. 1. 0.
-0.479 0.878 0. 453.910 -0.878 -0.479 0. -187.401 0. 0. 1. 0.
-0.483 0.875 0. 452.701 -0.875 -0.483 0. -189.669 0. 0. 1. 0.
-0.490 0.872 0. 451.360 -0.872 -0.490 0. -191.961 0. 0. 1. 0.
-0.495 0.869 0. 450.113 -0.869 -0.495 0. -194.216 0. 0. 1. 0.
-0.499 0.867 0. 448.835 -0.867 -0.499 0. -196.413 0. 0. 1. 0.
-0.503 0.864 0. 447.540 -0.864 -0.503 0. -198.603 0. 0. 1. 0.
-0.507 0.862 0. 446.252 -0.862 -0.507 0. -200.789 0. 0. 1. 0.
-0.512 0.859 0. 444.896 -0.859 -0.512 0. -202.876 0. 0. 1. 0.
-0.515 0.857 0. 443.662 -0.857 -0.515 0. -205.030 0. 0. 1. 0.
-0.515 0.857 0. 442.381 -0.857 -0.515 0. -207.109 0. 0. 1. 0.
-0.517 0.856 0. 441.106 -0.856 -0.517 0. -209.218 0. 0. 1. 0.
-0.516 0.856 0. 439.838 -0.856 -0.516 0. -211.288 0. 0. 1. 0.
-0.519 0.855 0. 438.568 -0.855 -0.519 0. -213.383 0. 0. 1. 0.
-0.517 0.856 0. 437.313 -0.856 -0.517 0. -215.365 0. 0. 1. 0.
-0.516 0.856 0. 436.090 -0.856 -0.516 0. -217.444 0. 0. 1. 0.
-0.516 0.856 0. 434.848 -0.856 -0.516 0. -219.423 0. 0. 1. 0.
-0.514 0.858 0. 433.631 -0.858 -0.514 0. -221.421 0. 0. 1. 0.
-0.510 0.860 0. 432.447 -0.860 -0.510 0. -223.408 0. 0. 1. 0.
-0.507 0.862 0. 431.197 -0.862 -0.507 0. -225.361 0. 0. 1. 0.
-0.501 0.865 0. 430.050 -0.865 -0.501 0. -227.329 0. 0. 1. 0.
-0.499 0.866 0. 428.969 -0.866 -0.499 0. -229.281 0. 0. 1. 0.
-0.495 0.869 0. 427.784 -0.869 -0.495 0. -231.221 0. 0. 1. 0.
-0.493 0.870 0. 426.718 -0.870 -0.493 0. -233.169 0. 0. 1. 0.
-0.492 0.871 0. 425.675 -0.871 -0.492 0. -235.103 0. 0. 1. 0.
-0.491 0.871 0. 424.582 -0.871 -0.491 0. -236.942 0. 0. 1. 0.
-0.491 0.871 0. 423.590 -0.871 -0.491 0. -238.823 0. 0. 1. 0.
-0.490 0.872 0. 422.517 -0.872 -0.490 0. -240.540 0. 0. 1. 0.
-0.489 0.872 0. 421.602 -0.872 -0.489 0. -242.217 0. 0. 1. 0.
-0.489 0.873 0. 420.648 -0.873 -0.489 0. -243.813 0. 0. 1. 0.
-0.489 0.872 0. 419.774 -0.872 -0.489 0. -245.390 0. 0. 1. 0.
-0.492 0.871 0. 418.883 -0.871 -0.492 0. -246.875 0. 0. 1. 0.
-0.498 0.867 0. 418.071 -0.867 -0.498 0. -248.309 0. 0. 1. 0.
-0.512 0.859 0. 417.203 -0.859 -0.512 0. -249.695 0. 0. 1. 0.
-0.535 0.845 0. 416.342 -0.845 -0.535 0. -250.999 0. 0. 1. 0.
-0.576 0.818 0. 415.463 -0.818 -0.576 0. -252.268 0. 0. 1. 0.
-0.628 0.778 0. 414.454 -0.778 -0.628 0. -253.279 0. 0. 1. 0.
-0.685 0.728 0. 413.437 -0.728 -0.685 0. -254.251 0. 0. 1. 0.
-0.741 0.672 0. 412.409 -0.672 -0.741 0. -255.139 0. 0. 1. 0.
-0.789 0.614 0. 411.318 -0.614 -0.789 0. -255.842 0. 0. 1. 0.
-0.833 0.554 0. 410.076 -0.554 -0.833 0. -256.619 0. 0. 1. 0.
-0.870 0.492 0. 408.888 -0.492 -0.870 0. -257.259 0. 0. 1. 0.
-0.902 0.431 0. 407.657 -0.431 -0.902 0. -257.726 0. 0. 1. 0.
-0.929 0.370 0. 406.401 -0.370 -0.929 0. -258.283 0. 0. 1. 0.
-0.949 0.314 0. 405.140 -0.314 -0.949 0. -258.635 0. 0. 1. 0.
-0.964 0.265 0. 403.771 -0.265 -0.964 0. -258.942 0. 0. 1. 0.
-0.975 0.221 0. 402.507 -0.221 -0.975 0. -259.171 0. 0. 1. 0.
-0.983 0.182 0. 401.217 -0.182 -0.983 0. -259.398 0. 0. 1. 0.
-0.989 0.149 0. 399.891 -0.149 -0.989 0. -259.537 0. 0. 1. 0.
-0.993 0.117 0. 398.641 -0.117 -0.993 0. -259.690 0. 0. 1. 0.
-0.996 0.087 0. 397.301 -0.087 -0.996 0. -259.771 0. 0. 1. 0.
-0.998 0.065 0. 396.030 -0.065 -0.998 0. -259.826 0. 0. 1. 0.
-0.999 0.046 0. 394.679 -0.046 -0.999 0. -259.912 0. 0. 1. 0.
-0.999 0.036 0. 393.468 -0.036 -0.999 0. -259.866 0. 0. 1. 0.
-1.000 0.024 0. 392.177 -0.024 -1.000 0. -259.956 0. 0. 1. 0.
-1.000 0.019 0. 390.916 -0.019 -1.000 0. -259.913 0. 0. 1. 0.
-1. 0.012 0. 389.631 -0.012 -1. 0. -259.942 0. 0. 1. 0.
-1. 0.007 0. 388.357 -0.007 -1. 0. -259.954 0. 0. 1. 0.
-1. 0.000 0. 387.128 -0.000 -1. 0. -259.952 0. 0. 1. 0.
-1. -0.004 0. 385.904 0.004 -1. 0. -259.923 0. 0. 1. 0.
-1. -0.011 0. 384.672 0.011 -1. 0. -259.929 0. 0. 1. 0.
-1.000 -0.015 0. 383.436 0.015 -1.000 0. -259.894 0. 0. 1. 0.
-1.000 -0.020 0. 382.190 0.020 -1.000 0. -259.859 0. 0. 1. 0.
-1.000 -0.026 0. 380.973 0.026 -1.000 0. -259.799 0. 0. 1. 0.
-1.000 -0.029 0. 379.733 0.029 -1.000 0. -259.764 0. 0. 1. 0.
-0.999 -0.033 0. 378.463 0.033 -0.999 0. -259.734 0. 0. 1. 0.
-0.999 -0.032 0. 377.213 0.032 -0.999 0. -259.687 0. 0. 1. 0.
-1.000 -0.028 0. 375.928 0.028 -1.000 0. -259.670 0. 0. 1. 0.
-1.000 -0.026 0. 374.600 0.026 -1.000 0. -259.644 0. 0. 1. 0.
-1.000 -0.026 0. 373.225 0.026 -1.000 0. -259.616 0. 0. 1. 0.
-1.000 -0.026 0. 371.847 0.026 -1.000 0. -259.551 0. 0. 1. 0.
-1.000 -0.024 0. 370.422 0.024 -1.000 0. -259.560 0. 0. 1. 0.
-1.000 -0.023 0. 368.961 0.023 -1.000 0. -259.519 0. 0. 1. 0.
-1.000 -0.018 0. 367.534 0.018 -1.000 0. -259.532 0. 0. 1. 0.
-1.000 -0.015 0. 366.036 0.015 -1.000 0. -259.517 0. 0. 1. 0.
-1. -0.011 0. 364.488 0.011 -1. 0. -259.493 0. 0. 1. 0.
-1. -0.008 0. 362.999 0.008 -1. 0. -259.487 0. 0. 1. 0.
-1. -0.007 0. 361.511 0.007 -1. 0. -259.499 0. 0. 1. 0.
-1. -0.003 0. 359.990 0.003 -1. 0. -259.491 0. 0. 1. 0.
-1. -0.001 0. 358.465 0.001 -1. 0. -259.477 0. 0. 1. 0.
-1. 0.001 0. 356.880 -0.001 -1. 0. -259.455 0. 0. 1. 0.
-1. 0.002 0. 355.330 -0.002 -1. 0. -259.519 0. 0. 1. 0.
-1. 0.004 0. 353.832 -0.004 -1. 0. -259.486 0. 0. 1. 0.
-1. 0.004 0. 352.327 -0.004 -1. 0. -259.483 0. 0. 1. 0.
-1. 0.003 0. 350.861 -0.003 -1. 0. -259.487 0. 0. 1. 0.
-1. 0.006 0. 349.443 -0.006 -1. 0. -259.498 0. 0. 1. 0.
-1. 0.006 0. 347.967 -0.006 -1. 0. -259.546 0. 0. 1. 0.
-1. 0.008 0. 346.505 -0.008 -1. 0. -259.521 0. 0. 1. 0.
-1. 0.009 0. 345.015 -0.009 -1. 0. -259.535 0. 0. 1. 0.
-1. 0.010 0. 343.627 -0.010 -1. 0. -259.525 0. 0. 1. 0.
-1. 0.008 0. 342.224 -0.008 -1. 0. -259.527 0. 0. 1. 0.
-1. 0.004 0. 340.695 -0.004 -1. 0. -259.606 0. 0. 1. 0.
-1. 0.005 0. 339.217 -0.005 -1. 0. -259.551 0. 0. 1. 0.
-1. 0.006 0. 337.779 -0.006 -1. 0. -259.584 0. 0. 1. 0.
-1. 0.003 0. 336.314 -0.003 -1. 0. -259.600 0. 0. 1. 0.
-1. 0.002 0. 334.891 -0.002 -1. 0. -259.604 0. 0. 1. 0.
-1. 0.002 0. 333.505 -0.002 -1. 0. -259.580 0. 0. 1. 0.
-1. 0.002 0. 332.107 -0.002 -1. 0. -259.583 0. 0. 1. 0.
-1. -0.000 0. 330.721 0.000 -1. 0. -259.551 0. 0. 1. 0.
-1. -0.004 0. 329.373 0.004 -1. 0. -259.578 0. 0. 1. 0.
-1. -0.004 0. 327.964 0.004 -1. 0. -259.564 0. 0. 1. 0.
-1. -0.005 0. 326.590 0.005 -1. 0. -259.559 0. 0. 1. 0.
-1. -0.004 0. 325.206 0.004 -1. 0. -259.566 0. 0. 1. 0.
-1. -0.004 0. 323.793 0.004 -1. 0. -259.555 0. 0. 1. 0.
-1. -0.005 0. 322.358 0.005 -1. 0. -259.539 0. 0. 1. 0.
-1. -0.007 0. 320.942 0.007 -1. 0. -259.518 0. 0. 1. 0.
-1. -0.008 0. 319.421 0.008 -1. 0. -259.511 0. 0. 1. 0.
-1. -0.008 0. 317.895 0.008 -1. 0. -259.501 0. 0. 1. 0.
-1. -0.007 0. 316.368 0.007 -1. 0. -259.514 0. 0. 1. 0.
-1. -0.004 0. 314.776 0.004 -1. 0. -259.488 0. 0. 1. 0.
-1. -0.003 0. 313.156 0.003 -1. 0. -259.500 0. 0. 1. 0.
-1. -0.002 0. 311.547 0.002 -1. 0. -259.504 0. 0. 1. 0.
-1. -0.001 0. 309.880 0.001 -1. 0. -259.495 0. 0. 1. 0.
-1. -0.002 0. 308.169 0.002 -1. 0. -259.526 0. 0. 1. 0.
-1. -0.001 0. 306.498 0.001 -1. 0. -259.538 0. 0. 1. 0.
-1. -0.002 0. 304.735 0.002 -1. 0. -259.531 0. 0. 1. 0.
-1. 0.001 0. 302.968 -0.001 -1. 0. -259.513 0. 0. 1. 0.
-1. 0.004 0. 301.191 -0.004 -1. 0. -259.517 0. 0. 1. 0.
-1. 0.006 0. 299.400 -0.006 -1. 0. -259.496 0. 0. 1. 0.
-1. 0.008 0. 297.569 -0.008 -1. 0. -259.533 0. 0. 1. 0.
-1. 0.008 0. 295.731 -0.008 -1. 0. -259.554 0. 0. 1. 0.
-1. 0.008 0. 293.906 -0.008 -1. 0. -259.622 0. 0. 1. 0.
-1. 0.009 0. 292.032 -0.009 -1. 0. -259.589 0. 0. 1. 0.
-1. 0.009 0. 290.047 -0.009 -1. 0. -259.657 0. 0. 1. 0.
-1. 0.008 0. 288.234 -0.008 -1. 0. -259.677 0. 0. 1. 0.
-1. 0.006 0. 286.324 -0.006 -1. 0. -259.715 0. 0. 1. 0.
-1. 0.003 0. 284.379 -0.003 -1. 0. -259.702 0. 0. 1. 0.
-1. 0.003 0. 282.432 -0.003 -1. 0. -259.699 0. 0. 1. 0.
-1. -0.000 0. 280.468 0.000 -1. 0. -259.722 0. 0. 1. 0.
-1. -0.002 0. 278.485 0.002 -1. 0. -259.737 0. 0. 1. 0.
-1. -0.002 0. 276.507 0.002 -1. 0. -259.719 0. 0. 1. 0.
-1. -0.004 0. 274.492 0.004 -1. 0. -259.725 0. 0. 1. 0.
-1. -0.006 0. 272.451 0.006 -1. 0. -259.685 0. 0. 1. 0.
-1. -0.008 0. 270.404 0.008 -1. 0. -259.648 0. 0. 1. 0.
-1. -0.010 0. 268.358 0.010 -1. 0. -259.670 0. 0. 1. 0.
-1. -0.011 0. 266.324 0.011 -1. 0. -259.654 0. 0. 1. 0.
-1. -0.012 0. 264.315 0.012 -1. 0. -259.598 0. 0. 1. 0.
-1. -0.012 0. 262.293 0.012 -1. 0. -259.600 0. 0. 1. 0.
-1. -0.013 0. 260.301 0.013 -1. 0. -259.551 0. 0. 1. 0.
-1.000 -0.015 0. 258.297 0.015 -1.000 0. -259.553 0. 0. 1. 0.
-1.000 -0.015 0. 256.309 0.015 -1.000 0. -259.505 0. 0. 1. 0.
-1.000 -0.018 0. 254.294 0.018 -1.000 0. -259.500 0. 0. 1. 0.
-1.000 -0.020 0. 252.302 0.020 -1.000 0. -259.427 0. 0. 1. 0.
-1.000 -0.024 0. 250.295 0.024 -1.000 0. -259.388 0. 0. 1. 0.
-1.000 -0.028 0. 248.281 0.028 -1.000 0. -259.339 0. 0. 1. 0.
-0.999 -0.035 0. 246.286 0.035 -0.999 0. -259.333 0. 0. 1. 0.
-0.999 -0.039 0. 244.323 0.039 -0.999 0. -259.224 0. 0. 1. 0.
-0.999 -0.046 0. 242.300 0.046 -0.999 0. -259.145 0. 0. 1. 0.
-0.999 -0.051 0. 240.320 0.051 -0.999 0. -259.044 0. 0. 1. 0.
-0.998 -0.057 0. 238.362 0.057 -0.998 0. -258.907 0. 0. 1. 0.
-0.998 -0.063 0. 236.397 0.063 -0.998 0. -258.761 0. 0. 1. 0.
-0.998 -0.065 0. 234.486 0.065 -0.998 0. -258.708 0. 0. 1. 0.
-0.998 -0.071 0. 232.562 0.071 -0.998 0. -258.559 0. 0. 1. 0.
-0.997 -0.076 0. 230.635 0.076 -0.997 0. -258.358 0. 0. 1. 0.
-0.997 -0.081 0. 228.725 0.081 -0.997 0. -258.217 0. 0. 1. 0.
-0.997 -0.083 0. 226.834 0.083 -0.997 0. -258.051 0. 0. 1. 0.
-0.996 -0.084 0. 224.958 0.084 -0.996 0. -257.908 0. 0. 1. 0.
-0.997 -0.081 0. 223.048 0.081 -0.997 0. -257.734 0. 0. 1. 0.
-0.997 -0.075 0. 221.154 0.075 -0.997 0. -257.602 0. 0. 1. 0.
-0.998 -0.069 0. 219.249 0.069 -0.998 0. -257.453 0. 0. 1. 0.
-0.998 -0.062 0. 217.343 0.062 -0.998 0. -257.356 0. 0. 1. 0.
-0.999 -0.055 0. 215.419 0.055 -0.999 0. -257.228 0. 0. 1. 0.
-0.999 -0.048 0. 213.494 0.048 -0.999 0. -257.140 0. 0. 1. 0.
-0.999 -0.041 0. 211.544 0.041 -0.999 0. -257.105 0. 0. 1. 0.
-0.999 -0.034 0. 209.597 0.034 -0.999 0. -257.031 0. 0. 1. 0.
-1.000 -0.029 0. 207.630 0.029 -1.000 0. -256.975 0. 0. 1. 0.
-1.000 -0.025 0. 205.662 0.025 -1.000 0. -256.916 0. 0. 1. 0.
-1.000 -0.023 0. 203.694 0.023 -1.000 0. -256.909 0. 0. 1. 0.
-1.000 -0.022 0. 201.700 0.022 -1.000 0. -256.853 0. 0. 1. 0.
-1.000 -0.021 0. 199.719 0.021 -1.000 0. -256.816 0. 0. 1. 0.
-1.000 -0.022 0. 197.733 0.022 -1.000 0. -256.757 0. 0. 1. 0.
-1.000 -0.023 0. 195.742 0.023 -1.000 0. -256.743 0. 0. 1. 0.
-1.000 -0.024 0. 193.696 0.024 -1.000 0. -256.690 0. 0. 1. 0.
-1.000 -0.023 0. 191.674 0.023 -1.000 0. -256.631 0. 0. 1. 0.
-1.000 -0.025 0. 189.640 0.025 -1.000 0. -256.585 0. 0. 1. 0.
-1.000 -0.024 0. 187.628 0.024 -1.000 0. -256.536 0. 0. 1. 0.
-1.000 -0.025 0. 185.544 0.025 -1.000 0. -256.479 0. 0. 1. 0.
-1.000 -0.025 0. 183.509 0.025 -1.000 0. -256.446 0. 0. 1. 0.
-1.000 -0.024 0. 181.437 0.024 -1.000 0. -256.338 0. 0. 1. 0.
-1.000 -0.026 0. 179.336 0.026 -1.000 0. -256.307 0. 0. 1. 0.
-1.000 -0.027 0. 177.219 0.027 -1.000 0. -256.252 0. 0. 1. 0.
-1.000 -0.026 0. 175.110 0.026 -1.000 0. -256.204 0. 0. 1. 0.
-1.000 -0.024 0. 172.964 0.024 -1.000 0. -256.152 0. 0. 1. 0.
-1.000 -0.023 0. 170.818 0.023 -1.000 0. -256.098 0. 0. 1. 0.
-1.000 -0.018 0. 168.673 0.018 -1.000 0. -256.064 0. 0. 1. 0.
-1.000 -0.016 0. 166.516 0.016 -1.000 0. -256.020 0. 0. 1. 0.
-1. -0.012 0. 164.326 0.012 -1. 0. -255.991 0. 0. 1. 0.
-1. -0.010 0. 162.131 0.010 -1. 0. -255.959 0. 0. 1. 0.
-1. -0.007 0. 159.933 0.007 -1. 0. -255.964 0. 0. 1. 0.
-1. -0.005 0. 157.735 0.005 -1. 0. -255.921 0. 0. 1. 0.
-1. -0.003 0. 155.525 0.003 -1. 0. -255.961 0. 0. 1. 0.
-1. -0.002 0. 153.358 0.002 -1. 0. -255.964 0. 0. 1. 0.
-1. -0.001 0. 151.198 0.001 -1. 0. -255.948 0. 0. 1. 0.
-1. -0.001 0. 149.070 0.001 -1. 0. -255.955 0. 0. 1. 0.
-1. 0.001 0. 146.954 -0.001 -1. 0. -255.952 0. 0. 1. 0.
-1. 0.001 0. 144.846 -0.001 -1. 0. -255.977 0. 0. 1. 0.
-1. -0.001 0. 142.775 0.001 -1. 0. -255.975 0. 0. 1. 0.
-1. -0.000 0. 140.717 0.000 -1. 0. -255.985 0. 0. 1. 0.
-1. -0.001 0. 138.719 0.001 -1. 0. -255.974 0. 0. 1. 0.
-1. -0.001 0. 136.799 0.001 -1. 0. -255.983 0. 0. 1. 0.
-1. -0.001 0. 134.946 0.001 -1. 0. -255.950 0. 0. 1. 0.
-1. -0.002 0. 133.181 0.002 -1. 0. -255.960 0. 0. 1. 0.
-1. -0.002 0. 131.487 0.002 -1. 0. -255.946 0. 0. 1. 0.
-1. -0.004 0. 129.869 0.004 -1. 0. -255.931 0. 0. 1. 0.
-1. -0.007 0. 128.319 0.007 -1. 0. -255.940 0. 0. 1. 0.
-1. -0.010 0. 126.835 0.010 -1. 0. -255.897 0. 0. 1. 0.
-1.000 -0.016 0. 125.403 0.016 -1.000 0. -255.850 0. 0. 1. 0.
-1.000 -0.027 0. 124.034 0.027 -1.000 0. -255.830 0. 0. 1. 0.
-0.999 -0.040 0. 122.647 0.040 -0.999 0. -255.740 0. 0. 1. 0.
-0.998 -0.059 0. 121.297 0.059 -0.998 0. -255.645 0. 0. 1. 0.
-0.996 -0.087 0. 119.997 0.087 -0.996 0. -255.526 0. 0. 1. 0.
-0.993 -0.119 0. 118.729 0.119 -0.993 0. -255.336 0. 0. 1. 0.
-0.989 -0.150 0. 117.483 0.150 -0.989 0. -255.130 0. 0. 1. 0.
-0.981 -0.195 0. 116.250 0.195 -0.981 0. -254.839 0. 0. 1. 0.
-0.970 -0.245 0. 115.102 0.245 -0.970 0. -254.494 0. 0. 1. 0.
-0.955 -0.297 0. 113.963 0.297 -0.955 0. -254.104 0. 0. 1. 0.
-0.937 -0.350 0. 112.920 0.350 -0.937 0. -253.696 0. 0. 1. 0.
-0.914 -0.406 0. 111.830 0.406 -0.914 0. -253.152 0. 0. 1. 0.
-0.883 -0.469 0. 110.902 0.469 -0.883 0. -252.574 0. 0. 1. 0.
-0.847 -0.531 0. 109.973 0.531 -0.847 0. -251.934 0. 0. 1. 0.
-0.803 -0.596 0. 109.121 0.596 -0.803 0. -251.143 0. 0. 1. 0.
-0.748 -0.664 0. 108.233 0.664 -0.748 0. -250.328 0. 0. 1. 0.
-0.684 -0.729 0. 107.602 0.729 -0.684 0. -249.358 0. 0. 1. 0.
-0.613 -0.790 0. 106.999 0.790 -0.613 0. -248.420 0. 0. 1. 0.
-0.541 -0.841 0. 106.448 0.841 -0.541 0. -247.438 0. 0. 1. 0.
-0.471 -0.882 0. 105.961 0.882 -0.471 0. -246.259 0. 0. 1. 0.
-0.411 -0.912 0. 105.482 0.912 -0.411 0. -245.097 0. 0. 1. 0.
-0.359 -0.933 0. 105.036 0.933 -0.359 0. -243.849 0. 0. 1. 0.
-0.307 -0.952 0. 104.660 0.952 -0.307 0. -242.527 0. 0. 1. 0.
-0.252 -0.968 0. 104.334 0.968 -0.252 0. -241.207 0. 0. 1. 0.
-0.192 -0.981 0. 104.135 0.981 -0.192 0. -239.779 0. 0. 1. 0.
-0.132 -0.991 0. 104.000 0.991 -0.132 0. -238.300 0. 0. 1. 0.
-0.081 -0.997 0. 103.921 0.997 -0.081 0. -236.810 0. 0. 1. 0.
-0.039 -0.999 0. 103.901 0.999 -0.039 0. -235.271 0. 0. 1. 0.
-0.004 -1. 0. 103.924 1. -0.004 0. -233.659 0. 0. 1. 0.
0.023 -1.000 0. 103.976 1.000 0.023 0. -231.992 0. 0. 1. 0.
0.043 -0.999 0. 104.093 0.999 0.043 0. -230.302 0. 0. 1. 0.
0.058 -0.998 0. 104.216 0.998 0.058 0. -228.606 0. 0. 1. 0.
0.067 -0.998 0. 104.368 0.998 0.067 0. -226.858 0. 0. 1. 0.
0.073 -0.997 0. 104.463 0.997 0.073 0. -225.023 0. 0. 1. 0.
0.072 -0.997 0. 104.594 0.997 0.072 0. -223.206 0. 0. 1. 0.
0.067 -0.998 0. 104.706 0.998 0.067 0. -221.325 0. 0. 1. 0.
0.062 -0.998 0. 104.846 0.998 0.062 0. -219.461 0. 0. 1. 0.
0.053 -0.999 0. 104.949 0.999 0.053 0. -217.526 0. 0. 1. 0.
0.046 -0.999 0. 105.019 0.999 0.046 0. -215.621 0. 0. 1. 0.
0.040 -0.999 0. 105.101 0.999 0.040 0. -213.698 0. 0. 1. 0.
0.033 -0.999 0. 105.147 0.999 0.033 0. -211.798 0. 0. 1. 0.
0.027 -1.000 0. 105.205 1.000 0.027 0. -209.896 0. 0. 1. 0.
0.023 -1.000 0. 105.253 1.000 0.023 0. -208.037 0. 0. 1. 0.
0.018 -1.000 0. 105.243 1.000 0.018 0. -206.189 0. 0. 1. 0.
0.014 -1. 0. 105.281 1. 0.014 0. -204.340 0. 0. 1. 0.
0.011 -1. 0. 105.289 1. 0.011 0. -202.450 0. 0. 1. 0.
0.011 -1. 0. 105.311 1. 0.011 0. -200.607 0. 0. 1. 0.
0.009 -1. 0. 105.325 1. 0.009 0. -198.740 0. 0. 1. 0.
0.009 -1. 0. 105.371 1. 0.009 0. -196.885 0. 0. 1. 0.
0.009 -1. 0. 105.373 1. 0.009 0. -195.052 0. 0. 1. 0.
0.011 -1. 0. 105.383 1. 0.011 0. -193.177 0. 0. 1. 0.
0.011 -1. 0. 105.411 1. 0.011 0. -191.347 0. 0. 1. 0.
0.014 -1. 0. 105.408 1. 0.014 0. -189.504 0. 0. 1. 0.
0.014 -1.000 0. 105.455 1.000 0.014 0. -187.691 0. 0. 1. 0.
0.014 -1.000 0. 105.494 1.000 0.014 0. -185.862 0. 0. 1. 0.
0.010 -1. 0. 105.497 1. 0.010 0. -184.027 0. 0. 1. 0.
0.008 -1. 0. 105.489 1. 0.008 0. -182.173 0. 0. 1. 0.
0.007 -1. 0. 105.509 1. 0.007 0. -180.340 0. 0. 1. 0.
0.006 -1. 0. 105.527 1. 0.006 0. -178.465 0. 0. 1. 0.
0.006 -1. 0. 105.527 1. 0.006 0. -176.611 0. 0. 1. 0.
0.006 -1. 0. 105.544 1. 0.006 0. -174.761 0. 0. 1. 0.
0.006 -1. 0. 105.551 1. 0.006 0. -172.890 0. 0. 1. 0.
0.006 -1. 0. 105.569 1. 0.006 0. -171.072 0. 0. 1. 0.
0.005 -1. 0. 105.570 1. 0.005 0. -169.256 0. 0. 1. 0.
0.003 -1. 0. 105.552 1. 0.003 0. -167.458 0. 0. 1. 0.
0.004 -1. 0. 105.609 1. 0.004 0. -165.680 0. 0. 1. 0.
0.004 -1. 0. 105.576 1. 0.004 0. -163.903 0. 0. 1. 0.
0.006 -1. 0. 105.576 1. 0.006 0. -162.191 0. 0. 1. 0.
0.008 -1. 0. 105.594 1. 0.008 0. -160.497 0. 0. 1. 0.
0.009 -1. 0. 105.617 1. 0.009 0. -158.778 0. 0. 1. 0.
0.011 -1. 0. 105.635 1. 0.011 0. -157.119 0. 0. 1. 0.
0.013 -1. 0. 105.668 1. 0.013 0. -155.453 0. 0. 1. 0.
0.014 -1. 0. 105.684 1. 0.014 0. -153.791 0. 0. 1. 0.
0.013 -1. 0. 105.724 1. 0.013 0. -152.152 0. 0. 1. 0.
0.013 -1. 0. 105.734 1. 0.013 0. -150.515 0. 0. 1. 0.
0.014 -1.000 0. 105.772 1.000 0.014 0. -148.848 0. 0. 1. 0.
0.011 -1. 0. 105.775 1. 0.011 0. -147.161 0. 0. 1. 0.
0.010 -1. 0. 105.799 1. 0.010 0. -145.422 0. 0. 1. 0.
0.009 -1. 0. 105.821 1. 0.009 0. -143.734 0. 0. 1. 0.
0.007 -1. 0. 105.819 1. 0.007 0. -141.972 0. 0. 1. 0.
0.008 -1. 0. 105.868 1. 0.008 0. -140.185 0. 0. 1. 0.
0.008 -1. 0. 105.841 1. 0.008 0. -138.374 0. 0. 1. 0.
0.008 -1. 0. 105.852 1. 0.008 0. -136.543 0. 0. 1. 0.
0.008 -1. 0. 105.847 1. 0.008 0. -134.703 0. 0. 1. 0.
0.010 -1. 0. 105.880 1. 0.010 0. -132.857 0. 0. 1. 0.
0.014 -1. 0. 105.888 1. 0.014 0. -130.956 0. 0. 1. 0.
0.012 -1. 0. 105.936 1. 0.012 0. -129.107 0. 0. 1. 0.
0.012 -1. 0. 105.989 1. 0.012 0. -127.193 0. 0. 1. 0.
0.011 -1. 0. 106.020 1. 0.011 0. -125.322 0. 0. 1. 0.
