1614710324911017 0.98427 0.17669 0.00000 1.71462 0.17669 -0.98427 0.00000 0.66843 0.00000 0.00000 -1.00000 0.00000
1614710325160392 0.98426 0.17671 0.00000 1.71459 0.17671 -0.98426 0.00000 0.66842 0.00000 0.00000 -1.00000 0.00000
1614710325409770 0.98427 0.17669 0.00000 1.71459 0.17669 -0.98427 0.00000 0.66840 0.00000 0.00000 -1.00000 0.00000
1614710325659775 0.98427 0.17668 0.00000 1.71460 0.17668 -0.98427 0.00000 0.66832 0.00000 0.00000 -1.00000 0.00000
1614710325909776 0.98426 0.17670 0.00000 1.71458 0.17670 -0.98426 0.00000 0.66840 0.00000 0.00000 -1.00000 0.00000
1614710326160403 0.98426 0.17672 0.00000 1.71456 0.17672 -0.98426 0.00000 0.66842 0.00000 0.00000 -1.00000 0.00000
1614710326410413 0.98426 0.17673 0.00000 1.71455 0.17673 -0.98426 0.00000 0.66837 0.00000 0.00000 -1.00000 0.00000
1614710326661036 0.98426 0.17675 0.00000 1.71450 0.17675 -0.98426 0.00000 0.66845 0.00000 0.00000 -1.00000 0.00000
1614710326911041 0.98426 0.17673 0.00000 1.71450 0.17673 -0.98426 0.00000 0.66837 0.00000 0.00000 -1.00000 0.00000
1614710327161043 0.98427 0.17669 0.00000 1.71455 0.17669 -0.98427 0.00000 0.66836 0.00000 0.00000 -1.00000 0.00000
1614710327411043 0.98426 0.17672 0.00000 1.71454 0.17672 -0.98426 0.00000 0.66839 0.00000 0.00000 -1.00000 0.00000
1614710327660423 0.98427 0.17670 0.00000 1.71457 0.17670 -0.98427 0.00000 0.66838 0.00000 0.00000 -1.00000 0.00000
1614710327909800 0.98427 0.17669 0.00000 1.71456 0.17669 -0.98427 0.00000 0.66838 0.00000 0.00000 -1.00000 0.00000
1614710328159804 0.98427 0.17668 0.00000 1.71456 0.17668 -0.98427 0.00000 0.66834 0.00000 0.00000 -1.00000 0.00000
1614710328409807 0.98427 0.17669 0.00000 1.71458 0.17669 -0.98427 0.00000 0.66836 0.00000 0.00000 -1.00000 0.00000
1614710328660439 0.98427 0.17668 0.00000 1.71458 0.17668 -0.98427 0.00000 0.66836 0.00000 0.00000 -1.00000 0.00000
1614710328910434 0.98427 0.17667 0.00000 1.71460 0.17667 -0.98427 0.00000 0.66833 0.00000 0.00000 -1.00000 0.00000
1614710329160442 0.98426 0.17671 0.00000 1.71455 0.17671 -0.98426 0.00000 0.66844 0.00000 0.00000 -1.00000 0.00000
1614710329410440 0.98426 0.17673 0.00000 1.71479 0.17673 -0.98426 0.00000 0.66818 0.00000 0.00000 -1.00000 0.00000
1614710329660446 0.98426 0.17671 0.00000 1.71504 0.17671 -0.98426 0.00000 0.66796 0.00000 0.00000 -1.00000 0.00000
1614710329910454 0.98428 0.17661 0.00000 1.70440 0.17661 -0.98428 0.00000 0.66634 0.00000 0.00000 -1.00000 0.00000
1614710330160456 0.98429 0.17656 0.00000 1.67296 0.17656 -0.98429 0.00000 0.66642 0.00000 0.00000 -1.00000 0.00000
1614710330409830 0.98428 0.17662 0.00000 1.63021 0.17662 -0.98428 0.00000 0.66604 0.00000 0.00000 -1.00000 0.00000
1614710330659837 0.98433 0.17631 0.00000 1.57480 0.17631 -0.98433 0.00000 0.66490 0.00000 0.00000 -1.00000 0.00000
1614710330910465 0.98442 0.17584 0.00000 1.49278 0.17584 -0.98442 0.00000 0.66293 0.00000 0.00000 -1.00000 0.00000
1614710331160465 0.98461 0.17475 0.00000 1.35879 0.17475 -0.98461 0.00000 0.65821 0.00000 0.00000 -1.00000 0.00000
1614710331411087 0.98519 0.17148 0.00000 1.15044 0.17148 -0.98519 0.00000 0.64536 0.00000 0.00000 -1.00000 0.00000
1614710331661092 0.98633 0.16477 0.00000 0.86120 0.16477 -0.98633 0.00000 0.62724 0.00000 0.00000 -1.00000 0.00000
1614710331911722 0.98791 0.15503 0.00000 0.48900 0.15503 -0.98791 0.00000 0.60863 0.00000 0.00000 -1.00000 0.00000
1614710332161104 0.98974 0.14288 0.00000 0.03793 0.14288 -0.98974 0.00000 0.58961 0.00000 0.00000 -1.00000 0.00000
1614710332410479 0.99175 0.12819 0.00000 -0.48668 0.12819 -0.99175 0.00000 0.57585 0.00000 0.00000 -1.00000 0.00000
1614710332659852 0.99368 0.11224 0.00000 -1.07983 0.11224 -0.99368 0.00000 0.56716 0.00000 0.00000 -1.00000 0.00000
1614710332909863 0.99555 0.09426 0.00000 -1.73585 0.09426 -0.99555 0.00000 0.57107 0.00000 0.00000 -1.00000 0.00000
1614710333159866 0.99703 0.07706 0.00000 -2.45630 0.07706 -0.99703 0.00000 0.58746 0.00000 0.00000 -1.00000 0.00000
1614710333409864 0.99795 0.06393 0.00000 -3.24015 0.06393 -0.99795 0.00000 0.60577 0.00000 0.00000 -1.00000 0.00000
1614710333660495 0.99845 0.05568 0.00000 -4.09019 0.05568 -0.99845 0.00000 0.63222 0.00000 0.00000 -1.00000 0.00000
1614710333911119 0.99849 0.05491 0.00000 -4.99409 0.05491 -0.99849 0.00000 0.62684 0.00000 0.00000 -1.00000 0.00000
1614710334161127 0.99834 0.05759 0.00000 -5.93762 0.05759 -0.99834 0.00000 0.60251 0.00000 0.00000 -1.00000 0.00000
1614710334411134 0.99815 0.06078 0.00000 -6.93512 0.06078 -0.99815 0.00000 0.58283 0.00000 0.00000 -1.00000 0.00000
1614710334661130 0.99779 0.06640 0.00000 -7.97495 0.06640 -0.99779 0.00000 0.53476 0.00000 0.00000 -1.00000 0.00000
1614710334911139 0.99713 0.07566 0.00000 -9.04594 0.07566 -0.99713 0.00000 0.42974 0.00000 0.00000 -1.00000 0.00000
1614710335161142 0.99621 0.08695 0.00000 -10.13671 0.08695 -0.99621 0.00000 0.31658 0.00000 0.00000 -1.00000 0.00000
1614710335409890 0.99507 0.09917 0.00000 -11.26268 0.09917 -0.99507 0.00000 0.16207 0.00000 0.00000 -1.00000 0.00000
1614710335659899 0.99391 0.11019 0.00000 -12.45555 0.11019 -0.99391 0.00000 0.00904 0.00000 0.00000 -1.00000 0.00000
1614710335909900 0.99232 0.12374 0.00000 -13.65450 0.12374 -0.99232 0.00000 -0.17961 0.00000 0.00000 -1.00000 0.00000
1614710336159903 0.99062 0.13668 0.00000 -14.86138 0.13668 -0.99062 0.00000 -0.38709 0.00000 0.00000 -1.00000 0.00000
1614710336410525 0.98904 0.14763 0.00000 -16.16283 0.14763 -0.98904 0.00000 -0.57067 0.00000 0.00000 -1.00000 0.00000
1614710336661158 0.98734 0.15863 0.00000 -17.48578 0.15863 -0.98734 0.00000 -0.78006 0.00000 0.00000 -1.00000 0.00000
1614710336911158 0.98554 0.16943 0.00000 -18.78439 0.16943 -0.98554 0.00000 -1.00270 0.00000 0.00000 -1.00000 0.00000
1614710337161163 0.98372 0.17971 0.00000 -20.10619 0.17971 -0.98372 0.00000 -1.22726 0.00000 0.00000 -1.00000 0.00000
1614710337411168 0.98259 0.18577 0.00000 -21.40933 0.18577 -0.98259 0.00000 -1.38137 0.00000 0.00000 -1.00000 0.00000
1614710337660567 0.98147 0.19161 0.00000 -22.69980 0.19161 -0.98147 0.00000 -1.53719 0.00000 0.00000 -1.00000 0.00000
1614710337909321 0.98008 0.19858 0.00000 -24.00746 0.19858 -0.98008 0.00000 -1.72422 0.00000 0.00000 -1.00000 0.00000
1614710338158752 0.97911 0.20331 0.00000 -25.39221 0.20331 -0.97911 0.00000 -1.87193 0.00000 0.00000 -1.00000 0.00000
1614710338408703 0.97815 0.20788 0.00000 -26.84907 0.20788 -0.97815 0.00000 -2.02248 0.00000 0.00000 -1.00000 0.00000
1614710338659333 0.97749 0.21099 0.00000 -28.34229 0.21099 -0.97749 0.00000 -2.14198 0.00000 0.00000 -1.00000 0.00000
1614710338909964 0.97684 0.21399 0.00000 -29.91121 0.21399 -0.97684 0.00000 -2.27115 0.00000 0.00000 -1.00000 0.00000
1614710339159962 0.97603 0.21764 0.00000 -31.55317 0.21764 -0.97603 0.00000 -2.41244 0.00000 0.00000 -1.00000 0.00000
1614710339410588 0.97540 0.22045 0.00000 -33.17839 0.22045 -0.97540 0.00000 -2.52487 0.00000 0.00000 -1.00000 0.00000
1614710339661222 0.97444 0.22467 0.00000 -34.90113 0.22467 -0.97444 0.00000 -2.69751 0.00000 0.00000 -1.00000 0.00000
1614710339911221 0.97394 0.22680 0.00000 -36.67919 0.22680 -0.97394 0.00000 -2.80543 0.00000 0.00000 -1.00000 0.00000
1614710340161850 0.97261 0.23246 0.00000 -38.42752 0.23246 -0.97261 0.00000 -3.07448 0.00000 0.00000 -1.00000 0.00000
1614710340411858 0.97179 0.23586 0.00000 -40.25102 0.23586 -0.97179 0.00000 -3.23586 0.00000 0.00000 -1.00000 0.00000
1614710340661854 0.97171 0.23619 0.00000 -42.12455 0.23619 -0.97171 0.00000 -3.28588 0.00000 0.00000 -1.00000 0.00000
1614710340911232 0.97165 0.23643 0.00000 -43.99625 0.23643 -0.97165 0.00000 -3.33487 0.00000 0.00000 -1.00000 0.00000
1614710341160610 0.97152 0.23697 0.00000 -45.91854 0.23697 -0.97152 0.00000 -3.40099 0.00000 0.00000 -1.00000 0.00000
1614710341409993 0.97151 0.23701 0.00000 -47.87763 0.23701 -0.97151 0.00000 -3.44119 0.00000 0.00000 -1.00000 0.00000
1614710341659365 0.97133 0.23775 0.00000 -49.86702 0.23775 -0.97133 0.00000 -3.51559 0.00000 0.00000 -1.00000 0.00000
1614710341909358 0.97118 0.23833 0.00000 -51.92600 0.23833 -0.97118 0.00000 -3.60773 0.00000 0.00000 -1.00000 0.00000
1614710342159984 0.96955 0.24489 0.00000 -53.97069 0.24489 -0.96955 0.00000 -4.00870 0.00000 0.00000 -1.00000 0.00000
1614710342409992 0.96804 0.25080 0.00000 -56.08542 0.25080 -0.96804 0.00000 -4.39064 0.00000 0.00000 -1.00000 0.00000
1614710342660621 0.96639 0.25707 0.00000 -58.24504 0.25707 -0.96639 0.00000 -4.81542 0.00000 0.00000 -1.00000 0.00000
1614710342910638 0.96492 0.26253 0.00000 -60.39339 0.26253 -0.96492 0.00000 -5.21186 0.00000 0.00000 -1.00000 0.00000
1614710343161256 0.96339 0.26810 0.00000 -62.53558 0.26810 -0.96339 0.00000 -5.61032 0.00000 0.00000 -1.00000 0.00000
1614710343411246 0.96168 0.27418 0.00000 -64.66335 0.27418 -0.96168 0.00000 -6.03655 0.00000 0.00000 -1.00000 0.00000
1614710343661257 0.96073 0.27748 0.00000 -66.80833 0.27748 -0.96073 0.00000 -6.29478 0.00000 0.00000 -1.00000 0.00000
1614710343910630 0.95976 0.28081 0.00000 -68.94159 0.28081 -0.95976 0.00000 -6.57826 0.00000 0.00000 -1.00000 0.00000
1614710344160005 0.95979 0.28072 0.00000 -71.09857 0.28072 -0.95979 0.00000 -6.60865 0.00000 0.00000 -1.00000 0.00000
1614710344409379 0.96131 0.27548 0.00000 -73.26311 0.27548 -0.96131 0.00000 -6.25197 0.00000 0.00000 -1.00000 0.00000
1614710344660012 0.96436 0.26461 0.00000 -75.45237 0.26461 -0.96436 0.00000 -5.45688 0.00000 0.00000 -1.00000 0.00000
1614710344910635 0.96799 0.25099 0.00000 -77.61597 0.25099 -0.96799 0.00000 -4.41401 0.00000 0.00000 -1.00000 0.00000
1614710345160644 0.97266 0.23222 0.00000 -79.74642 0.23222 -0.97266 0.00000 -2.94632 0.00000 0.00000 -1.00000 0.00000
1614710345411274 0.97921 0.20283 0.00000 -81.87045 0.20283 -0.97921 0.00000 -0.54466 0.00000 0.00000 -1.00000 0.00000
1614710345661901 0.98635 0.16463 0.00000 -83.86603 0.16463 -0.98635 0.00000 2.61891 0.00000 0.00000 -1.00000 0.00000
1614710345911274 0.99266 0.12094 0.00000 -85.64179 0.12094 -0.99266 0.00000 6.32873 0.00000 0.00000 -1.00000 0.00000
1614710346160664 0.99789 0.06500 0.00000 -87.15155 0.06500 -0.99789 0.00000 11.16050 0.00000 0.00000 -1.00000 0.00000
1614710346410659 1.00000 -0.00115 0.00000 -88.18292 -0.00115 -1.00000 0.00000 16.90935 0.00000 -0.00000 -1.00000 0.00000
1614710346659409 0.99765 -0.06858 0.00000 -88.76582 -0.06858 -0.99765 0.00000 22.79870 0.00000 -0.00000 -1.00000 0.00000
1614710346908790 0.99039 -0.13832 0.00000 -88.84188 -0.13832 -0.99039 0.00000 28.96581 0.00000 -0.00000 -1.00000 0.00000
1614710347158792 0.97874 -0.20509 0.00000 -88.58990 -0.20509 -0.97874 0.00000 34.90323 0.00000 -0.00000 -1.00000 0.00000
1614710347408797 0.96245 -0.27144 0.00000 -87.88485 -0.27144 -0.96245 0.00000 40.90582 0.00000 -0.00000 -1.00000 0.00000
1614710347659429 0.94116 -0.33797 0.00000 -86.70533 -0.33797 -0.94116 0.00000 46.94251 0.00000 -0.00000 -1.00000 0.00000
1614710347909430 0.91543 -0.40248 0.00000 -85.12655 -0.40248 -0.91543 0.00000 52.87178 0.00000 -0.00000 -1.00000 0.00000
1614710348160058 0.88483 -0.46592 0.00000 -83.07647 -0.46592 -0.88483 0.00000 58.71465 0.00000 -0.00000 -1.00000 0.00000
1614710348410684 0.84962 -0.52739 0.00000 -80.54242 -0.52739 -0.84962 0.00000 64.47432 0.00000 -0.00000 -1.00000 0.00000
1614710348660697 0.81047 -0.58578 0.00000 -77.63566 -0.58578 -0.81047 0.00000 69.94927 0.00000 -0.00000 -1.00000 0.00000
1614710348910686 0.77108 -0.63674 0.00000 -74.79703 -0.63674 -0.77108 0.00000 74.78734 0.00000 -0.00000 -1.00000 0.00000
1614710349160700 0.73329 -0.67991 0.00000 -72.23195 -0.67991 -0.73329 0.00000 78.93128 0.00000 -0.00000 -1.00000 0.00000
1614710349410695 0.70092 -0.71324 0.00000 -70.34146 -0.71324 -0.70092 0.00000 82.20777 0.00000 -0.00000 -1.00000 0.00000
1614710349660703 0.66852 -0.74369 0.00000 -68.50515 -0.74369 -0.66852 0.00000 85.23166 0.00000 -0.00000 -1.00000 0.00000
1614710349910078 0.64379 -0.76520 0.00000 -67.63173 -0.76520 -0.64379 0.00000 87.40032 0.00000 -0.00000 -1.00000 0.00000
1614710350160084 0.62504 -0.78059 0.00000 -67.47217 -0.78059 -0.62504 0.00000 88.97599 0.00000 -0.00000 -1.00000 0.00000
1614710350410717 0.61524 -0.78834 0.00000 -68.40456 -0.78834 -0.61524 0.00000 89.78683 0.00000 -0.00000 -1.00000 0.00000
1614710350661336 0.60602 -0.79545 0.00000 -69.45934 -0.79545 -0.60602 0.00000 90.56683 0.00000 -0.00000 -1.00000 0.00000
1614710350911339 0.59724 -0.80206 0.00000 -70.63347 -0.80206 -0.59724 0.00000 91.29981 0.00000 -0.00000 -1.00000 0.00000
1614710351161966 0.59053 -0.80702 0.00000 -72.08374 -0.80702 -0.59053 0.00000 91.83872 0.00000 -0.00000 -1.00000 0.00000
1614710351411350 0.59030 -0.80718 0.00000 -74.30890 -0.80718 -0.59030 0.00000 91.79955 0.00000 -0.00000 -1.00000 0.00000
1614710351661350 0.59305 -0.80516 0.00000 -76.90367 -0.80516 -0.59305 0.00000 91.49405 0.00000 -0.00000 -1.00000 0.00000
1614710351910723 0.59758 -0.80181 0.00000 -79.68844 -0.80181 -0.59758 0.00000 91.00424 0.00000 -0.00000 -1.00000 0.00000
1614710352160104 0.60457 -0.79655 0.00000 -82.74421 -0.79655 -0.60457 0.00000 90.23655 0.00000 -0.00000 -1.00000 0.00000
1614710352410108 0.61382 -0.78944 0.00000 -86.04434 -0.78944 -0.61382 0.00000 89.20829 0.00000 -0.00000 -1.00000 0.00000
1614710352660114 0.62517 -0.78049 0.00000 -89.57283 -0.78049 -0.62517 0.00000 87.90859 0.00000 -0.00000 -1.00000 0.00000
1614710352910742 0.63529 -0.77227 0.00000 -92.95026 -0.77227 -0.63529 0.00000 86.69598 0.00000 -0.00000 -1.00000 0.00000
1614710353160744 0.64552 -0.76374 0.00000 -96.28419 -0.76374 -0.64552 0.00000 85.41095 0.00000 -0.00000 -1.00000 0.00000
1614710353410746 0.65452 -0.75605 0.00000 -99.48295 -0.75605 -0.65452 0.00000 84.21803 0.00000 -0.00000 -1.00000 0.00000
1614710353661375 0.66342 -0.74825 0.00000 -102.66375 -0.74825 -0.66342 0.00000 82.97264 0.00000 -0.00000 -1.00000 0.00000
1614710353911381 0.67225 -0.74033 0.00000 -105.75118 -0.74033 -0.67225 0.00000 81.69634 0.00000 -0.00000 -1.00000 0.00000
1614710354161422 0.68051 -0.73274 0.00000 -108.79732 -0.73274 -0.68051 0.00000 80.45468 0.00000 -0.00000 -1.00000 0.00000
1614710354411376 0.68842 -0.72531 0.00000 -111.73453 -0.72531 -0.68842 0.00000 79.21691 0.00000 -0.00000 -1.00000 0.00000
1614710354660763 0.69918 -0.71495 0.00000 -114.96433 -0.71495 -0.69918 0.00000 77.47647 0.00000 -0.00000 -1.00000 0.00000
1614710354910142 0.71416 -0.69998 0.00000 -118.63329 -0.69998 -0.71416 0.00000 74.95669 0.00000 -0.00000 -1.00000 0.00000
1614710355160145 0.73507 -0.67799 0.00000 -122.83433 -0.67799 -0.73507 0.00000 71.25795 0.00000 -0.00000 -1.00000 0.00000
1614710355410144 0.75707 -0.65334 0.00000 -127.10787 -0.65334 -0.75707 0.00000 67.10679 0.00000 -0.00000 -1.00000 0.00000
1614710355660767 0.77839 -0.62778 0.00000 -131.22844 -0.62778 -0.77839 0.00000 62.78716 0.00000 -0.00000 -1.00000 0.00000
1614710355911401 0.79937 -0.60083 0.00000 -135.20567 -0.60083 -0.79937 0.00000 58.21885 0.00000 -0.00000 -1.00000 0.00000
1614710356161407 0.81868 -0.57425 0.00000 -138.93406 -0.57425 -0.81868 0.00000 53.69470 0.00000 -0.00000 -1.00000 0.00000
1614710356411411 0.83714 -0.54699 0.00000 -142.47769 -0.54699 -0.83714 0.00000 49.04238 0.00000 -0.00000 -1.00000 0.00000
1614710356661422 0.85512 -0.51843 0.00000 -145.84743 -0.51843 -0.85512 0.00000 44.15626 0.00000 -0.00000 -1.00000 0.00000
1614710356911412 0.87149 -0.49041 0.00000 -148.95327 -0.49041 -0.87149 0.00000 39.36650 0.00000 -0.00000 -1.00000 0.00000
1614710357160790 0.88773 -0.46037 0.00000 -151.90536 -0.46037 -0.88773 0.00000 34.20853 0.00000 -0.00000 -1.00000 0.00000
1614710357410170 0.90417 -0.42716 0.00000 -154.70893 -0.42716 -0.90417 0.00000 28.50809 0.00000 -0.00000 -1.00000 0.00000
1614710357660170 0.92278 -0.38534 0.00000 -157.45390 -0.38534 -0.92278 0.00000 21.35363 0.00000 -0.00000 -1.00000 0.00000
1614710357910804 0.94286 -0.33318 0.00000 -159.95096 -0.33318 -0.94286 0.00000 12.47458 0.00000 -0.00000 -1.00000 0.00000
1614710358160808 0.96296 -0.26963 0.00000 -161.92367 -0.26963 -0.96296 0.00000 1.74493 0.00000 -0.00000 -1.00000 0.00000
1614710358410829 0.98043 -0.19685 0.00000 -163.02473 -0.19685 -0.98043 0.00000 -10.42797 0.00000 -0.00000 -1.00000 0.00000
1614710358660811 0.99402 -0.10917 0.00000 -162.79279 -0.10917 -0.99402 0.00000 -24.89463 0.00000 -0.00000 -1.00000 0.00000
1614710358910815 0.99998 -0.00683 0.00000 -160.67274 -0.00683 -0.99998 0.00000 -41.47474 0.00000 -0.00000 -1.00000 0.00000
1614710359160820 0.99470 0.10287 0.00000 -156.38296 0.10287 -0.99470 0.00000 -58.86026 0.00000 0.00000 -1.00000 0.00000
1614710359410193 0.97570 0.21913 0.00000 -149.50670 0.21913 -0.97570 0.00000 -76.87351 0.00000 0.00000 -1.00000 0.00000
1614710359660196 0.94068 0.33929 0.00000 -139.78708 0.33929 -0.94068 0.00000 -94.96209 0.00000 0.00000 -1.00000 0.00000
1614710359910826 0.88619 0.46332 0.00000 -126.68609 0.46332 -0.88619 0.00000 -113.00954 0.00000 0.00000 -1.00000 0.00000
1614710360161453 0.81032 0.58599 0.00000 -110.11787 0.58599 -0.81032 0.00000 -130.06425 0.00000 0.00000 -1.00000 0.00000
1614710360411458 0.71231 0.70186 0.00000 -90.15708 0.70186 -0.71231 0.00000 -145.23976 0.00000 0.00000 -1.00000 0.00000
1614710360661459 0.59084 0.80679 0.00000 -66.71815 0.80679 -0.59084 0.00000 -157.81061 0.00000 0.00000 -1.00000 0.00000
1614710360912090 0.44971 0.89317 0.00000 -40.72446 0.89317 -0.44971 0.00000 -166.65747 0.00000 0.00000 -1.00000 0.00000
1614710361161467 0.29154 0.95656 0.00000 -12.76735 0.95656 -0.29154 0.00000 -171.15414 0.00000 0.00000 -1.00000 0.00000
1614710361410840 0.12005 0.99277 0.00000 16.38081 0.99277 -0.12005 0.00000 -170.76005 0.00000 0.00000 -1.00000 0.00000
1614710361660854 -0.06100 0.99814 0.00000 45.95629 0.99814 0.06100 0.00000 -165.01382 0.00000 0.00000 -1.00000 0.00000
1614710361910228 -0.24290 0.97005 0.00000 74.43649 0.97005 0.24290 0.00000 -153.80428 0.00000 0.00000 -1.00000 0.00000
1614710362160235 -0.41693 0.90894 0.00000 100.39713 0.90894 0.41693 0.00000 -137.53219 0.00000 0.00000 -1.00000 0.00000
1614710362410856 -0.57260 0.81983 0.00000 122.29342 0.81983 0.57260 0.00000 -117.39064 0.00000 0.00000 -1.00000 0.00000
1614710362660861 -0.70196 0.71221 0.00000 139.14607 0.71221 0.70196 0.00000 -95.23842 0.00000 0.00000 -1.00000 0.00000
1614710362912117 -0.80229 0.59694 0.00000 150.86828 0.59694 0.80229 0.00000 -72.94726 0.00000 0.00000 -1.00000 0.00000
1614710363162118 -0.87125 0.49083 0.00000 157.64431 0.49083 0.87125 0.00000 -53.31866 0.00000 0.00000 -1.00000 0.00000
1614710363412117 -0.91980 0.39238 0.00000 161.26500 0.39238 0.91980 0.00000 -35.77010 0.00000 0.00000 -1.00000 0.00000
1614710363662123 -0.95382 0.30039 0.00000 162.66484 0.30039 0.95382 0.00000 -19.84399 0.00000 0.00000 -1.00000 0.00000
1614710363912126 -0.97628 0.21650 0.00000 162.38469 0.21650 0.97628 0.00000 -5.70208 0.00000 0.00000 -1.00000 0.00000
1614710364162132 -0.98863 0.15036 0.00000 160.95770 0.15036 0.98863 0.00000 5.18977 0.00000 0.00000 -1.00000 0.00000
1614710364411509 -0.99443 0.10537 0.00000 159.07807 0.10537 0.99443 0.00000 12.46735 0.00000 0.00000 -1.00000 0.00000
1614710364661513 -0.99658 0.08263 0.00000 157.21107 0.08263 0.99658 0.00000 16.06559 0.00000 0.00000 -1.00000 0.00000
1614710364910887 -0.99721 0.07464 0.00000 155.47499 0.07464 0.99721 0.00000 17.31597 0.00000 0.00000 -1.00000 0.00000
1614710365160891 -0.99692 0.07841 0.00000 153.91335 0.07841 0.99692 0.00000 16.67089 0.00000 0.00000 -1.00000 0.00000
1614710365410886 -0.99597 0.08965 0.00000 152.42018 0.08965 0.99597 0.00000 14.91073 0.00000 0.00000 -1.00000 0.00000
1614710365660901 -0.99370 0.11203 0.00000 150.98557 0.11203 0.99370 0.00000 11.46541 0.00000 0.00000 -1.00000 0.00000
1614710365910907 -0.98901 0.14786 0.00000 149.58498 0.14786 0.98901 0.00000 6.00040 0.00000 0.00000 -1.00000 0.00000
1614710366160907 -0.98115 0.19324 0.00000 147.95110 0.19324 0.98115 0.00000 -0.89809 0.00000 0.00000 -1.00000 0.00000
1614710366410912 -0.97048 0.24117 0.00000 145.92002 0.24117 0.97048 0.00000 -8.17799 0.00000 0.00000 -1.00000 0.00000
1614710366660907 -0.95520 0.29595 0.00000 143.39377 0.29595 0.95520 0.00000 -16.46597 0.00000 0.00000 -1.00000 0.00000
1614710366910285 -0.93586 0.35237 0.00000 140.29817 0.35237 0.93586 0.00000 -25.00311 0.00000 0.00000 -1.00000 0.00000
1614710367159667 -0.91217 0.40981 0.00000 136.57396 0.40981 0.91217 0.00000 -33.68177 0.00000 0.00000 -1.00000 0.00000
1614710367409044 -0.88663 0.46248 0.00000 132.41337 0.46248 0.88663 0.00000 -41.63377 0.00000 0.00000 -1.00000 0.00000
1614710367659681 -0.86087 0.50883 0.00000 128.02997 0.50883 0.86087 0.00000 -48.61033 0.00000 0.00000 -1.00000 0.00000
1614710367909678 -0.83111 0.55612 0.00000 123.09548 0.55612 0.83111 0.00000 -55.68326 0.00000 0.00000 -1.00000 0.00000
1614710368160307 -0.79759 0.60320 0.00000 117.58668 0.60320 0.79759 0.00000 -62.72284 0.00000 0.00000 -1.00000 0.00000
1614710368410937 -0.75914 0.65092 0.00000 111.45250 0.65092 0.75914 0.00000 -69.82890 0.00000 0.00000 -1.00000 0.00000
1614710368660938 -0.72104 0.69289 0.00000 105.20819 0.69289 0.72104 0.00000 -76.04248 0.00000 0.00000 -1.00000 0.00000
1614710368911564 -0.68266 0.73074 0.00000 98.88782 0.73074 0.68266 0.00000 -81.59104 0.00000 0.00000 -1.00000 0.00000
1614710369161567 -0.65079 0.75926 0.00000 93.21627 0.75926 0.65079 0.00000 -85.74226 0.00000 0.00000 -1.00000 0.00000
1614710369410942 -0.62460 0.78094 0.00000 88.13794 0.78094 0.62460 0.00000 -88.87552 0.00000 0.00000 -1.00000 0.00000
1614710369660320 -0.60630 0.79523 0.00000 83.97942 0.79523 0.60630 0.00000 -90.94193 0.00000 0.00000 -1.00000 0.00000
1614710369910330 -0.59363 0.80474 0.00000 80.42869 0.80474 0.59363 0.00000 -92.31864 0.00000 0.00000 -1.00000 0.00000
1614710370160336 -0.58336 0.81222 0.00000 77.15129 0.81222 0.58336 0.00000 -93.37909 0.00000 0.00000 -1.00000 0.00000
1614710370410334 -0.57560 0.81773 0.00000 74.16033 0.81773 0.57560 0.00000 -94.15206 0.00000 0.00000 -1.00000 0.00000
1614710370660959 -0.57401 0.81885 0.00000 71.86467 0.81885 0.57401 0.00000 -94.35025 0.00000 0.00000 -1.00000 0.00000
1614710370910964 -0.57979 0.81477 0.00000 70.41593 0.81477 0.57979 0.00000 -93.88963 0.00000 0.00000 -1.00000 0.00000
1614710371161592 -0.58758 0.80917 0.00000 69.20658 0.80917 0.58758 0.00000 -93.27550 0.00000 0.00000 -1.00000 0.00000
1614710371411592 -0.59935 0.80048 0.00000 68.46289 0.80048 0.59935 0.00000 -92.31476 0.00000 0.00000 -1.00000 0.00000
1614710371661601 -0.61291 0.79015 0.00000 67.94801 0.79015 0.61291 0.00000 -91.18794 0.00000 0.00000 -1.00000 0.00000
1614710371910973 -0.62817 0.77808 0.00000 67.64315 0.77808 0.62817 0.00000 -89.90689 0.00000 0.00000 -1.00000 0.00000
1614710372160980 -0.65138 0.75875 0.00000 68.27809 0.75875 0.65138 0.00000 -87.91271 0.00000 0.00000 -1.00000 0.00000
1614710372410356 -0.68410 0.72939 0.00000 70.03853 0.72939 0.68410 0.00000 -84.92418 0.00000 0.00000 -1.00000 0.00000
1614710372660352 -0.72282 0.69104 0.00000 72.57449 0.69104 0.72282 0.00000 -81.06176 0.00000 0.00000 -1.00000 0.00000
1614710372910356 -0.76441 0.64473 0.00000 75.49614 0.64473 0.76441 0.00000 -76.46291 0.00000 0.00000 -1.00000 0.00000
1614710373160993 -0.80349 0.59532 0.00000 78.18663 0.59532 0.80349 0.00000 -71.63526 0.00000 0.00000 -1.00000 0.00000
1614710373410991 -0.83949 0.54337 0.00000 80.63273 0.54337 0.83949 0.00000 -66.62147 0.00000 0.00000 -1.00000 0.00000
1614710373661621 -0.87351 0.48680 0.00000 82.96034 0.48680 0.87351 0.00000 -61.24037 0.00000 0.00000 -1.00000 0.00000
1614710373910999 -0.90366 0.42825 0.00000 84.93196 0.42825 0.90366 0.00000 -55.71791 0.00000 0.00000 -1.00000 0.00000
1614710374161000 -0.93085 0.36541 0.00000 86.66065 0.36541 0.93085 0.00000 -49.85994 0.00000 0.00000 -1.00000 0.00000
1614710374411015 -0.95277 0.30368 0.00000 87.89486 0.30368 0.95277 0.00000 -44.13165 0.00000 0.00000 -1.00000 0.00000
1614710374660382 -0.97043 0.24139 0.00000 88.73409 0.24139 0.97043 0.00000 -38.42021 0.00000 0.00000 -1.00000 0.00000
1614710374910386 -0.98381 0.17922 0.00000 89.14613 0.17922 0.98381 0.00000 -32.77274 0.00000 0.00000 -1.00000 0.00000
1614710375161016 -0.99359 0.11308 0.00000 89.25622 0.11308 0.99359 0.00000 -26.83869 0.00000 0.00000 -1.00000 0.00000
1614710375411645 -0.99880 0.04906 0.00000 88.92635 0.04906 0.99880 0.00000 -21.13307 0.00000 0.00000 -1.00000 0.00000
1614710375661649 -0.99983 -0.01838 -0.00000 88.21676 -0.01838 0.99983 0.00000 -15.18444 0.00000 0.00000 -1.00000 0.00000
1614710375911649 -0.99659 -0.08255 -0.00000 87.03475 -0.08255 0.99659 0.00000 -9.54129 0.00000 0.00000 -1.00000 0.00000
1614710376161653 -0.99064 -0.13650 -0.00000 85.39600 -0.13650 0.99064 0.00000 -4.85471 0.00000 0.00000 -1.00000 0.00000
1614710376411657 -0.98364 -0.18017 -0.00000 83.50726 -0.18017 0.98364 0.00000 -1.13957 0.00000 0.00000 -1.00000 0.00000
1614710376661035 -0.97667 -0.21476 -0.00000 81.40984 -0.21476 0.97667 0.00000 1.74889 0.00000 0.00000 -1.00000 0.00000
1614710376911659 -0.96995 -0.24328 -0.00000 79.19249 -0.24328 0.96995 0.00000 4.07940 0.00000 0.00000 -1.00000 0.00000
1614710377161037 -0.96409 -0.26557 -0.00000 76.97168 -0.26557 0.96409 0.00000 5.86026 0.00000 0.00000 -1.00000 0.00000
1614710377410417 -0.96070 -0.27758 -0.00000 74.73851 -0.27758 0.96070 0.00000 6.77330 0.00000 0.00000 -1.00000 0.00000
1614710377661036 -0.95895 -0.28356 -0.00000 72.50100 -0.28356 0.95895 0.00000 7.19820 0.00000 0.00000 -1.00000 0.00000
1614710377910419 -0.95910 -0.28306 -0.00000 70.31051 -0.28306 0.95910 0.00000 7.12249 0.00000 0.00000 -1.00000 0.00000
1614710378160432 -0.95966 -0.28117 -0.00000 68.10882 -0.28117 0.95966 0.00000 6.93852 0.00000 0.00000 -1.00000 0.00000
1614710378411055 -0.96026 -0.27909 -0.00000 65.91468 -0.27909 0.96026 0.00000 6.75277 0.00000 0.00000 -1.00000 0.00000
1614710378661057 -0.96091 -0.27688 -0.00000 63.74175 -0.27688 0.96091 0.00000 6.57385 0.00000 0.00000 -1.00000 0.00000
1614710378911688 -0.96213 -0.27259 -0.00000 61.58545 -0.27259 0.96213 0.00000 6.25712 0.00000 0.00000 -1.00000 0.00000
1614710379161067 -0.96316 -0.26892 -0.00000 59.44190 -0.26892 0.96316 0.00000 5.97672 0.00000 0.00000 -1.00000 0.00000
1614710379411065 -0.96447 -0.26419 -0.00000 57.32726 -0.26419 0.96447 0.00000 5.63192 0.00000 0.00000 -1.00000 0.00000
1614710379660451 -0.96581 -0.25925 -0.00000 55.21734 -0.25925 0.96581 0.00000 5.28881 0.00000 0.00000 -1.00000 0.00000
1614710379909826 -0.96775 -0.25191 -0.00000 53.15857 -0.25191 0.96775 0.00000 4.84281 0.00000 0.00000 -1.00000 0.00000
1614710380159828 -0.97096 -0.23924 -0.00000 51.14723 -0.23924 0.97096 0.00000 4.09119 0.00000 0.00000 -1.00000 0.00000
1614710380409832 -0.97335 -0.22932 -0.00000 49.10214 -0.22932 0.97335 0.00000 3.52222 0.00000 0.00000 -1.00000 0.00000
1614710380660453 -0.97524 -0.22116 -0.00000 47.09222 -0.22116 0.97524 0.00000 3.06998 0.00000 0.00000 -1.00000 0.00000
1614710380910461 -0.97657 -0.21518 -0.00000 45.08539 -0.21518 0.97657 0.00000 2.74223 0.00000 0.00000 -1.00000 0.00000
1614710381161089 -0.97780 -0.20955 -0.00000 43.08808 -0.20955 0.97780 0.00000 2.43723 0.00000 0.00000 -1.00000 0.00000
1614710381411721 -0.97878 -0.20489 -0.00000 41.09721 -0.20489 0.97878 0.00000 2.20155 0.00000 0.00000 -1.00000 0.00000
1614710381661725 -0.97959 -0.20101 -0.00000 39.10962 -0.20101 0.97959 0.00000 2.00072 0.00000 0.00000 -1.00000 0.00000
1614710381912352 -0.98048 -0.19662 -0.00000 37.14780 -0.19662 0.98048 0.00000 1.77484 0.00000 0.00000 -1.00000 0.00000
1614710382161730 -0.98065 -0.19578 -0.00000 35.15051 -0.19578 0.98065 0.00000 1.70312 0.00000 0.00000 -1.00000 0.00000
1614710382410485 -0.98092 -0.19444 -0.00000 33.12185 -0.19444 0.98092 0.00000 1.63840 0.00000 0.00000 -1.00000 0.00000
1614710382660485 -0.98119 -0.19307 -0.00000 31.13207 -0.19307 0.98119 0.00000 1.54750 0.00000 0.00000 -1.00000 0.00000
1614710382910490 -0.98128 -0.19259 -0.00000 29.02791 -0.19259 0.98128 0.00000 1.48966 0.00000 0.00000 -1.00000 0.00000
1614710383160491 -0.98161 -0.19089 -0.00000 26.98866 -0.19089 0.98161 0.00000 1.39305 0.00000 0.00000 -1.00000 0.00000
1614710383411118 -0.98235 -0.18703 -0.00000 24.90116 -0.18703 0.98235 0.00000 1.24683 0.00000 0.00000 -1.00000 0.00000
1614710383661740 -0.98398 -0.17829 -0.00000 22.78015 -0.17829 0.98398 0.00000 0.98889 0.00000 0.00000 -1.00000 0.00000
1614710383911746 -0.98518 -0.17153 -0.00000 20.64352 -0.17153 0.98518 0.00000 0.78278 0.00000 0.00000 -1.00000 0.00000
1614710384161752 -0.98605 -0.16643 -0.00000 18.46560 -0.16643 0.98605 0.00000 0.62971 0.00000 0.00000 -1.00000 0.00000
1614710384412383 -0.98649 -0.16379 -0.00000 16.26031 -0.16379 0.98649 0.00000 0.52970 0.00000 0.00000 -1.00000 0.00000
1614710384662379 -0.98690 -0.16136 -0.00000 14.02994 -0.16136 0.98690 0.00000 0.44212 0.00000 0.00000 -1.00000 0.00000
1614710384911756 -0.98732 -0.15875 -0.00000 11.80221 -0.15875 0.98732 0.00000 0.35256 0.00000 0.00000 -1.00000 0.00000
1614710385161765 -0.98754 -0.15736 -0.00000 9.53188 -0.15736 0.98754 0.00000 0.30314 0.00000 0.00000 -1.00000 0.00000
1614710385411144 -0.98751 -0.15757 -0.00000 7.26966 -0.15757 0.98751 0.00000 0.27622 0.00000 0.00000 -1.00000 0.00000
1614710385661148 -0.98687 -0.16155 -0.00000 4.98606 -0.16155 0.98687 0.00000 0.29403 0.00000 0.00000 -1.00000 0.00000
1614710385910517 -0.98590 -0.16736 -0.00000 2.70443 -0.16736 0.98590 0.00000 0.29843 0.00000 0.00000 -1.00000 0.00000
1614710386161151 -0.98516 -0.17163 -0.00000 0.41063 -0.17163 0.98516 0.00000 0.27601 0.00000 0.00000 -1.00000 0.00000
1614710386410531 -0.98439 -0.17600 -0.00000 -1.87542 -0.17600 0.98439 0.00000 0.23012 0.00000 0.00000 -1.00000 0.00000
1614710386661164 -0.98429 -0.17657 -0.00000 -4.16507 -0.17657 0.98429 0.00000 0.18995 0.00000 0.00000 -1.00000 0.00000
1614710386911156 -0.98381 -0.17922 -0.00000 -6.44016 -0.17922 0.98381 0.00000 0.11914 0.00000 0.00000 -1.00000 0.00000
1614710387161165 -0.98318 -0.18266 -0.00000 -8.73892 -0.18266 0.98318 0.00000 0.03987 0.00000 0.00000 -1.00000 0.00000
1614710387411164 -0.98228 -0.18741 -0.00000 -11.06176 -0.18741 0.98228 0.00000 -0.03492 0.00000 0.00000 -1.00000 0.00000
1614710387661170 -0.98164 -0.19074 -0.00000 -13.35657 -0.19074 0.98164 0.00000 -0.08054 0.00000 0.00000 -1.00000 0.00000
1614710387910550 -0.98101 -0.19397 -0.00000 -15.71093 -0.19397 0.98101 0.00000 -0.17430 0.00000 0.00000 -1.00000 0.00000
1614710388160556 -0.98038 -0.19713 -0.00000 -18.06135 -0.19713 0.98038 0.00000 -0.29385 0.00000 0.00000 -1.00000 0.00000
1614710388410557 -0.97950 -0.20144 -0.00000 -20.43390 -0.20144 0.97950 0.00000 -0.43935 0.00000 0.00000 -1.00000 0.00000
1614710388660557 -0.97887 -0.20448 -0.00000 -22.83384 -0.20448 0.97887 0.00000 -0.56668 0.00000 0.00000 -1.00000 0.00000
1614710388911189 -0.97840 -0.20671 -0.00000 -25.23187 -0.20671 0.97840 0.00000 -0.70504 0.00000 0.00000 -1.00000 0.00000
1614710389161811 -0.97773 -0.20989 -0.00000 -27.62673 -0.20989 0.97773 0.00000 -0.86012 0.00000 0.00000 -1.00000 0.00000
1614710389411818 -0.97683 -0.21401 -0.00000 -30.01468 -0.21401 0.97683 0.00000 -1.02141 0.00000 0.00000 -1.00000 0.00000
1614710389661823 -0.97610 -0.21730 -0.00000 -32.37075 -0.21730 0.97610 0.00000 -1.14348 0.00000 0.00000 -1.00000 0.00000
1614710389911823 -0.97529 -0.22094 -0.00000 -34.74207 -0.22094 0.97529 0.00000 -1.29633 0.00000 0.00000 -1.00000 0.00000
1614710390161204 -0.97428 -0.22535 -0.00000 -37.07801 -0.22535 0.97428 0.00000 -1.48522 0.00000 0.00000 -1.00000 0.00000
1614710390410593 -0.97333 -0.22941 -0.00000 -39.36579 -0.22941 0.97333 0.00000 -1.68225 0.00000 0.00000 -1.00000 0.00000
1614710390659953 -0.97243 -0.23318 -0.00000 -41.67271 -0.23318 0.97243 0.00000 -1.88727 0.00000 0.00000 -1.00000 0.00000
1614710390909961 -0.97147 -0.23717 -0.00000 -43.91593 -0.23717 0.97147 0.00000 -2.10652 0.00000 0.00000 -1.00000 0.00000
1614710391159965 -0.97083 -0.23976 -0.00000 -46.13466 -0.23976 0.97083 0.00000 -2.28047 0.00000 0.00000 -1.00000 0.00000
1614710391410594 -0.96964 -0.24453 -0.00000 -48.29695 -0.24453 0.96964 0.00000 -2.56871 0.00000 0.00000 -1.00000 0.00000
1614710391661218 -0.96860 -0.24863 -0.00000 -50.39639 -0.24863 0.96860 0.00000 -2.83299 0.00000 0.00000 -1.00000 0.00000
1614710391911845 -0.96844 -0.24926 -0.00000 -52.47613 -0.24926 0.96844 0.00000 -2.91149 0.00000 0.00000 -1.00000 0.00000
1614710392161845 -0.96820 -0.25020 -0.00000 -54.47895 -0.25020 0.96820 0.00000 -3.01485 0.00000 0.00000 -1.00000 0.00000
1614710392411231 -0.96875 -0.24805 -0.00000 -56.41221 -0.24805 0.96875 0.00000 -2.91326 0.00000 0.00000 -1.00000 0.00000
1614710392661231 -0.97002 -0.24301 -0.00000 -58.29396 -0.24301 0.97002 0.00000 -2.64617 0.00000 0.00000 -1.00000 0.00000
1614710392910612 -0.97328 -0.22963 -0.00000 -60.08609 -0.22963 0.97328 0.00000 -1.86779 0.00000 0.00000 -1.00000 0.00000
1614710393159986 -0.97793 -0.20896 -0.00000 -61.77254 -0.20896 0.97793 0.00000 -0.61863 0.00000 0.00000 -1.00000 0.00000
1614710393409993 -0.98427 -0.17667 -0.00000 -63.32161 -0.17667 0.98427 0.00000 1.40210 0.00000 0.00000 -1.00000 0.00000
1614710393660621 -0.99145 -0.13049 -0.00000 -64.64067 -0.13049 0.99145 0.00000 4.33880 0.00000 0.00000 -1.00000 0.00000
1614710393910624 -0.99748 -0.07101 -0.00000 -65.59076 -0.07101 0.99748 0.00000 8.21343 0.00000 0.00000 -1.00000 0.00000
1614710394161281 -1.00000 0.00130 0.00000 -66.02945 0.00130 1.00000 0.00000 12.91805 0.00000 0.00000 -1.00000 0.00000
1614710394411253 -0.99633 0.08563 0.00000 -65.83588 0.08563 0.99633 0.00000 18.44811 0.00000 0.00000 -1.00000 0.00000
1614710394661885 -0.98347 0.18109 0.00000 -64.83935 0.18109 0.98347 0.00000 24.68111 0.00000 0.00000 -1.00000 0.00000
1614710394911258 -0.95779 0.28747 0.00000 -62.79195 0.28747 0.95779 0.00000 31.62076 0.00000 0.00000 -1.00000 0.00000
1614710395160640 -0.91645 0.40016 0.00000 -59.56792 0.40016 0.91645 0.00000 38.91826 0.00000 0.00000 -1.00000 0.00000
1614710395410017 -0.85864 0.51258 0.00000 -55.18544 0.51258 0.85864 0.00000 46.07581 0.00000 0.00000 -1.00000 0.00000
1614710395660635 -0.78818 0.61545 0.00000 -50.01103 0.61545 0.78818 0.00000 52.57306 0.00000 0.00000 -1.00000 0.00000
1614710395910645 -0.70814 0.70607 0.00000 -44.28675 0.70607 0.70814 0.00000 58.22048 0.00000 0.00000 -1.00000 0.00000
1614710396160654 -0.62378 0.78160 0.00000 -38.38239 0.78160 0.62378 0.00000 62.80993 0.00000 0.00000 -1.00000 0.00000
1614710396410655 -0.53023 0.84785 0.00000 -31.93716 0.84785 0.53023 0.00000 66.77694 0.00000 0.00000 -1.00000 0.00000
1614710396660660 -0.43964 0.89818 0.00000 -25.91220 0.89818 0.43964 0.00000 69.69628 0.00000 0.00000 -1.00000 0.00000
1614710396910660 -0.36414 0.93134 0.00000 -21.22406 0.93134 0.36414 0.00000 71.55768 0.00000 0.00000 -1.00000 0.00000
1614710397161289 -0.31280 0.94982 0.00000 -18.50673 0.94982 0.31280 0.00000 72.56977 0.00000 0.00000 -1.00000 0.00000
1614710397411915 -0.28079 0.95977 0.00000 -17.36398 0.95977 0.28079 0.00000 73.12237 0.00000 0.00000 -1.00000 0.00000
1614710397662542 -0.26472 0.96433 0.00000 -17.52443 0.96433 0.26472 0.00000 73.36502 0.00000 0.00000 -1.00000 0.00000
1614710397912548 -0.26123 0.96528 0.00000 -18.68698 0.96528 0.26123 0.00000 73.41176 0.00000 0.00000 -1.00000 0.00000
1614710398161927 -0.26280 0.96485 0.00000 -20.29166 0.96485 0.26280 0.00000 73.35470 0.00000 0.00000 -1.00000 0.00000
1614710398411941 -0.26395 0.96454 0.00000 -21.93682 0.96454 0.26395 0.00000 73.30916 0.00000 0.00000 -1.00000 0.00000
1614710398660685 -0.26469 0.96433 0.00000 -23.56576 0.96433 0.26469 0.00000 73.25109 0.00000 0.00000 -1.00000 0.00000
1614710398910689 -0.26330 0.96471 0.00000 -25.11794 0.96471 0.26330 0.00000 73.24531 0.00000 0.00000 -1.00000 0.00000
1614710399160689 -0.25950 0.96574 0.00000 -26.53863 0.96574 0.25950 0.00000 73.30560 0.00000 0.00000 -1.00000 0.00000
1614710399410692 -0.25297 0.96747 0.00000 -27.76098 0.96747 0.25297 0.00000 73.46073 0.00000 0.00000 -1.00000 0.00000
1614710399661317 -0.24095 0.97054 0.00000 -28.55736 0.97054 0.24095 0.00000 73.76899 0.00000 0.00000 -1.00000 0.00000
1614710399911941 -0.22473 0.97442 0.00000 -29.07496 0.97442 0.22473 0.00000 74.21296 0.00000 0.00000 -1.00000 0.00000
1614710400161952 -0.20613 0.97853 0.00000 -29.39564 0.97853 0.20613 0.00000 74.72828 0.00000 0.00000 -1.00000 0.00000
1614710400412571 -0.18423 0.98288 0.00000 -29.45368 0.98288 0.18423 0.00000 75.35437 0.00000 0.00000 -1.00000 0.00000
1614710400662581 -0.15547 0.98784 0.00000 -28.98782 0.98784 0.15547 0.00000 76.16322 0.00000 0.00000 -1.00000 0.00000
1614710400911959 -0.12169 0.99257 0.00000 -28.10916 0.99257 0.12169 0.00000 77.11198 0.00000 0.00000 -1.00000 0.00000
1614710401161962 -0.08592 0.99630 0.00000 -27.09132 0.99630 0.08592 0.00000 78.04806 0.00000 0.00000 -1.00000 0.00000
1614710401410715 -0.05092 0.99870 0.00000 -26.10441 0.99870 0.05092 0.00000 78.92790 0.00000 0.00000 -1.00000 0.00000
1614710401660092 -0.02667 0.99964 0.00000 -25.93664 0.99964 0.02667 0.00000 79.46665 0.00000 0.00000 -1.00000 0.00000
1614710401909473 -0.01838 0.99983 0.00000 -27.03289 0.99983 0.01838 0.00000 79.62688 0.00000 0.00000 -1.00000 0.00000
1614710402159521 -0.02536 0.99968 0.00000 -29.43047 0.99968 0.02536 0.00000 79.39065 0.00000 0.00000 -1.00000 0.00000
1614710402409482 -0.05386 0.99855 0.00000 -33.51070 0.99855 0.05386 0.00000 78.47433 0.00000 0.00000 -1.00000 0.00000
1614710402660728 -0.08561 0.99633 0.00000 -37.82525 0.99633 0.08561 0.00000 77.31842 0.00000 0.00000 -1.00000 0.00000
1614710402911355 -0.12167 0.99257 0.00000 -42.45296 0.99257 0.12167 0.00000 75.84377 0.00000 0.00000 -1.00000 0.00000
1614710403161360 -0.14578 0.98932 0.00000 -46.23556 0.98932 0.14578 0.00000 74.75246 0.00000 0.00000 -1.00000 0.00000
1614710403411988 -0.16578 0.98616 0.00000 -49.68539 0.98616 0.16578 0.00000 73.75339 0.00000 0.00000 -1.00000 0.00000
1614710403661993 -0.18384 0.98296 0.00000 -53.01254 0.98296 0.18384 0.00000 72.77687 0.00000 0.00000 -1.00000 0.00000
1614710403911990 -0.19698 0.98041 0.00000 -55.96156 0.98041 0.19698 0.00000 72.02804 0.00000 0.00000 -1.00000 0.00000
1614710404162003 -0.20682 0.97838 0.00000 -58.66967 0.97838 0.20682 0.00000 71.42141 0.00000 0.00000 -1.00000 0.00000
1614710404411379 -0.21566 0.97647 0.00000 -61.29645 0.97647 0.21566 0.00000 70.84434 0.00000 0.00000 -1.00000 0.00000
1614710404661382 -0.22153 0.97515 0.00000 -63.69968 0.97515 0.22153 0.00000 70.43314 0.00000 0.00000 -1.00000 0.00000
1614710404911385 -0.22635 0.97405 0.00000 -65.97385 0.97405 0.22635 0.00000 70.09784 0.00000 0.00000 -1.00000 0.00000
1614710405160759 -0.22876 0.97348 0.00000 -68.10663 0.97348 0.22876 0.00000 69.90564 0.00000 0.00000 -1.00000 0.00000
1614710405410764 -0.23241 0.97262 0.00000 -70.26848 0.97262 0.23241 0.00000 69.60428 0.00000 0.00000 -1.00000 0.00000
1614710405661389 -0.23584 0.97179 0.00000 -72.40483 0.97179 0.23584 0.00000 69.30603 0.00000 0.00000 -1.00000 0.00000
1614710405911397 -0.23752 0.97138 0.00000 -74.37329 0.97138 0.23752 0.00000 69.13901 0.00000 0.00000 -1.00000 0.00000
1614710406162023 -0.24394 0.96979 0.00000 -76.66709 0.96979 0.24394 0.00000 68.59971 0.00000 0.00000 -1.00000 0.00000
1614710406412033 -0.26102 0.96533 0.00000 -79.66176 0.96533 0.26102 0.00000 67.16641 0.00000 0.00000 -1.00000 0.00000
1614710406661397 -0.29222 0.95635 0.00000 -83.52669 0.95635 0.29222 0.00000 64.49928 0.00000 0.00000 -1.00000 0.00000
1614710406911406 -0.33886 0.94084 0.00000 -88.26316 0.94084 0.33886 0.00000 60.25870 0.00000 0.00000 -1.00000 0.00000
1614710407160782 -0.39545 0.91849 0.00000 -93.40265 0.91849 0.39545 0.00000 54.70938 0.00000 0.00000 -1.00000 0.00000
1614710407410792 -0.46138 0.88720 0.00000 -98.72698 0.88720 0.46138 0.00000 47.68478 0.00000 0.00000 -1.00000 0.00000
1614710407661410 -0.53682 0.84370 0.00000 -104.03537 0.84370 0.53682 0.00000 38.81107 0.00000 0.00000 -1.00000 0.00000
1614710407912046 -0.61309 0.79002 0.00000 -108.74906 0.79002 0.61309 0.00000 28.90722 0.00000 0.00000 -1.00000 0.00000
1614710408162051 -0.68595 0.72765 0.00000 -112.52753 0.72765 0.68595 0.00000 18.28182 0.00000 0.00000 -1.00000 0.00000
1614710408412677 -0.75378 0.65712 0.00000 -115.25742 0.65712 0.75378 0.00000 7.12915 0.00000 0.00000 -1.00000 0.00000
1614710408662055 -0.81617 0.57781 0.00000 -116.82353 0.57781 0.81617 0.00000 -4.57145 0.00000 0.00000 -1.00000 0.00000
1614710408912059 -0.87034 0.49245 0.00000 -117.21172 0.49245 0.87034 0.00000 -16.42194 0.00000 0.00000 -1.00000 0.00000
