1608317079518053 0.96760 0.25250 0.00000 -3.78300 0.25250 -0.96760 0.00000 -4.35465 0.00000 0.00000 -1.00000 0.00000
1608317079768059 0.96760 0.25247 0.00000 -3.78311 0.25247 -0.96760 0.00000 -4.35452 0.00000 0.00000 -1.00000 0.00000
1608317080018069 0.96760 0.25247 0.00000 -3.78310 0.25247 -0.96760 0.00000 -4.35452 0.00000 0.00000 -1.00000 0.00000
1608317080268064 0.96761 0.25244 0.00000 -3.78324 0.25244 -0.96761 0.00000 -4.35441 0.00000 0.00000 -1.00000 0.00000
1608317080518063 0.96762 0.25243 0.00000 -3.78333 0.25243 -0.96762 0.00000 -4.35435 0.00000 0.00000 -1.00000 0.00000
1608317080768066 0.96761 0.25244 0.00000 -3.78324 0.25244 -0.96761 0.00000 -4.35440 0.00000 0.00000 -1.00000 0.00000
1608317081018069 0.96762 0.25242 0.00000 -3.78333 0.25242 -0.96762 0.00000 -4.35430 0.00000 0.00000 -1.00000 0.00000
1608317081268075 0.96762 0.25242 0.00000 -3.78337 0.25242 -0.96762 0.00000 -4.35429 0.00000 0.00000 -1.00000 0.00000
1608317081518069 0.96762 0.25241 0.00000 -3.78344 0.25241 -0.96762 0.00000 -4.35424 0.00000 0.00000 -1.00000 0.00000
1608317081768074 0.96762 0.25243 0.00000 -3.78331 0.25243 -0.96762 0.00000 -4.35431 0.00000 0.00000 -1.00000 0.00000
1608317082017457 0.96763 0.25238 0.00000 -3.78350 0.25238 -0.96763 0.00000 -4.35415 0.00000 0.00000 -1.00000 0.00000
1608317082267462 0.96763 0.25236 0.00000 -3.78367 0.25236 -0.96763 0.00000 -4.35404 0.00000 0.00000 -1.00000 0.00000
1608317082518089 0.96762 0.25241 0.00000 -3.78342 0.25241 -0.96762 0.00000 -4.35424 0.00000 0.00000 -1.00000 0.00000
1608317082768091 0.96762 0.25243 0.00000 -3.78330 0.25243 -0.96762 0.00000 -4.35433 0.00000 0.00000 -1.00000 0.00000
1608317083018090 0.96762 0.25242 0.00000 -3.78335 0.25242 -0.96762 0.00000 -4.35430 0.00000 0.00000 -1.00000 0.00000
1608317083268100 0.96761 0.25246 0.00000 -3.78323 0.25246 -0.96761 0.00000 -4.35444 0.00000 0.00000 -1.00000 0.00000
1608317083518140 0.96761 0.25246 0.00000 -3.78318 0.25246 -0.96761 0.00000 -4.35447 0.00000 0.00000 -1.00000 0.00000
1608317083768105 0.96761 0.25246 0.00000 -3.78318 0.25246 -0.96761 0.00000 -4.35445 0.00000 0.00000 -1.00000 0.00000
1608317084018104 0.96761 0.25245 0.00000 -3.78324 0.25245 -0.96761 0.00000 -4.35444 0.00000 0.00000 -1.00000 0.00000
1608317084268105 0.96761 0.25244 0.00000 -3.78331 0.25244 -0.96761 0.00000 -4.35438 0.00000 0.00000 -1.00000 0.00000
1608317084518111 0.96761 0.25243 0.00000 -3.78331 0.25243 -0.96761 0.00000 -4.35434 0.00000 0.00000 -1.00000 0.00000
1608317084768119 0.96761 0.25243 0.00000 -3.78330 0.25243 -0.96761 0.00000 -4.35436 0.00000 0.00000 -1.00000 0.00000
1608317085018116 0.96762 0.25243 0.00000 -3.78335 0.25243 -0.96762 0.00000 -4.35432 0.00000 0.00000 -1.00000 0.00000
1608317085268121 0.96760 0.25247 0.00000 -3.78313 0.25247 -0.96760 0.00000 -4.35452 0.00000 0.00000 -1.00000 0.00000
1608317085518120 0.96761 0.25244 0.00000 -3.78331 0.25244 -0.96761 0.00000 -4.35441 0.00000 0.00000 -1.00000 0.00000
1608317085768131 0.96761 0.25243 0.00000 -3.78333 0.25243 -0.96761 0.00000 -4.35435 0.00000 0.00000 -1.00000 0.00000
1608317086018132 0.96762 0.25242 0.00000 -3.78337 0.25242 -0.96762 0.00000 -4.35430 0.00000 0.00000 -1.00000 0.00000
1608317086268135 0.96762 0.25240 0.00000 -3.78350 0.25240 -0.96762 0.00000 -4.35422 0.00000 0.00000 -1.00000 0.00000
1608317086518136 0.96762 0.25240 0.00000 -3.78349 0.25240 -0.96762 0.00000 -4.35425 0.00000 0.00000 -1.00000 0.00000
1608317086768136 0.96761 0.25245 0.00000 -3.78328 0.25245 -0.96761 0.00000 -4.35441 0.00000 0.00000 -1.00000 0.00000
1608317087017517 0.96761 0.25245 0.00000 -3.78321 0.25245 -0.96761 0.00000 -4.35444 0.00000 0.00000 -1.00000 0.00000
1608317087267522 0.96761 0.25243 0.00000 -3.78330 0.25243 -0.96761 0.00000 -4.35437 0.00000 0.00000 -1.00000 0.00000
1608317087518146 0.96762 0.25242 0.00000 -3.78344 0.25242 -0.96762 0.00000 -4.35430 0.00000 0.00000 -1.00000 0.00000
1608317087767524 0.96761 0.25244 0.00000 -3.78331 0.25244 -0.96761 0.00000 -4.35441 0.00000 0.00000 -1.00000 0.00000
1608317088017539 0.96761 0.25244 0.00000 -3.78328 0.25244 -0.96761 0.00000 -4.35440 0.00000 0.00000 -1.00000 0.00000
1608317088268157 0.96761 0.25245 0.00000 -3.78326 0.25245 -0.96761 0.00000 -4.35443 0.00000 0.00000 -1.00000 0.00000
1608317088518158 0.96762 0.25243 0.00000 -3.78338 0.25243 -0.96762 0.00000 -4.35436 0.00000 0.00000 -1.00000 0.00000
1608317088768785 0.96761 0.25243 0.00000 -3.78336 0.25243 -0.96761 0.00000 -4.35437 0.00000 0.00000 -1.00000 0.00000
1608317089018788 0.96761 0.25244 0.00000 -3.78331 0.25244 -0.96761 0.00000 -4.35437 0.00000 0.00000 -1.00000 0.00000
1608317089268800 0.96761 0.25246 0.00000 -3.78317 0.25246 -0.96761 0.00000 -4.35448 0.00000 0.00000 -1.00000 0.00000
1608317089518802 0.96760 0.25247 0.00000 -3.78318 0.25247 -0.96760 0.00000 -4.35451 0.00000 0.00000 -1.00000 0.00000
1608317089768799 0.96761 0.25245 0.00000 -3.78329 0.25245 -0.96761 0.00000 -4.35444 0.00000 0.00000 -1.00000 0.00000
1608317090018805 0.96761 0.25245 0.00000 -3.78327 0.25245 -0.96761 0.00000 -4.35443 0.00000 0.00000 -1.00000 0.00000
1608317090269438 0.96761 0.25244 0.00000 -3.78329 0.25244 -0.96761 0.00000 -4.35438 0.00000 0.00000 -1.00000 0.00000
1608317090518815 0.96761 0.25244 0.00000 -3.78329 0.25244 -0.96761 0.00000 -4.35440 0.00000 0.00000 -1.00000 0.00000
1608317090769438 0.96761 0.25243 0.00000 -3.78336 0.25243 -0.96761 0.00000 -4.35437 0.00000 0.00000 -1.00000 0.00000
1608317091019440 0.96762 0.25243 0.00000 -3.78339 0.25243 -0.96762 0.00000 -4.35433 0.00000 0.00000 -1.00000 0.00000
1608317091269449 0.96760 0.25247 0.00000 -3.78316 0.25247 -0.96760 0.00000 -4.35453 0.00000 0.00000 -1.00000 0.00000
1608317091519454 0.96761 0.25246 0.00000 -3.78322 0.25246 -0.96761 0.00000 -4.35446 0.00000 0.00000 -1.00000 0.00000
1608317091769452 0.96760 0.25249 0.00000 -3.78311 0.25249 -0.96760 0.00000 -4.35469 0.00000 0.00000 -1.00000 0.00000
1608317092019457 0.96760 0.25249 0.00000 -3.78309 0.25249 -0.96760 0.00000 -4.35456 0.00000 0.00000 -1.00000 0.00000
1608317092269452 0.96764 0.25234 0.00000 -3.78373 0.25234 -0.96764 0.00000 -4.35409 0.00000 0.00000 -1.00000 0.00000
1608317092518831 0.96762 0.25242 0.00000 -3.78412 0.25242 -0.96762 0.00000 -4.35486 0.00000 0.00000 -1.00000 0.00000
1608317092768837 0.96727 0.25374 0.00000 -3.77794 0.25374 -0.96727 0.00000 -4.35975 0.00000 0.00000 -1.00000 0.00000
1608317093019462 0.96704 0.25462 0.00000 -3.77112 0.25462 -0.96704 0.00000 -4.36539 0.00000 0.00000 -1.00000 0.00000
1608317093269469 0.96685 0.25534 0.00000 -3.77074 0.25534 -0.96685 0.00000 -4.36913 0.00000 0.00000 -1.00000 0.00000
1608317093519468 0.96583 0.25916 0.00000 -3.76610 0.25916 -0.96583 0.00000 -4.38297 0.00000 0.00000 -1.00000 0.00000
1608317093769469 0.96276 0.27037 0.00000 -3.75689 0.27037 -0.96276 0.00000 -4.42351 0.00000 0.00000 -1.00000 0.00000
1608317094019480 0.95712 0.28970 0.00000 -3.75018 0.28970 -0.95712 0.00000 -4.49177 0.00000 0.00000 -1.00000 0.00000
1608317094268856 0.94737 0.32013 0.00000 -3.73325 0.32013 -0.94737 0.00000 -4.59777 0.00000 0.00000 -1.00000 0.00000
1608317094518855 0.93199 0.36249 0.00000 -3.71043 0.36249 -0.93199 0.00000 -4.74870 0.00000 0.00000 -1.00000 0.00000
1608317094768858 0.90945 0.41581 0.00000 -3.67521 0.41581 -0.90945 0.00000 -4.93633 0.00000 0.00000 -1.00000 0.00000
1608317095018863 0.88211 0.47105 0.00000 -3.66258 0.47105 -0.88211 0.00000 -5.12628 0.00000 0.00000 -1.00000 0.00000
1608317095269491 0.85569 0.51749 0.00000 -3.73467 0.51749 -0.85569 0.00000 -5.29212 0.00000 0.00000 -1.00000 0.00000
1608317095520116 0.83738 0.54662 0.00000 -3.95886 0.54662 -0.83738 0.00000 -5.41362 0.00000 0.00000 -1.00000 0.00000
1608317095770123 0.82606 0.56358 0.00000 -4.31155 0.56358 -0.82606 0.00000 -5.50010 0.00000 0.00000 -1.00000 0.00000
1608317096020138 0.82764 0.56126 0.00000 -4.83294 0.56126 -0.82764 0.00000 -5.48633 0.00000 0.00000 -1.00000 0.00000
1608317096270132 0.83783 0.54594 0.00000 -5.49094 0.54594 -0.83783 0.00000 -5.42672 0.00000 0.00000 -1.00000 0.00000
1608317096520755 0.85289 0.52209 0.00000 -6.24929 0.52209 -0.85289 0.00000 -5.27774 0.00000 0.00000 -1.00000 0.00000
1608317096770757 0.87082 0.49160 0.00000 -7.08728 0.49160 -0.87082 0.00000 -5.07339 0.00000 0.00000 -1.00000 0.00000
1608317097020137 0.88973 0.45649 0.00000 -7.99877 0.45649 -0.88973 0.00000 -4.80388 0.00000 0.00000 -1.00000 0.00000
1608317097270144 0.90835 0.41821 0.00000 -8.96758 0.41821 -0.90835 0.00000 -4.47918 0.00000 0.00000 -1.00000 0.00000
1608317097519516 0.92590 0.37778 0.00000 -9.99272 0.37778 -0.92590 0.00000 -4.10801 0.00000 0.00000 -1.00000 0.00000
1608317097768897 0.94203 0.33554 0.00000 -11.06408 0.33554 -0.94203 0.00000 -3.66295 0.00000 0.00000 -1.00000 0.00000
1608317098018903 0.95521 0.29592 0.00000 -12.18148 0.29592 -0.95521 0.00000 -3.22481 0.00000 0.00000 -1.00000 0.00000
1608317098269532 0.96559 0.26009 0.00000 -13.30388 0.26009 -0.96559 0.00000 -2.76462 0.00000 0.00000 -1.00000 0.00000
1608317098518280 0.97240 0.23331 0.00000 -14.44753 0.23331 -0.97240 0.00000 -2.45215 0.00000 0.00000 -1.00000 0.00000
1608317098768909 0.97618 0.21695 0.00000 -15.67114 0.21695 -0.97618 0.00000 -2.19949 0.00000 0.00000 -1.00000 0.00000
1608317099018287 0.97876 0.20502 0.00000 -16.92674 0.20502 -0.97876 0.00000 -2.03237 0.00000 0.00000 -1.00000 0.00000
1608317099268291 0.97957 0.20109 0.00000 -18.16947 0.20109 -0.97957 0.00000 -2.00822 0.00000 0.00000 -1.00000 0.00000
1608317099518299 0.98013 0.19835 0.00000 -19.47727 0.19835 -0.98013 0.00000 -1.96526 0.00000 0.00000 -1.00000 0.00000
1608317099768296 0.97990 0.19948 0.00000 -20.83760 0.19948 -0.97990 0.00000 -2.03284 0.00000 0.00000 -1.00000 0.00000
1608317100018929 0.97934 0.20221 0.00000 -22.29014 0.20221 -0.97934 0.00000 -2.12076 0.00000 0.00000 -1.00000 0.00000
1608317100268928 0.97856 0.20597 0.00000 -23.81117 0.20597 -0.97856 0.00000 -2.22976 0.00000 0.00000 -1.00000 0.00000
1608317100518929 0.97755 0.21070 0.00000 -25.38530 0.21070 -0.97755 0.00000 -2.38916 0.00000 0.00000 -1.00000 0.00000
1608317100768930 0.97645 0.21574 0.00000 -27.00484 0.21574 -0.97645 0.00000 -2.55103 0.00000 0.00000 -1.00000 0.00000
1608317101019562 0.97525 0.22109 0.00000 -28.64306 0.22109 -0.97525 0.00000 -2.75396 0.00000 0.00000 -1.00000 0.00000
1608317101269565 0.97444 0.22463 0.00000 -30.34714 0.22463 -0.97444 0.00000 -2.90191 0.00000 0.00000 -1.00000 0.00000
1608317101519568 0.97269 0.23210 0.00000 -32.04711 0.23210 -0.97269 0.00000 -3.14648 0.00000 0.00000 -1.00000 0.00000
1608317101769568 0.97174 0.23605 0.00000 -33.71463 0.23605 -0.97174 0.00000 -3.30687 0.00000 0.00000 -1.00000 0.00000
1608317102019572 0.97030 0.24191 0.00000 -35.48031 0.24191 -0.97030 0.00000 -3.51447 0.00000 0.00000 -1.00000 0.00000
1608317102269583 0.96840 0.24942 0.00000 -37.25344 0.24942 -0.96840 0.00000 -3.87456 0.00000 0.00000 -1.00000 0.00000
1608317102519579 0.96612 0.25808 0.00000 -39.01290 0.25808 -0.96612 0.00000 -4.23328 0.00000 0.00000 -1.00000 0.00000
1608317102768953 0.96443 0.26434 0.00000 -40.83508 0.26434 -0.96443 0.00000 -4.52952 0.00000 0.00000 -1.00000 0.00000
1608317103018959 0.96295 0.26970 0.00000 -42.65042 0.26970 -0.96295 0.00000 -4.79077 0.00000 0.00000 -1.00000 0.00000
1608317103269589 0.96187 0.27351 0.00000 -44.46405 0.27351 -0.96187 0.00000 -5.00470 0.00000 0.00000 -1.00000 0.00000
1608317103519593 0.96225 0.27215 0.00000 -46.34181 0.27215 -0.96225 0.00000 -4.97315 0.00000 0.00000 -1.00000 0.00000
1608317103769596 0.96331 0.26837 0.00000 -48.27322 0.26837 -0.96331 0.00000 -4.82090 0.00000 0.00000 -1.00000 0.00000
1608317104019610 0.96423 0.26507 0.00000 -50.24471 0.26507 -0.96423 0.00000 -4.70097 0.00000 0.00000 -1.00000 0.00000
1608317104269603 0.96444 0.26430 0.00000 -52.25942 0.26430 -0.96444 0.00000 -4.69961 0.00000 0.00000 -1.00000 0.00000
1608317104519610 0.96390 0.26628 0.00000 -54.27309 0.26628 -0.96390 0.00000 -4.85385 0.00000 0.00000 -1.00000 0.00000
1608317104769610 0.96381 0.26660 0.00000 -56.34113 0.26660 -0.96381 0.00000 -4.91933 0.00000 0.00000 -1.00000 0.00000
1608317105019610 0.96350 0.26772 0.00000 -58.41304 0.26772 -0.96350 0.00000 -5.04269 0.00000 0.00000 -1.00000 0.00000
1608317105269615 0.96343 0.26795 0.00000 -60.48294 0.26795 -0.96343 0.00000 -5.11201 0.00000 0.00000 -1.00000 0.00000
1608317105519617 0.96349 0.26774 0.00000 -62.54844 0.26774 -0.96349 0.00000 -5.14432 0.00000 0.00000 -1.00000 0.00000
1608317105769615 0.96367 0.26709 0.00000 -64.60901 0.26709 -0.96367 0.00000 -5.12302 0.00000 0.00000 -1.00000 0.00000
1608317106019622 0.96589 0.25895 0.00000 -66.69621 0.25895 -0.96589 0.00000 -4.58933 0.00000 0.00000 -1.00000 0.00000
1608317106269625 0.96835 0.24961 0.00000 -68.76940 0.24961 -0.96835 0.00000 -3.98515 0.00000 0.00000 -1.00000 0.00000
1608317106520248 0.97039 0.24154 0.00000 -70.85700 0.24154 -0.97039 0.00000 -3.45144 0.00000 0.00000 -1.00000 0.00000
1608317106770256 0.97233 0.23360 0.00000 -72.92243 0.23360 -0.97233 0.00000 -2.90494 0.00000 0.00000 -1.00000 0.00000
1608317107020260 0.97463 0.22383 0.00000 -74.99117 0.22383 -0.97463 0.00000 -2.20507 0.00000 0.00000 -1.00000 0.00000
1608317107270265 0.97724 0.21214 0.00000 -77.05873 0.21214 -0.97724 0.00000 -1.34208 0.00000 0.00000 -1.00000 0.00000
1608317107520266 0.98067 0.19569 0.00000 -79.09520 0.19569 -0.98067 0.00000 -0.06686 0.00000 0.00000 -1.00000 0.00000
1608317107770267 0.98547 0.16983 0.00000 -81.10608 0.16983 -0.98547 0.00000 2.01014 0.00000 0.00000 -1.00000 0.00000
1608317108020273 0.99106 0.13339 0.00000 -83.01096 0.13339 -0.99106 0.00000 4.98675 0.00000 0.00000 -1.00000 0.00000
1608317108270900 0.99636 0.08522 0.00000 -84.66301 0.08522 -0.99636 0.00000 9.00901 0.00000 0.00000 -1.00000 0.00000
1608317108520895 0.99953 0.03064 0.00000 -86.05999 0.03064 -0.99953 0.00000 13.63155 0.00000 0.00000 -1.00000 0.00000
1608317108770273 0.99975 -0.02250 0.00000 -87.21450 -0.02250 -0.99975 0.00000 18.16956 0.00000 -0.00000 -1.00000 0.00000
1608317109019028 0.99688 -0.07895 0.00000 -88.02752 -0.07895 -0.99688 0.00000 23.07114 0.00000 -0.00000 -1.00000 0.00000
1608317109268410 0.99090 -0.13464 0.00000 -88.55361 -0.13464 -0.99090 0.00000 27.95237 0.00000 -0.00000 -1.00000 0.00000
1608317109517790 0.98162 -0.19084 0.00000 -88.78469 -0.19084 -0.98162 0.00000 32.95444 0.00000 -0.00000 -1.00000 0.00000
1608317109767164 0.96827 -0.24992 0.00000 -88.60292 -0.24992 -0.96827 0.00000 38.28814 0.00000 -0.00000 -1.00000 0.00000
1608317110017174 0.95030 -0.31133 0.00000 -87.94512 -0.31133 -0.95030 0.00000 43.86938 0.00000 -0.00000 -1.00000 0.00000
1608317110267174 0.92773 -0.37326 0.00000 -86.85409 -0.37326 -0.92773 0.00000 49.57168 0.00000 -0.00000 -1.00000 0.00000
1608317110516560 0.89858 -0.43881 0.00000 -85.07470 -0.43881 -0.89858 0.00000 55.68022 0.00000 -0.00000 -1.00000 0.00000
1608317110766557 0.86350 -0.50436 0.00000 -82.68593 -0.50436 -0.86350 0.00000 61.85773 0.00000 -0.00000 -1.00000 0.00000
1608317111017182 0.82333 -0.56757 0.00000 -79.79488 -0.56757 -0.82333 0.00000 67.87214 0.00000 -0.00000 -1.00000 0.00000
1608317111267184 0.77875 -0.62733 0.00000 -76.49505 -0.62733 -0.77875 0.00000 73.62678 0.00000 -0.00000 -1.00000 0.00000
1608317111517189 0.73078 -0.68261 0.00000 -72.87601 -0.68261 -0.73078 0.00000 79.04669 0.00000 -0.00000 -1.00000 0.00000
1608317111767189 0.68058 -0.73267 0.00000 -69.03482 -0.73267 -0.68058 0.00000 84.00844 0.00000 -0.00000 -1.00000 0.00000
1608317112016578 0.63317 -0.77401 0.00000 -65.57529 -0.77401 -0.63317 0.00000 88.16431 0.00000 -0.00000 -1.00000 0.00000
1608317112265947 0.59878 -0.80092 0.00000 -63.58939 -0.80092 -0.59878 0.00000 90.89820 0.00000 -0.00000 -1.00000 0.00000
1608317112515950 0.57735 -0.81650 0.00000 -63.08246 -0.81650 -0.57735 0.00000 92.52124 0.00000 -0.00000 -1.00000 0.00000
1608317112766575 0.56217 -0.82702 0.00000 -63.27400 -0.82702 -0.56217 0.00000 93.65631 0.00000 -0.00000 -1.00000 0.00000
1608317113015953 0.55848 -0.82952 0.00000 -64.77024 -0.82952 -0.55848 0.00000 93.91546 0.00000 -0.00000 -1.00000 0.00000
1608317113266583 0.55634 -0.83096 0.00000 -66.47096 -0.83096 -0.55634 0.00000 94.07727 0.00000 -0.00000 -1.00000 0.00000
1608317113516590 0.55406 -0.83248 0.00000 -68.16285 -0.83248 -0.55406 0.00000 94.23821 0.00000 -0.00000 -1.00000 0.00000
1608317113765961 0.55885 -0.82927 0.00000 -70.65345 -0.82927 -0.55885 0.00000 93.79120 0.00000 -0.00000 -1.00000 0.00000
1608317114015963 0.56482 -0.82521 0.00000 -73.28471 -0.82521 -0.56482 0.00000 93.23943 0.00000 -0.00000 -1.00000 0.00000
1608317114266601 0.57430 -0.81864 0.00000 -76.30863 -0.81864 -0.57430 0.00000 92.33559 0.00000 -0.00000 -1.00000 0.00000
1608317114515974 0.58773 -0.80906 0.00000 -79.76491 -0.80906 -0.58773 0.00000 91.01237 0.00000 -0.00000 -1.00000 0.00000
1608317114765978 0.60603 -0.79544 0.00000 -83.77345 -0.79544 -0.60603 0.00000 89.12883 0.00000 -0.00000 -1.00000 0.00000
1608317115016604 0.62579 -0.77999 0.00000 -87.90299 -0.77999 -0.62579 0.00000 86.93871 0.00000 -0.00000 -1.00000 0.00000
1608317115266607 0.64490 -0.76426 0.00000 -91.96177 -0.76426 -0.64490 0.00000 84.68242 0.00000 -0.00000 -1.00000 0.00000
1608317115516655 0.66655 -0.74546 0.00000 -96.28125 -0.74546 -0.66655 0.00000 81.94076 0.00000 -0.00000 -1.00000 0.00000
1608317115767241 0.68938 -0.72440 0.00000 -100.69755 -0.72440 -0.68938 0.00000 78.85760 0.00000 -0.00000 -1.00000 0.00000
1608317116017241 0.70841 -0.70580 0.00000 -104.69087 -0.70580 -0.70841 0.00000 76.09960 0.00000 -0.00000 -1.00000 0.00000
1608317116267241 0.72628 -0.68740 0.00000 -108.57306 -0.68740 -0.72628 0.00000 73.33159 0.00000 -0.00000 -1.00000 0.00000
1608317116517251 0.74178 -0.67065 0.00000 -112.15110 -0.67065 -0.74178 0.00000 70.78923 0.00000 -0.00000 -1.00000 0.00000
1608317116767252 0.75632 -0.65421 0.00000 -115.63914 -0.65421 -0.75632 0.00000 68.25933 0.00000 -0.00000 -1.00000 0.00000
1608317117017252 0.76962 -0.63851 0.00000 -119.00536 -0.63851 -0.76962 0.00000 65.80137 0.00000 -0.00000 -1.00000 0.00000
1608317117267880 0.78208 -0.62317 0.00000 -122.24304 -0.62317 -0.78208 0.00000 63.39495 0.00000 -0.00000 -1.00000 0.00000
1608317117517879 0.79229 -0.61015 0.00000 -125.29309 -0.61015 -0.79229 0.00000 61.30660 0.00000 -0.00000 -1.00000 0.00000
1608317117767888 0.80203 -0.59729 0.00000 -128.27774 -0.59729 -0.80203 0.00000 59.22209 0.00000 -0.00000 -1.00000 0.00000
1608317118017894 0.81311 -0.58210 0.00000 -131.37733 -0.58210 -0.81311 0.00000 56.74310 0.00000 -0.00000 -1.00000 0.00000
1608317118267894 0.82253 -0.56873 0.00000 -134.33501 -0.56873 -0.82253 0.00000 54.54084 0.00000 -0.00000 -1.00000 0.00000
1608317118517900 0.83183 -0.55502 0.00000 -137.26395 -0.55502 -0.83183 0.00000 52.24779 0.00000 -0.00000 -1.00000 0.00000
1608317118768524 0.84156 -0.54017 0.00000 -140.22588 -0.54017 -0.84156 0.00000 49.76200 0.00000 -0.00000 -1.00000 0.00000
1608317119018527 0.85138 -0.52455 0.00000 -143.18340 -0.52455 -0.85138 0.00000 47.12914 0.00000 -0.00000 -1.00000 0.00000
1608317119268531 0.86075 -0.50902 0.00000 -146.05524 -0.50902 -0.86075 0.00000 44.47963 0.00000 -0.00000 -1.00000 0.00000
1608317119518529 0.86946 -0.49400 0.00000 -148.84029 -0.49400 -0.86946 0.00000 41.88595 0.00000 -0.00000 -1.00000 0.00000
1608317119768534 0.87690 -0.48067 0.00000 -151.46582 -0.48067 -0.87690 0.00000 39.57220 0.00000 -0.00000 -1.00000 0.00000
1608317120018552 0.88487 -0.46585 0.00000 -154.09210 -0.46585 -0.88487 0.00000 36.97350 0.00000 -0.00000 -1.00000 0.00000
1608317120268542 0.89174 -0.45254 0.00000 -156.59373 -0.45254 -0.89174 0.00000 34.61795 0.00000 -0.00000 -1.00000 0.00000
1608317120518546 0.89887 -0.43822 0.00000 -159.06917 -0.43822 -0.89887 0.00000 32.04720 0.00000 -0.00000 -1.00000 0.00000
1608317120767925 0.91063 -0.41322 0.00000 -161.79396 -0.41322 -0.91063 0.00000 27.56089 0.00000 -0.00000 -1.00000 0.00000
1608317121017923 0.92924 -0.36949 0.00000 -164.76346 -0.36949 -0.92924 0.00000 19.76885 0.00000 -0.00000 -1.00000 0.00000
1608317121268556 0.95188 -0.30646 0.00000 -167.53622 -0.30646 -0.95188 0.00000 8.62474 0.00000 -0.00000 -1.00000 0.00000
1608317121517934 0.97446 -0.22455 0.00000 -169.39617 -0.22455 -0.97446 0.00000 -5.70638 0.00000 -0.00000 -1.00000 0.00000
1608317121768562 0.99180 -0.12784 0.00000 -169.68932 -0.12784 -0.99180 0.00000 -22.38209 0.00000 -0.00000 -1.00000 0.00000
1608317122018567 0.99986 -0.01660 0.00000 -167.73314 -0.01660 -0.99986 0.00000 -41.21690 0.00000 -0.00000 -1.00000 0.00000
1608317122268565 0.99435 0.10616 0.00000 -162.92614 0.10616 -0.99435 0.00000 -61.53174 0.00000 0.00000 -1.00000 0.00000
1608317122518568 0.97227 0.23384 0.00000 -155.05986 0.23384 -0.97227 0.00000 -82.13309 0.00000 0.00000 -1.00000 0.00000
1608317122768570 0.92636 0.37664 0.00000 -142.40078 0.37664 -0.92636 0.00000 -104.46995 0.00000 0.00000 -1.00000 0.00000
1608317123019198 0.85738 0.51468 0.00000 -125.92601 0.51468 -0.85738 0.00000 -125.17751 0.00000 0.00000 -1.00000 0.00000
1608317123269203 0.76761 0.64092 0.00000 -106.33500 0.64092 -0.76761 0.00000 -143.16275 0.00000 0.00000 -1.00000 0.00000
1608317123519251 0.65634 0.75446 0.00000 -83.49628 0.75446 -0.65634 0.00000 -158.23824 0.00000 0.00000 -1.00000 0.00000
1608317123769210 0.51889 0.85484 0.00000 -56.60125 0.85484 -0.51889 0.00000 -170.13367 0.00000 0.00000 -1.00000 0.00000
1608317124019841 0.36655 0.93040 0.00000 -28.10553 0.93040 -0.36655 0.00000 -177.28036 0.00000 0.00000 -1.00000 0.00000
1608317124269838 0.19700 0.98040 0.00000 2.42506 0.98040 -0.19700 0.00000 -179.50168 0.00000 0.00000 -1.00000 0.00000
1608317124519841 0.01883 0.99982 0.00000 33.31696 0.99982 -0.01883 0.00000 -176.20260 0.00000 0.00000 -1.00000 0.00000
1608317124770468 -0.16653 0.98604 0.00000 64.22526 0.98604 0.16653 0.00000 -167.01728 0.00000 0.00000 -1.00000 0.00000
1608317125021101 -0.34721 0.93779 0.00000 93.02629 0.93779 0.34721 0.00000 -152.16273 0.00000 0.00000 -1.00000 0.00000
1608317125271106 -0.51539 0.85695 0.00000 118.48224 0.85695 0.51539 0.00000 -132.27614 0.00000 0.00000 -1.00000 0.00000
1608317125521728 -0.65258 0.75772 0.00000 137.86398 0.75772 0.65258 0.00000 -110.41961 0.00000 0.00000 -1.00000 0.00000
1608317125771729 -0.76233 0.64719 0.00000 152.05458 0.64719 0.76233 0.00000 -87.71520 0.00000 0.00000 -1.00000 0.00000
1608317126021116 -0.84587 0.53339 0.00000 161.55427 0.53339 0.84587 0.00000 -65.46902 0.00000 0.00000 -1.00000 0.00000
1608317126269866 -0.90259 0.43049 0.00000 166.75004 0.43049 0.90259 0.00000 -46.09773 0.00000 0.00000 -1.00000 0.00000
1608317126518620 -0.93469 0.35546 0.00000 168.52543 0.35546 0.93469 0.00000 -32.37536 0.00000 0.00000 -1.00000 0.00000
1608317126768623 -0.95320 0.30234 0.00000 168.58508 0.30234 0.95320 0.00000 -22.88640 0.00000 0.00000 -1.00000 0.00000
1608317127017996 -0.96556 0.26017 0.00000 167.88975 0.26017 0.96556 0.00000 -15.49417 0.00000 0.00000 -1.00000 0.00000
1608317127268002 -0.97574 0.21895 0.00000 166.79781 0.21895 0.97574 0.00000 -8.39974 0.00000 0.00000 -1.00000 0.00000
1608317127518008 -0.98398 0.17829 0.00000 165.36011 0.17829 0.98398 0.00000 -1.52454 0.00000 0.00000 -1.00000 0.00000
1608317127768007 -0.99065 0.13646 0.00000 163.59850 0.13646 0.99065 0.00000 5.42248 0.00000 0.00000 -1.00000 0.00000
1608317128018022 -0.99525 0.09736 0.00000 161.54677 0.09736 0.99525 0.00000 11.81019 0.00000 0.00000 -1.00000 0.00000
1608317128268013 -0.99761 0.06908 0.00000 159.41563 0.06908 0.99761 0.00000 16.34712 0.00000 0.00000 -1.00000 0.00000
1608317128518021 -0.99870 0.05097 0.00000 157.33664 0.05097 0.99870 0.00000 19.19191 0.00000 0.00000 -1.00000 0.00000
1608317128768018 -0.99930 0.03734 0.00000 155.24236 0.03734 0.99930 0.00000 21.30021 0.00000 0.00000 -1.00000 0.00000
1608317129018023 -0.99956 0.02958 0.00000 153.26116 0.02958 0.99956 0.00000 22.48309 0.00000 0.00000 -1.00000 0.00000
1608317129268033 -0.99968 0.02535 0.00000 151.37231 0.02535 0.99968 0.00000 23.08829 0.00000 0.00000 -1.00000 0.00000
1608317129518649 -0.99974 0.02296 0.00000 149.50661 0.02296 0.99974 0.00000 23.41697 0.00000 0.00000 -1.00000 0.00000
1608317129768654 -0.99950 0.03170 0.00000 147.93509 0.03170 0.99950 0.00000 22.09881 0.00000 0.00000 -1.00000 0.00000
1608317130018040 -0.99844 0.05586 0.00000 146.66777 0.05586 0.99844 0.00000 18.49946 0.00000 0.00000 -1.00000 0.00000
1608317130268033 -0.99558 0.09390 0.00000 145.50664 0.09390 0.99558 0.00000 12.88639 0.00000 0.00000 -1.00000 0.00000
1608317130518039 -0.98886 0.14882 0.00000 144.28469 0.14882 0.98886 0.00000 4.80759 0.00000 0.00000 -1.00000 0.00000
1608317130768040 -0.97642 0.21589 0.00000 142.57558 0.21589 0.97642 0.00000 -5.05129 0.00000 0.00000 -1.00000 0.00000
1608317131018671 -0.95794 0.28697 0.00000 140.11264 0.28697 0.95794 0.00000 -15.51738 0.00000 0.00000 -1.00000 0.00000
1608317131268057 -0.93447 0.35603 0.00000 136.89627 0.35603 0.93447 0.00000 -25.69515 0.00000 0.00000 -1.00000 0.00000
1608317131518100 -0.90529 0.42479 0.00000 132.86803 0.42479 0.90529 0.00000 -35.85177 0.00000 0.00000 -1.00000 0.00000
1608317131768059 -0.87034 0.49245 0.00000 128.01207 0.49245 0.87034 0.00000 -45.85940 0.00000 0.00000 -1.00000 0.00000
1608317132018060 -0.83032 0.55729 0.00000 122.37882 0.55729 0.83032 0.00000 -55.47547 0.00000 0.00000 -1.00000 0.00000
1608317132268060 -0.79014 0.61293 0.00000 116.49218 0.61293 0.79014 0.00000 -63.76822 0.00000 0.00000 -1.00000 0.00000
1608317132518065 -0.75231 0.65881 0.00000 110.68759 0.65881 0.75231 0.00000 -70.60339 0.00000 0.00000 -1.00000 0.00000
1608317132768066 -0.72046 0.69350 0.00000 105.38991 0.69350 0.72046 0.00000 -75.75983 0.00000 0.00000 -1.00000 0.00000
1608317133018069 -0.69612 0.71793 0.00000 100.88678 0.71793 0.69612 0.00000 -79.36834 0.00000 0.00000 -1.00000 0.00000
1608317133268069 -0.67271 0.73990 0.00000 96.44251 0.73990 0.67271 0.00000 -82.55227 0.00000 0.00000 -1.00000 0.00000
1608317133518090 -0.64850 0.76122 0.00000 91.84756 0.76122 0.64850 0.00000 -85.64302 0.00000 0.00000 -1.00000 0.00000
1608317133768088 -0.62294 0.78227 0.00000 87.08471 0.78227 0.62294 0.00000 -88.65117 0.00000 0.00000 -1.00000 0.00000
1608317134018088 -0.59605 0.80295 0.00000 82.15915 0.80295 0.59605 0.00000 -91.59653 0.00000 0.00000 -1.00000 0.00000
1608317134267462 -0.57410 0.81878 0.00000 77.74075 0.81878 0.57410 0.00000 -93.83462 0.00000 0.00000 -1.00000 0.00000
1608317134517462 -0.55919 0.82904 0.00000 74.13189 0.82904 0.55919 0.00000 -95.26213 0.00000 0.00000 -1.00000 0.00000
1608317134767466 -0.54546 0.83814 0.00000 70.63111 0.83814 0.54546 0.00000 -96.49488 0.00000 0.00000 -1.00000 0.00000
1608317135017469 -0.54026 0.84150 0.00000 68.08981 0.84150 0.54026 0.00000 -96.98533 0.00000 0.00000 -1.00000 0.00000
1608317135268100 -0.54454 0.83874 0.00000 66.63563 0.83874 0.54454 0.00000 -96.68251 0.00000 0.00000 -1.00000 0.00000
1608317135518106 -0.55354 0.83282 0.00000 65.72998 0.83282 0.55354 0.00000 -96.01457 0.00000 0.00000 -1.00000 0.00000
1608317135768102 -0.56291 0.82652 0.00000 64.87007 0.82652 0.56291 0.00000 -95.31327 0.00000 0.00000 -1.00000 0.00000
1608317136018124 -0.57687 0.81684 0.00000 64.54956 0.81684 0.57687 0.00000 -94.26510 0.00000 0.00000 -1.00000 0.00000
1608317136268115 -0.60219 0.79835 0.00000 65.55899 0.79835 0.60219 0.00000 -92.26253 0.00000 0.00000 -1.00000 0.00000
1608317136518738 -0.63165 0.77526 0.00000 67.05641 0.77526 0.63165 0.00000 -89.80366 0.00000 0.00000 -1.00000 0.00000
1608317136768120 -0.66676 0.74527 0.00000 69.24851 0.74527 0.66676 0.00000 -86.69134 0.00000 0.00000 -1.00000 0.00000
1608317137018745 -0.70668 0.70753 0.00000 72.02606 0.70753 0.70668 0.00000 -82.83086 0.00000 0.00000 -1.00000 0.00000
1608317137268748 -0.74973 0.66174 0.00000 75.26220 0.66174 0.74973 0.00000 -78.21948 0.00000 0.00000 -1.00000 0.00000
1608317137518754 -0.79457 0.60718 0.00000 78.75034 0.60718 0.79457 0.00000 -72.78505 0.00000 0.00000 -1.00000 0.00000
1608317137768755 -0.83851 0.54489 0.00000 82.24069 0.54489 0.83851 0.00000 -66.65723 0.00000 0.00000 -1.00000 0.00000
1608317138019381 -0.87324 0.48729 0.00000 84.72795 0.48729 0.87324 0.00000 -61.02124 0.00000 0.00000 -1.00000 0.00000
1608317138269381 -0.90207 0.43160 0.00000 86.58586 0.43160 0.90207 0.00000 -55.67931 0.00000 0.00000 -1.00000 0.00000
1608317138519399 -0.92495 0.38010 0.00000 87.76812 0.38010 0.92495 0.00000 -50.77104 0.00000 0.00000 -1.00000 0.00000
1608317138770018 -0.94162 0.33669 0.00000 88.22419 0.33669 0.94162 0.00000 -46.69111 0.00000 0.00000 -1.00000 0.00000
1608317139020020 -0.95302 0.30292 0.00000 88.03347 0.30292 0.95302 0.00000 -43.56514 0.00000 0.00000 -1.00000 0.00000
1608317139269399 -0.96541 0.26073 0.00000 88.07000 0.26073 0.96541 0.00000 -39.72030 0.00000 0.00000 -1.00000 0.00000
1608317139520056 -0.97882 0.20473 0.00000 88.39426 0.20473 0.97882 0.00000 -34.65411 0.00000 0.00000 -1.00000 0.00000
1608317139770025 -0.99102 0.13369 0.00000 88.82364 0.13369 0.99102 0.00000 -28.28119 0.00000 0.00000 -1.00000 0.00000
1608317140020661 -0.99756 0.06987 0.00000 88.61289 0.06987 0.99756 0.00000 -22.58908 0.00000 0.00000 -1.00000 0.00000
1608317140271285 -0.99974 0.02281 0.00000 87.68720 0.02281 0.99974 0.00000 -18.45477 0.00000 0.00000 -1.00000 0.00000
1608317140521290 -0.99970 -0.02442 -0.00000 86.54034 -0.02442 0.99970 0.00000 -14.35682 0.00000 0.00000 -1.00000 0.00000
1608317140771289 -0.99750 -0.07070 -0.00000 85.16469 -0.07070 0.99750 0.00000 -10.38103 0.00000 0.00000 -1.00000 0.00000
1608317141020669 -0.99393 -0.11002 -0.00000 83.55956 -0.11002 0.99393 0.00000 -7.05654 0.00000 0.00000 -1.00000 0.00000
1608317141269428 -0.98953 -0.14433 -0.00000 81.76779 -0.14433 0.98953 0.00000 -4.21938 0.00000 0.00000 -1.00000 0.00000
1608317141519426 -0.98429 -0.17658 -0.00000 79.81685 -0.17658 0.98429 0.00000 -1.61812 0.00000 0.00000 -1.00000 0.00000
1608317141768800 -0.97870 -0.20529 -0.00000 77.82248 -0.20529 0.97870 0.00000 0.66336 0.00000 0.00000 -1.00000 0.00000
1608317142018805 -0.97403 -0.22643 -0.00000 75.76643 -0.22643 0.97403 0.00000 2.29679 0.00000 0.00000 -1.00000 0.00000
1608317142268804 -0.96964 -0.24455 -0.00000 73.67296 -0.24455 0.96964 0.00000 3.65752 0.00000 0.00000 -1.00000 0.00000
1608317142518814 -0.96588 -0.25897 -0.00000 71.57301 -0.25897 0.96588 0.00000 4.71255 0.00000 0.00000 -1.00000 0.00000
1608317142768811 -0.96390 -0.26628 -0.00000 69.47756 -0.26628 0.96390 0.00000 5.20812 0.00000 0.00000 -1.00000 0.00000
1608317143018193 -0.96188 -0.27347 -0.00000 67.37249 -0.27347 0.96188 0.00000 5.67869 0.00000 0.00000 -1.00000 0.00000
1608317143268820 -0.96017 -0.27940 -0.00000 65.27250 -0.27940 0.96017 0.00000 6.06953 0.00000 0.00000 -1.00000 0.00000
1608317143518827 -0.95855 -0.28494 -0.00000 63.14570 -0.28494 0.95855 0.00000 6.41359 0.00000 0.00000 -1.00000 0.00000
1608317143768826 -0.95766 -0.28790 -0.00000 61.05883 -0.28790 0.95766 0.00000 6.56424 0.00000 0.00000 -1.00000 0.00000
1608317144018841 -0.95782 -0.28736 -0.00000 58.98248 -0.28736 0.95782 0.00000 6.47597 0.00000 0.00000 -1.00000 0.00000
1608317144269455 -0.95845 -0.28525 -0.00000 56.92796 -0.28525 0.95845 0.00000 6.29131 0.00000 0.00000 -1.00000 0.00000
1608317144519462 -0.95898 -0.28346 -0.00000 54.88357 -0.28346 0.95898 0.00000 6.13732 0.00000 0.00000 -1.00000 0.00000
1608317144769460 -0.95929 -0.28242 -0.00000 52.86963 -0.28242 0.95929 0.00000 6.04315 0.00000 0.00000 -1.00000 0.00000
1608317145019465 -0.95980 -0.28068 -0.00000 50.88858 -0.28068 0.95980 0.00000 5.88577 0.00000 0.00000 -1.00000 0.00000
1608317145269473 -0.95844 -0.28529 -0.00000 48.85638 -0.28529 0.95844 0.00000 6.08160 0.00000 0.00000 -1.00000 0.00000
1608317145519471 -0.95765 -0.28793 -0.00000 46.88079 -0.28793 0.95765 0.00000 6.17701 0.00000 0.00000 -1.00000 0.00000
1608317145770097 -0.95718 -0.28949 -0.00000 44.92034 -0.28949 0.95718 0.00000 6.21352 0.00000 0.00000 -1.00000 0.00000
1608317146020109 -0.95720 -0.28942 -0.00000 42.99176 -0.28942 0.95720 0.00000 6.15716 0.00000 0.00000 -1.00000 0.00000
1608317146270108 -0.95953 -0.28160 -0.00000 41.12218 -0.28160 0.95953 0.00000 5.78746 0.00000 0.00000 -1.00000 0.00000
1608317146520104 -0.96509 -0.26192 -0.00000 39.29684 -0.26192 0.96509 0.00000 4.93827 0.00000 0.00000 -1.00000 0.00000
1608317146770735 -0.97157 -0.23675 -0.00000 37.52602 -0.23675 0.97157 0.00000 3.88509 0.00000 0.00000 -1.00000 0.00000
1608317147020739 -0.97646 -0.21568 -0.00000 35.67217 -0.21568 0.97646 0.00000 3.03988 0.00000 0.00000 -1.00000 0.00000
1608317147270742 -0.98005 -0.19875 -0.00000 33.77527 -0.19875 0.98005 0.00000 2.39552 0.00000 0.00000 -1.00000 0.00000
1608317147520164 -0.98175 -0.19020 -0.00000 31.89984 -0.19020 0.98175 0.00000 2.08582 0.00000 0.00000 -1.00000 0.00000
1608317147770749 -0.98370 -0.17979 -0.00000 29.95187 -0.17979 0.98370 0.00000 1.70150 0.00000 0.00000 -1.00000 0.00000
1608317148020756 -0.98504 -0.17234 -0.00000 28.01847 -0.17234 0.98504 0.00000 1.42786 0.00000 0.00000 -1.00000 0.00000
1608317148270756 -0.98620 -0.16553 -0.00000 26.12268 -0.16553 0.98620 0.00000 1.18151 0.00000 0.00000 -1.00000 0.00000
1608317148520752 -0.98668 -0.16267 -0.00000 24.16293 -0.16267 0.98668 0.00000 1.07179 0.00000 0.00000 -1.00000 0.00000
1608317148770759 -0.98674 -0.16234 -0.00000 22.23197 -0.16234 0.98674 0.00000 1.01781 0.00000 0.00000 -1.00000 0.00000
1608317149020765 -0.98671 -0.16250 -0.00000 20.28752 -0.16250 0.98671 0.00000 0.98074 0.00000 0.00000 -1.00000 0.00000
1608317149270761 -0.98670 -0.16258 -0.00000 18.35156 -0.16258 0.98670 0.00000 0.94041 0.00000 0.00000 -1.00000 0.00000
1608317149520766 -0.98696 -0.16098 -0.00000 16.42102 -0.16098 0.98696 0.00000 0.87239 0.00000 0.00000 -1.00000 0.00000
1608317149770778 -0.98725 -0.15919 -0.00000 14.48384 -0.15919 0.98725 0.00000 0.81106 0.00000 0.00000 -1.00000 0.00000
1608317150020780 -0.98772 -0.15623 -0.00000 12.59546 -0.15623 0.98772 0.00000 0.72592 0.00000 0.00000 -1.00000 0.00000
1608317150270781 -0.98793 -0.15489 -0.00000 10.64981 -0.15489 0.98793 0.00000 0.67983 0.00000 0.00000 -1.00000 0.00000
1608317150520778 -0.98801 -0.15437 -0.00000 8.76199 -0.15437 0.98801 0.00000 0.64038 0.00000 0.00000 -1.00000 0.00000
1608317150770788 -0.98810 -0.15378 -0.00000 6.84900 -0.15378 0.98810 0.00000 0.62011 0.00000 0.00000 -1.00000 0.00000
1608317151020786 -0.98763 -0.15679 -0.00000 4.96973 -0.15679 0.98763 0.00000 0.60917 0.00000 0.00000 -1.00000 0.00000
1608317151270790 -0.98658 -0.16326 -0.00000 3.07132 -0.16326 0.98658 0.00000 0.61819 0.00000 0.00000 -1.00000 0.00000
1608317151520790 -0.98547 -0.16984 -0.00000 1.18960 -0.16984 0.98547 0.00000 0.61794 0.00000 0.00000 -1.00000 0.00000
1608317151770792 -0.98432 -0.17642 -0.00000 -0.66898 -0.17642 0.98432 0.00000 0.59102 0.00000 0.00000 -1.00000 0.00000
1608317152020808 -0.98330 -0.18198 -0.00000 -2.53903 -0.18198 0.98330 0.00000 0.55559 0.00000 0.00000 -1.00000 0.00000
1608317152270809 -0.98243 -0.18662 -0.00000 -4.38006 -0.18662 0.98243 0.00000 0.51383 0.00000 0.00000 -1.00000 0.00000
1608317152520803 -0.98233 -0.18714 -0.00000 -6.19668 -0.18714 0.98233 0.00000 0.47335 0.00000 0.00000 -1.00000 0.00000
1608317152770807 -0.98244 -0.18656 -0.00000 -7.99525 -0.18656 0.98244 0.00000 0.43136 0.00000 0.00000 -1.00000 0.00000
1608317153021435 -0.98267 -0.18537 -0.00000 -9.76582 -0.18537 0.98267 0.00000 0.41835 0.00000 0.00000 -1.00000 0.00000
1608317153271444 -0.98265 -0.18545 -0.00000 -11.47029 -0.18545 0.98265 0.00000 0.40905 0.00000 0.00000 -1.00000 0.00000
1608317153521446 -0.98301 -0.18357 -0.00000 -13.06450 -0.18357 0.98301 0.00000 0.41050 0.00000 0.00000 -1.00000 0.00000
1608317153770819 -0.98314 -0.18285 -0.00000 -14.68992 -0.18285 0.98314 0.00000 0.38903 0.00000 0.00000 -1.00000 0.00000
1608317154019575 -0.98361 -0.18033 -0.00000 -16.28031 -0.18033 0.98361 0.00000 0.38769 0.00000 0.00000 -1.00000 0.00000
1608317154268970 -0.98495 -0.17284 -0.00000 -17.85488 -0.17284 0.98495 0.00000 0.48562 0.00000 0.00000 -1.00000 0.00000
1608317154518332 -0.98727 -0.15906 -0.00000 -19.44623 -0.15906 0.98727 0.00000 0.69962 0.00000 0.00000 -1.00000 0.00000
1608317154768337 -0.98938 -0.14534 -0.00000 -21.04622 -0.14534 0.98938 0.00000 0.93692 0.00000 0.00000 -1.00000 0.00000
1608317155018333 -0.99088 -0.13476 -0.00000 -22.66991 -0.13476 0.99088 0.00000 1.11343 0.00000 0.00000 -1.00000 0.00000
1608317155268337 -0.99145 -0.13048 -0.00000 -24.34269 -0.13048 0.99145 0.00000 1.14707 0.00000 0.00000 -1.00000 0.00000
1608317155518976 -0.99171 -0.12851 -0.00000 -26.07204 -0.12851 0.99171 0.00000 1.14390 0.00000 0.00000 -1.00000 0.00000
1608317155768973 -0.99134 -0.13133 -0.00000 -27.83992 -0.13133 0.99134 0.00000 1.01379 0.00000 0.00000 -1.00000 0.00000
1608317156018974 -0.99025 -0.13928 -0.00000 -29.65641 -0.13928 0.99025 0.00000 0.75515 0.00000 0.00000 -1.00000 0.00000
1608317156268979 -0.98812 -0.15366 -0.00000 -31.50453 -0.15366 0.98812 0.00000 0.29657 0.00000 0.00000 -1.00000 0.00000
1608317156518356 -0.98530 -0.17085 -0.00000 -33.38864 -0.17085 0.98530 0.00000 -0.27666 0.00000 0.00000 -1.00000 0.00000
1608317156768357 -0.98173 -0.19026 -0.00000 -35.29402 -0.19026 0.98173 0.00000 -0.95875 0.00000 0.00000 -1.00000 0.00000
1608317157018359 -0.97801 -0.20855 -0.00000 -37.19600 -0.20855 0.97801 0.00000 -1.65102 0.00000 0.00000 -1.00000 0.00000
1608317157268361 -0.97417 -0.22582 -0.00000 -39.08188 -0.22582 0.97417 0.00000 -2.35695 0.00000 0.00000 -1.00000 0.00000
1608317157518363 -0.97076 -0.24003 -0.00000 -41.00741 -0.24003 0.97076 0.00000 -2.96435 0.00000 0.00000 -1.00000 0.00000
1608317157768368 -0.96876 -0.24798 -0.00000 -42.92656 -0.24798 0.96876 0.00000 -3.34633 0.00000 0.00000 -1.00000 0.00000
1608317158018376 -0.96653 -0.25654 -0.00000 -44.82487 -0.25654 0.96653 0.00000 -3.78776 0.00000 0.00000 -1.00000 0.00000
1608317158268381 -0.96371 -0.26696 -0.00000 -46.71923 -0.26696 0.96371 0.00000 -4.32353 0.00000 0.00000 -1.00000 0.00000
1608317158518374 -0.96182 -0.27368 -0.00000 -48.58164 -0.27368 0.96182 0.00000 -4.68308 0.00000 0.00000 -1.00000 0.00000
1608317158768381 -0.96230 -0.27200 -0.00000 -50.50216 -0.27200 0.96230 0.00000 -4.63375 0.00000 0.00000 -1.00000 0.00000
1608317159017757 -0.96241 -0.27159 -0.00000 -52.40829 -0.27159 0.96241 0.00000 -4.65692 0.00000 0.00000 -1.00000 0.00000
1608317159267764 -0.96258 -0.27098 -0.00000 -54.28140 -0.27098 0.96258 0.00000 -4.66721 0.00000 0.00000 -1.00000 0.00000
1608317159517766 -0.96243 -0.27152 -0.00000 -56.13272 -0.27152 0.96243 0.00000 -4.73081 0.00000 0.00000 -1.00000 0.00000
1608317159767765 -0.96283 -0.27009 -0.00000 -57.96571 -0.27009 0.96283 0.00000 -4.67481 0.00000 0.00000 -1.00000 0.00000
1608317160017781 -0.96475 -0.26316 -0.00000 -59.77907 -0.26316 0.96475 0.00000 -4.28513 0.00000 0.00000 -1.00000 0.00000
1608317160267776 -0.96785 -0.25155 -0.00000 -61.57058 -0.25155 0.96785 0.00000 -3.59726 0.00000 0.00000 -1.00000 0.00000
1608317160518407 -0.97197 -0.23512 -0.00000 -63.36437 -0.23512 0.97197 0.00000 -2.58107 0.00000 0.00000 -1.00000 0.00000
1608317160767779 -0.97703 -0.21312 -0.00000 -65.12140 -0.21312 0.97703 0.00000 -1.17846 0.00000 0.00000 -1.00000 0.00000
1608317161017784 -0.98145 -0.19172 -0.00000 -66.83503 -0.19172 0.98145 0.00000 0.24564 0.00000 0.00000 -1.00000 0.00000
1608317161267787 -0.98546 -0.16989 -0.00000 -68.51759 -0.16989 0.98546 0.00000 1.70787 0.00000 0.00000 -1.00000 0.00000
1608317161517787 -0.98936 -0.14550 -0.00000 -70.17290 -0.14550 0.98936 0.00000 3.39097 0.00000 0.00000 -1.00000 0.00000
1608317161767793 -0.99283 -0.11953 -0.00000 -71.75769 -0.11953 0.99283 0.00000 5.18720 0.00000 0.00000 -1.00000 0.00000
1608317162017797 -0.99531 -0.09678 -0.00000 -73.30904 -0.09678 0.99531 0.00000 6.79513 0.00000 0.00000 -1.00000 0.00000
1608317162267796 -0.99722 -0.07454 -0.00000 -74.84650 -0.07454 0.99722 0.00000 8.40748 0.00000 0.00000 -1.00000 0.00000
1608317162517803 -0.99869 -0.05111 -0.00000 -76.31141 -0.05111 0.99869 0.00000 10.13563 0.00000 0.00000 -1.00000 0.00000
1608317162768425 -0.99969 -0.02510 -0.00000 -77.65516 -0.02510 0.99969 0.00000 12.08785 0.00000 0.00000 -1.00000 0.00000
1608317163018431 -0.99996 0.00839 0.00000 -78.80559 0.00839 0.99996 0.00000 14.67591 0.00000 0.00000 -1.00000 0.00000
1608317163268438 -0.99887 0.04759 0.00000 -79.69824 0.04759 0.99887 0.00000 17.73199 0.00000 0.00000 -1.00000 0.00000
