1. 0. 0. 0. 0. -1. -0. 0. 0. 0. -1. 0.
1. 0.002 0. -0.065 0.002 -1. -0. -0.032 0. 0. -1. 0.
1. -0.000 -0. 0.015 -0.000 -1. -0. 0.007 0. 0. -1. 0.
1. 0.001 0. -0.020 0.001 -1. -0. 0.019 0. 0. -1. 0.
1. -0.001 -0. -0.049 -0.001 -1. -0. -0.011 0. 0. -1. 0.
1. 0.001 0. -0.053 0.001 -1. -0. -0.002 0. 0. -1. 0.
1. 0.003 0. -0.048 0.003 -1. -0. -0.006 0. 0. -1. 0.
1. -0.002 -0. -0.005 -0.002 -1. -0. 0.004 0. 0. -1. 0.
1. 0.002 0. -0.038 0.002 -1. -0. -0.017 0. 0. -1. 0.
1. -0.000 -0. -0.052 -0.000 -1. -0. -0.018 0. 0. -1. 0.
1. -0.001 -0. -0.000 -0.001 -1. -0. 0.017 0. 0. -1. 0.
1. -0.003 -0. -0.028 -0.003 -1. -0. 0.017 0. 0. -1. 0.
1. -0.002 -0. -0.039 -0.002 -1. -0. 0.027 0. 0. -1. 0.
1. 0. 0. -0.005 0. -1. -0. 0.026 0. 0. -1. 0.
1. -0.001 -0. -0.030 -0.001 -1. -0. -0.007 0. 0. -1. 0.
1. 0.001 0. -0.007 0.001 -1. -0. -0.027 0. 0. -1. 0.
1. -0.004 -0. 0.010 -0.004 -1. -0. 0.039 0. 0. -1. 0.
1. -0.010 -0. 0.077 -0.010 -1. -0. 0.021 0. 0. -1. 0.
1. -0.013 -0. 0.197 -0.013 -1. -0. -0.003 0. 0. -1. 0.
1.000 -0.023 -0. 0.324 -0.023 -1.000 -0. -0.037 0. 0. -1. 0.
0.999 -0.044 -0. 0.491 -0.044 -0.999 -0. -0.047 0. 0. -1. 0.
0.998 -0.065 -0. 0.700 -0.065 -0.998 -0. -0.067 0. 0. -1. 0.
0.996 -0.085 -0. 1.023 -0.085 -0.996 -0. -0.086 0. 0. -1. 0.
0.993 -0.118 -0. 1.413 -0.118 -0.993 -0. -0.206 0. 0. -1. 0.
0.988 -0.156 -0. 1.895 -0.156 -0.988 -0. -0.251 0. 0. -1. 0.
0.984 -0.177 -0. 2.575 -0.177 -0.984 -0. -0.300 0. 0. -1. 0.
0.983 -0.184 -0. 3.217 -0.184 -0.983 -0. -0.564 0. 0. -1. 0.
0.982 -0.191 -0. 3.973 -0.191 -0.982 -0. -0.732 0. 0. -1. 0.
0.981 -0.193 -0. 4.784 -0.193 -0.981 -0. -0.911 0. 0. -1. 0.
0.982 -0.190 -0. 5.706 -0.190 -0.982 -0. -1.122 0. 0. -1. 0.
0.983 -0.184 -0. 6.714 -0.184 -0.983 -0. -1.310 0. 0. -1. 0.
0.985 -0.175 -0. 7.774 -0.175 -0.985 -0. -1.423 0. 0. -1. 0.
0.986 -0.167 -0. 8.905 -0.167 -0.986 -0. -1.594 0. 0. -1. 0.
0.987 -0.162 -0. 9.982 -0.162 -0.987 -0. -1.790 0. 0. -1. 0.
0.989 -0.150 -0. 11.207 -0.150 -0.989 -0. -2.041 0. 0. -1. 0.
0.990 -0.138 -0. 12.446 -0.138 -0.990 -0. -2.158 0. 0. -1. 0.
0.993 -0.116 -0. 13.889 -0.116 -0.993 -0. -2.338 0. 0. -1. 0.
0.994 -0.113 -0. 15.341 -0.113 -0.994 -0. -2.471 0. 0. -1. 0.
0.994 -0.105 -0. 16.715 -0.105 -0.994 -0. -2.780 0. 0. -1. 0.
0.996 -0.085 -0. 18.312 -0.085 -0.996 -0. -2.828 0. 0. -1. 0.
0.997 -0.074 -0. 19.884 -0.074 -0.997 -0. -3.074 0. 0. -1. 0.
0.998 -0.067 -0. 21.428 -0.067 -0.998 -0. -3.118 0. 0. -1. 0.
0.998 -0.057 -0. 23.037 -0.057 -0.998 -0. -3.292 0. 0. -1. 0.
0.999 -0.053 -0. 24.780 -0.053 -0.999 -0. -3.363 0. 0. -1. 0.
0.999 -0.048 -0. 26.522 -0.048 -0.999 -0. -3.338 0. 0. -1. 0.
0.999 -0.041 -0. 28.310 -0.041 -0.999 -0. -3.475 0. 0. -1. 0.
0.999 -0.045 -0. 30.100 -0.045 -0.999 -0. -3.746 0. 0. -1. 0.
0.999 -0.049 -0. 31.876 -0.049 -0.999 -0. -3.827 0. 0. -1. 0.
0.999 -0.044 -0. 33.670 -0.044 -0.999 -0. -3.876 0. 0. -1. 0.
1.000 -0.026 -0. 35.423 -0.026 -1.000 -0. -4.052 0. 0. -1. 0.
1. -0.007 -0. 37.224 -0.007 -1. -0. -4.031 0. 0. -1. 0.
1. 0.000 0. 39.124 0.000 -1. -0. -3.975 0. 0. -1. 0.
1.000 0.020 0. 40.931 0.020 -1.000 -0. -4.028 0. 0. -1. 0.
0.999 0.036 0. 42.770 0.036 -0.999 -0. -3.968 0. 0. -1. 0.
1.000 0.029 0. 44.764 0.029 -1.000 -0. -3.921 0. 0. -1. 0.
1.000 0.031 0. 46.692 0.031 -1.000 -0. -3.913 0. 0. -1. 0.
0.999 0.034 0. 48.682 0.034 -0.999 -0. -3.942 0. 0. -1. 0.
1.000 0.026 0. 50.712 0.026 -1.000 -0. -3.922 0. 0. -1. 0.
1.000 0.031 0. 52.785 0.031 -1.000 -0. -3.920 0. 0. -1. 0.
1.000 0.026 0. 54.922 0.026 -1.000 -0. -4.038 0. 0. -1. 0.
1.000 0.023 0. 57.031 0.023 -1.000 -0. -3.934 0. 0. -1. 0.
1.000 0.029 0. 59.164 0.029 -1.000 -0. -3.819 0. 0. -1. 0.
0.999 0.034 0. 61.385 0.034 -0.999 -0. -3.899 0. 0. -1. 0.
0.999 0.033 0. 63.571 0.033 -0.999 -0. -3.907 0. 0. -1. 0.
1.000 0.029 0. 65.772 0.029 -1.000 -0. -3.912 0. 0. -1. 0.
1.000 0.026 0. 67.964 0.026 -1.000 -0. -3.763 0. 0. -1. 0.
1.000 0.026 0. 70.085 0.026 -1.000 -0. -3.552 0. 0. -1. 0.
1.000 0.018 0. 72.221 0.018 -1.000 -0. -3.567 0. 0. -1. 0.
1. 0.008 0. 74.418 0.008 -1. -0. -3.571 0. 0. -1. 0.
1. -0.010 -0. 76.575 -0.010 -1. -0. -3.581 0. 0. -1. 0.
1.000 -0.026 -0. 78.739 -0.026 -1.000 -0. -3.575 0. 0. -1. 0.
0.999 -0.045 -0. 80.919 -0.045 -0.999 -0. -3.752 0. 0. -1. 0.
0.997 -0.075 -0. 82.991 -0.075 -0.997 -0. -3.939 0. 0. -1. 0.
0.995 -0.095 -0. 85.086 -0.095 -0.995 -0. -4.187 0. 0. -1. 0.
0.992 -0.124 -0. 87.227 -0.124 -0.992 -0. -4.374 0. 0. -1. 0.
0.985 -0.173 -0. 89.290 -0.173 -0.985 -0. -4.745 0. 0. -1. 0.
0.976 -0.220 -0. 91.285 -0.220 -0.976 -0. -5.250 0. 0. -1. 0.
0.963 -0.270 -0. 93.317 -0.270 -0.963 -0. -5.876 0. 0. -1. 0.
0.946 -0.325 -0. 95.195 -0.325 -0.946 -0. -6.508 0. 0. -1. 0.
0.924 -0.383 -0. 97.036 -0.383 -0.924 -0. -7.275 0. 0. -1. 0.
0.902 -0.432 -0. 98.981 -0.432 -0.902 -0. -8.157 0. 0. -1. 0.
0.877 -0.480 -0. 100.752 -0.480 -0.877 -0. -9.002 0. 0. -1. 0.
0.839 -0.544 -0. 102.493 -0.544 -0.839 -0. -10.213 0. 0. -1. 0.
0.796 -0.606 -0. 104.090 -0.606 -0.796 -0. -11.425 0. 0. -1. 0.
0.748 -0.663 -0. 105.576 -0.663 -0.748 -0. -12.710 0. 0. -1. 0.
0.691 -0.723 -0. 106.927 -0.723 -0.691 -0. -14.160 0. 0. -1. 0.
0.632 -0.775 -0. 108.260 -0.775 -0.632 -0. -15.606 0. 0. -1. 0.
0.562 -0.827 -0. 109.405 -0.827 -0.562 -0. -17.185 0. 0. -1. 0.
0.499 -0.866 -0. 110.246 -0.866 -0.499 -0. -18.818 0. 0. -1. 0.
0.452 -0.892 -0. 111.303 -0.892 -0.452 -0. -20.566 0. 0. -1. 0.
0.423 -0.906 -0. 111.861 -0.906 -0.423 -0. -22.463 0. 0. -1. 0.
0.399 -0.917 -0. 112.578 -0.917 -0.399 -0. -24.322 0. 0. -1. 0.
0.386 -0.923 -0. 113.295 -0.923 -0.386 -0. -26.203 0. 0. -1. 0.
0.376 -0.927 -0. 114.214 -0.927 -0.376 -0. -27.984 0. 0. -1. 0.
0.366 -0.931 -0. 114.929 -0.931 -0.366 -0. -29.907 0. 0. -1. 0.
0.369 -0.929 -0. 115.741 -0.929 -0.369 -0. -31.744 0. 0. -1. 0.
0.381 -0.925 -0. 116.369 -0.925 -0.381 -0. -33.703 0. 0. -1. 0.
0.394 -0.919 -0. 117.392 -0.919 -0.394 -0. -35.610 0. 0. -1. 0.
0.415 -0.910 -0. 118.144 -0.910 -0.415 -0. -37.550 0. 0. -1. 0.
0.431 -0.902 -0. 118.905 -0.902 -0.431 -0. -39.442 0. 0. -1. 0.
0.444 -0.896 -0. 119.893 -0.896 -0.444 -0. -41.397 0. 0. -1. 0.
0.464 -0.886 -0. 120.687 -0.886 -0.464 -0. -43.326 0. 0. -1. 0.
0.478 -0.878 -0. 121.718 -0.878 -0.478 -0. -45.187 0. 0. -1. 0.
0.501 -0.866 -0. 122.757 -0.866 -0.501 -0. -47.025 0. 0. -1. 0.
0.523 -0.852 -0. 123.849 -0.852 -0.523 -0. -48.935 0. 0. -1. 0.
0.544 -0.839 -0. 124.946 -0.839 -0.544 -0. -50.740 0. 0. -1. 0.
0.566 -0.825 -0. 126.129 -0.825 -0.566 -0. -52.472 0. 0. -1. 0.
0.586 -0.810 -0. 127.298 -0.810 -0.586 -0. -54.242 0. 0. -1. 0.
0.601 -0.799 -0. 128.573 -0.799 -0.601 -0. -56.058 0. 0. -1. 0.
0.615 -0.788 -0. 129.840 -0.788 -0.615 -0. -57.630 0. 0. -1. 0.
0.621 -0.784 -0. 131.311 -0.784 -0.621 -0. -59.342 0. 0. -1. 0.
0.638 -0.770 -0. 132.443 -0.770 -0.638 -0. -60.993 0. 0. -1. 0.
0.649 -0.760 -0. 133.766 -0.760 -0.649 -0. -62.627 0. 0. -1. 0.
0.663 -0.749 -0. 135.093 -0.749 -0.663 -0. -64.191 0. 0. -1. 0.
0.669 -0.743 -0. 136.598 -0.743 -0.669 -0. -65.521 0. 0. -1. 0.
0.678 -0.735 -0. 137.925 -0.735 -0.678 -0. -67.055 0. 0. -1. 0.
0.691 -0.722 -0. 139.266 -0.722 -0.691 -0. -68.411 0. 0. -1. 0.
0.708 -0.706 -0. 140.591 -0.706 -0.708 -0. -69.624 0. 0. -1. 0.
0.743 -0.669 -0. 141.810 -0.669 -0.743 -0. -70.978 0. 0. -1. 0.
0.784 -0.621 -0. 143.018 -0.621 -0.784 -0. -72.125 0. 0. -1. 0.
0.833 -0.553 -0. 144.377 -0.553 -0.833 -0. -72.922 0. 0. -1. 0.
0.886 -0.464 -0. 145.660 -0.464 -0.886 -0. -73.599 0. 0. -1. 0.
0.935 -0.355 -0. 146.862 -0.355 -0.935 -0. -74.193 0. 0. -1. 0.
0.972 -0.236 -0. 148.070 -0.236 -0.972 -0. -74.597 0. 0. -1. 0.
0.996 -0.091 -0. 149.215 -0.091 -0.996 -0. -74.641 0. 0. -1. 0.
0.998 0.057 0. 150.340 0.057 -0.998 -0. -74.504 0. 0. -1. 0.
0.975 0.220 0. 151.354 0.220 -0.975 -0. -74.263 0. 0. -1. 0.
0.922 0.388 0. 152.387 0.388 -0.922 -0. -73.833 0. 0. -1. 0.
0.839 0.544 0. 153.150 0.544 -0.839 -0. -73.198 0. 0. -1. 0.
0.727 0.686 0. 153.886 0.686 -0.727 -0. -72.563 0. 0. -1. 0.
0.586 0.810 0. 154.376 0.810 -0.586 -0. -71.693 0. 0. -1. 0.
0.424 0.906 0. 154.846 0.906 -0.424 -0. -70.725 0. 0. -1. 0.
0.236 0.972 0. 155.028 0.972 -0.236 -0. -69.759 0. 0. -1. 0.
0.033 0.999 0. 154.993 0.999 -0.033 -0. -68.709 0. 0. -1. 0.
-0.173 0.985 0. 154.720 0.985 0.173 0. -67.742 0. 0. -1. 0.
-0.366 0.931 0. 154.350 0.931 0.366 0. -66.747 0. 0. -1. 0.
-0.541 0.841 0. 153.723 0.841 0.541 0. -65.829 0. 0. -1. 0.
-0.678 0.735 0. 152.937 0.735 0.678 0. -65.066 0. 0. -1. 0.
-0.788 0.616 0. 151.958 0.616 0.788 0. -64.388 0. 0. -1. 0.
-0.864 0.503 0. 151.037 0.503 0.864 0. -63.665 0. 0. -1. 0.
-0.914 0.406 0. 149.814 0.406 0.914 0. -63.159 0. 0. -1. 0.
-0.937 0.349 0. 148.446 0.349 0.937 0. -62.723 0. 0. -1. 0.
-0.951 0.308 0. 147.169 0.308 0.951 0. -62.166 0. 0. -1. 0.
-0.958 0.287 0. 145.599 0.287 0.958 0. -61.931 0. 0. -1. 0.
-0.959 0.283 0. 144.219 0.283 0.959 0. -61.397 0. 0. -1. 0.
-0.957 0.290 0. 142.684 0.290 0.957 0. -60.916 0. 0. -1. 0.
-0.954 0.301 0. 141.006 0.301 0.954 0. -60.524 0. 0. -1. 0.
-0.941 0.338 0. 139.463 0.338 0.941 0. -59.771 0. 0. -1. 0.
-0.925 0.379 0. 137.825 0.379 0.925 0. -59.243 0. 0. -1. 0.
-0.903 0.431 0. 136.244 0.431 0.903 0. -58.405 0. 0. -1. 0.
-0.874 0.485 0. 134.753 0.485 0.874 0. -57.547 0. 0. -1. 0.
-0.842 0.539 0. 133.280 0.539 0.842 0. -56.581 0. 0. -1. 0.
-0.802 0.597 0. 131.715 0.597 0.802 0. -55.428 0. 0. -1. 0.
-0.768 0.640 0. 130.281 0.640 0.768 0. -54.163 0. 0. -1. 0.
-0.732 0.681 0. 128.873 0.681 0.732 0. -52.833 0. 0. -1. 0.
-0.691 0.723 0. 127.449 0.723 0.691 0. -51.453 0. 0. -1. 0.
-0.648 0.762 0. 126.177 0.762 0.648 0. -49.816 0. 0. -1. 0.
-0.609 0.793 0. 124.895 0.793 0.609 0. -48.151 0. 0. -1. 0.
-0.563 0.827 0. 123.646 0.827 0.563 0. -46.522 0. 0. -1. 0.
-0.524 0.852 0. 122.670 0.852 0.524 0. -44.753 0. 0. -1. 0.
-0.487 0.874 0. 121.612 0.874 0.487 0. -42.851 0. 0. -1. 0.
-0.451 0.892 0. 120.791 0.892 0.451 0. -40.980 0. 0. -1. 0.
-0.415 0.910 0. 119.959 0.910 0.415 0. -39.083 0. 0. -1. 0.
-0.397 0.918 0. 119.090 0.918 0.397 0. -37.193 0. 0. -1. 0.
-0.378 0.926 0. 118.462 0.926 0.378 0. -35.180 0. 0. -1. 0.
-0.367 0.930 0. 117.698 0.930 0.367 0. -33.186 0. 0. -1. 0.
-0.351 0.936 0. 117.042 0.936 0.351 0. -31.283 0. 0. -1. 0.
-0.349 0.937 0. 116.134 0.937 0.349 0. -29.364 0. 0. -1. 0.
-0.351 0.937 0. 115.440 0.937 0.351 0. -27.379 0. 0. -1. 0.
-0.369 0.929 0. 114.647 0.929 0.369 0. -25.427 0. 0. -1. 0.
-0.390 0.921 0. 113.820 0.921 0.390 0. -23.518 0. 0. -1. 0.
-0.426 0.905 0. 113.112 0.905 0.426 0. -21.572 0. 0. -1. 0.
-0.466 0.885 0. 112.321 0.885 0.466 0. -19.716 0. 0. -1. 0.
-0.516 0.856 0. 111.126 0.856 0.516 0. -17.945 0. 0. -1. 0.
-0.564 0.826 0. 110.117 0.826 0.564 0. -16.234 0. 0. -1. 0.
-0.616 0.787 0. 108.938 0.787 0.616 0. -14.680 0. 0. -1. 0.
-0.672 0.741 0. 107.636 0.741 0.672 0. -13.014 0. 0. -1. 0.
-0.725 0.688 0. 106.103 0.688 0.725 0. -11.672 0. 0. -1. 0.
-0.775 0.633 0. 104.518 0.633 0.775 0. -10.299 0. 0. -1. 0.
-0.820 0.572 0. 102.943 0.572 0.820 0. -8.986 0. 0. -1. 0.
-0.860 0.511 0. 101.216 0.511 0.860 0. -7.848 0. 0. -1. 0.
-0.895 0.447 0. 99.388 0.447 0.895 0. -6.889 0. 0. -1. 0.
-0.928 0.373 0. 97.413 0.373 0.928 0. -6.097 0. 0. -1. 0.
-0.952 0.305 0. 95.433 0.305 0.952 0. -5.458 0. 0. -1. 0.
-0.971 0.239 0. 93.436 0.239 0.971 0. -4.904 0. 0. -1. 0.
-0.983 0.186 0. 91.289 0.186 0.983 0. -4.432 0. 0. -1. 0.
-0.990 0.139 0. 89.275 0.139 0.990 0. -4.082 0. 0. -1. 0.
-0.995 0.101 0. 87.034 0.101 0.995 0. -3.862 0. 0. -1. 0.
-0.998 0.065 0. 84.899 0.065 0.998 0. -3.691 0. 0. -1. 0.
-0.999 0.045 0. 82.709 0.045 0.999 0. -3.524 0. 0. -1. 0.
-1.000 0.028 0. 80.501 0.028 1.000 0. -3.501 0. 0. -1. 0.
-1.000 0.023 0. 78.307 0.023 1.000 0. -3.431 0. 0. -1. 0.
-1.000 0.018 0. 76.039 0.018 1.000 0. -3.348 0. 0. -1. 0.
-1. 0.013 0. 73.779 0.013 1. 0. -3.245 0. 0. -1. 0.
-1. -0.001 -0. 71.564 -0.001 1. 0. -3.169 0. 0. -1. 0.
-1.000 -0.018 -0. 69.280 -0.018 1.000 0. -3.138 0. 0. -1. 0.
-1.000 -0.027 -0. 67.053 -0.027 1.000 0. -3.182 0. 0. -1. 0.
-0.999 -0.037 -0. 64.945 -0.037 0.999 0. -3.241 0. 0. -1. 0.
-0.999 -0.047 -0. 62.745 -0.047 0.999 0. -3.318 0. 0. -1. 0.
-0.999 -0.048 -0. 60.518 -0.048 0.999 0. -3.392 0. 0. -1. 0.
-0.999 -0.044 -0. 58.305 -0.044 0.999 0. -3.399 0. 0. -1. 0.
-0.999 -0.045 -0. 56.082 -0.045 0.999 0. -3.507 0. 0. -1. 0.
-0.999 -0.047 -0. 53.882 -0.047 0.999 0. -3.719 0. 0. -1. 0.
-0.999 -0.041 -0. 51.740 -0.041 0.999 0. -3.813 0. 0. -1. 0.
-1.000 -0.031 -0. 49.513 -0.031 1.000 0. -3.700 0. 0. -1. 0.
-1.000 -0.019 -0. 47.368 -0.019 1.000 0. -3.762 0. 0. -1. 0.
-1. -0.008 -0. 45.233 -0.008 1. 0. -3.716 0. 0. -1. 0.
-1. 0.000 0. 43.142 0.000 1. 0. -3.678 0. 0. -1. 0.
-1.000 0.017 0. 41.041 0.017 1.000 0. -3.670 0. 0. -1. 0.
-0.999 0.040 0. 38.997 0.040 0.999 0. -3.626 0. 0. -1. 0.
-0.999 0.049 0. 36.877 0.049 0.999 0. -3.382 0. 0. -1. 0.
-0.998 0.055 0. 34.730 0.055 0.998 0. -3.263 0. 0. -1. 0.
-0.998 0.066 0. 32.683 0.066 0.998 0. -3.022 0. 0. -1. 0.
-0.997 0.080 0. 30.519 0.080 0.997 0. -2.814 0. 0. -1. 0.
-0.997 0.083 0. 28.534 0.083 0.997 0. -2.539 0. 0. -1. 0.
-0.997 0.083 0. 26.477 0.083 0.997 0. -2.470 0. 0. -1. 0.
-0.996 0.088 0. 24.412 0.088 0.996 0. -2.185 0. 0. -1. 0.
-0.996 0.094 0. 22.346 0.094 0.996 0. -1.949 0. 0. -1. 0.
-0.995 0.097 0. 20.319 0.097 0.995 0. -1.680 0. 0. -1. 0.
-0.995 0.097 0. 18.289 0.097 0.995 0. -1.448 0. 0. -1. 0.
-0.996 0.093 0. 16.241 0.093 0.996 0. -1.295 0. 0. -1. 0.
-0.995 0.095 0. 14.193 0.095 0.995 0. -1.023 0. 0. -1. 0.
-0.996 0.087 0. 12.189 0.087 0.996 0. -0.857 0. 0. -1. 0.
-0.996 0.089 0. 10.064 0.089 0.996 0. -0.758 0. 0. -1. 0.
-0.996 0.087 0. 8.031 0.087 0.996 0. -0.584 0. 0. -1. 0.
-0.997 0.080 0. 5.939 0.080 0.997 0. -0.221 0. 0. -1. 0.
-0.997 0.076 0. 3.873 0.076 0.997 0. -0.036 0. 0. -1. 0.
-0.997 0.072 0. 1.852 0.072 0.997 0. -0.001 0. 0. -1. 0.
-0.998 0.068 0. -0.290 0.068 0.998 0. 0.208 0. 0. -1. 0.
-0.998 0.062 0. -2.341 0.062 0.998 0. 0.390 0. 0. -1. 0.
-0.998 0.057 0. -4.432 0.057 0.998 0. 0.550 0. 0. -1. 0.
-0.999 0.055 0. -6.538 0.055 0.999 0. 0.808 0. 0. -1. 0.
-0.999 0.049 0. -8.702 0.049 0.999 0. 0.874 0. 0. -1. 0.
-0.999 0.034 0. -10.754 0.034 0.999 0. 1.096 0. 0. -1. 0.
-0.999 0.035 0. -12.918 0.035 0.999 0. 1.128 0. 0. -1. 0.
-0.999 0.041 0. -15.108 0.041 0.999 0. 1.118 0. 0. -1. 0.
-0.999 0.039 0. -17.286 0.039 0.999 0. 1.221 0. 0. -1. 0.
-0.999 0.044 0. -19.504 0.044 0.999 0. 1.280 0. 0. -1. 0.
-0.999 0.043 0. -21.715 0.043 0.999 0. 1.585 0. 0. -1. 0.
-0.999 0.040 0. -23.927 0.040 0.999 0. 1.844 0. 0. -1. 0.
-0.999 0.041 0. -26.140 0.041 0.999 0. 1.785 0. 0. -1. 0.
-0.999 0.037 0. -28.408 0.037 0.999 0. 1.955 0. 0. -1. 0.
-0.999 0.035 0. -30.710 0.035 0.999 0. 1.990 0. 0. -1. 0.
-0.999 0.033 0. -32.911 0.033 0.999 0. 1.998 0. 0. -1. 0.
-1.000 0.030 0. -35.131 0.030 1.000 0. 1.966 0. 0. -1. 0.
-1.000 0.017 0. -37.360 0.017 1.000 0. 2.170 0. 0. -1. 0.
-1.000 0.015 0. -39.568 0.015 1.000 0. 2.291 0. 0. -1. 0.
-1. 0.011 0. -41.668 0.011 1. 0. 2.169 0. 0. -1. 0.
-1. 0.001 0. -43.820 0.001 1. 0. 2.320 0. 0. -1. 0.
-1. -0.006 -0. -45.970 -0.006 1. 0. 2.362 0. 0. -1. 0.
-1. -0.013 -0. -47.927 -0.013 1. 0. 2.448 0. 0. -1. 0.
-1. -0.012 -0. -49.938 -0.012 1. 0. 2.480 0. 0. -1. 0.
-1. -0.011 -0. -51.966 -0.011 1. 0. 2.423 0. 0. -1. 0.
-1. -0.000 -0. -53.864 -0.000 1. 0. 2.323 0. 0. -1. 0.
-1. 0.000 0. -55.603 0.000 1. 0. 2.375 0. 0. -1. 0.
-1.000 0.025 0. -57.354 0.025 1.000 0. 2.403 0. 0. -1. 0.
-0.999 0.054 0. -58.934 0.054 0.999 0. 2.553 0. 0. -1. 0.
-0.996 0.092 0. -60.472 0.092 0.996 0. 2.789 0. 0. -1. 0.
-0.990 0.138 0. -61.864 0.138 0.990 0. 2.938 0. 0. -1. 0.
-0.981 0.194 0. -63.182 0.194 0.981 0. 3.217 0. 0. -1. 0.
-0.963 0.270 0. -64.332 0.270 0.963 0. 3.547 0. 0. -1. 0.
-0.937 0.348 0. -65.442 0.348 0.937 0. 3.977 0. 0. -1. 0.
-0.902 0.432 0. -66.392 0.432 0.902 0. 4.623 0. 0. -1. 0.
-0.849 0.529 0. -67.370 0.529 0.849 0. 5.211 0. 0. -1. 0.
-0.776 0.631 0. -68.177 0.631 0.776 0. 5.877 0. 0. -1. 0.
-0.694 0.720 0. -68.914 0.720 0.694 0. 6.739 0. 0. -1. 0.
-0.593 0.805 0. -69.504 0.805 0.593 0. 7.622 0. 0. -1. 0.
-0.496 0.868 0. -69.982 0.868 0.496 0. 8.562 0. 0. -1. 0.
-0.397 0.918 0. -70.334 0.918 0.397 0. 9.541 0. 0. -1. 0.
-0.304 0.953 0. -70.693 0.953 0.304 0. 10.573 0. 0. -1. 0.
-0.224 0.975 0. -70.910 0.975 0.224 0. 11.803 0. 0. -1. 0.
-0.151 0.989 0. -71.141 0.989 0.151 0. 13.013 0. 0. -1. 0.
-0.111 0.994 0. -71.166 0.994 0.111 0. 14.325 0. 0. -1. 0.
-0.082 0.997 0. -71.260 0.997 0.082 0. 15.719 0. 0. -1. 0.
-0.057 0.998 0. -71.364 0.998 0.057 0. 17.169 0. 0. -1. 0.
-0.051 0.999 0. -71.474 0.999 0.051 0. 18.624 0. 0. -1. 0.
-0.041 0.999 0. -71.358 0.999 0.041 0. 20.158 0. 0. -1. 0.
-0.027 1.000 0. -71.447 1.000 0.027 0. 21.792 0. 0. -1. 0.
-0.010 1. 0. -71.352 1. 0.010 0. 23.443 0. 0. -1. 0.
-0.002 1. 0. -71.523 1. 0.002 0. 25.196 0. 0. -1. 0.
0.010 1. 0. -71.284 1. -0.010 -0. 26.927 0. 0. -1. 0.
0.020 1.000 0. -71.374 1.000 -0.020 -0. 28.694 0. 0. -1. 0.
0.023 1.000 0. -71.362 1.000 -0.023 -0. 30.597 0. 0. -1. 0.
0.033 0.999 0. -71.085 0.999 -0.033 -0. 32.352 0. 0. -1. 0.
0.050 0.999 0. -71.041 0.999 -0.050 -0. 34.255 0. 0. -1. 0.
0.077 0.997 0. -70.858 0.997 -0.077 -0. 36.199 0. 0. -1. 0.
0.100 0.995 0. -70.668 0.995 -0.100 -0. 38.050 0. 0. -1. 0.
0.136 0.991 0. -70.394 0.991 -0.136 -0. 39.823 0. 0. -1. 0.
0.151 0.988 0. -69.925 0.988 -0.151 -0. 41.651 0. 0. -1. 0.
0.152 0.988 0. -69.538 0.988 -0.152 -0. 43.567 0. 0. -1. 0.
0.144 0.990 0. -69.245 0.990 -0.144 -0. 45.455 0. 0. -1. 0.
0.131 0.991 0. -68.971 0.991 -0.131 -0. 47.458 0. 0. -1. 0.
0.118 0.993 0. -68.672 0.993 -0.118 -0. 49.304 0. 0. -1. 0.
0.101 0.995 0. -68.473 0.995 -0.101 -0. 51.118 0. 0. -1. 0.
0.084 0.996 0. -68.207 0.996 -0.084 -0. 53.159 0. 0. -1. 0.
0.062 0.998 0. -67.986 0.998 -0.062 -0. 55.151 0. 0. -1. 0.
0.047 0.999 0. -67.959 0.999 -0.047 -0. 57.249 0. 0. -1. 0.
0.030 1.000 0. -67.849 1.000 -0.030 -0. 59.281 0. 0. -1. 0.
0.015 1.000 0. -67.677 1.000 -0.015 -0. 61.289 0. 0. -1. 0.
0.008 1. 0. -67.733 1. -0.008 -0. 63.456 0. 0. -1. 0.
0.013 1. 0. -67.640 1. -0.013 -0. 65.521 0. 0. -1. 0.
0.022 1.000 0. -67.517 1.000 -0.022 -0. 67.485 0. 0. -1. 0.
0.025 1.000 0. -67.461 1.000 -0.025 -0. 69.474 0. 0. -1. 0.
0.032 0.999 0. -67.270 0.999 -0.032 -0. 71.537 0. 0. -1. 0.
0.042 0.999 0. -67.164 0.999 -0.042 -0. 73.579 0. 0. -1. 0.
0.031 1.000 0. -67.115 1.000 -0.031 -0. 75.508 0. 0. -1. 0.
0.011 1. 0. -67.036 1. -0.011 -0. 77.398 0. 0. -1. 0.
-0.023 1.000 0. -67.101 1.000 0.023 0. 79.274 0. 0. -1. 0.
-0.079 0.997 0. -67.111 0.997 0.079 0. 80.997 0. 0. -1. 0.
-0.130 0.991 0. -67.372 0.991 0.130 0. 82.734 0. 0. -1. 0.
-0.196 0.981 0. -67.498 0.981 0.196 0. 84.413 0. 0. -1. 0.
-0.272 0.962 0. -68.034 0.962 0.272 0. 86.023 0. 0. -1. 0.
-0.336 0.942 0. -68.501 0.942 0.336 0. 87.460 0. 0. -1. 0.
-0.420 0.908 0. -69.112 0.908 0.420 0. 88.851 0. 0. -1. 0.
-0.493 0.870 0. -69.877 0.870 0.493 0. 90.236 0. 0. -1. 0.
-0.574 0.819 0. -70.645 0.819 0.574 0. 91.490 0. 0. -1. 0.
-0.648 0.761 0. -71.679 0.761 0.648 0. 92.727 0. 0. -1. 0.
-0.724 0.690 0. -72.753 0.690 0.724 0. 93.696 0. 0. -1. 0.
-0.785 0.620 0. -73.942 0.620 0.785 0. 94.697 0. 0. -1. 0.
-0.841 0.542 0. -75.131 0.542 0.841 0. 95.572 0. 0. -1. 0.
-0.889 0.458 0. -76.470 0.458 0.889 0. 96.278 0. 0. -1. 0.
-0.926 0.379 0. -77.770 0.379 0.926 0. 96.790 0. 0. -1. 0.
-0.948 0.317 0. -79.180 0.317 0.948 0. 97.275 0. 0. -1. 0.
-0.963 0.271 0. -80.658 0.271 0.963 0. 97.707 0. 0. -1. 0.
-0.972 0.236 0. -82.233 0.236 0.972 0. 97.914 0. 0. -1. 0.
-0.976 0.219 0. -83.726 0.219 0.976 0. 98.412 0. 0. -1. 0.
-0.973 0.230 0. -85.347 0.230 0.973 0. 98.750 0. 0. -1. 0.
-0.969 0.246 0. -86.948 0.246 0.969 0. 99.194 0. 0. -1. 0.
-0.959 0.283 0. -88.563 0.283 0.959 0. 99.573 0. 0. -1. 0.
-0.945 0.327 0. -90.151 0.327 0.945 0. 100.185 0. 0. -1. 0.
-0.927 0.375 0. -91.715 0.375 0.927 0. 100.900 0. 0. -1. 0.
-0.905 0.425 0. -93.328 0.425 0.905 0. 101.674 0. 0. -1. 0.
-0.879 0.477 0. -94.924 0.477 0.879 0. 102.483 0. 0. -1. 0.
-0.848 0.529 0. -96.451 0.529 0.848 0. 103.576 0. 0. -1. 0.
-0.820 0.572 0. -97.982 0.572 0.820 0. 104.747 0. 0. -1. 0.
-0.790 0.614 0. -99.582 0.614 0.790 0. 105.944 0. 0. -1. 0.
-0.764 0.645 0. -101.114 0.645 0.764 0. 107.137 0. 0. -1. 0.
-0.744 0.669 0. -102.602 0.669 0.744 0. 108.595 0. 0. -1. 0.
-0.732 0.681 0. -104.098 0.681 0.732 0. 109.999 0. 0. -1. 0.
-0.726 0.688 0. -105.648 0.688 0.726 0. 111.532 0. 0. -1. 0.
-0.715 0.699 0. -107.174 0.699 0.715 0. 113.033 0. 0. -1. 0.
-0.712 0.702 0. -108.755 0.702 0.712 0. 114.684 0. 0. -1. 0.
-0.720 0.694 0. -110.349 0.694 0.720 0. 116.337 0. 0. -1. 0.
-0.716 0.698 0. -112.072 0.698 0.716 0. 117.831 0. 0. -1. 0.
-0.720 0.694 0. -113.666 0.694 0.720 0. 119.485 0. 0. -1. 0.
-0.717 0.697 0. -115.456 0.697 0.717 0. 121.195 0. 0. -1. 0.
-0.716 0.698 0. -117.009 0.698 0.716 0. 122.875 0. 0. -1. 0.
-0.717 0.697 0. -118.719 0.697 0.717 0. 124.715 0. 0. -1. 0.
-0.716 0.699 0. -120.508 0.699 0.716 0. 126.168 0. 0. -1. 0.
-0.715 0.699 0. -122.050 0.699 0.715 0. 128.066 0. 0. -1. 0.
-0.712 0.702 0. -123.969 0.702 0.712 0. 129.697 0. 0. -1. 0.
-0.713 0.702 0. -125.504 0.702 0.713 0. 131.522 0. 0. -1. 0.
-0.711 0.703 0. -127.355 0.703 0.711 0. 133.364 0. 0. -1. 0.
-0.711 0.703 0. -129.009 0.703 0.711 0. 135.200 0. 0. -1. 0.
-0.706 0.709 0. -130.832 0.709 0.706 0. 136.803 0. 0. -1. 0.
-0.705 0.709 0. -132.449 0.709 0.705 0. 138.657 0. 0. -1. 0.
-0.702 0.712 0. -134.185 0.712 0.702 0. 140.575 0. 0. -1. 0.
-0.698 0.716 0. -135.890 0.716 0.698 0. 142.292 0. 0. -1. 0.
-0.695 0.719 0. -137.493 0.719 0.695 0. 144.163 0. 0. -1. 0.
-0.692 0.722 0. -139.285 0.722 0.692 0. 145.892 0. 0. -1. 0.
-0.691 0.723 0. -140.907 0.723 0.691 0. 147.689 0. 0. -1. 0.
-0.684 0.729 0. -142.675 0.729 0.684 0. 149.556 0. 0. -1. 0.
-0.668 0.745 0. -144.232 0.745 0.668 0. 151.322 0. 0. -1. 0.
-0.652 0.758 0. -145.775 0.758 0.652 0. 153.152 0. 0. -1. 0.
-0.633 0.774 0. -147.218 0.774 0.633 0. 155.089 0. 0. -1. 0.
-0.607 0.794 0. -148.657 0.794 0.607 0. 156.984 0. 0. -1. 0.
-0.581 0.814 0. -150.045 0.814 0.581 0. 159.032 0. 0. -1. 0.
-0.557 0.831 0. -151.280 0.831 0.557 0. 160.983 0. 0. -1. 0.
-0.532 0.847 0. -152.443 0.847 0.532 0. 162.967 0. 0. -1. 0.
-0.500 0.866 0. -153.607 0.866 0.500 0. 165.062 0. 0. -1. 0.
-0.468 0.884 0. -154.785 0.884 0.468 0. 167.156 0. 0. -1. 0.
-0.432 0.902 0. -155.729 0.902 0.432 0. 169.197 0. 0. -1. 0.
-0.400 0.916 0. -156.734 0.916 0.400 0. 171.288 0. 0. -1. 0.
-0.374 0.927 0. -157.486 0.927 0.374 0. 173.494 0. 0. -1. 0.
-0.344 0.939 0. -158.331 0.939 0.344 0. 175.567 0. 0. -1. 0.
-0.312 0.950 0. -158.984 0.950 0.312 0. 177.665 0. 0. -1. 0.
-0.280 0.960 0. -159.660 0.960 0.280 0. 179.857 0. 0. -1. 0.
-0.248 0.969 0. -160.011 0.969 0.248 0. 182.065 0. 0. -1. 0.
-0.215 0.977 0. -160.313 0.977 0.215 0. 184.233 0. 0. -1. 0.
-0.189 0.982 0. -160.790 0.982 0.189 0. 186.301 0. 0. -1. 0.
-0.158 0.987 0. -161.259 0.987 0.158 0. 188.320 0. 0. -1. 0.
-0.140 0.990 0. -161.405 0.990 0.140 0. 190.599 0. 0. -1. 0.
-0.125 0.992 0. -161.682 0.992 0.125 0. 192.788 0. 0. -1. 0.
-0.123 0.992 0. -162.089 0.992 0.123 0. 194.989 0. 0. -1. 0.
-0.106 0.994 0. -162.345 0.994 0.106 0. 197.239 0. 0. -1. 0.
-0.095 0.995 0. -162.514 0.995 0.095 0. 199.545 0. 0. -1. 0.
-0.095 0.996 0. -162.301 0.996 0.095 0. 201.915 0. 0. -1. 0.
-0.096 0.995 0. -162.669 0.995 0.096 0. 204.173 0. 0. -1. 0.
-0.098 0.995 0. -162.775 0.995 0.098 0. 206.361 0. 0. -1. 0.
-0.113 0.994 0. -162.999 0.994 0.113 0. 208.578 0. 0. -1. 0.
-0.127 0.992 0. -163.380 0.992 0.127 0. 210.746 0. 0. -1. 0.
-0.156 0.988 0. -163.660 0.988 0.156 0. 212.848 0. 0. -1. 0.
-0.190 0.982 0. -163.942 0.982 0.190 0. 215.021 0. 0. -1. 0.
-0.232 0.973 0. -164.427 0.973 0.232 0. 217.086 0. 0. -1. 0.
-0.277 0.961 0. -165.057 0.961 0.277 0. 219.056 0. 0. -1. 0.
-0.325 0.946 0. -165.658 0.946 0.325 0. 221.047 0. 0. -1. 0.
-0.378 0.926 0. -166.344 0.926 0.378 0. 222.994 0. 0. -1. 0.
-0.439 0.899 0. -167.224 0.899 0.439 0. 224.863 0. 0. -1. 0.
-0.498 0.867 0. -168.218 0.867 0.498 0. 226.519 0. 0. -1. 0.
-0.553 0.833 0. -169.375 0.833 0.553 0. 228.256 0. 0. -1. 0.
-0.610 0.793 0. -170.474 0.793 0.610 0. 229.892 0. 0. -1. 0.
-0.669 0.744 0. -171.846 0.744 0.669 0. 231.441 0. 0. -1. 0.
-0.730 0.684 0. -173.267 0.684 0.730 0. 232.927 0. 0. -1. 0.
-0.780 0.625 0. -174.851 0.625 0.780 0. 234.053 0. 0. -1. 0.
-0.828 0.561 0. -176.417 0.561 0.828 0. 235.279 0. 0. -1. 0.
-0.869 0.495 0. -178.164 0.495 0.869 0. 236.322 0. 0. -1. 0.
-0.905 0.426 0. -179.984 0.426 0.905 0. 237.332 0. 0. -1. 0.
-0.933 0.360 0. -182.085 0.360 0.933 0. 238.020 0. 0. -1. 0.
-0.950 0.313 0. -184.138 0.313 0.950 0. 238.685 0. 0. -1. 0.
-0.959 0.283 0. -186.292 0.283 0.959 0. 239.348 0. 0. -1. 0.
-0.964 0.266 0. -188.451 0.266 0.964 0. 239.970 0. 0. -1. 0.
-0.966 0.258 0. -190.526 0.258 0.966 0. 240.668 0. 0. -1. 0.
-0.966 0.259 0. -192.850 0.259 0.966 0. 241.251 0. 0. -1. 0.
-0.964 0.265 0. -195.087 0.265 0.964 0. 241.947 0. 0. -1. 0.
-0.963 0.268 0. -197.308 0.268 0.963 0. 242.622 0. 0. -1. 0.
-0.964 0.267 0. -199.589 0.267 0.964 0. 243.324 0. 0. -1. 0.
-0.964 0.267 0. -201.948 0.267 0.964 0. 243.899 0. 0. -1. 0.
-0.961 0.276 0. -204.215 0.276 0.961 0. 244.634 0. 0. -1. 0.
-0.958 0.286 0. -206.437 0.286 0.958 0. 245.337 0. 0. -1. 0.
-0.959 0.284 0. -208.676 0.284 0.959 0. 246.036 0. 0. -1. 0.
-0.959 0.283 0. -210.908 0.283 0.959 0. 246.753 0. 0. -1. 0.
-0.959 0.283 0. -213.180 0.283 0.959 0. 247.419 0. 0. -1. 0.
-0.959 0.284 0. -215.286 0.284 0.959 0. 248.224 0. 0. -1. 0.
-0.958 0.286 0. -217.498 0.286 0.958 0. 248.778 0. 0. -1. 0.
-0.959 0.282 0. -219.606 0.282 0.959 0. 249.389 0. 0. -1. 0.
-0.961 0.276 0. -221.868 0.276 0.961 0. 250.138 0. 0. -1. 0.
-0.961 0.277 0. -224.052 0.277 0.961 0. 250.794 0. 0. -1. 0.
-0.960 0.281 0. -226.241 0.281 0.960 0. 251.516 0. 0. -1. 0.
-0.959 0.284 0. -228.531 0.284 0.959 0. 252.112 0. 0. -1. 0.
-0.957 0.289 0. -230.786 0.289 0.957 0. 252.788 0. 0. -1. 0.
-0.950 0.311 0. -233.032 0.311 0.950 0. 253.566 0. 0. -1. 0.
-0.937 0.348 0. -235.073 0.348 0.937 0. 254.436 0. 0. -1. 0.
-0.924 0.383 0. -236.947 0.383 0.924 0. 255.250 0. 0. -1. 0.
-0.916 0.402 0. -238.927 0.402 0.916 0. 256.095 0. 0. -1. 0.
-0.909 0.417 0. -240.771 0.417 0.909 0. 256.975 0. 0. -1. 0.
-0.905 0.426 0. -242.599 0.426 0.905 0. 257.756 0. 0. -1. 0.
-0.901 0.434 0. -244.259 0.434 0.901 0. 258.528 0. 0. -1. 0.
-0.898 0.440 0. -245.770 0.440 0.898 0. 259.420 0. 0. -1. 0.
-0.892 0.452 0. -247.175 0.452 0.892 0. 260.305 0. 0. -1. 0.
-0.881 0.473 0. -248.480 0.473 0.881 0. 260.889 0. 0. -1. 0.
-0.872 0.489 0. -249.519 0.489 0.872 0. 261.635 0. 0. -1. 0.
-0.858 0.514 0. -250.676 0.514 0.858 0. 262.325 0. 0. -1. 0.
-0.841 0.542 0. -251.737 0.542 0.841 0. 262.834 0. 0. -1. 0.
-0.816 0.577 0. -252.627 0.577 0.816 0. 263.551 0. 0. -1. 0.
-0.778 0.628 0. -253.483 0.628 0.778 0. 264.351 0. 0. -1. 0.
-0.728 0.686 0. -254.247 0.686 0.728 0. 264.921 0. 0. -1. 0.
-0.670 0.742 0. -254.991 0.742 0.670 0. 265.755 0. 0. -1. 0.
-0.605 0.796 0. -255.627 0.796 0.605 0. 266.686 0. 0. -1. 0.
-0.534 0.845 0. -256.010 0.845 0.534 0. 267.597 0. 0. -1. 0.
-0.453 0.891 0. -256.485 0.891 0.453 0. 268.387 0. 0. -1. 0.
-0.384 0.923 0. -256.737 0.923 0.384 0. 269.470 0. 0. -1. 0.
-0.307 0.952 0. -257.020 0.952 0.307 0. 270.571 0. 0. -1. 0.
-0.228 0.974 0. -257.263 0.974 0.228 0. 271.625 0. 0. -1. 0.
-0.147 0.989 0. -257.436 0.989 0.147 0. 272.982 0. 0. -1. 0.
-0.073 0.997 0. -257.535 0.997 0.073 0. 274.262 0. 0. -1. 0.
-0.010 1. 0. -257.604 1. 0.010 0. 275.739 0. 0. -1. 0.
0.049 0.999 0. -257.458 0.999 -0.049 -0. 277.320 0. 0. -1. 0.
0.100 0.995 0. -257.243 0.995 -0.100 -0. 278.977 0. 0. -1. 0.
0.133 0.991 0. -256.885 0.991 -0.133 -0. 280.860 0. 0. -1. 0.
0.165 0.986 0. -256.503 0.986 -0.165 -0. 282.843 0. 0. -1. 0.
0.195 0.981 0. -256.133 0.981 -0.195 -0. 284.894 0. 0. -1. 0.
0.211 0.978 0. -255.720 0.978 -0.211 -0. 287.049 0. 0. -1. 0.
0.224 0.975 0. -255.023 0.975 -0.224 -0. 289.313 0. 0. -1. 0.
0.232 0.973 0. -254.439 0.973 -0.232 -0. 291.742 0. 0. -1. 0.
0.238 0.971 0. -253.779 0.971 -0.238 -0. 294.284 0. 0. -1. 0.
0.248 0.969 0. -252.957 0.969 -0.248 -0. 296.840 0. 0. -1. 0.
0.258 0.966 0. -252.340 0.966 -0.258 -0. 299.480 0. 0. -1. 0.
0.257 0.967 0. -251.516 0.967 -0.257 -0. 302.125 0. 0. -1. 0.
0.258 0.966 0. -250.726 0.966 -0.258 -0. 304.896 0. 0. -1. 0.
0.262 0.965 0. -249.868 0.965 -0.262 -0. 307.661 0. 0. -1. 0.
0.264 0.964 0. -249.152 0.964 -0.264 -0. 310.648 0. 0. -1. 0.
0.263 0.965 0. -248.252 0.965 -0.263 -0. 313.588 0. 0. -1. 0.
0.267 0.964 0. -247.391 0.964 -0.267 -0. 316.728 0. 0. -1. 0.
0.264 0.965 0. -246.387 0.965 -0.264 -0. 319.822 0. 0. -1. 0.
0.264 0.965 0. -245.497 0.965 -0.264 -0. 323.094 0. 0. -1. 0.
0.267 0.964 0. -244.668 0.964 -0.267 -0. 326.383 0. 0. -1. 0.
0.262 0.965 0. -243.497 0.965 -0.262 -0. 329.692 0. 0. -1. 0.
0.273 0.962 0. -242.551 0.962 -0.273 -0. 333.173 0. 0. -1. 0.
0.270 0.963 0. -241.598 0.963 -0.270 -0. 336.708 0. 0. -1. 0.
0.270 0.963 0. -240.660 0.963 -0.270 -0. 340.301 0. 0. -1. 0.
0.267 0.964 0. -239.621 0.964 -0.267 -0. 343.939 0. 0. -1. 0.
0.265 0.964 0. -238.460 0.964 -0.265 -0. 347.717 0. 0. -1. 0.
0.268 0.963 0. -237.410 0.963 -0.268 -0. 351.611 0. 0. -1. 0.
0.269 0.963 0. -236.261 0.963 -0.269 -0. 355.335 0. 0. -1. 0.
0.268 0.963 0. -235.209 0.963 -0.268 -0. 359.341 0. 0. -1. 0.
0.268 0.963 0. -233.918 0.963 -0.268 -0. 363.279 0. 0. -1. 0.
0.265 0.964 0. -232.607 0.964 -0.265 -0. 367.306 0. 0. -1. 0.
0.263 0.965 0. -231.550 0.965 -0.263 -0. 371.360 0. 0. -1. 0.
0.268 0.963 0. -230.356 0.963 -0.268 -0. 375.464 0. 0. -1. 0.
0.268 0.963 0. -229.172 0.963 -0.268 -0. 379.661 0. 0. -1. 0.
0.267 0.964 0. -228.026 0.964 -0.267 -0. 383.886 0. 0. -1. 0.
0.268 0.963 0. -226.597 0.963 -0.268 -0. 388.100 0. 0. -1. 0.
0.267 0.964 0. -225.315 0.964 -0.267 -0. 392.400 0. 0. -1. 0.
0.267 0.964 0. -223.935 0.964 -0.267 -0. 396.677 0. 0. -1. 0.
0.269 0.963 0. -222.763 0.963 -0.269 -0. 401.096 0. 0. -1. 0.
0.266 0.964 0. -221.430 0.964 -0.266 -0. 405.361 0. 0. -1. 0.
0.264 0.964 0. -220.232 0.964 -0.264 -0. 409.676 0. 0. -1. 0.
0.263 0.965 0. -218.957 0.965 -0.263 -0. 413.921 0. 0. -1. 0.
0.262 0.965 0. -217.823 0.965 -0.262 -0. 418.211 0. 0. -1. 0.
0.259 0.966 0. -216.463 0.966 -0.259 -0. 422.335 0. 0. -1. 0.
0.263 0.965 0. -215.427 0.965 -0.263 -0. 426.629 0. 0. -1. 0.
0.260 0.966 0. -214.049 0.966 -0.260 -0. 430.711 0. 0. -1. 0.
0.260 0.966 0. -212.936 0.966 -0.260 -0. 434.900 0. 0. -1. 0.
0.259 0.966 0. -211.764 0.966 -0.259 -0. 438.937 0. 0. -1. 0.
0.262 0.965 0. -210.577 0.965 -0.262 -0. 442.895 0. 0. -1. 0.
0.264 0.965 0. -209.433 0.965 -0.264 -0. 446.785 0. 0. -1. 0.
0.264 0.965 0. -208.328 0.965 -0.264 -0. 450.404 0. 0. -1. 0.
0.264 0.964 0. -207.322 0.964 -0.264 -0. 454.106 0. 0. -1. 0.
0.262 0.965 0. -206.105 0.965 -0.262 -0. 457.758 0. 0. -1. 0.
0.259 0.966 0. -204.997 0.966 -0.259 -0. 461.293 0. 0. -1. 0.
0.261 0.965 0. -204.155 0.965 -0.261 -0. 464.959 0. 0. -1. 0.
0.261 0.965 0. -202.981 0.965 -0.261 -0. 468.430 0. 0. -1. 0.
0.260 0.965 0. -201.982 0.965 -0.260 -0. 471.913 0. 0. -1. 0.
0.265 0.964 0. -201.095 0.964 -0.265 -0. 475.440 0. 0. -1. 0.
0.267 0.964 0. -200.179 0.964 -0.267 -0. 478.843 0. 0. -1. 0.
0.267 0.964 0. -199.198 0.964 -0.267 -0. 482.321 0. 0. -1. 0.
0.268 0.963 0. -198.029 0.963 -0.268 -0. 485.654 0. 0. -1. 0.
0.274 0.962 0. -197.151 0.962 -0.274 -0. 488.992 0. 0. -1. 0.
0.274 0.962 0. -195.939 0.962 -0.274 -0. 492.357 0. 0. -1. 0.
0.273 0.962 0. -194.976 0.962 -0.273 -0. 495.651 0. 0. -1. 0.
0.272 0.962 0. -193.964 0.962 -0.272 -0. 498.936 0. 0. -1. 0.
0.280 0.960 0. -193.017 0.960 -0.280 -0. 502.251 0. 0. -1. 0.
0.286 0.958 0. -192.006 0.958 -0.286 -0. 505.480 0. 0. -1. 0.
0.282 0.960 0. -190.986 0.960 -0.282 -0. 508.748 0. 0. -1. 0.
0.279 0.960 0. -189.760 0.960 -0.279 -0. 511.961 0. 0. -1. 0.
0.280 0.960 0. -188.994 0.960 -0.280 -0. 515.195 0. 0. -1. 0.
0.276 0.961 0. -187.954 0.961 -0.276 -0. 518.387 0. 0. -1. 0.
0.283 0.959 0. -187.100 0.959 -0.283 -0. 521.697 0. 0. -1. 0.
0.279 0.960 0. -186.075 0.960 -0.279 -0. 524.761 0. 0. -1. 0.
0.278 0.961 0. -185.137 0.961 -0.278 -0. 527.951 0. 0. -1. 0.
0.277 0.961 0. -184.220 0.961 -0.277 -0. 531.095 0. 0. -1. 0.
0.274 0.962 0. -183.146 0.962 -0.274 -0. 534.175 0. 0. -1. 0.
0.272 0.962 0. -182.258 0.962 -0.272 -0. 537.260 0. 0. -1. 0.
0.267 0.964 0. -181.270 0.964 -0.267 -0. 540.343 0. 0. -1. 0.
0.263 0.965 0. -180.487 0.965 -0.263 -0. 543.446 0. 0. -1. 0.
0.262 0.965 0. -179.593 0.965 -0.262 -0. 546.531 0. 0. -1. 0.
0.253 0.968 0. -178.706 0.968 -0.253 -0. 549.527 0. 0. -1. 0.
0.248 0.969 0. -178.116 0.969 -0.248 -0. 552.675 0. 0. -1. 0.
0.237 0.971 0. -177.219 0.971 -0.237 -0. 555.566 0. 0. -1. 0.
0.235 0.972 0. -176.309 0.972 -0.235 -0. 558.522 0. 0. -1. 0.
0.232 0.973 0. -175.550 0.973 -0.232 -0. 561.416 0. 0. -1. 0.
0.231 0.973 0. -174.943 0.973 -0.231 -0. 564.245 0. 0. -1. 0.
0.220 0.975 0. -174.180 0.975 -0.220 -0. 566.909 0. 0. -1. 0.
0.222 0.975 0. -173.587 0.975 -0.222 -0. 569.621 0. 0. -1. 0.
0.215 0.977 0. -172.980 0.977 -0.215 -0. 572.150 0. 0. -1. 0.
0.209 0.978 0. -172.375 0.978 -0.209 -0. 574.647 0. 0. -1. 0.
0.204 0.979 0. -171.843 0.979 -0.204 -0. 577.067 0. 0. -1. 0.
0.203 0.979 0. -171.393 0.979 -0.203 -0. 579.359 0. 0. -1. 0.
0.199 0.980 0. -170.891 0.980 -0.199 -0. 581.516 0. 0. -1. 0.
0.194 0.981 0. -170.370 0.981 -0.194 -0. 583.672 0. 0. -1. 0.
0.193 0.981 0. -170.037 0.981 -0.193 -0. 585.685 0. 0. -1. 0.
0.189 0.982 0. -169.561 0.982 -0.189 -0. 587.619 0. 0. -1. 0.
0.185 0.983 0. -169.234 0.983 -0.185 -0. 589.449 0. 0. -1. 0.
0.182 0.983 0. -168.992 0.983 -0.182 -0. 591.175 0. 0. -1. 0.
0.178 0.984 0. -168.614 0.984 -0.178 -0. 592.743 0. 0. -1. 0.
0.179 0.984 0. -168.327 0.984 -0.179 -0. 594.072 0. 0. -1. 0.
0.180 0.984 0. -168.174 0.984 -0.180 -0. 595.228 0. 0. -1. 0.
0.178 0.984 0. -167.899 0.984 -0.178 -0. 596.239 0. 0. -1. 0.
0.172 0.985 0. -167.707 0.985 -0.172 -0. 597.189 0. 0. -1. 0.
0.171 0.985 0. -167.595 0.985 -0.171 -0. 597.793 0. 0. -1. 0.
0.169 0.986 0. -167.504 0.986 -0.169 -0. 598.426 0. 0. -1. 0.
0.167 0.986 0. -167.364 0.986 -0.167 -0. 598.895 0. 0. -1. 0.
0.166 0.986 0. -167.342 0.986 -0.166 -0. 599.255 0. 0. -1. 0.
0.168 0.986 0. -167.394 0.986 -0.168 -0. 599.504 0. 0. -1. 0.
0.169 0.986 0. -167.350 0.986 -0.169 -0. 599.730 0. 0. -1. 0.
0.166 0.986 0. -167.358 0.986 -0.166 -0. 599.839 0. 0. -1. 0.
0.166 0.986 0. -167.186 0.986 -0.166 -0. 599.988 0. 0. -1. 0.
0.166 0.986 0. -167.202 0.986 -0.166 -0. 600.011 0. 0. -1. 0.
0.167 0.986 0. -167.284 0.986 -0.167 -0. 600.034 0. 0. -1. 0.
0.164 0.987 0. -167.167 0.987 -0.164 -0. 600.023 0. 0. -1. 0.
0.167 0.986 0. -167.281 0.986 -0.167 -0. 600.016 0. 0. -1. 0.
0.160 0.987 0. -167.223 0.987 -0.160 -0. 600.045 0. 0. -1. 0.
0.159 0.987 0. -167.176 0.987 -0.159 -0. 600.076 0. 0. -1. 0.
0.163 0.987 0. -167.167 0.987 -0.163 -0. 600.021 0. 0. -1. 0.
0.164 0.987 0. -167.168 0.987 -0.164 -0. 600.005 0. 0. -1. 0.
0.165 0.986 0. -167.194 0.986 -0.165 -0. 600.007 0. 0. -1. 0.
0.164 0.987 0. -167.254 0.987 -0.164 -0. 600.015 0. 0. -1. 0.
0.167 0.986 0. -167.266 0.986 -0.167 -0. 600.000 0. 0. -1. 0.
0.165 0.986 0. -167.200 0.986 -0.165 -0. 600.010 0. 0. -1. 0.
0.165 0.986 0. -167.293 0.986 -0.165 -0. 600.027 0. 0. -1. 0.
0.165 0.986 0. -167.271 0.986 -0.165 -0. 600.052 0. 0. -1. 0.
0.162 0.987 0. -167.205 0.987 -0.162 -0. 600.089 0. 0. -1. 0.
0.163 0.987 0. -167.196 0.987 -0.163 -0. 600.051 0. 0. -1. 0.
0.164 0.986 0. -167.195 0.986 -0.164 -0. 600.081 0. 0. -1. 0.
0.167 0.986 0. -167.283 0.986 -0.167 -0. 600.024 0. 0. -1. 0.
0.165 0.986 0. -167.237 0.986 -0.165 -0. 600.015 0. 0. -1. 0.
0.164 0.986 0. -167.221 0.986 -0.164 -0. 600.078 0. 0. -1. 0.
0.165 0.986 0. -167.188 0.986 -0.165 -0. 600.035 0. 0. -1. 0.
0.164 0.986 0. -167.301 0.986 -0.164 -0. 600.036 0. 0. -1. 0.
0.166 0.986 0. -167.316 0.986 -0.166 -0. 600.010 0. 0. -1. 0.
0.167 0.986 0. -167.260 0.986 -0.167 -0. 600.041 0. 0. -1. 0.
0.164 0.986 0. -167.206 0.986 -0.164 -0. 600.014 0. 0. -1. 0.
0.163 0.987 0. -167.213 0.987 -0.163 -0. 600.009 0. 0. -1. 0.
0.167 0.986 0. -167.197 0.986 -0.167 -0. 600.007 0. 0. -1. 0.
0.167 0.986 0. -167.135 0.986 -0.167 -0. 600.026 0. 0. -1. 0.
0.164 0.986 0. -167.215 0.986 -0.164 -0. 600.004 0. 0. -1. 0.
0.160 0.987 0. -167.210 0.987 -0.160 -0. 600.099 0. 0. -1. 0.
0.164 0.986 0. -167.322 0.986 -0.164 -0. 600.010 0. 0. -1. 0.
0.165 0.986 0. -167.309 0.986 -0.165 -0. 600.033 0. 0. -1. 0.
0.165 0.986 0. -167.233 0.986 -0.165 -0. 600.087 0. 0. -1. 0.
0.161 0.987 0. -167.241 0.987 -0.161 -0. 600.055 0. 0. -1. 0.
0.166 0.986 0. -167.287 0.986 -0.166 -0. 600.020 0. 0. -1. 0.
0.166 0.986 0. -167.155 0.986 -0.166 -0. 600.033 0. 0. -1. 0.
0.164 0.986 0. -167.168 0.986 -0.164 -0. 600.021 0. 0. -1. 0.
0.163 0.987 0. -167.261 0.987 -0.163 -0. 600.066 0. 0. -1. 0.
0.161 0.987 0. -167.183 0.987 -0.161 -0. 600.077 0. 0. -1. 0.
0.168 0.986 0. -167.301 0.986 -0.168 -0. 599.980 0. 0. -1. 0.
0.165 0.986 0. -167.301 0.986 -0.165 -0. 600.011 0. 0. -1. 0.
0.165 0.986 0. -167.329 0.986 -0.165 -0. 600.020 0. 0. -1. 0.
0.166 0.986 0. -167.320 0.986 -0.166 -0. 600.081 0. 0. -1. 0.
0.162 0.987 0. -167.241 0.987 -0.162 -0. 600.094 0. 0. -1. 0.
0.169 0.986 0. -167.248 0.986 -0.169 -0. 600.068 0. 0. -1. 0.
0.166 0.986 0. -167.162 0.986 -0.166 -0. 600.012 0. 0. -1. 0.
0.166 0.986 0. -167.305 0.986 -0.166 -0. 600.018 0. 0. -1. 0.
0.163 0.987 0. -167.260 0.987 -0.163 -0. 600.030 0. 0. -1. 0.
0.162 0.987 0. -167.229 0.987 -0.162 -0. 600.134 0. 0. -1. 0.
0.170 0.985 0. -167.214 0.985 -0.170 -0. 600.038 0. 0. -1. 0.
0.164 0.986 0. -167.090 0.986 -0.164 -0. 600.057 0. 0. -1. 0.
0.162 0.987 0. -167.090 0.987 -0.162 -0. 600.087 0. 0. -1. 0.
0.165 0.986 0. -167.126 0.986 -0.165 -0. 600.101 0. 0. -1. 0.
0.163 0.987 0. -167.097 0.987 -0.163 -0. 600.066 0. 0. -1. 0.
0.165 0.986 0. -167.264 0.986 -0.165 -0. 600.026 0. 0. -1. 0.
0.167 0.986 0. -167.360 0.986 -0.167 -0. 599.964 0. 0. -1. 0.
0.169 0.986 0. -167.250 0.986 -0.169 -0. 600.076 0. 0. -1. 0.
0.163 0.987 0. -167.165 0.987 -0.163 -0. 600.019 0. 0. -1. 0.
0.165 0.986 0. -167.290 0.986 -0.165 -0. 600.067 0. 0. -1. 0.
0.165 0.986 0. -167.280 0.986 -0.165 -0. 600.018 0. 0. -1. 0.
0.159 0.987 0. -167.210 0.987 -0.159 -0. 600.041 0. 0. -1. 0.
0.161 0.987 0. -167.201 0.987 -0.161 -0. 600.142 0. 0. -1. 0.
0.168 0.986 0. -167.259 0.986 -0.168 -0. 599.972 0. 0. -1. 0.
0.169 0.986 0. -167.243 0.986 -0.169 -0. 599.980 0. 0. -1. 0.
0.167 0.986 0. -167.266 0.986 -0.167 -0. 599.995 0. 0. -1. 0.
0.166 0.986 0. -167.289 0.986 -0.166 -0. 599.973 0. 0. -1. 0.
0.168 0.986 0. -167.266 0.986 -0.168 -0. 600.070 0. 0. -1. 0.
0.163 0.987 0. -167.140 0.987 -0.163 -0. 600.078 0. 0. -1. 0.
0.165 0.986 0. -167.335 0.986 -0.165 -0. 600.047 0. 0. -1. 0.
0.165 0.986 0. -167.165 0.986 -0.165 -0. 600.033 0. 0. -1. 0.
0.165 0.986 0. -167.189 0.986 -0.165 -0. 600.048 0. 0. -1. 0.
0.167 0.986 0. -167.244 0.986 -0.167 -0. 600.002 0. 0. -1. 0.
0.165 0.986 0. -167.139 0.986 -0.165 -0. 600.060 0. 0. -1. 0.
0.162 0.987 0. -167.315 0.987 -0.162 -0. 600.058 0. 0. -1. 0.
0.163 0.987 0. -167.247 0.987 -0.163 -0. 600.101 0. 0. -1. 0.
0.163 0.987 0. -167.146 0.987 -0.163 -0. 600.009 0. 0. -1. 0.
0.163 0.987 0. -167.201 0.987 -0.163 -0. 600.030 0. 0. -1. 0.
0.165 0.986 0. -167.158 0.986 -0.165 -0. 600.026 0. 0. -1. 0.
0.165 0.986 0. -167.176 0.986 -0.165 -0. 600.022 0. 0. -1. 0.
0.162 0.987 0. -167.192 0.987 -0.162 -0. 600.063 0. 0. -1. 0.
0.163 0.987 0. -167.167 0.987 -0.163 -0. 600.143 0. 0. -1. 0.
0.168 0.986 0. -167.296 0.986 -0.168 -0. 600.000 0. 0. -1. 0.
0.166 0.986 0. -167.296 0.986 -0.166 -0. 600.012 0. 0. -1. 0.
0.166 0.986 0. -167.341 0.986 -0.166 -0. 600.017 0. 0. -1. 0.
0.163 0.987 0. -167.214 0.987 -0.163 -0. 600.112 0. 0. -1. 0.
0.165 0.986 0. -167.118 0.986 -0.165 -0. 600.087 0. 0. -1. 0.
0.162 0.987 0. -167.227 0.987 -0.162 -0. 600.057 0. 0. -1. 0.
0.163 0.987 0. -167.247 0.987 -0.163 -0. 600.160 0. 0. -1. 0.
0.162 0.987 0. -167.159 0.987 -0.162 -0. 600.039 0. 0. -1. 0.
0.167 0.986 0. -167.290 0.986 -0.167 -0. 600.012 0. 0. -1. 0.
0.166 0.986 0. -167.102 0.986 -0.166 -0. 600.049 0. 0. -1. 0.
0.161 0.987 0. -167.157 0.987 -0.161 -0. 600.021 0. 0. -1. 0.
0.164 0.986 0. -167.241 0.986 -0.164 -0. 600.109 0. 0. -1. 0.
0.166 0.986 0. -167.106 0.986 -0.166 -0. 600.033 0. 0. -1. 0.
