1610731064202404 0.99581 0.09147 0.00000 -2.77581 0.09147 -0.99581 0.00000 -2.06319 0.00000 0.00000 -1.00000 0.00000
1610731064451781 0.99581 0.09147 0.00000 -2.77583 0.09147 -0.99581 0.00000 -2.06317 0.00000 0.00000 -1.00000 0.00000
1610731064701159 0.99581 0.09150 0.00000 -2.77579 0.09150 -0.99581 0.00000 -2.06328 0.00000 0.00000 -1.00000 0.00000
1610731064951160 0.99580 0.09151 0.00000 -2.77575 0.09151 -0.99580 0.00000 -2.06327 0.00000 0.00000 -1.00000 0.00000
1610731065201796 0.99580 0.09151 0.00000 -2.77572 0.09151 -0.99580 0.00000 -2.06331 0.00000 0.00000 -1.00000 0.00000
1610731065451793 0.99580 0.09151 0.00000 -2.77572 0.09151 -0.99580 0.00000 -2.06329 0.00000 0.00000 -1.00000 0.00000
1610731065702438 0.99581 0.09147 0.00000 -2.77582 0.09147 -0.99581 0.00000 -2.06318 0.00000 0.00000 -1.00000 0.00000
1610731065952419 0.99581 0.09143 0.00000 -2.77590 0.09143 -0.99581 0.00000 -2.06309 0.00000 0.00000 -1.00000 0.00000
1610731066203056 0.99581 0.09145 0.00000 -2.77586 0.09145 -0.99581 0.00000 -2.06310 0.00000 0.00000 -1.00000 0.00000
1610731066453063 0.99581 0.09147 0.00000 -2.77581 0.09147 -0.99581 0.00000 -2.06321 0.00000 0.00000 -1.00000 0.00000
1610731066703685 0.99581 0.09144 0.00000 -2.77588 0.09144 -0.99581 0.00000 -2.06310 0.00000 0.00000 -1.00000 0.00000
1610731066953694 0.99581 0.09142 0.00000 -2.77593 0.09142 -0.99581 0.00000 -2.06309 0.00000 0.00000 -1.00000 0.00000
1610731067202442 0.99581 0.09145 0.00000 -2.77588 0.09145 -0.99581 0.00000 -2.06315 0.00000 0.00000 -1.00000 0.00000
1610731067451821 0.99581 0.09141 0.00000 -2.77592 0.09141 -0.99581 0.00000 -2.06308 0.00000 0.00000 -1.00000 0.00000
1610731067700573 0.99581 0.09144 0.00000 -2.77584 0.09144 -0.99581 0.00000 -2.06311 0.00000 0.00000 -1.00000 0.00000
1610731067950576 0.99581 0.09146 0.00000 -2.77583 0.09146 -0.99581 0.00000 -2.06316 0.00000 0.00000 -1.00000 0.00000
1610731068200579 0.99581 0.09146 0.00000 -2.77583 0.09146 -0.99581 0.00000 -2.06313 0.00000 0.00000 -1.00000 0.00000
1610731068450578 0.99580 0.09152 0.00000 -2.77567 0.09152 -0.99580 0.00000 -2.06339 0.00000 0.00000 -1.00000 0.00000
1610731068701210 0.99580 0.09152 0.00000 -2.77568 0.09152 -0.99580 0.00000 -2.06328 0.00000 0.00000 -1.00000 0.00000
1610731068951216 0.99581 0.09148 0.00000 -2.77578 0.09148 -0.99581 0.00000 -2.06326 0.00000 0.00000 -1.00000 0.00000
1610731069201845 0.99581 0.09146 0.00000 -2.77581 0.09146 -0.99581 0.00000 -2.06318 0.00000 0.00000 -1.00000 0.00000
1610731069451854 0.99581 0.09148 0.00000 -2.77576 0.09148 -0.99581 0.00000 -2.06323 0.00000 0.00000 -1.00000 0.00000
1610731069701843 0.99581 0.09147 0.00000 -2.77581 0.09147 -0.99581 0.00000 -2.06323 0.00000 0.00000 -1.00000 0.00000
1610731069952474 0.99581 0.09146 0.00000 -2.77580 0.09146 -0.99581 0.00000 -2.06316 0.00000 0.00000 -1.00000 0.00000
1610731070202487 0.99580 0.09151 0.00000 -2.77573 0.09151 -0.99580 0.00000 -2.06332 0.00000 0.00000 -1.00000 0.00000
1610731070453110 0.99581 0.09146 0.00000 -2.77583 0.09146 -0.99581 0.00000 -2.06319 0.00000 0.00000 -1.00000 0.00000
1610731070702486 0.99581 0.09147 0.00000 -2.77580 0.09147 -0.99581 0.00000 -2.06320 0.00000 0.00000 -1.00000 0.00000
1610731070953114 0.99581 0.09148 0.00000 -2.77577 0.09148 -0.99581 0.00000 -2.06324 0.00000 0.00000 -1.00000 0.00000
1610731071203123 0.99581 0.09147 0.00000 -2.77578 0.09147 -0.99581 0.00000 -2.06323 0.00000 0.00000 -1.00000 0.00000
1610731071453123 0.99581 0.09148 0.00000 -2.77578 0.09148 -0.99581 0.00000 -2.06327 0.00000 0.00000 -1.00000 0.00000
1610731071702502 0.99581 0.09149 0.00000 -2.77577 0.09149 -0.99581 0.00000 -2.06325 0.00000 0.00000 -1.00000 0.00000
1610731071952500 0.99580 0.09153 0.00000 -2.77566 0.09153 -0.99580 0.00000 -2.06339 0.00000 0.00000 -1.00000 0.00000
1610731072201883 0.99580 0.09154 0.00000 -2.77564 0.09154 -0.99580 0.00000 -2.06340 0.00000 0.00000 -1.00000 0.00000
1610731072451889 0.99580 0.09154 0.00000 -2.77566 0.09154 -0.99580 0.00000 -2.06341 0.00000 0.00000 -1.00000 0.00000
1610731072701894 0.99580 0.09153 0.00000 -2.77569 0.09153 -0.99580 0.00000 -2.06340 0.00000 0.00000 -1.00000 0.00000
1610731072952514 0.99581 0.09149 0.00000 -2.77578 0.09149 -0.99581 0.00000 -2.06327 0.00000 0.00000 -1.00000 0.00000
1610731073202533 0.99581 0.09148 0.00000 -2.77577 0.09148 -0.99581 0.00000 -2.06324 0.00000 0.00000 -1.00000 0.00000
1610731073453145 0.99581 0.09149 0.00000 -2.77574 0.09149 -0.99581 0.00000 -2.06327 0.00000 0.00000 -1.00000 0.00000
1610731073703155 0.99581 0.09144 0.00000 -2.77587 0.09144 -0.99581 0.00000 -2.06313 0.00000 0.00000 -1.00000 0.00000
1610731073953147 0.99581 0.09144 0.00000 -2.77589 0.09144 -0.99581 0.00000 -2.06311 0.00000 0.00000 -1.00000 0.00000
1610731074203156 0.99581 0.09146 0.00000 -2.77583 0.09146 -0.99581 0.00000 -2.06316 0.00000 0.00000 -1.00000 0.00000
1610731074453166 0.99581 0.09142 0.00000 -2.77589 0.09142 -0.99581 0.00000 -2.06307 0.00000 0.00000 -1.00000 0.00000
1610731074701915 0.99581 0.09142 0.00000 -2.77590 0.09142 -0.99581 0.00000 -2.06308 0.00000 0.00000 -1.00000 0.00000
1610731074951297 0.99581 0.09142 0.00000 -2.77594 0.09142 -0.99581 0.00000 -2.06307 0.00000 0.00000 -1.00000 0.00000
1610731075201297 0.99581 0.09142 0.00000 -2.77592 0.09142 -0.99581 0.00000 -2.06307 0.00000 0.00000 -1.00000 0.00000
1610731075450674 0.99581 0.09143 0.00000 -2.77588 0.09143 -0.99581 0.00000 -2.06309 0.00000 0.00000 -1.00000 0.00000
1610731075700681 0.99581 0.09143 0.00000 -2.77588 0.09143 -0.99581 0.00000 -2.06310 0.00000 0.00000 -1.00000 0.00000
1610731075951302 0.99581 0.09144 0.00000 -2.77588 0.09144 -0.99581 0.00000 -2.06314 0.00000 0.00000 -1.00000 0.00000
1610731076201307 0.99581 0.09145 0.00000 -2.77587 0.09145 -0.99581 0.00000 -2.06313 0.00000 0.00000 -1.00000 0.00000
1610731076451941 0.99581 0.09148 0.00000 -2.77577 0.09148 -0.99581 0.00000 -2.06324 0.00000 0.00000 -1.00000 0.00000
1610731076701944 0.99581 0.09148 0.00000 -2.77578 0.09148 -0.99581 0.00000 -2.06327 0.00000 0.00000 -1.00000 0.00000
1610731076951946 0.99581 0.09146 0.00000 -2.77583 0.09146 -0.99581 0.00000 -2.06319 0.00000 0.00000 -1.00000 0.00000
1610731077202573 0.99581 0.09146 0.00000 -2.77585 0.09146 -0.99581 0.00000 -2.06326 0.00000 0.00000 -1.00000 0.00000
1610731077452590 0.99581 0.09147 0.00000 -2.77584 0.09147 -0.99581 0.00000 -2.06323 0.00000 0.00000 -1.00000 0.00000
1610731077703206 0.99581 0.09144 0.00000 -2.77590 0.09144 -0.99581 0.00000 -2.06314 0.00000 0.00000 -1.00000 0.00000
1610731077952579 0.99581 0.09147 0.00000 -2.77585 0.09147 -0.99581 0.00000 -2.06325 0.00000 0.00000 -1.00000 0.00000
1610731078202579 0.99580 0.09151 0.00000 -2.77574 0.09151 -0.99580 0.00000 -2.06337 0.00000 0.00000 -1.00000 0.00000
1610731078453210 0.99580 0.09152 0.00000 -2.77572 0.09152 -0.99580 0.00000 -2.06335 0.00000 0.00000 -1.00000 0.00000
1610731078703222 0.99581 0.09148 0.00000 -2.77579 0.09148 -0.99581 0.00000 -2.06328 0.00000 0.00000 -1.00000 0.00000
1610731078952594 0.99581 0.09148 0.00000 -2.77579 0.09148 -0.99581 0.00000 -2.06329 0.00000 0.00000 -1.00000 0.00000
1610731079203263 0.99581 0.09146 0.00000 -2.77586 0.09146 -0.99581 0.00000 -2.06320 0.00000 0.00000 -1.00000 0.00000
1610731079452600 0.99581 0.09145 0.00000 -2.77586 0.09145 -0.99581 0.00000 -2.06318 0.00000 0.00000 -1.00000 0.00000
1610731079701984 0.99581 0.09140 0.00000 -2.77583 0.09140 -0.99581 0.00000 -2.06303 0.00000 0.00000 -1.00000 0.00000
1610731079951987 0.99582 0.09138 0.00000 -2.77573 0.09138 -0.99582 0.00000 -2.06302 0.00000 0.00000 -1.00000 0.00000
1610731080201365 0.99584 0.09116 0.00000 -2.77606 0.09116 -0.99584 0.00000 -2.06085 0.00000 0.00000 -1.00000 0.00000
1610731080451988 0.99581 0.09146 0.00000 -2.77660 0.09146 -0.99581 0.00000 -2.06230 0.00000 0.00000 -1.00000 0.00000
1610731080702617 0.99575 0.09209 0.00000 -2.79239 0.09209 -0.99575 0.00000 -2.06205 0.00000 0.00000 -1.00000 0.00000
1610731080952620 0.99561 0.09365 0.00000 -2.82130 0.09365 -0.99561 0.00000 -2.06702 0.00000 0.00000 -1.00000 0.00000
1610731081202620 0.99524 0.09746 0.00000 -2.85880 0.09746 -0.99524 0.00000 -2.07722 0.00000 0.00000 -1.00000 0.00000
1610731081453260 0.99451 0.10464 0.00000 -2.91918 0.10464 -0.99451 0.00000 -2.09397 0.00000 0.00000 -1.00000 0.00000
1610731081703259 0.99301 0.11805 0.00000 -3.01648 0.11805 -0.99301 0.00000 -2.13026 0.00000 0.00000 -1.00000 0.00000
1610731081953255 0.99048 0.13766 0.00000 -3.17757 0.13766 -0.99048 0.00000 -2.18621 0.00000 0.00000 -1.00000 0.00000
1610731082202641 0.98664 0.16291 0.00000 -3.40666 0.16291 -0.98664 0.00000 -2.26220 0.00000 0.00000 -1.00000 0.00000
1610731082452020 0.98150 0.19149 0.00000 -3.70712 0.19149 -0.98150 0.00000 -2.35346 0.00000 0.00000 -1.00000 0.00000
1610731082701396 0.97586 0.21839 0.00000 -4.08551 0.21839 -0.97586 0.00000 -2.45914 0.00000 0.00000 -1.00000 0.00000
1610731082952023 0.97073 0.24017 0.00000 -4.54670 0.24017 -0.97073 0.00000 -2.55842 0.00000 0.00000 -1.00000 0.00000
1610731083202022 0.96657 0.25640 0.00000 -5.07648 0.25640 -0.96657 0.00000 -2.64003 0.00000 0.00000 -1.00000 0.00000
1610731083452029 0.96335 0.26823 0.00000 -5.67391 0.26823 -0.96335 0.00000 -2.70687 0.00000 0.00000 -1.00000 0.00000
1610731083702657 0.96105 0.27636 0.00000 -6.33724 0.27636 -0.96105 0.00000 -2.75455 0.00000 0.00000 -1.00000 0.00000
1610731083952656 0.96100 0.27656 0.00000 -7.08156 0.27656 -0.96100 0.00000 -2.77825 0.00000 0.00000 -1.00000 0.00000
1610731084202661 0.96160 0.27447 0.00000 -7.88015 0.27447 -0.96160 0.00000 -2.77905 0.00000 0.00000 -1.00000 0.00000
1610731084452670 0.96312 0.26906 0.00000 -8.73920 0.26906 -0.96312 0.00000 -2.72598 0.00000 0.00000 -1.00000 0.00000
1610731084703293 0.96539 0.26082 0.00000 -9.66670 0.26082 -0.96539 0.00000 -2.67439 0.00000 0.00000 -1.00000 0.00000
1610731084953298 0.96799 0.25098 0.00000 -10.65075 0.25098 -0.96799 0.00000 -2.60046 0.00000 0.00000 -1.00000 0.00000
1610731085203298 0.97073 0.24015 0.00000 -11.69125 0.24015 -0.97073 0.00000 -2.48858 0.00000 0.00000 -1.00000 0.00000
1610731085453306 0.97275 0.23186 0.00000 -12.77298 0.23186 -0.97275 0.00000 -2.39826 0.00000 0.00000 -1.00000 0.00000
1610731085702687 0.97429 0.22532 0.00000 -13.83187 0.22532 -0.97429 0.00000 -2.33096 0.00000 0.00000 -1.00000 0.00000
1610731085952061 0.97470 0.22351 0.00000 -14.93084 0.22351 -0.97470 0.00000 -2.33429 0.00000 0.00000 -1.00000 0.00000
1610731086201442 0.97519 0.22135 0.00000 -16.11818 0.22135 -0.97519 0.00000 -2.29462 0.00000 0.00000 -1.00000 0.00000
1610731086451441 0.97560 0.21955 0.00000 -17.35517 0.21955 -0.97560 0.00000 -2.30700 0.00000 0.00000 -1.00000 0.00000
1610731086702066 0.97578 0.21874 0.00000 -18.65611 0.21874 -0.97578 0.00000 -2.31055 0.00000 0.00000 -1.00000 0.00000
1610731086952075 0.97571 0.21906 0.00000 -20.02808 0.21906 -0.97571 0.00000 -2.34725 0.00000 0.00000 -1.00000 0.00000
1610731087202734 0.97575 0.21888 0.00000 -21.46453 0.21888 -0.97575 0.00000 -2.38014 0.00000 0.00000 -1.00000 0.00000
1610731087453334 0.97547 0.22015 0.00000 -22.94301 0.22015 -0.97547 0.00000 -2.43305 0.00000 0.00000 -1.00000 0.00000
1610731087703335 0.97475 0.22331 0.00000 -24.43623 0.22331 -0.97475 0.00000 -2.54062 0.00000 0.00000 -1.00000 0.00000
1610731087953339 0.97419 0.22573 0.00000 -25.96671 0.22573 -0.97419 0.00000 -2.63519 0.00000 0.00000 -1.00000 0.00000
1610731088203345 0.97360 0.22827 0.00000 -27.49914 0.22827 -0.97360 0.00000 -2.73836 0.00000 0.00000 -1.00000 0.00000
1610731088453349 0.97285 0.23143 0.00000 -29.00057 0.23143 -0.97285 0.00000 -2.87776 0.00000 0.00000 -1.00000 0.00000
1610731088703347 0.97224 0.23397 0.00000 -30.52956 0.23397 -0.97224 0.00000 -2.96609 0.00000 0.00000 -1.00000 0.00000
1610731088952722 0.97133 0.23772 0.00000 -32.00339 0.23772 -0.97133 0.00000 -3.11723 0.00000 0.00000 -1.00000 0.00000
1610731089201476 0.97073 0.24018 0.00000 -33.44572 0.24018 -0.97073 0.00000 -3.20985 0.00000 0.00000 -1.00000 0.00000
1610731089450854 0.97007 0.24281 0.00000 -34.95617 0.24281 -0.97007 0.00000 -3.31764 0.00000 0.00000 -1.00000 0.00000
1610731089701483 0.96857 0.24875 0.00000 -36.46331 0.24875 -0.96857 0.00000 -3.56770 0.00000 0.00000 -1.00000 0.00000
1610731089951483 0.96660 0.25630 0.00000 -37.94126 0.25630 -0.96660 0.00000 -3.89062 0.00000 0.00000 -1.00000 0.00000
1610731090201487 0.96458 0.26377 0.00000 -39.45448 0.26377 -0.96458 0.00000 -4.21032 0.00000 0.00000 -1.00000 0.00000
1610731090452120 0.96329 0.26847 0.00000 -40.98515 0.26847 -0.96329 0.00000 -4.45311 0.00000 0.00000 -1.00000 0.00000
1610731090702120 0.96238 0.27171 0.00000 -42.51006 0.27171 -0.96238 0.00000 -4.60702 0.00000 0.00000 -1.00000 0.00000
1610731090952132 0.96142 0.27508 0.00000 -44.02706 0.27508 -0.96142 0.00000 -4.80775 0.00000 0.00000 -1.00000 0.00000
1610731091202752 0.96075 0.27742 0.00000 -45.57013 0.27742 -0.96075 0.00000 -4.93627 0.00000 0.00000 -1.00000 0.00000
1610731091452128 0.96018 0.27938 0.00000 -47.13470 0.27938 -0.96018 0.00000 -5.06324 0.00000 0.00000 -1.00000 0.00000
1610731091702766 0.95956 0.28149 0.00000 -48.73136 0.28149 -0.95956 0.00000 -5.18570 0.00000 0.00000 -1.00000 0.00000
1610731091952771 0.95892 0.28368 0.00000 -50.36372 0.28368 -0.95892 0.00000 -5.33571 0.00000 0.00000 -1.00000 0.00000
1610731092203397 0.95864 0.28463 0.00000 -52.04453 0.28463 -0.95864 0.00000 -5.40280 0.00000 0.00000 -1.00000 0.00000
1610731092453398 0.96002 0.27992 0.00000 -53.77786 0.27992 -0.96002 0.00000 -5.16541 0.00000 0.00000 -1.00000 0.00000
1610731092703401 0.96172 0.27403 0.00000 -55.54459 0.27403 -0.96172 0.00000 -4.87474 0.00000 0.00000 -1.00000 0.00000
1610731092953406 0.96330 0.26844 0.00000 -57.37152 0.26844 -0.96330 0.00000 -4.59555 0.00000 0.00000 -1.00000 0.00000
1610731093202151 0.96498 0.26231 0.00000 -59.20241 0.26231 -0.96498 0.00000 -4.27757 0.00000 0.00000 -1.00000 0.00000
1610731093451540 0.96560 0.26002 0.00000 -61.06739 0.26002 -0.96560 0.00000 -4.18486 0.00000 0.00000 -1.00000 0.00000
1610731093700907 0.96644 0.25691 0.00000 -62.94860 0.25691 -0.96644 0.00000 -4.01643 0.00000 0.00000 -1.00000 0.00000
1610731093951540 0.96713 0.25426 0.00000 -64.86156 0.25426 -0.96713 0.00000 -3.86599 0.00000 0.00000 -1.00000 0.00000
1610731094201546 0.96801 0.25090 0.00000 -66.75844 0.25090 -0.96801 0.00000 -3.65677 0.00000 0.00000 -1.00000 0.00000
1610731094451549 0.96984 0.24373 0.00000 -68.67294 0.24373 -0.96984 0.00000 -3.19609 0.00000 0.00000 -1.00000 0.00000
1610731094701550 0.97154 0.23688 0.00000 -70.60536 0.23688 -0.97154 0.00000 -2.74181 0.00000 0.00000 -1.00000 0.00000
1610731094952179 0.97356 0.22844 0.00000 -72.52899 0.22844 -0.97356 0.00000 -2.15723 0.00000 0.00000 -1.00000 0.00000
1610731095202188 0.97596 0.21797 0.00000 -74.44591 0.21797 -0.97596 0.00000 -1.40574 0.00000 0.00000 -1.00000 0.00000
1610731095452181 0.97879 0.20488 0.00000 -76.35754 0.20488 -0.97879 0.00000 -0.44440 0.00000 0.00000 -1.00000 0.00000
1610731095702817 0.98219 0.18791 0.00000 -78.24785 0.18791 -0.98219 0.00000 0.86502 0.00000 0.00000 -1.00000 0.00000
1610731095953439 0.98685 0.16164 0.00000 -80.09786 0.16164 -0.98685 0.00000 2.91856 0.00000 0.00000 -1.00000 0.00000
1610731096203440 0.99198 0.12641 0.00000 -81.85542 0.12641 -0.99198 0.00000 5.76646 0.00000 0.00000 -1.00000 0.00000
1610731096453438 0.99653 0.08321 0.00000 -83.42561 0.08321 -0.99653 0.00000 9.30688 0.00000 0.00000 -1.00000 0.00000
1610731096702821 0.99933 0.03660 0.00000 -84.76689 0.03660 -0.99933 0.00000 13.19226 0.00000 0.00000 -1.00000 0.00000
1610731096952203 0.99996 -0.00887 0.00000 -85.98823 -0.00887 -0.99996 0.00000 17.03516 0.00000 -0.00000 -1.00000 0.00000
1610731097202205 0.99841 -0.05640 0.00000 -86.97126 -0.05640 -0.99841 0.00000 21.09276 0.00000 -0.00000 -1.00000 0.00000
1610731097451586 0.99491 -0.10079 0.00000 -87.83294 -0.10079 -0.99491 0.00000 24.92321 0.00000 -0.00000 -1.00000 0.00000
1610731097702215 0.98904 -0.14766 0.00000 -88.42535 -0.14766 -0.98904 0.00000 29.04427 0.00000 -0.00000 -1.00000 0.00000
1610731097952220 0.98071 -0.19549 0.00000 -88.80636 -0.19549 -0.98071 0.00000 33.30018 0.00000 -0.00000 -1.00000 0.00000
1610731098202227 0.96875 -0.24803 0.00000 -88.78488 -0.24803 -0.96875 0.00000 38.04532 0.00000 -0.00000 -1.00000 0.00000
1610731098452224 0.95254 -0.30441 0.00000 -88.29581 -0.30441 -0.95254 0.00000 43.17939 0.00000 -0.00000 -1.00000 0.00000
1610731098702850 0.93165 -0.36337 0.00000 -87.33996 -0.36337 -0.93165 0.00000 48.62344 0.00000 -0.00000 -1.00000 0.00000
1610731098952857 0.90456 -0.42635 0.00000 -85.72655 -0.42635 -0.90456 0.00000 54.49132 0.00000 -0.00000 -1.00000 0.00000
1610731099203484 0.87282 -0.48804 0.00000 -83.64530 -0.48804 -0.87282 0.00000 60.30813 0.00000 -0.00000 -1.00000 0.00000
1610731099453485 0.83674 -0.54760 0.00000 -81.13318 -0.54760 -0.83674 0.00000 65.97588 0.00000 -0.00000 -1.00000 0.00000
1610731099703486 0.79684 -0.60419 0.00000 -78.26285 -0.60419 -0.79684 0.00000 71.42813 0.00000 -0.00000 -1.00000 0.00000
1610731099953495 0.75355 -0.65739 0.00000 -75.07015 -0.65739 -0.75355 0.00000 76.63630 0.00000 -0.00000 -1.00000 0.00000
1610731100202250 0.70888 -0.70533 0.00000 -71.72863 -0.70533 -0.70888 0.00000 81.38843 0.00000 -0.00000 -1.00000 0.00000
1610731100450375 0.66156 -0.74989 0.00000 -68.14401 -0.74989 -0.66156 0.00000 85.86428 0.00000 -0.00000 -1.00000 0.00000
1610731100699748 0.62439 -0.78112 0.00000 -65.75963 -0.78112 -0.62439 0.00000 89.03601 0.00000 -0.00000 -1.00000 0.00000
1610731100949757 0.59949 -0.80038 0.00000 -64.79082 -0.80038 -0.59949 0.00000 91.03160 0.00000 -0.00000 -1.00000 0.00000
1610731101199759 0.57851 -0.81568 0.00000 -64.28443 -0.81568 -0.57851 0.00000 92.67806 0.00000 -0.00000 -1.00000 0.00000
1610731101449774 0.56052 -0.82814 0.00000 -64.11923 -0.82814 -0.56052 0.00000 94.04713 0.00000 -0.00000 -1.00000 0.00000
1610731101700392 0.54935 -0.83559 0.00000 -64.73786 -0.83559 -0.54935 0.00000 94.88940 0.00000 -0.00000 -1.00000 0.00000
1610731101950397 0.54744 -0.83685 0.00000 -66.39744 -0.83685 -0.54744 0.00000 95.00792 0.00000 -0.00000 -1.00000 0.00000
1610731102201024 0.54869 -0.83602 0.00000 -68.41368 -0.83602 -0.54869 0.00000 94.88230 0.00000 -0.00000 -1.00000 0.00000
1610731102451029 0.55017 -0.83506 0.00000 -70.43144 -0.83506 -0.55017 0.00000 94.72475 0.00000 -0.00000 -1.00000 0.00000
1610731102701033 0.55207 -0.83380 0.00000 -72.48791 -0.83380 -0.55207 0.00000 94.52556 0.00000 -0.00000 -1.00000 0.00000
1610731102951656 0.55428 -0.83233 0.00000 -74.55172 -0.83233 -0.55428 0.00000 94.30036 0.00000 -0.00000 -1.00000 0.00000
1610731103201667 0.56027 -0.82831 0.00000 -77.02722 -0.82831 -0.56027 0.00000 93.72366 0.00000 -0.00000 -1.00000 0.00000
1610731103451663 0.57033 -0.82141 0.00000 -79.91477 -0.82141 -0.57033 0.00000 92.75088 0.00000 -0.00000 -1.00000 0.00000
1610731103702295 0.58417 -0.81163 0.00000 -83.12549 -0.81163 -0.58417 0.00000 91.34033 0.00000 -0.00000 -1.00000 0.00000
1610731103952295 0.60296 -0.79777 0.00000 -86.81535 -0.79777 -0.60296 0.00000 89.33153 0.00000 -0.00000 -1.00000 0.00000
1610731104202302 0.62297 -0.78225 0.00000 -90.52137 -0.78225 -0.62297 0.00000 87.06350 0.00000 -0.00000 -1.00000 0.00000
1610731104452303 0.64107 -0.76748 0.00000 -93.87057 -0.76748 -0.64107 0.00000 84.90347 0.00000 -0.00000 -1.00000 0.00000
1610731104702930 0.65775 -0.75324 0.00000 -96.90882 -0.75324 -0.65775 0.00000 82.79163 0.00000 -0.00000 -1.00000 0.00000
1610731104952935 0.67035 -0.74205 0.00000 -99.32780 -0.74205 -0.67035 0.00000 81.12591 0.00000 -0.00000 -1.00000 0.00000
1610731105203557 0.68108 -0.73221 0.00000 -101.38468 -0.73221 -0.68108 0.00000 79.66280 0.00000 -0.00000 -1.00000 0.00000
1610731105453561 0.69000 -0.72381 0.00000 -103.09359 -0.72381 -0.69000 0.00000 78.40356 0.00000 -0.00000 -1.00000 0.00000
1610731105703568 0.69704 -0.71704 0.00000 -104.46415 -0.71704 -0.69704 0.00000 77.37693 0.00000 -0.00000 -1.00000 0.00000
1610731105952950 0.70270 -0.71149 0.00000 -105.57458 -0.71149 -0.70270 0.00000 76.53850 0.00000 -0.00000 -1.00000 0.00000
1610731106202322 0.70848 -0.70573 0.00000 -106.65722 -0.70573 -0.70848 0.00000 75.68311 0.00000 -0.00000 -1.00000 0.00000
1610731106451078 0.71274 -0.70143 0.00000 -107.57008 -0.70143 -0.71274 0.00000 75.02118 0.00000 -0.00000 -1.00000 0.00000
1610731106701077 0.71707 -0.69700 0.00000 -108.51154 -0.69700 -0.71707 0.00000 74.35112 0.00000 -0.00000 -1.00000 0.00000
1610731106951081 0.72294 -0.69091 0.00000 -109.69965 -0.69091 -0.72294 0.00000 73.41808 0.00000 -0.00000 -1.00000 0.00000
1610731107201711 0.72813 -0.68544 0.00000 -110.90535 -0.68544 -0.72813 0.00000 72.57481 0.00000 -0.00000 -1.00000 0.00000
1610731107452343 0.73518 -0.67787 0.00000 -112.39661 -0.67787 -0.73518 0.00000 71.42373 0.00000 -0.00000 -1.00000 0.00000
1610731107702347 0.74162 -0.67082 0.00000 -113.92550 -0.67082 -0.74162 0.00000 70.32101 0.00000 -0.00000 -1.00000 0.00000
1610731107952351 0.74873 -0.66288 0.00000 -115.62040 -0.66288 -0.74873 0.00000 69.07820 0.00000 -0.00000 -1.00000 0.00000
1610731108202970 0.75615 -0.65439 0.00000 -117.45636 -0.65439 -0.75615 0.00000 67.74857 0.00000 -0.00000 -1.00000 0.00000
1610731108452986 0.76557 -0.64336 0.00000 -119.56781 -0.64336 -0.76557 0.00000 66.01396 0.00000 -0.00000 -1.00000 0.00000
1610731108702986 0.77530 -0.63159 0.00000 -121.83770 -0.63159 -0.77530 0.00000 64.14573 0.00000 -0.00000 -1.00000 0.00000
1610731108953612 0.78512 -0.61935 0.00000 -124.25499 -0.61935 -0.78512 0.00000 62.19869 0.00000 -0.00000 -1.00000 0.00000
1610731109203594 0.79559 -0.60584 0.00000 -126.78387 -0.60584 -0.79559 0.00000 60.02159 0.00000 -0.00000 -1.00000 0.00000
1610731109453628 0.80679 -0.59084 0.00000 -129.42603 -0.59084 -0.80679 0.00000 57.59667 0.00000 -0.00000 -1.00000 0.00000
1610731109703629 0.82102 -0.57090 0.00000 -132.39641 -0.57090 -0.82102 0.00000 54.36643 0.00000 -0.00000 -1.00000 0.00000
1610731109953628 0.83517 -0.54999 0.00000 -135.34829 -0.54999 -0.83517 0.00000 50.96832 0.00000 -0.00000 -1.00000 0.00000
1610731110203624 0.84850 -0.52919 0.00000 -138.18597 -0.52919 -0.84850 0.00000 47.57003 0.00000 -0.00000 -1.00000 0.00000
1610731110453002 0.86083 -0.50890 0.00000 -140.89313 -0.50890 -0.86083 0.00000 44.24128 0.00000 -0.00000 -1.00000 0.00000
1610731110702387 0.86973 -0.49353 0.00000 -143.28867 -0.49353 -0.86973 0.00000 41.70342 0.00000 -0.00000 -1.00000 0.00000
1610731110952389 0.87726 -0.48002 0.00000 -145.55978 -0.48002 -0.87726 0.00000 39.45785 0.00000 -0.00000 -1.00000 0.00000
1610731111202425 0.88357 -0.46830 0.00000 -147.71353 -0.46830 -0.88357 0.00000 37.48244 0.00000 -0.00000 -1.00000 0.00000
1610731111452393 0.88867 -0.45854 0.00000 -149.76640 -0.45854 -0.88867 0.00000 35.82631 0.00000 -0.00000 -1.00000 0.00000
1610731111703018 0.89346 -0.44914 0.00000 -151.78886 -0.44914 -0.89346 0.00000 34.20291 0.00000 -0.00000 -1.00000 0.00000
1610731111953027 0.89869 -0.43859 0.00000 -153.81231 -0.43859 -0.89869 0.00000 32.38565 0.00000 -0.00000 -1.00000 0.00000
1610731112203033 0.90343 -0.42874 0.00000 -155.81132 -0.42874 -0.90343 0.00000 30.66886 0.00000 -0.00000 -1.00000 0.00000
1610731112453032 0.90813 -0.41869 0.00000 -157.77984 -0.41869 -0.90813 0.00000 28.90609 0.00000 -0.00000 -1.00000 0.00000
1610731112703659 0.91580 -0.40162 0.00000 -159.94174 -0.40162 -0.91580 0.00000 25.88457 0.00000 -0.00000 -1.00000 0.00000
1610731112953660 0.92739 -0.37410 0.00000 -162.28610 -0.37410 -0.92739 0.00000 21.04879 0.00000 -0.00000 -1.00000 0.00000
1610731113203043 0.94212 -0.33528 0.00000 -164.62870 -0.33528 -0.94212 0.00000 14.23648 0.00000 -0.00000 -1.00000 0.00000
1610731113453042 0.95879 -0.28410 0.00000 -166.77592 -0.28410 -0.95879 0.00000 5.30535 0.00000 -0.00000 -1.00000 0.00000
1610731113703047 0.97571 -0.21908 0.00000 -168.34671 -0.21908 -0.97571 0.00000 -5.95865 0.00000 -0.00000 -1.00000 0.00000
1610731113953051 0.99007 -0.14060 0.00000 -168.87168 -0.14060 -0.99007 0.00000 -19.43149 0.00000 -0.00000 -1.00000 0.00000
1610731114203051 0.99928 -0.03788 0.00000 -167.48081 -0.03788 -0.99928 0.00000 -36.79233 0.00000 -0.00000 -1.00000 0.00000
1610731114453059 0.99628 0.08614 0.00000 -163.10055 0.08614 -0.99628 0.00000 -57.30909 0.00000 0.00000 -1.00000 0.00000
1610731114703058 0.97503 0.22206 0.00000 -155.12317 0.22206 -0.97503 0.00000 -79.20952 0.00000 0.00000 -1.00000 0.00000
1610731114953687 0.93158 0.36354 0.00000 -143.13093 0.36354 -0.93158 0.00000 -101.29727 0.00000 0.00000 -1.00000 0.00000
1610731115203694 0.85980 0.51063 0.00000 -126.02459 0.51063 -0.85980 0.00000 -123.35053 0.00000 0.00000 -1.00000 0.00000
1610731115454323 0.75546 0.65520 0.00000 -103.44719 0.65520 -0.75546 0.00000 -143.82077 0.00000 0.00000 -1.00000 0.00000
1610731115704324 0.62702 0.77900 0.00000 -77.54451 0.77900 -0.62702 0.00000 -159.95345 0.00000 0.00000 -1.00000 0.00000
1610731115953706 0.47781 0.87847 0.00000 -48.98332 0.87847 -0.47781 0.00000 -171.28203 0.00000 0.00000 -1.00000 0.00000
1610731116203078 0.31143 0.95027 0.00000 -18.49593 0.95027 -0.31143 0.00000 -177.35188 0.00000 0.00000 -1.00000 0.00000
1610731116452455 0.13176 0.99128 0.00000 13.16327 0.99128 -0.13176 0.00000 -177.76703 0.00000 0.00000 -1.00000 0.00000
1610731116702459 -0.05716 0.99837 0.00000 45.19404 0.99837 0.05716 0.00000 -172.13712 0.00000 0.00000 -1.00000 0.00000
1610731116952466 -0.24079 0.97058 0.00000 75.06623 0.97058 0.24079 0.00000 -160.83800 0.00000 0.00000 -1.00000 0.00000
1610731117203095 -0.41606 0.90934 0.00000 102.34267 0.90934 0.41606 0.00000 -144.22624 0.00000 0.00000 -1.00000 0.00000
1610731117453099 -0.57714 0.81665 0.00000 126.09870 0.81665 0.57714 0.00000 -122.82760 0.00000 0.00000 -1.00000 0.00000
1610731117703721 -0.71144 0.70275 0.00000 144.46389 0.70275 0.71144 0.00000 -98.82956 0.00000 0.00000 -1.00000 0.00000
1610731117954359 -0.81162 0.58419 0.00000 156.73389 0.58419 0.81162 0.00000 -75.31657 0.00000 0.00000 -1.00000 0.00000
1610731118204353 -0.88156 0.47207 0.00000 163.96126 0.47207 0.88156 0.00000 -54.03086 0.00000 0.00000 -1.00000 0.00000
1610731118453742 -0.92814 0.37224 0.00000 167.51363 0.37224 0.92814 0.00000 -35.70922 0.00000 0.00000 -1.00000 0.00000
1610731118703110 -0.95872 0.28434 0.00000 168.66112 0.28434 0.95872 0.00000 -20.01630 0.00000 0.00000 -1.00000 0.00000
1610731118952491 -0.97820 0.20768 0.00000 168.22404 0.20768 0.97820 0.00000 -6.66835 0.00000 0.00000 -1.00000 0.00000
1610731119202538 -0.98962 0.14368 0.00000 166.74374 0.14368 0.98962 0.00000 4.23701 0.00000 0.00000 -1.00000 0.00000
1610731119453123 -0.99578 0.09179 0.00000 164.67801 0.09179 0.99578 0.00000 12.89124 0.00000 0.00000 -1.00000 0.00000
1610731119703125 -0.99873 0.05042 0.00000 162.34112 0.05042 0.99873 0.00000 19.65856 0.00000 0.00000 -1.00000 0.00000
1610731119953754 -0.99980 0.01999 0.00000 159.97778 0.01999 0.99980 0.00000 24.55395 0.00000 0.00000 -1.00000 0.00000
1610731120203763 -0.99998 0.00588 0.00000 157.94305 0.00588 0.99998 0.00000 26.78225 0.00000 0.00000 -1.00000 0.00000
1610731120453768 -0.99999 -0.00358 -0.00000 155.98940 -0.00358 0.99999 0.00000 28.23071 0.00000 0.00000 -1.00000 0.00000
1610731120703769 -0.99996 -0.00863 -0.00000 154.08485 -0.00863 0.99996 0.00000 29.00424 0.00000 0.00000 -1.00000 0.00000
1610731120953140 -0.99995 -0.00951 -0.00000 152.31325 -0.00951 0.99995 0.00000 29.08957 0.00000 0.00000 -1.00000 0.00000
1610731121203146 -1.00000 -0.00036 -0.00000 150.80835 -0.00036 1.00000 0.00000 27.68339 0.00000 0.00000 -1.00000 0.00000
1610731121452522 -0.99976 0.02174 0.00000 149.60816 0.02174 0.99976 0.00000 24.33712 0.00000 0.00000 -1.00000 0.00000
1610731121702533 -0.99861 0.05269 0.00000 148.53912 0.05269 0.99861 0.00000 19.69823 0.00000 0.00000 -1.00000 0.00000
1610731121952531 -0.99552 0.09460 0.00000 147.48435 0.09460 0.99552 0.00000 13.42698 0.00000 0.00000 -1.00000 0.00000
1610731122202537 -0.99042 0.13810 0.00000 146.15389 0.13810 0.99042 0.00000 6.92994 0.00000 0.00000 -1.00000 0.00000
1610731122452533 -0.98282 0.18455 0.00000 144.54912 0.18455 0.98282 0.00000 0.01872 0.00000 0.00000 -1.00000 0.00000
1610731122702542 -0.97131 0.23781 0.00000 142.54758 0.23781 0.97131 0.00000 -7.86368 0.00000 0.00000 -1.00000 0.00000
1610731122953171 -0.95501 0.29656 0.00000 139.99302 0.29656 0.95501 0.00000 -16.54936 0.00000 0.00000 -1.00000 0.00000
1610731123203171 -0.93400 0.35727 0.00000 136.81388 0.35727 0.93400 0.00000 -25.50878 0.00000 0.00000 -1.00000 0.00000
1610731123453178 -0.90921 0.41633 0.00000 133.06249 0.41633 0.90921 0.00000 -34.23117 0.00000 0.00000 -1.00000 0.00000
1610731123703176 -0.87954 0.47583 0.00000 128.64340 0.47583 0.87954 0.00000 -43.00458 0.00000 0.00000 -1.00000 0.00000
1610731123953181 -0.84667 0.53213 0.00000 123.69637 0.53213 0.84667 0.00000 -51.30309 0.00000 0.00000 -1.00000 0.00000
1610731124203809 -0.80952 0.58709 0.00000 118.14701 0.58709 0.80952 0.00000 -59.40479 0.00000 0.00000 -1.00000 0.00000
1610731124453821 -0.77097 0.63687 0.00000 112.30283 0.63687 0.77097 0.00000 -66.73870 0.00000 0.00000 -1.00000 0.00000
1610731124703193 -0.73316 0.68006 0.00000 106.41428 0.68006 0.73316 0.00000 -73.09597 0.00000 0.00000 -1.00000 0.00000
1610731124952572 -0.70133 0.71284 0.00000 101.11623 0.71284 0.70133 0.00000 -77.89773 0.00000 0.00000 -1.00000 0.00000
1610731125202532 -0.67053 0.74188 0.00000 95.85851 0.74188 0.67053 0.00000 -82.11874 0.00000 0.00000 -1.00000 0.00000
1610731125451962 -0.64134 0.76725 0.00000 90.74332 0.76725 0.64134 0.00000 -85.78170 0.00000 0.00000 -1.00000 0.00000
1610731125702580 -0.61118 0.79149 0.00000 85.49152 0.79149 0.61118 0.00000 -89.24316 0.00000 0.00000 -1.00000 0.00000
1610731125952581 -0.58108 0.81385 0.00000 80.21455 0.81385 0.58108 0.00000 -92.41170 0.00000 0.00000 -1.00000 0.00000
1610731126202596 -0.55421 0.83238 0.00000 75.25535 0.83238 0.55421 0.00000 -95.01302 0.00000 0.00000 -1.00000 0.00000
1610731126452593 -0.53601 0.84421 0.00000 71.29436 0.84421 0.53601 0.00000 -96.66348 0.00000 0.00000 -1.00000 0.00000
1610731126703217 -0.52198 0.85296 0.00000 67.79497 0.85296 0.52198 0.00000 -97.85133 0.00000 0.00000 -1.00000 0.00000
1610731126953217 -0.50857 0.86102 0.00000 64.37796 0.86102 0.50857 0.00000 -98.93277 0.00000 0.00000 -1.00000 0.00000
1610731127203886 -0.50691 0.86200 0.00000 62.31465 0.86200 0.50691 0.00000 -99.10686 0.00000 0.00000 -1.00000 0.00000
1610731127453856 -0.51256 0.85865 0.00000 61.10498 0.85865 0.51256 0.00000 -98.74068 0.00000 0.00000 -1.00000 0.00000
1610731127703857 -0.52438 0.85149 0.00000 60.60858 0.85149 0.52438 0.00000 -97.93257 0.00000 0.00000 -1.00000 0.00000
1610731127953233 -0.54316 0.83963 0.00000 60.92826 0.83963 0.54316 0.00000 -96.62597 0.00000 0.00000 -1.00000 0.00000
1610731128203236 -0.56774 0.82321 0.00000 61.91979 0.82321 0.56774 0.00000 -94.83663 0.00000 0.00000 -1.00000 0.00000
1610731128453241 -0.59730 0.80202 0.00000 63.48845 0.80202 0.59730 0.00000 -92.58476 0.00000 0.00000 -1.00000 0.00000
1610731128703248 -0.63453 0.77290 0.00000 65.96956 0.77290 0.63453 0.00000 -89.55365 0.00000 0.00000 -1.00000 0.00000
1610731128953876 -0.67831 0.73477 0.00000 69.22258 0.73477 0.67831 0.00000 -85.65118 0.00000 0.00000 -1.00000 0.00000
1610731129203876 -0.72368 0.69014 0.00000 72.74888 0.69014 0.72368 0.00000 -81.13594 0.00000 0.00000 -1.00000 0.00000
1610731129453876 -0.76619 0.64261 0.00000 75.98428 0.64261 0.76619 0.00000 -76.39380 0.00000 0.00000 -1.00000 0.00000
1610731129703881 -0.80534 0.59281 0.00000 78.87601 0.59281 0.80534 0.00000 -71.49630 0.00000 0.00000 -1.00000 0.00000
1610731129953264 -0.84076 0.54141 0.00000 81.42927 0.54141 0.84076 0.00000 -66.50039 0.00000 0.00000 -1.00000 0.00000
1610731130202639 -0.87418 0.48560 0.00000 83.84522 0.48560 0.87418 0.00000 -61.12914 0.00000 0.00000 -1.00000 0.00000
1610731130452642 -0.90192 0.43191 0.00000 85.63749 0.43191 0.90192 0.00000 -56.01384 0.00000 0.00000 -1.00000 0.00000
1610731130702644 -0.92475 0.38057 0.00000 86.90611 0.38057 0.92475 0.00000 -51.16591 0.00000 0.00000 -1.00000 0.00000
1610731130953274 -0.94381 0.33049 0.00000 87.76941 0.33049 0.94381 0.00000 -46.51594 0.00000 0.00000 -1.00000 0.00000
1610731131203274 -0.96188 0.27348 0.00000 88.65548 0.27348 0.96188 0.00000 -41.22157 0.00000 0.00000 -1.00000 0.00000
1610731131453903 -0.97627 0.21656 0.00000 89.16728 0.21656 0.97627 0.00000 -36.02427 0.00000 0.00000 -1.00000 0.00000
1610731131703906 -0.98722 0.15938 0.00000 89.34416 0.15938 0.98722 0.00000 -30.81989 0.00000 0.00000 -1.00000 0.00000
1610731131953912 -0.99473 0.10253 0.00000 89.19380 0.10253 0.99473 0.00000 -25.73253 0.00000 0.00000 -1.00000 0.00000
1610731132203910 -0.99872 0.05059 0.00000 88.65221 0.05059 0.99872 0.00000 -21.10373 0.00000 0.00000 -1.00000 0.00000
1610731132453296 -1.00000 -0.00118 -0.00000 87.83567 -0.00118 1.00000 0.00000 -16.55763 0.00000 0.00000 -1.00000 0.00000
1610731132702666 -0.99875 -0.04993 -0.00000 86.74152 -0.04993 0.99875 0.00000 -12.29427 0.00000 0.00000 -1.00000 0.00000
1610731132952671 -0.99582 -0.09131 -0.00000 85.36343 -0.09131 0.99582 0.00000 -8.72244 0.00000 0.00000 -1.00000 0.00000
1610731133203308 -0.99178 -0.12795 -0.00000 83.83320 -0.12795 0.99178 0.00000 -5.61690 0.00000 0.00000 -1.00000 0.00000
1610731133453320 -0.98693 -0.16118 -0.00000 82.16975 -0.16118 0.98693 0.00000 -2.83025 0.00000 0.00000 -1.00000 0.00000
1610731133703310 -0.98285 -0.18441 -0.00000 80.37794 -0.18441 0.98285 0.00000 -0.96268 0.00000 0.00000 -1.00000 0.00000
1610731133953315 -0.97918 -0.20297 -0.00000 78.56357 -0.20297 0.97918 0.00000 0.54173 0.00000 0.00000 -1.00000 0.00000
1610731134203939 -0.97763 -0.21032 -0.00000 76.72735 -0.21032 0.97763 0.00000 1.08629 0.00000 0.00000 -1.00000 0.00000
1610731134453943 -0.97616 -0.21706 -0.00000 74.85993 -0.21706 0.97616 0.00000 1.57660 0.00000 0.00000 -1.00000 0.00000
1610731134703947 -0.97515 -0.22153 -0.00000 72.98759 -0.22153 0.97515 0.00000 1.87764 0.00000 0.00000 -1.00000 0.00000
1610731134953324 -0.97393 -0.22684 -0.00000 71.10633 -0.22684 0.97393 0.00000 2.23503 0.00000 0.00000 -1.00000 0.00000
1610731135202085 -0.97282 -0.23158 -0.00000 69.21829 -0.23158 0.97282 0.00000 2.53624 0.00000 0.00000 -1.00000 0.00000
1610731135452081 -0.97163 -0.23652 -0.00000 67.31923 -0.23652 0.97163 0.00000 2.85236 0.00000 0.00000 -1.00000 0.00000
1610731135701462 -0.96985 -0.24369 -0.00000 65.43073 -0.24369 0.96985 0.00000 3.31981 0.00000 0.00000 -1.00000 0.00000
1610731135952090 -0.96815 -0.25039 -0.00000 63.49315 -0.25039 0.96815 0.00000 3.74418 0.00000 0.00000 -1.00000 0.00000
1610731136202723 -0.96619 -0.25783 -0.00000 61.55893 -0.25783 0.96619 0.00000 4.18578 0.00000 0.00000 -1.00000 0.00000
1610731136452721 -0.96361 -0.26731 -0.00000 59.59408 -0.26731 0.96361 0.00000 4.72785 0.00000 0.00000 -1.00000 0.00000
1610731136702721 -0.96105 -0.27638 -0.00000 57.61859 -0.27638 0.96105 0.00000 5.23652 0.00000 0.00000 -1.00000 0.00000
1610731136952728 -0.95834 -0.28564 -0.00000 55.61934 -0.28564 0.95834 0.00000 5.73409 0.00000 0.00000 -1.00000 0.00000
1610731137203365 -0.95580 -0.29401 -0.00000 53.62081 -0.29401 0.95580 0.00000 6.18557 0.00000 0.00000 -1.00000 0.00000
1610731137452737 -0.95459 -0.29793 -0.00000 51.65556 -0.29793 0.95459 0.00000 6.36281 0.00000 0.00000 -1.00000 0.00000
1610731137703358 -0.95323 -0.30225 -0.00000 49.64254 -0.30225 0.95323 0.00000 6.55627 0.00000 0.00000 -1.00000 0.00000
1610731137953989 -0.95162 -0.30728 -0.00000 47.62502 -0.30728 0.95162 0.00000 6.76984 0.00000 0.00000 -1.00000 0.00000
1610731138203993 -0.95047 -0.31081 -0.00000 45.61070 -0.31081 0.95047 0.00000 6.90737 0.00000 0.00000 -1.00000 0.00000
1610731138453995 -0.94937 -0.31417 -0.00000 43.58699 -0.31417 0.94937 0.00000 7.01235 0.00000 0.00000 -1.00000 0.00000
1610731138703375 -0.94965 -0.31330 -0.00000 41.59921 -0.31330 0.94965 0.00000 6.93741 0.00000 0.00000 -1.00000 0.00000
1610731138952750 -0.95208 -0.30585 -0.00000 39.62249 -0.30585 0.95208 0.00000 6.59134 0.00000 0.00000 -1.00000 0.00000
1610731139202755 -0.95636 -0.29218 -0.00000 37.70364 -0.29218 0.95636 0.00000 5.99233 0.00000 0.00000 -1.00000 0.00000
1610731139452763 -0.96164 -0.27432 -0.00000 35.78139 -0.27432 0.96164 0.00000 5.27297 0.00000 0.00000 -1.00000 0.00000
1610731139702765 -0.96736 -0.25340 -0.00000 33.80971 -0.25340 0.96736 0.00000 4.46644 0.00000 0.00000 -1.00000 0.00000
1610731139953387 -0.97191 -0.23534 -0.00000 31.84618 -0.23534 0.97191 0.00000 3.82685 0.00000 0.00000 -1.00000 0.00000
1610731140203387 -0.97693 -0.21354 -0.00000 29.84352 -0.21354 0.97693 0.00000 3.07297 0.00000 0.00000 -1.00000 0.00000
1610731140454025 -0.98080 -0.19502 -0.00000 27.80954 -0.19502 0.98080 0.00000 2.47278 0.00000 0.00000 -1.00000 0.00000
1610731140704032 -0.98340 -0.18146 -0.00000 25.79227 -0.18146 0.98340 0.00000 2.03580 0.00000 0.00000 -1.00000 0.00000
1610731140954022 -0.98528 -0.17097 -0.00000 23.73015 -0.17097 0.98528 0.00000 1.72685 0.00000 0.00000 -1.00000 0.00000
1610731141204035 -0.98632 -0.16483 -0.00000 21.67523 -0.16483 0.98632 0.00000 1.52517 0.00000 0.00000 -1.00000 0.00000
1610731141454041 -0.98703 -0.16051 -0.00000 19.61282 -0.16051 0.98703 0.00000 1.38702 0.00000 0.00000 -1.00000 0.00000
1610731141703418 -0.98772 -0.15625 -0.00000 17.57047 -0.15625 0.98772 0.00000 1.26794 0.00000 0.00000 -1.00000 0.00000
1610731141952795 -0.98835 -0.15220 -0.00000 15.52111 -0.15220 0.98835 0.00000 1.16518 0.00000 0.00000 -1.00000 0.00000
1610731142202169 -0.98877 -0.14942 -0.00000 13.52117 -0.14942 0.98877 0.00000 1.09468 0.00000 0.00000 -1.00000 0.00000
1610731142452169 -0.98898 -0.14803 -0.00000 11.49875 -0.14803 0.98898 0.00000 1.03910 0.00000 0.00000 -1.00000 0.00000
1610731142702797 -0.98881 -0.14915 -0.00000 9.47475 -0.14915 0.98881 0.00000 1.01974 0.00000 0.00000 -1.00000 0.00000
1610731142952182 -0.98876 -0.14950 -0.00000 7.47805 -0.14950 0.98876 0.00000 0.99718 0.00000 0.00000 -1.00000 0.00000
1610731143202851 -0.98857 -0.15077 -0.00000 5.46952 -0.15077 0.98857 0.00000 0.97437 0.00000 0.00000 -1.00000 0.00000
1610731143452810 -0.98819 -0.15325 -0.00000 3.46906 -0.15325 0.98819 0.00000 0.95217 0.00000 0.00000 -1.00000 0.00000
1610731143702816 -0.98738 -0.15837 -0.00000 1.45169 -0.15837 0.98738 0.00000 0.95088 0.00000 0.00000 -1.00000 0.00000
1610731143952819 -0.98675 -0.16222 -0.00000 -0.53338 -0.16222 0.98675 0.00000 0.92850 0.00000 0.00000 -1.00000 0.00000
1610731144203448 -0.98616 -0.16581 -0.00000 -2.54297 -0.16581 0.98616 0.00000 0.89426 0.00000 0.00000 -1.00000 0.00000
1610731144453447 -0.98545 -0.16997 -0.00000 -4.52398 -0.16997 0.98545 0.00000 0.84187 0.00000 0.00000 -1.00000 0.00000
1610731144704075 -0.98484 -0.17345 -0.00000 -6.48624 -0.17345 0.98484 0.00000 0.78711 0.00000 0.00000 -1.00000 0.00000
1610731144954081 -0.98437 -0.17613 -0.00000 -8.45180 -0.17613 0.98437 0.00000 0.71307 0.00000 0.00000 -1.00000 0.00000
1610731145204085 -0.98357 -0.18052 -0.00000 -10.45847 -0.18052 0.98357 0.00000 0.65646 0.00000 0.00000 -1.00000 0.00000
1610731145454087 -0.98273 -0.18504 -0.00000 -12.41013 -0.18504 0.98273 0.00000 0.58060 0.00000 0.00000 -1.00000 0.00000
1610731145703465 -0.98247 -0.18640 -0.00000 -14.36297 -0.18640 0.98247 0.00000 0.53318 0.00000 0.00000 -1.00000 0.00000
1610731145953469 -0.98258 -0.18583 -0.00000 -16.38878 -0.18583 0.98258 0.00000 0.49087 0.00000 0.00000 -1.00000 0.00000
1610731146203474 -0.98266 -0.18540 -0.00000 -18.37256 -0.18540 0.98266 0.00000 0.45092 0.00000 0.00000 -1.00000 0.00000
1610731146453475 -0.98279 -0.18475 -0.00000 -20.39542 -0.18475 0.98279 0.00000 0.41958 0.00000 0.00000 -1.00000 0.00000
1610731146704101 -0.98305 -0.18333 -0.00000 -22.42846 -0.18333 0.98305 0.00000 0.39417 0.00000 0.00000 -1.00000 0.00000
1610731146954113 -0.98325 -0.18228 -0.00000 -24.46275 -0.18228 0.98325 0.00000 0.35976 0.00000 0.00000 -1.00000 0.00000
1610731147204114 -0.98300 -0.18359 -0.00000 -26.49895 -0.18359 0.98300 0.00000 0.26056 0.00000 0.00000 -1.00000 0.00000
1610731147454114 -0.98249 -0.18633 -0.00000 -28.55864 -0.18633 0.98249 0.00000 0.14055 0.00000 0.00000 -1.00000 0.00000
1610731147704118 -0.98182 -0.18984 -0.00000 -30.63084 -0.18984 0.98182 0.00000 0.01040 0.00000 0.00000 -1.00000 0.00000
1610731147952872 -0.98113 -0.19335 -0.00000 -32.68423 -0.19335 0.98113 0.00000 -0.12090 0.00000 0.00000 -1.00000 0.00000
