1622750457382813 1.00000 0.00000 0.00000 -0.00000 0.00000 -1.00000 0.00000 0.00000 0.00000 -0.00000 -1.00000 0.00000
1622750457632817 1.00000 -0.00221 0.00000 -0.00032 -0.00221 -1.00000 0.00000 0.00998 -0.00000 -0.00000 -1.00000 0.00000
1622750457882824 1.00000 -0.00021 -0.00000 0.00262 -0.00021 -1.00000 0.00000 -0.01408 -0.00000 -0.00000 -1.00000 -0.00000
1622750458132860 1.00000 0.00098 0.00000 -0.00229 0.00098 -1.00000 0.00000 0.00293 0.00000 -0.00000 -1.00000 0.00000
1622750458383455 1.00000 0.00012 0.00000 -0.04149 0.00012 -1.00000 0.00000 0.05187 0.00000 -0.00000 -1.00000 0.00000
1622750458633459 0.99999 -0.00544 -0.00000 -0.01282 -0.00544 -0.99999 0.00000 0.02671 -0.00000 -0.00000 -1.00000 0.00000
1622750458882838 1.00000 0.00071 0.00000 0.00150 0.00071 -1.00000 0.00000 -0.00583 0.00000 -0.00000 -1.00000 -0.00000
1622750459132843 1.00000 -0.00261 0.00000 -0.02088 -0.00261 -1.00000 0.00000 0.04325 -0.00000 -0.00000 -1.00000 0.00000
1622750459382848 0.99999 -0.00494 -0.00000 -0.04606 -0.00494 -0.99999 0.00000 0.03846 -0.00000 -0.00000 -1.00000 0.00000
1622750459632849 0.99999 -0.00359 0.00000 0.00048 -0.00359 -0.99999 0.00000 -0.01315 -0.00000 -0.00000 -1.00000 -0.00000
1622750459882855 1.00000 0.00104 0.00000 -0.00134 0.00104 -1.00000 0.00000 -0.01425 0.00000 -0.00000 -1.00000 -0.00000
1622750460133481 1.00000 -0.00147 0.00000 -0.04326 -0.00147 -1.00000 0.00000 0.04460 -0.00000 -0.00000 -1.00000 0.00000
1622750460383486 0.99999 -0.00392 -0.00000 -0.00704 -0.00392 -0.99999 0.00000 -0.00141 -0.00000 -0.00000 -1.00000 -0.00000
1622750460633483 0.99998 -0.00559 0.00000 -0.00778 -0.00559 -0.99998 0.00000 0.01945 -0.00000 -0.00000 -1.00000 0.00000
1622750460883490 1.00000 -0.00140 0.00000 -0.00586 -0.00140 -1.00000 0.00000 -0.01765 -0.00000 -0.00000 -1.00000 -0.00000
1622750461133505 1.00000 -0.00233 0.00000 -0.07462 -0.00233 -1.00000 0.00000 0.04670 -0.00000 -0.00000 -1.00000 0.00000
1622750461382872 0.99999 -0.00500 0.00000 -0.15727 -0.00500 -0.99999 0.00000 -0.02226 -0.00000 -0.00000 -1.00000 -0.00000
1622750461632877 0.99986 -0.01657 0.00000 -0.20568 -0.01657 -0.99986 0.00000 0.00635 -0.00000 -0.00000 -1.00000 0.00000
1622750461882885 0.99942 -0.03408 0.00000 -0.30125 -0.03408 -0.99942 0.00000 0.00811 -0.00000 -0.00000 -1.00000 0.00000
1622750462132886 0.99853 -0.05421 0.00000 -0.44710 -0.05421 -0.99853 0.00000 -0.01669 -0.00000 -0.00000 -1.00000 -0.00000
1622750462382885 0.99707 -0.07653 -0.00000 -0.68837 -0.07653 -0.99707 0.00000 -0.05660 -0.00000 -0.00000 -1.00000 -0.00000
1622750462632891 0.99485 -0.10138 -0.00000 -1.03336 -0.10138 -0.99485 0.00000 -0.01816 -0.00000 -0.00000 -1.00000 -0.00000
1622750462882899 0.99081 -0.13528 0.00000 -1.45858 -0.13528 -0.99081 0.00000 0.00488 -0.00000 -0.00000 -1.00000 0.00000
1622750463133527 0.98435 -0.17620 0.00000 -2.00499 -0.17620 -0.98435 0.00000 0.05221 -0.00000 -0.00000 -1.00000 0.00000
1622750463383527 0.98097 -0.19416 0.00000 -2.58937 -0.19416 -0.98097 0.00000 -0.01650 -0.00000 -0.00000 -1.00000 -0.00000
1622750463633531 0.97979 -0.20004 0.00000 -3.24412 -0.20004 -0.97979 0.00000 -0.02761 -0.00000 -0.00000 -1.00000 -0.00000
1622750463883534 0.97941 -0.20188 0.00000 -4.06789 -0.20188 -0.97941 0.00000 -0.02018 -0.00000 -0.00000 -1.00000 -0.00000
1622750464133543 0.97920 -0.20292 0.00000 -4.94915 -0.20292 -0.97920 0.00000 0.05553 -0.00000 -0.00000 -1.00000 0.00000
1622750464382920 0.98143 -0.19180 -0.00000 -5.87859 -0.19180 -0.98143 0.00000 -0.06118 -0.00000 -0.00000 -1.00000 -0.00000
1622750464632925 0.98310 -0.18309 0.00000 -6.85468 -0.18309 -0.98310 0.00000 -0.06040 -0.00000 -0.00000 -1.00000 -0.00000
1622750464882924 0.98276 -0.18488 -0.00000 -7.90381 -0.18488 -0.98276 0.00000 -0.00802 -0.00000 -0.00000 -1.00000 -0.00000
1622750465132929 0.98397 -0.17832 -0.00000 -8.94657 -0.17832 -0.98397 0.00000 -0.15098 -0.00000 -0.00000 -1.00000 -0.00000
1622750465382936 0.98571 -0.16847 -0.00000 -10.09871 -0.16847 -0.98571 0.00000 -0.25361 -0.00000 -0.00000 -1.00000 -0.00000
1622750465632941 0.98822 -0.15301 0.00000 -11.27326 -0.15301 -0.98822 0.00000 -0.42627 -0.00000 -0.00000 -1.00000 -0.00000
1622750465882941 0.99053 -0.13726 0.00000 -12.45973 -0.13726 -0.99053 0.00000 -0.59653 -0.00000 -0.00000 -1.00000 -0.00000
1622750466133579 0.99086 -0.13492 0.00000 -13.69116 -0.13492 -0.99086 0.00000 -0.65567 -0.00000 -0.00000 -1.00000 -0.00000
1622750466383578 0.99189 -0.12712 0.00000 -15.01443 -0.12712 -0.99189 0.00000 -0.77874 -0.00000 -0.00000 -1.00000 -0.00000
1622750466632955 0.99432 -0.10643 -0.00000 -16.46601 -0.10643 -0.99432 0.00000 -1.17690 -0.00000 -0.00000 -1.00000 -0.00000
1622750466883583 0.99626 -0.08646 0.00000 -17.74599 -0.08646 -0.99626 0.00000 -1.40309 -0.00000 -0.00000 -1.00000 -0.00000
1622750467134212 0.99749 -0.07079 0.00000 -19.07234 -0.07079 -0.99749 0.00000 -1.63959 -0.00000 -0.00000 -1.00000 -0.00000
1622750467383594 0.99802 -0.06292 0.00000 -20.59272 -0.06292 -0.99802 0.00000 -1.93922 -0.00000 -0.00000 -1.00000 -0.00000
1622750467633593 0.99727 -0.07381 0.00000 -22.23201 -0.07381 -0.99727 0.00000 -1.74753 -0.00000 -0.00000 -1.00000 -0.00000
1622750467882975 0.99734 -0.07290 -0.00000 -23.80864 -0.07290 -0.99734 0.00000 -1.86260 -0.00000 -0.00000 -1.00000 -0.00000
1622750468132982 0.99695 -0.07800 -0.00000 -25.47656 -0.07800 -0.99695 0.00000 -1.68386 -0.00000 -0.00000 -1.00000 -0.00000
1622750468382359 0.99723 -0.07439 0.00000 -27.07485 -0.07439 -0.99723 0.00000 -1.90967 -0.00000 -0.00000 -1.00000 -0.00000
1622750468632361 0.99715 -0.07539 0.00000 -28.80304 -0.07539 -0.99715 0.00000 -1.93588 -0.00000 -0.00000 -1.00000 -0.00000
1622750468882989 0.99664 -0.08187 0.00000 -30.39586 -0.08187 -0.99664 0.00000 -1.72527 -0.00000 -0.00000 -1.00000 -0.00000
1622750469133002 0.99679 -0.08005 0.00000 -31.99253 -0.08005 -0.99679 0.00000 -1.80254 -0.00000 -0.00000 -1.00000 -0.00000
1622750469382373 0.99638 -0.08499 0.00000 -33.71473 -0.08499 -0.99638 0.00000 -1.74048 -0.00000 -0.00000 -1.00000 -0.00000
1622750469632380 0.99508 -0.09902 -0.00000 -35.27345 -0.09902 -0.99508 0.00000 -1.23226 -0.00000 -0.00000 -1.00000 -0.00000
1622750469882380 0.99592 -0.09026 0.00000 -36.88973 -0.09026 -0.99592 0.00000 -1.60477 -0.00000 -0.00000 -1.00000 -0.00000
1622750470131756 0.99730 -0.07346 0.00000 -38.47541 -0.07346 -0.99730 0.00000 -2.35064 -0.00000 -0.00000 -1.00000 -0.00000
1622750470383016 0.99897 -0.04533 0.00000 -40.04733 -0.04533 -0.99897 0.00000 -3.37332 -0.00000 -0.00000 -1.00000 -0.00000
1622750470633642 0.99968 -0.02528 0.00000 -41.60554 -0.02528 -0.99968 0.00000 -4.13416 -0.00000 -0.00000 -1.00000 -0.00000
1622750470883021 1.00000 0.00239 0.00000 -43.13243 0.00239 -1.00000 0.00000 -5.33057 0.00000 -0.00000 -1.00000 -0.00000
1622750471133023 0.99984 0.01769 0.00000 -44.80076 0.01769 -0.99984 0.00000 -6.04945 0.00000 -0.00000 -1.00000 -0.00000
1622750471383649 0.99977 0.02140 0.00000 -46.43203 0.02140 -0.99977 0.00000 -6.06529 0.00000 -0.00000 -1.00000 -0.00000
1622750471633656 0.99961 0.02789 -0.00000 -48.16228 0.02789 -0.99961 0.00000 -6.57161 0.00000 -0.00000 -1.00000 -0.00000
1622750471883657 0.99952 0.03098 0.00000 -49.80512 0.03098 -0.99952 0.00000 -6.62468 0.00000 -0.00000 -1.00000 -0.00000
1622750472133038 0.99942 0.03414 0.00000 -51.56452 0.03414 -0.99942 0.00000 -6.83130 0.00000 -0.00000 -1.00000 -0.00000
1622750472383044 0.99937 0.03557 -0.00000 -53.35748 0.03557 -0.99937 0.00000 -7.04313 0.00000 -0.00000 -1.00000 -0.00000
1622750472632424 0.99925 0.03884 0.00000 -55.09044 0.03884 -0.99925 0.00000 -7.28663 0.00000 -0.00000 -1.00000 -0.00000
1622750472882430 0.99906 0.04332 0.00000 -56.94316 0.04332 -0.99906 0.00000 -7.51078 0.00000 -0.00000 -1.00000 -0.00000
1622750473133055 0.99943 0.03381 0.00000 -58.96649 0.03381 -0.99943 0.00000 -6.89181 0.00000 -0.00000 -1.00000 -0.00000
1622750473383059 0.99934 0.03630 0.00000 -60.78914 0.03630 -0.99934 0.00000 -7.23541 0.00000 -0.00000 -1.00000 -0.00000
1622750473633063 0.99925 0.03865 0.00000 -62.71809 0.03865 -0.99925 0.00000 -7.29605 0.00000 -0.00000 -1.00000 -0.00000
1622750473883066 0.99935 0.03594 0.00000 -64.72661 0.03594 -0.99935 0.00000 -7.10446 0.00000 -0.00000 -1.00000 -0.00000
1622750474133074 0.99923 0.03915 0.00000 -66.64297 0.03915 -0.99923 0.00000 -7.32901 0.00000 -0.00000 -1.00000 -0.00000
1622750474383074 0.99905 0.04362 0.00000 -68.57639 0.04362 -0.99905 0.00000 -7.56211 0.00000 -0.00000 -1.00000 -0.00000
1622750474633074 0.99927 0.03822 -0.00000 -70.61831 0.03822 -0.99927 0.00000 -7.23145 0.00000 -0.00000 -1.00000 -0.00000
1622750474883083 0.99940 0.03470 0.00000 -72.58447 0.03470 -0.99940 0.00000 -7.08270 0.00000 -0.00000 -1.00000 -0.00000
1622750475133085 0.99959 0.02848 0.00000 -74.57988 0.02848 -0.99959 0.00000 -6.59957 0.00000 -0.00000 -1.00000 -0.00000
1622750475383713 0.99975 0.02244 -0.00000 -76.65759 0.02244 -0.99975 0.00000 -6.10065 0.00000 -0.00000 -1.00000 -0.00000
1622750475633719 0.99996 0.00891 0.00000 -78.73456 0.00891 -0.99996 0.00000 -5.10960 0.00000 -0.00000 -1.00000 -0.00000
1622750475883097 1.00000 -0.00158 -0.00000 -80.67186 -0.00158 -1.00000 0.00000 -4.23582 -0.00000 -0.00000 -1.00000 -0.00000
1622750476133740 0.99957 -0.02916 0.00000 -82.81215 -0.02916 -0.99957 0.00000 -1.96891 -0.00000 -0.00000 -1.00000 -0.00000
1622750476383102 0.99786 -0.06545 0.00000 -84.72756 -0.06545 -0.99786 0.00000 1.01416 -0.00000 -0.00000 -1.00000 0.00000
1622750476632482 0.99317 -0.11670 0.00000 -86.42454 -0.11670 -0.99317 0.00000 5.38782 -0.00000 -0.00000 -1.00000 0.00000
1622750476882488 0.98576 -0.16816 0.00000 -87.94695 -0.16816 -0.98576 0.00000 9.86907 -0.00000 -0.00000 -1.00000 0.00000
1622750477132500 0.97415 -0.22591 -0.00000 -89.09260 -0.22591 -0.97415 0.00000 15.00415 -0.00000 -0.00000 -1.00000 0.00000
1622750477382497 0.95958 -0.28143 0.00000 -89.95587 -0.28143 -0.95958 0.00000 20.09087 -0.00000 -0.00000 -1.00000 0.00000
1622750477632497 0.94300 -0.33280 0.00000 -90.62292 -0.33280 -0.94300 0.00000 24.87297 -0.00000 -0.00000 -1.00000 0.00000
1622750477882502 0.92120 -0.38908 0.00000 -90.86160 -0.38908 -0.92120 0.00000 30.29121 -0.00000 -0.00000 -1.00000 0.00000
1622750478131886 0.90175 -0.43227 0.00000 -91.23507 -0.43227 -0.90175 0.00000 34.53782 -0.00000 -0.00000 -1.00000 0.00000
1622750478381889 0.87297 -0.48778 0.00000 -90.83472 -0.48778 -0.87297 0.00000 40.29177 -0.00000 -0.00000 -1.00000 0.00000
1622750478631889 0.83704 -0.54714 0.00000 -89.65847 -0.54714 -0.83704 0.00000 46.44571 -0.00000 -0.00000 -1.00000 0.00000
1622750478881896 0.79948 -0.60069 0.00000 -88.31741 -0.60069 -0.79948 0.00000 52.16531 -0.00000 -0.00000 -1.00000 0.00000
1622750479131896 0.76127 -0.64844 0.00000 -86.74337 -0.64844 -0.76127 0.00000 57.46057 -0.00000 -0.00000 -1.00000 0.00000
1622750479382529 0.70548 -0.70873 -0.00000 -83.68326 -0.70873 -0.70548 0.00000 64.52467 -0.00000 -0.00000 -1.00000 0.00000
1622750479632531 0.64919 -0.76063 0.00000 -80.35011 -0.76063 -0.64919 0.00000 70.62968 -0.00000 -0.00000 -1.00000 0.00000
1622750479882535 0.59183 -0.80607 0.00000 -76.80994 -0.80607 -0.59183 0.00000 76.30072 -0.00000 -0.00000 -1.00000 0.00000
1622750480132539 0.53075 -0.84753 0.00000 -72.86555 -0.84753 -0.53075 0.00000 81.88980 -0.00000 -0.00000 -1.00000 0.00000
1622750480382544 0.46916 -0.88311 0.00000 -68.64327 -0.88311 -0.46916 0.00000 86.72514 -0.00000 -0.00000 -1.00000 0.00000
1622750480631920 0.42448 -0.90544 0.00000 -66.05688 -0.90544 -0.42448 0.00000 89.82812 -0.00000 -0.00000 -1.00000 0.00000
1622750480881922 0.38842 -0.92148 0.00000 -64.35297 -0.92148 -0.38842 0.00000 92.39625 -0.00000 -0.00000 -1.00000 0.00000
1622750481131939 0.35719 -0.93403 0.00000 -63.12682 -0.93403 -0.35719 0.00000 94.46757 -0.00000 -0.00000 -1.00000 0.00000
1622750481381933 0.34149 -0.93989 0.00000 -63.47574 -0.93989 -0.34149 0.00000 95.20905 -0.00000 -0.00000 -1.00000 0.00000
1622750481631936 0.33757 -0.94130 0.00000 -65.09467 -0.94130 -0.33757 0.00000 95.59733 -0.00000 -0.00000 -1.00000 0.00000
1622750481881939 0.33233 -0.94316 0.00000 -66.50804 -0.94316 -0.33233 0.00000 95.93107 -0.00000 -0.00000 -1.00000 0.00000
1622750482132570 0.32726 -0.94494 0.00000 -68.11462 -0.94494 -0.32726 0.00000 96.38572 -0.00000 -0.00000 -1.00000 0.00000
1622750482381947 0.33425 -0.94249 0.00000 -70.79145 -0.94249 -0.33425 0.00000 95.65882 -0.00000 -0.00000 -1.00000 0.00000
1622750482632579 0.33765 -0.94127 0.00000 -73.31665 -0.94127 -0.33765 0.00000 95.59635 -0.00000 -0.00000 -1.00000 0.00000
1622750482882575 0.35192 -0.93603 -0.00000 -76.74024 -0.93603 -0.35192 0.00000 94.38362 -0.00000 -0.00000 -1.00000 0.00000
1622750483132584 0.37431 -0.92730 -0.00000 -81.06267 -0.92730 -0.37431 0.00000 92.49355 -0.00000 -0.00000 -1.00000 0.00000
1622750483382584 0.40506 -0.91429 0.00000 -86.14118 -0.91429 -0.40506 0.00000 89.73724 -0.00000 -0.00000 -1.00000 0.00000
1622750483632591 0.44114 -0.89744 0.00000 -91.68362 -0.89744 -0.44114 0.00000 86.06413 -0.00000 -0.00000 -1.00000 0.00000
1622750483883220 0.46026 -0.88778 0.00000 -95.54024 -0.88778 -0.46026 0.00000 84.23774 -0.00000 -0.00000 -1.00000 0.00000
1622750484132597 0.48865 -0.87248 0.00000 -100.16065 -0.87248 -0.48865 0.00000 81.02714 -0.00000 -0.00000 -1.00000 0.00000
1622750484382600 0.50596 -0.86256 0.00000 -103.73052 -0.86256 -0.50596 0.00000 78.87374 -0.00000 -0.00000 -1.00000 0.00000
1622750484633233 0.51539 -0.85695 -0.00000 -106.57829 -0.85695 -0.51539 0.00000 77.78659 -0.00000 -0.00000 -1.00000 0.00000
1622750484883236 0.52516 -0.85100 0.00000 -109.39581 -0.85100 -0.52516 0.00000 76.49843 -0.00000 -0.00000 -1.00000 0.00000
1622750485133255 0.52774 -0.84941 0.00000 -111.51454 -0.84941 -0.52774 0.00000 76.17580 -0.00000 -0.00000 -1.00000 0.00000
1622750485383244 0.52750 -0.84955 0.00000 -113.37057 -0.84955 -0.52750 0.00000 76.12879 -0.00000 -0.00000 -1.00000 0.00000
1622750485633245 0.52370 -0.85190 -0.00000 -114.94439 -0.85190 -0.52370 0.00000 76.67714 -0.00000 -0.00000 -1.00000 0.00000
1622750485883248 0.52597 -0.85051 0.00000 -116.89462 -0.85051 -0.52597 0.00000 76.26946 -0.00000 -0.00000 -1.00000 0.00000
1622750486133291 0.52454 -0.85139 0.00000 -118.63491 -0.85139 -0.52454 0.00000 76.44867 -0.00000 -0.00000 -1.00000 0.00000
1622750486383254 0.52241 -0.85270 0.00000 -120.31071 -0.85270 -0.52241 0.00000 76.73704 -0.00000 -0.00000 -1.00000 0.00000
1622750486633260 0.52142 -0.85330 -0.00000 -121.90638 -0.85330 -0.52142 0.00000 76.89871 -0.00000 -0.00000 -1.00000 0.00000
1622750486883265 0.52360 -0.85196 0.00000 -123.98481 -0.85196 -0.52360 0.00000 76.44644 -0.00000 -0.00000 -1.00000 0.00000
1622750487133899 0.52405 -0.85169 0.00000 -125.70520 -0.85169 -0.52405 0.00000 76.49587 -0.00000 -0.00000 -1.00000 0.00000
1622750487383272 0.54242 -0.84011 0.00000 -128.95017 -0.84011 -0.54242 0.00000 73.60503 -0.00000 -0.00000 -1.00000 0.00000
1622750487633279 0.56183 -0.82725 -0.00000 -132.31337 -0.82725 -0.56183 0.00000 70.60199 -0.00000 -0.00000 -1.00000 0.00000
1622750487883279 0.59200 -0.80594 0.00000 -136.41780 -0.80594 -0.59200 0.00000 65.67144 -0.00000 -0.00000 -1.00000 0.00000
1622750488133296 0.63325 -0.77394 0.00000 -141.22345 -0.77394 -0.63325 0.00000 58.48103 -0.00000 -0.00000 -1.00000 0.00000
1622750488383285 0.67944 -0.73373 0.00000 -146.05439 -0.73373 -0.67944 0.00000 49.63428 -0.00000 -0.00000 -1.00000 0.00000
1622750488633295 0.72859 -0.68495 -0.00000 -150.53071 -0.68495 -0.72859 0.00000 39.41902 -0.00000 -0.00000 -1.00000 0.00000
1622750488883297 0.78057 -0.62507 0.00000 -154.53134 -0.62507 -0.78057 0.00000 27.24081 -0.00000 -0.00000 -1.00000 0.00000
1622750489133301 0.83055 -0.55694 0.00000 -157.62690 -0.55694 -0.83055 0.00000 13.99773 -0.00000 -0.00000 -1.00000 0.00000
1622750489383306 0.88130 -0.47256 -0.00000 -159.35767 -0.47256 -0.88130 0.00000 -1.47166 -0.00000 -0.00000 -1.00000 -0.00000
1622750489633934 0.92458 -0.38098 0.00000 -159.49194 -0.38098 -0.92458 0.00000 -17.59843 -0.00000 -0.00000 -1.00000 -0.00000
1622750489883939 0.96126 -0.27566 -0.00000 -157.57475 -0.27566 -0.96126 0.00000 -35.17835 -0.00000 -0.00000 -1.00000 -0.00000
1622750490133322 0.98782 -0.15561 -0.00000 -152.92129 -0.15561 -0.98782 0.00000 -54.32283 -0.00000 -0.00000 -1.00000 -0.00000
1622750490383322 0.99987 -0.01584 0.00000 -144.73766 -0.01584 -0.99987 0.00000 -75.22177 -0.00000 -0.00000 -1.00000 -0.00000
1622750490633322 0.99274 0.12032 0.00000 -134.06792 0.12032 -0.99274 0.00000 -94.05260 0.00000 -0.00000 -1.00000 -0.00000
1622750490883325 0.95992 0.28028 -0.00000 -117.76317 0.28028 -0.95992 0.00000 -114.73157 0.00000 -0.00000 -1.00000 -0.00000
1622750491133332 0.90127 0.43325 0.00000 -98.42500 0.43325 -0.90127 0.00000 -132.29925 0.00000 -0.00000 -1.00000 -0.00000
1622750491383337 0.82418 0.56633 0.00000 -77.82506 0.56633 -0.82418 0.00000 -145.72123 0.00000 -0.00000 -1.00000 -0.00000
1622750491633965 0.71010 0.70411 0.00000 -51.38936 0.70411 -0.71010 0.00000 -157.24125 0.00000 -0.00000 -1.00000 -0.00000
1622750491883344 0.57235 0.82001 -0.00000 -23.21946 0.82001 -0.57235 0.00000 -163.87381 0.00000 -0.00000 -1.00000 -0.00000
1622750492133976 0.41634 0.90921 0.00000 5.58624 0.90921 -0.41634 0.00000 -165.41200 0.00000 -0.00000 -1.00000 -0.00000
1622750492383975 0.24131 0.97045 0.00000 35.21070 0.97045 -0.24131 0.00000 -161.39428 0.00000 -0.00000 -1.00000 -0.00000
1622750492633977 0.04339 0.99906 -0.00000 65.76573 0.99906 -0.04339 0.00000 -151.20642 0.00000 -0.00000 -1.00000 -0.00000
1622750492883987 -0.15556 0.98783 0.00000 93.36164 0.98783 0.15556 0.00000 -135.12861 0.00000 0.00000 -1.00000 -0.00000
1622750493133996 -0.33638 0.94173 0.00000 115.85671 0.94173 0.33638 0.00000 -115.43015 0.00000 0.00000 -1.00000 -0.00000
1622750493383991 -0.49509 0.86884 0.00000 133.08169 0.86884 0.49509 0.00000 -93.45235 0.00000 0.00000 -1.00000 -0.00000
1622750493633991 -0.62079 0.78398 -0.00000 144.56850 0.78398 0.62079 0.00000 -72.23994 0.00000 0.00000 -1.00000 -0.00000
1622750493883997 -0.71459 0.69955 0.00000 151.38668 0.69955 0.71459 0.00000 -53.34966 0.00000 0.00000 -1.00000 -0.00000
1622750494133379 -0.77581 0.63096 0.00000 154.49682 0.63096 0.77581 0.00000 -39.25104 0.00000 0.00000 -1.00000 -0.00000
1622750494383384 -0.81874 0.57416 0.00000 155.64225 0.57416 0.81874 0.00000 -28.06276 0.00000 0.00000 -1.00000 -0.00000
1622750494633385 -0.84554 0.53390 0.00000 155.64719 0.53390 0.84554 0.00000 -20.51834 0.00000 0.00000 -1.00000 -0.00000
1622750494883394 -0.86844 0.49580 0.00000 155.10535 0.49580 0.86844 0.00000 -13.51975 0.00000 0.00000 -1.00000 -0.00000
1622750495133395 -0.88045 0.47414 0.00000 153.78035 0.47414 0.88045 0.00000 -9.75795 0.00000 0.00000 -1.00000 -0.00000
1622750495383399 -0.88616 0.46337 0.00000 152.52458 0.46337 0.88616 0.00000 -7.91609 0.00000 0.00000 -1.00000 -0.00000
1622750495634027 -0.88569 0.46427 0.00000 151.00341 0.46427 0.88569 0.00000 -7.93916 0.00000 0.00000 -1.00000 -0.00000
1622750495884654 -0.87980 0.47535 0.00000 149.34572 0.47535 0.87980 0.00000 -9.86498 0.00000 0.00000 -1.00000 -0.00000
1622750496134660 -0.86707 0.49818 0.00000 147.36049 0.49818 0.86707 0.00000 -13.77030 0.00000 0.00000 -1.00000 -0.00000
1622750496384661 -0.84123 0.54068 0.00000 144.91734 0.54068 0.84123 0.00000 -21.08020 0.00000 0.00000 -1.00000 -0.00000
1622750496634041 -0.81829 0.57480 0.00000 142.22034 0.57480 0.81829 0.00000 -27.07802 0.00000 0.00000 -1.00000 -0.00000
1622750496883423 -0.78879 0.61467 0.00000 138.94096 0.61467 0.78879 0.00000 -34.09991 0.00000 0.00000 -1.00000 -0.00000
1622750497132800 -0.75622 0.65431 0.00000 135.20057 0.65431 0.75622 0.00000 -41.21930 0.00000 0.00000 -1.00000 -0.00000
1622750497382179 -0.73219 0.68110 0.00000 131.87653 0.68110 0.73219 0.00000 -46.11910 0.00000 0.00000 -1.00000 -0.00000
1622750497632179 -0.69814 0.71596 0.00000 127.64302 0.71596 0.69814 0.00000 -52.49223 0.00000 0.00000 -1.00000 -0.00000
1622750497882186 -0.66656 0.74546 -0.00000 123.42063 0.74546 0.66656 0.00000 -57.95884 0.00000 0.00000 -1.00000 -0.00000
1622750498132194 -0.63391 0.77341 0.00000 118.89409 0.77341 0.63391 0.00000 -63.29402 0.00000 0.00000 -1.00000 -0.00000
1622750498382194 -0.60116 0.79913 0.00000 114.25013 0.79913 0.60116 0.00000 -68.24402 0.00000 0.00000 -1.00000 -0.00000
1622750498632210 -0.57743 0.81644 0.00000 110.24432 0.81644 0.57743 0.00000 -71.64639 0.00000 0.00000 -1.00000 -0.00000
1622750498882827 -0.54724 0.83697 0.00000 105.61082 0.83697 0.54724 0.00000 -75.62609 0.00000 0.00000 -1.00000 -0.00000
1622750499132827 -0.51997 0.85418 -0.00000 101.15209 0.85418 0.51997 0.00000 -79.01945 0.00000 0.00000 -1.00000 -0.00000
1622750499383459 -0.48505 0.87449 0.00000 95.79247 0.87449 0.48505 0.00000 -82.93257 0.00000 0.00000 -1.00000 -0.00000
1622750499633461 -0.45322 0.89140 0.00000 90.79536 0.89140 0.45322 0.00000 -86.48141 0.00000 0.00000 -1.00000 -0.00000
1622750499883467 -0.42032 0.90738 0.00000 85.45341 0.90738 0.42032 0.00000 -89.67703 0.00000 0.00000 -1.00000 -0.00000
1622750500133475 -0.39617 0.91818 0.00000 81.07354 0.91818 0.39617 0.00000 -92.07025 0.00000 0.00000 -1.00000 -0.00000
1622750500384098 -0.37293 0.92786 0.00000 76.69599 0.92786 0.37293 0.00000 -93.97792 0.00000 0.00000 -1.00000 -0.00000
1622750500634102 -0.35241 0.93585 0.00000 72.66709 0.93585 0.35241 0.00000 -95.71394 0.00000 0.00000 -1.00000 -0.00000
1622750500883481 -0.35108 0.93634 0.00000 70.47621 0.93634 0.35108 0.00000 -95.73520 0.00000 0.00000 -1.00000 -0.00000
1622750501133498 -0.33983 0.94049 0.00000 67.41231 0.94049 0.33983 0.00000 -96.95395 0.00000 0.00000 -1.00000 -0.00000
1622750501384111 -0.34719 0.93779 0.00000 66.13541 0.93779 0.34719 0.00000 -96.18054 0.00000 0.00000 -1.00000 -0.00000
1622750501634119 -0.36176 0.93227 0.00000 65.66271 0.93227 0.36176 0.00000 -95.25937 0.00000 0.00000 -1.00000 -0.00000
1622750501884123 -0.39464 0.91883 0.00000 66.98611 0.91883 0.39464 0.00000 -92.67168 0.00000 0.00000 -1.00000 -0.00000
1622750502134126 -0.42711 0.90420 0.00000 68.31142 0.90420 0.42711 0.00000 -90.44358 0.00000 0.00000 -1.00000 -0.00000
1622750502384139 -0.46779 0.88384 0.00000 70.38147 0.88384 0.46779 0.00000 -87.33835 0.00000 0.00000 -1.00000 -0.00000
1622750502634133 -0.50099 0.86545 -0.00000 71.78597 0.86545 0.50099 0.00000 -84.71393 0.00000 0.00000 -1.00000 -0.00000
1622750502884135 -0.54510 0.83837 -0.00000 74.12632 0.83837 0.54510 0.00000 -80.84012 0.00000 0.00000 -1.00000 -0.00000
1622750503134140 -0.58936 0.80787 0.00000 76.47091 0.80787 0.58936 0.00000 -76.76995 0.00000 0.00000 -1.00000 -0.00000
1622750503383522 -0.63565 0.77197 0.00000 79.01888 0.77197 0.63565 0.00000 -72.20925 0.00000 0.00000 -1.00000 -0.00000
1622750503633524 -0.68641 0.72722 -0.00000 81.78845 0.72722 0.68641 0.00000 -66.65061 0.00000 0.00000 -1.00000 -0.00000
1622750503883528 -0.73328 0.67993 0.00000 84.17823 0.67993 0.73328 0.00000 -61.10774 0.00000 0.00000 -1.00000 -0.00000
1622750504132909 -0.78082 0.62475 0.00000 86.59217 0.62475 0.78082 0.00000 -54.89448 0.00000 0.00000 -1.00000 -0.00000
1622750504382908 -0.82086 0.57113 0.00000 88.17776 0.57113 0.82086 0.00000 -49.09452 0.00000 0.00000 -1.00000 -0.00000
1622750504632913 -0.85627 0.51652 0.00000 89.37201 0.51652 0.85627 0.00000 -43.22880 0.00000 0.00000 -1.00000 -0.00000
1622750504882915 -0.88863 0.45862 -0.00000 90.25138 0.45862 0.88863 0.00000 -37.22174 0.00000 0.00000 -1.00000 -0.00000
1622750505133172 -0.91679 0.39937 0.00000 90.64477 0.39937 0.91679 0.00000 -31.29746 0.00000 0.00000 -1.00000 -0.00000
1622750505382925 -0.93880 0.34447 0.00000 90.45495 0.34447 0.93880 0.00000 -25.89316 0.00000 0.00000 -1.00000 -0.00000
1622750505633553 -0.95881 0.28404 -0.00000 90.08595 0.28404 0.95881 0.00000 -20.03476 0.00000 0.00000 -1.00000 -0.00000
1622750505883558 -0.97329 0.22958 -0.00000 89.27717 0.22958 0.97329 0.00000 -15.08981 0.00000 0.00000 -1.00000 -0.00000
1622750506133569 -0.98332 0.18189 0.00000 87.96168 0.18189 0.98332 0.00000 -10.71241 0.00000 0.00000 -1.00000 -0.00000
1622750506383565 -0.99001 0.14102 0.00000 86.42354 0.14102 0.99001 0.00000 -7.10922 0.00000 0.00000 -1.00000 -0.00000
1622750506633567 -0.99469 0.10296 -0.00000 84.62213 0.10296 0.99469 0.00000 -3.80906 0.00000 0.00000 -1.00000 -0.00000
1622750506883573 -0.99806 0.06225 -0.00000 82.80409 0.06225 0.99806 0.00000 -0.38848 0.00000 0.00000 -1.00000 -0.00000
1622750507133579 -0.99909 0.04276 -0.00000 80.66444 0.04276 0.99909 0.00000 1.20322 0.00000 0.00000 -1.00000 0.00000
1622750507383580 -0.99984 0.01779 0.00000 78.60765 0.01779 0.99984 0.00000 3.19602 0.00000 0.00000 -1.00000 0.00000
1622750507634208 -0.99978 0.02108 -0.00000 76.48170 0.02108 0.99978 0.00000 2.98715 0.00000 0.00000 -1.00000 0.00000
1622750507884212 -0.99998 0.00606 -0.00000 74.42550 0.00606 0.99998 0.00000 4.10133 0.00000 0.00000 -1.00000 0.00000
1622750508134219 -0.99995 0.00967 0.00000 72.26501 0.00967 0.99995 0.00000 3.77738 0.00000 0.00000 -1.00000 0.00000
1622750508384217 -0.99994 0.01121 0.00000 70.11018 0.01121 0.99994 0.00000 3.62307 0.00000 0.00000 -1.00000 0.00000
1622750508633600 -0.99996 0.00921 0.00000 67.99247 0.00921 0.99996 0.00000 3.69690 0.00000 0.00000 -1.00000 0.00000
1622750508883600 -0.99993 0.01221 0.00000 65.89328 0.01221 0.99993 0.00000 3.54041 0.00000 0.00000 -1.00000 0.00000
1622750509132992 -0.99997 0.00752 -0.00000 63.83472 0.00752 0.99997 0.00000 3.77636 0.00000 0.00000 -1.00000 0.00000
1622750509382987 -0.99991 0.01327 0.00000 61.74605 0.01327 0.99991 0.00000 3.31815 0.00000 0.00000 -1.00000 0.00000
1622750509632991 -0.99975 0.02233 0.00000 59.75530 0.02233 0.99975 0.00000 2.66112 0.00000 0.00000 -1.00000 0.00000
1622750509882996 -0.99978 0.02115 -0.00000 57.67251 0.02115 0.99978 0.00000 2.76872 0.00000 0.00000 -1.00000 0.00000
1622750510133002 -0.99985 0.01719 0.00000 55.67287 0.01719 0.99985 0.00000 2.90446 0.00000 0.00000 -1.00000 0.00000
1622750510382999 -0.99997 0.00758 0.00000 53.64508 0.00758 0.99997 0.00000 3.43283 0.00000 0.00000 -1.00000 0.00000
1622750510633629 -0.99999 0.00352 0.00000 51.61148 0.00352 0.99999 0.00000 3.58430 0.00000 0.00000 -1.00000 0.00000
1622750510883007 -0.99991 -0.01376 0.00000 49.52052 -0.01376 0.99991 0.00000 4.38698 -0.00000 0.00000 -1.00000 0.00000
1622750511133013 -0.99946 -0.03287 -0.00000 47.50377 -0.03287 0.99946 0.00000 5.40962 -0.00000 0.00000 -1.00000 0.00000
1622750511383642 -0.99890 -0.04692 0.00000 45.43341 -0.04692 0.99890 0.00000 6.02953 -0.00000 0.00000 -1.00000 0.00000
1622750511633646 -0.99848 -0.05516 0.00000 43.48766 -0.05516 0.99848 0.00000 6.45882 -0.00000 0.00000 -1.00000 0.00000
1622750511883649 -0.99807 -0.06205 0.00000 41.48308 -0.06205 0.99807 0.00000 6.75249 -0.00000 0.00000 -1.00000 0.00000
1622750512133655 -0.99806 -0.06218 0.00000 39.56495 -0.06218 0.99806 0.00000 6.79733 -0.00000 0.00000 -1.00000 0.00000
1622750512384279 -0.99958 -0.02900 0.00000 37.89472 -0.02900 0.99958 0.00000 5.46545 -0.00000 0.00000 -1.00000 0.00000
1622750512633660 -1.00000 0.00088 -0.00000 36.19542 0.00088 1.00000 0.00000 4.33733 0.00000 0.00000 -1.00000 0.00000
1622750512883661 -0.99970 0.02430 -0.00000 34.44701 0.02430 0.99970 0.00000 3.34871 0.00000 0.00000 -1.00000 0.00000
1622750513133672 -0.99901 0.04440 0.00000 32.66019 0.04440 0.99901 0.00000 2.65423 0.00000 0.00000 -1.00000 0.00000
1622750513383670 -0.99825 0.05919 -0.00000 30.87923 0.05919 0.99825 0.00000 2.18271 0.00000 0.00000 -1.00000 0.00000
1622750513633675 -0.99731 0.07336 0.00000 29.01731 0.07336 0.99731 0.00000 1.73303 0.00000 0.00000 -1.00000 0.00000
1622750513883054 -0.99682 0.07966 -0.00000 27.19076 0.07966 0.99682 0.00000 1.43284 0.00000 0.00000 -1.00000 0.00000
1622750514133690 -0.99622 0.08690 0.00000 25.22969 0.08690 0.99622 0.00000 1.17500 0.00000 0.00000 -1.00000 0.00000
1622750514383687 -0.99614 0.08783 0.00000 23.31465 0.08783 0.99614 0.00000 1.11640 0.00000 0.00000 -1.00000 0.00000
1622750514634313 -0.99478 0.10208 -0.00000 21.35818 0.10208 0.99478 0.00000 0.74327 0.00000 0.00000 -1.00000 0.00000
1622750514884319 -0.99483 0.10160 0.00000 19.45356 0.10160 0.99483 0.00000 0.70057 0.00000 0.00000 -1.00000 0.00000
1622750515134315 -0.99481 0.10179 0.00000 17.47585 0.10179 0.99481 0.00000 0.72218 0.00000 0.00000 -1.00000 0.00000
1622750515383698 -0.99503 0.09953 0.00000 15.49521 0.09953 0.99503 0.00000 0.75643 0.00000 0.00000 -1.00000 0.00000
1622750515633702 -0.99504 0.09946 0.00000 13.56062 0.09946 0.99504 0.00000 0.81387 0.00000 0.00000 -1.00000 0.00000
1622750515883086 -0.99414 0.10814 0.00000 11.57751 0.10814 0.99414 0.00000 0.54111 0.00000 0.00000 -1.00000 0.00000
1622750516133716 -0.99359 0.11307 0.00000 9.65475 0.11307 0.99359 0.00000 0.50056 0.00000 0.00000 -1.00000 0.00000
1622750516383718 -0.99312 0.11713 -0.00000 7.65569 0.11713 0.99312 0.00000 0.52316 0.00000 0.00000 -1.00000 0.00000
1622750516633095 -0.99482 0.10168 0.00000 5.76383 0.10168 0.99482 0.00000 0.63402 0.00000 0.00000 -1.00000 0.00000
1622750516883096 -0.99449 0.10484 0.00000 3.78492 0.10484 0.99449 0.00000 0.64366 0.00000 0.00000 -1.00000 0.00000
1622750517133112 -0.99535 0.09636 0.00000 1.81993 0.09636 0.99535 0.00000 0.51993 0.00000 0.00000 -1.00000 0.00000
1622750517383111 -0.99554 0.09430 0.00000 -0.14875 0.09430 0.99554 0.00000 0.48144 0.00000 0.00000 -1.00000 0.00000
1622750517633738 -0.99480 0.10185 0.00000 -2.18722 0.10185 0.99480 0.00000 0.45791 0.00000 0.00000 -1.00000 0.00000
1622750517883112 -0.99647 0.08393 0.00000 -4.16183 0.08393 0.99647 0.00000 0.39069 0.00000 0.00000 -1.00000 0.00000
1622750518133119 -0.99755 0.07001 0.00000 -6.16755 0.07001 0.99755 0.00000 0.28377 0.00000 0.00000 -1.00000 0.00000
1622750518383749 -0.99800 0.06327 0.00000 -8.22389 0.06327 0.99800 0.00000 0.20195 0.00000 0.00000 -1.00000 0.00000
1622750518633753 -0.99825 0.05914 0.00000 -10.32622 0.05914 0.99825 0.00000 0.16155 0.00000 0.00000 -1.00000 0.00000
1622750518884382 -0.99813 0.06110 0.00000 -12.36063 0.06110 0.99813 0.00000 0.09861 0.00000 0.00000 -1.00000 0.00000
1622750519133763 -0.99876 0.04982 0.00000 -14.39282 0.04982 0.99876 0.00000 0.07853 0.00000 0.00000 -1.00000 0.00000
1622750519384397 -0.99863 0.05235 0.00000 -16.47045 0.05235 0.99863 0.00000 0.16417 0.00000 0.00000 -1.00000 0.00000
1622750519633768 -0.99904 0.04388 0.00000 -18.52455 0.04388 0.99904 0.00000 -0.04066 0.00000 0.00000 -1.00000 -0.00000
1622750519883766 -0.99891 0.04674 0.00000 -20.54647 0.04674 0.99891 0.00000 -0.09982 0.00000 0.00000 -1.00000 -0.00000
1622750520133775 -0.99885 0.04800 0.00000 -22.59493 0.04800 0.99885 0.00000 -0.12599 0.00000 0.00000 -1.00000 -0.00000
1622750520383783 -0.99901 0.04439 0.00000 -24.66600 0.04439 0.99901 0.00000 -0.17974 0.00000 0.00000 -1.00000 -0.00000
1622750520634411 -0.99891 0.04674 0.00000 -26.74617 0.04674 0.99891 0.00000 -0.13800 0.00000 0.00000 -1.00000 -0.00000
1622750520884413 -0.99887 0.04743 0.00000 -28.84982 0.04743 0.99887 0.00000 -0.09969 0.00000 0.00000 -1.00000 -0.00000
1622750521133790 -0.99923 0.03922 0.00000 -30.83058 0.03922 0.99923 0.00000 -0.38341 0.00000 0.00000 -1.00000 -0.00000
1622750521383799 -0.99922 0.03948 -0.00000 -32.88637 0.03948 0.99922 0.00000 -0.40520 0.00000 0.00000 -1.00000 -0.00000
1622750521633796 -0.99934 0.03623 0.00000 -34.92183 0.03623 0.99934 0.00000 -0.46072 0.00000 0.00000 -1.00000 -0.00000
1622750521883172 -0.99968 0.02531 0.00000 -36.89618 0.02531 0.99968 0.00000 -0.92827 0.00000 0.00000 -1.00000 -0.00000
1622750522133218 -0.99984 0.01770 0.00000 -38.93534 0.01770 0.99984 0.00000 -1.29880 0.00000 0.00000 -1.00000 -0.00000
1622750522383809 -0.99996 0.00885 0.00000 -40.95859 0.00885 0.99996 0.00000 -1.57124 0.00000 0.00000 -1.00000 -0.00000
1622750522633811 -1.00000 -0.00073 0.00000 -42.83553 -0.00073 1.00000 0.00000 -1.92633 -0.00000 0.00000 -1.00000 -0.00000
1622750522883193 -0.99992 -0.01300 0.00000 -44.96889 -0.01300 0.99992 0.00000 -2.53218 -0.00000 0.00000 -1.00000 -0.00000
1622750523133821 -0.99985 -0.01742 0.00000 -46.89336 -0.01742 0.99985 0.00000 -2.71934 -0.00000 0.00000 -1.00000 -0.00000
1622750523383831 -0.99965 -0.02664 0.00000 -48.77692 -0.02664 0.99965 0.00000 -3.20902 -0.00000 0.00000 -1.00000 -0.00000
1622750523633830 -0.99942 -0.03404 0.00000 -50.64468 -0.03404 0.99942 0.00000 -3.59541 -0.00000 0.00000 -1.00000 -0.00000
1622750523883832 -0.99931 -0.03722 -0.00000 -52.49746 -0.03722 0.99931 0.00000 -3.81142 -0.00000 0.00000 -1.00000 -0.00000
1622750524133837 -0.99953 -0.03052 0.00000 -54.25235 -0.03052 0.99953 0.00000 -3.51289 -0.00000 0.00000 -1.00000 -0.00000
1622750524383837 -0.99959 -0.02849 0.00000 -56.00188 -0.02849 0.99959 0.00000 -3.37608 -0.00000 0.00000 -1.00000 -0.00000
1622750524633841 -0.99986 -0.01702 0.00000 -57.67133 -0.01702 0.99986 0.00000 -2.73908 -0.00000 0.00000 -1.00000 -0.00000
1622750524883850 -0.99997 0.00807 0.00000 -59.23030 0.00807 0.99997 0.00000 -1.26230 0.00000 0.00000 -1.00000 -0.00000
1622750525133862 -0.99941 0.03445 0.00000 -60.63366 0.03445 0.99941 0.00000 0.16956 0.00000 0.00000 -1.00000 0.00000
1622750525384484 -0.99669 0.08124 0.00000 -61.95607 0.08124 0.99669 0.00000 3.04906 0.00000 0.00000 -1.00000 0.00000
1622750525633861 -0.99353 0.11360 -0.00000 -63.04560 0.11360 0.99353 0.00000 5.07539 0.00000 0.00000 -1.00000 0.00000
1622750525883869 -0.98527 0.17103 -0.00000 -63.90531 0.17103 0.98527 0.00000 8.56303 0.00000 0.00000 -1.00000 0.00000
1622750526133872 -0.97414 0.22593 -0.00000 -64.34454 0.22593 0.97414 0.00000 12.13756 0.00000 0.00000 -1.00000 0.00000
1622750526384515 -0.95350 0.30140 0.00000 -64.35259 0.30140 0.95350 0.00000 17.04020 0.00000 0.00000 -1.00000 0.00000
1622750526634497 -0.92345 0.38372 0.00000 -63.59276 0.38372 0.92345 0.00000 22.58766 0.00000 0.00000 -1.00000 0.00000
1622750526883874 -0.88487 0.46584 -0.00000 -62.37751 0.46584 0.88487 0.00000 28.03265 0.00000 0.00000 -1.00000 0.00000
1622750527134505 -0.82746 0.56152 0.00000 -59.86483 0.56152 0.82746 0.00000 34.89426 0.00000 0.00000 -1.00000 0.00000
1622750527384514 -0.76154 0.64812 -0.00000 -56.71645 0.64812 0.76154 0.00000 41.16845 0.00000 0.00000 -1.00000 0.00000
1622750527633891 -0.69378 0.72019 0.00000 -53.33981 0.72019 0.69378 0.00000 46.57144 0.00000 0.00000 -1.00000 0.00000
1622750527884515 -0.61289 0.79017 0.00000 -49.04194 0.79017 0.61289 0.00000 51.94460 0.00000 0.00000 -1.00000 0.00000
1622750528134521 -0.52309 0.85228 -0.00000 -44.07436 0.85228 0.52309 0.00000 56.93522 0.00000 0.00000 -1.00000 0.00000
1622750528384525 -0.42426 0.90554 0.00000 -38.51645 0.90554 0.42426 0.00000 61.40566 0.00000 0.00000 -1.00000 0.00000
1622750528633907 -0.32344 0.94625 0.00000 -32.65810 0.94625 0.32344 0.00000 65.25603 0.00000 0.00000 -1.00000 0.00000
1622750528883284 -0.23639 0.97166 0.00000 -27.72200 0.97166 0.23639 0.00000 67.88305 0.00000 0.00000 -1.00000 0.00000
1622750529133289 -0.16317 0.98660 0.00000 -23.81868 0.98660 0.16317 0.00000 69.80268 0.00000 0.00000 -1.00000 0.00000
1622750529382666 -0.11926 0.99286 0.00000 -21.92374 0.99286 0.11926 0.00000 70.63683 0.00000 0.00000 -1.00000 0.00000
1622750529632671 -0.09236 0.99573 -0.00000 -21.38878 0.99573 0.09236 0.00000 71.23462 0.00000 0.00000 -1.00000 0.00000
1622750529882671 -0.07737 0.99700 -0.00000 -21.83721 0.99700 0.07737 0.00000 71.43679 0.00000 0.00000 -1.00000 0.00000
1622750530132688 -0.06634 0.99780 0.00000 -22.38767 0.99780 0.06634 0.00000 71.60013 0.00000 0.00000 -1.00000 0.00000
1622750530382679 -0.06007 0.99819 0.00000 -23.61000 0.99819 0.06007 0.00000 71.66994 0.00000 0.00000 -1.00000 0.00000
1622750530632684 -0.05111 0.99869 0.00000 -24.38361 0.99869 0.05111 0.00000 71.88153 0.00000 0.00000 -1.00000 0.00000
1622750530882689 -0.03522 0.99938 0.00000 -24.93690 0.99938 0.03522 0.00000 72.23176 0.00000 0.00000 -1.00000 0.00000
1622750531132697 -0.02100 0.99978 0.00000 -25.55128 0.99978 0.02100 0.00000 72.45594 0.00000 0.00000 -1.00000 0.00000
1622750531382067 -0.01383 0.99990 0.00000 -26.73082 0.99990 0.01383 0.00000 72.69519 0.00000 0.00000 -1.00000 0.00000
1622750531632072 0.00023 1.00000 0.00000 -27.56909 1.00000 -0.00023 0.00000 72.97671 0.00000 -0.00000 -1.00000 0.00000
1622750531882700 0.02197 0.99976 0.00000 -27.71074 0.99976 -0.02197 0.00000 73.48852 0.00000 -0.00000 -1.00000 0.00000
1622750532132713 0.04937 0.99878 0.00000 -27.43157 0.99878 -0.04937 0.00000 74.28185 0.00000 -0.00000 -1.00000 0.00000
1622750532382714 0.06121 0.99812 0.00000 -28.35930 0.99812 -0.06121 0.00000 74.52412 0.00000 -0.00000 -1.00000 0.00000
1622750532632713 0.08470 0.99641 0.00000 -28.48415 0.99641 -0.08470 0.00000 75.17538 0.00000 -0.00000 -1.00000 0.00000
1622750532882718 0.11410 0.99347 0.00000 -27.88272 0.99347 -0.11410 0.00000 75.95562 0.00000 -0.00000 -1.00000 0.00000
1622750533132735 0.14309 0.98971 0.00000 -27.52039 0.98971 -0.14309 0.00000 76.89354 0.00000 -0.00000 -1.00000 0.00000
1622750533383358 0.16822 0.98575 0.00000 -27.26446 0.98575 -0.16822 0.00000 77.48904 0.00000 -0.00000 -1.00000 0.00000
1622750533632730 0.18091 0.98350 0.00000 -28.28498 0.98350 -0.18091 0.00000 77.69937 0.00000 -0.00000 -1.00000 0.00000
1622750533882736 0.19174 0.98145 0.00000 -29.12402 0.98145 -0.19174 0.00000 78.02044 0.00000 -0.00000 -1.00000 0.00000
1622750534133368 0.18426 0.98288 0.00000 -31.53439 0.98288 -0.18426 0.00000 77.81296 0.00000 -0.00000 -1.00000 0.00000
1622750534382744 0.16609 0.98611 0.00000 -34.79560 0.98611 -0.16609 0.00000 77.01422 0.00000 -0.00000 -1.00000 0.00000
1622750534632747 0.14471 0.98947 0.00000 -38.34036 0.98947 -0.14471 0.00000 76.29984 0.00000 -0.00000 -1.00000 0.00000
1622750534882750 0.12376 0.99231 0.00000 -41.57919 0.99231 -0.12376 0.00000 75.45537 0.00000 -0.00000 -1.00000 0.00000
1622750535133383 0.09227 0.99573 -0.00000 -45.96463 0.99573 -0.09227 0.00000 74.13534 0.00000 -0.00000 -1.00000 0.00000
1622750535383382 0.07218 0.99739 0.00000 -49.32717 0.99739 -0.07218 0.00000 73.01085 0.00000 -0.00000 -1.00000 0.00000
1622750535633385 0.05394 0.99854 0.00000 -52.69791 0.99854 -0.05394 0.00000 72.10128 0.00000 -0.00000 -1.00000 0.00000
1622750535883390 0.03451 0.99940 0.00000 -55.91161 0.99940 -0.03451 0.00000 71.03604 0.00000 -0.00000 -1.00000 0.00000
1622750536133399 0.02255 0.99975 0.00000 -58.72424 0.99975 -0.02255 0.00000 70.24021 0.00000 -0.00000 -1.00000 0.00000
1622750536383420 0.00963 0.99995 0.00000 -61.52616 0.99995 -0.00963 0.00000 69.47139 0.00000 -0.00000 -1.00000 0.00000
1622750536633403 0.00508 0.99999 0.00000 -63.83071 0.99999 -0.00508 0.00000 69.16217 0.00000 -0.00000 -1.00000 0.00000
1622750536882778 -0.00874 0.99996 0.00000 -66.59988 0.99996 0.00874 0.00000 68.18184 0.00000 0.00000 -1.00000 0.00000
1622750537132787 -0.01840 0.99983 0.00000 -69.20530 0.99983 0.01840 0.00000 67.49821 0.00000 0.00000 -1.00000 0.00000
1622750537382795 -0.02971 0.99956 0.00000 -71.73904 0.99956 0.02971 0.00000 66.66974 0.00000 0.00000 -1.00000 0.00000
1622750537632791 -0.03557 0.99937 0.00000 -74.00172 0.99937 0.03557 0.00000 66.11967 0.00000 0.00000 -1.00000 0.00000
1622750537883416 -0.03746 0.99930 0.00000 -75.84839 0.99930 0.03746 0.00000 66.09857 0.00000 0.00000 -1.00000 0.00000
1622750538133430 -0.04625 0.99893 0.00000 -78.16597 0.99893 0.04625 0.00000 65.32679 0.00000 0.00000 -1.00000 0.00000
1622750538382802 -0.06841 0.99766 0.00000 -81.40974 0.99766 0.06841 0.00000 63.57658 0.00000 0.00000 -1.00000 0.00000
1622750538632802 -0.07995 0.99680 0.00000 -83.80076 0.99680 0.07995 0.00000 62.51956 0.00000 0.00000 -1.00000 0.00000
1622750538882813 -0.09756 0.99523 -0.00000 -86.62814 0.99523 0.09756 0.00000 61.01240 0.00000 0.00000 -1.00000 0.00000
1622750539133440 -0.11556 0.99330 -0.00000 -89.28466 0.99330 0.11556 0.00000 59.46555 0.00000 0.00000 -1.00000 0.00000
1622750539382818 -0.15107 0.98852 0.00000 -92.92170 0.98852 0.15107 0.00000 56.22576 0.00000 0.00000 -1.00000 0.00000
1622750539632823 -0.19557 0.98069 0.00000 -97.01220 0.98069 0.19557 0.00000 51.85459 0.00000 0.00000 -1.00000 0.00000
1622750539882828 -0.24947 0.96838 0.00000 -101.28946 0.96838 0.24947 0.00000 46.41139 0.00000 0.00000 -1.00000 0.00000
1622750540132836 -0.29934 0.95415 0.00000 -105.15809 0.95415 0.29934 0.00000 40.95406 0.00000 0.00000 -1.00000 0.00000
1622750540382833 -0.36849 0.92963 0.00000 -109.32442 0.92963 0.36849 0.00000 33.21510 0.00000 0.00000 -1.00000 0.00000
