1. 0. 0. 0. 0. -1. -0. 0. 0. 0. -1. 0.
1. 0. 0. 0.004 0. -1. -0. -0.007 0. 0. -1. 0.
1. 0.001 0. -0.002 0.001 -1. -0. -0.000 0. 0. -1. 0.
1. 0.000 0. -0.001 0.000 -1. -0. -0.004 0. 0. -1. 0.
1. 0.000 0. 0.000 0.000 -1. -0. -0.004 0. 0. -1. 0.
1. 0.000 0. -0.000 0.000 -1. -0. -0.004 0. 0. -1. 0.
1. 0.000 0. -0.001 0.000 -1. -0. -0.007 0. 0. -1. 0.
1. 0.000 0. 0.006 0.000 -1. -0. -0.003 0. 0. -1. 0.
1. 0.000 0. -0.001 0.000 -1. -0. -0.006 0. 0. -1. 0.
1. 0. 0. -0.004 0. -1. -0. -0.010 0. 0. -1. 0.
1. 0.000 0. -0.001 0.000 -1. -0. -0.007 0. 0. -1. 0.
1. -0.000 -0. 0.000 -0.000 -1. -0. -0. 0. 0. -1. 0.
1. 0.000 0. 0.002 0.000 -1. -0. 0.001 0. 0. -1. 0.
1. -0. -0. -0.001 -0. -1. -0. 0.005 0. 0. -1. 0.
1. 0. 0. -0.011 0. -1. -0. 0.005 0. 0. -1. 0.
1. 0.000 0. -0.006 0.000 -1. -0. -0.007 0. 0. -1. 0.
1. 0.000 0. 0.004 0.000 -1. -0. -0.003 0. 0. -1. 0.
1. 0.000 0. -0.000 0.000 -1. -0. 0.001 0. 0. -1. 0.
1. 0. 0. -0.003 0. -1. -0. -0.002 0. 0. -1. 0.
1. 0.000 0. -0.003 0.000 -1. -0. -0.006 0. 0. -1. 0.
1. 0. 0. -0.003 0. -1. -0. -0.003 0. 0. -1. 0.
1. 0. 0. -0.001 0. -1. -0. -0.003 0. 0. -1. 0.
1. -0. -0. -0.005 -0. -1. -0. -0.001 0. 0. -1. 0.
1. -0. -0. -0. -0. -1. -0. -0.003 0. 0. -1. 0.
1. -0. -0. 0. -0. -1. -0. 0.005 0. 0. -1. 0.
1. -0.001 -0. -0.008 -0.001 -1. -0. 0.003 0. 0. -1. 0.
1. -0.000 -0. -0.004 -0.000 -1. -0. -0.000 0. 0. -1. 0.
1. -0. -0. -0.004 -0. -1. -0. -0.002 0. 0. -1. 0.
1. -0.000 -0. -0.008 -0.000 -1. -0. -0.003 0. 0. -1. 0.
1. -0.000 -0. -0.000 -0.000 -1. -0. -0.007 0. 0. -1. 0.
1. 0. 0. -0.004 0. -1. -0. -0.003 0. 0. -1. 0.
1. 0.000 0. -0.006 0.000 -1. -0. 0.004 0. 0. -1. 0.
1. 0.000 0. -0.004 0.000 -1. -0. -0.009 0. 0. -1. 0.
1. 0. 0. -0.003 0. -1. -0. -0.008 0. 0. -1. 0.
1. -0. -0. -0.004 -0. -1. -0. -0.011 0. 0. -1. 0.
1. -0.000 -0. 0.002 -0.000 -1. -0. -0.023 0. 0. -1. 0.
1. -0.000 -0. 0.043 -0.000 -1. -0. -0.028 0. 0. -1. 0.
1. 0.000 0. 0.100 0.000 -1. -0. -0.009 0. 0. -1. 0.
1. 0.000 0. 0.137 0.000 -1. -0. 0.006 0. 0. -1. 0.
1. -0.000 -0. 0.159 -0.000 -1. -0. -0.001 0. 0. -1. 0.
1. -0.000 -0. 0.214 -0.000 -1. -0. 0.000 0. 0. -1. 0.
1. -0.001 -0. 0.270 -0.001 -1. -0. -0.009 0. 0. -1. 0.
1. -0.001 -0. 0.331 -0.001 -1. -0. 0.001 0. 0. -1. 0.
1. -0.003 -0. 0.380 -0.003 -1. -0. -0.035 0. 0. -1. 0.
1. -0.005 -0. 0.455 -0.005 -1. -0. -0.039 0. 0. -1. 0.
1. -0.006 -0. 0.525 -0.006 -1. -0. -0.064 0. 0. -1. 0.
1. -0.008 -0. 0.631 -0.008 -1. -0. -0.044 0. 0. -1. 0.
1.000 -0.018 -0. 0.719 -0.018 -1.000 -0. -0.004 0. 0. -1. 0.
1.000 -0.024 -0. 0.796 -0.024 -1.000 -0. -0.071 0. 0. -1. 0.
1.000 -0.029 -0. 0.966 -0.029 -1.000 -0. -0.066 0. 0. -1. 0.
0.999 -0.035 -0. 1.019 -0.035 -0.999 -0. -0.078 0. 0. -1. 0.
0.999 -0.042 -0. 1.158 -0.042 -0.999 -0. -0.117 0. 0. -1. 0.
0.999 -0.052 -0. 1.275 -0.052 -0.999 -0. -0.120 0. 0. -1. 0.
0.998 -0.062 -0. 1.362 -0.062 -0.998 -0. -0.165 0. 0. -1. 0.
0.997 -0.074 -0. 1.492 -0.074 -0.997 -0. -0.161 0. 0. -1. 0.
0.996 -0.085 -0. 1.666 -0.085 -0.996 -0. -0.140 0. 0. -1. 0.
0.995 -0.102 -0. 1.799 -0.102 -0.995 -0. -0.187 0. 0. -1. 0.
0.993 -0.120 -0. 1.984 -0.120 -0.993 -0. -0.235 0. 0. -1. 0.
0.991 -0.137 -0. 2.173 -0.137 -0.991 -0. -0.291 0. 0. -1. 0.
0.988 -0.155 -0. 2.425 -0.155 -0.988 -0. -0.335 0. 0. -1. 0.
0.984 -0.181 -0. 2.665 -0.181 -0.984 -0. -0.383 0. 0. -1. 0.
0.979 -0.205 -0. 2.954 -0.205 -0.979 -0. -0.490 0. 0. -1. 0.
0.974 -0.227 -0. 3.329 -0.227 -0.974 -0. -0.610 0. 0. -1. 0.
0.969 -0.248 -0. 3.762 -0.248 -0.969 -0. -0.721 0. 0. -1. 0.
0.963 -0.268 -0. 4.201 -0.268 -0.963 -0. -0.811 0. 0. -1. 0.
0.959 -0.285 -0. 4.691 -0.285 -0.959 -0. -0.971 0. 0. -1. 0.
0.957 -0.292 -0. 5.165 -0.292 -0.957 -0. -1.148 0. 0. -1. 0.
0.957 -0.290 -0. 5.697 -0.290 -0.957 -0. -1.320 0. 0. -1. 0.
0.964 -0.267 -0. 6.278 -0.267 -0.964 -0. -1.466 0. 0. -1. 0.
0.969 -0.245 -0. 6.892 -0.245 -0.969 -0. -1.661 0. 0. -1. 0.
0.976 -0.219 -0. 7.561 -0.219 -0.976 -0. -1.871 0. 0. -1. 0.
0.982 -0.189 -0. 8.339 -0.189 -0.982 -0. -2.010 0. 0. -1. 0.
0.986 -0.169 -0. 9.191 -0.169 -0.986 -0. -2.137 0. 0. -1. 0.
0.987 -0.159 -0. 10.135 -0.159 -0.987 -0. -2.263 0. 0. -1. 0.
0.988 -0.151 -0. 11.081 -0.151 -0.988 -0. -2.528 0. 0. -1. 0.
0.990 -0.144 -0. 12.063 -0.144 -0.990 -0. -2.628 0. 0. -1. 0.
0.991 -0.131 -0. 13.203 -0.131 -0.991 -0. -2.831 0. 0. -1. 0.
0.993 -0.119 -0. 14.286 -0.119 -0.993 -0. -2.952 0. 0. -1. 0.
0.994 -0.110 -0. 15.469 -0.110 -0.994 -0. -3.096 0. 0. -1. 0.
0.995 -0.097 -0. 16.644 -0.097 -0.995 -0. -3.285 0. 0. -1. 0.
0.997 -0.083 -0. 17.853 -0.083 -0.997 -0. -3.323 0. 0. -1. 0.
0.997 -0.079 -0. 19.257 -0.079 -0.997 -0. -3.470 0. 0. -1. 0.
0.997 -0.077 -0. 20.546 -0.077 -0.997 -0. -3.586 0. 0. -1. 0.
0.997 -0.081 -0. 21.885 -0.081 -0.997 -0. -3.719 0. 0. -1. 0.
0.996 -0.086 -0. 23.313 -0.086 -0.996 -0. -3.970 0. 0. -1. 0.
0.997 -0.083 -0. 24.748 -0.083 -0.997 -0. -4.048 0. 0. -1. 0.
0.997 -0.076 -0. 26.229 -0.076 -0.997 -0. -4.245 0. 0. -1. 0.
0.997 -0.073 -0. 27.806 -0.073 -0.997 -0. -4.336 0. 0. -1. 0.
0.997 -0.074 -0. 29.348 -0.074 -0.997 -0. -4.576 0. 0. -1. 0.
0.997 -0.074 -0. 30.814 -0.074 -0.997 -0. -4.684 0. 0. -1. 0.
0.997 -0.077 -0. 32.347 -0.077 -0.997 -0. -4.910 0. 0. -1. 0.
0.996 -0.086 -0. 34.015 -0.086 -0.996 -0. -5.084 0. 0. -1. 0.
0.996 -0.094 -0. 35.542 -0.094 -0.996 -0. -5.253 0. 0. -1. 0.
0.995 -0.101 -0. 37.265 -0.101 -0.995 -0. -5.543 0. 0. -1. 0.
0.995 -0.100 -0. 38.817 -0.100 -0.995 -0. -5.745 0. 0. -1. 0.
0.996 -0.092 -0. 40.429 -0.092 -0.996 -0. -5.898 0. 0. -1. 0.
0.997 -0.080 -0. 42.195 -0.080 -0.997 -0. -5.910 0. 0. -1. 0.
0.997 -0.074 -0. 43.804 -0.074 -0.997 -0. -6.250 0. 0. -1. 0.
0.998 -0.066 -0. 45.542 -0.066 -0.998 -0. -6.292 0. 0. -1. 0.
0.998 -0.067 -0. 47.280 -0.067 -0.998 -0. -6.441 0. 0. -1. 0.
0.998 -0.070 -0. 49.012 -0.070 -0.998 -0. -6.647 0. 0. -1. 0.
0.998 -0.069 -0. 50.817 -0.069 -0.998 -0. -6.839 0. 0. -1. 0.
0.998 -0.063 -0. 52.602 -0.063 -0.998 -0. -6.985 0. 0. -1. 0.
0.999 -0.052 -0. 54.479 -0.052 -0.999 -0. -7.152 0. 0. -1. 0.
0.999 -0.037 -0. 56.349 -0.037 -0.999 -0. -7.293 0. 0. -1. 0.
1.000 -0.027 -0. 58.236 -0.027 -1.000 -0. -7.364 0. 0. -1. 0.
1.000 -0.020 -0. 60.084 -0.020 -1.000 -0. -7.477 0. 0. -1. 0.
1.000 -0.014 -0. 62.023 -0.014 -1.000 -0. -7.513 0. 0. -1. 0.
1. -0.012 -0. 64.021 -0.012 -1. -0. -7.602 0. 0. -1. 0.
1. -0.006 -0. 66.003 -0.006 -1. -0. -7.726 0. 0. -1. 0.
1. 0.001 0. 68.015 0.001 -1. -0. -7.756 0. 0. -1. 0.
1. 0.001 0. 69.999 0.001 -1. -0. -7.776 0. 0. -1. 0.
1. 0.001 0. 72.012 0.001 -1. -0. -7.758 0. 0. -1. 0.
1. 0.002 0. 74.039 0.002 -1. -0. -7.771 0. 0. -1. 0.
1. 0.007 0. 76.082 0.007 -1. -0. -7.821 0. 0. -1. 0.
1. -0.002 -0. 78.157 -0.002 -1. -0. -7.851 0. 0. -1. 0.
1.000 -0.017 -0. 80.175 -0.017 -1.000 -0. -7.842 0. 0. -1. 0.
0.999 -0.040 -0. 82.167 -0.040 -0.999 -0. -7.978 0. 0. -1. 0.
0.998 -0.062 -0. 84.196 -0.062 -0.998 -0. -8.113 0. 0. -1. 0.
0.996 -0.093 -0. 86.194 -0.093 -0.996 -0. -8.353 0. 0. -1. 0.
0.992 -0.129 -0. 88.148 -0.129 -0.992 -0. -8.607 0. 0. -1. 0.
0.986 -0.169 -0. 90.151 -0.169 -0.986 -0. -8.978 0. 0. -1. 0.
0.977 -0.212 -0. 92.031 -0.212 -0.977 -0. -9.387 0. 0. -1. 0.
0.966 -0.260 -0. 93.990 -0.260 -0.966 -0. -9.967 0. 0. -1. 0.
0.951 -0.309 -0. 95.850 -0.309 -0.951 -0. -10.576 0. 0. -1. 0.
0.932 -0.363 -0. 97.639 -0.363 -0.932 -0. -11.310 0. 0. -1. 0.
0.908 -0.419 -0. 99.411 -0.419 -0.908 -0. -12.126 0. 0. -1. 0.
0.878 -0.479 -0. 101.092 -0.479 -0.878 -0. -13.133 0. 0. -1. 0.
0.846 -0.532 -0. 102.602 -0.532 -0.846 -0. -14.113 0. 0. -1. 0.
0.819 -0.573 -0. 104.161 -0.573 -0.819 -0. -15.275 0. 0. -1. 0.
0.796 -0.606 -0. 105.724 -0.606 -0.796 -0. -16.436 0. 0. -1. 0.
0.766 -0.643 -0. 107.311 -0.643 -0.766 -0. -17.632 0. 0. -1. 0.
0.726 -0.688 -0. 108.622 -0.688 -0.726 -0. -18.896 0. 0. -1. 0.
0.680 -0.733 -0. 109.820 -0.733 -0.680 -0. -20.286 0. 0. -1. 0.
0.631 -0.776 -0. 110.957 -0.776 -0.631 -0. -21.758 0. 0. -1. 0.
0.581 -0.814 -0. 112.059 -0.814 -0.581 -0. -23.185 0. 0. -1. 0.
0.528 -0.849 -0. 112.950 -0.849 -0.528 -0. -24.690 0. 0. -1. 0.
0.474 -0.881 -0. 113.719 -0.881 -0.474 -0. -26.339 0. 0. -1. 0.
0.427 -0.904 -0. 114.427 -0.904 -0.427 -0. -28.039 0. 0. -1. 0.
0.388 -0.922 -0. 115.092 -0.922 -0.388 -0. -29.638 0. 0. -1. 0.
0.358 -0.934 -0. 115.726 -0.934 -0.358 -0. -31.247 0. 0. -1. 0.
0.336 -0.942 -0. 116.350 -0.942 -0.336 -0. -32.988 0. 0. -1. 0.
0.324 -0.946 -0. 116.949 -0.946 -0.324 -0. -34.760 0. 0. -1. 0.
0.320 -0.948 -0. 117.426 -0.948 -0.320 -0. -36.465 0. 0. -1. 0.
0.321 -0.947 -0. 118.116 -0.947 -0.321 -0. -38.220 0. 0. -1. 0.
0.327 -0.945 -0. 118.668 -0.945 -0.327 -0. -39.968 0. 0. -1. 0.
0.335 -0.942 -0. 119.127 -0.942 -0.335 -0. -41.712 0. 0. -1. 0.
0.346 -0.938 -0. 119.703 -0.938 -0.346 -0. -43.359 0. 0. -1. 0.
0.362 -0.932 -0. 120.313 -0.932 -0.362 -0. -44.963 0. 0. -1. 0.
0.378 -0.926 -0. 120.889 -0.926 -0.378 -0. -46.482 0. 0. -1. 0.
0.397 -0.918 -0. 121.492 -0.918 -0.397 -0. -47.826 0. 0. -1. 0.
0.412 -0.911 -0. 121.994 -0.911 -0.412 -0. -49.174 0. 0. -1. 0.
0.426 -0.905 -0. 122.557 -0.905 -0.426 -0. -50.300 0. 0. -1. 0.
0.436 -0.900 -0. 123.068 -0.900 -0.436 -0. -51.395 0. 0. -1. 0.
0.447 -0.894 -0. 123.484 -0.894 -0.447 -0. -52.296 0. 0. -1. 0.
0.456 -0.890 -0. 123.865 -0.890 -0.456 -0. -53.018 0. 0. -1. 0.
0.460 -0.888 -0. 124.128 -0.888 -0.460 -0. -53.638 0. 0. -1. 0.
0.467 -0.884 -0. 124.394 -0.884 -0.467 -0. -54.098 0. 0. -1. 0.
0.471 -0.882 -0. 124.558 -0.882 -0.471 -0. -54.449 0. 0. -1. 0.
0.473 -0.881 -0. 124.730 -0.881 -0.473 -0. -54.789 0. 0. -1. 0.
0.478 -0.878 -0. 124.896 -0.878 -0.478 -0. -55.143 0. 0. -1. 0.
0.483 -0.876 -0. 125.158 -0.876 -0.483 -0. -55.523 0. 0. -1. 0.
0.486 -0.874 -0. 125.330 -0.874 -0.486 -0. -55.973 0. 0. -1. 0.
0.490 -0.872 -0. 125.513 -0.872 -0.490 -0. -56.468 0. 0. -1. 0.
0.499 -0.867 -0. 125.952 -0.867 -0.499 -0. -57.068 0. 0. -1. 0.
0.510 -0.860 -0. 126.332 -0.860 -0.510 -0. -57.713 0. 0. -1. 0.
0.520 -0.854 -0. 126.765 -0.854 -0.520 -0. -58.522 0. 0. -1. 0.
0.531 -0.847 -0. 127.292 -0.847 -0.531 -0. -59.389 0. 0. -1. 0.
0.545 -0.838 -0. 127.905 -0.838 -0.545 -0. -60.441 0. 0. -1. 0.
0.557 -0.831 -0. 128.620 -0.831 -0.557 -0. -61.548 0. 0. -1. 0.
0.572 -0.820 -0. 129.328 -0.820 -0.572 -0. -62.690 0. 0. -1. 0.
0.588 -0.809 -0. 130.159 -0.809 -0.588 -0. -63.869 0. 0. -1. 0.
0.602 -0.799 -0. 131.118 -0.799 -0.602 -0. -65.113 0. 0. -1. 0.
0.610 -0.792 -0. 132.018 -0.792 -0.610 -0. -66.400 0. 0. -1. 0.
0.615 -0.788 -0. 132.822 -0.788 -0.615 -0. -67.531 0. 0. -1. 0.
0.619 -0.785 -0. 133.721 -0.785 -0.619 -0. -68.665 0. 0. -1. 0.
0.624 -0.782 -0. 134.640 -0.782 -0.624 -0. -69.818 0. 0. -1. 0.
0.628 -0.778 -0. 135.483 -0.778 -0.628 -0. -70.968 0. 0. -1. 0.
0.633 -0.774 -0. 136.305 -0.774 -0.633 -0. -72.010 0. 0. -1. 0.
0.638 -0.770 -0. 137.232 -0.770 -0.638 -0. -73.091 0. 0. -1. 0.
0.645 -0.764 -0. 138.093 -0.764 -0.645 -0. -74.129 0. 0. -1. 0.
0.655 -0.756 -0. 139.001 -0.756 -0.655 -0. -75.154 0. 0. -1. 0.
0.668 -0.745 -0. 139.788 -0.745 -0.668 -0. -76.255 0. 0. -1. 0.
0.681 -0.732 -0. 140.680 -0.732 -0.681 -0. -77.128 0. 0. -1. 0.
0.704 -0.710 -0. 141.517 -0.710 -0.704 -0. -78.061 0. 0. -1. 0.
0.737 -0.676 -0. 142.389 -0.676 -0.737 -0. -78.790 0. 0. -1. 0.
0.781 -0.625 -0. 143.239 -0.625 -0.781 -0. -79.539 0. 0. -1. 0.
0.821 -0.571 -0. 144.106 -0.571 -0.821 -0. -80.242 0. 0. -1. 0.
0.860 -0.511 -0. 145.054 -0.511 -0.860 -0. -80.812 0. 0. -1. 0.
0.906 -0.423 -0. 145.906 -0.423 -0.906 -0. -81.320 0. 0. -1. 0.
0.951 -0.310 -0. 146.975 -0.310 -0.951 -0. -81.646 0. 0. -1. 0.
0.985 -0.174 -0. 147.965 -0.174 -0.985 -0. -81.807 0. 0. -1. 0.
0.999 -0.033 -0. 148.966 -0.033 -0.999 -0. -81.788 0. 0. -1. 0.
0.994 0.108 0. 149.972 0.108 -0.994 -0. -81.676 0. 0. -1. 0.
0.967 0.256 0. 150.910 0.256 -0.967 -0. -81.490 0. 0. -1. 0.
0.917 0.400 0. 151.765 0.400 -0.917 -0. -81.016 0. 0. -1. 0.
0.844 0.536 0. 152.497 0.536 -0.844 -0. -80.546 0. 0. -1. 0.
0.750 0.661 0. 153.215 0.661 -0.750 -0. -79.902 0. 0. -1. 0.
0.636 0.772 0. 153.825 0.772 -0.636 -0. -79.242 0. 0. -1. 0.
0.501 0.866 0. 154.317 0.866 -0.501 -0. -78.393 0. 0. -1. 0.
0.352 0.936 0. 154.633 0.936 -0.352 -0. -77.513 0. 0. -1. 0.
0.192 0.981 0. 154.745 0.981 -0.192 -0. -76.710 0. 0. -1. 0.
0.020 1.000 0. 154.687 1.000 -0.020 -0. -75.792 0. 0. -1. 0.
-0.152 0.988 0. 154.618 0.988 0.152 0. -74.909 0. 0. -1. 0.
-0.324 0.946 0. 154.249 0.946 0.324 0. -74.000 0. 0. -1. 0.
-0.484 0.875 0. 153.856 0.875 0.484 0. -73.071 0. 0. -1. 0.
-0.624 0.781 0. 153.140 0.781 0.624 0. -72.267 0. 0. -1. 0.
-0.738 0.675 0. 152.352 0.675 0.738 0. -71.542 0. 0. -1. 0.
-0.823 0.568 0. 151.460 0.568 0.823 0. -70.853 0. 0. -1. 0.
-0.877 0.481 0. 150.524 0.481 0.877 0. -70.353 0. 0. -1. 0.
-0.912 0.410 0. 149.376 0.410 0.912 0. -69.833 0. 0. -1. 0.
-0.935 0.356 0. 148.336 0.356 0.935 0. -69.481 0. 0. -1. 0.
-0.949 0.315 0. 147.165 0.315 0.949 0. -69.049 0. 0. -1. 0.
-0.960 0.279 0. 145.978 0.279 0.960 0. -68.869 0. 0. -1. 0.
-0.964 0.265 0. 144.778 0.265 0.964 0. -68.441 0. 0. -1. 0.
-0.967 0.254 0. 143.462 0.254 0.967 0. -68.194 0. 0. -1. 0.
-0.968 0.253 0. 142.276 0.253 0.968 0. -67.783 0. 0. -1. 0.
-0.965 0.263 0. 140.890 0.263 0.965 0. -67.490 0. 0. -1. 0.
-0.960 0.280 0. 139.703 0.280 0.960 0. -67.070 0. 0. -1. 0.
-0.954 0.301 0. 138.315 0.301 0.954 0. -66.640 0. 0. -1. 0.
-0.944 0.330 0. 137.029 0.330 0.944 0. -66.069 0. 0. -1. 0.
-0.931 0.364 0. 135.653 0.364 0.931 0. -65.572 0. 0. -1. 0.
-0.912 0.409 0. 134.332 0.409 0.912 0. -64.917 0. 0. -1. 0.
-0.887 0.462 0. 132.996 0.462 0.887 0. -64.190 0. 0. -1. 0.
-0.855 0.519 0. 131.671 0.519 0.855 0. -63.331 0. 0. -1. 0.
-0.817 0.577 0. 130.445 0.577 0.817 0. -62.455 0. 0. -1. 0.
-0.773 0.635 0. 129.242 0.635 0.773 0. -61.461 0. 0. -1. 0.
-0.724 0.690 0. 128.127 0.690 0.724 0. -60.394 0. 0. -1. 0.
-0.671 0.741 0. 127.072 0.741 0.671 0. -59.139 0. 0. -1. 0.
-0.614 0.789 0. 126.111 0.789 0.614 0. -57.864 0. 0. -1. 0.
-0.558 0.830 0. 125.170 0.830 0.558 0. -56.417 0. 0. -1. 0.
-0.506 0.863 0. 124.310 0.863 0.506 0. -54.873 0. 0. -1. 0.
-0.457 0.889 0. 123.481 0.889 0.457 0. -53.254 0. 0. -1. 0.
-0.408 0.913 0. 122.669 0.913 0.408 0. -51.531 0. 0. -1. 0.
-0.360 0.933 0. 122.018 0.933 0.360 0. -49.743 0. 0. -1. 0.
-0.321 0.947 0. 121.388 0.947 0.321 0. -47.967 0. 0. -1. 0.
-0.289 0.957 0. 120.884 0.957 0.289 0. -46.196 0. 0. -1. 0.
-0.269 0.963 0. 120.379 0.963 0.269 0. -44.319 0. 0. -1. 0.
-0.248 0.969 0. 119.984 0.969 0.248 0. -42.557 0. 0. -1. 0.
-0.238 0.971 0. 119.443 0.971 0.238 0. -40.775 0. 0. -1. 0.
-0.244 0.970 0. 119.113 0.970 0.244 0. -38.962 0. 0. -1. 0.
-0.258 0.966 0. 118.695 0.966 0.258 0. -37.186 0. 0. -1. 0.
-0.266 0.964 0. 118.264 0.964 0.266 0. -35.410 0. 0. -1. 0.
-0.273 0.962 0. 117.803 0.962 0.273 0. -33.656 0. 0. -1. 0.
-0.289 0.957 0. 117.317 0.957 0.289 0. -31.957 0. 0. -1. 0.
-0.308 0.951 0. 116.812 0.951 0.308 0. -30.223 0. 0. -1. 0.
-0.331 0.943 0. 116.206 0.943 0.331 0. -28.538 0. 0. -1. 0.
-0.359 0.933 0. 115.643 0.933 0.359 0. -26.870 0. 0. -1. 0.
-0.394 0.919 0. 114.978 0.919 0.394 0. -25.257 0. 0. -1. 0.
-0.441 0.897 0. 114.238 0.897 0.441 0. -23.709 0. 0. -1. 0.
-0.490 0.872 0. 113.463 0.872 0.490 0. -22.176 0. 0. -1. 0.
-0.542 0.840 0. 112.580 0.840 0.542 0. -20.659 0. 0. -1. 0.
-0.604 0.797 0. 111.618 0.797 0.604 0. -19.175 0. 0. -1. 0.
-0.667 0.745 0. 110.372 0.745 0.667 0. -17.703 0. 0. -1. 0.
-0.726 0.688 0. 109.026 0.688 0.726 0. -16.347 0. 0. -1. 0.
-0.782 0.624 0. 107.646 0.624 0.782 0. -15.143 0. 0. -1. 0.
-0.829 0.559 0. 106.161 0.559 0.829 0. -14.115 0. 0. -1. 0.
-0.872 0.490 0. 104.557 0.490 0.872 0. -13.166 0. 0. -1. 0.
-0.903 0.429 0. 102.929 0.429 0.903 0. -12.346 0. 0. -1. 0.
-0.924 0.383 0. 101.073 0.383 0.924 0. -11.588 0. 0. -1. 0.
-0.944 0.329 0. 99.301 0.329 0.944 0. -10.900 0. 0. -1. 0.
-0.960 0.279 0. 97.409 0.279 0.960 0. -10.278 0. 0. -1. 0.
-0.972 0.235 0. 95.549 0.235 0.972 0. -9.760 0. 0. -1. 0.
-0.980 0.201 0. 93.643 0.201 0.980 0. -9.278 0. 0. -1. 0.
-0.986 0.168 0. 91.667 0.168 0.986 0. -8.892 0. 0. -1. 0.
-0.989 0.148 0. 89.571 0.148 0.989 0. -8.593 0. 0. -1. 0.
-0.993 0.121 0. 87.596 0.121 0.993 0. -8.324 0. 0. -1. 0.
-0.995 0.101 0. 85.449 0.101 0.995 0. -8.047 0. 0. -1. 0.
-0.997 0.077 0. 83.213 0.077 0.997 0. -7.851 0. 0. -1. 0.
-0.999 0.054 0. 81.044 0.054 0.999 0. -7.739 0. 0. -1. 0.
-0.999 0.037 0. 78.836 0.037 0.999 0. -7.589 0. 0. -1. 0.
-1.000 0.019 0. 76.579 0.019 1.000 0. -7.464 0. 0. -1. 0.
-1. 0.007 0. 74.487 0.007 1. 0. -7.421 0. 0. -1. 0.
-1. 0.005 0. 72.251 0.005 1. 0. -7.325 0. 0. -1. 0.
-1. 0.008 0. 70.074 0.008 1. 0. -7.303 0. 0. -1. 0.
-1.000 0.016 0. 67.885 0.016 1.000 0. -7.209 0. 0. -1. 0.
-1.000 0.015 0. 65.616 0.015 1.000 0. -7.188 0. 0. -1. 0.
-1.000 0.016 0. 63.373 0.016 1.000 0. -7.081 0. 0. -1. 0.
-1. 0.011 0. 61.048 0.011 1. 0. -6.938 0. 0. -1. 0.
-1. 0.012 0. 58.801 0.012 1. 0. -6.886 0. 0. -1. 0.
-1.000 0.017 0. 56.526 0.017 1.000 0. -6.811 0. 0. -1. 0.
-1.000 0.026 0. 54.222 0.026 1.000 0. -6.770 0. 0. -1. 0.
-1.000 0.030 0. 51.982 0.030 1.000 0. -6.635 0. 0. -1. 0.
-0.999 0.041 0. 49.668 0.041 0.999 0. -6.501 0. 0. -1. 0.
-0.999 0.053 0. 47.420 0.053 0.999 0. -6.357 0. 0. -1. 0.
-0.998 0.071 0. 45.208 0.071 0.998 0. -6.115 0. 0. -1. 0.
-0.996 0.086 0. 43.073 0.086 0.996 0. -5.878 0. 0. -1. 0.
-0.996 0.093 0. 40.841 0.093 0.996 0. -5.642 0. 0. -1. 0.
-0.995 0.099 0. 38.675 0.099 0.995 0. -5.360 0. 0. -1. 0.
-0.994 0.106 0. 36.602 0.106 0.994 0. -5.121 0. 0. -1. 0.
-0.995 0.104 0. 34.398 0.104 0.995 0. -4.772 0. 0. -1. 0.
-0.994 0.107 0. 32.374 0.107 0.994 0. -4.590 0. 0. -1. 0.
-0.994 0.108 0. 30.311 0.108 0.994 0. -4.282 0. 0. -1. 0.
-0.994 0.110 0. 28.184 0.110 0.994 0. -4.023 0. 0. -1. 0.
-0.994 0.113 0. 26.097 0.113 0.994 0. -3.693 0. 0. -1. 0.
-0.993 0.118 0. 24.001 0.118 0.993 0. -3.432 0. 0. -1. 0.
-0.992 0.122 0. 21.966 0.122 0.992 0. -3.160 0. 0. -1. 0.
-0.992 0.126 0. 20.043 0.126 0.992 0. -2.941 0. 0. -1. 0.
-0.991 0.130 0. 18.248 0.130 0.991 0. -2.650 0. 0. -1. 0.
-0.991 0.131 0. 16.448 0.131 0.991 0. -2.402 0. 0. -1. 0.
-0.991 0.131 0. 14.804 0.131 0.991 0. -2.161 0. 0. -1. 0.
-0.992 0.130 0. 13.175 0.130 0.992 0. -1.931 0. 0. -1. 0.
-0.991 0.134 0. 11.546 0.134 0.991 0. -1.693 0. 0. -1. 0.
-0.991 0.133 0. 9.841 0.133 0.991 0. -1.452 0. 0. -1. 0.
-0.991 0.133 0. 8.219 0.133 0.991 0. -1.192 0. 0. -1. 0.
-0.990 0.138 0. 6.671 0.138 0.990 0. -0.944 0. 0. -1. 0.
-0.991 0.137 0. 5.018 0.137 0.991 0. -0.720 0. 0. -1. 0.
-0.990 0.142 0. 3.444 0.142 0.990 0. -0.441 0. 0. -1. 0.
-0.989 0.146 0. 1.847 0.146 0.989 0. -0.141 0. 0. -1. 0.
-0.989 0.149 0. 0.237 0.149 0.989 0. 0.078 0. 0. -1. 0.
-0.988 0.154 0. -1.373 0.154 0.988 0. 0.383 0. 0. -1. 0.
-0.989 0.148 0. -2.973 0.148 0.989 0. 0.676 0. 0. -1. 0.
-0.990 0.144 0. -4.497 0.144 0.990 0. 1.009 0. 0. -1. 0.
-0.992 0.125 0. -5.893 0.125 0.992 0. 1.170 0. 0. -1. 0.
-0.994 0.111 0. -7.089 0.111 0.994 0. 1.389 0. 0. -1. 0.
-0.995 0.099 0. -8.287 0.099 0.995 0. 1.483 0. 0. -1. 0.
-0.996 0.085 0. -9.228 0.085 0.996 0. 1.546 0. 0. -1. 0.
-0.997 0.076 0. -10.002 0.076 0.997 0. 1.641 0. 0. -1. 0.
-0.998 0.065 0. -10.559 0.065 0.998 0. 1.720 0. 0. -1. 0.
-0.998 0.057 0. -11.026 0.057 0.998 0. 1.707 0. 0. -1. 0.
-0.999 0.050 0. -11.347 0.050 0.999 0. 1.739 0. 0. -1. 0.
-0.999 0.047 0. -11.714 0.047 0.999 0. 1.783 0. 0. -1. 0.
-0.999 0.042 0. -12.166 0.042 0.999 0. 1.800 0. 0. -1. 0.
-0.999 0.035 0. -12.504 0.035 0.999 0. 1.834 0. 0. -1. 0.
-0.999 0.033 0. -13.053 0.033 0.999 0. 1.875 0. 0. -1. 0.
-0.999 0.035 0. -13.798 0.035 0.999 0. 1.916 0. 0. -1. 0.
-0.999 0.037 0. -14.586 0.037 0.999 0. 1.969 0. 0. -1. 0.
-0.999 0.042 0. -15.571 0.042 0.999 0. 1.994 0. 0. -1. 0.
-0.999 0.041 0. -16.659 0.041 0.999 0. 2.063 0. 0. -1. 0.
-0.999 0.045 0. -17.964 0.045 0.999 0. 2.160 0. 0. -1. 0.
-0.999 0.047 0. -19.396 0.047 0.999 0. 2.272 0. 0. -1. 0.
-0.999 0.049 0. -20.989 0.049 0.999 0. 2.359 0. 0. -1. 0.
-0.999 0.050 0. -22.564 0.050 0.999 0. 2.439 0. 0. -1. 0.
-0.999 0.051 0. -24.389 0.051 0.999 0. 2.558 0. 0. -1. 0.
-0.999 0.050 0. -26.239 0.050 0.999 0. 2.640 0. 0. -1. 0.
-0.999 0.051 0. -28.150 0.051 0.999 0. 2.849 0. 0. -1. 0.
-0.998 0.056 0. -30.009 0.056 0.998 0. 2.993 0. 0. -1. 0.
-0.999 0.054 0. -31.962 0.054 0.999 0. 3.128 0. 0. -1. 0.
-0.998 0.058 0. -33.971 0.058 0.998 0. 3.305 0. 0. -1. 0.
-0.998 0.064 0. -35.993 0.064 0.998 0. 3.427 0. 0. -1. 0.
-0.998 0.059 0. -37.943 0.059 0.998 0. 3.535 0. 0. -1. 0.
-0.998 0.064 0. -39.973 0.064 0.998 0. 3.760 0. 0. -1. 0.
-0.998 0.068 0. -42.101 0.068 0.998 0. 3.939 0. 0. -1. 0.
-0.998 0.068 0. -44.154 0.068 0.998 0. 4.149 0. 0. -1. 0.
-0.997 0.076 0. -46.174 0.076 0.997 0. 4.362 0. 0. -1. 0.
-0.997 0.079 0. -48.189 0.079 0.997 0. 4.456 0. 0. -1. 0.
-0.997 0.083 0. -50.163 0.083 0.997 0. 4.748 0. 0. -1. 0.
-0.995 0.097 0. -52.154 0.097 0.995 0. 4.915 0. 0. -1. 0.
-0.992 0.123 0. -53.958 0.123 0.992 0. 5.138 0. 0. -1. 0.
-0.987 0.159 0. -55.730 0.159 0.987 0. 5.486 0. 0. -1. 0.
-0.977 0.212 0. -57.429 0.212 0.977 0. 5.871 0. 0. -1. 0.
-0.960 0.280 0. -58.921 0.280 0.960 0. 6.352 0. 0. -1. 0.
-0.935 0.356 0. -60.302 0.356 0.935 0. 6.974 0. 0. -1. 0.
-0.901 0.434 0. -61.503 0.434 0.901 0. 7.702 0. 0. -1. 0.
-0.853 0.522 0. -62.662 0.522 0.853 0. 8.430 0. 0. -1. 0.
-0.791 0.612 0. -63.656 0.612 0.791 0. 9.204 0. 0. -1. 0.
-0.715 0.699 0. -64.545 0.699 0.715 0. 10.152 0. 0. -1. 0.
-0.628 0.778 0. -65.352 0.778 0.628 0. 11.092 0. 0. -1. 0.
-0.532 0.847 0. -66.046 0.847 0.532 0. 12.149 0. 0. -1. 0.
-0.438 0.899 0. -66.512 0.899 0.438 0. 13.323 0. 0. -1. 0.
-0.337 0.942 0. -67.007 0.942 0.337 0. 14.468 0. 0. -1. 0.
-0.230 0.973 0. -67.204 0.973 0.230 0. 15.631 0. 0. -1. 0.
-0.130 0.992 0. -67.301 0.992 0.130 0. 16.875 0. 0. -1. 0.
-0.046 0.999 0. -67.328 0.999 0.046 0. 18.230 0. 0. -1. 0.
0.010 1. 0. -67.408 1. -0.010 -0. 19.561 0. 0. -1. 0.
0.033 0.999 0. -67.383 0.999 -0.033 -0. 21.052 0. 0. -1. 0.
0.029 1.000 0. -67.231 1.000 -0.029 -0. 22.638 0. 0. -1. 0.
0.031 1.000 0. -67.187 1.000 -0.031 -0. 24.206 0. 0. -1. 0.
0.034 0.999 0. -67.171 0.999 -0.034 -0. 25.905 0. 0. -1. 0.
0.034 0.999 0. -67.033 0.999 -0.034 -0. 27.670 0. 0. -1. 0.
0.030 1.000 0. -66.962 1.000 -0.030 -0. 29.563 0. 0. -1. 0.
0.031 1.000 0. -66.747 1.000 -0.031 -0. 31.510 0. 0. -1. 0.
0.047 0.999 0. -66.622 0.999 -0.047 -0. 33.371 0. 0. -1. 0.
0.061 0.998 0. -66.463 0.998 -0.061 -0. 35.257 0. 0. -1. 0.
0.089 0.996 0. -66.270 0.996 -0.089 -0. 37.108 0. 0. -1. 0.
0.118 0.993 0. -66.115 0.993 -0.118 -0. 38.889 0. 0. -1. 0.
0.140 0.990 0. -65.840 0.990 -0.140 -0. 40.797 0. 0. -1. 0.
0.163 0.987 0. -65.528 0.987 -0.163 -0. 42.492 0. 0. -1. 0.
0.185 0.983 0. -65.144 0.983 -0.185 -0. 44.396 0. 0. -1. 0.
0.196 0.981 0. -64.742 0.981 -0.196 -0. 46.011 0. 0. -1. 0.
0.197 0.980 0. -64.346 0.980 -0.197 -0. 47.847 0. 0. -1. 0.
0.201 0.980 0. -63.965 0.980 -0.201 -0. 49.622 0. 0. -1. 0.
0.191 0.982 0. -63.523 0.982 -0.191 -0. 51.423 0. 0. -1. 0.
0.185 0.983 0. -63.200 0.983 -0.185 -0. 53.235 0. 0. -1. 0.
0.174 0.985 0. -62.830 0.985 -0.174 -0. 55.063 0. 0. -1. 0.
0.162 0.987 0. -62.471 0.987 -0.162 -0. 56.967 0. 0. -1. 0.
0.145 0.989 0. -62.134 0.989 -0.145 -0. 58.838 0. 0. -1. 0.
0.125 0.992 0. -61.865 0.992 -0.125 -0. 60.726 0. 0. -1. 0.
0.112 0.994 0. -61.611 0.994 -0.112 -0. 62.611 0. 0. -1. 0.
0.092 0.996 0. -61.386 0.996 -0.092 -0. 64.570 0. 0. -1. 0.
0.081 0.997 0. -61.155 0.997 -0.081 -0. 66.477 0. 0. -1. 0.
0.070 0.998 0. -61.014 0.998 -0.070 -0. 68.509 0. 0. -1. 0.
0.056 0.998 0. -60.839 0.998 -0.056 -0. 70.544 0. 0. -1. 0.
0.051 0.999 0. -60.707 0.999 -0.051 -0. 72.581 0. 0. -1. 0.
0.050 0.999 0. -60.487 0.999 -0.050 -0. 74.641 0. 0. -1. 0.
0.049 0.999 0. -60.340 0.999 -0.049 -0. 76.640 0. 0. -1. 0.
0.048 0.999 0. -60.253 0.999 -0.048 -0. 78.654 0. 0. -1. 0.
0.049 0.999 0. -60.097 0.999 -0.049 -0. 80.628 0. 0. -1. 0.
0.050 0.999 0. -59.928 0.999 -0.050 -0. 82.589 0. 0. -1. 0.
0.050 0.999 0. -59.760 0.999 -0.050 -0. 84.532 0. 0. -1. 0.
0.048 0.999 0. -59.714 0.999 -0.048 -0. 86.283 0. 0. -1. 0.
0.045 0.999 0. -59.607 0.999 -0.045 -0. 88.010 0. 0. -1. 0.
0.035 0.999 0. -59.433 0.999 -0.035 -0. 89.578 0. 0. -1. 0.
0.005 1. 0. -59.383 1. -0.005 -0. 91.006 0. 0. -1. 0.
-0.054 0.999 0. -59.361 0.999 0.054 0. 92.439 0. 0. -1. 0.
-0.131 0.991 0. -59.587 0.991 0.131 0. 93.861 0. 0. -1. 0.
-0.234 0.972 0. -59.819 0.972 0.234 0. 95.051 0. 0. -1. 0.
-0.345 0.939 0. -60.320 0.939 0.345 0. 96.300 0. 0. -1. 0.
-0.458 0.889 0. -60.680 0.889 0.458 0. 97.438 0. 0. -1. 0.
-0.564 0.826 0. -61.385 0.826 0.564 0. 98.579 0. 0. -1. 0.
-0.667 0.745 0. -62.192 0.745 0.667 0. 99.395 0. 0. -1. 0.
-0.756 0.655 0. -63.086 0.655 0.756 0. 100.335 0. 0. -1. 0.
-0.832 0.555 0. -64.166 0.555 0.832 0. 101.112 0. 0. -1. 0.
-0.884 0.467 0. -65.385 0.467 0.884 0. 101.852 0. 0. -1. 0.
-0.924 0.383 0. -66.728 0.383 0.924 0. 102.360 0. 0. -1. 0.
-0.951 0.308 0. -68.120 0.308 0.951 0. 102.913 0. 0. -1. 0.
-0.970 0.242 0. -69.618 0.242 0.970 0. 103.221 0. 0. -1. 0.
-0.980 0.197 0. -71.190 0.197 0.980 0. 103.582 0. 0. -1. 0.
-0.986 0.169 0. -72.814 0.169 0.986 0. 103.945 0. 0. -1. 0.
-0.987 0.158 0. -74.478 0.158 0.987 0. 104.147 0. 0. -1. 0.
-0.985 0.171 0. -76.048 0.171 0.985 0. 104.448 0. 0. -1. 0.
-0.980 0.199 0. -77.741 0.199 0.980 0. 104.803 0. 0. -1. 0.
-0.969 0.248 0. -79.441 0.248 0.969 0. 105.271 0. 0. -1. 0.
-0.952 0.308 0. -81.076 0.308 0.952 0. 105.850 0. 0. -1. 0.
-0.926 0.377 0. -82.747 0.377 0.926 0. 106.554 0. 0. -1. 0.
-0.891 0.453 0. -84.378 0.453 0.891 0. 107.359 0. 0. -1. 0.
-0.845 0.534 0. -85.846 0.534 0.845 0. 108.470 0. 0. -1. 0.
-0.794 0.608 0. -87.301 0.608 0.794 0. 109.631 0. 0. -1. 0.
-0.752 0.659 0. -88.729 0.659 0.752 0. 110.818 0. 0. -1. 0.
-0.721 0.693 0. -90.069 0.693 0.721 0. 112.234 0. 0. -1. 0.
-0.702 0.712 0. -91.452 0.712 0.702 0. 113.587 0. 0. -1. 0.
-0.690 0.723 0. -92.796 0.723 0.690 0. 115.055 0. 0. -1. 0.
-0.684 0.730 0. -94.001 0.730 0.684 0. 116.628 0. 0. -1. 0.
-0.678 0.735 0. -95.378 0.735 0.678 0. 118.055 0. 0. -1. 0.
-0.674 0.739 0. -96.664 0.739 0.674 0. 119.526 0. 0. -1. 0.
-0.676 0.737 0. -97.953 0.737 0.676 0. 121.001 0. 0. -1. 0.
-0.677 0.736 0. -99.195 0.736 0.677 0. 122.473 0. 0. -1. 0.
-0.675 0.738 0. -100.477 0.738 0.675 0. 123.949 0. 0. -1. 0.
-0.674 0.739 0. -101.828 0.739 0.674 0. 125.433 0. 0. -1. 0.
-0.669 0.744 0. -103.065 0.744 0.669 0. 126.953 0. 0. -1. 0.
-0.663 0.748 0. -104.330 0.748 0.663 0. 128.345 0. 0. -1. 0.
-0.659 0.752 0. -105.620 0.752 0.659 0. 129.908 0. 0. -1. 0.
-0.655 0.756 0. -106.860 0.756 0.655 0. 131.362 0. 0. -1. 0.
-0.652 0.758 0. -108.115 0.758 0.652 0. 132.842 0. 0. -1. 0.
-0.649 0.761 0. -109.294 0.761 0.649 0. 134.332 0. 0. -1. 0.
-0.645 0.764 0. -110.471 0.764 0.645 0. 135.741 0. 0. -1. 0.
-0.643 0.766 0. -111.739 0.766 0.643 0. 137.244 0. 0. -1. 0.
-0.640 0.768 0. -112.891 0.768 0.640 0. 138.717 0. 0. -1. 0.
-0.640 0.768 0. -114.094 0.768 0.640 0. 140.266 0. 0. -1. 0.
-0.642 0.767 0. -115.351 0.767 0.642 0. 141.814 0. 0. -1. 0.
-0.642 0.767 0. -116.585 0.767 0.642 0. 143.434 0. 0. -1. 0.
-0.642 0.767 0. -117.844 0.767 0.642 0. 145.024 0. 0. -1. 0.
-0.644 0.765 0. -119.179 0.765 0.644 0. 146.771 0. 0. -1. 0.
-0.645 0.765 0. -120.493 0.765 0.645 0. 148.388 0. 0. -1. 0.
-0.646 0.763 0. -121.854 0.763 0.646 0. 150.153 0. 0. -1. 0.
-0.647 0.763 0. -123.308 0.763 0.647 0. 151.888 0. 0. -1. 0.
-0.647 0.763 0. -124.725 0.763 0.647 0. 153.635 0. 0. -1. 0.
-0.649 0.761 0. -126.209 0.761 0.649 0. 155.439 0. 0. -1. 0.
-0.650 0.760 0. -127.736 0.760 0.650 0. 157.189 0. 0. -1. 0.
-0.649 0.761 0. -129.314 0.761 0.649 0. 159.140 0. 0. -1. 0.
-0.642 0.767 0. -130.771 0.767 0.642 0. 160.944 0. 0. -1. 0.
-0.634 0.773 0. -132.266 0.773 0.634 0. 162.787 0. 0. -1. 0.
-0.620 0.784 0. -133.703 0.784 0.620 0. 164.711 0. 0. -1. 0.
-0.601 0.799 0. -135.154 0.799 0.601 0. 166.602 0. 0. -1. 0.
-0.582 0.813 0. -136.411 0.813 0.582 0. 168.573 0. 0. -1. 0.
-0.555 0.832 0. -137.713 0.832 0.555 0. 170.519 0. 0. -1. 0.
-0.525 0.851 0. -138.828 0.851 0.525 0. 172.577 0. 0. -1. 0.
-0.491 0.871 0. -140.020 0.871 0.491 0. 174.599 0. 0. -1. 0.
-0.454 0.891 0. -141.066 0.891 0.454 0. 176.682 0. 0. -1. 0.
-0.415 0.910 0. -141.960 0.910 0.415 0. 178.906 0. 0. -1. 0.
-0.376 0.927 0. -142.905 0.927 0.376 0. 181.049 0. 0. -1. 0.
-0.335 0.942 0. -143.593 0.942 0.335 0. 183.276 0. 0. -1. 0.
-0.294 0.956 0. -144.331 0.956 0.294 0. 185.543 0. 0. -1. 0.
-0.256 0.967 0. -144.874 0.967 0.256 0. 187.833 0. 0. -1. 0.
-0.225 0.974 0. -145.307 0.974 0.225 0. 190.160 0. 0. -1. 0.
-0.200 0.980 0. -145.804 0.980 0.200 0. 192.578 0. 0. -1. 0.
-0.176 0.984 0. -146.294 0.984 0.176 0. 194.972 0. 0. -1. 0.
-0.148 0.989 0. -146.619 0.989 0.148 0. 197.393 0. 0. -1. 0.
-0.114 0.993 0. -146.800 0.993 0.114 0. 199.836 0. 0. -1. 0.
-0.087 0.996 0. -147.051 0.996 0.087 0. 202.234 0. 0. -1. 0.
-0.069 0.998 0. -147.214 0.998 0.069 0. 204.734 0. 0. -1. 0.
-0.058 0.998 0. -147.312 0.998 0.058 0. 207.240 0. 0. -1. 0.
-0.046 0.999 0. -147.356 0.999 0.046 0. 209.761 0. 0. -1. 0.
-0.044 0.999 0. -147.376 0.999 0.044 0. 212.257 0. 0. -1. 0.
-0.048 0.999 0. -147.381 0.999 0.048 0. 214.728 0. 0. -1. 0.
-0.056 0.998 0. -147.430 0.998 0.056 0. 217.160 0. 0. -1. 0.
-0.067 0.998 0. -147.617 0.998 0.067 0. 219.634 0. 0. -1. 0.
-0.077 0.997 0. -147.698 0.997 0.077 0. 222.087 0. 0. -1. 0.
-0.087 0.996 0. -147.847 0.996 0.087 0. 224.500 0. 0. -1. 0.
-0.100 0.995 0. -148.020 0.995 0.100 0. 226.818 0. 0. -1. 0.
-0.123 0.992 0. -148.236 0.992 0.123 0. 229.080 0. 0. -1. 0.
-0.162 0.987 0. -148.446 0.987 0.162 0. 231.321 0. 0. -1. 0.
-0.217 0.976 0. -148.821 0.976 0.217 0. 233.614 0. 0. -1. 0.
-0.293 0.956 0. -149.358 0.956 0.293 0. 235.627 0. 0. -1. 0.
-0.385 0.923 0. -150.150 0.923 0.385 0. 237.684 0. 0. -1. 0.
-0.478 0.878 0. -151.127 0.878 0.478 0. 239.509 0. 0. -1. 0.
-0.562 0.827 0. -152.335 0.827 0.562 0. 241.218 0. 0. -1. 0.
-0.637 0.771 0. -153.603 0.771 0.637 0. 242.917 0. 0. -1. 0.
-0.708 0.707 0. -155.014 0.707 0.708 0. 244.526 0. 0. -1. 0.
-0.765 0.644 0. -156.683 0.644 0.765 0. 245.877 0. 0. -1. 0.
-0.814 0.581 0. -158.413 0.581 0.814 0. 247.145 0. 0. -1. 0.
-0.853 0.522 0. -160.233 0.522 0.853 0. 248.339 0. 0. -1. 0.
-0.885 0.465 0. -162.168 0.465 0.885 0. 249.441 0. 0. -1. 0.
-0.908 0.420 0. -164.123 0.420 0.908 0. 250.488 0. 0. -1. 0.
-0.921 0.391 0. -166.194 0.391 0.921 0. 251.355 0. 0. -1. 0.
-0.928 0.373 0. -168.322 0.373 0.928 0. 252.266 0. 0. -1. 0.
-0.935 0.355 0. -170.442 0.355 0.935 0. 253.146 0. 0. -1. 0.
-0.943 0.332 0. -172.671 0.332 0.943 0. 254.010 0. 0. -1. 0.
-0.949 0.316 0. -174.963 0.316 0.949 0. 254.770 0. 0. -1. 0.
-0.952 0.305 0. -177.186 0.305 0.952 0. 255.579 0. 0. -1. 0.
-0.955 0.296 0. -179.307 0.296 0.955 0. 256.313 0. 0. -1. 0.
-0.957 0.291 0. -181.449 0.291 0.957 0. 257.032 0. 0. -1. 0.
-0.957 0.290 0. -183.444 0.290 0.957 0. 257.659 0. 0. -1. 0.
-0.955 0.295 0. -185.528 0.295 0.955 0. 258.358 0. 0. -1. 0.
-0.952 0.307 0. -187.389 0.307 0.952 0. 258.999 0. 0. -1. 0.
-0.948 0.318 0. -189.338 0.318 0.948 0. 259.697 0. 0. -1. 0.
-0.946 0.325 0. -191.260 0.325 0.946 0. 260.451 0. 0. -1. 0.
-0.946 0.325 0. -193.192 0.325 0.946 0. 261.129 0. 0. -1. 0.
-0.947 0.322 0. -195.126 0.322 0.947 0. 261.800 0. 0. -1. 0.
-0.947 0.322 0. -196.996 0.322 0.947 0. 262.480 0. 0. -1. 0.
-0.947 0.320 0. -198.847 0.320 0.947 0. 263.167 0. 0. -1. 0.
-0.947 0.322 0. -200.730 0.322 0.947 0. 263.788 0. 0. -1. 0.
-0.944 0.330 0. -202.480 0.330 0.944 0. 264.447 0. 0. -1. 0.
-0.941 0.340 0. -204.223 0.340 0.941 0. 265.107 0. 0. -1. 0.
-0.937 0.350 0. -205.924 0.350 0.937 0. 265.820 0. 0. -1. 0.
-0.931 0.365 0. -207.603 0.365 0.931 0. 266.549 0. 0. -1. 0.
-0.926 0.379 0. -209.280 0.379 0.926 0. 267.294 0. 0. -1. 0.
-0.920 0.393 0. -210.952 0.393 0.920 0. 268.034 0. 0. -1. 0.
-0.913 0.407 0. -212.505 0.407 0.913 0. 268.829 0. 0. -1. 0.
-0.906 0.422 0. -213.982 0.422 0.906 0. 269.522 0. 0. -1. 0.
-0.899 0.437 0. -215.462 0.437 0.899 0. 270.256 0. 0. -1. 0.
-0.893 0.451 0. -216.696 0.451 0.893 0. 270.943 0. 0. -1. 0.
-0.886 0.464 0. -217.858 0.464 0.886 0. 271.598 0. 0. -1. 0.
-0.880 0.475 0. -218.791 0.475 0.880 0. 272.202 0. 0. -1. 0.
-0.875 0.484 0. -219.760 0.484 0.875 0. 272.697 0. 0. -1. 0.
-0.873 0.488 0. -220.499 0.488 0.873 0. 273.121 0. 0. -1. 0.
-0.871 0.491 0. -221.156 0.491 0.871 0. 273.481 0. 0. -1. 0.
-0.868 0.496 0. -221.633 0.496 0.868 0. 273.756 0. 0. -1. 0.
-0.867 0.499 0. -222.034 0.499 0.867 0. 274.059 0. 0. -1. 0.
-0.864 0.503 0. -222.389 0.503 0.864 0. 274.264 0. 0. -1. 0.
-0.863 0.504 0. -222.642 0.504 0.863 0. 274.490 0. 0. -1. 0.
-0.862 0.507 0. -222.904 0.507 0.862 0. 274.641 0. 0. -1. 0.
-0.862 0.507 0. -223.094 0.507 0.862 0. 274.686 0. 0. -1. 0.
-0.860 0.511 0. -223.307 0.511 0.860 0. 274.845 0. 0. -1. 0.
-0.859 0.512 0. -223.341 0.512 0.859 0. 274.926 0. 0. -1. 0.
-0.859 0.512 0. -223.477 0.512 0.859 0. 274.991 0. 0. -1. 0.
-0.858 0.514 0. -223.591 0.514 0.858 0. 275.020 0. 0. -1. 0.
-0.858 0.514 0. -223.630 0.514 0.858 0. 275.089 0. 0. -1. 0.
-0.857 0.515 0. -223.652 0.515 0.857 0. 275.127 0. 0. -1. 0.
-0.857 0.515 0. -223.706 0.515 0.857 0. 275.132 0. 0. -1. 0.
-0.857 0.515 0. -223.726 0.515 0.857 0. 275.141 0. 0. -1. 0.
-0.857 0.515 0. -223.683 0.515 0.857 0. 275.143 0. 0. -1. 0.
-0.857 0.515 0. -223.757 0.515 0.857 0. 275.116 0. 0. -1. 0.
-0.857 0.515 0. -223.734 0.515 0.857 0. 275.130 0. 0. -1. 0.
-0.857 0.515 0. -223.746 0.515 0.857 0. 275.139 0. 0. -1. 0.
-0.857 0.515 0. -223.777 0.515 0.857 0. 275.128 0. 0. -1. 0.
-0.857 0.515 0. -223.781 0.515 0.857 0. 275.191 0. 0. -1. 0.
-0.856 0.517 0. -223.834 0.517 0.856 0. 275.254 0. 0. -1. 0.
-0.856 0.516 0. -223.917 0.516 0.856 0. 275.258 0. 0. -1. 0.
-0.857 0.516 0. -223.958 0.516 0.857 0. 275.271 0. 0. -1. 0.
-0.857 0.516 0. -223.962 0.516 0.857 0. 275.263 0. 0. -1. 0.
-0.857 0.516 0. -223.974 0.516 0.857 0. 275.277 0. 0. -1. 0.
-0.857 0.516 0. -224.007 0.516 0.857 0. 275.301 0. 0. -1. 0.
-0.857 0.516 0. -224.043 0.516 0.857 0. 275.309 0. 0. -1. 0.
-0.856 0.516 0. -224.061 0.516 0.856 0. 275.327 0. 0. -1. 0.
-0.857 0.516 0. -224.065 0.516 0.857 0. 275.322 0. 0. -1. 0.
-0.857 0.516 0. -224.075 0.516 0.857 0. 275.317 0. 0. -1. 0.
-0.857 0.516 0. -224.105 0.516 0.857 0. 275.336 0. 0. -1. 0.
-0.857 0.516 0. -224.108 0.516 0.857 0. 275.357 0. 0. -1. 0.
-0.856 0.516 0. -224.152 0.516 0.856 0. 275.404 0. 0. -1. 0.
-0.857 0.516 0. -224.213 0.516 0.857 0. 275.466 0. 0. -1. 0.
-0.856 0.517 0. -224.357 0.517 0.856 0. 275.505 0. 0. -1. 0.
-0.857 0.516 0. -224.435 0.516 0.857 0. 275.536 0. 0. -1. 0.
-0.857 0.516 0. -224.511 0.516 0.857 0. 275.587 0. 0. -1. 0.
-0.856 0.516 0. -224.592 0.516 0.856 0. 275.654 0. 0. -1. 0.
-0.856 0.518 0. -224.737 0.518 0.856 0. 275.735 0. 0. -1. 0.
-0.856 0.517 0. -224.839 0.517 0.856 0. 275.829 0. 0. -1. 0.
-0.855 0.519 0. -225.002 0.519 0.855 0. 275.939 0. 0. -1. 0.
-0.855 0.519 0. -225.259 0.519 0.855 0. 276.087 0. 0. -1. 0.
-0.854 0.521 0. -225.406 0.521 0.854 0. 276.237 0. 0. -1. 0.
-0.852 0.523 0. -225.647 0.523 0.852 0. 276.416 0. 0. -1. 0.
-0.853 0.522 0. -225.864 0.522 0.853 0. 276.501 0. 0. -1. 0.
-0.853 0.523 0. -226.053 0.523 0.853 0. 276.645 0. 0. -1. 0.
-0.851 0.526 0. -226.199 0.526 0.851 0. 276.748 0. 0. -1. 0.
-0.851 0.525 0. -226.304 0.525 0.851 0. 276.809 0. 0. -1. 0.
-0.851 0.525 0. -226.370 0.525 0.851 0. 276.848 0. 0. -1. 0.
-0.851 0.525 0. -226.384 0.525 0.851 0. 276.886 0. 0. -1. 0.
-0.850 0.526 0. -226.454 0.526 0.850 0. 276.923 0. 0. -1. 0.
-0.849 0.529 0. -226.562 0.529 0.849 0. 276.981 0. 0. -1. 0.
-0.849 0.529 0. -226.709 0.529 0.849 0. 277.066 0. 0. -1. 0.
-0.848 0.530 0. -226.942 0.530 0.848 0. 277.233 0. 0. -1. 0.
-0.845 0.535 0. -227.296 0.535 0.845 0. 277.489 0. 0. -1. 0.
-0.843 0.538 0. -227.641 0.538 0.843 0. 277.788 0. 0. -1. 0.
-0.839 0.544 0. -228.207 0.544 0.839 0. 278.101 0. 0. -1. 0.
-0.837 0.547 0. -228.880 0.547 0.837 0. 278.547 0. 0. -1. 0.
-0.832 0.554 0. -229.712 0.554 0.832 0. 279.215 0. 0. -1. 0.
-0.822 0.570 0. -230.743 0.570 0.822 0. 279.887 0. 0. -1. 0.
-0.796 0.606 0. -231.717 0.606 0.796 0. 280.683 0. 0. -1. 0.
-0.758 0.653 0. -232.759 0.653 0.758 0. 281.537 0. 0. -1. 0.
-0.705 0.709 0. -233.626 0.709 0.705 0. 282.469 0. 0. -1. 0.
-0.632 0.775 0. -234.489 0.775 0.632 0. 283.421 0. 0. -1. 0.
-0.546 0.838 0. -235.212 0.838 0.546 0. 284.513 0. 0. -1. 0.
-0.446 0.895 0. -235.569 0.895 0.446 0. 285.692 0. 0. -1. 0.
-0.335 0.942 0. -235.853 0.942 0.335 0. 286.779 0. 0. -1. 0.
-0.234 0.972 0. -236.068 0.972 0.234 0. 287.881 0. 0. -1. 0.
-0.121 0.993 0. -236.177 0.993 0.121 0. 289.137 0. 0. -1. 0.
-0.011 1. 0. -236.183 1. 0.011 0. 290.276 0. 0. -1. 0.
0.088 0.996 0. -236.000 0.996 -0.088 -0. 291.440 0. 0. -1. 0.
0.164 0.986 0. -235.777 0.986 -0.164 -0. 292.634 0. 0. -1. 0.
0.213 0.977 0. -235.332 0.977 -0.213 -0. 293.976 0. 0. -1. 0.
0.238 0.971 0. -234.989 0.971 -0.238 -0. 295.608 0. 0. -1. 0.
0.249 0.969 0. -234.532 0.969 -0.249 -0. 297.249 0. 0. -1. 0.
0.253 0.968 0. -233.933 0.968 -0.253 -0. 299.154 0. 0. -1. 0.
0.252 0.968 0. -233.376 0.968 -0.252 -0. 301.124 0. 0. -1. 0.
0.253 0.967 0. -232.811 0.967 -0.253 -0. 303.231 0. 0. -1. 0.
0.249 0.968 0. -232.253 0.968 -0.249 -0. 305.435 0. 0. -1. 0.
0.248 0.969 0. -231.578 0.969 -0.248 -0. 307.791 0. 0. -1. 0.
0.247 0.969 0. -230.912 0.969 -0.247 -0. 310.331 0. 0. -1. 0.
0.247 0.969 0. -230.200 0.969 -0.247 -0. 312.966 0. 0. -1. 0.
0.250 0.968 0. -229.413 0.968 -0.250 -0. 315.786 0. 0. -1. 0.
0.255 0.967 0. -228.623 0.967 -0.255 -0. 318.730 0. 0. -1. 0.
0.261 0.965 0. -227.721 0.965 -0.261 -0. 321.711 0. 0. -1. 0.
0.267 0.964 0. -226.808 0.964 -0.267 -0. 324.660 0. 0. -1. 0.
0.274 0.962 0. -225.942 0.962 -0.274 -0. 327.621 0. 0. -1. 0.
0.279 0.960 0. -225.039 0.960 -0.279 -0. 330.534 0. 0. -1. 0.
0.283 0.959 0. -224.107 0.959 -0.283 -0. 333.473 0. 0. -1. 0.
0.288 0.958 0. -223.157 0.958 -0.288 -0. 336.390 0. 0. -1. 0.
0.291 0.957 0. -222.216 0.957 -0.291 -0. 339.242 0. 0. -1. 0.
0.292 0.956 0. -221.313 0.956 -0.292 -0. 342.095 0. 0. -1. 0.
0.293 0.956 0. -220.331 0.956 -0.293 -0. 344.962 0. 0. -1. 0.
0.297 0.955 0. -219.368 0.955 -0.297 -0. 347.859 0. 0. -1. 0.
0.302 0.953 0. -218.346 0.953 -0.302 -0. 350.746 0. 0. -1. 0.
0.306 0.952 0. -217.436 0.952 -0.306 -0. 353.682 0. 0. -1. 0.
0.307 0.952 0. -216.384 0.952 -0.307 -0. 356.664 0. 0. -1. 0.
0.311 0.950 0. -215.398 0.950 -0.311 -0. 359.652 0. 0. -1. 0.
0.308 0.951 0. -214.459 0.951 -0.308 -0. 362.675 0. 0. -1. 0.
0.304 0.953 0. -213.359 0.953 -0.304 -0. 365.760 0. 0. -1. 0.
0.304 0.953 0. -212.370 0.953 -0.304 -0. 368.756 0. 0. -1. 0.
0.302 0.953 0. -211.355 0.953 -0.302 -0. 371.709 0. 0. -1. 0.
0.303 0.953 0. -210.359 0.953 -0.303 -0. 374.769 0. 0. -1. 0.
0.302 0.953 0. -209.340 0.953 -0.302 -0. 377.726 0. 0. -1. 0.
0.300 0.954 0. -208.348 0.954 -0.300 -0. 380.751 0. 0. -1. 0.
0.299 0.954 0. -207.415 0.954 -0.299 -0. 383.749 0. 0. -1. 0.
0.301 0.954 0. -206.373 0.954 -0.301 -0. 386.834 0. 0. -1. 0.
0.301 0.954 0. -205.350 0.954 -0.301 -0. 389.898 0. 0. -1. 0.
0.301 0.954 0. -204.290 0.954 -0.301 -0. 393.011 0. 0. -1. 0.
0.303 0.953 0. -203.247 0.953 -0.303 -0. 396.122 0. 0. -1. 0.
0.304 0.953 0. -202.193 0.953 -0.304 -0. 399.334 0. 0. -1. 0.
0.307 0.952 0. -201.034 0.952 -0.307 -0. 402.516 0. 0. -1. 0.
0.307 0.952 0. -199.870 0.952 -0.307 -0. 405.776 0. 0. -1. 0.
0.307 0.952 0. -198.787 0.952 -0.307 -0. 409.048 0. 0. -1. 0.
0.307 0.952 0. -197.632 0.952 -0.307 -0. 412.285 0. 0. -1. 0.
0.308 0.951 0. -196.562 0.951 -0.308 -0. 415.496 0. 0. -1. 0.
0.307 0.952 0. -195.446 0.952 -0.307 -0. 418.739 0. 0. -1. 0.
0.305 0.952 0. -194.313 0.952 -0.305 -0. 421.971 0. 0. -1. 0.
0.303 0.953 0. -193.248 0.953 -0.303 -0. 425.135 0. 0. -1. 0.
0.300 0.954 0. -192.213 0.954 -0.300 -0. 428.420 0. 0. -1. 0.
0.299 0.954 0. -191.132 0.954 -0.299 -0. 431.575 0. 0. -1. 0.
0.299 0.954 0. -190.096 0.954 -0.299 -0. 434.796 0. 0. -1. 0.
0.299 0.954 0. -188.941 0.954 -0.299 -0. 437.996 0. 0. -1. 0.
0.300 0.954 0. -187.860 0.954 -0.300 -0. 441.216 0. 0. -1. 0.
0.299 0.954 0. -186.781 0.954 -0.299 -0. 444.453 0. 0. -1. 0.
0.298 0.954 0. -185.725 0.954 -0.298 -0. 447.592 0. 0. -1. 0.
0.298 0.954 0. -184.627 0.954 -0.298 -0. 450.763 0. 0. -1. 0.
0.298 0.955 0. -183.682 0.955 -0.298 -0. 453.792 0. 0. -1. 0.
0.298 0.955 0. -182.652 0.955 -0.298 -0. 456.812 0. 0. -1. 0.
0.301 0.954 0. -181.690 0.954 -0.301 -0. 459.757 0. 0. -1. 0.
