-0.456 -0.890 0. 353050.668 0.890 -0.456 0. 4026061.637 0. 0. 1. 0.
-0.451 -0.893 0. 353050.247 0.893 -0.451 0. 4026062.457 0. 0. 1. 0.
-0.446 -0.895 0. 353049.809 0.895 -0.446 0. 4026063.325 0. 0. 1. 0.
-0.442 -0.897 0. 353049.354 0.897 -0.442 0. 4026064.241 0. 0. 1. 0.
-0.437 -0.899 0. 353048.883 0.899 -0.437 0. 4026065.202 0. 0. 1. 0.
-0.434 -0.901 0. 353048.395 0.901 -0.434 0. 4026066.210 0. 0. 1. 0.
-0.432 -0.902 0. 353047.891 0.902 -0.432 0. 4026067.259 0. 0. 1. 0.
-0.431 -0.902 0. 353047.366 0.902 -0.431 0. 4026068.359 0. 0. 1. 0.
-0.432 -0.902 0. 353046.817 0.902 -0.432 0. 4026069.503 0. 0. 1. 0.
-0.433 -0.901 0. 353046.249 0.901 -0.433 0. 4026070.687 0. 0. 1. 0.
-0.434 -0.901 0. 353045.657 0.901 -0.434 0. 4026071.917 0. 0. 1. 0.
-0.435 -0.900 0. 353045.053 0.900 -0.435 0. 4026073.171 0. 0. 1. 0.
-0.436 -0.900 0. 353044.415 0.900 -0.436 0. 4026074.490 0. 0. 1. 0.
-0.436 -0.900 0. 353043.759 0.900 -0.436 0. 4026075.844 0. 0. 1. 0.
-0.434 -0.901 0. 353043.092 0.901 -0.434 0. 4026077.228 0. 0. 1. 0.
-0.435 -0.900 0. 353042.422 0.900 -0.435 0. 4026078.619 0. 0. 1. 0.
-0.439 -0.899 0. 353041.710 0.899 -0.439 0. 4026080.084 0. 0. 1. 0.
-0.441 -0.898 0. 353040.958 0.898 -0.441 0. 4026081.617 0. 0. 1. 0.
-0.444 -0.896 0. 353040.171 0.896 -0.444 0. 4026083.215 0. 0. 1. 0.
-0.446 -0.895 0. 353039.354 0.895 -0.446 0. 4026084.859 0. 0. 1. 0.
-0.445 -0.896 0. 353038.508 0.896 -0.445 0. 4026086.551 0. 0. 1. 0.
-0.444 -0.896 0. 353037.644 0.896 -0.444 0. 4026088.282 0. 0. 1. 0.
-0.445 -0.896 0. 353036.753 0.896 -0.445 0. 4026090.074 0. 0. 1. 0.
-0.449 -0.894 0. 353035.836 0.894 -0.449 0. 4026091.906 0. 0. 1. 0.
-0.452 -0.892 0. 353034.893 0.892 -0.452 0. 4026093.776 0. 0. 1. 0.
-0.455 -0.890 0. 353033.920 0.890 -0.455 0. 4026095.688 0. 0. 1. 0.
-0.458 -0.889 0. 353032.922 0.889 -0.458 0. 4026097.633 0. 0. 1. 0.
-0.461 -0.887 0. 353031.902 0.887 -0.461 0. 4026099.604 0. 0. 1. 0.
-0.465 -0.885 0. 353030.875 0.885 -0.465 0. 4026101.568 0. 0. 1. 0.
-0.470 -0.883 0. 353029.837 0.883 -0.470 0. 4026103.532 0. 0. 1. 0.
-0.474 -0.881 0. 353028.805 0.881 -0.474 0. 4026105.462 0. 0. 1. 0.
-0.479 -0.878 0. 353027.785 0.878 -0.479 0. 4026107.345 0. 0. 1. 0.
-0.482 -0.876 0. 353026.752 0.876 -0.482 0. 4026109.228 0. 0. 1. 0.
-0.486 -0.874 0. 353025.716 0.874 -0.486 0. 4026111.098 0. 0. 1. 0.
-0.488 -0.873 0. 353024.677 0.873 -0.488 0. 4026112.957 0. 0. 1. 0.
-0.490 -0.872 0. 353023.639 0.872 -0.490 0. 4026114.806 0. 0. 1. 0.
-0.492 -0.871 0. 353022.603 0.871 -0.492 0. 4026116.647 0. 0. 1. 0.
-0.494 -0.870 0. 353021.569 0.870 -0.494 0. 4026118.476 0. 0. 1. 0.
-0.497 -0.868 0. 353020.538 0.868 -0.497 0. 4026120.288 0. 0. 1. 0.
-0.499 -0.867 0. 353019.498 0.867 -0.499 0. 4026122.101 0. 0. 1. 0.
-0.502 -0.865 0. 353018.483 0.865 -0.502 0. 4026123.859 0. 0. 1. 0.
-0.507 -0.862 0. 353017.448 0.862 -0.507 0. 4026125.628 0. 0. 1. 0.
-0.510 -0.860 0. 353016.385 0.860 -0.510 0. 4026127.426 0. 0. 1. 0.
-0.514 -0.858 0. 353015.312 0.858 -0.514 0. 4026129.227 0. 0. 1. 0.
-0.517 -0.856 0. 353014.225 0.856 -0.517 0. 4026131.031 0. 0. 1. 0.
-0.521 -0.854 0. 353013.128 0.854 -0.521 0. 4026132.837 0. 0. 1. 0.
-0.523 -0.852 0. 353012.008 0.852 -0.523 0. 4026134.665 0. 0. 1. 0.
-0.526 -0.851 0. 353010.875 0.851 -0.526 0. 4026136.502 0. 0. 1. 0.
-0.526 -0.851 0. 353009.734 0.851 -0.526 0. 4026138.351 0. 0. 1. 0.
-0.527 -0.850 0. 353008.576 0.850 -0.527 0. 4026140.225 0. 0. 1. 0.
-0.530 -0.848 0. 353007.411 0.848 -0.530 0. 4026142.099 0. 0. 1. 0.
-0.533 -0.846 0. 353006.229 0.846 -0.533 0. 4026143.985 0. 0. 1. 0.
-0.536 -0.844 0. 353005.039 0.844 -0.536 0. 4026145.868 0. 0. 1. 0.
-0.538 -0.843 0. 353003.836 0.843 -0.538 0. 4026147.761 0. 0. 1. 0.
-0.540 -0.841 0. 353002.605 0.841 -0.540 0. 4026149.683 0. 0. 1. 0.
-0.541 -0.841 0. 353001.360 0.841 -0.541 0. 4026151.618 0. 0. 1. 0.
-0.540 -0.842 0. 353000.143 0.842 -0.540 0. 4026153.517 0. 0. 1. 0.
-0.538 -0.843 0. 352998.899 0.843 -0.538 0. 4026155.465 0. 0. 1. 0.
-0.537 -0.844 0. 352997.661 0.844 -0.537 0. 4026157.410 0. 0. 1. 0.
-0.535 -0.845 0. 352996.413 0.845 -0.535 0. 4026159.379 0. 0. 1. 0.
-0.533 -0.846 0. 352995.192 0.846 -0.533 0. 4026161.309 0. 0. 1. 0.
-0.533 -0.846 0. 352993.982 0.846 -0.533 0. 4026163.230 0. 0. 1. 0.
-0.532 -0.847 0. 352992.785 0.847 -0.532 0. 4026165.132 0. 0. 1. 0.
-0.532 -0.847 0. 352991.607 0.847 -0.532 0. 4026167.006 0. 0. 1. 0.
-0.531 -0.847 0. 352990.437 0.847 -0.531 0. 4026168.870 0. 0. 1. 0.
-0.531 -0.847 0. 352989.274 0.847 -0.531 0. 4026170.724 0. 0. 1. 0.
-0.532 -0.847 0. 352988.135 0.847 -0.532 0. 4026172.540 0. 0. 1. 0.
-0.534 -0.845 0. 352986.997 0.845 -0.534 0. 4026174.348 0. 0. 1. 0.
-0.536 -0.844 0. 352985.845 0.844 -0.536 0. 4026176.164 0. 0. 1. 0.
-0.539 -0.842 0. 352984.654 0.842 -0.539 0. 4026178.032 0. 0. 1. 0.
-0.541 -0.841 0. 352983.452 0.841 -0.541 0. 4026179.904 0. 0. 1. 0.
-0.544 -0.839 0. 352982.245 0.839 -0.544 0. 4026181.773 0. 0. 1. 0.
-0.547 -0.837 0. 352981.021 0.837 -0.547 0. 4026183.655 0. 0. 1. 0.
-0.550 -0.835 0. 352979.787 0.835 -0.550 0. 4026185.539 0. 0. 1. 0.
-0.553 -0.833 0. 352978.546 0.833 -0.553 0. 4026187.416 0. 0. 1. 0.
-0.557 -0.830 0. 352977.284 0.830 -0.557 0. 4026189.307 0. 0. 1. 0.
-0.561 -0.828 0. 352976.009 0.828 -0.561 0. 4026191.197 0. 0. 1. 0.
-0.564 -0.826 0. 352974.722 0.826 -0.564 0. 4026193.088 0. 0. 1. 0.
-0.566 -0.824 0. 352973.418 0.824 -0.566 0. 4026194.991 0. 0. 1. 0.
-0.568 -0.823 0. 352972.097 0.823 -0.568 0. 4026196.909 0. 0. 1. 0.
-0.571 -0.821 0. 352970.788 0.821 -0.571 0. 4026198.800 0. 0. 1. 0.
-0.575 -0.818 0. 352969.453 0.818 -0.575 0. 4026200.710 0. 0. 1. 0.
-0.579 -0.815 0. 352968.101 0.815 -0.579 0. 4026202.625 0. 0. 1. 0.
-0.582 -0.814 0. 352966.743 0.814 -0.582 0. 4026204.532 0. 0. 1. 0.
-0.587 -0.810 0. 352965.375 0.810 -0.587 0. 4026206.433 0. 0. 1. 0.
-0.589 -0.808 0. 352963.982 0.808 -0.589 0. 4026208.346 0. 0. 1. 0.
-0.593 -0.805 0. 352962.578 0.805 -0.593 0. 4026210.264 0. 0. 1. 0.
-0.596 -0.803 0. 352961.155 0.803 -0.596 0. 4026212.189 0. 0. 1. 0.
-0.599 -0.801 0. 352959.723 0.801 -0.599 0. 4026214.110 0. 0. 1. 0.
-0.602 -0.799 0. 352958.262 0.799 -0.602 0. 4026216.056 0. 0. 1. 0.
-0.605 -0.796 0. 352956.788 0.796 -0.605 0. 4026218.003 0. 0. 1. 0.
-0.610 -0.792 0. 352955.322 0.792 -0.610 0. 4026219.919 0. 0. 1. 0.
-0.615 -0.789 0. 352953.867 0.789 -0.615 0. 4026221.798 0. 0. 1. 0.
-0.619 -0.785 0. 352952.416 0.785 -0.619 0. 4026223.645 0. 0. 1. 0.
-0.624 -0.782 0. 352950.964 0.782 -0.624 0. 4026225.476 0. 0. 1. 0.
-0.628 -0.778 0. 352949.525 0.778 -0.628 0. 4026227.270 0. 0. 1. 0.
-0.632 -0.775 0. 352948.098 0.775 -0.632 0. 4026229.031 0. 0. 1. 0.
-0.636 -0.772 0. 352946.671 0.772 -0.636 0. 4026230.772 0. 0. 1. 0.
-0.639 -0.769 0. 352945.259 0.769 -0.639 0. 4026232.480 0. 0. 1. 0.
-0.645 -0.764 0. 352943.837 0.764 -0.645 0. 4026234.179 0. 0. 1. 0.
-0.648 -0.761 0. 352942.397 0.761 -0.648 0. 4026235.875 0. 0. 1. 0.
-0.651 -0.759 0. 352940.925 0.759 -0.651 0. 4026237.597 0. 0. 1. 0.
-0.654 -0.757 0. 352939.433 0.757 -0.654 0. 4026239.329 0. 0. 1. 0.
-0.656 -0.755 0. 352937.949 0.755 -0.656 0. 4026241.042 0. 0. 1. 0.
-0.658 -0.753 0. 352936.434 0.753 -0.658 0. 4026242.781 0. 0. 1. 0.
-0.660 -0.752 0. 352934.912 0.752 -0.660 0. 4026244.518 0. 0. 1. 0.
-0.662 -0.750 0. 352933.376 0.750 -0.662 0. 4026246.263 0. 0. 1. 0.
-0.664 -0.748 0. 352931.835 0.748 -0.664 0. 4026248.004 0. 0. 1. 0.
-0.666 -0.746 0. 352930.281 0.746 -0.666 0. 4026249.749 0. 0. 1. 0.
-0.669 -0.743 0. 352928.718 0.743 -0.669 0. 4026251.490 0. 0. 1. 0.
-0.672 -0.740 0. 352927.137 0.740 -0.672 0. 4026253.237 0. 0. 1. 0.
-0.676 -0.737 0. 352925.543 0.737 -0.676 0. 4026254.982 0. 0. 1. 0.
-0.679 -0.734 0. 352923.972 0.734 -0.679 0. 4026256.690 0. 0. 1. 0.
-0.684 -0.729 0. 352922.356 0.729 -0.684 0. 4026258.422 0. 0. 1. 0.
-0.686 -0.727 0. 352920.741 0.727 -0.686 0. 4026260.135 0. 0. 1. 0.
-0.690 -0.724 0. 352919.070 0.724 -0.690 0. 4026261.898 0. 0. 1. 0.
-0.694 -0.720 0. 352917.381 0.720 -0.694 0. 4026263.659 0. 0. 1. 0.
-0.697 -0.717 0. 352915.705 0.717 -0.697 0. 4026265.391 0. 0. 1. 0.
-0.701 -0.714 0. 352913.987 0.714 -0.701 0. 4026267.149 0. 0. 1. 0.
-0.704 -0.710 0. 352912.259 0.710 -0.704 0. 4026268.902 0. 0. 1. 0.
-0.707 -0.707 0. 352910.522 0.707 -0.707 0. 4026270.647 0. 0. 1. 0.
-0.709 -0.705 0. 352908.761 0.705 -0.709 0. 4026272.402 0. 0. 1. 0.
-0.711 -0.703 0. 352906.985 0.703 -0.711 0. 4026274.165 0. 0. 1. 0.
-0.713 -0.701 0. 352905.228 0.701 -0.713 0. 4026275.899 0. 0. 1. 0.
-0.715 -0.699 0. 352903.485 0.699 -0.715 0. 4026277.608 0. 0. 1. 0.
-0.717 -0.697 0. 352901.740 0.697 -0.717 0. 4026279.308 0. 0. 1. 0.
-0.719 -0.695 0. 352900.006 0.695 -0.719 0. 4026280.989 0. 0. 1. 0.
-0.721 -0.693 0. 352898.275 0.693 -0.721 0. 4026282.657 0. 0. 1. 0.
-0.723 -0.691 0. 352896.584 0.691 -0.723 0. 4026284.280 0. 0. 1. 0.
-0.724 -0.690 0. 352894.880 0.690 -0.724 0. 4026285.907 0. 0. 1. 0.
-0.726 -0.688 0. 352893.195 0.688 -0.726 0. 4026287.509 0. 0. 1. 0.
-0.727 -0.686 0. 352891.532 0.686 -0.727 0. 4026289.082 0. 0. 1. 0.
-0.730 -0.684 0. 352889.893 0.684 -0.730 0. 4026290.625 0. 0. 1. 0.
-0.732 -0.682 0. 352888.310 0.682 -0.732 0. 4026292.107 0. 0. 1. 0.
-0.734 -0.679 0. 352886.763 0.679 -0.734 0. 4026293.545 0. 0. 1. 0.
-0.737 -0.676 0. 352885.260 0.676 -0.737 0. 4026294.931 0. 0. 1. 0.
-0.740 -0.673 0. 352883.773 0.673 -0.740 0. 4026296.291 0. 0. 1. 0.
-0.744 -0.668 0. 352882.313 0.668 -0.744 0. 4026297.616 0. 0. 1. 0.
-0.749 -0.662 0. 352880.893 0.662 -0.749 0. 4026298.887 0. 0. 1. 0.
-0.754 -0.656 0. 352879.484 0.656 -0.754 0. 4026300.123 0. 0. 1. 0.
-0.758 -0.653 0. 352878.074 0.653 -0.758 0. 4026301.345 0. 0. 1. 0.
-0.762 -0.648 0. 352876.672 0.648 -0.762 0. 4026302.551 0. 0. 1. 0.
-0.766 -0.643 0. 352875.272 0.643 -0.766 0. 4026303.739 0. 0. 1. 0.
-0.768 -0.641 0. 352873.901 0.641 -0.768 0. 4026304.888 0. 0. 1. 0.
-0.769 -0.639 0. 352872.546 0.639 -0.769 0. 4026306.020 0. 0. 1. 0.
-0.770 -0.638 0. 352871.237 0.638 -0.770 0. 4026307.111 0. 0. 1. 0.
-0.768 -0.641 0. 352869.976 0.641 -0.768 0. 4026308.164 0. 0. 1. 0.
-0.761 -0.649 0. 352868.780 0.649 -0.761 0. 4026309.175 0. 0. 1. 0.
-0.749 -0.663 0. 352867.645 0.663 -0.749 0. 4026310.162 0. 0. 1. 0.
-0.729 -0.684 0. 352866.596 0.684 -0.729 0. 4026311.119 0. 0. 1. 0.
-0.697 -0.717 0. 352865.631 0.717 -0.697 0. 4026312.065 0. 0. 1. 0.
-0.650 -0.760 0. 352864.779 0.760 -0.650 0. 4026312.996 0. 0. 1. 0.
-0.588 -0.809 0. 352864.041 0.809 -0.588 0. 4026313.929 0. 0. 1. 0.
-0.519 -0.855 0. 352863.424 0.855 -0.519 0. 4026314.853 0. 0. 1. 0.
-0.433 -0.901 0. 352862.885 0.901 -0.433 0. 4026315.840 0. 0. 1. 0.
-0.331 -0.944 0. 352862.468 0.944 -0.331 0. 4026316.837 0. 0. 1. 0.
-0.215 -0.977 0. 352862.173 0.977 -0.215 0. 4026317.860 0. 0. 1. 0.
-0.085 -0.996 0. 352862.011 0.996 -0.085 0. 4026318.900 0. 0. 1. 0.
0.058 -0.998 0. 352861.993 0.998 0.058 0. 4026319.953 0. 0. 1. 0.
0.201 -0.980 0. 352862.126 0.980 0.201 0. 4026320.993 0. 0. 1. 0.
0.343 -0.939 0. 352862.417 0.939 0.343 0. 4026322.032 0. 0. 1. 0.
0.478 -0.878 0. 352862.869 0.878 0.478 0. 4026323.037 0. 0. 1. 0.
0.596 -0.803 0. 352863.483 0.803 0.596 0. 4026324.001 0. 0. 1. 0.
0.693 -0.721 0. 352864.246 0.721 0.693 0. 4026324.907 0. 0. 1. 0.
0.762 -0.648 0. 352865.145 0.648 0.762 0. 4026325.750 0. 0. 1. 0.
0.800 -0.600 0. 352866.148 0.600 0.800 0. 4026326.551 0. 0. 1. 0.
0.821 -0.570 0. 352867.209 0.570 0.821 0. 4026327.317 0. 0. 1. 0.
0.834 -0.552 0. 352868.317 0.552 0.834 0. 4026328.070 0. 0. 1. 0.
0.841 -0.541 0. 352869.476 0.541 0.841 0. 4026328.827 0. 0. 1. 0.
0.847 -0.532 0. 352870.704 0.532 0.847 0. 4026329.610 0. 0. 1. 0.
0.850 -0.527 0. 352871.974 0.527 0.850 0. 4026330.402 0. 0. 1. 0.
0.849 -0.528 0. 352873.283 0.528 0.849 0. 4026331.215 0. 0. 1. 0.
0.847 -0.532 0. 352874.625 0.532 0.847 0. 4026332.056 0. 0. 1. 0.
0.845 -0.534 0. 352876.013 0.534 0.845 0. 4026332.934 0. 0. 1. 0.
0.845 -0.534 0. 352877.424 0.534 0.845 0. 4026333.828 0. 0. 1. 0.
0.845 -0.534 0. 352878.879 0.534 0.845 0. 4026334.750 0. 0. 1. 0.
0.845 -0.534 0. 352880.370 0.534 0.845 0. 4026335.693 0. 0. 1. 0.
0.846 -0.533 0. 352881.900 0.533 0.846 0. 4026336.661 0. 0. 1. 0.
0.846 -0.532 0. 352883.468 0.532 0.846 0. 4026337.649 0. 0. 1. 0.
0.847 -0.531 0. 352885.078 0.531 0.847 0. 4026338.661 0. 0. 1. 0.
0.848 -0.530 0. 352886.726 0.530 0.848 0. 4026339.693 0. 0. 1. 0.
0.848 -0.529 0. 352888.408 0.529 0.848 0. 4026340.744 0. 0. 1. 0.
0.849 -0.528 0. 352890.124 0.528 0.849 0. 4026341.813 0. 0. 1. 0.
0.849 -0.528 0. 352891.876 0.528 0.849 0. 4026342.903 0. 0. 1. 0.
0.848 -0.530 0. 352893.649 0.530 0.848 0. 4026344.008 0. 0. 1. 0.
0.846 -0.533 0. 352895.461 0.533 0.846 0. 4026345.145 0. 0. 1. 0.
0.846 -0.534 0. 352897.300 0.534 0.846 0. 4026346.303 0. 0. 1. 0.
0.846 -0.533 0. 352899.161 0.533 0.846 0. 4026347.477 0. 0. 1. 0.
0.846 -0.533 0. 352901.052 0.533 0.846 0. 4026348.667 0. 0. 1. 0.
0.846 -0.533 0. 352902.967 0.533 0.846 0. 4026349.873 0. 0. 1. 0.
0.846 -0.534 0. 352904.860 0.534 0.846 0. 4026351.066 0. 0. 1. 0.
0.845 -0.535 0. 352906.737 0.535 0.845 0. 4026352.251 0. 0. 1. 0.
0.844 -0.536 0. 352908.600 0.536 0.844 0. 4026353.431 0. 0. 1. 0.
0.845 -0.535 0. 352910.455 0.535 0.845 0. 4026354.606 0. 0. 1. 0.
0.845 -0.535 0. 352912.289 0.535 0.845 0. 4026355.767 0. 0. 1. 0.
0.845 -0.535 0. 352914.107 0.535 0.845 0. 4026356.918 0. 0. 1. 0.
0.846 -0.534 0. 352915.898 0.534 0.846 0. 4026358.050 0. 0. 1. 0.
0.846 -0.534 0. 352917.630 0.534 0.846 0. 4026359.144 0. 0. 1. 0.
0.846 -0.534 0. 352919.302 0.534 0.846 0. 4026360.200 0. 0. 1. 0.
0.847 -0.532 0. 352920.927 0.532 0.847 0. 4026361.224 0. 0. 1. 0.
0.847 -0.531 0. 352922.483 0.531 0.847 0. 4026362.202 0. 0. 1. 0.
0.848 -0.531 0. 352924.030 0.531 0.848 0. 4026363.172 0. 0. 1. 0.
0.845 -0.534 0. 352925.550 0.534 0.845 0. 4026364.128 0. 0. 1. 0.
0.844 -0.537 0. 352927.048 0.537 0.844 0. 4026365.078 0. 0. 1. 0.
0.843 -0.538 0. 352928.545 0.538 0.843 0. 4026366.031 0. 0. 1. 0.
0.842 -0.540 0. 352929.992 0.540 0.842 0. 4026366.957 0. 0. 1. 0.
0.841 -0.540 0. 352931.466 0.540 0.841 0. 4026367.905 0. 0. 1. 0.
0.842 -0.540 0. 352932.942 0.540 0.842 0. 4026368.853 0. 0. 1. 0.
0.842 -0.540 0. 352934.440 0.540 0.842 0. 4026369.814 0. 0. 1. 0.
0.842 -0.540 0. 352935.929 0.540 0.842 0. 4026370.771 0. 0. 1. 0.
0.842 -0.540 0. 352937.424 0.540 0.842 0. 4026371.731 0. 0. 1. 0.
0.842 -0.540 0. 352938.934 0.540 0.842 0. 4026372.700 0. 0. 1. 0.
0.842 -0.540 0. 352940.443 0.540 0.842 0. 4026373.669 0. 0. 1. 0.
0.842 -0.540 0. 352941.953 0.540 0.842 0. 4026374.639 0. 0. 1. 0.
0.842 -0.539 0. 352943.440 0.539 0.842 0. 4026375.593 0. 0. 1. 0.
0.842 -0.539 0. 352944.912 0.539 0.842 0. 4026376.535 0. 0. 1. 0.
0.843 -0.539 0. 352946.373 0.539 0.843 0. 4026377.470 0. 0. 1. 0.
0.843 -0.538 0. 352947.817 0.538 0.843 0. 4026378.394 0. 0. 1. 0.
0.843 -0.538 0. 352949.245 0.538 0.843 0. 4026379.307 0. 0. 1. 0.
0.844 -0.537 0. 352950.679 0.537 0.844 0. 4026380.221 0. 0. 1. 0.
0.845 -0.535 0. 352952.086 0.535 0.845 0. 4026381.116 0. 0. 1. 0.
0.846 -0.534 0. 352953.448 0.534 0.846 0. 4026381.977 0. 0. 1. 0.
0.846 -0.533 0. 352954.807 0.533 0.846 0. 4026382.834 0. 0. 1. 0.
0.848 -0.530 0. 352956.197 0.530 0.848 0. 4026383.709 0. 0. 1. 0.
0.849 -0.529 0. 352957.549 0.529 0.849 0. 4026384.553 0. 0. 1. 0.
0.850 -0.527 0. 352958.922 0.527 0.850 0. 4026385.408 0. 0. 1. 0.
0.850 -0.527 0. 352960.270 0.527 0.850 0. 4026386.243 0. 0. 1. 0.
0.849 -0.528 0. 352961.600 0.528 0.849 0. 4026387.068 0. 0. 1. 0.
0.849 -0.528 0. 352962.917 0.528 0.849 0. 4026387.886 0. 0. 1. 0.
0.850 -0.528 0. 352964.200 0.528 0.850 0. 4026388.682 0. 0. 1. 0.
0.850 -0.527 0. 352965.412 0.527 0.850 0. 4026389.435 0. 0. 1. 0.
0.850 -0.527 0. 352966.554 0.527 0.850 0. 4026390.143 0. 0. 1. 0.
0.850 -0.527 0. 352967.619 0.527 0.850 0. 4026390.802 0. 0. 1. 0.
0.849 -0.528 0. 352968.604 0.528 0.849 0. 4026391.412 0. 0. 1. 0.
0.849 -0.528 0. 352969.500 0.528 0.849 0. 4026391.968 0. 0. 1. 0.
0.849 -0.528 0. 352970.369 0.528 0.849 0. 4026392.508 0. 0. 1. 0.
0.850 -0.527 0. 352971.166 0.527 0.850 0. 4026393.003 0. 0. 1. 0.
0.850 -0.528 0. 352971.924 0.528 0.850 0. 4026393.472 0. 0. 1. 0.
0.849 -0.528 0. 352972.633 0.528 0.849 0. 4026393.911 0. 0. 1. 0.
0.849 -0.529 0. 352973.280 0.529 0.849 0. 4026394.314 0. 0. 1. 0.
0.849 -0.529 0. 352973.888 0.529 0.849 0. 4026394.692 0. 0. 1. 0.
0.848 -0.529 0. 352974.453 0.529 0.848 0. 4026395.044 0. 0. 1. 0.
0.848 -0.530 0. 352975.000 0.530 0.848 0. 4026395.385 0. 0. 1. 0.
0.848 -0.530 0. 352975.543 0.530 0.848 0. 4026395.723 0. 0. 1. 0.
0.848 -0.531 0. 352976.081 0.531 0.848 0. 4026396.059 0. 0. 1. 0.
0.847 -0.531 0. 352976.612 0.531 0.847 0. 4026396.391 0. 0. 1. 0.
0.847 -0.532 0. 352977.139 0.532 0.847 0. 4026396.722 0. 0. 1. 0.
0.846 -0.533 0. 352977.659 0.533 0.846 0. 4026397.048 0. 0. 1. 0.
0.845 -0.534 0. 352978.165 0.534 0.845 0. 4026397.366 0. 0. 1. 0.
0.844 -0.536 0. 352978.661 0.536 0.844 0. 4026397.679 0. 0. 1. 0.
0.844 -0.537 0. 352979.156 0.537 0.844 0. 4026397.990 0. 0. 1. 0.
0.843 -0.537 0. 352979.636 0.537 0.843 0. 4026398.294 0. 0. 1. 0.
0.842 -0.540 0. 352980.106 0.540 0.842 0. 4026398.592 0. 0. 1. 0.
0.840 -0.543 0. 352980.551 0.543 0.840 0. 4026398.877 0. 0. 1. 0.
0.839 -0.544 0. 352981.000 0.544 0.839 0. 4026399.166 0. 0. 1. 0.
0.840 -0.543 0. 352981.468 0.543 0.840 0. 4026399.467 0. 0. 1. 0.
0.841 -0.540 0. 352981.964 0.540 0.841 0. 4026399.784 0. 0. 1. 0.
0.843 -0.538 0. 352982.485 0.538 0.843 0. 4026400.117 0. 0. 1. 0.
0.846 -0.533 0. 352983.039 0.533 0.846 0. 4026400.467 0. 0. 1. 0.
0.854 -0.520 0. 352983.629 0.520 0.854 0. 4026400.832 0. 0. 1. 0.
0.866 -0.500 0. 352984.268 0.500 0.866 0. 4026401.211 0. 0. 1. 0.
0.882 -0.472 0. 352984.953 0.472 0.882 0. 4026401.589 0. 0. 1. 0.
0.900 -0.436 0. 352985.698 0.436 0.900 0. 4026401.966 0. 0. 1. 0.
0.920 -0.391 0. 352986.500 0.391 0.920 0. 4026402.327 0. 0. 1. 0.
0.942 -0.336 0. 352987.370 0.336 0.942 0. 4026402.665 0. 0. 1. 0.
0.961 -0.276 0. 352988.310 0.276 0.961 0. 4026402.967 0. 0. 1. 0.
0.976 -0.216 0. 352989.331 0.216 0.976 0. 4026403.224 0. 0. 1. 0.
0.988 -0.152 0. 352990.411 0.152 0.988 0. 4026403.426 0. 0. 1. 0.
0.996 -0.086 0. 352991.495 0.086 0.996 0. 4026403.557 0. 0. 1. 0.
1.000 -0.024 0. 352992.574 0.024 1.000 0. 4026403.617 0. 0. 1. 0.
0.999 0.033 0. 352993.654 -0.033 0.999 -0. 4026403.614 -0. 0. 1. 0.
0.996 0.092 0. 352994.772 -0.092 0.996 -0. 4026403.546 -0. 0. 1. 0.
0.989 0.147 0. 352995.939 -0.147 0.989 -0. 4026403.405 -0. 0. 1. 0.
0.980 0.197 0. 352997.136 -0.197 0.980 -0. 4026403.197 -0. 0. 1. 0.
0.970 0.242 0. 352998.365 -0.242 0.970 -0. 4026402.920 -0. 0. 1. 0.
0.959 0.285 0. 352999.628 -0.285 0.959 -0. 4026402.576 -0. 0. 1. 0.
0.945 0.326 0. 353000.917 -0.326 0.945 -0. 4026402.163 -0. 0. 1. 0.
0.931 0.366 0. 353002.243 -0.366 0.931 -0. 4026401.672 -0. 0. 1. 0.
0.915 0.404 0. 353003.591 -0.404 0.915 -0. 4026401.110 -0. 0. 1. 0.
0.898 0.441 0. 353004.959 -0.441 0.898 -0. 4026400.471 -0. 0. 1. 0.
0.880 0.475 0. 353006.349 -0.475 0.880 -0. 4026399.756 -0. 0. 1. 0.
0.861 0.509 0. 353007.744 -0.509 0.861 -0. 4026398.968 -0. 0. 1. 0.
0.841 0.542 0. 353009.142 -0.542 0.841 -0. 4026398.105 -0. 0. 1. 0.
0.818 0.575 0. 353010.512 -0.575 0.818 -0. 4026397.184 -0. 0. 1. 0.
0.797 0.604 0. 353011.870 -0.604 0.797 -0. 4026396.192 -0. 0. 1. 0.
0.779 0.627 0. 353013.200 -0.627 0.779 -0. 4026395.152 -0. 0. 1. 0.
0.764 0.645 0. 353014.513 -0.645 0.764 -0. 4026394.069 -0. 0. 1. 0.
0.754 0.657 0. 353015.827 -0.657 0.754 -0. 4026392.939 -0. 0. 1. 0.
0.750 0.661 0. 353017.143 -0.661 0.750 -0. 4026391.785 -0. 0. 1. 0.
0.748 0.664 0. 353018.469 -0.664 0.748 -0. 4026390.612 -0. 0. 1. 0.
0.747 0.665 0. 353019.798 -0.665 0.747 -0. 4026389.429 -0. 0. 1. 0.
0.747 0.664 0. 353021.147 -0.664 0.747 -0. 4026388.230 -0. 0. 1. 0.
0.747 0.665 0. 353022.530 -0.665 0.747 -0. 4026387.001 -0. 0. 1. 0.
0.747 0.665 0. 353023.944 -0.665 0.747 -0. 4026385.743 -0. 0. 1. 0.
0.747 0.664 0. 353025.386 -0.664 0.747 -0. 4026384.460 -0. 0. 1. 0.
0.749 0.663 0. 353026.858 -0.663 0.749 -0. 4026383.155 -0. 0. 1. 0.
0.751 0.661 0. 353028.361 -0.661 0.751 -0. 4026381.830 -0. 0. 1. 0.
0.752 0.659 0. 353029.884 -0.659 0.752 -0. 4026380.493 -0. 0. 1. 0.
0.753 0.658 0. 353031.436 -0.658 0.753 -0. 4026379.136 -0. 0. 1. 0.
0.753 0.658 0. 353033.014 -0.658 0.753 -0. 4026377.758 -0. 0. 1. 0.
0.753 0.658 0. 353034.613 -0.658 0.753 -0. 4026376.361 -0. 0. 1. 0.
0.753 0.658 0. 353036.236 -0.658 0.753 -0. 4026374.945 -0. 0. 1. 0.
0.753 0.658 0. 353037.890 -0.658 0.753 -0. 4026373.501 -0. 0. 1. 0.
0.752 0.659 0. 353039.561 -0.659 0.752 -0. 4026372.037 -0. 0. 1. 0.
0.751 0.660 0. 353041.257 -0.660 0.751 -0. 4026370.547 -0. 0. 1. 0.
0.751 0.660 0. 353042.981 -0.660 0.751 -0. 4026369.034 -0. 0. 1. 0.
0.751 0.660 0. 353044.723 -0.660 0.751 -0. 4026367.504 -0. 0. 1. 0.
0.752 0.660 0. 353046.473 -0.660 0.752 -0. 4026365.967 -0. 0. 1. 0.
0.753 0.658 0. 353048.232 -0.658 0.753 -0. 4026364.425 -0. 0. 1. 0.
0.756 0.655 0. 353050.008 -0.655 0.756 -0. 4026362.882 -0. 0. 1. 0.
0.758 0.652 0. 353051.798 -0.652 0.758 -0. 4026361.338 -0. 0. 1. 0.
0.762 0.648 0. 353053.607 -0.648 0.762 -0. 4026359.793 -0. 0. 1. 0.
0.766 0.642 0. 353055.428 -0.642 0.766 -0. 4026358.255 -0. 0. 1. 0.
0.772 0.636 0. 353057.279 -0.636 0.772 -0. 4026356.718 -0. 0. 1. 0.
0.777 0.629 0. 353059.142 -0.629 0.777 -0. 4026355.196 -0. 0. 1. 0.
0.783 0.622 0. 353061.021 -0.622 0.783 -0. 4026353.688 -0. 0. 1. 0.
0.790 0.614 0. 353062.927 -0.614 0.790 -0. 4026352.192 -0. 0. 1. 0.
0.796 0.605 0. 353064.848 -0.605 0.796 -0. 4026350.716 -0. 0. 1. 0.
0.801 0.598 0. 353066.824 -0.598 0.801 -0. 4026349.229 -0. 0. 1. 0.
0.806 0.591 0. 353068.755 -0.591 0.806 -0. 4026347.800 -0. 0. 1. 0.
0.812 0.583 0. 353070.732 -0.583 0.812 -0. 4026346.365 -0. 0. 1. 0.
0.819 0.574 0. 353072.738 -0.574 0.819 -0. 4026344.945 -0. 0. 1. 0.
0.826 0.564 0. 353074.768 -0.564 0.826 -0. 4026343.544 -0. 0. 1. 0.
0.833 0.553 0. 353076.805 -0.553 0.833 -0. 4026342.173 -0. 0. 1. 0.
0.841 0.541 0. 353078.865 -0.541 0.841 -0. 4026340.825 -0. 0. 1. 0.
0.849 0.528 0. 353080.950 -0.528 0.849 -0. 4026339.507 -0. 0. 1. 0.
0.857 0.515 0. 353083.066 -0.515 0.857 -0. 4026338.213 -0. 0. 1. 0.
0.865 0.502 0. 353085.209 -0.502 0.865 -0. 4026336.945 -0. 0. 1. 0.
0.872 0.490 0. 353087.374 -0.490 0.872 -0. 4026335.707 -0. 0. 1. 0.
0.878 0.478 0. 353089.560 -0.478 0.878 -0. 4026334.498 -0. 0. 1. 0.
0.884 0.467 0. 353091.766 -0.467 0.884 -0. 4026333.314 -0. 0. 1. 0.
0.889 0.457 0. 353093.995 -0.457 0.889 -0. 4026332.150 -0. 0. 1. 0.
0.894 0.447 0. 353096.248 -0.447 0.894 -0. 4026331.007 -0. 0. 1. 0.
0.899 0.437 0. 353098.516 -0.437 0.899 -0. 4026329.890 -0. 0. 1. 0.
0.904 0.427 0. 353100.778 -0.427 0.904 -0. 4026328.807 -0. 0. 1. 0.
0.909 0.417 0. 353103.036 -0.417 0.909 -0. 4026327.759 -0. 0. 1. 0.
0.914 0.406 0. 353105.293 -0.406 0.914 -0. 4026326.739 -0. 0. 1. 0.
0.920 0.393 0. 353107.545 -0.393 0.920 -0. 4026325.758 -0. 0. 1. 0.
0.925 0.380 0. 353109.809 -0.380 0.925 -0. 4026324.810 -0. 0. 1. 0.
0.930 0.367 0. 353112.078 -0.367 0.930 -0. 4026323.896 -0. 0. 1. 0.
0.935 0.354 0. 353114.358 -0.354 0.935 -0. 4026323.014 -0. 0. 1. 0.
0.940 0.342 0. 353116.647 -0.342 0.940 -0. 4026322.162 -0. 0. 1. 0.
0.943 0.332 0. 353118.942 -0.332 0.943 -0. 4026321.340 -0. 0. 1. 0.
0.946 0.323 0. 353121.241 -0.323 0.946 -0. 4026320.541 -0. 0. 1. 0.
0.950 0.314 0. 353123.548 -0.314 0.950 -0. 4026319.765 -0. 0. 1. 0.
0.953 0.304 0. 353125.860 -0.304 0.953 -0. 4026319.016 -0. 0. 1. 0.
0.956 0.293 0. 353128.161 -0.293 0.956 -0. 4026318.295 -0. 0. 1. 0.
0.959 0.282 0. 353130.467 -0.282 0.959 -0. 4026317.601 -0. 0. 1. 0.
0.963 0.269 0. 353132.765 -0.269 0.963 -0. 4026316.941 -0. 0. 1. 0.
0.967 0.254 0. 353135.031 -0.254 0.967 -0. 4026316.326 -0. 0. 1. 0.
0.971 0.238 0. 353137.249 -0.238 0.971 -0. 4026315.763 -0. 0. 1. 0.
0.975 0.223 0. 353139.411 -0.223 0.975 -0. 4026315.250 -0. 0. 1. 0.
0.978 0.211 0. 353141.512 -0.211 0.978 -0. 4026314.783 -0. 0. 1. 0.
0.980 0.201 0. 353143.542 -0.201 0.980 -0. 4026314.356 -0. 0. 1. 0.
0.981 0.192 0. 353145.503 -0.192 0.981 -0. 4026313.964 -0. 0. 1. 0.
0.983 0.186 0. 353147.385 -0.186 0.983 -0. 4026313.603 -0. 0. 1. 0.
0.984 0.180 0. 353149.187 -0.180 0.984 -0. 4026313.268 -0. 0. 1. 0.
0.985 0.174 0. 353150.993 -0.174 0.985 -0. 4026312.942 -0. 0. 1. 0.
0.987 0.163 0. 353152.797 -0.163 0.987 -0. 4026312.633 -0. 0. 1. 0.
0.988 0.155 0. 353154.561 -0.155 0.988 -0. 4026312.348 -0. 0. 1. 0.
0.989 0.145 0. 353156.384 -0.145 0.989 -0. 4026312.071 -0. 0. 1. 0.
0.991 0.133 0. 353158.251 -0.133 0.991 -0. 4026311.808 -0. 0. 1. 0.
0.993 0.120 0. 353160.150 -0.120 0.993 -0. 4026311.566 -0. 0. 1. 0.
0.995 0.103 0. 353162.073 -0.103 0.995 -0. 4026311.351 -0. 0. 1. 0.
0.996 0.086 0. 353164.035 -0.086 0.996 -0. 4026311.164 -0. 0. 1. 0.
0.997 0.076 0. 353166.025 -0.076 0.997 -0. 4026311.002 -0. 0. 1. 0.
0.998 0.067 0. 353168.041 -0.067 0.998 -0. 4026310.858 -0. 0. 1. 0.
0.998 0.060 0. 353170.100 -0.060 0.998 -0. 4026310.726 -0. 0. 1. 0.
0.998 0.056 0. 353172.176 -0.056 0.998 -0. 4026310.606 -0. 0. 1. 0.
0.999 0.051 0. 353174.287 -0.051 0.999 -0. 4026310.493 -0. 0. 1. 0.
0.999 0.049 0. 353176.431 -0.049 0.999 -0. 4026310.388 -0. 0. 1. 0.
0.999 0.048 0. 353178.603 -0.048 0.999 -0. 4026310.284 -0. 0. 1. 0.
0.999 0.047 0. 353180.801 -0.047 0.999 -0. 4026310.182 -0. 0. 1. 0.
0.999 0.045 0. 353183.038 -0.045 0.999 -0. 4026310.080 -0. 0. 1. 0.
0.999 0.039 0. 353185.302 -0.039 0.999 -0. 4026309.987 -0. 0. 1. 0.
0.999 0.034 0. 353187.599 -0.034 0.999 -0. 4026309.905 -0. 0. 1. 0.
1.000 0.030 0. 353189.932 -0.030 1.000 -0. 4026309.833 -0. 0. 1. 0.
1.000 0.026 0. 353192.295 -0.026 1.000 -0. 4026309.768 -0. 0. 1. 0.
1.000 0.021 0. 353194.701 -0.021 1.000 -0. 4026309.712 -0. 0. 1. 0.
1. 0.012 0. 353197.138 -0.012 1. -0. 4026309.671 -0. 0. 1. 0.
1. -0.001 0. 353199.594 0.001 1. 0. 4026309.657 0. 0. 1. 0.
1.000 -0.016 0. 353202.079 0.016 1.000 0. 4026309.679 0. 0. 1. 0.
1.000 -0.031 0. 353204.594 0.031 1.000 0. 4026309.740 0. 0. 1. 0.
0.999 -0.047 0. 353207.145 0.047 0.999 0. 4026309.839 0. 0. 1. 0.
0.998 -0.062 0. 353209.714 0.062 0.998 0. 4026309.979 0. 0. 1. 0.
0.997 -0.077 0. 353212.305 0.077 0.997 0. 4026310.159 0. 0. 1. 0.
0.996 -0.091 0. 353214.913 0.091 0.996 0. 4026310.381 0. 0. 1. 0.
0.994 -0.105 0. 353217.546 0.105 0.994 0. 4026310.643 0. 0. 1. 0.
0.993 -0.118 0. 353220.204 0.118 0.993 0. 4026310.942 0. 0. 1. 0.
0.992 -0.129 0. 353222.866 0.129 0.992 0. 4026311.276 0. 0. 1. 0.
0.990 -0.140 0. 353225.523 0.140 0.990 0. 4026311.639 0. 0. 1. 0.
0.989 -0.151 0. 353228.167 0.151 0.989 0. 4026312.029 0. 0. 1. 0.
0.987 -0.164 0. 353230.792 0.164 0.987 0. 4026312.447 0. 0. 1. 0.
0.984 -0.177 0. 353233.403 0.177 0.984 0. 4026312.899 0. 0. 1. 0.
0.982 -0.188 0. 353236.006 0.188 0.982 0. 4026313.386 0. 0. 1. 0.
0.980 -0.201 0. 353238.592 0.201 0.980 0. 4026313.901 0. 0. 1. 0.
0.977 -0.215 0. 353241.188 0.215 0.977 0. 4026314.453 0. 0. 1. 0.
0.974 -0.228 0. 353243.770 0.228 0.974 0. 4026315.041 0. 0. 1. 0.
0.970 -0.242 0. 353246.366 0.242 0.970 0. 4026315.669 0. 0. 1. 0.
0.967 -0.256 0. 353248.948 0.256 0.967 0. 4026316.333 0. 0. 1. 0.
0.962 -0.271 0. 353251.519 0.271 0.962 0. 4026317.034 0. 0. 1. 0.
0.958 -0.288 0. 353254.079 0.288 0.958 0. 4026317.779 0. 0. 1. 0.
0.953 -0.304 0. 353256.637 0.304 0.953 0. 4026318.573 0. 0. 1. 0.
0.947 -0.320 0. 353259.178 0.320 0.947 0. 4026319.407 0. 0. 1. 0.
0.942 -0.337 0. 353261.721 0.337 0.942 0. 4026320.289 0. 0. 1. 0.
0.935 -0.355 0. 353264.256 0.355 0.935 0. 4026321.223 0. 0. 1. 0.
0.928 -0.374 0. 353266.795 0.374 0.928 0. 4026322.216 0. 0. 1. 0.
0.919 -0.395 0. 353269.331 0.395 0.919 0. 4026323.271 0. 0. 1. 0.
0.910 -0.415 0. 353271.861 0.415 0.910 0. 4026324.391 0. 0. 1. 0.
0.901 -0.434 0. 353274.384 0.434 0.901 0. 4026325.573 0. 0. 1. 0.
0.892 -0.452 0. 353276.904 0.452 0.892 0. 4026326.820 0. 0. 1. 0.
0.884 -0.467 0. 353279.407 0.467 0.884 0. 4026328.116 0. 0. 1. 0.
0.877 -0.481 0. 353281.914 0.481 0.877 0. 4026329.464 0. 0. 1. 0.
0.869 -0.495 0. 353284.386 0.495 0.869 0. 4026330.848 0. 0. 1. 0.
0.861 -0.508 0. 353286.857 0.508 0.861 0. 4026332.281 0. 0. 1. 0.
0.857 -0.516 0. 353289.328 0.516 0.857 0. 4026333.756 0. 0. 1. 0.
0.853 -0.521 0. 353291.778 0.521 0.853 0. 4026335.243 0. 0. 1. 0.
0.853 -0.522 0. 353294.226 0.522 0.853 0. 4026336.739 0. 0. 1. 0.
0.853 -0.521 0. 353296.680 0.521 0.853 0. 4026338.238 0. 0. 1. 0.
0.854 -0.520 0. 353299.109 0.520 0.854 0. 4026339.719 0. 0. 1. 0.
0.856 -0.517 0. 353301.518 0.517 0.856 0. 4026341.179 0. 0. 1. 0.
0.859 -0.512 0. 353303.875 0.512 0.859 0. 4026342.595 0. 0. 1. 0.
0.864 -0.503 0. 353306.193 0.503 0.864 0. 4026343.963 0. 0. 1. 0.
0.874 -0.486 0. 353308.469 0.486 0.874 0. 4026345.260 0. 0. 1. 0.
0.886 -0.463 0. 353310.703 0.463 0.886 0. 4026346.468 0. 0. 1. 0.
0.899 -0.439 0. 353312.908 0.439 0.899 0. 4026347.584 0. 0. 1. 0.
0.910 -0.415 0. 353315.070 0.415 0.910 0. 4026348.603 0. 0. 1. 0.
0.921 -0.389 0. 353317.201 0.389 0.921 0. 4026349.539 0. 0. 1. 0.
0.932 -0.362 0. 353319.292 0.362 0.932 0. 4026350.388 0. 0. 1. 0.
0.944 -0.331 0. 353321.364 0.331 0.944 0. 4026351.155 0. 0. 1. 0.
0.956 -0.293 0. 353323.399 0.293 0.956 0. 4026351.822 0. 0. 1. 0.
0.967 -0.254 0. 353325.417 0.254 0.967 0. 4026352.396 0. 0. 1. 0.
0.977 -0.212 0. 353327.428 0.212 0.977 0. 4026352.878 0. 0. 1. 0.
0.987 -0.163 0. 353329.448 0.163 0.987 0. 4026353.266 0. 0. 1. 0.
0.994 -0.106 0. 353331.470 0.106 0.994 0. 4026353.539 0. 0. 1. 0.
0.999 -0.042 0. 353333.479 0.042 0.999 0. 4026353.686 0. 0. 1. 0.
1.000 0.023 0. 353335.475 -0.023 1.000 -0. 4026353.704 -0. 0. 1. 0.
0.997 0.083 0. 353337.443 -0.083 0.997 -0. 4026353.599 -0. 0. 1. 0.
0.991 0.135 0. 353339.388 -0.135 0.991 -0. 4026353.383 -0. 0. 1. 0.
0.983 0.185 0. 353341.284 -0.185 0.983 -0. 4026353.074 -0. 0. 1. 0.
0.971 0.241 0. 353343.088 -0.241 0.971 -0. 4026352.682 -0. 0. 1. 0.
0.953 0.303 0. 353344.816 -0.303 0.953 -0. 4026352.196 -0. 0. 1. 0.
0.932 0.362 0. 353346.489 -0.362 0.932 -0. 4026351.604 -0. 0. 1. 0.
0.908 0.420 0. 353348.092 -0.420 0.908 -0. 4026350.924 -0. 0. 1. 0.
0.883 0.470 0. 353349.660 -0.470 0.883 -0. 4026350.143 -0. 0. 1. 0.
0.853 0.523 0. 353351.219 -0.523 0.853 -0. 4026349.256 -0. 0. 1. 0.
0.819 0.574 0. 353352.725 -0.574 0.819 -0. 4026348.264 -0. 0. 1. 0.
0.782 0.623 0. 353354.182 -0.623 0.782 -0. 4026347.174 -0. 0. 1. 0.
0.743 0.670 0. 353355.584 -0.670 0.743 -0. 4026345.986 -0. 0. 1. 0.
0.701 0.713 0. 353356.924 -0.713 0.701 -0. 4026344.704 -0. 0. 1. 0.
0.662 0.750 0. 353358.211 -0.750 0.662 -0. 4026343.319 -0. 0. 1. 0.
0.626 0.780 0. 353359.444 -0.780 0.626 -0. 4026341.849 -0. 0. 1. 0.
0.600 0.800 0. 353360.640 -0.800 0.600 -0. 4026340.302 -0. 0. 1. 0.
0.586 0.811 0. 353361.820 -0.811 0.586 -0. 4026338.695 -0. 0. 1. 0.
0.578 0.816 0. 353363.005 -0.816 0.578 -0. 4026337.037 -0. 0. 1. 0.
0.575 0.818 0. 353364.199 -0.818 0.575 -0. 4026335.345 -0. 0. 1. 0.
0.571 0.821 0. 353365.409 -0.821 0.571 -0. 4026333.614 -0. 0. 1. 0.
0.570 0.822 0. 353366.633 -0.822 0.570 -0. 4026331.851 -0. 0. 1. 0.
0.568 0.823 0. 353367.878 -0.823 0.568 -0. 4026330.049 -0. 0. 1. 0.
0.567 0.824 0. 353369.131 -0.824 0.567 -0. 4026328.229 -0. 0. 1. 0.
0.568 0.823 0. 353370.406 -0.823 0.568 -0. 4026326.380 -0. 0. 1. 0.
0.570 0.822 0. 353371.703 -0.822 0.570 -0. 4026324.509 -0. 0. 1. 0.
0.570 0.822 0. 353373.008 -0.822 0.570 -0. 4026322.621 -0. 0. 1. 0.
0.570 0.822 0. 353374.338 -0.822 0.570 -0. 4026320.696 -0. 0. 1. 0.
0.568 0.823 0. 353375.686 -0.823 0.568 -0. 4026318.746 -0. 0. 1. 0.
0.563 0.826 0. 353377.049 -0.826 0.563 -0. 4026316.759 -0. 0. 1. 0.
0.554 0.832 0. 353378.408 -0.832 0.554 -0. 4026314.741 -0. 0. 1. 0.
0.543 0.840 0. 353379.761 -0.840 0.543 -0. 4026312.676 -0. 0. 1. 0.
0.532 0.847 0. 353381.118 -0.847 0.532 -0. 4026310.547 -0. 0. 1. 0.
0.521 0.853 0. 353382.448 -0.853 0.521 -0. 4026308.401 -0. 0. 1. 0.
0.513 0.858 0. 353383.777 -0.858 0.513 -0. 4026306.197 -0. 0. 1. 0.
0.507 0.862 0. 353385.107 -0.862 0.507 -0. 4026303.948 -0. 0. 1. 0.
0.505 0.863 0. 353386.455 -0.863 0.505 -0. 4026301.647 -0. 0. 1. 0.
0.504 0.864 0. 353387.801 -0.864 0.504 -0. 4026299.342 -0. 0. 1. 0.
0.506 0.863 0. 353389.170 -0.863 0.506 -0. 4026296.995 -0. 0. 1. 0.
0.508 0.862 0. 353390.559 -0.862 0.508 -0. 4026294.628 -0. 0. 1. 0.
0.511 0.860 0. 353391.969 -0.860 0.511 -0. 4026292.244 -0. 0. 1. 0.
0.515 0.857 0. 353393.368 -0.857 0.515 -0. 4026289.900 -0. 0. 1. 0.
0.518 0.856 0. 353394.771 -0.856 0.518 -0. 4026287.572 -0. 0. 1. 0.
0.520 0.854 0. 353396.170 -0.854 0.520 -0. 4026285.267 -0. 0. 1. 0.
0.523 0.853 0. 353397.558 -0.853 0.523 -0. 4026282.994 -0. 0. 1. 0.
0.525 0.851 0. 353398.956 -0.851 0.525 -0. 4026280.717 -0. 0. 1. 0.
0.528 0.849 0. 353400.358 -0.849 0.528 -0. 4026278.451 -0. 0. 1. 0.
0.531 0.847 0. 353401.762 -0.847 0.531 -0. 4026276.201 -0. 0. 1. 0.
0.535 0.845 0. 353403.167 -0.845 0.535 -0. 4026273.971 -0. 0. 1. 0.
0.537 0.844 0. 353404.579 -0.844 0.537 -0. 4026271.744 -0. 0. 1. 0.
0.538 0.843 0. 353405.982 -0.843 0.538 -0. 4026269.541 -0. 0. 1. 0.
0.539 0.842 0. 353407.387 -0.842 0.539 -0. 4026267.342 -0. 0. 1. 0.
0.540 0.842 0. 353408.778 -0.842 0.540 -0. 4026265.168 -0. 0. 1. 0.
0.540 0.842 0. 353410.146 -0.842 0.540 -0. 4026263.034 -0. 0. 1. 0.
0.540 0.842 0. 353411.468 -0.842 0.540 -0. 4026260.973 -0. 0. 1. 0.
0.541 0.841 0. 353412.753 -0.841 0.541 -0. 4026258.973 -0. 0. 1. 0.
0.541 0.841 0. 353413.983 -0.841 0.541 -0. 4026257.062 -0. 0. 1. 0.
0.542 0.840 0. 353415.161 -0.840 0.542 -0. 4026255.233 -0. 0. 1. 0.
0.542 0.840 0. 353416.271 -0.840 0.542 -0. 4026253.514 -0. 0. 1. 0.
0.541 0.841 0. 353417.325 -0.841 0.541 -0. 4026251.882 -0. 0. 1. 0.
0.540 0.841 0. 353418.349 -0.841 0.540 -0. 4026250.291 -0. 0. 1. 0.
0.540 0.842 0. 353419.361 -0.842 0.540 -0. 4026248.715 -0. 0. 1. 0.
0.542 0.840 0. 353420.349 -0.840 0.542 -0. 4026247.182 -0. 0. 1. 0.
0.544 0.839 0. 353421.354 -0.839 0.544 -0. 4026245.631 -0. 0. 1. 0.
0.545 0.838 0. 353422.327 -0.838 0.545 -0. 4026244.135 -0. 0. 1. 0.
0.545 0.839 0. 353423.298 -0.839 0.545 -0. 4026242.643 -0. 0. 1. 0.
0.543 0.840 0. 353424.248 -0.840 0.543 -0. 4026241.179 -0. 0. 1. 0.
0.542 0.840 0. 353425.190 -0.840 0.542 -0. 4026239.725 -0. 0. 1. 0.
0.541 0.841 0. 353426.121 -0.841 0.541 -0. 4026238.282 -0. 0. 1. 0.
0.540 0.841 0. 353427.034 -0.841 0.540 -0. 4026236.862 -0. 0. 1. 0.
0.541 0.841 0. 353427.938 -0.841 0.541 -0. 4026235.459 -0. 0. 1. 0.
0.540 0.841 0. 353428.824 -0.841 0.540 -0. 4026234.084 -0. 0. 1. 0.
0.539 0.843 0. 353429.687 -0.843 0.539 -0. 4026232.740 -0. 0. 1. 0.
0.537 0.844 0. 353430.510 -0.844 0.537 -0. 4026231.451 -0. 0. 1. 0.
0.535 0.845 0. 353431.277 -0.845 0.535 -0. 4026230.244 -0. 0. 1. 0.
0.533 0.846 0. 353431.990 -0.846 0.533 -0. 4026229.114 -0. 0. 1. 0.
0.531 0.847 0. 353432.644 -0.847 0.531 -0. 4026228.075 -0. 0. 1. 0.
0.532 0.847 0. 353433.247 -0.847 0.532 -0. 4026227.115 -0. 0. 1. 0.
0.533 0.846 0. 353433.787 -0.846 0.533 -0. 4026226.257 -0. 0. 1. 0.
0.539 0.842 0. 353434.291 -0.842 0.539 -0. 4026225.460 -0. 0. 1. 0.
0.564 0.826 0. 353434.803 -0.826 0.564 -0. 4026224.681 -0. 0. 1. 0.
0.604 0.797 0. 353435.338 -0.797 0.604 -0. 4026223.934 -0. 0. 1. 0.
0.659 0.752 0. 353435.915 -0.752 0.659 -0. 4026223.225 -0. 0. 1. 0.
0.719 0.695 0. 353436.559 -0.695 0.719 -0. 4026222.549 -0. 0. 1. 0.
0.781 0.624 0. 353437.260 -0.624 0.781 -0. 4026221.931 -0. 0. 1. 0.
0.840 0.543 0. 353438.029 -0.543 0.840 -0. 4026221.378 -0. 0. 1. 0.
0.893 0.451 0. 353438.857 -0.451 0.893 -0. 4026220.903 -0. 0. 1. 0.
0.935 0.354 0. 353439.760 -0.354 0.935 -0. 4026220.504 -0. 0. 1. 0.
0.969 0.248 0. 353440.711 -0.248 0.969 -0. 4026220.202 -0. 0. 1. 0.
0.990 0.139 0. 353441.728 -0.139 0.990 -0. 4026220.000 -0. 0. 1. 0.
1.000 0.029 0. 353442.797 -0.029 1.000 -0. 4026219.908 -0. 0. 1. 0.
0.997 -0.078 0. 353443.891 0.078 0.997 0. 4026219.933 0. 0. 1. 0.
0.984 -0.178 0. 353445.014 0.178 0.984 0. 4026220.077 0. 0. 1. 0.
0.964 -0.267 0. 353446.157 0.267 0.964 0. 4026220.338 0. 0. 1. 0.
0.940 -0.342 0. 353447.310 0.342 0.940 0. 4026220.706 0. 0. 1. 0.
0.918 -0.395 0. 353448.476 0.395 0.918 0. 4026221.171 0. 0. 1. 0.
0.903 -0.430 0. 353449.658 0.430 0.903 0. 4026221.707 0. 0. 1. 0.
0.888 -0.460 0. 353450.861 0.460 0.888 0. 4026222.304 0. 0. 1. 0.
0.873 -0.488 0. 353452.076 0.488 0.873 0. 4026222.959 0. 0. 1. 0.
0.858 -0.513 0. 353453.315 0.513 0.858 0. 4026223.677 0. 0. 1. 0.
0.847 -0.531 0. 353454.571 0.531 0.847 0. 4026224.449 0. 0. 1. 0.
0.839 -0.544 0. 353455.858 0.544 0.839 0. 4026225.269 0. 0. 1. 0.
0.833 -0.553 0. 353457.176 0.553 0.833 0. 4026226.136 0. 0. 1. 0.
0.829 -0.559 0. 353458.528 0.559 0.829 0. 4026227.045 0. 0. 1. 0.
0.831 -0.556 0. 353459.917 0.556 0.831 0. 4026227.981 0. 0. 1. 0.
0.833 -0.553 0. 353461.353 0.553 0.833 0. 4026228.939 0. 0. 1. 0.
0.836 -0.549 0. 353462.831 0.549 0.836 0. 4026229.917 0. 0. 1. 0.
0.837 -0.547 0. 353464.345 0.547 0.837 0. 4026230.913 0. 0. 1. 0.
0.838 -0.546 0. 353465.903 0.546 0.838 0. 4026231.931 0. 0. 1. 0.
0.839 -0.545 0. 353467.492 0.545 0.839 0. 4026232.966 0. 0. 1. 0.
0.839 -0.544 0. 353469.124 0.544 0.839 0. 4026234.024 0. 0. 1. 0.
0.840 -0.543 0. 353470.791 0.543 0.840 0. 4026235.103 0. 0. 1. 0.
0.840 -0.543 0. 353472.492 0.543 0.840 0. 4026236.202 0. 0. 1. 0.
0.839 -0.544 0. 353474.237 0.544 0.839 0. 4026237.332 0. 0. 1. 0.
0.839 -0.545 0. 353476.009 0.545 0.839 0. 4026238.485 0. 0. 1. 0.
0.839 -0.545 0. 353477.817 0.545 0.839 0. 4026239.662 0. 0. 1. 0.
0.839 -0.545 0. 353479.655 0.545 0.839 0. 4026240.858 0. 0. 1. 0.
0.839 -0.544 0. 353481.530 0.544 0.839 0. 4026242.075 0. 0. 1. 0.
0.839 -0.544 0. 353483.448 0.544 0.839 0. 4026243.321 0. 0. 1. 0.
0.839 -0.544 0. 353485.392 0.544 0.839 0. 4026244.583 0. 0. 1. 0.
0.839 -0.544 0. 353487.365 0.544 0.839 0. 4026245.862 0. 0. 1. 0.
0.839 -0.543 0. 353489.370 0.543 0.839 0. 4026247.162 0. 0. 1. 0.
0.839 -0.543 0. 353491.407 0.543 0.839 0. 4026248.481 0. 0. 1. 0.
0.840 -0.543 0. 353493.451 0.543 0.840 0. 4026249.805 0. 0. 1. 0.
0.840 -0.543 0. 353495.472 0.543 0.840 0. 4026251.113 0. 0. 1. 0.
0.840 -0.543 0. 353497.489 0.543 0.840 0. 4026252.418 0. 0. 1. 0.
0.840 -0.543 0. 353499.509 0.543 0.840 0. 4026253.725 0. 0. 1. 0.
0.840 -0.542 0. 353501.525 0.542 0.840 0. 4026255.028 0. 0. 1. 0.
0.841 -0.541 0. 353503.551 0.541 0.841 0. 4026256.336 0. 0. 1. 0.
0.841 -0.540 0. 353505.581 0.540 0.841 0. 4026257.641 0. 0. 1. 0.
0.842 -0.540 0. 353507.622 0.540 0.842 0. 4026258.950 0. 0. 1. 0.
0.843 -0.539 0. 353509.672 0.539 0.843 0. 4026260.263 0. 0. 1. 0.
0.843 -0.538 0. 353511.742 0.538 0.843 0. 4026261.586 0. 0. 1. 0.
0.843 -0.539 0. 353513.821 0.539 0.843 0. 4026262.914 0. 0. 1. 0.
0.842 -0.539 0. 353515.920 0.539 0.842 0. 4026264.256 0. 0. 1. 0.
0.842 -0.540 0. 353518.034 0.540 0.842 0. 4026265.609 0. 0. 1. 0.
0.840 -0.542 0. 353520.161 0.542 0.840 0. 4026266.975 0. 0. 1. 0.
0.840 -0.543 0. 353522.315 0.543 0.840 0. 4026268.365 0. 0. 1. 0.
0.839 -0.544 0. 353524.455 0.544 0.839 0. 4026269.751 0. 0. 1. 0.
0.838 -0.546 0. 353526.627 0.546 0.838 0. 4026271.163 0. 0. 1. 0.
0.835 -0.550 0. 353528.800 0.550 0.835 0. 4026272.587 0. 0. 1. 0.
0.833 -0.553 0. 353530.982 0.553 0.833 0. 4026274.030 0. 0. 1. 0.
0.831 -0.556 0. 353533.169 0.556 0.831 0. 4026275.488 0. 0. 1. 0.
0.829 -0.559 0. 353535.341 0.559 0.829 0. 4026276.947 0. 0. 1. 0.
0.830 -0.558 0. 353537.519 0.558 0.830 0. 4026278.414 0. 0. 1. 0.
0.830 -0.558 0. 353539.684 0.558 0.830 0. 4026279.870 0. 0. 1. 0.
0.830 -0.558 0. 353541.835 0.558 0.830 0. 4026281.315 0. 0. 1. 0.
0.830 -0.558 0. 353543.965 0.558 0.830 0. 4026282.747 0. 0. 1. 0.
0.830 -0.558 0. 353546.081 0.558 0.830 0. 4026284.169 0. 0. 1. 0.
0.830 -0.558 0. 353548.173 0.558 0.830 0. 4026285.576 0. 0. 1. 0.
0.829 -0.559 0. 353550.214 0.559 0.829 0. 4026286.949 0. 0. 1. 0.
0.830 -0.558 0. 353552.197 0.558 0.830 0. 4026288.283 0. 0. 1. 0.
0.830 -0.558 0. 353554.145 0.558 0.830 0. 4026289.592 0. 0. 1. 0.
0.831 -0.556 0. 353556.075 0.556 0.831 0. 4026290.886 0. 0. 1. 0.
0.833 -0.554 0. 353557.989 0.554 0.833 0. 4026292.162 0. 0. 1. 0.
0.834 -0.551 0. 353559.880 0.551 0.834 0. 4026293.414 0. 0. 1. 0.
0.836 -0.549 0. 353561.750 0.549 0.836 0. 4026294.645 0. 0. 1. 0.
0.837 -0.547 0. 353563.593 0.547 0.837 0. 4026295.854 0. 0. 1. 0.
0.838 -0.545 0. 353565.410 0.545 0.838 0. 4026297.038 0. 0. 1. 0.
