1. 0. 0. 0. 0. 1. 0. 0. 0. 0. 1. 0.
1. 0. 0. 0.003 -0. 1. 0. -0.002 0. 0. 1. 0.
1. 0. 0. -0.002 -0. 1. 0. -0.006 0. 0. 1. 0.
1. 0. 0. 0.002 -0. 1. 0. -0.009 0. 0. 1. 0.
1. 0. 0. 0.002 -0. 1. 0. -0.007 0. 0. 1. 0.
1. 0. 0. 0.003 -0. 1. 0. -0.003 0. 0. 1. 0.
1. 0. 0. 0.000 -0. 1. 0. -0.007 0. 0. 1. 0.
1. -0. 0. 0.001 0. 1. 0. -0.005 0. 0. 1. 0.
1. 0. 0. -0.003 -0. 1. 0. -0.000 0. 0. 1. 0.
1. 0. 0. -0.001 -0. 1. 0. -0.007 0. 0. 1. 0.
1. 0. 0. 0.002 -0. 1. 0. -0.002 0. 0. 1. 0.
1. 0. 0. -0.002 -0. 1. 0. 0.003 0. 0. 1. 0.
1. 0. 0. 0.003 -0. 1. 0. 0.002 0. 0. 1. 0.
1. 0. 0. 0.003 -0. 1. 0. 0.009 0. 0. 1. 0.
1. 0.000 0. -0.001 -0.000 1. 0. -0.001 0. 0. 1. 0.
1. 0. 0. -0.001 -0. 1. 0. -0.002 0. 0. 1. 0.
1. 0.000 0. -0.002 -0.000 1. 0. -0.001 0. 0. 1. 0.
1. 0.000 0. -0.001 -0.000 1. 0. -0.005 0. 0. 1. 0.
1. 0. 0. -0. -0. 1. 0. -0.002 0. 0. 1. 0.
1. 0. 0. 0.004 -0. 1. 0. 0.008 0. 0. 1. 0.
1. 0.000 0. 0.000 -0.000 1. 0. 0.002 0. 0. 1. 0.
1. 0. 0. -0.000 -0. 1. 0. -0.001 0. 0. 1. 0.
1. 0.000 0. 0.002 -0.000 1. 0. 0.005 0. 0. 1. 0.
1. 0.000 0. 0.003 -0.000 1. 0. 0.009 0. 0. 1. 0.
1. 0.000 0. 0.003 -0.000 1. 0. 0.012 0. 0. 1. 0.
1. 0.000 0. -0.002 -0.000 1. 0. 0.009 0. 0. 1. 0.
1. -0. 0. 0.002 0. 1. 0. -0.000 0. 0. 1. 0.
1. 0.000 0. 0.003 -0.000 1. 0. -0.004 0. 0. 1. 0.
1. 0.000 0. -0.002 -0.000 1. 0. 0.003 0. 0. 1. 0.
1. 0.000 0. 0.005 -0.000 1. 0. 0.003 0. 0. 1. 0.
1. 0.000 0. 0.001 -0.000 1. 0. 0.003 0. 0. 1. 0.
1. -0. 0. -0.002 0. 1. 0. 0.000 0. 0. 1. 0.
1. 0. 0. -0.001 -0. 1. 0. -0.005 0. 0. 1. 0.
1. 0.000 0. -0.003 -0.000 1. 0. -0.001 0. 0. 1. 0.
1. 0.000 0. 0.000 -0.000 1. 0. -0.000 0. 0. 1. 0.
1. 0.000 0. -0.004 -0.000 1. 0. -0.002 0. 0. 1. 0.
1. 0.000 0. -0.003 -0.000 1. 0. -0.006 0. 0. 1. 0.
1. 0. 0. 0.001 -0. 1. 0. -0.001 0. 0. 1. 0.
1. 0. 0. 0.000 -0. 1. 0. -0.005 0. 0. 1. 0.
1. 0.000 0. 0.001 -0.000 1. 0. -0.005 0. 0. 1. 0.
1. 0.000 0. -0.004 -0.000 1. 0. -0.003 0. 0. 1. 0.
1. 0.000 0. 0.002 -0.000 1. 0. 0.001 0. 0. 1. 0.
1. 0.000 0. -0.000 -0.000 1. 0. -0.000 0. 0. 1. 0.
1. 0.000 0. 0.003 -0.000 1. 0. 0.002 0. 0. 1. 0.
1. 0. 0. -0.002 -0. 1. 0. 0.004 0. 0. 1. 0.
1. 0.000 0. 0.003 -0.000 1. 0. 0.007 0. 0. 1. 0.
1. 0. 0. -0.000 -0. 1. 0. -0.004 0. 0. 1. 0.
1. 0.000 0. -0.000 -0.000 1. 0. 0.001 0. 0. 1. 0.
1. 0.000 0. -0.001 -0.000 1. 0. -0.000 0. 0. 1. 0.
1. 0.000 0. -0.000 -0.000 1. 0. 0.001 0. 0. 1. 0.
1. 0.000 0. 0.003 -0.000 1. 0. 0.008 0. 0. 1. 0.
1. 0.000 0. 0.002 -0.000 1. 0. 0.008 0. 0. 1. 0.
1. 0.000 0. 0.002 -0.000 1. 0. 0.006 0. 0. 1. 0.
1. 0.000 0. -0.001 -0.000 1. 0. 0.003 0. 0. 1. 0.
1. -0.000 0. -0.003 0.000 1. 0. -0.006 0. 0. 1. 0.
1. 0.000 0. -0.002 -0.000 1. 0. 0.004 0. 0. 1. 0.
1. 0. 0. -0.002 -0. 1. 0. -0.004 0. 0. 1. 0.
1. -0. 0. 0.000 0. 1. 0. -0.001 0. 0. 1. 0.
1. -0.000 0. -0.005 0.000 1. 0. -0.005 0. 0. 1. 0.
1. 0. 0. -0.005 -0. 1. 0. -0.002 0. 0. 1. 0.
1. 0. 0. -0.006 -0. 1. 0. -0.000 0. 0. 1. 0.
1. -0. 0. -0.002 0. 1. 0. -0.001 0. 0. 1. 0.
1. -0.000 0. -0.004 0.000 1. 0. -0.004 0. 0. 1. 0.
1. -0. 0. -0.003 0. 1. 0. -0.008 0. 0. 1. 0.
1. 0.000 0. -0.003 -0.000 1. 0. -0.004 0. 0. 1. 0.
1. 0. 0. -0.001 -0. 1. 0. 0.002 0. 0. 1. 0.
1. 0. 0. -0.002 -0. 1. 0. -0.001 0. 0. 1. 0.
1. 0.000 0. -0.008 -0.000 1. 0. 0.000 0. 0. 1. 0.
1. 0.000 0. -0.001 -0.000 1. 0. -0.006 0. 0. 1. 0.
1. 0.000 0. 0.002 -0.000 1. 0. 0.000 0. 0. 1. 0.
1. 0. 0. 0.003 -0. 1. 0. 0.004 0. 0. 1. 0.
1. 0.000 0. 0.002 -0.000 1. 0. 0.004 0. 0. 1. 0.
1. 0.000 0. 0.001 -0.000 1. 0. -0.001 0. 0. 1. 0.
1. 0. 0. 0.002 -0. 1. 0. -0.002 0. 0. 1. 0.
1. -0.000 0. -0.001 0.000 1. 0. -0.001 0. 0. 1. 0.
1. 0. 0. -0.000 -0. 1. 0. -0.002 0. 0. 1. 0.
1. 0. 0. 0.003 -0. 1. 0. -0.003 0. 0. 1. 0.
1. 0.000 0. -0.001 -0.000 1. 0. 0.002 0. 0. 1. 0.
1. -0.000 0. 0.004 0.000 1. 0. 0.002 0. 0. 1. 0.
1. -0.000 0. -0.002 0.000 1. 0. 0.004 0. 0. 1. 0.
1. 0. 0. 0.010 -0. 1. 0. 0.001 0. 0. 1. 0.
1. -0.000 0. 0.003 0.000 1. 0. -0.004 0. 0. 1. 0.
1. 0. 0. 0.003 -0. 1. 0. 0.002 0. 0. 1. 0.
1. 0. 0. 0.001 -0. 1. 0. -0.002 0. 0. 1. 0.
1. 0. 0. 0.006 -0. 1. 0. 0.001 0. 0. 1. 0.
1. 0.000 0. 0.005 -0.000 1. 0. 0.002 0. 0. 1. 0.
1. -0. 0. 0.002 0. 1. 0. -0.003 0. 0. 1. 0.
1. -0.000 0. 0.004 0.000 1. 0. -0.001 0. 0. 1. 0.
1. 0.000 0. 0.003 -0.000 1. 0. 0.000 0. 0. 1. 0.
1. 0.000 0. 0.001 -0.000 1. 0. -0.008 0. 0. 1. 0.
1. -0. 0. 0.002 0. 1. 0. -0.003 0. 0. 1. 0.
1. 0.000 0. 0.000 -0.000 1. 0. -0.009 0. 0. 1. 0.
1. -0. 0. 0.006 0. 1. 0. -0.006 0. 0. 1. 0.
1. -0. 0. 0.004 0. 1. 0. -0.007 0. 0. 1. 0.
1. 0.000 0. 0.002 -0.000 1. 0. -0.008 0. 0. 1. 0.
1. 0.000 0. 0.006 -0.000 1. 0. -0.004 0. 0. 1. 0.
1. 0.000 0. 0.002 -0.000 1. 0. -0.001 0. 0. 1. 0.
1. -0.000 0. 0.007 0.000 1. 0. 0.000 0. 0. 1. 0.
1. 0. 0. 0.003 -0. 1. 0. -0.004 0. 0. 1. 0.
1. 0.000 0. 0.001 -0.000 1. 0. 0.004 0. 0. 1. 0.
1. 0.000 0. 0.000 -0.000 1. 0. -0.002 0. 0. 1. 0.
1. 0. 0. -0.001 -0. 1. 0. -0.006 0. 0. 1. 0.
1. -0. 0. 0.002 0. 1. 0. -0.005 0. 0. 1. 0.
1. 0. 0. 0.001 -0. 1. 0. -0.004 0. 0. 1. 0.
1. 0.000 0. 0.001 -0.000 1. 0. -0.006 0. 0. 1. 0.
1. 0. 0. -0.001 -0. 1. 0. 0.000 0. 0. 1. 0.
1. 0.000 0. -0.001 -0.000 1. 0. -0.000 0. 0. 1. 0.
1. 0. 0. 0.002 -0. 1. 0. 0.007 0. 0. 1. 0.
1. 0.000 0. 0.001 -0.000 1. 0. 0.002 0. 0. 1. 0.
1. 0.000 0. -0.004 -0.000 1. 0. 0.001 0. 0. 1. 0.
1. 0.000 0. -0.004 -0.000 1. 0. 0.012 0. 0. 1. 0.
1. 0. 0. -0.001 -0. 1. 0. -0.004 0. 0. 1. 0.
1. 0. 0. -0.002 -0. 1. 0. 0.002 0. 0. 1. 0.
1. -0. 0. 0.005 0. 1. 0. 0.003 0. 0. 1. 0.
1. -0. 0. -0.001 0. 1. 0. -0.010 0. 0. 1. 0.
1. 0. 0. -0.001 -0. 1. 0. 0.002 0. 0. 1. 0.
1. 0.000 0. -0.000 -0.000 1. 0. -0.001 0. 0. 1. 0.
1. 0.000 0. 0. -0.000 1. 0. 0.001 0. 0. 1. 0.
1. 0. 0. -0.006 -0. 1. 0. -0.004 0. 0. 1. 0.
1. -0.000 0. 0.004 0.000 1. 0. -0.005 0. 0. 1. 0.
1. -0.000 0. -0.004 0.000 1. 0. -0.014 0. 0. 1. 0.
1. 0. 0. -0.002 -0. 1. 0. -0.005 0. 0. 1. 0.
1. 0.000 0. 0.004 -0.000 1. 0. -0.002 0. 0. 1. 0.
1. -0. 0. -0.003 0. 1. 0. -0.007 0. 0. 1. 0.
1. 0. 0. -0.003 -0. 1. 0. 0.003 0. 0. 1. 0.
1. 0. 0. 0.002 -0. 1. 0. -0.003 0. 0. 1. 0.
1. 0. 0. -0.002 -0. 1. 0. -0.003 0. 0. 1. 0.
1. -0.000 0. -0.005 0.000 1. 0. -0.009 0. 0. 1. 0.
1. -0. 0. -0.002 0. 1. 0. -0.009 0. 0. 1. 0.
1. -0.000 0. 0.000 0.000 1. 0. -0.013 0. 0. 1. 0.
1. -0. 0. -0.002 0. 1. 0. -0.008 0. 0. 1. 0.
1. -0. 0. 0.005 0. 1. 0. -0.007 0. 0. 1. 0.
1. 0. 0. 0.006 -0. 1. 0. -0.005 0. 0. 1. 0.
1. 0.000 0. -0.001 -0.000 1. 0. -0.003 0. 0. 1. 0.
1. 0.000 0. 0.002 -0.000 1. 0. 0.003 0. 0. 1. 0.
1. 0. 0. 0.003 -0. 1. 0. -0.005 0. 0. 1. 0.
1. 0. 0. -0.002 -0. 1. 0. -0.000 0. 0. 1. 0.
1. 0. 0. -0.002 -0. 1. 0. -0.004 0. 0. 1. 0.
1. -0.000 0. 0.036 0.000 1. 0. -0.024 0. 0. 1. 0.
1. -0. 0. 0.084 0. 1. 0. -0.018 0. 0. 1. 0.
1. -0.001 0. 0.222 0.001 1. 0. -0.012 0. 0. 1. 0.
1. -0.006 0. 0.434 0.006 1. 0. 0.003 0. 0. 1. 0.
1.000 -0.017 0. 0.806 0.017 1.000 0. 0.016 0. 0. 1. 0.
1.000 -0.030 0. 1.205 0.030 1.000 0. 0.022 0. 0. 1. 0.
0.999 -0.048 0. 1.764 0.048 0.999 0. 0.079 0. 0. 1. 0.
0.998 -0.063 0. 2.412 0.063 0.998 0. 0.073 0. 0. 1. 0.
0.997 -0.079 0. 3.236 0.079 0.997 0. 0.167 0. 0. 1. 0.
0.996 -0.093 0. 4.117 0.093 0.996 0. 0.275 0. 0. 1. 0.
0.994 -0.105 0. 5.094 0.105 0.994 0. 0.386 0. 0. 1. 0.
0.994 -0.111 0. 6.226 0.111 0.994 0. 0.471 0. 0. 1. 0.
0.994 -0.113 0. 7.468 0.113 0.994 0. 0.615 0. 0. 1. 0.
0.994 -0.111 0. 8.881 0.111 0.994 0. 0.736 0. 0. 1. 0.
0.994 -0.107 0. 10.343 0.107 0.994 0. 0.905 0. 0. 1. 0.
0.994 -0.105 0. 11.955 0.105 0.994 0. 1.059 0. 0. 1. 0.
0.995 -0.102 0. 13.717 0.102 0.995 0. 1.266 0. 0. 1. 0.
0.995 -0.098 0. 15.545 0.098 0.995 0. 1.441 0. 0. 1. 0.
0.996 -0.094 0. 17.474 0.094 0.996 0. 1.596 0. 0. 1. 0.
0.996 -0.090 0. 19.489 0.090 0.996 0. 1.767 0. 0. 1. 0.
0.997 -0.084 0. 21.538 0.084 0.997 0. 1.914 0. 0. 1. 0.
0.997 -0.077 0. 23.653 0.077 0.997 0. 2.056 0. 0. 1. 0.
0.998 -0.070 0. 25.814 0.070 0.998 0. 2.171 0. 0. 1. 0.
0.998 -0.064 0. 28.040 0.064 0.998 0. 2.314 0. 0. 1. 0.
0.998 -0.060 0. 30.302 0.060 0.998 0. 2.484 0. 0. 1. 0.
0.998 -0.059 0. 32.612 0.059 0.998 0. 2.578 0. 0. 1. 0.
0.998 -0.057 0. 34.947 0.057 0.998 0. 2.712 0. 0. 1. 0.
0.998 -0.055 0. 37.322 0.055 0.998 0. 2.833 0. 0. 1. 0.
0.999 -0.053 0. 39.736 0.053 0.999 0. 2.945 0. 0. 1. 0.
0.999 -0.048 0. 42.096 0.048 0.999 0. 3.058 0. 0. 1. 0.
0.999 -0.045 0. 44.412 0.045 0.999 0. 3.096 0. 0. 1. 0.
0.999 -0.037 0. 46.662 0.037 0.999 0. 3.180 0. 0. 1. 0.
1.000 -0.031 0. 48.895 0.031 1.000 0. 3.225 0. 0. 1. 0.
1.000 -0.027 0. 51.131 0.027 1.000 0. 3.277 0. 0. 1. 0.
1.000 -0.026 0. 53.432 0.026 1.000 0. 3.272 0. 0. 1. 0.
1.000 -0.029 0. 55.672 0.029 1.000 0. 3.367 0. 0. 1. 0.
0.999 -0.032 0. 57.963 0.032 0.999 0. 3.421 0. 0. 1. 0.
0.999 -0.035 0. 60.243 0.035 0.999 0. 3.446 0. 0. 1. 0.
0.999 -0.043 0. 62.513 0.043 0.999 0. 3.566 0. 0. 1. 0.
0.999 -0.048 0. 64.756 0.048 0.999 0. 3.629 0. 0. 1. 0.
0.999 -0.052 0. 66.994 0.052 0.999 0. 3.685 0. 0. 1. 0.
0.998 -0.059 0. 69.272 0.059 0.998 0. 3.825 0. 0. 1. 0.
0.998 -0.066 0. 71.538 0.066 0.998 0. 3.974 0. 0. 1. 0.
0.997 -0.075 0. 73.870 0.075 0.997 0. 4.112 0. 0. 1. 0.
0.997 -0.083 0. 76.113 0.083 0.997 0. 4.288 0. 0. 1. 0.
0.996 -0.092 0. 78.392 0.092 0.996 0. 4.463 0. 0. 1. 0.
0.995 -0.095 0. 80.717 0.095 0.995 0. 4.674 0. 0. 1. 0.
0.995 -0.096 0. 83.087 0.096 0.995 0. 4.875 0. 0. 1. 0.
0.996 -0.087 0. 85.414 0.087 0.996 0. 5.104 0. 0. 1. 0.
0.997 -0.073 0. 87.825 0.073 0.997 0. 5.237 0. 0. 1. 0.
0.998 -0.055 0. 90.246 0.055 0.998 0. 5.338 0. 0. 1. 0.
0.999 -0.038 0. 92.692 0.038 0.999 0. 5.430 0. 0. 1. 0.
1.000 -0.027 0. 95.244 0.027 1.000 0. 5.431 0. 0. 1. 0.
1.000 -0.023 0. 97.806 0.023 1.000 0. 5.493 0. 0. 1. 0.
1.000 -0.026 0. 100.399 0.026 1.000 0. 5.602 0. 0. 1. 0.
1.000 -0.025 0. 103.045 0.025 1.000 0. 5.607 0. 0. 1. 0.
1.000 -0.025 0. 105.754 0.025 1.000 0. 5.665 0. 0. 1. 0.
1.000 -0.028 0. 108.435 0.028 1.000 0. 5.720 0. 0. 1. 0.
1.000 -0.031 0. 111.149 0.031 1.000 0. 5.842 0. 0. 1. 0.
0.999 -0.033 0. 113.869 0.033 0.999 0. 5.900 0. 0. 1. 0.
0.999 -0.036 0. 116.598 0.036 0.999 0. 5.966 0. 0. 1. 0.
0.999 -0.039 0. 119.286 0.039 0.999 0. 6.058 0. 0. 1. 0.
0.999 -0.041 0. 121.948 0.041 0.999 0. 6.127 0. 0. 1. 0.
0.999 -0.042 0. 124.550 0.042 0.999 0. 6.245 0. 0. 1. 0.
0.999 -0.045 0. 127.214 0.045 0.999 0. 6.376 0. 0. 1. 0.
0.999 -0.046 0. 129.832 0.046 0.999 0. 6.503 0. 0. 1. 0.
0.999 -0.047 0. 132.460 0.047 0.999 0. 6.599 0. 0. 1. 0.
0.999 -0.050 0. 135.099 0.050 0.999 0. 6.669 0. 0. 1. 0.
0.999 -0.052 0. 137.770 0.052 0.999 0. 6.787 0. 0. 1. 0.
0.999 -0.051 0. 140.446 0.051 0.999 0. 6.872 0. 0. 1. 0.
0.999 -0.053 0. 143.113 0.053 0.999 0. 7.002 0. 0. 1. 0.
0.998 -0.056 0. 145.750 0.056 0.998 0. 7.119 0. 0. 1. 0.
0.998 -0.058 0. 148.416 0.058 0.998 0. 7.231 0. 0. 1. 0.
0.998 -0.062 0. 151.050 0.062 0.998 0. 7.373 0. 0. 1. 0.
0.998 -0.063 0. 153.690 0.063 0.998 0. 7.485 0. 0. 1. 0.
0.998 -0.065 0. 156.349 0.065 0.998 0. 7.592 0. 0. 1. 0.
0.998 -0.067 0. 158.930 0.067 0.998 0. 7.767 0. 0. 1. 0.
0.998 -0.067 0. 161.620 0.067 0.998 0. 7.980 0. 0. 1. 0.
0.998 -0.068 0. 164.244 0.068 0.998 0. 8.120 0. 0. 1. 0.
0.997 -0.071 0. 166.827 0.071 0.997 0. 8.215 0. 0. 1. 0.
0.997 -0.072 0. 169.440 0.072 0.997 0. 8.401 0. 0. 1. 0.
0.997 -0.075 0. 172.043 0.075 0.997 0. 8.604 0. 0. 1. 0.
0.997 -0.078 0. 174.659 0.078 0.997 0. 8.777 0. 0. 1. 0.
0.997 -0.079 0. 177.239 0.079 0.997 0. 8.976 0. 0. 1. 0.
0.997 -0.081 0. 179.778 0.081 0.997 0. 9.180 0. 0. 1. 0.
0.997 -0.083 0. 182.322 0.083 0.997 0. 9.406 0. 0. 1. 0.
0.996 -0.084 0. 184.894 0.084 0.996 0. 9.635 0. 0. 1. 0.
0.996 -0.085 0. 187.449 0.085 0.996 0. 9.824 0. 0. 1. 0.
0.996 -0.089 0. 189.964 0.089 0.996 0. 9.980 0. 0. 1. 0.
0.996 -0.093 0. 192.436 0.093 0.996 0. 10.212 0. 0. 1. 0.
0.995 -0.098 0. 194.914 0.098 0.995 0. 10.425 0. 0. 1. 0.
0.994 -0.107 0. 197.334 0.107 0.994 0. 10.681 0. 0. 1. 0.
0.993 -0.119 0. 199.764 0.119 0.993 0. 10.901 0. 0. 1. 0.
0.991 -0.134 0. 202.139 0.134 0.991 0. 11.236 0. 0. 1. 0.
0.990 -0.140 0. 204.488 0.140 0.990 0. 11.552 0. 0. 1. 0.
0.989 -0.148 0. 206.769 0.148 0.989 0. 11.900 0. 0. 1. 0.
0.988 -0.156 0. 209.043 0.156 0.988 0. 12.207 0. 0. 1. 0.
0.987 -0.161 0. 211.292 0.161 0.987 0. 12.593 0. 0. 1. 0.
0.986 -0.166 0. 213.525 0.166 0.986 0. 12.966 0. 0. 1. 0.
0.985 -0.171 0. 215.681 0.171 0.985 0. 13.332 0. 0. 1. 0.
0.985 -0.172 0. 217.877 0.172 0.985 0. 13.692 0. 0. 1. 0.
0.985 -0.173 0. 220.047 0.173 0.985 0. 14.015 0. 0. 1. 0.
0.984 -0.177 0. 222.203 0.177 0.984 0. 14.374 0. 0. 1. 0.
0.983 -0.183 0. 224.362 0.183 0.983 0. 14.780 0. 0. 1. 0.
0.982 -0.190 0. 226.489 0.190 0.982 0. 15.177 0. 0. 1. 0.
0.980 -0.198 0. 228.606 0.198 0.980 0. 15.608 0. 0. 1. 0.
0.979 -0.204 0. 230.686 0.204 0.979 0. 15.998 0. 0. 1. 0.
0.978 -0.209 0. 232.753 0.209 0.978 0. 16.510 0. 0. 1. 0.
0.976 -0.216 0. 234.804 0.216 0.976 0. 16.961 0. 0. 1. 0.
0.977 -0.215 0. 236.831 0.215 0.977 0. 17.403 0. 0. 1. 0.
0.976 -0.218 0. 238.852 0.218 0.976 0. 17.805 0. 0. 1. 0.
0.977 -0.213 0. 240.878 0.213 0.977 0. 18.297 0. 0. 1. 0.
0.979 -0.205 0. 242.912 0.205 0.979 0. 18.726 0. 0. 1. 0.
0.981 -0.193 0. 244.985 0.193 0.981 0. 19.078 0. 0. 1. 0.
0.984 -0.179 0. 247.010 0.179 0.984 0. 19.422 0. 0. 1. 0.
0.986 -0.165 0. 249.036 0.165 0.986 0. 19.756 0. 0. 1. 0.
0.988 -0.154 0. 251.158 0.154 0.988 0. 20.084 0. 0. 1. 0.
0.989 -0.149 0. 253.278 0.149 0.989 0. 20.347 0. 0. 1. 0.
0.990 -0.142 0. 255.379 0.142 0.990 0. 20.644 0. 0. 1. 0.
0.990 -0.140 0. 257.507 0.140 0.990 0. 20.929 0. 0. 1. 0.
0.990 -0.140 0. 259.635 0.140 0.990 0. 21.224 0. 0. 1. 0.
0.990 -0.140 0. 261.813 0.140 0.990 0. 21.536 0. 0. 1. 0.
0.990 -0.138 0. 264.057 0.138 0.990 0. 21.808 0. 0. 1. 0.
0.990 -0.139 0. 266.314 0.139 0.990 0. 22.112 0. 0. 1. 0.
0.990 -0.141 0. 268.572 0.141 0.990 0. 22.394 0. 0. 1. 0.
0.990 -0.139 0. 270.847 0.139 0.990 0. 22.723 0. 0. 1. 0.
0.990 -0.140 0. 273.159 0.140 0.990 0. 23.008 0. 0. 1. 0.
0.990 -0.142 0. 275.471 0.142 0.990 0. 23.323 0. 0. 1. 0.
0.990 -0.141 0. 277.719 0.141 0.990 0. 23.657 0. 0. 1. 0.
0.990 -0.138 0. 280.014 0.138 0.990 0. 23.943 0. 0. 1. 0.
0.991 -0.136 0. 282.324 0.136 0.991 0. 24.189 0. 0. 1. 0.
0.991 -0.133 0. 284.584 0.133 0.991 0. 24.482 0. 0. 1. 0.
0.991 -0.130 0. 286.815 0.130 0.991 0. 24.796 0. 0. 1. 0.
0.992 -0.129 0. 288.956 0.129 0.992 0. 25.013 0. 0. 1. 0.
0.992 -0.126 0. 291.176 0.126 0.992 0. 25.277 0. 0. 1. 0.
0.993 -0.122 0. 293.400 0.122 0.993 0. 25.494 0. 0. 1. 0.
0.993 -0.117 0. 295.605 0.117 0.993 0. 25.747 0. 0. 1. 0.
0.993 -0.115 0. 297.788 0.115 0.993 0. 25.969 0. 0. 1. 0.
0.994 -0.112 0. 299.925 0.112 0.994 0. 26.201 0. 0. 1. 0.
0.994 -0.107 0. 302.079 0.107 0.994 0. 26.353 0. 0. 1. 0.
0.994 -0.106 0. 304.215 0.106 0.994 0. 26.655 0. 0. 1. 0.
0.995 -0.103 0. 306.418 0.103 0.995 0. 26.844 0. 0. 1. 0.
0.995 -0.100 0. 308.506 0.100 0.995 0. 27.021 0. 0. 1. 0.
0.995 -0.099 0. 310.683 0.099 0.995 0. 27.229 0. 0. 1. 0.
0.995 -0.098 0. 312.819 0.098 0.995 0. 27.430 0. 0. 1. 0.
0.995 -0.095 0. 314.974 0.095 0.995 0. 27.630 0. 0. 1. 0.
0.996 -0.092 0. 317.131 0.092 0.996 0. 27.765 0. 0. 1. 0.
0.996 -0.087 0. 319.294 0.087 0.996 0. 27.909 0. 0. 1. 0.
0.996 -0.089 0. 321.474 0.089 0.996 0. 28.095 0. 0. 1. 0.
0.996 -0.087 0. 323.630 0.087 0.996 0. 28.293 0. 0. 1. 0.
0.996 -0.084 0. 325.822 0.084 0.996 0. 28.494 0. 0. 1. 0.
0.996 -0.084 0. 328.033 0.084 0.996 0. 28.660 0. 0. 1. 0.
0.996 -0.084 0. 330.215 0.084 0.996 0. 28.815 0. 0. 1. 0.
0.996 -0.084 0. 332.482 0.084 0.996 0. 28.923 0. 0. 1. 0.
0.997 -0.082 0. 334.765 0.082 0.997 0. 29.123 0. 0. 1. 0.
0.997 -0.083 0. 337.069 0.083 0.997 0. 29.244 0. 0. 1. 0.
0.996 -0.084 0. 339.310 0.084 0.996 0. 29.398 0. 0. 1. 0.
0.996 -0.084 0. 341.637 0.084 0.996 0. 29.619 0. 0. 1. 0.
0.997 -0.082 0. 343.942 0.082 0.997 0. 29.804 0. 0. 1. 0.
0.997 -0.080 0. 346.252 0.080 0.997 0. 30.039 0. 0. 1. 0.
0.997 -0.079 0. 348.539 0.079 0.997 0. 30.211 0. 0. 1. 0.
0.997 -0.077 0. 350.879 0.077 0.997 0. 30.329 0. 0. 1. 0.
0.997 -0.072 0. 353.228 0.072 0.997 0. 30.486 0. 0. 1. 0.
0.998 -0.064 0. 355.580 0.064 0.998 0. 30.705 0. 0. 1. 0.
0.998 -0.055 0. 357.974 0.055 0.998 0. 30.797 0. 0. 1. 0.
0.999 -0.045 0. 360.357 0.045 0.999 0. 30.905 0. 0. 1. 0.
0.999 -0.035 0. 362.769 0.035 0.999 0. 30.982 0. 0. 1. 0.
1.000 -0.025 0. 365.180 0.025 1.000 0. 31.056 0. 0. 1. 0.
1.000 -0.016 0. 367.651 0.016 1.000 0. 31.072 0. 0. 1. 0.
1. -0.010 0. 370.029 0.010 1. 0. 31.069 0. 0. 1. 0.
1. -0.007 0. 372.464 0.007 1. 0. 31.058 0. 0. 1. 0.
1. -0.003 0. 374.925 0.003 1. 0. 31.050 0. 0. 1. 0.
1. -0.001 0. 377.362 0.001 1. 0. 31.058 0. 0. 1. 0.
1. -0.002 0. 379.849 0.002 1. 0. 30.991 0. 0. 1. 0.
1. -0.003 0. 382.343 0.003 1. 0. 31.007 0. 0. 1. 0.
1. -0.006 0. 384.837 0.006 1. 0. 31.036 0. 0. 1. 0.
1. -0.013 0. 387.350 0.013 1. 0. 31.041 0. 0. 1. 0.
1.000 -0.022 0. 389.806 0.022 1.000 0. 31.092 0. 0. 1. 0.
1.000 -0.030 0. 392.304 0.030 1.000 0. 31.165 0. 0. 1. 0.
0.999 -0.039 0. 394.763 0.039 0.999 0. 31.237 0. 0. 1. 0.
0.999 -0.046 0. 397.229 0.046 0.999 0. 31.321 0. 0. 1. 0.
0.999 -0.051 0. 399.646 0.051 0.999 0. 31.465 0. 0. 1. 0.
0.999 -0.054 0. 402.117 0.054 0.999 0. 31.562 0. 0. 1. 0.
0.998 -0.055 0. 404.483 0.055 0.998 0. 31.626 0. 0. 1. 0.
0.999 -0.053 0. 406.847 0.053 0.999 0. 31.752 0. 0. 1. 0.
0.999 -0.052 0. 409.176 0.052 0.999 0. 31.846 0. 0. 1. 0.
0.999 -0.054 0. 411.435 0.054 0.999 0. 31.987 0. 0. 1. 0.
0.998 -0.059 0. 413.653 0.059 0.998 0. 32.089 0. 0. 1. 0.
0.998 -0.063 0. 415.810 0.063 0.998 0. 32.194 0. 0. 1. 0.
0.998 -0.067 0. 417.903 0.067 0.998 0. 32.300 0. 0. 1. 0.
0.997 -0.072 0. 419.951 0.072 0.997 0. 32.451 0. 0. 1. 0.
0.997 -0.078 0. 421.944 0.078 0.997 0. 32.575 0. 0. 1. 0.
0.997 -0.083 0. 423.899 0.083 0.997 0. 32.739 0. 0. 1. 0.
0.996 -0.085 0. 425.797 0.085 0.996 0. 32.897 0. 0. 1. 0.
0.996 -0.085 0. 427.638 0.085 0.996 0. 33.033 0. 0. 1. 0.
0.997 -0.082 0. 429.421 0.082 0.997 0. 33.154 0. 0. 1. 0.
0.997 -0.076 0. 431.131 0.076 0.997 0. 33.246 0. 0. 1. 0.
0.998 -0.067 0. 432.754 0.067 0.998 0. 33.331 0. 0. 1. 0.
0.999 -0.052 0. 434.253 0.052 0.999 0. 33.447 0. 0. 1. 0.
1.000 -0.027 0. 435.686 0.027 1.000 0. 33.501 0. 0. 1. 0.
1.000 0.015 0. 437.004 -0.015 1.000 0. 33.445 0. 0. 1. 0.
0.997 0.075 0. 438.283 -0.075 0.997 0. 33.276 0. 0. 1. 0.
0.990 0.138 0. 439.472 -0.138 0.990 0. 33.008 0. 0. 1. 0.
0.979 0.202 0. 440.569 -0.202 0.979 0. 32.751 0. 0. 1. 0.
0.962 0.272 0. 441.619 -0.272 0.962 0. 32.407 0. 0. 1. 0.
0.941 0.337 0. 442.555 -0.337 0.941 0. 32.044 0. 0. 1. 0.
0.915 0.403 0. 443.402 -0.403 0.915 0. 31.541 0. 0. 1. 0.
0.885 0.466 0. 444.185 -0.466 0.885 0. 31.057 0. 0. 1. 0.
0.849 0.528 0. 444.867 -0.528 0.849 0. 30.545 0. 0. 1. 0.
0.808 0.589 0. 445.490 -0.589 0.808 0. 30.059 0. 0. 1. 0.
0.757 0.653 0. 446.084 -0.653 0.757 0. 29.452 0. 0. 1. 0.
0.696 0.718 0. 446.587 -0.718 0.696 0. 28.843 0. 0. 1. 0.
0.628 0.779 0. 447.061 -0.779 0.628 0. 28.152 0. 0. 1. 0.
0.549 0.836 0. 447.437 -0.836 0.549 0. 27.456 0. 0. 1. 0.
0.463 0.886 0. 447.733 -0.886 0.463 0. 26.717 0. 0. 1. 0.
0.367 0.930 0. 447.953 -0.930 0.367 0. 25.931 0. 0. 1. 0.
0.260 0.966 0. 448.120 -0.966 0.260 0. 25.082 0. 0. 1. 0.
0.145 0.989 0. 448.172 -0.989 0.145 0. 24.208 0. 0. 1. 0.
0.023 1.000 0. 448.063 -1.000 0.023 0. 23.321 0. 0. 1. 0.
-0.101 0.995 0. 447.920 -0.995 -0.101 0. 22.372 0. 0. 1. 0.
-0.222 0.975 0. 447.645 -0.975 -0.222 0. 21.352 0. 0. 1. 0.
-0.340 0.941 0. 447.180 -0.941 -0.340 0. 20.470 0. 0. 1. 0.
-0.451 0.893 0. 446.651 -0.893 -0.451 0. 19.505 0. 0. 1. 0.
-0.549 0.836 0. 445.984 -0.836 -0.549 0. 18.550 0. 0. 1. 0.
-0.639 0.769 0. 445.140 -0.769 -0.639 0. 17.699 0. 0. 1. 0.
-0.715 0.699 0. 444.200 -0.699 -0.715 0. 16.768 0. 0. 1. 0.
-0.776 0.631 0. 443.071 -0.631 -0.776 0. 15.952 0. 0. 1. 0.
-0.819 0.573 0. 441.853 -0.573 -0.819 0. 15.046 0. 0. 1. 0.
-0.844 0.536 0. 440.473 -0.536 -0.844 0. 14.282 0. 0. 1. 0.
-0.860 0.510 0. 439.014 -0.510 -0.860 0. 13.449 0. 0. 1. 0.
-0.871 0.492 0. 437.415 -0.492 -0.871 0. 12.602 0. 0. 1. 0.
-0.877 0.481 0. 435.714 -0.481 -0.877 0. 11.719 0. 0. 1. 0.
-0.880 0.475 0. 433.944 -0.475 -0.880 0. 10.778 0. 0. 1. 0.
-0.883 0.469 0. 432.090 -0.469 -0.883 0. 9.846 0. 0. 1. 0.
-0.885 0.465 0. 430.152 -0.465 -0.885 0. 8.803 0. 0. 1. 0.
-0.886 0.463 0. 428.138 -0.463 -0.886 0. 7.792 0. 0. 1. 0.
-0.886 0.463 0. 426.072 -0.463 -0.886 0. 6.732 0. 0. 1. 0.
-0.887 0.462 0. 423.938 -0.462 -0.887 0. 5.598 0. 0. 1. 0.
-0.887 0.462 0. 421.699 -0.462 -0.887 0. 4.492 0. 0. 1. 0.
-0.888 0.461 0. 419.475 -0.461 -0.888 0. 3.346 0. 0. 1. 0.
-0.888 0.459 0. 417.192 -0.459 -0.888 0. 2.178 0. 0. 1. 0.
-0.889 0.458 0. 414.880 -0.458 -0.889 0. 0.986 0. 0. 1. 0.
-0.890 0.456 0. 412.502 -0.456 -0.890 0. -0.182 0. 0. 1. 0.
-0.891 0.455 0. 410.118 -0.455 -0.891 0. -1.396 0. 0. 1. 0.
-0.892 0.451 0. 407.776 -0.451 -0.892 0. -2.610 0. 0. 1. 0.
-0.894 0.448 0. 405.428 -0.448 -0.894 0. -3.781 0. 0. 1. 0.
-0.896 0.444 0. 403.121 -0.444 -0.896 0. -4.933 0. 0. 1. 0.
-0.897 0.443 0. 400.834 -0.443 -0.897 0. -6.091 0. 0. 1. 0.
-0.897 0.442 0. 398.544 -0.442 -0.897 0. -7.155 0. 0. 1. 0.
-0.898 0.441 0. 396.327 -0.441 -0.898 0. -8.271 0. 0. 1. 0.
-0.898 0.440 0. 394.124 -0.440 -0.898 0. -9.319 0. 0. 1. 0.
-0.898 0.440 0. 391.982 -0.440 -0.898 0. -10.379 0. 0. 1. 0.
-0.898 0.441 0. 389.921 -0.441 -0.898 0. -11.420 0. 0. 1. 0.
-0.898 0.440 0. 387.896 -0.440 -0.898 0. -12.407 0. 0. 1. 0.
-0.897 0.442 0. 385.919 -0.442 -0.897 0. -13.338 0. 0. 1. 0.
-0.897 0.442 0. 384.054 -0.442 -0.897 0. -14.280 0. 0. 1. 0.
-0.897 0.442 0. 382.226 -0.442 -0.897 0. -15.115 0. 0. 1. 0.
-0.898 0.440 0. 380.515 -0.440 -0.898 0. -15.981 0. 0. 1. 0.
-0.898 0.439 0. 378.828 -0.439 -0.898 0. -16.771 0. 0. 1. 0.
-0.899 0.439 0. 377.217 -0.439 -0.899 0. -17.509 0. 0. 1. 0.
-0.899 0.439 0. 375.750 -0.439 -0.899 0. -18.278 0. 0. 1. 0.
-0.900 0.437 0. 374.379 -0.437 -0.900 0. -18.989 0. 0. 1. 0.
-0.900 0.436 0. 373.081 -0.436 -0.900 0. -19.625 0. 0. 1. 0.
-0.901 0.434 0. 371.755 -0.434 -0.901 0. -20.192 0. 0. 1. 0.
-0.901 0.434 0. 370.480 -0.434 -0.901 0. -20.810 0. 0. 1. 0.
-0.901 0.433 0. 369.236 -0.433 -0.901 0. -21.405 0. 0. 1. 0.
-0.901 0.434 0. 367.926 -0.434 -0.901 0. -21.992 0. 0. 1. 0.
-0.902 0.431 0. 366.635 -0.431 -0.902 0. -22.608 0. 0. 1. 0.
-0.902 0.432 0. 365.275 -0.432 -0.902 0. -23.238 0. 0. 1. 0.
-0.902 0.431 0. 363.860 -0.431 -0.902 0. -23.894 0. 0. 1. 0.
-0.903 0.429 0. 362.326 -0.429 -0.903 0. -24.619 0. 0. 1. 0.
-0.903 0.430 0. 360.783 -0.430 -0.903 0. -25.336 0. 0. 1. 0.
-0.903 0.430 0. 359.166 -0.430 -0.903 0. -26.086 0. 0. 1. 0.
-0.903 0.430 0. 357.479 -0.430 -0.903 0. -26.893 0. 0. 1. 0.
-0.903 0.430 0. 355.743 -0.430 -0.903 0. -27.706 0. 0. 1. 0.
-0.903 0.431 0. 353.953 -0.431 -0.903 0. -28.564 0. 0. 1. 0.
-0.903 0.430 0. 352.123 -0.430 -0.903 0. -29.427 0. 0. 1. 0.
-0.904 0.427 0. 350.247 -0.427 -0.904 0. -30.322 0. 0. 1. 0.
-0.906 0.424 0. 348.281 -0.424 -0.906 0. -31.191 0. 0. 1. 0.
-0.907 0.421 0. 346.309 -0.421 -0.907 0. -32.112 0. 0. 1. 0.
-0.909 0.418 0. 344.266 -0.418 -0.909 0. -32.965 0. 0. 1. 0.
-0.913 0.408 0. 342.247 -0.408 -0.913 0. -33.910 0. 0. 1. 0.
-0.917 0.398 0. 340.106 -0.398 -0.917 0. -34.773 0. 0. 1. 0.
-0.921 0.389 0. 337.942 -0.389 -0.921 0. -35.653 0. 0. 1. 0.
-0.926 0.378 0. 335.743 -0.378 -0.926 0. -36.569 0. 0. 1. 0.
-0.930 0.367 0. 333.510 -0.367 -0.930 0. -37.483 0. 0. 1. 0.
-0.934 0.357 0. 331.225 -0.357 -0.934 0. -38.337 0. 0. 1. 0.
-0.940 0.342 0. 328.890 -0.342 -0.940 0. -39.194 0. 0. 1. 0.
-0.945 0.326 0. 326.512 -0.326 -0.945 0. -39.962 0. 0. 1. 0.
-0.952 0.308 0. 324.063 -0.308 -0.952 0. -40.762 0. 0. 1. 0.
-0.956 0.292 0. 321.501 -0.292 -0.956 0. -41.437 0. 0. 1. 0.
-0.959 0.282 0. 318.965 -0.282 -0.959 0. -42.162 0. 0. 1. 0.
-0.960 0.280 0. 316.368 -0.280 -0.960 0. -42.905 0. 0. 1. 0.
-0.959 0.283 0. 313.723 -0.283 -0.959 0. -43.638 0. 0. 1. 0.
-0.959 0.284 0. 311.106 -0.284 -0.959 0. -44.363 0. 0. 1. 0.
-0.957 0.290 0. 308.443 -0.290 -0.957 0. -45.143 0. 0. 1. 0.
-0.954 0.299 0. 305.736 -0.299 -0.954 0. -45.933 0. 0. 1. 0.
-0.951 0.310 0. 303.016 -0.310 -0.951 0. -46.801 0. 0. 1. 0.
-0.948 0.319 0. 300.278 -0.319 -0.948 0. -47.637 0. 0. 1. 0.
-0.943 0.333 0. 297.510 -0.333 -0.943 0. -48.608 0. 0. 1. 0.
-0.940 0.341 0. 294.722 -0.341 -0.940 0. -49.569 0. 0. 1. 0.
-0.938 0.348 0. 291.923 -0.348 -0.938 0. -50.617 0. 0. 1. 0.
-0.935 0.354 0. 289.087 -0.354 -0.935 0. -51.702 0. 0. 1. 0.
-0.935 0.354 0. 286.227 -0.354 -0.935 0. -52.785 0. 0. 1. 0.
-0.935 0.355 0. 283.372 -0.355 -0.935 0. -53.867 0. 0. 1. 0.
-0.934 0.357 0. 280.509 -0.357 -0.934 0. -54.949 0. 0. 1. 0.
-0.933 0.361 0. 277.677 -0.361 -0.933 0. -56.021 0. 0. 1. 0.
-0.929 0.370 0. 274.834 -0.370 -0.929 0. -57.054 0. 0. 1. 0.
-0.928 0.372 0. 271.972 -0.372 -0.928 0. -58.152 0. 0. 1. 0.
-0.926 0.378 0. 269.099 -0.378 -0.926 0. -59.242 0. 0. 1. 0.
-0.924 0.382 0. 266.266 -0.382 -0.924 0. -60.332 0. 0. 1. 0.
-0.924 0.382 0. 263.485 -0.382 -0.924 0. -61.447 0. 0. 1. 0.
-0.922 0.386 0. 260.678 -0.386 -0.922 0. -62.624 0. 0. 1. 0.
-0.921 0.389 0. 257.867 -0.389 -0.921 0. -63.830 0. 0. 1. 0.
-0.922 0.388 0. 255.185 -0.388 -0.922 0. -64.973 0. 0. 1. 0.
-0.920 0.391 0. 252.441 -0.391 -0.920 0. -66.152 0. 0. 1. 0.
-0.921 0.390 0. 249.739 -0.390 -0.921 0. -67.199 0. 0. 1. 0.
-0.920 0.393 0. 247.072 -0.393 -0.920 0. -68.354 0. 0. 1. 0.
-0.919 0.394 0. 244.451 -0.394 -0.919 0. -69.439 0. 0. 1. 0.
-0.918 0.397 0. 241.822 -0.397 -0.918 0. -70.533 0. 0. 1. 0.
-0.915 0.402 0. 239.203 -0.402 -0.915 0. -71.676 0. 0. 1. 0.
-0.914 0.406 0. 236.608 -0.406 -0.914 0. -72.688 0. 0. 1. 0.
-0.913 0.409 0. 234.037 -0.409 -0.913 0. -73.823 0. 0. 1. 0.
-0.913 0.407 0. 231.505 -0.407 -0.913 0. -75.028 0. 0. 1. 0.
-0.913 0.408 0. 228.944 -0.408 -0.913 0. -76.185 0. 0. 1. 0.
-0.913 0.409 0. 226.385 -0.409 -0.913 0. -77.298 0. 0. 1. 0.
-0.913 0.408 0. 223.849 -0.408 -0.913 0. -78.482 0. 0. 1. 0.
-0.913 0.407 0. 221.323 -0.407 -0.913 0. -79.566 0. 0. 1. 0.
-0.912 0.410 0. 218.798 -0.410 -0.912 0. -80.682 0. 0. 1. 0.
-0.911 0.413 0. 216.324 -0.413 -0.911 0. -81.735 0. 0. 1. 0.
-0.910 0.416 0. 213.863 -0.416 -0.910 0. -82.841 0. 0. 1. 0.
-0.909 0.416 0. 211.390 -0.416 -0.909 0. -84.046 0. 0. 1. 0.
-0.910 0.415 0. 208.938 -0.415 -0.910 0. -85.061 0. 0. 1. 0.
-0.913 0.409 0. 206.478 -0.409 -0.913 0. -86.111 0. 0. 1. 0.
-0.914 0.406 0. 204.050 -0.406 -0.914 0. -87.162 0. 0. 1. 0.
-0.915 0.403 0. 201.690 -0.403 -0.915 0. -88.247 0. 0. 1. 0.
-0.917 0.400 0. 199.340 -0.400 -0.917 0. -89.231 0. 0. 1. 0.
-0.917 0.398 0. 197.003 -0.398 -0.917 0. -90.164 0. 0. 1. 0.
-0.918 0.397 0. 194.691 -0.397 -0.918 0. -91.179 0. 0. 1. 0.
-0.919 0.394 0. 192.390 -0.394 -0.919 0. -92.169 0. 0. 1. 0.
-0.920 0.392 0. 190.096 -0.392 -0.920 0. -93.102 0. 0. 1. 0.
-0.921 0.391 0. 187.801 -0.391 -0.921 0. -94.033 0. 0. 1. 0.
-0.921 0.389 0. 185.540 -0.389 -0.921 0. -95.010 0. 0. 1. 0.
-0.919 0.393 0. 183.242 -0.393 -0.919 0. -95.951 0. 0. 1. 0.
-0.918 0.397 0. 180.957 -0.397 -0.918 0. -96.889 0. 0. 1. 0.
-0.916 0.402 0. 178.721 -0.402 -0.916 0. -97.906 0. 0. 1. 0.
-0.913 0.408 0. 176.537 -0.408 -0.913 0. -98.923 0. 0. 1. 0.
-0.911 0.412 0. 174.290 -0.412 -0.911 0. -99.881 0. 0. 1. 0.
-0.909 0.416 0. 172.123 -0.416 -0.909 0. -100.802 0. 0. 1. 0.
-0.908 0.418 0. 169.955 -0.418 -0.908 0. -101.820 0. 0. 1. 0.
-0.909 0.417 0. 167.852 -0.417 -0.909 0. -102.837 0. 0. 1. 0.
-0.910 0.414 0. 165.671 -0.414 -0.910 0. -103.802 0. 0. 1. 0.
-0.912 0.411 0. 163.556 -0.411 -0.912 0. -104.747 0. 0. 1. 0.
-0.913 0.409 0. 161.452 -0.409 -0.913 0. -105.640 0. 0. 1. 0.
-0.914 0.406 0. 159.410 -0.406 -0.914 0. -106.578 0. 0. 1. 0.
-0.913 0.407 0. 157.318 -0.407 -0.913 0. -107.460 0. 0. 1. 0.
-0.913 0.408 0. 155.294 -0.408 -0.913 0. -108.345 0. 0. 1. 0.
-0.913 0.408 0. 153.283 -0.408 -0.913 0. -109.219 0. 0. 1. 0.
-0.914 0.406 0. 151.317 -0.406 -0.914 0. -110.051 0. 0. 1. 0.
-0.917 0.399 0. 149.363 -0.399 -0.917 0. -110.905 0. 0. 1. 0.
-0.919 0.395 0. 147.453 -0.395 -0.919 0. -111.660 0. 0. 1. 0.
-0.921 0.391 0. 145.676 -0.391 -0.921 0. -112.479 0. 0. 1. 0.
-0.921 0.389 0. 143.864 -0.389 -0.921 0. -113.206 0. 0. 1. 0.
-0.922 0.388 0. 142.117 -0.388 -0.922 0. -113.940 0. 0. 1. 0.
-0.922 0.388 0. 140.393 -0.388 -0.922 0. -114.626 0. 0. 1. 0.
-0.923 0.385 0. 138.774 -0.385 -0.923 0. -115.372 0. 0. 1. 0.
-0.924 0.382 0. 137.217 -0.382 -0.924 0. -116.070 0. 0. 1. 0.
-0.925 0.381 0. 135.653 -0.381 -0.925 0. -116.639 0. 0. 1. 0.
-0.925 0.379 0. 134.204 -0.379 -0.925 0. -117.229 0. 0. 1. 0.
-0.925 0.380 0. 132.782 -0.380 -0.925 0. -117.783 0. 0. 1. 0.
-0.926 0.379 0. 131.442 -0.379 -0.926 0. -118.304 0. 0. 1. 0.
-0.926 0.378 0. 130.176 -0.378 -0.926 0. -118.841 0. 0. 1. 0.
-0.926 0.378 0. 128.959 -0.378 -0.926 0. -119.362 0. 0. 1. 0.
-0.926 0.377 0. 127.760 -0.377 -0.926 0. -119.817 0. 0. 1. 0.
-0.927 0.375 0. 126.646 -0.375 -0.927 0. -120.273 0. 0. 1. 0.
-0.928 0.374 0. 125.623 -0.374 -0.928 0. -120.735 0. 0. 1. 0.
-0.928 0.372 0. 124.611 -0.372 -0.928 0. -121.120 0. 0. 1. 0.
-0.929 0.370 0. 123.647 -0.370 -0.929 0. -121.475 0. 0. 1. 0.
-0.929 0.369 0. 122.719 -0.369 -0.929 0. -121.786 0. 0. 1. 0.
-0.930 0.368 0. 121.872 -0.368 -0.930 0. -122.116 0. 0. 1. 0.
-0.930 0.368 0. 121.074 -0.368 -0.930 0. -122.434 0. 0. 1. 0.
-0.930 0.367 0. 120.349 -0.367 -0.930 0. -122.745 0. 0. 1. 0.
-0.931 0.366 0. 119.654 -0.366 -0.931 0. -122.992 0. 0. 1. 0.
-0.931 0.365 0. 119.006 -0.365 -0.931 0. -123.256 0. 0. 1. 0.
-0.932 0.363 0. 118.379 -0.363 -0.932 0. -123.508 0. 0. 1. 0.
-0.932 0.363 0. 117.763 -0.363 -0.932 0. -123.762 0. 0. 1. 0.
-0.933 0.360 0. 117.104 -0.360 -0.933 0. -123.953 0. 0. 1. 0.
-0.934 0.358 0. 116.455 -0.358 -0.934 0. -124.195 0. 0. 1. 0.
-0.934 0.357 0. 115.753 -0.357 -0.934 0. -124.475 0. 0. 1. 0.
-0.935 0.355 0. 114.958 -0.355 -0.935 0. -124.774 0. 0. 1. 0.
-0.936 0.352 0. 114.102 -0.352 -0.936 0. -125.078 0. 0. 1. 0.
-0.937 0.350 0. 113.143 -0.350 -0.937 0. -125.364 0. 0. 1. 0.
-0.937 0.349 0. 112.074 -0.349 -0.937 0. -125.755 0. 0. 1. 0.
-0.937 0.349 0. 110.851 -0.349 -0.937 0. -126.209 0. 0. 1. 0.
-0.937 0.350 0. 109.480 -0.350 -0.937 0. -126.650 0. 0. 1. 0.
-0.937 0.350 0. 108.048 -0.350 -0.937 0. -127.216 0. 0. 1. 0.
-0.937 0.350 0. 106.526 -0.350 -0.937 0. -127.810 0. 0. 1. 0.
-0.937 0.349 0. 104.958 -0.349 -0.937 0. -128.376 0. 0. 1. 0.
-0.938 0.347 0. 103.354 -0.347 -0.938 0. -128.934 0. 0. 1. 0.
-0.938 0.347 0. 101.734 -0.347 -0.938 0. -129.521 0. 0. 1. 0.
-0.939 0.343 0. 100.119 -0.343 -0.939 0. -130.143 0. 0. 1. 0.
-0.941 0.339 0. 98.552 -0.339 -0.941 0. -130.785 0. 0. 1. 0.
-0.943 0.334 0. 96.884 -0.334 -0.943 0. -131.289 0. 0. 1. 0.
-0.945 0.328 0. 95.203 -0.328 -0.945 0. -131.895 0. 0. 1. 0.
-0.948 0.320 0. 93.508 -0.320 -0.948 0. -132.410 0. 0. 1. 0.
-0.950 0.313 0. 91.837 -0.313 -0.950 0. -132.951 0. 0. 1. 0.
-0.951 0.309 0. 90.115 -0.309 -0.951 0. -133.459 0. 0. 1. 0.
-0.953 0.302 0. 88.356 -0.302 -0.953 0. -133.984 0. 0. 1. 0.
-0.954 0.299 0. 86.614 -0.299 -0.954 0. -134.479 0. 0. 1. 0.
-0.955 0.298 0. 84.912 -0.298 -0.955 0. -135.033 0. 0. 1. 0.
-0.955 0.295 0. 83.188 -0.295 -0.955 0. -135.506 0. 0. 1. 0.
-0.956 0.293 0. 81.456 -0.293 -0.956 0. -135.982 0. 0. 1. 0.
-0.956 0.293 0. 79.784 -0.293 -0.956 0. -136.442 0. 0. 1. 0.
-0.954 0.298 0. 78.103 -0.298 -0.954 0. -136.912 0. 0. 1. 0.
-0.951 0.309 0. 76.428 -0.309 -0.951 0. -137.384 0. 0. 1. 0.
-0.946 0.325 0. 74.832 -0.325 -0.946 0. -137.986 0. 0. 1. 0.
-0.937 0.349 0. 73.267 -0.349 -0.937 0. -138.553 0. 0. 1. 0.
-0.924 0.382 0. 71.873 -0.382 -0.924 0. -139.223 0. 0. 1. 0.
-0.905 0.424 0. 70.424 -0.424 -0.905 0. -139.858 0. 0. 1. 0.
-0.878 0.479 0. 69.171 -0.479 -0.878 0. -140.576 0. 0. 1. 0.
-0.844 0.537 0. 67.928 -0.537 -0.844 0. -141.405 0. 0. 1. 0.
-0.795 0.607 0. 66.866 -0.607 -0.795 0. -142.279 0. 0. 1. 0.
-0.739 0.674 0. 65.880 -0.674 -0.739 0. -143.235 0. 0. 1. 0.
-0.671 0.741 0. 65.024 -0.741 -0.671 0. -144.252 0. 0. 1. 0.
-0.595 0.804 0. 64.301 -0.804 -0.595 0. -145.320 0. 0. 1. 0.
-0.507 0.862 0. 63.715 -0.862 -0.507 0. -146.433 0. 0. 1. 0.
-0.408 0.913 0. 63.212 -0.913 -0.408 0. -147.625 0. 0. 1. 0.
-0.298 0.955 0. 62.933 -0.955 -0.298 0. -148.784 0. 0. 1. 0.
-0.181 0.983 0. 62.732 -0.983 -0.181 0. -150.044 0. 0. 1. 0.
-0.056 0.998 0. 62.710 -0.998 -0.056 0. -151.296 0. 0. 1. 0.
0.064 0.998 0. 62.780 -0.998 0.064 0. -152.576 0. 0. 1. 0.
0.174 0.985 0. 63.043 -0.985 0.174 0. -153.821 0. 0. 1. 0.
0.272 0.962 0. 63.423 -0.962 0.272 0. -154.989 0. 0. 1. 0.
0.357 0.934 0. 63.996 -0.934 0.357 0. -156.270 0. 0. 1. 0.
0.432 0.902 0. 64.559 -0.902 0.432 0. -157.515 0. 0. 1. 0.
0.502 0.865 0. 65.323 -0.865 0.502 0. -158.701 0. 0. 1. 0.
0.562 0.827 0. 66.203 -0.827 0.562 0. -159.893 0. 0. 1. 0.
0.617 0.787 0. 67.145 -0.787 0.617 0. -161.022 0. 0. 1. 0.
0.668 0.744 0. 68.194 -0.744 0.668 0. -162.135 0. 0. 1. 0.
0.713 0.701 0. 69.257 -0.701 0.713 0. -163.184 0. 0. 1. 0.
0.747 0.665 0. 70.519 -0.665 0.747 0. -164.261 0. 0. 1. 0.
0.784 0.621 0. 71.761 -0.621 0.784 0. -165.209 0. 0. 1. 0.
0.822 0.570 0. 73.048 -0.570 0.822 0. -166.152 0. 0. 1. 0.
0.857 0.515 0. 74.487 -0.515 0.857 0. -166.993 0. 0. 1. 0.
0.890 0.456 0. 76.004 -0.456 0.890 0. -167.720 0. 0. 1. 0.
0.919 0.393 0. 77.578 -0.393 0.919 0. -168.377 0. 0. 1. 0.
0.944 0.329 0. 79.262 -0.329 0.944 0. -168.982 0. 0. 1. 0.
0.965 0.264 0. 81.022 -0.264 0.965 0. -169.456 0. 0. 1. 0.
0.981 0.196 0. 82.821 -0.196 0.981 0. -169.869 0. 0. 1. 0.
0.992 0.124 0. 84.645 -0.124 0.992 0. -170.108 0. 0. 1. 0.
0.998 0.057 0. 86.482 -0.057 0.998 0. -170.185 0. 0. 1. 0.
1. -0.005 0. 88.405 0.005 1. 0. -170.222 0. 0. 1. 0.
0.998 -0.060 0. 90.367 0.060 0.998 0. -170.101 0. 0. 1. 0.
0.994 -0.106 0. 92.311 0.106 0.994 0. -169.906 0. 0. 1. 0.
0.992 -0.129 0. 94.240 0.129 0.992 0. -169.644 0. 0. 1. 0.
0.989 -0.146 0. 96.192 0.146 0.989 0. -169.353 0. 0. 1. 0.
0.987 -0.158 0. 98.215 0.158 0.987 0. -169.009 0. 0. 1. 0.
0.987 -0.162 0. 100.251 0.162 0.987 0. -168.687 0. 0. 1. 0.
0.987 -0.163 0. 102.301 0.163 0.987 0. -168.382 0. 0. 1. 0.
0.987 -0.161 0. 104.417 0.161 0.987 0. -167.988 0. 0. 1. 0.
0.987 -0.161 0. 106.554 0.161 0.987 0. -167.635 0. 0. 1. 0.
0.988 -0.157 0. 108.708 0.157 0.988 0. -167.302 0. 0. 1. 0.
0.988 -0.155 0. 110.902 0.155 0.988 0. -166.992 0. 0. 1. 0.
0.989 -0.150 0. 113.015 0.150 0.989 0. -166.677 0. 0. 1. 0.
0.989 -0.145 0. 115.139 0.145 0.989 0. -166.384 0. 0. 1. 0.
0.990 -0.138 0. 117.254 0.138 0.990 0. -166.070 0. 0. 1. 0.
0.991 -0.133 0. 119.344 0.133 0.991 0. -165.839 0. 0. 1. 0.
0.992 -0.125 0. 121.471 0.125 0.992 0. -165.576 0. 0. 1. 0.
0.993 -0.117 0. 123.605 0.117 0.993 0. -165.346 0. 0. 1. 0.
0.994 -0.110 0. 125.784 0.110 0.994 0. -165.074 0. 0. 1. 0.
0.995 -0.103 0. 127.920 0.103 0.995 0. -164.904 0. 0. 1. 0.
0.995 -0.096 0. 130.109 0.096 0.995 0. -164.707 0. 0. 1. 0.
0.996 -0.093 0. 132.407 0.093 0.996 0. -164.507 0. 0. 1. 0.
0.996 -0.090 0. 134.607 0.090 0.996 0. -164.294 0. 0. 1. 0.
0.996 -0.088 0. 136.927 0.088 0.996 0. -164.100 0. 0. 1. 0.
0.996 -0.084 0. 139.141 0.084 0.996 0. -163.933 0. 0. 1. 0.
0.997 -0.078 0. 141.445 0.078 0.997 0. -163.749 0. 0. 1. 0.
0.997 -0.071 0. 143.743 0.071 0.997 0. -163.612 0. 0. 1. 0.
0.998 -0.067 0. 146.052 0.067 0.998 0. -163.501 0. 0. 1. 0.
0.998 -0.057 0. 148.361 0.057 0.998 0. -163.358 0. 0. 1. 0.
0.999 -0.051 0. 150.693 0.051 0.999 0. -163.265 0. 0. 1. 0.
0.999 -0.046 0. 153.040 0.046 0.999 0. -163.196 0. 0. 1. 0.
0.999 -0.042 0. 155.415 0.042 0.999 0. -163.104 0. 0. 1. 0.
0.999 -0.037 0. 157.810 0.037 0.999 0. -162.995 0. 0. 1. 0.
1.000 -0.030 0. 160.211 0.030 1.000 0. -162.951 0. 0. 1. 0.
1.000 -0.025 0. 162.646 0.025 1.000 0. -162.899 0. 0. 1. 0.
1.000 -0.016 0. 165.053 0.016 1.000 0. -162.869 0. 0. 1. 0.
1. -0.011 0. 167.469 0.011 1. 0. -162.789 0. 0. 1. 0.
1. -0.003 0. 169.834 0.003 1. 0. -162.848 0. 0. 1. 0.
1. 0.005 0. 172.211 -0.005 1. 0. -162.826 0. 0. 1. 0.
1. 0.013 0. 174.582 -0.013 1. 0. -162.889 0. 0. 1. 0.
1.000 0.025 0. 176.998 -0.025 1.000 0. -162.955 0. 0. 1. 0.
0.999 0.032 0. 179.441 -0.032 0.999 0. -163.027 0. 0. 1. 0.
0.999 0.045 0. 181.927 -0.045 0.999 0. -163.218 0. 0. 1. 0.
0.999 0.054 0. 184.424 -0.054 0.999 0. -163.320 0. 0. 1. 0.
0.998 0.069 0. 186.838 -0.069 0.998 0. -163.510 0. 0. 1. 0.
0.997 0.079 0. 189.315 -0.079 0.997 0. -163.679 0. 0. 1. 0.
0.996 0.092 0. 191.712 -0.092 0.996 0. -163.957 0. 0. 1. 0.
0.995 0.099 0. 194.132 -0.099 0.995 0. -164.181 0. 0. 1. 0.
0.994 0.107 0. 196.527 -0.107 0.994 0. -164.454 0. 0. 1. 0.
0.994 0.112 0. 198.954 -0.112 0.994 0. -164.765 0. 0. 1. 0.
0.993 0.122 0. 201.376 -0.122 0.993 0. -165.091 0. 0. 1. 0.
0.992 0.128 0. 203.833 -0.128 0.992 0. -165.431 0. 0. 1. 0.
0.991 0.135 0. 206.267 -0.135 0.991 0. -165.789 0. 0. 1. 0.
0.990 0.142 0. 208.754 -0.142 0.990 0. -166.120 0. 0. 1. 0.
0.989 0.146 0. 211.282 -0.146 0.989 0. -166.515 0. 0. 1. 0.
0.989 0.150 0. 213.807 -0.150 0.989 0. -166.932 0. 0. 1. 0.
0.988 0.152 0. 216.314 -0.152 0.988 0. -167.314 0. 0. 1. 0.
0.988 0.157 0. 218.825 -0.157 0.988 0. -167.718 0. 0. 1. 0.
0.987 0.158 0. 221.288 -0.158 0.987 0. -168.139 0. 0. 1. 0.
0.987 0.160 0. 223.742 -0.160 0.987 0. -168.602 0. 0. 1. 0.
0.987 0.163 0. 226.216 -0.163 0.987 0. -169.049 0. 0. 1. 0.
0.986 0.166 0. 228.697 -0.166 0.986 0. -169.439 0. 0. 1. 0.
0.986 0.168 0. 231.136 -0.168 0.986 0. -169.889 0. 0. 1. 0.
0.986 0.170 0. 233.596 -0.170 0.986 0. -170.297 0. 0. 1. 0.
0.985 0.172 0. 236.038 -0.172 0.985 0. -170.717 0. 0. 1. 0.
0.985 0.175 0. 238.433 -0.175 0.985 0. -171.150 0. 0. 1. 0.
0.984 0.178 0. 240.809 -0.178 0.984 0. -171.586 0. 0. 1. 0.
0.983 0.181 0. 243.162 -0.181 0.983 0. -172.073 0. 0. 1. 0.
0.983 0.183 0. 245.496 -0.183 0.983 0. -172.517 0. 0. 1. 0.
0.983 0.186 0. 247.820 -0.186 0.983 0. -172.933 0. 0. 1. 0.
0.982 0.189 0. 250.152 -0.189 0.982 0. -173.426 0. 0. 1. 0.
0.982 0.191 0. 252.474 -0.191 0.982 0. -173.909 0. 0. 1. 0.
0.981 0.194 0. 254.789 -0.194 0.981 0. -174.350 0. 0. 1. 0.
0.981 0.195 0. 257.108 -0.195 0.981 0. -174.838 0. 0. 1. 0.
0.980 0.197 0. 259.415 -0.197 0.980 0. -175.310 0. 0. 1. 0.
0.980 0.199 0. 261.740 -0.199 0.980 0. -175.803 0. 0. 1. 0.
0.980 0.201 0. 264.071 -0.201 0.980 0. -176.233 0. 0. 1. 0.
0.979 0.203 0. 266.349 -0.203 0.979 0. -176.755 0. 0. 1. 0.
0.979 0.205 0. 268.662 -0.205 0.979 0. -177.279 0. 0. 1. 0.
0.978 0.207 0. 270.948 -0.207 0.978 0. -177.766 0. 0. 1. 0.
0.977 0.211 0. 273.199 -0.211 0.977 0. -178.264 0. 0. 1. 0.
0.977 0.215 0. 275.432 -0.215 0.977 0. -178.773 0. 0. 1. 0.
0.975 0.220 0. 277.683 -0.220 0.975 0. -179.281 0. 0. 1. 0.
0.973 0.229 0. 279.945 -0.229 0.973 0. -179.818 0. 0. 1. 0.
0.971 0.239 0. 282.224 -0.239 0.971 0. -180.423 0. 0. 1. 0.
0.969 0.246 0. 284.545 -0.246 0.969 0. -181.020 0. 0. 1. 0.
0.968 0.252 0. 286.918 -0.252 0.968 0. -181.662 0. 0. 1. 0.
0.966 0.258 0. 289.318 -0.258 0.966 0. -182.251 0. 0. 1. 0.
0.965 0.264 0. 291.639 -0.264 0.965 0. -182.917 0. 0. 1. 0.
0.963 0.268 0. 293.944 -0.268 0.963 0. -183.605 0. 0. 1. 0.
0.962 0.274 0. 296.224 -0.274 0.962 0. -184.276 0. 0. 1. 0.
0.960 0.279 0. 298.509 -0.279 0.960 0. -184.933 0. 0. 1. 0.
0.958 0.286 0. 300.798 -0.286 0.958 0. -185.639 0. 0. 1. 0.
0.956 0.294 0. 303.071 -0.294 0.956 0. -186.348 0. 0. 1. 0.
0.954 0.299 0. 305.378 -0.299 0.954 0. -187.047 0. 0. 1. 0.
0.952 0.307 0. 307.686 -0.307 0.952 0. -187.791 0. 0. 1. 0.
0.949 0.314 0. 310.015 -0.314 0.949 0. -188.582 0. 0. 1. 0.
0.946 0.323 0. 312.354 -0.323 0.946 0. -189.388 0. 0. 1. 0.
0.943 0.332 0. 314.681 -0.332 0.943 0. -190.201 0. 0. 1. 0.
0.940 0.342 0. 317.038 -0.342 0.940 0. -191.116 0. 0. 1. 0.
0.936 0.353 0. 319.403 -0.353 0.936 0. -191.965 0. 0. 1. 0.
0.932 0.361 0. 321.701 -0.361 0.932 0. -192.914 0. 0. 1. 0.
0.930 0.367 0. 324.026 -0.367 0.930 0. -193.810 0. 0. 1. 0.
0.926 0.377 0. 326.310 -0.377 0.926 0. -194.827 0. 0. 1. 0.
0.923 0.384 0. 328.638 -0.384 0.923 0. -195.748 0. 0. 1. 0.
0.921 0.389 0. 330.977 -0.389 0.921 0. -196.771 0. 0. 1. 0.
0.919 0.394 0. 333.260 -0.394 0.919 0. -197.804 0. 0. 1. 0.
0.918 0.397 0. 335.609 -0.397 0.918 0. -198.796 0. 0. 1. 0.
0.917 0.399 0. 337.903 -0.399 0.917 0. -199.841 0. 0. 1. 0.
0.916 0.402 0. 340.224 -0.402 0.916 0. -200.849 0. 0. 1. 0.
0.915 0.402 0. 342.514 -0.402 0.915 0. -201.892 0. 0. 1. 0.
0.914 0.405 0. 344.768 -0.405 0.914 0. -202.899 0. 0. 1. 0.
0.914 0.405 0. 347.001 -0.405 0.914 0. -203.917 0. 0. 1. 0.
0.917 0.400 0. 349.273 -0.400 0.917 0. -204.852 0. 0. 1. 0.
0.919 0.393 0. 351.444 -0.393 0.919 0. -205.872 0. 0. 1. 0.
