1637089823344728 1.00000 0.00000 0.00000 -0.00000 0.00000 -1.00000 0.00000 0.00000 0.00000 -0.00000 -1.00000 0.00000
1637089823593769 1.00000 0.00016 -0.00000 0.00500 0.00016 -1.00000 0.00000 0.00173 0.00000 -0.00000 -1.00000 0.00000
1637089823842494 1.00000 0.00009 -0.00000 0.00189 0.00009 -1.00000 0.00000 -0.00195 0.00000 -0.00000 -1.00000 -0.00000
1637089824091412 1.00000 0.00015 -0.00000 0.00243 0.00015 -1.00000 0.00000 -0.00242 0.00000 -0.00000 -1.00000 -0.00000
1637089824340186 1.00000 0.00018 -0.00000 0.00474 0.00018 -1.00000 0.00000 -0.00181 0.00000 -0.00000 -1.00000 -0.00000
1637089824588861 1.00000 0.00015 0.00000 0.00109 0.00015 -1.00000 0.00000 -0.00204 0.00000 -0.00000 -1.00000 -0.00000
1637089824837635 1.00000 0.00008 0.00000 0.00356 0.00008 -1.00000 0.00000 -0.00172 0.00000 -0.00000 -1.00000 -0.00000
1637089825086790 1.00000 0.00002 0.00000 -0.00040 0.00002 -1.00000 0.00000 0.00709 0.00000 -0.00000 -1.00000 0.00000
1637089825335150 1.00000 -0.00042 0.00000 -0.03062 -0.00042 -1.00000 0.00000 0.00821 -0.00000 -0.00000 -1.00000 0.00000
1637089825584166 1.00000 -0.00087 -0.00000 -0.07146 -0.00087 -1.00000 0.00000 -0.00353 -0.00000 -0.00000 -1.00000 -0.00000
1637089825833131 1.00000 -0.00180 -0.00000 -0.11413 -0.00180 -1.00000 0.00000 -0.01124 -0.00000 -0.00000 -1.00000 -0.00000
1637089826081893 0.99999 -0.00489 0.00000 -0.18231 -0.00489 -0.99999 0.00000 0.01063 -0.00000 -0.00000 -1.00000 0.00000
1637089826330899 0.99991 -0.01369 0.00000 -0.32092 -0.01369 -0.99991 0.00000 -0.01054 -0.00000 -0.00000 -1.00000 -0.00000
1637089826579606 0.99955 -0.03013 0.00000 -0.49552 -0.03013 -0.99955 0.00000 -0.06648 -0.00000 -0.00000 -1.00000 -0.00000
1637089826828665 0.99886 -0.04763 0.00000 -0.75824 -0.04763 -0.99886 0.00000 -0.05855 -0.00000 -0.00000 -1.00000 -0.00000
1637089827077330 0.99764 -0.06871 0.00000 -1.05007 -0.06871 -0.99764 0.00000 -0.05731 -0.00000 -0.00000 -1.00000 -0.00000
1637089827326375 0.99573 -0.09229 0.00000 -1.44215 -0.09229 -0.99573 0.00000 -0.02516 -0.00000 -0.00000 -1.00000 -0.00000
1637089827575364 0.99309 -0.11733 0.00000 -1.86071 -0.11733 -0.99309 0.00000 -0.00671 -0.00000 -0.00000 -1.00000 -0.00000
1637089827823739 0.99044 -0.13796 0.00000 -2.33069 -0.13796 -0.99044 0.00000 -0.03458 -0.00000 -0.00000 -1.00000 -0.00000
1637089828072686 0.98907 -0.14745 0.00000 -2.86260 -0.14745 -0.98907 0.00000 0.00915 -0.00000 -0.00000 -1.00000 0.00000
1637089828321403 0.98831 -0.15245 -0.00000 -3.54034 -0.15245 -0.98831 0.00000 0.02211 -0.00000 -0.00000 -1.00000 0.00000
1637089828570056 0.98773 -0.15614 0.00000 -4.16844 -0.15614 -0.98773 0.00000 0.00075 -0.00000 -0.00000 -1.00000 0.00000
1637089828819013 0.98794 -0.15485 0.00000 -4.87554 -0.15485 -0.98794 0.00000 -0.05379 -0.00000 -0.00000 -1.00000 -0.00000
1637089829067837 0.98924 -0.14629 0.00000 -5.63737 -0.14629 -0.98924 0.00000 -0.04097 -0.00000 -0.00000 -1.00000 -0.00000
1637089829316735 0.98971 -0.14308 0.00000 -6.34953 -0.14308 -0.98971 0.00000 -0.10346 -0.00000 -0.00000 -1.00000 -0.00000
1637089829565432 0.99042 -0.13807 0.00000 -7.19426 -0.13807 -0.99042 0.00000 -0.18907 -0.00000 -0.00000 -1.00000 -0.00000
1637089829814080 0.99147 -0.13033 0.00000 -8.02198 -0.13033 -0.99147 0.00000 -0.20935 -0.00000 -0.00000 -1.00000 -0.00000
1637089830062937 0.99225 -0.12424 0.00000 -8.93888 -0.12424 -0.99225 0.00000 -0.28318 -0.00000 -0.00000 -1.00000 -0.00000
1637089830311753 0.99300 -0.11814 0.00000 -9.88936 -0.11814 -0.99300 0.00000 -0.39773 -0.00000 -0.00000 -1.00000 -0.00000
1637089830560779 0.99359 -0.11307 -0.00000 -10.84257 -0.11307 -0.99359 0.00000 -0.40519 -0.00000 -0.00000 -1.00000 -0.00000
1637089830809747 0.99457 -0.10408 0.00000 -11.86606 -0.10408 -0.99457 0.00000 -0.48957 -0.00000 -0.00000 -1.00000 -0.00000
1637089831058109 0.99453 -0.10450 0.00000 -12.95003 -0.10450 -0.99453 0.00000 -0.51488 -0.00000 -0.00000 -1.00000 -0.00000
1637089831307236 0.99444 -0.10529 0.00000 -14.07093 -0.10529 -0.99444 0.00000 -0.52114 -0.00000 -0.00000 -1.00000 -0.00000
1637089831556241 0.99433 -0.10630 0.00000 -15.17095 -0.10630 -0.99433 0.00000 -0.58127 -0.00000 -0.00000 -1.00000 -0.00000
1637089831804987 0.99415 -0.10802 0.00000 -16.39318 -0.10802 -0.99415 0.00000 -0.58093 -0.00000 -0.00000 -1.00000 -0.00000
1637089832053911 0.99427 -0.10687 0.00000 -17.72409 -0.10687 -0.99427 0.00000 -0.58192 -0.00000 -0.00000 -1.00000 -0.00000
1637089832302917 0.99471 -0.10276 0.00000 -19.08403 -0.10276 -0.99471 0.00000 -0.75502 -0.00000 -0.00000 -1.00000 -0.00000
1637089832551518 0.99544 -0.09537 -0.00000 -20.52560 -0.09537 -0.99544 0.00000 -0.91474 -0.00000 -0.00000 -1.00000 -0.00000
1637089832800426 0.99551 -0.09468 0.00000 -22.02899 -0.09468 -0.99551 0.00000 -0.92997 -0.00000 -0.00000 -1.00000 -0.00000
1637089833049354 0.99567 -0.09294 0.00000 -23.66398 -0.09294 -0.99567 0.00000 -1.07027 -0.00000 -0.00000 -1.00000 -0.00000
1637089833297979 0.99623 -0.08677 0.00000 -25.27007 -0.08677 -0.99623 0.00000 -1.25780 -0.00000 -0.00000 -1.00000 -0.00000
1637089833546914 0.99679 -0.08012 0.00000 -26.90934 -0.08012 -0.99679 0.00000 -1.43566 -0.00000 -0.00000 -1.00000 -0.00000
1637089833795608 0.99685 -0.07926 0.00000 -28.68918 -0.07926 -0.99685 0.00000 -1.50327 -0.00000 -0.00000 -1.00000 -0.00000
1637089834044682 0.99716 -0.07526 -0.00000 -30.40929 -0.07526 -0.99716 0.00000 -1.69850 -0.00000 -0.00000 -1.00000 -0.00000
1637089834293243 0.99784 -0.06573 0.00000 -32.20133 -0.06573 -0.99784 0.00000 -2.04080 -0.00000 -0.00000 -1.00000 -0.00000
1637089834542835 0.99869 -0.05117 0.00000 -33.99035 -0.05117 -0.99869 0.00000 -2.54874 -0.00000 -0.00000 -1.00000 -0.00000
1637089834791735 0.99935 -0.03598 0.00000 -35.73065 -0.03598 -0.99935 0.00000 -3.05759 -0.00000 -0.00000 -1.00000 -0.00000
1637089835040390 0.99967 -0.02562 0.00000 -37.61005 -0.02562 -0.99967 0.00000 -3.45911 -0.00000 -0.00000 -1.00000 -0.00000
1637089835289758 0.99989 -0.01480 0.00000 -39.46763 -0.01480 -0.99989 0.00000 -3.95035 -0.00000 -0.00000 -1.00000 -0.00000
1637089835538640 1.00000 -0.00166 0.00000 -41.37628 -0.00166 -1.00000 0.00000 -4.46222 -0.00000 -0.00000 -1.00000 -0.00000
1637089835787429 0.99998 0.00597 0.00000 -43.35190 0.00597 -0.99998 0.00000 -4.81247 0.00000 -0.00000 -1.00000 -0.00000
1637089836036740 0.99990 0.01415 -0.00000 -45.28805 0.01415 -0.99990 0.00000 -5.19885 0.00000 -0.00000 -1.00000 -0.00000
1637089836285418 0.99978 0.02108 0.00000 -47.34954 0.02108 -0.99978 0.00000 -5.60689 0.00000 -0.00000 -1.00000 -0.00000
1637089836534487 0.99973 0.02343 -0.00000 -49.45218 0.02343 -0.99973 0.00000 -5.79630 0.00000 -0.00000 -1.00000 -0.00000
1637089836782983 0.99965 0.02630 0.00000 -51.56832 0.02630 -0.99965 0.00000 -5.98621 0.00000 -0.00000 -1.00000 -0.00000
1637089837031985 0.99967 0.02579 0.00000 -53.72515 0.02579 -0.99967 0.00000 -6.00084 0.00000 -0.00000 -1.00000 -0.00000
1637089837280803 0.99963 0.02710 0.00000 -55.91318 0.02710 -0.99963 0.00000 -6.17058 0.00000 -0.00000 -1.00000 -0.00000
1637089837529557 0.99961 0.02805 0.00000 -58.16075 0.02805 -0.99961 0.00000 -6.27561 0.00000 -0.00000 -1.00000 -0.00000
1637089837778599 0.99945 0.03313 0.00000 -60.30410 0.03313 -0.99945 0.00000 -6.65368 0.00000 -0.00000 -1.00000 -0.00000
1637089838027317 0.99946 0.03293 0.00000 -62.53147 0.03293 -0.99946 0.00000 -6.67617 0.00000 -0.00000 -1.00000 -0.00000
1637089838276220 0.99952 0.03111 -0.00000 -64.74061 0.03111 -0.99952 0.00000 -6.55781 0.00000 -0.00000 -1.00000 -0.00000
1637089838525036 0.99951 0.03138 -0.00000 -66.93438 0.03138 -0.99951 0.00000 -6.62276 0.00000 -0.00000 -1.00000 -0.00000
1637089838773930 0.99960 0.02845 0.00000 -69.13785 0.02845 -0.99960 0.00000 -6.51414 0.00000 -0.00000 -1.00000 -0.00000
1637089839022571 0.99957 0.02925 0.00000 -71.30759 0.02925 -0.99957 0.00000 -6.54278 0.00000 -0.00000 -1.00000 -0.00000
1637089839271390 0.99974 0.02286 0.00000 -73.56000 0.02286 -0.99974 0.00000 -6.12576 0.00000 -0.00000 -1.00000 -0.00000
1637089839520055 0.99990 0.01402 0.00000 -75.73529 0.01402 -0.99990 0.00000 -5.52207 0.00000 -0.00000 -1.00000 -0.00000
1637089839768877 0.99999 -0.00516 0.00000 -77.96652 -0.00516 -0.99999 0.00000 -4.06333 -0.00000 -0.00000 -1.00000 -0.00000
1637089840018332 0.99951 -0.03131 0.00000 -80.16351 -0.03131 -0.99951 0.00000 -2.07661 -0.00000 -0.00000 -1.00000 -0.00000
1637089840266943 0.99779 -0.06647 -0.00000 -82.29425 -0.06647 -0.99779 0.00000 0.75478 -0.00000 -0.00000 -1.00000 0.00000
1637089840516220 0.99409 -0.10853 0.00000 -84.33977 -0.10853 -0.99409 0.00000 4.19342 -0.00000 -0.00000 -1.00000 0.00000
1637089840765214 0.98853 -0.15103 -0.00000 -86.16561 -0.15103 -0.98853 0.00000 7.78727 -0.00000 -0.00000 -1.00000 0.00000
1637089841014375 0.97986 -0.19970 -0.00000 -87.76484 -0.19970 -0.97986 0.00000 12.08696 -0.00000 -0.00000 -1.00000 0.00000
1637089841263075 0.96757 -0.25261 0.00000 -89.01207 -0.25261 -0.96757 0.00000 16.82745 -0.00000 -0.00000 -1.00000 0.00000
1637089841511835 0.95271 -0.30388 0.00000 -90.00240 -0.30388 -0.95271 0.00000 21.49722 -0.00000 -0.00000 -1.00000 0.00000
1637089841760526 0.93553 -0.35325 0.00000 -90.86075 -0.35325 -0.93553 0.00000 26.19177 -0.00000 -0.00000 -1.00000 0.00000
1637089842009136 0.91564 -0.40199 0.00000 -91.40420 -0.40199 -0.91564 0.00000 30.96842 -0.00000 -0.00000 -1.00000 0.00000
1637089842258421 0.89172 -0.45258 0.00000 -91.60711 -0.45258 -0.89172 0.00000 36.03869 -0.00000 -0.00000 -1.00000 0.00000
1637089842506772 0.86340 -0.50452 0.00000 -91.31916 -0.50452 -0.86340 0.00000 41.31016 -0.00000 -0.00000 -1.00000 0.00000
1637089842756242 0.82973 -0.55816 0.00000 -90.64279 -0.55816 -0.82973 0.00000 47.12947 -0.00000 -0.00000 -1.00000 0.00000
1637089843004967 0.79228 -0.61016 0.00000 -89.45627 -0.61016 -0.79228 0.00000 52.80703 -0.00000 -0.00000 -1.00000 0.00000
1637089843254137 0.74797 -0.66374 0.00000 -87.46837 -0.66374 -0.74797 0.00000 58.83899 -0.00000 -0.00000 -1.00000 0.00000
1637089843502639 0.69729 -0.71679 0.00000 -84.91706 -0.71679 -0.69729 0.00000 65.13658 -0.00000 -0.00000 -1.00000 0.00000
1637089843751671 0.64148 -0.76714 0.00000 -81.72174 -0.76714 -0.64148 0.00000 71.26695 -0.00000 -0.00000 -1.00000 0.00000
1637089844000818 0.58204 -0.81316 0.00000 -78.02569 -0.81316 -0.58204 0.00000 77.18133 -0.00000 -0.00000 -1.00000 0.00000
1637089844249686 0.52309 -0.85228 0.00000 -74.31108 -0.85228 -0.52309 0.00000 82.52597 -0.00000 -0.00000 -1.00000 0.00000
1637089844498615 0.46603 -0.88477 -0.00000 -70.71199 -0.88477 -0.46603 0.00000 87.18545 -0.00000 -0.00000 -1.00000 0.00000
1637089844747615 0.41424 -0.91017 -0.00000 -67.41285 -0.91017 -0.41424 0.00000 91.08908 -0.00000 -0.00000 -1.00000 0.00000
1637089844996259 0.37391 -0.92747 0.00000 -65.34158 -0.92747 -0.37391 0.00000 93.90371 -0.00000 -0.00000 -1.00000 0.00000
1637089845245065 0.34979 -0.93683 0.00000 -64.80474 -0.93683 -0.34979 0.00000 95.38278 -0.00000 -0.00000 -1.00000 0.00000
1637089845493649 0.34597 -0.93825 0.00000 -66.36073 -0.93825 -0.34597 0.00000 95.72214 -0.00000 -0.00000 -1.00000 0.00000
1637089845742387 0.34847 -0.93732 0.00000 -68.54796 -0.93732 -0.34847 0.00000 95.45673 -0.00000 -0.00000 -1.00000 0.00000
1637089845991163 0.35672 -0.93421 0.00000 -71.33784 -0.93421 -0.35672 0.00000 94.90440 -0.00000 -0.00000 -1.00000 0.00000
1637089846240032 0.36729 -0.93010 0.00000 -74.42879 -0.93010 -0.36729 0.00000 94.05838 -0.00000 -0.00000 -1.00000 0.00000
1637089846488599 0.37943 -0.92522 0.00000 -77.62905 -0.92522 -0.37943 0.00000 93.04280 -0.00000 -0.00000 -1.00000 0.00000
1637089846737571 0.39448 -0.91891 0.00000 -81.13658 -0.91891 -0.39448 0.00000 91.60213 -0.00000 -0.00000 -1.00000 0.00000
1637089846986468 0.41555 -0.90957 0.00000 -85.30808 -0.90957 -0.41555 0.00000 89.68840 -0.00000 -0.00000 -1.00000 0.00000
1637089847235349 0.43819 -0.89888 -0.00000 -89.61388 -0.89888 -0.43819 0.00000 87.45525 -0.00000 -0.00000 -1.00000 0.00000
1637089847484076 0.46176 -0.88701 0.00000 -93.94245 -0.88701 -0.46176 0.00000 85.01354 -0.00000 -0.00000 -1.00000 0.00000
1637089847733107 0.48670 -0.87357 0.00000 -98.41092 -0.87357 -0.48670 0.00000 82.32200 -0.00000 -0.00000 -1.00000 0.00000
1637089847981857 0.51225 -0.85884 0.00000 -102.80214 -0.85884 -0.51225 0.00000 79.21151 -0.00000 -0.00000 -1.00000 0.00000
1637089848230525 0.54010 -0.84160 0.00000 -107.39064 -0.84160 -0.54010 0.00000 75.75543 -0.00000 -0.00000 -1.00000 0.00000
1637089848479716 0.56772 -0.82322 0.00000 -111.97991 -0.82322 -0.56772 0.00000 72.15185 -0.00000 -0.00000 -1.00000 0.00000
1637089848728902 0.59499 -0.80374 0.00000 -116.32874 -0.80374 -0.59499 0.00000 68.25645 -0.00000 -0.00000 -1.00000 0.00000
1637089848977458 0.62038 -0.78430 0.00000 -120.50545 -0.78430 -0.62038 0.00000 64.43015 -0.00000 -0.00000 -1.00000 0.00000
1637089849225996 0.64448 -0.76462 0.00000 -124.47707 -0.76462 -0.64448 0.00000 60.61389 -0.00000 -0.00000 -1.00000 0.00000
1637089849475197 0.66545 -0.74644 0.00000 -128.03639 -0.74644 -0.66545 0.00000 56.97777 -0.00000 -0.00000 -1.00000 0.00000
1637089849723428 0.68003 -0.73319 0.00000 -131.29680 -0.73319 -0.68003 0.00000 54.53810 -0.00000 -0.00000 -1.00000 0.00000
1637089849972739 0.69694 -0.71713 0.00000 -134.40762 -0.71713 -0.69694 0.00000 51.40595 -0.00000 -0.00000 -1.00000 0.00000
1637089850221316 0.70756 -0.70666 0.00000 -137.13513 -0.70666 -0.70756 0.00000 49.38357 -0.00000 -0.00000 -1.00000 0.00000
1637089850470375 0.72016 -0.69380 0.00000 -139.93198 -0.69380 -0.72016 0.00000 46.82851 -0.00000 -0.00000 -1.00000 0.00000
1637089850719330 0.73159 -0.68174 0.00000 -142.57579 -0.68174 -0.73159 0.00000 44.46722 -0.00000 -0.00000 -1.00000 0.00000
1637089850967900 0.73757 -0.67528 0.00000 -144.95836 -0.67528 -0.73757 0.00000 43.15202 -0.00000 -0.00000 -1.00000 0.00000
1637089851216979 0.73551 -0.67751 0.00000 -146.76871 -0.67751 -0.73551 0.00000 43.55254 -0.00000 -0.00000 -1.00000 0.00000
1637089851465681 0.73318 -0.68003 0.00000 -148.39915 -0.68003 -0.73318 0.00000 44.04619 -0.00000 -0.00000 -1.00000 0.00000
1637089851714798 0.72856 -0.68499 0.00000 -149.93580 -0.68499 -0.72856 0.00000 45.00110 -0.00000 -0.00000 -1.00000 0.00000
1637089851963668 0.72547 -0.68825 0.00000 -151.42083 -0.68825 -0.72547 0.00000 45.65537 -0.00000 -0.00000 -1.00000 0.00000
1637089852212457 0.72680 -0.68685 0.00000 -153.16247 -0.68685 -0.72680 0.00000 45.35525 -0.00000 -0.00000 -1.00000 0.00000
1637089852461190 0.73930 -0.67337 0.00000 -155.50459 -0.67337 -0.73930 0.00000 42.51877 -0.00000 -0.00000 -1.00000 0.00000
1637089852709954 0.76782 -0.64067 0.00000 -158.68090 -0.64067 -0.76782 0.00000 35.67547 -0.00000 -0.00000 -1.00000 0.00000
1637089852958969 0.81281 -0.58253 0.00000 -162.27286 -0.58253 -0.81281 0.00000 23.79526 -0.00000 -0.00000 -1.00000 0.00000
1637089853207849 0.86437 -0.50286 0.00000 -165.05606 -0.50286 -0.86437 0.00000 8.25260 -0.00000 -0.00000 -1.00000 0.00000
1637089853456226 0.91595 -0.40130 0.00000 -166.04912 -0.40130 -0.91595 0.00000 -10.61290 -0.00000 -0.00000 -1.00000 -0.00000
1637089853705106 0.96068 -0.27767 0.00000 -164.35689 -0.27767 -0.96068 0.00000 -32.24863 -0.00000 -0.00000 -1.00000 -0.00000
1637089853954075 0.99084 -0.13501 0.00000 -158.99662 -0.13501 -0.99084 0.00000 -55.78072 -0.00000 -0.00000 -1.00000 -0.00000
1637089854202899 0.99985 0.01743 0.00000 -149.71355 0.01743 -0.99985 0.00000 -79.31607 0.00000 -0.00000 -1.00000 -0.00000
1637089854451627 0.98482 0.17357 0.00000 -136.40846 0.17357 -0.98482 0.00000 -101.75948 0.00000 -0.00000 -1.00000 -0.00000
1637089854700412 0.94302 0.33275 0.00000 -118.90097 0.33275 -0.94302 0.00000 -122.71032 0.00000 -0.00000 -1.00000 -0.00000
1637089854949105 0.87467 0.48471 -0.00000 -97.86660 0.48471 -0.87467 0.00000 -140.75935 0.00000 -0.00000 -1.00000 -0.00000
1637089855198110 0.77735 0.62907 0.00000 -73.03407 0.62907 -0.77735 0.00000 -155.64853 0.00000 -0.00000 -1.00000 -0.00000
1637089855446806 0.65095 0.75912 0.00000 -44.64853 0.75912 -0.65095 0.00000 -166.27045 0.00000 -0.00000 -1.00000 -0.00000
1637089855695477 0.49492 0.86894 0.00000 -13.34878 0.86894 -0.49492 0.00000 -171.72166 0.00000 -0.00000 -1.00000 -0.00000
1637089855944308 0.31432 0.94932 0.00000 19.56454 0.94932 -0.31432 0.00000 -171.03128 0.00000 -0.00000 -1.00000 -0.00000
1637089856193106 0.11396 0.99349 0.00000 52.87716 0.99349 -0.11396 0.00000 -163.42033 0.00000 -0.00000 -1.00000 -0.00000
1637089856441790 -0.09229 0.99573 0.00000 84.08905 0.99573 0.09229 0.00000 -149.04678 0.00000 0.00000 -1.00000 -0.00000
1637089856690897 -0.29080 0.95678 0.00000 111.09767 0.95678 0.29080 0.00000 -129.10399 0.00000 0.00000 -1.00000 -0.00000
1637089856939976 -0.47563 0.87964 0.00000 133.28637 0.87964 0.47563 0.00000 -104.42841 0.00000 0.00000 -1.00000 -0.00000
1637089857188790 -0.62836 0.77793 -0.00000 148.74056 0.77793 0.62836 0.00000 -78.20753 0.00000 0.00000 -1.00000 -0.00000
1637089857437560 -0.74847 0.66317 0.00000 158.23332 0.66317 0.74847 0.00000 -52.51774 0.00000 0.00000 -1.00000 -0.00000
1637089857686690 -0.83105 0.55620 -0.00000 162.41141 0.55620 0.83105 0.00000 -30.72576 0.00000 0.00000 -1.00000 -0.00000
1637089857935487 -0.88646 0.46281 0.00000 163.28506 0.46281 0.88646 0.00000 -13.01022 0.00000 0.00000 -1.00000 -0.00000
1637089858184546 -0.92441 0.38141 -0.00000 162.22250 0.38141 0.92441 0.00000 1.63918 0.00000 0.00000 -1.00000 0.00000
1637089858433810 -0.94436 0.32893 0.00000 160.29393 0.32893 0.94436 0.00000 10.80747 0.00000 0.00000 -1.00000 0.00000
1637089858682571 -0.95345 0.30156 0.00000 158.24409 0.30156 0.95345 0.00000 15.37750 0.00000 0.00000 -1.00000 0.00000
1637089858931608 -0.95866 0.28456 0.00000 156.29001 0.28456 0.95866 0.00000 18.26623 0.00000 0.00000 -1.00000 0.00000
1637089859180207 -0.96059 0.27798 0.00000 154.46160 0.27798 0.96059 0.00000 19.18589 0.00000 0.00000 -1.00000 0.00000
1637089859429069 -0.96143 0.27506 0.00000 152.68025 0.27506 0.96143 0.00000 19.75117 0.00000 0.00000 -1.00000 0.00000
1637089859678128 -0.95953 0.28159 0.00000 151.03511 0.28159 0.95953 0.00000 18.64554 0.00000 0.00000 -1.00000 0.00000
1637089859927100 -0.95203 0.30602 0.00000 149.66175 0.30602 0.95203 0.00000 14.79817 0.00000 0.00000 -1.00000 0.00000
1637089860176095 -0.93916 0.34349 0.00000 148.32140 0.34349 0.93916 0.00000 8.88637 0.00000 0.00000 -1.00000 0.00000
1637089860425014 -0.92249 0.38603 0.00000 146.71567 0.38603 0.92249 0.00000 1.96852 0.00000 0.00000 -1.00000 0.00000
1637089860673878 -0.90069 0.43446 0.00000 144.77759 0.43446 0.90069 0.00000 -5.76849 0.00000 0.00000 -1.00000 -0.00000
1637089860922940 -0.87209 0.48934 0.00000 142.27874 0.48934 0.87209 0.00000 -14.74831 0.00000 0.00000 -1.00000 -0.00000
1637089861171510 -0.84140 0.54041 0.00000 139.23435 0.54041 0.84140 0.00000 -23.23274 0.00000 0.00000 -1.00000 -0.00000
1637089861420495 -0.80670 0.59096 0.00000 135.53813 0.59096 0.80670 0.00000 -31.71282 0.00000 0.00000 -1.00000 -0.00000
1637089861669337 -0.76616 0.64265 0.00000 131.24337 0.64265 0.76616 0.00000 -40.61199 0.00000 0.00000 -1.00000 -0.00000
1637089861918245 -0.72071 0.69323 0.00000 126.16650 0.69323 0.72071 0.00000 -49.43990 0.00000 0.00000 -1.00000 -0.00000
1637089862167351 -0.67237 0.74021 0.00000 120.51144 0.74021 0.67237 0.00000 -57.87289 0.00000 0.00000 -1.00000 -0.00000
1637089862416091 -0.61992 0.78466 0.00000 114.21990 0.78466 0.61992 0.00000 -65.98761 0.00000 0.00000 -1.00000 -0.00000
1637089862665007 -0.56472 0.82528 0.00000 107.41420 0.82528 0.56472 0.00000 -73.71106 0.00000 0.00000 -1.00000 -0.00000
1637089862913784 -0.51297 0.85841 0.00000 100.65934 0.85841 0.51297 0.00000 -80.18778 0.00000 0.00000 -1.00000 -0.00000
1637089863162307 -0.46555 0.88502 0.00000 94.09278 0.88502 0.46555 0.00000 -85.55125 0.00000 0.00000 -1.00000 -0.00000
1637089863411377 -0.42293 0.90616 0.00000 87.85456 0.90616 0.42293 0.00000 -89.93070 0.00000 0.00000 -1.00000 -0.00000
1637089863660312 -0.39158 0.92014 0.00000 82.67311 0.92014 0.39158 0.00000 -93.02847 0.00000 0.00000 -1.00000 -0.00000
1637089863908634 -0.37098 0.92864 0.00000 78.46479 0.92864 0.37098 0.00000 -94.84991 0.00000 0.00000 -1.00000 -0.00000
1637089864158076 -0.35893 0.93336 0.00000 75.13797 0.93336 0.35893 0.00000 -95.93343 0.00000 0.00000 -1.00000 -0.00000
1637089864406862 -0.34886 0.93717 0.00000 72.03785 0.93717 0.34886 0.00000 -96.74712 0.00000 0.00000 -1.00000 -0.00000
1637089864655764 -0.34855 0.93729 0.00000 69.92867 0.93729 0.34855 0.00000 -96.87293 0.00000 0.00000 -1.00000 -0.00000
1637089864904670 -0.35215 0.93594 0.00000 68.18560 0.93594 0.35215 0.00000 -96.72081 0.00000 0.00000 -1.00000 -0.00000
1637089865153584 -0.36157 0.93234 0.00000 67.07484 0.93234 0.36157 0.00000 -96.00999 0.00000 0.00000 -1.00000 -0.00000
1637089865402120 -0.37602 0.92661 0.00000 66.50482 0.92661 0.37602 0.00000 -95.00624 0.00000 0.00000 -1.00000 -0.00000
1637089865651360 -0.39557 0.91844 0.00000 66.45327 0.91844 0.39557 0.00000 -93.62207 0.00000 0.00000 -1.00000 -0.00000
1637089865899708 -0.41824 0.90834 0.00000 66.72663 0.90834 0.41824 0.00000 -92.02250 0.00000 0.00000 -1.00000 -0.00000
1637089866148642 -0.45076 0.89265 0.00000 68.00996 0.89265 0.45076 0.00000 -89.56158 0.00000 0.00000 -1.00000 -0.00000
1637089866397345 -0.49576 0.86846 0.00000 70.48085 0.86846 0.49576 0.00000 -86.12506 0.00000 0.00000 -1.00000 -0.00000
1637089866646460 -0.54711 0.83706 0.00000 73.60828 0.83706 0.54711 0.00000 -81.77827 0.00000 0.00000 -1.00000 -0.00000
1637089866894968 -0.60181 0.79864 0.00000 77.04072 0.79864 0.60181 0.00000 -76.84942 0.00000 0.00000 -1.00000 -0.00000
1637089867143796 -0.66205 0.74946 -0.00000 80.91974 0.74946 0.66205 0.00000 -70.72990 0.00000 0.00000 -1.00000 -0.00000
1637089867392692 -0.72042 0.69354 0.00000 84.42546 0.69354 0.72042 0.00000 -64.04903 0.00000 0.00000 -1.00000 -0.00000
1637089867641757 -0.77550 0.63135 -0.00000 87.51340 0.63135 0.77550 0.00000 -56.91920 0.00000 0.00000 -1.00000 -0.00000
1637089867890362 -0.82208 0.56937 0.00000 89.72465 0.56937 0.82208 0.00000 -50.05901 0.00000 0.00000 -1.00000 -0.00000
1637089868139183 -0.86298 0.50524 0.00000 91.26733 0.50524 0.86298 0.00000 -43.14885 0.00000 0.00000 -1.00000 -0.00000
1637089868388034 -0.89858 0.43881 0.00000 92.34893 0.43881 0.89858 0.00000 -36.16291 0.00000 0.00000 -1.00000 -0.00000
1637089868637018 -0.92578 0.37806 0.00000 92.50881 0.37806 0.92578 0.00000 -29.97890 0.00000 0.00000 -1.00000 -0.00000
1637089868885392 -0.94809 0.31800 0.00000 92.28385 0.31800 0.94809 0.00000 -24.08200 0.00000 0.00000 -1.00000 -0.00000
1637089869134213 -0.96495 0.26244 0.00000 91.50119 0.26244 0.96495 0.00000 -18.68338 0.00000 0.00000 -1.00000 -0.00000
1637089869383279 -0.97682 0.21405 0.00000 90.34167 0.21405 0.97682 0.00000 -14.12356 0.00000 0.00000 -1.00000 -0.00000
1637089869631679 -0.98615 0.16587 0.00000 88.88372 0.16587 0.98615 0.00000 -9.78236 0.00000 0.00000 -1.00000 -0.00000
1637089869880872 -0.99278 0.11997 0.00000 87.13115 0.11997 0.99278 0.00000 -5.69936 0.00000 0.00000 -1.00000 -0.00000
1637089870130080 -0.99677 0.08036 0.00000 85.16555 0.08036 0.99677 0.00000 -2.25775 0.00000 0.00000 -1.00000 -0.00000
1637089870379273 -0.99884 0.04818 0.00000 83.10274 0.04818 0.99884 0.00000 0.50314 0.00000 0.00000 -1.00000 0.00000
1637089870628279 -0.99958 0.02900 -0.00000 80.89071 0.02900 0.99958 0.00000 2.01962 0.00000 0.00000 -1.00000 0.00000
1637089870877258 -0.99990 0.01398 0.00000 78.65304 0.01398 0.99990 0.00000 3.22045 0.00000 0.00000 -1.00000 0.00000
1637089871126358 -1.00000 -0.00083 0.00000 76.35900 -0.00083 1.00000 0.00000 4.36969 -0.00000 0.00000 -1.00000 0.00000
1637089871374778 -0.99994 -0.01135 0.00000 74.16887 -0.01135 0.99994 0.00000 5.19375 -0.00000 0.00000 -1.00000 0.00000
1637089871624074 -0.99984 -0.01764 0.00000 71.94250 -0.01764 0.99984 0.00000 5.55503 -0.00000 0.00000 -1.00000 0.00000
1637089871872981 -0.99973 -0.02344 0.00000 69.64030 -0.02344 0.99973 0.00000 5.90643 -0.00000 0.00000 -1.00000 0.00000
1637089872122076 -0.99955 -0.03007 -0.00000 67.45785 -0.03007 0.99955 0.00000 6.32952 -0.00000 0.00000 -1.00000 0.00000
1637089872370579 -0.99949 -0.03199 0.00000 65.24387 -0.03199 0.99949 0.00000 6.39782 -0.00000 0.00000 -1.00000 0.00000
1637089872619520 -0.99950 -0.03169 0.00000 63.08696 -0.03169 0.99950 0.00000 6.35519 -0.00000 0.00000 -1.00000 0.00000
1637089872868488 -0.99949 -0.03183 -0.00000 60.94470 -0.03183 0.99949 0.00000 6.32606 -0.00000 0.00000 -1.00000 0.00000
1637089873117737 -0.99940 -0.03473 0.00000 58.77634 -0.03473 0.99940 0.00000 6.43271 -0.00000 0.00000 -1.00000 0.00000
1637089873366947 -0.99944 -0.03354 0.00000 56.60965 -0.03354 0.99944 0.00000 6.25604 -0.00000 0.00000 -1.00000 0.00000
1637089873615787 -0.99943 -0.03373 0.00000 54.48169 -0.03373 0.99943 0.00000 6.20707 -0.00000 0.00000 -1.00000 0.00000
1637089873864716 -0.99935 -0.03603 -0.00000 52.40243 -0.03603 0.99935 0.00000 6.27549 -0.00000 0.00000 -1.00000 0.00000
1637089874113665 -0.99940 -0.03470 -0.00000 50.29821 -0.03470 0.99940 0.00000 6.17437 -0.00000 0.00000 -1.00000 0.00000
1637089874362621 -0.99931 -0.03720 0.00000 48.22727 -0.03720 0.99931 0.00000 6.26549 -0.00000 0.00000 -1.00000 0.00000
1637089874611648 -0.99932 -0.03698 0.00000 46.20090 -0.03698 0.99932 0.00000 6.28067 -0.00000 0.00000 -1.00000 0.00000
1637089874860554 -0.99950 -0.03149 0.00000 44.20536 -0.03149 0.99950 0.00000 5.90123 -0.00000 0.00000 -1.00000 0.00000
1637089875109452 -0.99972 -0.02358 0.00000 42.26391 -0.02358 0.99972 0.00000 5.52911 -0.00000 0.00000 -1.00000 0.00000
1637089875358334 -0.99989 -0.01495 0.00000 40.29669 -0.01495 0.99989 0.00000 5.17287 -0.00000 0.00000 -1.00000 0.00000
1637089875607678 -1.00000 -0.00066 0.00000 38.33511 -0.00066 1.00000 0.00000 4.51284 -0.00000 0.00000 -1.00000 0.00000
1637089875856647 -0.99986 0.01659 0.00000 36.45962 0.01659 0.99986 0.00000 3.88289 0.00000 0.00000 -1.00000 0.00000
1637089876105865 -0.99968 0.02546 0.00000 34.46624 0.02546 0.99968 0.00000 3.46738 0.00000 0.00000 -1.00000 0.00000
1637089876355140 -0.99926 0.03854 0.00000 32.51746 0.03854 0.99926 0.00000 2.93535 0.00000 0.00000 -1.00000 0.00000
1637089876604418 -0.99864 0.05211 0.00000 30.53582 0.05211 0.99864 0.00000 2.47870 0.00000 0.00000 -1.00000 0.00000
1637089876853308 -0.99820 0.06000 -0.00000 28.47391 0.06000 0.99820 0.00000 2.08827 0.00000 0.00000 -1.00000 0.00000
1637089877102442 -0.99776 0.06684 -0.00000 26.49057 0.06684 0.99776 0.00000 1.93492 0.00000 0.00000 -1.00000 0.00000
1637089877351185 -0.99736 0.07264 0.00000 24.45026 0.07264 0.99736 0.00000 1.70138 0.00000 0.00000 -1.00000 0.00000
1637089877600392 -0.99716 0.07534 0.00000 22.36762 0.07534 0.99716 0.00000 1.60423 0.00000 0.00000 -1.00000 0.00000
1637089877849283 -0.99684 0.07940 0.00000 20.26183 0.07940 0.99684 0.00000 1.48665 0.00000 0.00000 -1.00000 0.00000
1637089878098543 -0.99680 0.07992 0.00000 18.13414 0.07992 0.99680 0.00000 1.46452 0.00000 0.00000 -1.00000 0.00000
1637089878347017 -0.99661 0.08228 -0.00000 16.01202 0.08228 0.99661 0.00000 1.43624 0.00000 0.00000 -1.00000 0.00000
1637089878596570 -0.99651 0.08343 0.00000 13.93594 0.08343 0.99651 0.00000 1.38809 0.00000 0.00000 -1.00000 0.00000
1637089878845107 -0.99617 0.08739 0.00000 11.76143 0.08739 0.99617 0.00000 1.33438 0.00000 0.00000 -1.00000 0.00000
1637089879094377 -0.99588 0.09069 0.00000 9.64151 0.09069 0.99588 0.00000 1.20606 0.00000 0.00000 -1.00000 0.00000
1637089879343125 -0.99587 0.09074 0.00000 7.53881 0.09074 0.99587 0.00000 1.14558 0.00000 0.00000 -1.00000 0.00000
1637089879592094 -0.99574 0.09225 0.00000 5.46335 0.09225 0.99574 0.00000 1.11824 0.00000 0.00000 -1.00000 0.00000
1637089879840612 -0.99587 0.09079 0.00000 3.45115 0.09079 0.99587 0.00000 1.07328 0.00000 0.00000 -1.00000 0.00000
1637089880090054 -0.99579 0.09164 0.00000 1.54780 0.09164 0.99579 0.00000 1.09127 0.00000 0.00000 -1.00000 0.00000
1637089880338845 -0.99599 0.08942 0.00000 -0.42851 0.08942 0.99599 0.00000 0.98333 0.00000 0.00000 -1.00000 0.00000
1637089880587853 -0.99611 0.08814 0.00000 -2.37024 0.08814 0.99611 0.00000 0.92768 0.00000 0.00000 -1.00000 0.00000
1637089880836777 -0.99668 0.08143 0.00000 -4.23449 0.08143 0.99668 0.00000 0.93039 0.00000 0.00000 -1.00000 0.00000
1637089881085809 -0.99742 0.07181 0.00000 -6.10112 0.07181 0.99742 0.00000 0.74757 0.00000 0.00000 -1.00000 0.00000
1637089881334961 -0.99749 0.07075 -0.00000 -8.00788 0.07075 0.99749 0.00000 0.74989 0.00000 0.00000 -1.00000 0.00000
1637089881583664 -0.99789 0.06493 0.00000 -9.90355 0.06493 0.99789 0.00000 0.68566 0.00000 0.00000 -1.00000 0.00000
1637089881832961 -0.99817 0.06052 0.00000 -11.72093 0.06052 0.99817 0.00000 0.58465 0.00000 0.00000 -1.00000 0.00000
1637089882081835 -0.99868 0.05127 0.00000 -13.57746 0.05127 0.99868 0.00000 0.45166 0.00000 0.00000 -1.00000 0.00000
1637089882330894 -0.99868 0.05136 0.00000 -15.42515 0.05136 0.99868 0.00000 0.40065 0.00000 0.00000 -1.00000 0.00000
1637089882579870 -0.99884 0.04820 0.00000 -17.26206 0.04820 0.99884 0.00000 0.38158 0.00000 0.00000 -1.00000 0.00000
1637089882829112 -0.99907 0.04316 0.00000 -19.09469 0.04316 0.99907 0.00000 0.18695 0.00000 0.00000 -1.00000 0.00000
1637089883078006 -0.99922 0.03948 0.00000 -20.94956 0.03948 0.99922 0.00000 0.09280 0.00000 0.00000 -1.00000 0.00000
1637089883327173 -0.99932 0.03683 0.00000 -22.78226 0.03683 0.99932 0.00000 -0.06667 0.00000 0.00000 -1.00000 -0.00000
1637089883575824 -0.99940 0.03475 0.00000 -24.60695 0.03475 0.99940 0.00000 -0.16388 0.00000 0.00000 -1.00000 -0.00000
1637089883825155 -0.99944 0.03355 0.00000 -26.48999 0.03355 0.99944 0.00000 -0.21754 0.00000 0.00000 -1.00000 -0.00000
1637089884074079 -0.99949 0.03187 0.00000 -28.42277 0.03187 0.99949 0.00000 -0.23687 0.00000 0.00000 -1.00000 -0.00000
1637089884323143 -0.99959 0.02856 0.00000 -30.29960 0.02856 0.99959 0.00000 -0.38432 0.00000 0.00000 -1.00000 -0.00000
1637089884572051 -0.99965 0.02644 -0.00000 -32.35164 0.02644 0.99965 0.00000 -0.43984 0.00000 0.00000 -1.00000 -0.00000
1637089884820904 -0.99976 0.02210 0.00000 -34.30401 0.02210 0.99976 0.00000 -0.64947 0.00000 0.00000 -1.00000 -0.00000
1637089885070090 -0.99980 0.02023 0.00000 -36.39712 0.02023 0.99980 0.00000 -0.73052 0.00000 0.00000 -1.00000 -0.00000
1637089885318855 -0.99983 0.01865 0.00000 -38.39254 0.01865 0.99983 0.00000 -0.86016 0.00000 0.00000 -1.00000 -0.00000
1637089885567754 -0.99989 0.01462 0.00000 -40.41434 0.01462 0.99989 0.00000 -1.03149 0.00000 0.00000 -1.00000 -0.00000
1637089885816870 -0.99992 0.01294 -0.00000 -42.43437 0.01294 0.99992 0.00000 -1.11462 0.00000 0.00000 -1.00000 -0.00000
1637089886065480 -0.99996 0.00875 0.00000 -44.41076 0.00875 0.99996 0.00000 -1.35516 0.00000 0.00000 -1.00000 -0.00000
1637089886314584 -1.00000 0.00033 0.00000 -46.38302 0.00033 1.00000 0.00000 -1.74552 0.00000 0.00000 -1.00000 -0.00000
1637089886564224 -0.99998 -0.00548 0.00000 -48.27808 -0.00548 0.99998 0.00000 -2.06295 -0.00000 0.00000 -1.00000 -0.00000
1637089886813114 -0.99996 -0.00910 0.00000 -50.07132 -0.00910 0.99996 0.00000 -2.28808 -0.00000 0.00000 -1.00000 -0.00000
1637089887062319 -0.99988 -0.01540 0.00000 -51.90216 -0.01540 0.99988 0.00000 -2.59594 -0.00000 0.00000 -1.00000 -0.00000
1637089887311317 -0.99981 -0.01958 0.00000 -53.57940 -0.01958 0.99981 0.00000 -2.85811 -0.00000 0.00000 -1.00000 -0.00000
1637089887560039 -0.99964 -0.02687 0.00000 -55.16711 -0.02687 0.99964 0.00000 -3.23988 -0.00000 0.00000 -1.00000 -0.00000
1637089887809196 -0.99961 -0.02789 0.00000 -56.77084 -0.02789 0.99961 0.00000 -3.28217 -0.00000 0.00000 -1.00000 -0.00000
1637089888058366 -0.99974 -0.02299 0.00000 -58.26921 -0.02299 0.99974 0.00000 -3.05807 -0.00000 0.00000 -1.00000 -0.00000
1637089888307343 -0.99995 -0.01000 0.00000 -59.78513 -0.01000 0.99995 0.00000 -2.26866 -0.00000 0.00000 -1.00000 -0.00000
1637089888556399 -0.99987 0.01640 -0.00000 -61.15512 0.01640 0.99987 0.00000 -0.77172 0.00000 0.00000 -1.00000 -0.00000
1637089888805778 -0.99877 0.04962 0.00000 -62.37326 0.04962 0.99877 0.00000 1.27401 0.00000 0.00000 -1.00000 0.00000
1637089889054972 -0.99568 0.09281 0.00000 -63.51826 0.09281 0.99568 0.00000 3.90955 0.00000 0.00000 -1.00000 0.00000
1637089889304312 -0.98925 0.14625 -0.00000 -64.35091 0.14625 0.98925 0.00000 7.31647 0.00000 0.00000 -1.00000 0.00000
1637089889553002 -0.97740 0.21142 0.00000 -64.84920 0.21142 0.97740 0.00000 11.52067 0.00000 0.00000 -1.00000 0.00000
1637089889801976 -0.95830 0.28577 0.00000 -64.91634 0.28577 0.95830 0.00000 16.40685 0.00000 0.00000 -1.00000 0.00000
1637089890050904 -0.92567 0.37833 0.00000 -64.12308 0.37833 0.92567 0.00000 22.69544 0.00000 0.00000 -1.00000 0.00000
1637089890300548 -0.87998 0.47502 0.00000 -62.45393 0.47502 0.87998 0.00000 29.33116 0.00000 0.00000 -1.00000 0.00000
1637089890549494 -0.81661 0.57719 0.00000 -59.45481 0.57719 0.81661 0.00000 36.64375 0.00000 0.00000 -1.00000 0.00000
1637089890798571 -0.73489 0.67819 0.00000 -55.30654 0.67819 0.73489 0.00000 44.00549 0.00000 0.00000 -1.00000 0.00000
1637089891047637 -0.63541 0.77218 0.00000 -49.83013 0.77218 0.63541 0.00000 51.03754 0.00000 0.00000 -1.00000 0.00000
1637089891296562 -0.52539 0.85086 -0.00000 -43.62783 0.85086 0.52539 0.00000 57.29010 0.00000 0.00000 -1.00000 0.00000
1637089891545727 -0.40850 0.91276 -0.00000 -36.88276 0.91276 0.40850 0.00000 62.51791 0.00000 0.00000 -1.00000 0.00000
1637089891794436 -0.29167 0.95652 0.00000 -30.02348 0.95652 0.29167 0.00000 66.75120 0.00000 0.00000 -1.00000 0.00000
1637089892043149 -0.19752 0.98030 0.00000 -24.65029 0.98030 0.19752 0.00000 69.29166 0.00000 0.00000 -1.00000 0.00000
1637089892292330 -0.13170 0.99129 0.00000 -21.46612 0.99129 0.13170 0.00000 70.78782 0.00000 0.00000 -1.00000 0.00000
1637089892541095 -0.09029 0.99592 0.00000 -20.01877 0.99592 0.09029 0.00000 71.51884 0.00000 0.00000 -1.00000 0.00000
1637089892789835 -0.05649 0.99840 0.00000 -19.15317 0.99840 0.05649 0.00000 72.04424 0.00000 0.00000 -1.00000 0.00000
1637089893038664 -0.03451 0.99940 0.00000 -19.21364 0.99940 0.03451 0.00000 72.37821 0.00000 0.00000 -1.00000 0.00000
1637089893287925 -0.02352 0.99972 0.00000 -20.11671 0.99972 0.02352 0.00000 72.48060 0.00000 0.00000 -1.00000 0.00000
1637089893537014 -0.01455 0.99989 0.00000 -21.19366 0.99989 0.01455 0.00000 72.69609 0.00000 0.00000 -1.00000 0.00000
1637089893785763 -0.00826 0.99997 0.00000 -22.51487 0.99997 0.00826 0.00000 72.68442 0.00000 0.00000 -1.00000 0.00000
1637089894034887 -0.00406 0.99999 0.00000 -24.05428 0.99999 0.00406 0.00000 72.86102 0.00000 0.00000 -1.00000 0.00000
1637089894283679 -0.00260 1.00000 -0.00000 -25.78053 1.00000 0.00260 0.00000 72.69456 0.00000 0.00000 -1.00000 0.00000
1637089894532655 0.00268 1.00000 -0.00000 -27.26200 1.00000 -0.00268 0.00000 72.80562 0.00000 -0.00000 -1.00000 0.00000
1637089894781464 0.01580 0.99988 -0.00000 -28.19968 0.99988 -0.01580 0.00000 73.15378 0.00000 -0.00000 -1.00000 0.00000
1637089895030692 0.02327 0.99973 0.00000 -29.50509 0.99973 -0.02327 0.00000 73.27111 0.00000 -0.00000 -1.00000 0.00000
1637089895279573 0.03783 0.99928 0.00000 -30.35508 0.99928 -0.03783 0.00000 73.56081 0.00000 -0.00000 -1.00000 0.00000
1637089895528772 0.05837 0.99830 0.00000 -30.71034 0.99830 -0.05837 0.00000 74.21770 0.00000 -0.00000 -1.00000 0.00000
1637089895777446 0.07757 0.99699 0.00000 -31.19970 0.99699 -0.07757 0.00000 74.77087 0.00000 -0.00000 -1.00000 0.00000
1637089896026860 0.09680 0.99530 0.00000 -31.62106 0.99530 -0.09680 0.00000 75.30645 0.00000 -0.00000 -1.00000 0.00000
1637089896276048 0.10711 0.99425 -0.00000 -32.80558 0.99425 -0.10711 0.00000 75.48069 0.00000 -0.00000 -1.00000 0.00000
1637089896525446 0.11113 0.99381 -0.00000 -34.20997 0.99381 -0.11113 0.00000 75.65322 0.00000 -0.00000 -1.00000 0.00000
1637089896774418 0.11278 0.99362 0.00000 -36.04158 0.99362 -0.11278 0.00000 75.57441 0.00000 -0.00000 -1.00000 0.00000
1637089897023538 0.09962 0.99503 -0.00000 -38.87794 0.99503 -0.09962 0.00000 75.00334 0.00000 -0.00000 -1.00000 0.00000
1637089897272795 0.09016 0.99593 -0.00000 -41.40236 0.99593 -0.09016 0.00000 74.74284 0.00000 -0.00000 -1.00000 0.00000
1637089897522301 0.07548 0.99715 0.00000 -44.36656 0.99715 -0.07548 0.00000 74.00845 0.00000 -0.00000 -1.00000 0.00000
1637089897771589 0.06250 0.99804 0.00000 -47.27504 0.99804 -0.06250 0.00000 73.39355 0.00000 -0.00000 -1.00000 0.00000
1637089898020824 0.05100 0.99870 0.00000 -50.02542 0.99870 -0.05100 0.00000 72.77808 0.00000 -0.00000 -1.00000 0.00000
1637089898270478 0.04083 0.99917 0.00000 -52.74149 0.99917 -0.04083 0.00000 72.24234 0.00000 -0.00000 -1.00000 0.00000
1637089898519613 0.02835 0.99960 0.00000 -55.55766 0.99960 -0.02835 0.00000 71.49799 0.00000 -0.00000 -1.00000 0.00000
1637089898769191 0.02409 0.99971 0.00000 -57.84669 0.99971 -0.02409 0.00000 71.18439 0.00000 -0.00000 -1.00000 0.00000
1637089899018248 0.01589 0.99987 0.00000 -60.33099 0.99987 -0.01589 0.00000 70.70767 0.00000 -0.00000 -1.00000 0.00000
1637089899267121 0.00860 0.99996 0.00000 -62.82995 0.99996 -0.00860 0.00000 70.20177 0.00000 -0.00000 -1.00000 0.00000
1637089899516624 0.00164 1.00000 0.00000 -65.18911 1.00000 -0.00164 0.00000 69.78233 0.00000 -0.00000 -1.00000 0.00000
1637089899765741 -0.00034 1.00000 0.00000 -67.26473 1.00000 0.00034 0.00000 69.57640 0.00000 0.00000 -1.00000 0.00000
1637089900015049 -0.00537 0.99999 0.00000 -69.51368 0.99999 0.00537 0.00000 69.15746 0.00000 0.00000 -1.00000 0.00000
1637089900264250 -0.00826 0.99997 0.00000 -71.56682 0.99997 0.00826 0.00000 68.90584 0.00000 0.00000 -1.00000 0.00000
1637089900513712 -0.01552 0.99988 0.00000 -73.94869 0.99988 0.01552 0.00000 68.28244 0.00000 0.00000 -1.00000 0.00000
1637089900763201 -0.02172 0.99976 0.00000 -76.18442 0.99976 0.02172 0.00000 67.85498 0.00000 0.00000 -1.00000 0.00000
1637089901012262 -0.02580 0.99967 0.00000 -78.24453 0.99967 0.02580 0.00000 67.46613 0.00000 0.00000 -1.00000 0.00000
1637089901261405 -0.03421 0.99941 0.00000 -80.52750 0.99941 0.03421 0.00000 66.81036 0.00000 0.00000 -1.00000 0.00000
1637089901510799 -0.05284 0.99860 0.00000 -83.52272 0.99860 0.05284 0.00000 65.23017 0.00000 0.00000 -1.00000 0.00000
1637089901760185 -0.08457 0.99642 0.00000 -87.27522 0.99642 0.08457 0.00000 62.52071 0.00000 0.00000 -1.00000 0.00000
1637089902009525 -0.12735 0.99186 0.00000 -91.50758 0.99186 0.12735 0.00000 58.56538 0.00000 0.00000 -1.00000 0.00000
1637089902258516 -0.19252 0.98129 0.00000 -96.79703 0.98129 0.19252 0.00000 52.39433 0.00000 0.00000 -1.00000 0.00000
1637089902507622 -0.26347 0.96467 0.00000 -102.04138 0.96467 0.26347 0.00000 45.09408 0.00000 0.00000 -1.00000 0.00000
1637089902756854 -0.34839 0.93735 0.00000 -107.20429 0.93735 0.34839 0.00000 35.76300 0.00000 0.00000 -1.00000 0.00000
1637089903005825 -0.44227 0.89688 0.00000 -111.87018 0.89688 0.44227 0.00000 24.55967 0.00000 0.00000 -1.00000 0.00000
1637089903255011 -0.53994 0.84170 0.00000 -115.39188 0.84170 0.53994 0.00000 11.82113 0.00000 0.00000 -1.00000 0.00000
1637089903504256 -0.63638 0.77137 0.00000 -117.56632 0.77137 0.63638 0.00000 -2.02329 0.00000 0.00000 -1.00000 -0.00000
1637089903753245 -0.72390 0.68990 0.00000 -117.92826 0.68990 0.72390 0.00000 -16.12183 0.00000 0.00000 -1.00000 -0.00000
1637089904002578 -0.79790 0.60279 0.00000 -116.83052 0.60279 0.79790 0.00000 -29.45727 0.00000 0.00000 -1.00000 -0.00000
1637089904251967 -0.85716 0.51505 0.00000 -114.55982 0.51505 0.85716 0.00000 -41.73691 0.00000 0.00000 -1.00000 -0.00000
1637089904501363 -0.90133 0.43313 0.00000 -111.62462 0.43313 0.90133 0.00000 -52.21355 0.00000 0.00000 -1.00000 -0.00000
1637089904750888 -0.93273 0.36057 0.00000 -108.52673 0.36057 0.93273 0.00000 -60.81575 0.00000 0.00000 -1.00000 -0.00000
1637089905000341 -0.95460 0.29789 0.00000 -105.67289 0.29789 0.95460 0.00000 -67.92967 0.00000 0.00000 -1.00000 -0.00000
1637089905249476 -0.96959 0.24473 0.00000 -103.22133 0.24473 0.96959 0.00000 -73.72576 0.00000 0.00000 -1.00000 -0.00000
1637089905498548 -0.97898 0.20394 0.00000 -101.45835 0.20394 0.97898 0.00000 -78.01239 0.00000 0.00000 -1.00000 -0.00000
1637089905747845 -0.98310 0.18306 0.00000 -101.34578 0.18306 0.98310 0.00000 -80.26482 0.00000 0.00000 -1.00000 -0.00000
1637089905997895 -0.98293 0.18400 0.00000 -102.95842 0.18400 0.98293 0.00000 -80.15500 0.00000 0.00000 -1.00000 -0.00000
