1547120787769098 1.00000 0.00000 0.00000 -0.00000 0.00000 1.00000 0.00000 -0.00000 0.00000 0.00000 1.00000 -0.00000
1547120788016732 1.00000 -0.00007 0.00000 -0.00032 0.00007 1.00000 -0.00000 0.00100 -0.00000 0.00000 1.00000 0.00000
1547120788264695 1.00000 0.00008 -0.00000 -0.00047 -0.00008 1.00000 0.00000 -0.00450 0.00000 -0.00000 1.00000 0.00000
1547120788513789 1.00000 -0.00006 0.00000 0.00203 0.00006 1.00000 -0.00000 -0.00160 -0.00000 0.00000 1.00000 -0.00000
1547120788764096 1.00000 0.00007 -0.00000 0.00060 -0.00007 1.00000 0.00000 0.00115 0.00000 -0.00000 1.00000 0.00000
1547120789014720 1.00000 -0.00009 0.00000 -0.00140 0.00009 1.00000 -0.00000 -0.00159 -0.00000 0.00000 1.00000 0.00000
1547120789265342 1.00000 -0.00001 0.00000 -0.00371 0.00001 1.00000 -0.00000 0.00087 -0.00000 0.00000 1.00000 0.00000
1547120789515434 1.00000 0.00014 -0.00000 0.00199 -0.00014 1.00000 0.00000 0.00110 0.00000 -0.00000 1.00000 0.00000
1547120789765153 1.00000 0.00001 -0.00000 0.00188 -0.00001 1.00000 0.00000 0.00117 0.00000 -0.00000 1.00000 0.00000
1547120790015995 1.00000 -0.00006 0.00000 0.00031 0.00006 1.00000 -0.00000 -0.00078 -0.00000 0.00000 1.00000 -0.00000
1547120790267628 1.00000 -0.00028 0.00000 0.00105 0.00028 1.00000 -0.00000 0.00161 -0.00000 0.00000 1.00000 0.00000
1547120790519172 1.00000 -0.00013 0.00000 -0.00123 0.00013 1.00000 -0.00000 -0.00159 -0.00000 0.00000 1.00000 0.00000
1547120790770225 1.00000 -0.00009 0.00000 -0.00058 0.00009 1.00000 -0.00000 -0.00118 -0.00000 0.00000 1.00000 0.00000
1547120791021370 1.00000 -0.00008 0.00000 0.00018 0.00008 1.00000 -0.00000 0.00126 -0.00000 0.00000 1.00000 0.00000
1547120791273822 1.00000 0.00008 -0.00000 0.00205 -0.00008 1.00000 0.00000 -0.00324 0.00000 -0.00000 1.00000 0.00000
1547120791527537 1.00000 -0.00009 0.00000 0.00170 0.00009 1.00000 -0.00000 0.00302 -0.00000 0.00000 1.00000 0.00000
1547120791780077 1.00000 -0.00019 0.00000 -0.00133 0.00019 1.00000 -0.00000 -0.00157 -0.00000 0.00000 1.00000 0.00000
1547120792030807 1.00000 -0.00005 0.00000 -0.00034 0.00005 1.00000 -0.00000 0.00160 -0.00000 0.00000 1.00000 0.00000
1547120792279321 1.00000 0.00003 -0.00000 0.00322 -0.00003 1.00000 0.00000 0.00079 0.00000 -0.00000 1.00000 0.00000
1547120792526850 1.00000 -0.00007 0.00000 0.00367 0.00007 1.00000 -0.00000 0.00250 -0.00000 0.00000 1.00000 0.00000
1547120792774589 1.00000 0.00013 -0.00000 0.00179 -0.00013 1.00000 0.00000 -0.00343 0.00000 -0.00000 1.00000 0.00000
1547120793022159 1.00000 -0.00004 0.00000 0.00175 0.00004 1.00000 -0.00000 -0.00180 -0.00000 0.00000 1.00000 -0.00000
1547120793270216 1.00000 -0.00002 0.00000 -0.00064 0.00002 1.00000 -0.00000 -0.00305 -0.00000 0.00000 1.00000 0.00000
1547120793519397 1.00000 0.00010 -0.00000 0.00160 -0.00010 1.00000 0.00000 -0.00366 0.00000 -0.00000 1.00000 0.00000
1547120793770153 1.00000 0.00001 -0.00000 -0.00030 -0.00001 1.00000 0.00000 -0.00301 0.00000 -0.00000 1.00000 0.00000
1547120794021214 1.00000 -0.00007 0.00000 0.00142 0.00007 1.00000 -0.00000 -0.00131 -0.00000 0.00000 1.00000 -0.00000
1547120794271697 1.00000 0.00000 -0.00000 0.00122 -0.00000 1.00000 0.00000 -0.00292 0.00000 -0.00000 1.00000 0.00000
1547120794522110 1.00000 -0.00005 0.00000 -0.00120 0.00005 1.00000 -0.00000 0.00071 -0.00000 0.00000 1.00000 0.00000
1547120794772017 1.00000 0.00004 -0.00000 -0.00104 -0.00004 1.00000 0.00000 -0.00267 0.00000 -0.00000 1.00000 0.00000
1547120795021706 1.00000 -0.00010 0.00000 0.00207 0.00010 1.00000 -0.00000 -0.00043 -0.00000 0.00000 1.00000 -0.00000
1547120795272382 1.00000 -0.00006 0.00000 0.00204 0.00006 1.00000 -0.00000 -0.00054 -0.00000 0.00000 1.00000 -0.00000
1547120795524344 1.00000 -0.00011 0.00000 0.00136 0.00011 1.00000 -0.00000 0.00007 -0.00000 0.00000 1.00000 0.00000
1547120795776088 1.00000 -0.00012 0.00000 0.00071 0.00012 1.00000 -0.00000 0.00118 -0.00000 0.00000 1.00000 0.00000
1547120796027417 1.00000 -0.00003 0.00000 0.00487 0.00003 1.00000 -0.00000 0.00057 -0.00000 0.00000 1.00000 0.00000
1547120796278867 1.00000 -0.00010 0.00000 0.00202 0.00010 1.00000 -0.00000 0.00058 -0.00000 0.00000 1.00000 0.00000
1547120796531086 1.00000 -0.00012 0.00000 0.00249 0.00012 1.00000 -0.00000 0.00250 -0.00000 0.00000 1.00000 0.00000
1547120796784665 1.00000 -0.00009 0.00000 0.00145 0.00009 1.00000 -0.00000 0.00195 -0.00000 0.00000 1.00000 0.00000
1547120797037256 1.00000 0.00001 -0.00000 0.00039 -0.00001 1.00000 0.00000 -0.00097 0.00000 -0.00000 1.00000 0.00000
1547120797288016 1.00000 -0.00003 0.00000 0.00064 0.00003 1.00000 -0.00000 0.00018 -0.00000 0.00000 1.00000 0.00000
1547120797536537 1.00000 -0.00007 0.00000 -0.00002 0.00007 1.00000 -0.00000 -0.00027 -0.00000 0.00000 1.00000 0.00000
1547120797783307 1.00000 -0.00001 0.00000 -0.00154 0.00001 1.00000 -0.00000 -0.00003 -0.00000 0.00000 1.00000 0.00000
1547120798029640 1.00000 0.00010 -0.00000 -0.00006 -0.00010 1.00000 0.00000 -0.00200 0.00000 -0.00000 1.00000 0.00000
1547120798275872 1.00000 0.00013 -0.00000 -0.00105 -0.00013 1.00000 0.00000 0.00085 0.00000 -0.00000 1.00000 -0.00000
1547120798522809 1.00000 0.00005 -0.00000 0.00076 -0.00005 1.00000 0.00000 0.00298 0.00000 -0.00000 1.00000 0.00000
1547120798770766 1.00000 0.00008 -0.00000 -0.00064 -0.00008 1.00000 0.00000 0.00542 0.00000 -0.00000 1.00000 -0.00000
1547120799020087 1.00000 -0.00003 0.00000 0.00097 0.00003 1.00000 -0.00000 0.00100 -0.00000 0.00000 1.00000 0.00000
1547120799270373 1.00000 -0.00021 0.00000 -0.00101 0.00021 1.00000 -0.00000 0.00439 -0.00000 0.00000 1.00000 0.00000
1547120799520797 1.00000 -0.00001 0.00000 -0.00086 0.00001 1.00000 -0.00000 0.00256 -0.00000 0.00000 1.00000 0.00000
1547120799771135 1.00000 -0.00003 0.00000 0.00225 0.00003 1.00000 -0.00000 0.00323 -0.00000 0.00000 1.00000 0.00000
1547120800021300 1.00000 0.00012 -0.00000 0.00095 -0.00012 1.00000 0.00000 0.00304 0.00000 -0.00000 1.00000 0.00000
1547120800270994 1.00000 0.00003 -0.00000 0.00112 -0.00003 1.00000 0.00000 0.00574 0.00000 -0.00000 1.00000 0.00000
1547120800521390 1.00000 0.00003 -0.00000 0.00241 -0.00003 1.00000 0.00000 0.00424 0.00000 -0.00000 1.00000 0.00000
1547120800773180 1.00000 -0.00014 0.00000 0.00192 0.00014 1.00000 -0.00000 0.00088 -0.00000 0.00000 1.00000 0.00000
1547120801025067 1.00000 -0.00001 0.00000 0.00090 0.00001 1.00000 -0.00000 0.00264 -0.00000 0.00000 1.00000 0.00000
1547120801276376 1.00000 -0.00012 0.00000 0.00213 0.00012 1.00000 -0.00000 0.00036 -0.00000 0.00000 1.00000 0.00000
1547120801527482 1.00000 -0.00003 0.00000 0.00140 0.00003 1.00000 -0.00000 0.00063 -0.00000 0.00000 1.00000 0.00000
1547120801779350 1.00000 -0.00000 0.00000 0.00272 0.00000 1.00000 -0.00000 -0.00235 -0.00000 0.00000 1.00000 -0.00000
1547120802032933 1.00000 -0.00011 0.00000 0.00255 0.00011 1.00000 -0.00000 -0.00118 -0.00000 0.00000 1.00000 -0.00000
1547120802286448 1.00000 -0.00010 0.00000 0.00164 0.00010 1.00000 -0.00000 0.00049 -0.00000 0.00000 1.00000 0.00000
1547120802538505 1.00000 -0.00003 0.00000 0.00406 0.00003 1.00000 -0.00000 0.00174 -0.00000 0.00000 1.00000 0.00000
1547120802788785 1.00000 -0.00001 0.00000 0.00041 0.00001 1.00000 -0.00000 0.00324 -0.00000 0.00000 1.00000 0.00000
1547120803037246 1.00000 -0.00003 0.00000 0.00188 0.00003 1.00000 -0.00000 0.00077 -0.00000 0.00000 1.00000 0.00000
1547120803285165 1.00000 0.00012 -0.00000 0.00274 -0.00012 1.00000 0.00000 -0.00155 0.00000 -0.00000 1.00000 0.00000
1547120803532526 1.00000 -0.00009 0.00000 0.00202 0.00009 1.00000 -0.00000 0.00229 -0.00000 0.00000 1.00000 0.00000
1547120803779896 1.00000 -0.00008 0.00000 0.00208 0.00008 1.00000 -0.00000 -0.00008 -0.00000 0.00000 1.00000 -0.00000
1547120804027983 1.00000 -0.00006 0.00000 0.00145 0.00006 1.00000 -0.00000 0.00221 -0.00000 0.00000 1.00000 0.00000
1547120804277306 1.00000 -0.00013 0.00000 0.00095 0.00013 1.00000 -0.00000 0.00315 -0.00000 0.00000 1.00000 0.00000
1547120804527690 1.00000 -0.00009 0.00000 0.00240 0.00009 1.00000 -0.00000 0.00310 -0.00000 0.00000 1.00000 0.00000
1547120804778196 1.00000 -0.00014 0.00000 0.00325 0.00014 1.00000 -0.00000 0.00098 -0.00000 0.00000 1.00000 0.00000
1547120805028470 1.00000 -0.00007 0.00000 0.00237 0.00007 1.00000 -0.00000 0.00127 -0.00000 0.00000 1.00000 0.00000
1547120805278340 1.00000 -0.00004 0.00000 0.00081 0.00004 1.00000 -0.00000 0.00412 -0.00000 0.00000 1.00000 0.00000
1547120805527954 1.00000 -0.00001 0.00000 0.00101 0.00001 1.00000 -0.00000 0.00296 -0.00000 0.00000 1.00000 0.00000
1547120805778400 1.00000 -0.00005 0.00000 0.00245 0.00005 1.00000 -0.00000 0.00216 -0.00000 0.00000 1.00000 0.00000
1547120806030571 1.00000 -0.00001 0.00000 0.00070 0.00001 1.00000 -0.00000 0.00124 -0.00000 0.00000 1.00000 0.00000
1547120806282182 1.00000 -0.00008 0.00000 0.00084 0.00008 1.00000 -0.00000 0.00258 -0.00000 0.00000 1.00000 0.00000
1547120806533240 1.00000 0.00005 -0.00000 0.00032 -0.00005 1.00000 0.00000 0.00113 0.00000 -0.00000 1.00000 0.00000
1547120806784666 1.00000 -0.00005 0.00000 0.00094 0.00005 1.00000 -0.00000 -0.00260 -0.00000 0.00000 1.00000 -0.00000
1547120807036835 1.00000 -0.00017 0.00000 0.00046 0.00017 1.00000 -0.00000 0.00085 -0.00000 0.00000 1.00000 0.00000
1547120807290077 1.00000 -0.00017 0.00000 0.00083 0.00017 1.00000 -0.00000 0.00191 -0.00000 0.00000 1.00000 0.00000
1547120807543365 1.00000 -0.00017 0.00000 0.00260 0.00017 1.00000 -0.00000 0.00162 -0.00000 0.00000 1.00000 0.00000
1547120807795546 1.00000 0.00003 -0.00000 -0.00042 -0.00003 1.00000 0.00000 -0.00035 0.00000 -0.00000 1.00000 0.00000
1547120808046380 1.00000 0.00014 -0.00000 0.00324 -0.00014 1.00000 0.00000 -0.00267 0.00000 -0.00000 1.00000 0.00000
1547120808295145 1.00000 -0.00002 0.00000 0.00257 0.00002 1.00000 -0.00000 0.00314 -0.00000 0.00000 1.00000 0.00000
1547120808542747 1.00000 0.00015 -0.00000 -0.00101 -0.00015 1.00000 0.00000 0.00074 0.00000 -0.00000 1.00000 -0.00000
1547120808790558 1.00000 -0.00003 0.00000 -0.00062 0.00003 1.00000 -0.00000 0.00338 -0.00000 0.00000 1.00000 0.00000
1547120809038304 1.00000 -0.00003 0.00000 0.00007 0.00003 1.00000 -0.00000 0.00175 -0.00000 0.00000 1.00000 0.00000
1547120809286559 1.00000 0.00015 -0.00000 -0.00130 -0.00015 1.00000 0.00000 0.00261 0.00000 -0.00000 1.00000 -0.00000
1547120809535645 1.00000 -0.00012 0.00000 0.00050 0.00012 1.00000 -0.00000 0.00435 -0.00000 0.00000 1.00000 0.00000
1547120809785005 1.00000 0.00006 -0.00000 0.00049 -0.00006 1.00000 0.00000 0.00333 0.00000 -0.00000 1.00000 0.00000
1547120810034364 1.00000 0.00007 -0.00000 0.00059 -0.00007 1.00000 0.00000 0.00130 0.00000 -0.00000 1.00000 0.00000
1547120810283392 1.00000 0.00006 -0.00000 -0.00070 -0.00006 1.00000 0.00000 0.00341 0.00000 -0.00000 1.00000 -0.00000
1547120810531905 1.00000 0.00008 -0.00000 -0.00099 -0.00008 1.00000 0.00000 0.00205 0.00000 -0.00000 1.00000 -0.00000
1547120810780632 1.00000 0.00009 -0.00000 -0.00016 -0.00009 1.00000 0.00000 0.00337 0.00000 -0.00000 1.00000 -0.00000
1547120811030401 1.00000 0.00012 -0.00000 0.00090 -0.00012 1.00000 0.00000 -0.00122 0.00000 -0.00000 1.00000 0.00000
1547120811280903 1.00000 -0.00003 0.00000 -0.00059 0.00003 1.00000 -0.00000 0.00111 -0.00000 0.00000 1.00000 0.00000
1547120811530756 1.00000 0.00011 -0.00000 -0.00005 -0.00011 1.00000 0.00000 -0.00020 0.00000 -0.00000 1.00000 0.00000
1547120811780658 1.00000 -0.00002 0.00000 0.00076 0.00002 1.00000 -0.00000 0.00126 -0.00000 0.00000 1.00000 0.00000
1547120812030843 1.00000 -0.00004 0.00000 0.00004 0.00004 1.00000 -0.00000 0.00211 -0.00000 0.00000 1.00000 0.00000
1547120812281858 1.00000 0.00006 -0.00000 0.00064 -0.00006 1.00000 0.00000 -0.00147 0.00000 -0.00000 1.00000 0.00000
1547120812534039 1.00000 0.00006 -0.00000 0.00122 -0.00006 1.00000 0.00000 -0.00091 0.00000 -0.00000 1.00000 0.00000
1547120812785840 1.00000 -0.00006 0.00000 0.00045 0.00006 1.00000 -0.00000 0.00116 -0.00000 0.00000 1.00000 0.00000
1547120813037197 1.00000 0.00001 -0.00000 -0.00044 -0.00001 1.00000 0.00000 -0.00068 0.00000 -0.00000 1.00000 0.00000
1547120813288326 1.00000 0.00006 -0.00000 -0.00021 -0.00006 1.00000 0.00000 -0.00005 0.00000 -0.00000 1.00000 0.00000
1547120813539047 1.00000 0.00003 -0.00000 -0.00018 -0.00003 1.00000 0.00000 0.00019 0.00000 -0.00000 1.00000 -0.00000
1547120813789412 1.00000 -0.00012 0.00000 0.00136 0.00012 1.00000 -0.00000 0.00157 -0.00000 0.00000 1.00000 0.00000
1547120814039865 1.00000 0.00002 -0.00000 0.00283 -0.00002 1.00000 0.00000 -0.00049 0.00000 -0.00000 1.00000 0.00000
1547120814289695 1.00000 -0.00014 0.00000 -0.00066 0.00014 1.00000 -0.00000 0.00504 -0.00000 0.00000 1.00000 0.00000
1547120814539088 1.00000 -0.00012 0.00000 0.00016 0.00012 1.00000 -0.00000 0.00221 -0.00000 0.00000 1.00000 0.00000
1547120814788302 1.00000 -0.00005 0.00000 0.00077 0.00005 1.00000 -0.00000 0.00371 -0.00000 0.00000 1.00000 0.00000
1547120815037484 1.00000 0.00002 -0.00000 -0.00079 -0.00002 1.00000 0.00000 0.00163 0.00000 -0.00000 1.00000 -0.00000
1547120815286359 1.00000 -0.00012 0.00000 0.00330 0.00012 1.00000 -0.00000 0.00429 -0.00000 0.00000 1.00000 0.00000
1547120815534998 1.00000 -0.00004 0.00000 0.00231 0.00004 1.00000 -0.00000 0.00237 -0.00000 0.00000 1.00000 0.00000
1547120815783102 1.00000 -0.00000 0.00000 0.00175 0.00000 1.00000 -0.00000 0.00143 -0.00000 0.00000 1.00000 0.00000
1547120816031829 1.00000 -0.00007 0.00000 -0.00067 0.00007 1.00000 -0.00000 0.00477 -0.00000 0.00000 1.00000 0.00000
1547120816281636 1.00000 -0.00001 0.00000 0.00092 0.00001 1.00000 -0.00000 0.00176 -0.00000 0.00000 1.00000 0.00000
1547120816532047 1.00000 0.00008 -0.00000 0.00183 -0.00008 1.00000 0.00000 -0.00026 0.00000 -0.00000 1.00000 0.00000
1547120816781869 1.00000 0.00008 -0.00000 0.00016 -0.00008 1.00000 0.00000 0.00009 0.00000 -0.00000 1.00000 0.00000
1547120817031595 1.00000 -0.00011 0.00000 0.00236 0.00011 1.00000 -0.00000 0.00209 -0.00000 0.00000 1.00000 0.00000
1547120817281909 1.00000 -0.00004 0.00000 0.00204 0.00004 1.00000 -0.00000 0.00593 -0.00000 0.00000 1.00000 0.00000
1547120817533620 1.00000 -0.00009 0.00000 0.00075 0.00009 1.00000 -0.00000 0.00030 -0.00000 0.00000 1.00000 0.00000
1547120817785964 1.00000 -0.00011 0.00000 0.00010 0.00011 1.00000 -0.00000 0.00098 -0.00000 0.00000 1.00000 0.00000
1547120818037662 1.00000 -0.00004 0.00000 0.00046 0.00004 1.00000 -0.00000 0.00180 -0.00000 0.00000 1.00000 0.00000
1547120818289139 1.00000 0.00003 -0.00000 0.00266 -0.00003 1.00000 0.00000 0.00131 0.00000 -0.00000 1.00000 0.00000
1547120818540025 1.00000 -0.00011 0.00000 0.00325 0.00011 1.00000 -0.00000 0.00305 -0.00000 0.00000 1.00000 0.00000
1547120818790848 1.00000 0.00007 -0.00000 0.00138 -0.00007 1.00000 0.00000 -0.00006 0.00000 -0.00000 1.00000 0.00000
1547120819041322 1.00000 -0.00014 0.00000 0.00529 0.00014 1.00000 -0.00000 -0.00014 -0.00000 0.00000 1.00000 -0.00000
1547120819291660 1.00000 -0.00016 0.00000 0.00318 0.00016 1.00000 -0.00000 0.00248 -0.00000 0.00000 1.00000 0.00000
1547120819541459 1.00000 0.00001 -0.00000 0.00194 -0.00001 1.00000 0.00000 0.00198 0.00000 -0.00000 1.00000 0.00000
1547120819790848 1.00000 -0.00016 0.00000 0.00430 0.00016 1.00000 -0.00000 0.00169 -0.00000 0.00000 1.00000 0.00000
1547120820040282 1.00000 -0.00006 0.00000 0.00317 0.00006 1.00000 -0.00000 0.00433 -0.00000 0.00000 1.00000 0.00000
1547120820289262 1.00000 -0.00007 0.00000 0.00185 0.00007 1.00000 -0.00000 0.00468 -0.00000 0.00000 1.00000 0.00000
1547120820537944 1.00000 -0.00010 0.00000 0.00149 0.00010 1.00000 -0.00000 0.00379 -0.00000 0.00000 1.00000 0.00000
1547120820786206 1.00000 -0.00008 0.00000 0.00163 0.00008 1.00000 -0.00000 0.00226 -0.00000 0.00000 1.00000 0.00000
1547120821034859 1.00000 -0.00002 0.00000 -0.00062 0.00002 1.00000 -0.00000 -0.00223 -0.00000 0.00000 1.00000 0.00000
1547120821285060 1.00000 -0.00015 0.00000 0.00126 0.00015 1.00000 -0.00000 0.00364 -0.00000 0.00000 1.00000 0.00000
1547120821535732 1.00000 0.00011 -0.00000 0.00138 -0.00011 1.00000 0.00000 0.00228 0.00000 -0.00000 1.00000 0.00000
1547120821785583 1.00000 -0.00005 0.00000 0.00215 0.00005 1.00000 -0.00000 0.00432 -0.00000 0.00000 1.00000 0.00000
1547120822035615 1.00000 -0.00005 0.00000 -0.00059 0.00005 1.00000 -0.00000 0.00273 -0.00000 0.00000 1.00000 0.00000
1547120822286216 1.00000 0.00005 -0.00000 0.00177 -0.00005 1.00000 0.00000 0.00221 0.00000 -0.00000 1.00000 0.00000
1547120822538333 1.00000 0.00009 -0.00000 0.00255 -0.00009 1.00000 0.00000 0.00429 0.00000 -0.00000 1.00000 0.00000
1547120822790719 1.00000 -0.00020 0.00000 0.00294 0.00020 1.00000 -0.00000 -0.00009 -0.00000 0.00000 1.00000 -0.00000
1547120823042566 1.00000 -0.00001 0.00000 0.00118 0.00001 1.00000 -0.00000 0.00146 -0.00000 0.00000 1.00000 0.00000
1547120823293847 1.00000 -0.00016 0.00000 0.00147 0.00016 1.00000 -0.00000 -0.00579 -0.00000 0.00000 1.00000 -0.00000
1547120823544176 1.00000 -0.00015 0.00000 -0.00121 0.00015 1.00000 -0.00000 -0.00456 -0.00000 0.00000 1.00000 0.00000
1547120823793570 1.00000 0.00005 -0.00000 0.00089 -0.00005 1.00000 0.00000 -0.00274 0.00000 -0.00000 1.00000 0.00000
1547120824042763 1.00000 0.00002 -0.00000 0.00103 -0.00002 1.00000 0.00000 -0.00546 0.00000 -0.00000 1.00000 0.00000
1547120824291678 1.00000 0.00000 -0.00000 0.00145 -0.00000 1.00000 0.00000 -0.00092 0.00000 -0.00000 1.00000 0.00000
1547120824540328 1.00000 -0.00005 0.00000 -0.00005 0.00005 1.00000 -0.00000 0.00247 -0.00000 0.00000 1.00000 0.00000
1547120824788347 1.00000 -0.00005 0.00000 0.00197 0.00005 1.00000 -0.00000 0.00171 -0.00000 0.00000 1.00000 0.00000
1547120825036273 1.00000 -0.00005 0.00000 0.00229 0.00005 1.00000 -0.00000 -0.00180 -0.00000 0.00000 1.00000 -0.00000
1547120825284002 1.00000 0.00004 -0.00000 0.00300 -0.00004 1.00000 0.00000 -0.00166 0.00000 -0.00000 1.00000 0.00000
1547120825532574 1.00000 0.00009 -0.00000 0.00112 -0.00009 1.00000 0.00000 -0.00423 0.00000 -0.00000 1.00000 0.00000
1547120825782089 1.00000 -0.00013 0.00000 0.00307 0.00013 1.00000 -0.00000 0.00468 -0.00000 0.00000 1.00000 0.00000
1547120826031641 1.00000 0.00018 -0.00000 0.00193 -0.00018 1.00000 0.00000 0.00097 0.00000 -0.00000 1.00000 0.00000
1547120826282203 1.00000 0.00005 -0.00000 0.00130 -0.00005 1.00000 0.00000 -0.00063 0.00000 -0.00000 1.00000 0.00000
1547120826534081 1.00000 -0.00009 0.00000 0.00216 0.00009 1.00000 -0.00000 -0.00216 -0.00000 0.00000 1.00000 -0.00000
1547120826785862 1.00000 0.00001 -0.00000 0.00320 -0.00001 1.00000 0.00000 0.00205 0.00000 -0.00000 1.00000 0.00000
1547120827037246 1.00000 -0.00009 0.00000 0.00163 0.00009 1.00000 -0.00000 0.00029 -0.00000 0.00000 1.00000 0.00000
1547120827288425 1.00000 -0.00004 0.00000 0.00082 0.00004 1.00000 -0.00000 -0.00266 -0.00000 0.00000 1.00000 -0.00000
1547120827541001 1.00000 0.00009 -0.00000 -0.00240 -0.00009 1.00000 0.00000 -0.00281 0.00000 -0.00000 1.00000 0.00000
1547120827794051 1.00000 -0.00006 0.00000 0.00166 0.00006 1.00000 -0.00000 0.00162 -0.00000 0.00000 1.00000 0.00000
1547120828046040 1.00000 0.00003 -0.00000 0.00215 -0.00003 1.00000 0.00000 -0.00090 0.00000 -0.00000 1.00000 0.00000
1547120828296652 1.00000 -0.00006 0.00000 -0.00021 0.00006 1.00000 -0.00000 -0.00149 -0.00000 0.00000 1.00000 0.00000
1547120828545682 1.00000 0.00000 -0.00000 0.00096 -0.00000 1.00000 0.00000 0.00103 0.00000 -0.00000 1.00000 0.00000
1547120828793752 1.00000 0.00012 -0.00000 0.00116 -0.00012 1.00000 0.00000 -0.00096 0.00000 -0.00000 1.00000 0.00000
1547120829041490 1.00000 0.00019 -0.00000 0.00108 -0.00019 1.00000 0.00000 -0.00112 0.00000 -0.00000 1.00000 0.00000
1547120829289216 1.00000 0.00014 -0.00000 0.00272 -0.00014 1.00000 0.00000 -0.00108 0.00000 -0.00000 1.00000 0.00000
1547120829536763 1.00000 -0.00004 0.00000 0.00075 0.00004 1.00000 -0.00000 0.00265 -0.00000 0.00000 1.00000 0.00000
1547120829784784 1.00000 -0.00015 0.00000 0.00113 0.00015 1.00000 -0.00000 0.00225 -0.00000 0.00000 1.00000 0.00000
1547120830034262 1.00000 -0.00004 0.00000 0.00165 0.00004 1.00000 -0.00000 -0.00039 -0.00000 0.00000 1.00000 -0.00000
1547120830284504 1.00000 -0.00013 0.00000 0.00276 0.00013 1.00000 -0.00000 0.00057 -0.00000 0.00000 1.00000 0.00000
1547120830535245 1.00000 -0.00004 0.00000 0.00087 0.00004 1.00000 -0.00000 0.00092 -0.00000 0.00000 1.00000 0.00000
1547120830785804 1.00000 -0.00010 0.00000 0.00145 0.00010 1.00000 -0.00000 0.00385 -0.00000 0.00000 1.00000 0.00000
1547120831035687 1.00000 -0.00018 0.00000 0.00013 0.00018 1.00000 -0.00000 0.00402 -0.00000 0.00000 1.00000 0.00000
1547120831285198 1.00000 -0.00013 0.00000 0.00105 0.00013 1.00000 -0.00000 0.00261 -0.00000 0.00000 1.00000 0.00000
1547120831535170 1.00000 -0.00006 0.00000 0.00295 0.00006 1.00000 -0.00000 0.00140 -0.00000 0.00000 1.00000 0.00000
1547120831786963 1.00000 -0.00001 0.00000 0.00291 0.00001 1.00000 -0.00000 0.00117 -0.00000 0.00000 1.00000 0.00000
1547120832038912 1.00000 0.00000 -0.00000 0.00239 -0.00000 1.00000 0.00000 -0.00099 0.00000 -0.00000 1.00000 0.00000
1547120832290215 1.00000 0.00000 -0.00000 0.00322 -0.00000 1.00000 0.00000 -0.00186 0.00000 -0.00000 1.00000 0.00000
1547120832541352 1.00000 -0.00004 0.00000 0.00151 0.00004 1.00000 -0.00000 -0.00169 -0.00000 0.00000 1.00000 -0.00000
1547120832793497 1.00000 -0.00010 0.00000 0.00083 0.00010 1.00000 -0.00000 0.00136 -0.00000 0.00000 1.00000 0.00000
1547120833047136 1.00000 -0.00009 0.00000 0.00167 0.00009 1.00000 -0.00000 -0.00217 -0.00000 0.00000 1.00000 -0.00000
1547120833300359 1.00000 0.00013 -0.00000 -0.00020 -0.00013 1.00000 0.00000 -0.00464 0.00000 -0.00000 1.00000 0.00000
1547120833552531 1.00000 0.00012 -0.00000 0.00122 -0.00012 1.00000 0.00000 -0.00153 0.00000 -0.00000 1.00000 0.00000
1547120833802623 1.00000 0.00006 -0.00000 -0.00007 -0.00006 1.00000 0.00000 0.00269 0.00000 -0.00000 1.00000 -0.00000
1547120834050925 1.00000 0.00000 -0.00000 -0.00102 -0.00000 1.00000 0.00000 0.00225 0.00000 -0.00000 1.00000 -0.00000
1547120834298703 1.00000 0.00017 -0.00000 0.00056 -0.00017 1.00000 0.00000 -0.00256 0.00000 -0.00000 1.00000 0.00000
1547120834546375 1.00000 -0.00003 0.00000 0.00243 0.00003 1.00000 -0.00000 0.00072 -0.00000 0.00000 1.00000 0.00000
1547120834794008 1.00000 -0.00011 0.00000 0.00016 0.00011 1.00000 -0.00000 0.00022 -0.00000 0.00000 1.00000 0.00000
1547120835042089 1.00000 -0.00013 0.00000 0.00091 0.00013 1.00000 -0.00000 0.00090 -0.00000 0.00000 1.00000 0.00000
1547120835290957 1.00000 0.00006 -0.00000 0.00077 -0.00006 1.00000 0.00000 0.00088 0.00000 -0.00000 1.00000 0.00000
1547120835541038 1.00000 -0.00015 0.00000 0.00021 0.00015 1.00000 -0.00000 0.00286 -0.00000 0.00000 1.00000 0.00000
1547120835791382 1.00000 -0.00023 0.00000 0.00087 0.00023 1.00000 -0.00000 0.00076 -0.00000 0.00000 1.00000 0.00000
1547120836041547 1.00000 -0.00018 0.00000 0.00214 0.00018 1.00000 -0.00000 0.00172 -0.00000 0.00000 1.00000 0.00000
1547120836291403 1.00000 -0.00018 0.00000 -0.00061 0.00018 1.00000 -0.00000 0.00520 -0.00000 0.00000 1.00000 0.00000
1547120836541359 1.00000 -0.00005 0.00000 0.00112 0.00005 1.00000 -0.00000 0.00329 -0.00000 0.00000 1.00000 0.00000
1547120836792721 1.00000 -0.00011 0.00000 0.00084 0.00011 1.00000 -0.00000 0.00656 -0.00000 0.00000 1.00000 0.00000
1547120837045588 1.00000 -0.00007 0.00000 0.00294 0.00007 1.00000 -0.00000 0.00368 -0.00000 0.00000 1.00000 0.00000
1547120837296833 1.00000 -0.00006 0.00000 0.00123 0.00006 1.00000 -0.00000 0.00023 -0.00000 0.00000 1.00000 0.00000
1547120837546997 1.00000 -0.00015 0.00000 -0.00031 0.00015 1.00000 -0.00000 -0.00070 -0.00000 0.00000 1.00000 0.00000
1547120837798424 1.00000 -0.00002 0.00000 -0.00059 0.00002 1.00000 -0.00000 0.00128 -0.00000 0.00000 1.00000 0.00000
1547120838051350 1.00000 0.00010 -0.00000 -0.00187 -0.00010 1.00000 0.00000 0.00060 0.00000 -0.00000 1.00000 -0.00000
1547120838305056 1.00000 -0.00010 0.00000 0.00145 0.00010 1.00000 -0.00000 0.00153 -0.00000 0.00000 1.00000 0.00000
1547120838557257 1.00000 -0.00003 0.00000 0.00035 0.00003 1.00000 -0.00000 0.00280 -0.00000 0.00000 1.00000 0.00000
1547120838807651 1.00000 -0.00005 0.00000 0.00217 0.00005 1.00000 -0.00000 0.00143 -0.00000 0.00000 1.00000 0.00000
1547120839056323 1.00000 0.00010 -0.00000 -0.00059 -0.00010 1.00000 0.00000 -0.00143 0.00000 -0.00000 1.00000 0.00000
1547120839304064 1.00000 0.00004 -0.00000 -0.00190 -0.00004 1.00000 0.00000 -0.00031 0.00000 -0.00000 1.00000 0.00000
1547120839551750 1.00000 0.00005 -0.00000 -0.00118 -0.00005 1.00000 0.00000 0.00080 0.00000 -0.00000 1.00000 -0.00000
1547120839799418 1.00000 0.00012 -0.00000 0.00136 -0.00012 1.00000 0.00000 0.00320 0.00000 -0.00000 1.00000 0.00000
1547120840047482 1.00000 0.00002 -0.00000 0.00209 -0.00002 1.00000 0.00000 -0.00220 0.00000 -0.00000 1.00000 0.00000
1547120840296832 1.00000 -0.00005 0.00000 0.00093 0.00005 1.00000 -0.00000 -0.00026 -0.00000 0.00000 1.00000 -0.00000
1547120840547094 1.00000 -0.00011 0.00000 0.00397 0.00011 1.00000 -0.00000 -0.00384 -0.00000 0.00000 1.00000 -0.00000
1547120840797712 1.00000 -0.00004 0.00000 0.00198 0.00004 1.00000 -0.00000 0.00006 -0.00000 0.00000 1.00000 0.00000
1547120841048270 1.00000 -0.00009 0.00000 0.00377 0.00009 1.00000 -0.00000 0.00150 -0.00000 0.00000 1.00000 0.00000
1547120841298418 1.00000 -0.00005 0.00000 0.00238 0.00005 1.00000 -0.00000 0.00084 -0.00000 0.00000 1.00000 0.00000
1547120841548258 1.00000 -0.00001 0.00000 0.00122 0.00001 1.00000 -0.00000 0.00331 -0.00000 0.00000 1.00000 0.00000
1547120841798840 1.00000 -0.00007 0.00000 0.00126 0.00007 1.00000 -0.00000 0.00212 -0.00000 0.00000 1.00000 0.00000
1547120842050822 1.00000 -0.00012 0.00000 0.00143 0.00012 1.00000 -0.00000 0.00301 -0.00000 0.00000 1.00000 0.00000
1547120842302651 1.00000 -0.00012 0.00000 0.00021 0.00012 1.00000 -0.00000 0.00057 -0.00000 0.00000 1.00000 0.00000
1547120842553827 1.00000 -0.00013 0.00000 0.00130 0.00013 1.00000 -0.00000 0.00299 -0.00000 0.00000 1.00000 0.00000
1547120842805052 1.00000 -0.00022 0.00000 0.00056 0.00022 1.00000 -0.00000 0.00421 -0.00000 0.00000 1.00000 0.00000
1547120843057466 1.00000 -0.00021 0.00000 -0.00030 0.00021 1.00000 -0.00000 0.00350 -0.00000 0.00000 1.00000 0.00000
1547120843310662 1.00000 -0.00003 0.00000 -0.00098 0.00003 1.00000 -0.00000 0.00105 -0.00000 0.00000 1.00000 0.00000
1547120843562963 1.00000 0.00004 -0.00000 0.00200 -0.00004 1.00000 0.00000 0.00469 0.00000 -0.00000 1.00000 0.00000
1547120843813553 1.00000 0.00017 -0.00000 0.00064 -0.00017 1.00000 0.00000 0.00028 0.00000 -0.00000 1.00000 0.00000
1547120844062486 1.00000 -0.00010 0.00000 0.00106 0.00010 1.00000 -0.00000 0.00213 -0.00000 0.00000 1.00000 0.00000
1547120844310775 1.00000 0.00003 -0.00000 -0.00098 -0.00003 1.00000 0.00000 0.00162 0.00000 -0.00000 1.00000 -0.00000
1547120844558465 1.00000 0.00016 -0.00000 0.00192 -0.00016 1.00000 0.00000 0.00403 0.00000 -0.00000 1.00000 0.00000
1547120844806138 1.00000 0.00006 -0.00000 0.00325 -0.00006 1.00000 0.00000 0.00022 0.00000 -0.00000 1.00000 0.00000
1547120845054622 1.00000 0.00005 -0.00000 0.00179 -0.00005 1.00000 0.00000 0.00583 0.00000 -0.00000 1.00000 0.00000
1547120845304075 1.00000 0.00006 -0.00000 0.00156 -0.00006 1.00000 0.00000 0.00409 0.00000 -0.00000 1.00000 0.00000
1547120845553745 1.00000 -0.00004 0.00000 0.00161 0.00004 1.00000 -0.00000 0.00122 -0.00000 0.00000 1.00000 0.00000
1547120845803036 1.00000 0.00004 -0.00000 0.00192 -0.00004 1.00000 0.00000 -0.00054 0.00000 -0.00000 1.00000 0.00000
1547120846051944 1.00000 -0.00007 0.00000 -0.00003 0.00007 1.00000 -0.00000 0.00251 -0.00000 0.00000 1.00000 0.00000
1547120846300667 1.00000 -0.00006 0.00000 -0.00275 0.00006 1.00000 -0.00000 0.00094 -0.00000 0.00000 1.00000 0.00000
1547120846549074 1.00000 -0.00018 0.00000 -0.00165 0.00018 1.00000 -0.00000 0.00200 -0.00000 0.00000 1.00000 0.00000
1547120846797497 1.00000 -0.00006 0.00000 -0.00166 0.00006 1.00000 -0.00000 0.00253 -0.00000 0.00000 1.00000 0.00000
1547120847047307 1.00000 -0.00011 0.00000 0.00403 0.00011 1.00000 -0.00000 -0.00037 -0.00000 0.00000 1.00000 -0.00000
1547120847297612 1.00000 -0.00003 0.00000 -0.00051 0.00003 1.00000 -0.00000 0.00682 -0.00000 0.00000 1.00000 0.00000
1547120847547521 1.00000 0.00013 -0.00000 0.00191 -0.00013 1.00000 0.00000 -0.00131 0.00000 -0.00000 1.00000 0.00000
1547120847797456 1.00000 -0.00015 0.00000 -0.00194 0.00015 1.00000 -0.00000 0.00829 -0.00000 0.00000 1.00000 0.00000
1547120848047367 1.00000 0.00003 -0.00000 0.00055 -0.00003 1.00000 0.00000 0.00334 0.00000 -0.00000 1.00000 0.00000
1547120848298480 1.00000 -0.00011 0.00000 0.00163 0.00011 1.00000 -0.00000 0.00725 -0.00000 0.00000 1.00000 0.00000
1547120848550843 1.00000 -0.00006 0.00000 -0.00079 0.00006 1.00000 -0.00000 0.00457 -0.00000 0.00000 1.00000 0.00000
1547120848802886 1.00000 -0.00036 0.00000 0.00290 0.00036 1.00000 -0.00000 0.00154 -0.00000 0.00000 1.00000 0.00000
1547120849054140 1.00000 0.00005 -0.00000 -0.00198 -0.00005 1.00000 0.00000 -0.00128 0.00000 -0.00000 1.00000 0.00000
1547120849305053 1.00000 -0.00019 0.00000 0.00531 0.00019 1.00000 -0.00000 0.00211 -0.00000 0.00000 1.00000 0.00000
1547120849555592 1.00000 -0.00011 0.00000 0.00048 0.00011 1.00000 -0.00000 0.00526 -0.00000 0.00000 1.00000 0.00000
1547120849806318 1.00000 0.00007 -0.00000 -0.00003 -0.00007 1.00000 0.00000 0.00203 0.00000 -0.00000 1.00000 -0.00000
1547120850056860 1.00000 -0.00016 0.00000 -0.00225 0.00016 1.00000 -0.00000 0.00428 -0.00000 0.00000 1.00000 0.00000
1547120850306730 1.00000 0.00007 -0.00000 0.00015 -0.00007 1.00000 0.00000 0.00186 0.00000 -0.00000 1.00000 0.00000
1547120850556004 1.00000 0.00001 -0.00000 0.00172 -0.00001 1.00000 0.00000 0.00235 0.00000 -0.00000 1.00000 0.00000
1547120850804949 1.00000 0.00005 -0.00000 0.00322 -0.00005 1.00000 0.00000 0.00154 0.00000 -0.00000 1.00000 0.00000
1547120851053719 1.00000 -0.00005 0.00000 0.00146 0.00005 1.00000 -0.00000 0.00480 -0.00000 0.00000 1.00000 0.00000
1547120851302402 1.00000 0.00012 -0.00000 0.00237 -0.00012 1.00000 0.00000 -0.00342 0.00000 -0.00000 1.00000 0.00000
1547120851550780 1.00000 -0.00004 0.00000 0.00061 0.00004 1.00000 -0.00000 0.00093 -0.00000 0.00000 1.00000 0.00000
1547120851799417 1.00000 -0.00008 0.00000 -0.00013 0.00008 1.00000 -0.00000 0.00306 -0.00000 0.00000 1.00000 0.00000
1547120852049180 1.00000 -0.00023 0.00000 0.00084 0.00023 1.00000 -0.00000 0.00119 -0.00000 0.00000 1.00000 0.00000
1547120852299730 1.00000 -0.00010 0.00000 0.00165 0.00010 1.00000 -0.00000 0.00327 -0.00000 0.00000 1.00000 0.00000
1547120852549731 1.00000 -0.00018 0.00000 0.00359 0.00018 1.00000 -0.00000 0.00133 -0.00000 0.00000 1.00000 0.00000
1547120852799364 1.00000 0.00048 -0.00000 -0.00271 -0.00048 1.00000 0.00000 0.00520 0.00000 -0.00000 1.00000 -0.00000
1547120853049479 1.00000 0.00174 -0.00000 -0.01613 -0.00174 1.00000 0.00000 0.01378 0.00000 -0.00000 1.00000 -0.00000
1547120853301048 0.99999 0.00354 -0.00000 -0.04235 -0.00354 0.99999 0.00000 0.02319 0.00000 -0.00000 1.00000 -0.00000
1547120853553302 0.99996 0.00945 -0.00000 -0.07374 -0.00945 0.99996 0.00000 0.00627 0.00000 -0.00000 1.00000 -0.00000
1547120853805079 0.99985 0.01727 -0.00000 -0.14881 -0.01727 0.99985 0.00000 -0.01291 0.00000 -0.00000 1.00000 0.00000
1547120854056406 0.99955 0.02985 -0.00000 -0.24286 -0.02985 0.99955 0.00000 -0.01227 0.00000 -0.00000 1.00000 0.00000
1547120854307573 0.99893 0.04621 -0.00000 -0.38960 -0.04621 0.99893 0.00000 0.02624 0.00000 -0.00000 1.00000 -0.00000
1547120854558360 0.99757 0.06960 -0.00000 -0.58193 -0.06960 0.99757 0.00000 0.01443 0.00000 -0.00000 1.00000 0.00000
1547120854808518 0.99526 0.09721 -0.00000 -0.79020 -0.09721 0.99526 0.00000 -0.01593 0.00000 -0.00000 1.00000 0.00000
1547120855058531 0.99118 0.13253 -0.00000 -1.05772 -0.13253 0.99118 0.00000 -0.02163 0.00000 -0.00000 1.00000 0.00000
1547120855308496 0.98559 0.16916 -0.00000 -1.38686 -0.16916 0.98559 0.00000 -0.02345 0.00000 -0.00000 1.00000 0.00000
1547120855557955 0.97814 0.20792 -0.00000 -1.77161 -0.20792 0.97814 0.00000 0.01631 0.00000 -0.00000 1.00000 0.00000
1547120855806873 0.97018 0.24238 -0.00000 -2.22321 -0.24238 0.97018 0.00000 0.08561 0.00000 -0.00000 1.00000 0.00000
1547120856055826 0.96204 0.27291 -0.00000 -2.74578 -0.27291 0.96204 0.00000 0.12763 0.00000 -0.00000 1.00000 0.00000
1547120856305224 0.95572 0.29429 -0.00000 -3.33545 -0.29429 0.95572 0.00000 0.18400 0.00000 -0.00000 1.00000 0.00000
1547120856553889 0.95523 0.29587 -0.00000 -4.01291 -0.29587 0.95523 0.00000 0.23417 0.00000 -0.00000 1.00000 0.00000
1547120856801856 0.95891 0.28371 -0.00000 -4.73996 -0.28371 0.95891 0.00000 0.23262 0.00000 -0.00000 1.00000 0.00000
1547120857051166 0.96345 0.26790 -0.00000 -5.60589 -0.26790 0.96345 0.00000 0.11697 0.00000 -0.00000 1.00000 0.00000
1547120857301208 0.97048 0.24118 -0.00000 -6.48334 -0.24118 0.97048 0.00000 0.04314 0.00000 -0.00000 1.00000 0.00000
1547120857550653 0.97671 0.21455 -0.00000 -7.49204 -0.21455 0.97671 0.00000 -0.15445 0.00000 -0.00000 1.00000 0.00000
1547120857800508 0.98182 0.18983 -0.00000 -8.54586 -0.18983 0.98182 0.00000 -0.29908 0.00000 -0.00000 1.00000 0.00000
1547120858050213 0.98561 0.16902 -0.00000 -9.63419 -0.16902 0.98561 0.00000 -0.44361 0.00000 -0.00000 1.00000 0.00000
1547120858300055 0.98914 0.14697 -0.00000 -10.84910 -0.14697 0.98914 0.00000 -0.64440 0.00000 -0.00000 1.00000 0.00000
1547120858549837 0.99216 0.12494 -0.00000 -12.11657 -0.12494 0.99216 0.00000 -0.85240 0.00000 -0.00000 1.00000 0.00000
1547120858800157 0.99392 0.11010 -0.00000 -13.47132 -0.11010 0.99392 0.00000 -1.03425 0.00000 -0.00000 1.00000 0.00000
1547120859051930 0.99522 0.09769 -0.00000 -14.88884 -0.09769 0.99522 0.00000 -1.14184 0.00000 -0.00000 1.00000 0.00000
1547120859303081 0.99609 0.08830 -0.00000 -16.34106 -0.08830 0.99609 0.00000 -1.24548 0.00000 -0.00000 1.00000 0.00000
1547120859554126 0.99703 0.07698 -0.00000 -17.84041 -0.07698 0.99703 0.00000 -1.45476 0.00000 -0.00000 1.00000 0.00000
1547120859805212 0.99788 0.06505 -0.00000 -19.42016 -0.06505 0.99788 0.00000 -1.64122 0.00000 -0.00000 1.00000 0.00000
1547120860055582 0.99829 0.05850 -0.00000 -20.99904 -0.05850 0.99829 0.00000 -1.68595 0.00000 -0.00000 1.00000 0.00000
1547120860305586 0.99850 0.05467 -0.00000 -22.64802 -0.05467 0.99850 0.00000 -1.76649 0.00000 -0.00000 1.00000 0.00000
1547120860555428 0.99871 0.05074 -0.00000 -24.32512 -0.05074 0.99871 0.00000 -1.84574 0.00000 -0.00000 1.00000 0.00000
1547120860804440 0.99893 0.04633 -0.00000 -26.01668 -0.04633 0.99893 0.00000 -1.96613 0.00000 -0.00000 1.00000 0.00000
1547120861053940 0.99913 0.04179 -0.00000 -27.72926 -0.04179 0.99913 0.00000 -2.02601 0.00000 -0.00000 1.00000 0.00000
1547120861302992 0.99914 0.04155 -0.00000 -29.46135 -0.04155 0.99914 0.00000 -2.06623 0.00000 -0.00000 1.00000 0.00000
1547120861551517 0.99886 0.04779 -0.00000 -31.22329 -0.04779 0.99886 0.00000 -1.83461 0.00000 -0.00000 1.00000 0.00000
1547120861799957 0.99861 0.05270 -0.00000 -33.01465 -0.05270 0.99861 0.00000 -1.68529 0.00000 -0.00000 1.00000 0.00000
1547120862048022 0.99824 0.05927 -0.00000 -34.82389 -0.05927 0.99824 0.00000 -1.42320 0.00000 -0.00000 1.00000 0.00000
1547120862297013 0.99809 0.06176 -0.00000 -36.63492 -0.06176 0.99809 0.00000 -1.32965 0.00000 -0.00000 1.00000 0.00000
1547120862547596 0.99816 0.06060 -0.00000 -38.50172 -0.06060 0.99816 0.00000 -1.29940 0.00000 -0.00000 1.00000 0.00000
1547120862797755 0.99826 0.05892 -0.00000 -40.36604 -0.05892 0.99826 0.00000 -1.30773 0.00000 -0.00000 1.00000 0.00000
1547120863047278 0.99820 0.06004 -0.00000 -42.24946 -0.06004 0.99820 0.00000 -1.23315 0.00000 -0.00000 1.00000 0.00000
1547120863296520 0.99798 0.06354 -0.00000 -44.13741 -0.06354 0.99798 0.00000 -1.08608 0.00000 -0.00000 1.00000 0.00000
1547120863547696 0.99752 0.07038 -0.00000 -46.08187 -0.07038 0.99752 0.00000 -0.67704 0.00000 -0.00000 1.00000 0.00000
1547120863799870 0.99730 0.07345 -0.00000 -48.01732 -0.07345 0.99730 0.00000 -0.51463 0.00000 -0.00000 1.00000 0.00000
1547120864050982 0.99701 0.07723 -0.00000 -49.99033 -0.07723 0.99701 0.00000 -0.35877 0.00000 -0.00000 1.00000 0.00000
1547120864301986 0.99673 0.08075 -0.00000 -51.96533 -0.08075 0.99673 0.00000 -0.13973 0.00000 -0.00000 1.00000 0.00000
1547120864552855 0.99676 0.08046 -0.00000 -53.94796 -0.08046 0.99676 0.00000 -0.11120 0.00000 -0.00000 1.00000 0.00000
1547120864803556 0.99709 0.07627 -0.00000 -55.94591 -0.07627 0.99709 0.00000 -0.28692 0.00000 -0.00000 1.00000 0.00000
1547120865053725 0.99744 0.07144 -0.00000 -57.97215 -0.07144 0.99744 0.00000 -0.48206 0.00000 -0.00000 1.00000 0.00000
1547120865303443 0.99773 0.06728 -0.00000 -59.97972 -0.06728 0.99773 0.00000 -0.72394 0.00000 -0.00000 1.00000 0.00000
1547120865553008 0.99792 0.06450 -0.00000 -61.99437 -0.06450 0.99792 0.00000 -0.82499 0.00000 -0.00000 1.00000 0.00000
1547120865802141 0.99809 0.06184 -0.00000 -64.03882 -0.06184 0.99809 0.00000 -0.91546 0.00000 -0.00000 1.00000 0.00000
1547120866050895 0.99825 0.05913 -0.00000 -66.10635 -0.05913 0.99825 0.00000 -1.01226 0.00000 -0.00000 1.00000 0.00000
1547120866299413 0.99864 0.05214 -0.00000 -68.14510 -0.05214 0.99864 0.00000 -1.46112 0.00000 -0.00000 1.00000 0.00000
1547120866547889 0.99882 0.04857 -0.00000 -70.18030 -0.04857 0.99882 0.00000 -1.74052 0.00000 -0.00000 1.00000 0.00000
1547120866796493 0.99920 0.04009 -0.00000 -72.17567 -0.04009 0.99920 0.00000 -2.30525 0.00000 -0.00000 1.00000 0.00000
1547120867046439 0.99945 0.03318 -0.00000 -74.25060 -0.03318 0.99945 0.00000 -2.72041 0.00000 -0.00000 1.00000 0.00000
1547120867296638 0.99961 0.02788 -0.00000 -76.27247 -0.02788 0.99961 0.00000 -3.08652 0.00000 -0.00000 1.00000 0.00000
1547120867546159 0.99974 0.02292 -0.00000 -78.30938 -0.02292 0.99974 0.00000 -3.41533 0.00000 -0.00000 1.00000 0.00000
1547120867796056 0.99982 0.01890 -0.00000 -80.38009 -0.01890 0.99982 0.00000 -3.65353 0.00000 -0.00000 1.00000 0.00000
1547120868047187 0.99989 0.01500 -0.00000 -82.39564 -0.01500 0.99989 0.00000 -4.00252 0.00000 -0.00000 1.00000 0.00000
1547120868299103 0.99991 0.01337 -0.00000 -84.51033 -0.01337 0.99991 0.00000 -4.11096 0.00000 -0.00000 1.00000 0.00000
1547120868550316 0.99987 0.01641 -0.00000 -86.60417 -0.01641 0.99987 0.00000 -3.81930 0.00000 -0.00000 1.00000 0.00000
1547120868801013 0.99980 0.01982 -0.00000 -88.67177 -0.01982 0.99980 0.00000 -3.46862 0.00000 -0.00000 1.00000 0.00000
1547120869051543 0.99978 0.02103 -0.00000 -90.80275 -0.02103 0.99978 0.00000 -3.30905 0.00000 -0.00000 1.00000 0.00000
1547120869301605 0.99961 0.02800 -0.00000 -92.81640 -0.02800 0.99961 0.00000 -2.65079 0.00000 -0.00000 1.00000 0.00000
1547120869551398 0.99946 0.03290 -0.00000 -94.90205 -0.03290 0.99946 0.00000 -2.14846 0.00000 -0.00000 1.00000 0.00000
1547120869801162 0.99917 0.04082 -0.00000 -97.00449 -0.04082 0.99917 0.00000 -1.28726 0.00000 -0.00000 1.00000 0.00000
1547120870050426 0.99890 0.04691 -0.00000 -99.08053 -0.04691 0.99890 0.00000 -0.75306 0.00000 -0.00000 1.00000 0.00000
1547120870299556 0.99835 0.05743 -0.00000 -101.12128 -0.05743 0.99835 0.00000 0.28811 0.00000 -0.00000 1.00000 0.00000
1547120870548510 0.99799 0.06345 -0.00000 -103.17798 -0.06345 0.99799 0.00000 0.95896 0.00000 -0.00000 1.00000 0.00000
1547120870797225 0.99748 0.07097 -0.00000 -105.21107 -0.07097 0.99748 0.00000 1.78125 0.00000 -0.00000 1.00000 0.00000
1547120871045838 0.99708 0.07637 -0.00000 -107.24695 -0.07637 0.99708 0.00000 2.41864 0.00000 -0.00000 1.00000 0.00000
1547120871294076 0.99669 0.08133 -0.00000 -109.30733 -0.08133 0.99669 0.00000 2.98339 0.00000 -0.00000 1.00000 0.00000
1547120871542891 0.99643 0.08446 -0.00000 -111.30890 -0.08446 0.99643 0.00000 3.35223 0.00000 -0.00000 1.00000 0.00000
1547120871792444 0.99597 0.08969 -0.00000 -113.31775 -0.08969 0.99597 0.00000 4.00490 0.00000 -0.00000 1.00000 0.00000
1547120872042355 0.99559 0.09377 -0.00000 -115.33591 -0.09377 0.99559 0.00000 4.47618 0.00000 -0.00000 1.00000 0.00000
1547120872292140 0.99541 0.09571 -0.00000 -117.36381 -0.09571 0.99541 0.00000 4.72735 0.00000 -0.00000 1.00000 0.00000
1547120872541909 0.99530 0.09680 -0.00000 -119.34894 -0.09680 0.99530 0.00000 4.86141 0.00000 -0.00000 1.00000 0.00000
1547120872791603 0.99489 0.10093 -0.00000 -121.34949 -0.10093 0.99489 0.00000 5.39169 0.00000 -0.00000 1.00000 0.00000
