1606417097528151 1.00000 0.00000 0.00000 -0.00000 0.00000 -1.00000 0.00000 0.00000 0.00000 -0.00000 -1.00000 0.00000
1606417097778155 1.00000 -0.00231 0.00000 0.00129 -0.00231 -1.00000 0.00000 0.02760 -0.00000 -0.00000 -1.00000 0.00000
1606417098028163 1.00000 -0.00186 0.00000 0.00790 -0.00186 -1.00000 0.00000 0.02269 -0.00000 -0.00000 -1.00000 0.00000
1606417098278165 1.00000 -0.00118 -0.00000 -0.00484 -0.00118 -1.00000 0.00000 0.01534 -0.00000 -0.00000 -1.00000 0.00000
1606417098528170 1.00000 -0.00295 -0.00000 -0.01420 -0.00295 -1.00000 0.00000 0.02018 -0.00000 -0.00000 -1.00000 0.00000
1606417098778172 0.99999 -0.00479 0.00000 -0.00623 -0.00479 -0.99999 0.00000 0.00140 -0.00000 -0.00000 -1.00000 0.00000
1606417099028175 0.99991 -0.01368 -0.00000 -0.00894 -0.01368 -0.99991 0.00000 0.00376 -0.00000 -0.00000 -1.00000 0.00000
1606417099278172 0.99998 -0.00581 0.00000 -0.02110 -0.00581 -0.99998 0.00000 0.04067 -0.00000 -0.00000 -1.00000 0.00000
1606417099528182 0.99997 -0.00725 0.00000 0.01635 -0.00725 -0.99997 0.00000 0.01720 -0.00000 -0.00000 -1.00000 0.00000
1606417099778184 1.00000 -0.00219 0.00000 0.01263 -0.00219 -1.00000 0.00000 -0.02699 -0.00000 -0.00000 -1.00000 -0.00000
1606417100028811 1.00000 -0.00272 0.00000 0.00270 -0.00272 -1.00000 0.00000 0.02058 -0.00000 -0.00000 -1.00000 0.00000
1606417100278814 1.00000 -0.00203 0.00000 0.00884 -0.00203 -1.00000 0.00000 -0.03156 -0.00000 -0.00000 -1.00000 -0.00000
1606417100529448 0.99999 -0.00355 -0.00000 0.01282 -0.00355 -0.99999 0.00000 0.01702 -0.00000 -0.00000 -1.00000 0.00000
1606417100779458 0.99996 -0.00850 0.00000 0.00806 -0.00850 -0.99996 0.00000 0.04760 -0.00000 -0.00000 -1.00000 0.00000
1606417101028822 0.99999 -0.00395 0.00000 -0.00707 -0.00395 -0.99999 0.00000 0.00260 -0.00000 -0.00000 -1.00000 0.00000
1606417101278829 0.99992 -0.01259 0.00000 -0.01578 -0.01259 -0.99992 0.00000 0.00593 -0.00000 -0.00000 -1.00000 0.00000
1606417101528831 0.99999 -0.00493 0.00000 -0.01940 -0.00493 -0.99999 0.00000 0.03567 -0.00000 -0.00000 -1.00000 0.00000
1606417101778837 0.99997 -0.00735 0.00000 0.00032 -0.00735 -0.99997 0.00000 0.00544 -0.00000 -0.00000 -1.00000 0.00000
1606417102028836 0.99994 -0.01097 0.00000 0.01142 -0.01097 -0.99994 0.00000 0.01284 -0.00000 -0.00000 -1.00000 0.00000
1606417102278841 0.99995 -0.01001 0.00000 -0.03812 -0.01001 -0.99995 0.00000 0.02400 -0.00000 -0.00000 -1.00000 0.00000
1606417102528845 0.99999 -0.00503 -0.00000 0.01314 -0.00503 -0.99999 0.00000 0.02180 -0.00000 -0.00000 -1.00000 0.00000
1606417102778846 0.99991 -0.01330 0.00000 -0.02199 -0.01330 -0.99991 0.00000 0.02474 -0.00000 -0.00000 -1.00000 0.00000
1606417103028234 0.99999 -0.00465 0.00000 -0.03185 -0.00465 -0.99999 0.00000 -0.01153 -0.00000 -0.00000 -1.00000 -0.00000
1606417103278861 0.99994 -0.01072 -0.00000 -0.02386 -0.01072 -0.99994 0.00000 0.00796 -0.00000 -0.00000 -1.00000 0.00000
1606417103528239 0.99999 -0.00340 0.00000 -0.05273 -0.00340 -0.99999 0.00000 0.01142 -0.00000 -0.00000 -1.00000 0.00000
1606417103778867 0.99997 -0.00779 0.00000 -0.13318 -0.00779 -0.99997 0.00000 0.06739 -0.00000 -0.00000 -1.00000 0.00000
1606417104028251 1.00000 -0.00170 0.00000 -0.18725 -0.00170 -1.00000 0.00000 0.00620 -0.00000 -0.00000 -1.00000 0.00000
1606417104278290 0.99998 -0.00642 -0.00000 -0.32368 -0.00642 -0.99998 0.00000 0.05328 -0.00000 -0.00000 -1.00000 0.00000
1606417104528251 0.99985 -0.01740 0.00000 -0.55206 -0.01740 -0.99985 0.00000 0.05026 -0.00000 -0.00000 -1.00000 0.00000
1606417104778254 0.99986 -0.01657 0.00000 -0.80986 -0.01657 -0.99986 0.00000 0.04270 -0.00000 -0.00000 -1.00000 0.00000
1606417105027635 0.99961 -0.02808 -0.00000 -1.33144 -0.02808 -0.99961 0.00000 0.00074 -0.00000 -0.00000 -1.00000 0.00000
1606417105277633 0.99920 -0.03995 0.00000 -1.81815 -0.03995 -0.99920 0.00000 0.05639 -0.00000 -0.00000 -1.00000 0.00000
1606417105528268 0.99857 -0.05340 0.00000 -2.28321 -0.05340 -0.99857 0.00000 0.02632 -0.00000 -0.00000 -1.00000 0.00000
1606417105778266 0.99805 -0.06248 0.00000 -2.92874 -0.06248 -0.99805 0.00000 0.01134 -0.00000 -0.00000 -1.00000 0.00000
1606417106028897 0.99713 -0.07575 0.00000 -3.64179 -0.07575 -0.99713 0.00000 0.10083 -0.00000 -0.00000 -1.00000 0.00000
1606417106278898 0.99706 -0.07666 -0.00000 -4.42641 -0.07666 -0.99706 0.00000 0.00270 -0.00000 -0.00000 -1.00000 0.00000
1606417106529195 0.99559 -0.09377 0.00000 -5.34369 -0.09377 -0.99559 0.00000 0.13603 -0.00000 -0.00000 -1.00000 0.00000
1606417106778912 0.99507 -0.09915 0.00000 -6.23345 -0.09915 -0.99507 0.00000 0.16701 -0.00000 -0.00000 -1.00000 0.00000
1606417107028912 0.99432 -0.10645 0.00000 -7.17948 -0.10645 -0.99432 0.00000 0.21892 -0.00000 -0.00000 -1.00000 0.00000
1606417107278292 0.99458 -0.10394 0.00000 -8.20494 -0.10394 -0.99458 0.00000 0.14776 -0.00000 -0.00000 -1.00000 0.00000
1606417107528290 0.99508 -0.09912 -0.00000 -9.26198 -0.09912 -0.99508 0.00000 0.12584 -0.00000 -0.00000 -1.00000 0.00000
1606417107778301 0.99486 -0.10131 0.00000 -10.33749 -0.10131 -0.99486 0.00000 0.11090 -0.00000 -0.00000 -1.00000 0.00000
1606417108028300 0.99483 -0.10157 0.00000 -11.49675 -0.10157 -0.99483 0.00000 0.12442 -0.00000 -0.00000 -1.00000 0.00000
1606417108278306 0.99551 -0.09467 0.00000 -12.66886 -0.09467 -0.99551 0.00000 -0.09171 -0.00000 -0.00000 -1.00000 -0.00000
1606417108528306 0.99643 -0.08439 0.00000 -13.95718 -0.08439 -0.99643 0.00000 -0.12998 -0.00000 -0.00000 -1.00000 -0.00000
1606417108778321 0.99694 -0.07822 0.00000 -15.16009 -0.07822 -0.99694 0.00000 -0.23682 -0.00000 -0.00000 -1.00000 -0.00000
1606417109028320 0.99748 -0.07096 0.00000 -16.55609 -0.07096 -0.99748 0.00000 -0.30141 -0.00000 -0.00000 -1.00000 -0.00000
1606417109278939 0.99717 -0.07522 0.00000 -17.85673 -0.07522 -0.99717 0.00000 -0.34000 -0.00000 -0.00000 -1.00000 -0.00000
1606417109528326 0.99801 -0.06299 0.00000 -19.34084 -0.06299 -0.99801 0.00000 -0.55218 -0.00000 -0.00000 -1.00000 -0.00000
1606417109778954 0.99814 -0.06089 0.00000 -20.82346 -0.06089 -0.99814 0.00000 -0.63245 -0.00000 -0.00000 -1.00000 -0.00000
1606417110028333 0.99873 -0.05034 0.00000 -22.21696 -0.05034 -0.99873 0.00000 -0.91581 -0.00000 -0.00000 -1.00000 -0.00000
1606417110278336 0.99919 -0.04031 0.00000 -23.80898 -0.04031 -0.99919 0.00000 -1.11023 -0.00000 -0.00000 -1.00000 -0.00000
1606417110528337 0.99975 -0.02229 0.00000 -25.37567 -0.02229 -0.99975 0.00000 -1.59289 -0.00000 -0.00000 -1.00000 -0.00000
1606417110778342 0.99979 -0.02067 0.00000 -27.03842 -0.02067 -0.99979 0.00000 -1.64767 -0.00000 -0.00000 -1.00000 -0.00000
1606417111028973 0.99993 -0.01164 -0.00000 -28.64608 -0.01164 -0.99993 0.00000 -2.00720 -0.00000 -0.00000 -1.00000 -0.00000
1606417111278970 0.99999 0.00415 0.00000 -30.31261 0.00415 -0.99999 0.00000 -2.46694 0.00000 -0.00000 -1.00000 -0.00000
1606417111528979 0.99989 0.01463 0.00000 -32.09235 0.01463 -0.99989 0.00000 -2.73864 0.00000 -0.00000 -1.00000 -0.00000
1606417111778357 0.99956 0.02978 0.00000 -33.61922 0.02978 -0.99956 0.00000 -3.19971 0.00000 -0.00000 -1.00000 -0.00000
1606417112028364 0.99942 0.03407 0.00000 -35.33094 0.03407 -0.99942 0.00000 -3.33520 0.00000 -0.00000 -1.00000 -0.00000
1606417112277745 0.99913 0.04177 0.00000 -37.20148 0.04177 -0.99913 0.00000 -3.71759 0.00000 -0.00000 -1.00000 -0.00000
1606417112527735 0.99864 0.05216 0.00000 -38.86639 0.05216 -0.99864 0.00000 -4.20642 0.00000 -0.00000 -1.00000 -0.00000
1606417112778377 0.99866 0.05179 0.00000 -40.74921 0.05179 -0.99866 0.00000 -4.17038 0.00000 -0.00000 -1.00000 -0.00000
1606417113028997 0.99877 0.04957 0.00000 -42.66481 0.04957 -0.99877 0.00000 -4.02730 0.00000 -0.00000 -1.00000 -0.00000
1606417113279002 0.99836 0.05722 0.00000 -44.45842 0.05722 -0.99836 0.00000 -4.44898 0.00000 -0.00000 -1.00000 -0.00000
1606417113529006 0.99834 0.05760 0.00000 -46.35838 0.05760 -0.99834 0.00000 -4.39539 0.00000 -0.00000 -1.00000 -0.00000
1606417113779006 0.99865 0.05186 -0.00000 -48.29588 0.05186 -0.99865 0.00000 -4.25275 0.00000 -0.00000 -1.00000 -0.00000
1606417114029010 0.99847 0.05532 0.00000 -50.19021 0.05532 -0.99847 0.00000 -4.37980 0.00000 -0.00000 -1.00000 -0.00000
1606417114279014 0.99898 0.04519 0.00000 -52.22155 0.04519 -0.99898 0.00000 -3.94684 0.00000 -0.00000 -1.00000 -0.00000
1606417114528388 0.99889 0.04707 0.00000 -54.13762 0.04707 -0.99889 0.00000 -4.04233 0.00000 -0.00000 -1.00000 -0.00000
1606417114778397 0.99886 0.04764 0.00000 -56.15182 0.04764 -0.99886 0.00000 -4.16110 0.00000 -0.00000 -1.00000 -0.00000
1606417115028402 0.99898 0.04508 0.00000 -58.18415 0.04508 -0.99898 0.00000 -4.02809 0.00000 -0.00000 -1.00000 -0.00000
1606417115277781 0.99881 0.04869 0.00000 -60.16536 0.04869 -0.99881 0.00000 -4.41010 0.00000 -0.00000 -1.00000 -0.00000
1606417115528409 0.99898 0.04511 0.00000 -62.26262 0.04511 -0.99898 0.00000 -4.17563 0.00000 -0.00000 -1.00000 -0.00000
1606417115778414 0.99856 0.05370 0.00000 -64.14640 0.05370 -0.99856 0.00000 -4.60874 0.00000 -0.00000 -1.00000 -0.00000
1606417116028412 0.99864 0.05206 0.00000 -66.18140 0.05206 -0.99864 0.00000 -4.64209 0.00000 -0.00000 -1.00000 -0.00000
1606417116279045 0.99900 0.04474 0.00000 -68.24573 0.04474 -0.99900 0.00000 -4.07958 0.00000 -0.00000 -1.00000 -0.00000
1606417116529050 0.99860 0.05284 0.00000 -70.20270 0.05284 -0.99860 0.00000 -4.64041 0.00000 -0.00000 -1.00000 -0.00000
1606417116779061 0.99920 0.03993 0.00000 -72.28804 0.03993 -0.99920 0.00000 -3.76861 0.00000 -0.00000 -1.00000 -0.00000
1606417117029057 0.99941 0.03434 0.00000 -74.22606 0.03434 -0.99941 0.00000 -3.34905 0.00000 -0.00000 -1.00000 -0.00000
1606417117279052 0.99980 0.01990 -0.00000 -76.26427 0.01990 -0.99980 0.00000 -2.28700 0.00000 -0.00000 -1.00000 -0.00000
1606417117529063 0.99998 0.00600 -0.00000 -78.22687 0.00600 -0.99998 0.00000 -1.22914 0.00000 -0.00000 -1.00000 -0.00000
1606417117779062 0.99975 -0.02228 -0.00000 -80.18971 -0.02228 -0.99975 0.00000 0.93818 -0.00000 -0.00000 -1.00000 0.00000
1606417118028448 0.99891 -0.04669 -0.00000 -82.06313 -0.04669 -0.99891 0.00000 2.81423 -0.00000 -0.00000 -1.00000 0.00000
1606417118278449 0.99634 -0.08551 0.00000 -83.87205 -0.08551 -0.99634 0.00000 6.03676 -0.00000 -0.00000 -1.00000 0.00000
1606417118528451 0.99228 -0.12399 0.00000 -85.36967 -0.12399 -0.99228 0.00000 9.18428 -0.00000 -0.00000 -1.00000 0.00000
1606417118778455 0.98445 -0.17567 0.00000 -86.64829 -0.17567 -0.98445 0.00000 13.79057 -0.00000 -0.00000 -1.00000 0.00000
1606417119028459 0.97314 -0.23023 0.00000 -87.63950 -0.23023 -0.97314 0.00000 18.58935 -0.00000 -0.00000 -1.00000 0.00000
1606417119277837 0.95900 -0.28342 0.00000 -88.34006 -0.28342 -0.95900 0.00000 23.32462 -0.00000 -0.00000 -1.00000 0.00000
1606417119528465 0.94390 -0.33024 0.00000 -88.91458 -0.33024 -0.94390 0.00000 27.64535 -0.00000 -0.00000 -1.00000 0.00000
1606417119778470 0.92441 -0.38139 0.00000 -89.11630 -0.38139 -0.92441 0.00000 32.36330 -0.00000 -0.00000 -1.00000 0.00000
1606417120029095 0.90190 -0.43195 0.00000 -89.03755 -0.43195 -0.90190 0.00000 37.31060 -0.00000 -0.00000 -1.00000 0.00000
1606417120279103 0.86967 -0.49363 0.00000 -87.97560 -0.49363 -0.86967 0.00000 43.42666 -0.00000 -0.00000 -1.00000 0.00000
1606417120529103 0.83840 -0.54505 0.00000 -87.01820 -0.54505 -0.83840 0.00000 48.45616 -0.00000 -0.00000 -1.00000 0.00000
1606417120779103 0.80182 -0.59757 0.00000 -85.61920 -0.59757 -0.80182 0.00000 54.15494 -0.00000 -0.00000 -1.00000 0.00000
1606417121028484 0.76354 -0.64576 0.00000 -83.99484 -0.64576 -0.76354 0.00000 59.34523 -0.00000 -0.00000 -1.00000 0.00000
1606417121278501 0.71751 -0.69655 0.00000 -81.37062 -0.69655 -0.71751 0.00000 64.93873 -0.00000 -0.00000 -1.00000 0.00000
1606417121527868 0.66644 -0.74556 0.00000 -78.33407 -0.74556 -0.66644 0.00000 70.42896 -0.00000 -0.00000 -1.00000 0.00000
1606417121777870 0.61088 -0.79173 0.00000 -74.78638 -0.79173 -0.61088 0.00000 75.98703 -0.00000 -0.00000 -1.00000 0.00000
1606417122027242 0.56080 -0.82795 0.00000 -71.61064 -0.82795 -0.56080 0.00000 80.23098 -0.00000 -0.00000 -1.00000 0.00000
1606417122277873 0.50493 -0.86316 0.00000 -67.82750 -0.86316 -0.50493 0.00000 84.98934 -0.00000 -0.00000 -1.00000 0.00000
1606417122528502 0.45794 -0.88898 0.00000 -64.94080 -0.88898 -0.45794 0.00000 88.48600 -0.00000 -0.00000 -1.00000 0.00000
1606417122778513 0.42461 -0.90537 0.00000 -63.46292 -0.90537 -0.42461 0.00000 90.67424 -0.00000 -0.00000 -1.00000 0.00000
1606417123029141 0.39346 -0.91934 0.00000 -62.05121 -0.91934 -0.39346 0.00000 92.86068 -0.00000 -0.00000 -1.00000 0.00000
1606417123279141 0.37793 -0.92584 0.00000 -62.27674 -0.92584 -0.37793 0.00000 93.86407 -0.00000 -0.00000 -1.00000 0.00000
1606417123529146 0.36361 -0.93155 0.00000 -62.64187 -0.93155 -0.36361 0.00000 94.64491 -0.00000 -0.00000 -1.00000 0.00000
1606417123779773 0.35124 -0.93629 0.00000 -63.25468 -0.93629 -0.35124 0.00000 95.55643 -0.00000 -0.00000 -1.00000 0.00000
1606417124029774 0.35066 -0.93650 0.00000 -65.03601 -0.93650 -0.35066 0.00000 95.62846 -0.00000 -0.00000 -1.00000 0.00000
1606417124279156 0.36929 -0.92931 -0.00000 -68.74397 -0.92931 -0.36929 0.00000 94.10313 -0.00000 -0.00000 -1.00000 0.00000
1606417124529150 0.38692 -0.92211 0.00000 -72.48086 -0.92211 -0.38692 0.00000 92.98355 -0.00000 -0.00000 -1.00000 0.00000
1606417124779172 0.40006 -0.91649 0.00000 -75.68818 -0.91649 -0.40006 0.00000 91.94744 -0.00000 -0.00000 -1.00000 0.00000
1606417125028544 0.42171 -0.90673 0.00000 -79.76293 -0.90673 -0.42171 0.00000 89.96103 -0.00000 -0.00000 -1.00000 0.00000
1606417125278542 0.43365 -0.90108 0.00000 -82.97149 -0.90108 -0.43365 0.00000 88.89776 -0.00000 -0.00000 -1.00000 0.00000
1606417125527920 0.45423 -0.89089 0.00000 -86.88356 -0.89089 -0.45423 0.00000 86.84438 -0.00000 -0.00000 -1.00000 0.00000
1606417125778546 0.46530 -0.88516 -0.00000 -90.04779 -0.88516 -0.46530 0.00000 85.90565 -0.00000 -0.00000 -1.00000 0.00000
1606417126028554 0.48375 -0.87521 0.00000 -93.70677 -0.87521 -0.48375 0.00000 83.78502 -0.00000 -0.00000 -1.00000 0.00000
1606417126278558 0.50457 -0.86337 0.00000 -97.66523 -0.86337 -0.50457 0.00000 81.33478 -0.00000 -0.00000 -1.00000 0.00000
1606417126529181 0.52383 -0.85182 0.00000 -101.39818 -0.85182 -0.52383 0.00000 79.11169 -0.00000 -0.00000 -1.00000 0.00000
1606417126779194 0.54959 -0.83544 0.00000 -105.65599 -0.83544 -0.54959 0.00000 75.99526 -0.00000 -0.00000 -1.00000 0.00000
1606417127029196 0.57148 -0.82062 0.00000 -109.66596 -0.82062 -0.57148 0.00000 73.24235 -0.00000 -0.00000 -1.00000 0.00000
1606417127279201 0.58824 -0.80869 0.00000 -112.98838 -0.80869 -0.58824 0.00000 70.87573 -0.00000 -0.00000 -1.00000 0.00000
1606417127529202 0.60334 -0.79748 0.00000 -116.18190 -0.79748 -0.60334 0.00000 68.69890 -0.00000 -0.00000 -1.00000 0.00000
1606417127779203 0.62070 -0.78405 0.00000 -119.60220 -0.78405 -0.62070 0.00000 66.26199 -0.00000 -0.00000 -1.00000 0.00000
1606417128028583 0.64298 -0.76588 -0.00000 -123.24127 -0.76588 -0.64298 0.00000 62.58158 -0.00000 -0.00000 -1.00000 0.00000
1606417128278594 0.65626 -0.75454 -0.00000 -126.26944 -0.75454 -0.65626 0.00000 60.46986 -0.00000 -0.00000 -1.00000 0.00000
1606417128528589 0.67079 -0.74164 0.00000 -129.20714 -0.74164 -0.67079 0.00000 57.94869 -0.00000 -0.00000 -1.00000 0.00000
1606417128778593 0.68153 -0.73179 0.00000 -131.85349 -0.73179 -0.68153 0.00000 56.14991 -0.00000 -0.00000 -1.00000 0.00000
1606417129028600 0.69495 -0.71906 0.00000 -134.67414 -0.71906 -0.69495 0.00000 53.49503 -0.00000 -0.00000 -1.00000 0.00000
1606417129279226 0.70235 -0.71183 0.00000 -136.96949 -0.71183 -0.70235 0.00000 52.10933 -0.00000 -0.00000 -1.00000 0.00000
1606417129529232 0.70983 -0.70438 0.00000 -139.30801 -0.70438 -0.70983 0.00000 50.69477 -0.00000 -0.00000 -1.00000 0.00000
1606417129779237 0.71636 -0.69773 -0.00000 -141.56386 -0.69773 -0.71636 0.00000 49.38607 -0.00000 -0.00000 -1.00000 0.00000
1606417130029239 0.72284 -0.69102 0.00000 -143.74697 -0.69102 -0.72284 0.00000 48.01148 -0.00000 -0.00000 -1.00000 0.00000
1606417130279241 0.72595 -0.68775 0.00000 -145.60101 -0.68775 -0.72595 0.00000 47.40477 -0.00000 -0.00000 -1.00000 0.00000
1606417130529251 0.73549 -0.67753 0.00000 -147.85226 -0.67753 -0.73549 0.00000 45.36466 -0.00000 -0.00000 -1.00000 0.00000
1606417130779253 0.75517 -0.65552 0.00000 -150.64852 -0.65552 -0.75517 0.00000 40.97198 -0.00000 -0.00000 -1.00000 0.00000
1606417131028634 0.79226 -0.61019 0.00000 -154.20028 -0.61019 -0.79226 0.00000 31.94804 -0.00000 -0.00000 -1.00000 0.00000
1606417131278635 0.83269 -0.55374 0.00000 -157.46785 -0.55374 -0.83269 0.00000 21.16539 -0.00000 -0.00000 -1.00000 0.00000
1606417131528635 0.86960 -0.49375 0.00000 -159.76377 -0.49375 -0.86960 0.00000 10.00986 -0.00000 -0.00000 -1.00000 0.00000
1606417131778009 0.91489 -0.40370 0.00000 -161.02483 -0.40370 -0.91489 0.00000 -6.10014 -0.00000 -0.00000 -1.00000 -0.00000
1606417132028641 0.95121 -0.30854 0.00000 -160.67380 -0.30854 -0.95121 0.00000 -22.41886 -0.00000 -0.00000 -1.00000 -0.00000
1606417132278649 0.98168 -0.19055 -0.00000 -157.73289 -0.19055 -0.98168 0.00000 -41.86997 -0.00000 -0.00000 -1.00000 -0.00000
1606417132528646 0.99912 -0.04188 0.00000 -150.68621 -0.04188 -0.99912 0.00000 -64.92068 -0.00000 -0.00000 -1.00000 -0.00000
1606417132779289 0.99421 0.10747 0.00000 -140.29250 0.10747 -0.99421 0.00000 -86.56538 0.00000 -0.00000 -1.00000 -0.00000
1606417133029905 0.96447 0.26419 0.00000 -125.64946 0.26419 -0.96447 0.00000 -107.80283 0.00000 -0.00000 -1.00000 -0.00000
1606417133279913 0.90551 0.42432 0.00000 -106.40847 0.42432 -0.90551 0.00000 -127.51864 0.00000 -0.00000 -1.00000 -0.00000
1606417133529917 0.81688 0.57681 0.00000 -83.19321 0.57681 -0.81688 0.00000 -144.22071 0.00000 -0.00000 -1.00000 -0.00000
1606417133779922 0.69917 0.71495 0.00000 -56.61639 0.71495 -0.69917 0.00000 -156.82690 0.00000 -0.00000 -1.00000 -0.00000
1606417134029917 0.55204 0.83382 0.00000 -26.97117 0.83382 -0.55204 0.00000 -164.61239 0.00000 -0.00000 -1.00000 -0.00000
1606417134279917 0.38763 0.92181 0.00000 3.23005 0.92181 -0.38763 0.00000 -166.73665 0.00000 -0.00000 -1.00000 -0.00000
1606417134529927 0.20427 0.97892 -0.00000 34.23493 0.97892 -0.20427 0.00000 -162.95494 0.00000 -0.00000 -1.00000 -0.00000
1606417134779933 0.01027 0.99995 0.00000 64.30049 0.99995 -0.01027 0.00000 -153.20132 0.00000 -0.00000 -1.00000 -0.00000
1606417135029311 -0.19318 0.98116 0.00000 93.21924 0.98116 0.19318 0.00000 -136.87141 0.00000 0.00000 -1.00000 -0.00000
1606417135279932 -0.39348 0.91933 0.00000 118.77411 0.91933 0.39348 0.00000 -114.31423 0.00000 0.00000 -1.00000 -0.00000
1606417135529944 -0.55933 0.82895 0.00000 137.16483 0.82895 0.55933 0.00000 -89.88906 0.00000 0.00000 -1.00000 -0.00000
1606417135779943 -0.68028 0.73295 0.00000 148.30564 0.73295 0.68028 0.00000 -67.69461 0.00000 0.00000 -1.00000 -0.00000
1606417136030575 -0.76745 0.64110 0.00000 154.46450 0.64110 0.76745 0.00000 -48.35289 0.00000 0.00000 -1.00000 -0.00000
1606417136280616 -0.83059 0.55688 0.00000 157.59230 0.55688 0.83059 0.00000 -31.87083 0.00000 0.00000 -1.00000 -0.00000
1606417136530581 -0.87776 0.47909 0.00000 158.67115 0.47909 0.87776 0.00000 -17.33664 0.00000 0.00000 -1.00000 -0.00000
1606417136780580 -0.90665 0.42188 0.00000 158.18875 0.42188 0.90665 0.00000 -7.18792 0.00000 0.00000 -1.00000 -0.00000
1606417137030591 -0.92418 0.38196 0.00000 157.07500 0.38196 0.92418 0.00000 -0.18538 0.00000 0.00000 -1.00000 -0.00000
1606417137280589 -0.92973 0.36823 0.00000 155.73586 0.36823 0.92973 0.00000 2.05414 0.00000 0.00000 -1.00000 0.00000
1606417137530592 -0.93257 0.36099 0.00000 154.39671 0.36099 0.93257 0.00000 3.27675 0.00000 0.00000 -1.00000 0.00000
1606417137779972 -0.93477 0.35526 0.00000 152.93706 0.35526 0.93477 0.00000 4.21818 0.00000 0.00000 -1.00000 0.00000
1606417138029978 -0.93500 0.35464 0.00000 151.47787 0.35464 0.93500 0.00000 4.32137 0.00000 0.00000 -1.00000 0.00000
1606417138279983 -0.92802 0.37253 0.00000 150.03229 0.37253 0.92802 0.00000 1.37110 0.00000 0.00000 -1.00000 0.00000
1606417138529987 -0.92074 0.39017 0.00000 148.59205 0.39017 0.92074 0.00000 -1.40518 0.00000 0.00000 -1.00000 -0.00000
1606417138779985 -0.90836 0.41818 0.00000 146.86823 0.41818 0.90836 0.00000 -5.94284 0.00000 0.00000 -1.00000 -0.00000
1606417139029365 -0.89637 0.44331 0.00000 145.13564 0.44331 0.89637 0.00000 -10.05459 0.00000 0.00000 -1.00000 -0.00000
1606417139279371 -0.87443 0.48515 0.00000 142.79413 0.48515 0.87443 0.00000 -16.96176 0.00000 0.00000 -1.00000 -0.00000
1606417139529375 -0.84817 0.52972 0.00000 140.20500 0.52972 0.84817 0.00000 -24.41710 0.00000 0.00000 -1.00000 -0.00000
1606417139779378 -0.81958 0.57296 0.00000 137.07779 0.57296 0.81958 0.00000 -31.70366 0.00000 0.00000 -1.00000 -0.00000
1606417140029376 -0.78992 0.61321 0.00000 133.57089 0.61321 0.78992 0.00000 -38.53174 0.00000 0.00000 -1.00000 -0.00000
1606417140278755 -0.76287 0.64655 0.00000 130.15611 0.64655 0.76287 0.00000 -44.30083 0.00000 0.00000 -1.00000 -0.00000
1606417140528763 -0.73205 0.68125 0.00000 126.14739 0.68125 0.73205 0.00000 -50.18615 0.00000 0.00000 -1.00000 -0.00000
1606417140778770 -0.69677 0.71729 0.00000 121.66421 0.71729 0.69677 0.00000 -56.55429 0.00000 0.00000 -1.00000 -0.00000
1606417141028146 -0.66098 0.75040 0.00000 116.91393 0.75040 0.66098 0.00000 -62.58071 0.00000 0.00000 -1.00000 -0.00000
1606417141278764 -0.61948 0.78501 -0.00000 111.55594 0.78501 0.61948 0.00000 -68.57316 0.00000 0.00000 -1.00000 -0.00000
1606417141529393 -0.57721 0.81660 -0.00000 105.87643 0.81660 0.57721 0.00000 -74.40161 0.00000 0.00000 -1.00000 -0.00000
1606417141779402 -0.53913 0.84222 -0.00000 100.58952 0.84222 0.53913 0.00000 -79.32489 0.00000 0.00000 -1.00000 -0.00000
1606417142029407 -0.50421 0.86358 0.00000 95.36487 0.86358 0.50421 0.00000 -83.45852 0.00000 0.00000 -1.00000 -0.00000
1606417142280031 -0.46123 0.88728 0.00000 89.22928 0.88728 0.46123 0.00000 -87.94173 0.00000 0.00000 -1.00000 -0.00000
1606417142529414 -0.43481 0.90052 0.00000 84.80119 0.90052 0.43481 0.00000 -90.67693 0.00000 0.00000 -1.00000 -0.00000
1606417142778786 -0.41225 0.91107 0.00000 80.60969 0.91107 0.41225 0.00000 -92.79453 0.00000 0.00000 -1.00000 -0.00000
1606417143028798 -0.39886 0.91701 0.00000 77.31901 0.91701 0.39886 0.00000 -93.94729 0.00000 0.00000 -1.00000 -0.00000
1606417143278798 -0.37924 0.92530 0.00000 73.48232 0.92530 0.37924 0.00000 -95.65538 0.00000 0.00000 -1.00000 -0.00000
1606417143528805 -0.36985 0.92909 0.00000 70.59262 0.92909 0.36985 0.00000 -96.30555 0.00000 0.00000 -1.00000 -0.00000
1606417143778809 -0.35933 0.93321 0.00000 67.60195 0.93321 0.35933 0.00000 -97.25726 0.00000 0.00000 -1.00000 -0.00000
1606417144028825 -0.36072 0.93267 -0.00000 65.72095 0.93267 0.36072 0.00000 -97.01211 0.00000 0.00000 -1.00000 -0.00000
1606417144278825 -0.36922 0.92934 0.00000 64.77391 0.92934 0.36922 0.00000 -96.66452 0.00000 0.00000 -1.00000 -0.00000
1606417144528817 -0.39058 0.92057 0.00000 64.93990 0.92057 0.39058 0.00000 -94.97510 0.00000 0.00000 -1.00000 -0.00000
1606417144778821 -0.40937 0.91237 0.00000 65.02162 0.91237 0.40937 0.00000 -93.98866 0.00000 0.00000 -1.00000 -0.00000
1606417145029445 -0.43859 0.89869 0.00000 66.00324 0.89869 0.43859 0.00000 -91.58658 0.00000 0.00000 -1.00000 -0.00000
1606417145278830 -0.47407 0.88049 -0.00000 67.78958 0.88049 0.47407 0.00000 -89.21249 0.00000 0.00000 -1.00000 -0.00000
1606417145528831 -0.51045 0.85991 -0.00000 69.42129 0.85991 0.51045 0.00000 -86.19720 0.00000 0.00000 -1.00000 -0.00000
1606417145778836 -0.54897 0.83585 0.00000 71.38514 0.83585 0.54897 0.00000 -83.04412 0.00000 0.00000 -1.00000 -0.00000
1606417146028842 -0.59688 0.80233 0.00000 74.27154 0.80233 0.59688 0.00000 -78.87024 0.00000 0.00000 -1.00000 -0.00000
1606417146278844 -0.64548 0.76378 0.00000 77.07220 0.76378 0.64548 0.00000 -74.16338 0.00000 0.00000 -1.00000 -0.00000
1606417146528848 -0.69737 0.71671 0.00000 80.18084 0.71671 0.69737 0.00000 -68.67526 0.00000 0.00000 -1.00000 -0.00000
1606417146778852 -0.74111 0.67138 0.00000 82.26352 0.67138 0.74111 0.00000 -63.38248 0.00000 0.00000 -1.00000 -0.00000
1606417147029476 -0.79023 0.61282 0.00000 85.17320 0.61282 0.79023 0.00000 -57.09591 0.00000 0.00000 -1.00000 -0.00000
1606417147279485 -0.82838 0.56017 0.00000 86.71787 0.56017 0.82838 0.00000 -51.46480 0.00000 0.00000 -1.00000 -0.00000
1606417147530107 -0.85738 0.51468 0.00000 87.36777 0.51468 0.85738 0.00000 -46.75732 0.00000 0.00000 -1.00000 -0.00000
1606417147779490 -0.89031 0.45536 0.00000 88.42227 0.45536 0.89031 0.00000 -40.83267 0.00000 0.00000 -1.00000 -0.00000
1606417148029490 -0.91821 0.39608 0.00000 89.05338 0.39608 0.91821 0.00000 -34.94163 0.00000 0.00000 -1.00000 -0.00000
1606417148279488 -0.93947 0.34263 0.00000 88.96801 0.34263 0.93947 0.00000 -29.79087 0.00000 0.00000 -1.00000 -0.00000
1606417148529495 -0.95761 0.28808 0.00000 88.60538 0.28808 0.95761 0.00000 -24.75249 0.00000 0.00000 -1.00000 -0.00000
1606417148779505 -0.97060 0.24072 0.00000 87.65276 0.24072 0.97060 0.00000 -20.37168 0.00000 0.00000 -1.00000 -0.00000
1606417149029509 -0.98279 0.18475 0.00000 86.78097 0.18475 0.98279 0.00000 -15.36861 0.00000 0.00000 -1.00000 -0.00000
1606417149279512 -0.99031 0.13890 0.00000 85.37128 0.13890 0.99031 0.00000 -11.26557 0.00000 0.00000 -1.00000 -0.00000
1606417149529515 -0.99544 0.09537 -0.00000 83.71687 0.09537 0.99544 0.00000 -7.54347 0.00000 0.00000 -1.00000 -0.00000
1606417149778886 -0.99829 0.05843 0.00000 81.92565 0.05843 0.99829 0.00000 -4.48575 0.00000 0.00000 -1.00000 -0.00000
1606417150028275 -0.99959 0.02881 0.00000 80.00287 0.02881 0.99959 0.00000 -2.02929 0.00000 0.00000 -1.00000 -0.00000
1606417150278278 -1.00000 0.00150 0.00000 77.96682 0.00150 1.00000 0.00000 0.21055 0.00000 0.00000 -1.00000 0.00000
1606417150528907 -0.99980 -0.01984 0.00000 75.84700 -0.01984 0.99980 0.00000 1.79510 -0.00000 0.00000 -1.00000 0.00000
1606417150779532 -0.99967 -0.02558 0.00000 73.70469 -0.02558 0.99967 0.00000 2.20776 -0.00000 0.00000 -1.00000 0.00000
1606417151029531 -0.99923 -0.03928 0.00000 71.61812 -0.03928 0.99923 0.00000 3.10967 -0.00000 0.00000 -1.00000 0.00000
1606417151279535 -0.99878 -0.04939 0.00000 69.46663 -0.04939 0.99878 0.00000 3.87437 -0.00000 0.00000 -1.00000 0.00000
1606417151529548 -0.99894 -0.04612 0.00000 67.33548 -0.04612 0.99894 0.00000 3.52914 -0.00000 0.00000 -1.00000 0.00000
1606417151779546 -0.99875 -0.04993 0.00000 65.17401 -0.04993 0.99875 0.00000 3.83394 -0.00000 0.00000 -1.00000 0.00000
1606417152029547 -0.99890 -0.04686 0.00000 63.09684 -0.04686 0.99890 0.00000 3.54018 -0.00000 0.00000 -1.00000 0.00000
1606417152279555 -0.99910 -0.04233 0.00000 60.94213 -0.04233 0.99910 0.00000 3.23631 -0.00000 0.00000 -1.00000 0.00000
1606417152528934 -0.99902 -0.04425 0.00000 58.84561 -0.04425 0.99902 0.00000 3.27316 -0.00000 0.00000 -1.00000 0.00000
1606417152778937 -0.99929 -0.03768 -0.00000 56.71494 -0.03768 0.99929 0.00000 2.91829 -0.00000 0.00000 -1.00000 0.00000
1606417153028939 -0.99929 -0.03756 -0.00000 54.66624 -0.03756 0.99929 0.00000 2.79323 -0.00000 0.00000 -1.00000 0.00000
1606417153278940 -0.99954 -0.03048 -0.00000 52.60245 -0.03048 0.99954 0.00000 2.40518 -0.00000 0.00000 -1.00000 0.00000
1606417153528317 -0.99965 -0.02660 0.00000 50.45147 -0.02660 0.99965 0.00000 2.17224 -0.00000 0.00000 -1.00000 0.00000
1606417153778953 -0.99981 -0.01974 0.00000 48.32759 -0.01974 0.99981 0.00000 1.79388 -0.00000 0.00000 -1.00000 0.00000
1606417154028958 -0.99987 -0.01586 0.00000 46.27880 -0.01586 0.99987 0.00000 1.65618 -0.00000 0.00000 -1.00000 0.00000
1606417154278959 -0.99985 -0.01708 0.00000 44.18108 -0.01708 0.99985 0.00000 1.49737 -0.00000 0.00000 -1.00000 0.00000
1606417154528964 -0.99998 -0.00633 0.00000 42.10944 -0.00633 0.99998 0.00000 1.07044 -0.00000 0.00000 -1.00000 0.00000
1606417154779586 -1.00000 -0.00018 0.00000 40.13049 -0.00018 1.00000 0.00000 0.80958 -0.00000 0.00000 -1.00000 0.00000
1606417155028969 -1.00000 0.00089 0.00000 38.04478 0.00089 1.00000 0.00000 0.68699 0.00000 0.00000 -1.00000 0.00000
1606417155278969 -0.99992 0.01250 0.00000 36.02567 0.01250 0.99992 0.00000 0.39785 0.00000 0.00000 -1.00000 0.00000
1606417155528973 -0.99982 0.01888 -0.00000 34.01666 0.01888 0.99982 0.00000 0.05971 0.00000 0.00000 -1.00000 0.00000
1606417155778981 -0.99979 0.02064 0.00000 32.00340 0.02064 0.99979 0.00000 -0.05776 0.00000 0.00000 -1.00000 -0.00000
1606417156028985 -0.99979 0.02073 0.00000 29.99495 0.02073 0.99979 0.00000 -0.04638 0.00000 0.00000 -1.00000 -0.00000
1606417156278989 -0.99977 0.02146 0.00000 27.94594 0.02146 0.99977 0.00000 -0.19920 0.00000 0.00000 -1.00000 -0.00000
1606417156528991 -0.99955 0.02994 0.00000 25.99339 0.02994 0.99955 0.00000 -0.39539 0.00000 0.00000 -1.00000 -0.00000
1606417156779629 -0.99943 0.03370 0.00000 23.90492 0.03370 0.99943 0.00000 -0.47149 0.00000 0.00000 -1.00000 -0.00000
1606417157029616 -0.99936 0.03569 0.00000 21.92802 0.03569 0.99936 0.00000 -0.62537 0.00000 0.00000 -1.00000 -0.00000
1606417157279624 -0.99934 0.03638 0.00000 19.82045 0.03638 0.99934 0.00000 -0.56317 0.00000 0.00000 -1.00000 -0.00000
1606417157529627 -0.99902 0.04434 0.00000 17.75668 0.04434 0.99902 0.00000 -0.82571 0.00000 0.00000 -1.00000 -0.00000
1606417157779633 -0.99879 0.04920 0.00000 15.64785 0.04920 0.99879 0.00000 -0.91990 0.00000 0.00000 -1.00000 -0.00000
1606417158029638 -0.99835 0.05749 0.00000 13.57848 0.05749 0.99835 0.00000 -1.03259 0.00000 0.00000 -1.00000 -0.00000
1606417158279009 -0.99841 0.05633 -0.00000 11.46538 0.05633 0.99841 0.00000 -1.07649 0.00000 0.00000 -1.00000 -0.00000
1606417158529645 -0.99774 0.06726 -0.00000 9.36184 0.06726 0.99774 0.00000 -1.28672 0.00000 0.00000 -1.00000 -0.00000
1606417158779649 -0.99785 0.06548 0.00000 7.22552 0.06548 0.99785 0.00000 -1.11192 0.00000 0.00000 -1.00000 -0.00000
1606417159029653 -0.99827 0.05876 0.00000 5.04367 0.05876 0.99827 0.00000 -1.15550 0.00000 0.00000 -1.00000 -0.00000
1606417159279658 -0.99818 0.06031 0.00000 2.93677 0.06031 0.99818 0.00000 -1.17582 0.00000 0.00000 -1.00000 -0.00000
1606417159529653 -0.99852 0.05444 -0.00000 0.82349 0.05444 0.99852 0.00000 -1.15473 0.00000 0.00000 -1.00000 -0.00000
1606417159779654 -0.99761 0.06903 0.00000 -1.30399 0.06903 0.99761 0.00000 -1.19009 0.00000 0.00000 -1.00000 -0.00000
1606417160029661 -0.99769 0.06789 0.00000 -3.49778 0.06789 0.99769 0.00000 -1.19564 0.00000 0.00000 -1.00000 -0.00000
1606417160279674 -0.99772 0.06743 0.00000 -5.59211 0.06743 0.99772 0.00000 -1.31110 0.00000 0.00000 -1.00000 -0.00000
1606417160529043 -0.99757 0.06964 0.00000 -7.74870 0.06964 0.99757 0.00000 -1.32464 0.00000 0.00000 -1.00000 -0.00000
1606417160779046 -0.99710 0.07610 0.00000 -9.87846 0.07610 0.99710 0.00000 -1.23998 0.00000 0.00000 -1.00000 -0.00000
1606417161029055 -0.99693 0.07831 0.00000 -12.07945 0.07831 0.99693 0.00000 -1.14688 0.00000 0.00000 -1.00000 -0.00000
1606417161279057 -0.99673 0.08076 -0.00000 -14.14126 0.08076 0.99673 0.00000 -1.20553 0.00000 0.00000 -1.00000 -0.00000
1606417161529680 -0.99533 0.09650 0.00000 -16.33841 0.09650 0.99533 0.00000 -0.92566 0.00000 0.00000 -1.00000 -0.00000
1606417161779685 -0.99444 0.10531 -0.00000 -18.45542 0.10531 0.99444 0.00000 -0.84991 0.00000 0.00000 -1.00000 -0.00000
1606417162029691 -0.99538 0.09600 0.00000 -20.52888 0.09600 0.99538 0.00000 -1.03212 0.00000 0.00000 -1.00000 -0.00000
1606417162279696 -0.99548 0.09499 0.00000 -22.69147 0.09499 0.99548 0.00000 -1.05947 0.00000 0.00000 -1.00000 -0.00000
1606417162529694 -0.99561 0.09358 -0.00000 -24.86814 0.09358 0.99561 0.00000 -1.11272 0.00000 0.00000 -1.00000 -0.00000
1606417162779078 -0.99753 0.07028 0.00000 -27.00182 0.07028 0.99753 0.00000 -1.86786 0.00000 0.00000 -1.00000 -0.00000
1606417163029076 -0.99859 0.05300 0.00000 -29.11847 0.05300 0.99859 0.00000 -2.34910 0.00000 0.00000 -1.00000 -0.00000
1606417163279088 -0.99939 0.03484 -0.00000 -31.24884 0.03484 0.99939 0.00000 -2.92864 0.00000 0.00000 -1.00000 -0.00000
1606417163529084 -0.99986 0.01665 0.00000 -33.36402 0.01665 0.99986 0.00000 -3.55988 0.00000 0.00000 -1.00000 -0.00000
1606417163779719 -1.00000 0.00282 -0.00000 -35.50588 0.00282 1.00000 0.00000 -3.94891 0.00000 0.00000 -1.00000 -0.00000
1606417164029721 -0.99986 -0.01658 0.00000 -37.48304 -0.01658 0.99986 0.00000 -4.63355 -0.00000 0.00000 -1.00000 -0.00000
1606417164279722 -0.99919 -0.04022 0.00000 -39.53068 -0.04022 0.99919 0.00000 -5.60570 -0.00000 0.00000 -1.00000 -0.00000
1606417164529726 -0.99848 -0.05520 0.00000 -41.63917 -0.05520 0.99848 0.00000 -6.19664 -0.00000 0.00000 -1.00000 -0.00000
1606417164779738 -0.99832 -0.05787 -0.00000 -43.70573 -0.05787 0.99832 0.00000 -6.30791 -0.00000 0.00000 -1.00000 -0.00000
1606417165029731 -0.99793 -0.06430 -0.00000 -45.80045 -0.06430 0.99793 0.00000 -6.65092 -0.00000 0.00000 -1.00000 -0.00000
1606417165279740 -0.99750 -0.07070 0.00000 -47.81863 -0.07070 0.99750 0.00000 -6.98480 -0.00000 0.00000 -1.00000 -0.00000
1606417165529741 -0.99742 -0.07177 0.00000 -49.85022 -0.07177 0.99742 0.00000 -7.08030 -0.00000 0.00000 -1.00000 -0.00000
1606417165779740 -0.99748 -0.07097 0.00000 -51.83454 -0.07097 0.99748 0.00000 -7.11248 -0.00000 0.00000 -1.00000 -0.00000
1606417166029750 -0.99844 -0.05578 0.00000 -53.93872 -0.05578 0.99844 0.00000 -6.30988 -0.00000 0.00000 -1.00000 -0.00000
1606417166279747 -0.99911 -0.04211 0.00000 -55.84524 -0.04211 0.99911 0.00000 -5.59217 -0.00000 0.00000 -1.00000 -0.00000
1606417166529129 -0.99946 -0.03292 0.00000 -57.72308 -0.03292 0.99946 0.00000 -5.08512 -0.00000 0.00000 -1.00000 -0.00000
1606417166779125 -0.99999 -0.00341 0.00000 -59.48565 -0.00341 0.99999 0.00000 -3.37909 -0.00000 0.00000 -1.00000 -0.00000
1606417167029136 -0.99976 0.02181 0.00000 -61.14849 0.02181 0.99976 0.00000 -1.89086 0.00000 0.00000 -1.00000 -0.00000
1606417167279144 -0.99791 0.06467 0.00000 -62.72149 0.06467 0.99791 0.00000 0.71249 0.00000 0.00000 -1.00000 0.00000
1606417167529141 -0.99214 0.12514 0.00000 -63.94811 0.12514 0.99214 0.00000 4.46911 0.00000 0.00000 -1.00000 0.00000
1606417167779148 -0.98264 0.18554 0.00000 -64.84606 0.18554 0.98264 0.00000 8.32157 0.00000 0.00000 -1.00000 0.00000
1606417168029146 -0.96434 0.26468 0.00000 -65.19672 0.26468 0.96434 0.00000 13.54237 0.00000 0.00000 -1.00000 0.00000
1606417168279164 -0.93555 0.35320 -0.00000 -64.77520 0.35320 0.93555 0.00000 19.58431 0.00000 0.00000 -1.00000 0.00000
1606417168529160 -0.89044 0.45511 0.00000 -63.31932 0.45511 0.89044 0.00000 26.68782 0.00000 0.00000 -1.00000 0.00000
1606417168778539 -0.83688 0.54738 0.00000 -61.14429 0.54738 0.83688 0.00000 33.05079 0.00000 0.00000 -1.00000 0.00000
1606417169029164 -0.75813 0.65211 0.00000 -57.38894 0.65211 0.75813 0.00000 40.78835 0.00000 0.00000 -1.00000 0.00000
1606417169278544 -0.67897 0.73417 0.00000 -53.34425 0.73417 0.67897 0.00000 47.05718 0.00000 0.00000 -1.00000 0.00000
1606417169529174 -0.58428 0.81155 0.00000 -48.25080 0.81155 0.58428 0.00000 53.23154 0.00000 0.00000 -1.00000 0.00000
1606417169779176 -0.50132 0.86526 -0.00000 -43.79693 0.86526 0.50132 0.00000 57.59480 0.00000 0.00000 -1.00000 0.00000
1606417170029803 -0.41653 0.90912 -0.00000 -39.18096 0.90912 0.41653 0.00000 61.54075 0.00000 0.00000 -1.00000 0.00000
1606417170279805 -0.34156 0.93986 -0.00000 -35.27145 0.93986 0.34156 0.00000 64.59481 0.00000 0.00000 -1.00000 0.00000
1606417170529818 -0.27254 0.96214 0.00000 -31.73497 0.96214 0.27254 0.00000 66.91664 0.00000 0.00000 -1.00000 0.00000
1606417170779817 -0.21540 0.97653 0.00000 -28.95293 0.97653 0.21540 0.00000 68.67739 0.00000 0.00000 -1.00000 0.00000
1606417171029822 -0.16897 0.98562 0.00000 -27.08037 0.98562 0.16897 0.00000 69.97171 0.00000 0.00000 -1.00000 0.00000
1606417171279819 -0.11855 0.99295 0.00000 -24.92967 0.99295 0.11855 0.00000 71.15866 0.00000 0.00000 -1.00000 0.00000
1606417171529198 -0.09192 0.99577 0.00000 -24.52317 0.99577 0.09192 0.00000 71.74353 0.00000 0.00000 -1.00000 0.00000
1606417171779205 -0.06711 0.99775 0.00000 -24.27544 0.99775 0.06711 0.00000 72.34321 0.00000 0.00000 -1.00000 0.00000
1606417172029210 -0.04292 0.99908 -0.00000 -24.09481 0.99908 0.04292 0.00000 72.86242 0.00000 0.00000 -1.00000 0.00000
1606417172278584 -0.04631 0.99893 0.00000 -25.91817 0.99893 0.04631 0.00000 72.77427 0.00000 0.00000 -1.00000 0.00000
1606417172529213 -0.03038 0.99954 0.00000 -26.39510 0.99954 0.03038 0.00000 72.98348 0.00000 0.00000 -1.00000 0.00000
1606417172779848 -0.02693 0.99964 0.00000 -27.76525 0.99964 0.02693 0.00000 73.16454 0.00000 0.00000 -1.00000 0.00000
1606417173029849 -0.02436 0.99970 0.00000 -29.29587 0.99970 0.02436 0.00000 73.21835 0.00000 0.00000 -1.00000 0.00000
1606417173280472 -0.01059 0.99994 -0.00000 -29.89376 0.99994 0.01059 0.00000 73.50324 0.00000 0.00000 -1.00000 0.00000
1606417173530482 0.00110 1.00000 -0.00000 -30.78283 1.00000 -0.00110 0.00000 73.95747 0.00000 -0.00000 -1.00000 0.00000
1606417173779859 0.01659 0.99986 0.00000 -31.32019 0.99986 -0.01659 0.00000 74.25310 0.00000 -0.00000 -1.00000 0.00000
1606417174029234 0.02936 0.99957 0.00000 -32.10854 0.99957 -0.02936 0.00000 74.66589 0.00000 -0.00000 -1.00000 0.00000
1606417174279242 0.05882 0.99827 0.00000 -31.61880 0.99827 -0.05882 0.00000 75.48052 0.00000 -0.00000 -1.00000 0.00000
1606417174529241 0.09027 0.99592 0.00000 -30.96586 0.99592 -0.09027 0.00000 76.49214 0.00000 -0.00000 -1.00000 0.00000
1606417174779249 0.11481 0.99339 -0.00000 -30.83305 0.99339 -0.11481 0.00000 77.14807 0.00000 -0.00000 -1.00000 0.00000
1606417175028628 0.14379 0.98961 0.00000 -30.50526 0.98961 -0.14379 0.00000 77.91618 0.00000 -0.00000 -1.00000 0.00000
1606417175278628 0.15861 0.98734 0.00000 -30.89074 0.98734 -0.15861 0.00000 78.23431 0.00000 -0.00000 -1.00000 0.00000
1606417175528634 0.16372 0.98651 -0.00000 -32.34724 0.98651 -0.16372 0.00000 78.49898 0.00000 -0.00000 -1.00000 0.00000
1606417175779263 0.15957 0.98719 0.00000 -34.49828 0.98719 -0.15957 0.00000 78.26466 0.00000 -0.00000 -1.00000 0.00000
1606417176029268 0.14551 0.98936 0.00000 -37.56571 0.98936 -0.14551 0.00000 77.75534 0.00000 -0.00000 -1.00000 0.00000
1606417176279902 0.12970 0.99155 0.00000 -40.54593 0.99155 -0.12970 0.00000 77.14889 0.00000 -0.00000 -1.00000 0.00000
1606417176529891 0.10365 0.99461 0.00000 -44.47068 0.99461 -0.10365 0.00000 76.00491 0.00000 -0.00000 -1.00000 0.00000
1606417176780527 0.09535 0.99544 0.00000 -47.10003 0.99544 -0.09535 0.00000 75.62742 0.00000 -0.00000 -1.00000 0.00000
1606417177029903 0.06995 0.99755 0.00000 -50.94818 0.99755 -0.06995 0.00000 74.39264 0.00000 -0.00000 -1.00000 0.00000
1606417177279906 0.05766 0.99834 0.00000 -53.92112 0.99834 -0.05766 0.00000 73.70566 0.00000 -0.00000 -1.00000 0.00000
1606417177529913 0.03906 0.99924 0.00000 -57.27945 0.99924 -0.03906 0.00000 72.67661 0.00000 -0.00000 -1.00000 0.00000
1606417177779907 0.02510 0.99969 0.00000 -60.28511 0.99969 -0.02510 0.00000 71.80640 0.00000 -0.00000 -1.00000 0.00000
1606417178029922 0.00973 0.99995 0.00000 -63.43699 0.99995 -0.00973 0.00000 70.84290 0.00000 -0.00000 -1.00000 0.00000
1606417178279922 -0.00647 0.99998 0.00000 -66.54158 0.99998 0.00647 0.00000 69.70762 0.00000 0.00000 -1.00000 0.00000
1606417178529925 -0.00944 0.99996 0.00000 -68.76868 0.99996 0.00944 0.00000 69.52492 0.00000 0.00000 -1.00000 0.00000
1606417178779923 -0.00955 0.99995 0.00000 -70.66385 0.99995 0.00955 0.00000 69.50799 0.00000 0.00000 -1.00000 0.00000
1606417179029926 -0.00827 0.99997 0.00000 -72.47458 0.99997 0.00827 0.00000 69.62444 0.00000 0.00000 -1.00000 0.00000
1606417179279308 -0.01472 0.99989 0.00000 -74.85555 0.99989 0.01472 0.00000 69.06302 0.00000 0.00000 -1.00000 0.00000
1606417179529318 -0.00802 0.99997 0.00000 -76.27387 0.99997 0.00802 0.00000 69.53823 0.00000 0.00000 -1.00000 0.00000
1606417179778692 -0.01176 0.99993 0.00000 -78.26664 0.99993 0.01176 0.00000 69.27376 0.00000 0.00000 -1.00000 0.00000
1606417180028691 -0.01395 0.99990 0.00000 -80.20002 0.99990 0.01395 0.00000 69.05290 0.00000 0.00000 -1.00000 0.00000
1606417180278695 -0.02810 0.99961 0.00000 -82.88104 0.99961 0.02810 0.00000 67.84819 0.00000 0.00000 -1.00000 0.00000
1606417180528707 -0.05057 0.99872 0.00000 -86.11313 0.99872 0.05057 0.00000 65.86964 0.00000 0.00000 -1.00000 0.00000
