1611678138476824 1.00000 0.00000 0.00000 -0.00000 0.00000 -1.00000 0.00000 0.00000 0.00000 -0.00000 -1.00000 0.00000
1611678138726828 1.00000 0.00044 0.00000 0.02867 0.00044 -1.00000 0.00000 -0.00328 0.00000 -0.00000 -1.00000 -0.00000
1611678138977453 1.00000 -0.00083 0.00000 0.01774 -0.00083 -1.00000 0.00000 0.01112 -0.00000 -0.00000 -1.00000 0.00000
1611678139228080 1.00000 0.00149 0.00000 -0.02085 0.00149 -1.00000 0.00000 0.05051 0.00000 -0.00000 -1.00000 0.00000
1611678139478710 1.00000 0.00296 0.00000 0.01778 0.00296 -1.00000 0.00000 0.04032 0.00000 -0.00000 -1.00000 0.00000
1611678139729332 1.00000 0.00011 0.00000 0.02231 0.00011 -1.00000 0.00000 -0.01386 0.00000 -0.00000 -1.00000 -0.00000
1611678139979338 0.99999 0.00398 0.00000 -0.00288 0.00398 -0.99999 0.00000 -0.01111 0.00000 -0.00000 -1.00000 -0.00000
1611678140229340 1.00000 -0.00067 0.00000 -0.02767 -0.00067 -1.00000 0.00000 0.04109 -0.00000 -0.00000 -1.00000 0.00000
1611678140478722 1.00000 0.00116 0.00000 -0.00741 0.00116 -1.00000 0.00000 0.02979 0.00000 -0.00000 -1.00000 0.00000
1611678140728096 0.99999 0.00361 0.00000 -0.01413 0.00361 -0.99999 0.00000 0.00959 0.00000 -0.00000 -1.00000 0.00000
1611678140977473 1.00000 0.00251 0.00000 -0.02198 0.00251 -1.00000 0.00000 -0.01464 0.00000 -0.00000 -1.00000 -0.00000
1611678141226856 1.00000 0.00068 -0.00000 -0.00511 0.00068 -1.00000 0.00000 0.04917 0.00000 -0.00000 -1.00000 0.00000
1611678141476234 0.99999 0.00395 0.00000 0.00908 0.00395 -0.99999 0.00000 0.01175 0.00000 -0.00000 -1.00000 0.00000
1611678141726857 1.00000 0.00212 -0.00000 -0.02992 0.00212 -1.00000 0.00000 0.04913 0.00000 -0.00000 -1.00000 0.00000
1611678141976865 1.00000 0.00202 0.00000 0.01566 0.00202 -1.00000 0.00000 -0.01673 0.00000 -0.00000 -1.00000 -0.00000
1611678142227487 0.99999 0.00359 0.00000 0.00977 0.00359 -0.99999 0.00000 0.03752 0.00000 -0.00000 -1.00000 0.00000
1611678142478117 1.00000 0.00016 0.00000 -0.01195 0.00016 -1.00000 0.00000 -0.04241 0.00000 -0.00000 -1.00000 -0.00000
1611678142728744 1.00000 -0.00034 0.00000 0.02075 -0.00034 -1.00000 0.00000 -0.01484 -0.00000 -0.00000 -1.00000 -0.00000
1611678142978132 1.00000 0.00085 0.00000 0.02400 0.00085 -1.00000 0.00000 -0.04767 0.00000 -0.00000 -1.00000 -0.00000
1611678143228125 1.00000 0.00040 0.00000 -0.00072 0.00040 -1.00000 0.00000 0.00192 0.00000 -0.00000 -1.00000 0.00000
1611678143477505 1.00000 0.00136 0.00000 0.00167 0.00136 -1.00000 0.00000 -0.00356 0.00000 -0.00000 -1.00000 -0.00000
1611678143726883 0.99999 0.00500 0.00000 -0.01993 0.00500 -0.99999 0.00000 0.04060 0.00000 -0.00000 -1.00000 0.00000
1611678143976264 0.99999 0.00390 -0.00000 -0.00609 0.00390 -0.99999 0.00000 0.00045 0.00000 -0.00000 -1.00000 0.00000
1611678144226262 1.00000 0.00273 0.00000 0.00861 0.00273 -1.00000 0.00000 -0.00362 0.00000 -0.00000 -1.00000 -0.00000
1611678144476892 1.00000 0.00124 0.00000 0.01521 0.00124 -1.00000 0.00000 -0.03967 0.00000 -0.00000 -1.00000 -0.00000
1611678144727528 1.00000 -0.00108 0.00000 0.02649 -0.00108 -1.00000 0.00000 -0.00825 -0.00000 -0.00000 -1.00000 -0.00000
1611678144978147 1.00000 0.00307 0.00000 0.00966 0.00307 -1.00000 0.00000 -0.00668 0.00000 -0.00000 -1.00000 -0.00000
1611678145229399 1.00000 0.00172 0.00000 -0.02134 0.00172 -1.00000 0.00000 0.04222 0.00000 -0.00000 -1.00000 0.00000
1611678145480031 1.00000 0.00171 0.00000 0.02248 0.00171 -1.00000 0.00000 -0.00338 0.00000 -0.00000 -1.00000 -0.00000
1611678145730652 1.00000 0.00220 0.00000 -0.01616 0.00220 -1.00000 0.00000 0.10155 0.00000 -0.00000 -1.00000 0.00000
1611678145980029 0.99999 0.00513 -0.00000 -0.01497 0.00513 -0.99999 0.00000 -0.01743 0.00000 -0.00000 -1.00000 -0.00000
1611678146229407 1.00000 -0.00062 0.00000 -0.01074 -0.00062 -1.00000 0.00000 -0.01435 -0.00000 -0.00000 -1.00000 -0.00000
1611678146478167 1.00000 -0.00004 -0.00000 0.02803 -0.00004 -1.00000 0.00000 -0.03619 -0.00000 -0.00000 -1.00000 -0.00000
1611678146727539 0.99999 0.00407 0.00000 -0.02404 0.00407 -0.99999 0.00000 -0.02186 0.00000 -0.00000 -1.00000 -0.00000
1611678146977545 1.00000 0.00065 0.00000 -0.02248 0.00065 -1.00000 0.00000 -0.00721 0.00000 -0.00000 -1.00000 -0.00000
1611678147227541 0.99999 -0.00325 -0.00000 0.02578 -0.00325 -0.99999 0.00000 -0.00044 -0.00000 -0.00000 -1.00000 -0.00000
1611678147477550 1.00000 0.00192 0.00000 -0.00381 0.00192 -1.00000 0.00000 0.03687 0.00000 -0.00000 -1.00000 0.00000
1611678147728176 1.00000 0.00225 0.00000 -0.04379 0.00225 -1.00000 0.00000 0.00692 0.00000 -0.00000 -1.00000 0.00000
1611678147978176 1.00000 0.00240 0.00000 0.01917 0.00240 -1.00000 0.00000 -0.01255 0.00000 -0.00000 -1.00000 -0.00000
1611678148228806 1.00000 0.00109 0.00000 0.02708 0.00109 -1.00000 0.00000 -0.01768 0.00000 -0.00000 -1.00000 -0.00000
1611678148479429 0.99999 0.00367 0.00000 0.00562 0.00367 -0.99999 0.00000 0.01669 0.00000 -0.00000 -1.00000 0.00000
1611678148729443 1.00000 0.00028 0.00000 -0.00476 0.00028 -1.00000 0.00000 0.02224 0.00000 -0.00000 -1.00000 0.00000
1611678148978187 1.00000 0.00240 0.00000 0.01901 0.00240 -1.00000 0.00000 -0.03917 0.00000 -0.00000 -1.00000 -0.00000
1611678149228192 1.00000 -0.00113 0.00000 0.00163 -0.00113 -1.00000 0.00000 0.02210 -0.00000 -0.00000 -1.00000 0.00000
1611678149477581 1.00000 -0.00021 0.00000 -0.01359 -0.00021 -1.00000 0.00000 0.02360 -0.00000 -0.00000 -1.00000 0.00000
1611678149726949 1.00000 0.00150 0.00000 -0.00934 0.00150 -1.00000 0.00000 0.01352 0.00000 -0.00000 -1.00000 0.00000
1611678149976948 1.00000 -0.00255 0.00000 -0.00534 -0.00255 -1.00000 0.00000 0.02964 -0.00000 -0.00000 -1.00000 0.00000
1611678150226327 0.99999 0.00344 0.00000 -0.03806 0.00344 -0.99999 0.00000 -0.01239 0.00000 -0.00000 -1.00000 -0.00000
1611678150476958 1.00000 0.00046 -0.00000 0.01864 0.00046 -1.00000 0.00000 -0.03313 0.00000 -0.00000 -1.00000 -0.00000
1611678150727585 1.00000 0.00124 -0.00000 -0.00398 0.00124 -1.00000 0.00000 -0.04588 0.00000 -0.00000 -1.00000 -0.00000
1611678150978218 1.00000 -0.00055 -0.00000 -0.02072 -0.00055 -1.00000 0.00000 -0.03210 -0.00000 -0.00000 -1.00000 -0.00000
1611678151228842 1.00000 -0.00070 0.00000 0.00855 -0.00070 -1.00000 0.00000 -0.01849 -0.00000 -0.00000 -1.00000 -0.00000
1611678151478844 1.00000 0.00133 0.00000 0.00656 0.00133 -1.00000 0.00000 -0.02324 0.00000 -0.00000 -1.00000 -0.00000
1611678151728842 1.00000 -0.00092 0.00000 0.00901 -0.00092 -1.00000 0.00000 0.02477 -0.00000 -0.00000 -1.00000 0.00000
1611678151978220 1.00000 -0.00079 0.00000 0.02239 -0.00079 -1.00000 0.00000 0.00742 -0.00000 -0.00000 -1.00000 0.00000
1611678152227596 1.00000 -0.00110 0.00000 -0.00840 -0.00110 -1.00000 0.00000 0.03215 -0.00000 -0.00000 -1.00000 0.00000
1611678152476984 0.99999 0.00388 0.00000 -0.00937 0.00388 -0.99999 0.00000 -0.00438 0.00000 -0.00000 -1.00000 -0.00000
1611678152726991 0.99999 0.00500 0.00000 0.00568 0.00500 -0.99999 0.00000 -0.02169 0.00000 -0.00000 -1.00000 -0.00000
1611678152977607 1.00000 0.00247 0.00000 -0.00933 0.00247 -1.00000 0.00000 0.04249 0.00000 -0.00000 -1.00000 0.00000
1611678153228233 1.00000 0.00265 -0.00000 0.01676 0.00265 -1.00000 0.00000 -0.00734 0.00000 -0.00000 -1.00000 -0.00000
1611678153479495 1.00000 -0.00158 0.00000 -0.01037 -0.00158 -1.00000 0.00000 0.02990 -0.00000 -0.00000 -1.00000 0.00000
1611678153729496 1.00000 -0.00088 0.00000 0.01920 -0.00088 -1.00000 0.00000 -0.01663 -0.00000 -0.00000 -1.00000 -0.00000
1611678153978868 1.00000 0.00300 -0.00000 0.02531 0.00300 -1.00000 0.00000 -0.05303 0.00000 -0.00000 -1.00000 -0.00000
1611678154228868 1.00000 0.00123 0.00000 -0.01776 0.00123 -1.00000 0.00000 -0.00208 0.00000 -0.00000 -1.00000 -0.00000
1611678154478252 1.00000 0.00184 0.00000 0.00705 0.00184 -1.00000 0.00000 -0.05941 0.00000 -0.00000 -1.00000 -0.00000
1611678154727632 1.00000 0.00135 -0.00000 0.01273 0.00135 -1.00000 0.00000 -0.05436 0.00000 -0.00000 -1.00000 -0.00000
1611678154977637 1.00000 -0.00148 0.00000 -0.00690 -0.00148 -1.00000 0.00000 0.03016 -0.00000 -0.00000 -1.00000 0.00000
1611678155227013 0.99999 0.00437 0.00000 -0.01398 0.00437 -0.99999 0.00000 -0.00537 0.00000 -0.00000 -1.00000 -0.00000
1611678155477020 1.00000 0.00253 0.00000 -0.00195 0.00253 -1.00000 0.00000 -0.00932 0.00000 -0.00000 -1.00000 -0.00000
1611678155727642 1.00000 0.00255 0.00000 0.03795 0.00255 -1.00000 0.00000 -0.00658 0.00000 -0.00000 -1.00000 -0.00000
1611678155978290 1.00000 0.00006 -0.00000 -0.03267 0.00006 -1.00000 0.00000 0.04085 0.00000 -0.00000 -1.00000 0.00000
1611678156228269 1.00000 -0.00013 -0.00000 -0.02329 -0.00013 -1.00000 0.00000 -0.01721 -0.00000 -0.00000 -1.00000 -0.00000
1611678156478943 1.00000 0.00138 0.00000 0.01310 0.00138 -1.00000 0.00000 -0.00543 0.00000 -0.00000 -1.00000 -0.00000
1611678156728900 0.99999 0.00449 -0.00000 -0.00617 0.00449 -0.99999 0.00000 -0.02200 0.00000 -0.00000 -1.00000 -0.00000
1611678156978904 1.00000 0.00092 0.00000 -0.03235 0.00092 -1.00000 0.00000 0.04091 0.00000 -0.00000 -1.00000 0.00000
1611678157227659 1.00000 0.00057 -0.00000 0.02057 0.00057 -1.00000 0.00000 -0.00094 0.00000 -0.00000 -1.00000 -0.00000
1611678157477667 1.00000 -0.00209 0.00000 -0.00187 -0.00209 -1.00000 0.00000 0.01894 -0.00000 -0.00000 -1.00000 0.00000
1611678157727037 0.99999 0.00517 -0.00000 -0.01411 0.00517 -0.99999 0.00000 -0.01285 0.00000 -0.00000 -1.00000 -0.00000
1611678157977041 1.00000 0.00149 -0.00000 -0.02784 0.00149 -1.00000 0.00000 0.01359 0.00000 -0.00000 -1.00000 0.00000
1611678158227051 1.00000 0.00079 0.00000 0.00960 0.00079 -1.00000 0.00000 -0.01141 0.00000 -0.00000 -1.00000 -0.00000
1611678158477674 1.00000 0.00301 0.00000 0.01960 0.00301 -1.00000 0.00000 0.02816 0.00000 -0.00000 -1.00000 0.00000
1611678158728298 1.00000 0.00073 0.00000 -0.01113 0.00073 -1.00000 0.00000 0.03022 0.00000 -0.00000 -1.00000 0.00000
1611678158978933 1.00000 0.00265 0.00000 -0.00043 0.00265 -1.00000 0.00000 -0.00908 0.00000 -0.00000 -1.00000 -0.00000
1611678159229554 1.00000 0.00111 0.00000 0.00854 0.00111 -1.00000 0.00000 -0.06541 0.00000 -0.00000 -1.00000 -0.00000
1611678159480187 0.99999 -0.00319 0.00000 -0.00526 -0.00319 -0.99999 0.00000 -0.02539 -0.00000 -0.00000 -1.00000 -0.00000
1611678159729562 0.99999 0.00318 0.00000 -0.01295 0.00318 -0.99999 0.00000 0.00676 0.00000 -0.00000 -1.00000 0.00000
1611678159978940 1.00000 0.00163 0.00000 -0.02584 0.00163 -1.00000 0.00000 -0.03631 0.00000 -0.00000 -1.00000 -0.00000
1611678160228316 1.00000 0.00158 0.00000 0.00591 0.00158 -1.00000 0.00000 -0.03942 0.00000 -0.00000 -1.00000 -0.00000
1611678160477696 1.00000 0.00182 0.00000 -0.00736 0.00182 -1.00000 0.00000 -0.03356 0.00000 -0.00000 -1.00000 -0.00000
1611678160727087 1.00000 0.00131 0.00000 0.01909 0.00131 -1.00000 0.00000 -0.05264 0.00000 -0.00000 -1.00000 -0.00000
1611678160977077 1.00000 -0.00113 0.00000 0.00090 -0.00113 -1.00000 0.00000 -0.00532 -0.00000 -0.00000 -1.00000 -0.00000
1611678161227073 1.00000 0.00099 -0.00000 0.02254 0.00099 -1.00000 0.00000 -0.04632 0.00000 -0.00000 -1.00000 -0.00000
1611678161477705 1.00000 0.00056 -0.00000 0.01733 0.00056 -1.00000 0.00000 -0.06043 0.00000 -0.00000 -1.00000 -0.00000
1611678161728954 1.00000 -0.00058 0.00000 -0.02491 -0.00058 -1.00000 0.00000 0.02174 -0.00000 -0.00000 -1.00000 0.00000
1611678161979589 1.00000 0.00172 0.00000 -0.00627 0.00172 -1.00000 0.00000 -0.00060 0.00000 -0.00000 -1.00000 -0.00000
1611678162229590 1.00000 0.00034 0.00000 -0.00283 0.00034 -1.00000 0.00000 -0.00587 0.00000 -0.00000 -1.00000 -0.00000
1611678162479592 1.00000 -0.00234 0.00000 0.01134 -0.00234 -1.00000 0.00000 0.02369 -0.00000 -0.00000 -1.00000 0.00000
1611678162728969 1.00000 -0.00156 0.00000 0.00391 -0.00156 -1.00000 0.00000 0.03313 -0.00000 -0.00000 -1.00000 0.00000
1611678162978346 1.00000 -0.00055 0.00000 -0.01466 -0.00055 -1.00000 0.00000 0.04218 -0.00000 -0.00000 -1.00000 0.00000
1611678163227730 1.00000 0.00229 0.00000 -0.01972 0.00229 -1.00000 0.00000 0.03450 0.00000 -0.00000 -1.00000 0.00000
1611678163477109 0.99998 0.00600 0.00000 -0.02631 0.00600 -0.99998 0.00000 0.00630 0.00000 -0.00000 -1.00000 0.00000
1611678163727108 0.99999 0.00366 0.00000 -0.01530 0.00366 -0.99999 0.00000 -0.01796 0.00000 -0.00000 -1.00000 -0.00000
1611678163977111 1.00000 0.00030 0.00000 -0.04223 0.00030 -1.00000 0.00000 -0.04136 0.00000 -0.00000 -1.00000 -0.00000
1611678164228363 1.00000 -0.00230 0.00000 -0.07528 -0.00230 -1.00000 0.00000 0.01551 -0.00000 -0.00000 -1.00000 0.00000
1611678164478995 1.00000 0.00055 0.00000 -0.09897 0.00055 -1.00000 0.00000 -0.08325 0.00000 -0.00000 -1.00000 -0.00000
1611678164729634 1.00000 -0.00162 -0.00000 -0.13224 -0.00162 -1.00000 0.00000 -0.06137 -0.00000 -0.00000 -1.00000 -0.00000
1611678164979618 0.99999 -0.00335 0.00000 -0.22001 -0.00335 -0.99999 0.00000 -0.05903 -0.00000 -0.00000 -1.00000 -0.00000
1611678165228997 1.00000 -0.00163 0.00000 -0.25434 -0.00163 -1.00000 0.00000 -0.03905 -0.00000 -0.00000 -1.00000 -0.00000
1611678165478370 1.00000 -0.00288 0.00000 -0.34914 -0.00288 -1.00000 0.00000 0.00668 -0.00000 -0.00000 -1.00000 0.00000
1611678165727755 0.99992 -0.01288 0.00000 -0.42528 -0.01288 -0.99992 0.00000 -0.10748 -0.00000 -0.00000 -1.00000 -0.00000
1611678165977133 0.99992 -0.01247 0.00000 -0.43507 -0.01247 -0.99992 0.00000 -0.02971 -0.00000 -0.00000 -1.00000 -0.00000
1611678166227138 0.99984 -0.01796 0.00000 -0.56776 -0.01796 -0.99984 0.00000 -0.02544 -0.00000 -0.00000 -1.00000 -0.00000
1611678166477142 0.99965 -0.02651 0.00000 -0.65382 -0.02651 -0.99965 0.00000 -0.02720 -0.00000 -0.00000 -1.00000 -0.00000
1611678166727765 0.99965 -0.02632 0.00000 -0.85578 -0.02632 -0.99965 0.00000 -0.00809 -0.00000 -0.00000 -1.00000 -0.00000
1611678166978403 0.99969 -0.02489 -0.00000 -0.98620 -0.02489 -0.99969 0.00000 0.04318 -0.00000 -0.00000 -1.00000 0.00000
1611678167229017 0.99979 -0.02061 0.00000 -1.08381 -0.02061 -0.99979 0.00000 -0.03087 -0.00000 -0.00000 -1.00000 -0.00000
1611678167479024 0.99979 -0.02054 0.00000 -1.27392 -0.02054 -0.99979 0.00000 -0.08833 -0.00000 -0.00000 -1.00000 -0.00000
1611678167729650 0.99968 -0.02525 0.00000 -1.48144 -0.02525 -0.99968 0.00000 -0.03768 -0.00000 -0.00000 -1.00000 -0.00000
1611678167979026 0.99979 -0.02035 0.00000 -1.65599 -0.02035 -0.99979 0.00000 -0.02215 -0.00000 -0.00000 -1.00000 -0.00000
1611678168227783 0.99978 -0.02093 0.00000 -1.80758 -0.02093 -0.99978 0.00000 -0.04926 -0.00000 -0.00000 -1.00000 -0.00000
1611678168477787 0.99979 -0.02053 -0.00000 -1.96518 -0.02053 -0.99979 0.00000 -0.01989 -0.00000 -0.00000 -1.00000 -0.00000
1611678168727793 0.99963 -0.02722 0.00000 -2.19444 -0.02722 -0.99963 0.00000 0.07686 -0.00000 -0.00000 -1.00000 0.00000
1611678168977163 0.99982 -0.01922 0.00000 -2.36108 -0.01922 -0.99982 0.00000 -0.01535 -0.00000 -0.00000 -1.00000 -0.00000
1611678169227793 0.99965 -0.02658 0.00000 -2.61498 -0.02658 -0.99965 0.00000 0.02292 -0.00000 -0.00000 -1.00000 0.00000
1611678169478423 0.99951 -0.03120 0.00000 -2.82756 -0.03120 -0.99951 0.00000 0.00308 -0.00000 -0.00000 -1.00000 0.00000
1611678169728420 0.99945 -0.03306 0.00000 -2.99062 -0.03306 -0.99945 0.00000 0.02106 -0.00000 -0.00000 -1.00000 0.00000
1611678169978425 0.99926 -0.03841 0.00000 -3.07278 -0.03841 -0.99926 0.00000 0.02169 -0.00000 -0.00000 -1.00000 0.00000
1611678170228427 0.99916 -0.04106 0.00000 -3.19507 -0.04106 -0.99916 0.00000 -0.00843 -0.00000 -0.00000 -1.00000 -0.00000
1611678170477811 0.99913 -0.04172 0.00000 -3.26768 -0.04172 -0.99913 0.00000 -0.05439 -0.00000 -0.00000 -1.00000 -0.00000
1611678170727185 0.99922 -0.03958 -0.00000 -3.32054 -0.03958 -0.99922 0.00000 -0.03632 -0.00000 -0.00000 -1.00000 -0.00000
1611678170977189 0.99915 -0.04118 -0.00000 -3.36061 -0.04118 -0.99915 0.00000 0.02390 -0.00000 -0.00000 -1.00000 0.00000
1611678171227190 0.99908 -0.04285 0.00000 -3.37245 -0.04285 -0.99908 0.00000 0.03788 -0.00000 -0.00000 -1.00000 0.00000
1611678171477812 0.99913 -0.04174 0.00000 -3.40630 -0.04174 -0.99913 0.00000 0.09472 -0.00000 -0.00000 -1.00000 0.00000
1611678171728449 0.99910 -0.04250 0.00000 -3.41068 -0.04250 -0.99910 0.00000 0.06537 -0.00000 -0.00000 -1.00000 0.00000
1611678171979079 0.99922 -0.03945 0.00000 -3.38778 -0.03945 -0.99922 0.00000 0.06956 -0.00000 -0.00000 -1.00000 0.00000
1611678172229701 0.99928 -0.03804 0.00000 -3.39727 -0.03804 -0.99928 0.00000 0.12507 -0.00000 -0.00000 -1.00000 0.00000
1611678172479083 0.99939 -0.03494 0.00000 -3.38197 -0.03494 -0.99939 0.00000 0.03973 -0.00000 -0.00000 -1.00000 0.00000
1611678172729083 0.99936 -0.03564 0.00000 -3.40127 -0.03564 -0.99936 0.00000 0.05110 -0.00000 -0.00000 -1.00000 0.00000
1611678172978461 0.99921 -0.03969 0.00000 -3.39027 -0.03969 -0.99921 0.00000 -0.04824 -0.00000 -0.00000 -1.00000 -0.00000
1611678173228463 0.99913 -0.04162 0.00000 -3.41060 -0.04162 -0.99913 0.00000 0.05374 -0.00000 -0.00000 -1.00000 0.00000
1611678173477843 0.99929 -0.03756 0.00000 -3.46814 -0.03756 -0.99929 0.00000 0.08910 -0.00000 -0.00000 -1.00000 0.00000
1611678173727221 0.99944 -0.03347 0.00000 -3.48486 -0.03347 -0.99944 0.00000 0.04612 -0.00000 -0.00000 -1.00000 0.00000
1611678173976598 0.99948 -0.03236 0.00000 -3.51283 -0.03236 -0.99948 0.00000 0.02029 -0.00000 -0.00000 -1.00000 0.00000
1611678174226596 0.99952 -0.03101 0.00000 -3.53730 -0.03101 -0.99952 0.00000 -0.01696 -0.00000 -0.00000 -1.00000 -0.00000
1611678174477230 0.99968 -0.02541 -0.00000 -3.59553 -0.02541 -0.99968 0.00000 0.03665 -0.00000 -0.00000 -1.00000 0.00000
1611678174727854 0.99982 -0.01915 0.00000 -3.59854 -0.01915 -0.99982 0.00000 0.00920 -0.00000 -0.00000 -1.00000 0.00000
1611678174979114 0.99956 -0.02973 -0.00000 -3.64200 -0.02973 -0.99956 0.00000 0.07207 -0.00000 -0.00000 -1.00000 0.00000
1611678175229110 0.99973 -0.02325 -0.00000 -3.62594 -0.02325 -0.99973 0.00000 -0.03854 -0.00000 -0.00000 -1.00000 -0.00000
1611678175479115 0.99983 -0.01868 0.00000 -3.64902 -0.01868 -0.99983 0.00000 0.01641 -0.00000 -0.00000 -1.00000 0.00000
1611678175729116 0.99985 -0.01751 0.00000 -3.67143 -0.01751 -0.99985 0.00000 0.00045 -0.00000 -0.00000 -1.00000 0.00000
1611678175979116 0.99956 -0.02949 0.00000 -3.64288 -0.02949 -0.99956 0.00000 0.03775 -0.00000 -0.00000 -1.00000 0.00000
1611678176228492 0.99949 -0.03196 0.00000 -3.62385 -0.03196 -0.99949 0.00000 0.00836 -0.00000 -0.00000 -1.00000 0.00000
1611678176477252 0.99967 -0.02569 -0.00000 -3.63422 -0.02569 -0.99967 0.00000 -0.03620 -0.00000 -0.00000 -1.00000 -0.00000
1611678176727262 0.99973 -0.02328 0.00000 -3.65275 -0.02328 -0.99973 0.00000 0.00510 -0.00000 -0.00000 -1.00000 0.00000
1611678176977255 0.99956 -0.02963 -0.00000 -3.65155 -0.02963 -0.99956 0.00000 0.00880 -0.00000 -0.00000 -1.00000 0.00000
1611678177227257 0.99947 -0.03247 0.00000 -3.63976 -0.03247 -0.99947 0.00000 0.02879 -0.00000 -0.00000 -1.00000 0.00000
1611678177477261 0.99971 -0.02407 0.00000 -3.62014 -0.02407 -0.99971 0.00000 -0.10007 -0.00000 -0.00000 -1.00000 -0.00000
1611678177727889 0.99967 -0.02571 0.00000 -3.63948 -0.02571 -0.99967 0.00000 -0.06045 -0.00000 -0.00000 -1.00000 -0.00000
1611678177979144 0.99961 -0.02810 0.00000 -3.66517 -0.02810 -0.99961 0.00000 0.05106 -0.00000 -0.00000 -1.00000 0.00000
1611678178229140 0.99977 -0.02133 0.00000 -3.64819 -0.02133 -0.99977 0.00000 -0.05462 -0.00000 -0.00000 -1.00000 -0.00000
1611678178479144 0.99974 -0.02299 0.00000 -3.66717 -0.02299 -0.99974 0.00000 -0.00298 -0.00000 -0.00000 -1.00000 -0.00000
1611678178729147 0.99943 -0.03364 0.00000 -3.66686 -0.03364 -0.99943 0.00000 0.04365 -0.00000 -0.00000 -1.00000 0.00000
1611678178978528 0.99926 -0.03836 0.00000 -3.82177 -0.03836 -0.99926 0.00000 0.06054 -0.00000 -0.00000 -1.00000 0.00000
1611678179227910 0.99902 -0.04417 -0.00000 -4.00106 -0.04417 -0.99902 0.00000 0.11243 -0.00000 -0.00000 -1.00000 0.00000
1611678179477283 0.99837 -0.05702 0.00000 -4.27747 -0.05702 -0.99837 0.00000 0.09443 -0.00000 -0.00000 -1.00000 0.00000
1611678179727281 0.99665 -0.08177 0.00000 -4.61181 -0.08177 -0.99665 0.00000 0.19020 -0.00000 -0.00000 -1.00000 0.00000
1611678179977288 0.99432 -0.10639 0.00000 -4.98791 -0.10639 -0.99432 0.00000 0.30747 -0.00000 -0.00000 -1.00000 0.00000
1611678180227917 0.99209 -0.12553 0.00000 -5.39909 -0.12553 -0.99209 0.00000 0.32333 -0.00000 -0.00000 -1.00000 0.00000
1611678180478548 0.98995 -0.14145 0.00000 -5.88083 -0.14145 -0.98995 0.00000 0.37808 -0.00000 -0.00000 -1.00000 0.00000
1611678180729172 0.98702 -0.16061 0.00000 -6.41880 -0.16061 -0.98702 0.00000 0.44204 -0.00000 -0.00000 -1.00000 0.00000
1611678180979177 0.98515 -0.17172 0.00000 -7.09153 -0.17172 -0.98515 0.00000 0.57507 -0.00000 -0.00000 -1.00000 0.00000
1611678181228550 0.98552 -0.16957 0.00000 -7.76085 -0.16957 -0.98552 0.00000 0.57550 -0.00000 -0.00000 -1.00000 0.00000
1611678181477932 0.98495 -0.17284 0.00000 -8.52549 -0.17284 -0.98495 0.00000 0.56685 -0.00000 -0.00000 -1.00000 0.00000
1611678181727307 0.98400 -0.17817 0.00000 -9.15580 -0.17817 -0.98400 0.00000 0.48258 -0.00000 -0.00000 -1.00000 0.00000
1611678181977313 0.98291 -0.18409 0.00000 -9.90141 -0.18409 -0.98291 0.00000 0.61655 -0.00000 -0.00000 -1.00000 0.00000
1611678182227312 0.98230 -0.18731 0.00000 -10.74056 -0.18731 -0.98230 0.00000 0.65064 -0.00000 -0.00000 -1.00000 0.00000
1611678182477312 0.98108 -0.19362 0.00000 -11.65069 -0.19362 -0.98108 0.00000 0.70513 -0.00000 -0.00000 -1.00000 0.00000
1611678182727947 0.98028 -0.19760 0.00000 -12.48311 -0.19760 -0.98028 0.00000 0.71261 -0.00000 -0.00000 -1.00000 0.00000
1611678182978580 0.98094 -0.19429 0.00000 -13.36474 -0.19429 -0.98094 0.00000 0.71224 -0.00000 -0.00000 -1.00000 0.00000
1611678183229202 0.98191 -0.18934 -0.00000 -14.28625 -0.18934 -0.98191 0.00000 0.64286 -0.00000 -0.00000 -1.00000 0.00000
1611678183480459 0.98157 -0.19112 0.00000 -15.27559 -0.19112 -0.98157 0.00000 0.67490 -0.00000 -0.00000 -1.00000 0.00000
1611678183730458 0.98236 -0.18700 0.00000 -16.28168 -0.18700 -0.98236 0.00000 0.49757 -0.00000 -0.00000 -1.00000 0.00000
1611678183979837 0.98474 -0.17401 0.00000 -17.32561 -0.17401 -0.98474 0.00000 0.32277 -0.00000 -0.00000 -1.00000 0.00000
1611678184229212 0.98743 -0.15803 -0.00000 -18.28925 -0.15803 -0.98743 0.00000 0.04265 -0.00000 -0.00000 -1.00000 0.00000
1611678184479216 0.98864 -0.15032 0.00000 -19.31297 -0.15032 -0.98864 0.00000 -0.08670 -0.00000 -0.00000 -1.00000 -0.00000
1611678184728605 0.98986 -0.14205 0.00000 -20.41564 -0.14205 -0.98986 0.00000 -0.27684 -0.00000 -0.00000 -1.00000 -0.00000
1611678184977969 0.99162 -0.12919 0.00000 -21.52240 -0.12919 -0.99162 0.00000 -0.52206 -0.00000 -0.00000 -1.00000 -0.00000
1611678185227349 0.99283 -0.11954 -0.00000 -22.72141 -0.11954 -0.99283 0.00000 -0.81473 -0.00000 -0.00000 -1.00000 -0.00000
1611678185477355 0.99413 -0.10819 0.00000 -23.88624 -0.10819 -0.99413 0.00000 -1.13846 -0.00000 -0.00000 -1.00000 -0.00000
1611678185727354 0.99534 -0.09647 0.00000 -25.05445 -0.09647 -0.99534 0.00000 -1.44375 -0.00000 -0.00000 -1.00000 -0.00000
1611678185977360 0.99725 -0.07410 0.00000 -26.33467 -0.07410 -0.99725 0.00000 -1.99694 -0.00000 -0.00000 -1.00000 -0.00000
1611678186227986 0.99830 -0.05833 0.00000 -27.53619 -0.05833 -0.99830 0.00000 -2.39273 -0.00000 -0.00000 -1.00000 -0.00000
1611678186478616 0.99916 -0.04104 0.00000 -28.72179 -0.04104 -0.99916 0.00000 -2.90317 -0.00000 -0.00000 -1.00000 -0.00000
1611678186729862 0.99948 -0.03230 0.00000 -30.07509 -0.03230 -0.99948 0.00000 -3.16495 -0.00000 -0.00000 -1.00000 -0.00000
1611678186980493 0.99966 -0.02589 0.00000 -31.37101 -0.02589 -0.99966 0.00000 -3.48019 -0.00000 -0.00000 -1.00000 -0.00000
1611678187231121 0.99973 -0.02332 0.00000 -32.65209 -0.02332 -0.99973 0.00000 -3.52641 -0.00000 -0.00000 -1.00000 -0.00000
1611678187481122 0.99980 -0.01992 0.00000 -33.96932 -0.01992 -0.99980 0.00000 -3.53598 -0.00000 -0.00000 -1.00000 -0.00000
1611678187729878 0.99986 -0.01697 0.00000 -35.31762 -0.01697 -0.99986 0.00000 -3.80995 -0.00000 -0.00000 -1.00000 -0.00000
1611678187979882 0.99995 -0.01018 0.00000 -36.47989 -0.01018 -0.99995 0.00000 -4.05583 -0.00000 -0.00000 -1.00000 -0.00000
1611678188228630 1.00000 -0.00219 0.00000 -37.70494 -0.00219 -1.00000 0.00000 -4.30798 -0.00000 -0.00000 -1.00000 -0.00000
1611678188478631 1.00000 -0.00204 0.00000 -39.01704 -0.00204 -1.00000 0.00000 -4.40395 -0.00000 -0.00000 -1.00000 -0.00000
1611678188728637 0.99993 -0.01200 -0.00000 -40.31465 -0.01200 -0.99993 0.00000 -3.96427 -0.00000 -0.00000 -1.00000 -0.00000
1611678188978014 0.99994 -0.01105 0.00000 -41.44418 -0.01105 -0.99994 0.00000 -4.11425 -0.00000 -0.00000 -1.00000 -0.00000
1611678189227396 0.99998 -0.00616 0.00000 -42.57339 -0.00616 -0.99998 0.00000 -4.27612 -0.00000 -0.00000 -1.00000 -0.00000
1611678189477399 1.00000 -0.00092 0.00000 -43.74868 -0.00092 -1.00000 0.00000 -4.59719 -0.00000 -0.00000 -1.00000 -0.00000
1611678189728022 1.00000 0.00021 0.00000 -44.87435 0.00021 -1.00000 0.00000 -4.64894 0.00000 -0.00000 -1.00000 -0.00000
1611678189978652 1.00000 -0.00044 0.00000 -45.95470 -0.00044 -1.00000 0.00000 -4.72461 -0.00000 -0.00000 -1.00000 -0.00000
1611678190229904 1.00000 -0.00150 0.00000 -46.99725 -0.00150 -1.00000 0.00000 -4.55550 -0.00000 -0.00000 -1.00000 -0.00000
1611678190479907 0.99997 0.00764 0.00000 -48.05542 0.00764 -0.99997 0.00000 -5.06384 0.00000 -0.00000 -1.00000 -0.00000
1611678190729907 0.99993 0.01155 0.00000 -49.05301 0.01155 -0.99993 0.00000 -5.29526 0.00000 -0.00000 -1.00000 -0.00000
1611678190979294 0.99996 0.00923 -0.00000 -50.06216 0.00923 -0.99996 0.00000 -5.17919 0.00000 -0.00000 -1.00000 -0.00000
1611678191228667 0.99995 0.00996 0.00000 -51.09361 0.00996 -0.99995 0.00000 -5.18063 0.00000 -0.00000 -1.00000 -0.00000
1611678191478041 0.99998 0.00634 0.00000 -52.18786 0.00634 -0.99998 0.00000 -4.97429 0.00000 -0.00000 -1.00000 -0.00000
1611678191727420 0.99999 0.00395 -0.00000 -53.21446 0.00395 -0.99999 0.00000 -4.85484 0.00000 -0.00000 -1.00000 -0.00000
1611678191977422 1.00000 -0.00102 -0.00000 -54.35138 -0.00102 -1.00000 0.00000 -4.63143 -0.00000 -0.00000 -1.00000 -0.00000
1611678192227427 0.99998 -0.00619 0.00000 -55.55467 -0.00619 -0.99998 0.00000 -4.35460 -0.00000 -0.00000 -1.00000 -0.00000
1611678192477432 0.99999 -0.00370 0.00000 -56.69994 -0.00370 -0.99999 0.00000 -4.55063 -0.00000 -0.00000 -1.00000 -0.00000
1611678192728070 0.99995 -0.00949 0.00000 -57.98895 -0.00949 -0.99995 0.00000 -4.20338 -0.00000 -0.00000 -1.00000 -0.00000
1611678192978686 0.99978 -0.02097 0.00000 -59.21226 -0.02097 -0.99978 0.00000 -3.56879 -0.00000 -0.00000 -1.00000 -0.00000
1611678193229938 0.99962 -0.02766 -0.00000 -60.65192 -0.02766 -0.99962 0.00000 -3.12909 -0.00000 -0.00000 -1.00000 -0.00000
1611678193480568 0.99972 -0.02374 0.00000 -61.94819 -0.02374 -0.99972 0.00000 -3.44531 -0.00000 -0.00000 -1.00000 -0.00000
1611678193730568 0.99972 -0.02368 0.00000 -63.42745 -0.02368 -0.99972 0.00000 -3.55296 -0.00000 -0.00000 -1.00000 -0.00000
1611678193979948 0.99973 -0.02311 -0.00000 -64.75705 -0.02311 -0.99973 0.00000 -3.61637 -0.00000 -0.00000 -1.00000 -0.00000
1611678194229947 0.99967 -0.02570 0.00000 -66.38392 -0.02570 -0.99967 0.00000 -3.49996 -0.00000 -0.00000 -1.00000 -0.00000
1611678194479321 0.99963 -0.02704 0.00000 -67.84262 -0.02704 -0.99963 0.00000 -3.35023 -0.00000 -0.00000 -1.00000 -0.00000
1611678194728707 0.99963 -0.02722 0.00000 -69.40384 -0.02722 -0.99963 0.00000 -3.38669 -0.00000 -0.00000 -1.00000 -0.00000
1611678194978085 0.99976 -0.02170 0.00000 -70.92900 -0.02170 -0.99976 0.00000 -3.73173 -0.00000 -0.00000 -1.00000 -0.00000
1611678195227456 0.99985 -0.01742 0.00000 -72.38861 -0.01742 -0.99985 0.00000 -4.09972 -0.00000 -0.00000 -1.00000 -0.00000
1611678195477459 0.99978 -0.02100 0.00000 -73.92625 -0.02100 -0.99978 0.00000 -3.86698 -0.00000 -0.00000 -1.00000 -0.00000
1611678195727464 0.99978 -0.02085 -0.00000 -75.44232 -0.02085 -0.99978 0.00000 -3.92941 -0.00000 -0.00000 -1.00000 -0.00000
1611678195978092 0.99969 -0.02497 0.00000 -76.94588 -0.02497 -0.99969 0.00000 -3.62683 -0.00000 -0.00000 -1.00000 -0.00000
1611678196229346 0.99948 -0.03211 0.00000 -78.47581 -0.03211 -0.99948 0.00000 -3.04415 -0.00000 -0.00000 -1.00000 -0.00000
1611678196479976 0.99909 -0.04270 0.00000 -79.99155 -0.04270 -0.99909 0.00000 -2.24277 -0.00000 -0.00000 -1.00000 -0.00000
1611678196729976 0.99883 -0.04827 0.00000 -81.50210 -0.04827 -0.99883 0.00000 -1.84630 -0.00000 -0.00000 -1.00000 -0.00000
1611678196979355 0.99841 -0.05629 0.00000 -82.94921 -0.05629 -0.99841 0.00000 -1.13210 -0.00000 -0.00000 -1.00000 -0.00000
1611678197229980 0.99701 -0.07731 0.00000 -84.44150 -0.07731 -0.99701 0.00000 0.62850 -0.00000 -0.00000 -1.00000 0.00000
1611678197478113 0.99612 -0.08801 0.00000 -85.87049 -0.08801 -0.99612 0.00000 1.47602 -0.00000 -0.00000 -1.00000 0.00000
1611678197728113 0.99376 -0.11158 0.00000 -87.21245 -0.11158 -0.99376 0.00000 3.48595 -0.00000 -0.00000 -1.00000 0.00000
1611678197978116 0.98908 -0.14736 0.00000 -88.41173 -0.14736 -0.98908 0.00000 6.70742 -0.00000 -0.00000 -1.00000 0.00000
1611678198227488 0.98436 -0.17617 0.00000 -89.57075 -0.17617 -0.98436 0.00000 9.22866 -0.00000 -0.00000 -1.00000 0.00000
1611678198477499 0.97742 -0.21132 0.00000 -90.56923 -0.21132 -0.97742 0.00000 12.35778 -0.00000 -0.00000 -1.00000 0.00000
1611678198728126 0.96867 -0.24834 0.00000 -91.42085 -0.24834 -0.96867 0.00000 15.90743 -0.00000 -0.00000 -1.00000 0.00000
1611678198979384 0.95859 -0.28477 0.00000 -92.15882 -0.28477 -0.95859 0.00000 19.29383 -0.00000 -0.00000 -1.00000 0.00000
1611678199229379 0.94852 -0.31672 0.00000 -92.93265 -0.31672 -0.94852 0.00000 22.33115 -0.00000 -0.00000 -1.00000 0.00000
1611678199480014 0.93186 -0.36281 0.00000 -93.14056 -0.36281 -0.93186 0.00000 26.91292 -0.00000 -0.00000 -1.00000 0.00000
1611678199729387 0.91508 -0.40327 0.00000 -93.21603 -0.40327 -0.91508 0.00000 30.83590 -0.00000 -0.00000 -1.00000 0.00000
1611678199978766 0.89475 -0.44657 0.00000 -93.04794 -0.44657 -0.89475 0.00000 35.20358 -0.00000 -0.00000 -1.00000 0.00000
1611678200228142 0.87318 -0.48740 0.00000 -92.68045 -0.48740 -0.87318 0.00000 39.48355 -0.00000 -0.00000 -1.00000 0.00000
1611678200477520 0.85397 -0.52032 0.00000 -92.47077 -0.52032 -0.85397 0.00000 42.95928 -0.00000 -0.00000 -1.00000 0.00000
1611678200727533 0.82622 -0.56335 0.00000 -91.53482 -0.56335 -0.82622 0.00000 47.71610 -0.00000 -0.00000 -1.00000 0.00000
1611678200977524 0.80327 -0.59561 0.00000 -90.91736 -0.59561 -0.80327 0.00000 51.32893 -0.00000 -0.00000 -1.00000 0.00000
1611678201227524 0.77447 -0.63261 0.00000 -89.79872 -0.63261 -0.77447 0.00000 55.47607 -0.00000 -0.00000 -1.00000 0.00000
1611678201478780 0.74287 -0.66943 0.00000 -88.39112 -0.66943 -0.74287 0.00000 59.76843 -0.00000 -0.00000 -1.00000 0.00000
1611678201729407 0.71311 -0.70105 0.00000 -87.09132 -0.70105 -0.71311 0.00000 63.49555 -0.00000 -0.00000 -1.00000 0.00000
1611678201979413 0.68334 -0.73010 0.00000 -85.90387 -0.73010 -0.68334 0.00000 67.13358 -0.00000 -0.00000 -1.00000 0.00000
1611678202229413 0.63816 -0.76991 0.00000 -83.14061 -0.76991 -0.63816 0.00000 72.24942 -0.00000 -0.00000 -1.00000 0.00000
1611678202478791 0.59891 -0.80081 0.00000 -80.82489 -0.80081 -0.59891 0.00000 76.11868 -0.00000 -0.00000 -1.00000 0.00000
1611678202728172 0.55712 -0.83043 -0.00000 -78.31257 -0.83043 -0.55712 0.00000 80.15230 -0.00000 -0.00000 -1.00000 0.00000
1611678202977550 0.50993 -0.86022 0.00000 -75.15788 -0.86022 -0.50993 0.00000 84.27677 -0.00000 -0.00000 -1.00000 0.00000
1611678203227551 0.45875 -0.88857 0.00000 -71.62748 -0.88857 -0.45875 0.00000 88.71617 -0.00000 -0.00000 -1.00000 0.00000
1611678203477555 0.41681 -0.90899 -0.00000 -68.91554 -0.90899 -0.41681 0.00000 91.97495 -0.00000 -0.00000 -1.00000 0.00000
1611678203727555 0.38983 -0.92089 0.00000 -67.69366 -0.92089 -0.38983 0.00000 93.87678 -0.00000 -0.00000 -1.00000 0.00000
1611678203978185 0.37016 -0.92897 0.00000 -67.24812 -0.92897 -0.37016 0.00000 95.18533 -0.00000 -0.00000 -1.00000 0.00000
1611678204229437 0.35318 -0.93556 0.00000 -67.12907 -0.93556 -0.35318 0.00000 96.50216 -0.00000 -0.00000 -1.00000 0.00000
1611678204480066 0.34782 -0.93756 0.00000 -68.07911 -0.93756 -0.34782 0.00000 96.79148 -0.00000 -0.00000 -1.00000 0.00000
1611678204730065 0.35026 -0.93665 0.00000 -69.95434 -0.93665 -0.35026 0.00000 96.72350 -0.00000 -0.00000 -1.00000 0.00000
1611678204979443 0.35076 -0.93646 0.00000 -71.67478 -0.93646 -0.35076 0.00000 96.63706 -0.00000 -0.00000 -1.00000 0.00000
1611678205228826 0.34854 -0.93729 0.00000 -73.07424 -0.93729 -0.34854 0.00000 96.75398 -0.00000 -0.00000 -1.00000 0.00000
1611678205478202 0.35045 -0.93658 0.00000 -74.98478 -0.93658 -0.35045 0.00000 96.55338 -0.00000 -0.00000 -1.00000 0.00000
1611678205728203 0.34627 -0.93814 0.00000 -76.24003 -0.93814 -0.34627 0.00000 96.88502 -0.00000 -0.00000 -1.00000 0.00000
1611678205978204 0.34946 -0.93695 0.00000 -78.31850 -0.93695 -0.34946 0.00000 96.76732 -0.00000 -0.00000 -1.00000 0.00000
1611678206227596 0.35823 -0.93363 0.00000 -80.92864 -0.93363 -0.35823 0.00000 95.83405 -0.00000 -0.00000 -1.00000 0.00000
1611678206478212 0.36235 -0.93204 0.00000 -83.24040 -0.93204 -0.36235 0.00000 95.40863 -0.00000 -0.00000 -1.00000 0.00000
1611678206728843 0.37467 -0.92716 0.00000 -86.22095 -0.92716 -0.37467 0.00000 94.23798 -0.00000 -0.00000 -1.00000 0.00000
1611678206980099 0.38942 -0.92106 0.00000 -89.55560 -0.92106 -0.38942 0.00000 92.94928 -0.00000 -0.00000 -1.00000 0.00000
1611678207230096 0.40646 -0.91367 -0.00000 -93.05014 -0.91367 -0.40646 0.00000 91.07105 -0.00000 -0.00000 -1.00000 0.00000
1611678207480098 0.42222 -0.90649 0.00000 -96.41512 -0.90649 -0.42222 0.00000 89.52875 -0.00000 -0.00000 -1.00000 0.00000
1611678207729476 0.43859 -0.89869 0.00000 -99.71324 -0.89869 -0.43859 0.00000 87.76341 -0.00000 -0.00000 -1.00000 0.00000
1611678207978849 0.45876 -0.88856 0.00000 -103.42031 -0.88856 -0.45876 0.00000 85.37480 -0.00000 -0.00000 -1.00000 0.00000
1611678208227941 0.47759 -0.87858 0.00000 -107.00915 -0.87858 -0.47759 0.00000 83.20203 -0.00000 -0.00000 -1.00000 0.00000
1611678208477607 0.50269 -0.86447 0.00000 -110.93521 -0.86447 -0.50269 0.00000 79.99491 -0.00000 -0.00000 -1.00000 0.00000
1611678208728245 0.51933 -0.85457 -0.00000 -114.20853 -0.85457 -0.51933 0.00000 77.82491 -0.00000 -0.00000 -1.00000 0.00000
1611678208978240 0.54501 -0.83843 0.00000 -118.06201 -0.83843 -0.54501 0.00000 74.35418 -0.00000 -0.00000 -1.00000 0.00000
1611678209228869 0.56452 -0.82542 0.00000 -121.42373 -0.82542 -0.56452 0.00000 71.44383 -0.00000 -0.00000 -1.00000 0.00000
1611678209479496 0.58214 -0.81309 0.00000 -124.46730 -0.81309 -0.58214 0.00000 68.70056 -0.00000 -0.00000 -1.00000 0.00000
1611678209729494 0.60250 -0.79812 0.00000 -127.75462 -0.79812 -0.60250 0.00000 65.48330 -0.00000 -0.00000 -1.00000 0.00000
1611678209979499 0.61578 -0.78792 0.00000 -130.52584 -0.78792 -0.61578 0.00000 63.29782 -0.00000 -0.00000 -1.00000 0.00000
1611678210228880 0.63664 -0.77116 0.00000 -133.56306 -0.77116 -0.63664 0.00000 59.71878 -0.00000 -0.00000 -1.00000 0.00000
1611678210478884 0.64690 -0.76257 0.00000 -135.83719 -0.76257 -0.64690 0.00000 58.11938 -0.00000 -0.00000 -1.00000 0.00000
1611678210728260 0.66510 -0.74675 0.00000 -138.69587 -0.74675 -0.66510 0.00000 54.67803 -0.00000 -0.00000 -1.00000 0.00000
1611678210978260 0.67678 -0.73618 -0.00000 -141.00843 -0.73618 -0.67678 0.00000 52.44268 -0.00000 -0.00000 -1.00000 0.00000
1611678211228265 0.68692 -0.72674 0.00000 -143.04927 -0.72674 -0.68692 0.00000 50.45901 -0.00000 -0.00000 -1.00000 0.00000
1611678211478897 0.69165 -0.72223 0.00000 -144.73552 -0.72223 -0.69165 0.00000 49.63631 -0.00000 -0.00000 -1.00000 0.00000
1611678211729520 0.69892 -0.71520 0.00000 -146.53761 -0.71520 -0.69892 0.00000 48.12702 -0.00000 -0.00000 -1.00000 0.00000
1611678211980149 0.69932 -0.71481 0.00000 -147.85293 -0.71481 -0.69932 0.00000 48.12525 -0.00000 -0.00000 -1.00000 0.00000
1611678212230146 0.70437 -0.70983 0.00000 -149.38886 -0.70983 -0.70437 0.00000 46.93133 -0.00000 -0.00000 -1.00000 0.00000
1611678212480154 0.70828 -0.70593 0.00000 -150.78631 -0.70593 -0.70828 0.00000 46.18960 -0.00000 -0.00000 -1.00000 0.00000
1611678212729532 0.71404 -0.70011 0.00000 -152.31542 -0.70011 -0.71404 0.00000 44.92360 -0.00000 -0.00000 -1.00000 0.00000
1611678212978909 0.72546 -0.68826 0.00000 -154.08582 -0.68826 -0.72546 0.00000 42.31283 -0.00000 -0.00000 -1.00000 0.00000
1611678213228286 0.73983 -0.67280 0.00000 -155.98040 -0.67280 -0.73983 0.00000 39.10458 -0.00000 -0.00000 -1.00000 0.00000
1611678213477041 0.76304 -0.64635 -0.00000 -158.17151 -0.64635 -0.76304 0.00000 33.58962 -0.00000 -0.00000 -1.00000 0.00000
1611678213727042 0.79481 -0.60685 0.00000 -160.64321 -0.60685 -0.79481 0.00000 25.53560 -0.00000 -0.00000 -1.00000 0.00000
1611678213977674 0.83083 -0.55652 0.00000 -162.79185 -0.55652 -0.83083 0.00000 15.56438 -0.00000 -0.00000 -1.00000 0.00000
1611678214227673 0.87531 -0.48356 -0.00000 -164.30493 -0.48356 -0.87531 0.00000 1.52711 -0.00000 -0.00000 -1.00000 0.00000
1611678214478926 0.90898 -0.41684 0.00000 -164.84983 -0.41684 -0.90898 0.00000 -10.74311 -0.00000 -0.00000 -1.00000 -0.00000
1611678214729551 0.93810 -0.34636 0.00000 -164.26337 -0.34636 -0.93810 0.00000 -23.13778 -0.00000 -0.00000 -1.00000 -0.00000
1611678214980184 0.96243 -0.27152 0.00000 -162.65031 -0.27152 -0.96243 0.00000 -36.05212 -0.00000 -0.00000 -1.00000 -0.00000
1611678215230182 0.98371 -0.17977 0.00000 -159.25371 -0.17977 -0.98371 0.00000 -51.11787 -0.00000 -0.00000 -1.00000 -0.00000
1611678215480184 0.99641 -0.08468 0.00000 -154.30888 -0.08468 -0.99641 0.00000 -66.09423 -0.00000 -0.00000 -1.00000 -0.00000
1611678215729564 0.99977 0.02126 0.00000 -147.11142 0.02126 -0.99977 0.00000 -82.02334 0.00000 -0.00000 -1.00000 -0.00000
1611678215978940 0.99231 0.12379 0.00000 -138.56941 0.12379 -0.99231 0.00000 -96.71638 0.00000 -0.00000 -1.00000 -0.00000
1611678216228321 0.97322 0.22989 -0.00000 -127.95787 0.22989 -0.97322 0.00000 -111.02761 0.00000 -0.00000 -1.00000 -0.00000
1611678216478323 0.94354 0.33127 0.00000 -116.09422 0.33127 -0.94354 0.00000 -123.87946 0.00000 -0.00000 -1.00000 -0.00000
1611678216728338 0.90152 0.43273 0.00000 -102.43701 0.43273 -0.90152 0.00000 -135.78328 0.00000 -0.00000 -1.00000 -0.00000
1611678216978333 0.84310 0.53776 0.00000 -86.06378 0.53776 -0.84310 0.00000 -147.08810 0.00000 -0.00000 -1.00000 -0.00000
1611678217228954 0.77741 0.62899 -0.00000 -69.54660 0.62899 -0.77741 0.00000 -155.74732 0.00000 -0.00000 -1.00000 -0.00000
1611678217480212 0.70587 0.70834 0.00000 -53.13852 0.70834 -0.70587 0.00000 -162.26740 0.00000 -0.00000 -1.00000 -0.00000
1611678217730214 0.60750 0.79432 0.00000 -32.12298 0.79432 -0.60750 0.00000 -167.78975 0.00000 -0.00000 -1.00000 -0.00000
1611678217980212 0.51421 0.85767 0.00000 -13.68099 0.85767 -0.51421 0.00000 -170.29211 0.00000 -0.00000 -1.00000 -0.00000
1611678218229588 0.40420 0.91467 0.00000 6.88203 0.91467 -0.40420 0.00000 -170.64638 0.00000 -0.00000 -1.00000 -0.00000
1611678218478967 0.29426 0.95573 0.00000 26.22185 0.95573 -0.29426 0.00000 -168.60333 0.00000 -0.00000 -1.00000 -0.00000
1611678218728348 0.17673 0.98426 -0.00000 45.86668 0.98426 -0.17673 0.00000 -164.18587 0.00000 -0.00000 -1.00000 -0.00000
1611678218978353 0.06107 0.99813 0.00000 64.05357 0.99813 -0.06107 0.00000 -157.62504 0.00000 -0.00000 -1.00000 -0.00000
1611678219228357 -0.05834 0.99830 0.00000 81.80992 0.99830 0.05834 0.00000 -148.94801 0.00000 0.00000 -1.00000 -0.00000
1611678219478986 -0.18110 0.98346 -0.00000 99.01003 0.98346 0.18110 0.00000 -137.70956 0.00000 0.00000 -1.00000 -0.00000
1611678219730231 -0.29326 0.95603 0.00000 113.61160 0.95603 0.29326 0.00000 -125.20544 0.00000 0.00000 -1.00000 -0.00000
1611678219980241 -0.40997 0.91210 -0.00000 127.88977 0.91210 0.40997 0.00000 -110.10663 0.00000 0.00000 -1.00000 -0.00000
1611678220230240 -0.50728 0.86178 0.00000 138.47559 0.86178 0.50728 0.00000 -95.39306 0.00000 0.00000 -1.00000 -0.00000
1611678220479621 -0.60233 0.79825 0.00000 148.02493 0.79825 0.60233 0.00000 -78.89594 0.00000 0.00000 -1.00000 -0.00000
1611678220728996 -0.68277 0.73064 0.00000 154.80928 0.73064 0.68277 0.00000 -62.96373 0.00000 0.00000 -1.00000 -0.00000
