1. -0.004 0. 1.729 0.004 1. 0. 0.051 0. 0. 1. 0.
1. -0.005 0. 2.243 0.005 1. 0. 0.046 0. 0. 1. 0.
1. -0.008 0. 2.832 0.008 1. 0. 0.060 0. 0. 1. 0.
1. -0.008 0. 3.521 0.008 1. 0. 0.066 0. 0. 1. 0.
1. -0.009 0. 4.266 0.009 1. 0. 0.068 0. 0. 1. 0.
1. -0.008 0. 5.091 0.008 1. 0. 0.085 0. 0. 1. 0.
1. -0.010 0. 5.970 0.010 1. 0. 0.099 0. 0. 1. 0.
1. -0.011 0. 6.947 0.011 1. 0. 0.154 0. 0. 1. 0.
1. -0.012 0. 8.007 0.012 1. 0. 0.157 0. 0. 1. 0.
1. -0.013 0. 9.107 0.013 1. 0. 0.169 0. 0. 1. 0.
1.000 -0.015 0. 10.315 0.015 1.000 0. 0.198 0. 0. 1. 0.
1.000 -0.016 0. 11.495 0.016 1.000 0. 0.226 0. 0. 1. 0.
1.000 -0.016 0. 12.809 0.016 1.000 0. 0.276 0. 0. 1. 0.
1.000 -0.018 0. 14.167 0.018 1.000 0. 0.323 0. 0. 1. 0.
1.000 -0.018 0. 15.588 0.018 1.000 0. 0.375 0. 0. 1. 0.
1.000 -0.020 0. 17.085 0.020 1.000 0. 0.345 0. 0. 1. 0.
1.000 -0.018 0. 18.600 0.018 1.000 0. 0.383 0. 0. 1. 0.
1.000 -0.016 0. 20.164 0.016 1.000 0. 0.443 0. 0. 1. 0.
1. -0.013 0. 21.777 0.013 1. 0. 0.453 0. 0. 1. 0.
1. -0.009 0. 23.452 0.009 1. 0. 0.509 0. 0. 1. 0.
1. -0.008 0. 25.167 0.008 1. 0. 0.522 0. 0. 1. 0.
1. -0.004 0. 26.935 0.004 1. 0. 0.530 0. 0. 1. 0.
1. -0.002 0. 28.714 0.002 1. 0. 0.518 0. 0. 1. 0.
1. -0.001 0. 30.560 0.001 1. 0. 0.541 0. 0. 1. 0.
1. 0.002 0. 32.441 -0.002 1. 0. 0.527 0. 0. 1. 0.
1. 0.006 0. 34.310 -0.006 1. 0. 0.564 0. 0. 1. 0.
1. 0.008 0. 36.237 -0.008 1. 0. 0.531 0. 0. 1. 0.
1. 0.009 0. 38.224 -0.009 1. 0. 0.502 0. 0. 1. 0.
1. 0.007 0. 40.239 -0.007 1. 0. 0.496 0. 0. 1. 0.
1. 0.006 0. 42.264 -0.006 1. 0. 0.521 0. 0. 1. 0.
1. 0.006 0. 44.263 -0.006 1. 0. 0.486 0. 0. 1. 0.
1. 0.006 0. 46.334 -0.006 1. 0. 0.488 0. 0. 1. 0.
1. 0.003 0. 48.343 -0.003 1. 0. 0.502 0. 0. 1. 0.
1. 0.003 0. 50.322 -0.003 1. 0. 0.504 0. 0. 1. 0.
1. 0.003 0. 52.326 -0.003 1. 0. 0.513 0. 0. 1. 0.
1. 0.003 0. 54.284 -0.003 1. 0. 0.497 0. 0. 1. 0.
1. 0.001 0. 56.217 -0.001 1. 0. 0.490 0. 0. 1. 0.
1. 0.001 0. 58.129 -0.001 1. 0. 0.507 0. 0. 1. 0.
1. 0.003 0. 60.057 -0.003 1. 0. 0.529 0. 0. 1. 0.
1. 0.002 0. 61.897 -0.002 1. 0. 0.525 0. 0. 1. 0.
1. 0.002 0. 63.714 -0.002 1. 0. 0.558 0. 0. 1. 0.
1. 0.004 0. 65.584 -0.004 1. 0. 0.544 0. 0. 1. 0.
1. 0.007 0. 67.367 -0.007 1. 0. 0.540 0. 0. 1. 0.
1. 0.010 0. 69.184 -0.010 1. 0. 0.510 0. 0. 1. 0.
1. 0.012 0. 70.975 -0.012 1. 0. 0.558 0. 0. 1. 0.
1. 0.011 0. 72.757 -0.011 1. 0. 0.513 0. 0. 1. 0.
1. 0.012 0. 74.573 -0.012 1. 0. 0.504 0. 0. 1. 0.
1.000 0.015 0. 76.398 -0.015 1.000 0. 0.482 0. 0. 1. 0.
1.000 0.016 0. 78.169 -0.016 1.000 0. 0.426 0. 0. 1. 0.
1.000 0.017 0. 79.943 -0.017 1.000 0. 0.429 0. 0. 1. 0.
1.000 0.018 0. 81.709 -0.018 1.000 0. 0.380 0. 0. 1. 0.
1.000 0.018 0. 83.542 -0.018 1.000 0. 0.366 0. 0. 1. 0.
1.000 0.021 0. 85.334 -0.021 1.000 0. 0.326 0. 0. 1. 0.
1.000 0.024 0. 87.200 -0.024 1.000 0. 0.303 0. 0. 1. 0.
1.000 0.027 0. 89.125 -0.027 1.000 0. 0.247 0. 0. 1. 0.
1.000 0.029 0. 90.887 -0.029 1.000 0. 0.218 0. 0. 1. 0.
0.999 0.034 0. 92.749 -0.034 0.999 0. 0.178 0. 0. 1. 0.
0.999 0.039 0. 94.651 -0.039 0.999 0. 0.120 0. 0. 1. 0.
0.999 0.041 0. 96.569 -0.041 0.999 0. 0.011 0. 0. 1. 0.
0.999 0.047 0. 98.531 -0.047 0.999 0. -0.045 0. 0. 1. 0.
0.999 0.053 0. 100.519 -0.053 0.999 0. -0.143 0. 0. 1. 0.
0.998 0.056 0. 102.520 -0.056 0.998 0. -0.246 0. 0. 1. 0.
0.998 0.060 0. 104.496 -0.060 0.998 0. -0.349 0. 0. 1. 0.
0.998 0.065 0. 106.563 -0.065 0.998 0. -0.446 0. 0. 1. 0.
0.998 0.071 0. 108.595 -0.071 0.998 0. -0.573 0. 0. 1. 0.
0.997 0.075 0. 110.645 -0.075 0.997 0. -0.758 0. 0. 1. 0.
0.997 0.083 0. 112.755 -0.083 0.997 0. -0.918 0. 0. 1. 0.
0.996 0.090 0. 114.850 -0.090 0.996 0. -1.052 0. 0. 1. 0.
0.996 0.094 0. 116.955 -0.094 0.996 0. -1.256 0. 0. 1. 0.
0.995 0.100 0. 119.125 -0.100 0.995 0. -1.495 0. 0. 1. 0.
0.995 0.104 0. 121.240 -0.104 0.995 0. -1.726 0. 0. 1. 0.
0.994 0.106 0. 123.399 -0.106 0.994 0. -2.008 0. 0. 1. 0.
0.994 0.111 0. 125.593 -0.111 0.994 0. -2.241 0. 0. 1. 0.
0.994 0.113 0. 127.728 -0.113 0.994 0. -2.456 0. 0. 1. 0.
0.993 0.120 0. 129.901 -0.120 0.993 0. -2.644 0. 0. 1. 0.
0.992 0.123 0. 132.089 -0.123 0.992 0. -2.940 0. 0. 1. 0.
0.992 0.125 0. 134.265 -0.125 0.992 0. -3.207 0. 0. 1. 0.
0.992 0.128 0. 136.416 -0.128 0.992 0. -3.438 0. 0. 1. 0.
0.992 0.129 0. 138.690 -0.129 0.992 0. -3.751 0. 0. 1. 0.
0.992 0.129 0. 140.887 -0.129 0.992 0. -4.033 0. 0. 1. 0.
0.991 0.130 0. 143.102 -0.130 0.991 0. -4.316 0. 0. 1. 0.
0.992 0.130 0. 145.326 -0.130 0.992 0. -4.578 0. 0. 1. 0.
0.992 0.130 0. 147.567 -0.130 0.992 0. -4.849 0. 0. 1. 0.
0.992 0.130 0. 149.729 -0.130 0.992 0. -5.147 0. 0. 1. 0.
0.992 0.128 0. 151.961 -0.128 0.992 0. -5.406 0. 0. 1. 0.
0.992 0.127 0. 154.130 -0.127 0.992 0. -5.700 0. 0. 1. 0.
0.992 0.126 0. 156.264 -0.126 0.992 0. -5.933 0. 0. 1. 0.
0.992 0.126 0. 158.403 -0.126 0.992 0. -6.216 0. 0. 1. 0.
0.992 0.126 0. 160.529 -0.126 0.992 0. -6.440 0. 0. 1. 0.
0.992 0.123 0. 162.630 -0.123 0.992 0. -6.703 0. 0. 1. 0.
0.992 0.123 0. 164.683 -0.123 0.992 0. -6.955 0. 0. 1. 0.
0.993 0.122 0. 166.741 -0.122 0.993 0. -7.231 0. 0. 1. 0.
0.993 0.121 0. 168.746 -0.121 0.993 0. -7.427 0. 0. 1. 0.
0.993 0.121 0. 170.771 -0.121 0.993 0. -7.713 0. 0. 1. 0.
0.993 0.120 0. 172.764 -0.120 0.993 0. -7.918 0. 0. 1. 0.
0.993 0.120 0. 174.733 -0.120 0.993 0. -8.140 0. 0. 1. 0.
0.993 0.118 0. 176.688 -0.118 0.993 0. -8.372 0. 0. 1. 0.
0.993 0.118 0. 178.613 -0.118 0.993 0. -8.597 0. 0. 1. 0.
0.993 0.118 0. 180.536 -0.118 0.993 0. -8.858 0. 0. 1. 0.
0.993 0.116 0. 182.472 -0.116 0.993 0. -9.052 0. 0. 1. 0.
0.993 0.117 0. 184.403 -0.117 0.993 0. -9.280 0. 0. 1. 0.
0.993 0.116 0. 186.381 -0.116 0.993 0. -9.522 0. 0. 1. 0.
0.993 0.119 0. 188.309 -0.119 0.993 0. -9.722 0. 0. 1. 0.
0.993 0.119 0. 190.299 -0.119 0.993 0. -9.968 0. 0. 1. 0.
0.993 0.120 0. 192.345 -0.120 0.993 0. -10.191 0. 0. 1. 0.
0.993 0.120 0. 194.332 -0.120 0.993 0. -10.438 0. 0. 1. 0.
0.993 0.121 0. 196.338 -0.121 0.993 0. -10.672 0. 0. 1. 0.
0.993 0.120 0. 198.381 -0.120 0.993 0. -10.973 0. 0. 1. 0.
0.993 0.120 0. 200.453 -0.120 0.993 0. -11.209 0. 0. 1. 0.
0.993 0.121 0. 202.540 -0.121 0.993 0. -11.470 0. 0. 1. 0.
0.993 0.121 0. 204.592 -0.121 0.993 0. -11.706 0. 0. 1. 0.
0.993 0.120 0. 206.617 -0.120 0.993 0. -11.936 0. 0. 1. 0.
0.993 0.121 0. 208.648 -0.121 0.993 0. -12.218 0. 0. 1. 0.
0.993 0.119 0. 210.663 -0.119 0.993 0. -12.467 0. 0. 1. 0.
0.993 0.120 0. 212.656 -0.120 0.993 0. -12.720 0. 0. 1. 0.
0.993 0.120 0. 214.588 -0.120 0.993 0. -12.960 0. 0. 1. 0.
0.993 0.120 0. 216.517 -0.120 0.993 0. -13.195 0. 0. 1. 0.
0.993 0.119 0. 218.446 -0.119 0.993 0. -13.406 0. 0. 1. 0.
0.993 0.117 0. 220.290 -0.117 0.993 0. -13.627 0. 0. 1. 0.
0.993 0.120 0. 222.191 -0.120 0.993 0. -13.901 0. 0. 1. 0.
0.993 0.122 0. 224.057 -0.122 0.993 0. -14.075 0. 0. 1. 0.
0.992 0.123 0. 225.926 -0.123 0.992 0. -14.271 0. 0. 1. 0.
0.993 0.122 0. 227.818 -0.122 0.993 0. -14.488 0. 0. 1. 0.
0.993 0.121 0. 229.753 -0.121 0.993 0. -14.736 0. 0. 1. 0.
0.993 0.121 0. 231.638 -0.121 0.993 0. -14.946 0. 0. 1. 0.
0.993 0.122 0. 233.536 -0.122 0.993 0. -15.121 0. 0. 1. 0.
0.993 0.122 0. 235.469 -0.122 0.993 0. -15.374 0. 0. 1. 0.
0.993 0.122 0. 237.418 -0.122 0.993 0. -15.557 0. 0. 1. 0.
0.993 0.121 0. 239.351 -0.121 0.993 0. -15.836 0. 0. 1. 0.
0.993 0.122 0. 241.289 -0.122 0.993 0. -16.013 0. 0. 1. 0.
0.993 0.121 0. 243.241 -0.121 0.993 0. -16.257 0. 0. 1. 0.
0.993 0.120 0. 245.193 -0.120 0.993 0. -16.529 0. 0. 1. 0.
0.993 0.120 0. 247.101 -0.120 0.993 0. -16.760 0. 0. 1. 0.
0.993 0.119 0. 249.052 -0.119 0.993 0. -17.011 0. 0. 1. 0.
0.993 0.118 0. 250.949 -0.118 0.993 0. -17.204 0. 0. 1. 0.
0.993 0.117 0. 252.838 -0.117 0.993 0. -17.408 0. 0. 1. 0.
0.993 0.115 0. 254.712 -0.115 0.993 0. -17.669 0. 0. 1. 0.
0.994 0.112 0. 256.550 -0.112 0.994 0. -17.854 0. 0. 1. 0.
0.994 0.114 0. 258.388 -0.114 0.994 0. -18.083 0. 0. 1. 0.
0.994 0.112 0. 260.171 -0.112 0.994 0. -18.241 0. 0. 1. 0.
0.994 0.112 0. 261.963 -0.112 0.994 0. -18.463 0. 0. 1. 0.
0.994 0.112 0. 263.620 -0.112 0.994 0. -18.682 0. 0. 1. 0.
0.994 0.112 0. 265.404 -0.112 0.994 0. -18.887 0. 0. 1. 0.
0.994 0.113 0. 267.235 -0.113 0.994 0. -19.059 0. 0. 1. 0.
0.994 0.109 0. 268.943 -0.109 0.994 0. -19.264 0. 0. 1. 0.
0.993 0.115 0. 270.683 -0.115 0.993 0. -19.467 0. 0. 1. 0.
0.994 0.111 0. 272.436 -0.111 0.994 0. -19.691 0. 0. 1. 0.
0.994 0.109 0. 274.289 -0.109 0.994 0. -19.881 0. 0. 1. 0.
0.994 0.108 0. 276.078 -0.108 0.994 0. -20.069 0. 0. 1. 0.
0.995 0.104 0. 277.878 -0.104 0.995 0. -20.278 0. 0. 1. 0.
0.995 0.100 0. 279.697 -0.100 0.995 0. -20.423 0. 0. 1. 0.
0.995 0.096 0. 281.540 -0.096 0.995 0. -20.569 0. 0. 1. 0.
0.996 0.092 0. 283.368 -0.092 0.996 0. -20.741 0. 0. 1. 0.
0.996 0.088 0. 285.212 -0.088 0.996 0. -20.899 0. 0. 1. 0.
0.996 0.085 0. 287.056 -0.085 0.996 0. -21.065 0. 0. 1. 0.
0.997 0.080 0. 288.914 -0.080 0.997 0. -21.178 0. 0. 1. 0.
0.997 0.075 0. 290.767 -0.075 0.997 0. -21.298 0. 0. 1. 0.
0.997 0.072 0. 292.636 -0.072 0.997 0. -21.428 0. 0. 1. 0.
0.998 0.070 0. 294.531 -0.070 0.998 0. -21.531 0. 0. 1. 0.
0.998 0.066 0. 296.411 -0.066 0.998 0. -21.608 0. 0. 1. 0.
0.998 0.062 0. 298.278 -0.062 0.998 0. -21.717 0. 0. 1. 0.
0.998 0.057 0. 300.197 -0.057 0.998 0. -21.799 0. 0. 1. 0.
0.999 0.051 0. 302.086 -0.051 0.999 0. -21.904 0. 0. 1. 0.
0.999 0.046 0. 303.985 -0.046 0.999 0. -21.969 0. 0. 1. 0.
0.999 0.040 0. 305.837 -0.040 0.999 0. -22.051 0. 0. 1. 0.
0.999 0.035 0. 307.697 -0.035 0.999 0. -22.089 0. 0. 1. 0.
1.000 0.030 0. 309.532 -0.030 1.000 0. -22.147 0. 0. 1. 0.
1.000 0.030 0. 311.347 -0.030 1.000 0. -22.164 0. 0. 1. 0.
1.000 0.030 0. 313.132 -0.030 1.000 0. -22.207 0. 0. 1. 0.
1.000 0.031 0. 314.889 -0.031 1.000 0. -22.230 0. 0. 1. 0.
1.000 0.031 0. 316.731 -0.031 1.000 0. -22.277 0. 0. 1. 0.
1.000 0.027 0. 318.586 -0.027 1.000 0. -22.351 0. 0. 1. 0.
1.000 0.028 0. 320.325 -0.028 1.000 0. -22.369 0. 0. 1. 0.
0.999 0.032 0. 322.139 -0.032 0.999 0. -22.399 0. 0. 1. 0.
1.000 0.029 0. 323.988 -0.029 1.000 0. -22.433 0. 0. 1. 0.
1.000 0.029 0. 325.836 -0.029 1.000 0. -22.505 0. 0. 1. 0.
1.000 0.026 0. 327.699 -0.026 1.000 0. -22.556 0. 0. 1. 0.
1.000 0.022 0. 329.586 -0.022 1.000 0. -22.550 0. 0. 1. 0.
1.000 0.018 0. 331.469 -0.018 1.000 0. -22.580 0. 0. 1. 0.
1.000 0.015 0. 333.371 -0.015 1.000 0. -22.632 0. 0. 1. 0.
1. 0.013 0. 335.282 -0.013 1. 0. -22.621 0. 0. 1. 0.
1. 0.009 0. 337.206 -0.009 1. 0. -22.608 0. 0. 1. 0.
1. 0.003 0. 339.152 -0.003 1. 0. -22.615 0. 0. 1. 0.
1. 0.000 0. 341.149 -0.000 1. 0. -22.606 0. 0. 1. 0.
1. -0.002 0. 343.135 0.002 1. 0. -22.580 0. 0. 1. 0.
1. -0.003 0. 345.107 0.003 1. 0. -22.541 0. 0. 1. 0.
1. -0.003 0. 347.129 0.003 1. 0. -22.572 0. 0. 1. 0.
1. -0.004 0. 349.149 0.004 1. 0. -22.562 0. 0. 1. 0.
1. -0.004 0. 351.172 0.004 1. 0. -22.518 0. 0. 1. 0.
1. -0.006 0. 353.233 0.006 1. 0. -22.470 0. 0. 1. 0.
1. -0.009 0. 355.287 0.009 1. 0. -22.446 0. 0. 1. 0.
1. -0.009 0. 357.389 0.009 1. 0. -22.413 0. 0. 1. 0.
1. -0.009 0. 359.466 0.009 1. 0. -22.398 0. 0. 1. 0.
1. -0.009 0. 361.556 0.009 1. 0. -22.360 0. 0. 1. 0.
1. -0.009 0. 363.652 0.009 1. 0. -22.321 0. 0. 1. 0.
1. -0.010 0. 365.798 0.010 1. 0. -22.263 0. 0. 1. 0.
1. -0.010 0. 367.942 0.010 1. 0. -22.226 0. 0. 1. 0.
1. -0.011 0. 370.066 0.011 1. 0. -22.253 0. 0. 1. 0.
1. -0.011 0. 372.194 0.011 1. 0. -22.194 0. 0. 1. 0.
1. -0.013 0. 374.383 0.013 1. 0. -22.149 0. 0. 1. 0.
1.000 -0.016 0. 376.609 0.016 1.000 0. -22.092 0. 0. 1. 0.
1.000 -0.018 0. 378.748 0.018 1.000 0. -22.036 0. 0. 1. 0.
1.000 -0.019 0. 380.958 0.019 1.000 0. -21.958 0. 0. 1. 0.
1.000 -0.021 0. 383.190 0.021 1.000 0. -21.942 0. 0. 1. 0.
1.000 -0.023 0. 385.401 0.023 1.000 0. -21.854 0. 0. 1. 0.
1.000 -0.025 0. 387.642 0.025 1.000 0. -21.816 0. 0. 1. 0.
1.000 -0.027 0. 389.896 0.027 1.000 0. -21.741 0. 0. 1. 0.
1.000 -0.030 0. 392.084 0.030 1.000 0. -21.680 0. 0. 1. 0.
1.000 -0.031 0. 394.243 0.031 1.000 0. -21.611 0. 0. 1. 0.
0.999 -0.033 0. 396.388 0.033 0.999 0. -21.551 0. 0. 1. 0.
0.999 -0.035 0. 398.484 0.035 0.999 0. -21.505 0. 0. 1. 0.
0.999 -0.039 0. 400.558 0.039 0.999 0. -21.378 0. 0. 1. 0.
0.999 -0.043 0. 402.656 0.043 0.999 0. -21.294 0. 0. 1. 0.
0.999 -0.047 0. 404.754 0.047 0.999 0. -21.204 0. 0. 1. 0.
0.999 -0.052 0. 406.804 0.052 0.999 0. -21.133 0. 0. 1. 0.
0.998 -0.056 0. 408.857 0.056 0.998 0. -20.968 0. 0. 1. 0.
0.998 -0.060 0. 410.893 0.060 0.998 0. -20.852 0. 0. 1. 0.
0.998 -0.064 0. 412.957 0.064 0.998 0. -20.723 0. 0. 1. 0.
0.998 -0.068 0. 415.048 0.068 0.998 0. -20.527 0. 0. 1. 0.
0.998 -0.070 0. 417.122 0.070 0.998 0. -20.418 0. 0. 1. 0.
0.997 -0.072 0. 419.165 0.072 0.997 0. -20.248 0. 0. 1. 0.
0.997 -0.076 0. 421.274 0.076 0.997 0. -20.097 0. 0. 1. 0.
0.997 -0.078 0. 423.380 0.078 0.997 0. -19.900 0. 0. 1. 0.
0.997 -0.083 0. 425.451 0.083 0.997 0. -19.754 0. 0. 1. 0.
0.996 -0.087 0. 427.555 0.087 0.996 0. -19.545 0. 0. 1. 0.
0.996 -0.090 0. 429.622 0.090 0.996 0. -19.338 0. 0. 1. 0.
0.996 -0.095 0. 431.707 0.095 0.996 0. -19.132 0. 0. 1. 0.
0.995 -0.101 0. 433.789 0.101 0.995 0. -18.888 0. 0. 1. 0.
0.995 -0.104 0. 435.783 0.104 0.995 0. -18.680 0. 0. 1. 0.
0.994 -0.107 0. 437.771 0.107 0.994 0. -18.422 0. 0. 1. 0.
0.994 -0.112 0. 439.707 0.112 0.994 0. -18.193 0. 0. 1. 0.
0.993 -0.116 0. 441.662 0.116 0.993 0. -17.962 0. 0. 1. 0.
0.993 -0.119 0. 443.559 0.119 0.993 0. -17.729 0. 0. 1. 0.
0.992 -0.125 0. 445.383 0.125 0.992 0. -17.514 0. 0. 1. 0.
0.992 -0.128 0. 447.224 0.128 0.992 0. -17.235 0. 0. 1. 0.
0.992 -0.130 0. 449.163 0.130 0.992 0. -16.936 0. 0. 1. 0.
0.991 -0.132 0. 451.021 0.132 0.991 0. -16.692 0. 0. 1. 0.
0.990 -0.139 0. 452.734 0.139 0.990 0. -16.419 0. 0. 1. 0.
0.990 -0.141 0. 454.630 0.141 0.990 0. -16.153 0. 0. 1. 0.
0.989 -0.145 0. 456.531 0.145 0.989 0. -15.881 0. 0. 1. 0.
0.989 -0.150 0. 458.339 0.150 0.989 0. -15.561 0. 0. 1. 0.
0.988 -0.151 0. 460.232 0.151 0.988 0. -15.265 0. 0. 1. 0.
0.988 -0.157 0. 462.076 0.157 0.988 0. -14.960 0. 0. 1. 0.
0.987 -0.159 0. 463.984 0.159 0.987 0. -14.679 0. 0. 1. 0.
0.987 -0.164 0. 465.882 0.164 0.987 0. -14.402 0. 0. 1. 0.
0.986 -0.168 0. 467.766 0.168 0.986 0. -14.058 0. 0. 1. 0.
0.985 -0.171 0. 469.679 0.171 0.985 0. -13.720 0. 0. 1. 0.
0.985 -0.175 0. 471.535 0.175 0.985 0. -13.416 0. 0. 1. 0.
0.984 -0.178 0. 473.406 0.178 0.984 0. -13.062 0. 0. 1. 0.
0.983 -0.181 0. 475.200 0.181 0.983 0. -12.742 0. 0. 1. 0.
0.982 -0.187 0. 476.922 0.187 0.982 0. -12.353 0. 0. 1. 0.
0.982 -0.188 0. 478.735 0.188 0.982 0. -12.049 0. 0. 1. 0.
0.981 -0.192 0. 480.473 0.192 0.981 0. -11.697 0. 0. 1. 0.
0.980 -0.198 0. 482.212 0.198 0.980 0. -11.347 0. 0. 1. 0.
0.979 -0.202 0. 483.961 0.202 0.979 0. -10.993 0. 0. 1. 0.
0.979 -0.203 0. 485.747 0.203 0.979 0. -10.621 0. 0. 1. 0.
0.978 -0.208 0. 487.506 0.208 0.978 0. -10.213 0. 0. 1. 0.
0.977 -0.211 0. 489.298 0.211 0.977 0. -9.814 0. 0. 1. 0.
0.977 -0.212 0. 491.111 0.212 0.977 0. -9.409 0. 0. 1. 0.
0.977 -0.213 0. 492.940 0.213 0.977 0. -9.035 0. 0. 1. 0.
0.977 -0.214 0. 494.760 0.214 0.977 0. -8.624 0. 0. 1. 0.
0.977 -0.214 0. 496.578 0.214 0.977 0. -8.215 0. 0. 1. 0.
0.976 -0.216 0. 498.432 0.216 0.976 0. -7.823 0. 0. 1. 0.
0.976 -0.218 0. 500.286 0.218 0.976 0. -7.376 0. 0. 1. 0.
0.974 -0.224 0. 502.135 0.224 0.974 0. -6.888 0. 0. 1. 0.
0.974 -0.228 0. 504.057 0.228 0.974 0. -6.494 0. 0. 1. 0.
0.973 -0.232 0. 505.942 0.232 0.973 0. -6.010 0. 0. 1. 0.
0.972 -0.235 0. 507.850 0.235 0.972 0. -5.526 0. 0. 1. 0.
0.971 -0.239 0. 509.753 0.239 0.971 0. -5.030 0. 0. 1. 0.
0.971 -0.240 0. 511.714 0.240 0.971 0. -4.598 0. 0. 1. 0.
0.970 -0.244 0. 513.650 0.244 0.970 0. -4.092 0. 0. 1. 0.
0.970 -0.243 0. 515.593 0.243 0.970 0. -3.574 0. 0. 1. 0.
0.969 -0.248 0. 517.527 0.248 0.969 0. -3.124 0. 0. 1. 0.
0.968 -0.251 0. 519.383 0.251 0.968 0. -2.560 0. 0. 1. 0.
0.967 -0.255 0. 521.294 0.255 0.967 0. -2.073 0. 0. 1. 0.
0.966 -0.260 0. 523.119 0.260 0.966 0. -1.585 0. 0. 1. 0.
0.964 -0.265 0. 524.945 0.265 0.964 0. -1.050 0. 0. 1. 0.
0.963 -0.269 0. 526.741 0.269 0.963 0. -0.541 0. 0. 1. 0.
0.962 -0.273 0. 528.527 0.273 0.962 0. -0.018 0. 0. 1. 0.
0.960 -0.281 0. 530.241 0.281 0.960 0. 0.524 0. 0. 1. 0.
0.959 -0.284 0. 531.991 0.284 0.959 0. 0.997 0. 0. 1. 0.
0.957 -0.289 0. 533.698 0.289 0.957 0. 1.544 0. 0. 1. 0.
0.955 -0.296 0. 535.361 0.296 0.955 0. 1.975 0. 0. 1. 0.
0.954 -0.299 0. 537.026 0.299 0.954 0. 2.550 0. 0. 1. 0.
0.953 -0.301 0. 538.694 0.301 0.953 0. 3.087 0. 0. 1. 0.
0.953 -0.302 0. 540.333 0.302 0.953 0. 3.555 0. 0. 1. 0.
0.952 -0.306 0. 541.869 0.306 0.952 0. 4.104 0. 0. 1. 0.
0.952 -0.307 0. 543.452 0.307 0.952 0. 4.665 0. 0. 1. 0.
0.951 -0.309 0. 545.022 0.309 0.951 0. 5.126 0. 0. 1. 0.
0.951 -0.309 0. 546.598 0.309 0.951 0. 5.605 0. 0. 1. 0.
0.950 -0.313 0. 548.043 0.313 0.950 0. 6.117 0. 0. 1. 0.
0.950 -0.312 0. 549.582 0.312 0.950 0. 6.675 0. 0. 1. 0.
0.953 -0.304 0. 551.035 0.304 0.953 0. 7.074 0. 0. 1. 0.
0.956 -0.295 0. 552.424 0.295 0.956 0. 7.538 0. 0. 1. 0.
0.961 -0.277 0. 553.730 0.277 0.961 0. 7.892 0. 0. 1. 0.
0.968 -0.250 0. 555.045 0.250 0.968 0. 8.225 0. 0. 1. 0.
0.976 -0.217 0. 556.300 0.217 0.976 0. 8.494 0. 0. 1. 0.
0.986 -0.168 0. 557.535 0.168 0.986 0. 8.618 0. 0. 1. 0.
0.994 -0.112 0. 558.600 0.112 0.994 0. 8.674 0. 0. 1. 0.
0.999 -0.045 0. 559.680 0.045 0.999 0. 8.634 0. 0. 1. 0.
1.000 0.024 0. 560.685 -0.024 1.000 0. 8.518 0. 0. 1. 0.
0.995 0.102 0. 561.699 -0.102 0.995 0. 8.312 0. 0. 1. 0.
0.982 0.187 0. 562.607 -0.187 0.982 0. 8.048 0. 0. 1. 0.
0.958 0.286 0. 563.539 -0.286 0.958 0. 7.671 0. 0. 1. 0.
0.922 0.387 0. 564.369 -0.387 0.922 0. 7.222 0. 0. 1. 0.
0.870 0.493 0. 565.156 -0.493 0.870 0. 6.606 0. 0. 1. 0.
0.800 0.600 0. 565.841 -0.600 0.800 0. 5.949 0. 0. 1. 0.
0.713 0.701 0. 566.500 -0.701 0.713 0. 5.210 0. 0. 1. 0.
0.613 0.790 0. 566.946 -0.790 0.613 0. 4.322 0. 0. 1. 0.
0.500 0.866 0. 567.375 -0.866 0.500 0. 3.357 0. 0. 1. 0.
0.380 0.925 0. 567.608 -0.925 0.380 0. 2.424 0. 0. 1. 0.
0.269 0.963 0. 567.714 -0.963 0.269 0. 1.318 0. 0. 1. 0.
0.174 0.985 0. 567.850 -0.985 0.174 0. 0.211 0. 0. 1. 0.
0.111 0.994 0. 567.856 -0.994 0.111 0. -0.920 0. 0. 1. 0.
0.068 0.998 0. 567.920 -0.998 0.068 0. -2.094 0. 0. 1. 0.
0.042 0.999 0. 568.060 -0.999 0.042 0. -3.333 0. 0. 1. 0.
0.022 1.000 0. 568.146 -1.000 0.022 0. -4.687 0. 0. 1. 0.
0.010 1. 0. 568.258 -1. 0.010 0. -6.066 0. 0. 1. 0.
0.002 1. 0. 568.152 -1. 0.002 0. -7.371 0. 0. 1. 0.
-0.001 1. 0. 568.140 -1. -0.001 0. -8.776 0. 0. 1. 0.
-0.003 1. 0. 568.171 -1. -0.003 0. -10.225 0. 0. 1. 0.
-0.002 1. 0. 568.154 -1. -0.002 0. -11.690 0. 0. 1. 0.
-0.000 1. 0. 568.162 -1. -0.000 0. -13.208 0. 0. 1. 0.
0.003 1. 0. 568.167 -1. 0.003 0. -14.738 0. 0. 1. 0.
0.002 1. 0. 568.182 -1. 0.002 0. -16.299 0. 0. 1. 0.
0.005 1. 0. 568.218 -1. 0.005 0. -17.902 0. 0. 1. 0.
0.003 1. 0. 568.213 -1. 0.003 0. -19.497 0. 0. 1. 0.
0.002 1. 0. 568.235 -1. 0.002 0. -21.173 0. 0. 1. 0.
0.002 1. 0. 568.221 -1. 0.002 0. -22.888 0. 0. 1. 0.
0.002 1. 0. 568.260 -1. 0.002 0. -24.607 0. 0. 1. 0.
0.001 1. 0. 568.222 -1. 0.001 0. -26.331 0. 0. 1. 0.
-0.001 1. 0. 568.210 -1. -0.001 0. -28.131 0. 0. 1. 0.
0.001 1. 0. 568.212 -1. 0.001 0. -29.931 0. 0. 1. 0.
0.002 1. 0. 568.250 -1. 0.002 0. -31.754 0. 0. 1. 0.
0.003 1. 0. 568.249 -1. 0.003 0. -33.634 0. 0. 1. 0.
0.006 1. 0. 568.223 -1. 0.006 0. -35.529 0. 0. 1. 0.
0.008 1. 0. 568.283 -1. 0.008 0. -37.424 0. 0. 1. 0.
0.007 1. 0. 568.332 -1. 0.007 0. -39.332 0. 0. 1. 0.
0.007 1. 0. 568.340 -1. 0.007 0. -41.340 0. 0. 1. 0.
0.008 1. 0. 568.306 -1. 0.008 0. -43.345 0. 0. 1. 0.
0.007 1. 0. 568.361 -1. 0.007 0. -45.328 0. 0. 1. 0.
0.006 1. 0. 568.398 -1. 0.006 0. -47.367 0. 0. 1. 0.
0.005 1. 0. 568.423 -1. 0.005 0. -49.419 0. 0. 1. 0.
0.003 1. 0. 568.478 -1. 0.003 0. -51.442 0. 0. 1. 0.
0.001 1. 0. 568.461 -1. 0.001 0. -53.440 0. 0. 1. 0.
0.003 1. 0. 568.490 -1. 0.003 0. -55.424 0. 0. 1. 0.
0.000 1. 0. 568.532 -1. 0.000 0. -57.365 0. 0. 1. 0.
0.001 1. 0. 568.515 -1. 0.001 0. -59.297 0. 0. 1. 0.
0.001 1. 0. 568.521 -1. 0.001 0. -61.202 0. 0. 1. 0.
0.003 1. 0. 568.554 -1. 0.003 0. -63.019 0. 0. 1. 0.
0.005 1. 0. 568.585 -1. 0.005 0. -64.747 0. 0. 1. 0.
0.004 1. 0. 568.636 -1. 0.004 0. -66.364 0. 0. 1. 0.
0.004 1. 0. 568.652 -1. 0.004 0. -67.905 0. 0. 1. 0.
0.002 1. 0. 568.715 -1. 0.002 0. -69.386 0. 0. 1. 0.
0.003 1. 0. 568.644 -1. 0.003 0. -70.841 0. 0. 1. 0.
0.004 1. 0. 568.713 -1. 0.004 0. -72.281 0. 0. 1. 0.
0.005 1. 0. 568.641 -1. 0.005 0. -73.674 0. 0. 1. 0.
0.008 1. 0. 568.631 -1. 0.008 0. -75.034 0. 0. 1. 0.
0.007 1. 0. 568.703 -1. 0.007 0. -76.503 0. 0. 1. 0.
0.005 1. 0. 568.738 -1. 0.005 0. -78.117 0. 0. 1. 0.
0.003 1. 0. 568.673 -1. 0.003 0. -79.490 0. 0. 1. 0.
0.003 1. 0. 568.701 -1. 0.003 0. -80.932 0. 0. 1. 0.
0.003 1. 0. 568.711 -1. 0.003 0. -82.537 0. 0. 1. 0.
0.001 1. 0. 568.710 -1. 0.001 0. -84.078 0. 0. 1. 0.
-0. 1. 0. 568.696 -1. -0. 0. -85.686 0. 0. 1. 0.
-0.001 1. 0. 568.739 -1. -0.001 0. -87.302 0. 0. 1. 0.
0.000 1. 0. 568.711 -1. 0.000 0. -88.913 0. 0. 1. 0.
0.001 1. 0. 568.740 -1. 0.001 0. -90.552 0. 0. 1. 0.
-0.000 1. 0. 568.742 -1. -0.000 0. -92.199 0. 0. 1. 0.
-0.000 1. 0. 568.704 -1. -0.000 0. -93.818 0. 0. 1. 0.
0. 1. 0. 568.680 -1. 0. 0. -95.390 0. 0. 1. 0.
-0. 1. 0. 568.673 -1. -0. 0. -97.006 0. 0. 1. 0.
0.004 1. 0. 568.739 -1. 0.004 0. -98.564 0. 0. 1. 0.
0.006 1. 0. 568.762 -1. 0.006 0. -100.104 0. 0. 1. 0.
0.007 1. 0. 568.764 -1. 0.007 0. -101.625 0. 0. 1. 0.
0.005 1. 0. 568.807 -1. 0.005 0. -103.052 0. 0. 1. 0.
0.006 1. 0. 568.816 -1. 0.006 0. -104.514 0. 0. 1. 0.
0.010 1. 0. 568.811 -1. 0.010 0. -106.128 0. 0. 1. 0.
0.010 1. 0. 568.754 -1. 0.010 0. -107.540 0. 0. 1. 0.
0.004 1. 0. 568.869 -1. 0.004 0. -108.978 0. 0. 1. 0.
0.002 1. 0. 568.871 -1. 0.002 0. -110.486 0. 0. 1. 0.
0.001 1. 0. 568.772 -1. 0.001 0. -111.975 0. 0. 1. 0.
-0.000 1. 0. 568.799 -1. -0.000 0. -113.467 0. 0. 1. 0.
-0.003 1. 0. 568.804 -1. -0.003 0. -114.970 0. 0. 1. 0.
-0.003 1. 0. 568.798 -1. -0.003 0. -116.442 0. 0. 1. 0.
-0.002 1. 0. 568.843 -1. -0.002 0. -117.923 0. 0. 1. 0.
-0.003 1. 0. 568.787 -1. -0.003 0. -119.410 0. 0. 1. 0.
-0.004 1. 0. 568.776 -1. -0.004 0. -120.876 0. 0. 1. 0.
-0.001 1. 0. 568.830 -1. -0.001 0. -122.351 0. 0. 1. 0.
0.001 1. 0. 568.786 -1. 0.001 0. -123.905 0. 0. 1. 0.
0.002 1. 0. 568.752 -1. 0.002 0. -125.348 0. 0. 1. 0.
-0.002 1. 0. 568.802 -1. -0.002 0. -126.830 0. 0. 1. 0.
-0.005 1. 0. 568.734 -1. -0.005 0. -128.349 0. 0. 1. 0.
-0.009 1. 0. 568.725 -1. -0.009 0. -129.861 0. 0. 1. 0.
-0.013 1. 0. 568.730 -1. -0.013 0. -131.387 0. 0. 1. 0.
-0.017 1.000 0. 568.730 -1.000 -0.017 0. -132.878 0. 0. 1. 0.
-0.022 1.000 0. 568.638 -1.000 -0.022 0. -134.345 0. 0. 1. 0.
-0.033 0.999 0. 568.546 -0.999 -0.033 0. -135.785 0. 0. 1. 0.
-0.051 0.999 0. 568.448 -0.999 -0.051 0. -137.235 0. 0. 1. 0.
-0.076 0.997 0. 568.358 -0.997 -0.076 0. -138.705 0. 0. 1. 0.
-0.108 0.994 0. 568.091 -0.994 -0.108 0. -140.177 0. 0. 1. 0.
-0.149 0.989 0. 567.844 -0.989 -0.149 0. -141.633 0. 0. 1. 0.
-0.194 0.981 0. 567.512 -0.981 -0.194 0. -142.972 0. 0. 1. 0.
-0.242 0.970 0. 567.215 -0.970 -0.242 0. -144.284 0. 0. 1. 0.
-0.294 0.956 0. 566.894 -0.956 -0.294 0. -145.697 0. 0. 1. 0.
-0.341 0.940 0. 566.266 -0.940 -0.341 0. -146.967 0. 0. 1. 0.
-0.394 0.919 0. 565.681 -0.919 -0.394 0. -148.298 0. 0. 1. 0.
-0.448 0.894 0. 565.000 -0.894 -0.448 0. -149.571 0. 0. 1. 0.
-0.501 0.866 0. 564.206 -0.866 -0.501 0. -150.773 0. 0. 1. 0.
-0.554 0.833 0. 563.437 -0.833 -0.554 0. -151.948 0. 0. 1. 0.
-0.606 0.795 0. 562.526 -0.795 -0.606 0. -153.073 0. 0. 1. 0.
-0.654 0.756 0. 561.501 -0.756 -0.654 0. -154.117 0. 0. 1. 0.
-0.702 0.712 0. 560.435 -0.712 -0.702 0. -155.133 0. 0. 1. 0.
-0.746 0.666 0. 559.313 -0.666 -0.746 0. -156.129 0. 0. 1. 0.
-0.783 0.622 0. 558.109 -0.622 -0.783 0. -157.078 0. 0. 1. 0.
-0.814 0.580 0. 556.840 -0.580 -0.814 0. -157.938 0. 0. 1. 0.
-0.843 0.537 0. 555.465 -0.537 -0.843 0. -158.739 0. 0. 1. 0.
-0.871 0.492 0. 554.088 -0.492 -0.871 0. -159.448 0. 0. 1. 0.
-0.894 0.447 0. 552.637 -0.447 -0.894 0. -160.142 0. 0. 1. 0.
-0.914 0.405 0. 551.130 -0.405 -0.914 0. -160.794 0. 0. 1. 0.
-0.930 0.368 0. 549.590 -0.368 -0.930 0. -161.323 0. 0. 1. 0.
-0.943 0.333 0. 548.086 -0.333 -0.943 0. -161.878 0. 0. 1. 0.
-0.953 0.303 0. 546.546 -0.303 -0.953 0. -162.323 0. 0. 1. 0.
-0.960 0.280 0. 545.026 -0.280 -0.960 0. -162.776 0. 0. 1. 0.
-0.965 0.261 0. 543.468 -0.261 -0.965 0. -163.212 0. 0. 1. 0.
-0.968 0.250 0. 541.920 -0.250 -0.968 0. -163.591 0. 0. 1. 0.
-0.970 0.243 0. 540.434 -0.243 -0.970 0. -164.018 0. 0. 1. 0.
-0.971 0.240 0. 538.842 -0.240 -0.971 0. -164.441 0. 0. 1. 0.
-0.970 0.243 0. 537.261 -0.243 -0.970 0. -164.895 0. 0. 1. 0.
-0.969 0.248 0. 535.690 -0.248 -0.969 0. -165.282 0. 0. 1. 0.
-0.968 0.252 0. 533.965 -0.252 -0.968 0. -165.787 0. 0. 1. 0.
-0.966 0.259 0. 532.339 -0.259 -0.966 0. -166.211 0. 0. 1. 0.
-0.965 0.264 0. 530.728 -0.264 -0.965 0. -166.673 0. 0. 1. 0.
-0.964 0.266 0. 529.034 -0.266 -0.964 0. -167.171 0. 0. 1. 0.
-0.963 0.269 0. 527.325 -0.269 -0.963 0. -167.706 0. 0. 1. 0.
-0.962 0.273 0. 525.594 -0.273 -0.962 0. -168.204 0. 0. 1. 0.
-0.962 0.275 0. 523.834 -0.275 -0.962 0. -168.709 0. 0. 1. 0.
-0.961 0.275 0. 522.068 -0.275 -0.961 0. -169.238 0. 0. 1. 0.
-0.961 0.276 0. 520.290 -0.276 -0.961 0. -169.765 0. 0. 1. 0.
-0.961 0.276 0. 518.462 -0.276 -0.961 0. -170.310 0. 0. 1. 0.
-0.961 0.277 0. 516.621 -0.277 -0.961 0. -170.844 0. 0. 1. 0.
-0.961 0.275 0. 514.777 -0.275 -0.961 0. -171.398 0. 0. 1. 0.
-0.962 0.273 0. 512.858 -0.273 -0.962 0. -171.980 0. 0. 1. 0.
-0.962 0.275 0. 510.968 -0.275 -0.962 0. -172.462 0. 0. 1. 0.
-0.962 0.274 0. 509.017 -0.274 -0.962 0. -173.042 0. 0. 1. 0.
-0.962 0.273 0. 507.108 -0.273 -0.962 0. -173.613 0. 0. 1. 0.
-0.962 0.272 0. 505.124 -0.272 -0.962 0. -174.210 0. 0. 1. 0.
-0.962 0.271 0. 503.124 -0.271 -0.962 0. -174.751 0. 0. 1. 0.
-0.962 0.273 0. 501.182 -0.273 -0.962 0. -175.300 0. 0. 1. 0.
-0.962 0.274 0. 499.209 -0.274 -0.962 0. -175.899 0. 0. 1. 0.
-0.961 0.277 0. 497.196 -0.277 -0.961 0. -176.457 0. 0. 1. 0.
-0.959 0.282 0. 495.244 -0.282 -0.959 0. -177.045 0. 0. 1. 0.
-0.957 0.289 0. 493.226 -0.289 -0.957 0. -177.640 0. 0. 1. 0.
-0.955 0.297 0. 491.230 -0.297 -0.955 0. -178.205 0. 0. 1. 0.
-0.952 0.307 0. 489.236 -0.307 -0.952 0. -178.917 0. 0. 1. 0.
-0.949 0.316 0. 487.268 -0.316 -0.949 0. -179.590 0. 0. 1. 0.
-0.946 0.326 0. 485.277 -0.326 -0.946 0. -180.279 0. 0. 1. 0.
-0.941 0.338 0. 483.303 -0.338 -0.941 0. -181.055 0. 0. 1. 0.
-0.938 0.347 0. 481.341 -0.347 -0.938 0. -181.852 0. 0. 1. 0.
-0.933 0.359 0. 479.374 -0.359 -0.933 0. -182.647 0. 0. 1. 0.
-0.929 0.370 0. 477.402 -0.370 -0.929 0. -183.473 0. 0. 1. 0.
-0.925 0.380 0. 475.398 -0.380 -0.925 0. -184.249 0. 0. 1. 0.
-0.919 0.394 0. 473.479 -0.394 -0.919 0. -185.133 0. 0. 1. 0.
-0.915 0.403 0. 471.499 -0.403 -0.915 0. -186.008 0. 0. 1. 0.
-0.911 0.412 0. 469.547 -0.412 -0.911 0. -186.959 0. 0. 1. 0.
-0.908 0.420 0. 467.607 -0.420 -0.908 0. -187.880 0. 0. 1. 0.
-0.903 0.429 0. 465.672 -0.429 -0.903 0. -188.841 0. 0. 1. 0.
-0.900 0.436 0. 463.713 -0.436 -0.900 0. -189.743 0. 0. 1. 0.
-0.896 0.443 0. 461.776 -0.443 -0.896 0. -190.735 0. 0. 1. 0.
-0.892 0.452 0. 459.866 -0.452 -0.892 0. -191.761 0. 0. 1. 0.
-0.887 0.461 0. 457.959 -0.461 -0.887 0. -192.781 0. 0. 1. 0.
-0.882 0.471 0. 456.035 -0.471 -0.882 0. -193.843 0. 0. 1. 0.
-0.878 0.479 0. 454.095 -0.479 -0.878 0. -194.923 0. 0. 1. 0.
-0.871 0.491 0. 452.197 -0.491 -0.871 0. -196.019 0. 0. 1. 0.
-0.865 0.501 0. 450.258 -0.501 -0.865 0. -197.135 0. 0. 1. 0.
-0.859 0.511 0. 448.396 -0.511 -0.859 0. -198.293 0. 0. 1. 0.
-0.853 0.522 0. 446.488 -0.522 -0.853 0. -199.422 0. 0. 1. 0.
-0.845 0.534 0. 444.652 -0.534 -0.845 0. -200.668 0. 0. 1. 0.
-0.840 0.542 0. 442.770 -0.542 -0.840 0. -201.878 0. 0. 1. 0.
-0.832 0.554 0. 440.931 -0.554 -0.832 0. -203.093 0. 0. 1. 0.
-0.826 0.563 0. 439.134 -0.563 -0.826 0. -204.379 0. 0. 1. 0.
-0.819 0.574 0. 437.344 -0.574 -0.819 0. -205.684 0. 0. 1. 0.
-0.812 0.583 0. 435.596 -0.583 -0.812 0. -206.991 0. 0. 1. 0.
-0.806 0.592 0. 433.828 -0.592 -0.806 0. -208.244 0. 0. 1. 0.
-0.799 0.602 0. 432.170 -0.602 -0.799 0. -209.598 0. 0. 1. 0.
-0.794 0.609 0. 430.371 -0.609 -0.794 0. -210.859 0. 0. 1. 0.
-0.788 0.616 0. 428.723 -0.616 -0.788 0. -212.188 0. 0. 1. 0.
-0.780 0.626 0. 427.123 -0.626 -0.780 0. -213.512 0. 0. 1. 0.
-0.775 0.632 0. 425.498 -0.632 -0.775 0. -214.810 0. 0. 1. 0.
-0.772 0.636 0. 423.983 -0.636 -0.772 0. -216.103 0. 0. 1. 0.
-0.770 0.638 0. 422.564 -0.638 -0.770 0. -217.309 0. 0. 1. 0.
-0.768 0.640 0. 421.199 -0.640 -0.768 0. -218.466 0. 0. 1. 0.
-0.765 0.644 0. 419.926 -0.644 -0.765 0. -219.610 0. 0. 1. 0.
-0.764 0.646 0. 418.664 -0.646 -0.764 0. -220.573 0. 0. 1. 0.
-0.762 0.648 0. 417.522 -0.648 -0.762 0. -221.640 0. 0. 1. 0.
-0.760 0.649 0. 416.365 -0.649 -0.760 0. -222.629 0. 0. 1. 0.
-0.759 0.651 0. 415.275 -0.651 -0.759 0. -223.608 0. 0. 1. 0.
-0.761 0.649 0. 414.218 -0.649 -0.761 0. -224.491 0. 0. 1. 0.
-0.759 0.651 0. 413.209 -0.651 -0.759 0. -225.406 0. 0. 1. 0.
-0.755 0.655 0. 412.198 -0.655 -0.755 0. -226.229 0. 0. 1. 0.
-0.748 0.663 0. 411.200 -0.663 -0.748 0. -227.134 0. 0. 1. 0.
-0.736 0.677 0. 410.278 -0.677 -0.736 0. -228.064 0. 0. 1. 0.
-0.720 0.694 0. 409.320 -0.694 -0.720 0. -228.976 0. 0. 1. 0.
-0.705 0.709 0. 408.437 -0.709 -0.705 0. -229.964 0. 0. 1. 0.
-0.688 0.726 0. 407.494 -0.726 -0.688 0. -230.909 0. 0. 1. 0.
-0.673 0.739 0. 406.609 -0.739 -0.673 0. -231.928 0. 0. 1. 0.
-0.660 0.751 0. 405.743 -0.751 -0.660 0. -232.977 0. 0. 1. 0.
-0.649 0.761 0. 404.844 -0.761 -0.649 0. -234.070 0. 0. 1. 0.
-0.640 0.768 0. 403.978 -0.768 -0.640 0. -235.227 0. 0. 1. 0.
-0.631 0.776 0. 403.083 -0.776 -0.631 0. -236.269 0. 0. 1. 0.
-0.625 0.781 0. 402.162 -0.781 -0.625 0. -237.577 0. 0. 1. 0.
-0.620 0.785 0. 400.978 -0.785 -0.620 0. -238.845 0. 0. 1. 0.
-0.615 0.789 0. 400.006 -0.789 -0.615 0. -239.985 0. 0. 1. 0.
-0.616 0.788 0. 399.122 -0.788 -0.616 0. -241.265 0. 0. 1. 0.
-0.615 0.788 0. 398.101 -0.788 -0.615 0. -242.554 0. 0. 1. 0.
-0.613 0.790 0. 396.991 -0.790 -0.613 0. -243.980 0. 0. 1. 0.
-0.612 0.791 0. 395.903 -0.791 -0.612 0. -245.381 0. 0. 1. 0.
-0.610 0.792 0. 394.798 -0.792 -0.610 0. -246.810 0. 0. 1. 0.
-0.609 0.793 0. 393.716 -0.793 -0.609 0. -248.322 0. 0. 1. 0.
-0.609 0.794 0. 392.598 -0.794 -0.609 0. -249.828 0. 0. 1. 0.
-0.607 0.795 0. 391.469 -0.795 -0.607 0. -251.373 0. 0. 1. 0.
-0.604 0.797 0. 390.219 -0.797 -0.604 0. -252.917 0. 0. 1. 0.
-0.602 0.798 0. 389.081 -0.798 -0.602 0. -254.501 0. 0. 1. 0.
-0.601 0.799 0. 387.916 -0.799 -0.601 0. -256.062 0. 0. 1. 0.
-0.598 0.801 0. 386.677 -0.801 -0.598 0. -257.646 0. 0. 1. 0.
-0.596 0.803 0. 385.479 -0.803 -0.596 0. -259.300 0. 0. 1. 0.
-0.591 0.807 0. 384.286 -0.807 -0.591 0. -260.990 0. 0. 1. 0.
-0.583 0.812 0. 383.098 -0.812 -0.583 0. -262.680 0. 0. 1. 0.
-0.575 0.818 0. 381.877 -0.818 -0.575 0. -264.447 0. 0. 1. 0.
-0.565 0.825 0. 380.619 -0.825 -0.565 0. -266.240 0. 0. 1. 0.
-0.557 0.830 0. 379.410 -0.830 -0.557 0. -268.026 0. 0. 1. 0.
-0.545 0.838 0. 378.239 -0.838 -0.545 0. -269.885 0. 0. 1. 0.
-0.535 0.845 0. 376.967 -0.845 -0.535 0. -271.778 0. 0. 1. 0.
-0.524 0.852 0. 375.842 -0.852 -0.524 0. -273.682 0. 0. 1. 0.
-0.511 0.859 0. 374.682 -0.859 -0.511 0. -275.664 0. 0. 1. 0.
-0.500 0.866 0. 373.540 -0.866 -0.500 0. -277.656 0. 0. 1. 0.
-0.488 0.873 0. 372.495 -0.873 -0.488 0. -279.694 0. 0. 1. 0.
-0.473 0.881 0. 371.528 -0.881 -0.473 0. -281.777 0. 0. 1. 0.
-0.464 0.886 0. 370.394 -0.886 -0.464 0. -283.789 0. 0. 1. 0.
-0.455 0.891 0. 369.367 -0.891 -0.455 0. -285.866 0. 0. 1. 0.
-0.448 0.894 0. 368.314 -0.894 -0.448 0. -287.903 0. 0. 1. 0.
-0.437 0.900 0. 367.291 -0.900 -0.437 0. -290.011 0. 0. 1. 0.
-0.430 0.903 0. 366.307 -0.903 -0.430 0. -292.101 0. 0. 1. 0.
-0.424 0.906 0. 365.326 -0.906 -0.424 0. -294.214 0. 0. 1. 0.
-0.415 0.910 0. 364.350 -0.910 -0.415 0. -296.327 0. 0. 1. 0.
-0.409 0.913 0. 363.478 -0.913 -0.409 0. -298.474 0. 0. 1. 0.
-0.399 0.917 0. 362.572 -0.917 -0.399 0. -300.620 0. 0. 1. 0.
-0.391 0.921 0. 361.684 -0.921 -0.391 0. -302.797 0. 0. 1. 0.
-0.382 0.924 0. 360.727 -0.924 -0.382 0. -304.946 0. 0. 1. 0.
-0.372 0.928 0. 359.855 -0.928 -0.372 0. -307.099 0. 0. 1. 0.
-0.362 0.932 0. 359.029 -0.932 -0.362 0. -309.233 0. 0. 1. 0.
-0.352 0.936 0. 358.298 -0.936 -0.352 0. -311.337 0. 0. 1. 0.
-0.337 0.942 0. 357.526 -0.942 -0.337 0. -313.477 0. 0. 1. 0.
-0.324 0.946 0. 356.705 -0.946 -0.324 0. -315.658 0. 0. 1. 0.
-0.306 0.952 0. 356.037 -0.952 -0.306 0. -317.805 0. 0. 1. 0.
-0.289 0.957 0. 355.401 -0.957 -0.289 0. -319.955 0. 0. 1. 0.
-0.269 0.963 0. 354.799 -0.963 -0.269 0. -322.081 0. 0. 1. 0.
-0.246 0.969 0. 354.208 -0.969 -0.246 0. -324.264 0. 0. 1. 0.
-0.220 0.976 0. 353.764 -0.976 -0.220 0. -326.444 0. 0. 1. 0.
-0.195 0.981 0. 353.222 -0.981 -0.195 0. -328.615 0. 0. 1. 0.
-0.173 0.985 0. 352.896 -0.985 -0.173 0. -330.806 0. 0. 1. 0.
-0.151 0.989 0. 352.556 -0.989 -0.151 0. -332.984 0. 0. 1. 0.
-0.128 0.992 0. 352.258 -0.992 -0.128 0. -335.195 0. 0. 1. 0.
-0.104 0.995 0. 352.069 -0.995 -0.104 0. -337.431 0. 0. 1. 0.
-0.088 0.996 0. 351.855 -0.996 -0.088 0. -339.625 0. 0. 1. 0.
-0.072 0.997 0. 351.677 -0.997 -0.072 0. -341.834 0. 0. 1. 0.
-0.063 0.998 0. 351.572 -0.998 -0.063 0. -344.069 0. 0. 1. 0.
-0.051 0.999 0. 351.454 -0.999 -0.051 0. -346.236 0. 0. 1. 0.
-0.045 0.999 0. 351.321 -0.999 -0.045 0. -348.407 0. 0. 1. 0.
-0.039 0.999 0. 351.265 -0.999 -0.039 0. -350.673 0. 0. 1. 0.
-0.040 0.999 0. 351.183 -0.999 -0.040 0. -352.816 0. 0. 1. 0.
-0.039 0.999 0. 351.138 -0.999 -0.039 0. -355.032 0. 0. 1. 0.
-0.044 0.999 0. 351.015 -0.999 -0.044 0. -357.264 0. 0. 1. 0.
-0.048 0.999 0. 350.929 -0.999 -0.048 0. -359.461 0. 0. 1. 0.
-0.050 0.999 0. 350.811 -0.999 -0.050 0. -361.669 0. 0. 1. 0.
-0.054 0.999 0. 350.704 -0.999 -0.054 0. -363.866 0. 0. 1. 0.
-0.059 0.998 0. 350.550 -0.998 -0.059 0. -366.071 0. 0. 1. 0.
-0.060 0.998 0. 350.437 -0.998 -0.060 0. -368.299 0. 0. 1. 0.
-0.065 0.998 0. 350.291 -0.998 -0.065 0. -370.500 0. 0. 1. 0.
-0.072 0.997 0. 350.172 -0.997 -0.072 0. -372.713 0. 0. 1. 0.
-0.078 0.997 0. 349.957 -0.997 -0.078 0. -374.896 0. 0. 1. 0.
-0.084 0.996 0. 349.745 -0.996 -0.084 0. -377.029 0. 0. 1. 0.
-0.091 0.996 0. 349.565 -0.996 -0.091 0. -379.214 0. 0. 1. 0.
-0.097 0.995 0. 349.336 -0.995 -0.097 0. -381.338 0. 0. 1. 0.
-0.102 0.995 0. 349.185 -0.995 -0.102 0. -383.434 0. 0. 1. 0.
-0.111 0.994 0. 348.909 -0.994 -0.111 0. -385.533 0. 0. 1. 0.
-0.117 0.993 0. 348.700 -0.993 -0.117 0. -387.601 0. 0. 1. 0.
-0.122 0.992 0. 348.519 -0.992 -0.122 0. -389.679 0. 0. 1. 0.
-0.138 0.990 0. 348.236 -0.990 -0.138 0. -391.734 0. 0. 1. 0.
-0.153 0.988 0. 347.891 -0.988 -0.153 0. -393.723 0. 0. 1. 0.
-0.173 0.985 0. 347.599 -0.985 -0.173 0. -395.711 0. 0. 1. 0.
-0.201 0.980 0. 347.281 -0.980 -0.201 0. -397.678 0. 0. 1. 0.
-0.224 0.975 0. 346.854 -0.975 -0.224 0. -399.574 0. 0. 1. 0.
-0.253 0.967 0. 346.373 -0.967 -0.253 0. -401.427 0. 0. 1. 0.
-0.285 0.959 0. 345.765 -0.959 -0.285 0. -403.169 0. 0. 1. 0.
-0.317 0.949 0. 345.215 -0.949 -0.317 0. -404.880 0. 0. 1. 0.
-0.353 0.935 0. 344.583 -0.935 -0.353 0. -406.562 0. 0. 1. 0.
-0.395 0.919 0. 343.824 -0.919 -0.395 0. -408.116 0. 0. 1. 0.
-0.438 0.899 0. 343.072 -0.899 -0.438 0. -409.689 0. 0. 1. 0.
-0.478 0.878 0. 342.156 -0.878 -0.478 0. -411.168 0. 0. 1. 0.
-0.514 0.858 0. 341.308 -0.858 -0.514 0. -412.586 0. 0. 1. 0.
-0.549 0.836 0. 340.346 -0.836 -0.549 0. -413.954 0. 0. 1. 0.
-0.580 0.815 0. 339.426 -0.815 -0.580 0. -415.280 0. 0. 1. 0.
-0.612 0.791 0. 338.456 -0.791 -0.612 0. -416.478 0. 0. 1. 0.
-0.644 0.765 0. 337.502 -0.765 -0.644 0. -417.559 0. 0. 1. 0.
-0.678 0.735 0. 336.490 -0.735 -0.678 0. -418.565 0. 0. 1. 0.
-0.706 0.708 0. 335.507 -0.708 -0.706 0. -419.452 0. 0. 1. 0.
-0.737 0.676 0. 334.619 -0.676 -0.737 0. -420.404 0. 0. 1. 0.
-0.764 0.645 0. 333.638 -0.645 -0.764 0. -421.198 0. 0. 1. 0.
-0.791 0.612 0. 332.576 -0.612 -0.791 0. -421.900 0. 0. 1. 0.
-0.817 0.576 0. 331.500 -0.576 -0.817 0. -422.589 0. 0. 1. 0.
-0.841 0.540 0. 330.464 -0.540 -0.841 0. -423.289 0. 0. 1. 0.
-0.863 0.506 0. 329.393 -0.506 -0.863 0. -423.857 0. 0. 1. 0.
-0.886 0.463 0. 328.339 -0.463 -0.886 0. -424.368 0. 0. 1. 0.
-0.910 0.415 0. 327.164 -0.415 -0.910 0. -424.867 0. 0. 1. 0.
-0.930 0.368 0. 325.939 -0.368 -0.930 0. -425.224 0. 0. 1. 0.
-0.948 0.319 0. 324.744 -0.319 -0.948 0. -425.631 0. 0. 1. 0.
-0.963 0.268 0. 323.488 -0.268 -0.963 0. -425.903 0. 0. 1. 0.
-0.976 0.218 0. 322.228 -0.218 -0.976 0. -426.171 0. 0. 1. 0.
-0.986 0.169 0. 320.955 -0.169 -0.986 0. -426.384 0. 0. 1. 0.
-0.992 0.123 0. 319.592 -0.123 -0.992 0. -426.514 0. 0. 1. 0.
-0.996 0.086 0. 318.213 -0.086 -0.996 0. -426.601 0. 0. 1. 0.
-0.998 0.061 0. 316.836 -0.061 -0.998 0. -426.630 0. 0. 1. 0.
-0.999 0.043 0. 315.418 -0.043 -0.999 0. -426.716 0. 0. 1. 0.
-1.000 0.027 0. 313.913 -0.027 -1.000 0. -426.730 0. 0. 1. 0.
-1.000 0.015 0. 312.445 -0.015 -1.000 0. -426.768 0. 0. 1. 0.
-1. 0.008 0. 310.951 -0.008 -1. 0. -426.786 0. 0. 1. 0.
-1. -0.001 0. 309.403 0.001 -1. 0. -426.720 0. 0. 1. 0.
-1. -0.000 0. 307.795 0.000 -1. 0. -426.796 0. 0. 1. 0.
-1. 0.002 0. 306.195 -0.002 -1. 0. -426.779 0. 0. 1. 0.
-1. 0.002 0. 304.582 -0.002 -1. 0. -426.802 0. 0. 1. 0.
-1. 0.003 0. 302.969 -0.003 -1. 0. -426.824 0. 0. 1. 0.
-1. 0.003 0. 301.284 -0.003 -1. 0. -426.870 0. 0. 1. 0.
-1. 0.005 0. 299.594 -0.005 -1. 0. -426.839 0. 0. 1. 0.
-1. 0.007 0. 297.884 -0.007 -1. 0. -426.885 0. 0. 1. 0.
-1. 0.005 0. 296.159 -0.005 -1. 0. -426.914 0. 0. 1. 0.
-1. 0.008 0. 294.399 -0.008 -1. 0. -426.913 0. 0. 1. 0.
-1. 0.006 0. 292.623 -0.006 -1. 0. -426.980 0. 0. 1. 0.
-1. 0.009 0. 290.858 -0.009 -1. 0. -426.909 0. 0. 1. 0.
-1. 0.010 0. 289.019 -0.010 -1. 0. -427.018 0. 0. 1. 0.
-1. 0.011 0. 287.170 -0.011 -1. 0. -426.986 0. 0. 1. 0.
-1. 0.011 0. 285.272 -0.011 -1. 0. -427.022 0. 0. 1. 0.
-1. 0.012 0. 283.383 -0.012 -1. 0. -427.057 0. 0. 1. 0.
-1. 0.011 0. 281.439 -0.011 -1. 0. -427.057 0. 0. 1. 0.
-1. 0.013 0. 279.497 -0.013 -1. 0. -427.032 0. 0. 1. 0.
-1. 0.010 0. 277.525 -0.010 -1. 0. -427.098 0. 0. 1. 0.
-1. 0.005 0. 275.539 -0.005 -1. 0. -427.122 0. 0. 1. 0.
-1. 0.000 0. 273.520 -0.000 -1. 0. -427.081 0. 0. 1. 0.
-1. 0.000 0. 271.484 -0.000 -1. 0. -427.148 0. 0. 1. 0.
-1. -0.004 0. 269.373 0.004 -1. 0. -427.107 0. 0. 1. 0.
-1. -0.007 0. 267.283 0.007 -1. 0. -427.139 0. 0. 1. 0.
-1. -0.007 0. 265.157 0.007 -1. 0. -427.126 0. 0. 1. 0.
-1. -0.006 0. 263.035 0.006 -1. 0. -427.162 0. 0. 1. 0.
-1. -0.006 0. 260.882 0.006 -1. 0. -427.168 0. 0. 1. 0.
-1. -0.004 0. 258.746 0.004 -1. 0. -427.112 0. 0. 1. 0.
-1. -0.005 0. 256.658 0.005 -1. 0. -427.121 0. 0. 1. 0.
-1. -0.004 0. 254.550 0.004 -1. 0. -427.122 0. 0. 1. 0.
-1. -0.005 0. 252.474 0.005 -1. 0. -427.090 0. 0. 1. 0.
-1. -0.003 0. 250.437 0.003 -1. 0. -427.139 0. 0. 1. 0.
-1. 0.001 0. 248.400 -0.001 -1. 0. -427.111 0. 0. 1. 0.
-1. 0.006 0. 246.374 -0.006 -1. 0. -427.136 0. 0. 1. 0.
-1. 0.008 0. 244.346 -0.008 -1. 0. -427.195 0. 0. 1. 0.
-1. 0.011 0. 242.347 -0.011 -1. 0. -427.164 0. 0. 1. 0.
-1. 0.013 0. 240.317 -0.013 -1. 0. -427.196 0. 0. 1. 0.
-1.000 0.014 0. 238.329 -0.014 -1.000 0. -427.219 0. 0. 1. 0.
-1. 0.011 0. 236.286 -0.011 -1. 0. -427.221 0. 0. 1. 0.
-1. 0.011 0. 234.300 -0.011 -1. 0. -427.280 0. 0. 1. 0.
-1. 0.010 0. 232.294 -0.010 -1. 0. -427.323 0. 0. 1. 0.
-1. 0.009 0. 230.247 -0.009 -1. 0. -427.362 0. 0. 1. 0.
-1. 0.008 0. 228.207 -0.008 -1. 0. -427.365 0. 0. 1. 0.
-1. 0.008 0. 226.195 -0.008 -1. 0. -427.353 0. 0. 1. 0.
-1. 0.008 0. 224.182 -0.008 -1. 0. -427.439 0. 0. 1. 0.
-1. 0.004 0. 222.203 -0.004 -1. 0. -427.433 0. 0. 1. 0.
-1. 0.004 0. 220.250 -0.004 -1. 0. -427.471 0. 0. 1. 0.
-1. 0.003 0. 218.310 -0.003 -1. 0. -427.504 0. 0. 1. 0.
-1. 0.004 0. 216.392 -0.004 -1. 0. -427.551 0. 0. 1. 0.
-1. 0.001 0. 214.569 -0.001 -1. 0. -427.588 0. 0. 1. 0.
-1. -0.003 0. 212.808 0.003 -1. 0. -427.561 0. 0. 1. 0.
-1. -0.004 0. 211.058 0.004 -1. 0. -427.494 0. 0. 1. 0.
-1. -0.006 0. 209.387 0.006 -1. 0. -427.540 0. 0. 1. 0.
-1. -0.007 0. 207.724 0.007 -1. 0. -427.568 0. 0. 1. 0.
-1. -0.007 0. 206.095 0.007 -1. 0. -427.499 0. 0. 1. 0.
-1. -0.006 0. 204.434 0.006 -1. 0. -427.524 0. 0. 1. 0.
-1. -0.001 0. 202.848 0.001 -1. 0. -427.556 0. 0. 1. 0.
-1. 0.002 0. 201.203 -0.002 -1. 0. -427.522 0. 0. 1. 0.
-1. 0.007 0. 199.588 -0.007 -1. 0. -427.554 0. 0. 1. 0.
-1. 0.011 0. 197.989 -0.011 -1. 0. -427.574 0. 0. 1. 0.
