1. 0. 0. 0. 0. 1. 0. 0. 0. 0. 1. 0.
1. 0. 0. -0.001 -0. 1. -0. 0.000 -0. 0. 1. 0.
1. 0. 0. -0.001 -0. 1. -0. 0.001 -0. 0. 1. 0.
1. 0. 0. -0.001 -0. 1. -0. 0.001 -0. 0. 1. 0.
1. 0. 0. -0.001 -0. 1. -0. 0.000 -0. 0. 1. 0.
1. -0. 0. 0. 0. 1. 0. -0. 0. 0. 1. 0.
1. -0. 0. 0.000 0. 1. 0. -0. 0. 0. 1. 0.
1. 0. 0. -0. -0. 1. -0. 0.000 -0. 0. 1. 0.
1. 0. 0. 0. -0. 1. -0. 0.000 -0. 0. 1. 0.
1. 0. 0. 0.001 -0. 1. -0. 0.000 -0. 0. 1. 0.
1. 0. 0. 0.000 -0. 1. -0. 0.000 -0. 0. 1. 0.
1. -0. 0. 0.000 0. 1. 0. 0. 0. 0. 1. 0.
1. 0. 0. 0. -0. 1. -0. 0.000 -0. 0. 1. 0.
1. 0. 0. 0. -0. 1. -0. 0.000 -0. 0. 1. 0.
1. 0. 0. -0. -0. 1. -0. 0.001 -0. 0. 1. 0.
1. 0. 0. 0.000 -0. 1. -0. 0.000 -0. 0. 1. 0.
1. 0. 0. 0.000 -0. 1. -0. 0.000 -0. 0. 1. 0.
1. 0. 0. 0.000 -0. 1. -0. 0.000 -0. 0. 1. 0.
1. 0. 0. 0.001 -0. 1. -0. 0. -0. 0. 1. 0.
1. 0. 0. 0.000 -0. 1. -0. -0. -0. 0. 1. 0.
1. -0. 0. -0.001 0. 1. 0. 0.000 0. 0. 1. 0.
1. -0. 0. -0.001 0. 1. 0. 0.000 0. 0. 1. 0.
1. -0. 0. -0.000 0. 1. 0. 0.000 0. 0. 1. 0.
1. 0. 0. -0. -0. 1. -0. 0.000 -0. 0. 1. 0.
1. 0. 0. 0.000 -0. 1. -0. 0.000 -0. 0. 1. 0.
1. 0. 0. 0.001 -0. 1. -0. 0.000 -0. 0. 1. 0.
1. 0. 0. 0.001 -0. 1. -0. 0.000 -0. 0. 1. 0.
1. -0. 0. 0.001 0. 1. 0. 0.000 0. 0. 1. 0.
1. -0. 0. 0.002 0. 1. 0. 0. 0. 0. 1. 0.
1. -0. 0. 0.002 0. 1. 0. 0. 0. 0. 1. 0.
1. -0. 0. 0.001 0. 1. 0. 0. 0. 0. 1. 0.
1. -0. 0. 0.001 0. 1. 0. 0.000 0. 0. 1. 0.
1. -0. 0. 0.001 0. 1. 0. 0.000 0. 0. 1. 0.
1. -0. 0. 0.001 0. 1. 0. 0. 0. 0. 1. 0.
1. -0. 0. 0.001 0. 1. 0. -0. 0. 0. 1. 0.
1. -0. 0. 0.000 0. 1. 0. 0. 0. 0. 1. 0.
1. -0. 0. 0.000 0. 1. 0. 0.000 0. 0. 1. 0.
1. -0.000 0. 0.000 0.000 1. 0. -0.000 0. 0. 1. 0.
1. -0.000 0. 0.000 0.000 1. 0. -0.000 0. 0. 1. 0.
1. -0.000 0. 0.001 0.000 1. 0. -0.000 0. 0. 1. 0.
1. -0.000 0. -0.000 0.000 1. 0. 0.000 0. 0. 1. 0.
1. -0. 0. 0. 0. 1. 0. 0.000 0. 0. 1. 0.
1. -0. 0. 0.001 0. 1. 0. 0.000 0. 0. 1. 0.
1. -0. 0. 0.000 0. 1. 0. 0.000 0. 0. 1. 0.
1. -0. 0. -0.000 0. 1. 0. 0. 0. 0. 1. 0.
1. -0. 0. -0.001 0. 1. 0. -0.000 0. 0. 1. 0.
1. -0. 0. -0.000 0. 1. 0. -0. 0. 0. 1. 0.
1. -0. 0. -0.001 0. 1. 0. 0. 0. 0. 1. 0.
1. -0. 0. -0.001 0. 1. 0. 0.000 0. 0. 1. 0.
1. -0. 0. -0.001 0. 1. 0. 0.000 0. 0. 1. 0.
1. -0. 0. -0.001 0. 1. 0. 0.000 0. 0. 1. 0.
1. -0.000 0. -0.001 0.000 1. 0. -0.000 0. 0. 1. 0.
1. -0.000 0. -0.000 0.000 1. 0. -0.000 0. 0. 1. 0.
1. -0.000 0. -0.000 0.000 1. 0. 0.000 0. 0. 1. 0.
1. -0.000 0. -0.000 0.000 1. 0. 0.000 0. 0. 1. 0.
1. -0.000 0. 0. 0.000 1. 0. 0.000 0. 0. 1. 0.
1. -0.000 0. 0.000 0.000 1. 0. 0.000 0. 0. 1. 0.
1. -0. 0. 0.001 0. 1. 0. 0.000 0. 0. 1. 0.
1. -0.000 0. 0.001 0.000 1. 0. 0.000 0. 0. 1. 0.
1. -0. 0. 0.001 0. 1. 0. 0.000 0. 0. 1. 0.
1. -0. 0. 0.001 0. 1. 0. 0.000 0. 0. 1. 0.
1. -0. 0. 0.001 0. 1. 0. 0.000 0. 0. 1. 0.
1. -0. 0. 0.001 0. 1. 0. 0.000 0. 0. 1. 0.
1. -0. 0. 0.001 0. 1. 0. 0. 0. 0. 1. 0.
1. -0. 0. 0.001 0. 1. 0. 0. 0. 0. 1. 0.
1. -0. 0. 0.001 0. 1. 0. 0. 0. 0. 1. 0.
1. -0. 0. 0.001 0. 1. 0. 0. 0. 0. 1. 0.
1. -0. 0. 0.001 0. 1. 0. 0. 0. 0. 1. 0.
1. -0. 0. 0.000 0. 1. 0. -0.000 0. 0. 1. 0.
1. -0. 0. -0. 0. 1. 0. -0.000 0. 0. 1. 0.
1. -0. 0. 0.000 0. 1. 0. -0.000 0. 0. 1. 0.
1. -0. 0. 0.001 0. 1. 0. -0.000 0. 0. 1. 0.
1. -0. 0. 0.001 0. 1. 0. -0.000 0. 0. 1. 0.
1. -0. 0. 0.002 0. 1. 0. -0.000 0. 0. 1. 0.
1. -0. 0. 0.002 0. 1. 0. -0.000 0. 0. 1. 0.
1. -0. 0. 0.002 0. 1. 0. -0.000 0. 0. 1. 0.
1. -0. 0. 0.001 0. 1. 0. -0. 0. 0. 1. 0.
1. -0. 0. 0.001 0. 1. 0. 0.000 0. 0. 1. 0.
1. -0. 0. 0.001 0. 1. 0. 0.000 0. 0. 1. 0.
1. -0. 0. 0.001 0. 1. 0. 0.000 0. 0. 1. 0.
1. -0. 0. 0.002 0. 1. 0. 0.000 0. 0. 1. 0.
1. -0. 0. 0.002 0. 1. 0. 0.000 0. 0. 1. 0.
1. -0. 0. 0.002 0. 1. 0. -0. 0. 0. 1. 0.
1. -0. 0. 0.001 0. 1. 0. -0.000 0. 0. 1. 0.
1. -0. 0. 0.002 0. 1. 0. -0.000 0. 0. 1. 0.
1. -0. 0. 0.002 0. 1. 0. -0.001 0. 0. 1. 0.
1. -0. 0. 0.002 0. 1. 0. -0.001 0. 0. 1. 0.
1. -0. 0. 0.002 0. 1. 0. -0.001 0. 0. 1. 0.
1. -0. 0. 0.001 0. 1. 0. -0.001 0. 0. 1. 0.
1. -0. 0. -0.000 0. 1. 0. -0.000 0. 0. 1. 0.
1. -0. 0. 0.000 0. 1. 0. 0. 0. 0. 1. 0.
1. -0. 0. 0.000 0. 1. 0. -0.000 0. 0. 1. 0.
1. -0. 0. 0.000 0. 1. 0. -0.000 0. 0. 1. 0.
1. -0. 0. 0.000 0. 1. 0. -0.000 0. 0. 1. 0.
1. 0. 0. 0.000 -0. 1. -0. 0.000 -0. 0. 1. 0.
1. 0. 0. 0.001 -0. 1. -0. -0.000 -0. 0. 1. 0.
1. 0. 0. 0.001 -0. 1. -0. -0.001 -0. 0. 1. 0.
1. 0. 0. 0.000 -0. 1. -0. -0.001 -0. 0. 1. 0.
1. 0. 0. -0.000 -0. 1. -0. -0.000 -0. 0. 1. 0.
1. 0. 0. -0.001 -0. 1. -0. -0.000 -0. 0. 1. 0.
1. -0. 0. 0.000 0. 1. 0. -0.000 0. 0. 1. 0.
1. 0. 0. 0.000 -0. 1. -0. -0. -0. 0. 1. 0.
1. -0. 0. 0.001 0. 1. 0. -0. 0. 0. 1. 0.
1. -0. 0. 0.001 0. 1. 0. -0. 0. 0. 1. 0.
1. 0. 0. 0.001 -0. 1. -0. 0.000 -0. 0. 1. 0.
1. 0. 0. 0. -0. 1. -0. 0.000 -0. 0. 1. 0.
1. -0. 0. 0.001 0. 1. 0. -0. 0. 0. 1. 0.
1. -0. 0. 0.001 0. 1. 0. -0. 0. 0. 1. 0.
1. -0. 0. 0.000 0. 1. 0. 0. 0. 0. 1. 0.
1. -0. 0. 0.000 0. 1. 0. 0.000 0. 0. 1. 0.
1. 0. 0. 0. -0. 1. -0. 0.000 -0. 0. 1. 0.
1. 0. 0. 0.001 -0. 1. -0. 0.000 -0. 0. 1. 0.
1. 0. 0. 0.001 -0. 1. -0. 0.000 -0. 0. 1. 0.
1. 0. 0. 0.002 -0. 1. -0. 0.000 -0. 0. 1. 0.
1. 0. 0. 0.005 -0. 1. -0. 0.000 -0. 0. 1. 0.
1. 0.000 0. 0.009 -0.000 1. -0. 0.001 -0. 0. 1. 0.
1. -0.000 0. 0.018 0.000 1. 0. 0.002 0. 0. 1. 0.
1. -0.001 0. 0.045 0.001 1. 0. 0.002 0. 0. 1. 0.
1. -0.001 0. 0.081 0.001 1. 0. 0.002 0. 0. 1. 0.
1. -0.003 0. 0.156 0.003 1. 0. 0.003 0. 0. 1. 0.
1. -0.005 0. 0.210 0.005 1. 0. 0.005 0. 0. 1. 0.
1. -0.009 0. 0.301 0.009 1. 0. 0.005 0. 0. 1. 0.
1.000 -0.017 0. 0.459 0.017 1.000 0. 0.014 0. 0. 1. 0.
1.000 -0.030 0. 0.678 0.030 1.000 0. 0.029 0. 0. 1. 0.
0.999 -0.047 0. 0.989 0.047 0.999 0. 0.054 0. 0. 1. 0.
0.998 -0.069 0. 1.395 0.069 0.998 0. 0.093 0. 0. 1. 0.
0.996 -0.094 0. 1.889 0.094 0.996 0. 0.151 0. 0. 1. 0.
0.993 -0.118 0. 2.458 0.118 0.993 0. 0.229 0. 0. 1. 0.
0.990 -0.141 0. 3.103 0.141 0.990 0. 0.330 0. 0. 1. 0.
0.987 -0.161 0. 3.813 0.161 0.987 0. 0.455 0. 0. 1. 0.
0.984 -0.177 0. 4.607 0.177 0.984 0. 0.602 0. 0. 1. 0.
0.982 -0.187 0. 5.577 0.187 0.982 0. 0.787 0. 0. 1. 0.
0.981 -0.192 0. 6.627 0.192 0.981 0. 0.986 0. 0. 1. 0.
0.981 -0.192 0. 7.743 0.192 0.981 0. 1.201 0. 0. 1. 0.
0.982 -0.189 0. 8.934 0.189 0.982 0. 1.426 0. 0. 1. 0.
0.982 -0.188 0. 10.203 0.188 0.982 0. 1.659 0. 0. 1. 0.
0.983 -0.184 0. 11.547 0.184 0.983 0. 1.899 0. 0. 1. 0.
0.984 -0.180 0. 12.959 0.180 0.984 0. 2.146 0. 0. 1. 0.
0.984 -0.177 0. 14.479 0.177 0.984 0. 2.404 0. 0. 1. 0.
0.985 -0.171 0. 16.024 0.171 0.985 0. 2.657 0. 0. 1. 0.
0.987 -0.163 0. 17.554 0.163 0.987 0. 2.905 0. 0. 1. 0.
0.988 -0.155 0. 19.216 0.155 0.988 0. 3.154 0. 0. 1. 0.
0.989 -0.145 0. 20.953 0.145 0.989 0. 3.398 0. 0. 1. 0.
0.991 -0.131 0. 22.703 0.131 0.991 0. 3.620 0. 0. 1. 0.
0.993 -0.116 0. 24.369 0.116 0.993 0. 3.810 0. 0. 1. 0.
0.995 -0.102 0. 26.152 0.102 0.995 0. 3.985 0. 0. 1. 0.
0.996 -0.088 0. 27.972 0.088 0.996 0. 4.135 0. 0. 1. 0.
0.997 -0.074 0. 29.831 0.074 0.997 0. 4.266 0. 0. 1. 0.
0.998 -0.059 0. 31.698 0.059 0.998 0. 4.372 0. 0. 1. 0.
0.999 -0.043 0. 33.561 0.043 0.999 0. 4.449 0. 0. 1. 0.
1.000 -0.028 0. 35.480 0.028 1.000 0. 4.499 0. 0. 1. 0.
1.000 -0.015 0. 37.423 0.015 1.000 0. 4.527 0. 0. 1. 0.
1. -0.005 0. 39.372 0.005 1. 0. 4.533 0. 0. 1. 0.
1. 0.004 0. 41.337 -0.004 1. -0. 4.522 -0. 0. 1. 0.
1. 0.011 0. 43.343 -0.011 1. -0. 4.499 -0. 0. 1. 0.
1. 0.013 0. 45.446 -0.013 1. -0. 4.461 -0. 0. 1. 0.
1.000 0.016 0. 47.564 -0.016 1.000 -0. 4.413 -0. 0. 1. 0.
1.000 0.021 0. 49.646 -0.021 1.000 -0. 4.361 -0. 0. 1. 0.
1.000 0.029 0. 51.700 -0.029 1.000 -0. 4.300 -0. 0. 1. 0.
0.999 0.038 0. 53.759 -0.038 0.999 -0. 4.223 -0. 0. 1. 0.
0.999 0.043 0. 55.813 -0.043 0.999 -0. 4.127 -0. 0. 1. 0.
0.999 0.041 0. 57.885 -0.041 0.999 -0. 4.034 -0. 0. 1. 0.
0.999 0.036 0. 59.987 -0.036 0.999 -0. 3.956 -0. 0. 1. 0.
1.000 0.027 0. 62.104 -0.027 1.000 -0. 3.892 -0. 0. 1. 0.
1. 0.013 0. 64.229 -0.013 1. -0. 3.852 -0. 0. 1. 0.
1. -0.002 0. 66.348 0.002 1. 0. 3.848 0. 0. 1. 0.
1.000 -0.020 0. 68.486 0.020 1.000 0. 3.875 0. 0. 1. 0.
0.999 -0.037 0. 70.615 0.037 0.999 0. 3.944 0. 0. 1. 0.
0.999 -0.054 0. 72.739 0.054 0.999 0. 4.059 0. 0. 1. 0.
0.998 -0.068 0. 74.834 0.068 0.998 0. 4.201 0. 0. 1. 0.
0.997 -0.080 0. 76.973 0.080 0.997 0. 4.365 0. 0. 1. 0.
0.996 -0.087 0. 79.136 0.087 0.996 0. 4.557 0. 0. 1. 0.
0.996 -0.091 0. 81.298 0.091 0.996 0. 4.757 0. 0. 1. 0.
0.996 -0.092 0. 83.437 0.092 0.996 0. 4.960 0. 0. 1. 0.
0.996 -0.092 0. 85.603 0.092 0.996 0. 5.155 0. 0. 1. 0.
0.996 -0.090 0. 87.785 0.090 0.996 0. 5.342 0. 0. 1. 0.
0.996 -0.087 0. 89.965 0.087 0.996 0. 5.524 0. 0. 1. 0.
0.997 -0.083 0. 92.169 0.083 0.997 0. 5.692 0. 0. 1. 0.
0.997 -0.078 0. 94.392 0.078 0.997 0. 5.851 0. 0. 1. 0.
0.997 -0.080 0. 96.616 0.080 0.997 0. 6.014 0. 0. 1. 0.
0.997 -0.080 0. 98.818 0.080 0.997 0. 6.178 0. 0. 1. 0.
0.997 -0.073 0. 101.024 0.073 0.997 0. 6.338 0. 0. 1. 0.
0.998 -0.064 0. 103.254 0.064 0.998 0. 6.479 0. 0. 1. 0.
0.999 -0.051 0. 105.523 0.051 0.999 0. 6.592 0. 0. 1. 0.
0.999 -0.037 0. 107.813 0.037 0.999 0. 6.679 0. 0. 1. 0.
1.000 -0.024 0. 110.197 0.024 1.000 0. 6.756 0. 0. 1. 0.
1. -0.014 0. 112.619 0.014 1. 0. 6.812 0. 0. 1. 0.
1. -0.009 0. 115.104 0.009 1. 0. 6.845 0. 0. 1. 0.
1. -0.008 0. 117.606 0.008 1. 0. 6.859 0. 0. 1. 0.
1. -0.007 0. 120.134 0.007 1. 0. 6.877 0. 0. 1. 0.
1. -0.006 0. 122.719 0.006 1. 0. 6.882 0. 0. 1. 0.
1. -0.007 0. 125.308 0.007 1. 0. 6.881 0. 0. 1. 0.
1. -0.010 0. 127.867 0.010 1. 0. 6.902 0. 0. 1. 0.
1. -0.013 0. 130.415 0.013 1. 0. 6.930 0. 0. 1. 0.
1.000 -0.017 0. 132.935 0.017 1.000 0. 6.965 0. 0. 1. 0.
1.000 -0.018 0. 135.302 0.018 1.000 0. 7.007 0. 0. 1. 0.
1.000 -0.020 0. 137.636 0.020 1.000 0. 7.054 0. 0. 1. 0.
1.000 -0.022 0. 139.984 0.022 1.000 0. 7.094 0. 0. 1. 0.
1.000 -0.025 0. 142.355 0.025 1.000 0. 7.140 0. 0. 1. 0.
1.000 -0.027 0. 144.743 0.027 1.000 0. 7.191 0. 0. 1. 0.
1.000 -0.028 0. 147.148 0.028 1.000 0. 7.244 0. 0. 1. 0.
1.000 -0.028 0. 149.588 0.028 1.000 0. 7.312 0. 0. 1. 0.
1.000 -0.028 0. 152.024 0.028 1.000 0. 7.367 0. 0. 1. 0.
1.000 -0.028 0. 154.492 0.028 1.000 0. 7.427 0. 0. 1. 0.
1.000 -0.029 0. 156.962 0.029 1.000 0. 7.483 0. 0. 1. 0.
1.000 -0.030 0. 159.470 0.030 1.000 0. 7.555 0. 0. 1. 0.
0.999 -0.033 0. 161.971 0.033 0.999 0. 7.630 0. 0. 1. 0.
0.999 -0.037 0. 164.273 0.037 0.999 0. 7.707 0. 0. 1. 0.
0.999 -0.041 0. 166.342 0.041 0.999 0. 7.792 0. 0. 1. 0.
0.999 -0.045 0. 168.388 0.045 0.999 0. 7.892 0. 0. 1. 0.
0.999 -0.048 0. 170.459 0.048 0.999 0. 7.997 0. 0. 1. 0.
0.999 -0.051 0. 172.550 0.051 0.999 0. 8.104 0. 0. 1. 0.
0.999 -0.055 0. 174.606 0.055 0.999 0. 8.215 0. 0. 1. 0.
0.998 -0.058 0. 176.633 0.058 0.998 0. 8.335 0. 0. 1. 0.
0.998 -0.061 0. 178.701 0.061 0.998 0. 8.463 0. 0. 1. 0.
0.998 -0.064 0. 180.786 0.064 0.998 0. 8.597 0. 0. 1. 0.
0.998 -0.065 0. 182.856 0.065 0.998 0. 8.737 0. 0. 1. 0.
0.998 -0.066 0. 184.908 0.066 0.998 0. 8.879 0. 0. 1. 0.
0.998 -0.070 0. 186.983 0.070 0.998 0. 9.024 0. 0. 1. 0.
0.997 -0.075 0. 189.085 0.075 0.997 0. 9.183 0. 0. 1. 0.
0.997 -0.080 0. 191.173 0.080 0.997 0. 9.349 0. 0. 1. 0.
0.996 -0.087 0. 193.263 0.087 0.996 0. 9.525 0. 0. 1. 0.
0.996 -0.094 0. 195.367 0.094 0.996 0. 9.721 0. 0. 1. 0.
0.995 -0.101 0. 197.471 0.101 0.995 0. 9.930 0. 0. 1. 0.
0.994 -0.107 0. 199.569 0.107 0.994 0. 10.156 0. 0. 1. 0.
0.994 -0.114 0. 201.680 0.114 0.994 0. 10.394 0. 0. 1. 0.
0.993 -0.120 0. 203.800 0.120 0.993 0. 10.641 0. 0. 1. 0.
0.992 -0.125 0. 205.941 0.125 0.992 0. 10.906 0. 0. 1. 0.
0.991 -0.132 0. 208.093 0.132 0.991 0. 11.184 0. 0. 1. 0.
0.991 -0.136 0. 210.280 0.136 0.991 0. 11.475 0. 0. 1. 0.
0.991 -0.137 0. 212.479 0.137 0.991 0. 11.773 0. 0. 1. 0.
0.991 -0.137 0. 214.713 0.137 0.991 0. 12.071 0. 0. 1. 0.
0.991 -0.137 0. 216.980 0.137 0.991 0. 12.376 0. 0. 1. 0.
0.991 -0.137 0. 219.281 0.137 0.991 0. 12.679 0. 0. 1. 0.
0.990 -0.139 0. 221.576 0.139 0.990 0. 12.988 0. 0. 1. 0.
0.990 -0.142 0. 223.843 0.142 0.990 0. 13.298 0. 0. 1. 0.
0.989 -0.146 0. 226.133 0.146 0.989 0. 13.618 0. 0. 1. 0.
0.989 -0.150 0. 228.267 0.150 0.989 0. 13.928 0. 0. 1. 0.
0.988 -0.151 0. 230.288 0.151 0.988 0. 14.230 0. 0. 1. 0.
0.988 -0.154 0. 232.336 0.154 0.988 0. 14.536 0. 0. 1. 0.
0.987 -0.159 0. 234.382 0.159 0.987 0. 14.849 0. 0. 1. 0.
0.986 -0.164 0. 236.113 0.164 0.986 0. 15.137 0. 0. 1. 0.
0.985 -0.170 0. 237.834 0.170 0.985 0. 15.438 0. 0. 1. 0.
0.984 -0.176 0. 239.579 0.176 0.984 0. 15.749 0. 0. 1. 0.
0.984 -0.180 0. 241.305 0.180 0.984 0. 16.069 0. 0. 1. 0.
0.983 -0.184 0. 243.016 0.184 0.983 0. 16.390 0. 0. 1. 0.
0.983 -0.186 0. 244.760 0.186 0.983 0. 16.728 0. 0. 1. 0.
0.982 -0.189 0. 246.510 0.189 0.982 0. 17.063 0. 0. 1. 0.
0.982 -0.191 0. 248.255 0.191 0.982 0. 17.407 0. 0. 1. 0.
0.981 -0.194 0. 249.992 0.194 0.981 0. 17.749 0. 0. 1. 0.
0.981 -0.195 0. 251.777 0.195 0.981 0. 18.098 0. 0. 1. 0.
0.981 -0.196 0. 253.581 0.196 0.981 0. 18.455 0. 0. 1. 0.
0.981 -0.195 0. 255.380 0.195 0.981 0. 18.812 0. 0. 1. 0.
0.981 -0.196 0. 257.153 0.196 0.981 0. 19.165 0. 0. 1. 0.
0.981 -0.194 0. 258.940 0.194 0.981 0. 19.517 0. 0. 1. 0.
0.981 -0.194 0. 260.722 0.194 0.981 0. 19.862 0. 0. 1. 0.
0.981 -0.193 0. 262.511 0.193 0.981 0. 20.209 0. 0. 1. 0.
0.982 -0.190 0. 264.304 0.190 0.982 0. 20.557 0. 0. 1. 0.
0.983 -0.186 0. 266.118 0.186 0.983 0. 20.890 0. 0. 1. 0.
0.984 -0.181 0. 267.951 0.181 0.984 0. 21.222 0. 0. 1. 0.
0.985 -0.175 0. 269.799 0.175 0.985 0. 21.540 0. 0. 1. 0.
0.986 -0.168 0. 271.656 0.168 0.986 0. 21.845 0. 0. 1. 0.
0.987 -0.162 0. 273.525 0.162 0.987 0. 22.140 0. 0. 1. 0.
0.988 -0.156 0. 275.426 0.156 0.988 0. 22.431 0. 0. 1. 0.
0.989 -0.150 0. 277.344 0.150 0.989 0. 22.710 0. 0. 1. 0.
0.990 -0.143 0. 279.262 0.143 0.990 0. 22.975 0. 0. 1. 0.
0.990 -0.138 0. 281.209 0.138 0.990 0. 23.231 0. 0. 1. 0.
0.991 -0.133 0. 283.173 0.133 0.991 0. 23.483 0. 0. 1. 0.
0.992 -0.128 0. 285.161 0.128 0.992 0. 23.728 0. 0. 1. 0.
0.992 -0.124 0. 287.151 0.124 0.992 0. 23.965 0. 0. 1. 0.
0.993 -0.119 0. 289.136 0.119 0.993 0. 24.193 0. 0. 1. 0.
0.993 -0.115 0. 291.141 0.115 0.993 0. 24.413 0. 0. 1. 0.
0.994 -0.110 0. 293.206 0.110 0.994 0. 24.635 0. 0. 1. 0.
0.994 -0.105 0. 295.333 0.105 0.994 0. 24.851 0. 0. 1. 0.
0.995 -0.101 0. 297.481 0.101 0.995 0. 25.057 0. 0. 1. 0.
0.995 -0.098 0. 299.684 0.098 0.995 0. 25.260 0. 0. 1. 0.
0.995 -0.096 0. 301.934 0.096 0.995 0. 25.465 0. 0. 1. 0.
0.995 -0.095 0. 304.079 0.095 0.995 0. 25.660 0. 0. 1. 0.
0.996 -0.093 0. 306.182 0.093 0.996 0. 25.847 0. 0. 1. 0.
0.995 -0.095 0. 308.283 0.095 0.995 0. 26.034 0. 0. 1. 0.
0.995 -0.097 0. 310.290 0.097 0.995 0. 26.221 0. 0. 1. 0.
0.995 -0.097 0. 312.382 0.097 0.995 0. 26.423 0. 0. 1. 0.
0.995 -0.095 0. 314.456 0.095 0.995 0. 26.618 0. 0. 1. 0.
0.996 -0.093 0. 316.512 0.093 0.996 0. 26.804 0. 0. 1. 0.
0.996 -0.091 0. 318.548 0.091 0.996 0. 26.984 0. 0. 1. 0.
0.996 -0.088 0. 320.605 0.088 0.996 0. 27.150 0. 0. 1. 0.
0.997 -0.081 0. 322.662 0.081 0.997 0. 27.314 0. 0. 1. 0.
0.997 -0.073 0. 324.720 0.073 0.997 0. 27.460 0. 0. 1. 0.
0.998 -0.064 0. 326.792 0.064 0.998 0. 27.590 0. 0. 1. 0.
0.999 -0.053 0. 328.880 0.053 0.999 0. 27.698 0. 0. 1. 0.
0.999 -0.041 0. 331.004 0.041 0.999 0. 27.785 0. 0. 1. 0.
1.000 -0.030 0. 333.164 0.030 1.000 0. 27.849 0. 0. 1. 0.
1.000 -0.020 0. 335.236 0.020 1.000 0. 27.885 0. 0. 1. 0.
1. -0.010 0. 337.322 0.010 1. 0. 27.906 0. 0. 1. 0.
1. -0.003 0. 339.503 0.003 1. 0. 27.907 0. 0. 1. 0.
1. 0.003 0. 341.647 -0.003 1. -0. 27.898 -0. 0. 1. 0.
1. 0.008 0. 343.833 -0.008 1. -0. 27.883 -0. 0. 1. 0.
1. 0.011 0. 345.891 -0.011 1. -0. 27.858 -0. 0. 1. 0.
1. 0.011 0. 347.946 -0.011 1. -0. 27.823 -0. 0. 1. 0.
1. 0.011 0. 350.019 -0.011 1. -0. 27.794 -0. 0. 1. 0.
1. 0.011 0. 352.069 -0.011 1. -0. 27.769 -0. 0. 1. 0.
1. 0.010 0. 354.131 -0.010 1. -0. 27.740 -0. 0. 1. 0.
1. 0.009 0. 356.233 -0.009 1. -0. 27.718 -0. 0. 1. 0.
1. 0.007 0. 358.316 -0.007 1. -0. 27.702 -0. 0. 1. 0.
1. 0.005 0. 360.418 -0.005 1. -0. 27.688 -0. 0. 1. 0.
1. 0.000 0. 362.523 -0.000 1. -0. 27.683 -0. 0. 1. 0.
1. -0.004 0. 364.674 0.004 1. 0. 27.686 0. 0. 1. 0.
1. -0.009 0. 366.797 0.009 1. 0. 27.695 0. 0. 1. 0.
1. -0.014 0. 368.913 0.014 1. 0. 27.716 0. 0. 1. 0.
1.000 -0.019 0. 371.004 0.019 1.000 0. 27.752 0. 0. 1. 0.
1.000 -0.023 0. 373.164 0.023 1.000 0. 27.790 0. 0. 1. 0.
1.000 -0.028 0. 375.283 0.028 1.000 0. 27.837 0. 0. 1. 0.
0.999 -0.033 0. 377.396 0.033 0.999 0. 27.896 0. 0. 1. 0.
0.999 -0.037 0. 379.491 0.037 0.999 0. 27.961 0. 0. 1. 0.
0.999 -0.041 0. 381.582 0.041 0.999 0. 28.030 0. 0. 1. 0.
0.999 -0.042 0. 383.651 0.042 0.999 0. 28.100 0. 0. 1. 0.
0.999 -0.042 0. 385.689 0.042 0.999 0. 28.176 0. 0. 1. 0.
0.999 -0.043 0. 387.772 0.043 0.999 0. 28.245 0. 0. 1. 0.
0.999 -0.043 0. 389.933 0.043 0.999 0. 28.320 0. 0. 1. 0.
0.999 -0.044 0. 392.122 0.044 0.999 0. 28.400 0. 0. 1. 0.
0.999 -0.046 0. 394.344 0.046 0.999 0. 28.478 0. 0. 1. 0.
0.999 -0.048 0. 396.496 0.048 0.999 0. 28.562 0. 0. 1. 0.
0.999 -0.050 0. 398.639 0.050 0.999 0. 28.650 0. 0. 1. 0.
0.999 -0.053 0. 400.765 0.053 0.999 0. 28.749 0. 0. 1. 0.
0.998 -0.057 0. 402.839 0.057 0.998 0. 28.848 0. 0. 1. 0.
0.998 -0.059 0. 404.774 0.059 0.998 0. 28.941 0. 0. 1. 0.
0.998 -0.062 0. 406.855 0.062 0.998 0. 29.049 0. 0. 1. 0.
0.998 -0.063 0. 408.932 0.063 0.998 0. 29.165 0. 0. 1. 0.
0.998 -0.065 0. 410.928 0.065 0.998 0. 29.277 0. 0. 1. 0.
0.998 -0.066 0. 412.804 0.066 0.998 0. 29.385 0. 0. 1. 0.
0.998 -0.067 0. 414.660 0.067 0.998 0. 29.493 0. 0. 1. 0.
0.998 -0.069 0. 416.579 0.069 0.998 0. 29.604 0. 0. 1. 0.
0.998 -0.067 0. 418.430 0.067 0.998 0. 29.711 0. 0. 1. 0.
0.998 -0.066 0. 420.228 0.066 0.998 0. 29.817 0. 0. 1. 0.
0.998 -0.065 0. 421.970 0.065 0.998 0. 29.920 0. 0. 1. 0.
0.998 -0.067 0. 423.647 0.067 0.998 0. 30.016 0. 0. 1. 0.
0.998 -0.069 0. 425.270 0.069 0.998 0. 30.115 0. 0. 1. 0.
0.998 -0.070 0. 426.839 0.070 0.998 0. 30.210 0. 0. 1. 0.
0.998 -0.070 0. 428.324 0.070 0.998 0. 30.305 0. 0. 1. 0.
0.998 -0.068 0. 429.743 0.068 0.998 0. 30.395 0. 0. 1. 0.
0.998 -0.065 0. 431.083 0.065 0.998 0. 30.474 0. 0. 1. 0.
0.998 -0.060 0. 432.324 0.060 0.998 0. 30.546 0. 0. 1. 0.
0.999 -0.054 0. 433.516 0.054 0.999 0. 30.596 0. 0. 1. 0.
0.999 -0.044 0. 434.640 0.044 0.999 0. 30.630 0. 0. 1. 0.
1.000 -0.026 0. 435.697 0.026 1.000 0. 30.642 0. 0. 1. 0.
1. 0.006 0. 436.720 -0.006 1. -0. 30.617 -0. 0. 1. 0.
0.999 0.044 0. 437.705 -0.044 0.999 -0. 30.557 -0. 0. 1. 0.
0.996 0.089 0. 438.698 -0.089 0.996 -0. 30.442 -0. 0. 1. 0.
0.990 0.141 0. 439.656 -0.141 0.990 -0. 30.280 -0. 0. 1. 0.
0.980 0.201 0. 440.592 -0.201 0.980 -0. 30.065 -0. 0. 1. 0.
0.964 0.266 0. 441.504 -0.266 0.964 -0. 29.783 -0. 0. 1. 0.
0.942 0.335 0. 442.364 -0.335 0.942 -0. 29.449 -0. 0. 1. 0.
0.915 0.404 0. 443.219 -0.404 0.915 -0. 29.038 -0. 0. 1. 0.
0.881 0.473 0. 444.013 -0.473 0.881 -0. 28.575 -0. 0. 1. 0.
0.844 0.537 0. 444.739 -0.537 0.844 -0. 28.080 -0. 0. 1. 0.
0.803 0.596 0. 445.394 -0.596 0.803 -0. 27.557 -0. 0. 1. 0.
0.761 0.649 0. 445.936 -0.649 0.761 -0. 27.048 -0. 0. 1. 0.
0.716 0.698 0. 446.378 -0.698 0.716 -0. 26.567 -0. 0. 1. 0.
0.674 0.739 0. 446.726 -0.739 0.674 -0. 26.129 -0. 0. 1. 0.
0.637 0.771 0. 446.985 -0.771 0.637 -0. 25.761 -0. 0. 1. 0.
0.606 0.796 0. 447.176 -0.796 0.606 -0. 25.461 -0. 0. 1. 0.
0.584 0.812 0. 447.295 -0.812 0.584 -0. 25.263 -0. 0. 1. 0.
0.568 0.823 0. 447.379 -0.823 0.568 -0. 25.099 -0. 0. 1. 0.
0.556 0.831 0. 447.443 -0.831 0.556 -0. 24.974 -0. 0. 1. 0.
0.548 0.836 0. 447.476 -0.836 0.548 -0. 24.928 -0. 0. 1. 0.
0.543 0.840 0. 447.501 -0.840 0.543 -0. 24.873 -0. 0. 1. 0.
0.540 0.842 0. 447.514 -0.842 0.540 -0. 24.851 -0. 0. 1. 0.
0.538 0.843 0. 447.526 -0.843 0.538 -0. 24.825 -0. 0. 1. 0.
0.537 0.843 0. 447.528 -0.843 0.537 -0. 24.817 -0. 0. 1. 0.
0.537 0.843 0. 447.526 -0.843 0.537 -0. 24.818 -0. 0. 1. 0.
0.537 0.843 0. 447.527 -0.843 0.537 -0. 24.817 -0. 0. 1. 0.
0.537 0.843 0. 447.529 -0.843 0.537 -0. 24.816 -0. 0. 1. 0.
0.537 0.843 0. 447.529 -0.843 0.537 -0. 24.816 -0. 0. 1. 0.
0.537 0.843 0. 447.529 -0.843 0.537 -0. 24.815 -0. 0. 1. 0.
0.537 0.844 0. 447.529 -0.844 0.537 -0. 24.815 -0. 0. 1. 0.
0.537 0.844 0. 447.531 -0.844 0.537 -0. 24.811 -0. 0. 1. 0.
0.534 0.846 0. 447.542 -0.846 0.534 -0. 24.788 -0. 0. 1. 0.
0.529 0.849 0. 447.563 -0.849 0.529 -0. 24.749 -0. 0. 1. 0.
0.521 0.854 0. 447.599 -0.854 0.521 -0. 24.674 -0. 0. 1. 0.
0.510 0.860 0. 447.643 -0.860 0.510 -0. 24.573 -0. 0. 1. 0.
0.495 0.869 0. 447.692 -0.869 0.495 -0. 24.457 -0. 0. 1. 0.
0.477 0.879 0. 447.750 -0.879 0.477 -0. 24.316 -0. 0. 1. 0.
0.453 0.891 0. 447.817 -0.891 0.453 -0. 24.131 -0. 0. 1. 0.
0.422 0.907 0. 447.889 -0.907 0.422 -0. 23.915 -0. 0. 1. 0.
0.383 0.924 0. 447.968 -0.924 0.383 -0. 23.642 -0. 0. 1. 0.
0.331 0.944 0. 448.044 -0.944 0.331 -0. 23.300 -0. 0. 1. 0.
0.267 0.964 0. 448.118 -0.964 0.267 -0. 22.873 -0. 0. 1. 0.
0.191 0.982 0. 448.169 -0.982 0.191 -0. 22.375 -0. 0. 1. 0.
0.106 0.994 0. 448.182 -0.994 0.106 -0. 21.804 -0. 0. 1. 0.
0.011 1. 0. 448.139 -1. 0.011 -0. 21.185 -0. 0. 1. 0.
-0.090 0.996 0. 448.024 -0.996 -0.090 -0. 20.537 -0. 0. 1. 0.
-0.193 0.981 0. 447.834 -0.981 -0.193 -0. 19.843 -0. 0. 1. 0.
-0.296 0.955 0. 447.555 -0.955 -0.296 -0. 19.097 -0. 0. 1. 0.
-0.395 0.919 0. 447.168 -0.919 -0.395 -0. 18.326 -0. 0. 1. 0.
-0.488 0.873 0. 446.668 -0.873 -0.488 -0. 17.527 -0. 0. 1. 0.
-0.572 0.820 0. 446.052 -0.820 -0.572 -0. 16.710 -0. 0. 1. 0.
-0.644 0.765 0. 445.326 -0.765 -0.644 0. 15.895 0. 0. 1. 0.
-0.707 0.707 0. 444.482 -0.707 -0.707 0. 15.091 0. 0. 1. 0.
-0.759 0.651 0. 443.546 -0.651 -0.759 0. 14.314 0. 0. 1. 0.
-0.799 0.601 0. 442.504 -0.601 -0.799 0. 13.552 0. 0. 1. 0.
-0.828 0.561 0. 441.330 -0.561 -0.828 0. 12.765 0. 0. 1. 0.
-0.847 0.531 0. 440.103 -0.531 -0.847 0. 12.006 0. 0. 1. 0.
-0.860 0.511 0. 438.799 -0.511 -0.860 0. 11.238 0. 0. 1. 0.
-0.868 0.496 0. 437.480 -0.496 -0.868 0. 10.495 0. 0. 1. 0.
-0.875 0.484 0. 436.140 -0.484 -0.875 0. 9.765 0. 0. 1. 0.
-0.881 0.472 0. 434.672 -0.472 -0.881 0. 8.982 0. 0. 1. 0.
-0.886 0.464 0. 433.125 -0.464 -0.886 0. 8.184 0. 0. 1. 0.
-0.888 0.460 0. 431.561 -0.460 -0.888 0. 7.387 0. 0. 1. 0.
-0.889 0.457 0. 429.942 -0.457 -0.889 0. 6.567 0. 0. 1. 0.
-0.890 0.456 0. 428.256 -0.456 -0.890 0. 5.718 0. 0. 1. 0.
-0.890 0.456 0. 426.530 -0.456 -0.890 0. 4.844 0. 0. 1. 0.
-0.891 0.455 0. 424.768 -0.455 -0.891 0. 3.955 0. 0. 1. 0.
-0.890 0.455 0. 422.991 -0.455 -0.890 0. 3.070 0. 0. 1. 0.
-0.891 0.454 0. 421.202 -0.454 -0.891 0. 2.167 0. 0. 1. 0.
-0.891 0.454 0. 419.359 -0.454 -0.891 0. 1.237 0. 0. 1. 0.
-0.892 0.451 0. 417.537 -0.451 -0.892 0. 0.336 0. 0. 1. 0.
-0.894 0.448 0. 415.670 -0.448 -0.894 0. -0.584 0. 0. 1. 0.
-0.896 0.444 0. 413.876 -0.444 -0.896 0. -1.461 0. 0. 1. 0.
-0.898 0.441 0. 412.060 -0.441 -0.898 0. -2.337 0. 0. 1. 0.
-0.900 0.437 0. 410.223 -0.437 -0.900 0. -3.223 0. 0. 1. 0.
-0.901 0.434 0. 408.366 -0.434 -0.901 0. -4.103 0. 0. 1. 0.
-0.903 0.430 0. 406.532 -0.430 -0.903 0. -4.969 0. 0. 1. 0.
-0.904 0.428 0. 404.745 -0.428 -0.904 0. -5.807 0. 0. 1. 0.
-0.903 0.429 0. 402.968 -0.429 -0.903 0. -6.643 0. 0. 1. 0.
-0.902 0.432 0. 401.190 -0.432 -0.902 0. -7.484 0. 0. 1. 0.
-0.901 0.434 0. 399.460 -0.434 -0.901 0. -8.311 0. 0. 1. 0.
-0.899 0.437 0. 397.769 -0.437 -0.899 0. -9.117 0. 0. 1. 0.
-0.899 0.439 0. 396.157 -0.439 -0.899 0. -9.898 0. 0. 1. 0.
-0.898 0.440 0. 394.579 -0.440 -0.898 0. -10.663 0. 0. 1. 0.
-0.898 0.440 0. 393.102 -0.440 -0.898 0. -11.378 0. 0. 1. 0.
-0.898 0.441 0. 391.783 -0.441 -0.898 0. -12.019 0. 0. 1. 0.
-0.898 0.441 0. 390.278 -0.441 -0.898 0. -12.756 0. 0. 1. 0.
-0.898 0.440 0. 388.959 -0.440 -0.898 0. -13.400 0. 0. 1. 0.
-0.898 0.440 0. 387.715 -0.440 -0.898 0. -14.004 0. 0. 1. 0.
-0.898 0.439 0. 386.536 -0.439 -0.898 0. -14.575 0. 0. 1. 0.
-0.899 0.438 0. 385.476 -0.438 -0.899 0. -15.088 0. 0. 1. 0.
-0.899 0.437 0. 384.492 -0.437 -0.899 0. -15.563 0. 0. 1. 0.
-0.900 0.436 0. 383.560 -0.436 -0.900 0. -16.008 0. 0. 1. 0.
-0.901 0.435 0. 382.680 -0.435 -0.901 0. -16.427 0. 0. 1. 0.
-0.901 0.434 0. 381.894 -0.434 -0.901 0. -16.806 0. 0. 1. 0.
-0.901 0.433 0. 381.183 -0.433 -0.901 0. -17.141 0. 0. 1. 0.
-0.902 0.431 0. 380.536 -0.431 -0.902 0. -17.449 0. 0. 1. 0.
-0.903 0.430 0. 379.953 -0.430 -0.903 0. -17.722 0. 0. 1. 0.
-0.904 0.428 0. 379.390 -0.428 -0.904 0. -17.988 0. 0. 1. 0.
-0.904 0.427 0. 378.843 -0.427 -0.904 0. -18.243 0. 0. 1. 0.
-0.905 0.425 0. 378.328 -0.425 -0.905 0. -18.482 0. 0. 1. 0.
-0.905 0.424 0. 377.826 -0.424 -0.905 0. -18.714 0. 0. 1. 0.
-0.906 0.423 0. 377.352 -0.423 -0.906 0. -18.933 0. 0. 1. 0.
-0.907 0.422 0. 376.864 -0.422 -0.907 0. -19.158 0. 0. 1. 0.
-0.907 0.421 0. 376.340 -0.421 -0.907 0. -19.398 0. 0. 1. 0.
-0.908 0.420 0. 375.788 -0.420 -0.908 0. -19.651 0. 0. 1. 0.
-0.908 0.419 0. 375.193 -0.419 -0.908 0. -19.921 0. 0. 1. 0.
-0.909 0.417 0. 374.536 -0.417 -0.909 0. -20.221 0. 0. 1. 0.
-0.909 0.416 0. 373.822 -0.416 -0.909 0. -20.546 0. 0. 1. 0.
-0.910 0.414 0. 373.071 -0.414 -0.910 0. -20.885 0. 0. 1. 0.
-0.911 0.413 0. 372.290 -0.413 -0.911 0. -21.237 0. 0. 1. 0.
-0.912 0.411 0. 371.456 -0.411 -0.912 0. -21.605 0. 0. 1. 0.
-0.912 0.410 0. 370.589 -0.410 -0.912 0. -21.994 0. 0. 1. 0.
-0.913 0.408 0. 369.626 -0.408 -0.913 0. -22.423 0. 0. 1. 0.
-0.913 0.407 0. 368.595 -0.407 -0.913 0. -22.876 0. 0. 1. 0.
-0.914 0.406 0. 367.543 -0.406 -0.914 0. -23.341 0. 0. 1. 0.
-0.915 0.404 0. 366.435 -0.404 -0.915 0. -23.825 0. 0. 1. 0.
-0.915 0.403 0. 365.295 -0.403 -0.915 0. -24.319 0. 0. 1. 0.
-0.916 0.401 0. 364.091 -0.401 -0.916 0. -24.841 0. 0. 1. 0.
-0.917 0.400 0. 362.818 -0.400 -0.917 0. -25.394 0. 0. 1. 0.
-0.917 0.398 0. 361.505 -0.398 -0.917 0. -25.963 0. 0. 1. 0.
-0.918 0.397 0. 360.113 -0.397 -0.918 0. -26.559 0. 0. 1. 0.
-0.919 0.394 0. 358.714 -0.394 -0.919 0. -27.152 0. 0. 1. 0.
-0.920 0.392 0. 357.262 -0.392 -0.920 0. -27.766 0. 0. 1. 0.
-0.921 0.391 0. 355.756 -0.391 -0.921 0. -28.396 0. 0. 1. 0.
-0.921 0.389 0. 354.199 -0.389 -0.921 0. -29.037 0. 0. 1. 0.
-0.922 0.387 0. 352.606 -0.387 -0.922 0. -29.690 0. 0. 1. 0.
-0.923 0.385 0. 350.953 -0.385 -0.923 0. -30.376 0. 0. 1. 0.
-0.925 0.381 0. 349.245 -0.381 -0.925 0. -31.079 0. 0. 1. 0.
-0.926 0.378 0. 347.518 -0.378 -0.926 0. -31.772 0. 0. 1. 0.
-0.929 0.371 0. 345.862 -0.371 -0.929 0. -32.421 0. 0. 1. 0.
-0.931 0.365 0. 344.141 -0.365 -0.931 0. -33.086 0. 0. 1. 0.
-0.933 0.359 0. 342.399 -0.359 -0.933 0. -33.743 0. 0. 1. 0.
-0.936 0.351 0. 340.562 -0.351 -0.936 0. -34.429 0. 0. 1. 0.
-0.939 0.344 0. 338.631 -0.344 -0.939 0. -35.138 0. 0. 1. 0.
-0.942 0.335 0. 336.710 -0.335 -0.942 0. -35.820 0. 0. 1. 0.
-0.945 0.328 0. 334.895 -0.328 -0.945 0. -36.443 0. 0. 1. 0.
-0.947 0.321 0. 332.932 -0.321 -0.947 0. -37.102 0. 0. 1. 0.
-0.949 0.314 0. 330.891 -0.314 -0.949 0. -37.767 0. 0. 1. 0.
-0.952 0.307 0. 328.843 -0.307 -0.952 0. -38.418 0. 0. 1. 0.
-0.953 0.303 0. 326.868 -0.303 -0.953 0. -39.035 0. 0. 1. 0.
-0.953 0.303 0. 324.865 -0.303 -0.953 0. -39.664 0. 0. 1. 0.
-0.953 0.304 0. 322.804 -0.304 -0.953 0. -40.310 0. 0. 1. 0.
-0.953 0.304 0. 320.713 -0.304 -0.953 0. -40.965 0. 0. 1. 0.
-0.953 0.303 0. 318.655 -0.303 -0.953 0. -41.606 0. 0. 1. 0.
-0.953 0.302 0. 316.516 -0.302 -0.953 0. -42.276 0. 0. 1. 0.
-0.954 0.301 0. 314.443 -0.301 -0.954 0. -42.919 0. 0. 1. 0.
-0.953 0.303 0. 312.380 -0.303 -0.953 0. -43.566 0. 0. 1. 0.
-0.952 0.306 0. 310.257 -0.306 -0.952 0. -44.248 0. 0. 1. 0.
-0.951 0.308 0. 308.090 -0.308 -0.951 0. -44.953 0. 0. 1. 0.
-0.950 0.311 0. 306.017 -0.311 -0.950 0. -45.622 0. 0. 1. 0.
-0.950 0.313 0. 303.939 -0.313 -0.950 0. -46.299 0. 0. 1. 0.
-0.949 0.317 0. 301.732 -0.317 -0.949 0. -47.032 0. 0. 1. 0.
-0.947 0.320 0. 299.548 -0.320 -0.947 0. -47.761 0. 0. 1. 0.
-0.946 0.324 0. 297.442 -0.324 -0.946 0. -48.473 0. 0. 1. 0.
-0.945 0.328 0. 295.330 -0.328 -0.945 0. -49.197 0. 0. 1. 0.
-0.943 0.332 0. 293.129 -0.332 -0.943 0. -49.960 0. 0. 1. 0.
-0.942 0.337 0. 290.846 -0.337 -0.942 0. -50.769 0. 0. 1. 0.
-0.940 0.340 0. 288.509 -0.340 -0.940 0. -51.605 0. 0. 1. 0.
-0.939 0.344 0. 286.241 -0.344 -0.939 0. -52.427 0. 0. 1. 0.
-0.938 0.346 0. 284.027 -0.346 -0.938 0. -53.241 0. 0. 1. 0.
-0.938 0.348 0. 281.809 -0.348 -0.938 0. -54.048 0. 0. 1. 0.
-0.937 0.350 0. 279.600 -0.350 -0.937 0. -54.858 0. 0. 1. 0.
-0.936 0.352 0. 277.345 -0.352 -0.936 0. -55.702 0. 0. 1. 0.
-0.935 0.356 0. 275.023 -0.356 -0.935 0. -56.583 0. 0. 1. 0.
-0.933 0.360 0. 272.694 -0.360 -0.933 0. -57.472 0. 0. 1. 0.
-0.932 0.363 0. 270.348 -0.363 -0.932 0. -58.377 0. 0. 1. 0.
-0.930 0.367 0. 267.998 -0.367 -0.930 0. -59.293 0. 0. 1. 0.
-0.930 0.368 0. 265.656 -0.368 -0.930 0. -60.211 0. 0. 1. 0.
-0.929 0.370 0. 263.283 -0.370 -0.929 0. -61.148 0. 0. 1. 0.
-0.928 0.372 0. 260.867 -0.372 -0.928 0. -62.104 0. 0. 1. 0.
-0.928 0.374 0. 258.461 -0.374 -0.928 0. -63.067 0. 0. 1. 0.
-0.926 0.377 0. 256.077 -0.377 -0.926 0. -64.021 0. 0. 1. 0.
-0.925 0.380 0. 253.755 -0.380 -0.925 0. -64.952 0. 0. 1. 0.
-0.925 0.381 0. 251.460 -0.381 -0.925 0. -65.887 0. 0. 1. 0.
-0.924 0.382 0. 249.154 -0.382 -0.924 0. -66.832 0. 0. 1. 0.
-0.924 0.383 0. 246.878 -0.383 -0.924 0. -67.767 0. 0. 1. 0.
-0.923 0.384 0. 244.627 -0.384 -0.923 0. -68.696 0. 0. 1. 0.
-0.922 0.387 0. 242.412 -0.387 -0.922 0. -69.619 0. 0. 1. 0.
-0.919 0.393 0. 240.215 -0.393 -0.919 0. -70.546 0. 0. 1. 0.
-0.918 0.397 0. 238.072 -0.397 -0.918 0. -71.467 0. 0. 1. 0.
-0.917 0.399 0. 235.944 -0.399 -0.917 0. -72.378 0. 0. 1. 0.
-0.917 0.399 0. 233.739 -0.399 -0.917 0. -73.327 0. 0. 1. 0.
-0.917 0.398 0. 231.556 -0.398 -0.917 0. -74.278 0. 0. 1. 0.
-0.918 0.397 0. 229.429 -0.397 -0.918 0. -75.186 0. 0. 1. 0.
-0.918 0.396 0. 227.273 -0.396 -0.918 0. -76.106 0. 0. 1. 0.
-0.919 0.394 0. 225.063 -0.394 -0.919 0. -77.044 0. 0. 1. 0.
-0.920 0.393 0. 222.985 -0.393 -0.920 0. -77.915 0. 0. 1. 0.
-0.921 0.390 0. 220.888 -0.390 -0.921 0. -78.797 0. 0. 1. 0.
-0.922 0.388 0. 218.702 -0.388 -0.922 0. -79.708 0. 0. 1. 0.
-0.923 0.385 0. 216.673 -0.385 -0.923 0. -80.543 0. 0. 1. 0.
-0.924 0.383 0. 214.632 -0.383 -0.924 0. -81.378 0. 0. 1. 0.
-0.924 0.383 0. 212.461 -0.383 -0.924 0. -82.270 0. 0. 1. 0.
-0.924 0.382 0. 210.318 -0.382 -0.924 0. -83.143 0. 0. 1. 0.
-0.925 0.380 0. 208.244 -0.380 -0.925 0. -83.982 0. 0. 1. 0.
-0.925 0.380 0. 206.118 -0.380 -0.925 0. -84.839 0. 0. 1. 0.
-0.925 0.380 0. 203.933 -0.380 -0.925 0. -85.731 0. 0. 1. 0.
-0.925 0.381 0. 201.784 -0.381 -0.925 0. -86.604 0. 0. 1. 0.
-0.925 0.381 0. 199.642 -0.381 -0.925 0. -87.474 0. 0. 1. 0.
-0.925 0.380 0. 197.503 -0.380 -0.925 0. -88.341 0. 0. 1. 0.
-0.926 0.379 0. 195.369 -0.379 -0.926 0. -89.204 0. 0. 1. 0.
-0.926 0.377 0. 193.238 -0.377 -0.926 0. -90.061 0. 0. 1. 0.
-0.926 0.377 0. 191.185 -0.377 -0.926 0. -90.882 0. 0. 1. 0.
-0.926 0.377 0. 189.041 -0.377 -0.926 0. -91.737 0. 0. 1. 0.
-0.926 0.377 0. 186.737 -0.377 -0.926 0. -92.659 0. 0. 1. 0.
-0.926 0.378 0. 184.539 -0.378 -0.926 0. -93.539 0. 0. 1. 0.
-0.926 0.378 0. 182.491 -0.378 -0.926 0. -94.357 0. 0. 1. 0.
-0.926 0.378 0. 180.490 -0.378 -0.926 0. -95.159 0. 0. 1. 0.
-0.925 0.379 0. 178.438 -0.379 -0.925 0. -95.970 0. 0. 1. 0.
-0.925 0.381 0. 176.372 -0.381 -0.925 0. -96.805 0. 0. 1. 0.
-0.924 0.383 0. 174.308 -0.383 -0.924 0. -97.647 0. 0. 1. 0.
-0.922 0.388 0. 172.296 -0.388 -0.922 0. -98.480 0. 0. 1. 0.
-0.921 0.390 0. 170.283 -0.390 -0.921 0. -99.326 0. 0. 1. 0.
-0.919 0.395 0. 168.269 -0.395 -0.919 0. -100.172 0. 0. 1. 0.
-0.918 0.396 0. 166.286 -0.396 -0.918 0. -101.023 0. 0. 1. 0.
-0.918 0.397 0. 164.331 -0.397 -0.918 0. -101.859 0. 0. 1. 0.
-0.918 0.397 0. 162.488 -0.397 -0.918 0. -102.644 0. 0. 1. 0.
-0.918 0.397 0. 160.533 -0.397 -0.918 0. -103.475 0. 0. 1. 0.
-0.918 0.396 0. 158.599 -0.396 -0.918 0. -104.301 0. 0. 1. 0.
-0.919 0.395 0. 156.780 -0.395 -0.919 0. -105.067 0. 0. 1. 0.
-0.919 0.393 0. 154.999 -0.393 -0.919 0. -105.824 0. 0. 1. 0.
-0.920 0.392 0. 153.234 -0.392 -0.920 0. -106.573 0. 0. 1. 0.
-0.921 0.390 0. 151.503 -0.390 -0.921 0. -107.296 0. 0. 1. 0.
-0.921 0.390 0. 149.799 -0.390 -0.921 0. -107.997 0. 0. 1. 0.
-0.922 0.387 0. 148.155 -0.387 -0.922 0. -108.679 0. 0. 1. 0.
-0.923 0.384 0. 146.514 -0.384 -0.923 0. -109.354 0. 0. 1. 0.
-0.925 0.381 0. 144.935 -0.381 -0.925 0. -109.998 0. 0. 1. 0.
-0.926 0.378 0. 143.388 -0.378 -0.926 0. -110.628 0. 0. 1. 0.
-0.926 0.376 0. 141.877 -0.376 -0.926 0. -111.240 0. 0. 1. 0.
-0.927 0.376 0. 140.378 -0.376 -0.927 0. -111.844 0. 0. 1. 0.
-0.927 0.376 0. 138.885 -0.376 -0.927 0. -112.443 0. 0. 1. 0.
-0.927 0.376 0. 137.412 -0.376 -0.927 0. -113.033 0. 0. 1. 0.
-0.926 0.376 0. 135.962 -0.376 -0.926 0. -113.616 0. 0. 1. 0.
-0.926 0.378 0. 134.514 -0.378 -0.926 0. -114.202 0. 0. 1. 0.
-0.925 0.381 0. 133.079 -0.381 -0.925 0. -114.790 0. 0. 1. 0.
-0.923 0.385 0. 131.659 -0.385 -0.923 0. -115.378 0. 0. 1. 0.
-0.920 0.391 0. 130.247 -0.391 -0.920 0. -115.963 0. 0. 1. 0.
-0.917 0.398 0. 128.861 -0.398 -0.917 0. -116.557 0. 0. 1. 0.
-0.914 0.405 0. 127.496 -0.405 -0.914 0. -117.153 0. 0. 1. 0.
-0.912 0.410 0. 126.157 -0.410 -0.912 0. -117.745 0. 0. 1. 0.
-0.913 0.408 0. 124.814 -0.408 -0.913 0. -118.340 0. 0. 1. 0.
-0.914 0.405 0. 123.477 -0.405 -0.914 0. -118.925 0. 0. 1. 0.
-0.916 0.401 0. 122.153 -0.401 -0.916 0. -119.495 0. 0. 1. 0.
-0.919 0.395 0. 120.844 -0.395 -0.919 0. -120.053 0. 0. 1. 0.
-0.920 0.391 0. 119.547 -0.391 -0.920 0. -120.594 0. 0. 1. 0.
-0.923 0.385 0. 118.258 -0.385 -0.923 0. -121.123 0. 0. 1. 0.
-0.925 0.379 0. 116.983 -0.379 -0.925 0. -121.644 0. 0. 1. 0.
-0.928 0.372 0. 115.723 -0.372 -0.928 0. -122.140 0. 0. 1. 0.
-0.931 0.364 0. 114.484 -0.364 -0.931 0. -122.625 0. 0. 1. 0.
-0.935 0.356 0. 113.243 -0.356 -0.935 0. -123.092 0. 0. 1. 0.
-0.938 0.347 0. 112.008 -0.347 -0.938 0. -123.543 0. 0. 1. 0.
-0.942 0.336 0. 110.786 -0.336 -0.942 0. -123.974 0. 0. 1. 0.
-0.946 0.324 0. 109.582 -0.324 -0.946 0. -124.382 0. 0. 1. 0.
-0.950 0.313 0. 108.388 -0.313 -0.950 0. -124.769 0. 0. 1. 0.
-0.953 0.304 0. 107.195 -0.304 -0.953 0. -125.141 0. 0. 1. 0.
-0.955 0.296 0. 106.018 -0.296 -0.955 0. -125.502 0. 0. 1. 0.
-0.956 0.293 0. 104.882 -0.293 -0.956 0. -125.838 0. 0. 1. 0.
-0.956 0.292 0. 103.817 -0.292 -0.956 0. -126.161 0. 0. 1. 0.
-0.956 0.292 0. 102.826 -0.292 -0.956 0. -126.459 0. 0. 1. 0.
-0.956 0.292 0. 101.901 -0.292 -0.956 0. -126.735 0. 0. 1. 0.
-0.956 0.295 0. 101.018 -0.295 -0.956 0. -127.001 0. 0. 1. 0.
-0.955 0.296 0. 100.209 -0.296 -0.955 0. -127.244 0. 0. 1. 0.
-0.955 0.297 0. 99.464 -0.297 -0.955 0. -127.471 0. 0. 1. 0.
-0.954 0.299 0. 98.776 -0.299 -0.954 0. -127.687 0. 0. 1. 0.
-0.954 0.301 0. 98.170 -0.301 -0.954 0. -127.879 0. 0. 1. 0.
-0.953 0.302 0. 97.668 -0.302 -0.953 0. -128.037 0. 0. 1. 0.
-0.953 0.302 0. 97.272 -0.302 -0.953 0. -128.161 0. 0. 1. 0.
-0.953 0.303 0. 96.978 -0.303 -0.953 0. -128.254 0. 0. 1. 0.
-0.953 0.303 0. 96.755 -0.303 -0.953 0. -128.323 0. 0. 1. 0.
-0.953 0.303 0. 96.592 -0.303 -0.953 0. -128.374 0. 0. 1. 0.
-0.953 0.303 0. 96.478 -0.303 -0.953 0. -128.410 0. 0. 1. 0.
-0.953 0.303 0. 96.418 -0.303 -0.953 0. -128.429 0. 0. 1. 0.
-0.953 0.303 0. 96.367 -0.303 -0.953 0. -128.446 0. 0. 1. 0.
-0.953 0.303 0. 96.307 -0.303 -0.953 0. -128.465 0. 0. 1. 0.
-0.953 0.304 0. 96.235 -0.304 -0.953 0. -128.488 0. 0. 1. 0.
-0.953 0.304 0. 96.145 -0.304 -0.953 0. -128.516 0. 0. 1. 0.
-0.953 0.304 0. 96.042 -0.304 -0.953 0. -128.549 0. 0. 1. 0.
-0.953 0.304 0. 95.922 -0.304 -0.953 0. -128.587 0. 0. 1. 0.
-0.953 0.304 0. 95.793 -0.304 -0.953 0. -128.628 0. 0. 1. 0.
-0.953 0.304 0. 95.668 -0.304 -0.953 0. -128.667 0. 0. 1. 0.
-0.953 0.304 0. 95.591 -0.304 -0.953 0. -128.692 0. 0. 1. 0.
-0.953 0.305 0. 95.492 -0.305 -0.953 0. -128.723 0. 0. 1. 0.
-0.952 0.305 0. 95.397 -0.305 -0.952 0. -128.754 0. 0. 1. 0.
-0.952 0.305 0. 95.321 -0.305 -0.952 0. -128.778 0. 0. 1. 0.
-0.952 0.305 0. 95.234 -0.305 -0.952 0. -128.806 0. 0. 1. 0.
-0.953 0.304 0. 95.141 -0.304 -0.953 0. -128.836 0. 0. 1. 0.
-0.952 0.305 0. 95.117 -0.305 -0.952 0. -128.843 0. 0. 1. 0.
-0.952 0.305 0. 95.041 -0.305 -0.952 0. -128.867 0. 0. 1. 0.
-0.952 0.306 0. 94.972 -0.306 -0.952 0. -128.889 0. 0. 1. 0.
-0.952 0.306 0. 94.911 -0.306 -0.952 0. -128.909 0. 0. 1. 0.
-0.952 0.306 0. 94.850 -0.306 -0.952 0. -128.928 0. 0. 1. 0.
-0.952 0.306 0. 94.825 -0.306 -0.952 0. -128.936 0. 0. 1. 0.
-0.952 0.306 0. 94.795 -0.306 -0.952 0. -128.946 0. 0. 1. 0.
-0.952 0.306 0. 94.768 -0.306 -0.952 0. -128.956 0. 0. 1. 0.
-0.952 0.306 0. 94.761 -0.306 -0.952 0. -128.958 0. 0. 1. 0.
-0.952 0.306 0. 94.759 -0.306 -0.952 0. -128.959 0. 0. 1. 0.
-0.952 0.306 0. 94.756 -0.306 -0.952 0. -128.960 0. 0. 1. 0.
-0.952 0.306 0. 94.754 -0.306 -0.952 0. -128.960 0. 0. 1. 0.
-0.952 0.306 0. 94.751 -0.306 -0.952 0. -128.961 0. 0. 1. 0.
-0.952 0.306 0. 94.749 -0.306 -0.952 0. -128.962 0. 0. 1. 0.
-0.952 0.306 0. 94.746 -0.306 -0.952 0. -128.963 0. 0. 1. 0.
-0.952 0.306 0. 94.744 -0.306 -0.952 0. -128.964 0. 0. 1. 0.
-0.952 0.306 0. 94.741 -0.306 -0.952 0. -128.964 0. 0. 1. 0.
-0.952 0.306 0. 94.739 -0.306 -0.952 0. -128.965 0. 0. 1. 0.
-0.952 0.306 0. 94.736 -0.306 -0.952 0. -128.966 0. 0. 1. 0.
-0.952 0.306 0. 94.734 -0.306 -0.952 0. -128.967 0. 0. 1. 0.
-0.952 0.306 0. 94.731 -0.306 -0.952 0. -128.968 0. 0. 1. 0.
-0.952 0.306 0. 94.729 -0.306 -0.952 0. -128.968 0. 0. 1. 0.
-0.952 0.306 0. 94.726 -0.306 -0.952 0. -128.969 0. 0. 1. 0.
-0.952 0.306 0. 94.724 -0.306 -0.952 0. -128.970 0. 0. 1. 0.
-0.952 0.306 0. 94.721 -0.306 -0.952 0. -128.971 0. 0. 1. 0.
-0.952 0.306 0. 94.719 -0.306 -0.952 0. -128.971 0. 0. 1. 0.
-0.952 0.306 0. 94.716 -0.306 -0.952 0. -128.972 0. 0. 1. 0.
-0.952 0.306 0. 94.713 -0.306 -0.952 0. -128.973 0. 0. 1. 0.
-0.952 0.306 0. 94.711 -0.306 -0.952 0. -128.974 0. 0. 1. 0.
-0.952 0.306 0. 94.708 -0.306 -0.952 0. -128.974 0. 0. 1. 0.
-0.952 0.306 0. 94.706 -0.306 -0.952 0. -128.975 0. 0. 1. 0.
-0.952 0.305 0. 94.703 -0.305 -0.952 0. -128.976 0. 0. 1. 0.
-0.952 0.305 0. 94.701 -0.305 -0.952 0. -128.977 0. 0. 1. 0.
-0.952 0.305 0. 94.698 -0.305 -0.952 0. -128.978 0. 0. 1. 0.
-0.952 0.305 0. 94.695 -0.305 -0.952 0. -128.978 0. 0. 1. 0.
-0.952 0.305 0. 94.693 -0.305 -0.952 0. -128.979 0. 0. 1. 0.
-0.952 0.305 0. 94.690 -0.305 -0.952 0. -128.980 0. 0. 1. 0.
-0.952 0.305 0. 94.688 -0.305 -0.952 0. -128.981 0. 0. 1. 0.
-0.952 0.305 0. 94.685 -0.305 -0.952 0. -128.982 0. 0. 1. 0.
-0.952 0.305 0. 94.683 -0.305 -0.952 0. -128.982 0. 0. 1. 0.
-0.952 0.305 0. 94.680 -0.305 -0.952 0. -128.983 0. 0. 1. 0.
-0.952 0.305 0. 94.677 -0.305 -0.952 0. -128.984 0. 0. 1. 0.
-0.952 0.305 0. 94.675 -0.305 -0.952 0. -128.985 0. 0. 1. 0.
-0.952 0.305 0. 94.672 -0.305 -0.952 0. -128.986 0. 0. 1. 0.
-0.952 0.305 0. 94.670 -0.305 -0.952 0. -128.986 0. 0. 1. 0.
-0.952 0.305 0. 94.667 -0.305 -0.952 0. -128.987 0. 0. 1. 0.
-0.952 0.305 0. 94.665 -0.305 -0.952 0. -128.988 0. 0. 1. 0.
-0.952 0.305 0. 94.662 -0.305 -0.952 0. -128.989 0. 0. 1. 0.
-0.952 0.305 0. 94.660 -0.305 -0.952 0. -128.989 0. 0. 1. 0.
-0.952 0.305 0. 94.657 -0.305 -0.952 0. -128.990 0. 0. 1. 0.
-0.952 0.305 0. 94.655 -0.305 -0.952 0. -128.991 0. 0. 1. 0.
-0.952 0.305 0. 94.652 -0.305 -0.952 0. -128.992 0. 0. 1. 0.
-0.952 0.305 0. 94.649 -0.305 -0.952 0. -128.993 0. 0. 1. 0.
-0.952 0.305 0. 94.647 -0.305 -0.952 0. -128.994 0. 0. 1. 0.
-0.952 0.305 0. 94.644 -0.305 -0.952 0. -128.994 0. 0. 1. 0.
-0.952 0.305 0. 94.642 -0.305 -0.952 0. -128.995 0. 0. 1. 0.
-0.952 0.305 0. 94.638 -0.305 -0.952 0. -128.996 0. 0. 1. 0.
-0.952 0.305 0. 94.636 -0.305 -0.952 0. -128.997 0. 0. 1. 0.
-0.952 0.305 0. 94.633 -0.305 -0.952 0. -128.998 0. 0. 1. 0.
-0.952 0.305 0. 94.631 -0.305 -0.952 0. -128.998 0. 0. 1. 0.
-0.952 0.305 0. 94.628 -0.305 -0.952 0. -128.999 0. 0. 1. 0.
-0.952 0.305 0. 94.626 -0.305 -0.952 0. -129. 0. 0. 1. 0.
-0.952 0.305 0. 94.623 -0.305 -0.952 0. -129.001 0. 0. 1. 0.
-0.952 0.305 0. 94.621 -0.305 -0.952 0. -129.002 0. 0. 1. 0.
-0.952 0.305 0. 94.618 -0.305 -0.952 0. -129.002 0. 0. 1. 0.
-0.952 0.305 0. 94.616 -0.305 -0.952 0. -129.003 0. 0. 1. 0.
-0.952 0.305 0. 94.613 -0.305 -0.952 0. -129.004 0. 0. 1. 0.
-0.952 0.305 0. 94.610 -0.305 -0.952 0. -129.005 0. 0. 1. 0.
-0.952 0.305 0. 94.608 -0.305 -0.952 0. -129.005 0. 0. 1. 0.
-0.952 0.305 0. 94.605 -0.305 -0.952 0. -129.006 0. 0. 1. 0.
-0.952 0.305 0. 94.603 -0.305 -0.952 0. -129.007 0. 0. 1. 0.
-0.952 0.305 0. 94.600 -0.305 -0.952 0. -129.008 0. 0. 1. 0.
-0.952 0.305 0. 94.598 -0.305 -0.952 0. -129.008 0. 0. 1. 0.
-0.953 0.305 0. 94.595 -0.305 -0.953 0. -129.009 0. 0. 1. 0.
-0.953 0.304 0. 94.593 -0.304 -0.953 0. -129.010 0. 0. 1. 0.
