0.966 0.260 0. -6.052 0.260 -0.966 0. 0.054 0. 0. -1. 0.
0.966 0.260 0. -6.052 0.260 -0.966 0. 0.054 0. 0. -1. 0.
0.966 0.260 0. -6.052 0.260 -0.966 0. 0.053 0. 0. -1. 0.
0.966 0.260 0. -6.052 0.260 -0.966 0. 0.054 0. 0. -1. 0.
0.966 0.260 0. -6.052 0.260 -0.966 0. 0.054 0. 0. -1. 0.
0.966 0.260 0. -6.052 0.260 -0.966 0. 0.054 0. 0. -1. 0.
0.966 0.260 0. -6.052 0.260 -0.966 0. 0.054 0. 0. -1. 0.
0.966 0.260 0. -6.052 0.260 -0.966 0. 0.054 0. 0. -1. 0.
0.966 0.260 0. -6.052 0.260 -0.966 0. 0.054 0. 0. -1. 0.
0.966 0.260 0. -6.052 0.260 -0.966 0. 0.054 0. 0. -1. 0.
0.966 0.260 0. -6.052 0.260 -0.966 0. 0.054 0. 0. -1. 0.
0.966 0.260 0. -6.053 0.260 -0.966 0. 0.053 0. 0. -1. 0.
0.966 0.260 0. -6.049 0.260 -0.966 0. 0.054 0. 0. -1. 0.
0.966 0.260 0. -6.035 0.260 -0.966 0. 0.056 0. 0. -1. 0.
0.966 0.259 0. -6.007 0.259 -0.966 0. 0.062 0. 0. -1. 0.
0.966 0.259 0. -5.975 0.259 -0.966 0. 0.068 0. 0. -1. 0.
0.966 0.258 0. -5.937 0.258 -0.966 0. 0.076 0. 0. -1. 0.
0.967 0.256 0. -5.893 0.256 -0.967 0. 0.085 0. 0. -1. 0.
0.967 0.253 0. -5.841 0.253 -0.967 0. 0.097 0. 0. -1. 0.
0.968 0.250 0. -5.778 0.250 -0.968 0. 0.111 0. 0. -1. 0.
0.969 0.245 0. -5.706 0.245 -0.969 0. 0.125 0. 0. -1. 0.
0.971 0.240 0. -5.630 0.240 -0.971 0. 0.137 0. 0. -1. 0.
0.972 0.234 0. -5.548 0.234 -0.972 0. 0.150 0. 0. -1. 0.
0.974 0.226 0. -5.451 0.226 -0.974 0. 0.167 0. 0. -1. 0.
0.976 0.217 0. -5.333 0.217 -0.976 0. 0.188 0. 0. -1. 0.
0.978 0.206 0. -5.192 0.206 -0.978 0. 0.211 0. 0. -1. 0.
0.981 0.194 0. -5.037 0.194 -0.981 0. 0.234 0. 0. -1. 0.
0.983 0.183 0. -4.862 0.183 -0.983 0. 0.252 0. 0. -1. 0.
0.985 0.172 0. -4.671 0.172 -0.985 0. 0.269 0. 0. -1. 0.
0.987 0.159 0. -4.465 0.159 -0.987 0. 0.290 0. 0. -1. 0.
0.989 0.145 0. -4.238 0.145 -0.989 0. 0.315 0. 0. -1. 0.
0.992 0.129 0. -3.988 0.129 -0.992 0. 0.346 0. 0. -1. 0.
0.994 0.110 0. -3.712 0.110 -0.994 0. 0.359 0. 0. -1. 0.
0.996 0.089 0. -3.403 0.089 -0.996 0. 0.364 0. 0. -1. 0.
0.998 0.067 0. -3.038 0.067 -0.998 0. 0.372 0. 0. -1. 0.
0.999 0.047 0. -2.616 0.047 -0.999 0. 0.372 0. 0. -1. 0.
0.999 0.032 0. -2.134 0.032 -0.999 0. 0.370 0. 0. -1. 0.
1.000 0.022 0. -1.598 0.022 -1.000 0. 0.374 0. 0. -1. 0.
1.000 0.016 0. -1.005 0.016 -1.000 0. 0.368 0. 0. -1. 0.
1. 0.012 0. -0.361 0.012 -1. 0. 0.362 0. 0. -1. 0.
1. 0.011 0. 0.332 0.011 -1. 0. 0.357 0. 0. -1. 0.
1. 0.013 0. 1.071 0.013 -1. 0. 0.355 0. 0. -1. 0.
1.000 0.016 0. 1.847 0.016 -1.000 0. 0.354 0. 0. -1. 0.
1.000 0.022 0. 2.664 0.022 -1.000 0. 0.364 0. 0. -1. 0.
1.000 0.030 0. 3.518 0.030 -1.000 0. 0.387 0. 0. -1. 0.
0.999 0.045 0. 4.405 0.045 -0.999 0. 0.408 0. 0. -1. 0.
0.998 0.064 0. 5.300 0.064 -0.998 0. 0.463 0. 0. -1. 0.
0.997 0.082 0. 6.219 0.082 -0.997 0. 0.539 0. 0. -1. 0.
0.995 0.098 0. 7.183 0.098 -0.995 0. 0.612 0. 0. -1. 0.
0.994 0.109 0. 8.180 0.109 -0.994 0. 0.722 0. 0. -1. 0.
0.993 0.120 0. 9.216 0.120 -0.993 0. 0.822 0. 0. -1. 0.
0.992 0.128 0. 10.300 0.128 -0.992 0. 0.946 0. 0. -1. 0.
0.991 0.135 0. 11.451 0.135 -0.991 0. 1.080 0. 0. -1. 0.
0.990 0.141 0. 12.695 0.141 -0.990 0. 1.235 0. 0. -1. 0.
0.989 0.145 0. 13.946 0.145 -0.989 0. 1.405 0. 0. -1. 0.
0.989 0.148 0. 15.257 0.148 -0.989 0. 1.564 0. 0. -1. 0.
0.989 0.149 0. 16.684 0.149 -0.989 0. 1.767 0. 0. -1. 0.
0.989 0.148 0. 18.149 0.148 -0.989 0. 1.947 0. 0. -1. 0.
0.989 0.151 0. 19.679 0.151 -0.989 0. 2.141 0. 0. -1. 0.
0.987 0.159 0. 21.269 0.159 -0.987 0. 2.358 0. 0. -1. 0.
0.985 0.171 0. 22.862 0.171 -0.985 0. 2.595 0. 0. -1. 0.
0.983 0.181 0. 24.416 0.181 -0.983 0. 2.850 0. 0. -1. 0.
0.982 0.189 0. 25.959 0.189 -0.982 0. 3.110 0. 0. -1. 0.
0.981 0.194 0. 27.506 0.194 -0.981 0. 3.376 0. 0. -1. 0.
0.980 0.198 0. 29.043 0.198 -0.980 0. 3.633 0. 0. -1. 0.
0.980 0.200 0. 30.644 0.200 -0.980 0. 3.928 0. 0. -1. 0.
0.979 0.204 0. 32.218 0.204 -0.979 0. 4.237 0. 0. -1. 0.
0.979 0.206 0. 33.793 0.206 -0.979 0. 4.534 0. 0. -1. 0.
0.977 0.212 0. 35.444 0.212 -0.977 0. 4.897 0. 0. -1. 0.
0.976 0.218 0. 37.077 0.218 -0.976 0. 5.176 0. 0. -1. 0.
0.975 0.222 0. 38.677 0.222 -0.975 0. 5.540 0. 0. -1. 0.
0.975 0.223 0. 40.376 0.223 -0.975 0. 5.879 0. 0. -1. 0.
0.975 0.224 0. 42.086 0.224 -0.975 0. 6.240 0. 0. -1. 0.
0.974 0.225 0. 43.808 0.225 -0.974 0. 6.591 0. 0. -1. 0.
0.974 0.226 0. 45.578 0.226 -0.974 0. 6.961 0. 0. -1. 0.
0.974 0.227 0. 47.350 0.227 -0.974 0. 7.342 0. 0. -1. 0.
0.974 0.227 0. 49.148 0.227 -0.974 0. 7.727 0. 0. -1. 0.
0.974 0.227 0. 50.997 0.227 -0.974 0. 8.095 0. 0. -1. 0.
0.973 0.230 0. 52.828 0.230 -0.973 0. 8.484 0. 0. -1. 0.
0.972 0.236 0. 54.683 0.236 -0.972 0. 8.877 0. 0. -1. 0.
0.970 0.241 0. 56.565 0.241 -0.970 0. 9.299 0. 0. -1. 0.
0.969 0.246 0. 58.437 0.246 -0.969 0. 9.723 0. 0. -1. 0.
0.968 0.250 0. 60.302 0.250 -0.968 0. 10.173 0. 0. -1. 0.
0.967 0.255 0. 62.165 0.255 -0.967 0. 10.623 0. 0. -1. 0.
0.966 0.259 0. 64.013 0.259 -0.966 0. 11.082 0. 0. -1. 0.
0.965 0.262 0. 65.858 0.262 -0.965 0. 11.532 0. 0. -1. 0.
0.964 0.266 0. 67.687 0.266 -0.964 0. 11.991 0. 0. -1. 0.
0.963 0.270 0. 69.519 0.270 -0.963 0. 12.460 0. 0. -1. 0.
0.964 0.267 0. 71.357 0.267 -0.964 0. 12.944 0. 0. -1. 0.
0.966 0.258 0. 73.203 0.258 -0.966 0. 13.405 0. 0. -1. 0.
0.970 0.242 0. 75.058 0.242 -0.970 0. 13.844 0. 0. -1. 0.
0.976 0.216 0. 76.906 0.216 -0.976 0. 14.243 0. 0. -1. 0.
0.983 0.182 0. 78.789 0.182 -0.983 0. 14.583 0. 0. -1. 0.
0.989 0.150 0. 80.685 0.150 -0.989 0. 14.846 0. 0. -1. 0.
0.993 0.116 0. 82.571 0.116 -0.993 0. 15.056 0. 0. -1. 0.
0.997 0.073 0. 84.442 0.073 -0.997 0. 15.194 0. 0. -1. 0.
1.000 0.026 0. 86.335 0.026 -1.000 0. 15.227 0. 0. -1. 0.
1.000 -0.023 0. 88.219 -0.023 -1.000 -0. 15.175 0. 0. -1. 0.
0.997 -0.071 0. 90.075 -0.071 -0.997 -0. 15.030 0. 0. -1. 0.
0.993 -0.120 0. 91.896 -0.120 -0.993 -0. 14.799 0. 0. -1. 0.
0.986 -0.169 0. 93.723 -0.169 -0.986 -0. 14.481 0. 0. -1. 0.
0.975 -0.222 0. 95.503 -0.222 -0.975 -0. 14.069 0. 0. -1. 0.
0.962 -0.273 0. 97.270 -0.273 -0.962 -0. 13.553 0. 0. -1. 0.
0.946 -0.324 0. 98.998 -0.324 -0.946 -0. 12.969 0. 0. -1. 0.
0.924 -0.382 0. 100.704 -0.382 -0.924 -0. 12.270 0. 0. -1. 0.
0.896 -0.444 0. 102.326 -0.444 -0.896 -0. 11.470 0. 0. -1. 0.
0.862 -0.506 0. 103.856 -0.506 -0.862 -0. 10.564 0. 0. -1. 0.
0.824 -0.567 0. 105.322 -0.567 -0.824 -0. 9.546 0. 0. -1. 0.
0.780 -0.626 0. 106.713 -0.626 -0.780 -0. 8.442 0. 0. -1. 0.
0.735 -0.678 0. 107.989 -0.678 -0.735 -0. 7.262 0. 0. -1. 0.
0.691 -0.722 0. 109.178 -0.722 -0.691 -0. 5.989 0. 0. -1. 0.
0.656 -0.755 0. 110.300 -0.755 -0.656 -0. 4.662 0. 0. -1. 0.
0.628 -0.778 0. 111.344 -0.778 -0.628 -0. 3.318 0. 0. -1. 0.
0.606 -0.796 0. 112.360 -0.796 -0.606 -0. 1.960 0. 0. -1. 0.
0.588 -0.809 0. 113.331 -0.809 -0.588 -0. 0.594 0. 0. -1. 0.
0.574 -0.819 0. 114.286 -0.819 -0.574 -0. -0.785 0. 0. -1. 0.
0.561 -0.828 0. 115.215 -0.828 -0.561 -0. -2.181 0. 0. -1. 0.
0.554 -0.832 0. 116.115 -0.832 -0.554 -0. -3.596 0. 0. -1. 0.
0.554 -0.832 0. 117.017 -0.832 -0.554 -0. -5.007 0. 0. -1. 0.
0.557 -0.830 0. 117.920 -0.830 -0.557 -0. -6.421 0. 0. -1. 0.
0.562 -0.827 0. 118.835 -0.827 -0.562 -0. -7.836 0. 0. -1. 0.
0.570 -0.821 0. 119.763 -0.821 -0.570 -0. -9.235 0. 0. -1. 0.
0.579 -0.815 0. 120.701 -0.815 -0.579 -0. -10.630 0. 0. -1. 0.
0.589 -0.808 0. 121.672 -0.808 -0.589 -0. -12.010 0. 0. -1. 0.
0.600 -0.800 0. 122.614 -0.800 -0.600 -0. -13.339 0. 0. -1. 0.
0.612 -0.791 0. 123.555 -0.791 -0.612 -0. -14.598 0. 0. -1. 0.
0.624 -0.781 0. 124.459 -0.781 -0.624 -0. -15.789 0. 0. -1. 0.
0.636 -0.772 0. 125.310 -0.772 -0.636 -0. -16.865 0. 0. -1. 0.
0.646 -0.763 0. 126.089 -0.763 -0.646 -0. -17.808 0. 0. -1. 0.
0.656 -0.754 0. 126.754 -0.754 -0.656 -0. -18.630 0. 0. -1. 0.
0.664 -0.748 0. 127.356 -0.748 -0.664 -0. -19.309 0. 0. -1. 0.
0.671 -0.741 0. 127.866 -0.741 -0.671 -0. -19.886 0. 0. -1. 0.
0.677 -0.736 0. 128.287 -0.736 -0.677 -0. -20.352 0. 0. -1. 0.
0.681 -0.732 0. 128.596 -0.732 -0.681 -0. -20.731 0. 0. -1. 0.
0.685 -0.728 0. 128.911 -0.728 -0.685 -0. -21.066 0. 0. -1. 0.
0.689 -0.725 0. 129.246 -0.725 -0.689 -0. -21.387 0. 0. -1. 0.
0.691 -0.722 0. 129.535 -0.722 -0.691 -0. -21.730 0. 0. -1. 0.
0.694 -0.720 0. 129.859 -0.720 -0.694 -0. -22.050 0. 0. -1. 0.
0.696 -0.718 0. 130.196 -0.718 -0.696 -0. -22.423 0. 0. -1. 0.
0.698 -0.716 0. 130.591 -0.716 -0.698 -0. -22.871 0. 0. -1. 0.
0.700 -0.714 0. 131.093 -0.714 -0.700 -0. -23.354 0. 0. -1. 0.
0.701 -0.713 0. 131.630 -0.713 -0.701 -0. -23.943 0. 0. -1. 0.
0.702 -0.712 0. 132.242 -0.712 -0.702 -0. -24.595 0. 0. -1. 0.
0.703 -0.711 0. 132.926 -0.711 -0.703 -0. -25.315 0. 0. -1. 0.
0.704 -0.710 0. 133.653 -0.710 -0.704 -0. -26.081 0. 0. -1. 0.
0.706 -0.708 0. 134.430 -0.708 -0.706 -0. -26.891 0. 0. -1. 0.
0.709 -0.705 0. 135.262 -0.705 -0.709 -0. -27.765 0. 0. -1. 0.
0.712 -0.702 0. 136.164 -0.702 -0.712 -0. -28.679 0. 0. -1. 0.
0.719 -0.695 0. 137.074 -0.695 -0.719 -0. -29.615 0. 0. -1. 0.
0.728 -0.685 0. 138.024 -0.685 -0.728 -0. -30.551 0. 0. -1. 0.
0.740 -0.673 0. 139.020 -0.673 -0.740 -0. -31.490 0. 0. -1. 0.
0.755 -0.656 0. 140.034 -0.656 -0.755 -0. -32.422 0. 0. -1. 0.
0.775 -0.632 0. 141.084 -0.632 -0.775 -0. -33.327 0. 0. -1. 0.
0.803 -0.596 0. 142.156 -0.596 -0.803 -0. -34.166 0. 0. -1. 0.
0.829 -0.559 0. 143.256 -0.559 -0.829 -0. -34.944 0. 0. -1. 0.
0.856 -0.517 0. 144.390 -0.517 -0.856 -0. -35.670 0. 0. -1. 0.
0.886 -0.464 0. 145.530 -0.464 -0.886 -0. -36.313 0. 0. -1. 0.
0.921 -0.389 0. 146.664 -0.389 -0.921 -0. -36.830 0. 0. -1. 0.
0.954 -0.301 0. 147.805 -0.301 -0.954 -0. -37.212 0. 0. -1. 0.
0.980 -0.200 0. 148.925 -0.200 -0.980 -0. -37.463 0. 0. -1. 0.
0.997 -0.079 0. 150.038 -0.079 -0.997 -0. -37.601 0. 0. -1. 0.
0.999 0.052 0. 151.125 0.052 -0.999 0. -37.559 0. 0. -1. 0.
0.981 0.194 0. 152.152 0.194 -0.981 0. -37.386 0. 0. -1. 0.
0.943 0.334 0. 153.126 0.334 -0.943 0. -37.053 0. 0. -1. 0.
0.878 0.478 0. 154.009 0.478 -0.878 0. -36.598 0. 0. -1. 0.
0.788 0.615 0. 154.781 0.615 -0.788 0. -36.006 0. 0. -1. 0.
0.671 0.741 0. 155.410 0.741 -0.671 0. -35.306 0. 0. -1. 0.
0.531 0.847 0. 155.904 0.847 -0.531 0. -34.526 0. 0. -1. 0.
0.372 0.928 0. 156.239 0.928 -0.372 0. -33.666 0. 0. -1. 0.
0.200 0.980 0. 156.411 0.980 -0.200 0. -32.784 0. 0. -1. 0.
0.024 1.000 0. 156.438 1.000 -0.024 0. -31.893 0. 0. -1. 0.
-0.155 0.988 0. 156.300 0.988 0.155 0. -31.009 0. 0. -1. 0.
-0.327 0.945 0. 156. 0.945 0.327 0. -30.157 0. 0. -1. 0.
-0.491 0.871 0. 155.534 0.871 0.491 0. -29.362 0. 0. -1. 0.
-0.633 0.774 0. 154.948 0.774 0.633 0. -28.632 0. 0. -1. 0.
-0.749 0.662 0. 154.229 0.662 0.749 0. -27.992 0. 0. -1. 0.
-0.840 0.543 0. 153.399 0.543 0.840 0. -27.477 0. 0. -1. 0.
-0.908 0.420 0. 152.512 0.420 0.908 0. -27.041 0. 0. -1. 0.
-0.952 0.307 0. 151.552 0.307 0.952 0. -26.725 0. 0. -1. 0.
-0.978 0.211 0. 150.544 0.211 0.978 0. -26.518 0. 0. -1. 0.
-0.991 0.135 0. 149.501 0.135 0.991 0. -26.329 0. 0. -1. 0.
-0.997 0.083 0. 148.414 0.083 0.997 0. -26.239 0. 0. -1. 0.
-0.999 0.053 0. 147.312 0.053 0.999 0. -26.167 0. 0. -1. 0.
-0.999 0.033 0. 146.168 0.033 0.999 0. -26.089 0. 0. -1. 0.
-1.000 0.028 0. 144.973 0.028 1.000 0. -26.072 0. 0. -1. 0.
-0.999 0.051 0. 143.765 0.051 0.999 0. -25.994 0. 0. -1. 0.
-0.995 0.098 0. 142.537 0.098 0.995 0. -25.850 0. 0. -1. 0.
-0.988 0.156 0. 141.278 0.156 0.988 0. -25.632 0. 0. -1. 0.
-0.976 0.219 0. 139.985 0.219 0.976 0. -25.315 0. 0. -1. 0.
-0.960 0.280 0. 138.665 0.280 0.960 0. -24.908 0. 0. -1. 0.
-0.940 0.341 0. 137.322 0.341 0.940 0. -24.409 0. 0. -1. 0.
-0.916 0.401 0. 135.959 0.401 0.916 0. -23.798 0. 0. -1. 0.
-0.888 0.459 0. 134.596 0.459 0.888 0. -23.085 0. 0. -1. 0.
-0.860 0.511 0. 133.248 0.511 0.860 0. -22.267 0. 0. -1. 0.
-0.831 0.556 0. 131.911 0.556 0.831 0. -21.337 0. 0. -1. 0.
-0.803 0.597 0. 130.616 0.597 0.803 0. -20.334 0. 0. -1. 0.
-0.777 0.630 0. 129.340 0.630 0.777 0. -19.256 0. 0. -1. 0.
-0.758 0.653 0. 128.067 0.653 0.758 0. -18.125 0. 0. -1. 0.
-0.738 0.675 0. 126.832 0.675 0.738 0. -16.985 0. 0. -1. 0.
-0.717 0.697 0. 125.619 0.697 0.717 0. -15.799 0. 0. -1. 0.
-0.695 0.719 0. 124.458 0.719 0.695 0. -14.553 0. 0. -1. 0.
-0.675 0.737 0. 123.343 0.737 0.675 0. -13.301 0. 0. -1. 0.
-0.659 0.752 0. 122.289 0.752 0.659 0. -12.025 0. 0. -1. 0.
-0.645 0.764 0. 121.237 0.764 0.645 0. -10.726 0. 0. -1. 0.
-0.628 0.778 0. 120.209 0.778 0.628 0. -9.415 0. 0. -1. 0.
-0.605 0.796 0. 119.227 0.796 0.605 0. -8.067 0. 0. -1. 0.
-0.582 0.813 0. 118.262 0.813 0.582 0. -6.670 0. 0. -1. 0.
-0.563 0.826 0. 117.325 0.826 0.563 0. -5.236 0. 0. -1. 0.
-0.549 0.836 0. 116.397 0.836 0.549 0. -3.762 0. 0. -1. 0.
-0.540 0.841 0. 115.472 0.841 0.540 0. -2.268 0. 0. -1. 0.
-0.541 0.841 0. 114.552 0.841 0.541 0. -0.764 0. 0. -1. 0.
-0.552 0.834 0. 113.609 0.834 0.552 0. 0.729 0. 0. -1. 0.
-0.573 0.820 0. 112.638 0.820 0.573 0. 2.213 0. 0. -1. 0.
-0.604 0.797 0. 111.614 0.797 0.604 0. 3.672 0. 0. -1. 0.
-0.642 0.767 0. 110.514 0.767 0.642 0. 5.088 0. 0. -1. 0.
-0.682 0.732 0. 109.330 0.732 0.682 0. 6.469 0. 0. -1. 0.
-0.721 0.693 0. 108.067 0.693 0.721 0. 7.755 0. 0. -1. 0.
-0.762 0.647 0. 106.749 0.647 0.762 0. 8.979 0. 0. -1. 0.
-0.803 0.595 0. 105.318 0.595 0.803 0. 10.122 0. 0. -1. 0.
-0.841 0.541 0. 103.841 0.541 0.841 0. 11.170 0. 0. -1. 0.
-0.875 0.485 0. 102.286 0.485 0.875 0. 12.118 0. 0. -1. 0.
-0.904 0.427 0. 100.656 0.427 0.904 0. 12.961 0. 0. -1. 0.
-0.930 0.369 0. 98.979 0.369 0.930 0. 13.700 0. 0. -1. 0.
-0.950 0.311 0. 97.267 0.311 0.950 0. 14.329 0. 0. -1. 0.
-0.968 0.252 0. 95.517 0.252 0.968 0. 14.841 0. 0. -1. 0.
-0.981 0.193 0. 93.731 0.193 0.981 0. 15.264 0. 0. -1. 0.
-0.991 0.134 0. 91.893 0.134 0.991 0. 15.569 0. 0. -1. 0.
-0.997 0.075 0. 90.055 0.075 0.997 0. 15.780 0. 0. -1. 0.
-1.000 0.017 0. 88.162 0.017 1.000 0. 15.878 0. 0. -1. 0.
-0.999 -0.039 0. 86.239 -0.039 0.999 0. 15.862 -0. 0. -1. 0.
-0.996 -0.092 0. 84.323 -0.092 0.996 0. 15.752 -0. 0. -1. 0.
-0.990 -0.139 0. 82.406 -0.139 0.990 0. 15.529 -0. 0. -1. 0.
-0.985 -0.175 0. 80.486 -0.175 0.985 0. 15.241 -0. 0. -1. 0.
-0.979 -0.202 0. 78.542 -0.202 0.979 0. 14.899 -0. 0. -1. 0.
-0.976 -0.218 0. 76.617 -0.218 0.976 0. 14.485 -0. 0. -1. 0.
-0.974 -0.229 0. 74.679 -0.229 0.974 0. 14.079 -0. 0. -1. 0.
-0.971 -0.237 0. 72.708 -0.237 0.971 0. 13.641 -0. 0. -1. 0.
-0.970 -0.244 0. 70.733 -0.244 0.970 0. 13.192 -0. 0. -1. 0.
-0.968 -0.251 0. 68.742 -0.251 0.968 0. 12.719 -0. 0. -1. 0.
-0.966 -0.258 0. 66.734 -0.258 0.966 0. 12.235 -0. 0. -1. 0.
-0.965 -0.264 0. 64.727 -0.264 0.965 0. 11.722 -0. 0. -1. 0.
-0.964 -0.267 0. 62.697 -0.267 0.964 0. 11.191 -0. 0. -1. 0.
-0.962 -0.271 0. 60.657 -0.271 0.962 0. 10.659 -0. 0. -1. 0.
-0.961 -0.278 0. 58.599 -0.278 0.961 0. 10.122 -0. 0. -1. 0.
-0.957 -0.289 0. 56.576 -0.289 0.957 0. 9.575 -0. 0. -1. 0.
-0.954 -0.299 0. 54.549 -0.299 0.954 0. 9.003 -0. 0. -1. 0.
-0.953 -0.303 0. 52.554 -0.303 0.953 0. 8.407 -0. 0. -1. 0.
-0.955 -0.296 0. 50.566 -0.296 0.955 0. 7.822 -0. 0. -1. 0.
-0.957 -0.291 0. 48.580 -0.291 0.957 0. 7.252 -0. 0. -1. 0.
-0.959 -0.284 0. 46.619 -0.284 0.959 0. 6.700 -0. 0. -1. 0.
-0.961 -0.277 0. 44.656 -0.277 0.961 0. 6.166 -0. 0. -1. 0.
-0.963 -0.270 0. 42.712 -0.270 0.963 0. 5.662 -0. 0. -1. 0.
-0.965 -0.261 0. 40.765 -0.261 0.965 0. 5.167 -0. 0. -1. 0.
-0.968 -0.252 0. 38.825 -0.252 0.968 0. 4.677 -0. 0. -1. 0.
-0.971 -0.240 0. 36.901 -0.240 0.971 0. 4.231 -0. 0. -1. 0.
-0.974 -0.227 0. 34.927 -0.227 0.974 0. 3.817 -0. 0. -1. 0.
-0.977 -0.213 0. 32.955 -0.213 0.977 0. 3.434 -0. 0. -1. 0.
-0.979 -0.202 0. 30.992 -0.202 0.979 0. 3.059 -0. 0. -1. 0.
-0.982 -0.188 0. 28.953 -0.188 0.982 0. 2.726 -0. 0. -1. 0.
-0.984 -0.178 0. 26.980 -0.178 0.984 0. 2.396 -0. 0. -1. 0.
-0.986 -0.168 0. 24.980 -0.168 0.986 0. 2.111 -0. 0. -1. 0.
-0.987 -0.160 0. 22.959 -0.160 0.987 0. 1.832 -0. 0. -1. 0.
-0.988 -0.152 0. 20.936 -0.152 0.988 0. 1.568 -0. 0. -1. 0.
-0.990 -0.144 0. 18.904 -0.144 0.990 0. 1.306 -0. 0. -1. 0.
-0.991 -0.137 0. 16.863 -0.137 0.991 0. 1.049 -0. 0. -1. 0.
-0.991 -0.131 0. 14.802 -0.131 0.991 0. 0.799 -0. 0. -1. 0.
-0.992 -0.127 0. 12.774 -0.127 0.992 0. 0.571 -0. 0. -1. 0.
-0.992 -0.125 0. 10.691 -0.125 0.992 0. 0.336 -0. 0. -1. 0.
-0.992 -0.125 0. 8.642 -0.125 0.992 0. 0.111 -0. 0. -1. 0.
-0.992 -0.124 0. 6.602 -0.124 0.992 0. -0.113 -0. 0. -1. 0.
-0.992 -0.123 0. 4.625 -0.123 0.992 0. -0.321 -0. 0. -1. 0.
-0.992 -0.127 0. 2.681 -0.127 0.992 0. -0.535 -0. 0. -1. 0.
-0.991 -0.136 0. 0.832 -0.136 0.991 0. -0.769 -0. 0. -1. 0.
-0.990 -0.144 0. -0.921 -0.144 0.990 0. -0.996 -0. 0. -1. 0.
-0.988 -0.152 0. -2.606 -0.152 0.988 0. -1.224 -0. 0. -1. 0.
-0.987 -0.159 0. -4.180 -0.159 0.987 0. -1.447 -0. 0. -1. 0.
-0.986 -0.165 0. -5.649 -0.165 0.986 0. -1.661 -0. 0. -1. 0.
-0.986 -0.167 0. -7.015 -0.167 0.986 0. -1.864 -0. 0. -1. 0.
-0.986 -0.167 0. -8.249 -0.167 0.986 0. -2.037 -0. 0. -1. 0.
-0.986 -0.167 0. -9.379 -0.167 0.986 0. -2.226 -0. 0. -1. 0.
-0.986 -0.169 0. -10.404 -0.169 0.986 0. -2.386 -0. 0. -1. 0.
-0.985 -0.171 0. -11.328 -0.171 0.985 0. -2.529 -0. 0. -1. 0.
-0.985 -0.171 0. -12.176 -0.171 0.985 0. -2.679 -0. 0. -1. 0.
-0.984 -0.179 0. -12.990 -0.179 0.984 0. -2.823 -0. 0. -1. 0.
-0.983 -0.183 0. -13.702 -0.183 0.983 0. -2.933 -0. 0. -1. 0.
-0.983 -0.186 0. -14.344 -0.186 0.983 0. -3.040 -0. 0. -1. 0.
-0.982 -0.190 0. -14.872 -0.190 0.982 0. -3.141 -0. 0. -1. 0.
-0.981 -0.193 0. -15.293 -0.193 0.981 0. -3.217 -0. 0. -1. 0.
-0.981 -0.195 0. -15.606 -0.195 0.981 0. -3.273 -0. 0. -1. 0.
-0.980 -0.197 0. -15.838 -0.197 0.980 0. -3.309 -0. 0. -1. 0.
-0.980 -0.199 0. -16.064 -0.199 0.980 0. -3.353 -0. 0. -1. 0.
-0.980 -0.200 0. -16.328 -0.200 0.980 0. -3.401 -0. 0. -1. 0.
-0.979 -0.202 0. -16.618 -0.202 0.979 0. -3.454 -0. 0. -1. 0.
-0.979 -0.204 0. -16.968 -0.204 0.979 0. -3.522 -0. 0. -1. 0.
-0.979 -0.205 0. -17.470 -0.205 0.979 0. -3.615 -0. 0. -1. 0.
-0.978 -0.207 0. -18.100 -0.207 0.978 0. -3.738 -0. 0. -1. 0.
-0.978 -0.209 0. -18.854 -0.209 0.978 0. -3.872 -0. 0. -1. 0.
-0.978 -0.211 0. -19.720 -0.211 0.978 0. -4.047 -0. 0. -1. 0.
-0.977 -0.213 0. -20.697 -0.213 0.977 0. -4.235 -0. 0. -1. 0.
-0.977 -0.215 0. -21.778 -0.215 0.977 0. -4.432 -0. 0. -1. 0.
-0.976 -0.217 0. -22.953 -0.217 0.976 0. -4.673 -0. 0. -1. 0.
-0.976 -0.217 0. -24.212 -0.217 0.976 0. -4.912 -0. 0. -1. 0.
-0.976 -0.217 0. -25.527 -0.217 0.976 0. -5.159 -0. 0. -1. 0.
-0.976 -0.219 0. -26.928 -0.219 0.976 0. -5.439 -0. 0. -1. 0.
-0.975 -0.223 0. -28.397 -0.223 0.975 0. -5.752 -0. 0. -1. 0.
-0.974 -0.226 0. -29.921 -0.226 0.974 0. -6.083 -0. 0. -1. 0.
-0.974 -0.228 0. -31.491 -0.228 0.974 0. -6.435 -0. 0. -1. 0.
-0.973 -0.229 0. -33.135 -0.229 0.973 0. -6.801 -0. 0. -1. 0.
-0.973 -0.232 0. -34.843 -0.232 0.973 0. -7.181 -0. 0. -1. 0.
-0.972 -0.234 0. -36.562 -0.234 0.972 0. -7.569 -0. 0. -1. 0.
-0.971 -0.237 0. -38.320 -0.237 0.971 0. -7.964 -0. 0. -1. 0.
-0.971 -0.239 0. -40.166 -0.239 0.971 0. -8.390 -0. 0. -1. 0.
-0.971 -0.240 0. -42.041 -0.240 0.971 0. -8.819 -0. 0. -1. 0.
-0.970 -0.242 0. -43.944 -0.242 0.970 0. -9.239 -0. 0. -1. 0.
-0.970 -0.243 0. -45.895 -0.243 0.970 0. -9.685 -0. 0. -1. 0.
-0.970 -0.241 0. -47.802 -0.241 0.970 0. -10.118 -0. 0. -1. 0.
-0.971 -0.237 0. -49.734 -0.237 0.971 0. -10.549 -0. 0. -1. 0.
-0.974 -0.228 0. -51.674 -0.228 0.974 0. -10.962 -0. 0. -1. 0.
-0.977 -0.213 0. -53.602 -0.213 0.977 0. -11.334 -0. 0. -1. 0.
-0.982 -0.191 0. -55.498 -0.191 0.982 0. -11.687 -0. 0. -1. 0.
-0.986 -0.168 0. -57.330 -0.168 0.986 0. -11.970 -0. 0. -1. 0.
-0.990 -0.144 0. -59.061 -0.144 0.990 0. -12.200 -0. 0. -1. 0.
-0.994 -0.113 0. -60.709 -0.113 0.994 0. -12.369 -0. 0. -1. 0.
-0.998 -0.067 0. -62.284 -0.067 0.998 0. -12.470 -0. 0. -1. 0.
-1. -0.005 0. -63.786 -0.005 1. 0. -12.474 -0. 0. -1. 0.
-0.998 0.063 0. -65.175 0.063 0.998 0. -12.376 0. 0. -1. 0.
-0.991 0.137 0. -66.463 0.137 0.991 0. -12.193 0. 0. -1. 0.
-0.976 0.218 0. -67.691 0.218 0.976 0. -11.916 0. 0. -1. 0.
-0.952 0.307 0. -68.855 0.307 0.952 0. -11.533 0. 0. -1. 0.
-0.915 0.404 0. -69.952 0.404 0.915 0. -11.066 0. 0. -1. 0.
-0.868 0.496 0. -70.973 0.496 0.868 0. -10.458 0. 0. -1. 0.
-0.812 0.584 0. -71.926 0.584 0.812 0. -9.771 0. 0. -1. 0.
-0.747 0.664 0. -72.791 0.664 0.747 0. -8.988 0. 0. -1. 0.
-0.671 0.741 0. -73.583 0.741 0.671 0. -8.082 0. 0. -1. 0.
-0.589 0.808 0. -74.320 0.808 0.589 0. -7.057 0. 0. -1. 0.
-0.505 0.863 0. -74.975 0.863 0.505 0. -5.892 0. 0. -1. 0.
-0.418 0.909 0. -75.537 0.909 0.418 0. -4.630 0. 0. -1. 0.
-0.345 0.939 0. -75.992 0.939 0.345 0. -3.253 0. 0. -1. 0.
-0.301 0.954 0. -76.392 0.954 0.301 0. -1.789 0. 0. -1. 0.
-0.276 0.961 0. -76.801 0.961 0.276 0. -0.273 0. 0. -1. 0.
-0.260 0.966 0. -77.187 0.966 0.260 0. 1.307 0. 0. -1. 0.
-0.251 0.968 0. -77.560 0.968 0.251 0. 2.914 0. 0. -1. 0.
-0.250 0.968 0. -77.943 0.968 0.250 0. 4.576 0. 0. -1. 0.
-0.250 0.968 0. -78.342 0.968 0.250 0. 6.277 0. 0. -1. 0.
-0.247 0.969 0. -78.754 0.969 0.247 0. 8.000 0. 0. -1. 0.
-0.239 0.971 0. -79.141 0.971 0.239 0. 9.750 0. 0. -1. 0.
-0.229 0.973 0. -79.538 0.973 0.229 0. 11.568 0. 0. -1. 0.
-0.214 0.977 0. -79.919 0.977 0.214 0. 13.420 0. 0. -1. 0.
-0.193 0.981 0. -80.265 0.981 0.193 0. 15.334 0. 0. -1. 0.
-0.169 0.986 0. -80.590 0.986 0.169 0. 17.281 0. 0. -1. 0.
-0.134 0.991 0. -80.851 0.991 0.134 0. 19.297 0. 0. -1. 0.
-0.105 0.994 0. -81.052 0.994 0.105 0. 21.366 0. 0. -1. 0.
-0.081 0.997 0. -81.166 0.997 0.081 0. 23.424 0. 0. -1. 0.
-0.074 0.997 0. -81.278 0.997 0.074 0. 25.444 0. 0. -1. 0.
-0.067 0.998 0. -81.381 0.998 0.067 0. 27.538 0. 0. -1. 0.
-0.082 0.997 0. -81.458 0.997 0.082 0. 29.576 0. 0. -1. 0.
-0.107 0.994 0. -81.608 0.994 0.107 0. 31.526 0. 0. -1. 0.
-0.128 0.992 0. -81.817 0.992 0.128 0. 33.536 0. 0. -1. 0.
-0.151 0.989 0. -82.068 0.989 0.151 0. 35.511 0. 0. -1. 0.
-0.175 0.985 0. -82.355 0.985 0.175 0. 37.454 0. 0. -1. 0.
-0.196 0.981 0. -82.688 0.981 0.196 0. 39.364 0. 0. -1. 0.
-0.216 0.976 0. -83.050 0.976 0.216 0. 41.234 0. 0. -1. 0.
-0.233 0.972 0. -83.459 0.972 0.233 0. 43.073 0. 0. -1. 0.
-0.247 0.969 0. -83.893 0.969 0.247 0. 44.905 0. 0. -1. 0.
-0.258 0.966 0. -84.336 0.966 0.258 0. 46.702 0. 0. -1. 0.
-0.264 0.964 0. -84.770 0.964 0.264 0. 48.464 0. 0. -1. 0.
-0.266 0.964 0. -85.216 0.964 0.266 0. 50.257 0. 0. -1. 0.
-0.267 0.964 0. -85.645 0.964 0.267 0. 52.012 0. 0. -1. 0.
-0.269 0.963 0. -86.105 0.963 0.269 0. 53.777 0. 0. -1. 0.
-0.270 0.963 0. -86.549 0.963 0.270 0. 55.510 0. 0. -1. 0.
-0.271 0.963 0. -86.998 0.963 0.271 0. 57.250 0. 0. -1. 0.
-0.272 0.962 0. -87.444 0.962 0.272 0. 58.974 0. 0. -1. 0.
-0.274 0.962 0. -87.911 0.962 0.274 0. 60.663 0. 0. -1. 0.
-0.283 0.959 0. -88.347 0.959 0.283 0. 62.299 0. 0. -1. 0.
-0.306 0.952 0. -88.785 0.952 0.306 0. 63.823 0. 0. -1. 0.
-0.340 0.940 0. -89.259 0.940 0.340 0. 65.273 0. 0. -1. 0.
-0.398 0.918 0. -89.801 0.918 0.398 0. 66.634 0. 0. -1. 0.
-0.464 0.886 0. -90.435 0.886 0.464 0. 67.952 0. 0. -1. 0.
-0.544 0.839 0. -91.138 0.839 0.544 0. 69.157 0. 0. -1. 0.
-0.629 0.778 0. -91.943 0.778 0.629 0. 70.259 0. 0. -1. 0.
-0.706 0.708 0. -92.856 0.708 0.706 0. 71.237 0. 0. -1. 0.
-0.774 0.633 0. -93.827 0.633 0.774 0. 72.100 0. 0. -1. 0.
-0.833 0.554 0. -94.891 0.554 0.833 0. 72.834 0. 0. -1. 0.
-0.885 0.466 0. -96.028 0.466 0.885 0. 73.465 0. 0. -1. 0.
-0.927 0.375 0. -97.276 0.375 0.927 0. 73.971 0. 0. -1. 0.
-0.956 0.294 0. -98.567 0.294 0.956 0. 74.433 0. 0. -1. 0.
-0.976 0.218 0. -99.947 0.218 0.976 0. 74.755 0. 0. -1. 0.
-0.990 0.140 0. -101.369 0.140 0.990 0. 75.036 0. 0. -1. 0.
-0.998 0.071 0. -102.857 0.071 0.998 0. 75.159 0. 0. -1. 0.
-1.000 0.014 0. -104.392 0.014 1.000 0. 75.262 0. 0. -1. 0.
-0.999 -0.037 0. -105.965 -0.037 0.999 0. 75.245 -0. 0. -1. 0.
-0.998 -0.066 0. -107.547 -0.066 0.998 0. 75.166 -0. 0. -1. 0.
-0.996 -0.085 0. -109.112 -0.085 0.996 0. 75.059 -0. 0. -1. 0.
-0.996 -0.084 0. -110.756 -0.084 0.996 0. 74.908 -0. 0. -1. 0.
-0.998 -0.063 0. -112.397 -0.063 0.998 0. 74.843 -0. 0. -1. 0.
-1.000 -0.026 0. -114.064 -0.026 1.000 0. 74.791 -0. 0. -1. 0.
-1.000 0.029 0. -115.758 0.029 1.000 0. 74.847 0. 0. -1. 0.
-0.995 0.098 0. -117.442 0.098 0.995 0. 75.024 0. 0. -1. 0.
-0.986 0.168 0. -119.163 0.168 0.986 0. 75.336 0. 0. -1. 0.
-0.972 0.235 0. -120.866 0.235 0.972 0. 75.759 0. 0. -1. 0.
-0.954 0.299 0. -122.553 0.299 0.954 0. 76.294 0. 0. -1. 0.
-0.935 0.354 0. -124.246 0.354 0.935 0. 76.944 0. 0. -1. 0.
-0.917 0.400 0. -125.921 0.400 0.917 0. 77.680 0. 0. -1. 0.
-0.901 0.435 0. -127.609 0.435 0.901 0. 78.510 0. 0. -1. 0.
-0.887 0.462 0. -129.312 0.462 0.887 0. 79.418 0. 0. -1. 0.
-0.875 0.483 0. -131.036 0.483 0.875 0. 80.395 0. 0. -1. 0.
-0.867 0.498 0. -132.786 0.498 0.867 0. 81.430 0. 0. -1. 0.
-0.864 0.503 0. -134.554 0.503 0.864 0. 82.503 0. 0. -1. 0.
-0.864 0.503 0. -136.357 0.503 0.864 0. 83.606 0. 0. -1. 0.
-0.865 0.503 0. -138.193 0.503 0.865 0. 84.727 0. 0. -1. 0.
-0.865 0.502 0. -140.083 0.502 0.865 0. 85.863 0. 0. -1. 0.
-0.865 0.502 0. -141.995 0.502 0.865 0. 87.025 0. 0. -1. 0.
-0.865 0.502 0. -143.882 0.502 0.865 0. 88.173 0. 0. -1. 0.
-0.863 0.506 0. -145.773 0.506 0.863 0. 89.324 0. 0. -1. 0.
-0.860 0.510 0. -147.643 0.510 0.860 0. 90.476 0. 0. -1. 0.
-0.858 0.514 0. -149.509 0.514 0.858 0. 91.627 0. 0. -1. 0.
-0.855 0.519 0. -151.337 0.519 0.855 0. 92.790 0. 0. -1. 0.
-0.853 0.522 0. -153.150 0.522 0.853 0. 93.940 0. 0. -1. 0.
-0.853 0.522 0. -154.950 0.522 0.853 0. 95.102 0. 0. -1. 0.
-0.855 0.519 0. -156.747 0.519 0.855 0. 96.255 0. 0. -1. 0.
-0.857 0.515 0. -158.565 0.515 0.857 0. 97.409 0. 0. -1. 0.
-0.859 0.513 0. -160.394 0.513 0.859 0. 98.570 0. 0. -1. 0.
-0.858 0.514 0. -162.223 0.514 0.858 0. 99.709 0. 0. -1. 0.
-0.856 0.517 0. -164.076 0.517 0.856 0. 100.891 0. 0. -1. 0.
-0.854 0.521 0. -165.917 0.521 0.854 0. 102.067 0. 0. -1. 0.
-0.853 0.522 0. -167.761 0.522 0.853 0. 103.260 0. 0. -1. 0.
-0.852 0.523 0. -169.612 0.523 0.852 0. 104.473 0. 0. -1. 0.
-0.851 0.525 0. -171.458 0.525 0.851 0. 105.681 0. 0. -1. 0.
-0.849 0.528 0. -173.336 0.528 0.849 0. 106.887 0. 0. -1. 0.
-0.846 0.533 0. -175.204 0.533 0.846 0. 108.087 0. 0. -1. 0.
-0.842 0.539 0. -177.073 0.539 0.842 0. 109.315 0. 0. -1. 0.
-0.836 0.549 0. -178.927 0.549 0.836 0. 110.574 0. 0. -1. 0.
-0.829 0.560 0. -180.758 0.560 0.829 0. 111.865 0. 0. -1. 0.
-0.821 0.571 0. -182.582 0.571 0.821 0. 113.177 0. 0. -1. 0.
-0.813 0.583 0. -184.392 0.583 0.813 0. 114.521 0. 0. -1. 0.
-0.801 0.598 0. -186.169 0.598 0.801 0. 115.899 0. 0. -1. 0.
-0.785 0.619 0. -187.912 0.619 0.785 0. 117.312 0. 0. -1. 0.
-0.761 0.648 0. -189.608 0.648 0.761 0. 118.771 0. 0. -1. 0.
-0.737 0.676 0. -191.216 0.676 0.737 0. 120.282 0. 0. -1. 0.
-0.712 0.702 0. -192.764 0.702 0.712 0. 121.845 0. 0. -1. 0.
-0.685 0.728 0. -194.268 0.728 0.685 0. 123.458 0. 0. -1. 0.
-0.658 0.753 0. -195.708 0.753 0.658 0. 125.120 0. 0. -1. 0.
-0.630 0.776 0. -197.074 0.776 0.630 0. 126.823 0. 0. -1. 0.
-0.601 0.799 0. -198.375 0.799 0.601 0. 128.572 0. 0. -1. 0.
-0.572 0.820 0. -199.612 0.820 0.572 0. 130.374 0. 0. -1. 0.
-0.543 0.840 0. -200.760 0.840 0.543 0. 132.206 0. 0. -1. 0.
-0.517 0.856 0. -201.856 0.856 0.517 0. 134.078 0. 0. -1. 0.
-0.495 0.869 0. -202.917 0.869 0.495 0. 135.977 0. 0. -1. 0.
-0.475 0.880 0. -203.926 0.880 0.475 0. 137.868 0. 0. -1. 0.
-0.452 0.892 0. -204.891 0.892 0.452 0. 139.804 0. 0. -1. 0.
-0.428 0.904 0. -205.791 0.904 0.428 0. 141.749 0. 0. -1. 0.
-0.405 0.914 0. -206.636 0.914 0.405 0. 143.718 0. 0. -1. 0.
-0.385 0.923 0. -207.436 0.923 0.385 0. 145.693 0. 0. -1. 0.
-0.372 0.928 0. -208.195 0.928 0.372 0. 147.668 0. 0. -1. 0.
-0.362 0.932 0. -208.940 0.932 0.362 0. 149.669 0. 0. -1. 0.
-0.353 0.936 0. -209.651 0.936 0.353 0. 151.646 0. 0. -1. 0.
-0.349 0.937 0. -210.336 0.937 0.349 0. 153.636 0. 0. -1. 0.
-0.350 0.937 0. -211.034 0.937 0.350 0. 155.644 0. 0. -1. 0.
-0.354 0.935 0. -211.737 0.935 0.354 0. 157.641 0. 0. -1. 0.
-0.359 0.933 0. -212.451 0.933 0.359 0. 159.645 0. 0. -1. 0.
-0.365 0.931 0. -213.177 0.931 0.365 0. 161.655 0. 0. -1. 0.
-0.375 0.927 0. -213.912 0.927 0.375 0. 163.661 0. 0. -1. 0.
-0.392 0.920 0. -214.685 0.920 0.392 0. 165.663 0. 0. -1. 0.
-0.416 0.909 0. -215.513 0.909 0.416 0. 167.655 0. 0. -1. 0.
-0.450 0.893 0. -216.417 0.893 0.450 0. 169.586 0. 0. -1. 0.
-0.493 0.870 0. -217.410 0.870 0.493 0. 171.495 0. 0. -1. 0.
-0.543 0.840 0. -218.477 0.840 0.543 0. 173.340 0. 0. -1. 0.
-0.595 0.804 0. -219.661 0.804 0.595 0. 175.088 0. 0. -1. 0.
-0.648 0.762 0. -220.986 0.762 0.648 0. 176.764 0. 0. -1. 0.
-0.702 0.712 0. -222.413 0.712 0.702 0. 178.298 0. 0. -1. 0.
-0.752 0.659 0. -223.897 0.659 0.752 0. 179.717 0. 0. -1. 0.
-0.802 0.598 0. -225.489 0.598 0.802 0. 181.038 0. 0. -1. 0.
-0.849 0.528 0. -227.181 0.528 0.849 0. 182.228 0. 0. -1. 0.
-0.893 0.450 0. -228.944 0.450 0.893 0. 183.238 0. 0. -1. 0.
-0.929 0.370 0. -230.788 0.370 0.929 0. 184.071 0. 0. -1. 0.
-0.957 0.289 0. -232.672 0.289 0.957 0. 184.743 0. 0. -1. 0.
-0.977 0.214 0. -234.601 0.214 0.977 0. 185.259 0. 0. -1. 0.
-0.989 0.150 0. -236.560 0.150 0.989 0. 185.637 0. 0. -1. 0.
-0.995 0.097 0. -238.521 0.097 0.995 0. 185.894 0. 0. -1. 0.
-0.998 0.061 0. -240.492 0.061 0.998 0. 186.054 0. 0. -1. 0.
-0.999 0.038 0. -242.474 0.038 0.999 0. 186.172 0. 0. -1. 0.
-1.000 0.020 0. -244.487 0.020 1.000 0. 186.265 0. 0. -1. 0.
-1. 0.006 0. -246.531 0.006 1. 0. 186.317 0. 0. -1. 0.
-1. -0.007 0. -248.560 -0.007 1. 0. 186.353 -0. 0. -1. 0.
-1.000 -0.017 0. -250.655 -0.017 1.000 0. 186.362 -0. 0. -1. 0.
-1.000 -0.018 0. -252.741 -0.018 1.000 0. 186.350 -0. 0. -1. 0.
-1.000 -0.016 0. -254.835 -0.016 1.000 0. 186.351 -0. 0. -1. 0.
-1.000 -0.015 0. -256.972 -0.015 1.000 0. 186.360 -0. 0. -1. 0.
-1. -0.012 0. -259.119 -0.012 1. 0. 186.380 -0. 0. -1. 0.
-1. -0.011 0. -261.276 -0.011 1. 0. 186.404 -0. 0. -1. 0.
-1. -0.008 0. -263.454 -0.008 1. 0. 186.426 -0. 0. -1. 0.
-1. -0.007 0. -265.644 -0.007 1. 0. 186.458 -0. 0. -1. 0.
-1. -0.006 0. -267.840 -0.006 1. 0. 186.472 -0. 0. -1. 0.
-1. -0.003 0. -270.071 -0.003 1. 0. 186.487 -0. 0. -1. 0.
-1. -0.001 0. -272.270 -0.001 1. 0. 186.533 -0. 0. -1. 0.
-1. 0.001 0. -274.506 0.001 1. 0. 186.570 0. 0. -1. 0.
-1. 0.011 0. -276.721 0.011 1. 0. 186.625 0. 0. -1. 0.
-1.000 0.026 0. -278.939 0.026 1.000 0. 186.735 0. 0. -1. 0.
-0.999 0.043 0. -281.154 0.043 0.999 0. 186.865 0. 0. -1. 0.
-0.998 0.064 0. -283.346 0.064 0.998 0. 187.035 0. 0. -1. 0.
-0.996 0.093 0. -285.513 0.093 0.996 0. 187.272 0. 0. -1. 0.
-0.992 0.123 0. -287.659 0.123 0.992 0. 187.569 0. 0. -1. 0.
-0.989 0.151 0. -289.783 0.151 0.989 0. 187.920 0. 0. -1. 0.
-0.984 0.178 0. -291.855 0.178 0.984 0. 188.330 0. 0. -1. 0.
-0.978 0.207 0. -293.868 0.207 0.978 0. 188.797 0. 0. -1. 0.
-0.973 0.230 0. -295.706 0.230 0.973 0. 189.280 0. 0. -1. 0.
-0.968 0.251 0. -297.439 0.251 0.968 0. 189.750 0. 0. -1. 0.
-0.965 0.262 0. -299.053 0.262 0.965 0. 190.230 0. 0. -1. 0.
-0.965 0.262 0. -300.485 0.262 0.965 0. 190.666 0. 0. -1. 0.
-0.965 0.260 0. -301.805 0.260 0.965 0. 191.055 0. 0. -1. 0.
-0.966 0.257 0. -303.020 0.257 0.966 0. 191.394 0. 0. -1. 0.
-0.967 0.254 0. -304.133 0.254 0.967 0. 191.756 0. 0. -1. 0.
-0.969 0.249 0. -305.211 0.249 0.969 0. 192.001 0. 0. -1. 0.
-0.970 0.245 0. -306.137 0.245 0.970 0. 192.343 0. 0. -1. 0.
-0.970 0.244 0. -306.929 0.244 0.970 0. 192.534 0. 0. -1. 0.
-0.970 0.242 0. -307.595 0.242 0.970 0. 192.680 0. 0. -1. 0.
-0.970 0.241 0. -308.107 0.241 0.970 0. 192.845 0. 0. -1. 0.
-0.971 0.241 0. -308.521 0.241 0.971 0. 192.932 0. 0. -1. 0.
-0.971 0.241 0. -308.830 0.241 0.971 0. 193.011 0. 0. -1. 0.
-0.970 0.242 0. -309.013 0.242 0.970 0. 193.078 0. 0. -1. 0.
-0.970 0.242 0. -309.118 0.242 0.970 0. 193.094 0. 0. -1. 0.
-0.970 0.242 0. -309.126 0.242 0.970 0. 193.100 0. 0. -1. 0.
-0.970 0.242 0. -309.115 0.242 0.970 0. 193.096 0. 0. -1. 0.
-0.970 0.242 0. -309.118 0.242 0.970 0. 193.096 0. 0. -1. 0.
-0.970 0.242 0. -309.118 0.242 0.970 0. 193.097 0. 0. -1. 0.
-0.970 0.242 0. -309.119 0.242 0.970 0. 193.097 0. 0. -1. 0.
-0.970 0.242 0. -309.124 0.242 0.970 0. 193.100 0. 0. -1. 0.
-0.970 0.242 0. -309.152 0.242 0.970 0. 193.107 0. 0. -1. 0.
-0.970 0.242 0. -309.197 0.242 0.970 0. 193.118 0. 0. -1. 0.
-0.970 0.242 0. -309.256 0.242 0.970 0. 193.133 0. 0. -1. 0.
-0.970 0.243 0. -309.326 0.243 0.970 0. 193.151 0. 0. -1. 0.
-0.970 0.243 0. -309.381 0.243 0.970 0. 193.165 0. 0. -1. 0.
-0.970 0.243 0. -309.410 0.243 0.970 0. 193.173 0. 0. -1. 0.
-0.970 0.243 0. -309.433 0.243 0.970 0. 193.180 0. 0. -1. 0.
-0.970 0.244 0. -309.475 0.244 0.970 0. 193.190 0. 0. -1. 0.
-0.970 0.244 0. -309.537 0.244 0.970 0. 193.206 0. 0. -1. 0.
-0.970 0.244 0. -309.615 0.244 0.970 0. 193.226 0. 0. -1. 0.
-0.970 0.245 0. -309.697 0.245 0.970 0. 193.248 0. 0. -1. 0.
-0.970 0.245 0. -309.783 0.245 0.970 0. 193.271 0. 0. -1. 0.
-0.969 0.245 0. -309.886 0.245 0.969 0. 193.296 0. 0. -1. 0.
-0.969 0.246 0. -310.008 0.246 0.969 0. 193.324 0. 0. -1. 0.
-0.969 0.247 0. -310.139 0.247 0.969 0. 193.361 0. 0. -1. 0.
-0.969 0.248 0. -310.280 0.248 0.969 0. 193.400 0. 0. -1. 0.
-0.968 0.250 0. -310.434 0.250 0.968 0. 193.440 0. 0. -1. 0.
-0.968 0.251 0. -310.595 0.251 0.968 0. 193.480 0. 0. -1. 0.
-0.968 0.253 0. -310.765 0.253 0.968 0. 193.520 0. 0. -1. 0.
-0.967 0.256 0. -310.945 0.256 0.967 0. 193.565 0. 0. -1. 0.
-0.966 0.260 0. -311.141 0.260 0.966 0. 193.611 0. 0. -1. 0.
-0.963 0.271 0. -311.362 0.271 0.963 0. 193.666 0. 0. -1. 0.
-0.956 0.292 0. -311.678 0.292 0.956 0. 193.774 0. 0. -1. 0.
-0.944 0.329 0. -312.098 0.329 0.944 0. 193.971 0. 0. -1. 0.
-0.925 0.379 0. -312.626 0.379 0.925 0. 194.194 0. 0. -1. 0.
-0.901 0.435 0. -313.283 0.435 0.901 0. 194.494 0. 0. -1. 0.
-0.865 0.502 0. -313.994 0.502 0.865 0. 194.909 0. 0. -1. 0.
-0.825 0.565 0. -314.800 0.565 0.825 0. 195.448 0. 0. -1. 0.
-0.765 0.644 0. -315.552 0.644 0.765 0. 196.176 0. 0. -1. 0.
-0.691 0.723 0. -316.253 0.723 0.691 0. 197.001 0. 0. -1. 0.
-0.601 0.799 0. -316.949 0.799 0.601 0. 197.848 0. 0. -1. 0.
-0.506 0.862 0. -317.459 0.862 0.506 0. 198.907 0. 0. -1. 0.
-0.387 0.922 0. -317.883 0.922 0.387 0. 200.031 0. 0. -1. 0.
-0.269 0.963 0. -318.230 0.963 0.269 0. 201.253 0. 0. -1. 0.
-0.145 0.989 0. -318.399 0.989 0.145 0. 202.549 0. 0. -1. 0.
-0.057 0.998 0. -318.423 0.998 0.057 0. 203.955 0. 0. -1. 0.
-0.008 1. 0. -318.420 1. 0.008 0. 205.471 0. 0. -1. 0.
0.013 1. 0. -318.361 1. -0.013 0. 207.063 0. 0. -1. 0.
0.018 1.000 0. -318.286 1.000 -0.018 0. 208.734 0. 0. -1. 0.
0.012 1. 0. -318.223 1. -0.012 0. 210.485 0. 0. -1. 0.
0.007 1. 0. -318.176 1. -0.007 0. 212.317 0. 0. -1. 0.
0.006 1. 0. -318.123 1. -0.006 0. 214.255 0. 0. -1. 0.
0.004 1. 0. -318.072 1. -0.004 0. 216.300 0. 0. -1. 0.
0.003 1. 0. -318.023 1. -0.003 0. 218.457 0. 0. -1. 0.
0.003 1. 0. -317.969 1. -0.003 0. 220.721 0. 0. -1. 0.
0.002 1. 0. -317.915 1. -0.002 0. 223.080 0. 0. -1. 0.
0.002 1. 0. -317.856 1. -0.002 0. 225.511 0. 0. -1. 0.
0.003 1. 0. -317.802 1. -0.003 0. 227.988 0. 0. -1. 0.
0.004 1. 0. -317.739 1. -0.004 0. 230.536 0. 0. -1. 0.
0.004 1. 0. -317.669 1. -0.004 0. 233.131 0. 0. -1. 0.
0.004 1. 0. -317.598 1. -0.004 0. 235.781 0. 0. -1. 0.
0.003 1. 0. -317.529 1. -0.003 0. 238.491 0. 0. -1. 0.
0.004 1. 0. -317.456 1. -0.004 0. 241.255 0. 0. -1. 0.
0.004 1. 0. -317.385 1. -0.004 0. 244.092 0. 0. -1. 0.
0.005 1. 0. -317.311 1. -0.005 0. 246.998 0. 0. -1. 0.
0.005 1. 0. -317.223 1. -0.005 0. 249.972 0. 0. -1. 0.
0.006 1. 0. -317.144 1. -0.006 0. 252.981 0. 0. -1. 0.
0.007 1. 0. -317.068 1. -0.007 0. 255.966 0. 0. -1. 0.
0.007 1. 0. -316.993 1. -0.007 0. 258.941 0. 0. -1. 0.
0.008 1. 0. -316.911 1. -0.008 0. 261.907 0. 0. -1. 0.
0.008 1. 0. -316.824 1. -0.008 0. 264.853 0. 0. -1. 0.
0.009 1. 0. -316.741 1. -0.009 0. 267.779 0. 0. -1. 0.
0.010 1. 0. -316.658 1. -0.010 0. 270.690 0. 0. -1. 0.
0.010 1. 0. -316.571 1. -0.010 0. 273.613 0. 0. -1. 0.
0.009 1. 0. -316.477 1. -0.009 0. 276.568 0. 0. -1. 0.
0.007 1. 0. -316.389 1. -0.007 0. 279.542 0. 0. -1. 0.
0.005 1. 0. -316.307 1. -0.005 0. 282.533 0. 0. -1. 0.
0.005 1. 0. -316.225 1. -0.005 0. 285.551 0. 0. -1. 0.
0.004 1. 0. -316.146 1. -0.004 0. 288.597 0. 0. -1. 0.
0.005 1. 0. -316.070 1. -0.005 0. 291.653 0. 0. -1. 0.
0.005 1. 0. -315.990 1. -0.005 0. 294.726 0. 0. -1. 0.
0.006 1. 0. -315.909 1. -0.006 0. 297.809 0. 0. -1. 0.
0.006 1. 0. -315.823 1. -0.006 0. 300.919 0. 0. -1. 0.
0.006 1. 0. -315.735 1. -0.006 0. 304.045 0. 0. -1. 0.
0.007 1. 0. -315.647 1. -0.007 0. 307.196 0. 0. -1. 0.
0.007 1. 0. -315.552 1. -0.007 0. 310.365 0. 0. -1. 0.
0.004 1. 0. -315.467 1. -0.004 0. 313.548 0. 0. -1. 0.
0.003 1. 0. -315.386 1. -0.003 0. 316.763 0. 0. -1. 0.
0.005 1. 0. -315.310 1. -0.005 0. 320.015 0. 0. -1. 0.
0.008 1. 0. -315.217 1. -0.008 0. 323.325 0. 0. -1. 0.
0.006 1. 0. -315.107 1. -0.006 0. 326.698 0. 0. -1. 0.
0.002 1. 0. -315.024 1. -0.002 0. 330.119 0. 0. -1. 0.
-0.001 1. 0. -314.951 1. 0.001 0. 333.534 0. 0. -1. 0.
-0.002 1. 0. -314.883 1. 0.002 0. 336.932 0. 0. -1. 0.
-0.003 1. 0. -314.829 1. 0.003 0. 340.327 0. 0. -1. 0.
-0.004 1. 0. -314.772 1. 0.004 0. 343.711 0. 0. -1. 0.
-0.004 1. 0. -314.718 1. 0.004 0. 347.087 0. 0. -1. 0.
-0.006 1. 0. -314.654 1. 0.006 0. 350.506 0. 0. -1. 0.
-0.008 1. 0. -314.603 1. 0.008 0. 353.920 0. 0. -1. 0.
-0.015 1.000 0. -314.560 1.000 0.015 0. 357.387 0. 0. -1. 0.
-0.022 1.000 0. -314.550 1.000 0.022 0. 360.874 0. 0. -1. 0.
-0.028 1.000 0. -314.565 1.000 0.028 0. 364.403 0. 0. -1. 0.
-0.032 0.999 0. -314.598 0.999 0.032 0. 367.971 0. 0. -1. 0.
-0.034 0.999 0. -314.642 0.999 0.034 0. 371.539 0. 0. -1. 0.
-0.035 0.999 0. -314.687 0.999 0.035 0. 375.102 0. 0. -1. 0.
-0.035 0.999 0. -314.729 0.999 0.035 0. 378.632 0. 0. -1. 0.
-0.036 0.999 0. -314.803 0.999 0.036 0. 382.145 0. 0. -1. 0.
-0.037 0.999 0. -314.855 0.999 0.037 0. 385.611 0. 0. -1. 0.
-0.036 0.999 0. -314.900 0.999 0.036 0. 389.084 0. 0. -1. 0.
-0.035 0.999 0. -314.949 0.999 0.035 0. 392.514 0. 0. -1. 0.
-0.033 0.999 0. -315.013 0.999 0.033 0. 395.918 0. 0. -1. 0.
-0.032 0.999 0. -315.054 0.999 0.032 0. 399.320 0. 0. -1. 0.
-0.032 0.999 0. -315.084 0.999 0.032 0. 402.726 0. 0. -1. 0.
-0.029 1.000 0. -315.113 1.000 0.029 0. 406.172 0. 0. -1. 0.
-0.026 1.000 0. -315.129 1.000 0.026 0. 409.642 0. 0. -1. 0.
-0.021 1.000 0. -315.135 1.000 0.021 0. 413.135 0. 0. -1. 0.
-0.017 1.000 0. -315.132 1.000 0.017 0. 416.623 0. 0. -1. 0.
-0.013 1. 0. -315.111 1. 0.013 0. 420.105 0. 0. -1. 0.
-0.009 1. 0. -315.072 1. 0.009 0. 423.575 0. 0. -1. 0.
-0.006 1. 0. -315.016 1. 0.006 0. 427.014 0. 0. -1. 0.
-0.004 1. 0. -314.957 1. 0.004 0. 430.415 0. 0. -1. 0.
-0.002 1. 0. -314.895 1. 0.002 0. 433.746 0. 0. -1. 0.
-0.000 1. 0. -314.830 1. 0.000 0. 437.003 0. 0. -1. 0.
0.001 1. 0. -314.752 1. -0.001 0. 440.179 0. 0. -1. 0.
0.002 1. 0. -314.668 1. -0.002 0. 443.248 0. 0. -1. 0.
0.002 1. 0. -314.588 1. -0.002 0. 446.202 0. 0. -1. 0.
0.002 1. 0. -314.524 1. -0.002 0. 449.051 0. 0. -1. 0.
0.000 1. 0. -314.459 1. -0.000 0. 451.841 0. 0. -1. 0.
-0.004 1. 0. -314.400 1. 0.004 0. 454.595 0. 0. -1. 0.
-0.006 1. 0. -314.358 1. 0.006 0. 457.314 0. 0. -1. 0.
-0.009 1. 0. -314.326 1. 0.009 0. 459.998 0. 0. -1. 0.
-0.009 1. 0. -314.293 1. 0.009 0. 462.638 0. 0. -1. 0.
-0.010 1. 0. -314.262 1. 0.010 0. 465.199 0. 0. -1. 0.
-0.010 1. 0. -314.236 1. 0.010 0. 467.648 0. 0. -1. 0.
-0.010 1. 0. -314.214 1. 0.010 0. 470.005 0. 0. -1. 0.
-0.011 1. 0. -314.187 1. 0.011 0. 472.251 0. 0. -1. 0.
-0.010 1. 0. -314.162 1. 0.010 0. 474.389 0. 0. -1. 0.
-0.009 1. 0. -314.135 1. 0.009 0. 476.439 0. 0. -1. 0.
-0.008 1. 0. -314.107 1. 0.008 0. 478.377 0. 0. -1. 0.
-0.008 1. 0. -314.088 1. 0.008 0. 480.218 0. 0. -1. 0.
-0.008 1. 0. -314.068 1. 0.008 0. 481.949 0. 0. -1. 0.
-0.008 1. 0. -314.047 1. 0.008 0. 483.562 0. 0. -1. 0.
-0.007 1. 0. -314.028 1. 0.007 0. 485.070 0. 0. -1. 0.
-0.006 1. 0. -314.007 1. 0.006 0. 486.469 0. 0. -1. 0.
-0.006 1. 0. -313.985 1. 0.006 0. 487.746 0. 0. -1. 0.
-0.005 1. 0. -313.967 1. 0.005 0. 488.906 0. 0. -1. 0.
-0.005 1. 0. -313.946 1. 0.005 0. 489.963 0. 0. -1. 0.
-0.007 1. 0. -313.932 1. 0.007 0. 490.944 0. 0. -1. 0.
-0.008 1. 0. -313.919 1. 0.008 0. 491.861 0. 0. -1. 0.
-0.011 1. 0. -313.908 1. 0.011 0. 492.729 0. 0. -1. 0.
-0.013 1. 0. -313.899 1. 0.013 0. 493.541 0. 0. -1. 0.
-0.016 1.000 0. -313.897 1.000 0.016 0. 494.300 0. 0. -1. 0.
-0.017 1.000 0. -313.895 1.000 0.017 0. 494.998 0. 0. -1. 0.
-0.019 1.000 0. -313.891 1.000 0.019 0. 495.638 0. 0. -1. 0.
-0.020 1.000 0. -313.892 1.000 0.020 0. 496.217 0. 0. -1. 0.
-0.020 1.000 0. -313.890 1.000 0.020 0. 496.742 0. 0. -1. 0.
