1628184886420593 0.97108 0.23875 0.00000 2.06042 0.23875 -0.97108 0.00000 1.36932 0.00000 0.00000 -1.00000 0.00000
1628184886670599 0.97108 0.23875 0.00000 2.06038 0.23875 -0.97108 0.00000 1.36932 0.00000 0.00000 -1.00000 0.00000
1628184886920602 0.97109 0.23872 0.00000 2.06041 0.23872 -0.97109 0.00000 1.36926 0.00000 0.00000 -1.00000 0.00000
1628184887170613 0.97109 0.23871 0.00000 2.06044 0.23871 -0.97109 0.00000 1.36925 0.00000 0.00000 -1.00000 0.00000
1628184887419986 0.97109 0.23871 0.00000 2.06048 0.23871 -0.97109 0.00000 1.36923 0.00000 0.00000 -1.00000 0.00000
1628184887670615 0.97109 0.23870 0.00000 2.06047 0.23870 -0.97109 0.00000 1.36920 0.00000 0.00000 -1.00000 0.00000
1628184887919992 0.97110 0.23866 0.00000 2.06051 0.23866 -0.97110 0.00000 1.36912 0.00000 0.00000 -1.00000 0.00000
1628184888170005 0.97109 0.23872 0.00000 2.06046 0.23872 -0.97109 0.00000 1.36924 0.00000 0.00000 -1.00000 0.00000
1628184888420634 0.97109 0.23871 0.00000 2.06046 0.23871 -0.97109 0.00000 1.36922 0.00000 0.00000 -1.00000 0.00000
1628184888670638 0.97109 0.23872 0.00000 2.06041 0.23872 -0.97109 0.00000 1.36926 0.00000 0.00000 -1.00000 0.00000
1628184888920639 0.97109 0.23870 0.00000 2.06045 0.23870 -0.97109 0.00000 1.36920 0.00000 0.00000 -1.00000 0.00000
1628184889170645 0.97110 0.23868 0.00000 2.06052 0.23868 -0.97110 0.00000 1.36919 0.00000 0.00000 -1.00000 0.00000
1628184889420658 0.97110 0.23866 0.00000 2.06054 0.23866 -0.97110 0.00000 1.36913 0.00000 0.00000 -1.00000 0.00000
1628184889671282 0.97111 0.23864 0.00000 2.06052 0.23864 -0.97111 0.00000 1.36911 0.00000 0.00000 -1.00000 0.00000
1628184889921288 0.97111 0.23863 0.00000 2.06055 0.23863 -0.97111 0.00000 1.36909 0.00000 0.00000 -1.00000 0.00000
1628184890171289 0.97110 0.23868 0.00000 2.06051 0.23868 -0.97110 0.00000 1.36915 0.00000 0.00000 -1.00000 0.00000
1628184890421291 0.97110 0.23865 0.00000 2.06056 0.23865 -0.97110 0.00000 1.36907 0.00000 0.00000 -1.00000 0.00000
1628184890670667 0.97110 0.23868 0.00000 2.06048 0.23868 -0.97110 0.00000 1.36916 0.00000 0.00000 -1.00000 0.00000
1628184890920047 0.97110 0.23867 0.00000 2.06050 0.23867 -0.97110 0.00000 1.36914 0.00000 0.00000 -1.00000 0.00000
1628184891170058 0.97111 0.23864 0.00000 2.06058 0.23864 -0.97111 0.00000 1.36904 0.00000 0.00000 -1.00000 0.00000
1628184891420059 0.97110 0.23867 0.00000 2.06051 0.23867 -0.97110 0.00000 1.36911 0.00000 0.00000 -1.00000 0.00000
1628184891670062 0.97110 0.23869 0.00000 2.06046 0.23869 -0.97110 0.00000 1.36918 0.00000 0.00000 -1.00000 0.00000
1628184891920068 0.97109 0.23871 0.00000 2.06046 0.23871 -0.97109 0.00000 1.36921 0.00000 0.00000 -1.00000 0.00000
1628184892170089 0.97109 0.23870 0.00000 2.06049 0.23870 -0.97109 0.00000 1.36919 0.00000 0.00000 -1.00000 0.00000
1628184892419454 0.97109 0.23870 0.00000 2.06045 0.23870 -0.97109 0.00000 1.36919 0.00000 0.00000 -1.00000 0.00000
1628184892669456 0.97110 0.23867 0.00000 2.06051 0.23867 -0.97110 0.00000 1.36915 0.00000 0.00000 -1.00000 0.00000
1628184892919459 0.97110 0.23868 0.00000 2.06051 0.23868 -0.97110 0.00000 1.36920 0.00000 0.00000 -1.00000 0.00000
1628184893169475 0.97111 0.23865 0.00000 2.06055 0.23865 -0.97111 0.00000 1.36911 0.00000 0.00000 -1.00000 0.00000
1628184893420097 0.97111 0.23863 0.00000 2.06054 0.23863 -0.97111 0.00000 1.36907 0.00000 0.00000 -1.00000 0.00000
1628184893670116 0.97111 0.23862 0.00000 2.06054 0.23862 -0.97111 0.00000 1.36912 0.00000 0.00000 -1.00000 0.00000
1628184893920730 0.97112 0.23860 0.00000 2.06057 0.23860 -0.97112 0.00000 1.36897 0.00000 0.00000 -1.00000 0.00000
1628184894170733 0.97113 0.23857 0.00000 2.06062 0.23857 -0.97113 0.00000 1.36893 0.00000 0.00000 -1.00000 0.00000
1628184894420743 0.97113 0.23856 0.00000 2.06064 0.23856 -0.97113 0.00000 1.36897 0.00000 0.00000 -1.00000 0.00000
1628184894670115 0.97113 0.23856 0.00000 2.06065 0.23856 -0.97113 0.00000 1.36891 0.00000 0.00000 -1.00000 0.00000
1628184894920118 0.97113 0.23856 0.00000 2.06063 0.23856 -0.97113 0.00000 1.36894 0.00000 0.00000 -1.00000 0.00000
1628184895170196 0.97114 0.23852 0.00000 2.06073 0.23852 -0.97114 0.00000 1.36885 0.00000 0.00000 -1.00000 0.00000
1628184895420751 0.97114 0.23852 0.00000 2.06074 0.23852 -0.97114 0.00000 1.36965 0.00000 0.00000 -1.00000 0.00000
1628184895670761 0.97114 0.23852 0.00000 2.05930 0.23852 -0.97114 0.00000 1.37103 0.00000 0.00000 -1.00000 0.00000
1628184895920758 0.97103 0.23897 0.00000 2.04259 0.23897 -0.97103 0.00000 1.37309 0.00000 0.00000 -1.00000 0.00000
1628184896170768 0.97105 0.23889 0.00000 1.99787 0.23889 -0.97105 0.00000 1.37482 0.00000 0.00000 -1.00000 0.00000
1628184896420773 0.97132 0.23776 0.00000 1.94469 0.23776 -0.97132 0.00000 1.37417 0.00000 0.00000 -1.00000 0.00000
1628184896670783 0.97201 0.23496 0.00000 1.88598 0.23496 -0.97201 0.00000 1.36536 0.00000 0.00000 -1.00000 0.00000
1628184896920779 0.97303 0.23068 0.00000 1.81921 0.23068 -0.97303 0.00000 1.35419 0.00000 0.00000 -1.00000 0.00000
1628184897170784 0.97496 0.22237 0.00000 1.73460 0.22237 -0.97496 0.00000 1.33314 0.00000 0.00000 -1.00000 0.00000
1628184897421411 0.97842 0.20663 0.00000 1.59563 0.20663 -0.97842 0.00000 1.29143 0.00000 0.00000 -1.00000 0.00000
1628184897671417 0.98365 0.18010 0.00000 1.38366 0.18010 -0.98365 0.00000 1.23614 0.00000 0.00000 -1.00000 0.00000
1628184897921427 0.98945 0.14485 0.00000 1.10367 0.14485 -0.98945 0.00000 1.15564 0.00000 0.00000 -1.00000 0.00000
1628184898171432 0.99496 0.10025 0.00000 0.75283 0.10025 -0.99496 0.00000 1.08355 0.00000 0.00000 -1.00000 0.00000
1628184898420811 0.99847 0.05522 0.00000 0.31513 0.05522 -0.99847 0.00000 1.02247 0.00000 0.00000 -1.00000 0.00000
1628184898669564 0.99990 0.01433 0.00000 -0.19650 0.01433 -0.99990 0.00000 0.97694 0.00000 0.00000 -1.00000 0.00000
1628184898919569 0.99988 -0.01545 0.00000 -0.79709 -0.01545 -0.99988 0.00000 0.96508 0.00000 -0.00000 -1.00000 0.00000
1628184899168943 0.99947 -0.03252 0.00000 -1.47812 -0.03252 -0.99947 0.00000 0.95925 0.00000 -0.00000 -1.00000 0.00000
1628184899419531 0.99934 -0.03621 0.00000 -2.23070 -0.03621 -0.99934 0.00000 0.94734 0.00000 -0.00000 -1.00000 0.00000
1628184899669578 0.99969 -0.02470 0.00000 -3.04935 -0.02470 -0.99969 0.00000 0.91975 0.00000 -0.00000 -1.00000 0.00000
1628184899919584 0.99997 -0.00781 0.00000 -3.91749 -0.00781 -0.99997 0.00000 0.87550 0.00000 -0.00000 -1.00000 0.00000
1628184900169594 0.99995 0.01041 0.00000 -4.82154 0.01041 -0.99995 0.00000 0.79745 0.00000 0.00000 -1.00000 0.00000
1628184900419603 0.99959 0.02872 0.00000 -5.75853 0.02872 -0.99959 0.00000 0.70122 0.00000 0.00000 -1.00000 0.00000
1628184900669598 0.99886 0.04780 0.00000 -6.73681 0.04780 -0.99886 0.00000 0.58618 0.00000 0.00000 -1.00000 0.00000
1628184900919600 0.99778 0.06667 0.00000 -7.74625 0.06667 -0.99778 0.00000 0.45716 0.00000 0.00000 -1.00000 0.00000
1628184901169608 0.99635 0.08539 0.00000 -8.77624 0.08539 -0.99635 0.00000 0.29191 0.00000 0.00000 -1.00000 0.00000
1628184901420243 0.99475 0.10237 0.00000 -9.82916 0.10237 -0.99475 0.00000 0.12738 0.00000 0.00000 -1.00000 0.00000
1628184901670241 0.99291 0.11889 0.00000 -10.91980 0.11889 -0.99291 0.00000 -0.05418 0.00000 0.00000 -1.00000 0.00000
1628184901920244 0.99118 0.13253 0.00000 -12.06147 0.13253 -0.99118 0.00000 -0.22754 0.00000 0.00000 -1.00000 0.00000
1628184902170866 0.98944 0.14494 0.00000 -13.25179 0.14494 -0.98944 0.00000 -0.39213 0.00000 0.00000 -1.00000 0.00000
1628184902420874 0.98769 0.15645 0.00000 -14.43482 0.15645 -0.98769 0.00000 -0.57575 0.00000 0.00000 -1.00000 0.00000
1628184902670886 0.98593 0.16715 0.00000 -15.68782 0.16715 -0.98593 0.00000 -0.75254 0.00000 0.00000 -1.00000 0.00000
1628184902921520 0.98404 0.17793 0.00000 -17.02846 0.17793 -0.98404 0.00000 -0.94641 0.00000 0.00000 -1.00000 0.00000
1628184903171519 0.98249 0.18629 0.00000 -18.37660 0.18629 -0.98249 0.00000 -1.12383 0.00000 0.00000 -1.00000 0.00000
1628184903421525 0.98160 0.19095 0.00000 -19.80013 0.19095 -0.98160 0.00000 -1.23127 0.00000 0.00000 -1.00000 0.00000
1628184903671521 0.98125 0.19274 0.00000 -21.27101 0.19274 -0.98125 0.00000 -1.29533 0.00000 0.00000 -1.00000 0.00000
1628184903920903 0.98139 0.19203 0.00000 -22.79018 0.19203 -0.98139 0.00000 -1.30717 0.00000 0.00000 -1.00000 0.00000
1628184904170912 0.98146 0.19167 0.00000 -24.36276 0.19167 -0.98146 0.00000 -1.32535 0.00000 0.00000 -1.00000 0.00000
1628184904420909 0.98169 0.19049 0.00000 -25.98177 0.19049 -0.98169 0.00000 -1.33342 0.00000 0.00000 -1.00000 0.00000
1628184904670917 0.98204 0.18868 0.00000 -27.62981 0.18868 -0.98204 0.00000 -1.31829 0.00000 0.00000 -1.00000 0.00000
1628184904920298 0.98212 0.18828 0.00000 -29.27766 0.18828 -0.98212 0.00000 -1.34717 0.00000 0.00000 -1.00000 0.00000
1628184905170308 0.98233 0.18714 0.00000 -31.00720 0.18714 -0.98233 0.00000 -1.33923 0.00000 0.00000 -1.00000 0.00000
1628184905421554 0.98146 0.19166 0.00000 -32.69183 0.19166 -0.98146 0.00000 -1.51335 0.00000 0.00000 -1.00000 0.00000
1628184905671569 0.98013 0.19836 0.00000 -34.38089 0.19836 -0.98013 0.00000 -1.76926 0.00000 0.00000 -1.00000 0.00000
1628184905920937 0.97906 0.20358 0.00000 -36.14598 0.20358 -0.97906 0.00000 -1.95046 0.00000 0.00000 -1.00000 0.00000
1628184906171575 0.97665 0.21482 0.00000 -37.85469 0.21482 -0.97665 0.00000 -2.43764 0.00000 0.00000 -1.00000 0.00000
1628184906421576 0.97433 0.22513 0.00000 -39.61498 0.22513 -0.97433 0.00000 -2.87117 0.00000 0.00000 -1.00000 0.00000
1628184906670953 0.97268 0.23216 0.00000 -41.43429 0.23216 -0.97268 0.00000 -3.19758 0.00000 0.00000 -1.00000 0.00000
1628184906920958 0.97082 0.23981 0.00000 -43.25190 0.23981 -0.97082 0.00000 -3.56143 0.00000 0.00000 -1.00000 0.00000
1628184907170958 0.96936 0.24565 0.00000 -45.09780 0.24565 -0.96936 0.00000 -3.86000 0.00000 0.00000 -1.00000 0.00000
1628184907420970 0.96858 0.24871 0.00000 -46.98271 0.24871 -0.96858 0.00000 -4.03662 0.00000 0.00000 -1.00000 0.00000
1628184907671598 0.96892 0.24736 0.00000 -48.90471 0.24736 -0.96892 0.00000 -3.99274 0.00000 0.00000 -1.00000 0.00000
1628184907920979 0.96965 0.24450 0.00000 -50.85886 0.24450 -0.96965 0.00000 -3.90728 0.00000 0.00000 -1.00000 0.00000
1628184908170986 0.97027 0.24202 0.00000 -52.82564 0.24202 -0.97027 0.00000 -3.80751 0.00000 0.00000 -1.00000 0.00000
1628184908420981 0.97067 0.24041 0.00000 -54.79267 0.24041 -0.97067 0.00000 -3.76753 0.00000 0.00000 -1.00000 0.00000
1628184908671000 0.97119 0.23829 0.00000 -56.81018 0.23829 -0.97119 0.00000 -3.68704 0.00000 0.00000 -1.00000 0.00000
1628184908920990 0.97168 0.23631 0.00000 -58.82445 0.23631 -0.97168 0.00000 -3.62578 0.00000 0.00000 -1.00000 0.00000
1628184909171000 0.97213 0.23446 0.00000 -60.83480 0.23446 -0.97213 0.00000 -3.56366 0.00000 0.00000 -1.00000 0.00000
1628184909421000 0.97245 0.23313 0.00000 -62.84024 0.23313 -0.97245 0.00000 -3.51402 0.00000 0.00000 -1.00000 0.00000
1628184909671010 0.97258 0.23257 0.00000 -64.84389 0.23257 -0.97258 0.00000 -3.50409 0.00000 0.00000 -1.00000 0.00000
1628184909921008 0.97284 0.23149 0.00000 -66.84767 0.23149 -0.97284 0.00000 -3.46789 0.00000 0.00000 -1.00000 0.00000
1628184910171020 0.97313 0.23027 0.00000 -68.85459 0.23027 -0.97313 0.00000 -3.42135 0.00000 0.00000 -1.00000 0.00000
1628184910421021 0.97393 0.22685 0.00000 -70.86742 0.22685 -0.97393 0.00000 -3.21620 0.00000 0.00000 -1.00000 0.00000
1628184910671650 0.97583 0.21851 0.00000 -72.89163 0.21851 -0.97583 0.00000 -2.63597 0.00000 0.00000 -1.00000 0.00000
1628184910921655 0.97919 0.20297 0.00000 -74.91211 0.20297 -0.97919 0.00000 -1.50062 0.00000 0.00000 -1.00000 0.00000
1628184911171659 0.98321 0.18249 0.00000 -76.90316 0.18249 -0.98321 0.00000 0.05442 0.00000 0.00000 -1.00000 0.00000
1628184911421039 0.98790 0.15510 0.00000 -78.81414 0.15510 -0.98790 0.00000 2.17392 0.00000 0.00000 -1.00000 0.00000
1628184911670420 0.99184 0.12750 0.00000 -80.68253 0.12750 -0.99184 0.00000 4.35397 0.00000 0.00000 -1.00000 0.00000
1628184911921045 0.99538 0.09604 0.00000 -82.45657 0.09604 -0.99538 0.00000 6.89461 0.00000 0.00000 -1.00000 0.00000
1628184912170428 0.99809 0.06171 0.00000 -84.08811 0.06171 -0.99809 0.00000 9.72358 0.00000 0.00000 -1.00000 0.00000
1628184912421061 0.99979 0.02054 0.00000 -85.53881 0.02054 -0.99979 0.00000 13.16673 0.00000 0.00000 -1.00000 0.00000
1628184912671061 0.99974 -0.02274 0.00000 -86.81247 -0.02274 -0.99974 0.00000 16.85112 0.00000 -0.00000 -1.00000 0.00000
1628184912921061 0.99761 -0.06915 0.00000 -87.84389 -0.06915 -0.99761 0.00000 20.85514 0.00000 -0.00000 -1.00000 0.00000
1628184913170439 0.99338 -0.11488 0.00000 -88.65415 -0.11488 -0.99338 0.00000 24.85820 0.00000 -0.00000 -1.00000 0.00000
1628184913421070 0.98689 -0.16140 0.00000 -89.26305 -0.16140 -0.98689 0.00000 28.98631 0.00000 -0.00000 -1.00000 0.00000
1628184913670458 0.97802 -0.20850 0.00000 -89.62741 -0.20850 -0.97802 0.00000 33.22861 0.00000 -0.00000 -1.00000 0.00000
1628184913920461 0.96500 -0.26227 0.00000 -89.49811 -0.26227 -0.96500 0.00000 38.13106 0.00000 -0.00000 -1.00000 0.00000
1628184914170458 0.94886 -0.31569 0.00000 -89.07824 -0.31569 -0.94886 0.00000 43.06184 0.00000 -0.00000 -1.00000 0.00000
1628184914420469 0.92815 -0.37220 0.00000 -88.16961 -0.37220 -0.92815 0.00000 48.35727 0.00000 -0.00000 -1.00000 0.00000
1628184914670470 0.90085 -0.43412 0.00000 -86.55112 -0.43412 -0.90085 0.00000 54.21694 0.00000 -0.00000 -1.00000 0.00000
1628184914920479 0.86502 -0.50173 0.00000 -83.94521 -0.50173 -0.86502 0.00000 60.68867 0.00000 -0.00000 -1.00000 0.00000
1628184915169852 0.82316 -0.56780 0.00000 -80.74067 -0.56780 -0.82316 0.00000 67.05373 0.00000 -0.00000 -1.00000 0.00000
1628184915420479 0.77629 -0.63038 0.00000 -77.05177 -0.63038 -0.77629 0.00000 73.17708 0.00000 -0.00000 -1.00000 0.00000
1628184915670488 0.72911 -0.68440 0.00000 -73.38313 -0.68440 -0.72911 0.00000 78.51310 0.00000 -0.00000 -1.00000 0.00000
1628184915919864 0.68318 -0.73025 0.00000 -69.93008 -0.73025 -0.68318 0.00000 83.09205 0.00000 -0.00000 -1.00000 0.00000
1628184916169877 0.64531 -0.76392 0.00000 -67.46751 -0.76392 -0.64531 0.00000 86.49784 0.00000 -0.00000 -1.00000 0.00000
1628184916420506 0.61892 -0.78545 0.00000 -66.33139 -0.78545 -0.61892 0.00000 88.69915 0.00000 -0.00000 -1.00000 0.00000
1628184916670510 0.60107 -0.79919 0.00000 -66.19908 -0.79919 -0.60107 0.00000 90.14735 0.00000 -0.00000 -1.00000 0.00000
1628184916920506 0.58832 -0.80863 0.00000 -66.68131 -0.80863 -0.58832 0.00000 91.17824 0.00000 -0.00000 -1.00000 0.00000
1628184917169893 0.57893 -0.81538 0.00000 -67.58774 -0.81538 -0.57893 0.00000 91.95288 0.00000 -0.00000 -1.00000 0.00000
1628184917419892 0.57478 -0.81831 0.00000 -69.14140 -0.81831 -0.57478 0.00000 92.28355 0.00000 -0.00000 -1.00000 0.00000
1628184917669913 0.57778 -0.81619 0.00000 -71.54055 -0.81619 -0.57778 0.00000 91.99963 0.00000 -0.00000 -1.00000 0.00000
1628184917920521 0.58253 -0.81281 0.00000 -74.18281 -0.81281 -0.58253 0.00000 91.53587 0.00000 -0.00000 -1.00000 0.00000
1628184918170532 0.58873 -0.80833 0.00000 -77.01363 -0.80833 -0.58873 0.00000 90.91509 0.00000 -0.00000 -1.00000 0.00000
1628184918420537 0.59622 -0.80282 0.00000 -79.99449 -0.80282 -0.59622 0.00000 90.14388 0.00000 -0.00000 -1.00000 0.00000
1628184918670541 0.60552 -0.79583 0.00000 -83.20115 -0.79583 -0.60552 0.00000 89.17056 0.00000 -0.00000 -1.00000 0.00000
1628184918920550 0.61679 -0.78713 0.00000 -86.59533 -0.78713 -0.61679 0.00000 87.92134 0.00000 -0.00000 -1.00000 0.00000
1628184919170547 0.63081 -0.77594 0.00000 -90.29457 -0.77594 -0.63081 0.00000 86.29452 0.00000 -0.00000 -1.00000 0.00000
1628184919420552 0.64623 -0.76314 0.00000 -94.13858 -0.76314 -0.64623 0.00000 84.40751 0.00000 -0.00000 -1.00000 0.00000
1628184919671185 0.66215 -0.74937 0.00000 -97.98835 -0.74937 -0.66215 0.00000 82.34980 0.00000 -0.00000 -1.00000 0.00000
1628184919921195 0.67729 -0.73571 0.00000 -101.73685 -0.73571 -0.67729 0.00000 80.28334 0.00000 -0.00000 -1.00000 0.00000
1628184920171199 0.69230 -0.72161 0.00000 -105.45604 -0.72161 -0.69230 0.00000 78.11797 0.00000 -0.00000 -1.00000 0.00000
1628184920421196 0.70575 -0.70846 0.00000 -108.93273 -0.70846 -0.70575 0.00000 76.07848 0.00000 -0.00000 -1.00000 0.00000
1628184920671205 0.71726 -0.69681 0.00000 -112.20246 -0.69681 -0.71726 0.00000 74.23277 0.00000 -0.00000 -1.00000 0.00000
1628184920921211 0.72797 -0.68561 0.00000 -115.36387 -0.68561 -0.72797 0.00000 72.43052 0.00000 -0.00000 -1.00000 0.00000
1628184921171216 0.73940 -0.67326 0.00000 -118.53883 -0.67326 -0.73940 0.00000 70.43141 0.00000 -0.00000 -1.00000 0.00000
1628184921421217 0.74849 -0.66314 0.00000 -121.49728 -0.66314 -0.74849 0.00000 68.76967 0.00000 -0.00000 -1.00000 0.00000
1628184921671221 0.75996 -0.64997 0.00000 -124.58216 -0.64997 -0.75996 0.00000 66.58002 0.00000 -0.00000 -1.00000 0.00000
1628184921921225 0.77554 -0.63129 0.00000 -128.02144 -0.63129 -0.77554 0.00000 63.48495 0.00000 -0.00000 -1.00000 0.00000
1628184922171781 0.79024 -0.61280 0.00000 -131.29145 -0.61280 -0.79024 0.00000 60.40766 0.00000 -0.00000 -1.00000 0.00000
1628184922421235 0.80897 -0.58785 0.00000 -134.82379 -0.58785 -0.80897 0.00000 56.23644 0.00000 -0.00000 -1.00000 0.00000
1628184922671861 0.83122 -0.55594 0.00000 -138.54381 -0.55594 -0.83122 0.00000 50.90265 0.00000 -0.00000 -1.00000 0.00000
1628184922921865 0.85561 -0.51762 0.00000 -142.27157 -0.51762 -0.85561 0.00000 44.52191 0.00000 -0.00000 -1.00000 0.00000
1628184923171243 0.88759 -0.46064 0.00000 -146.34200 -0.46064 -0.88759 0.00000 35.08594 0.00000 -0.00000 -1.00000 0.00000
1628184923421250 0.92324 -0.38423 0.00000 -150.15448 -0.38423 -0.92324 0.00000 22.59156 0.00000 -0.00000 -1.00000 0.00000
1628184923671256 0.95644 -0.29194 0.00000 -152.91936 -0.29194 -0.95644 0.00000 7.74606 0.00000 -0.00000 -1.00000 0.00000
1628184923921256 0.98339 -0.18151 0.00000 -153.98288 -0.18151 -0.98339 0.00000 -9.69556 0.00000 -0.00000 -1.00000 0.00000
1628184924171263 0.99818 -0.06034 0.00000 -152.73251 -0.06034 -0.99818 0.00000 -28.40738 0.00000 -0.00000 -1.00000 0.00000
1628184924421272 0.99700 0.07746 0.00000 -148.36071 0.07746 -0.99700 0.00000 -49.15233 0.00000 0.00000 -1.00000 0.00000
1628184924671273 0.97292 0.23116 0.00000 -139.87678 0.23116 -0.97292 0.00000 -71.57952 0.00000 0.00000 -1.00000 0.00000
1628184924921277 0.92013 0.39162 0.00000 -126.74110 0.39162 -0.92013 0.00000 -94.09594 0.00000 0.00000 -1.00000 0.00000
1628184925171283 0.83167 0.55526 0.00000 -108.00170 0.55526 -0.83167 0.00000 -115.94699 0.00000 0.00000 -1.00000 0.00000
1628184925421911 0.70834 0.70587 0.00000 -84.34990 0.70587 -0.70834 0.00000 -134.64879 0.00000 0.00000 -1.00000 0.00000
1628184925671928 0.56050 0.82815 0.00000 -57.91672 0.82815 -0.56050 0.00000 -148.25789 0.00000 0.00000 -1.00000 0.00000
1628184925921917 0.39602 0.91824 0.00000 -30.04324 0.91824 -0.39602 0.00000 -156.45580 0.00000 0.00000 -1.00000 0.00000
1628184926171924 0.21936 0.97564 0.00000 -1.42017 0.97564 -0.21936 0.00000 -159.28655 0.00000 0.00000 -1.00000 0.00000
1628184926421300 0.03582 0.99936 0.00000 27.14107 0.99936 -0.03582 0.00000 -156.80232 0.00000 0.00000 -1.00000 0.00000
1628184926670679 -0.15168 0.98843 0.00000 55.15589 0.98843 0.15168 0.00000 -148.95509 0.00000 0.00000 -1.00000 0.00000
1628184926920687 -0.33936 0.94066 0.00000 81.99013 0.94066 0.33936 0.00000 -135.52632 0.00000 0.00000 -1.00000 0.00000
1628184927170691 -0.51965 0.85438 0.00000 106.42579 0.85438 0.51965 0.00000 -116.49809 0.00000 0.00000 -1.00000 0.00000
1628184927420692 -0.68390 0.72957 0.00000 127.14460 0.72957 0.68390 0.00000 -92.18089 0.00000 0.00000 -1.00000 0.00000
1628184927670698 -0.81656 0.57725 0.00000 142.10836 0.57725 0.81656 0.00000 -64.73883 0.00000 0.00000 -1.00000 0.00000
1628184927921957 -0.90334 0.42893 0.00000 150.06312 0.42893 0.90334 0.00000 -39.46558 0.00000 0.00000 -1.00000 0.00000
1628184928172585 -0.95199 0.30614 0.00000 152.84316 0.30614 0.95199 0.00000 -19.35531 0.00000 0.00000 -1.00000 0.00000
1628184928422588 -0.97625 0.21663 0.00000 152.79744 0.21663 0.97625 0.00000 -5.12997 0.00000 0.00000 -1.00000 0.00000
1628184928673221 -0.98710 0.16009 0.00000 151.58280 0.16009 0.98710 0.00000 3.66366 0.00000 0.00000 -1.00000 0.00000
1628184928922596 -0.99088 0.13476 0.00000 150.14689 0.13476 0.99088 0.00000 7.55050 0.00000 0.00000 -1.00000 0.00000
1628184929171977 -0.99022 0.13951 0.00000 148.82854 0.13951 0.99022 0.00000 6.82516 0.00000 0.00000 -1.00000 0.00000
1628184929421360 -0.98574 0.16830 0.00000 147.52674 0.16830 0.98574 0.00000 2.47170 0.00000 0.00000 -1.00000 0.00000
1628184929670113 -0.97841 0.20668 0.00000 146.02059 0.20668 0.97841 0.00000 -3.32480 0.00000 0.00000 -1.00000 0.00000
1628184929919487 -0.96686 0.25531 0.00000 144.13160 0.25531 0.96686 0.00000 -10.63722 0.00000 0.00000 -1.00000 0.00000
1628184930169495 -0.95073 0.31002 0.00000 141.68577 0.31002 0.95073 0.00000 -18.84949 0.00000 0.00000 -1.00000 0.00000
1628184930419502 -0.92931 0.36929 0.00000 138.54771 0.36929 0.92931 0.00000 -27.75980 0.00000 0.00000 -1.00000 0.00000
1628184930669506 -0.90530 0.42478 0.00000 134.87518 0.42478 0.90530 0.00000 -36.09366 0.00000 0.00000 -1.00000 0.00000
1628184930919516 -0.88048 0.47408 0.00000 130.88388 0.47408 0.88048 0.00000 -43.49072 0.00000 0.00000 -1.00000 0.00000
1628184931169511 -0.85582 0.51727 0.00000 126.72000 0.51727 0.85582 0.00000 -49.95001 0.00000 0.00000 -1.00000 0.00000
1628184931419514 -0.82971 0.55819 0.00000 122.26476 0.55819 0.82971 0.00000 -56.05159 0.00000 0.00000 -1.00000 0.00000
1628184931669514 -0.79995 0.60007 0.00000 117.29542 0.60007 0.79995 0.00000 -62.27708 0.00000 0.00000 -1.00000 0.00000
1628184931919528 -0.76619 0.64262 0.00000 111.79177 0.64262 0.76619 0.00000 -68.57561 0.00000 0.00000 -1.00000 0.00000
1628184932169543 -0.73092 0.68246 0.00000 105.98547 0.68246 0.73092 0.00000 -74.43025 0.00000 0.00000 -1.00000 0.00000
1628184932419538 -0.69326 0.72069 0.00000 99.83748 0.72069 0.69326 0.00000 -79.99769 0.00000 0.00000 -1.00000 0.00000
1628184932668915 -0.66009 0.75119 0.00000 94.08224 0.75119 0.66009 0.00000 -84.41092 0.00000 0.00000 -1.00000 0.00000
1628184932919544 -0.63155 0.77534 0.00000 88.75372 0.77534 0.63155 0.00000 -87.88428 0.00000 0.00000 -1.00000 0.00000
1628184933169552 -0.61202 0.79085 0.00000 84.44867 0.79085 0.61202 0.00000 -90.11771 0.00000 0.00000 -1.00000 0.00000
1628184933419553 -0.59687 0.80234 0.00000 80.57814 0.80234 0.59687 0.00000 -91.75496 0.00000 0.00000 -1.00000 0.00000
1628184933669567 -0.58298 0.81249 0.00000 76.85323 0.81249 0.58298 0.00000 -93.16232 0.00000 0.00000 -1.00000 0.00000
1628184933919560 -0.57102 0.82094 0.00000 73.35420 0.82094 0.57102 0.00000 -94.30918 0.00000 0.00000 -1.00000 0.00000
1628184934169570 -0.55960 0.82876 0.00000 69.90484 0.82876 0.55960 0.00000 -95.35229 0.00000 0.00000 -1.00000 0.00000
1628184934419573 -0.55276 0.83334 0.00000 66.99431 0.83334 0.55276 0.00000 -95.96712 0.00000 0.00000 -1.00000 0.00000
1628184934669574 -0.55125 0.83434 0.00000 64.70345 0.83434 0.55125 0.00000 -96.14274 0.00000 0.00000 -1.00000 0.00000
1628184934919580 -0.56123 0.82766 0.00000 63.75075 0.82766 0.56123 0.00000 -95.42614 0.00000 0.00000 -1.00000 0.00000
1628184935169586 -0.58323 0.81231 0.00000 64.20771 0.81231 0.58323 0.00000 -93.75720 0.00000 0.00000 -1.00000 0.00000
1628184935420214 -0.61358 0.78964 0.00000 65.63954 0.78964 0.61358 0.00000 -91.33210 0.00000 0.00000 -1.00000 0.00000
1628184935670218 -0.64925 0.76057 0.00000 67.72685 0.76057 0.64925 0.00000 -88.29585 0.00000 0.00000 -1.00000 0.00000
1628184935920226 -0.68733 0.72635 0.00000 70.11524 0.72635 0.68733 0.00000 -84.79360 0.00000 0.00000 -1.00000 0.00000
1628184936170228 -0.72928 0.68421 0.00000 73.04444 0.68421 0.72928 0.00000 -80.55841 0.00000 0.00000 -1.00000 0.00000
1628184936420234 -0.77552 0.63133 0.00000 76.52696 0.63133 0.77552 0.00000 -75.32137 0.00000 0.00000 -1.00000 0.00000
1628184936670237 -0.82427 0.56619 0.00000 80.42375 0.56619 0.82427 0.00000 -68.95585 0.00000 0.00000 -1.00000 0.00000
1628184936920871 -0.86941 0.49409 0.00000 84.06325 0.49409 0.86941 0.00000 -61.95695 0.00000 0.00000 -1.00000 0.00000
1628184937170869 -0.90591 0.42346 0.00000 86.80500 0.42346 0.90591 0.00000 -55.15902 0.00000 0.00000 -1.00000 0.00000
1628184937421498 -0.93586 0.35238 0.00000 88.88638 0.35238 0.93586 0.00000 -48.38762 0.00000 0.00000 -1.00000 0.00000
1628184937670876 -0.95892 0.28367 0.00000 90.25279 0.28367 0.95892 0.00000 -41.90997 0.00000 0.00000 -1.00000 0.00000
1628184937921506 -0.97661 0.21502 0.00000 91.06950 0.21502 0.97661 0.00000 -35.46612 0.00000 0.00000 -1.00000 0.00000
1628184938171511 -0.98920 0.14655 0.00000 91.36281 0.14655 0.98920 0.00000 -29.13541 0.00000 0.00000 -1.00000 0.00000
1628184938421514 -0.99666 0.08172 0.00000 91.08543 0.08172 0.99666 0.00000 -23.18128 0.00000 0.00000 -1.00000 0.00000
1628184938671516 -0.99981 0.01940 0.00000 90.35320 0.01940 0.99981 0.00000 -17.53435 0.00000 0.00000 -1.00000 0.00000
1628184938921528 -0.99941 -0.03432 -0.00000 89.12420 -0.03432 0.99941 0.00000 -12.71047 0.00000 0.00000 -1.00000 0.00000
1628184939171530 -0.99702 -0.07715 -0.00000 87.47658 -0.07715 0.99702 0.00000 -8.93331 0.00000 0.00000 -1.00000 0.00000
1628184939421535 -0.99356 -0.11331 -0.00000 85.61327 -0.11331 0.99356 0.00000 -5.81779 0.00000 0.00000 -1.00000 0.00000
1628184939671540 -0.98932 -0.14578 -0.00000 83.59997 -0.14578 0.98932 0.00000 -3.06671 0.00000 0.00000 -1.00000 0.00000
1628184939922164 -0.98437 -0.17611 -0.00000 81.42628 -0.17611 0.98437 0.00000 -0.55642 0.00000 0.00000 -1.00000 0.00000
1628184940172182 -0.98068 -0.19560 -0.00000 79.14472 -0.19560 0.98068 0.00000 1.00923 0.00000 0.00000 -1.00000 0.00000
1628184940421557 -0.97788 -0.20917 -0.00000 76.83557 -0.20917 0.97788 0.00000 2.06691 0.00000 0.00000 -1.00000 0.00000
1628184940671559 -0.97595 -0.21799 -0.00000 74.47544 -0.21799 0.97595 0.00000 2.71557 0.00000 0.00000 -1.00000 0.00000
1628184940921561 -0.97414 -0.22593 -0.00000 72.06849 -0.22593 0.97414 0.00000 3.26877 0.00000 0.00000 -1.00000 0.00000
1628184941171565 -0.97266 -0.23221 -0.00000 69.65787 -0.23221 0.97266 0.00000 3.68600 0.00000 0.00000 -1.00000 0.00000
1628184941421574 -0.97135 -0.23764 -0.00000 67.25091 -0.23764 0.97135 0.00000 4.01954 0.00000 0.00000 -1.00000 0.00000
1628184941671580 -0.96974 -0.24415 -0.00000 64.85972 -0.24415 0.96974 0.00000 4.42878 0.00000 0.00000 -1.00000 0.00000
1628184941922202 -0.96838 -0.24947 -0.00000 62.47135 -0.24947 0.96838 0.00000 4.74869 0.00000 0.00000 -1.00000 0.00000
1628184942172204 -0.96693 -0.25504 -0.00000 60.10007 -0.25504 0.96693 0.00000 5.05673 0.00000 0.00000 -1.00000 0.00000
1628184942422210 -0.96520 -0.26152 -0.00000 57.73879 -0.26152 0.96520 0.00000 5.39348 0.00000 0.00000 -1.00000 0.00000
1628184942671598 -0.96277 -0.27033 -0.00000 55.38329 -0.27033 0.96277 0.00000 5.85422 0.00000 0.00000 -1.00000 0.00000
1628184942921600 -0.95976 -0.28081 -0.00000 53.04137 -0.28081 0.95976 0.00000 6.40633 0.00000 0.00000 -1.00000 0.00000
1628184943172225 -0.95736 -0.28890 -0.00000 50.74728 -0.28890 0.95736 0.00000 6.78658 0.00000 0.00000 -1.00000 0.00000
1628184943421607 -0.95532 -0.29558 -0.00000 48.46509 -0.29558 0.95532 0.00000 7.09502 0.00000 0.00000 -1.00000 0.00000
1628184943671612 -0.95476 -0.29739 -0.00000 46.26915 -0.29739 0.95476 0.00000 7.17260 0.00000 0.00000 -1.00000 0.00000
1628184943921613 -0.95769 -0.28781 -0.00000 44.15649 -0.28781 0.95769 0.00000 6.69416 0.00000 0.00000 -1.00000 0.00000
1628184944171622 -0.96304 -0.26937 -0.00000 42.11589 -0.26937 0.96304 0.00000 5.80977 0.00000 0.00000 -1.00000 0.00000
1628184944422245 -0.97004 -0.24296 -0.00000 40.11721 -0.24296 0.97004 0.00000 4.64224 0.00000 0.00000 -1.00000 0.00000
1628184944671624 -0.97545 -0.22024 -0.00000 38.09748 -0.22024 0.97545 0.00000 3.68621 0.00000 0.00000 -1.00000 0.00000
1628184944921632 -0.98069 -0.19557 -0.00000 36.09637 -0.19557 0.98069 0.00000 2.69232 0.00000 0.00000 -1.00000 0.00000
1628184945172261 -0.98467 -0.17444 -0.00000 34.01572 -0.17444 0.98467 0.00000 1.87047 0.00000 0.00000 -1.00000 0.00000
1628184945421642 -0.98743 -0.15803 -0.00000 31.98940 -0.15803 0.98743 0.00000 1.29006 0.00000 0.00000 -1.00000 0.00000
1628184945672270 -0.98929 -0.14594 -0.00000 29.91253 -0.14594 0.98929 0.00000 0.84502 0.00000 0.00000 -1.00000 0.00000
1628184945921648 -0.98959 -0.14393 -0.00000 27.83634 -0.14393 0.98959 0.00000 0.72858 0.00000 0.00000 -1.00000 0.00000
1628184946171657 -0.98967 -0.14336 -0.00000 25.79706 -0.14336 0.98967 0.00000 0.66077 0.00000 0.00000 -1.00000 0.00000
1628184946421655 -0.98968 -0.14333 -0.00000 23.71328 -0.14333 0.98968 0.00000 0.62466 0.00000 0.00000 -1.00000 0.00000
1628184946671658 -0.98969 -0.14321 -0.00000 21.65107 -0.14321 0.98969 0.00000 0.57359 0.00000 0.00000 -1.00000 0.00000
1628184946921667 -0.98956 -0.14412 -0.00000 19.56956 -0.14412 0.98956 0.00000 0.54699 0.00000 0.00000 -1.00000 0.00000
1628184947171673 -0.98942 -0.14510 -0.00000 17.49271 -0.14510 0.98942 0.00000 0.52212 0.00000 0.00000 -1.00000 0.00000
1628184947421679 -0.98922 -0.14646 -0.00000 15.39830 -0.14646 0.98922 0.00000 0.50183 0.00000 0.00000 -1.00000 0.00000
1628184947672312 -0.98907 -0.14743 -0.00000 13.33919 -0.14743 0.98907 0.00000 0.47620 0.00000 0.00000 -1.00000 0.00000
1628184947921689 -0.98893 -0.14837 -0.00000 11.24678 -0.14837 0.98893 0.00000 0.44782 0.00000 0.00000 -1.00000 0.00000
1628184948172322 -0.98834 -0.15226 -0.00000 9.16753 -0.15226 0.98834 0.00000 0.45405 0.00000 0.00000 -1.00000 0.00000
1628184948422318 -0.98778 -0.15588 -0.00000 7.09353 -0.15588 0.98778 0.00000 0.46529 0.00000 0.00000 -1.00000 0.00000
1628184948672327 -0.98696 -0.16095 -0.00000 5.02388 -0.16095 0.98696 0.00000 0.48243 0.00000 0.00000 -1.00000 0.00000
1628184948922329 -0.98620 -0.16558 -0.00000 2.95226 -0.16558 0.98620 0.00000 0.48505 0.00000 0.00000 -1.00000 0.00000
1628184949171710 -0.98543 -0.17006 -0.00000 0.88851 -0.17006 0.98543 0.00000 0.47436 0.00000 0.00000 -1.00000 0.00000
1628184949421715 -0.98458 -0.17495 -0.00000 -1.17184 -0.17495 0.98458 0.00000 0.44204 0.00000 0.00000 -1.00000 0.00000
1628184949671097 -0.98380 -0.17930 -0.00000 -3.25394 -0.17930 0.98380 0.00000 0.39763 0.00000 0.00000 -1.00000 0.00000
1628184949921094 -0.98318 -0.18266 -0.00000 -5.34273 -0.18266 0.98318 0.00000 0.34901 0.00000 0.00000 -1.00000 0.00000
1628184950171725 -0.98297 -0.18377 -0.00000 -7.49330 -0.18377 0.98297 0.00000 0.29358 0.00000 0.00000 -1.00000 0.00000
1628184950421727 -0.98254 -0.18607 -0.00000 -9.69646 -0.18607 0.98254 0.00000 0.22955 0.00000 0.00000 -1.00000 0.00000
1628184950671730 -0.98176 -0.19010 -0.00000 -11.94645 -0.19010 0.98176 0.00000 0.17048 0.00000 0.00000 -1.00000 0.00000
1628184950921740 -0.98125 -0.19276 -0.00000 -14.18152 -0.19276 0.98125 0.00000 0.12301 0.00000 0.00000 -1.00000 0.00000
1628184951171744 -0.98096 -0.19420 -0.00000 -16.49761 -0.19420 0.98096 0.00000 0.04587 0.00000 0.00000 -1.00000 0.00000
1628184951421746 -0.98036 -0.19719 -0.00000 -18.77973 -0.19719 0.98036 0.00000 -0.06229 0.00000 0.00000 -1.00000 0.00000
1628184951671751 -0.97988 -0.19958 -0.00000 -21.10438 -0.19958 0.97988 0.00000 -0.16558 0.00000 0.00000 -1.00000 0.00000
1628184951921755 -0.97937 -0.20209 -0.00000 -23.43557 -0.20209 0.97937 0.00000 -0.28864 0.00000 0.00000 -1.00000 0.00000
1628184952172391 -0.97879 -0.20486 -0.00000 -25.76702 -0.20486 0.97879 0.00000 -0.42763 0.00000 0.00000 -1.00000 0.00000
1628184952422388 -0.97821 -0.20760 -0.00000 -28.09073 -0.20760 0.97821 0.00000 -0.55809 0.00000 0.00000 -1.00000 0.00000
1628184952672393 -0.97724 -0.21216 -0.00000 -30.42050 -0.21216 0.97724 0.00000 -0.72577 0.00000 0.00000 -1.00000 0.00000
1628184952922399 -0.97623 -0.21675 -0.00000 -32.71812 -0.21675 0.97623 0.00000 -0.88806 0.00000 0.00000 -1.00000 0.00000
1628184953171777 -0.97516 -0.22151 -0.00000 -35.01783 -0.22151 0.97516 0.00000 -1.07204 0.00000 0.00000 -1.00000 0.00000
1628184953421164 -0.97407 -0.22623 -0.00000 -37.28836 -0.22623 0.97407 0.00000 -1.27528 0.00000 0.00000 -1.00000 0.00000
1628184953670542 -0.97294 -0.23107 -0.00000 -39.51616 -0.23107 0.97294 0.00000 -1.49636 0.00000 0.00000 -1.00000 0.00000
1628184953921169 -0.97205 -0.23477 -0.00000 -41.78284 -0.23477 0.97205 0.00000 -1.68920 0.00000 0.00000 -1.00000 0.00000
1628184954171174 -0.97137 -0.23756 -0.00000 -43.97050 -0.23756 0.97137 0.00000 -1.85542 0.00000 0.00000 -1.00000 0.00000
1628184954421176 -0.97083 -0.23975 -0.00000 -46.13357 -0.23975 0.97083 0.00000 -2.01507 0.00000 0.00000 -1.00000 0.00000
1628184954671806 -0.97046 -0.24125 -0.00000 -48.26181 -0.24125 0.97046 0.00000 -2.13366 0.00000 0.00000 -1.00000 0.00000
1628184954921807 -0.97043 -0.24137 -0.00000 -50.30598 -0.24137 0.97043 0.00000 -2.18655 0.00000 0.00000 -1.00000 0.00000
1628184955171814 -0.97086 -0.23966 -0.00000 -52.32176 -0.23966 0.97086 0.00000 -2.15155 0.00000 0.00000 -1.00000 0.00000
1628184955421818 -0.97126 -0.23802 -0.00000 -54.24930 -0.23802 0.97126 0.00000 -2.10745 0.00000 0.00000 -1.00000 0.00000
1628184955671822 -0.97260 -0.23250 -0.00000 -56.09430 -0.23250 0.97260 0.00000 -1.82343 0.00000 0.00000 -1.00000 0.00000
1628184955921830 -0.97509 -0.22182 -0.00000 -57.87148 -0.22182 0.97509 0.00000 -1.22272 0.00000 0.00000 -1.00000 0.00000
1628184956172466 -0.97895 -0.20411 -0.00000 -59.55312 -0.20411 0.97895 0.00000 -0.19639 0.00000 0.00000 -1.00000 0.00000
1628184956422462 -0.98391 -0.17869 -0.00000 -61.10285 -0.17869 0.98391 0.00000 1.33056 0.00000 0.00000 -1.00000 0.00000
1628184956671838 -0.98930 -0.14591 -0.00000 -62.49874 -0.14591 0.98930 0.00000 3.33595 0.00000 0.00000 -1.00000 0.00000
1628184956921844 -0.99456 -0.10420 -0.00000 -63.68291 -0.10420 0.99456 0.00000 5.94059 0.00000 0.00000 -1.00000 0.00000
1628184957171853 -0.99858 -0.05328 -0.00000 -64.57174 -0.05328 0.99858 0.00000 9.18114 0.00000 0.00000 -1.00000 0.00000
1628184957421854 -0.99995 0.00993 0.00000 -65.04175 0.00993 0.99995 0.00000 13.23986 0.00000 0.00000 -1.00000 0.00000
1628184957671864 -0.99637 0.08516 0.00000 -64.99247 0.08516 0.99637 0.00000 18.08499 0.00000 0.00000 -1.00000 0.00000
1628184957921863 -0.98436 0.17615 0.00000 -64.19698 0.17615 0.98436 0.00000 23.97581 0.00000 0.00000 -1.00000 0.00000
1628184958171865 -0.96015 0.27949 0.00000 -62.41047 0.27949 0.96015 0.00000 30.62372 0.00000 0.00000 -1.00000 0.00000
1628184958421871 -0.92264 0.38567 0.00000 -59.65667 0.38567 0.92264 0.00000 37.44670 0.00000 0.00000 -1.00000 0.00000
1628184958671252 -0.87410 0.48575 0.00000 -56.20188 0.48575 0.87410 0.00000 43.82519 0.00000 0.00000 -1.00000 0.00000
1628184958921255 -0.81426 0.58049 0.00000 -52.01606 0.58049 0.81426 0.00000 49.81969 0.00000 0.00000 -1.00000 0.00000
1628184959171255 -0.74467 0.66743 0.00000 -47.22579 0.66743 0.74467 0.00000 55.29686 0.00000 0.00000 -1.00000 0.00000
1628184959421272 -0.67013 0.74224 0.00000 -42.20249 0.74224 0.67013 0.00000 59.94163 0.00000 0.00000 -1.00000 0.00000
1628184959671264 -0.58817 0.80873 0.00000 -36.74669 0.80873 0.58817 0.00000 64.03670 0.00000 0.00000 -1.00000 0.00000
1628184959921276 -0.50694 0.86198 0.00000 -31.49996 0.86198 0.50694 0.00000 67.28200 0.00000 0.00000 -1.00000 0.00000
1628184960171274 -0.43499 0.90043 0.00000 -27.10672 0.90043 0.43499 0.00000 69.58265 0.00000 0.00000 -1.00000 0.00000
1628184960421284 -0.38394 0.92336 0.00000 -24.42313 0.92336 0.38394 0.00000 70.95090 0.00000 0.00000 -1.00000 0.00000
1628184960671292 -0.34953 0.93693 0.00000 -23.09458 0.93693 0.34953 0.00000 71.77580 0.00000 0.00000 -1.00000 0.00000
1628184960921292 -0.32554 0.94553 0.00000 -22.63497 0.94553 0.32554 0.00000 72.30765 0.00000 0.00000 -1.00000 0.00000
1628184961170669 -0.31034 0.95063 0.00000 -22.90213 0.95063 0.31034 0.00000 72.63183 0.00000 0.00000 -1.00000 0.00000
1628184961421299 -0.29763 0.95468 0.00000 -23.44363 0.95468 0.29763 0.00000 72.90606 0.00000 0.00000 -1.00000 0.00000
1628184961670682 -0.28559 0.95835 0.00000 -24.07721 0.95835 0.28559 0.00000 73.16505 0.00000 0.00000 -1.00000 0.00000
1628184961920682 -0.27262 0.96212 0.00000 -24.70613 0.96212 0.27262 0.00000 73.44362 0.00000 0.00000 -1.00000 0.00000
1628184962170690 -0.26062 0.96544 0.00000 -25.49154 0.96544 0.26062 0.00000 73.71094 0.00000 0.00000 -1.00000 0.00000
1628184962420694 -0.24870 0.96858 0.00000 -26.31859 0.96858 0.24870 0.00000 73.98714 0.00000 0.00000 -1.00000 0.00000
1628184962670698 -0.23719 0.97146 0.00000 -27.19038 0.97146 0.23719 0.00000 74.27501 0.00000 0.00000 -1.00000 0.00000
1628184962921333 -0.22207 0.97503 0.00000 -27.79428 0.97503 0.22207 0.00000 74.65813 0.00000 0.00000 -1.00000 0.00000
1628184963171331 -0.20482 0.97880 0.00000 -28.26650 0.97880 0.20482 0.00000 75.11460 0.00000 0.00000 -1.00000 0.00000
1628184963420710 -0.18118 0.98345 0.00000 -28.22461 0.98345 0.18118 0.00000 75.75490 0.00000 0.00000 -1.00000 0.00000
1628184963670717 -0.15054 0.98860 0.00000 -27.64589 0.98860 0.15054 0.00000 76.58955 0.00000 0.00000 -1.00000 0.00000
1628184963920722 -0.11781 0.99304 0.00000 -26.87774 0.99304 0.11781 0.00000 77.44872 0.00000 0.00000 -1.00000 0.00000
1628184964170738 -0.08656 0.99625 0.00000 -26.22255 0.99625 0.08656 0.00000 78.24698 0.00000 0.00000 -1.00000 0.00000
1628184964421358 -0.06196 0.99808 0.00000 -26.08509 0.99808 0.06196 0.00000 78.84166 0.00000 0.00000 -1.00000 0.00000
1628184964670734 -0.05354 0.99857 0.00000 -27.20065 0.99857 0.05354 0.00000 78.98272 0.00000 0.00000 -1.00000 0.00000
1628184964920742 -0.06046 0.99817 0.00000 -29.48838 0.99817 0.06046 0.00000 78.72757 0.00000 0.00000 -1.00000 0.00000
1628184965171367 -0.07934 0.99685 0.00000 -32.77876 0.99685 0.07934 0.00000 78.09654 0.00000 0.00000 -1.00000 0.00000
1628184965420748 -0.10294 0.99469 0.00000 -36.46019 0.99469 0.10294 0.00000 77.26766 0.00000 0.00000 -1.00000 0.00000
1628184965670763 -0.12747 0.99184 0.00000 -40.20024 0.99184 0.12747 0.00000 76.28695 0.00000 0.00000 -1.00000 0.00000
1628184965920753 -0.15736 0.98754 0.00000 -44.30035 0.98754 0.15736 0.00000 74.98733 0.00000 0.00000 -1.00000 0.00000
1628184966170758 -0.18529 0.98268 0.00000 -48.36601 0.98268 0.18529 0.00000 73.64519 0.00000 0.00000 -1.00000 0.00000
1628184966420763 -0.21039 0.97762 0.00000 -52.21565 0.97762 0.21039 0.00000 72.35027 0.00000 0.00000 -1.00000 0.00000
1628184966671391 -0.22590 0.97415 0.00000 -55.36853 0.97415 0.22590 0.00000 71.45485 0.00000 0.00000 -1.00000 0.00000
1628184966921403 -0.23710 0.97148 0.00000 -58.23578 0.97148 0.23710 0.00000 70.77794 0.00000 0.00000 -1.00000 0.00000
1628184967171403 -0.24063 0.97062 0.00000 -60.54401 0.97062 0.24063 0.00000 70.53322 0.00000 0.00000 -1.00000 0.00000
1628184967420787 -0.24103 0.97052 0.00000 -62.63100 0.97052 0.24103 0.00000 70.47644 0.00000 0.00000 -1.00000 0.00000
1628184967670787 -0.24042 0.97067 0.00000 -64.66011 0.97067 0.24042 0.00000 70.49413 0.00000 0.00000 -1.00000 0.00000
1628184967921416 -0.23893 0.97104 0.00000 -66.56405 0.97104 0.23893 0.00000 70.54635 0.00000 0.00000 -1.00000 0.00000
1628184968171425 -0.23622 0.97170 0.00000 -68.39196 0.97170 0.23622 0.00000 70.68458 0.00000 0.00000 -1.00000 0.00000
1628184968421427 -0.23450 0.97212 0.00000 -70.25641 0.97212 0.23450 0.00000 70.76008 0.00000 0.00000 -1.00000 0.00000
1628184968671430 -0.23424 0.97218 0.00000 -72.18183 0.97218 0.23424 0.00000 70.75059 0.00000 0.00000 -1.00000 0.00000
1628184968922065 -0.23468 0.97207 0.00000 -74.09550 0.97207 0.23468 0.00000 70.69016 0.00000 0.00000 -1.00000 0.00000
1628184969171438 -0.23941 0.97092 0.00000 -76.24889 0.97092 0.23941 0.00000 70.27823 0.00000 0.00000 -1.00000 0.00000
1628184969421447 -0.25099 0.96799 0.00000 -78.83435 0.96799 0.25099 0.00000 69.31855 0.00000 0.00000 -1.00000 0.00000
1628184969672075 -0.26969 0.96295 0.00000 -81.85139 0.96295 0.26969 0.00000 67.72349 0.00000 0.00000 -1.00000 0.00000
1628184969922081 -0.29733 0.95477 0.00000 -85.39169 0.95477 0.29733 0.00000 65.29603 0.00000 0.00000 -1.00000 0.00000
1628184970172082 -0.33095 0.94365 0.00000 -89.20399 0.94365 0.33095 0.00000 62.19257 0.00000 0.00000 -1.00000 0.00000
1628184970422091 -0.37702 0.92621 0.00000 -93.65211 0.92621 0.37702 0.00000 57.65378 0.00000 0.00000 -1.00000 0.00000
