1618527348747220 0.96800 0.25097 0.00000 3.75329 0.25097 -0.96800 0.00000 0.90075 0.00000 0.00000 -1.00000 0.00000
1618527348997225 0.96799 0.25098 0.00000 3.75330 0.25098 -0.96799 0.00000 0.90076 0.00000 0.00000 -1.00000 0.00000
1618527349246603 0.96799 0.25099 0.00000 3.75331 0.25099 -0.96799 0.00000 0.90080 0.00000 0.00000 -1.00000 0.00000
1618527349496609 0.96799 0.25099 0.00000 3.75329 0.25099 -0.96799 0.00000 0.90080 0.00000 0.00000 -1.00000 0.00000
1618527349746612 0.96798 0.25101 0.00000 3.75327 0.25101 -0.96798 0.00000 0.90091 0.00000 0.00000 -1.00000 0.00000
1618527349996613 0.96798 0.25102 0.00000 3.75325 0.25102 -0.96798 0.00000 0.90089 0.00000 0.00000 -1.00000 0.00000
1618527350247243 0.96798 0.25103 0.00000 3.75326 0.25103 -0.96798 0.00000 0.90097 0.00000 0.00000 -1.00000 0.00000
1618527350497874 0.96798 0.25102 0.00000 3.75325 0.25102 -0.96798 0.00000 0.90092 0.00000 0.00000 -1.00000 0.00000
1618527350747876 0.96798 0.25104 0.00000 3.75319 0.25104 -0.96798 0.00000 0.90098 0.00000 0.00000 -1.00000 0.00000
1618527350997881 0.96799 0.25100 0.00000 3.75322 0.25100 -0.96799 0.00000 0.90090 0.00000 0.00000 -1.00000 0.00000
1618527351247880 0.96798 0.25102 0.00000 3.75318 0.25102 -0.96798 0.00000 0.90093 0.00000 0.00000 -1.00000 0.00000
1618527351497889 0.96798 0.25103 0.00000 3.75321 0.25103 -0.96798 0.00000 0.90100 0.00000 0.00000 -1.00000 0.00000
1618527351747262 0.96798 0.25102 0.00000 3.75316 0.25102 -0.96798 0.00000 0.90185 0.00000 0.00000 -1.00000 0.00000
1618527351997267 0.96796 0.25110 0.00000 3.75196 0.25110 -0.96796 0.00000 0.90357 0.00000 0.00000 -1.00000 0.00000
1618527352246643 0.96803 0.25084 0.00000 3.73844 0.25084 -0.96803 0.00000 0.90282 0.00000 0.00000 -1.00000 0.00000
1618527352496645 0.96841 0.24938 0.00000 3.70703 0.24938 -0.96841 0.00000 0.89795 0.00000 0.00000 -1.00000 0.00000
1618527352746026 0.96902 0.24697 0.00000 3.66625 0.24697 -0.96902 0.00000 0.88775 0.00000 0.00000 -1.00000 0.00000
1618527352996654 0.97023 0.24220 0.00000 3.59621 0.24220 -0.97023 0.00000 0.86714 0.00000 0.00000 -1.00000 0.00000
1618527353246654 0.97272 0.23199 0.00000 3.46020 0.23199 -0.97272 0.00000 0.82105 0.00000 0.00000 -1.00000 0.00000
1618527353497904 0.97658 0.21517 0.00000 3.22673 0.21517 -0.97658 0.00000 0.74881 0.00000 0.00000 -1.00000 0.00000
1618527353748538 0.98136 0.19219 0.00000 2.89846 0.19219 -0.98136 0.00000 0.65763 0.00000 0.00000 -1.00000 0.00000
1618527353998544 0.98619 0.16565 0.00000 2.47696 0.16565 -0.98619 0.00000 0.56199 0.00000 0.00000 -1.00000 0.00000
1618527354248545 0.98994 0.14151 0.00000 1.94399 0.14151 -0.98994 0.00000 0.48573 0.00000 0.00000 -1.00000 0.00000
1618527354498552 0.99255 0.12185 0.00000 1.30045 0.12185 -0.99255 0.00000 0.43394 0.00000 0.00000 -1.00000 0.00000
1618527354747303 0.99414 0.10806 0.00000 0.55550 0.10806 -0.99414 0.00000 0.39538 0.00000 0.00000 -1.00000 0.00000
1618527354997306 0.99509 0.09899 0.00000 -0.29442 0.09899 -0.99509 0.00000 0.37938 0.00000 0.00000 -1.00000 0.00000
1618527355247308 0.99584 0.09107 0.00000 -1.23131 0.09107 -0.99584 0.00000 0.36738 0.00000 0.00000 -1.00000 0.00000
1618527355497311 0.99641 0.08460 0.00000 -2.24121 0.08460 -0.99641 0.00000 0.35864 0.00000 0.00000 -1.00000 0.00000
1618527355747319 0.99688 0.07895 0.00000 -3.32619 0.07895 -0.99688 0.00000 0.36762 0.00000 0.00000 -1.00000 0.00000
1618527355996696 0.99707 0.07644 0.00000 -4.47131 0.07644 -0.99707 0.00000 0.37343 0.00000 0.00000 -1.00000 0.00000
1618527356246695 0.99708 0.07642 0.00000 -5.64865 0.07642 -0.99708 0.00000 0.36230 0.00000 0.00000 -1.00000 0.00000
1618527356496701 0.99707 0.07645 0.00000 -6.87312 0.07645 -0.99707 0.00000 0.35186 0.00000 0.00000 -1.00000 0.00000
1618527356747329 0.99702 0.07714 0.00000 -8.15422 0.07714 -0.99702 0.00000 0.33625 0.00000 0.00000 -1.00000 0.00000
1618527356997328 0.99652 0.08333 0.00000 -9.46704 0.08333 -0.99652 0.00000 0.24785 0.00000 0.00000 -1.00000 0.00000
1618527357247335 0.99562 0.09353 0.00000 -10.83181 0.09353 -0.99562 0.00000 0.12344 0.00000 0.00000 -1.00000 0.00000
1618527357497340 0.99414 0.10814 0.00000 -12.27900 0.10814 -0.99414 0.00000 -0.06870 0.00000 0.00000 -1.00000 0.00000
1618527357747342 0.99263 0.12122 0.00000 -13.76475 0.12122 -0.99263 0.00000 -0.24841 0.00000 0.00000 -1.00000 0.00000
1618527357996718 0.99143 0.13066 0.00000 -15.24758 0.13066 -0.99143 0.00000 -0.41259 0.00000 0.00000 -1.00000 0.00000
1618527358246720 0.99056 0.13707 0.00000 -16.84644 0.13707 -0.99056 0.00000 -0.53326 0.00000 0.00000 -1.00000 0.00000
1618527358496730 0.98992 0.14164 0.00000 -18.46194 0.14164 -0.98992 0.00000 -0.64615 0.00000 0.00000 -1.00000 0.00000
1618527358746732 0.98885 0.14889 0.00000 -20.12524 0.14889 -0.98885 0.00000 -0.82313 0.00000 0.00000 -1.00000 0.00000
1618527358997361 0.98760 0.15700 0.00000 -21.83659 0.15700 -0.98760 0.00000 -1.02578 0.00000 0.00000 -1.00000 0.00000
1618527359247982 0.98589 0.16738 0.00000 -23.53906 0.16738 -0.98589 0.00000 -1.29466 0.00000 0.00000 -1.00000 0.00000
1618527359498610 0.98386 0.17894 0.00000 -25.22493 0.17894 -0.98386 0.00000 -1.61148 0.00000 0.00000 -1.00000 0.00000
1618527359748620 0.98164 0.19075 0.00000 -26.91279 0.19075 -0.98164 0.00000 -1.95341 0.00000 0.00000 -1.00000 0.00000
1618527359999247 0.97920 0.20292 0.00000 -28.57650 0.20292 -0.97920 0.00000 -2.33621 0.00000 0.00000 -1.00000 0.00000
1618527360249249 0.97689 0.21374 0.00000 -30.26128 0.21374 -0.97689 0.00000 -2.70505 0.00000 0.00000 -1.00000 0.00000
1618527360498001 0.97431 0.22520 0.00000 -31.96331 0.22520 -0.97431 0.00000 -3.07749 0.00000 0.00000 -1.00000 0.00000
1618527360748630 0.97256 0.23265 0.00000 -33.62892 0.23265 -0.97256 0.00000 -3.35433 0.00000 0.00000 -1.00000 0.00000
1618527360998635 0.97135 0.23765 0.00000 -35.38368 0.23765 -0.97135 0.00000 -3.52322 0.00000 0.00000 -1.00000 0.00000
1618527361248013 0.97069 0.24034 0.00000 -37.12524 0.24034 -0.97069 0.00000 -3.69559 0.00000 0.00000 -1.00000 0.00000
1618527361498018 0.96979 0.24393 0.00000 -38.83414 0.24393 -0.96979 0.00000 -3.84573 0.00000 0.00000 -1.00000 0.00000
1618527361748020 0.96875 0.24806 0.00000 -40.61591 0.24806 -0.96875 0.00000 -4.05832 0.00000 0.00000 -1.00000 0.00000
1618527361997394 0.96863 0.24852 0.00000 -42.41616 0.24852 -0.96863 0.00000 -4.10045 0.00000 0.00000 -1.00000 0.00000
1618527362248029 0.96864 0.24847 0.00000 -44.23562 0.24847 -0.96864 0.00000 -4.13936 0.00000 0.00000 -1.00000 0.00000
1618527362497404 0.96863 0.24850 0.00000 -46.09115 0.24850 -0.96863 0.00000 -4.18325 0.00000 0.00000 -1.00000 0.00000
1618527362747404 0.96865 0.24842 0.00000 -47.96863 0.24842 -0.96865 0.00000 -4.20869 0.00000 0.00000 -1.00000 0.00000
1618527362997406 0.96858 0.24871 0.00000 -49.87334 0.24871 -0.96858 0.00000 -4.26150 0.00000 0.00000 -1.00000 0.00000
1618527363247421 0.96888 0.24752 0.00000 -51.82960 0.24752 -0.96888 0.00000 -4.25613 0.00000 0.00000 -1.00000 0.00000
1618527363497419 0.96826 0.24994 0.00000 -53.75669 0.24994 -0.96826 0.00000 -4.43099 0.00000 0.00000 -1.00000 0.00000
1618527363747457 0.96852 0.24893 0.00000 -55.75733 0.24893 -0.96852 0.00000 -4.42056 0.00000 0.00000 -1.00000 0.00000
1618527363997423 0.96840 0.24942 0.00000 -57.77976 0.24942 -0.96840 0.00000 -4.50148 0.00000 0.00000 -1.00000 0.00000
1618527364247426 0.96837 0.24953 0.00000 -59.78703 0.24953 -0.96837 0.00000 -4.56230 0.00000 0.00000 -1.00000 0.00000
1618527364496809 0.96844 0.24925 0.00000 -61.79885 0.24925 -0.96844 0.00000 -4.58626 0.00000 0.00000 -1.00000 0.00000
1618527364746810 0.96827 0.24990 0.00000 -63.79666 0.24990 -0.96827 0.00000 -4.66107 0.00000 0.00000 -1.00000 0.00000
1618527364997437 0.96822 0.25011 0.00000 -65.80762 0.25011 -0.96822 0.00000 -4.70546 0.00000 0.00000 -1.00000 0.00000
1618527365247442 0.96843 0.24929 0.00000 -67.80390 0.24929 -0.96843 0.00000 -4.68790 0.00000 0.00000 -1.00000 0.00000
1618527365497441 0.96833 0.24966 0.00000 -69.79673 0.24966 -0.96833 0.00000 -4.76039 0.00000 0.00000 -1.00000 0.00000
1618527365747448 0.96878 0.24792 0.00000 -71.78890 0.24792 -0.96878 0.00000 -4.66749 0.00000 0.00000 -1.00000 0.00000
1618527365997452 0.97005 0.24292 0.00000 -73.78263 0.24292 -0.97005 0.00000 -4.33586 0.00000 0.00000 -1.00000 0.00000
1618527366247454 0.97234 0.23356 0.00000 -75.78302 0.23356 -0.97234 0.00000 -3.65805 0.00000 0.00000 -1.00000 0.00000
1618527366497459 0.97591 0.21818 0.00000 -77.76292 0.21818 -0.97591 0.00000 -2.46469 0.00000 0.00000 -1.00000 0.00000
1618527366747461 0.98104 0.19380 0.00000 -79.70158 0.19380 -0.98104 0.00000 -0.54742 0.00000 0.00000 -1.00000 0.00000
1618527366997473 0.98633 0.16479 0.00000 -81.58572 0.16479 -0.98633 0.00000 1.78767 0.00000 0.00000 -1.00000 0.00000
1618527367246840 0.99166 0.12888 0.00000 -83.33698 0.12888 -0.99166 0.00000 4.73218 0.00000 0.00000 -1.00000 0.00000
1618527367497471 0.99610 0.08824 0.00000 -84.91220 0.08824 -0.99610 0.00000 8.12622 0.00000 0.00000 -1.00000 0.00000
1618527367747476 0.99905 0.04353 0.00000 -86.29640 0.04353 -0.99905 0.00000 11.90607 0.00000 0.00000 -1.00000 0.00000
1618527367997481 0.99999 -0.00435 0.00000 -87.44543 -0.00435 -0.99999 0.00000 16.01618 0.00000 -0.00000 -1.00000 0.00000
1618527368247479 0.99867 -0.05157 0.00000 -88.38640 -0.05157 -0.99867 0.00000 20.11869 0.00000 -0.00000 -1.00000 0.00000
1618527368497482 0.99479 -0.10196 0.00000 -89.01184 -0.10196 -0.99479 0.00000 24.54553 0.00000 -0.00000 -1.00000 0.00000
1618527368747488 0.98799 -0.15450 0.00000 -89.32381 -0.15450 -0.98799 0.00000 29.21344 0.00000 -0.00000 -1.00000 0.00000
1618527368997484 0.97843 -0.20659 0.00000 -89.39524 -0.20659 -0.97843 0.00000 33.89992 0.00000 -0.00000 -1.00000 0.00000
1618527369247497 0.96581 -0.25926 0.00000 -89.13910 -0.25926 -0.96581 0.00000 38.68022 0.00000 -0.00000 -1.00000 0.00000
1618527369496874 0.94993 -0.31245 0.00000 -88.57250 -0.31245 -0.94993 0.00000 43.55929 0.00000 -0.00000 -1.00000 0.00000
1618527369746874 0.92843 -0.37150 0.00000 -87.35938 -0.37150 -0.92843 0.00000 49.04516 0.00000 -0.00000 -1.00000 0.00000
1618527369997503 0.90166 -0.43244 0.00000 -85.62017 -0.43244 -0.90166 0.00000 54.74038 0.00000 -0.00000 -1.00000 0.00000
1618527370247504 0.86909 -0.49465 0.00000 -83.23670 -0.49465 -0.86909 0.00000 60.61831 0.00000 -0.00000 -1.00000 0.00000
1618527370498136 0.83233 -0.55428 0.00000 -80.44659 -0.55428 -0.83233 0.00000 66.27640 0.00000 -0.00000 -1.00000 0.00000
1618527370748142 0.79168 -0.61094 0.00000 -77.28438 -0.61094 -0.79168 0.00000 71.70774 0.00000 -0.00000 -1.00000 0.00000
1618527370997514 0.75077 -0.66056 0.00000 -74.16125 -0.66056 -0.75077 0.00000 76.52444 0.00000 -0.00000 -1.00000 0.00000
1618527371247518 0.71091 -0.70328 0.00000 -71.20271 -0.70328 -0.71091 0.00000 80.71389 0.00000 -0.00000 -1.00000 0.00000
1618527371496896 0.67285 -0.73978 0.00000 -68.49876 -0.73978 -0.67285 0.00000 84.33206 0.00000 -0.00000 -1.00000 0.00000
1618527371746280 0.64022 -0.76819 0.00000 -66.48981 -0.76819 -0.64022 0.00000 87.18961 0.00000 -0.00000 -1.00000 0.00000
1618527371996907 0.61378 -0.78948 0.00000 -65.20682 -0.78948 -0.61378 0.00000 89.35700 0.00000 -0.00000 -1.00000 0.00000
1618527372246907 0.59226 -0.80575 0.00000 -64.51463 -0.80575 -0.59226 0.00000 91.05479 0.00000 -0.00000 -1.00000 0.00000
1618527372497535 0.57630 -0.81724 0.00000 -64.47603 -0.81724 -0.57630 0.00000 92.29525 0.00000 -0.00000 -1.00000 0.00000
1618527372747535 0.56490 -0.82516 0.00000 -64.97739 -0.82516 -0.56490 0.00000 93.17422 0.00000 -0.00000 -1.00000 0.00000
1618527372997545 0.55956 -0.82879 0.00000 -66.19154 -0.82879 -0.55956 0.00000 93.58838 0.00000 -0.00000 -1.00000 0.00000
1618527373247545 0.55932 -0.82895 0.00000 -68.00397 -0.82895 -0.55932 0.00000 93.59225 0.00000 -0.00000 -1.00000 0.00000
1618527373497546 0.56444 -0.82548 0.00000 -70.44369 -0.82548 -0.56444 0.00000 93.13719 0.00000 -0.00000 -1.00000 0.00000
1618527373746920 0.57451 -0.81849 0.00000 -73.45741 -0.81849 -0.57451 0.00000 92.21726 0.00000 -0.00000 -1.00000 0.00000
1618527373997562 0.58656 -0.80991 0.00000 -76.72776 -0.80991 -0.58656 0.00000 91.07308 0.00000 -0.00000 -1.00000 0.00000
1618527374247558 0.60038 -0.79972 0.00000 -80.20544 -0.79972 -0.60038 0.00000 89.69037 0.00000 -0.00000 -1.00000 0.00000
1618527374497561 0.61442 -0.78898 0.00000 -83.72999 -0.78898 -0.61442 0.00000 88.22024 0.00000 -0.00000 -1.00000 0.00000
1618527374747564 0.62886 -0.77752 0.00000 -87.27688 -0.77752 -0.62886 0.00000 86.61267 0.00000 -0.00000 -1.00000 0.00000
1618527374997579 0.64171 -0.76695 0.00000 -90.63026 -0.76695 -0.64171 0.00000 85.09954 0.00000 -0.00000 -1.00000 0.00000
1618527375247570 0.65456 -0.75601 0.00000 -93.99384 -0.75601 -0.65456 0.00000 83.49940 0.00000 -0.00000 -1.00000 0.00000
1618527375497575 0.66658 -0.74543 0.00000 -97.23035 -0.74543 -0.66658 0.00000 81.94480 0.00000 -0.00000 -1.00000 0.00000
1618527375747576 0.67568 -0.73719 0.00000 -100.11364 -0.73719 -0.67568 0.00000 80.69561 0.00000 -0.00000 -1.00000 0.00000
1618527375997581 0.68199 -0.73136 0.00000 -102.69973 -0.73136 -0.68199 0.00000 79.80498 0.00000 -0.00000 -1.00000 0.00000
1618527376247584 0.68669 -0.72695 0.00000 -105.08670 -0.72695 -0.68669 0.00000 79.09642 0.00000 -0.00000 -1.00000 0.00000
1618527376496962 0.69269 -0.72124 0.00000 -107.56242 -0.72124 -0.69269 0.00000 78.18727 0.00000 -0.00000 -1.00000 0.00000
1618527376746968 0.69712 -0.71696 0.00000 -109.87710 -0.71696 -0.69712 0.00000 77.48286 0.00000 -0.00000 -1.00000 0.00000
1618527376997595 0.70109 -0.71307 0.00000 -112.12600 -0.71307 -0.70109 0.00000 76.82519 0.00000 -0.00000 -1.00000 0.00000
1618527377247594 0.70650 -0.70772 0.00000 -114.46421 -0.70772 -0.70650 0.00000 75.93141 0.00000 -0.00000 -1.00000 0.00000
1618527377497601 0.71052 -0.70367 0.00000 -116.69233 -0.70367 -0.71052 0.00000 75.23505 0.00000 -0.00000 -1.00000 0.00000
1618527377747621 0.71516 -0.69896 0.00000 -118.93854 -0.69896 -0.71516 0.00000 74.42538 0.00000 -0.00000 -1.00000 0.00000
1618527377997608 0.72224 -0.69165 0.00000 -121.40333 -0.69165 -0.72224 0.00000 73.17029 0.00000 -0.00000 -1.00000 0.00000
1618527378247611 0.72951 -0.68397 0.00000 -123.89351 -0.68397 -0.72951 0.00000 71.85399 0.00000 -0.00000 -1.00000 0.00000
1618527378496993 0.73608 -0.67689 0.00000 -126.28195 -0.67689 -0.73608 0.00000 70.60975 0.00000 -0.00000 -1.00000 0.00000
1618527378746367 0.74405 -0.66813 0.00000 -128.77247 -0.66813 -0.74405 0.00000 69.07372 0.00000 -0.00000 -1.00000 0.00000
1618527378996371 0.75903 -0.65106 0.00000 -131.95252 -0.65106 -0.75903 0.00000 66.08106 0.00000 -0.00000 -1.00000 0.00000
1618527379246999 0.78352 -0.62137 0.00000 -136.04213 -0.62137 -0.78352 0.00000 60.90743 0.00000 -0.00000 -1.00000 0.00000
1618527379497000 0.81535 -0.57897 0.00000 -140.64265 -0.57897 -0.81535 0.00000 53.57506 0.00000 -0.00000 -1.00000 0.00000
1618527379747632 0.85299 -0.52193 0.00000 -145.46225 -0.52193 -0.85299 0.00000 43.80260 0.00000 -0.00000 -1.00000 0.00000
1618527379998258 0.89320 -0.44967 0.00000 -149.99177 -0.44967 -0.89320 0.00000 31.57739 0.00000 -0.00000 -1.00000 0.00000
1618527380248265 0.93386 -0.35763 0.00000 -153.70171 -0.35763 -0.93386 0.00000 16.30678 0.00000 -0.00000 -1.00000 0.00000
1618527380498265 0.96666 -0.25606 0.00000 -155.76182 -0.25606 -0.96666 0.00000 -0.18931 0.00000 -0.00000 -1.00000 0.00000
1618527380748272 0.98939 -0.14526 0.00000 -155.82028 -0.14526 -0.98939 0.00000 -17.79035 0.00000 -0.00000 -1.00000 0.00000
1618527380997643 0.99977 -0.02161 0.00000 -153.41770 -0.02161 -0.99977 0.00000 -36.94548 0.00000 -0.00000 -1.00000 0.00000
1618527381247646 0.99288 0.11911 0.00000 -147.64430 0.11911 -0.99288 0.00000 -58.15076 0.00000 0.00000 -1.00000 0.00000
1618527381497030 0.96387 0.26638 0.00000 -138.15598 0.26638 -0.96387 0.00000 -79.59094 0.00000 0.00000 -1.00000 0.00000
1618527381747030 0.90772 0.41958 0.00000 -124.22549 0.41958 -0.90772 0.00000 -100.99412 0.00000 0.00000 -1.00000 0.00000
1618527381997037 0.82233 0.56902 0.00000 -105.90418 0.56902 -0.82233 0.00000 -120.78933 0.00000 0.00000 -1.00000 0.00000
1618527382247661 0.70520 0.70901 0.00000 -83.00752 0.70901 -0.70520 0.00000 -138.01831 0.00000 0.00000 -1.00000 0.00000
1618527382498289 0.56332 0.82624 0.00000 -57.10605 0.82624 -0.56332 0.00000 -150.86417 0.00000 0.00000 -1.00000 0.00000
1618527382748292 0.40434 0.91461 0.00000 -29.60880 0.91461 -0.40434 0.00000 -158.69606 0.00000 0.00000 -1.00000 0.00000
1618527382998306 0.23536 0.97191 0.00000 -1.69973 0.97191 -0.23536 0.00000 -161.41168 0.00000 0.00000 -1.00000 0.00000
1618527383248301 0.06084 0.99815 0.00000 25.93821 0.99815 -0.06084 0.00000 -159.16250 0.00000 0.00000 -1.00000 0.00000
1618527383497678 -0.11634 0.99321 0.00000 52.86404 0.99321 0.11634 0.00000 -152.07125 0.00000 0.00000 -1.00000 0.00000
1618527383747679 -0.29287 0.95615 0.00000 78.53903 0.95615 0.29287 0.00000 -140.08914 0.00000 0.00000 -1.00000 0.00000
1618527383997692 -0.46322 0.88624 0.00000 102.09494 0.88624 0.46322 0.00000 -123.29466 0.00000 0.00000 -1.00000 0.00000
1618527384247692 -0.62235 0.78274 0.00000 122.72837 0.78274 0.62235 0.00000 -101.76871 0.00000 0.00000 -1.00000 0.00000
1618527384497694 -0.75544 0.65521 0.00000 138.45404 0.65521 0.75544 0.00000 -77.48728 0.00000 0.00000 -1.00000 0.00000
1618527384747695 -0.84877 0.52876 0.00000 147.96264 0.52876 0.84877 0.00000 -54.82846 0.00000 0.00000 -1.00000 0.00000
1618527384997703 -0.90940 0.41593 0.00000 152.76953 0.41593 0.90940 0.00000 -35.47182 0.00000 0.00000 -1.00000 0.00000
1618527385247704 -0.94473 0.32784 0.00000 154.39746 0.32784 0.94473 0.00000 -20.81131 0.00000 0.00000 -1.00000 0.00000
1618527385497706 -0.96343 0.26797 0.00000 154.28160 0.26797 0.96343 0.00000 -11.10925 0.00000 0.00000 -1.00000 0.00000
1618527385747706 -0.97153 0.23690 0.00000 153.37470 0.23690 0.97153 0.00000 -6.14947 0.00000 0.00000 -1.00000 0.00000
1618527385997087 -0.97371 0.22778 0.00000 152.18227 0.22778 0.97371 0.00000 -4.74297 0.00000 0.00000 -1.00000 0.00000
1618527386247095 -0.97304 0.23065 0.00000 150.87250 0.23065 0.97304 0.00000 -5.21611 0.00000 0.00000 -1.00000 0.00000
1618527386496470 -0.97006 0.24285 0.00000 149.47749 0.24285 0.97006 0.00000 -7.14359 0.00000 0.00000 -1.00000 0.00000
1618527386746475 -0.96426 0.26495 0.00000 147.90159 0.26495 0.96426 0.00000 -10.58048 0.00000 0.00000 -1.00000 0.00000
1618527386997726 -0.95686 0.29056 0.00000 146.10220 0.29056 0.95686 0.00000 -14.52959 0.00000 0.00000 -1.00000 0.00000
1618527387248352 -0.94565 0.32519 0.00000 143.99120 0.32519 0.94565 0.00000 -19.85516 0.00000 0.00000 -1.00000 0.00000
1618527387498359 -0.92976 0.36816 0.00000 141.40414 0.36816 0.92976 0.00000 -26.44081 0.00000 0.00000 -1.00000 0.00000
1618527387747737 -0.91169 0.41088 0.00000 138.44432 0.41088 0.91169 0.00000 -32.99514 0.00000 0.00000 -1.00000 0.00000
1618527387997742 -0.89074 0.45451 0.00000 135.02901 0.45451 0.89074 0.00000 -39.67336 0.00000 0.00000 -1.00000 0.00000
1618527388247121 -0.86801 0.49654 0.00000 131.25472 0.49654 0.86801 0.00000 -46.09564 0.00000 0.00000 -1.00000 0.00000
1618527388497117 -0.84348 0.53716 0.00000 127.13819 0.53716 0.84348 0.00000 -52.29409 0.00000 0.00000 -1.00000 0.00000
1618527388747127 -0.81895 0.57386 0.00000 122.88537 0.57386 0.81895 0.00000 -57.87041 0.00000 0.00000 -1.00000 0.00000
1618527388997127 -0.79411 0.60778 0.00000 118.48285 0.60778 0.79411 0.00000 -63.00299 0.00000 0.00000 -1.00000 0.00000
1618527389247759 -0.76841 0.63996 0.00000 113.87784 0.63996 0.76841 0.00000 -67.85937 0.00000 0.00000 -1.00000 0.00000
1618527389498379 -0.74483 0.66726 0.00000 109.40504 0.66726 0.74483 0.00000 -71.95746 0.00000 0.00000 -1.00000 0.00000
1618527389748383 -0.72154 0.69237 0.00000 104.88710 0.69237 0.72154 0.00000 -75.67437 0.00000 0.00000 -1.00000 0.00000
1618527389998389 -0.69568 0.71836 0.00000 100.06232 0.71836 0.69568 0.00000 -79.46931 0.00000 0.00000 -1.00000 0.00000
1618527390247773 -0.67034 0.74205 0.00000 95.22638 0.74205 0.67034 0.00000 -82.89417 0.00000 0.00000 -1.00000 0.00000
1618527390497148 -0.64492 0.76425 0.00000 90.32316 0.76425 0.64492 0.00000 -86.07178 0.00000 0.00000 -1.00000 0.00000
1618527390747152 -0.62044 0.78426 0.00000 85.52998 0.78426 0.62044 0.00000 -88.92023 0.00000 0.00000 -1.00000 0.00000
1618527390997164 -0.59727 0.80204 0.00000 80.81841 0.80204 0.59727 0.00000 -91.42707 0.00000 0.00000 -1.00000 0.00000
1618527391247158 -0.57860 0.81561 0.00000 76.61395 0.81561 0.57860 0.00000 -93.30725 0.00000 0.00000 -1.00000 0.00000
1618527391497785 -0.56531 0.82488 0.00000 73.01280 0.82488 0.56531 0.00000 -94.56810 0.00000 0.00000 -1.00000 0.00000
1618527391748409 -0.55497 0.83187 0.00000 69.73744 0.83187 0.55497 0.00000 -95.51208 0.00000 0.00000 -1.00000 0.00000
1618527391998415 -0.55276 0.83334 0.00000 67.40828 0.83334 0.55276 0.00000 -95.74724 0.00000 0.00000 -1.00000 0.00000
1618527392248420 -0.55865 0.82940 0.00000 66.01425 0.82940 0.55865 0.00000 -95.32759 0.00000 0.00000 -1.00000 0.00000
1618527392498434 -0.57130 0.82074 0.00000 65.40672 0.82074 0.57130 0.00000 -94.36306 0.00000 0.00000 -1.00000 0.00000
1618527392748424 -0.58756 0.80918 0.00000 65.23682 0.80918 0.58756 0.00000 -93.10010 0.00000 0.00000 -1.00000 0.00000
1618527392997807 -0.61127 0.79142 0.00000 65.94462 0.79142 0.61127 0.00000 -91.19792 0.00000 0.00000 -1.00000 0.00000
1618527393247811 -0.64465 0.76448 0.00000 67.79123 0.76448 0.64465 0.00000 -88.36395 0.00000 0.00000 -1.00000 0.00000
1618527393497812 -0.68431 0.72919 0.00000 70.38349 0.72919 0.68431 0.00000 -84.72429 0.00000 0.00000 -1.00000 0.00000
1618527393747813 -0.72707 0.68657 0.00000 73.41158 0.68657 0.72707 0.00000 -80.39267 0.00000 0.00000 -1.00000 0.00000
1618527393997819 -0.77115 0.63666 0.00000 76.66979 0.63666 0.77115 0.00000 -75.40554 0.00000 0.00000 -1.00000 0.00000
1618527394247198 -0.81188 0.58383 0.00000 79.60577 0.58383 0.81188 0.00000 -70.19865 0.00000 0.00000 -1.00000 0.00000
1618527394497828 -0.84812 0.52980 0.00000 82.12900 0.52980 0.84812 0.00000 -64.94766 0.00000 0.00000 -1.00000 0.00000
1618527394747823 -0.87900 0.47681 0.00000 84.10332 0.47681 0.87900 0.00000 -59.87273 0.00000 0.00000 -1.00000 0.00000
1618527394997832 -0.90588 0.42354 0.00000 85.68954 0.42354 0.90588 0.00000 -54.81531 0.00000 0.00000 -1.00000 0.00000
1618527395247837 -0.93022 0.36701 0.00000 87.06551 0.36701 0.93022 0.00000 -49.50690 0.00000 0.00000 -1.00000 0.00000
1618527395498467 -0.95071 0.31007 0.00000 88.07198 0.31007 0.95071 0.00000 -44.21228 0.00000 0.00000 -1.00000 0.00000
1618527395747876 -0.96822 0.25010 0.00000 88.84572 0.25010 0.96822 0.00000 -38.67774 0.00000 0.00000 -1.00000 0.00000
1618527395997848 -0.98147 0.19159 0.00000 89.18609 0.19159 0.98147 0.00000 -33.34983 0.00000 0.00000 -1.00000 0.00000
1618527396247848 -0.99151 0.13002 0.00000 89.25677 0.13002 0.99151 0.00000 -27.78849 0.00000 0.00000 -1.00000 0.00000
1618527396497853 -0.99756 0.06977 0.00000 88.94925 0.06977 0.99756 0.00000 -22.41219 0.00000 0.00000 -1.00000 0.00000
1618527396747858 -0.99996 0.00867 0.00000 88.30446 0.00867 0.99996 0.00000 -17.00569 0.00000 0.00000 -1.00000 0.00000
1618527396997858 -0.99900 -0.04482 -0.00000 87.20200 -0.04482 0.99900 0.00000 -12.29529 0.00000 0.00000 -1.00000 0.00000
1618527397247859 -0.99579 -0.09163 -0.00000 85.77619 -0.09163 0.99579 0.00000 -8.25049 0.00000 0.00000 -1.00000 0.00000
1618527397498493 -0.99114 -0.13285 -0.00000 84.11206 -0.13285 0.99114 0.00000 -4.73677 0.00000 0.00000 -1.00000 0.00000
1618527397747873 -0.98543 -0.17009 -0.00000 82.30826 -0.17009 0.98543 0.00000 -1.61714 0.00000 0.00000 -1.00000 0.00000
1618527397997875 -0.97988 -0.19961 -0.00000 80.32451 -0.19961 0.97988 0.00000 0.79502 0.00000 0.00000 -1.00000 0.00000
1618527398247876 -0.97511 -0.22174 -0.00000 78.29011 -0.22174 0.97511 0.00000 2.59537 0.00000 0.00000 -1.00000 0.00000
1618527398497878 -0.97221 -0.23410 -0.00000 76.23491 -0.23410 0.97221 0.00000 3.54189 0.00000 0.00000 -1.00000 0.00000
1618527398747260 -0.96981 -0.24386 -0.00000 74.11797 -0.24386 0.96981 0.00000 4.26542 0.00000 0.00000 -1.00000 0.00000
1618527398997273 -0.96774 -0.25194 -0.00000 71.96647 -0.25194 0.96774 0.00000 4.83759 0.00000 0.00000 -1.00000 0.00000
1618527399247265 -0.96620 -0.25779 -0.00000 69.78150 -0.25779 0.96620 0.00000 5.23120 0.00000 0.00000 -1.00000 0.00000
1618527399497895 -0.96483 -0.26289 -0.00000 67.56493 -0.26289 0.96483 0.00000 5.55291 0.00000 0.00000 -1.00000 0.00000
1618527399747899 -0.96421 -0.26514 -0.00000 65.35722 -0.26514 0.96421 0.00000 5.68265 0.00000 0.00000 -1.00000 0.00000
1618527399997904 -0.96449 -0.26411 -0.00000 63.13575 -0.26411 0.96449 0.00000 5.58792 0.00000 0.00000 -1.00000 0.00000
1618527400247898 -0.96492 -0.26255 -0.00000 60.89661 -0.26255 0.96492 0.00000 5.43924 0.00000 0.00000 -1.00000 0.00000
1618527400497905 -0.96517 -0.26164 -0.00000 58.61138 -0.26164 0.96517 0.00000 5.32408 0.00000 0.00000 -1.00000 0.00000
1618527400747281 -0.96450 -0.26408 -0.00000 56.30473 -0.26408 0.96450 0.00000 5.40843 0.00000 0.00000 -1.00000 0.00000
1618527400997910 -0.96251 -0.27124 -0.00000 53.96916 -0.27124 0.96251 0.00000 5.77375 0.00000 0.00000 -1.00000 0.00000
1618527401247914 -0.96038 -0.27871 -0.00000 51.67214 -0.27871 0.96038 0.00000 6.12490 0.00000 0.00000 -1.00000 0.00000
1618527401498544 -0.95855 -0.28494 -0.00000 49.35426 -0.28494 0.95855 0.00000 6.40894 0.00000 0.00000 -1.00000 0.00000
1618527401748552 -0.95774 -0.28765 -0.00000 47.09634 -0.28765 0.95774 0.00000 6.51128 0.00000 0.00000 -1.00000 0.00000
1618527401998547 -0.95737 -0.28885 -0.00000 44.87383 -0.28885 0.95737 0.00000 6.54251 0.00000 0.00000 -1.00000 0.00000
1618527402248552 -0.96003 -0.27989 -0.00000 42.71813 -0.27989 0.96003 0.00000 6.08299 0.00000 0.00000 -1.00000 0.00000
1618527402498555 -0.96408 -0.26562 -0.00000 40.63626 -0.26562 0.96408 0.00000 5.42704 0.00000 0.00000 -1.00000 0.00000
1618527402749186 -0.96915 -0.24648 -0.00000 38.56124 -0.24648 0.96915 0.00000 4.60676 0.00000 0.00000 -1.00000 0.00000
1618527402998564 -0.97451 -0.22436 -0.00000 36.55441 -0.22436 0.97451 0.00000 3.70022 0.00000 0.00000 -1.00000 0.00000
1618527403247941 -0.97899 -0.20390 -0.00000 34.46182 -0.20390 0.97899 0.00000 2.89507 0.00000 0.00000 -1.00000 0.00000
1618527403497942 -0.98185 -0.18964 -0.00000 32.36022 -0.18964 0.98185 0.00000 2.37698 0.00000 0.00000 -1.00000 0.00000
1618527403747955 -0.98454 -0.17518 -0.00000 30.24043 -0.17518 0.98454 0.00000 1.86120 0.00000 0.00000 -1.00000 0.00000
1618527403997324 -0.98614 -0.16593 -0.00000 28.05904 -0.16593 0.98614 0.00000 1.52289 0.00000 0.00000 -1.00000 0.00000
1618527404247328 -0.98725 -0.15920 -0.00000 25.89624 -0.15920 0.98725 0.00000 1.27728 0.00000 0.00000 -1.00000 0.00000
1618527404497332 -0.98797 -0.15468 -0.00000 23.66423 -0.15468 0.98797 0.00000 1.12083 0.00000 0.00000 -1.00000 0.00000
1618527404747963 -0.98856 -0.15082 -0.00000 21.41468 -0.15082 0.98856 0.00000 0.97555 0.00000 0.00000 -1.00000 0.00000
1618527404998593 -0.98860 -0.15057 -0.00000 19.11961 -0.15057 0.98860 0.00000 0.91827 0.00000 0.00000 -1.00000 0.00000
1618527405249217 -0.98858 -0.15070 -0.00000 16.79977 -0.15070 0.98858 0.00000 0.87696 0.00000 0.00000 -1.00000 0.00000
1618527405498596 -0.98841 -0.15179 -0.00000 14.44444 -0.15179 0.98841 0.00000 0.85908 0.00000 0.00000 -1.00000 0.00000
1618527405748603 -0.98860 -0.15058 -0.00000 12.10948 -0.15058 0.98860 0.00000 0.79913 0.00000 0.00000 -1.00000 0.00000
1618527405998605 -0.98842 -0.15174 -0.00000 9.71035 -0.15174 0.98842 0.00000 0.77487 0.00000 0.00000 -1.00000 0.00000
1618527406247355 -0.98848 -0.15135 -0.00000 7.35109 -0.15135 0.98848 0.00000 0.74098 0.00000 0.00000 -1.00000 0.00000
1618527406497363 -0.98819 -0.15321 -0.00000 4.97111 -0.15321 0.98819 0.00000 0.72086 0.00000 0.00000 -1.00000 0.00000
1618527406747989 -0.98779 -0.15579 -0.00000 2.56975 -0.15579 0.98779 0.00000 0.70049 0.00000 0.00000 -1.00000 0.00000
1618527406997375 -0.98726 -0.15913 -0.00000 0.20015 -0.15913 0.98726 0.00000 0.68462 0.00000 0.00000 -1.00000 0.00000
1618527407247371 -0.98682 -0.16181 -0.00000 -2.17022 -0.16181 0.98682 0.00000 0.64459 0.00000 0.00000 -1.00000 0.00000
1618527407497371 -0.98623 -0.16537 -0.00000 -4.53362 -0.16537 0.98623 0.00000 0.59308 0.00000 0.00000 -1.00000 0.00000
1618527407747999 -0.98558 -0.16921 -0.00000 -6.86550 -0.16921 0.98558 0.00000 0.52312 0.00000 0.00000 -1.00000 0.00000
1618527407998629 -0.98476 -0.17390 -0.00000 -9.19493 -0.17390 0.98476 0.00000 0.42989 0.00000 0.00000 -1.00000 0.00000
1618527408249260 -0.98370 -0.17979 -0.00000 -11.52850 -0.17979 0.98370 0.00000 0.35257 0.00000 0.00000 -1.00000 0.00000
1618527408499885 -0.98291 -0.18410 -0.00000 -13.77459 -0.18410 0.98291 0.00000 0.28639 0.00000 0.00000 -1.00000 0.00000
1618527408749264 -0.98200 -0.18887 -0.00000 -16.06294 -0.18887 0.98200 0.00000 0.15743 0.00000 0.00000 -1.00000 0.00000
1618527408999267 -0.98096 -0.19420 -0.00000 -18.29792 -0.19420 0.98096 0.00000 0.01394 0.00000 0.00000 -1.00000 0.00000
1618527409248645 -0.97988 -0.19958 -0.00000 -20.52744 -0.19958 0.97988 0.00000 -0.14392 0.00000 0.00000 -1.00000 0.00000
1618527409498025 -0.97891 -0.20430 -0.00000 -22.74972 -0.20430 0.97891 0.00000 -0.30893 0.00000 0.00000 -1.00000 0.00000
1618527409748029 -0.97797 -0.20875 -0.00000 -24.94860 -0.20875 0.97797 0.00000 -0.47872 0.00000 0.00000 -1.00000 0.00000
1618527409998027 -0.97700 -0.21325 -0.00000 -27.11771 -0.21325 0.97700 0.00000 -0.66191 0.00000 0.00000 -1.00000 0.00000
1618527410247409 -0.97607 -0.21747 -0.00000 -29.27971 -0.21747 0.97607 0.00000 -0.81915 0.00000 0.00000 -1.00000 0.00000
1618527410498035 -0.97546 -0.22019 -0.00000 -31.42001 -0.22019 0.97546 0.00000 -0.91382 0.00000 0.00000 -1.00000 0.00000
1618527410747420 -0.97481 -0.22304 -0.00000 -33.52886 -0.22304 0.97481 0.00000 -1.02972 0.00000 0.00000 -1.00000 0.00000
1618527410997421 -0.97404 -0.22637 -0.00000 -35.64696 -0.22637 0.97404 0.00000 -1.16588 0.00000 0.00000 -1.00000 0.00000
1618527411248044 -0.97353 -0.22856 -0.00000 -37.71988 -0.22856 0.97353 0.00000 -1.27645 0.00000 0.00000 -1.00000 0.00000
1618527411498671 -0.97296 -0.23095 -0.00000 -39.78948 -0.23095 0.97296 0.00000 -1.39854 0.00000 0.00000 -1.00000 0.00000
1618527411749306 -0.97310 -0.23039 -0.00000 -41.87563 -0.23039 0.97310 0.00000 -1.40757 0.00000 0.00000 -1.00000 0.00000
1618527411999303 -0.97299 -0.23087 -0.00000 -43.88112 -0.23087 0.97299 0.00000 -1.47674 0.00000 0.00000 -1.00000 0.00000
1618527412249313 -0.97326 -0.22970 -0.00000 -45.86947 -0.22970 0.97326 0.00000 -1.47981 0.00000 0.00000 -1.00000 0.00000
1618527412499315 -0.97345 -0.22888 -0.00000 -47.80946 -0.22888 0.97345 0.00000 -1.48299 0.00000 0.00000 -1.00000 0.00000
1618527412748692 -0.97360 -0.22824 -0.00000 -49.67087 -0.22824 0.97360 0.00000 -1.49553 0.00000 0.00000 -1.00000 0.00000
1618527412998073 -0.97412 -0.22604 -0.00000 -51.50275 -0.22604 0.97412 0.00000 -1.43400 0.00000 0.00000 -1.00000 0.00000
1618527413247448 -0.97448 -0.22446 -0.00000 -53.26400 -0.22446 0.97448 0.00000 -1.38808 0.00000 0.00000 -1.00000 0.00000
1618527413497452 -0.97504 -0.22204 -0.00000 -54.96758 -0.22204 0.97504 0.00000 -1.30124 0.00000 0.00000 -1.00000 0.00000
1618527413748080 -0.97623 -0.21674 -0.00000 -56.60458 -0.21674 0.97623 0.00000 -1.00936 0.00000 0.00000 -1.00000 0.00000
1618527413998087 -0.97813 -0.20800 -0.00000 -58.16985 -0.20800 0.97813 0.00000 -0.52921 0.00000 0.00000 -1.00000 0.00000
1618527414248087 -0.98089 -0.19454 -0.00000 -59.63975 -0.19454 0.98089 0.00000 0.24990 0.00000 0.00000 -1.00000 0.00000
1618527414497467 -0.98441 -0.17589 -0.00000 -61.00405 -0.17589 0.98441 0.00000 1.35996 0.00000 0.00000 -1.00000 0.00000
1618527414747464 -0.98841 -0.15179 -0.00000 -62.24905 -0.15179 0.98841 0.00000 2.82369 0.00000 0.00000 -1.00000 0.00000
1618527414997482 -0.99279 -0.11986 -0.00000 -63.33203 -0.11986 0.99279 0.00000 4.81201 0.00000 0.00000 -1.00000 0.00000
1618527415248095 -0.99683 -0.07950 -0.00000 -64.22890 -0.07950 0.99683 0.00000 7.36221 0.00000 0.00000 -1.00000 0.00000
1618527415498101 -0.99949 -0.03180 -0.00000 -64.88441 -0.03180 0.99949 0.00000 10.41232 0.00000 0.00000 -1.00000 0.00000
1618527415748109 -0.99964 0.02700 0.00000 -65.19115 0.02700 0.99964 0.00000 14.19524 0.00000 0.00000 -1.00000 0.00000
1618527415998112 -0.99537 0.09609 0.00000 -65.06761 0.09609 0.99537 0.00000 18.65648 0.00000 0.00000 -1.00000 0.00000
1618527416248107 -0.98488 0.17324 0.00000 -64.43202 0.17324 0.98488 0.00000 23.64790 0.00000 0.00000 -1.00000 0.00000
1618527416498116 -0.96657 0.25639 0.00000 -63.17521 0.25639 0.96657 0.00000 29.01852 0.00000 0.00000 -1.00000 0.00000
1618527416747494 -0.93901 0.34390 0.00000 -61.21349 0.34390 0.93901 0.00000 34.69175 0.00000 0.00000 -1.00000 0.00000
1618527416997499 -0.89941 0.43711 0.00000 -58.34951 0.43711 0.89941 0.00000 40.68604 0.00000 0.00000 -1.00000 0.00000
1618527417247498 -0.84762 0.53061 0.00000 -54.63056 0.53061 0.84762 0.00000 46.65263 0.00000 0.00000 -1.00000 0.00000
1618527417497509 -0.78264 0.62248 0.00000 -50.01854 0.62248 0.78264 0.00000 52.49395 0.00000 0.00000 -1.00000 0.00000
1618527417748135 -0.70473 0.70947 0.00000 -44.56716 0.70947 0.70473 0.00000 57.94529 0.00000 0.00000 -1.00000 0.00000
1618527417998136 -0.61801 0.78617 0.00000 -38.61952 0.78617 0.61801 0.00000 62.68384 0.00000 0.00000 -1.00000 0.00000
1618527418248142 -0.52691 0.84992 0.00000 -32.52331 0.84992 0.52691 0.00000 66.56295 0.00000 0.00000 -1.00000 0.00000
1618527418497519 -0.44501 0.89553 0.00000 -27.31230 0.89553 0.44501 0.00000 69.28417 0.00000 0.00000 -1.00000 0.00000
1618527418747524 -0.38157 0.92434 0.00000 -23.65324 0.92434 0.38157 0.00000 70.97271 0.00000 0.00000 -1.00000 0.00000
1618527418997528 -0.33960 0.94057 0.00000 -21.73723 0.94057 0.33960 0.00000 71.93410 0.00000 0.00000 -1.00000 0.00000
1618527419247529 -0.30832 0.95128 0.00000 -20.73508 0.95128 0.30832 0.00000 72.58382 0.00000 0.00000 -1.00000 0.00000
1618527419497529 -0.28712 0.95789 0.00000 -20.57789 0.95789 0.28712 0.00000 72.99833 0.00000 0.00000 -1.00000 0.00000
1618527419748162 -0.27341 0.96190 0.00000 -21.08102 0.96190 0.27341 0.00000 73.25607 0.00000 0.00000 -1.00000 0.00000
1618527419998158 -0.26668 0.96378 0.00000 -22.18665 0.96378 0.26668 0.00000 73.37425 0.00000 0.00000 -1.00000 0.00000
1618527420248167 -0.26343 0.96468 0.00000 -23.60604 0.96468 0.26343 0.00000 73.40034 0.00000 0.00000 -1.00000 0.00000
1618527420498174 -0.26012 0.96558 0.00000 -25.11270 0.96558 0.26012 0.00000 73.44048 0.00000 0.00000 -1.00000 0.00000
1618527420748172 -0.25535 0.96685 0.00000 -26.55291 0.96685 0.25535 0.00000 73.52370 0.00000 0.00000 -1.00000 0.00000
1618527420997548 -0.24861 0.96860 0.00000 -27.84505 0.96860 0.24861 0.00000 73.68339 0.00000 0.00000 -1.00000 0.00000
1618527421247550 -0.23593 0.97177 0.00000 -28.69909 0.97177 0.23593 0.00000 74.00697 0.00000 0.00000 -1.00000 0.00000
1618527421497562 -0.21910 0.97570 0.00000 -29.29789 0.97570 0.21910 0.00000 74.46638 0.00000 0.00000 -1.00000 0.00000
1618527421748187 -0.19639 0.98053 0.00000 -29.44401 0.98053 0.19639 0.00000 75.10635 0.00000 0.00000 -1.00000 0.00000
1618527421998188 -0.17197 0.98510 0.00000 -29.48641 0.98510 0.17197 0.00000 75.79240 0.00000 0.00000 -1.00000 0.00000
1618527422248817 -0.14694 0.98915 0.00000 -29.48812 0.98915 0.14694 0.00000 76.50200 0.00000 0.00000 -1.00000 0.00000
1618527422498821 -0.12555 0.99209 0.00000 -29.80060 0.99209 0.12555 0.00000 77.09748 0.00000 0.00000 -1.00000 0.00000
1618527422748825 -0.10763 0.99419 0.00000 -30.39333 0.99419 0.10763 0.00000 77.57761 0.00000 0.00000 -1.00000 0.00000
1618527422998217 -0.10304 0.99468 0.00000 -31.98994 0.99468 0.10304 0.00000 77.63793 0.00000 0.00000 -1.00000 0.00000
1618527423247585 -0.10677 0.99428 0.00000 -34.23250 0.99428 0.10677 0.00000 77.47391 0.00000 0.00000 -1.00000 0.00000
1618527423498208 -0.11109 0.99381 0.00000 -36.61319 0.99381 0.11109 0.00000 77.28880 0.00000 0.00000 -1.00000 0.00000
1618527423748212 -0.11798 0.99302 0.00000 -39.13480 0.99302 0.11798 0.00000 76.97172 0.00000 0.00000 -1.00000 0.00000
1618527423998219 -0.12905 0.99164 0.00000 -41.92267 0.99164 0.12905 0.00000 76.48749 0.00000 0.00000 -1.00000 0.00000
1618527424248220 -0.14105 0.99000 0.00000 -44.86969 0.99000 0.14105 0.00000 75.92285 0.00000 0.00000 -1.00000 0.00000
1618527424497598 -0.15256 0.98829 0.00000 -47.77027 0.98829 0.15256 0.00000 75.36466 0.00000 0.00000 -1.00000 0.00000
1618527424747600 -0.16135 0.98690 0.00000 -50.44669 0.98690 0.16135 0.00000 74.88196 0.00000 0.00000 -1.00000 0.00000
1618527424997602 -0.16858 0.98569 0.00000 -53.00618 0.98569 0.16858 0.00000 74.47812 0.00000 0.00000 -1.00000 0.00000
1618527425247895 -0.17595 0.98440 0.00000 -55.55735 0.98440 0.17595 0.00000 74.03622 0.00000 0.00000 -1.00000 0.00000
1618527425497611 -0.18318 0.98308 0.00000 -58.10718 0.98308 0.18318 0.00000 73.59059 0.00000 0.00000 -1.00000 0.00000
1618527425748864 -0.19000 0.98178 0.00000 -60.63725 0.98178 0.19000 0.00000 73.13373 0.00000 0.00000 -1.00000 0.00000
1618527425999495 -0.19925 0.97995 0.00000 -63.28471 0.97995 0.19925 0.00000 72.53863 0.00000 0.00000 -1.00000 0.00000
1618527426249505 -0.20761 0.97821 0.00000 -65.86418 0.97821 0.20761 0.00000 71.95982 0.00000 0.00000 -1.00000 0.00000
1618527426499500 -0.22198 0.97505 0.00000 -68.86648 0.97505 0.22198 0.00000 70.93038 0.00000 0.00000 -1.00000 0.00000
1618527426749505 -0.24114 0.97049 0.00000 -72.15260 0.97049 0.24114 0.00000 69.50980 0.00000 0.00000 -1.00000 0.00000
1618527426999506 -0.26196 0.96508 0.00000 -75.50815 0.96508 0.26196 0.00000 67.91007 0.00000 0.00000 -1.00000 0.00000
1618527427248893 -0.28272 0.95920 0.00000 -78.80443 0.95920 0.28272 0.00000 66.22154 0.00000 0.00000 -1.00000 0.00000
1618527427498260 -0.30820 0.95132 0.00000 -82.37408 0.95132 0.30820 0.00000 64.02983 0.00000 0.00000 -1.00000 0.00000
1618527427748267 -0.34435 0.93884 0.00000 -86.56343 0.93884 0.34435 0.00000 60.73722 0.00000 0.00000 -1.00000 0.00000
1618527427998269 -0.39225 0.91986 0.00000 -91.35641 0.91986 0.39225 0.00000 56.13634 0.00000 0.00000 -1.00000 0.00000
1618527428247647 -0.44546 0.89530 0.00000 -96.22643 0.89530 0.44546 0.00000 50.63955 0.00000 0.00000 -1.00000 0.00000
1618527428498277 -0.49986 0.86611 0.00000 -100.85596 0.86611 0.49986 0.00000 44.54020 0.00000 0.00000 -1.00000 0.00000
1618527428748277 -0.55999 0.82850 0.00000 -105.43419 0.82850 0.55999 0.00000 37.24356 0.00000 0.00000 -1.00000 0.00000
1618527428998912 -0.61759 0.78650 0.00000 -109.47207 0.78650 0.61759 0.00000 29.56924 0.00000 0.00000 -1.00000 0.00000
1618527429248287 -0.67870 0.73442 0.00000 -113.08091 0.73442 0.67870 0.00000 20.61032 0.00000 0.00000 -1.00000 0.00000
1618527429498289 -0.73634 0.67661 0.00000 -115.94255 0.67661 0.73634 0.00000 11.27205 0.00000 0.00000 -1.00000 0.00000
1618527429748292 -0.79555 0.60588 0.00000 -118.03910 0.60588 0.79555 0.00000 0.46870 0.00000 0.00000 -1.00000 0.00000
1618527429997670 -0.84734 0.53105 0.00000 -119.11407 0.53105 0.84734 0.00000 -10.30078 0.00000 0.00000 -1.00000 0.00000
1618527430247674 -0.89434 0.44739 0.00000 -119.07898 0.44739 0.89434 0.00000 -21.73199 0.00000 0.00000 -1.00000 0.00000
1618527430498300 -0.93159 0.36352 0.00000 -118.07827 0.36352 0.93159 0.00000 -32.59272 0.00000 0.00000 -1.00000 0.00000
1618527430748317 -0.96131 0.27546 0.00000 -115.99741 0.27546 0.96131 0.00000 -43.47250 0.00000 0.00000 -1.00000 0.00000
1618527430998320 -0.98127 0.19262 0.00000 -113.31985 0.19262 0.98127 0.00000 -53.22040 0.00000 0.00000 -1.00000 0.00000
1618527431248316 -0.99284 0.11945 0.00000 -110.49030 0.11945 0.99284 0.00000 -61.49830 0.00000 0.00000 -1.00000 0.00000
1618527431498311 -0.99813 0.06106 0.00000 -108.14451 0.06106 0.99813 0.00000 -67.89070 0.00000 0.00000 -1.00000 0.00000
1618527431747690 -0.99974 0.02295 0.00000 -106.92718 0.02295 0.99974 0.00000 -72.03506 0.00000 0.00000 -1.00000 0.00000
1618527431997694 -1.00000 -0.00310 -0.00000 -106.50140 -0.00310 1.00000 0.00000 -74.76727 0.00000 0.00000 -1.00000 0.00000
1618527432248326 -0.99983 -0.01821 -0.00000 -106.82712 -0.01821 0.99983 0.00000 -76.44263 0.00000 0.00000 -1.00000 0.00000
1618527432498326 -0.99974 -0.02267 -0.00000 -108.01038 -0.02267 0.99974 0.00000 -76.89145 0.00000 0.00000 -1.00000 0.00000
