1547731605240998 1.00000 0.00000 0.00000 -0.00000 0.00000 1.00000 0.00000 -0.00000 0.00000 0.00000 1.00000 -0.00000
1547731605493170 1.00000 0.00001 -0.00000 -0.00318 -0.00001 1.00000 0.00000 -0.00138 0.00000 -0.00000 1.00000 0.00000
1547731605745805 1.00000 0.00018 -0.00000 -0.00419 -0.00018 1.00000 0.00000 0.00582 0.00000 -0.00000 1.00000 -0.00000
1547731605997687 1.00000 0.00005 -0.00000 -0.00566 -0.00005 1.00000 0.00000 -0.00522 0.00000 -0.00000 1.00000 0.00000
1547731606248605 1.00000 0.00015 -0.00000 -0.00903 -0.00015 1.00000 0.00000 -0.00539 0.00000 -0.00000 1.00000 0.00000
1547731606497708 1.00000 0.00027 -0.00000 -0.00086 -0.00027 1.00000 0.00000 -0.00282 0.00000 -0.00000 1.00000 0.00000
1547731606745579 1.00000 0.00016 -0.00000 -0.00477 -0.00016 1.00000 0.00000 0.00076 0.00000 -0.00000 1.00000 -0.00000
1547731606993362 1.00000 0.00012 -0.00000 -0.00591 -0.00012 1.00000 0.00000 0.00282 0.00000 -0.00000 1.00000 -0.00000
1547731607241156 1.00000 0.00011 -0.00000 -0.00368 -0.00011 1.00000 0.00000 0.00265 0.00000 -0.00000 1.00000 -0.00000
1547731607488282 1.00000 0.00021 -0.00000 -0.00459 -0.00021 1.00000 0.00000 0.00014 0.00000 -0.00000 1.00000 -0.00000
1547731607736270 1.00000 0.00014 -0.00000 0.00023 -0.00014 1.00000 0.00000 -0.00216 0.00000 -0.00000 1.00000 0.00000
1547731607985843 1.00000 0.00011 -0.00000 -0.00564 -0.00011 1.00000 0.00000 0.00326 0.00000 -0.00000 1.00000 -0.00000
1547731608236490 1.00000 0.00018 -0.00000 -0.00697 -0.00018 1.00000 0.00000 -0.00228 0.00000 -0.00000 1.00000 0.00000
1547731608487623 1.00000 0.00015 -0.00000 -0.00492 -0.00015 1.00000 0.00000 -0.00358 0.00000 -0.00000 1.00000 0.00000
1547731608738358 1.00000 0.00004 -0.00000 -0.00445 -0.00004 1.00000 0.00000 -0.00065 0.00000 -0.00000 1.00000 0.00000
1547731608988724 1.00000 -0.00004 0.00000 -0.00411 0.00004 1.00000 -0.00000 0.00331 -0.00000 0.00000 1.00000 0.00000
1547731609238981 1.00000 0.00009 -0.00000 -0.00289 -0.00009 1.00000 0.00000 -0.00142 0.00000 -0.00000 1.00000 0.00000
1547731609488976 1.00000 0.00016 -0.00000 -0.00461 -0.00016 1.00000 0.00000 -0.00081 0.00000 -0.00000 1.00000 0.00000
1547731609740142 1.00000 0.00019 -0.00000 -0.00320 -0.00019 1.00000 0.00000 -0.00200 0.00000 -0.00000 1.00000 0.00000
1547731609992588 1.00000 0.00013 -0.00000 -0.00526 -0.00013 1.00000 0.00000 0.00133 0.00000 -0.00000 1.00000 -0.00000
1547731610245219 1.00000 0.00016 -0.00000 -0.00641 -0.00016 1.00000 0.00000 0.00025 0.00000 -0.00000 1.00000 -0.00000
1547731610497344 1.00000 0.00022 -0.00000 -0.00530 -0.00022 1.00000 0.00000 -0.00310 0.00000 -0.00000 1.00000 0.00000
1547731610749090 1.00000 0.00027 -0.00000 -0.00746 -0.00027 1.00000 0.00000 -0.00072 0.00000 -0.00000 1.00000 0.00000
1547731611000001 1.00000 0.00019 -0.00000 -0.00028 -0.00019 1.00000 0.00000 -0.00320 0.00000 -0.00000 1.00000 0.00000
1547731611249768 1.00000 0.00005 -0.00000 -0.00184 -0.00005 1.00000 0.00000 0.00661 0.00000 -0.00000 1.00000 -0.00000
1547731611498847 1.00000 0.00009 -0.00000 -0.00673 -0.00009 1.00000 0.00000 0.00322 0.00000 -0.00000 1.00000 -0.00000
1547731611747714 1.00000 0.00039 -0.00000 -0.00794 -0.00039 1.00000 0.00000 -0.00220 0.00000 -0.00000 1.00000 0.00000
1547731611996527 1.00000 0.00018 -0.00000 -0.00561 -0.00018 1.00000 0.00000 0.00372 0.00000 -0.00000 1.00000 -0.00000
1547731612245305 1.00000 -0.00005 0.00000 -0.01088 0.00005 1.00000 -0.00000 0.00188 -0.00000 0.00000 1.00000 0.00000
1547731612494921 1.00000 -0.00001 0.00000 -0.00831 0.00001 1.00000 -0.00000 -0.00018 -0.00000 0.00000 1.00000 0.00000
1547731612745773 1.00000 0.00012 -0.00000 -0.00200 -0.00012 1.00000 0.00000 0.00292 0.00000 -0.00000 1.00000 -0.00000
1547731612997342 1.00000 -0.00002 0.00000 -0.00245 0.00002 1.00000 -0.00000 0.00069 -0.00000 0.00000 1.00000 0.00000
1547731613248394 1.00000 0.00013 -0.00000 -0.00505 -0.00013 1.00000 0.00000 -0.00247 0.00000 -0.00000 1.00000 0.00000
1547731613499036 1.00000 0.00013 -0.00000 -0.00133 -0.00013 1.00000 0.00000 0.00753 0.00000 -0.00000 1.00000 -0.00000
1547731613749130 1.00000 0.00020 -0.00000 -0.00722 -0.00020 1.00000 0.00000 0.00263 0.00000 -0.00000 1.00000 -0.00000
1547731613998572 1.00000 0.00019 -0.00000 -0.00010 -0.00019 1.00000 0.00000 0.00112 0.00000 -0.00000 1.00000 -0.00000
1547731614247921 1.00000 0.00018 -0.00000 0.00197 -0.00018 1.00000 0.00000 0.00521 0.00000 -0.00000 1.00000 0.00000
1547731614497181 1.00000 0.00003 -0.00000 -0.00318 -0.00003 1.00000 0.00000 -0.00451 0.00000 -0.00000 1.00000 0.00000
1547731614745831 1.00000 0.00006 -0.00000 -0.00313 -0.00006 1.00000 0.00000 -0.00393 0.00000 -0.00000 1.00000 0.00000
1547731614994307 1.00000 0.00007 -0.00000 -0.00589 -0.00007 1.00000 0.00000 -0.00504 0.00000 -0.00000 1.00000 0.00000
1547731615242597 1.00000 0.00010 -0.00000 -0.00338 -0.00010 1.00000 0.00000 -0.00406 0.00000 -0.00000 1.00000 0.00000
1547731615490758 1.00000 0.00000 -0.00000 -0.00420 -0.00000 1.00000 0.00000 0.00026 0.00000 -0.00000 1.00000 -0.00000
1547731615738861 1.00000 0.00018 -0.00000 -0.00535 -0.00018 1.00000 0.00000 -0.00225 0.00000 -0.00000 1.00000 0.00000
1547731615986993 1.00000 0.00003 -0.00000 -0.00863 -0.00003 1.00000 0.00000 -0.00388 0.00000 -0.00000 1.00000 0.00000
1547731616234648 1.00000 0.00011 -0.00000 -0.00602 -0.00011 1.00000 0.00000 -0.00011 0.00000 -0.00000 1.00000 0.00000
1547731616482673 1.00000 -0.00005 0.00000 -0.00099 0.00005 1.00000 -0.00000 -0.00102 -0.00000 0.00000 1.00000 0.00000
1547731616732301 1.00000 0.00015 -0.00000 -0.00380 -0.00015 1.00000 0.00000 -0.00104 0.00000 -0.00000 1.00000 0.00000
1547731616983309 1.00000 -0.00006 0.00000 -0.00489 0.00006 1.00000 -0.00000 -0.00661 -0.00000 0.00000 1.00000 0.00000
1547731617235790 1.00000 -0.00005 0.00000 -0.00835 0.00005 1.00000 -0.00000 -0.00040 -0.00000 0.00000 1.00000 0.00000
1547731617488409 1.00000 0.00012 -0.00000 -0.00059 -0.00012 1.00000 0.00000 -0.00461 0.00000 -0.00000 1.00000 0.00000
1547731617740397 1.00000 0.00030 -0.00000 0.00185 -0.00030 1.00000 0.00000 -0.00572 0.00000 -0.00000 1.00000 0.00000
1547731617992229 1.00000 0.00008 -0.00000 -0.00126 -0.00008 1.00000 0.00000 -0.00359 0.00000 -0.00000 1.00000 0.00000
1547731618243117 1.00000 0.00013 -0.00000 -0.00637 -0.00013 1.00000 0.00000 -0.00597 0.00000 -0.00000 1.00000 0.00000
1547731618492862 1.00000 -0.00008 0.00000 -0.00341 0.00008 1.00000 -0.00000 0.00692 -0.00000 0.00000 1.00000 0.00000
1547731618741813 1.00000 0.00024 -0.00000 -0.00016 -0.00024 1.00000 0.00000 -0.00237 0.00000 -0.00000 1.00000 0.00000
1547731618990858 1.00000 0.00024 -0.00000 -0.00211 -0.00024 1.00000 0.00000 0.00242 0.00000 -0.00000 1.00000 -0.00000
1547731619239701 1.00000 0.00018 -0.00000 -0.00381 -0.00018 1.00000 0.00000 -0.00270 0.00000 -0.00000 1.00000 0.00000
1547731619488595 1.00000 0.00018 -0.00000 -0.00726 -0.00018 1.00000 0.00000 0.00031 0.00000 -0.00000 1.00000 -0.00000
1547731619738670 1.00000 0.00011 -0.00000 -0.00544 -0.00011 1.00000 0.00000 -0.00090 0.00000 -0.00000 1.00000 0.00000
1547731619989727 1.00000 0.00020 -0.00000 -0.00084 -0.00020 1.00000 0.00000 0.00245 0.00000 -0.00000 1.00000 -0.00000
1547731620240839 1.00000 0.00015 -0.00000 -0.00188 -0.00015 1.00000 0.00000 0.00048 0.00000 -0.00000 1.00000 -0.00000
1547731620491808 1.00000 0.00001 -0.00000 -0.00544 -0.00001 1.00000 0.00000 0.00054 0.00000 -0.00000 1.00000 -0.00000
1547731620742141 1.00000 0.00003 -0.00000 -0.00299 -0.00003 1.00000 0.00000 -0.00332 0.00000 -0.00000 1.00000 0.00000
1547731620991883 1.00000 0.00026 -0.00000 -0.00250 -0.00026 1.00000 0.00000 -0.00715 0.00000 -0.00000 1.00000 0.00000
1547731621240957 1.00000 0.00017 -0.00000 0.00214 -0.00017 1.00000 0.00000 -0.00538 0.00000 -0.00000 1.00000 0.00000
1547731621489973 1.00000 0.00031 -0.00000 -0.00612 -0.00031 1.00000 0.00000 0.00691 0.00000 -0.00000 1.00000 -0.00000
1547731621738930 1.00000 0.00012 -0.00000 0.00071 -0.00012 1.00000 0.00000 0.00030 0.00000 -0.00000 1.00000 0.00000
1547731621987612 1.00000 0.00020 -0.00000 -0.00234 -0.00020 1.00000 0.00000 -0.00366 0.00000 -0.00000 1.00000 0.00000
1547731622236203 1.00000 0.00016 -0.00000 0.00194 -0.00016 1.00000 0.00000 0.00126 0.00000 -0.00000 1.00000 0.00000
1547731622484158 1.00000 0.00001 -0.00000 -0.00352 -0.00001 1.00000 0.00000 -0.00237 0.00000 -0.00000 1.00000 0.00000
1547731622731861 1.00000 0.00026 -0.00000 -0.00129 -0.00026 1.00000 0.00000 -0.00266 0.00000 -0.00000 1.00000 0.00000
1547731622979765 1.00000 0.00007 -0.00000 -0.00262 -0.00007 1.00000 0.00000 0.00215 0.00000 -0.00000 1.00000 -0.00000
1547731623227929 1.00000 0.00019 -0.00000 -0.00083 -0.00019 1.00000 0.00000 -0.00166 0.00000 -0.00000 1.00000 0.00000
1547731623476352 1.00000 -0.00001 0.00000 -0.00280 0.00001 1.00000 -0.00000 0.00182 -0.00000 0.00000 1.00000 0.00000
1547731623726047 1.00000 0.00018 -0.00000 0.00158 -0.00018 1.00000 0.00000 0.00704 0.00000 -0.00000 1.00000 0.00000
1547731623976092 1.00000 0.00006 -0.00000 -0.00602 -0.00006 1.00000 0.00000 0.00705 0.00000 -0.00000 1.00000 -0.00000
1547731624226890 1.00000 0.00011 -0.00000 -0.00202 -0.00011 1.00000 0.00000 -0.00467 0.00000 -0.00000 1.00000 0.00000
1547731624479440 1.00000 -0.00000 0.00000 -0.00448 0.00000 1.00000 -0.00000 -0.00165 -0.00000 0.00000 1.00000 0.00000
1547731624732083 1.00000 0.00001 -0.00000 -0.00424 -0.00001 1.00000 0.00000 -0.00123 0.00000 -0.00000 1.00000 0.00000
1547731624984313 1.00000 0.00008 -0.00000 -0.00277 -0.00008 1.00000 0.00000 0.00697 0.00000 -0.00000 1.00000 -0.00000
1547731625236037 1.00000 0.00007 -0.00000 -0.00535 -0.00007 1.00000 0.00000 -0.00359 0.00000 -0.00000 1.00000 0.00000
1547731625486973 1.00000 0.00011 -0.00000 -0.00331 -0.00011 1.00000 0.00000 0.00053 0.00000 -0.00000 1.00000 -0.00000
1547731625736490 1.00000 0.00021 -0.00000 -0.00425 -0.00021 1.00000 0.00000 -0.00034 0.00000 -0.00000 1.00000 0.00000
1547731625985264 1.00000 0.00017 -0.00000 -0.00539 -0.00017 1.00000 0.00000 -0.00106 0.00000 -0.00000 1.00000 0.00000
1547731626234481 1.00000 0.00023 -0.00000 -0.00585 -0.00023 1.00000 0.00000 0.00422 0.00000 -0.00000 1.00000 -0.00000
1547731626484751 1.00000 0.00025 -0.00000 -0.00935 -0.00025 1.00000 0.00000 0.00587 0.00000 -0.00000 1.00000 -0.00000
1547731626735910 1.00000 0.00034 -0.00000 -0.00423 -0.00034 1.00000 0.00000 0.00596 0.00000 -0.00000 1.00000 -0.00000
1547731626987030 1.00000 0.00007 -0.00000 -0.01332 -0.00007 1.00000 0.00000 0.00023 0.00000 -0.00000 1.00000 -0.00000
1547731627237843 1.00000 0.00018 -0.00000 -0.00522 -0.00018 1.00000 0.00000 0.00612 0.00000 -0.00000 1.00000 -0.00000
1547731627487843 1.00000 0.00023 -0.00000 -0.00540 -0.00023 1.00000 0.00000 0.00290 0.00000 -0.00000 1.00000 -0.00000
1547731627737253 1.00000 0.00030 -0.00000 -0.00106 -0.00030 1.00000 0.00000 0.01118 0.00000 -0.00000 1.00000 -0.00000
1547731627986701 1.00000 0.00007 -0.00000 -0.03006 -0.00007 1.00000 0.00000 0.00370 0.00000 -0.00000 1.00000 -0.00000
1547731628235812 1.00000 0.00020 -0.00000 -0.09255 -0.00020 1.00000 0.00000 -0.00075 0.00000 -0.00000 1.00000 0.00000
1547731628484900 1.00000 0.00036 -0.00000 -0.13943 -0.00036 1.00000 0.00000 0.01576 0.00000 -0.00000 1.00000 -0.00000
1547731628733649 1.00000 0.00210 -0.00000 -0.24463 -0.00210 1.00000 0.00000 0.00605 0.00000 -0.00000 1.00000 -0.00000
1547731628982156 0.99997 0.00799 -0.00000 -0.43105 -0.00799 0.99997 0.00000 -0.01122 0.00000 -0.00000 1.00000 0.00000
1547731629230338 0.99986 0.01694 -0.00000 -0.62692 -0.01694 0.99986 0.00000 0.01533 0.00000 -0.00000 1.00000 -0.00000
1547731629478429 0.99956 0.02951 -0.00000 -0.91888 -0.02951 0.99956 0.00000 0.00210 0.00000 -0.00000 1.00000 0.00000
1547731629726006 0.99882 0.04852 -0.00000 -1.27972 -0.04852 0.99882 0.00000 0.03089 0.00000 -0.00000 1.00000 0.00000
1547731629973783 0.99768 0.06803 -0.00000 -1.73465 -0.06803 0.99768 0.00000 0.03559 0.00000 -0.00000 1.00000 0.00000
1547731630222171 0.99539 0.09588 -0.00000 -2.20238 -0.09588 0.99539 0.00000 0.05461 0.00000 -0.00000 1.00000 0.00000
1547731630471411 0.99312 0.11711 -0.00000 -2.82678 -0.11711 0.99312 0.00000 0.11273 0.00000 -0.00000 1.00000 0.00000
1547731630721551 0.99034 0.13868 -0.00000 -3.52502 -0.13868 0.99034 0.00000 0.08333 0.00000 -0.00000 1.00000 0.00000
1547731630972615 0.98733 0.15869 -0.00000 -4.31512 -0.15869 0.98733 0.00000 0.16752 0.00000 -0.00000 1.00000 0.00000
1547731631224261 0.98516 0.17163 -0.00000 -5.24068 -0.17163 0.98516 0.00000 0.27516 0.00000 -0.00000 1.00000 0.00000
1547731631476301 0.98507 0.17216 -0.00000 -6.27969 -0.17216 0.98507 0.00000 0.31108 0.00000 -0.00000 1.00000 0.00000
1547731631728127 0.98543 0.17011 -0.00000 -7.42231 -0.17011 0.98543 0.00000 0.29894 0.00000 -0.00000 1.00000 0.00000
1547731631980422 0.98563 0.16895 -0.00000 -8.70808 -0.16895 0.98563 0.00000 0.29347 0.00000 -0.00000 1.00000 0.00000
1547731632232192 0.98634 0.16474 -0.00000 -10.01313 -0.16474 0.98634 0.00000 0.25519 0.00000 -0.00000 1.00000 0.00000
1547731632482283 0.98692 0.16119 -0.00000 -11.32238 -0.16119 0.98692 0.00000 0.20614 0.00000 -0.00000 1.00000 0.00000
1547731632732244 0.98796 0.15469 -0.00000 -12.74202 -0.15469 0.98796 0.00000 0.18311 0.00000 -0.00000 1.00000 0.00000
1547731632982359 0.98967 0.14339 -0.00000 -14.20794 -0.14339 0.98967 0.00000 0.06751 0.00000 -0.00000 1.00000 0.00000
1547731633232212 0.99213 0.12522 -0.00000 -15.75804 -0.12522 0.99213 0.00000 -0.21909 0.00000 -0.00000 1.00000 0.00000
1547731633481863 0.99390 0.11032 -0.00000 -17.34384 -0.11032 0.99390 0.00000 -0.42706 0.00000 -0.00000 1.00000 0.00000
1547731633731385 0.99571 0.09256 -0.00000 -18.98596 -0.09256 0.99571 0.00000 -0.71295 0.00000 -0.00000 1.00000 0.00000
1547731633982171 0.99719 0.07497 -0.00000 -20.71970 -0.07497 0.99719 0.00000 -1.10389 0.00000 -0.00000 1.00000 0.00000
1547731634232968 0.99831 0.05808 -0.00000 -22.47560 -0.05808 0.99831 0.00000 -1.37595 0.00000 -0.00000 1.00000 0.00000
1547731634484468 0.99904 0.04388 -0.00000 -24.27605 -0.04388 0.99904 0.00000 -1.74934 0.00000 -0.00000 1.00000 0.00000
1547731634736968 0.99951 0.03121 -0.00000 -26.01318 -0.03121 0.99951 0.00000 -1.98760 0.00000 -0.00000 1.00000 0.00000
1547731634988729 0.99979 0.02057 -0.00000 -27.76606 -0.02057 0.99979 0.00000 -2.27257 0.00000 -0.00000 1.00000 0.00000
1547731635239475 0.99990 0.01400 -0.00000 -29.51836 -0.01400 0.99990 0.00000 -2.43197 0.00000 -0.00000 1.00000 0.00000
1547731635488655 0.99996 0.00892 -0.00000 -31.28290 -0.00892 0.99996 0.00000 -2.56600 0.00000 -0.00000 1.00000 0.00000
1547731635737473 0.99999 0.00462 -0.00000 -33.04806 -0.00462 0.99999 0.00000 -2.69377 0.00000 -0.00000 1.00000 0.00000
1547731635986357 0.99998 0.00578 -0.00000 -34.84730 -0.00578 0.99998 0.00000 -2.65105 0.00000 -0.00000 1.00000 0.00000
1547731636234826 0.99999 0.00527 -0.00000 -36.68314 -0.00527 0.99999 0.00000 -2.65384 0.00000 -0.00000 1.00000 0.00000
1547731636483275 0.99997 0.00731 -0.00000 -38.54642 -0.00731 0.99997 0.00000 -2.53416 0.00000 -0.00000 1.00000 0.00000
1547731636731563 0.99998 0.00602 -0.00000 -40.37393 -0.00602 0.99998 0.00000 -2.56049 0.00000 -0.00000 1.00000 0.00000
1547731636979334 0.99998 0.00633 -0.00000 -42.25309 -0.00633 0.99998 0.00000 -2.55475 0.00000 -0.00000 1.00000 0.00000
1547731637227195 0.99997 0.00718 -0.00000 -44.15015 -0.00718 0.99997 0.00000 -2.48026 0.00000 -0.00000 1.00000 0.00000
1547731637475855 0.99998 0.00668 -0.00000 -46.04836 -0.00668 0.99998 0.00000 -2.49692 0.00000 -0.00000 1.00000 0.00000
1547731637725487 0.99997 0.00741 -0.00000 -47.94574 -0.00741 0.99997 0.00000 -2.44845 0.00000 -0.00000 1.00000 0.00000
1547731637975662 0.99996 0.00851 -0.00000 -49.79638 -0.00851 0.99996 0.00000 -2.41277 0.00000 -0.00000 1.00000 0.00000
1547731638225817 0.99997 0.00770 -0.00000 -51.68426 -0.00770 0.99997 0.00000 -2.44127 0.00000 -0.00000 1.00000 0.00000
1547731638475770 0.99998 0.00672 -0.00000 -53.56516 -0.00672 0.99998 0.00000 -2.49596 0.00000 -0.00000 1.00000 0.00000
1547731638725725 0.99999 0.00481 -0.00000 -55.42916 -0.00481 0.99999 0.00000 -2.54423 0.00000 -0.00000 1.00000 0.00000
1547731638976821 1.00000 0.00112 -0.00000 -57.31819 -0.00112 1.00000 0.00000 -2.71410 0.00000 -0.00000 1.00000 0.00000
1547731639229233 1.00000 -0.00126 0.00000 -59.18637 0.00126 1.00000 -0.00000 -2.85260 -0.00000 0.00000 1.00000 0.00000
1547731639481434 1.00000 -0.00255 0.00000 -61.08263 0.00255 1.00000 -0.00000 -2.88457 -0.00000 0.00000 1.00000 0.00000
1547731639732835 0.99999 -0.00381 0.00000 -62.91579 0.00381 0.99999 -0.00000 -2.91420 -0.00000 0.00000 1.00000 0.00000
1547731639984112 0.99999 -0.00446 0.00000 -64.74501 0.00446 0.99999 -0.00000 -2.94151 -0.00000 0.00000 1.00000 0.00000
1547731640235990 0.99999 -0.00387 0.00000 -66.54948 0.00387 0.99999 -0.00000 -2.89813 -0.00000 0.00000 1.00000 0.00000
1547731640487747 0.99999 -0.00426 0.00000 -68.40111 0.00426 0.99999 -0.00000 -2.89273 -0.00000 0.00000 1.00000 0.00000
1547731640739110 0.99999 -0.00451 0.00000 -70.18964 0.00451 0.99999 -0.00000 -2.89559 -0.00000 0.00000 1.00000 0.00000
1547731640990047 0.99998 -0.00556 0.00000 -71.95131 0.00556 0.99998 -0.00000 -2.96491 -0.00000 0.00000 1.00000 0.00000
1547731641241411 0.99998 -0.00588 0.00000 -73.75774 0.00588 0.99998 -0.00000 -2.95674 -0.00000 0.00000 1.00000 0.00000
1547731641494251 0.99998 -0.00663 0.00000 -75.53731 0.00663 0.99998 -0.00000 -2.99936 -0.00000 0.00000 1.00000 0.00000
1547731641747956 0.99995 -0.01013 0.00000 -77.36040 0.01013 0.99995 -0.00000 -3.22544 -0.00000 0.00000 1.00000 0.00000
1547731642000457 0.99992 -0.01295 0.00000 -79.16498 0.01295 0.99992 -0.00000 -3.41539 -0.00000 0.00000 1.00000 0.00000
1547731642250194 0.99990 -0.01412 0.00000 -80.94727 0.01412 0.99990 -0.00000 -3.46882 -0.00000 0.00000 1.00000 0.00000
1547731642498169 0.99992 -0.01284 0.00000 -82.72732 0.01284 0.99992 -0.00000 -3.38818 -0.00000 0.00000 1.00000 0.00000
1547731642746283 0.99991 -0.01343 0.00000 -84.47504 0.01343 0.99991 -0.00000 -3.44371 -0.00000 0.00000 1.00000 0.00000
1547731642994103 0.99988 -0.01558 0.00000 -86.26458 0.01558 0.99988 -0.00000 -3.60015 -0.00000 0.00000 1.00000 0.00000
1547731643241744 0.99980 -0.02012 0.00000 -87.99973 0.02012 0.99980 -0.00000 -3.97192 -0.00000 0.00000 1.00000 0.00000
1547731643490026 0.99974 -0.02298 0.00000 -89.80644 0.02298 0.99974 -0.00000 -4.19432 -0.00000 0.00000 1.00000 0.00000
1547731643739685 0.99969 -0.02509 0.00000 -91.59409 0.02509 0.99969 -0.00000 -4.35564 -0.00000 0.00000 1.00000 0.00000
1547731643990530 0.99971 -0.02420 0.00000 -93.30622 0.02420 0.99971 -0.00000 -4.22277 -0.00000 0.00000 1.00000 0.00000
1547731644241138 0.99982 -0.01911 0.00000 -95.16218 0.01911 0.99982 -0.00000 -3.75137 -0.00000 0.00000 1.00000 0.00000
1547731644491988 0.99990 -0.01403 0.00000 -97.03256 0.01403 0.99990 -0.00000 -3.27876 -0.00000 0.00000 1.00000 0.00000
1547731644742624 0.99997 -0.00714 0.00000 -98.87765 0.00714 0.99997 -0.00000 -2.56602 -0.00000 0.00000 1.00000 0.00000
1547731644993294 1.00000 0.00022 -0.00000 -100.74400 -0.00022 1.00000 0.00000 -1.86022 0.00000 -0.00000 1.00000 0.00000
1547731645243964 0.99997 0.00785 -0.00000 -102.62075 -0.00785 0.99997 0.00000 -1.06735 0.00000 -0.00000 1.00000 0.00000
1547731645493834 0.99984 0.01797 -0.00000 -104.56598 -0.01797 0.99984 0.00000 0.00251 0.00000 -0.00000 1.00000 0.00000
1547731645744009 0.99964 0.02689 -0.00000 -106.39062 -0.02689 0.99964 0.00000 0.98968 0.00000 -0.00000 1.00000 0.00000
1547731645995233 0.99933 0.03659 -0.00000 -108.29389 -0.03659 0.99933 0.00000 1.99736 0.00000 -0.00000 1.00000 0.00000
1547731646247143 0.99898 0.04520 -0.00000 -110.19265 -0.04520 0.99898 0.00000 2.97896 0.00000 -0.00000 1.00000 0.00000
1547731646499021 0.99855 0.05384 -0.00000 -112.15840 -0.05384 0.99855 0.00000 3.92657 0.00000 -0.00000 1.00000 0.00000
1547731646750962 0.99838 0.05690 -0.00000 -114.10676 -0.05690 0.99838 0.00000 4.30557 0.00000 -0.00000 1.00000 0.00000
1547731647002300 0.99816 0.06057 -0.00000 -116.07660 -0.06057 0.99816 0.00000 4.70841 0.00000 -0.00000 1.00000 0.00000
1547731647253011 0.99800 0.06322 -0.00000 -117.98842 -0.06322 0.99800 0.00000 4.98975 0.00000 -0.00000 1.00000 0.00000
1547731647503426 0.99803 0.06278 -0.00000 -119.92619 -0.06278 0.99803 0.00000 4.96462 0.00000 -0.00000 1.00000 0.00000
1547731647753669 0.99805 0.06245 -0.00000 -121.85662 -0.06245 0.99805 0.00000 4.95358 0.00000 -0.00000 1.00000 0.00000
1547731648003679 0.99810 0.06159 -0.00000 -123.80622 -0.06159 0.99810 0.00000 4.85283 0.00000 -0.00000 1.00000 0.00000
1547731648253590 0.99829 0.05838 -0.00000 -125.76365 -0.05838 0.99829 0.00000 4.46252 0.00000 -0.00000 1.00000 0.00000
1547731648502827 0.99834 0.05752 -0.00000 -127.73627 -0.05752 0.99834 0.00000 4.37565 0.00000 -0.00000 1.00000 0.00000
1547731648752705 0.99842 0.05622 -0.00000 -129.68229 -0.05622 0.99842 0.00000 4.20831 0.00000 -0.00000 1.00000 0.00000
1547731649003515 0.99852 0.05439 -0.00000 -131.64295 -0.05439 0.99852 0.00000 3.97103 0.00000 -0.00000 1.00000 0.00000
1547731649254849 0.99858 0.05334 -0.00000 -133.61037 -0.05334 0.99858 0.00000 3.83988 0.00000 -0.00000 1.00000 0.00000
1547731649507133 0.99880 0.04904 -0.00000 -135.60298 -0.04904 0.99880 0.00000 3.29427 0.00000 -0.00000 1.00000 0.00000
1547731649759449 0.99879 0.04911 -0.00000 -137.61002 -0.04911 0.99879 0.00000 3.29746 0.00000 -0.00000 1.00000 0.00000
1547731650011182 0.99894 0.04601 -0.00000 -139.58827 -0.04601 0.99894 0.00000 2.93666 0.00000 -0.00000 1.00000 0.00000
1547731650262170 0.99904 0.04370 -0.00000 -141.60707 -0.04370 0.99904 0.00000 2.60950 0.00000 -0.00000 1.00000 0.00000
1547731650512486 0.99911 0.04225 -0.00000 -143.57682 -0.04225 0.99911 0.00000 2.39308 0.00000 -0.00000 1.00000 0.00000
1547731650762051 0.99912 0.04184 -0.00000 -145.57534 -0.04184 0.99912 0.00000 2.37123 0.00000 -0.00000 1.00000 0.00000
1547731651010699 0.99920 0.04005 -0.00000 -147.56256 -0.04005 0.99920 0.00000 2.11330 0.00000 -0.00000 1.00000 0.00000
1547731651259056 0.99920 0.04010 -0.00000 -149.54430 -0.04010 0.99920 0.00000 2.15048 0.00000 -0.00000 1.00000 0.00000
1547731651507724 0.99923 0.03928 -0.00000 -151.54106 -0.03928 0.99923 0.00000 2.05335 0.00000 -0.00000 1.00000 0.00000
1547731651756309 0.99921 0.03986 -0.00000 -153.54952 -0.03986 0.99921 0.00000 2.13257 0.00000 -0.00000 1.00000 0.00000
1547731652004590 0.99928 0.03783 -0.00000 -155.59313 -0.03783 0.99928 0.00000 1.81369 0.00000 -0.00000 1.00000 0.00000
1547731652252743 0.99931 0.03713 -0.00000 -157.64246 -0.03713 0.99931 0.00000 1.73338 0.00000 -0.00000 1.00000 0.00000
1547731652500714 0.99934 0.03633 -0.00000 -159.72889 -0.03633 0.99934 0.00000 1.57682 0.00000 -0.00000 1.00000 0.00000
1547731652748481 0.99938 0.03515 -0.00000 -161.83012 -0.03515 0.99938 0.00000 1.43467 0.00000 -0.00000 1.00000 0.00000
1547731652995974 0.99934 0.03623 -0.00000 -163.95584 -0.03623 0.99934 0.00000 1.63953 0.00000 -0.00000 1.00000 0.00000
1547731653244364 0.99936 0.03569 -0.00000 -166.06402 -0.03569 0.99936 0.00000 1.60300 0.00000 -0.00000 1.00000 0.00000
1547731653494223 0.99938 0.03526 -0.00000 -168.17756 -0.03526 0.99938 0.00000 1.57573 0.00000 -0.00000 1.00000 0.00000
1547731653746300 0.99939 0.03498 -0.00000 -170.26463 -0.03498 0.99939 0.00000 1.52807 0.00000 -0.00000 1.00000 0.00000
1547731653998859 0.99940 0.03449 -0.00000 -172.35549 -0.03449 0.99940 0.00000 1.47220 0.00000 -0.00000 1.00000 0.00000
1547731654250838 0.99927 0.03833 -0.00000 -174.45568 -0.03833 0.99927 0.00000 2.17232 0.00000 -0.00000 1.00000 0.00000
1547731654502640 0.99907 0.04302 -0.00000 -176.48699 -0.04302 0.99907 0.00000 2.98478 0.00000 -0.00000 1.00000 0.00000
1547731654753611 0.99890 0.04682 -0.00000 -178.51156 -0.04682 0.99890 0.00000 3.69502 0.00000 -0.00000 1.00000 0.00000
1547731655002882 0.99879 0.04909 -0.00000 -180.49357 -0.04909 0.99879 0.00000 4.13664 0.00000 -0.00000 1.00000 0.00000
1547731655251691 0.99866 0.05170 -0.00000 -182.47164 -0.05170 0.99866 0.00000 4.62904 0.00000 -0.00000 1.00000 0.00000
1547731655500233 0.99861 0.05262 -0.00000 -184.44014 -0.05262 0.99861 0.00000 4.81502 0.00000 -0.00000 1.00000 0.00000
1547731655748771 0.99859 0.05318 -0.00000 -186.33407 -0.05318 0.99859 0.00000 4.93991 0.00000 -0.00000 1.00000 0.00000
1547731655997325 0.99870 0.05105 -0.00000 -188.24343 -0.05105 0.99870 0.00000 4.57280 0.00000 -0.00000 1.00000 0.00000
1547731656245699 0.99869 0.05126 -0.00000 -190.11081 -0.05126 0.99869 0.00000 4.64937 0.00000 -0.00000 1.00000 0.00000
1547731656494193 0.99874 0.05024 -0.00000 -191.92783 -0.05024 0.99874 0.00000 4.45979 0.00000 -0.00000 1.00000 0.00000
1547731656742345 0.99865 0.05188 -0.00000 -193.70559 -0.05188 0.99865 0.00000 4.79084 0.00000 -0.00000 1.00000 0.00000
1547731656991225 0.99859 0.05315 -0.00000 -195.46762 -0.05315 0.99859 0.00000 5.03799 0.00000 -0.00000 1.00000 0.00000
1547731657241480 0.99857 0.05347 -0.00000 -197.23178 -0.05347 0.99857 0.00000 5.11554 0.00000 -0.00000 1.00000 0.00000
1547731657492414 0.99848 0.05509 -0.00000 -198.99731 -0.05509 0.99848 0.00000 5.44745 0.00000 -0.00000 1.00000 0.00000
1547731657743697 0.99854 0.05402 -0.00000 -200.70674 -0.05402 0.99854 0.00000 5.24555 0.00000 -0.00000 1.00000 0.00000
1547731657993870 0.99843 0.05598 -0.00000 -202.40577 -0.05598 0.99843 0.00000 5.62481 0.00000 -0.00000 1.00000 0.00000
1547731658243664 0.99847 0.05535 -0.00000 -204.05086 -0.05535 0.99847 0.00000 5.50779 0.00000 -0.00000 1.00000 0.00000
1547731658493632 0.99860 0.05299 -0.00000 -205.70630 -0.05299 0.99860 0.00000 4.98211 0.00000 -0.00000 1.00000 0.00000
1547731658743530 0.99868 0.05128 -0.00000 -207.32101 -0.05128 0.99868 0.00000 4.65213 0.00000 -0.00000 1.00000 0.00000
1547731658992974 0.99888 0.04732 -0.00000 -208.92739 -0.04732 0.99888 0.00000 3.81704 0.00000 -0.00000 1.00000 0.00000
1547731659241825 0.99902 0.04432 -0.00000 -210.49610 -0.04432 0.99902 0.00000 3.19939 0.00000 -0.00000 1.00000 0.00000
1547731659490484 0.99906 0.04335 -0.00000 -212.02581 -0.04335 0.99906 0.00000 2.98477 0.00000 -0.00000 1.00000 0.00000
1547731659738625 0.99916 0.04095 -0.00000 -213.51544 -0.04095 0.99916 0.00000 2.49168 0.00000 -0.00000 1.00000 0.00000
1547731659986294 0.99925 0.03879 -0.00000 -214.90405 -0.03879 0.99925 0.00000 2.04316 0.00000 -0.00000 1.00000 0.00000
1547731660234584 0.99919 0.04034 -0.00000 -216.27475 -0.04034 0.99919 0.00000 2.38798 0.00000 -0.00000 1.00000 0.00000
1547731660483330 0.99914 0.04141 -0.00000 -217.67590 -0.04141 0.99914 0.00000 2.62548 0.00000 -0.00000 1.00000 0.00000
1547731660732283 0.99913 0.04173 -0.00000 -219.03144 -0.04173 0.99913 0.00000 2.69889 0.00000 -0.00000 1.00000 0.00000
1547731660980825 0.99913 0.04177 -0.00000 -220.45727 -0.04177 0.99913 0.00000 2.74243 0.00000 -0.00000 1.00000 0.00000
1547731661229321 0.99911 0.04228 -0.00000 -221.86730 -0.04228 0.99911 0.00000 2.84486 0.00000 -0.00000 1.00000 0.00000
1547731661479094 0.99910 0.04236 -0.00000 -223.24195 -0.04236 0.99910 0.00000 2.93197 0.00000 -0.00000 1.00000 0.00000
1547731661730029 0.99899 0.04502 -0.00000 -224.58272 -0.04502 0.99899 0.00000 3.52567 0.00000 -0.00000 1.00000 0.00000
1547731661980751 0.99867 0.05148 -0.00000 -225.91102 -0.05148 0.99867 0.00000 4.98584 0.00000 -0.00000 1.00000 0.00000
1547731662230871 0.99786 0.06540 -0.00000 -227.15981 -0.06540 0.99786 0.00000 8.15349 0.00000 -0.00000 1.00000 0.00000
1547731662480761 0.99681 0.07986 -0.00000 -228.44441 -0.07986 0.99681 0.00000 11.43579 0.00000 -0.00000 1.00000 0.00000
1547731662730681 0.99571 0.09255 -0.00000 -229.65935 -0.09255 0.99571 0.00000 14.33599 0.00000 -0.00000 1.00000 0.00000
1547731662980500 0.99408 0.10865 -0.00000 -230.79676 -0.10865 0.99408 0.00000 18.08936 0.00000 -0.00000 1.00000 0.00000
1547731663230384 0.99205 0.12583 -0.00000 -231.82305 -0.12583 0.99205 0.00000 22.08667 0.00000 -0.00000 1.00000 0.00000
1547731663480802 0.98973 0.14295 -0.00000 -232.88099 -0.14295 0.98973 0.00000 26.04881 0.00000 -0.00000 1.00000 0.00000
1547731663730387 0.98783 0.15554 -0.00000 -234.00271 -0.15554 0.98783 0.00000 28.98365 0.00000 -0.00000 1.00000 0.00000
1547731663979351 0.98677 0.16210 -0.00000 -235.33447 -0.16210 0.98677 0.00000 30.58325 0.00000 -0.00000 1.00000 0.00000
1547731664229391 0.98600 0.16677 -0.00000 -236.84096 -0.16677 0.98600 0.00000 31.67538 0.00000 -0.00000 1.00000 0.00000
1547731664480647 0.98572 0.16839 -0.00000 -238.43393 -0.16839 0.98572 0.00000 32.04569 0.00000 -0.00000 1.00000 0.00000
1547731664732954 0.98536 0.17049 -0.00000 -240.09467 -0.17049 0.98536 0.00000 32.58292 0.00000 -0.00000 1.00000 0.00000
1547731664985527 0.98446 0.17563 -0.00000 -241.64579 -0.17563 0.98446 0.00000 33.80957 0.00000 -0.00000 1.00000 0.00000
1547731665237149 0.98370 0.17984 -0.00000 -243.30501 -0.17984 0.98370 0.00000 34.88197 0.00000 -0.00000 1.00000 0.00000
1547731665487418 0.98324 0.18230 -0.00000 -244.96316 -0.18230 0.98324 0.00000 35.52638 0.00000 -0.00000 1.00000 0.00000
1547731665736943 0.98275 0.18492 -0.00000 -246.68391 -0.18492 0.98275 0.00000 36.16326 0.00000 -0.00000 1.00000 0.00000
1547731665986525 0.98269 0.18524 -0.00000 -248.51559 -0.18524 0.98269 0.00000 36.25019 0.00000 -0.00000 1.00000 0.00000
1547731666235799 0.98263 0.18557 -0.00000 -250.33127 -0.18557 0.98263 0.00000 36.34603 0.00000 -0.00000 1.00000 0.00000
1547731666484555 0.98327 0.18217 -0.00000 -252.29728 -0.18217 0.98327 0.00000 35.50326 0.00000 -0.00000 1.00000 0.00000
1547731666732717 0.98420 0.17704 -0.00000 -254.34768 -0.17704 0.98420 0.00000 34.18090 0.00000 -0.00000 1.00000 0.00000
1547731666980922 0.98494 0.17289 -0.00000 -256.36707 -0.17289 0.98494 0.00000 33.09477 0.00000 -0.00000 1.00000 0.00000
1547731667229245 0.98578 0.16803 -0.00000 -258.42292 -0.16803 0.98578 0.00000 31.85583 0.00000 -0.00000 1.00000 0.00000
1547731667477453 0.98669 0.16262 -0.00000 -260.52121 -0.16262 0.98669 0.00000 30.41426 0.00000 -0.00000 1.00000 0.00000
1547731667725383 0.98727 0.15903 -0.00000 -262.55521 -0.15903 0.98727 0.00000 29.46355 0.00000 -0.00000 1.00000 0.00000
1547731667973026 0.98808 0.15396 -0.00000 -264.60861 -0.15396 0.98808 0.00000 28.14780 0.00000 -0.00000 1.00000 0.00000
1547731668221333 0.98869 0.14995 -0.00000 -266.70650 -0.14995 0.98869 0.00000 27.08263 0.00000 -0.00000 1.00000 0.00000
1547731668470916 0.98897 0.14811 -0.00000 -268.76527 -0.14811 0.98897 0.00000 26.60309 0.00000 -0.00000 1.00000 0.00000
1547731668722199 0.98897 0.14813 -0.00000 -270.71350 -0.14813 0.98897 0.00000 26.62257 0.00000 -0.00000 1.00000 0.00000
1547731668974514 0.98946 0.14478 -0.00000 -272.89052 -0.14478 0.98946 0.00000 25.68570 0.00000 -0.00000 1.00000 0.00000
1547731669226511 0.98931 0.14585 -0.00000 -274.83248 -0.14585 0.98931 0.00000 25.99809 0.00000 -0.00000 1.00000 0.00000
1547731669478133 0.98953 0.14431 -0.00000 -276.88249 -0.14431 0.98953 0.00000 25.55906 0.00000 -0.00000 1.00000 0.00000
1547731669729731 0.98921 0.14650 -0.00000 -278.80834 -0.14650 0.98921 0.00000 26.22189 0.00000 -0.00000 1.00000 0.00000
1547731669980443 0.98918 0.14670 -0.00000 -280.76267 -0.14670 0.98918 0.00000 26.31096 0.00000 -0.00000 1.00000 0.00000
1547731670230432 0.98917 0.14679 -0.00000 -282.71512 -0.14679 0.98917 0.00000 26.29565 0.00000 -0.00000 1.00000 0.00000
1547731670480300 0.98939 0.14532 -0.00000 -284.73696 -0.14532 0.98939 0.00000 25.88960 0.00000 -0.00000 1.00000 0.00000
1547731670730073 0.99006 0.14062 -0.00000 -286.85937 -0.14062 0.99006 0.00000 24.57330 0.00000 -0.00000 1.00000 0.00000
1547731670980109 0.99086 0.13486 -0.00000 -288.97735 -0.13486 0.99086 0.00000 22.96902 0.00000 -0.00000 1.00000 0.00000
1547731671230793 0.99128 0.13179 -0.00000 -291.05869 -0.13179 0.99128 0.00000 22.09646 0.00000 -0.00000 1.00000 0.00000
1547731671483083 0.99176 0.12814 -0.00000 -293.14890 -0.12814 0.99176 0.00000 21.02799 0.00000 -0.00000 1.00000 0.00000
1547731671735841 0.99232 0.12371 -0.00000 -295.28211 -0.12371 0.99232 0.00000 19.74727 0.00000 -0.00000 1.00000 0.00000
1547731671988260 0.99236 0.12338 -0.00000 -297.23181 -0.12338 0.99236 0.00000 19.69033 0.00000 -0.00000 1.00000 0.00000
1547731672240147 0.99193 0.12677 -0.00000 -299.15887 -0.12677 0.99193 0.00000 20.71465 0.00000 -0.00000 1.00000 0.00000
1547731672489758 0.99161 0.12925 -0.00000 -301.06246 -0.12925 0.99161 0.00000 21.46247 0.00000 -0.00000 1.00000 0.00000
1547731672737545 0.99083 0.13509 -0.00000 -302.92996 -0.13509 0.99083 0.00000 23.28177 0.00000 -0.00000 1.00000 0.00000
1547731672985260 0.99016 0.13997 -0.00000 -304.77875 -0.13997 0.99016 0.00000 24.82094 0.00000 -0.00000 1.00000 0.00000
1547731673233069 0.98944 0.14495 -0.00000 -306.61121 -0.14495 0.98944 0.00000 26.33962 0.00000 -0.00000 1.00000 0.00000
1547731673480823 0.98863 0.15035 -0.00000 -308.44381 -0.15035 0.98863 0.00000 28.08811 0.00000 -0.00000 1.00000 0.00000
1547731673729017 0.98759 0.15707 -0.00000 -310.24211 -0.15707 0.98759 0.00000 30.23421 0.00000 -0.00000 1.00000 0.00000
1547731673977973 0.98646 0.16402 -0.00000 -312.04446 -0.16402 0.98646 0.00000 32.40813 0.00000 -0.00000 1.00000 0.00000
1547731674227596 0.98569 0.16858 -0.00000 -313.94776 -0.16858 0.98569 0.00000 33.84458 0.00000 -0.00000 1.00000 0.00000
1547731674477082 0.98516 0.17166 -0.00000 -315.85038 -0.17166 0.98516 0.00000 34.88453 0.00000 -0.00000 1.00000 0.00000
1547731674726320 0.98487 0.17328 -0.00000 -317.85456 -0.17328 0.98487 0.00000 35.44112 0.00000 -0.00000 1.00000 0.00000
1547731674975577 0.98489 0.17317 -0.00000 -319.91837 -0.17317 0.98489 0.00000 35.42862 0.00000 -0.00000 1.00000 0.00000
1547731675224364 0.98533 0.17066 -0.00000 -322.03977 -0.17066 0.98533 0.00000 34.55975 0.00000 -0.00000 1.00000 0.00000
1547731675473009 0.98564 0.16889 -0.00000 -324.09329 -0.16889 0.98564 0.00000 34.02261 0.00000 -0.00000 1.00000 0.00000
1547731675721693 0.98593 0.16715 -0.00000 -326.11015 -0.16715 0.98593 0.00000 33.49001 0.00000 -0.00000 1.00000 0.00000
1547731675971007 0.98654 0.16352 -0.00000 -328.17881 -0.16352 0.98654 0.00000 32.35310 0.00000 -0.00000 1.00000 0.00000
1547731676221960 0.98732 0.15873 -0.00000 -330.30905 -0.15873 0.98732 0.00000 30.79906 0.00000 -0.00000 1.00000 0.00000
1547731676473381 0.98787 0.15527 -0.00000 -332.37246 -0.15527 0.98787 0.00000 29.63450 0.00000 -0.00000 1.00000 0.00000
1547731676723259 0.98932 0.14579 -0.00000 -334.59658 -0.14579 0.98932 0.00000 26.41257 0.00000 -0.00000 1.00000 0.00000
1547731676973097 0.99103 0.13364 -0.00000 -336.86027 -0.13364 0.99103 0.00000 22.40944 0.00000 -0.00000 1.00000 0.00000
1547731677223937 0.99318 0.11658 -0.00000 -339.13567 -0.11658 0.99318 0.00000 16.55824 0.00000 -0.00000 1.00000 0.00000
1547731677474720 0.99536 0.09620 -0.00000 -341.40300 -0.09620 0.99536 0.00000 9.62252 0.00000 -0.00000 1.00000 0.00000
1547731677725049 0.99713 0.07577 -0.00000 -343.47715 -0.07577 0.99713 0.00000 2.73193 0.00000 -0.00000 1.00000 0.00000
1547731677974973 0.99874 0.05013 -0.00000 -345.46559 -0.05013 0.99874 0.00000 -6.11411 0.00000 -0.00000 1.00000 0.00000
1547731678224451 0.99958 0.02896 -0.00000 -347.27999 -0.02896 0.99958 0.00000 -13.40606 0.00000 -0.00000 1.00000 0.00000
1547731678474653 0.99995 0.01003 -0.00000 -348.94554 -0.01003 0.99995 0.00000 -19.97855 0.00000 -0.00000 1.00000 0.00000
1547731678725608 0.99998 -0.00553 0.00000 -350.66913 0.00553 0.99998 -0.00000 -25.36077 -0.00000 0.00000 1.00000 0.00000
1547731678977551 0.99984 -0.01805 0.00000 -352.35922 0.01805 0.99984 -0.00000 -29.75306 -0.00000 0.00000 1.00000 0.00000
1547731679229901 0.99967 -0.02552 0.00000 -354.21038 0.02552 0.99967 -0.00000 -32.36356 -0.00000 0.00000 1.00000 0.00000
1547731679481245 0.99962 -0.02767 0.00000 -356.24763 0.02767 0.99962 -0.00000 -33.08121 -0.00000 0.00000 1.00000 0.00000
1547731679731894 0.99961 -0.02801 0.00000 -358.26420 0.02801 0.99961 -0.00000 -33.15854 -0.00000 0.00000 1.00000 0.00000
1547731679982362 0.99965 -0.02643 0.00000 -360.39187 0.02643 0.99965 -0.00000 -32.64875 -0.00000 0.00000 1.00000 0.00000
1547731680232811 0.99969 -0.02501 0.00000 -362.53847 0.02501 0.99969 -0.00000 -32.09960 -0.00000 0.00000 1.00000 0.00000
1547731680483129 0.99972 -0.02383 0.00000 -364.64003 0.02383 0.99972 -0.00000 -31.63809 -0.00000 0.00000 1.00000 0.00000
1547731680733433 0.99975 -0.02239 0.00000 -366.79023 0.02239 0.99975 -0.00000 -31.10977 -0.00000 0.00000 1.00000 0.00000
1547731680983191 0.99978 -0.02114 0.00000 -368.89074 0.02114 0.99978 -0.00000 -30.63991 -0.00000 0.00000 1.00000 0.00000
1547731681232326 0.99983 -0.01838 0.00000 -371.05997 0.01838 0.99983 -0.00000 -29.58200 -0.00000 0.00000 1.00000 0.00000
1547731681481647 0.99988 -0.01566 0.00000 -373.28256 0.01566 0.99988 -0.00000 -28.54463 -0.00000 0.00000 1.00000 0.00000
1547731681731368 0.99989 -0.01497 0.00000 -375.31113 0.01497 0.99989 -0.00000 -28.28727 -0.00000 0.00000 1.00000 0.00000
1547731681980981 0.99994 -0.01135 0.00000 -377.53494 0.01135 0.99994 -0.00000 -26.84861 -0.00000 0.00000 1.00000 0.00000
1547731682230083 0.99996 -0.00849 0.00000 -379.73503 0.00849 0.99996 -0.00000 -25.80174 -0.00000 0.00000 1.00000 0.00000
1547731682479136 0.99999 -0.00414 0.00000 -381.90759 0.00414 0.99999 -0.00000 -24.13413 -0.00000 0.00000 1.00000 0.00000
1547731682727958 1.00000 -0.00208 0.00000 -384.01168 0.00208 1.00000 -0.00000 -23.35245 -0.00000 0.00000 1.00000 0.00000
1547731682976634 1.00000 -0.00212 0.00000 -386.13156 0.00212 1.00000 -0.00000 -23.35561 -0.00000 0.00000 1.00000 0.00000
1547731683225131 1.00000 -0.00136 0.00000 -388.24033 0.00136 1.00000 -0.00000 -23.02734 -0.00000 0.00000 1.00000 0.00000
1547731683474175 1.00000 -0.00153 0.00000 -390.35036 0.00153 1.00000 -0.00000 -23.07358 -0.00000 0.00000 1.00000 0.00000
1547731683724551 1.00000 -0.00079 0.00000 -392.51485 0.00079 1.00000 -0.00000 -22.77532 -0.00000 0.00000 1.00000 0.00000
1547731683975531 1.00000 0.00108 -0.00000 -394.68984 -0.00108 1.00000 0.00000 -21.98589 0.00000 -0.00000 1.00000 0.00000
1547731684225944 0.99999 0.00543 -0.00000 -396.87927 -0.00543 0.99999 0.00000 -20.31641 0.00000 -0.00000 1.00000 0.00000
1547731684475872 0.99996 0.00904 -0.00000 -399.11385 -0.00904 0.99996 0.00000 -18.87518 0.00000 -0.00000 1.00000 0.00000
1547731684725732 0.99992 0.01292 -0.00000 -401.36319 -0.01292 0.99992 0.00000 -17.28274 0.00000 -0.00000 1.00000 0.00000
1547731684975574 0.99985 0.01719 -0.00000 -403.58204 -0.01719 0.99985 0.00000 -15.60108 0.00000 -0.00000 1.00000 0.00000
1547731685225878 0.99973 0.02321 -0.00000 -405.82984 -0.02321 0.99973 0.00000 -13.15220 0.00000 -0.00000 1.00000 0.00000
1547731685475534 0.99959 0.02881 -0.00000 -408.03631 -0.02881 0.99959 0.00000 -10.82063 0.00000 -0.00000 1.00000 0.00000
1547731685724756 0.99940 0.03451 -0.00000 -410.26680 -0.03451 0.99940 0.00000 -8.46628 0.00000 -0.00000 1.00000 0.00000
1547731685974340 0.99930 0.03752 -0.00000 -412.44550 -0.03752 0.99930 0.00000 -7.24235 0.00000 -0.00000 1.00000 0.00000
1547731686224473 0.99917 0.04080 -0.00000 -414.59588 -0.04080 0.99917 0.00000 -5.85589 0.00000 -0.00000 1.00000 0.00000
1547731686475555 0.99913 0.04172 -0.00000 -416.74141 -0.04172 0.99913 0.00000 -5.45017 0.00000 -0.00000 1.00000 0.00000
1547731686727523 0.99910 0.04235 -0.00000 -418.92114 -0.04235 0.99910 0.00000 -5.15606 0.00000 -0.00000 1.00000 0.00000
1547731686979868 0.99902 0.04426 -0.00000 -421.04396 -0.04426 0.99902 0.00000 -4.36104 0.00000 -0.00000 1.00000 0.00000
1547731687232023 0.99893 0.04618 -0.00000 -423.17701 -0.04618 0.99893 0.00000 -3.49957 0.00000 -0.00000 1.00000 0.00000
1547731687483194 0.99880 0.04900 -0.00000 -425.34180 -0.04900 0.99880 0.00000 -2.32649 0.00000 -0.00000 1.00000 0.00000
1547731687732923 0.99867 0.05164 -0.00000 -427.43532 -0.05164 0.99867 0.00000 -1.18896 0.00000 -0.00000 1.00000 0.00000
1547731687982121 0.99863 0.05239 -0.00000 -429.56522 -0.05239 0.99863 0.00000 -0.83143 0.00000 -0.00000 1.00000 0.00000
1547731688231151 0.99864 0.05209 -0.00000 -431.64164 -0.05209 0.99864 0.00000 -0.92962 0.00000 -0.00000 1.00000 0.00000
1547731688479863 0.99863 0.05231 -0.00000 -433.70672 -0.05231 0.99863 0.00000 -0.73861 0.00000 -0.00000 1.00000 0.00000
1547731688728487 0.99859 0.05310 -0.00000 -435.74503 -0.05310 0.99859 0.00000 -0.47137 0.00000 -0.00000 1.00000 0.00000
1547731688976851 0.99847 0.05532 -0.00000 -437.79915 -0.05532 0.99847 0.00000 0.55334 0.00000 -0.00000 1.00000 0.00000
