0.966 0.258 0. -5.044 0.258 -0.966 0. 0.351 0. 0. -1. 0.
0.966 0.258 0. -5.044 0.258 -0.966 0. 0.351 0. 0. -1. 0.
0.966 0.258 0. -5.044 0.258 -0.966 0. 0.351 0. 0. -1. 0.
0.966 0.258 0. -5.044 0.258 -0.966 0. 0.351 0. 0. -1. 0.
0.966 0.258 0. -5.044 0.258 -0.966 0. 0.351 0. 0. -1. 0.
0.966 0.258 0. -5.044 0.258 -0.966 0. 0.351 0. 0. -1. 0.
0.966 0.258 0. -5.044 0.258 -0.966 0. 0.351 0. 0. -1. 0.
0.966 0.258 0. -5.044 0.258 -0.966 0. 0.351 0. 0. -1. 0.
0.966 0.258 0. -5.044 0.258 -0.966 0. 0.351 0. 0. -1. 0.
0.966 0.258 0. -5.044 0.258 -0.966 0. 0.351 0. 0. -1. 0.
0.966 0.258 0. -5.044 0.258 -0.966 0. 0.351 0. 0. -1. 0.
0.966 0.258 0. -5.044 0.258 -0.966 0. 0.351 0. 0. -1. 0.
0.966 0.258 0. -5.044 0.258 -0.966 0. 0.351 0. 0. -1. 0.
0.966 0.258 0. -5.044 0.258 -0.966 0. 0.351 0. 0. -1. 0.
0.966 0.258 0. -5.044 0.258 -0.966 0. 0.351 0. 0. -1. 0.
0.966 0.258 0. -5.044 0.258 -0.966 0. 0.352 0. 0. -1. 0.
0.966 0.258 0. -5.044 0.258 -0.966 0. 0.353 0. 0. -1. 0.
0.966 0.257 0. -5.036 0.257 -0.966 0. 0.355 0. 0. -1. 0.
0.967 0.256 0. -5.012 0.256 -0.967 0. 0.363 0. 0. -1. 0.
0.967 0.253 0. -4.985 0.253 -0.967 0. 0.369 0. 0. -1. 0.
0.968 0.249 0. -4.947 0.249 -0.968 0. 0.376 0. 0. -1. 0.
0.970 0.242 0. -4.884 0.242 -0.970 0. 0.387 0. 0. -1. 0.
0.973 0.230 0. -4.769 0.230 -0.973 0. 0.408 0. 0. -1. 0.
0.977 0.212 0. -4.602 0.212 -0.977 0. 0.426 0. 0. -1. 0.
0.983 0.186 0. -4.389 0.186 -0.983 0. 0.442 0. 0. -1. 0.
0.988 0.154 0. -4.117 0.154 -0.988 0. 0.478 0. 0. -1. 0.
0.993 0.119 0. -3.787 0.119 -0.993 0. 0.497 0. 0. -1. 0.
0.996 0.084 0. -3.403 0.084 -0.996 0. 0.498 0. 0. -1. 0.
0.999 0.051 0. -2.970 0.051 -0.999 0. 0.510 0. 0. -1. 0.
1.000 0.027 0. -2.486 0.027 -1.000 0. 0.498 0. 0. -1. 0.
1. 0.012 0. -1.964 0.012 -1. 0. 0.485 0. 0. -1. 0.
1. 0.007 0. -1.403 0.007 -1. 0. 0.484 0. 0. -1. 0.
1. 0.006 0. -0.794 0.006 -1. 0. 0.470 0. 0. -1. 0.
1. 0.006 0. -0.140 0.006 -1. 0. 0.465 0. 0. -1. 0.
1. 0.009 0. 0.558 0.009 -1. 0. 0.461 0. 0. -1. 0.
1. 0.013 0. 1.294 0.013 -1. 0. 0.461 0. 0. -1. 0.
1.000 0.020 0. 2.065 0.020 -1.000 0. 0.458 0. 0. -1. 0.
0.999 0.032 0. 2.873 0.032 -0.999 0. 0.489 0. 0. -1. 0.
0.999 0.043 0. 3.715 0.043 -0.999 0. 0.526 0. 0. -1. 0.
0.999 0.052 0. 4.581 0.052 -0.999 0. 0.557 0. 0. -1. 0.
0.998 0.057 0. 5.457 0.057 -0.998 0. 0.607 0. 0. -1. 0.
0.998 0.060 0. 6.353 0.060 -0.998 0. 0.647 0. 0. -1. 0.
0.998 0.062 0. 7.280 0.062 -0.998 0. 0.688 0. 0. -1. 0.
0.998 0.066 0. 8.224 0.066 -0.998 0. 0.739 0. 0. -1. 0.
0.998 0.070 0. 9.179 0.070 -0.998 0. 0.780 0. 0. -1. 0.
0.997 0.080 0. 10.151 0.080 -0.997 0. 0.840 0. 0. -1. 0.
0.996 0.091 0. 11.146 0.091 -0.996 0. 0.908 0. 0. -1. 0.
0.995 0.100 0. 12.177 0.100 -0.995 0. 0.993 0. 0. -1. 0.
0.994 0.109 0. 13.199 0.109 -0.994 0. 1.098 0. 0. -1. 0.
0.993 0.118 0. 14.176 0.118 -0.993 0. 1.187 0. 0. -1. 0.
0.992 0.126 0. 15.146 0.126 -0.992 0. 1.301 0. 0. -1. 0.
0.991 0.135 0. 16.129 0.135 -0.991 0. 1.426 0. 0. -1. 0.
0.990 0.144 0. 17.057 0.144 -0.990 0. 1.535 0. 0. -1. 0.
0.988 0.153 0. 17.965 0.153 -0.988 0. 1.666 0. 0. -1. 0.
0.987 0.161 0. 18.888 0.161 -0.987 0. 1.796 0. 0. -1. 0.
0.986 0.168 0. 19.829 0.168 -0.986 0. 1.936 0. 0. -1. 0.
0.985 0.172 0. 20.799 0.172 -0.985 0. 2.085 0. 0. -1. 0.
0.984 0.176 0. 21.798 0.176 -0.984 0. 2.236 0. 0. -1. 0.
0.984 0.178 0. 22.798 0.178 -0.984 0. 2.406 0. 0. -1. 0.
0.984 0.178 0. 23.797 0.178 -0.984 0. 2.560 0. 0. -1. 0.
0.984 0.178 0. 24.788 0.178 -0.984 0. 2.710 0. 0. -1. 0.
0.984 0.177 0. 25.764 0.177 -0.984 0. 2.879 0. 0. -1. 0.
0.984 0.177 0. 26.727 0.177 -0.984 0. 3.023 0. 0. -1. 0.
0.984 0.177 0. 27.661 0.177 -0.984 0. 3.156 0. 0. -1. 0.
0.984 0.178 0. 28.559 0.178 -0.984 0. 3.300 0. 0. -1. 0.
0.984 0.178 0. 29.461 0.178 -0.984 0. 3.433 0. 0. -1. 0.
0.984 0.180 0. 30.363 0.180 -0.984 0. 3.582 0. 0. -1. 0.
0.984 0.180 0. 31.224 0.180 -0.984 0. 3.735 0. 0. -1. 0.
0.984 0.179 0. 32.049 0.179 -0.984 0. 3.855 0. 0. -1. 0.
0.984 0.176 0. 32.893 0.176 -0.984 0. 3.991 0. 0. -1. 0.
0.985 0.175 0. 33.742 0.175 -0.985 0. 4.138 0. 0. -1. 0.
0.985 0.173 0. 34.605 0.173 -0.985 0. 4.267 0. 0. -1. 0.
0.985 0.171 0. 35.469 0.171 -0.985 0. 4.381 0. 0. -1. 0.
0.986 0.169 0. 36.361 0.169 -0.986 0. 4.499 0. 0. -1. 0.
0.986 0.166 0. 37.241 0.166 -0.986 0. 4.652 0. 0. -1. 0.
0.986 0.167 0. 38.119 0.167 -0.986 0. 4.780 0. 0. -1. 0.
0.986 0.166 0. 39.019 0.166 -0.986 0. 4.885 0. 0. -1. 0.
0.986 0.164 0. 39.943 0.164 -0.986 0. 5.045 0. 0. -1. 0.
0.987 0.163 0. 40.871 0.163 -0.987 0. 5.193 0. 0. -1. 0.
0.987 0.162 0. 41.805 0.162 -0.987 0. 5.307 0. 0. -1. 0.
0.987 0.160 0. 42.748 0.160 -0.987 0. 5.456 0. 0. -1. 0.
0.988 0.156 0. 43.697 0.156 -0.988 0. 5.589 0. 0. -1. 0.
0.989 0.150 0. 44.643 0.150 -0.989 0. 5.702 0. 0. -1. 0.
0.990 0.144 0. 45.583 0.144 -0.990 0. 5.831 0. 0. -1. 0.
0.990 0.139 0. 46.505 0.139 -0.990 0. 5.931 0. 0. -1. 0.
0.991 0.135 0. 47.401 0.135 -0.991 0. 6.033 0. 0. -1. 0.
0.991 0.133 0. 48.257 0.133 -0.991 0. 6.120 0. 0. -1. 0.
0.990 0.138 0. 49.051 0.138 -0.990 0. 6.215 0. 0. -1. 0.
0.990 0.144 0. 49.806 0.144 -0.990 0. 6.344 0. 0. -1. 0.
0.989 0.148 0. 50.562 0.148 -0.989 0. 6.409 0. 0. -1. 0.
0.988 0.151 0. 51.305 0.151 -0.988 0. 6.498 0. 0. -1. 0.
0.988 0.156 0. 52.037 0.156 -0.988 0. 6.619 0. 0. -1. 0.
0.986 0.167 0. 52.757 0.167 -0.986 0. 6.724 0. 0. -1. 0.
0.984 0.177 0. 53.486 0.177 -0.984 0. 6.824 0. 0. -1. 0.
0.982 0.191 0. 54.226 0.191 -0.982 0. 6.950 0. 0. -1. 0.
0.979 0.205 0. 54.996 0.205 -0.979 0. 7.101 0. 0. -1. 0.
0.976 0.218 0. 55.833 0.218 -0.976 0. 7.251 0. 0. -1. 0.
0.973 0.231 0. 56.725 0.231 -0.973 0. 7.449 0. 0. -1. 0.
0.970 0.244 0. 57.673 0.244 -0.970 0. 7.675 0. 0. -1. 0.
0.967 0.254 0. 58.691 0.254 -0.967 0. 7.885 0. 0. -1. 0.
0.966 0.259 0. 59.751 0.259 -0.966 0. 8.183 0. 0. -1. 0.
0.963 0.270 0. 60.836 0.270 -0.963 0. 8.473 0. 0. -1. 0.
0.959 0.284 0. 61.955 0.284 -0.959 0. 8.753 0. 0. -1. 0.
0.955 0.297 0. 63.082 0.297 -0.955 0. 9.128 0. 0. -1. 0.
0.950 0.311 0. 64.220 0.311 -0.950 0. 9.455 0. 0. -1. 0.
0.947 0.322 0. 65.363 0.322 -0.947 0. 9.813 0. 0. -1. 0.
0.944 0.331 0. 66.493 0.331 -0.944 0. 10.193 0. 0. -1. 0.
0.940 0.340 0. 67.627 0.340 -0.940 0. 10.572 0. 0. -1. 0.
0.938 0.347 0. 68.783 0.347 -0.938 0. 10.986 0. 0. -1. 0.
0.938 0.348 0. 69.971 0.348 -0.938 0. 11.421 0. 0. -1. 0.
0.939 0.345 0. 71.194 0.345 -0.939 0. 11.842 0. 0. -1. 0.
0.941 0.338 0. 72.452 0.338 -0.941 0. 12.279 0. 0. -1. 0.
0.946 0.324 0. 73.753 0.324 -0.946 0. 12.700 0. 0. -1. 0.
0.954 0.300 0. 75.075 0.300 -0.954 0. 13.120 0. 0. -1. 0.
0.962 0.275 0. 76.452 0.275 -0.962 0. 13.462 0. 0. -1. 0.
0.970 0.244 0. 77.873 0.244 -0.970 0. 13.821 0. 0. -1. 0.
0.976 0.218 0. 79.360 0.218 -0.976 0. 14.108 0. 0. -1. 0.
0.982 0.187 0. 80.874 0.187 -0.982 0. 14.384 0. 0. -1. 0.
0.988 0.156 0. 82.432 0.156 -0.988 0. 14.622 0. 0. -1. 0.
0.993 0.120 0. 84.009 0.120 -0.993 0. 14.791 0. 0. -1. 0.
0.997 0.081 0. 85.637 0.081 -0.997 0. 14.913 0. 0. -1. 0.
0.999 0.035 0. 87.291 0.035 -0.999 0. 14.960 0. 0. -1. 0.
1.000 -0.014 0. 88.967 -0.014 -1.000 -0. 14.925 0. 0. -1. 0.
0.998 -0.067 0. 90.620 -0.067 -0.998 -0. 14.807 0. 0. -1. 0.
0.993 -0.121 0. 92.275 -0.121 -0.993 -0. 14.593 0. 0. -1. 0.
0.985 -0.172 0. 93.937 -0.172 -0.985 -0. 14.299 0. 0. -1. 0.
0.975 -0.224 0. 95.533 -0.224 -0.975 -0. 13.916 0. 0. -1. 0.
0.962 -0.274 0. 97.130 -0.274 -0.962 -0. 13.450 0. 0. -1. 0.
0.946 -0.325 0. 98.679 -0.325 -0.946 -0. 12.921 0. 0. -1. 0.
0.925 -0.380 0. 100.215 -0.380 -0.925 -0. 12.290 0. 0. -1. 0.
0.896 -0.443 0. 101.707 -0.443 -0.896 -0. 11.558 0. 0. -1. 0.
0.862 -0.507 0. 103.126 -0.507 -0.862 -0. 10.716 0. 0. -1. 0.
0.822 -0.569 0. 104.528 -0.569 -0.822 -0. 9.732 0. 0. -1. 0.
0.778 -0.628 0. 105.890 -0.628 -0.778 -0. 8.640 0. 0. -1. 0.
0.736 -0.677 0. 107.197 -0.677 -0.736 -0. 7.442 0. 0. -1. 0.
0.694 -0.720 0. 108.447 -0.720 -0.694 -0. 6.124 0. 0. -1. 0.
0.662 -0.749 0. 109.668 -0.749 -0.662 -0. 4.698 0. 0. -1. 0.
0.635 -0.772 0. 110.848 -0.772 -0.635 -0. 3.219 0. 0. -1. 0.
0.608 -0.794 0. 112.023 -0.794 -0.608 -0. 1.671 0. 0. -1. 0.
0.587 -0.810 0. 113.167 -0.810 -0.587 -0. 0.064 0. 0. -1. 0.
0.572 -0.820 0. 114.331 -0.820 -0.572 -0. -1.598 0. 0. -1. 0.
0.562 -0.827 0. 115.475 -0.827 -0.562 -0. -3.304 0. 0. -1. 0.
0.557 -0.830 0. 116.594 -0.830 -0.557 -0. -5.030 0. 0. -1. 0.
0.561 -0.828 0. 117.703 -0.828 -0.561 -0. -6.754 0. 0. -1. 0.
0.572 -0.820 0. 118.833 -0.820 -0.572 -0. -8.472 0. 0. -1. 0.
0.587 -0.810 0. 119.988 -0.810 -0.587 -0. -10.163 0. 0. -1. 0.
0.604 -0.797 0. 121.199 -0.797 -0.604 -0. -11.834 0. 0. -1. 0.
0.622 -0.783 0. 122.428 -0.783 -0.622 -0. -13.468 0. 0. -1. 0.
0.638 -0.770 0. 123.680 -0.770 -0.638 -0. -15.062 0. 0. -1. 0.
0.654 -0.756 0. 124.966 -0.756 -0.654 -0. -16.643 0. 0. -1. 0.
0.670 -0.742 0. 126.268 -0.742 -0.670 -0. -18.157 0. 0. -1. 0.
0.685 -0.729 0. 127.579 -0.729 -0.685 -0. -19.635 0. 0. -1. 0.
0.700 -0.714 0. 128.936 -0.714 -0.700 -0. -21.095 0. 0. -1. 0.
0.715 -0.699 0. 130.300 -0.699 -0.715 -0. -22.485 0. 0. -1. 0.
0.731 -0.683 0. 131.679 -0.683 -0.731 -0. -23.844 0. 0. -1. 0.
0.745 -0.667 0. 133.094 -0.667 -0.745 -0. -25.188 0. 0. -1. 0.
0.759 -0.651 0. 134.505 -0.651 -0.759 -0. -26.464 0. 0. -1. 0.
0.774 -0.633 0. 135.952 -0.633 -0.774 -0. -27.715 0. 0. -1. 0.
0.786 -0.618 0. 137.435 -0.618 -0.786 -0. -28.942 0. 0. -1. 0.
0.800 -0.600 0. 138.889 -0.600 -0.800 -0. -30.106 0. 0. -1. 0.
0.812 -0.584 0. 140.393 -0.584 -0.812 -0. -31.238 0. 0. -1. 0.
0.823 -0.568 0. 141.893 -0.568 -0.823 -0. -32.327 0. 0. -1. 0.
0.834 -0.552 0. 143.397 -0.552 -0.834 -0. -33.380 0. 0. -1. 0.
0.845 -0.535 0. 144.919 -0.535 -0.845 -0. -34.384 0. 0. -1. 0.
0.856 -0.517 0. 146.437 -0.517 -0.856 -0. -35.337 0. 0. -1. 0.
0.869 -0.495 0. 147.913 -0.495 -0.869 -0. -36.226 0. 0. -1. 0.
0.881 -0.474 0. 149.373 -0.474 -0.881 -0. -37.044 0. 0. -1. 0.
0.894 -0.448 0. 150.783 -0.448 -0.894 -0. -37.815 0. 0. -1. 0.
0.914 -0.405 0. 152.143 -0.405 -0.914 -0. -38.466 0. 0. -1. 0.
0.939 -0.345 0. 153.485 -0.345 -0.939 -0. -39.012 0. 0. -1. 0.
0.964 -0.267 0. 154.772 -0.267 -0.964 -0. -39.418 0. 0. -1. 0.
0.985 -0.173 0. 155.992 -0.173 -0.985 -0. -39.668 0. 0. -1. 0.
0.997 -0.071 0. 157.134 -0.071 -0.997 -0. -39.770 0. 0. -1. 0.
0.999 0.041 0. 158.167 0.041 -0.999 0. -39.748 0. 0. -1. 0.
0.988 0.157 0. 159.106 0.157 -0.988 0. -39.594 0. 0. -1. 0.
0.960 0.279 0. 159.951 0.279 -0.960 0. -39.368 0. 0. -1. 0.
0.914 0.406 0. 160.689 0.406 -0.914 0. -39.032 0. 0. -1. 0.
0.845 0.534 0. 161.341 0.534 -0.845 0. -38.597 0. 0. -1. 0.
0.754 0.657 0. 161.915 0.657 -0.754 0. -38.085 0. 0. -1. 0.
0.640 0.768 0. 162.376 0.768 -0.640 0. -37.492 0. 0. -1. 0.
0.509 0.861 0. 162.725 0.861 -0.509 0. -36.837 0. 0. -1. 0.
0.364 0.931 0. 162.972 0.931 -0.364 0. -36.156 0. 0. -1. 0.
0.209 0.978 0. 163.102 0.978 -0.209 0. -35.448 0. 0. -1. 0.
0.049 0.999 0. 163.110 0.999 -0.049 0. -34.736 0. 0. -1. 0.
-0.115 0.993 0. 162.998 0.993 0.115 0. -34.036 0. 0. -1. 0.
-0.280 0.960 0. 162.776 0.960 0.280 0. -33.350 0. 0. -1. 0.
-0.443 0.897 0. 162.437 0.897 0.443 0. -32.677 0. 0. -1. 0.
-0.595 0.803 0. 161.946 0.803 0.595 0. -32.034 0. 0. -1. 0.
-0.727 0.686 0. 161.296 0.686 0.727 0. -31.448 0. 0. -1. 0.
-0.827 0.562 0. 160.506 0.562 0.827 0. -30.907 0. 0. -1. 0.
-0.897 0.443 0. 159.576 0.443 0.897 0. -30.427 0. 0. -1. 0.
-0.944 0.331 0. 158.528 0.331 0.944 0. -30.030 0. 0. -1. 0.
-0.972 0.235 0. 157.393 0.235 0.972 0. -29.752 0. 0. -1. 0.
-0.986 0.164 0. 156.188 0.164 0.986 0. -29.534 0. 0. -1. 0.
-0.993 0.118 0. 154.907 0.118 0.993 0. -29.357 0. 0. -1. 0.
-0.996 0.092 0. 153.586 0.092 0.996 0. -29.226 0. 0. -1. 0.
-0.997 0.078 0. 152.245 0.078 0.997 0. -29.069 0. 0. -1. 0.
-0.997 0.081 0. 150.834 0.081 0.997 0. -28.956 0. 0. -1. 0.
-0.995 0.102 0. 149.382 0.102 0.995 0. -28.776 0. 0. -1. 0.
-0.991 0.130 0. 147.902 0.130 0.991 0. -28.573 0. 0. -1. 0.
-0.986 0.165 0. 146.403 0.165 0.986 0. -28.310 0. 0. -1. 0.
-0.978 0.210 0. 144.846 0.210 0.978 0. -27.970 0. 0. -1. 0.
-0.966 0.257 0. 143.265 0.257 0.966 0. -27.526 0. 0. -1. 0.
-0.952 0.305 0. 141.709 0.305 0.952 0. -27.009 0. 0. -1. 0.
-0.936 0.352 0. 140.158 0.352 0.936 0. -26.403 0. 0. -1. 0.
-0.917 0.399 0. 138.629 0.399 0.917 0. -25.714 0. 0. -1. 0.
-0.895 0.445 0. 137.111 0.445 0.895 0. -24.944 0. 0. -1. 0.
-0.872 0.490 0. 135.627 0.490 0.872 0. -24.085 0. 0. -1. 0.
-0.845 0.535 0. 134.170 0.535 0.845 0. -23.152 0. 0. -1. 0.
-0.816 0.578 0. 132.746 0.578 0.816 0. -22.129 0. 0. -1. 0.
-0.786 0.619 0. 131.373 0.619 0.786 0. -21.018 0. 0. -1. 0.
-0.756 0.655 0. 130.072 0.655 0.756 0. -19.845 0. 0. -1. 0.
-0.725 0.689 0. 128.796 0.689 0.725 0. -18.615 0. 0. -1. 0.
-0.693 0.721 0. 127.596 0.721 0.693 0. -17.348 0. 0. -1. 0.
-0.661 0.751 0. 126.444 0.751 0.661 0. -16.054 0. 0. -1. 0.
-0.634 0.774 0. 125.361 0.774 0.634 0. -14.696 0. 0. -1. 0.
-0.611 0.792 0. 124.315 0.792 0.611 0. -13.329 0. 0. -1. 0.
-0.591 0.807 0. 123.357 0.807 0.591 0. -11.953 0. 0. -1. 0.
-0.575 0.818 0. 122.427 0.818 0.575 0. -10.553 0. 0. -1. 0.
-0.563 0.827 0. 121.515 0.827 0.563 0. -9.155 0. 0. -1. 0.
-0.555 0.832 0. 120.644 0.832 0.555 0. -7.772 0. 0. -1. 0.
-0.553 0.833 0. 119.764 0.833 0.553 0. -6.391 0. 0. -1. 0.
-0.554 0.833 0. 118.893 0.833 0.554 0. -5.014 0. 0. -1. 0.
-0.556 0.831 0. 118.018 0.831 0.556 0. -3.651 0. 0. -1. 0.
-0.560 0.828 0. 117.147 0.828 0.560 0. -2.294 0. 0. -1. 0.
-0.563 0.826 0. 116.270 0.826 0.563 0. -0.944 0. 0. -1. 0.
-0.570 0.822 0. 115.390 0.822 0.570 0. 0.394 0. 0. -1. 0.
-0.578 0.816 0. 114.501 0.816 0.578 0. 1.725 0. 0. -1. 0.
-0.592 0.806 0. 113.593 0.806 0.592 0. 3.029 0. 0. -1. 0.
-0.611 0.792 0. 112.661 0.792 0.611 0. 4.321 0. 0. -1. 0.
-0.635 0.773 0. 111.689 0.773 0.635 0. 5.571 0. 0. -1. 0.
-0.662 0.750 0. 110.671 0.750 0.662 0. 6.802 0. 0. -1. 0.
-0.694 0.720 0. 109.610 0.720 0.694 0. 7.966 0. 0. -1. 0.
-0.731 0.683 0. 108.527 0.683 0.731 0. 9.058 0. 0. -1. 0.
-0.770 0.638 0. 107.351 0.638 0.770 0. 10.089 0. 0. -1. 0.
-0.811 0.585 0. 106.140 0.585 0.811 0. 11.038 0. 0. -1. 0.
-0.850 0.526 0. 104.888 0.526 0.850 0. 11.877 0. 0. -1. 0.
-0.886 0.464 0. 103.593 0.464 0.886 0. 12.610 0. 0. -1. 0.
-0.915 0.404 0. 102.258 0.404 0.915 0. 13.241 0. 0. -1. 0.
-0.939 0.344 0. 100.890 0.344 0.939 0. 13.792 0. 0. -1. 0.
-0.956 0.293 0. 99.488 0.293 0.956 0. 14.257 0. 0. -1. 0.
-0.970 0.245 0. 98.080 0.245 0.970 0. 14.672 0. 0. -1. 0.
-0.981 0.194 0. 96.642 0.194 0.981 0. 14.974 0. 0. -1. 0.
-0.990 0.143 0. 95.187 0.143 0.990 0. 15.245 0. 0. -1. 0.
-0.996 0.094 0. 93.720 0.094 0.996 0. 15.414 0. 0. -1. 0.
-0.999 0.044 0. 92.238 0.044 0.999 0. 15.513 0. 0. -1. 0.
-1. -0.004 0. 90.775 -0.004 1. 0. 15.547 -0. 0. -1. 0.
-0.999 -0.053 0. 89.303 -0.053 0.999 0. 15.496 -0. 0. -1. 0.
-0.995 -0.100 0. 87.824 -0.100 0.995 0. 15.392 -0. 0. -1. 0.
-0.989 -0.145 0. 86.355 -0.145 0.989 0. 15.214 -0. 0. -1. 0.
-0.982 -0.190 0. 84.908 -0.190 0.982 0. 14.979 -0. 0. -1. 0.
-0.974 -0.229 0. 83.486 -0.229 0.974 0. 14.663 -0. 0. -1. 0.
-0.967 -0.256 0. 82.102 -0.256 0.967 0. 14.317 -0. 0. -1. 0.
-0.962 -0.274 0. 80.723 -0.274 0.962 0. 13.955 -0. 0. -1. 0.
-0.958 -0.288 0. 79.372 -0.288 0.958 0. 13.547 -0. 0. -1. 0.
-0.956 -0.293 0. 78.029 -0.293 0.956 0. 13.180 -0. 0. -1. 0.
-0.956 -0.295 0. 76.657 -0.295 0.956 0. 12.790 -0. 0. -1. 0.
-0.954 -0.301 0. 75.259 -0.301 0.954 0. 12.369 -0. 0. -1. 0.
-0.953 -0.302 0. 73.856 -0.302 0.953 0. 11.966 -0. 0. -1. 0.
-0.953 -0.302 0. 72.497 -0.302 0.953 0. 11.532 -0. 0. -1. 0.
-0.955 -0.298 0. 71.202 -0.298 0.955 0. 11.161 -0. 0. -1. 0.
-0.956 -0.293 0. 70.007 -0.293 0.956 0. 10.812 -0. 0. -1. 0.
-0.958 -0.288 0. 68.911 -0.288 0.958 0. 10.503 -0. 0. -1. 0.
-0.959 -0.283 0. 67.905 -0.283 0.959 0. 10.224 -0. 0. -1. 0.
-0.960 -0.279 0. 66.937 -0.279 0.960 0. 9.973 -0. 0. -1. 0.
-0.961 -0.276 0. 66.019 -0.276 0.961 0. 9.729 -0. 0. -1. 0.
-0.962 -0.273 0. 65.143 -0.273 0.962 0. 9.487 -0. 0. -1. 0.
-0.963 -0.271 0. 64.298 -0.271 0.963 0. 9.275 -0. 0. -1. 0.
-0.963 -0.269 0. 63.485 -0.269 0.963 0. 9.064 -0. 0. -1. 0.
-0.963 -0.268 0. 62.684 -0.268 0.963 0. 8.802 -0. 0. -1. 0.
-0.964 -0.265 0. 61.895 -0.265 0.964 0. 8.608 -0. 0. -1. 0.
-0.966 -0.259 0. 61.126 -0.259 0.966 0. 8.457 -0. 0. -1. 0.
-0.968 -0.250 0. 60.381 -0.250 0.968 0. 8.242 -0. 0. -1. 0.
-0.970 -0.244 0. 59.647 -0.244 0.970 0. 8.053 -0. 0. -1. 0.
-0.971 -0.240 0. 58.893 -0.240 0.971 0. 7.916 -0. 0. -1. 0.
-0.971 -0.238 0. 58.169 -0.238 0.971 0. 7.754 -0. 0. -1. 0.
-0.973 -0.233 0. 57.431 -0.233 0.973 0. 7.595 -0. 0. -1. 0.
-0.974 -0.225 0. 56.679 -0.225 0.974 0. 7.425 -0. 0. -1. 0.
-0.977 -0.213 0. 55.871 -0.213 0.977 0. 7.292 -0. 0. -1. 0.
-0.980 -0.198 0. 54.997 -0.198 0.980 0. 7.128 -0. 0. -1. 0.
-0.984 -0.178 0. 54.057 -0.178 0.984 0. 6.986 -0. 0. -1. 0.
-0.987 -0.160 0. 53.046 -0.160 0.987 0. 6.876 -0. 0. -1. 0.
-0.989 -0.151 0. 51.981 -0.151 0.989 0. 6.705 -0. 0. -1. 0.
-0.989 -0.148 0. 50.814 -0.148 0.989 0. 6.588 -0. 0. -1. 0.
-0.989 -0.150 0. 49.576 -0.150 0.989 0. 6.415 -0. 0. -1. 0.
-0.988 -0.157 0. 48.308 -0.157 0.988 0. 6.225 -0. 0. -1. 0.
-0.987 -0.161 0. 46.989 -0.161 0.987 0. 6.054 -0. 0. -1. 0.
-0.986 -0.167 0. 45.624 -0.167 0.986 0. 5.841 -0. 0. -1. 0.
-0.985 -0.174 0. 44.219 -0.174 0.985 0. 5.622 -0. 0. -1. 0.
-0.984 -0.181 0. 42.779 -0.181 0.984 0. 5.383 -0. 0. -1. 0.
-0.983 -0.185 0. 41.301 -0.185 0.983 0. 5.131 -0. 0. -1. 0.
-0.983 -0.183 0. 39.780 -0.183 0.983 0. 4.852 -0. 0. -1. 0.
-0.984 -0.177 0. 38.252 -0.177 0.984 0. 4.611 -0. 0. -1. 0.
-0.986 -0.166 0. 36.693 -0.166 0.986 0. 4.380 -0. 0. -1. 0.
-0.988 -0.157 0. 35.093 -0.157 0.988 0. 4.169 -0. 0. -1. 0.
-0.989 -0.149 0. 33.482 -0.149 0.989 0. 3.960 -0. 0. -1. 0.
-0.989 -0.145 0. 31.873 -0.145 0.989 0. 3.745 -0. 0. -1. 0.
-0.990 -0.140 0. 30.214 -0.140 0.990 0. 3.553 -0. 0. -1. 0.
-0.990 -0.138 0. 28.531 -0.138 0.990 0. 3.360 -0. 0. -1. 0.
-0.990 -0.139 0. 26.890 -0.139 0.990 0. 3.183 -0. 0. -1. 0.
-0.989 -0.146 0. 25.183 -0.146 0.989 0. 2.970 -0. 0. -1. 0.
-0.988 -0.154 0. 23.491 -0.154 0.988 0. 2.741 -0. 0. -1. 0.
-0.987 -0.159 0. 21.789 -0.159 0.987 0. 2.507 -0. 0. -1. 0.
-0.987 -0.161 0. 20.059 -0.161 0.987 0. 2.258 -0. 0. -1. 0.
-0.987 -0.161 0. 18.334 -0.161 0.987 0. 2.017 -0. 0. -1. 0.
-0.987 -0.161 0. 16.612 -0.161 0.987 0. 1.768 -0. 0. -1. 0.
-0.987 -0.162 0. 14.881 -0.162 0.987 0. 1.509 -0. 0. -1. 0.
-0.987 -0.162 0. 13.250 -0.162 0.987 0. 1.276 -0. 0. -1. 0.
-0.987 -0.161 0. 11.620 -0.161 0.987 0. 1.031 -0. 0. -1. 0.
-0.987 -0.161 0. 10.082 -0.161 0.987 0. 0.805 -0. 0. -1. 0.
-0.987 -0.160 0. 8.588 -0.160 0.987 0. 0.586 -0. 0. -1. 0.
-0.987 -0.161 0. 7.079 -0.161 0.987 0. 0.348 -0. 0. -1. 0.
-0.987 -0.161 0. 5.626 -0.161 0.987 0. 0.140 -0. 0. -1. 0.
-0.987 -0.160 0. 4.178 -0.160 0.987 0. -0.082 -0. 0. -1. 0.
-0.987 -0.161 0. 2.735 -0.161 0.987 0. -0.302 -0. 0. -1. 0.
-0.987 -0.162 0. 1.337 -0.162 0.987 0. -0.519 -0. 0. -1. 0.
-0.987 -0.163 0. -0.049 -0.163 0.987 0. -0.730 -0. 0. -1. 0.
-0.987 -0.163 0. -1.430 -0.163 0.987 0. -0.940 -0. 0. -1. 0.
-0.986 -0.165 0. -2.805 -0.165 0.986 0. -1.146 -0. 0. -1. 0.
-0.986 -0.166 0. -4.150 -0.166 0.986 0. -1.350 -0. 0. -1. 0.
-0.986 -0.167 0. -5.494 -0.167 0.986 0. -1.547 -0. 0. -1. 0.
-0.986 -0.170 0. -6.853 -0.170 0.986 0. -1.754 -0. 0. -1. 0.
-0.985 -0.173 0. -8.246 -0.173 0.985 0. -1.959 -0. 0. -1. 0.
-0.984 -0.178 0. -9.710 -0.178 0.984 0. -2.212 -0. 0. -1. 0.
-0.983 -0.182 0. -11.202 -0.182 0.983 0. -2.471 -0. 0. -1. 0.
-0.983 -0.186 0. -12.686 -0.186 0.983 0. -2.739 -0. 0. -1. 0.
-0.982 -0.189 0. -14.276 -0.189 0.982 0. -3.019 -0. 0. -1. 0.
-0.982 -0.189 0. -15.888 -0.189 0.982 0. -3.292 -0. 0. -1. 0.
-0.982 -0.188 0. -17.498 -0.188 0.982 0. -3.561 -0. 0. -1. 0.
-0.982 -0.188 0. -19.168 -0.188 0.982 0. -3.837 -0. 0. -1. 0.
-0.982 -0.189 0. -20.874 -0.189 0.982 0. -4.125 -0. 0. -1. 0.
-0.981 -0.192 0. -22.610 -0.192 0.981 0. -4.412 -0. 0. -1. 0.
-0.981 -0.196 0. -24.383 -0.196 0.981 0. -4.710 -0. 0. -1. 0.
-0.979 -0.203 0. -26.173 -0.203 0.979 0. -5.021 -0. 0. -1. 0.
-0.978 -0.209 0. -28.008 -0.209 0.978 0. -5.376 -0. 0. -1. 0.
-0.976 -0.216 0. -29.866 -0.216 0.976 0. -5.758 -0. 0. -1. 0.
-0.975 -0.222 0. -31.733 -0.222 0.975 0. -6.167 -0. 0. -1. 0.
-0.974 -0.227 0. -33.639 -0.227 0.974 0. -6.591 -0. 0. -1. 0.
-0.973 -0.230 0. -35.554 -0.230 0.973 0. -7.025 -0. 0. -1. 0.
-0.973 -0.229 0. -37.434 -0.229 0.973 0. -7.439 -0. 0. -1. 0.
-0.973 -0.231 0. -39.343 -0.231 0.973 0. -7.863 -0. 0. -1. 0.
-0.973 -0.231 0. -41.266 -0.231 0.973 0. -8.288 -0. 0. -1. 0.
-0.972 -0.234 0. -43.134 -0.234 0.972 0. -8.686 -0. 0. -1. 0.
-0.971 -0.239 0. -45.012 -0.239 0.971 0. -9.089 -0. 0. -1. 0.
-0.969 -0.246 0. -46.858 -0.246 0.969 0. -9.514 -0. 0. -1. 0.
-0.968 -0.252 0. -48.655 -0.252 0.968 0. -9.939 -0. 0. -1. 0.
-0.966 -0.257 0. -50.463 -0.257 0.966 0. -10.371 -0. 0. -1. 0.
-0.965 -0.261 0. -52.224 -0.261 0.965 0. -10.810 -0. 0. -1. 0.
-0.965 -0.261 0. -53.945 -0.261 0.965 0. -11.224 -0. 0. -1. 0.
-0.966 -0.257 0. -55.581 -0.257 0.966 0. -11.648 -0. 0. -1. 0.
-0.969 -0.247 0. -57.163 -0.247 0.969 0. -12.026 -0. 0. -1. 0.
-0.973 -0.229 0. -58.661 -0.229 0.973 0. -12.365 -0. 0. -1. 0.
-0.979 -0.202 0. -60.092 -0.202 0.979 0. -12.644 -0. 0. -1. 0.
-0.986 -0.167 0. -61.441 -0.167 0.986 0. -12.852 -0. 0. -1. 0.
-0.993 -0.122 0. -62.706 -0.122 0.993 0. -12.990 -0. 0. -1. 0.
-0.998 -0.068 0. -63.901 -0.068 0.998 0. -13.050 -0. 0. -1. 0.
-1. -0.007 0. -65.046 -0.007 1. 0. -13.075 -0. 0. -1. 0.
-0.998 0.061 0. -66.154 0.061 0.998 0. -12.976 0. 0. -1. 0.
-0.990 0.141 0. -67.252 0.141 0.990 0. -12.845 0. 0. -1. 0.
-0.971 0.238 0. -68.312 0.238 0.971 0. -12.571 0. 0. -1. 0.
-0.938 0.346 0. -69.312 0.346 0.938 0. -12.201 0. 0. -1. 0.
-0.892 0.451 0. -70.240 0.451 0.892 0. -11.718 0. 0. -1. 0.
-0.831 0.556 0. -71.086 0.556 0.831 0. -11.116 0. 0. -1. 0.
-0.758 0.652 0. -71.865 0.652 0.758 0. -10.434 0. 0. -1. 0.
-0.674 0.739 0. -72.574 0.739 0.674 0. -9.648 0. 0. -1. 0.
-0.584 0.812 0. -73.177 0.812 0.584 0. -8.753 0. 0. -1. 0.
-0.492 0.870 0. -73.719 0.870 0.492 0. -7.773 0. 0. -1. 0.
-0.410 0.912 0. -74.169 0.912 0.410 0. -6.696 0. 0. -1. 0.
-0.350 0.937 0. -74.543 0.937 0.350 0. -5.545 0. 0. -1. 0.
-0.309 0.951 0. -74.917 0.951 0.309 0. -4.333 0. 0. -1. 0.
-0.287 0.958 0. -75.253 0.958 0.287 0. -3.044 0. 0. -1. 0.
-0.278 0.961 0. -75.616 0.961 0.278 0. -1.704 0. 0. -1. 0.
-0.271 0.962 0. -75.988 0.962 0.271 0. -0.306 0. 0. -1. 0.
-0.264 0.965 0. -76.366 0.965 0.264 0. 1.161 0. 0. -1. 0.
-0.256 0.967 0. -76.733 0.967 0.256 0. 2.682 0. 0. -1. 0.
-0.247 0.969 0. -77.098 0.969 0.247 0. 4.270 0. 0. -1. 0.
-0.238 0.971 0. -77.462 0.971 0.238 0. 5.903 0. 0. -1. 0.
-0.229 0.973 0. -77.814 0.973 0.229 0. 7.523 0. 0. -1. 0.
-0.223 0.975 0. -78.151 0.975 0.223 0. 9.143 0. 0. -1. 0.
-0.215 0.977 0. -78.485 0.977 0.215 0. 10.782 0. 0. -1. 0.
-0.209 0.978 0. -78.803 0.978 0.209 0. 12.444 0. 0. -1. 0.
-0.200 0.980 0. -79.113 0.980 0.200 0. 14.073 0. 0. -1. 0.
-0.188 0.982 0. -79.403 0.982 0.188 0. 15.716 0. 0. -1. 0.
-0.168 0.986 0. -79.658 0.986 0.168 0. 17.343 0. 0. -1. 0.
-0.143 0.990 0. -79.891 0.990 0.143 0. 18.986 0. 0. -1. 0.
-0.116 0.993 0. -80.050 0.993 0.116 0. 20.635 0. 0. -1. 0.
-0.090 0.996 0. -80.161 0.996 0.090 0. 22.277 0. 0. -1. 0.
-0.070 0.998 0. -80.204 0.998 0.070 0. 23.877 0. 0. -1. 0.
-0.062 0.998 0. -80.259 0.998 0.062 0. 25.479 0. 0. -1. 0.
-0.067 0.998 0. -80.335 0.998 0.067 0. 27.146 0. 0. -1. 0.
-0.081 0.997 0. -80.435 0.997 0.081 0. 28.810 0. 0. -1. 0.
-0.096 0.995 0. -80.552 0.995 0.096 0. 30.472 0. 0. -1. 0.
-0.115 0.993 0. -80.707 0.993 0.115 0. 32.132 0. 0. -1. 0.
-0.134 0.991 0. -80.902 0.991 0.134 0. 33.920 0. 0. -1. 0.
-0.152 0.988 0. -81.154 0.988 0.152 0. 35.709 0. 0. -1. 0.
-0.168 0.986 0. -81.422 0.986 0.168 0. 37.537 0. 0. -1. 0.
-0.179 0.984 0. -81.720 0.984 0.179 0. 39.371 0. 0. -1. 0.
-0.187 0.982 0. -82.028 0.982 0.187 0. 41.207 0. 0. -1. 0.
-0.193 0.981 0. -82.348 0.981 0.193 0. 43.046 0. 0. -1. 0.
-0.196 0.981 0. -82.673 0.981 0.196 0. 44.888 0. 0. -1. 0.
-0.199 0.980 0. -83.025 0.980 0.199 0. 46.697 0. 0. -1. 0.
-0.197 0.980 0. -83.365 0.980 0.197 0. 48.459 0. 0. -1. 0.
-0.194 0.981 0. -83.699 0.981 0.194 0. 50.263 0. 0. -1. 0.
-0.193 0.981 0. -84.003 0.981 0.193 0. 52.000 0. 0. -1. 0.
-0.196 0.981 0. -84.304 0.981 0.196 0. 53.733 0. 0. -1. 0.
-0.199 0.980 0. -84.608 0.980 0.199 0. 55.438 0. 0. -1. 0.
-0.204 0.979 0. -84.923 0.979 0.204 0. 57.119 0. 0. -1. 0.
-0.211 0.977 0. -85.238 0.977 0.211 0. 58.776 0. 0. -1. 0.
-0.226 0.974 0. -85.583 0.974 0.226 0. 60.388 0. 0. -1. 0.
-0.255 0.967 0. -85.942 0.967 0.255 0. 61.945 0. 0. -1. 0.
-0.298 0.954 0. -86.374 0.954 0.298 0. 63.454 0. 0. -1. 0.
-0.353 0.936 0. -86.874 0.936 0.353 0. 64.904 0. 0. -1. 0.
-0.415 0.910 0. -87.422 0.910 0.415 0. 66.282 0. 0. -1. 0.
-0.484 0.875 0. -88.064 0.875 0.484 0. 67.588 0. 0. -1. 0.
-0.559 0.829 0. -88.834 0.829 0.559 0. 68.824 0. 0. -1. 0.
-0.635 0.772 0. -89.675 0.772 0.635 0. 69.953 0. 0. -1. 0.
-0.711 0.703 0. -90.658 0.703 0.711 0. 70.964 0. 0. -1. 0.
-0.781 0.625 0. -91.672 0.625 0.781 0. 71.864 0. 0. -1. 0.
-0.841 0.541 0. -92.779 0.541 0.841 0. 72.626 0. 0. -1. 0.
-0.893 0.450 0. -93.945 0.450 0.893 0. 73.275 0. 0. -1. 0.
-0.933 0.359 0. -95.119 0.359 0.933 0. 73.760 0. 0. -1. 0.
-0.965 0.263 0. -96.358 0.263 0.965 0. 74.092 0. 0. -1. 0.
-0.986 0.168 0. -97.625 0.168 0.986 0. 74.354 0. 0. -1. 0.
-0.997 0.083 0. -98.918 0.083 0.997 0. 74.491 0. 0. -1. 0.
-1. 0.014 0. -100.232 0.014 1. 0. 74.491 0. 0. -1. 0.
-0.999 -0.040 0. -101.571 -0.040 0.999 0. 74.549 -0. 0. -1. 0.
-0.997 -0.075 0. -102.947 -0.075 0.997 0. 74.395 -0. 0. -1. 0.
-0.995 -0.096 0. -104.338 -0.096 0.995 0. 74.344 -0. 0. -1. 0.
-0.995 -0.098 0. -105.755 -0.098 0.995 0. 74.215 -0. 0. -1. 0.
-0.996 -0.088 0. -107.208 -0.088 0.996 0. 74.079 -0. 0. -1. 0.
-0.998 -0.060 0. -108.647 -0.060 0.998 0. 74.032 -0. 0. -1. 0.
-1.000 -0.031 0. -110.159 -0.031 1.000 0. 73.975 -0. 0. -1. 0.
-1. 0.007 0. -111.710 0.007 1. 0. 74.002 0. 0. -1. 0.
-0.999 0.051 0. -113.274 0.051 0.999 0. 74.084 0. 0. -1. 0.
-0.994 0.105 0. -114.894 0.105 0.994 0. 74.238 0. 0. -1. 0.
-0.985 0.170 0. -116.463 0.170 0.985 0. 74.536 0. 0. -1. 0.
-0.972 0.235 0. -118.032 0.235 0.972 0. 74.939 0. 0. -1. 0.
-0.954 0.299 0. -119.618 0.299 0.954 0. 75.454 0. 0. -1. 0.
-0.937 0.350 0. -121.169 0.350 0.937 0. 76.048 0. 0. -1. 0.
-0.922 0.388 0. -122.731 0.388 0.922 0. 76.741 0. 0. -1. 0.
-0.911 0.413 0. -124.334 0.413 0.911 0. 77.490 0. 0. -1. 0.
-0.904 0.428 0. -125.960 0.428 0.904 0. 78.293 0. 0. -1. 0.
-0.899 0.438 0. -127.631 0.438 0.899 0. 79.135 0. 0. -1. 0.
-0.895 0.446 0. -129.348 0.446 0.895 0. 80.020 0. 0. -1. 0.
-0.891 0.455 0. -131.097 0.455 0.891 0. 80.934 0. 0. -1. 0.
-0.887 0.463 0. -132.888 0.463 0.887 0. 81.895 0. 0. -1. 0.
-0.882 0.471 0. -134.707 0.471 0.882 0. 82.898 0. 0. -1. 0.
-0.876 0.483 0. -136.535 0.483 0.876 0. 83.944 0. 0. -1. 0.
-0.870 0.493 0. -138.365 0.493 0.870 0. 85.029 0. 0. -1. 0.
-0.866 0.499 0. -140.237 0.499 0.866 0. 86.144 0. 0. -1. 0.
-0.863 0.505 0. -142.122 0.505 0.863 0. 87.290 0. 0. -1. 0.
-0.861 0.509 0. -143.996 0.509 0.861 0. 88.456 0. 0. -1. 0.
-0.860 0.510 0. -145.918 0.510 0.860 0. 89.645 0. 0. -1. 0.
-0.860 0.510 0. -147.848 0.510 0.860 0. 90.831 0. 0. -1. 0.
-0.859 0.511 0. -149.794 0.511 0.859 0. 92.036 0. 0. -1. 0.
-0.859 0.513 0. -151.728 0.513 0.859 0. 93.244 0. 0. -1. 0.
-0.858 0.513 0. -153.678 0.513 0.858 0. 94.455 0. 0. -1. 0.
-0.857 0.515 0. -155.615 0.515 0.857 0. 95.667 0. 0. -1. 0.
-0.857 0.516 0. -157.547 0.516 0.857 0. 96.894 0. 0. -1. 0.
-0.856 0.517 0. -159.485 0.517 0.856 0. 98.129 0. 0. -1. 0.
-0.855 0.518 0. -161.407 0.518 0.855 0. 99.352 0. 0. -1. 0.
-0.855 0.519 0. -163.343 0.519 0.855 0. 100.584 0. 0. -1. 0.
-0.854 0.520 0. -165.287 0.520 0.854 0. 101.820 0. 0. -1. 0.
-0.853 0.522 0. -167.214 0.522 0.853 0. 103.058 0. 0. -1. 0.
-0.852 0.524 0. -169.151 0.524 0.852 0. 104.317 0. 0. -1. 0.
-0.851 0.526 0. -171.084 0.526 0.851 0. 105.585 0. 0. -1. 0.
-0.849 0.528 0. -173.036 0.528 0.849 0. 106.845 0. 0. -1. 0.
-0.846 0.533 0. -174.993 0.533 0.846 0. 108.090 0. 0. -1. 0.
-0.839 0.543 0. -176.940 0.543 0.839 0. 109.368 0. 0. -1. 0.
-0.831 0.556 0. -178.858 0.556 0.831 0. 110.692 0. 0. -1. 0.
-0.821 0.571 0. -180.749 0.571 0.821 0. 112.049 0. 0. -1. 0.
-0.808 0.589 0. -182.616 0.589 0.808 0. 113.448 0. 0. -1. 0.
-0.793 0.609 0. -184.453 0.609 0.793 0. 114.900 0. 0. -1. 0.
-0.776 0.631 0. -186.245 0.631 0.776 0. 116.402 0. 0. -1. 0.
-0.757 0.654 0. -187.992 0.654 0.757 0. 117.961 0. 0. -1. 0.
-0.736 0.676 0. -189.699 0.676 0.736 0. 119.555 0. 0. -1. 0.
-0.713 0.701 0. -191.361 0.701 0.713 0. 121.200 0. 0. -1. 0.
-0.686 0.728 0. -192.954 0.728 0.686 0. 122.910 0. 0. -1. 0.
-0.654 0.756 0. -194.482 0.756 0.654 0. 124.682 0. 0. -1. 0.
-0.619 0.785 0. -195.941 0.785 0.619 0. 126.517 0. 0. -1. 0.
-0.582 0.813 0. -197.297 0.813 0.582 0. 128.421 0. 0. -1. 0.
-0.545 0.838 0. -198.560 0.838 0.545 0. 130.393 0. 0. -1. 0.
-0.511 0.860 0. -199.739 0.860 0.511 0. 132.409 0. 0. -1. 0.
-0.477 0.879 0. -200.835 0.879 0.477 0. 134.463 0. 0. -1. 0.
-0.446 0.895 0. -201.861 0.895 0.446 0. 136.564 0. 0. -1. 0.
-0.418 0.909 0. -202.815 0.909 0.418 0. 138.668 0. 0. -1. 0.
-0.394 0.919 0. -203.712 0.919 0.394 0. 140.824 0. 0. -1. 0.
-0.376 0.927 0. -204.555 0.927 0.376 0. 142.982 0. 0. -1. 0.
-0.363 0.932 0. -205.363 0.932 0.363 0. 145.156 0. 0. -1. 0.
-0.355 0.935 0. -206.141 0.935 0.355 0. 147.336 0. 0. -1. 0.
-0.349 0.937 0. -206.907 0.937 0.349 0. 149.521 0. 0. -1. 0.
-0.344 0.939 0. -207.654 0.939 0.344 0. 151.713 0. 0. -1. 0.
-0.341 0.940 0. -208.385 0.940 0.341 0. 153.885 0. 0. -1. 0.
-0.340 0.940 0. -209.122 0.940 0.340 0. 156.070 0. 0. -1. 0.
-0.341 0.940 0. -209.855 0.940 0.341 0. 158.217 0. 0. -1. 0.
-0.347 0.938 0. -210.578 0.938 0.347 0. 160.348 0. 0. -1. 0.
-0.360 0.933 0. -211.324 0.933 0.360 0. 162.448 0. 0. -1. 0.
-0.374 0.927 0. -212.102 0.927 0.374 0. 164.504 0. 0. -1. 0.
-0.393 0.919 0. -212.906 0.919 0.393 0. 166.520 0. 0. -1. 0.
-0.421 0.907 0. -213.764 0.907 0.421 0. 168.500 0. 0. -1. 0.
-0.455 0.890 0. -214.654 0.890 0.455 0. 170.410 0. 0. -1. 0.
-0.499 0.867 0. -215.643 0.867 0.499 0. 172.282 0. 0. -1. 0.
-0.548 0.837 0. -216.723 0.837 0.548 0. 174.065 0. 0. -1. 0.
-0.601 0.799 0. -217.876 0.799 0.601 0. 175.755 0. 0. -1. 0.
-0.659 0.752 0. -219.150 0.752 0.659 0. 177.351 0. 0. -1. 0.
-0.717 0.697 0. -220.548 0.697 0.717 0. 178.816 0. 0. -1. 0.
-0.773 0.634 0. -222.037 0.634 0.773 0. 180.141 0. 0. -1. 0.
-0.824 0.567 0. -223.625 0.567 0.824 0. 181.327 0. 0. -1. 0.
-0.870 0.493 0. -225.284 0.493 0.870 0. 182.391 0. 0. -1. 0.
-0.909 0.417 0. -227.027 0.417 0.909 0. 183.298 0. 0. -1. 0.
-0.940 0.341 0. -228.841 0.341 0.940 0. 184.052 0. 0. -1. 0.
-0.963 0.269 0. -230.712 0.269 0.963 0. 184.645 0. 0. -1. 0.
-0.979 0.203 0. -232.626 0.203 0.979 0. 185.127 0. 0. -1. 0.
-0.990 0.143 0. -234.597 0.143 0.990 0. 185.499 0. 0. -1. 0.
-0.996 0.089 0. -236.632 0.089 0.996 0. 185.755 0. 0. -1. 0.
-0.999 0.048 0. -238.705 0.048 0.999 0. 185.911 0. 0. -1. 0.
-1.000 0.022 0. -240.827 0.022 1.000 0. 186.004 0. 0. -1. 0.
-1. 0.007 0. -242.990 0.007 1. 0. 186.060 0. 0. -1. 0.
-1. 0.002 0. -245.215 0.002 1. 0. 186.103 0. 0. -1. 0.
-1. 0.006 0. -247.470 0.006 1. 0. 186.148 0. 0. -1. 0.
-1. 0.009 0. -249.770 0.009 1. 0. 186.221 0. 0. -1. 0.
-1. 0.011 0. -252.135 0.011 1. 0. 186.290 0. 0. -1. 0.
-1. 0.013 0. -254.506 0.013 1. 0. 186.357 0. 0. -1. 0.
-1.000 0.016 0. -256.909 0.016 1.000 0. 186.438 0. 0. -1. 0.
-1.000 0.021 0. -259.310 0.021 1.000 0. 186.543 0. 0. -1. 0.
-1.000 0.025 0. -261.690 0.025 1.000 0. 186.651 0. 0. -1. 0.
-1.000 0.030 0. -264.095 0.030 1.000 0. 186.765 0. 0. -1. 0.
-0.999 0.032 0. -266.477 0.032 0.999 0. 186.891 0. 0. -1. 0.
-0.999 0.032 0. -268.848 0.032 0.999 0. 186.996 0. 0. -1. 0.
-0.999 0.035 0. -271.190 0.035 0.999 0. 187.126 0. 0. -1. 0.
-0.999 0.033 0. -273.525 0.033 0.999 0. 187.262 0. 0. -1. 0.
-0.999 0.033 0. -275.800 0.033 0.999 0. 187.388 0. 0. -1. 0.
-0.999 0.032 0. -278.042 0.032 0.999 0. 187.516 0. 0. -1. 0.
-0.999 0.032 0. -280.243 0.032 0.999 0. 187.639 0. 0. -1. 0.
-0.999 0.033 0. -282.373 0.033 0.999 0. 187.759 0. 0. -1. 0.
-0.999 0.037 0. -284.456 0.037 0.999 0. 187.866 0. 0. -1. 0.
-0.998 0.056 0. -286.447 0.056 0.998 0. 187.999 0. 0. -1. 0.
-0.997 0.083 0. -288.385 0.083 0.997 0. 188.196 0. 0. -1. 0.
-0.993 0.117 0. -290.202 0.117 0.993 0. 188.417 0. 0. -1. 0.
-0.989 0.149 0. -291.928 0.149 0.989 0. 188.722 0. 0. -1. 0.
-0.985 0.173 0. -293.565 0.173 0.985 0. 189.036 0. 0. -1. 0.
-0.982 0.188 0. -295.086 0.188 0.982 0. 189.381 0. 0. -1. 0.
-0.981 0.194 0. -296.540 0.194 0.981 0. 189.686 0. 0. -1. 0.
-0.981 0.194 0. -297.946 0.194 0.981 0. 189.992 0. 0. -1. 0.
-0.981 0.196 0. -299.263 0.196 0.981 0. 190.277 0. 0. -1. 0.
-0.980 0.197 0. -300.449 0.197 0.980 0. 190.545 0. 0. -1. 0.
-0.980 0.200 0. -301.533 0.200 0.980 0. 190.800 0. 0. -1. 0.
-0.980 0.200 0. -302.533 0.200 0.980 0. 190.990 0. 0. -1. 0.
-0.980 0.199 0. -303.425 0.199 0.980 0. 191.229 0. 0. -1. 0.
-0.980 0.198 0. -304.247 0.198 0.980 0. 191.440 0. 0. -1. 0.
-0.980 0.200 0. -305.012 0.200 0.980 0. 191.558 0. 0. -1. 0.
-0.980 0.199 0. -305.632 0.199 0.980 0. 191.762 0. 0. -1. 0.
-0.980 0.200 0. -306.186 0.200 0.980 0. 191.897 0. 0. -1. 0.
-0.980 0.200 0. -306.646 0.200 0.980 0. 191.972 0. 0. -1. 0.
-0.979 0.204 0. -307.046 0.204 0.979 0. 192.076 0. 0. -1. 0.
-0.979 0.206 0. -307.465 0.206 0.979 0. 192.148 0. 0. -1. 0.
-0.978 0.209 0. -307.841 0.209 0.978 0. 192.259 0. 0. -1. 0.
-0.977 0.213 0. -308.187 0.213 0.977 0. 192.340 0. 0. -1. 0.
-0.976 0.219 0. -308.500 0.219 0.976 0. 192.402 0. 0. -1. 0.
-0.975 0.220 0. -308.763 0.220 0.975 0. 192.464 0. 0. -1. 0.
-0.975 0.223 0. -308.973 0.223 0.975 0. 192.527 0. 0. -1. 0.
-0.974 0.227 0. -309.158 0.227 0.974 0. 192.570 0. 0. -1. 0.
-0.973 0.229 0. -309.337 0.229 0.973 0. 192.614 0. 0. -1. 0.
-0.973 0.231 0. -309.501 0.231 0.973 0. 192.656 0. 0. -1. 0.
-0.972 0.233 0. -309.658 0.233 0.972 0. 192.688 0. 0. -1. 0.
-0.972 0.235 0. -309.806 0.235 0.972 0. 192.720 0. 0. -1. 0.
-0.972 0.237 0. -309.946 0.237 0.972 0. 192.753 0. 0. -1. 0.
-0.971 0.238 0. -310.078 0.238 0.971 0. 192.782 0. 0. -1. 0.
-0.971 0.240 0. -310.187 0.240 0.971 0. 192.813 0. 0. -1. 0.
-0.971 0.241 0. -310.279 0.241 0.971 0. 192.839 0. 0. -1. 0.
-0.970 0.243 0. -310.359 0.243 0.970 0. 192.861 0. 0. -1. 0.
-0.970 0.244 0. -310.432 0.244 0.970 0. 192.879 0. 0. -1. 0.
-0.970 0.245 0. -310.494 0.245 0.970 0. 192.895 0. 0. -1. 0.
-0.969 0.246 0. -310.546 0.246 0.969 0. 192.908 0. 0. -1. 0.
-0.969 0.246 0. -310.594 0.246 0.969 0. 192.919 0. 0. -1. 0.
-0.969 0.247 0. -310.640 0.247 0.969 0. 192.930 0. 0. -1. 0.
-0.969 0.248 0. -310.688 0.248 0.969 0. 192.942 0. 0. -1. 0.
-0.969 0.249 0. -310.738 0.249 0.969 0. 192.953 0. 0. -1. 0.
-0.968 0.250 0. -310.790 0.250 0.968 0. 192.966 0. 0. -1. 0.
-0.968 0.251 0. -310.841 0.251 0.968 0. 192.978 0. 0. -1. 0.
-0.968 0.252 0. -310.889 0.252 0.968 0. 192.989 0. 0. -1. 0.
-0.968 0.253 0. -310.936 0.253 0.968 0. 193.000 0. 0. -1. 0.
-0.967 0.254 0. -310.986 0.254 0.967 0. 193.010 0. 0. -1. 0.
-0.967 0.255 0. -311.035 0.255 0.967 0. 193.020 0. 0. -1. 0.
-0.967 0.255 0. -311.074 0.255 0.967 0. 193.027 0. 0. -1. 0.
-0.967 0.255 0. -311.101 0.255 0.967 0. 193.033 0. 0. -1. 0.
-0.967 0.256 0. -311.116 0.256 0.967 0. 193.036 0. 0. -1. 0.
-0.967 0.256 0. -311.121 0.256 0.967 0. 193.037 0. 0. -1. 0.
-0.967 0.256 0. -311.119 0.256 0.967 0. 193.036 0. 0. -1. 0.
-0.967 0.256 0. -311.119 0.256 0.967 0. 193.036 0. 0. -1. 0.
-0.967 0.256 0. -311.119 0.256 0.967 0. 193.036 0. 0. -1. 0.
-0.967 0.256 0. -311.119 0.256 0.967 0. 193.035 0. 0. -1. 0.
-0.967 0.256 0. -311.123 0.256 0.967 0. 193.036 0. 0. -1. 0.
-0.967 0.256 0. -311.138 0.256 0.967 0. 193.040 0. 0. -1. 0.
-0.967 0.256 0. -311.162 0.256 0.967 0. 193.044 0. 0. -1. 0.
-0.966 0.257 0. -311.191 0.257 0.966 0. 193.050 0. 0. -1. 0.
-0.966 0.257 0. -311.223 0.257 0.966 0. 193.056 0. 0. -1. 0.
-0.966 0.258 0. -311.247 0.258 0.966 0. 193.062 0. 0. -1. 0.
-0.966 0.258 0. -311.249 0.258 0.966 0. 193.063 0. 0. -1. 0.
-0.966 0.258 0. -311.249 0.258 0.966 0. 193.063 0. 0. -1. 0.
-0.966 0.258 0. -311.249 0.258 0.966 0. 193.063 0. 0. -1. 0.
-0.966 0.258 0. -311.249 0.258 0.966 0. 193.063 0. 0. -1. 0.
-0.966 0.258 0. -311.249 0.258 0.966 0. 193.063 0. 0. -1. 0.
-0.966 0.258 0. -311.249 0.258 0.966 0. 193.063 0. 0. -1. 0.
-0.966 0.258 0. -311.249 0.258 0.966 0. 193.063 0. 0. -1. 0.
-0.966 0.258 0. -311.249 0.258 0.966 0. 193.063 0. 0. -1. 0.
-0.966 0.258 0. -311.253 0.258 0.966 0. 193.064 0. 0. -1. 0.
-0.966 0.258 0. -311.262 0.258 0.966 0. 193.066 0. 0. -1. 0.
-0.966 0.259 0. -311.292 0.259 0.966 0. 193.072 0. 0. -1. 0.
-0.965 0.261 0. -311.434 0.261 0.965 0. 193.107 0. 0. -1. 0.
-0.964 0.266 0. -311.709 0.266 0.964 0. 193.192 0. 0. -1. 0.
-0.960 0.281 0. -312.048 0.281 0.960 0. 193.352 0. 0. -1. 0.
-0.953 0.302 0. -312.479 0.302 0.953 0. 193.458 0. 0. -1. 0.
-0.940 0.342 0. -312.995 0.342 0.940 0. 193.619 0. 0. -1. 0.
-0.914 0.407 0. -313.537 0.407 0.914 0. 193.940 0. 0. -1. 0.
-0.875 0.485 0. -314.185 0.485 0.875 0. 194.232 0. 0. -1. 0.
-0.825 0.565 0. -314.868 0.565 0.825 0. 194.686 0. 0. -1. 0.
-0.751 0.660 0. -315.435 0.660 0.751 0. 195.299 0. 0. -1. 0.
-0.661 0.751 0. -315.964 0.751 0.661 0. 196.044 0. 0. -1. 0.
-0.556 0.831 0. -316.502 0.831 0.556 0. 196.793 0. 0. -1. 0.
-0.453 0.891 0. -316.916 0.891 0.453 0. 197.713 0. 0. -1. 0.
-0.345 0.938 0. -317.213 0.938 0.345 0. 198.718 0. 0. -1. 0.
-0.246 0.969 0. -317.422 0.969 0.246 0. 199.814 0. 0. -1. 0.
-0.160 0.987 0. -317.585 0.987 0.160 0. 201.020 0. 0. -1. 0.
-0.104 0.995 0. -317.692 0.995 0.104 0. 202.320 0. 0. -1. 0.
-0.072 0.997 0. -317.761 0.997 0.072 0. 203.746 0. 0. -1. 0.
-0.045 0.999 0. -317.821 0.999 0.045 0. 205.300 0. 0. -1. 0.
-0.023 1.000 0. -317.822 1.000 0.023 0. 206.962 0. 0. -1. 0.
-0.010 1. 0. -317.804 1. 0.010 0. 208.741 0. 0. -1. 0.
-0.004 1. 0. -317.773 1. 0.004 0. 210.636 0. 0. -1. 0.
-0.005 1. 0. -317.734 1. 0.005 0. 212.644 0. 0. -1. 0.
-0.006 1. 0. -317.708 1. 0.006 0. 214.763 0. 0. -1. 0.
-0.011 1. 0. -317.677 1. 0.011 0. 216.978 0. 0. -1. 0.
-0.019 1.000 0. -317.667 1.000 0.019 0. 219.279 0. 0. -1. 0.
-0.031 1.000 0. -317.684 1.000 0.031 0. 221.649 0. 0. -1. 0.
-0.042 0.999 0. -317.728 0.999 0.042 0. 224.061 0. 0. -1. 0.
-0.054 0.999 0. -317.803 0.999 0.054 0. 226.532 0. 0. -1. 0.
-0.062 0.998 0. -317.907 0.998 0.062 0. 229.060 0. 0. -1. 0.
-0.065 0.998 0. -318.027 0.998 0.065 0. 231.667 0. 0. -1. 0.
-0.063 0.998 0. -318.142 0.998 0.063 0. 234.328 0. 0. -1. 0.
-0.062 0.998 0. -318.255 0.998 0.062 0. 237.078 0. 0. -1. 0.
-0.059 0.998 0. -318.361 0.998 0.059 0. 239.901 0. 0. -1. 0.
-0.058 0.998 0. -318.462 0.998 0.058 0. 242.799 0. 0. -1. 0.
-0.057 0.998 0. -318.572 0.998 0.057 0. 245.770 0. 0. -1. 0.
-0.055 0.998 0. -318.689 0.998 0.055 0. 248.812 0. 0. -1. 0.
-0.051 0.999 0. -318.787 0.999 0.051 0. 251.931 0. 0. -1. 0.
-0.046 0.999 0. -318.878 0.999 0.046 0. 255.100 0. 0. -1. 0.
-0.041 0.999 0. -318.951 0.999 0.041 0. 258.319 0. 0. -1. 0.
-0.035 0.999 0. -319.016 0.999 0.035 0. 261.589 0. 0. -1. 0.
-0.029 1.000 0. -319.062 1.000 0.029 0. 264.909 0. 0. -1. 0.
-0.023 1.000 0. -319.080 1.000 0.023 0. 268.257 0. 0. -1. 0.
-0.015 1.000 0. -319.073 1.000 0.015 0. 271.618 0. 0. -1. 0.
-0.008 1. 0. -319.036 1. 0.008 0. 274.994 0. 0. -1. 0.
-0.003 1. 0. -318.980 1. 0.003 0. 278.392 0. 0. -1. 0.
0.000 1. 0. -318.914 1. -0.000 0. 281.813 0. 0. -1. 0.
0.003 1. 0. -318.841 1. -0.003 0. 285.247 0. 0. -1. 0.
0.004 1. 0. -318.764 1. -0.004 0. 288.676 0. 0. -1. 0.
0.004 1. 0. -318.687 1. -0.004 0. 292.062 0. 0. -1. 0.
0.003 1. 0. -318.603 1. -0.003 0. 295.456 0. 0. -1. 0.
0.003 1. 0. -318.522 1. -0.003 0. 298.848 0. 0. -1. 0.
0.003 1. 0. -318.442 1. -0.003 0. 302.228 0. 0. -1. 0.
0.004 1. 0. -318.365 1. -0.004 0. 305.588 0. 0. -1. 0.
0.004 1. 0. -318.284 1. -0.004 0. 308.936 0. 0. -1. 0.
0.005 1. 0. -318.199 1. -0.005 0. 312.269 0. 0. -1. 0.
0.005 1. 0. -318.119 1. -0.005 0. 315.579 0. 0. -1. 0.
0.006 1. 0. -318.034 1. -0.006 0. 318.885 0. 0. -1. 0.
0.006 1. 0. -317.940 1. -0.006 0. 322.156 0. 0. -1. 0.
0.006 1. 0. -317.848 1. -0.006 0. 325.406 0. 0. -1. 0.
0.006 1. 0. -317.759 1. -0.006 0. 328.644 0. 0. -1. 0.
0.005 1. 0. -317.680 1. -0.005 0. 331.865 0. 0. -1. 0.
0.004 1. 0. -317.599 1. -0.004 0. 335.080 0. 0. -1. 0.
