1620936720162098 1.00000 0.00000 0.00000 -0.00000 0.00000 -1.00000 0.00000 0.00000 0.00000 -0.00000 -1.00000 0.00000
1620936720411139 1.00000 0.00035 0.00000 0.00424 0.00035 -1.00000 0.00000 -0.02698 0.00000 -0.00000 -1.00000 -0.00000
1620936720661137 1.00000 -0.00248 0.00000 -0.01711 -0.00248 -1.00000 0.00000 -0.00261 -0.00000 -0.00000 -1.00000 -0.00000
1620936720911145 1.00000 -0.00149 0.00000 -0.00053 -0.00149 -1.00000 0.00000 -0.00981 -0.00000 -0.00000 -1.00000 -0.00000
1620936721161773 1.00000 0.00011 0.00000 -0.03078 0.00011 -1.00000 0.00000 0.02395 0.00000 -0.00000 -1.00000 0.00000
1620936721411777 1.00000 0.00115 0.00000 -0.02634 0.00115 -1.00000 0.00000 -0.02787 0.00000 -0.00000 -1.00000 -0.00000
1620936721662404 1.00000 -0.00005 0.00000 -0.00296 -0.00005 -1.00000 0.00000 -0.01686 -0.00000 -0.00000 -1.00000 -0.00000
1620936721912406 0.99999 0.00501 0.00000 0.01360 0.00501 -0.99999 0.00000 -0.02045 0.00000 -0.00000 -1.00000 -0.00000
1620936722162424 0.99999 0.00329 0.00000 -0.02586 0.00329 -0.99999 0.00000 0.02586 0.00000 -0.00000 -1.00000 0.00000
1620936722411788 1.00000 -0.00127 0.00000 0.00882 -0.00127 -1.00000 0.00000 -0.03434 -0.00000 -0.00000 -1.00000 -0.00000
1620936722661799 1.00000 -0.00126 0.00000 -0.02142 -0.00126 -1.00000 0.00000 -0.01036 -0.00000 -0.00000 -1.00000 -0.00000
1620936722911176 1.00000 -0.00187 0.00000 -0.04046 -0.00187 -1.00000 0.00000 0.01222 -0.00000 -0.00000 -1.00000 0.00000
1620936723160557 1.00000 0.00128 0.00000 0.00557 0.00128 -1.00000 0.00000 0.01496 0.00000 -0.00000 -1.00000 0.00000
1620936723409939 1.00000 0.00167 0.00000 -0.01621 0.00167 -1.00000 0.00000 0.01079 0.00000 -0.00000 -1.00000 0.00000
1620936723659941 1.00000 0.00067 0.00000 -0.01793 0.00067 -1.00000 0.00000 -0.02831 0.00000 -0.00000 -1.00000 -0.00000
1620936723910564 1.00000 -0.00038 0.00000 -0.02181 -0.00038 -1.00000 0.00000 -0.03328 -0.00000 -0.00000 -1.00000 -0.00000
1620936724161825 1.00000 0.00049 0.00000 -0.00189 0.00049 -1.00000 0.00000 0.02056 0.00000 -0.00000 -1.00000 0.00000
1620936724411828 1.00000 0.00302 0.00000 -0.02367 0.00302 -1.00000 0.00000 -0.01614 0.00000 -0.00000 -1.00000 -0.00000
1620936724662458 1.00000 0.00059 0.00000 -0.01352 0.00059 -1.00000 0.00000 -0.00467 0.00000 -0.00000 -1.00000 -0.00000
1620936724912461 1.00000 0.00115 0.00000 -0.00506 0.00115 -1.00000 0.00000 -0.01512 0.00000 -0.00000 -1.00000 -0.00000
1620936725162503 1.00000 -0.00122 0.00000 -0.02537 -0.00122 -1.00000 0.00000 0.01544 -0.00000 -0.00000 -1.00000 0.00000
1620936725411848 0.99999 -0.00387 0.00000 0.00117 -0.00387 -0.99999 0.00000 -0.05262 -0.00000 -0.00000 -1.00000 -0.00000
1620936725661226 1.00000 -0.00269 -0.00000 0.00223 -0.00269 -1.00000 0.00000 -0.02680 -0.00000 -0.00000 -1.00000 -0.00000
1620936725911227 1.00000 -0.00058 0.00000 -0.01225 -0.00058 -1.00000 0.00000 0.01985 -0.00000 -0.00000 -1.00000 0.00000
1620936726160607 0.99999 0.00404 0.00000 -0.01928 0.00404 -0.99999 0.00000 0.01939 0.00000 -0.00000 -1.00000 0.00000
1620936726410607 0.99999 0.00397 0.00000 -0.03862 0.00397 -0.99999 0.00000 0.01057 0.00000 -0.00000 -1.00000 0.00000
1620936726661869 1.00000 -0.00113 0.00000 -0.03682 -0.00113 -1.00000 0.00000 0.04128 -0.00000 -0.00000 -1.00000 0.00000
1620936726912491 0.99999 -0.00531 -0.00000 -0.02084 -0.00531 -0.99999 0.00000 -0.05508 -0.00000 -0.00000 -1.00000 -0.00000
1620936727163120 0.99999 -0.00492 0.00000 -0.03169 -0.00492 -0.99999 0.00000 -0.04203 -0.00000 -0.00000 -1.00000 -0.00000
1620936727413136 1.00000 -0.00105 -0.00000 -0.10174 -0.00105 -1.00000 0.00000 -0.01072 -0.00000 -0.00000 -1.00000 -0.00000
1620936727662501 0.99999 -0.00360 0.00000 -0.15238 -0.00360 -0.99999 0.00000 -0.05033 -0.00000 -0.00000 -1.00000 -0.00000
1620936727911885 1.00000 -0.00294 -0.00000 -0.24005 -0.00294 -1.00000 0.00000 -0.06891 -0.00000 -0.00000 -1.00000 -0.00000
1620936728161264 0.99991 -0.01351 0.00000 -0.47598 -0.01351 -0.99991 0.00000 -0.02433 -0.00000 -0.00000 -1.00000 -0.00000
1620936728410644 0.99955 -0.03001 0.00000 -0.74083 -0.03001 -0.99955 0.00000 -0.09015 -0.00000 -0.00000 -1.00000 -0.00000
1620936728660646 0.99901 -0.04441 0.00000 -1.14622 -0.04441 -0.99901 0.00000 -0.00026 -0.00000 -0.00000 -1.00000 -0.00000
1620936728910649 0.99832 -0.05792 0.00000 -1.62789 -0.05792 -0.99832 0.00000 -0.00253 -0.00000 -0.00000 -1.00000 -0.00000
1620936729160653 0.99812 -0.06126 0.00000 -2.13135 -0.06126 -0.99812 0.00000 -0.07699 -0.00000 -0.00000 -1.00000 -0.00000
1620936729411909 0.99765 -0.06847 0.00000 -2.86328 -0.06847 -0.99765 0.00000 0.01193 -0.00000 -0.00000 -1.00000 0.00000
1620936729662540 0.99681 -0.07986 0.00000 -3.62102 -0.07986 -0.99681 0.00000 -0.04900 -0.00000 -0.00000 -1.00000 -0.00000
1620936729913170 0.99549 -0.09482 0.00000 -4.37009 -0.09482 -0.99549 0.00000 0.00701 -0.00000 -0.00000 -1.00000 0.00000
1620936730163181 0.99480 -0.10188 0.00000 -5.26858 -0.10188 -0.99480 0.00000 0.10281 -0.00000 -0.00000 -1.00000 0.00000
1620936730413172 0.99409 -0.10858 0.00000 -6.24995 -0.10858 -0.99409 0.00000 0.14226 -0.00000 -0.00000 -1.00000 0.00000
1620936730662555 0.99377 -0.11148 -0.00000 -7.27890 -0.11148 -0.99377 0.00000 0.16034 -0.00000 -0.00000 -1.00000 0.00000
1620936730911932 0.99253 -0.12202 -0.00000 -8.34717 -0.12202 -0.99253 0.00000 0.30804 -0.00000 -0.00000 -1.00000 0.00000
1620936731161314 0.99132 -0.13150 0.00000 -9.47635 -0.13150 -0.99132 0.00000 0.25130 -0.00000 -0.00000 -1.00000 0.00000
1620936731410692 0.99042 -0.13808 0.00000 -10.63605 -0.13808 -0.99042 0.00000 0.35753 -0.00000 -0.00000 -1.00000 0.00000
1620936731660072 0.99029 -0.13904 0.00000 -11.82355 -0.13904 -0.99029 0.00000 0.32395 -0.00000 -0.00000 -1.00000 0.00000
1620936731910078 0.99060 -0.13680 -0.00000 -13.08363 -0.13680 -0.99060 0.00000 0.28801 -0.00000 -0.00000 -1.00000 0.00000
1620936732160079 0.99177 -0.12801 0.00000 -14.36832 -0.12801 -0.99177 0.00000 0.15068 -0.00000 -0.00000 -1.00000 0.00000
1620936732411331 0.99201 -0.12613 0.00000 -15.82370 -0.12613 -0.99201 0.00000 0.18978 -0.00000 -0.00000 -1.00000 0.00000
1620936732661966 0.99246 -0.12256 0.00000 -17.19343 -0.12256 -0.99246 0.00000 0.03000 -0.00000 -0.00000 -1.00000 0.00000
1620936732912587 0.99239 -0.12315 0.00000 -18.71140 -0.12315 -0.99239 0.00000 0.01736 -0.00000 -0.00000 -1.00000 0.00000
1620936733163250 0.99322 -0.11624 0.00000 -20.29720 -0.11624 -0.99322 0.00000 -0.17203 -0.00000 -0.00000 -1.00000 -0.00000
1620936733412604 0.99439 -0.10579 0.00000 -21.82395 -0.10579 -0.99439 0.00000 -0.49006 -0.00000 -0.00000 -1.00000 -0.00000
1620936733662606 0.99513 -0.09860 0.00000 -23.45681 -0.09860 -0.99513 0.00000 -0.62732 -0.00000 -0.00000 -1.00000 -0.00000
1620936733911354 0.99637 -0.08510 0.00000 -25.20026 -0.08510 -0.99637 0.00000 -1.03759 -0.00000 -0.00000 -1.00000 -0.00000
1620936734160732 0.99752 -0.07036 -0.00000 -26.90104 -0.07036 -0.99752 0.00000 -1.42123 -0.00000 -0.00000 -1.00000 -0.00000
1620936734410739 0.99850 -0.05476 0.00000 -28.68331 -0.05476 -0.99850 0.00000 -1.90477 -0.00000 -0.00000 -1.00000 -0.00000
1620936734660746 0.99938 -0.03526 0.00000 -30.48551 -0.03526 -0.99938 0.00000 -2.55799 -0.00000 -0.00000 -1.00000 -0.00000
1620936734911375 0.99979 -0.02054 0.00000 -32.23423 -0.02054 -0.99979 0.00000 -3.00829 -0.00000 -0.00000 -1.00000 -0.00000
1620936735162622 0.99997 -0.00727 0.00000 -34.16652 -0.00727 -0.99997 0.00000 -3.34020 -0.00000 -0.00000 -1.00000 -0.00000
1620936735413254 1.00000 0.00141 0.00000 -35.90566 0.00141 -1.00000 0.00000 -3.65057 0.00000 -0.00000 -1.00000 -0.00000
1620936735662632 0.99981 0.01950 0.00000 -37.75066 0.01950 -0.99981 0.00000 -4.30526 0.00000 -0.00000 -1.00000 -0.00000
1620936735912014 0.99953 0.03062 -0.00000 -39.76727 0.03062 -0.99953 0.00000 -4.81213 0.00000 -0.00000 -1.00000 -0.00000
1620936736162019 0.99931 0.03725 0.00000 -41.65652 0.03725 -0.99931 0.00000 -5.11853 0.00000 -0.00000 -1.00000 -0.00000
1620936736411400 0.99917 0.04063 -0.00000 -43.71299 0.04063 -0.99917 0.00000 -5.35590 0.00000 -0.00000 -1.00000 -0.00000
1620936736660156 0.99879 0.04917 -0.00000 -45.68391 0.04917 -0.99879 0.00000 -5.76747 0.00000 -0.00000 -1.00000 -0.00000
1620936736910155 0.99868 0.05140 0.00000 -47.83671 0.05140 -0.99868 0.00000 -5.91638 0.00000 -0.00000 -1.00000 -0.00000
1620936737160789 0.99889 0.04706 0.00000 -50.04082 0.04706 -0.99889 0.00000 -5.68100 0.00000 -0.00000 -1.00000 -0.00000
1620936737411413 0.99884 0.04820 0.00000 -52.23141 0.04820 -0.99884 0.00000 -5.72951 0.00000 -0.00000 -1.00000 -0.00000
1620936737662045 0.99864 0.05210 0.00000 -54.44116 0.05210 -0.99864 0.00000 -6.14479 0.00000 -0.00000 -1.00000 -0.00000
1620936737912672 0.99871 0.05076 0.00000 -56.68414 0.05076 -0.99871 0.00000 -6.10949 0.00000 -0.00000 -1.00000 -0.00000
1620936738163314 0.99900 0.04470 0.00000 -58.93759 0.04470 -0.99900 0.00000 -5.75081 0.00000 -0.00000 -1.00000 -0.00000
1620936738412682 0.99885 0.04795 0.00000 -61.15382 0.04795 -0.99885 0.00000 -6.03402 0.00000 -0.00000 -1.00000 -0.00000
1620936738662065 0.99883 0.04828 0.00000 -63.35347 0.04828 -0.99883 0.00000 -6.05317 0.00000 -0.00000 -1.00000 -0.00000
1620936738911437 0.99889 0.04704 0.00000 -65.54835 0.04704 -0.99889 0.00000 -6.04647 0.00000 -0.00000 -1.00000 -0.00000
1620936739160820 0.99884 0.04820 0.00000 -67.74790 0.04820 -0.99884 0.00000 -6.13203 0.00000 -0.00000 -1.00000 -0.00000
1620936739410824 0.99929 0.03781 0.00000 -69.95951 0.03781 -0.99929 0.00000 -5.25896 0.00000 -0.00000 -1.00000 -0.00000
1620936739660831 0.99942 0.03420 0.00000 -72.17698 0.03420 -0.99942 0.00000 -5.08674 0.00000 -0.00000 -1.00000 -0.00000
1620936739910829 0.99947 0.03240 0.00000 -74.40675 0.03240 -0.99947 0.00000 -4.96360 0.00000 -0.00000 -1.00000 -0.00000
1620936740161456 0.99973 0.02306 0.00000 -76.60871 0.02306 -0.99973 0.00000 -4.36805 0.00000 -0.00000 -1.00000 -0.00000
1620936740412087 0.99997 0.00740 0.00000 -78.76506 0.00740 -0.99997 0.00000 -3.11776 0.00000 -0.00000 -1.00000 -0.00000
1620936740662719 0.99997 -0.00775 0.00000 -81.02054 -0.00775 -0.99997 0.00000 -1.96155 -0.00000 -0.00000 -1.00000 -0.00000
1620936740913343 0.99912 -0.04190 0.00000 -83.25300 -0.04190 -0.99912 0.00000 0.77962 -0.00000 -0.00000 -1.00000 0.00000
1620936741163355 0.99683 -0.07953 0.00000 -85.16628 -0.07953 -0.99683 0.00000 4.00608 -0.00000 -0.00000 -1.00000 0.00000
1620936741412731 0.99176 -0.12808 -0.00000 -86.94768 -0.12808 -0.99176 0.00000 8.19151 -0.00000 -0.00000 -1.00000 0.00000
1620936741662108 0.98531 -0.17079 0.00000 -88.65967 -0.17079 -0.98531 0.00000 11.90607 -0.00000 -0.00000 -1.00000 0.00000
1620936741911487 0.97655 -0.21528 0.00000 -90.14652 -0.21528 -0.97655 0.00000 15.87337 -0.00000 -0.00000 -1.00000 0.00000
1620936742160865 0.96377 -0.26672 0.00000 -91.19781 -0.26672 -0.96377 0.00000 20.56314 -0.00000 -0.00000 -1.00000 0.00000
1620936742410244 0.95055 -0.31058 0.00000 -92.17263 -0.31058 -0.95055 0.00000 24.62585 -0.00000 -0.00000 -1.00000 0.00000
1620936742660253 0.93156 -0.36360 0.00000 -92.67367 -0.36360 -0.93156 0.00000 29.89138 -0.00000 -0.00000 -1.00000 0.00000
1620936742910877 0.90787 -0.41924 0.00000 -92.81208 -0.41924 -0.90787 0.00000 35.43637 -0.00000 -0.00000 -1.00000 0.00000
1620936743161508 0.88201 -0.47123 0.00000 -92.56714 -0.47123 -0.88201 0.00000 40.89510 -0.00000 -0.00000 -1.00000 0.00000
1620936743412138 0.84568 -0.53369 0.00000 -91.46111 -0.53369 -0.84568 0.00000 47.44721 -0.00000 -0.00000 -1.00000 0.00000
1620936743662760 0.80314 -0.59579 0.00000 -89.65324 -0.59579 -0.80314 0.00000 54.39709 -0.00000 -0.00000 -1.00000 0.00000
1620936743912767 0.75700 -0.65341 0.00000 -87.29132 -0.65341 -0.75700 0.00000 60.72692 -0.00000 -0.00000 -1.00000 0.00000
1620936744162770 0.69777 -0.71632 0.00000 -83.70663 -0.71632 -0.69777 0.00000 67.89086 -0.00000 -0.00000 -1.00000 0.00000
1620936744412147 0.64015 -0.76825 0.00000 -79.99622 -0.76825 -0.64015 0.00000 74.29293 -0.00000 -0.00000 -1.00000 0.00000
1620936744661534 0.58191 -0.81325 0.00000 -76.16595 -0.81325 -0.58191 0.00000 79.87781 -0.00000 -0.00000 -1.00000 0.00000
1620936744910907 0.52701 -0.84986 0.00000 -72.58920 -0.84986 -0.52701 0.00000 84.69258 -0.00000 -0.00000 -1.00000 0.00000
1620936745160293 0.46836 -0.88354 0.00000 -68.52013 -0.88354 -0.46836 0.00000 89.35191 -0.00000 -0.00000 -1.00000 0.00000
1620936745410295 0.42781 -0.90387 0.00000 -66.23478 -0.90387 -0.42781 0.00000 92.54347 -0.00000 -0.00000 -1.00000 0.00000
1620936745660300 0.39597 -0.91826 0.00000 -64.84731 -0.91826 -0.39597 0.00000 94.63402 -0.00000 -0.00000 -1.00000 0.00000
1620936745910923 0.37752 -0.92600 0.00000 -64.79846 -0.92600 -0.37752 0.00000 95.77521 -0.00000 -0.00000 -1.00000 0.00000
1620936746161566 0.36833 -0.92969 0.00000 -65.75131 -0.92969 -0.36833 0.00000 96.44219 -0.00000 -0.00000 -1.00000 0.00000
1620936746412810 0.36373 -0.93150 0.00000 -67.12368 -0.93150 -0.36373 0.00000 96.89665 -0.00000 -0.00000 -1.00000 0.00000
1620936746662817 0.36964 -0.92918 0.00000 -69.63311 -0.92918 -0.36964 0.00000 96.38989 -0.00000 -0.00000 -1.00000 0.00000
1620936746912822 0.37628 -0.92651 0.00000 -72.25517 -0.92651 -0.37628 0.00000 95.78532 -0.00000 -0.00000 -1.00000 0.00000
1620936747162817 0.37588 -0.92667 0.00000 -74.18995 -0.92667 -0.37588 0.00000 95.90807 -0.00000 -0.00000 -1.00000 0.00000
1620936747412195 0.38295 -0.92377 0.00000 -76.83747 -0.92377 -0.38295 0.00000 95.33368 -0.00000 -0.00000 -1.00000 0.00000
1620936747661571 0.38667 -0.92222 0.00000 -79.26628 -0.92222 -0.38667 0.00000 94.93396 -0.00000 -0.00000 -1.00000 0.00000
1620936747910959 0.39850 -0.91717 0.00000 -82.44621 -0.91717 -0.39850 0.00000 93.86793 -0.00000 -0.00000 -1.00000 0.00000
1620936748160334 0.41242 -0.91100 -0.00000 -85.84763 -0.91100 -0.41242 0.00000 92.49735 -0.00000 -0.00000 -1.00000 0.00000
1620936748410967 0.42500 -0.90519 0.00000 -89.16388 -0.90519 -0.42500 0.00000 91.36294 -0.00000 -0.00000 -1.00000 0.00000
1620936748660973 0.44254 -0.89675 0.00000 -92.90630 -0.89675 -0.44254 0.00000 89.45935 -0.00000 -0.00000 -1.00000 0.00000
1620936748911604 0.45726 -0.88933 0.00000 -96.32769 -0.88933 -0.45726 0.00000 87.84978 -0.00000 -0.00000 -1.00000 0.00000
1620936749162853 0.47324 -0.88094 -0.00000 -99.84821 -0.88094 -0.47324 0.00000 86.21508 -0.00000 -0.00000 -1.00000 0.00000
1620936749412858 0.48880 -0.87240 0.00000 -103.30333 -0.87240 -0.48880 0.00000 84.30968 -0.00000 -0.00000 -1.00000 0.00000
1620936749663487 0.49963 -0.86624 0.00000 -106.19597 -0.86624 -0.49963 0.00000 83.01787 -0.00000 -0.00000 -1.00000 0.00000
1620936749913491 0.51027 -0.86002 -0.00000 -109.00196 -0.86002 -0.51027 0.00000 81.61176 -0.00000 -0.00000 -1.00000 0.00000
1620936750162237 0.52003 -0.85415 0.00000 -111.73343 -0.85415 -0.52003 0.00000 80.28071 -0.00000 -0.00000 -1.00000 0.00000
1620936750412254 0.51988 -0.85424 0.00000 -113.50989 -0.85424 -0.51988 0.00000 80.36581 -0.00000 -0.00000 -1.00000 0.00000
1620936750661628 0.53126 -0.84721 0.00000 -116.11740 -0.84721 -0.53126 0.00000 78.70339 -0.00000 -0.00000 -1.00000 0.00000
1620936750911634 0.53133 -0.84716 0.00000 -118.00241 -0.84716 -0.53133 0.00000 78.79846 -0.00000 -0.00000 -1.00000 0.00000
1620936751161631 0.53565 -0.84444 0.00000 -120.01050 -0.84444 -0.53565 0.00000 78.19470 -0.00000 -0.00000 -1.00000 0.00000
1620936751411638 0.54553 -0.83809 0.00000 -122.44060 -0.83809 -0.54553 0.00000 76.73196 -0.00000 -0.00000 -1.00000 0.00000
1620936751662276 0.54707 -0.83709 0.00000 -124.23504 -0.83709 -0.54707 0.00000 76.44130 -0.00000 -0.00000 -1.00000 0.00000
1620936751912899 0.55613 -0.83109 0.00000 -126.64057 -0.83109 -0.55613 0.00000 75.04631 -0.00000 -0.00000 -1.00000 0.00000
1620936752163522 0.56009 -0.82843 -0.00000 -128.50539 -0.82843 -0.56009 0.00000 74.48622 -0.00000 -0.00000 -1.00000 0.00000
1620936752413527 0.57439 -0.81858 0.00000 -131.19163 -0.81858 -0.57439 0.00000 72.24777 -0.00000 -0.00000 -1.00000 0.00000
1620936752663535 0.59133 -0.80643 0.00000 -134.22511 -0.80643 -0.59133 0.00000 69.49150 -0.00000 -0.00000 -1.00000 0.00000
1620936752912915 0.62486 -0.78074 0.00000 -138.41886 -0.78074 -0.62486 0.00000 63.66306 -0.00000 -0.00000 -1.00000 0.00000
1620936753162292 0.66052 -0.75081 0.00000 -142.59902 -0.75081 -0.66052 0.00000 57.14272 -0.00000 -0.00000 -1.00000 0.00000
1620936753411672 0.70008 -0.71407 0.00000 -146.78386 -0.71407 -0.70008 0.00000 49.52251 -0.00000 -0.00000 -1.00000 0.00000
1620936753661051 0.75235 -0.65877 0.00000 -151.23942 -0.65877 -0.75235 0.00000 38.22406 -0.00000 -0.00000 -1.00000 0.00000
1620936753911060 0.80818 -0.58894 0.00000 -155.40299 -0.58894 -0.80818 0.00000 24.45594 -0.00000 -0.00000 -1.00000 0.00000
1620936754161063 0.86191 -0.50707 0.00000 -158.27148 -0.50707 -0.86191 0.00000 9.05496 -0.00000 -0.00000 -1.00000 0.00000
1620936754411684 0.91396 -0.40581 0.00000 -159.44494 -0.40581 -0.91396 0.00000 -8.97130 -0.00000 -0.00000 -1.00000 -0.00000
1620936754662321 0.95965 -0.28119 0.00000 -157.97245 -0.28119 -0.95965 0.00000 -30.05768 -0.00000 -0.00000 -1.00000 -0.00000
1620936754912944 0.99054 -0.13723 0.00000 -152.92172 -0.13723 -0.99054 0.00000 -52.85972 -0.00000 -0.00000 -1.00000 -0.00000
1620936755163575 0.99998 0.00685 0.00000 -144.89375 0.00685 -0.99998 0.00000 -74.26661 0.00000 -0.00000 -1.00000 -0.00000
1620936755412957 0.98618 0.16569 0.00000 -132.26083 0.16569 -0.98618 0.00000 -96.45259 0.00000 -0.00000 -1.00000 -0.00000
1620936755662334 0.94379 0.33055 -0.00000 -115.06436 0.33055 -0.94379 0.00000 -117.40111 0.00000 -0.00000 -1.00000 -0.00000
1620936755912337 0.87440 0.48521 0.00000 -94.67898 0.48521 -0.87440 0.00000 -135.07674 0.00000 -0.00000 -1.00000 -0.00000
1620936756161716 0.77357 0.63372 0.00000 -70.02248 0.63372 -0.77357 0.00000 -149.78684 0.00000 -0.00000 -1.00000 -0.00000
1620936756411721 0.64720 0.76232 -0.00000 -42.94499 0.76232 -0.64720 0.00000 -159.82988 0.00000 -0.00000 -1.00000 -0.00000
1620936756661725 0.49854 0.86687 0.00000 -14.29708 0.86687 -0.49854 0.00000 -165.03861 0.00000 -0.00000 -1.00000 -0.00000
1620936756912348 0.33647 0.94169 0.00000 14.31407 0.94169 -0.33647 0.00000 -164.96313 0.00000 -0.00000 -1.00000 -0.00000
1620936757162988 0.16910 0.98560 0.00000 41.42299 0.98560 -0.16910 0.00000 -159.91290 0.00000 -0.00000 -1.00000 -0.00000
1620936757413624 -0.00335 0.99999 -0.00000 67.43007 0.99999 0.00335 0.00000 -150.37947 0.00000 0.00000 -1.00000 -0.00000
1620936757663610 -0.17659 0.98428 0.00000 91.55935 0.98428 0.17659 0.00000 -136.26149 0.00000 0.00000 -1.00000 -0.00000
1620936757913623 -0.33987 0.94047 0.00000 112.30135 0.94047 0.33987 0.00000 -118.84098 0.00000 0.00000 -1.00000 -0.00000
1620936758162996 -0.47961 0.87748 0.00000 128.05152 0.87748 0.47961 0.00000 -100.35706 0.00000 0.00000 -1.00000 -0.00000
1620936758412377 -0.60233 0.79825 0.00000 140.32723 0.79825 0.60233 0.00000 -80.50817 0.00000 0.00000 -1.00000 -0.00000
1620936758662386 -0.69175 0.72213 0.00000 147.62914 0.72213 0.69175 0.00000 -63.63763 0.00000 0.00000 -1.00000 -0.00000
1620936758912388 -0.77046 0.63749 0.00000 153.00266 0.63749 0.77046 0.00000 -45.91557 0.00000 0.00000 -1.00000 -0.00000
1620936759161767 -0.82467 0.56562 0.00000 155.21191 0.56562 0.82467 0.00000 -32.05106 0.00000 0.00000 -1.00000 -0.00000
1620936759411767 -0.86573 0.50050 0.00000 156.05244 0.50050 0.86573 0.00000 -20.09615 0.00000 0.00000 -1.00000 -0.00000
1620936759661767 -0.89454 0.44700 0.00000 155.64917 0.44700 0.89454 0.00000 -10.63414 0.00000 0.00000 -1.00000 -0.00000
1620936759912401 -0.91443 0.40475 0.00000 154.60423 0.40475 0.91443 0.00000 -3.33126 0.00000 0.00000 -1.00000 -0.00000
1620936760163037 -0.92109 0.38934 -0.00000 153.29310 0.38934 0.92109 0.00000 -0.68006 0.00000 0.00000 -1.00000 -0.00000
1620936760413037 -0.92154 0.38829 0.00000 151.96819 0.38829 0.92154 0.00000 -0.42912 0.00000 0.00000 -1.00000 -0.00000
1620936760663044 -0.91151 0.41129 0.00000 150.40601 0.41129 0.91151 0.00000 -4.34550 0.00000 0.00000 -1.00000 -0.00000
1620936760912416 -0.90430 0.42690 0.00000 148.79470 0.42690 0.90430 0.00000 -6.72045 0.00000 0.00000 -1.00000 -0.00000
1620936761161796 -0.89081 0.45437 0.00000 146.99490 0.45437 0.89081 0.00000 -11.54413 0.00000 0.00000 -1.00000 -0.00000
1620936761411179 -0.87448 0.48507 0.00000 144.98204 0.48507 0.87448 0.00000 -16.60562 0.00000 0.00000 -1.00000 -0.00000
1620936761661183 -0.85011 0.52660 0.00000 142.45904 0.52660 0.85011 0.00000 -23.54956 0.00000 0.00000 -1.00000 -0.00000
1620936761911185 -0.82660 0.56279 0.00000 139.64674 0.56279 0.82660 0.00000 -29.79522 0.00000 0.00000 -1.00000 -0.00000
1620936762161195 -0.79467 0.60704 0.00000 136.06156 0.60704 0.79467 0.00000 -37.38738 0.00000 0.00000 -1.00000 -0.00000
1620936762411823 -0.76286 0.64656 -0.00000 132.34947 0.64656 0.76286 0.00000 -44.21213 0.00000 0.00000 -1.00000 -0.00000
1620936762663067 -0.72525 0.68848 0.00000 127.89642 0.68848 0.72525 0.00000 -51.45901 0.00000 0.00000 -1.00000 -0.00000
1620936762913078 -0.68925 0.72453 -0.00000 123.35685 0.72453 0.68925 0.00000 -58.07248 0.00000 0.00000 -1.00000 -0.00000
1620936763163083 -0.64494 0.76423 -0.00000 117.84734 0.76423 0.64494 0.00000 -65.28064 0.00000 0.00000 -1.00000 -0.00000
1620936763413086 -0.59769 0.80173 0.00000 111.89764 0.80173 0.59769 0.00000 -72.21280 0.00000 0.00000 -1.00000 -0.00000
1620936763662468 -0.55621 0.83104 0.00000 106.33337 0.83104 0.55621 0.00000 -77.84818 0.00000 0.00000 -1.00000 -0.00000
1620936763911840 -0.51507 0.85715 0.00000 100.45831 0.85715 0.51507 0.00000 -82.95699 0.00000 0.00000 -1.00000 -0.00000
1620936764161217 -0.48583 0.87405 0.00000 95.78901 0.87405 0.48583 0.00000 -86.35757 0.00000 0.00000 -1.00000 -0.00000
1620936764411227 -0.45270 0.89166 0.00000 90.58935 0.89166 0.45270 0.00000 -89.86499 0.00000 0.00000 -1.00000 -0.00000
1620936764661231 -0.42820 0.90368 0.00000 86.29818 0.90368 0.42820 0.00000 -92.42627 0.00000 0.00000 -1.00000 -0.00000
1620936764911858 -0.40706 0.91340 0.00000 82.05393 0.91340 0.40706 0.00000 -94.38634 0.00000 0.00000 -1.00000 -0.00000
1620936765163111 -0.39132 0.92025 0.00000 78.54115 0.92025 0.39132 0.00000 -95.81046 0.00000 0.00000 -1.00000 -0.00000
1620936765413739 -0.37182 0.92830 0.00000 74.59391 0.92830 0.37182 0.00000 -97.58297 0.00000 0.00000 -1.00000 -0.00000
1620936765663116 -0.37038 0.92888 -0.00000 72.53784 0.92888 0.37038 0.00000 -97.67781 0.00000 0.00000 -1.00000 -0.00000
1620936765913129 -0.35487 0.93492 0.00000 68.99552 0.93492 0.35487 0.00000 -98.92667 0.00000 0.00000 -1.00000 -0.00000
1620936766161873 -0.36156 0.93235 0.00000 67.60518 0.93235 0.36156 0.00000 -98.39568 0.00000 0.00000 -1.00000 -0.00000
1620936766411884 -0.35701 0.93410 0.00000 65.16463 0.93410 0.35701 0.00000 -98.86149 0.00000 0.00000 -1.00000 -0.00000
1620936766661264 -0.37840 0.92564 0.00000 65.37942 0.92564 0.37840 0.00000 -97.22958 0.00000 0.00000 -1.00000 -0.00000
1620936766911264 -0.40291 0.91524 0.00000 65.89819 0.91524 0.40291 0.00000 -95.55781 0.00000 0.00000 -1.00000 -0.00000
1620936767161890 -0.44316 0.89644 0.00000 68.03567 0.89644 0.44316 0.00000 -92.57604 0.00000 0.00000 -1.00000 -0.00000
1620936767412525 -0.48219 0.87607 0.00000 69.95118 0.87607 0.48219 0.00000 -89.59791 0.00000 0.00000 -1.00000 -0.00000
1620936767663153 -0.52392 0.85177 -0.00000 72.03399 0.85177 0.52392 0.00000 -86.23689 0.00000 0.00000 -1.00000 -0.00000
1620936767913785 -0.56983 0.82176 0.00000 74.56975 0.82176 0.56983 0.00000 -82.20473 0.00000 0.00000 -1.00000 -0.00000
1620936768164408 -0.61612 0.78765 0.00000 77.16776 0.78765 0.61612 0.00000 -77.80076 0.00000 0.00000 -1.00000 -0.00000
1620936768413789 -0.67010 0.74227 0.00000 80.45121 0.74227 0.67010 0.00000 -72.36260 0.00000 0.00000 -1.00000 -0.00000
1620936768663794 -0.72721 0.68641 0.00000 83.82842 0.68641 0.72721 0.00000 -65.61418 0.00000 0.00000 -1.00000 -0.00000
1620936768913173 -0.77814 0.62809 0.00000 86.51792 0.62809 0.77814 0.00000 -58.92354 0.00000 0.00000 -1.00000 -0.00000
1620936769162544 -0.82646 0.56300 0.00000 88.95262 0.56300 0.82646 0.00000 -51.88561 0.00000 0.00000 -1.00000 -0.00000
1620936769412556 -0.86149 0.50778 0.00000 90.03987 0.50778 0.86149 0.00000 -45.94410 0.00000 0.00000 -1.00000 -0.00000
1620936769661937 -0.89701 0.44201 -0.00000 91.20787 0.44201 0.89701 0.00000 -39.22289 0.00000 0.00000 -1.00000 -0.00000
1620936769911942 -0.92414 0.38206 0.00000 91.58938 0.38206 0.92414 0.00000 -33.10713 0.00000 0.00000 -1.00000 -0.00000
1620936770161947 -0.94885 0.31572 0.00000 91.71633 0.31572 0.94885 0.00000 -26.65725 0.00000 0.00000 -1.00000 -0.00000
1620936770411951 -0.97072 0.24020 0.00000 91.45507 0.24020 0.97072 0.00000 -19.48299 0.00000 0.00000 -1.00000 -0.00000
1620936770663196 -0.98484 0.17347 -0.00000 90.27607 0.17347 0.98484 0.00000 -13.17584 0.00000 0.00000 -1.00000 -0.00000
1620936770913830 -0.99336 0.11509 0.00000 88.79618 0.11509 0.99336 0.00000 -7.91097 0.00000 0.00000 -1.00000 -0.00000
1620936771163830 -0.99818 0.06033 -0.00000 86.94908 0.06033 0.99818 0.00000 -3.00997 0.00000 0.00000 -1.00000 -0.00000
1620936771413841 -0.99970 0.02429 0.00000 84.83758 0.02429 0.99970 0.00000 0.14816 0.00000 0.00000 -1.00000 0.00000
1620936771663844 -0.99989 0.01451 0.00000 82.65345 0.01451 0.99989 0.00000 0.98620 0.00000 0.00000 -1.00000 0.00000
1620936771913223 -1.00000 -0.00020 0.00000 80.45313 -0.00020 1.00000 0.00000 2.20079 -0.00000 0.00000 -1.00000 0.00000
1620936772162597 -0.99998 -0.00576 0.00000 78.19565 -0.00576 0.99998 0.00000 2.61909 -0.00000 0.00000 -1.00000 0.00000
1620936772411978 -0.99993 -0.01213 0.00000 75.93210 -0.01213 0.99993 0.00000 3.09909 -0.00000 0.00000 -1.00000 0.00000
1620936772661355 -0.99989 -0.01454 0.00000 73.64715 -0.01454 0.99989 0.00000 3.22369 -0.00000 0.00000 -1.00000 0.00000
1620936772911361 -0.99996 -0.00931 0.00000 71.39145 -0.00931 0.99996 0.00000 2.80456 -0.00000 0.00000 -1.00000 0.00000
1620936773161410 -0.99987 -0.01620 0.00000 69.07399 -0.01620 0.99987 0.00000 3.25184 -0.00000 0.00000 -1.00000 0.00000
1620936773411998 -0.99983 -0.01855 0.00000 66.78112 -0.01855 0.99983 0.00000 3.47540 -0.00000 0.00000 -1.00000 0.00000
1620936773662626 -0.99986 -0.01670 0.00000 64.45963 -0.01670 0.99986 0.00000 3.34552 -0.00000 0.00000 -1.00000 0.00000
1620936773913256 -0.99987 -0.01592 -0.00000 62.18276 -0.01592 0.99987 0.00000 3.12584 -0.00000 0.00000 -1.00000 0.00000
1620936774163886 -0.99987 -0.01608 -0.00000 59.97703 -0.01608 0.99987 0.00000 3.01464 -0.00000 0.00000 -1.00000 0.00000
1620936774414513 -0.99969 -0.02504 -0.00000 57.59291 -0.02504 0.99969 0.00000 3.56333 -0.00000 0.00000 -1.00000 0.00000
1620936774663892 -0.99927 -0.03815 0.00000 55.36715 -0.03815 0.99927 0.00000 4.20410 -0.00000 0.00000 -1.00000 0.00000
1620936774913897 -0.99917 -0.04077 0.00000 53.08994 -0.04077 0.99917 0.00000 4.50147 -0.00000 0.00000 -1.00000 0.00000
1620936775163275 -0.99868 -0.05142 -0.00000 50.82196 -0.05142 0.99868 0.00000 4.92541 -0.00000 0.00000 -1.00000 0.00000
1620936775412655 -0.99864 -0.05205 -0.00000 48.58070 -0.05205 0.99864 0.00000 4.89944 -0.00000 0.00000 -1.00000 0.00000
1620936775662034 -0.99885 -0.04791 0.00000 46.47431 -0.04791 0.99885 0.00000 4.69953 -0.00000 0.00000 -1.00000 0.00000
1620936775912035 -0.99949 -0.03197 0.00000 44.35472 -0.03197 0.99949 0.00000 3.93250 -0.00000 0.00000 -1.00000 0.00000
1620936776162040 -0.99986 -0.01677 0.00000 42.29853 -0.01677 0.99986 0.00000 3.16769 -0.00000 0.00000 -1.00000 0.00000
1620936776412669 -1.00000 0.00100 0.00000 40.19399 0.00100 1.00000 0.00000 2.34040 0.00000 0.00000 -1.00000 0.00000
1620936776663299 -0.99973 0.02335 0.00000 38.11656 0.02335 0.99973 0.00000 1.53115 0.00000 0.00000 -1.00000 0.00000
1620936776913302 -0.99942 0.03403 0.00000 35.91700 0.03403 0.99942 0.00000 1.08143 0.00000 0.00000 -1.00000 0.00000
1620936777163305 -0.99882 0.04867 0.00000 33.83394 0.04867 0.99882 0.00000 0.59153 0.00000 0.00000 -1.00000 0.00000
1620936777412687 -0.99815 0.06086 -0.00000 31.60931 0.06086 0.99815 0.00000 0.15600 0.00000 0.00000 -1.00000 0.00000
1620936777662070 -0.99755 0.07000 0.00000 29.44322 0.07000 0.99755 0.00000 -0.31109 0.00000 0.00000 -1.00000 -0.00000
1620936777912076 -0.99665 0.08175 0.00000 27.18454 0.08175 0.99665 0.00000 -0.63823 0.00000 0.00000 -1.00000 -0.00000
1620936778161463 -0.99639 0.08486 0.00000 25.02795 0.08486 0.99639 0.00000 -0.93206 0.00000 0.00000 -1.00000 -0.00000
1620936778412077 -0.99535 0.09629 0.00000 22.76119 0.09629 0.99535 0.00000 -1.08904 0.00000 0.00000 -1.00000 -0.00000
1620936778662703 -0.99534 0.09640 0.00000 20.55327 0.09640 0.99534 0.00000 -1.26393 0.00000 0.00000 -1.00000 -0.00000
1620936778913340 -0.99544 0.09539 -0.00000 18.27410 0.09539 0.99544 0.00000 -1.24459 0.00000 0.00000 -1.00000 -0.00000
1620936779163964 -0.99502 0.09964 0.00000 16.06898 0.09964 0.99502 0.00000 -1.24774 0.00000 0.00000 -1.00000 -0.00000
1620936779413342 -0.99539 0.09590 -0.00000 13.76937 0.09590 0.99539 0.00000 -1.32848 0.00000 0.00000 -1.00000 -0.00000
1620936779662718 -0.99558 0.09391 0.00000 11.48762 0.09391 0.99558 0.00000 -1.22868 0.00000 0.00000 -1.00000 -0.00000
1620936779912098 -0.99562 0.09352 0.00000 9.28853 0.09352 0.99562 0.00000 -1.17331 0.00000 0.00000 -1.00000 -0.00000
1620936780161483 -0.99634 0.08543 -0.00000 7.09051 0.08543 0.99634 0.00000 -1.07728 0.00000 0.00000 -1.00000 -0.00000
1620936780411489 -0.99678 0.08021 0.00000 4.78665 0.08021 0.99678 0.00000 -1.19017 0.00000 0.00000 -1.00000 -0.00000
1620936780662116 -0.99710 0.07608 0.00000 2.61379 0.07608 0.99710 0.00000 -1.21405 0.00000 0.00000 -1.00000 -0.00000
1620936780912744 -0.99724 0.07420 -0.00000 0.38318 0.07420 0.99724 0.00000 -1.10069 0.00000 0.00000 -1.00000 -0.00000
1620936781163412 -0.99748 0.07090 0.00000 -1.82977 0.07090 0.99748 0.00000 -1.15112 0.00000 0.00000 -1.00000 -0.00000
1620936781414005 -0.99759 0.06942 0.00000 -4.01339 0.06942 0.99759 0.00000 -1.25109 0.00000 0.00000 -1.00000 -0.00000
1620936781664002 -0.99790 0.06476 0.00000 -6.21692 0.06476 0.99790 0.00000 -1.37016 0.00000 0.00000 -1.00000 -0.00000
1620936781914011 -0.99811 0.06147 0.00000 -8.40695 0.06147 0.99811 0.00000 -1.31886 0.00000 0.00000 -1.00000 -0.00000
1620936782163393 -0.99860 0.05292 0.00000 -10.51065 0.05292 0.99860 0.00000 -1.50067 0.00000 0.00000 -1.00000 -0.00000
1620936782412147 -0.99887 0.04743 0.00000 -12.63620 0.04743 0.99887 0.00000 -1.45975 0.00000 0.00000 -1.00000 -0.00000
1620936782662151 -0.99904 0.04386 -0.00000 -14.79751 0.04386 0.99904 0.00000 -1.46809 0.00000 0.00000 -1.00000 -0.00000
1620936782911529 -0.99938 0.03534 0.00000 -16.94541 0.03534 0.99938 0.00000 -1.69358 0.00000 0.00000 -1.00000 -0.00000
1620936783162154 -0.99919 0.04033 0.00000 -19.13952 0.04033 0.99919 0.00000 -1.57732 0.00000 0.00000 -1.00000 -0.00000
1620936783412781 -0.99927 0.03818 -0.00000 -21.22439 0.03818 0.99927 0.00000 -1.61105 0.00000 0.00000 -1.00000 -0.00000
1620936783663415 -0.99929 0.03764 0.00000 -23.47526 0.03764 0.99929 0.00000 -1.68495 0.00000 0.00000 -1.00000 -0.00000
1620936783913417 -0.99937 0.03556 0.00000 -25.58808 0.03556 0.99937 0.00000 -1.86075 0.00000 0.00000 -1.00000 -0.00000
1620936784163419 -0.99943 0.03375 0.00000 -27.64466 0.03375 0.99943 0.00000 -1.86557 0.00000 0.00000 -1.00000 -0.00000
1620936784412801 -0.99947 0.03263 0.00000 -29.94456 0.03263 0.99947 0.00000 -1.86719 0.00000 0.00000 -1.00000 -0.00000
1620936784662805 -0.99929 0.03766 0.00000 -32.06452 0.03766 0.99929 0.00000 -1.70864 0.00000 0.00000 -1.00000 -0.00000
1620936784912184 -0.99942 0.03420 0.00000 -34.23990 0.03420 0.99942 0.00000 -1.77542 0.00000 0.00000 -1.00000 -0.00000
1620936785161561 -0.99955 0.02991 0.00000 -36.45809 0.02991 0.99955 0.00000 -2.02208 0.00000 0.00000 -1.00000 -0.00000
1620936785411569 -0.99941 0.03432 0.00000 -38.60179 0.03432 0.99941 0.00000 -1.91272 0.00000 0.00000 -1.00000 -0.00000
1620936785662197 -0.99942 0.03400 0.00000 -40.73374 0.03400 0.99942 0.00000 -1.84128 0.00000 0.00000 -1.00000 -0.00000
1620936785912198 -0.99960 0.02815 -0.00000 -42.90669 0.02815 0.99960 0.00000 -2.23779 0.00000 0.00000 -1.00000 -0.00000
1620936786162846 -0.99971 0.02423 0.00000 -44.92579 0.02423 0.99971 0.00000 -2.47619 0.00000 0.00000 -1.00000 -0.00000
1620936786413465 -0.99987 0.01598 0.00000 -46.92685 0.01598 0.99987 0.00000 -2.85412 0.00000 0.00000 -1.00000 -0.00000
1620936786664083 -0.99989 0.01474 -0.00000 -48.83358 0.01474 0.99989 0.00000 -2.94164 0.00000 0.00000 -1.00000 -0.00000
1620936786913465 -0.99992 0.01264 0.00000 -50.74347 0.01264 0.99992 0.00000 -3.13790 0.00000 0.00000 -1.00000 -0.00000
1620936787163469 -0.99987 0.01588 0.00000 -52.50404 0.01588 0.99987 0.00000 -2.92067 0.00000 0.00000 -1.00000 -0.00000
1620936787412849 -0.99968 0.02543 0.00000 -54.44894 0.02543 0.99968 0.00000 -2.38033 0.00000 0.00000 -1.00000 -0.00000
1620936787662233 -0.99939 0.03484 -0.00000 -56.19218 0.03484 0.99939 0.00000 -1.87006 0.00000 0.00000 -1.00000 -0.00000
1620936787911608 -0.99876 0.04976 0.00000 -57.79338 0.04976 0.99876 0.00000 -1.05148 0.00000 0.00000 -1.00000 -0.00000
1620936788161617 -0.99752 0.07040 0.00000 -59.28967 0.07040 0.99752 0.00000 0.10978 0.00000 0.00000 -1.00000 0.00000
1620936788411616 -0.99599 0.08941 0.00000 -60.70737 0.08941 0.99599 0.00000 1.23724 0.00000 0.00000 -1.00000 0.00000
1620936788662250 -0.99233 0.12362 -0.00000 -61.99955 0.12362 0.99233 0.00000 3.36051 0.00000 0.00000 -1.00000 0.00000
1620936788912873 -0.98747 0.15781 0.00000 -63.15292 0.15781 0.98747 0.00000 5.46024 0.00000 0.00000 -1.00000 0.00000
1620936789162883 -0.97771 0.20997 0.00000 -63.99728 0.20997 0.97771 0.00000 8.53418 0.00000 0.00000 -1.00000 0.00000
1620936789413506 -0.95978 0.28077 0.00000 -64.26776 0.28077 0.95978 0.00000 13.48402 0.00000 0.00000 -1.00000 0.00000
1620936789662885 -0.93590 0.35227 -0.00000 -64.13509 0.35227 0.93590 0.00000 18.20812 0.00000 0.00000 -1.00000 0.00000
1620936789912267 -0.90113 0.43355 -0.00000 -63.39421 0.43355 0.90113 0.00000 23.72278 0.00000 0.00000 -1.00000 0.00000
1620936790162266 -0.84614 0.53297 0.00000 -61.35520 0.53297 0.84614 0.00000 30.82156 0.00000 0.00000 -1.00000 0.00000
1620936790411643 -0.77724 0.62920 -0.00000 -58.24762 0.62920 0.77724 0.00000 37.79034 0.00000 0.00000 -1.00000 0.00000
1620936790661647 -0.69103 0.72283 0.00000 -53.97998 0.72283 0.69103 0.00000 44.80858 0.00000 0.00000 -1.00000 0.00000
1620936790912276 -0.59848 0.80114 0.00000 -49.12779 0.80114 0.59848 0.00000 50.85434 0.00000 0.00000 -1.00000 0.00000
1620936791162904 -0.49567 0.86851 0.00000 -43.47576 0.86851 0.49567 0.00000 56.48499 0.00000 0.00000 -1.00000 0.00000
1620936791413537 -0.40107 0.91605 0.00000 -38.26772 0.91605 0.40107 0.00000 60.70431 0.00000 0.00000 -1.00000 0.00000
1620936791663544 -0.30679 0.95178 -0.00000 -33.06045 0.95178 0.30679 0.00000 64.29597 0.00000 0.00000 -1.00000 0.00000
1620936791913547 -0.21461 0.97670 -0.00000 -27.87766 0.97670 0.21461 0.00000 67.08849 0.00000 0.00000 -1.00000 0.00000
1620936792162297 -0.14617 0.98926 -0.00000 -24.23962 0.98926 0.14617 0.00000 68.74007 0.00000 0.00000 -1.00000 0.00000
1620936792411686 -0.10141 0.99485 0.00000 -22.38642 0.99485 0.10141 0.00000 69.70855 0.00000 0.00000 -1.00000 0.00000
1620936792661057 -0.06737 0.99773 0.00000 -21.28578 0.99773 0.06737 0.00000 70.40281 0.00000 0.00000 -1.00000 0.00000
1620936792911062 -0.04301 0.99907 0.00000 -20.87980 0.99907 0.04301 0.00000 70.93854 0.00000 0.00000 -1.00000 0.00000
1620936793161689 -0.02471 0.99969 -0.00000 -20.92434 0.99969 0.02471 0.00000 71.33017 0.00000 0.00000 -1.00000 0.00000
1620936793412326 -0.02120 0.99978 -0.00000 -22.20274 0.99978 0.02120 0.00000 71.40404 0.00000 0.00000 -1.00000 0.00000
1620936793662959 -0.00676 0.99998 -0.00000 -22.62476 0.99998 0.00676 0.00000 71.60965 0.00000 0.00000 -1.00000 0.00000
1620936793913582 0.00397 0.99999 -0.00000 -23.49043 0.99999 -0.00397 0.00000 72.08772 0.00000 -0.00000 -1.00000 0.00000
1620936794164225 0.01191 0.99993 0.00000 -24.61368 0.99993 -0.01191 0.00000 71.91005 0.00000 -0.00000 -1.00000 0.00000
1620936794414210 0.02677 0.99964 0.00000 -25.20894 0.99964 -0.02677 0.00000 72.42672 0.00000 -0.00000 -1.00000 0.00000
1620936794663597 0.03475 0.99940 0.00000 -26.36279 0.99940 -0.03475 0.00000 72.51465 0.00000 -0.00000 -1.00000 0.00000
1620936794912344 0.05059 0.99872 0.00000 -27.04583 0.99872 -0.05059 0.00000 72.90013 0.00000 -0.00000 -1.00000 0.00000
1620936795161730 0.05851 0.99829 0.00000 -28.21668 0.99829 -0.05851 0.00000 73.04813 0.00000 -0.00000 -1.00000 0.00000
1620936795411729 0.07661 0.99706 -0.00000 -28.82677 0.99706 -0.07661 0.00000 73.59064 0.00000 -0.00000 -1.00000 0.00000
1620936795661741 0.09917 0.99507 -0.00000 -29.05199 0.99507 -0.09917 0.00000 74.09435 0.00000 -0.00000 -1.00000 0.00000
1620936795912986 0.12301 0.99241 0.00000 -29.12418 0.99241 -0.12301 0.00000 74.88349 0.00000 -0.00000 -1.00000 0.00000
1620936796162995 0.14591 0.98930 0.00000 -29.22771 0.98930 -0.14591 0.00000 75.46714 0.00000 -0.00000 -1.00000 0.00000
1620936796413619 0.15769 0.98749 0.00000 -30.21437 0.98749 -0.15769 0.00000 75.78019 0.00000 -0.00000 -1.00000 0.00000
1620936796663623 0.16580 0.98616 0.00000 -31.54377 0.98616 -0.16580 0.00000 75.87005 0.00000 -0.00000 -1.00000 0.00000
1620936796913633 0.16719 0.98593 0.00000 -33.19405 0.98593 -0.16719 0.00000 75.83936 0.00000 -0.00000 -1.00000 0.00000
1620936797163048 0.16466 0.98635 -0.00000 -35.39379 0.98635 -0.16466 0.00000 75.81989 0.00000 -0.00000 -1.00000 0.00000
1620936797412388 0.14686 0.98916 -0.00000 -38.69671 0.98916 -0.14686 0.00000 75.09667 0.00000 -0.00000 -1.00000 0.00000
1620936797661767 0.12965 0.99156 0.00000 -42.08913 0.99156 -0.12965 0.00000 74.40913 0.00000 -0.00000 -1.00000 0.00000
1620936797911772 0.10955 0.99398 0.00000 -45.52157 0.99398 -0.10955 0.00000 73.49678 0.00000 -0.00000 -1.00000 0.00000
1620936798161776 0.09918 0.99507 0.00000 -48.26343 0.99507 -0.09918 0.00000 73.04759 0.00000 -0.00000 -1.00000 0.00000
1620936798412405 0.08347 0.99651 0.00000 -51.50951 0.99651 -0.08347 0.00000 72.18824 0.00000 -0.00000 -1.00000 0.00000
1620936798663034 0.06876 0.99763 -0.00000 -54.65403 0.99763 -0.06876 0.00000 71.29045 0.00000 -0.00000 -1.00000 0.00000
1620936798913664 0.04545 0.99897 0.00000 -58.37772 0.99897 -0.04545 0.00000 70.07788 0.00000 -0.00000 -1.00000 0.00000
1620936799163661 0.03636 0.99934 0.00000 -61.01355 0.99934 -0.03636 0.00000 69.43873 0.00000 -0.00000 -1.00000 0.00000
1620936799413667 0.02545 0.99968 0.00000 -63.83330 0.99968 -0.02545 0.00000 68.75097 0.00000 -0.00000 -1.00000 0.00000
1620936799663383 0.01112 0.99994 0.00000 -66.64827 0.99994 -0.01112 0.00000 67.86083 0.00000 -0.00000 -1.00000 0.00000
1620936799913055 0.00753 0.99997 0.00000 -69.00403 0.99997 -0.00753 0.00000 67.63107 0.00000 -0.00000 -1.00000 0.00000
1620936800161801 -0.00242 1.00000 0.00000 -71.53519 1.00000 0.00242 0.00000 66.87474 0.00000 0.00000 -1.00000 0.00000
1620936800411813 0.00628 0.99998 0.00000 -72.91025 0.99998 -0.00628 0.00000 67.40809 0.00000 -0.00000 -1.00000 0.00000
1620936800661817 0.00877 0.99996 0.00000 -74.55742 0.99996 -0.00877 0.00000 67.60928 0.00000 -0.00000 -1.00000 0.00000
1620936800911819 0.00296 1.00000 0.00000 -76.81980 1.00000 -0.00296 0.00000 67.13881 0.00000 -0.00000 -1.00000 0.00000
1620936801161819 -0.00023 1.00000 0.00000 -78.75772 1.00000 0.00023 0.00000 66.86191 0.00000 0.00000 -1.00000 0.00000
1620936801412452 -0.00800 0.99997 -0.00000 -81.00085 0.99997 0.00800 0.00000 66.16599 0.00000 0.00000 -1.00000 0.00000
1620936801663702 -0.03375 0.99943 0.00000 -84.35330 0.99943 0.03375 0.00000 64.22233 0.00000 0.00000 -1.00000 0.00000
1620936801913712 -0.06798 0.99769 0.00000 -88.12297 0.99769 0.06798 0.00000 61.11846 0.00000 0.00000 -1.00000 0.00000
1620936802163721 -0.10642 0.99432 0.00000 -91.97489 0.99432 0.10642 0.00000 57.56592 0.00000 0.00000 -1.00000 0.00000
1620936802413716 -0.16968 0.98550 0.00000 -96.92953 0.98550 0.16968 0.00000 51.61855 0.00000 0.00000 -1.00000 0.00000
1620936802663095 -0.23459 0.97209 -0.00000 -101.81398 0.97209 0.23459 0.00000 44.93369 0.00000 0.00000 -1.00000 0.00000
1620936802913103 -0.30277 0.95306 -0.00000 -106.15345 0.95306 0.30277 0.00000 37.66734 0.00000 0.00000 -1.00000 0.00000
1620936803162476 -0.38392 0.92337 0.00000 -110.54338 0.92337 0.38392 0.00000 28.36814 0.00000 0.00000 -1.00000 0.00000
