1. 0. 0. 0. 0. -1. -0. 0. 0. 0. -1. 0.
1. 0.005 0. 0.003 0.005 -1. -0. -0.000 0. 0. -1. 0.
1. 0.004 0. 0.010 0.004 -1. -0. -0.001 0. 0. -1. 0.
1. 0.002 0. -0.004 0.002 -1. -0. -0.022 0. 0. -1. 0.
1. 0.001 0. -0.010 0.001 -1. -0. -0.022 0. 0. -1. 0.
1. 0.004 0. -0.016 0.004 -1. -0. -0.051 0. 0. -1. 0.
1. 0.003 0. 0.023 0.003 -1. -0. 0.010 0. 0. -1. 0.
1. 0.002 0. -0.014 0.002 -1. -0. -0.105 0. 0. -1. 0.
1. 0.005 0. 0.007 0.005 -1. -0. -0.024 0. 0. -1. 0.
1. 0.006 0. 0.004 0.006 -1. -0. -0.033 0. 0. -1. 0.
1. 0.001 0. 0.020 0.001 -1. -0. -0.069 0. 0. -1. 0.
1. 0.008 0. 0.001 0.008 -1. -0. -0.037 0. 0. -1. 0.
1. 0.008 0. 0.010 0.008 -1. -0. -0.015 0. 0. -1. 0.
1. 0.008 0. 0.013 0.008 -1. -0. -0.034 0. 0. -1. 0.
1. 0. 0. 0.029 0. -1. -0. -0.076 0. 0. -1. 0.
1. 0.002 0. 0.007 0.002 -1. -0. -0.047 0. 0. -1. 0.
1. 0.005 0. 0.023 0.005 -1. -0. 0.013 0. 0. -1. 0.
1. 0.003 0. 0.007 0.003 -1. -0. 0.007 0. 0. -1. 0.
1. 0.002 0. -0.018 0.002 -1. -0. -0.030 0. 0. -1. 0.
1. 0.003 0. 0.020 0.003 -1. -0. 0.016 0. 0. -1. 0.
1. 0.007 0. 0.041 0.007 -1. -0. 0.001 0. 0. -1. 0.
1. 0.000 0. 0.002 0.000 -1. -0. -0.047 0. 0. -1. 0.
1. 0.001 0. -0.017 0.001 -1. -0. -0.028 0. 0. -1. 0.
1. 0.003 0. -0.008 0.003 -1. -0. -0.029 0. 0. -1. 0.
1. 0.007 0. 0.005 0.007 -1. -0. -0.052 0. 0. -1. 0.
1. 0.005 0. 0.006 0.005 -1. -0. -0.003 0. 0. -1. 0.
1. 0.006 0. -0.015 0.006 -1. -0. -0.042 0. 0. -1. 0.
1. -0.001 -0. 0.030 -0.001 -1. -0. -0.069 0. 0. -1. 0.
1. 0.004 0. -0.003 0.004 -1. -0. -0.075 0. 0. -1. 0.
1. 0.006 0. 0.003 0.006 -1. -0. 0.002 0. 0. -1. 0.
1. 0.006 0. -0.012 0.006 -1. -0. -0.027 0. 0. -1. 0.
1. 0.006 0. 0.038 0.006 -1. -0. -0.025 0. 0. -1. 0.
1. -0.001 -0. 0.031 -0.001 -1. -0. -0.075 0. 0. -1. 0.
1. 0.004 0. 0.006 0.004 -1. -0. -0.079 0. 0. -1. 0.
1. 0.005 0. -0.012 0.005 -1. -0. -0.017 0. 0. -1. 0.
1. 0.006 0. -0.004 0.006 -1. -0. -0.023 0. 0. -1. 0.
1. 0.005 0. 0.046 0.005 -1. -0. 0.031 0. 0. -1. 0.
1. 0.002 0. -0.010 0.002 -1. -0. -0.040 0. 0. -1. 0.
1. 0.001 0. -0.013 0.001 -1. -0. -0.020 0. 0. -1. 0.
1. 0.001 0. -0.005 0.001 -1. -0. -0.043 0. 0. -1. 0.
1. 0.005 0. -0.018 0.005 -1. -0. -0.049 0. 0. -1. 0.
1. 0.005 0. 0.006 0.005 -1. -0. -0.003 0. 0. -1. 0.
1. 0.002 0. 0.001 0.002 -1. -0. 0.001 0. 0. -1. 0.
1. -0.002 -0. 0.017 -0.002 -1. -0. -0.047 0. 0. -1. 0.
1. -0.002 -0. 0.009 -0.002 -1. -0. -0.051 0. 0. -1. 0.
1. -0.001 -0. 0.018 -0.001 -1. -0. -0.035 0. 0. -1. 0.
1. -0.002 -0. 0.039 -0.002 -1. -0. -0.062 0. 0. -1. 0.
1. -0.002 -0. 0.071 -0.002 -1. -0. -0.056 0. 0. -1. 0.
1. 0.006 0. 0.142 0.006 -1. -0. -0.030 0. 0. -1. 0.
1. 0.003 0. 0.225 0.003 -1. -0. 0.015 0. 0. -1. 0.
1. -0.003 -0. 0.303 -0.003 -1. -0. -0.152 0. 0. -1. 0.
1. -0.012 -0. 0.476 -0.012 -1. -0. -0.143 0. 0. -1. 0.
1. -0.000 -0. 0.681 -0.000 -1. -0. -0.044 0. 0. -1. 0.
1. -0.006 -0. 1.048 -0.006 -1. -0. -0.014 0. 0. -1. 0.
1.000 -0.014 -0. 1.372 -0.014 -1.000 -0. -0.113 0. 0. -1. 0.
0.999 -0.035 -0. 1.873 -0.035 -0.999 -0. -0.120 0. 0. -1. 0.
0.999 -0.046 -0. 2.409 -0.046 -0.999 -0. -0.216 0. 0. -1. 0.
0.999 -0.054 -0. 3.097 -0.054 -0.999 -0. -0.160 0. 0. -1. 0.
0.997 -0.074 -0. 3.835 -0.074 -0.997 -0. -0.338 0. 0. -1. 0.
0.996 -0.087 -0. 4.521 -0.087 -0.996 -0. -0.411 0. 0. -1. 0.
0.995 -0.096 -0. 5.491 -0.096 -0.995 -0. -0.464 0. 0. -1. 0.
0.994 -0.106 -0. 6.425 -0.106 -0.994 -0. -0.561 0. 0. -1. 0.
0.994 -0.110 -0. 7.381 -0.110 -0.994 -0. -0.808 0. 0. -1. 0.
0.993 -0.120 -0. 8.402 -0.120 -0.993 -0. -0.860 0. 0. -1. 0.
0.992 -0.128 -0. 9.409 -0.128 -0.992 -0. -1.042 0. 0. -1. 0.
0.992 -0.128 -0. 10.489 -0.128 -0.992 -0. -1.252 0. 0. -1. 0.
0.992 -0.130 -0. 11.707 -0.130 -0.992 -0. -1.254 0. 0. -1. 0.
0.990 -0.142 -0. 12.727 -0.142 -0.990 -0. -1.476 0. 0. -1. 0.
0.989 -0.146 -0. 13.743 -0.146 -0.989 -0. -1.716 0. 0. -1. 0.
0.989 -0.146 -0. 14.760 -0.146 -0.989 -0. -1.872 0. 0. -1. 0.
0.990 -0.140 -0. 15.794 -0.140 -0.990 -0. -1.961 0. 0. -1. 0.
0.991 -0.131 -0. 16.621 -0.131 -0.991 -0. -2.191 0. 0. -1. 0.
0.993 -0.121 -0. 17.482 -0.121 -0.993 -0. -2.223 0. 0. -1. 0.
0.994 -0.114 -0. 18.282 -0.114 -0.994 -0. -2.408 0. 0. -1. 0.
0.995 -0.100 -0. 19.096 -0.100 -0.995 -0. -2.367 0. 0. -1. 0.
0.996 -0.087 -0. 19.829 -0.087 -0.996 -0. -2.520 0. 0. -1. 0.
0.997 -0.072 -0. 20.534 -0.072 -0.997 -0. -2.458 0. 0. -1. 0.
0.998 -0.063 -0. 21.206 -0.063 -0.998 -0. -2.515 0. 0. -1. 0.
0.999 -0.052 -0. 21.848 -0.052 -0.999 -0. -2.586 0. 0. -1. 0.
0.999 -0.042 -0. 22.535 -0.042 -0.999 -0. -2.648 0. 0. -1. 0.
0.999 -0.033 -0. 23.095 -0.033 -0.999 -0. -2.615 0. 0. -1. 0.
1.000 -0.031 -0. 23.767 -0.031 -1.000 -0. -2.668 0. 0. -1. 0.
1.000 -0.022 -0. 24.430 -0.022 -1.000 -0. -2.746 0. 0. -1. 0.
1. -0.005 -0. 25.160 -0.005 -1. -0. -2.667 0. 0. -1. 0.
1. -0.001 -0. 25.849 -0.001 -1. -0. -2.689 0. 0. -1. 0.
1. 0.005 0. 26.643 0.005 -1. -0. -2.691 0. 0. -1. 0.
1. 0.012 0. 27.538 0.012 -1. -0. -2.819 0. 0. -1. 0.
1.000 0.028 0. 28.457 0.028 -1.000 -0. -2.687 0. 0. -1. 0.
1.000 0.027 0. 29.498 0.027 -1.000 -0. -2.727 0. 0. -1. 0.
0.999 0.034 0. 30.494 0.034 -0.999 -0. -2.799 0. 0. -1. 0.
0.999 0.042 0. 31.671 0.042 -0.999 -0. -2.742 0. 0. -1. 0.
0.999 0.040 0. 32.904 0.040 -0.999 -0. -2.701 0. 0. -1. 0.
0.999 0.046 0. 34.160 0.046 -0.999 -0. -2.614 0. 0. -1. 0.
0.999 0.047 0. 35.499 0.047 -0.999 -0. -2.584 0. 0. -1. 0.
0.999 0.048 0. 36.891 0.048 -0.999 -0. -2.517 0. 0. -1. 0.
0.999 0.050 0. 38.326 0.050 -0.999 -0. -2.472 0. 0. -1. 0.
0.999 0.051 0. 39.732 0.051 -0.999 -0. -2.465 0. 0. -1. 0.
0.999 0.051 0. 41.140 0.051 -0.999 -0. -2.332 0. 0. -1. 0.
0.999 0.043 0. 42.603 0.043 -0.999 -0. -2.335 0. 0. -1. 0.
0.999 0.044 0. 44.066 0.044 -0.999 -0. -2.445 0. 0. -1. 0.
0.999 0.047 0. 45.403 0.047 -0.999 -0. -2.255 0. 0. -1. 0.
0.999 0.045 0. 46.799 0.045 -0.999 -0. -2.114 0. 0. -1. 0.
0.999 0.039 0. 48.223 0.039 -0.999 -0. -2.118 0. 0. -1. 0.
0.999 0.038 0. 49.750 0.038 -0.999 -0. -2.098 0. 0. -1. 0.
0.999 0.046 0. 51.183 0.046 -0.999 -0. -1.960 0. 0. -1. 0.
0.999 0.053 0. 52.778 0.053 -0.999 -0. -1.924 0. 0. -1. 0.
0.999 0.052 0. 54.366 0.052 -0.999 -0. -1.821 0. 0. -1. 0.
0.998 0.057 0. 55.985 0.057 -0.998 -0. -1.855 0. 0. -1. 0.
0.998 0.062 0. 57.722 0.062 -0.998 -0. -1.772 0. 0. -1. 0.
0.998 0.062 0. 59.417 0.062 -0.998 -0. -1.672 0. 0. -1. 0.
0.998 0.071 0. 61.192 0.071 -0.998 -0. -1.611 0. 0. -1. 0.
0.997 0.078 0. 62.951 0.078 -0.997 -0. -1.449 0. 0. -1. 0.
0.997 0.082 0. 64.844 0.082 -0.997 -0. -1.334 0. 0. -1. 0.
0.995 0.095 0. 66.679 0.095 -0.995 -0. -1.198 0. 0. -1. 0.
0.995 0.100 0. 68.543 0.100 -0.995 -0. -0.980 0. 0. -1. 0.
0.995 0.102 0. 70.590 0.102 -0.995 -0. -0.846 0. 0. -1. 0.
0.996 0.094 0. 72.497 0.094 -0.996 -0. -0.621 0. 0. -1. 0.
0.996 0.093 0. 74.464 0.093 -0.996 -0. -0.445 0. 0. -1. 0.
0.997 0.081 0. 76.450 0.081 -0.997 -0. -0.283 0. 0. -1. 0.
0.998 0.069 0. 78.451 0.069 -0.998 -0. -0.227 0. 0. -1. 0.
0.999 0.039 0. 80.489 0.039 -0.999 -0. -0.114 0. 0. -1. 0.
1. 0.004 0. 82.419 0.004 -1. -0. -0.116 0. 0. -1. 0.
0.999 -0.034 -0. 84.466 -0.034 -0.999 -0. -0.177 0. 0. -1. 0.
0.997 -0.076 -0. 86.445 -0.076 -0.997 -0. -0.328 0. 0. -1. 0.
0.993 -0.121 -0. 88.236 -0.121 -0.993 -0. -0.733 0. 0. -1. 0.
0.987 -0.161 -0. 90.202 -0.161 -0.987 -0. -0.985 0. 0. -1. 0.
0.976 -0.219 -0. 92.186 -0.219 -0.976 -0. -1.503 0. 0. -1. 0.
0.963 -0.270 -0. 93.996 -0.270 -0.963 -0. -1.955 0. 0. -1. 0.
0.940 -0.340 -0. 95.809 -0.340 -0.940 -0. -2.674 0. 0. -1. 0.
0.917 -0.399 -0. 97.710 -0.399 -0.917 -0. -3.497 0. 0. -1. 0.
0.891 -0.453 -0. 99.532 -0.453 -0.891 -0. -4.352 0. 0. -1. 0.
0.863 -0.506 -0. 101.236 -0.506 -0.863 -0. -5.412 0. 0. -1. 0.
0.827 -0.562 -0. 102.835 -0.562 -0.827 -0. -6.577 0. 0. -1. 0.
0.781 -0.625 -0. 104.611 -0.625 -0.781 -0. -7.810 0. 0. -1. 0.
0.726 -0.688 -0. 105.890 -0.688 -0.726 -0. -9.218 0. 0. -1. 0.
0.664 -0.747 -0. 107.267 -0.747 -0.664 -0. -10.622 0. 0. -1. 0.
0.606 -0.795 -0. 108.388 -0.795 -0.606 -0. -12.201 0. 0. -1. 0.
0.557 -0.830 -0. 109.289 -0.830 -0.557 -0. -13.932 0. 0. -1. 0.
0.503 -0.864 -0. 110.547 -0.864 -0.503 -0. -15.504 0. 0. -1. 0.
0.463 -0.886 -0. 111.101 -0.886 -0.463 -0. -17.464 0. 0. -1. 0.
0.428 -0.904 -0. 112.244 -0.904 -0.428 -0. -19.229 0. 0. -1. 0.
0.406 -0.914 -0. 112.876 -0.914 -0.406 -0. -21.191 0. 0. -1. 0.
0.389 -0.921 -0. 113.778 -0.921 -0.389 -0. -23.084 0. 0. -1. 0.
0.381 -0.924 -0. 114.535 -0.924 -0.381 -0. -25.065 0. 0. -1. 0.
0.383 -0.924 -0. 115.117 -0.924 -0.383 -0. -27.105 0. 0. -1. 0.
0.386 -0.923 -0. 115.979 -0.923 -0.386 -0. -29.144 0. 0. -1. 0.
0.394 -0.919 -0. 116.760 -0.919 -0.394 -0. -31.123 0. 0. -1. 0.
0.406 -0.914 -0. 117.684 -0.914 -0.406 -0. -33.118 0. 0. -1. 0.
0.424 -0.906 -0. 118.546 -0.906 -0.424 -0. -35.128 0. 0. -1. 0.
0.447 -0.895 -0. 119.427 -0.895 -0.447 -0. -37.197 0. 0. -1. 0.
0.469 -0.883 -0. 120.562 -0.883 -0.469 -0. -39.201 0. 0. -1. 0.
0.484 -0.875 -0. 121.614 -0.875 -0.484 -0. -41.184 0. 0. -1. 0.
0.501 -0.866 -0. 122.645 -0.866 -0.501 -0. -43.040 0. 0. -1. 0.
0.517 -0.856 -0. 123.757 -0.856 -0.517 -0. -44.982 0. 0. -1. 0.
0.533 -0.846 -0. 124.795 -0.846 -0.533 -0. -46.965 0. 0. -1. 0.
0.542 -0.841 -0. 125.984 -0.841 -0.542 -0. -48.727 0. 0. -1. 0.
0.546 -0.838 -0. 127.128 -0.838 -0.546 -0. -50.468 0. 0. -1. 0.
0.552 -0.834 -0. 128.293 -0.834 -0.552 -0. -52.270 0. 0. -1. 0.
0.546 -0.838 -0. 129.341 -0.838 -0.546 -0. -54.012 0. 0. -1. 0.
0.544 -0.839 -0. 130.510 -0.839 -0.544 -0. -55.588 0. 0. -1. 0.
0.551 -0.835 -0. 131.467 -0.835 -0.551 -0. -57.453 0. 0. -1. 0.
0.552 -0.834 -0. 132.579 -0.834 -0.552 -0. -59.186 0. 0. -1. 0.
0.554 -0.832 -0. 133.427 -0.832 -0.554 -0. -60.634 0. 0. -1. 0.
0.574 -0.819 -0. 134.541 -0.819 -0.574 -0. -62.217 0. 0. -1. 0.
0.603 -0.798 -0. 135.576 -0.798 -0.603 -0. -63.627 0. 0. -1. 0.
0.645 -0.764 -0. 136.696 -0.764 -0.645 -0. -65.044 0. 0. -1. 0.
0.696 -0.718 -0. 137.822 -0.718 -0.696 -0. -66.163 0. 0. -1. 0.
0.757 -0.653 -0. 139.004 -0.653 -0.757 -0. -67.169 0. 0. -1. 0.
0.824 -0.566 -0. 140.146 -0.566 -0.824 -0. -68.032 0. 0. -1. 0.
0.892 -0.451 -0. 141.392 -0.451 -0.892 -0. -68.658 0. 0. -1. 0.
0.947 -0.320 -0. 142.563 -0.320 -0.947 -0. -69.053 0. 0. -1. 0.
0.983 -0.184 -0. 143.676 -0.184 -0.983 -0. -69.260 0. 0. -1. 0.
0.999 -0.033 -0. 144.838 -0.033 -0.999 -0. -69.276 0. 0. -1. 0.
0.991 0.134 0. 145.930 0.134 -0.991 -0. -69.168 0. 0. -1. 0.
0.951 0.308 0. 146.923 0.308 -0.951 -0. -68.757 0. 0. -1. 0.
0.874 0.486 0. 147.808 0.486 -0.874 -0. -68.242 0. 0. -1. 0.
0.762 0.648 0. 148.556 0.648 -0.762 -0. -67.593 0. 0. -1. 0.
0.609 0.793 0. 149.102 0.793 -0.609 -0. -66.803 0. 0. -1. 0.
0.438 0.899 0. 149.466 0.899 -0.438 -0. -65.821 0. 0. -1. 0.
0.247 0.969 0. 149.692 0.969 -0.247 -0. -64.965 0. 0. -1. 0.
0.045 0.999 0. 149.650 0.999 -0.045 -0. -64.032 0. 0. -1. 0.
-0.158 0.988 0. 149.478 0.988 0.158 0. -63.127 0. 0. -1. 0.
-0.349 0.937 0. 149.062 0.937 0.349 0. -62.259 0. 0. -1. 0.
-0.529 0.849 0. 148.475 0.849 0.529 0. -61.506 0. 0. -1. 0.
-0.670 0.742 0. 147.761 0.742 0.670 0. -60.739 0. 0. -1. 0.
-0.777 0.629 0. 146.883 0.629 0.777 0. -60.079 0. 0. -1. 0.
-0.843 0.538 0. 145.963 0.538 0.843 0. -59.315 0. 0. -1. 0.
-0.891 0.455 0. 144.938 0.455 0.891 0. -59.024 0. 0. -1. 0.
-0.915 0.403 0. 143.772 0.403 0.915 0. -58.441 0. 0. -1. 0.
-0.928 0.374 0. 142.700 0.374 0.928 0. -57.974 0. 0. -1. 0.
-0.934 0.358 0. 141.517 0.358 0.934 0. -57.608 0. 0. -1. 0.
-0.934 0.358 0. 140.339 0.358 0.934 0. -57.097 0. 0. -1. 0.
-0.933 0.361 0. 139.146 0.361 0.933 0. -56.589 0. 0. -1. 0.
-0.925 0.381 0. 137.683 0.381 0.925 0. -56.132 0. 0. -1. 0.
-0.912 0.409 0. 136.477 0.409 0.912 0. -55.466 0. 0. -1. 0.
-0.894 0.447 0. 135.087 0.447 0.894 0. -54.721 0. 0. -1. 0.
-0.876 0.482 0. 133.890 0.482 0.876 0. -54.080 0. 0. -1. 0.
-0.852 0.523 0. 132.489 0.523 0.852 0. -53.204 0. 0. -1. 0.
-0.828 0.561 0. 131.190 0.561 0.828 0. -52.109 0. 0. -1. 0.
-0.802 0.598 0. 129.892 0.598 0.802 0. -51.184 0. 0. -1. 0.
-0.767 0.642 0. 128.485 0.642 0.767 0. -50.015 0. 0. -1. 0.
-0.730 0.684 0. 127.380 0.684 0.730 0. -48.765 0. 0. -1. 0.
-0.683 0.730 0. 126.038 0.730 0.683 0. -47.485 0. 0. -1. 0.
-0.629 0.778 0. 124.969 0.778 0.629 0. -46.047 0. 0. -1. 0.
-0.574 0.819 0. 124.068 0.819 0.574 0. -44.456 0. 0. -1. 0.
-0.531 0.848 0. 122.938 0.848 0.531 0. -42.915 0. 0. -1. 0.
-0.486 0.874 0. 121.980 0.874 0.486 0. -41.241 0. 0. -1. 0.
-0.460 0.888 0. 121.098 0.888 0.460 0. -39.475 0. 0. -1. 0.
-0.424 0.906 0. 120.264 0.906 0.424 0. -37.603 0. 0. -1. 0.
-0.401 0.916 0. 119.308 0.916 0.401 0. -35.785 0. 0. -1. 0.
-0.392 0.920 0. 118.619 0.920 0.392 0. -33.773 0. 0. -1. 0.
-0.377 0.926 0. 117.809 0.926 0.377 0. -31.758 0. 0. -1. 0.
-0.368 0.930 0. 117.021 0.930 0.368 0. -29.737 0. 0. -1. 0.
-0.356 0.934 0. 116.107 0.934 0.356 0. -27.670 0. 0. -1. 0.
-0.357 0.934 0. 115.561 0.934 0.357 0. -25.631 0. 0. -1. 0.
-0.365 0.931 0. 114.674 0.931 0.365 0. -23.611 0. 0. -1. 0.
-0.375 0.927 0. 114.137 0.927 0.375 0. -21.539 0. 0. -1. 0.
-0.403 0.915 0. 112.961 0.915 0.403 0. -19.666 0. 0. -1. 0.
-0.432 0.902 0. 112.321 0.902 0.432 0. -17.677 0. 0. -1. 0.
-0.474 0.881 0. 111.170 0.881 0.474 0. -15.798 0. 0. -1. 0.
-0.524 0.852 0. 110.191 0.852 0.524 0. -13.903 0. 0. -1. 0.
-0.576 0.817 0. 109.181 0.817 0.576 0. -12.127 0. 0. -1. 0.
-0.631 0.776 0. 107.880 0.776 0.631 0. -10.560 0. 0. -1. 0.
-0.685 0.729 0. 106.518 0.729 0.685 0. -8.935 0. 0. -1. 0.
-0.734 0.679 0. 105.143 0.679 0.734 0. -7.516 0. 0. -1. 0.
-0.784 0.621 0. 103.587 0.621 0.784 0. -6.311 0. 0. -1. 0.
-0.824 0.566 0. 101.975 0.566 0.824 0. -5.034 0. 0. -1. 0.
-0.867 0.499 0. 100.260 0.499 0.867 0. -4.011 0. 0. -1. 0.
-0.899 0.437 0. 98.366 0.437 0.899 0. -3.132 0. 0. -1. 0.
-0.929 0.369 0. 96.530 0.369 0.929 0. -2.451 0. 0. -1. 0.
-0.953 0.302 0. 94.677 0.302 0.953 0. -1.769 0. 0. -1. 0.
-0.971 0.238 0. 92.737 0.238 0.971 0. -1.203 0. 0. -1. 0.
-0.985 0.175 0. 90.765 0.175 0.985 0. -0.803 0. 0. -1. 0.
-0.993 0.121 0. 88.806 0.121 0.993 0. -0.675 0. 0. -1. 0.
-0.996 0.085 0. 86.814 0.085 0.996 0. -0.419 0. 0. -1. 0.
-0.998 0.060 0. 84.787 0.060 0.998 0. -0.295 0. 0. -1. 0.
-0.999 0.038 0. 82.789 0.038 0.999 0. -0.242 0. 0. -1. 0.
-1.000 0.023 0. 80.651 0.023 1.000 0. -0.115 0. 0. -1. 0.
-1.000 0.014 0. 78.684 0.014 1.000 0. -0.136 0. 0. -1. 0.
-1. 0.006 0. 76.609 0.006 1. 0. -0.186 0. 0. -1. 0.
-1. -0.002 -0. 74.498 -0.002 1. 0. -0.138 0. 0. -1. 0.
-1.000 -0.015 -0. 72.407 -0.015 1.000 0. -0.129 0. 0. -1. 0.
-0.999 -0.035 -0. 70.210 -0.035 0.999 0. -0.106 0. 0. -1. 0.
-0.999 -0.048 -0. 67.968 -0.048 0.999 0. -0.124 0. 0. -1. 0.
-0.999 -0.054 -0. 65.736 -0.054 0.999 0. -0.358 0. 0. -1. 0.
-0.998 -0.061 -0. 63.506 -0.061 0.998 0. -0.405 0. 0. -1. 0.
-0.998 -0.059 -0. 61.197 -0.059 0.998 0. -0.521 0. 0. -1. 0.
-0.999 -0.054 -0. 58.845 -0.054 0.999 0. -0.576 0. 0. -1. 0.
-0.999 -0.047 -0. 56.460 -0.047 0.999 0. -0.794 0. 0. -1. 0.
-0.999 -0.041 -0. 54.060 -0.041 0.999 0. -0.645 0. 0. -1. 0.
-1.000 -0.029 -0. 51.616 -0.029 1.000 0. -0.632 0. 0. -1. 0.
-1.000 -0.030 -0. 49.141 -0.030 1.000 0. -0.925 0. 0. -1. 0.
-1.000 -0.017 -0. 46.722 -0.017 1.000 0. -0.976 0. 0. -1. 0.
-1. -0.010 -0. 44.324 -0.010 1. 0. -0.874 0. 0. -1. 0.
-1. -0.006 -0. 41.845 -0.006 1. 0. -0.870 0. 0. -1. 0.
-1. -0.006 -0. 39.386 -0.006 1. 0. -0.777 0. 0. -1. 0.
-1. -0.003 -0. 36.984 -0.003 1. 0. -0.825 0. 0. -1. 0.
-1. 0.000 0. 34.489 0.000 1. 0. -0.745 0. 0. -1. 0.
-1. 0.008 0. 32.048 0.008 1. 0. -0.715 0. 0. -1. 0.
-1.000 0.017 0. 29.507 0.017 1.000 0. -0.593 0. 0. -1. 0.
-1.000 0.023 0. 27.025 0.023 1.000 0. -0.509 0. 0. -1. 0.
-0.999 0.033 0. 24.484 0.033 0.999 0. -0.442 0. 0. -1. 0.
-0.999 0.040 0. 21.951 0.040 0.999 0. -0.335 0. 0. -1. 0.
-0.999 0.039 0. 19.292 0.039 0.999 0. -0.110 0. 0. -1. 0.
-0.999 0.045 0. 16.777 0.045 0.999 0. 0.001 0. 0. -1. 0.
-0.999 0.047 0. 14.204 0.047 0.999 0. 0.123 0. 0. -1. 0.
-0.999 0.053 0. 11.623 0.053 0.999 0. 0.310 0. 0. -1. 0.
-0.998 0.063 0. 9.016 0.063 0.998 0. 0.492 0. 0. -1. 0.
-0.998 0.061 0. 6.463 0.061 0.998 0. 0.726 0. 0. -1. 0.
-0.998 0.071 0. 3.876 0.071 0.998 0. 0.855 0. 0. -1. 0.
-0.997 0.073 0. 1.272 0.073 0.997 0. 1.071 0. 0. -1. 0.
-0.997 0.071 0. -1.379 0.071 0.997 0. 1.378 0. 0. -1. 0.
-0.998 0.070 0. -3.830 0.070 0.998 0. 1.458 0. 0. -1. 0.
-0.999 0.053 0. -6.398 0.053 0.999 0. 1.740 0. 0. -1. 0.
-0.999 0.047 0. -8.991 0.047 0.999 0. 1.926 0. 0. -1. 0.
-0.999 0.043 0. -11.509 0.043 0.999 0. 1.978 0. 0. -1. 0.
-0.999 0.049 0. -14.040 0.049 0.999 0. 2.050 0. 0. -1. 0.
-0.999 0.047 0. -16.650 0.047 0.999 0. 2.324 0. 0. -1. 0.
-0.999 0.053 0. -19.184 0.053 0.999 0. 2.442 0. 0. -1. 0.
-0.999 0.047 0. -21.852 0.047 0.999 0. 2.602 0. 0. -1. 0.
-0.999 0.043 0. -24.384 0.043 0.999 0. 2.734 0. 0. -1. 0.
-0.999 0.043 0. -27.059 0.043 0.999 0. 2.933 0. 0. -1. 0.
-0.999 0.036 0. -29.711 0.036 0.999 0. 2.937 0. 0. -1. 0.
-1.000 0.027 0. -32.132 0.027 1.000 0. 2.885 0. 0. -1. 0.
-1.000 0.025 0. -34.884 0.025 1.000 0. 2.977 0. 0. -1. 0.
-1.000 0.020 0. -37.354 0.020 1.000 0. 3.157 0. 0. -1. 0.
-1.000 0.020 0. -39.884 0.020 1.000 0. 3.242 0. 0. -1. 0.
-1. 0.006 0. -42.413 0.006 1. 0. 3.226 0. 0. -1. 0.
-1. 0.002 0. -44.815 0.002 1. 0. 3.281 0. 0. -1. 0.
-1.000 -0.015 -0. -47.183 -0.015 1.000 0. 3.414 0. 0. -1. 0.
-1.000 -0.018 -0. -49.516 -0.018 1.000 0. 3.384 0. 0. -1. 0.
-1.000 -0.029 -0. -51.652 -0.029 1.000 0. 3.327 0. 0. -1. 0.
-1.000 -0.028 -0. -53.733 -0.028 1.000 0. 3.291 0. 0. -1. 0.
-1.000 -0.027 -0. -55.682 -0.027 1.000 0. 3.224 0. 0. -1. 0.
-1.000 -0.025 -0. -57.530 -0.025 1.000 0. 3.140 0. 0. -1. 0.
-1. -0.011 -0. -59.240 -0.011 1. 0. 3.259 0. 0. -1. 0.
-1.000 0.016 0. -60.788 0.016 1.000 0. 3.308 0. 0. -1. 0.
-0.999 0.052 0. -62.385 0.052 0.999 0. 3.395 0. 0. -1. 0.
-0.995 0.096 0. -63.713 0.096 0.995 0. 3.703 0. 0. -1. 0.
-0.987 0.159 0. -64.927 0.159 0.987 0. 3.839 0. 0. -1. 0.
-0.975 0.223 0. -66.115 0.223 0.975 0. 4.196 0. 0. -1. 0.
-0.954 0.299 0. -67.077 0.299 0.954 0. 4.545 0. 0. -1. 0.
-0.921 0.390 0. -68.127 0.390 0.921 0. 4.865 0. 0. -1. 0.
-0.872 0.490 0. -69.077 0.490 0.872 0. 5.507 0. 0. -1. 0.
-0.810 0.586 0. -69.837 0.586 0.810 0. 6.171 0. 0. -1. 0.
-0.726 0.687 0. -70.658 0.687 0.726 0. 6.895 0. 0. -1. 0.
-0.633 0.774 0. -71.277 0.774 0.633 0. 7.683 0. 0. -1. 0.
-0.536 0.844 0. -71.752 0.844 0.536 0. 8.541 0. 0. -1. 0.
-0.436 0.900 0. -72.171 0.900 0.436 0. 9.494 0. 0. -1. 0.
-0.346 0.938 0. -72.342 0.938 0.346 0. 10.668 0. 0. -1. 0.
-0.260 0.966 0. -72.814 0.966 0.260 0. 11.698 0. 0. -1. 0.
-0.197 0.980 0. -72.916 0.980 0.197 0. 12.928 0. 0. -1. 0.
-0.137 0.991 0. -73.122 0.991 0.137 0. 14.233 0. 0. -1. 0.
-0.108 0.994 0. -73.272 0.994 0.108 0. 15.537 0. 0. -1. 0.
-0.085 0.996 0. -73.282 0.996 0.085 0. 16.993 0. 0. -1. 0.
-0.071 0.997 0. -73.453 0.997 0.071 0. 18.490 0. 0. -1. 0.
-0.062 0.998 0. -73.502 0.998 0.062 0. 20.008 0. 0. -1. 0.
-0.058 0.998 0. -73.533 0.998 0.058 0. 21.619 0. 0. -1. 0.
-0.042 0.999 0. -73.695 0.999 0.042 0. 23.311 0. 0. -1. 0.
-0.037 0.999 0. -73.685 0.999 0.037 0. 25.097 0. 0. -1. 0.
-0.020 1.000 0. -73.681 1.000 0.020 0. 26.926 0. 0. -1. 0.
-0.004 1. 0. -73.678 1. 0.004 0. 28.699 0. 0. -1. 0.
0.015 1.000 0. -73.735 1.000 -0.015 -0. 30.572 0. 0. -1. 0.
0.034 0.999 0. -73.516 0.999 -0.034 -0. 32.421 0. 0. -1. 0.
0.060 0.998 0. -73.422 0.998 -0.060 -0. 34.343 0. 0. -1. 0.
0.092 0.996 0. -73.208 0.996 -0.092 -0. 36.278 0. 0. -1. 0.
0.122 0.993 0. -73.024 0.993 -0.122 -0. 38.237 0. 0. -1. 0.
0.144 0.990 0. -72.504 0.990 -0.144 -0. 40.193 0. 0. -1. 0.
0.170 0.985 0. -72.241 0.985 -0.170 -0. 42.194 0. 0. -1. 0.
0.174 0.985 0. -71.888 0.985 -0.174 -0. 44.145 0. 0. -1. 0.
0.160 0.987 0. -71.468 0.987 -0.160 -0. 46.194 0. 0. -1. 0.
0.140 0.990 0. -71.078 0.990 -0.140 -0. 48.440 0. 0. -1. 0.
0.122 0.992 0. -70.890 0.992 -0.122 -0. 50.396 0. 0. -1. 0.
0.093 0.996 0. -70.666 0.996 -0.093 -0. 52.405 0. 0. -1. 0.
0.071 0.998 0. -70.447 0.998 -0.071 -0. 54.618 0. 0. -1. 0.
0.045 0.999 0. -70.333 0.999 -0.045 -0. 56.713 0. 0. -1. 0.
0.035 0.999 0. -70.069 0.999 -0.035 -0. 58.876 0. 0. -1. 0.
0.017 1.000 0. -70.061 1.000 -0.017 -0. 60.909 0. 0. -1. 0.
-0.000 1. 0. -70.035 1. 0.000 0. 63.050 0. 0. -1. 0.
-0.008 1. 0. -70.103 1. 0.008 0. 65.240 0. 0. -1. 0.
-0.019 1.000 0. -70.029 1.000 0.019 0. 67.318 0. 0. -1. 0.
-0.014 1.000 0. -69.990 1.000 0.014 0. 69.246 0. 0. -1. 0.
-0.016 1.000 0. -69.996 1.000 0.016 0. 71.406 0. 0. -1. 0.
-0.017 1.000 0. -69.994 1.000 0.017 0. 73.470 0. 0. -1. 0.
-0.018 1.000 0. -70.030 1.000 0.018 0. 75.443 0. 0. -1. 0.
-0.012 1. 0. -70.009 1. 0.012 0. 77.433 0. 0. -1. 0.
-0.040 0.999 0. -69.977 0.999 0.040 0. 79.382 0. 0. -1. 0.
-0.076 0.997 0. -70.158 0.997 0.076 0. 81.248 0. 0. -1. 0.
-0.123 0.992 0. -70.229 0.992 0.123 0. 83.188 0. 0. -1. 0.
-0.185 0.983 0. -70.487 0.983 0.185 0. 84.988 0. 0. -1. 0.
-0.254 0.967 0. -71.061 0.967 0.254 0. 86.788 0. 0. -1. 0.
-0.333 0.943 0. -71.442 0.943 0.333 0. 88.485 0. 0. -1. 0.
-0.417 0.909 0. -72.141 0.909 0.417 0. 90.039 0. 0. -1. 0.
-0.496 0.868 0. -72.831 0.868 0.496 0. 91.765 0. 0. -1. 0.
-0.590 0.807 0. -73.848 0.807 0.590 0. 93.047 0. 0. -1. 0.
-0.669 0.743 0. -74.908 0.743 0.669 0. 94.419 0. 0. -1. 0.
-0.751 0.660 0. -76.248 0.660 0.751 0. 95.603 0. 0. -1. 0.
-0.816 0.579 0. -77.617 0.579 0.816 0. 96.480 0. 0. -1. 0.
-0.872 0.490 0. -79.018 0.490 0.872 0. 97.409 0. 0. -1. 0.
-0.918 0.397 0. -80.479 0.397 0.918 0. 98.009 0. 0. -1. 0.
-0.951 0.308 0. -82.039 0.308 0.951 0. 98.501 0. 0. -1. 0.
-0.974 0.228 0. -83.531 0.228 0.974 0. 98.859 0. 0. -1. 0.
-0.981 0.192 0. -85.303 0.192 0.981 0. 99.059 0. 0. -1. 0.
-0.985 0.172 0. -86.801 0.172 0.985 0. 99.500 0. 0. -1. 0.
-0.987 0.162 0. -88.225 0.162 0.987 0. 99.808 0. 0. -1. 0.
-0.985 0.173 0. -89.900 0.173 0.985 0. 100.011 0. 0. -1. 0.
-0.978 0.208 0. -91.569 0.208 0.978 0. 100.431 0. 0. -1. 0.
-0.969 0.247 0. -93.042 0.247 0.969 0. 100.810 0. 0. -1. 0.
-0.956 0.292 0. -94.592 0.292 0.956 0. 101.361 0. 0. -1. 0.
-0.933 0.359 0. -96.328 0.359 0.933 0. 101.926 0. 0. -1. 0.
-0.907 0.420 0. -97.776 0.420 0.907 0. 102.803 0. 0. -1. 0.
-0.875 0.485 0. -99.335 0.485 0.875 0. 103.579 0. 0. -1. 0.
-0.841 0.541 0. -100.833 0.541 0.841 0. 104.562 0. 0. -1. 0.
-0.810 0.587 0. -102.267 0.587 0.810 0. 105.719 0. 0. -1. 0.
-0.786 0.619 0. -103.656 0.619 0.786 0. 106.852 0. 0. -1. 0.
-0.765 0.644 0. -105.090 0.644 0.765 0. 108.160 0. 0. -1. 0.
-0.751 0.660 0. -106.562 0.660 0.751 0. 109.362 0. 0. -1. 0.
-0.739 0.673 0. -108.142 0.673 0.739 0. 110.605 0. 0. -1. 0.
-0.729 0.684 0. -109.640 0.684 0.729 0. 111.988 0. 0. -1. 0.
-0.725 0.688 0. -111.074 0.688 0.725 0. 113.501 0. 0. -1. 0.
-0.723 0.691 0. -112.593 0.691 0.723 0. 114.889 0. 0. -1. 0.
-0.722 0.692 0. -114.166 0.692 0.722 0. 116.378 0. 0. -1. 0.
-0.722 0.692 0. -115.785 0.692 0.722 0. 117.882 0. 0. -1. 0.
-0.722 0.692 0. -117.303 0.692 0.722 0. 119.500 0. 0. -1. 0.
-0.724 0.690 0. -118.853 0.690 0.724 0. 121.017 0. 0. -1. 0.
-0.725 0.689 0. -120.472 0.689 0.725 0. 122.757 0. 0. -1. 0.
-0.724 0.690 0. -122.129 0.690 0.724 0. 124.217 0. 0. -1. 0.
-0.724 0.689 0. -123.859 0.689 0.724 0. 125.940 0. 0. -1. 0.
-0.721 0.693 0. -125.552 0.693 0.721 0. 127.610 0. 0. -1. 0.
-0.718 0.696 0. -127.230 0.696 0.718 0. 129.289 0. 0. -1. 0.
-0.720 0.694 0. -128.970 0.694 0.720 0. 131.063 0. 0. -1. 0.
-0.723 0.691 0. -130.599 0.691 0.723 0. 132.808 0. 0. -1. 0.
-0.722 0.692 0. -132.336 0.692 0.722 0. 134.655 0. 0. -1. 0.
-0.718 0.696 0. -134.207 0.696 0.718 0. 136.276 0. 0. -1. 0.
-0.722 0.692 0. -135.952 0.692 0.722 0. 138.069 0. 0. -1. 0.
-0.724 0.690 0. -137.703 0.690 0.724 0. 139.862 0. 0. -1. 0.
-0.722 0.692 0. -139.564 0.692 0.722 0. 141.527 0. 0. -1. 0.
-0.718 0.696 0. -141.278 0.696 0.718 0. 143.357 0. 0. -1. 0.
-0.716 0.698 0. -143.053 0.698 0.716 0. 145.184 0. 0. -1. 0.
-0.708 0.706 0. -144.839 0.706 0.708 0. 147.016 0. 0. -1. 0.
-0.692 0.722 0. -146.446 0.722 0.692 0. 148.921 0. 0. -1. 0.
-0.677 0.736 0. -148.232 0.736 0.677 0. 150.773 0. 0. -1. 0.
-0.659 0.752 0. -149.875 0.752 0.659 0. 152.626 0. 0. -1. 0.
-0.641 0.768 0. -151.437 0.768 0.641 0. 154.622 0. 0. -1. 0.
-0.616 0.788 0. -153.030 0.788 0.616 0. 156.636 0. 0. -1. 0.
-0.593 0.805 0. -154.473 0.805 0.593 0. 158.769 0. 0. -1. 0.
-0.572 0.820 0. -155.860 0.820 0.572 0. 160.942 0. 0. -1. 0.
-0.543 0.840 0. -157.340 0.840 0.543 0. 163.168 0. 0. -1. 0.
-0.503 0.865 0. -158.704 0.865 0.503 0. 165.375 0. 0. -1. 0.
-0.461 0.888 0. -159.937 0.888 0.461 0. 167.753 0. 0. -1. 0.
-0.419 0.908 0. -160.970 0.908 0.419 0. 170.194 0. 0. -1. 0.
-0.378 0.926 0. -162.046 0.926 0.378 0. 172.637 0. 0. -1. 0.
-0.333 0.943 0. -162.686 0.943 0.333 0. 175.213 0. 0. -1. 0.
-0.282 0.959 0. -163.684 0.959 0.282 0. 177.702 0. 0. -1. 0.
-0.238 0.971 0. -164.243 0.971 0.238 0. 180.258 0. 0. -1. 0.
-0.202 0.979 0. -164.708 0.979 0.202 0. 182.876 0. 0. -1. 0.
-0.169 0.986 0. -165.195 0.986 0.169 0. 185.497 0. 0. -1. 0.
-0.156 0.988 0. -165.448 0.988 0.156 0. 188.128 0. 0. -1. 0.
-0.138 0.990 0. -165.765 0.990 0.138 0. 190.836 0. 0. -1. 0.
-0.129 0.992 0. -166.083 0.992 0.129 0. 193.563 0. 0. -1. 0.
-0.124 0.992 0. -166.071 0.992 0.124 0. 196.152 0. 0. -1. 0.
-0.127 0.992 0. -166.738 0.992 0.127 0. 198.738 0. 0. -1. 0.
-0.137 0.991 0. -166.768 0.991 0.137 0. 201.429 0. 0. -1. 0.
-0.146 0.989 0. -167.059 0.989 0.146 0. 204.047 0. 0. -1. 0.
-0.153 0.988 0. -167.381 0.988 0.153 0. 206.600 0. 0. -1. 0.
-0.170 0.985 0. -167.756 0.985 0.170 0. 209.228 0. 0. -1. 0.
-0.190 0.982 0. -168.415 0.982 0.190 0. 211.606 0. 0. -1. 0.
-0.224 0.975 0. -168.954 0.975 0.224 0. 214.108 0. 0. -1. 0.
-0.260 0.966 0. -169.571 0.966 0.260 0. 216.527 0. 0. -1. 0.
-0.308 0.951 0. -170.291 0.951 0.308 0. 218.856 0. 0. -1. 0.
-0.364 0.931 0. -170.967 0.931 0.364 0. 221.112 0. 0. -1. 0.
-0.433 0.902 0. -171.974 0.902 0.433 0. 223.189 0. 0. -1. 0.
-0.506 0.863 0. -173.180 0.863 0.506 0. 225.170 0. 0. -1. 0.
-0.576 0.817 0. -174.265 0.817 0.576 0. 227.089 0. 0. -1. 0.
-0.643 0.766 0. -175.733 0.766 0.643 0. 228.758 0. 0. -1. 0.
-0.701 0.714 0. -177.242 0.714 0.701 0. 230.441 0. 0. -1. 0.
-0.756 0.655 0. -178.878 0.655 0.756 0. 231.896 0. 0. -1. 0.
-0.808 0.590 0. -180.660 0.590 0.808 0. 233.224 0. 0. -1. 0.
-0.852 0.523 0. -182.590 0.523 0.852 0. 234.436 0. 0. -1. 0.
-0.889 0.458 0. -184.577 0.458 0.889 0. 235.579 0. 0. -1. 0.
-0.915 0.404 0. -186.608 0.404 0.915 0. 236.565 0. 0. -1. 0.
-0.937 0.350 0. -188.760 0.350 0.937 0. 237.523 0. 0. -1. 0.
-0.951 0.310 0. -191.074 0.310 0.951 0. 238.333 0. 0. -1. 0.
-0.957 0.289 0. -193.284 0.289 0.957 0. 239.085 0. 0. -1. 0.
-0.963 0.269 0. -195.637 0.269 0.963 0. 239.725 0. 0. -1. 0.
-0.966 0.257 0. -197.962 0.257 0.966 0. 240.415 0. 0. -1. 0.
-0.968 0.250 0. -200.409 0.250 0.968 0. 241.065 0. 0. -1. 0.
-0.969 0.247 0. -202.904 0.247 0.969 0. 241.717 0. 0. -1. 0.
-0.968 0.250 0. -205.451 0.250 0.968 0. 242.454 0. 0. -1. 0.
-0.968 0.253 0. -207.834 0.253 0.968 0. 243.122 0. 0. -1. 0.
-0.965 0.263 0. -210.320 0.263 0.965 0. 243.762 0. 0. -1. 0.
-0.962 0.272 0. -212.758 0.272 0.962 0. 244.549 0. 0. -1. 0.
-0.962 0.274 0. -215.266 0.274 0.962 0. 245.260 0. 0. -1. 0.
-0.962 0.273 0. -217.726 0.273 0.962 0. 245.952 0. 0. -1. 0.
-0.964 0.266 0. -220.134 0.266 0.964 0. 246.694 0. 0. -1. 0.
-0.964 0.267 0. -222.669 0.267 0.964 0. 247.338 0. 0. -1. 0.
-0.962 0.274 0. -224.957 0.274 0.962 0. 248.045 0. 0. -1. 0.
-0.962 0.274 0. -227.268 0.274 0.962 0. 248.827 0. 0. -1. 0.
-0.962 0.273 0. -229.669 0.273 0.962 0. 249.491 0. 0. -1. 0.
-0.960 0.279 0. -231.943 0.279 0.960 0. 250.287 0. 0. -1. 0.
-0.957 0.291 0. -234.092 0.291 0.957 0. 251.062 0. 0. -1. 0.
-0.953 0.303 0. -236.228 0.303 0.953 0. 251.722 0. 0. -1. 0.
-0.949 0.316 0. -238.130 0.316 0.949 0. 252.328 0. 0. -1. 0.
-0.944 0.331 0. -240.217 0.331 0.944 0. 253.097 0. 0. -1. 0.
-0.931 0.364 0. -241.997 0.364 0.931 0. 253.803 0. 0. -1. 0.
-0.922 0.388 0. -243.561 0.388 0.922 0. 254.462 0. 0. -1. 0.
-0.912 0.410 0. -245.094 0.410 0.912 0. 255.178 0. 0. -1. 0.
-0.908 0.418 0. -246.610 0.418 0.908 0. 255.845 0. 0. -1. 0.
-0.907 0.421 0. -247.984 0.421 0.907 0. 256.577 0. 0. -1. 0.
-0.901 0.433 0. -249.282 0.433 0.901 0. 257.234 0. 0. -1. 0.
-0.897 0.442 0. -250.315 0.442 0.897 0. 257.863 0. 0. -1. 0.
-0.894 0.448 0. -251.314 0.448 0.894 0. 258.347 0. 0. -1. 0.
-0.892 0.452 0. -252.316 0.452 0.892 0. 258.880 0. 0. -1. 0.
-0.890 0.456 0. -253.092 0.456 0.890 0. 259.358 0. 0. -1. 0.
-0.890 0.456 0. -253.714 0.456 0.890 0. 259.716 0. 0. -1. 0.
-0.891 0.454 0. -254.355 0.454 0.891 0. 260.076 0. 0. -1. 0.
-0.887 0.461 0. -254.897 0.461 0.887 0. 260.345 0. 0. -1. 0.
-0.891 0.454 0. -255.268 0.454 0.891 0. 260.582 0. 0. -1. 0.
-0.892 0.451 0. -255.699 0.451 0.892 0. 260.799 0. 0. -1. 0.
-0.889 0.458 0. -256.033 0.458 0.889 0. 260.912 0. 0. -1. 0.
-0.889 0.458 0. -256.247 0.458 0.889 0. 260.955 0. 0. -1. 0.
-0.890 0.457 0. -256.463 0.457 0.890 0. 261.043 0. 0. -1. 0.
-0.889 0.458 0. -256.493 0.458 0.889 0. 261.125 0. 0. -1. 0.
-0.889 0.459 0. -256.558 0.459 0.889 0. 261.142 0. 0. -1. 0.
-0.888 0.460 0. -256.516 0.460 0.888 0. 261.117 0. 0. -1. 0.
-0.887 0.463 0. -256.525 0.463 0.887 0. 261.159 0. 0. -1. 0.
-0.886 0.463 0. -256.478 0.463 0.886 0. 261.105 0. 0. -1. 0.
-0.889 0.457 0. -256.502 0.457 0.889 0. 261.182 0. 0. -1. 0.
-0.889 0.458 0. -256.574 0.458 0.889 0. 261.167 0. 0. -1. 0.
-0.888 0.461 0. -256.537 0.461 0.888 0. 261.178 0. 0. -1. 0.
-0.887 0.462 0. -256.514 0.462 0.887 0. 261.190 0. 0. -1. 0.
-0.888 0.459 0. -256.511 0.459 0.888 0. 261.207 0. 0. -1. 0.
-0.886 0.463 0. -256.515 0.463 0.886 0. 261.221 0. 0. -1. 0.
-0.886 0.464 0. -256.485 0.464 0.886 0. 261.147 0. 0. -1. 0.
-0.885 0.465 0. -256.487 0.465 0.885 0. 261.143 0. 0. -1. 0.
-0.886 0.464 0. -256.529 0.464 0.886 0. 261.168 0. 0. -1. 0.
-0.887 0.461 0. -256.522 0.461 0.887 0. 261.153 0. 0. -1. 0.
-0.886 0.464 0. -256.511 0.464 0.886 0. 261.260 0. 0. -1. 0.
-0.887 0.462 0. -256.501 0.462 0.887 0. 261.381 0. 0. -1. 0.
-0.890 0.457 0. -256.508 0.457 0.890 0. 261.200 0. 0. -1. 0.
-0.890 0.456 0. -256.575 0.456 0.890 0. 261.134 0. 0. -1. 0.
-0.890 0.457 0. -256.548 0.457 0.890 0. 261.181 0. 0. -1. 0.
-0.889 0.458 0. -256.537 0.458 0.889 0. 261.090 0. 0. -1. 0.
-0.888 0.459 0. -256.557 0.459 0.888 0. 261.154 0. 0. -1. 0.
-0.886 0.464 0. -256.502 0.464 0.886 0. 261.143 0. 0. -1. 0.
-0.888 0.460 0. -256.489 0.460 0.888 0. 261.155 0. 0. -1. 0.
-0.889 0.459 0. -256.582 0.459 0.889 0. 261.251 0. 0. -1. 0.
-0.888 0.460 0. -256.529 0.460 0.888 0. 261.315 0. 0. -1. 0.
-0.887 0.461 0. -256.496 0.461 0.887 0. 261.085 0. 0. -1. 0.
-0.887 0.461 0. -256.528 0.461 0.887 0. 261.341 0. 0. -1. 0.
-0.887 0.461 0. -256.499 0.461 0.887 0. 261.243 0. 0. -1. 0.
-0.886 0.463 0. -256.524 0.463 0.886 0. 261.180 0. 0. -1. 0.
-0.885 0.465 0. -256.466 0.465 0.885 0. 261.152 0. 0. -1. 0.
-0.886 0.464 0. -256.495 0.464 0.886 0. 261.162 0. 0. -1. 0.
-0.886 0.464 0. -256.498 0.464 0.886 0. 261.199 0. 0. -1. 0.
-0.886 0.464 0. -256.502 0.464 0.886 0. 261.155 0. 0. -1. 0.
-0.889 0.459 0. -256.493 0.459 0.889 0. 261.191 0. 0. -1. 0.
-0.888 0.459 0. -256.543 0.459 0.888 0. 261.198 0. 0. -1. 0.
-0.888 0.460 0. -256.513 0.460 0.888 0. 261.182 0. 0. -1. 0.
-0.886 0.464 0. -256.495 0.464 0.886 0. 261.153 0. 0. -1. 0.
-0.885 0.465 0. -256.488 0.465 0.885 0. 261.154 0. 0. -1. 0.
-0.887 0.463 0. -256.492 0.463 0.887 0. 261.108 0. 0. -1. 0.
-0.887 0.462 0. -256.524 0.462 0.887 0. 261.206 0. 0. -1. 0.
-0.887 0.462 0. -256.495 0.462 0.887 0. 261.256 0. 0. -1. 0.
-0.886 0.464 0. -256.486 0.464 0.886 0. 261.147 0. 0. -1. 0.
-0.886 0.464 0. -256.484 0.464 0.886 0. 261.117 0. 0. -1. 0.
-0.886 0.463 0. -256.507 0.463 0.886 0. 261.239 0. 0. -1. 0.
-0.887 0.462 0. -256.538 0.462 0.887 0. 261.380 0. 0. -1. 0.
-0.888 0.459 0. -256.540 0.459 0.888 0. 261.324 0. 0. -1. 0.
-0.889 0.459 0. -256.548 0.459 0.889 0. 261.216 0. 0. -1. 0.
-0.888 0.460 0. -256.545 0.460 0.888 0. 261.213 0. 0. -1. 0.
-0.888 0.459 0. -256.579 0.459 0.888 0. 261.357 0. 0. -1. 0.
-0.887 0.461 0. -256.541 0.461 0.887 0. 261.271 0. 0. -1. 0.
-0.889 0.458 0. -256.543 0.458 0.889 0. 261.211 0. 0. -1. 0.
-0.889 0.459 0. -256.527 0.459 0.889 0. 261.216 0. 0. -1. 0.
-0.888 0.460 0. -256.526 0.460 0.888 0. 261.202 0. 0. -1. 0.
-0.888 0.460 0. -256.530 0.460 0.888 0. 261.193 0. 0. -1. 0.
-0.889 0.458 0. -256.521 0.458 0.889 0. 261.191 0. 0. -1. 0.
-0.888 0.459 0. -256.521 0.459 0.888 0. 261.216 0. 0. -1. 0.
-0.888 0.459 0. -256.521 0.459 0.888 0. 261.225 0. 0. -1. 0.
-0.888 0.460 0. -256.537 0.460 0.888 0. 261.235 0. 0. -1. 0.
-0.887 0.462 0. -256.534 0.462 0.887 0. 261.177 0. 0. -1. 0.
-0.888 0.459 0. -256.530 0.459 0.888 0. 261.199 0. 0. -1. 0.
-0.887 0.462 0. -256.543 0.462 0.887 0. 261.238 0. 0. -1. 0.
-0.888 0.461 0. -256.534 0.461 0.888 0. 261.342 0. 0. -1. 0.
-0.889 0.457 0. -256.528 0.457 0.889 0. 261.215 0. 0. -1. 0.
-0.889 0.457 0. -256.545 0.457 0.889 0. 261.225 0. 0. -1. 0.
-0.888 0.459 0. -256.530 0.459 0.888 0. 261.235 0. 0. -1. 0.
-0.888 0.460 0. -256.529 0.460 0.888 0. 261.193 0. 0. -1. 0.
-0.886 0.464 0. -256.532 0.464 0.886 0. 261.231 0. 0. -1. 0.
-0.888 0.460 0. -256.564 0.460 0.888 0. 261.349 0. 0. -1. 0.
-0.888 0.459 0. -256.587 0.459 0.888 0. 261.369 0. 0. -1. 0.
-0.887 0.461 0. -256.554 0.461 0.887 0. 261.302 0. 0. -1. 0.
-0.889 0.458 0. -256.508 0.458 0.889 0. 261.161 0. 0. -1. 0.
-0.888 0.460 0. -256.624 0.460 0.888 0. 261.360 0. 0. -1. 0.
-0.888 0.460 0. -256.509 0.460 0.888 0. 261.167 0. 0. -1. 0.
-0.887 0.461 0. -256.529 0.461 0.887 0. 261.223 0. 0. -1. 0.
-0.886 0.463 0. -256.503 0.463 0.886 0. 261.205 0. 0. -1. 0.
-0.888 0.460 0. -256.559 0.460 0.888 0. 261.363 0. 0. -1. 0.
-0.887 0.462 0. -256.492 0.462 0.887 0. 261.184 0. 0. -1. 0.
-0.888 0.460 0. -256.516 0.460 0.888 0. 261.160 0. 0. -1. 0.
-0.887 0.462 0. -256.533 0.462 0.887 0. 261.240 0. 0. -1. 0.
-0.888 0.460 0. -256.566 0.460 0.888 0. 261.354 0. 0. -1. 0.
-0.889 0.458 0. -256.518 0.458 0.889 0. 261.265 0. 0. -1. 0.
-0.889 0.459 0. -256.546 0.459 0.889 0. 261.243 0. 0. -1. 0.
-0.887 0.462 0. -256.527 0.462 0.887 0. 261.210 0. 0. -1. 0.
-0.886 0.463 0. -256.517 0.463 0.886 0. 261.196 0. 0. -1. 0.
-0.886 0.464 0. -256.509 0.464 0.886 0. 261.199 0. 0. -1. 0.
-0.889 0.458 0. -256.497 0.458 0.889 0. 261.243 0. 0. -1. 0.
-0.890 0.456 0. -256.543 0.456 0.890 0. 261.220 0. 0. -1. 0.
-0.889 0.459 0. -256.549 0.459 0.889 0. 261.241 0. 0. -1. 0.
-0.889 0.459 0. -256.522 0.459 0.889 0. 261.165 0. 0. -1. 0.
-0.889 0.459 0. -256.538 0.459 0.889 0. 261.214 0. 0. -1. 0.
-0.887 0.462 0. -256.547 0.462 0.887 0. 261.272 0. 0. -1. 0.
-0.888 0.460 0. -256.556 0.460 0.888 0. 261.365 0. 0. -1. 0.
-0.888 0.460 0. -256.541 0.460 0.888 0. 261.321 0. 0. -1. 0.
-0.888 0.460 0. -256.505 0.460 0.888 0. 261.156 0. 0. -1. 0.
-0.888 0.459 0. -256.543 0.459 0.888 0. 261.092 0. 0. -1. 0.
-0.888 0.460 0. -256.601 0.460 0.888 0. 261.357 0. 0. -1. 0.
-0.886 0.463 0. -256.502 0.463 0.886 0. 261.155 0. 0. -1. 0.
-0.886 0.464 0. -256.499 0.464 0.886 0. 261.163 0. 0. -1. 0.
-0.887 0.461 0. -256.506 0.461 0.887 0. 261.151 0. 0. -1. 0.
-0.888 0.459 0. -256.540 0.459 0.888 0. 261.220 0. 0. -1. 0.
-0.889 0.458 0. -256.538 0.458 0.889 0. 261.171 0. 0. -1. 0.
-0.889 0.458 0. -256.537 0.458 0.889 0. 261.182 0. 0. -1. 0.
-0.889 0.457 0. -256.533 0.457 0.889 0. 261.192 0. 0. -1. 0.
-0.888 0.459 0. -256.546 0.459 0.888 0. 261.231 0. 0. -1. 0.
-0.887 0.461 0. -256.513 0.461 0.887 0. 261.176 0. 0. -1. 0.
-0.887 0.462 0. -256.517 0.462 0.887 0. 261.190 0. 0. -1. 0.
-0.889 0.458 0. -256.517 0.458 0.889 0. 261.162 0. 0. -1. 0.
-0.890 0.456 0. -256.548 0.456 0.890 0. 261.198 0. 0. -1. 0.
-0.890 0.457 0. -256.540 0.457 0.890 0. 261.235 0. 0. -1. 0.
-0.888 0.460 0. -256.538 0.460 0.888 0. 261.201 0. 0. -1. 0.
-0.887 0.461 0. -256.522 0.461 0.887 0. 261.157 0. 0. -1. 0.
-0.887 0.462 0. -256.538 0.462 0.887 0. 261.200 0. 0. -1. 0.
-0.888 0.459 0. -256.529 0.459 0.888 0. 261.181 0. 0. -1. 0.
-0.888 0.460 0. -256.552 0.460 0.888 0. 261.237 0. 0. -1. 0.
-0.887 0.461 0. -256.522 0.461 0.887 0. 261.180 0. 0. -1. 0.
-0.887 0.461 0. -256.524 0.461 0.887 0. 261.184 0. 0. -1. 0.
-0.888 0.459 0. -256.524 0.459 0.888 0. 261.161 0. 0. -1. 0.
-0.887 0.461 0. -256.594 0.461 0.887 0. 261.357 0. 0. -1. 0.
-0.887 0.461 0. -256.537 0.461 0.887 0. 261.265 0. 0. -1. 0.
-0.889 0.458 0. -256.505 0.458 0.889 0. 261.239 0. 0. -1. 0.
-0.889 0.458 0. -256.561 0.458 0.889 0. 261.205 0. 0. -1. 0.
-0.889 0.458 0. -256.534 0.458 0.889 0. 261.162 0. 0. -1. 0.
-0.889 0.458 0. -256.537 0.458 0.889 0. 261.226 0. 0. -1. 0.
-0.890 0.457 0. -256.543 0.457 0.890 0. 261.195 0. 0. -1. 0.
-0.888 0.461 0. -256.534 0.461 0.888 0. 261.230 0. 0. -1. 0.
-0.888 0.460 0. -256.524 0.460 0.888 0. 261.143 0. 0. -1. 0.
-0.887 0.462 0. -256.526 0.462 0.887 0. 261.168 0. 0. -1. 0.
-0.886 0.463 0. -256.507 0.463 0.886 0. 261.175 0. 0. -1. 0.
-0.886 0.464 0. -256.507 0.464 0.886 0. 261.173 0. 0. -1. 0.
-0.887 0.461 0. -256.561 0.461 0.887 0. 261.288 0. 0. -1. 0.
-0.888 0.460 0. -256.574 0.460 0.888 0. 261.382 0. 0. -1. 0.
-0.887 0.462 0. -256.502 0.462 0.887 0. 261.182 0. 0. -1. 0.
-0.889 0.458 0. -256.529 0.458 0.889 0. 261.233 0. 0. -1. 0.
-0.889 0.458 0. -256.548 0.458 0.889 0. 261.187 0. 0. -1. 0.
-0.889 0.458 0. -256.538 0.458 0.889 0. 261.187 0. 0. -1. 0.
-0.889 0.458 0. -256.521 0.458 0.889 0. 261.188 0. 0. -1. 0.
-0.888 0.459 0. -256.541 0.459 0.888 0. 261.214 0. 0. -1. 0.
-0.888 0.460 0. -256.547 0.460 0.888 0. 261.140 0. 0. -1. 0.
-0.886 0.464 0. -256.608 0.464 0.886 0. 261.207 0. 0. -1. 0.
-0.889 0.459 0. -256.686 0.459 0.889 0. 261.292 0. 0. -1. 0.
-0.886 0.463 0. -256.926 0.463 0.886 0. 261.407 0. 0. -1. 0.
-0.886 0.464 0. -257.059 0.464 0.886 0. 261.405 0. 0. -1. 0.
-0.888 0.459 0. -257.444 0.459 0.888 0. 261.552 0. 0. -1. 0.
-0.889 0.458 0. -257.903 0.458 0.889 0. 261.996 0. 0. -1. 0.
-0.888 0.459 0. -258.334 0.459 0.888 0. 261.985 0. 0. -1. 0.
-0.887 0.462 0. -258.893 0.462 0.887 0. 262.439 0. 0. -1. 0.
-0.877 0.481 0. -259.499 0.481 0.877 0. 262.696 0. 0. -1. 0.
-0.863 0.506 0. -260.022 0.506 0.863 0. 262.995 0. 0. -1. 0.
-0.831 0.557 0. -260.750 0.557 0.831 0. 263.460 0. 0. -1. 0.
-0.796 0.605 0. -261.084 0.605 0.796 0. 263.782 0. 0. -1. 0.
-0.752 0.659 0. -261.710 0.659 0.752 0. 264.328 0. 0. -1. 0.
-0.693 0.721 0. -262.001 0.721 0.693 0. 264.922 0. 0. -1. 0.
-0.633 0.774 0. -262.495 0.774 0.633 0. 265.468 0. 0. -1. 0.
-0.554 0.833 0. -263.025 0.833 0.554 0. 266.133 0. 0. -1. 0.
-0.472 0.881 0. -263.227 0.881 0.472 0. 266.974 0. 0. -1. 0.
-0.375 0.927 0. -263.581 0.927 0.375 0. 267.905 0. 0. -1. 0.
-0.285 0.959 0. -263.701 0.959 0.285 0. 268.750 0. 0. -1. 0.
-0.196 0.981 0. -264.063 0.981 0.196 0. 269.929 0. 0. -1. 0.
-0.125 0.992 0. -264.066 0.992 0.125 0. 271.097 0. 0. -1. 0.
-0.067 0.998 0. -264.169 0.998 0.067 0. 272.317 0. 0. -1. 0.
-0.016 1.000 0. -264.167 1.000 0.016 0. 273.672 0. 0. -1. 0.
0.034 0.999 0. -264.048 0.999 -0.034 -0. 274.959 0. 0. -1. 0.
0.083 0.997 0. -263.892 0.997 -0.083 -0. 276.570 0. 0. -1. 0.
0.113 0.994 0. -263.652 0.994 -0.113 -0. 278.096 0. 0. -1. 0.
0.155 0.988 0. -263.399 0.988 -0.155 -0. 279.882 0. 0. -1. 0.
0.190 0.982 0. -262.847 0.982 -0.190 -0. 281.560 0. 0. -1. 0.
0.209 0.978 0. -262.575 0.978 -0.209 -0. 283.487 0. 0. -1. 0.
0.231 0.973 0. -262.051 0.973 -0.231 -0. 285.377 0. 0. -1. 0.
0.235 0.972 0. -261.487 0.972 -0.235 -0. 287.412 0. 0. -1. 0.
0.239 0.971 0. -260.935 0.971 -0.239 -0. 289.442 0. 0. -1. 0.
0.242 0.970 0. -260.385 0.970 -0.242 -0. 291.617 0. 0. -1. 0.
0.240 0.971 0. -259.836 0.971 -0.240 -0. 293.917 0. 0. -1. 0.
0.241 0.971 0. -259.182 0.971 -0.241 -0. 296.108 0. 0. -1. 0.
0.238 0.971 0. -258.587 0.971 -0.238 -0. 298.456 0. 0. -1. 0.
0.239 0.971 0. -257.907 0.971 -0.239 -0. 300.852 0. 0. -1. 0.
0.236 0.972 0. -257.300 0.972 -0.236 -0. 303.291 0. 0. -1. 0.
0.235 0.972 0. -256.661 0.972 -0.235 -0. 305.853 0. 0. -1. 0.
0.239 0.971 0. -255.986 0.971 -0.239 -0. 308.507 0. 0. -1. 0.
0.243 0.970 0. -255.190 0.970 -0.243 -0. 311.187 0. 0. -1. 0.
0.247 0.969 0. -254.498 0.969 -0.247 -0. 313.897 0. 0. -1. 0.
0.251 0.968 0. -253.715 0.968 -0.251 -0. 316.727 0. 0. -1. 0.
0.243 0.970 0. -252.882 0.970 -0.243 -0. 319.627 0. 0. -1. 0.
0.246 0.969 0. -252.149 0.969 -0.246 -0. 322.628 0. 0. -1. 0.
0.247 0.969 0. -251.319 0.969 -0.247 -0. 325.635 0. 0. -1. 0.
0.249 0.969 0. -250.439 0.969 -0.249 -0. 328.736 0. 0. -1. 0.
0.247 0.969 0. -249.509 0.969 -0.247 -0. 331.909 0. 0. -1. 0.
