1. 0. 0. 0. 0. -1. -0. 0. 0. 0. -1. 0.
1. -0.000 -0. 0.006 -0.000 -1. -0. 0.014 0. 0. -1. 0.
1. -0.000 -0. 0.006 -0.000 -1. -0. -0.006 0. 0. -1. 0.
1. 0. 0. 0.022 0. -1. -0. -0.010 0. 0. -1. 0.
1. 0.000 0. 0.001 0.000 -1. -0. 0.029 0. 0. -1. 0.
1. 0. 0. 0.000 0. -1. -0. -0.007 0. 0. -1. 0.
1. -0.001 -0. -0.007 -0.001 -1. -0. 0.032 0. 0. -1. 0.
1. -0.001 -0. -0.005 -0.001 -1. -0. -0.008 0. 0. -1. 0.
1. -0.002 -0. -0.015 -0.002 -1. -0. 0.032 0. 0. -1. 0.
1. -0.001 -0. 0.004 -0.001 -1. -0. -0.013 0. 0. -1. 0.
1. -0.004 -0. 0.008 -0.004 -1. -0. 0.038 0. 0. -1. 0.
1. -0.002 -0. 0.014 -0.002 -1. -0. 0.065 0. 0. -1. 0.
1. -0.000 -0. 0.005 -0.000 -1. -0. -0.012 0. 0. -1. 0.
1. -0.001 -0. -0.002 -0.001 -1. -0. 0.019 0. 0. -1. 0.
1. 0.000 0. -0.017 0.000 -1. -0. 0.016 0. 0. -1. 0.
1. -0.000 -0. 0.005 -0.000 -1. -0. 0.038 0. 0. -1. 0.
1. 0.000 0. -0.009 0.000 -1. -0. 0.044 0. 0. -1. 0.
1. -0.006 -0. 0.038 -0.006 -1. -0. 0.007 0. 0. -1. 0.
1. -0.004 -0. -0.012 -0.004 -1. -0. 0.024 0. 0. -1. 0.
1. 0. 0. 0.011 0. -1. -0. -0.007 0. 0. -1. 0.
1. -0.003 -0. 0.004 -0.003 -1. -0. 0.040 0. 0. -1. 0.
1. 0.000 0. -0.013 0.000 -1. -0. 0.036 0. 0. -1. 0.
1. -0. -0. 0.006 -0. -1. -0. -0.006 0. 0. -1. 0.
1. -0.003 -0. 0.005 -0.003 -1. -0. 0.047 0. 0. -1. 0.
1. -0.003 -0. -0.011 -0.003 -1. -0. -0.017 0. 0. -1. 0.
1. -0.007 -0. 0.009 -0.007 -1. -0. 0.035 0. 0. -1. 0.
1. -0.003 -0. -0.010 -0.003 -1. -0. -0.091 0. 0. -1. 0.
1. -0.004 -0. 0.007 -0.004 -1. -0. 0.059 0. 0. -1. 0.
1. -0.004 -0. 0.020 -0.004 -1. -0. -0.003 0. 0. -1. 0.
1. -0.001 -0. -0.005 -0.001 -1. -0. 0.016 0. 0. -1. 0.
1. 0.002 0. -0.009 0.002 -1. -0. -0.002 0. 0. -1. 0.
1. -0.003 -0. 0.007 -0.003 -1. -0. 0.035 0. 0. -1. 0.
1. -0.001 -0. -0.027 -0.001 -1. -0. -0.011 0. 0. -1. 0.
1. 0.000 0. -0.001 0.000 -1. -0. -0.008 0. 0. -1. 0.
1. -0.003 -0. 0.005 -0.003 -1. -0. -0.020 0. 0. -1. 0.
1. -0.003 -0. -0.021 -0.003 -1. -0. 0.033 0. 0. -1. 0.
1. 0.000 0. -0.003 0.000 -1. -0. -0.012 0. 0. -1. 0.
1. -0.003 -0. 0.003 -0.003 -1. -0. 0.036 0. 0. -1. 0.
1. 0.001 0. -0.010 0.001 -1. -0. 0.032 0. 0. -1. 0.
1. -0.000 -0. 0.009 -0.000 -1. -0. -0.001 0. 0. -1. 0.
1. 0.000 0. -0.027 0.000 -1. -0. -0.014 0. 0. -1. 0.
1. -0.001 -0. 0.004 -0.001 -1. -0. 0.048 0. 0. -1. 0.
1. 0. 0. -0.004 0. -1. -0. -0.007 0. 0. -1. 0.
1. -0.003 -0. 0.012 -0.003 -1. -0. 0.020 0. 0. -1. 0.
1. -0.007 -0. -0.001 -0.007 -1. -0. 0.036 0. 0. -1. 0.
1. -0.003 -0. -0.009 -0.003 -1. -0. -0.057 0. 0. -1. 0.
1. -0.003 -0. 0.015 -0.003 -1. -0. 0.024 0. 0. -1. 0.
1. 0.001 0. -0.008 0.001 -1. -0. 0.031 0. 0. -1. 0.
1. 0.000 0. 0.002 0.000 -1. -0. 0.021 0. 0. -1. 0.
1. -0.004 -0. -0.005 -0.004 -1. -0. 0.039 0. 0. -1. 0.
1. 0.000 0. 0. 0.000 -1. -0. -0.004 0. 0. -1. 0.
1. -0.004 -0. 0.019 -0.004 -1. -0. -0.002 0. 0. -1. 0.
1. -0.003 -0. -0.026 -0.003 -1. -0. 0.029 0. 0. -1. 0.
1. 0.000 0. 0.002 0.000 -1. -0. 0.012 0. 0. -1. 0.
1. -0.002 -0. 0.015 -0.002 -1. -0. 0.029 0. 0. -1. 0.
1. -0.002 -0. 0.009 -0.002 -1. -0. 0.002 0. 0. -1. 0.
1. -0.001 -0. 0.012 -0.001 -1. -0. -0.059 0. 0. -1. 0.
1. -0. -0. -0.005 -0. -1. -0. 0.028 0. 0. -1. 0.
1. -0.004 -0. 0.001 -0.004 -1. -0. 0.007 0. 0. -1. 0.
1. -0.004 -0. 0.018 -0.004 -1. -0. 0.017 0. 0. -1. 0.
1. -0.001 -0. 0.001 -0.001 -1. -0. 0.024 0. 0. -1. 0.
1. 0. 0. -0.001 0. -1. -0. 0.006 0. 0. -1. 0.
1. 0. 0. -0.002 0. -1. -0. 0.004 0. 0. -1. 0.
1. -0.004 -0. -0.007 -0.004 -1. -0. 0.044 0. 0. -1. 0.
1. -0.004 -0. 0.006 -0.004 -1. -0. 0.019 0. 0. -1. 0.
1. -0.001 -0. -0.009 -0.001 -1. -0. 0.029 0. 0. -1. 0.
1. -0.001 -0. 0.030 -0.001 -1. -0. 0.068 0. 0. -1. 0.
1. 0.002 0. 0.048 0.002 -1. -0. 0.024 0. 0. -1. 0.
1. 0.004 0. 0.115 0.004 -1. -0. 0.054 0. 0. -1. 0.
1. 0.007 0. 0.163 0.007 -1. -0. 0.019 0. 0. -1. 0.
1.000 0.022 0. 0.279 0.022 -1.000 -0. 0.002 0. 0. -1. 0.
0.999 0.044 0. 0.505 0.044 -0.999 -0. 0.057 0. 0. -1. 0.
0.997 0.074 0. 0.822 0.074 -0.997 -0. 0.055 0. 0. -1. 0.
0.996 0.095 0. 1.268 0.095 -0.996 -0. 0.130 0. 0. -1. 0.
0.993 0.118 0. 1.683 0.118 -0.993 -0. 0.131 0. 0. -1. 0.
0.989 0.146 0. 2.229 0.146 -0.989 -0. 0.267 0. 0. -1. 0.
0.985 0.170 0. 2.831 0.170 -0.985 -0. 0.436 0. 0. -1. 0.
0.984 0.179 0. 3.455 0.179 -0.984 -0. 0.488 0. 0. -1. 0.
0.983 0.182 0. 4.177 0.182 -0.983 -0. 0.653 0. 0. -1. 0.
0.982 0.190 0. 4.872 0.190 -0.982 -0. 0.836 0. 0. -1. 0.
0.983 0.186 0. 5.629 0.186 -0.983 -0. 0.970 0. 0. -1. 0.
0.983 0.182 0. 6.504 0.182 -0.983 -0. 1.086 0. 0. -1. 0.
0.986 0.168 0. 7.427 0.168 -0.986 -0. 1.263 0. 0. -1. 0.
0.987 0.162 0. 8.390 0.162 -0.987 -0. 1.310 0. 0. -1. 0.
0.989 0.150 0. 9.404 0.150 -0.989 -0. 1.441 0. 0. -1. 0.
0.991 0.134 0. 10.483 0.134 -0.991 -0. 1.592 0. 0. -1. 0.
0.992 0.128 0. 11.526 0.128 -0.992 -0. 1.773 0. 0. -1. 0.
0.992 0.127 0. 12.557 0.127 -0.992 -0. 1.931 0. 0. -1. 0.
0.992 0.124 0. 13.771 0.124 -0.992 -0. 2.051 0. 0. -1. 0.
0.992 0.126 0. 14.928 0.126 -0.992 -0. 2.158 0. 0. -1. 0.
0.992 0.126 0. 16.283 0.126 -0.992 -0. 2.335 0. 0. -1. 0.
0.991 0.132 0. 17.725 0.132 -0.991 -0. 2.435 0. 0. -1. 0.
0.992 0.125 0. 19.166 0.125 -0.992 -0. 2.612 0. 0. -1. 0.
0.992 0.123 0. 20.629 0.123 -0.992 -0. 2.800 0. 0. -1. 0.
0.992 0.126 0. 22.142 0.126 -0.992 -0. 2.938 0. 0. -1. 0.
0.991 0.133 0. 23.693 0.133 -0.991 -0. 3.165 0. 0. -1. 0.
0.990 0.139 0. 25.254 0.139 -0.990 -0. 3.242 0. 0. -1. 0.
0.990 0.142 0. 26.763 0.142 -0.990 -0. 3.492 0. 0. -1. 0.
0.990 0.140 0. 28.331 0.140 -0.990 -0. 3.698 0. 0. -1. 0.
0.989 0.147 0. 29.770 0.147 -0.989 -0. 3.849 0. 0. -1. 0.
0.989 0.148 0. 31.194 0.148 -0.989 -0. 4.082 0. 0. -1. 0.
0.988 0.153 0. 32.717 0.153 -0.988 -0. 4.322 0. 0. -1. 0.
0.989 0.151 0. 34.236 0.151 -0.989 -0. 4.549 0. 0. -1. 0.
0.987 0.164 0. 35.699 0.164 -0.987 -0. 4.730 0. 0. -1. 0.
0.984 0.178 0. 37.272 0.178 -0.984 -0. 5.014 0. 0. -1. 0.
0.985 0.170 0. 38.728 0.170 -0.985 -0. 5.302 0. 0. -1. 0.
0.983 0.182 0. 40.295 0.182 -0.983 -0. 5.518 0. 0. -1. 0.
0.983 0.183 0. 41.821 0.183 -0.983 -0. 5.710 0. 0. -1. 0.
0.984 0.180 0. 43.413 0.180 -0.984 -0. 6.021 0. 0. -1. 0.
0.982 0.190 0. 44.971 0.190 -0.982 -0. 6.210 0. 0. -1. 0.
0.982 0.191 0. 46.568 0.191 -0.982 -0. 6.540 0. 0. -1. 0.
0.981 0.196 0. 48.151 0.196 -0.981 -0. 6.819 0. 0. -1. 0.
0.981 0.194 0. 49.802 0.194 -0.981 -0. 7.207 0. 0. -1. 0.
0.981 0.192 0. 51.480 0.192 -0.981 -0. 7.552 0. 0. -1. 0.
0.983 0.183 0. 53.198 0.183 -0.983 -0. 7.885 0. 0. -1. 0.
0.985 0.174 0. 55.020 0.174 -0.985 -0. 8.186 0. 0. -1. 0.
0.985 0.173 0. 56.854 0.173 -0.985 -0. 8.296 0. 0. -1. 0.
0.986 0.167 0. 58.664 0.167 -0.986 -0. 8.624 0. 0. -1. 0.
0.986 0.165 0. 60.465 0.165 -0.986 -0. 8.817 0. 0. -1. 0.
0.987 0.160 0. 62.419 0.160 -0.987 -0. 9.294 0. 0. -1. 0.
0.988 0.157 0. 64.226 0.157 -0.988 -0. 9.561 0. 0. -1. 0.
0.989 0.147 0. 66.095 0.147 -0.989 -0. 9.907 0. 0. -1. 0.
0.989 0.147 0. 68.002 0.147 -0.989 -0. 10.065 0. 0. -1. 0.
0.991 0.135 0. 69.886 0.135 -0.991 -0. 10.387 0. 0. -1. 0.
0.991 0.134 0. 71.783 0.134 -0.991 -0. 10.530 0. 0. -1. 0.
0.993 0.117 0. 73.675 0.117 -0.993 -0. 10.750 0. 0. -1. 0.
0.995 0.095 0. 75.542 0.095 -0.995 -0. 10.930 0. 0. -1. 0.
0.998 0.065 0. 77.467 0.065 -0.998 -0. 11.110 0. 0. -1. 0.
0.999 0.034 0. 79.388 0.034 -0.999 -0. 11.186 0. 0. -1. 0.
1. -0.012 -0. 81.292 -0.012 -1. -0. 11.145 0. 0. -1. 0.
0.999 -0.050 -0. 83.130 -0.050 -0.999 -0. 11.019 0. 0. -1. 0.
0.995 -0.095 -0. 85.049 -0.095 -0.995 -0. 10.920 0. 0. -1. 0.
0.988 -0.154 -0. 86.870 -0.154 -0.988 -0. 10.653 0. 0. -1. 0.
0.981 -0.193 -0. 88.710 -0.193 -0.981 -0. 10.192 0. 0. -1. 0.
0.970 -0.245 -0. 90.563 -0.245 -0.970 -0. 9.694 0. 0. -1. 0.
0.957 -0.289 -0. 92.488 -0.289 -0.957 -0. 9.197 0. 0. -1. 0.
0.942 -0.336 -0. 94.160 -0.336 -0.942 -0. 8.427 0. 0. -1. 0.
0.923 -0.385 -0. 96.033 -0.385 -0.923 -0. 7.897 0. 0. -1. 0.
0.892 -0.451 -0. 97.773 -0.451 -0.892 -0. 7.042 0. 0. -1. 0.
0.859 -0.511 -0. 99.378 -0.511 -0.859 -0. 5.995 0. 0. -1. 0.
0.821 -0.571 -0. 100.938 -0.571 -0.821 -0. 4.938 0. 0. -1. 0.
0.782 -0.624 -0. 102.419 -0.624 -0.782 -0. 3.739 0. 0. -1. 0.
0.737 -0.676 -0. 103.874 -0.676 -0.737 -0. 2.498 0. 0. -1. 0.
0.688 -0.726 -0. 105.158 -0.726 -0.688 -0. 1.193 0. 0. -1. 0.
0.637 -0.771 -0. 106.294 -0.771 -0.637 -0. -0.287 0. 0. -1. 0.
0.585 -0.811 -0. 107.368 -0.811 -0.585 -0. -1.789 0. 0. -1. 0.
0.547 -0.837 -0. 108.204 -0.837 -0.547 -0. -3.519 0. 0. -1. 0.
0.520 -0.854 -0. 109.160 -0.854 -0.520 -0. -5.137 0. 0. -1. 0.
0.498 -0.867 -0. 110.161 -0.867 -0.498 -0. -6.704 0. 0. -1. 0.
0.477 -0.879 -0. 111.065 -0.879 -0.477 -0. -8.349 0. 0. -1. 0.
0.465 -0.885 -0. 111.862 -0.885 -0.465 -0. -10.043 0. 0. -1. 0.
0.465 -0.885 -0. 112.669 -0.885 -0.465 -0. -11.804 0. 0. -1. 0.
0.463 -0.886 -0. 113.712 -0.886 -0.463 -0. -13.402 0. 0. -1. 0.
0.468 -0.884 -0. 114.430 -0.884 -0.468 -0. -15.030 0. 0. -1. 0.
0.474 -0.881 -0. 115.208 -0.881 -0.474 -0. -16.714 0. 0. -1. 0.
0.473 -0.881 -0. 116.087 -0.881 -0.473 -0. -18.328 0. 0. -1. 0.
0.477 -0.879 -0. 116.938 -0.879 -0.477 -0. -19.900 0. 0. -1. 0.
0.489 -0.872 -0. 117.847 -0.872 -0.489 -0. -21.350 0. 0. -1. 0.
0.497 -0.868 -0. 118.561 -0.868 -0.497 -0. -22.741 0. 0. -1. 0.
0.517 -0.856 -0. 119.307 -0.856 -0.517 -0. -24.122 0. 0. -1. 0.
0.544 -0.839 -0. 120.048 -0.839 -0.544 -0. -25.409 0. 0. -1. 0.
0.562 -0.827 -0. 120.654 -0.827 -0.562 -0. -26.598 0. 0. -1. 0.
0.576 -0.818 -0. 121.469 -0.818 -0.576 -0. -27.505 0. 0. -1. 0.
0.596 -0.803 -0. 121.900 -0.803 -0.596 -0. -28.356 0. 0. -1. 0.
0.606 -0.795 -0. 122.455 -0.795 -0.606 -0. -29.010 0. 0. -1. 0.
0.612 -0.791 -0. 122.948 -0.791 -0.612 -0. -29.538 0. 0. -1. 0.
0.619 -0.785 -0. 123.215 -0.785 -0.619 -0. -30.043 0. 0. -1. 0.
0.626 -0.780 -0. 123.545 -0.780 -0.626 -0. -30.421 0. 0. -1. 0.
0.634 -0.774 -0. 123.869 -0.774 -0.634 -0. -30.687 0. 0. -1. 0.
0.643 -0.766 -0. 124.121 -0.766 -0.643 -0. -31.029 0. 0. -1. 0.
0.645 -0.764 -0. 124.509 -0.764 -0.645 -0. -31.408 0. 0. -1. 0.
0.647 -0.762 -0. 124.938 -0.762 -0.647 -0. -31.840 0. 0. -1. 0.
0.653 -0.757 -0. 125.339 -0.757 -0.653 -0. -32.402 0. 0. -1. 0.
0.661 -0.751 -0. 125.700 -0.751 -0.661 -0. -32.940 0. 0. -1. 0.
0.666 -0.746 -0. 126.379 -0.746 -0.666 -0. -33.610 0. 0. -1. 0.
0.678 -0.735 -0. 126.913 -0.735 -0.678 -0. -34.379 0. 0. -1. 0.
0.684 -0.729 -0. 127.693 -0.729 -0.684 -0. -35.145 0. 0. -1. 0.
0.693 -0.721 -0. 128.455 -0.721 -0.693 -0. -35.985 0. 0. -1. 0.
0.704 -0.711 -0. 129.266 -0.711 -0.704 -0. -36.956 0. 0. -1. 0.
0.715 -0.699 -0. 130.497 -0.699 -0.715 -0. -37.946 0. 0. -1. 0.
0.727 -0.686 -0. 131.490 -0.686 -0.727 -0. -39.031 0. 0. -1. 0.
0.739 -0.674 -0. 132.726 -0.674 -0.739 -0. -40.030 0. 0. -1. 0.
0.758 -0.653 -0. 133.847 -0.653 -0.758 -0. -41.198 0. 0. -1. 0.
0.776 -0.631 -0. 135.102 -0.631 -0.776 -0. -42.192 0. 0. -1. 0.
0.789 -0.615 -0. 136.387 -0.615 -0.789 -0. -43.252 0. 0. -1. 0.
0.806 -0.592 -0. 137.635 -0.592 -0.806 -0. -44.214 0. 0. -1. 0.
0.816 -0.578 -0. 138.947 -0.578 -0.816 -0. -45.233 0. 0. -1. 0.
0.823 -0.568 -0. 140.344 -0.568 -0.823 -0. -46.064 0. 0. -1. 0.
0.830 -0.557 -0. 141.725 -0.557 -0.830 -0. -46.989 0. 0. -1. 0.
0.837 -0.547 -0. 143.077 -0.547 -0.837 -0. -48.045 0. 0. -1. 0.
0.843 -0.538 -0. 144.490 -0.538 -0.843 -0. -48.832 0. 0. -1. 0.
0.848 -0.531 -0. 145.898 -0.531 -0.848 -0. -49.675 0. 0. -1. 0.
0.854 -0.520 -0. 147.249 -0.520 -0.854 -0. -50.560 0. 0. -1. 0.
0.862 -0.507 -0. 148.652 -0.507 -0.862 -0. -51.516 0. 0. -1. 0.
0.869 -0.495 -0. 150.091 -0.495 -0.869 -0. -52.309 0. 0. -1. 0.
0.884 -0.468 -0. 151.550 -0.468 -0.884 -0. -53.060 0. 0. -1. 0.
0.903 -0.429 -0. 152.949 -0.429 -0.903 -0. -53.826 0. 0. -1. 0.
0.925 -0.381 -0. 154.439 -0.381 -0.925 -0. -54.514 0. 0. -1. 0.
0.946 -0.324 -0. 155.915 -0.324 -0.946 -0. -55.039 0. 0. -1. 0.
0.969 -0.247 -0. 157.441 -0.247 -0.969 -0. -55.414 0. 0. -1. 0.
0.989 -0.151 -0. 158.943 -0.151 -0.989 -0. -55.639 0. 0. -1. 0.
1. -0.013 -0. 160.306 -0.013 -1. -0. -55.794 0. 0. -1. 0.
0.993 0.115 0. 161.803 0.115 -0.993 -0. -55.515 0. 0. -1. 0.
0.964 0.266 0. 163.097 0.266 -0.964 -0. -55.180 0. 0. -1. 0.
0.907 0.422 0. 164.265 0.422 -0.907 -0. -54.584 0. 0. -1. 0.
0.820 0.572 0. 165.490 0.572 -0.820 -0. -53.826 0. 0. -1. 0.
0.703 0.712 0. 166.346 0.712 -0.703 -0. -52.919 0. 0. -1. 0.
0.563 0.827 0. 166.940 0.827 -0.563 -0. -51.887 0. 0. -1. 0.
0.407 0.913 0. 167.497 0.913 -0.407 -0. -50.756 0. 0. -1. 0.
0.229 0.974 0. 167.718 0.974 -0.229 -0. -49.523 0. 0. -1. 0.
0.047 0.999 0. 167.746 0.999 -0.047 -0. -48.412 0. 0. -1. 0.
-0.136 0.991 0. 167.526 0.991 0.136 0. -47.227 0. 0. -1. 0.
-0.320 0.948 0. 167.174 0.948 0.320 0. -46.142 0. 0. -1. 0.
-0.486 0.874 0. 166.523 0.874 0.486 0. -45.086 0. 0. -1. 0.
-0.638 0.770 0. 165.752 0.770 0.638 0. -44.158 0. 0. -1. 0.
-0.749 0.663 0. 164.709 0.663 0.749 0. -43.271 0. 0. -1. 0.
-0.835 0.550 0. 163.534 0.550 0.835 0. -42.559 0. 0. -1. 0.
-0.890 0.457 0. 162.180 0.457 0.890 0. -41.906 0. 0. -1. 0.
-0.926 0.376 0. 160.905 0.376 0.926 0. -41.366 0. 0. -1. 0.
-0.952 0.305 0. 159.426 0.305 0.952 0. -40.916 0. 0. -1. 0.
-0.971 0.240 0. 157.946 0.240 0.971 0. -40.504 0. 0. -1. 0.
-0.982 0.187 0. 156.362 0.187 0.982 0. -40.206 0. 0. -1. 0.
-0.990 0.140 0. 154.691 0.140 0.990 0. -39.874 0. 0. -1. 0.
-0.993 0.116 0. 153.003 0.116 0.993 0. -39.663 0. 0. -1. 0.
-0.996 0.094 0. 151.374 0.094 0.996 0. -39.530 0. 0. -1. 0.
-0.996 0.086 0. 149.583 0.086 0.996 0. -39.389 0. 0. -1. 0.
-0.997 0.078 0. 147.883 0.078 0.997 0. -39.198 0. 0. -1. 0.
-0.997 0.082 0. 146.126 0.082 0.997 0. -38.950 0. 0. -1. 0.
-0.995 0.095 0. 144.287 0.095 0.995 0. -38.860 0. 0. -1. 0.
-0.993 0.114 0. 142.642 0.114 0.993 0. -38.644 0. 0. -1. 0.
-0.990 0.144 0. 140.871 0.144 0.990 0. -38.416 0. 0. -1. 0.
-0.984 0.180 0. 139.184 0.180 0.984 0. -38.158 0. 0. -1. 0.
-0.975 0.222 0. 137.445 0.222 0.975 0. -37.670 0. 0. -1. 0.
-0.962 0.274 0. 135.714 0.274 0.962 0. -37.061 0. 0. -1. 0.
-0.947 0.320 0. 134.124 0.320 0.947 0. -36.563 0. 0. -1. 0.
-0.925 0.380 0. 132.372 0.380 0.925 0. -35.747 0. 0. -1. 0.
-0.900 0.437 0. 130.752 0.437 0.900 0. -34.961 0. 0. -1. 0.
-0.867 0.499 0. 129.246 0.499 0.867 0. -34.024 0. 0. -1. 0.
-0.832 0.554 0. 127.748 0.554 0.832 0. -32.937 0. 0. -1. 0.
-0.796 0.605 0. 126.198 0.605 0.796 0. -31.793 0. 0. -1. 0.
-0.754 0.657 0. 124.816 0.657 0.754 0. -30.512 0. 0. -1. 0.
-0.709 0.705 0. 123.463 0.705 0.709 0. -29.202 0. 0. -1. 0.
-0.669 0.744 0. 122.329 0.744 0.669 0. -27.754 0. 0. -1. 0.
-0.634 0.773 0. 121.162 0.773 0.634 0. -26.340 0. 0. -1. 0.
-0.595 0.804 0. 119.967 0.804 0.595 0. -24.904 0. 0. -1. 0.
-0.569 0.822 0. 119.089 0.822 0.569 0. -23.260 0. 0. -1. 0.
-0.531 0.847 0. 117.960 0.847 0.531 0. -21.733 0. 0. -1. 0.
-0.502 0.865 0. 116.981 0.865 0.502 0. -20.133 0. 0. -1. 0.
-0.476 0.880 0. 116.283 0.880 0.476 0. -18.356 0. 0. -1. 0.
-0.457 0.889 0. 115.337 0.889 0.457 0. -16.710 0. 0. -1. 0.
-0.441 0.897 0. 114.648 0.897 0.441 0. -14.974 0. 0. -1. 0.
-0.425 0.905 0. 113.989 0.905 0.425 0. -13.179 0. 0. -1. 0.
-0.418 0.909 0. 113.127 0.909 0.418 0. -11.527 0. 0. -1. 0.
-0.424 0.906 0. 112.295 0.906 0.424 0. -9.837 0. 0. -1. 0.
-0.436 0.900 0. 111.561 0.900 0.436 0. -8.135 0. 0. -1. 0.
-0.462 0.887 0. 110.691 0.887 0.462 0. -6.497 0. 0. -1. 0.
-0.485 0.874 0. 109.786 0.874 0.485 0. -4.892 0. 0. -1. 0.
-0.519 0.855 0. 108.995 0.855 0.519 0. -3.258 0. 0. -1. 0.
-0.555 0.832 0. 108.008 0.832 0.555 0. -1.655 0. 0. -1. 0.
-0.602 0.798 0. 106.881 0.798 0.602 0. -0.254 0. 0. -1. 0.
-0.648 0.762 0. 106.036 0.762 0.648 0. 1.333 0. 0. -1. 0.
-0.697 0.718 0. 104.855 0.718 0.697 0. 2.618 0. 0. -1. 0.
-0.738 0.675 0. 103.618 0.675 0.738 0. 3.861 0. 0. -1. 0.
-0.779 0.627 0. 102.212 0.627 0.779 0. 4.947 0. 0. -1. 0.
-0.819 0.574 0. 100.794 0.574 0.819 0. 5.974 0. 0. -1. 0.
-0.852 0.523 0. 99.202 0.523 0.852 0. 6.947 0. 0. -1. 0.
-0.881 0.472 0. 97.665 0.472 0.881 0. 7.836 0. 0. -1. 0.
-0.903 0.429 0. 96.097 0.429 0.903 0. 8.534 0. 0. -1. 0.
-0.929 0.370 0. 94.547 0.370 0.929 0. 9.239 0. 0. -1. 0.
-0.947 0.320 0. 92.809 0.320 0.947 0. 9.797 0. 0. -1. 0.
-0.966 0.259 0. 91.262 0.259 0.966 0. 10.344 0. 0. -1. 0.
-0.978 0.208 0. 89.459 0.208 0.978 0. 10.766 0. 0. -1. 0.
-0.987 0.159 0. 87.716 0.159 0.987 0. 11.087 0. 0. -1. 0.
-0.995 0.105 0. 85.959 0.105 0.995 0. 11.377 0. 0. -1. 0.
-0.998 0.059 0. 84.160 0.059 0.998 0. 11.398 0. 0. -1. 0.
-1. 0.011 0. 82.285 0.011 1. 0. 11.432 0. 0. -1. 0.
-1. -0.014 -0. 80.467 -0.014 1. 0. 11.443 0. 0. -1. 0.
-0.999 -0.053 -0. 78.671 -0.053 0.999 0. 11.359 0. 0. -1. 0.
-0.997 -0.071 -0. 76.859 -0.071 0.997 0. 11.234 0. 0. -1. 0.
-0.996 -0.094 -0. 74.961 -0.094 0.996 0. 11.098 0. 0. -1. 0.
-0.994 -0.106 -0. 73.138 -0.106 0.994 0. 10.908 0. 0. -1. 0.
-0.994 -0.108 -0. 71.248 -0.108 0.994 0. 10.667 0. 0. -1. 0.
-0.994 -0.113 -0. 69.419 -0.113 0.994 0. 10.504 0. 0. -1. 0.
-0.994 -0.114 -0. 67.531 -0.114 0.994 0. 10.280 0. 0. -1. 0.
-0.992 -0.128 -0. 65.658 -0.128 0.992 0. 10.144 0. 0. -1. 0.
-0.992 -0.123 -0. 63.825 -0.123 0.992 0. 9.871 0. 0. -1. 0.
-0.991 -0.132 -0. 61.935 -0.132 0.991 0. 9.644 0. 0. -1. 0.
-0.990 -0.143 -0. 60.067 -0.143 0.990 0. 9.425 0. 0. -1. 0.
-0.989 -0.145 -0. 58.164 -0.145 0.989 0. 9.134 0. 0. -1. 0.
-0.988 -0.153 -0. 56.285 -0.153 0.988 0. 8.897 0. 0. -1. 0.
-0.986 -0.168 -0. 54.377 -0.168 0.986 0. 8.663 0. 0. -1. 0.
-0.984 -0.180 -0. 52.386 -0.180 0.984 0. 8.389 0. 0. -1. 0.
-0.983 -0.183 -0. 50.453 -0.183 0.983 0. 7.973 0. 0. -1. 0.
-0.981 -0.192 -0. 48.594 -0.192 0.981 0. 7.849 0. 0. -1. 0.
-0.981 -0.196 -0. 46.601 -0.196 0.981 0. 7.336 0. 0. -1. 0.
-0.979 -0.202 -0. 44.676 -0.202 0.979 0. 6.902 0. 0. -1. 0.
-0.979 -0.205 -0. 42.711 -0.205 0.979 0. 6.477 0. 0. -1. 0.
-0.979 -0.206 -0. 40.687 -0.206 0.979 0. 6.212 0. 0. -1. 0.
-0.978 -0.207 -0. 38.784 -0.207 0.978 0. 5.865 0. 0. -1. 0.
-0.979 -0.202 -0. 36.796 -0.202 0.979 0. 5.437 0. 0. -1. 0.
-0.983 -0.182 -0. 34.806 -0.182 0.983 0. 5.050 0. 0. -1. 0.
-0.986 -0.165 -0. 32.808 -0.165 0.986 0. 4.583 0. 0. -1. 0.
-0.989 -0.148 -0. 30.722 -0.148 0.989 0. 4.454 0. 0. -1. 0.
-0.992 -0.123 -0. 28.748 -0.123 0.992 0. 4.092 0. 0. -1. 0.
-0.995 -0.102 -0. 26.708 -0.102 0.995 0. 3.919 0. 0. -1. 0.
-0.996 -0.087 -0. 24.579 -0.087 0.996 0. 3.816 0. 0. -1. 0.
-0.998 -0.067 -0. 22.491 -0.067 0.998 0. 3.728 0. 0. -1. 0.
-0.998 -0.057 -0. 20.439 -0.057 0.998 0. 3.562 0. 0. -1. 0.
-0.999 -0.055 -0. 18.359 -0.055 0.999 0. 3.498 0. 0. -1. 0.
-0.999 -0.046 -0. 16.283 -0.046 0.999 0. 3.407 0. 0. -1. 0.
-0.999 -0.040 -0. 14.264 -0.040 0.999 0. 3.410 0. 0. -1. 0.
-0.999 -0.038 -0. 12.238 -0.038 0.999 0. 3.318 0. 0. -1. 0.
-0.999 -0.037 -0. 10.248 -0.037 0.999 0. 3.312 0. 0. -1. 0.
-0.999 -0.034 -0. 8.187 -0.034 0.999 0. 3.160 0. 0. -1. 0.
-0.999 -0.033 -0. 6.252 -0.033 0.999 0. 3.176 0. 0. -1. 0.
-0.999 -0.035 -0. 4.096 -0.035 0.999 0. 3.171 0. 0. -1. 0.
-0.999 -0.037 -0. 2.191 -0.037 0.999 0. 3.033 0. 0. -1. 0.
-0.999 -0.045 -0. 0.150 -0.045 0.999 0. 3.018 0. 0. -1. 0.
-0.999 -0.050 -0. -1.819 -0.050 0.999 0. 2.959 0. 0. -1. 0.
-0.999 -0.054 -0. -3.844 -0.054 0.999 0. 2.809 0. 0. -1. 0.
-0.999 -0.049 -0. -5.849 -0.049 0.999 0. 2.736 0. 0. -1. 0.
-0.998 -0.057 -0. -7.792 -0.057 0.998 0. 2.632 0. 0. -1. 0.
-0.998 -0.055 -0. -9.711 -0.055 0.998 0. 2.543 0. 0. -1. 0.
-0.998 -0.060 -0. -11.721 -0.060 0.998 0. 2.454 0. 0. -1. 0.
-0.998 -0.058 -0. -13.762 -0.058 0.998 0. 2.409 0. 0. -1. 0.
-0.998 -0.066 -0. -15.672 -0.066 0.998 0. 2.183 0. 0. -1. 0.
-0.997 -0.073 -0. -17.618 -0.073 0.997 0. 2.145 0. 0. -1. 0.
-0.998 -0.067 -0. -19.599 -0.067 0.998 0. 2.036 0. 0. -1. 0.
-0.998 -0.067 -0. -21.554 -0.067 0.998 0. 1.929 0. 0. -1. 0.
-0.998 -0.069 -0. -23.711 -0.069 0.998 0. 1.929 0. 0. -1. 0.
-0.998 -0.067 -0. -25.576 -0.067 0.998 0. 1.640 0. 0. -1. 0.
-0.998 -0.070 -0. -27.682 -0.070 0.998 0. 1.703 0. 0. -1. 0.
-0.997 -0.075 -0. -29.741 -0.075 0.997 0. 1.595 0. 0. -1. 0.
-0.997 -0.074 -0. -31.771 -0.074 0.997 0. 1.471 0. 0. -1. 0.
-0.997 -0.082 -0. -33.813 -0.082 0.997 0. 1.310 0. 0. -1. 0.
-0.997 -0.075 -0. -35.935 -0.075 0.997 0. 1.185 0. 0. -1. 0.
-0.997 -0.079 -0. -37.983 -0.079 0.997 0. 1.002 0. 0. -1. 0.
-0.997 -0.083 -0. -40.123 -0.083 0.997 0. 0.887 0. 0. -1. 0.
-0.996 -0.094 -0. -42.175 -0.094 0.996 0. 0.685 0. 0. -1. 0.
-0.996 -0.091 -0. -44.375 -0.091 0.996 0. 0.540 0. 0. -1. 0.
-0.994 -0.109 -0. -46.430 -0.109 0.994 0. 0.332 0. 0. -1. 0.
-0.994 -0.110 -0. -48.576 -0.110 0.994 0. 0.062 0. 0. -1. 0.
-0.993 -0.118 -0. -50.596 -0.118 0.993 0. -0.162 0. 0. -1. 0.
-0.992 -0.126 -0. -52.592 -0.126 0.992 0. -0.314 0. 0. -1. 0.
-0.992 -0.127 -0. -54.726 -0.127 0.992 0. -0.515 0. 0. -1. 0.
-0.990 -0.142 -0. -56.646 -0.142 0.990 0. -0.853 0. 0. -1. 0.
-0.991 -0.135 -0. -58.671 -0.135 0.991 0. -0.965 0. 0. -1. 0.
-0.991 -0.134 -0. -60.551 -0.134 0.991 0. -1.331 0. 0. -1. 0.
-0.991 -0.137 -0. -62.436 -0.137 0.991 0. -1.692 0. 0. -1. 0.
-0.993 -0.122 -0. -64.375 -0.122 0.993 0. -1.796 0. 0. -1. 0.
-0.993 -0.119 -0. -66.244 -0.119 0.993 0. -1.981 0. 0. -1. 0.
-0.995 -0.104 -0. -68.097 -0.104 0.995 0. -2.109 0. 0. -1. 0.
-0.996 -0.091 -0. -70.008 -0.091 0.996 0. -2.269 0. 0. -1. 0.
-0.998 -0.064 -0. -71.875 -0.064 0.998 0. -2.409 0. 0. -1. 0.
-0.999 -0.044 -0. -73.673 -0.044 0.999 0. -2.374 0. 0. -1. 0.
-1. -0.007 -0. -75.569 -0.007 1. 0. -2.459 0. 0. -1. 0.
-1.000 0.023 0. -77.426 0.023 1.000 0. -2.359 0. 0. -1. 0.
-0.998 0.064 0. -79.262 0.064 0.998 0. -2.257 0. 0. -1. 0.
-0.995 0.100 0. -81.034 0.100 0.995 0. -1.995 0. 0. -1. 0.
-0.990 0.143 0. -82.738 0.143 0.990 0. -1.755 0. 0. -1. 0.
-0.980 0.200 0. -84.335 0.200 0.980 0. -1.343 0. 0. -1. 0.
-0.964 0.268 0. -85.940 0.268 0.964 0. -0.851 0. 0. -1. 0.
-0.937 0.348 0. -87.488 0.348 0.937 0. -0.263 0. 0. -1. 0.
-0.909 0.417 0. -88.888 0.417 0.909 0. 0.412 0. 0. -1. 0.
-0.868 0.496 0. -90.192 0.496 0.868 0. 1.239 0. 0. -1. 0.
-0.811 0.585 0. -91.451 0.585 0.811 0. 2.128 0. 0. -1. 0.
-0.750 0.661 0. -92.649 0.661 0.750 0. 3.126 0. 0. -1. 0.
-0.678 0.735 0. -93.697 0.735 0.678 0. 4.355 0. 0. -1. 0.
-0.597 0.802 0. -94.558 0.802 0.597 0. 5.575 0. 0. -1. 0.
-0.509 0.861 0. -95.259 0.861 0.509 0. 6.920 0. 0. -1. 0.
-0.421 0.907 0. -96.035 0.907 0.421 0. 8.473 0. 0. -1. 0.
-0.338 0.941 0. -96.345 0.941 0.338 0. 9.898 0. 0. -1. 0.
-0.277 0.961 0. -96.835 0.961 0.277 0. 11.490 0. 0. -1. 0.
-0.226 0.974 0. -97.242 0.974 0.226 0. 13.176 0. 0. -1. 0.
-0.179 0.984 0. -97.467 0.984 0.179 0. 14.749 0. 0. -1. 0.
-0.139 0.990 0. -97.696 0.990 0.139 0. 16.615 0. 0. -1. 0.
-0.133 0.991 0. -97.918 0.991 0.133 0. 18.502 0. 0. -1. 0.
-0.133 0.991 0. -98.144 0.991 0.133 0. 20.392 0. 0. -1. 0.
-0.140 0.990 0. -98.488 0.990 0.140 0. 22.315 0. 0. -1. 0.
-0.147 0.989 0. -98.738 0.989 0.147 0. 24.337 0. 0. -1. 0.
-0.152 0.988 0. -99.077 0.988 0.152 0. 26.278 0. 0. -1. 0.
-0.147 0.989 0. -99.416 0.989 0.147 0. 28.269 0. 0. -1. 0.
-0.144 0.990 0. -99.532 0.990 0.144 0. 30.216 0. 0. -1. 0.
-0.149 0.989 0. -99.790 0.989 0.149 0. 32.281 0. 0. -1. 0.
-0.151 0.988 0. -100.230 0.988 0.151 0. 34.179 0. 0. -1. 0.
-0.152 0.988 0. -100.606 0.988 0.152 0. 36.131 0. 0. -1. 0.
-0.151 0.989 0. -100.946 0.989 0.151 0. 38.206 0. 0. -1. 0.
-0.148 0.989 0. -101.155 0.989 0.148 0. 40.267 0. 0. -1. 0.
-0.135 0.991 0. -101.372 0.991 0.135 0. 42.302 0. 0. -1. 0.
-0.129 0.992 0. -101.655 0.992 0.129 0. 44.338 0. 0. -1. 0.
-0.117 0.993 0. -101.838 0.993 0.117 0. 46.320 0. 0. -1. 0.
-0.116 0.993 0. -102.012 0.993 0.116 0. 48.395 0. 0. -1. 0.
-0.111 0.994 0. -102.300 0.994 0.111 0. 50.381 0. 0. -1. 0.
-0.108 0.994 0. -102.491 0.994 0.108 0. 52.404 0. 0. -1. 0.
-0.112 0.994 0. -102.631 0.994 0.112 0. 54.407 0. 0. -1. 0.
-0.111 0.994 0. -102.909 0.994 0.111 0. 56.307 0. 0. -1. 0.
-0.111 0.994 0. -103.019 0.994 0.111 0. 58.294 0. 0. -1. 0.
-0.111 0.994 0. -103.254 0.994 0.111 0. 60.220 0. 0. -1. 0.
-0.117 0.993 0. -103.511 0.993 0.117 0. 62.112 0. 0. -1. 0.
-0.124 0.992 0. -103.744 0.992 0.124 0. 64.043 0. 0. -1. 0.
-0.128 0.992 0. -103.851 0.992 0.128 0. 65.902 0. 0. -1. 0.
-0.122 0.993 0. -104.122 0.993 0.122 0. 67.721 0. 0. -1. 0.
-0.125 0.992 0. -104.319 0.992 0.125 0. 69.556 0. 0. -1. 0.
-0.124 0.992 0. -104.451 0.992 0.124 0. 71.242 0. 0. -1. 0.
-0.131 0.991 0. -104.711 0.991 0.131 0. 72.914 0. 0. -1. 0.
-0.153 0.988 0. -104.843 0.988 0.153 0. 74.654 0. 0. -1. 0.
-0.190 0.982 0. -105.252 0.982 0.190 0. 76.193 0. 0. -1. 0.
-0.236 0.972 0. -105.767 0.972 0.236 0. 77.795 0. 0. -1. 0.
-0.287 0.958 0. -106.091 0.958 0.287 0. 79.392 0. 0. -1. 0.
-0.347 0.938 0. -106.659 0.938 0.347 0. 80.868 0. 0. -1. 0.
-0.422 0.907 0. -107.181 0.907 0.422 0. 82.417 0. 0. -1. 0.
-0.496 0.868 0. -108.003 0.868 0.496 0. 83.816 0. 0. -1. 0.
-0.553 0.833 0. -108.844 0.833 0.553 0. 85.224 0. 0. -1. 0.
-0.602 0.799 0. -109.829 0.799 0.602 0. 86.627 0. 0. -1. 0.
-0.652 0.758 0. -110.875 0.758 0.652 0. 87.915 0. 0. -1. 0.
-0.693 0.721 0. -112.088 0.721 0.693 0. 89.139 0. 0. -1. 0.
-0.730 0.683 0. -113.308 0.683 0.730 0. 90.392 0. 0. -1. 0.
-0.752 0.659 0. -114.647 0.659 0.752 0. 91.693 0. 0. -1. 0.
-0.778 0.629 0. -116.015 0.629 0.778 0. 92.916 0. 0. -1. 0.
-0.789 0.614 0. -117.546 0.614 0.789 0. 93.977 0. 0. -1. 0.
-0.797 0.604 0. -119.006 0.604 0.797 0. 95.037 0. 0. -1. 0.
-0.808 0.590 0. -120.620 0.590 0.808 0. 96.073 0. 0. -1. 0.
-0.814 0.581 0. -122.072 0.581 0.814 0. 97.373 0. 0. -1. 0.
-0.818 0.575 0. -123.623 0.575 0.818 0. 98.501 0. 0. -1. 0.
-0.822 0.570 0. -125.223 0.570 0.822 0. 99.574 0. 0. -1. 0.
-0.820 0.572 0. -126.864 0.572 0.820 0. 100.572 0. 0. -1. 0.
-0.820 0.572 0. -128.488 0.572 0.820 0. 101.699 0. 0. -1. 0.
-0.814 0.580 0. -130.053 0.580 0.814 0. 102.905 0. 0. -1. 0.
-0.814 0.581 0. -131.699 0.581 0.814 0. 103.954 0. 0. -1. 0.
-0.812 0.584 0. -133.343 0.584 0.812 0. 105.274 0. 0. -1. 0.
-0.809 0.587 0. -134.926 0.587 0.809 0. 106.479 0. 0. -1. 0.
-0.801 0.599 0. -136.586 0.599 0.801 0. 107.780 0. 0. -1. 0.
-0.798 0.603 0. -138.326 0.603 0.798 0. 108.913 0. 0. -1. 0.
-0.798 0.603 0. -140.012 0.603 0.798 0. 110.347 0. 0. -1. 0.
-0.800 0.601 0. -141.720 0.601 0.800 0. 111.541 0. 0. -1. 0.
-0.795 0.607 0. -143.465 0.607 0.795 0. 112.969 0. 0. -1. 0.
-0.793 0.609 0. -145.177 0.609 0.793 0. 114.291 0. 0. -1. 0.
-0.791 0.612 0. -147.003 0.612 0.791 0. 115.728 0. 0. -1. 0.
-0.789 0.614 0. -148.739 0.614 0.789 0. 117.196 0. 0. -1. 0.
-0.785 0.620 0. -150.557 0.620 0.785 0. 118.591 0. 0. -1. 0.
-0.782 0.623 0. -152.240 0.623 0.782 0. 120.240 0. 0. -1. 0.
-0.781 0.625 0. -154.113 0.625 0.781 0. 121.555 0. 0. -1. 0.
-0.778 0.628 0. -155.858 0.628 0.778 0. 123.332 0. 0. -1. 0.
-0.778 0.629 0. -157.498 0.629 0.778 0. 124.892 0. 0. -1. 0.
-0.774 0.633 0. -159.365 0.633 0.774 0. 126.242 0. 0. -1. 0.
-0.773 0.634 0. -161.054 0.634 0.773 0. 127.803 0. 0. -1. 0.
-0.772 0.636 0. -162.753 0.636 0.772 0. 129.323 0. 0. -1. 0.
-0.765 0.644 0. -164.637 0.644 0.765 0. 130.729 0. 0. -1. 0.
-0.768 0.640 0. -166.283 0.640 0.768 0. 132.223 0. 0. -1. 0.
-0.764 0.645 0. -168.060 0.645 0.764 0. 133.690 0. 0. -1. 0.
-0.761 0.649 0. -169.686 0.649 0.761 0. 135.218 0. 0. -1. 0.
-0.753 0.658 0. -171.396 0.658 0.753 0. 136.653 0. 0. -1. 0.
-0.745 0.667 0. -173.075 0.667 0.745 0. 138.265 0. 0. -1. 0.
-0.723 0.691 0. -174.780 0.691 0.723 0. 139.802 0. 0. -1. 0.
-0.699 0.715 0. -176.231 0.715 0.699 0. 141.543 0. 0. -1. 0.
-0.671 0.742 0. -177.785 0.742 0.671 0. 143.229 0. 0. -1. 0.
-0.653 0.757 0. -179.167 0.757 0.653 0. 144.994 0. 0. -1. 0.
-0.626 0.779 0. -180.731 0.779 0.626 0. 146.706 0. 0. -1. 0.
-0.601 0.799 0. -182.102 0.799 0.601 0. 148.613 0. 0. -1. 0.
-0.568 0.823 0. -183.353 0.823 0.568 0. 150.555 0. 0. -1. 0.
-0.531 0.847 0. -184.594 0.847 0.531 0. 152.509 0. 0. -1. 0.
-0.493 0.870 0. -185.671 0.870 0.493 0. 154.572 0. 0. -1. 0.
-0.452 0.892 0. -186.742 0.892 0.452 0. 156.659 0. 0. -1. 0.
-0.414 0.910 0. -187.644 0.910 0.414 0. 158.739 0. 0. -1. 0.
-0.378 0.926 0. -188.612 0.926 0.378 0. 160.919 0. 0. -1. 0.
-0.339 0.941 0. -189.453 0.941 0.339 0. 163.088 0. 0. -1. 0.
-0.309 0.951 0. -190.024 0.951 0.309 0. 165.336 0. 0. -1. 0.
-0.287 0.958 0. -190.530 0.958 0.287 0. 167.606 0. 0. -1. 0.
-0.276 0.961 0. -191.180 0.961 0.276 0. 169.794 0. 0. -1. 0.
-0.265 0.964 0. -191.758 0.964 0.265 0. 172.022 0. 0. -1. 0.
-0.259 0.966 0. -192.203 0.966 0.259 0. 174.243 0. 0. -1. 0.
-0.252 0.968 0. -192.777 0.968 0.252 0. 176.480 0. 0. -1. 0.
-0.241 0.971 0. -193.427 0.971 0.241 0. 178.609 0. 0. -1. 0.
-0.230 0.973 0. -193.892 0.973 0.230 0. 180.833 0. 0. -1. 0.
-0.225 0.974 0. -194.291 0.974 0.225 0. 183.007 0. 0. -1. 0.
-0.223 0.975 0. -194.776 0.975 0.223 0. 185.179 0. 0. -1. 0.
-0.225 0.974 0. -195.098 0.974 0.225 0. 187.358 0. 0. -1. 0.
-0.238 0.971 0. -195.541 0.971 0.238 0. 189.454 0. 0. -1. 0.
-0.261 0.965 0. -196.367 0.965 0.261 0. 191.458 0. 0. -1. 0.
-0.291 0.957 0. -196.780 0.957 0.291 0. 193.551 0. 0. -1. 0.
-0.330 0.944 0. -197.280 0.944 0.330 0. 195.685 0. 0. -1. 0.
-0.373 0.928 0. -198.193 0.928 0.373 0. 197.647 0. 0. -1. 0.
-0.430 0.903 0. -198.963 0.903 0.430 0. 199.632 0. 0. -1. 0.
-0.487 0.874 0. -200.012 0.874 0.487 0. 201.499 0. 0. -1. 0.
-0.541 0.841 0. -201.265 0.841 0.541 0. 203.347 0. 0. -1. 0.
-0.599 0.801 0. -202.211 0.801 0.599 0. 205.106 0. 0. -1. 0.
-0.657 0.754 0. -203.650 0.754 0.657 0. 206.840 0. 0. -1. 0.
-0.715 0.699 0. -205.093 0.699 0.715 0. 208.254 0. 0. -1. 0.
-0.772 0.635 0. -206.677 0.635 0.772 0. 209.674 0. 0. -1. 0.
-0.824 0.567 0. -208.508 0.567 0.824 0. 210.854 0. 0. -1. 0.
-0.866 0.500 0. -210.333 0.500 0.866 0. 211.839 0. 0. -1. 0.
-0.900 0.435 0. -212.182 0.435 0.900 0. 212.781 0. 0. -1. 0.
-0.927 0.376 0. -214.153 0.376 0.927 0. 213.560 0. 0. -1. 0.
-0.947 0.323 0. -216.089 0.323 0.947 0. 214.336 0. 0. -1. 0.
-0.965 0.263 0. -218.049 0.263 0.965 0. 214.866 0. 0. -1. 0.
-0.977 0.215 0. -220.079 0.215 0.977 0. 215.388 0. 0. -1. 0.
-0.983 0.182 0. -222.136 0.182 0.983 0. 215.930 0. 0. -1. 0.
-0.987 0.162 0. -224.278 0.162 0.987 0. 216.332 0. 0. -1. 0.
-0.988 0.152 0. -226.407 0.152 0.988 0. 216.672 0. 0. -1. 0.
-0.989 0.145 0. -228.569 0.145 0.989 0. 217.015 0. 0. -1. 0.
-0.990 0.138 0. -230.683 0.138 0.990 0. 217.315 0. 0. -1. 0.
-0.992 0.124 0. -232.856 0.124 0.992 0. 217.615 0. 0. -1. 0.
-0.994 0.114 0. -235.104 0.114 0.994 0. 217.843 0. 0. -1. 0.
-0.995 0.104 0. -237.244 0.104 0.995 0. 218.170 0. 0. -1. 0.
-0.995 0.100 0. -239.514 0.100 0.995 0. 218.392 0. 0. -1. 0.
-0.994 0.106 0. -241.640 0.106 0.994 0. 218.662 0. 0. -1. 0.
-0.993 0.117 0. -243.823 0.117 0.993 0. 218.934 0. 0. -1. 0.
-0.992 0.129 0. -246.042 0.129 0.992 0. 219.266 0. 0. -1. 0.
-0.989 0.145 0. -248.183 0.145 0.989 0. 219.672 0. 0. -1. 0.
-0.989 0.150 0. -250.391 0.150 0.989 0. 220.123 0. 0. -1. 0.
-0.988 0.156 0. -252.642 0.156 0.988 0. 220.384 0. 0. -1. 0.
-0.987 0.158 0. -254.802 0.158 0.987 0. 220.701 0. 0. -1. 0.
-0.986 0.167 0. -257.114 0.167 0.986 0. 221.050 0. 0. -1. 0.
-0.985 0.174 0. -259.339 0.174 0.985 0. 221.408 0. 0. -1. 0.
-0.984 0.180 0. -261.489 0.180 0.984 0. 221.896 0. 0. -1. 0.
-0.981 0.193 0. -263.564 0.193 0.981 0. 222.365 0. 0. -1. 0.
-0.979 0.205 0. -265.612 0.205 0.979 0. 222.866 0. 0. -1. 0.
-0.977 0.215 0. -267.684 0.215 0.977 0. 223.365 0. 0. -1. 0.
-0.974 0.227 0. -269.661 0.227 0.974 0. 223.803 0. 0. -1. 0.
-0.971 0.239 0. -271.612 0.239 0.971 0. 224.287 0. 0. -1. 0.
-0.965 0.261 0. -273.419 0.261 0.965 0. 224.911 0. 0. -1. 0.
-0.960 0.279 0. -275.221 0.279 0.960 0. 225.333 0. 0. -1. 0.
-0.954 0.300 0. -276.869 0.300 0.954 0. 225.868 0. 0. -1. 0.
-0.947 0.321 0. -278.431 0.321 0.947 0. 226.543 0. 0. -1. 0.
-0.941 0.338 0. -279.888 0.338 0.941 0. 227.083 0. 0. -1. 0.
-0.934 0.357 0. -281.308 0.357 0.934 0. 227.595 0. 0. -1. 0.
-0.930 0.368 0. -282.473 0.368 0.930 0. 228.082 0. 0. -1. 0.
-0.926 0.376 0. -283.608 0.376 0.926 0. 228.655 0. 0. -1. 0.
-0.923 0.384 0. -284.720 0.384 0.923 0. 229.076 0. 0. -1. 0.
-0.920 0.393 0. -285.579 0.393 0.920 0. 229.417 0. 0. -1. 0.
-0.915 0.404 0. -286.418 0.404 0.915 0. 229.790 0. 0. -1. 0.
-0.913 0.409 0. -287.147 0.409 0.913 0. 230.213 0. 0. -1. 0.
-0.906 0.424 0. -287.859 0.424 0.906 0. 230.583 0. 0. -1. 0.
-0.902 0.432 0. -288.399 0.432 0.902 0. 230.819 0. 0. -1. 0.
-0.897 0.443 0. -288.989 0.443 0.897 0. 231.135 0. 0. -1. 0.
-0.893 0.451 0. -289.393 0.451 0.893 0. 231.347 0. 0. -1. 0.
-0.888 0.460 0. -289.921 0.460 0.888 0. 231.691 0. 0. -1. 0.
-0.885 0.466 0. -290.291 0.466 0.885 0. 231.820 0. 0. -1. 0.
-0.880 0.475 0. -290.833 0.475 0.880 0. 232.155 0. 0. -1. 0.
-0.875 0.484 0. -291.330 0.484 0.875 0. 232.449 0. 0. -1. 0.
-0.868 0.497 0. -291.705 0.497 0.868 0. 232.816 0. 0. -1. 0.
-0.852 0.523 0. -292.324 0.523 0.852 0. 233.022 0. 0. -1. 0.
-0.835 0.550 0. -292.840 0.550 0.835 0. 233.311 0. 0. -1. 0.
-0.813 0.582 0. -293.507 0.582 0.813 0. 233.748 0. 0. -1. 0.
-0.787 0.617 0. -294.133 0.617 0.787 0. 234.286 0. 0. -1. 0.
-0.741 0.671 0. -294.841 0.671 0.741 0. 234.953 0. 0. -1. 0.
-0.683 0.731 0. -295.188 0.731 0.683 0. 235.552 0. 0. -1. 0.
-0.614 0.789 0. -295.830 0.789 0.614 0. 236.265 0. 0. -1. 0.
-0.541 0.841 0. -296.169 0.841 0.541 0. 237.208 0. 0. -1. 0.
-0.461 0.887 0. -296.628 0.887 0.461 0. 238.208 0. 0. -1. 0.
-0.374 0.927 0. -297.033 0.927 0.374 0. 239.203 0. 0. -1. 0.
-0.286 0.958 0. -297.315 0.958 0.286 0. 240.309 0. 0. -1. 0.
-0.202 0.979 0. -297.496 0.979 0.202 0. 241.503 0. 0. -1. 0.
-0.149 0.989 0. -297.642 0.989 0.149 0. 242.899 0. 0. -1. 0.
-0.099 0.995 0. -297.900 0.995 0.099 0. 244.499 0. 0. -1. 0.
-0.044 0.999 0. -297.905 0.999 0.044 0. 246.107 0. 0. -1. 0.
0.005 1. 0. -297.836 1. -0.005 -0. 247.892 0. 0. -1. 0.
0.049 0.999 0. -297.743 0.999 -0.049 -0. 249.810 0. 0. -1. 0.
0.084 0.997 0. -297.537 0.997 -0.084 -0. 251.832 0. 0. -1. 0.
0.103 0.995 0. -297.253 0.995 -0.103 -0. 253.977 0. 0. -1. 0.
0.117 0.993 0. -296.985 0.993 -0.117 -0. 256.291 0. 0. -1. 0.
0.119 0.993 0. -296.640 0.993 -0.119 -0. 258.552 0. 0. -1. 0.
0.114 0.993 0. -296.355 0.993 -0.114 -0. 261.026 0. 0. -1. 0.
0.109 0.994 0. -295.951 0.994 -0.109 -0. 263.540 0. 0. -1. 0.
0.111 0.994 0. -295.588 0.994 -0.111 -0. 266.087 0. 0. -1. 0.
0.120 0.993 0. -295.383 0.993 -0.120 -0. 268.639 0. 0. -1. 0.
0.115 0.993 0. -295.086 0.993 -0.115 -0. 271.363 0. 0. -1. 0.
0.116 0.993 0. -294.556 0.993 -0.116 -0. 274.141 0. 0. -1. 0.
0.123 0.992 0. -294.257 0.992 -0.123 -0. 276.955 0. 0. -1. 0.
0.120 0.993 0. -293.884 0.993 -0.120 -0. 279.859 0. 0. -1. 0.
0.122 0.993 0. -293.475 0.993 -0.122 -0. 282.887 0. 0. -1. 0.
0.124 0.992 0. -293.015 0.992 -0.124 -0. 285.993 0. 0. -1. 0.
0.123 0.992 0. -292.532 0.992 -0.123 -0. 289.103 0. 0. -1. 0.
0.123 0.992 0. -292.100 0.992 -0.123 -0. 292.320 0. 0. -1. 0.
0.125 0.992 0. -291.583 0.992 -0.125 -0. 295.579 0. 0. -1. 0.
0.132 0.991 0. -291.110 0.991 -0.132 -0. 298.925 0. 0. -1. 0.
0.130 0.992 0. -290.618 0.992 -0.130 -0. 302.311 0. 0. -1. 0.
0.128 0.992 0. -290.039 0.992 -0.128 -0. 305.776 0. 0. -1. 0.
0.137 0.991 0. -289.554 0.991 -0.137 -0. 309.183 0. 0. -1. 0.
0.137 0.991 0. -288.947 0.991 -0.137 -0. 312.603 0. 0. -1. 0.
0.137 0.991 0. -288.448 0.991 -0.137 -0. 316.207 0. 0. -1. 0.
0.143 0.990 0. -287.962 0.990 -0.143 -0. 319.739 0. 0. -1. 0.
0.142 0.990 0. -287.384 0.990 -0.142 -0. 323.302 0. 0. -1. 0.
0.137 0.991 0. -286.689 0.991 -0.137 -0. 326.977 0. 0. -1. 0.
0.137 0.991 0. -286.071 0.991 -0.137 -0. 330.550 0. 0. -1. 0.
0.139 0.990 0. -285.624 0.990 -0.139 -0. 334.293 0. 0. -1. 0.
0.139 0.990 0. -284.929 0.990 -0.139 -0. 337.906 0. 0. -1. 0.
0.137 0.991 0. -284.454 0.991 -0.137 -0. 341.642 0. 0. -1. 0.
0.129 0.992 0. -283.806 0.992 -0.129 -0. 345.313 0. 0. -1. 0.
0.131 0.991 0. -283.275 0.991 -0.131 -0. 349.031 0. 0. -1. 0.
0.132 0.991 0. -282.612 0.991 -0.132 -0. 352.789 0. 0. -1. 0.
0.139 0.990 0. -282.134 0.990 -0.139 -0. 356.514 0. 0. -1. 0.
0.142 0.990 0. -281.480 0.990 -0.142 -0. 360.230 0. 0. -1. 0.
0.142 0.990 0. -280.917 0.990 -0.142 -0. 364.036 0. 0. -1. 0.
0.140 0.990 0. -280.208 0.990 -0.140 -0. 367.801 0. 0. -1. 0.
0.138 0.990 0. -279.690 0.990 -0.138 -0. 371.567 0. 0. -1. 0.
0.135 0.991 0. -279.003 0.991 -0.135 -0. 375.343 0. 0. -1. 0.
0.134 0.991 0. -278.426 0.991 -0.134 -0. 379.197 0. 0. -1. 0.
0.135 0.991 0. -277.769 0.991 -0.135 -0. 383.016 0. 0. -1. 0.
0.135 0.991 0. -277.375 0.991 -0.135 -0. 386.882 0. 0. -1. 0.
0.137 0.991 0. -276.792 0.991 -0.137 -0. 390.677 0. 0. -1. 0.
0.140 0.990 0. -276.210 0.990 -0.140 -0. 394.541 0. 0. -1. 0.
0.142 0.990 0. -275.558 0.990 -0.142 -0. 398.335 0. 0. -1. 0.
0.141 0.990 0. -274.940 0.990 -0.141 -0. 402.181 0. 0. -1. 0.
0.136 0.991 0. -274.312 0.991 -0.136 -0. 405.953 0. 0. -1. 0.
0.132 0.991 0. -273.693 0.991 -0.132 -0. 409.724 0. 0. -1. 0.
0.132 0.991 0. -273.225 0.991 -0.132 -0. 413.478 0. 0. -1. 0.
0.129 0.992 0. -272.658 0.992 -0.129 -0. 417.330 0. 0. -1. 0.
0.134 0.991 0. -272.048 0.991 -0.134 -0. 421.062 0. 0. -1. 0.
0.135 0.991 0. -271.432 0.991 -0.135 -0. 424.770 0. 0. -1. 0.
0.137 0.991 0. -270.894 0.991 -0.137 -0. 428.586 0. 0. -1. 0.
0.136 0.991 0. -270.463 0.991 -0.136 -0. 432.377 0. 0. -1. 0.
0.137 0.991 0. -269.855 0.991 -0.137 -0. 436.149 0. 0. -1. 0.
0.136 0.991 0. -269.221 0.991 -0.136 -0. 439.895 0. 0. -1. 0.
0.134 0.991 0. -268.670 0.991 -0.134 -0. 443.690 0. 0. -1. 0.
0.133 0.991 0. -268.011 0.991 -0.133 -0. 447.462 0. 0. -1. 0.
0.134 0.991 0. -267.428 0.991 -0.134 -0. 451.178 0. 0. -1. 0.
0.131 0.991 0. -266.777 0.991 -0.131 -0. 454.906 0. 0. -1. 0.
0.131 0.991 0. -266.336 0.991 -0.131 -0. 458.694 0. 0. -1. 0.
0.135 0.991 0. -265.804 0.991 -0.135 -0. 462.332 0. 0. -1. 0.
0.133 0.991 0. -265.187 0.991 -0.133 -0. 465.985 0. 0. -1. 0.
0.138 0.990 0. -264.631 0.990 -0.138 -0. 469.607 0. 0. -1. 0.
0.135 0.991 0. -264.098 0.991 -0.135 -0. 473.272 0. 0. -1. 0.
0.130 0.991 0. -263.614 0.991 -0.130 -0. 476.879 0. 0. -1. 0.
0.138 0.990 0. -263.076 0.990 -0.138 -0. 480.400 0. 0. -1. 0.
0.134 0.991 0. -262.522 0.991 -0.134 -0. 483.965 0. 0. -1. 0.
0.133 0.991 0. -262.071 0.991 -0.133 -0. 487.498 0. 0. -1. 0.
0.131 0.991 0. -261.575 0.991 -0.131 -0. 490.985 0. 0. -1. 0.
0.129 0.992 0. -260.983 0.992 -0.129 -0. 494.453 0. 0. -1. 0.
0.133 0.991 0. -260.499 0.991 -0.133 -0. 497.858 0. 0. -1. 0.
0.131 0.991 0. -260.003 0.991 -0.131 -0. 501.264 0. 0. -1. 0.
0.132 0.991 0. -259.559 0.991 -0.132 -0. 504.693 0. 0. -1. 0.
0.131 0.991 0. -259.065 0.991 -0.131 -0. 508.084 0. 0. -1. 0.
0.131 0.991 0. -258.546 0.991 -0.131 -0. 511.455 0. 0. -1. 0.
0.125 0.992 0. -258.066 0.992 -0.125 -0. 514.812 0. 0. -1. 0.
0.123 0.992 0. -257.613 0.992 -0.123 -0. 518.119 0. 0. -1. 0.
0.129 0.992 0. -257.150 0.992 -0.129 -0. 521.408 0. 0. -1. 0.
0.120 0.993 0. -256.633 0.993 -0.120 -0. 524.658 0. 0. -1. 0.
0.118 0.993 0. -256.246 0.993 -0.118 -0. 527.976 0. 0. -1. 0.
0.124 0.992 0. -255.843 0.992 -0.124 -0. 531.142 0. 0. -1. 0.
0.115 0.993 0. -255.443 0.993 -0.115 -0. 534.341 0. 0. -1. 0.
0.104 0.995 0. -254.958 0.995 -0.104 -0. 537.467 0. 0. -1. 0.
0.101 0.995 0. -254.613 0.995 -0.101 -0. 540.583 0. 0. -1. 0.
0.096 0.995 0. -254.245 0.995 -0.096 -0. 543.479 0. 0. -1. 0.
0.083 0.997 0. -254.055 0.997 -0.083 -0. 546.355 0. 0. -1. 0.
0.070 0.998 0. -253.743 0.998 -0.070 -0. 549.240 0. 0. -1. 0.
0.066 0.998 0. -253.566 0.998 -0.066 -0. 551.894 0. 0. -1. 0.
0.052 0.999 0. -253.289 0.999 -0.052 -0. 554.478 0. 0. -1. 0.
0.053 0.999 0. -253.173 0.999 -0.053 -0. 557.086 0. 0. -1. 0.
0.039 0.999 0. -252.994 0.999 -0.039 -0. 559.509 0. 0. -1. 0.
0.030 1.000 0. -252.882 1.000 -0.030 -0. 561.998 0. 0. -1. 0.
0.025 1.000 0. -252.880 1.000 -0.025 -0. 564.092 0. 0. -1. 0.
0.020 1.000 0. -252.786 1.000 -0.020 -0. 566.226 0. 0. -1. 0.
0.016 1.000 0. -252.721 1.000 -0.016 -0. 568.223 0. 0. -1. 0.
0.011 1. 0. -252.672 1. -0.011 -0. 569.998 0. 0. -1. 0.
0.007 1. 0. -252.644 1. -0.007 -0. 571.657 0. 0. -1. 0.
0.011 1. 0. -252.569 1. -0.011 -0. 573.143 0. 0. -1. 0.
0.008 1. 0. -252.562 1. -0.008 -0. 574.477 0. 0. -1. 0.
0.006 1. 0. -252.499 1. -0.006 -0. 575.671 0. 0. -1. 0.
0.012 1. 0. -252.518 1. -0.012 -0. 576.661 0. 0. -1. 0.
0.012 1. 0. -252.499 1. -0.012 -0. 577.605 0. 0. -1. 0.
0.013 1. 0. -252.470 1. -0.013 -0. 578.495 0. 0. -1. 0.
0.021 1.000 0. -252.457 1.000 -0.021 -0. 579.285 0. 0. -1. 0.
0.022 1.000 0. -252.414 1.000 -0.022 -0. 579.971 0. 0. -1. 0.
0.019 1.000 0. -252.392 1.000 -0.019 -0. 580.524 0. 0. -1. 0.
0.018 1.000 0. -252.378 1.000 -0.018 -0. 580.974 0. 0. -1. 0.
0.019 1.000 0. -252.241 1.000 -0.019 -0. 581.287 0. 0. -1. 0.
0.019 1.000 0. -252.400 1.000 -0.019 -0. 581.386 0. 0. -1. 0.
