1634917014146399 1.00000 0.00000 0.00000 -0.00000 0.00000 -1.00000 0.00000 0.00000 0.00000 -0.00000 -1.00000 0.00000
1634917014396570 1.00000 -0.00061 0.00000 0.00138 -0.00061 -1.00000 0.00000 -0.00271 -0.00000 -0.00000 -1.00000 -0.00000
1634917014646483 1.00000 0.00041 -0.00000 -0.00117 0.00041 -1.00000 0.00000 -0.00259 0.00000 -0.00000 -1.00000 -0.00000
1634917014896327 1.00000 0.00023 -0.00000 -0.01040 0.00023 -1.00000 0.00000 -0.00364 0.00000 -0.00000 -1.00000 -0.00000
1634917015146486 1.00000 -0.00008 0.00000 -0.00104 -0.00008 -1.00000 0.00000 -0.00085 -0.00000 -0.00000 -1.00000 -0.00000
1634917015396433 1.00000 0.00013 0.00000 -0.00160 0.00013 -1.00000 0.00000 -0.00866 0.00000 -0.00000 -1.00000 -0.00000
1634917015646378 1.00000 0.00000 0.00000 -0.00286 0.00000 -1.00000 0.00000 -0.00255 0.00000 -0.00000 -1.00000 -0.00000
1634917015896403 1.00000 0.00017 -0.00000 -0.00471 0.00017 -1.00000 0.00000 -0.00331 0.00000 -0.00000 -1.00000 -0.00000
1634917016146075 1.00000 -0.00021 -0.00000 -0.00741 -0.00021 -1.00000 0.00000 -0.00062 -0.00000 -0.00000 -1.00000 -0.00000
1634917016395958 1.00000 -0.00040 0.00000 0.00201 -0.00040 -1.00000 0.00000 -0.00517 -0.00000 -0.00000 -1.00000 -0.00000
1634917016645915 1.00000 0.00009 0.00000 -0.00147 0.00009 -1.00000 0.00000 -0.00354 0.00000 -0.00000 -1.00000 -0.00000
1634917016896122 1.00000 0.00008 -0.00000 -0.00179 0.00008 -1.00000 0.00000 -0.00579 0.00000 -0.00000 -1.00000 -0.00000
1634917017146065 1.00000 0.00003 0.00000 -0.00171 0.00003 -1.00000 0.00000 -0.00462 0.00000 -0.00000 -1.00000 -0.00000
1634917017395886 1.00000 -0.00008 0.00000 -0.00050 -0.00008 -1.00000 0.00000 -0.00343 -0.00000 -0.00000 -1.00000 -0.00000
1634917017645956 1.00000 0.00013 0.00000 -0.00005 0.00013 -1.00000 0.00000 0.00082 0.00000 -0.00000 -1.00000 0.00000
1634917017895875 1.00000 -0.00002 -0.00000 -0.00692 -0.00002 -1.00000 0.00000 -0.00326 -0.00000 -0.00000 -1.00000 -0.00000
1634917018145580 1.00000 -0.00052 0.00000 -0.00281 -0.00052 -1.00000 0.00000 0.00239 -0.00000 -0.00000 -1.00000 0.00000
1634917018395363 1.00000 -0.00057 0.00000 -0.00089 -0.00057 -1.00000 0.00000 0.00329 -0.00000 -0.00000 -1.00000 0.00000
1634917018645370 1.00000 -0.00039 0.00000 -0.00600 -0.00039 -1.00000 0.00000 -0.00217 -0.00000 -0.00000 -1.00000 -0.00000
1634917018895083 1.00000 -0.00087 0.00000 -0.00243 -0.00087 -1.00000 0.00000 -0.00341 -0.00000 -0.00000 -1.00000 -0.00000
1634917019144826 1.00000 -0.00101 0.00000 0.00401 -0.00101 -1.00000 0.00000 -0.00070 -0.00000 -0.00000 -1.00000 -0.00000
1634917019394665 1.00000 -0.00061 0.00000 -0.00017 -0.00061 -1.00000 0.00000 0.00373 -0.00000 -0.00000 -1.00000 0.00000
1634917019644851 1.00000 -0.00048 0.00000 -0.00578 -0.00048 -1.00000 0.00000 0.00320 -0.00000 -0.00000 -1.00000 0.00000
1634917019894903 1.00000 -0.00092 -0.00000 -0.00212 -0.00092 -1.00000 0.00000 0.00471 -0.00000 -0.00000 -1.00000 0.00000
1634917020144716 1.00000 -0.00078 0.00000 -0.00082 -0.00078 -1.00000 0.00000 -0.00263 -0.00000 -0.00000 -1.00000 -0.00000
1634917020394687 1.00000 -0.00117 0.00000 -0.00078 -0.00117 -1.00000 0.00000 0.00048 -0.00000 -0.00000 -1.00000 0.00000
1634917020644592 1.00000 -0.00124 0.00000 -0.00807 -0.00124 -1.00000 0.00000 -0.00553 -0.00000 -0.00000 -1.00000 -0.00000
1634917020894552 0.99999 -0.00418 0.00000 -0.03262 -0.00418 -0.99999 0.00000 -0.00241 -0.00000 -0.00000 -1.00000 -0.00000
1634917021144403 0.99997 -0.00798 0.00000 -0.04983 -0.00798 -0.99997 0.00000 -0.01432 -0.00000 -0.00000 -1.00000 -0.00000
1634917021394164 0.99996 -0.00906 -0.00000 -0.10625 -0.00906 -0.99996 0.00000 -0.00348 -0.00000 -0.00000 -1.00000 -0.00000
1634917021644268 0.99990 -0.01394 0.00000 -0.16073 -0.01394 -0.99990 0.00000 0.00197 -0.00000 -0.00000 -1.00000 0.00000
1634917021894376 0.99981 -0.01962 0.00000 -0.19266 -0.01962 -0.99981 0.00000 0.00616 -0.00000 -0.00000 -1.00000 0.00000
1634917022144397 0.99966 -0.02590 -0.00000 -0.25739 -0.02590 -0.99966 0.00000 -0.02786 -0.00000 -0.00000 -1.00000 -0.00000
1634917022394423 0.99947 -0.03245 0.00000 -0.34790 -0.03245 -0.99947 0.00000 -0.03829 -0.00000 -0.00000 -1.00000 -0.00000
1634917022644319 0.99912 -0.04199 0.00000 -0.45502 -0.04199 -0.99912 0.00000 -0.06166 -0.00000 -0.00000 -1.00000 -0.00000
1634917022893804 0.99867 -0.05156 0.00000 -0.50261 -0.05156 -0.99867 0.00000 -0.09644 -0.00000 -0.00000 -1.00000 -0.00000
1634917023143846 0.99817 -0.06044 0.00000 -0.64367 -0.06044 -0.99817 0.00000 -0.05234 -0.00000 -0.00000 -1.00000 -0.00000
1634917023393641 0.99736 -0.07265 0.00000 -0.74027 -0.07265 -0.99736 0.00000 -0.07429 -0.00000 -0.00000 -1.00000 -0.00000
1634917023643539 0.99544 -0.09537 -0.00000 -1.03244 -0.09537 -0.99544 0.00000 -0.05661 -0.00000 -0.00000 -1.00000 -0.00000
1634917023893435 0.99264 -0.12107 0.00000 -1.28406 -0.12107 -0.99264 0.00000 -0.03631 -0.00000 -0.00000 -1.00000 -0.00000
1634917024143192 0.98861 -0.15052 0.00000 -1.65491 -0.15052 -0.98861 0.00000 0.00478 -0.00000 -0.00000 -1.00000 0.00000
1634917024393064 0.98418 -0.17718 0.00000 -2.04226 -0.17718 -0.98418 0.00000 0.00597 -0.00000 -0.00000 -1.00000 0.00000
1634917024642901 0.97890 -0.20432 0.00000 -2.51532 -0.20432 -0.97890 0.00000 0.02559 -0.00000 -0.00000 -1.00000 0.00000
1634917024892478 0.97434 -0.22507 0.00000 -3.06041 -0.22507 -0.97434 0.00000 0.03192 -0.00000 -0.00000 -1.00000 0.00000
1634917025141892 0.97030 -0.24191 0.00000 -3.77705 -0.24191 -0.97030 0.00000 0.06882 -0.00000 -0.00000 -1.00000 0.00000
1634917025391536 0.96637 -0.25715 0.00000 -4.57009 -0.25715 -0.96637 0.00000 0.12656 -0.00000 -0.00000 -1.00000 0.00000
1634917025641293 0.96462 -0.26364 -0.00000 -5.43390 -0.26364 -0.96462 0.00000 0.15706 -0.00000 -0.00000 -1.00000 0.00000
1634917025891156 0.96333 -0.26831 0.00000 -6.40469 -0.26831 -0.96333 0.00000 0.12477 -0.00000 -0.00000 -1.00000 0.00000
1634917026140943 0.96250 -0.27129 0.00000 -7.45622 -0.27129 -0.96250 0.00000 0.14749 -0.00000 -0.00000 -1.00000 0.00000
1634917026390729 0.96423 -0.26508 0.00000 -8.63138 -0.26508 -0.96423 0.00000 0.05659 -0.00000 -0.00000 -1.00000 0.00000
1634917026640635 0.96744 -0.25310 -0.00000 -9.90457 -0.25310 -0.96744 0.00000 -0.06000 -0.00000 -0.00000 -1.00000 -0.00000
1634917026890913 0.97041 -0.24145 0.00000 -11.25638 -0.24145 -0.97041 0.00000 -0.22078 -0.00000 -0.00000 -1.00000 -0.00000
1634917027140701 0.97259 -0.23251 -0.00000 -12.58611 -0.23251 -0.97259 0.00000 -0.35991 -0.00000 -0.00000 -1.00000 -0.00000
1634917027390873 0.97497 -0.22235 -0.00000 -14.08850 -0.22235 -0.97497 0.00000 -0.50384 -0.00000 -0.00000 -1.00000 -0.00000
1634917027640815 0.97849 -0.20631 0.00000 -15.55218 -0.20631 -0.97849 0.00000 -0.75624 -0.00000 -0.00000 -1.00000 -0.00000
1634917027890475 0.98157 -0.19111 0.00000 -17.19302 -0.19111 -0.98157 0.00000 -0.95265 -0.00000 -0.00000 -1.00000 -0.00000
1634917028140120 0.98453 -0.17520 0.00000 -18.85059 -0.17520 -0.98453 0.00000 -1.24128 -0.00000 -0.00000 -1.00000 -0.00000
1634917028390399 0.98766 -0.15663 0.00000 -20.61820 -0.15663 -0.98766 0.00000 -1.64320 -0.00000 -0.00000 -1.00000 -0.00000
1634917028639847 0.99016 -0.13993 0.00000 -22.56353 -0.13993 -0.99016 0.00000 -1.97910 -0.00000 -0.00000 -1.00000 -0.00000
1634917028890095 0.99256 -0.12177 0.00000 -24.50080 -0.12177 -0.99256 0.00000 -2.50894 -0.00000 -0.00000 -1.00000 -0.00000
1634917029139864 0.99432 -0.10640 -0.00000 -26.55756 -0.10640 -0.99432 0.00000 -2.90794 -0.00000 -0.00000 -1.00000 -0.00000
1634917029389972 0.99577 -0.09193 0.00000 -28.67684 -0.09193 -0.99577 0.00000 -3.31775 -0.00000 -0.00000 -1.00000 -0.00000
1634917029640101 0.99702 -0.07717 0.00000 -30.81689 -0.07717 -0.99702 0.00000 -3.83665 -0.00000 -0.00000 -1.00000 -0.00000
1634917029890089 0.99809 -0.06185 0.00000 -32.89425 -0.06185 -0.99809 0.00000 -4.36504 -0.00000 -0.00000 -1.00000 -0.00000
1634917030140748 0.99906 -0.04329 0.00000 -34.93192 -0.04329 -0.99906 0.00000 -5.00970 -0.00000 -0.00000 -1.00000 -0.00000
1634917030390763 0.99965 -0.02637 -0.00000 -37.04662 -0.02637 -0.99965 0.00000 -5.61578 -0.00000 -0.00000 -1.00000 -0.00000
1634917030640611 0.99983 -0.01842 0.00000 -39.14408 -0.01842 -0.99983 0.00000 -6.04130 -0.00000 -0.00000 -1.00000 -0.00000
1634917030890470 0.99985 -0.01748 0.00000 -41.18882 -0.01748 -0.99985 0.00000 -6.05387 -0.00000 -0.00000 -1.00000 -0.00000
1634917031140803 0.99973 -0.02338 0.00000 -43.40026 -0.02338 -0.99973 0.00000 -5.84197 -0.00000 -0.00000 -1.00000 -0.00000
1634917031390990 0.99975 -0.02251 -0.00000 -45.35251 -0.02251 -0.99975 0.00000 -5.89066 -0.00000 -0.00000 -1.00000 -0.00000
1634917031640662 0.99975 -0.02255 -0.00000 -47.37284 -0.02255 -0.99975 0.00000 -5.82485 -0.00000 -0.00000 -1.00000 -0.00000
1634917031891102 0.99964 -0.02695 0.00000 -49.43724 -0.02695 -0.99964 0.00000 -5.72455 -0.00000 -0.00000 -1.00000 -0.00000
1634917032140914 0.99943 -0.03388 0.00000 -51.49590 -0.03388 -0.99943 0.00000 -5.42194 -0.00000 -0.00000 -1.00000 -0.00000
1634917032390948 0.99928 -0.03782 0.00000 -53.65496 -0.03782 -0.99928 0.00000 -5.29914 -0.00000 -0.00000 -1.00000 -0.00000
1634917032640793 0.99940 -0.03463 0.00000 -55.76817 -0.03463 -0.99940 0.00000 -5.45892 -0.00000 -0.00000 -1.00000 -0.00000
1634917032890840 0.99959 -0.02864 -0.00000 -57.97078 -0.02864 -0.99959 0.00000 -5.89298 -0.00000 -0.00000 -1.00000 -0.00000
1634917033140937 0.99981 -0.01952 0.00000 -60.14818 -0.01952 -0.99981 0.00000 -6.43132 -0.00000 -0.00000 -1.00000 -0.00000
1634917033390651 0.99981 -0.01937 0.00000 -62.43584 -0.01937 -0.99981 0.00000 -6.49692 -0.00000 -0.00000 -1.00000 -0.00000
1634917033641207 0.99978 -0.02087 0.00000 -64.77523 -0.02087 -0.99978 0.00000 -6.49072 -0.00000 -0.00000 -1.00000 -0.00000
1634917033891402 0.99978 -0.02092 0.00000 -67.06935 -0.02092 -0.99978 0.00000 -6.52094 -0.00000 -0.00000 -1.00000 -0.00000
1634917034141362 0.99965 -0.02643 0.00000 -69.43413 -0.02643 -0.99965 0.00000 -6.14849 -0.00000 -0.00000 -1.00000 -0.00000
1634917034390878 0.99951 -0.03117 0.00000 -71.72295 -0.03117 -0.99951 0.00000 -5.79678 -0.00000 -0.00000 -1.00000 -0.00000
1634917034640841 0.99925 -0.03872 0.00000 -74.09439 -0.03872 -0.99925 0.00000 -5.28940 -0.00000 -0.00000 -1.00000 -0.00000
1634917034890902 0.99912 -0.04194 0.00000 -76.42816 -0.04194 -0.99912 0.00000 -5.08772 -0.00000 -0.00000 -1.00000 -0.00000
1634917035140892 0.99880 -0.04892 0.00000 -78.79727 -0.04892 -0.99880 0.00000 -4.58664 -0.00000 -0.00000 -1.00000 -0.00000
1634917035391119 0.99860 -0.05291 -0.00000 -81.15009 -0.05291 -0.99860 0.00000 -4.27669 -0.00000 -0.00000 -1.00000 -0.00000
1634917035641393 0.99777 -0.06680 0.00000 -83.47626 -0.06680 -0.99777 0.00000 -3.08521 -0.00000 -0.00000 -1.00000 -0.00000
1634917035891886 0.99522 -0.09766 0.00000 -85.83897 -0.09766 -0.99522 0.00000 -0.60191 -0.00000 -0.00000 -1.00000 -0.00000
1634917036141763 0.99114 -0.13282 0.00000 -88.03528 -0.13282 -0.99114 0.00000 2.43471 -0.00000 -0.00000 -1.00000 0.00000
1634917036391799 0.98606 -0.16638 -0.00000 -90.09620 -0.16638 -0.98606 0.00000 5.45753 -0.00000 -0.00000 -1.00000 0.00000
1634917036642096 0.97828 -0.20730 -0.00000 -92.04092 -0.20730 -0.97828 0.00000 9.19412 -0.00000 -0.00000 -1.00000 0.00000
1634917036892297 0.96542 -0.26070 0.00000 -93.58352 -0.26070 -0.96542 0.00000 14.22081 -0.00000 -0.00000 -1.00000 0.00000
1634917037142271 0.94955 -0.31361 0.00000 -94.80900 -0.31361 -0.94955 0.00000 19.38158 -0.00000 -0.00000 -1.00000 0.00000
1634917037392455 0.93112 -0.36472 0.00000 -95.70867 -0.36472 -0.93112 0.00000 24.48040 -0.00000 -0.00000 -1.00000 0.00000
1634917037642349 0.90831 -0.41830 0.00000 -96.25702 -0.41830 -0.90831 0.00000 30.04032 -0.00000 -0.00000 -1.00000 0.00000
1634917037892669 0.88121 -0.47273 -0.00000 -96.37863 -0.47273 -0.88121 0.00000 35.85527 -0.00000 -0.00000 -1.00000 0.00000
1634917038142537 0.84695 -0.53166 0.00000 -95.83555 -0.53166 -0.84695 0.00000 42.28173 -0.00000 -0.00000 -1.00000 0.00000
1634917038392659 0.80900 -0.58781 0.00000 -94.89368 -0.58781 -0.80900 0.00000 48.72095 -0.00000 -0.00000 -1.00000 0.00000
1634917038643033 0.76440 -0.64475 0.00000 -93.31878 -0.64475 -0.76440 0.00000 55.59414 -0.00000 -0.00000 -1.00000 0.00000
1634917038893119 0.71034 -0.70386 0.00000 -90.64430 -0.70386 -0.71034 0.00000 62.86946 -0.00000 -0.00000 -1.00000 0.00000
1634917039143045 0.65063 -0.75940 -0.00000 -87.27096 -0.75940 -0.65063 0.00000 69.99566 -0.00000 -0.00000 -1.00000 0.00000
1634917039393261 0.58764 -0.80912 0.00000 -83.38724 -0.80912 -0.58764 0.00000 76.73339 -0.00000 -0.00000 -1.00000 0.00000
1634917039643304 0.52138 -0.85333 0.00000 -79.01679 -0.85333 -0.52138 0.00000 83.09056 -0.00000 -0.00000 -1.00000 0.00000
1634917039892911 0.45665 -0.88965 0.00000 -74.68854 -0.88965 -0.45665 0.00000 88.75312 -0.00000 -0.00000 -1.00000 0.00000
1634917040143295 0.40248 -0.91543 0.00000 -71.31153 -0.91543 -0.40248 0.00000 92.93855 -0.00000 -0.00000 -1.00000 0.00000
1634917040392848 0.37006 -0.92901 0.00000 -70.01720 -0.92901 -0.37006 0.00000 95.44983 -0.00000 -0.00000 -1.00000 0.00000
1634917040642992 0.34901 -0.93712 0.00000 -69.92571 -0.93712 -0.34901 0.00000 96.97585 -0.00000 -0.00000 -1.00000 0.00000
1634917040892915 0.33474 -0.94231 0.00000 -70.50372 -0.94231 -0.33474 0.00000 98.10723 -0.00000 -0.00000 -1.00000 0.00000
1634917041142971 0.32363 -0.94618 0.00000 -71.44394 -0.94618 -0.32363 0.00000 98.95207 -0.00000 -0.00000 -1.00000 0.00000
1634917041393063 0.31869 -0.94786 0.00000 -72.96287 -0.94786 -0.31869 0.00000 99.25673 -0.00000 -0.00000 -1.00000 0.00000
1634917041643208 0.31754 -0.94825 -0.00000 -74.87769 -0.94825 -0.31754 0.00000 99.21948 -0.00000 -0.00000 -1.00000 0.00000
1634917041893115 0.31884 -0.94781 0.00000 -77.00645 -0.94781 -0.31884 0.00000 99.01715 -0.00000 -0.00000 -1.00000 0.00000
1634917042143414 0.32536 -0.94559 0.00000 -79.60557 -0.94559 -0.32536 0.00000 98.36507 -0.00000 -0.00000 -1.00000 0.00000
1634917042393228 0.33697 -0.94151 0.00000 -82.64581 -0.94151 -0.33697 0.00000 97.38480 -0.00000 -0.00000 -1.00000 0.00000
1634917042643356 0.35615 -0.93443 0.00000 -86.37863 -0.93443 -0.35615 0.00000 95.70423 -0.00000 -0.00000 -1.00000 0.00000
1634917042893740 0.37551 -0.92682 0.00000 -90.07835 -0.92682 -0.37551 0.00000 93.90692 -0.00000 -0.00000 -1.00000 0.00000
1634917043143553 0.39419 -0.91903 0.00000 -93.57024 -0.91903 -0.39419 0.00000 92.09254 -0.00000 -0.00000 -1.00000 0.00000
1634917043393915 0.41140 -0.91145 0.00000 -96.75489 -0.91145 -0.41140 0.00000 90.31740 -0.00000 -0.00000 -1.00000 0.00000
1634917043643968 0.42612 -0.90467 0.00000 -99.46053 -0.90467 -0.42612 0.00000 88.80215 -0.00000 -0.00000 -1.00000 0.00000
1634917043894073 0.43918 -0.89840 0.00000 -101.77735 -0.89840 -0.43918 0.00000 87.28523 -0.00000 -0.00000 -1.00000 0.00000
1634917044144493 0.44618 -0.89494 0.00000 -103.42975 -0.89494 -0.44618 0.00000 86.48253 -0.00000 -0.00000 -1.00000 0.00000
1634917044394891 0.45484 -0.89057 0.00000 -104.97679 -0.89057 -0.45484 0.00000 85.41945 -0.00000 -0.00000 -1.00000 0.00000
1634917044644845 0.46204 -0.88686 0.00000 -106.23894 -0.88686 -0.46204 0.00000 84.64387 -0.00000 -0.00000 -1.00000 0.00000
1634917044894845 0.46743 -0.88403 0.00000 -107.18208 -0.88403 -0.46743 0.00000 83.98796 -0.00000 -0.00000 -1.00000 0.00000
1634917045144942 0.47184 -0.88168 0.00000 -107.91872 -0.88168 -0.47184 0.00000 83.38699 -0.00000 -0.00000 -1.00000 0.00000
1634917045394581 0.47486 -0.88006 0.00000 -108.56689 -0.88006 -0.47486 0.00000 82.99267 -0.00000 -0.00000 -1.00000 0.00000
1634917045644654 0.47850 -0.87809 0.00000 -109.34385 -0.87809 -0.47850 0.00000 82.64343 -0.00000 -0.00000 -1.00000 0.00000
1634917045894907 0.48344 -0.87538 0.00000 -110.21274 -0.87538 -0.48344 0.00000 81.97522 -0.00000 -0.00000 -1.00000 0.00000
1634917046144665 0.48740 -0.87318 0.00000 -111.09181 -0.87318 -0.48740 0.00000 81.41191 -0.00000 -0.00000 -1.00000 0.00000
1634917046394823 0.49361 -0.86968 0.00000 -112.15904 -0.86968 -0.49361 0.00000 80.61299 -0.00000 -0.00000 -1.00000 0.00000
1634917046644479 0.50007 -0.86599 0.00000 -113.47496 -0.86599 -0.50007 0.00000 79.80331 -0.00000 -0.00000 -1.00000 0.00000
1634917046894248 0.51186 -0.85907 0.00000 -115.34086 -0.85907 -0.51186 0.00000 78.18511 -0.00000 -0.00000 -1.00000 0.00000
1634917047144568 0.52775 -0.84940 0.00000 -117.76260 -0.84940 -0.52775 0.00000 76.06740 -0.00000 -0.00000 -1.00000 0.00000
1634917047394202 0.54297 -0.83975 -0.00000 -120.19154 -0.83975 -0.54297 0.00000 73.91837 -0.00000 -0.00000 -1.00000 0.00000
1634917047643930 0.55837 -0.82959 0.00000 -122.73033 -0.82959 -0.55837 0.00000 71.67912 -0.00000 -0.00000 -1.00000 0.00000
1634917047893981 0.57660 -0.81703 0.00000 -125.52449 -0.81703 -0.57660 0.00000 68.86012 -0.00000 -0.00000 -1.00000 0.00000
1634917048143995 0.59206 -0.80589 0.00000 -128.13732 -0.80589 -0.59206 0.00000 66.43897 -0.00000 -0.00000 -1.00000 0.00000
1634917048394108 0.60515 -0.79611 0.00000 -130.67526 -0.79611 -0.60515 0.00000 64.39832 -0.00000 -0.00000 -1.00000 0.00000
1634917048644217 0.61290 -0.79016 0.00000 -132.64050 -0.79016 -0.61290 0.00000 63.09148 -0.00000 -0.00000 -1.00000 0.00000
1634917048893995 0.61849 -0.78579 0.00000 -134.40660 -0.78579 -0.61849 0.00000 62.11382 -0.00000 -0.00000 -1.00000 0.00000
1634917049143982 0.62206 -0.78297 0.00000 -136.05591 -0.78297 -0.62206 0.00000 61.51776 -0.00000 -0.00000 -1.00000 0.00000
1634917049394244 0.62609 -0.77975 0.00000 -137.77441 -0.77975 -0.62609 0.00000 60.78380 -0.00000 -0.00000 -1.00000 0.00000
1634917049644304 0.62582 -0.77997 -0.00000 -139.17719 -0.77997 -0.62582 0.00000 60.75982 -0.00000 -0.00000 -1.00000 0.00000
1634917049894556 0.62791 -0.77828 0.00000 -140.75990 -0.77828 -0.62791 0.00000 60.36178 -0.00000 -0.00000 -1.00000 0.00000
1634917050144771 0.63143 -0.77543 0.00000 -142.50803 -0.77543 -0.63143 0.00000 59.72167 -0.00000 -0.00000 -1.00000 0.00000
1634917050394630 0.63346 -0.77377 0.00000 -144.12433 -0.77377 -0.63346 0.00000 59.31322 -0.00000 -0.00000 -1.00000 0.00000
1634917050644784 0.64005 -0.76833 0.00000 -146.07514 -0.76833 -0.64005 0.00000 58.16387 -0.00000 -0.00000 -1.00000 0.00000
1634917050894855 0.65074 -0.75930 0.00000 -148.26232 -0.75930 -0.65074 0.00000 56.07742 -0.00000 -0.00000 -1.00000 0.00000
1634917051144716 0.66963 -0.74270 0.00000 -150.94349 -0.74270 -0.66963 0.00000 52.29962 -0.00000 -0.00000 -1.00000 0.00000
1634917051394826 0.69115 -0.72271 0.00000 -153.67527 -0.72271 -0.69115 0.00000 47.85558 -0.00000 -0.00000 -1.00000 0.00000
1634917051644514 0.72746 -0.68615 0.00000 -157.06020 -0.68615 -0.72746 0.00000 39.85552 -0.00000 -0.00000 -1.00000 0.00000
1634917051894493 0.77879 -0.62728 0.00000 -160.83877 -0.62728 -0.77879 0.00000 27.43200 -0.00000 -0.00000 -1.00000 0.00000
1634917052144655 0.83447 -0.55105 0.00000 -163.86595 -0.55105 -0.83447 0.00000 12.06342 -0.00000 -0.00000 -1.00000 0.00000
1634917052394812 0.89020 -0.45557 0.00000 -165.28630 -0.45557 -0.89020 0.00000 -6.14022 -0.00000 -0.00000 -1.00000 -0.00000
1634917052644630 0.93899 -0.34395 0.00000 -164.37849 -0.34395 -0.93899 0.00000 -26.14045 -0.00000 -0.00000 -1.00000 -0.00000
1634917052894656 0.97847 -0.20641 0.00000 -159.97096 -0.20641 -0.97847 0.00000 -49.41380 -0.00000 -0.00000 -1.00000 -0.00000
1634917053144737 0.99842 -0.05626 0.00000 -151.65164 -0.05626 -0.99842 0.00000 -72.97356 -0.00000 -0.00000 -1.00000 -0.00000
1634917053394707 0.99443 0.10541 0.00000 -138.96631 0.10541 -0.99443 0.00000 -96.40997 0.00000 -0.00000 -1.00000 -0.00000
1634917053644869 0.96304 0.26936 0.00000 -121.91315 0.26936 -0.96304 0.00000 -118.18267 0.00000 -0.00000 -1.00000 -0.00000
1634917053894598 0.90411 0.42729 0.00000 -101.31473 0.42729 -0.90411 0.00000 -136.95611 0.00000 -0.00000 -1.00000 -0.00000
1634917054145116 0.81918 0.57353 0.00000 -77.66171 0.57353 -0.81918 0.00000 -152.04225 0.00000 -0.00000 -1.00000 -0.00000
1634917054395051 0.70855 0.70566 -0.00000 -51.34328 0.70566 -0.70855 0.00000 -163.10111 0.00000 -0.00000 -1.00000 -0.00000
1634917054645309 0.58098 0.81392 0.00000 -24.32984 0.81392 -0.58098 0.00000 -169.29183 0.00000 -0.00000 -1.00000 -0.00000
1634917054895262 0.43313 0.90133 0.00000 4.12598 0.90133 -0.43313 0.00000 -170.99299 0.00000 -0.00000 -1.00000 -0.00000
1634917055145889 0.28004 0.95999 0.00000 31.09446 0.95999 -0.28004 0.00000 -168.03726 0.00000 -0.00000 -1.00000 -0.00000
1634917055395829 0.11450 0.99342 0.00000 57.99422 0.99342 -0.11450 0.00000 -160.31883 0.00000 -0.00000 -1.00000 -0.00000
1634917055645831 -0.05015 0.99874 0.00000 82.60895 0.99874 0.05015 0.00000 -148.66220 0.00000 0.00000 -1.00000 -0.00000
1634917055895843 -0.21404 0.97683 0.00000 105.01494 0.97683 0.21404 0.00000 -132.91976 0.00000 0.00000 -1.00000 -0.00000
1634917056145957 -0.36412 0.93135 0.00000 123.39441 0.93135 0.36412 0.00000 -114.88825 0.00000 0.00000 -1.00000 -0.00000
1634917056395908 -0.50202 0.86485 0.00000 138.29510 0.86485 0.50202 0.00000 -94.70228 0.00000 0.00000 -1.00000 -0.00000
1634917056645983 -0.62079 0.78398 0.00000 149.28634 0.78398 0.62079 0.00000 -73.97501 0.00000 0.00000 -1.00000 -0.00000
1634917056895929 -0.71219 0.70198 0.00000 155.91155 0.70198 0.71219 0.00000 -55.02600 0.00000 0.00000 -1.00000 -0.00000
1634917057146015 -0.77284 0.63460 0.00000 158.94389 0.63460 0.77284 0.00000 -40.74058 0.00000 0.00000 -1.00000 -0.00000
1634917057395567 -0.82272 0.56844 0.00000 160.40500 0.56844 0.82272 0.00000 -27.40752 0.00000 0.00000 -1.00000 -0.00000
1634917057645612 -0.86572 0.50052 -0.00000 160.69875 0.50052 0.86572 0.00000 -14.43476 0.00000 0.00000 -1.00000 -0.00000
1634917057895570 -0.89942 0.43708 0.00000 159.83545 0.43708 0.89942 0.00000 -2.92314 0.00000 0.00000 -1.00000 -0.00000
1634917058145813 -0.92287 0.38511 0.00000 158.24093 0.38511 0.92287 0.00000 6.23243 0.00000 0.00000 -1.00000 0.00000
1634917058395903 -0.93667 0.35020 0.00000 156.34557 0.35020 0.93667 0.00000 12.12614 0.00000 0.00000 -1.00000 0.00000
1634917058645546 -0.94577 0.32484 0.00000 154.40687 0.32484 0.94577 0.00000 16.37138 0.00000 0.00000 -1.00000 0.00000
1634917058895800 -0.94853 0.31668 0.00000 152.62044 0.31668 0.94853 0.00000 17.65117 0.00000 0.00000 -1.00000 0.00000
1634917059146003 -0.94550 0.32564 0.00000 151.09042 0.32564 0.94550 0.00000 16.18077 0.00000 0.00000 -1.00000 0.00000
1634917059396008 -0.93064 0.36593 0.00000 150.02730 0.36593 0.93064 0.00000 9.70463 0.00000 0.00000 -1.00000 0.00000
1634917059646162 -0.90970 0.41528 -0.00000 148.67083 0.41528 0.90970 0.00000 1.70500 0.00000 0.00000 -1.00000 0.00000
1634917059896388 -0.87739 0.47978 0.00000 146.68331 0.47978 0.87739 0.00000 -9.09174 0.00000 0.00000 -1.00000 -0.00000
1634917060146416 -0.84009 0.54245 0.00000 143.93373 0.54245 0.84009 0.00000 -19.69021 0.00000 0.00000 -1.00000 -0.00000
1634917060396656 -0.79561 0.60580 -0.00000 140.22251 0.60580 0.79561 0.00000 -30.81671 0.00000 0.00000 -1.00000 -0.00000
1634917060646574 -0.74695 0.66488 0.00000 135.62491 0.66488 0.74695 0.00000 -41.46234 0.00000 0.00000 -1.00000 -0.00000
1634917060896667 -0.69396 0.72002 0.00000 130.25183 0.72002 0.69396 0.00000 -51.68619 0.00000 0.00000 -1.00000 -0.00000
1634917061147094 -0.63781 0.77020 0.00000 124.13057 0.77020 0.63781 0.00000 -61.35021 0.00000 0.00000 -1.00000 -0.00000
1634917061396619 -0.58291 0.81254 0.00000 117.70963 0.81254 0.58291 0.00000 -69.83639 0.00000 0.00000 -1.00000 -0.00000
1634917061646928 -0.52769 0.84943 -0.00000 110.84937 0.84943 0.52769 0.00000 -77.53156 0.00000 0.00000 -1.00000 -0.00000
1634917061897205 -0.47025 0.88253 0.00000 103.53677 0.88253 0.47025 0.00000 -84.67903 0.00000 0.00000 -1.00000 -0.00000
1634917062146847 -0.42615 0.90465 0.00000 97.21953 0.90465 0.42615 0.00000 -89.66301 0.00000 0.00000 -1.00000 -0.00000
1634917062396785 -0.38548 0.92272 0.00000 91.05128 0.92272 0.38548 0.00000 -93.93999 0.00000 0.00000 -1.00000 -0.00000
1634917062647017 -0.35789 0.93377 0.00000 86.24621 0.93377 0.35789 0.00000 -96.67732 0.00000 0.00000 -1.00000 -0.00000
1634917062896533 -0.33856 0.94095 0.00000 82.08573 0.94095 0.33856 0.00000 -98.48096 0.00000 0.00000 -1.00000 -0.00000
1634917063146773 -0.32092 0.94711 0.00000 78.13855 0.94711 0.32092 0.00000 -100.07737 0.00000 0.00000 -1.00000 -0.00000
1634917063396576 -0.30807 0.95136 0.00000 74.61927 0.95136 0.30807 0.00000 -101.00787 0.00000 0.00000 -1.00000 -0.00000
1634917063646550 -0.30149 0.95347 0.00000 71.72591 0.95347 0.30149 0.00000 -101.55691 0.00000 0.00000 -1.00000 -0.00000
1634917063896578 -0.30405 0.95266 0.00000 69.82606 0.95266 0.30405 0.00000 -101.45454 0.00000 0.00000 -1.00000 -0.00000
1634917064146553 -0.31191 0.95011 0.00000 68.57429 0.95011 0.31191 0.00000 -100.97653 0.00000 0.00000 -1.00000 -0.00000
1634917064396256 -0.32145 0.94693 0.00000 67.37514 0.94693 0.32145 0.00000 -100.30326 0.00000 0.00000 -1.00000 -0.00000
1634917064646411 -0.34402 0.93896 0.00000 67.62763 0.93896 0.34402 0.00000 -98.71340 0.00000 0.00000 -1.00000 -0.00000
1634917064896559 -0.37355 0.92761 -0.00000 68.57772 0.92761 0.37355 0.00000 -96.56314 0.00000 0.00000 -1.00000 -0.00000
1634917065146198 -0.41548 0.90960 -0.00000 70.80612 0.90960 0.41548 0.00000 -93.44279 0.00000 0.00000 -1.00000 -0.00000
1634917065396140 -0.46924 0.88307 0.00000 74.22166 0.88307 0.46924 0.00000 -89.13018 0.00000 0.00000 -1.00000 -0.00000
1634917065646482 -0.52251 0.85263 0.00000 77.50575 0.85263 0.52251 0.00000 -84.45876 0.00000 0.00000 -1.00000 -0.00000
1634917065896231 -0.57471 0.81836 0.00000 80.63253 0.81836 0.57471 0.00000 -79.56936 0.00000 0.00000 -1.00000 -0.00000
1634917066146486 -0.62699 0.77903 0.00000 83.71871 0.77903 0.62699 0.00000 -74.28643 0.00000 0.00000 -1.00000 -0.00000
1634917066396636 -0.67617 0.73674 0.00000 86.36224 0.73674 0.67617 0.00000 -68.71877 0.00000 0.00000 -1.00000 -0.00000
1634917066646400 -0.72820 0.68537 0.00000 89.19419 0.68537 0.72820 0.00000 -62.24688 0.00000 0.00000 -1.00000 -0.00000
1634917066896529 -0.77696 0.62955 0.00000 91.57530 0.62955 0.77696 0.00000 -55.53322 0.00000 0.00000 -1.00000 -0.00000
1634917067146632 -0.81917 0.57356 0.00000 93.25473 0.57356 0.81917 0.00000 -49.04310 0.00000 0.00000 -1.00000 -0.00000
1634917067396521 -0.85804 0.51359 -0.00000 94.55283 0.51359 0.85804 0.00000 -42.28657 0.00000 0.00000 -1.00000 -0.00000
1634917067646908 -0.89092 0.45416 0.00000 95.17213 0.45416 0.89092 0.00000 -35.78742 0.00000 0.00000 -1.00000 -0.00000
1634917067896492 -0.91692 0.39906 0.00000 95.16261 0.39906 0.91692 0.00000 -29.99953 0.00000 0.00000 -1.00000 -0.00000
1634917068146513 -0.94077 0.33905 0.00000 94.82767 0.33905 0.94077 0.00000 -23.85830 0.00000 0.00000 -1.00000 -0.00000
1634917068396541 -0.95908 0.28314 0.00000 93.98184 0.28314 0.95908 0.00000 -18.29147 0.00000 0.00000 -1.00000 -0.00000
1634917068646351 -0.97268 0.23214 0.00000 92.79468 0.23214 0.97268 0.00000 -13.26336 0.00000 0.00000 -1.00000 -0.00000
1634917068896658 -0.98223 0.18767 0.00000 91.20583 0.18767 0.98223 0.00000 -9.08586 0.00000 0.00000 -1.00000 -0.00000
1634917069146773 -0.98892 0.14846 0.00000 89.38926 0.14846 0.98892 0.00000 -5.47144 0.00000 0.00000 -1.00000 -0.00000
1634917069396794 -0.99348 0.11403 -0.00000 87.48105 0.11403 0.99348 0.00000 -2.40314 0.00000 0.00000 -1.00000 -0.00000
1634917069647273 -0.99616 0.08752 0.00000 85.46872 0.08752 0.99616 0.00000 -0.11717 0.00000 0.00000 -1.00000 -0.00000
1634917069897213 -0.99776 0.06692 0.00000 83.33043 0.06692 0.99776 0.00000 1.66718 0.00000 0.00000 -1.00000 0.00000
1634917070147072 -0.99906 0.04336 0.00000 81.17016 0.04336 0.99906 0.00000 3.58185 0.00000 0.00000 -1.00000 0.00000
1634917070397181 -0.99978 0.02112 0.00000 78.92706 0.02112 0.99978 0.00000 5.32447 0.00000 0.00000 -1.00000 0.00000
1634917070647290 -1.00000 -0.00062 0.00000 76.58457 -0.00062 1.00000 0.00000 7.05243 -0.00000 0.00000 -1.00000 0.00000
1634917070897377 -0.99987 -0.01594 0.00000 74.32889 -0.01594 0.99987 0.00000 8.11779 -0.00000 0.00000 -1.00000 0.00000
1634917071147593 -0.99950 -0.03171 -0.00000 72.00626 -0.03171 0.99950 0.00000 9.23401 -0.00000 0.00000 -1.00000 0.00000
1634917071397494 -0.99925 -0.03866 0.00000 69.78742 -0.03866 0.99925 0.00000 9.73125 -0.00000 0.00000 -1.00000 0.00000
1634917071647730 -0.99936 -0.03585 0.00000 67.71782 -0.03585 0.99936 0.00000 9.55674 -0.00000 0.00000 -1.00000 0.00000
1634917071897444 -0.99951 -0.03138 0.00000 65.64627 -0.03138 0.99951 0.00000 9.19783 -0.00000 0.00000 -1.00000 0.00000
1634917072147701 -0.99974 -0.02278 0.00000 63.51050 -0.02278 0.99974 0.00000 8.57727 -0.00000 0.00000 -1.00000 0.00000
1634917072397622 -0.99990 -0.01396 0.00000 61.41112 -0.01396 0.99990 0.00000 7.95987 -0.00000 0.00000 -1.00000 0.00000
1634917072647432 -0.99998 -0.00601 0.00000 59.25150 -0.00601 0.99998 0.00000 7.42861 -0.00000 0.00000 -1.00000 0.00000
1634917072897608 -0.99999 0.00326 0.00000 57.10992 0.00326 0.99999 0.00000 6.95451 0.00000 0.00000 -1.00000 0.00000
1634917073147902 -0.99993 0.01166 0.00000 54.94502 0.01166 0.99993 0.00000 6.46366 0.00000 0.00000 -1.00000 0.00000
1634917073397861 -0.99975 0.02251 0.00000 52.77960 0.02251 0.99975 0.00000 5.77004 0.00000 0.00000 -1.00000 0.00000
1634917073647706 -0.99973 0.02343 0.00000 50.64551 0.02343 0.99973 0.00000 5.66804 0.00000 0.00000 -1.00000 0.00000
1634917073897927 -0.99982 0.01876 0.00000 48.37444 0.01876 0.99982 0.00000 5.92482 0.00000 0.00000 -1.00000 0.00000
1634917074147973 -0.99963 0.02727 0.00000 46.25710 0.02727 0.99963 0.00000 5.52824 0.00000 0.00000 -1.00000 0.00000
1634917074398261 -0.99879 0.04911 0.00000 44.21529 0.04911 0.99879 0.00000 4.54706 0.00000 0.00000 -1.00000 0.00000
1634917074648235 -0.99738 0.07233 0.00000 42.16716 0.07233 0.99738 0.00000 3.46479 0.00000 0.00000 -1.00000 0.00000
1634917074898209 -0.99615 0.08768 -0.00000 39.98243 0.08768 0.99615 0.00000 2.65695 0.00000 0.00000 -1.00000 0.00000
1634917075148046 -0.99482 0.10161 0.00000 37.93984 0.10161 0.99482 0.00000 2.12648 0.00000 0.00000 -1.00000 0.00000
1634917075397902 -0.99377 0.11141 0.00000 35.88311 0.11141 0.99377 0.00000 1.70986 0.00000 0.00000 -1.00000 0.00000
1634917075648181 -0.99302 0.11793 0.00000 33.63974 0.11793 0.99302 0.00000 1.36248 0.00000 0.00000 -1.00000 0.00000
1634917075897978 -0.99265 0.12104 -0.00000 31.63199 0.12104 0.99265 0.00000 1.28386 0.00000 0.00000 -1.00000 0.00000
1634917076148087 -0.99257 0.12166 0.00000 29.51593 0.12166 0.99257 0.00000 1.24519 0.00000 0.00000 -1.00000 0.00000
1634917076398169 -0.99261 0.12132 0.00000 27.44977 0.12132 0.99261 0.00000 1.18237 0.00000 0.00000 -1.00000 0.00000
1634917076648284 -0.99263 0.12116 -0.00000 25.27837 0.12116 0.99263 0.00000 1.14295 0.00000 0.00000 -1.00000 0.00000
1634917076898494 -0.99235 0.12343 -0.00000 23.19126 0.12343 0.99235 0.00000 1.11066 0.00000 0.00000 -1.00000 0.00000
1634917077148406 -0.99220 0.12469 0.00000 21.03885 0.12469 0.99220 0.00000 1.09389 0.00000 0.00000 -1.00000 0.00000
1634917077398765 -0.99187 0.12724 -0.00000 19.00557 0.12724 0.99187 0.00000 1.00550 0.00000 0.00000 -1.00000 0.00000
1634917077648710 -0.99150 0.13011 0.00000 16.85335 0.13011 0.99150 0.00000 0.91459 0.00000 0.00000 -1.00000 0.00000
1634917077899327 -0.99123 0.13212 0.00000 14.86480 0.13212 0.99123 0.00000 0.85431 0.00000 0.00000 -1.00000 0.00000
1634917078149266 -0.99132 0.13147 0.00000 12.86978 0.13147 0.99132 0.00000 0.87271 0.00000 0.00000 -1.00000 0.00000
1634917078399827 -0.99049 0.13759 0.00000 10.96243 0.13759 0.99049 0.00000 0.80043 0.00000 0.00000 -1.00000 0.00000
1634917078649787 -0.98996 0.14135 0.00000 9.02976 0.14135 0.98996 0.00000 0.72299 0.00000 0.00000 -1.00000 0.00000
1634917078900111 -0.98956 0.14411 0.00000 7.10161 0.14411 0.98956 0.00000 0.69651 0.00000 0.00000 -1.00000 0.00000
1634917079149981 -0.98965 0.14353 -0.00000 5.28331 0.14353 0.98965 0.00000 0.68705 0.00000 0.00000 -1.00000 0.00000
1634917079399776 -0.98881 0.14921 0.00000 3.39495 0.14921 0.98881 0.00000 0.59718 0.00000 0.00000 -1.00000 0.00000
1634917079650295 -0.98827 0.15270 0.00000 1.62874 0.15270 0.98827 0.00000 0.55670 0.00000 0.00000 -1.00000 0.00000
1634917079900075 -0.98708 0.16025 0.00000 -0.03024 0.16025 0.98708 0.00000 0.52358 0.00000 0.00000 -1.00000 0.00000
1634917080150294 -0.98594 0.16711 -0.00000 -1.63112 0.16711 0.98594 0.00000 0.54299 0.00000 0.00000 -1.00000 0.00000
1634917080400387 -0.98772 0.15621 0.00000 -3.17038 0.15621 0.98772 0.00000 0.43852 0.00000 0.00000 -1.00000 0.00000
1634917080650455 -0.98920 0.14658 0.00000 -4.65693 0.14658 0.98920 0.00000 0.41417 0.00000 0.00000 -1.00000 0.00000
1634917080900820 -0.99067 0.13625 0.00000 -5.90591 0.13625 0.99067 0.00000 0.32386 0.00000 0.00000 -1.00000 0.00000
1634917081150777 -0.99189 0.12708 0.00000 -7.01022 0.12708 0.99189 0.00000 0.18744 0.00000 0.00000 -1.00000 0.00000
1634917081401205 -0.99323 0.11614 0.00000 -7.98934 0.11614 0.99323 0.00000 0.06184 0.00000 0.00000 -1.00000 0.00000
1634917081651278 -0.99441 0.10556 0.00000 -8.83463 0.10556 0.99441 0.00000 -0.10451 0.00000 0.00000 -1.00000 -0.00000
1634917081901845 -0.99517 0.09813 0.00000 -9.54905 0.09813 0.99517 0.00000 -0.12841 0.00000 0.00000 -1.00000 -0.00000
1634917082151989 -0.99572 0.09245 0.00000 -10.03080 0.09245 0.99572 0.00000 -0.27003 0.00000 0.00000 -1.00000 -0.00000
1634917082402261 -0.99634 0.08550 0.00000 -10.46732 0.08550 0.99634 0.00000 -0.35882 0.00000 0.00000 -1.00000 -0.00000
1634917082652436 -0.99656 0.08282 0.00000 -10.79616 0.08282 0.99656 0.00000 -0.37181 0.00000 0.00000 -1.00000 -0.00000
1634917082901861 -0.99664 0.08185 0.00000 -11.17704 0.08185 0.99664 0.00000 -0.34381 0.00000 0.00000 -1.00000 -0.00000
1634917083152065 -0.99663 0.08202 -0.00000 -11.58042 0.08202 0.99663 0.00000 -0.32959 0.00000 0.00000 -1.00000 -0.00000
1634917083402246 -0.99637 0.08512 0.00000 -12.04466 0.08512 0.99637 0.00000 -0.19596 0.00000 0.00000 -1.00000 -0.00000
1634917083652064 -0.99619 0.08727 0.00000 -12.45494 0.08727 0.99619 0.00000 -0.23753 0.00000 0.00000 -1.00000 -0.00000
1634917083901894 -0.99621 0.08698 0.00000 -12.98237 0.08698 0.99621 0.00000 -0.24975 0.00000 0.00000 -1.00000 -0.00000
1634917084152096 -0.99606 0.08863 0.00000 -13.69631 0.08863 0.99606 0.00000 -0.25051 0.00000 0.00000 -1.00000 -0.00000
1634917084402364 -0.99601 0.08923 0.00000 -14.43591 0.08923 0.99601 0.00000 -0.27161 0.00000 0.00000 -1.00000 -0.00000
1634917084652131 -0.99567 0.09293 -0.00000 -15.26586 0.09293 0.99567 0.00000 -0.23260 0.00000 0.00000 -1.00000 -0.00000
1634917084901860 -0.99567 0.09298 0.00000 -16.20322 0.09298 0.99567 0.00000 -0.22893 0.00000 0.00000 -1.00000 -0.00000
1634917085151915 -0.99561 0.09358 -0.00000 -17.25334 0.09358 0.99561 0.00000 -0.24459 0.00000 0.00000 -1.00000 -0.00000
1634917085402153 -0.99557 0.09407 0.00000 -18.38385 0.09407 0.99557 0.00000 -0.27284 0.00000 0.00000 -1.00000 -0.00000
1634917085652267 -0.99544 0.09542 0.00000 -19.64672 0.09542 0.99544 0.00000 -0.24749 0.00000 0.00000 -1.00000 -0.00000
1634917085902033 -0.99561 0.09362 -0.00000 -20.90398 0.09362 0.99561 0.00000 -0.32966 0.00000 0.00000 -1.00000 -0.00000
1634917086151952 -0.99592 0.09019 0.00000 -22.32832 0.09019 0.99592 0.00000 -0.41322 0.00000 0.00000 -1.00000 -0.00000
1634917086402046 -0.99671 0.08102 -0.00000 -23.79598 0.08102 0.99671 0.00000 -0.65307 0.00000 0.00000 -1.00000 -0.00000
1634917086651787 -0.99702 0.07710 0.00000 -25.38270 0.07710 0.99702 0.00000 -0.71309 0.00000 0.00000 -1.00000 -0.00000
1634917086901834 -0.99744 0.07152 0.00000 -27.11361 0.07152 0.99744 0.00000 -0.87039 0.00000 0.00000 -1.00000 -0.00000
1634917087151879 -0.99777 0.06670 0.00000 -28.70717 0.06670 0.99777 0.00000 -1.01959 0.00000 0.00000 -1.00000 -0.00000
1634917087402019 -0.99816 0.06060 0.00000 -30.62694 0.06060 0.99816 0.00000 -1.18111 0.00000 0.00000 -1.00000 -0.00000
1634917087651998 -0.99831 0.05815 0.00000 -32.46087 0.05815 0.99831 0.00000 -1.25697 0.00000 0.00000 -1.00000 -0.00000
1634917087902333 -0.99855 0.05384 -0.00000 -34.24003 0.05384 0.99855 0.00000 -1.43729 0.00000 0.00000 -1.00000 -0.00000
1634917088152565 -0.99886 0.04783 0.00000 -36.30744 0.04783 0.99886 0.00000 -1.66725 0.00000 0.00000 -1.00000 -0.00000
1634917088402760 -0.99899 0.04495 0.00000 -38.30956 0.04495 0.99899 0.00000 -1.78548 0.00000 0.00000 -1.00000 -0.00000
1634917088652462 -0.99911 0.04219 0.00000 -40.39240 0.04219 0.99911 0.00000 -1.99607 0.00000 0.00000 -1.00000 -0.00000
1634917088902842 -0.99921 0.03972 0.00000 -42.50098 0.03972 0.99921 0.00000 -2.11525 0.00000 0.00000 -1.00000 -0.00000
1634917089152924 -0.99905 0.04355 0.00000 -44.62863 0.04355 0.99905 0.00000 -1.98393 0.00000 0.00000 -1.00000 -0.00000
1634917089403017 -0.99870 0.05094 0.00000 -46.79543 0.05094 0.99870 0.00000 -1.63862 0.00000 0.00000 -1.00000 -0.00000
1634917089652777 -0.99821 0.05983 0.00000 -48.96367 0.05983 0.99821 0.00000 -1.25302 0.00000 0.00000 -1.00000 -0.00000
1634917089903201 -0.99705 0.07675 0.00000 -51.05159 0.07675 0.99705 0.00000 -0.40651 0.00000 0.00000 -1.00000 -0.00000
1634917090153353 -0.99493 0.10053 0.00000 -53.02144 0.10053 0.99493 0.00000 0.82953 0.00000 0.00000 -1.00000 0.00000
1634917090403584 -0.99213 0.12520 0.00000 -54.85669 0.12520 0.99213 0.00000 2.10218 0.00000 0.00000 -1.00000 0.00000
1634917090654026 -0.98752 0.15748 -0.00000 -56.45470 0.15748 0.98752 0.00000 3.82916 0.00000 0.00000 -1.00000 0.00000
1634917090904393 -0.97970 0.20045 0.00000 -57.83266 0.20045 0.97970 0.00000 6.28867 0.00000 0.00000 -1.00000 0.00000
1634917091154711 -0.96861 0.24858 0.00000 -58.94258 0.24858 0.96861 0.00000 9.12702 0.00000 0.00000 -1.00000 0.00000
1634917091404966 -0.95183 0.30664 0.00000 -59.66057 0.30664 0.95183 0.00000 12.56970 0.00000 0.00000 -1.00000 0.00000
1634917091655073 -0.92461 0.38092 0.00000 -59.72306 0.38092 0.92461 0.00000 17.33715 0.00000 0.00000 -1.00000 0.00000
1634917091905297 -0.88572 0.46422 0.00000 -59.15121 0.46422 0.88572 0.00000 22.64740 0.00000 0.00000 -1.00000 0.00000
1634917092155731 -0.83806 0.54558 0.00000 -57.93564 0.54558 0.83806 0.00000 28.16700 0.00000 0.00000 -1.00000 0.00000
1634917092405745 -0.77314 0.63423 0.00000 -55.73448 0.63423 0.77314 0.00000 34.34075 0.00000 0.00000 -1.00000 0.00000
1634917092656007 -0.68660 0.72704 0.00000 -52.10548 0.72704 0.68660 0.00000 41.10652 0.00000 0.00000 -1.00000 0.00000
1634917092906008 -0.58383 0.81187 0.00000 -47.27099 0.81187 0.58383 0.00000 47.59732 0.00000 0.00000 -1.00000 0.00000
1634917093156436 -0.46581 0.88489 0.00000 -41.35429 0.88489 0.46581 0.00000 53.67719 0.00000 0.00000 -1.00000 0.00000
1634917093406651 -0.34286 0.93938 0.00000 -34.84936 0.93938 0.34286 0.00000 58.78789 0.00000 0.00000 -1.00000 0.00000
1634917093656838 -0.23202 0.97271 0.00000 -28.90870 0.97271 0.23202 0.00000 62.33149 0.00000 0.00000 -1.00000 0.00000
1634917093906699 -0.13731 0.99053 0.00000 -23.91340 0.99053 0.13731 0.00000 64.79641 0.00000 0.00000 -1.00000 0.00000
1634917094156577 -0.06662 0.99778 0.00000 -20.47050 0.99778 0.06662 0.00000 66.41878 0.00000 0.00000 -1.00000 0.00000
1634917094406532 -0.02840 0.99960 0.00000 -19.21079 0.99960 0.02840 0.00000 67.12528 0.00000 0.00000 -1.00000 0.00000
1634917094656507 -0.01247 0.99992 -0.00000 -19.51848 0.99992 0.01247 0.00000 67.33860 0.00000 0.00000 -1.00000 0.00000
1634917094906235 -0.00242 1.00000 0.00000 -20.31914 1.00000 0.00242 0.00000 67.44719 0.00000 0.00000 -1.00000 0.00000
1634917095156102 0.00481 0.99999 0.00000 -21.31248 0.99999 -0.00481 0.00000 67.50724 0.00000 -0.00000 -1.00000 0.00000
1634917095406131 0.00891 0.99996 0.00000 -22.60639 0.99996 -0.00891 0.00000 67.50339 0.00000 -0.00000 -1.00000 0.00000
1634917095656497 0.01625 0.99987 0.00000 -23.77094 0.99987 -0.01625 0.00000 67.67575 0.00000 -0.00000 -1.00000 0.00000
1634917095906177 0.02375 0.99972 0.00000 -25.03251 0.99972 -0.02375 0.00000 67.81031 0.00000 -0.00000 -1.00000 0.00000
1634917096156245 0.03737 0.99930 0.00000 -25.96266 0.99930 -0.03737 0.00000 68.16250 0.00000 -0.00000 -1.00000 0.00000
1634917096406415 0.04876 0.99881 0.00000 -27.06626 0.99881 -0.04876 0.00000 68.48444 0.00000 -0.00000 -1.00000 0.00000
1634917096656344 0.04683 0.99890 0.00000 -29.04679 0.99890 -0.04683 0.00000 68.35086 0.00000 -0.00000 -1.00000 0.00000
1634917096906405 0.05358 0.99856 0.00000 -30.53037 0.99856 -0.05358 0.00000 68.37392 0.00000 -0.00000 -1.00000 0.00000
