1. 0. 0. 0. 0. -1. -0. 0. 0. 0. -1. 0.
1. -0.011 -0. 0.009 -0.011 -1. -0. -0.011 0. 0. -1. 0.
1. -0.010 -0. -0.008 -0.010 -1. -0. -0.016 0. 0. -1. 0.
1. -0.005 -0. -0.036 -0.005 -1. -0. -0.008 0. 0. -1. 0.
1. 0.002 0. 0.024 0.002 -1. -0. 0.007 0. 0. -1. 0.
1. -0.009 -0. 0.052 -0.009 -1. -0. 0.015 0. 0. -1. 0.
1. -0.011 -0. -0.005 -0.011 -1. -0. -0.006 0. 0. -1. 0.
1. -0.011 -0. -0.000 -0.011 -1. -0. -0.012 0. 0. -1. 0.
1. -0.011 -0. -0.001 -0.011 -1. -0. -0.004 0. 0. -1. 0.
1. -0.009 -0. 0.006 -0.009 -1. -0. 0.011 0. 0. -1. 0.
1. -0.009 -0. 0.017 -0.009 -1. -0. 0.014 0. 0. -1. 0.
1. -0.008 -0. 0.012 -0.008 -1. -0. 0.013 0. 0. -1. 0.
1. -0.006 -0. -0.031 -0.006 -1. -0. 0.011 0. 0. -1. 0.
1. -0.002 -0. 0.010 -0.002 -1. -0. 0.006 0. 0. -1. 0.
1. -0.003 -0. 0.021 -0.003 -1. -0. 0.024 0. 0. -1. 0.
1. -0.005 -0. 0.001 -0.005 -1. -0. 0.002 0. 0. -1. 0.
1. -0.007 -0. 0.001 -0.007 -1. -0. 0.005 0. 0. -1. 0.
1. -0.007 -0. -0.015 -0.007 -1. -0. -0.001 0. 0. -1. 0.
1. -0.004 -0. 0.012 -0.004 -1. -0. 0.013 0. 0. -1. 0.
1. -0.007 -0. 0.024 -0.007 -1. -0. 0.024 0. 0. -1. 0.
1. -0.011 -0. -0.003 -0.011 -1. -0. 0.001 0. 0. -1. 0.
1. -0.010 -0. 0.009 -0.010 -1. -0. 0.004 0. 0. -1. 0.
1. -0.007 -0. -0.002 -0.007 -1. -0. 0.001 0. 0. -1. 0.
1. -0.003 -0. 0.006 -0.003 -1. -0. -0.000 0. 0. -1. 0.
1. -0.003 -0. 0.001 -0.003 -1. -0. 0.009 0. 0. -1. 0.
1. -0.008 -0. 0.012 -0.008 -1. -0. 0.022 0. 0. -1. 0.
1. -0.012 -0. -0.002 -0.012 -1. -0. 0.057 0. 0. -1. 0.
1. -0.011 -0. 0.022 -0.011 -1. -0. 0.024 0. 0. -1. 0.
1. -0.009 -0. 0.012 -0.009 -1. -0. 0.048 0. 0. -1. 0.
1. 0.001 0. 0.012 0.001 -1. -0. -0.000 0. 0. -1. 0.
1. -0.009 -0. 0.045 -0.009 -1. -0. 0.078 0. 0. -1. 0.
1. -0.009 -0. -0.007 -0.009 -1. -0. 0.024 0. 0. -1. 0.
1. -0.008 -0. 0.010 -0.008 -1. -0. 0.053 0. 0. -1. 0.
1. -0.002 -0. 0.013 -0.002 -1. -0. 0.034 0. 0. -1. 0.
1. 0.000 0. 0.028 0.000 -1. -0. 0.011 0. 0. -1. 0.
1. -0.000 -0. 0.024 -0.000 -1. -0. 0.013 0. 0. -1. 0.
1. -0.001 -0. 0.004 -0.001 -1. -0. 0.015 0. 0. -1. 0.
1. -0.002 -0. 0.014 -0.002 -1. -0. 0.021 0. 0. -1. 0.
1. -0.002 -0. 0.006 -0.002 -1. -0. 0.006 0. 0. -1. 0.
1. -0.002 -0. 0.001 -0.002 -1. -0. 0.004 0. 0. -1. 0.
1. -0.004 -0. 0.009 -0.004 -1. -0. 0.010 0. 0. -1. 0.
1. -0.003 -0. -0.005 -0.003 -1. -0. 0.005 0. 0. -1. 0.
1. -0.000 -0. 0.001 -0.000 -1. -0. 0.005 0. 0. -1. 0.
1. -0.005 -0. 0.039 -0.005 -1. -0. 0.028 0. 0. -1. 0.
1. -0.006 -0. -0.001 -0.006 -1. -0. 0.006 0. 0. -1. 0.
1. -0.008 -0. 0.016 -0.008 -1. -0. 0.017 0. 0. -1. 0.
1. -0.004 -0. -0.007 -0.004 -1. -0. -0.008 0. 0. -1. 0.
1. -0.005 -0. 0.033 -0.005 -1. -0. 0.032 0. 0. -1. 0.
1. -0.009 -0. 0.015 -0.009 -1. -0. 0.013 0. 0. -1. 0.
1. -0.009 -0. 0.006 -0.009 -1. -0. 0.015 0. 0. -1. 0.
1. -0.003 -0. 0.003 -0.003 -1. -0. 0.037 0. 0. -1. 0.
1. 0.001 0. 0.035 0.001 -1. -0. 0.033 0. 0. -1. 0.
1. -0.004 -0. 0.019 -0.004 -1. -0. 0.019 0. 0. -1. 0.
1. -0.003 -0. 0.001 -0.003 -1. -0. 0.004 0. 0. -1. 0.
1. -0.005 -0. 0.007 -0.005 -1. -0. 0.016 0. 0. -1. 0.
1. -0.003 -0. 0.005 -0.003 -1. -0. 0.005 0. 0. -1. 0.
1. -0.004 -0. 0.008 -0.004 -1. -0. 0.027 0. 0. -1. 0.
1. -0.001 -0. -0.002 -0.001 -1. -0. -0.010 0. 0. -1. 0.
1. -0.001 -0. 0.019 -0.001 -1. -0. 0.013 0. 0. -1. 0.
1. -0.007 -0. 0.013 -0.007 -1. -0. 0.027 0. 0. -1. 0.
1. -0.006 -0. -0.017 -0.006 -1. -0. 0.009 0. 0. -1. 0.
1. -0.002 -0. -0.003 -0.002 -1. -0. 0.007 0. 0. -1. 0.
1. -0.002 -0. 0.009 -0.002 -1. -0. 0.017 0. 0. -1. 0.
1. -0.001 -0. -0.002 -0.001 -1. -0. -0.010 0. 0. -1. 0.
1. -0.002 -0. 0.018 -0.002 -1. -0. 0.035 0. 0. -1. 0.
1. -0.008 -0. 0.004 -0.008 -1. -0. 0.013 0. 0. -1. 0.
1. -0.008 -0. -0.005 -0.008 -1. -0. 0.011 0. 0. -1. 0.
1. -0.009 -0. 0.023 -0.009 -1. -0. 0.048 0. 0. -1. 0.
1. 0.001 0. 0.007 0.001 -1. -0. 0.005 0. 0. -1. 0.
1. -0.001 -0. 0.039 -0.001 -1. -0. 0.043 0. 0. -1. 0.
1. -0.007 -0. 0.014 -0.007 -1. -0. 0.023 0. 0. -1. 0.
1. -0.008 -0. -0.011 -0.008 -1. -0. -0.006 0. 0. -1. 0.
1. -0.010 -0. 0.016 -0.010 -1. -0. 0.013 0. 0. -1. 0.
1. -0.007 -0. 0.005 -0.007 -1. -0. 0.006 0. 0. -1. 0.
1. -0.005 -0. 0.007 -0.005 -1. -0. 0.020 0. 0. -1. 0.
1. -0.011 -0. 0.033 -0.011 -1. -0. 0.012 0. 0. -1. 0.
1. -0.005 -0. -0.030 -0.005 -1. -0. -0.051 0. 0. -1. 0.
1. -0.005 -0. -0.004 -0.005 -1. -0. 0.004 0. 0. -1. 0.
1. -0.001 -0. 0.044 -0.001 -1. -0. 0.051 0. 0. -1. 0.
1. -0.001 -0. -0.009 -0.001 -1. -0. -0.014 0. 0. -1. 0.
1. 0.001 0. 0.009 0.001 -1. -0. 0.010 0. 0. -1. 0.
1. -0.004 -0. 0.015 -0.004 -1. -0. 0.027 0. 0. -1. 0.
1. -0.006 -0. -0.005 -0.006 -1. -0. 0.010 0. 0. -1. 0.
1. -0.006 -0. 0.008 -0.006 -1. -0. 0.019 0. 0. -1. 0.
1. -0.003 -0. -0.014 -0.003 -1. -0. -0.047 0. 0. -1. 0.
1. -0.003 -0. 0.018 -0.003 -1. -0. 0.030 0. 0. -1. 0.
1. 0.000 0. 0.005 0.000 -1. -0. -0.009 0. 0. -1. 0.
1. -0.009 -0. 0.083 -0.009 -1. -0. 0.007 0. 0. -1. 0.
1. -0.011 -0. 0. -0.011 -1. -0. -0.006 0. 0. -1. 0.
1. -0.011 -0. 0.037 -0.011 -1. -0. 0.037 0. 0. -1. 0.
1. -0.008 -0. 0.024 -0.008 -1. -0. 0.047 0. 0. -1. 0.
1. 0.001 0. 0.012 0.001 -1. -0. 0.009 0. 0. -1. 0.
1. -0.007 -0. 0.054 -0.007 -1. -0. 0.064 0. 0. -1. 0.
1. -0.002 -0. 0.043 -0.002 -1. -0. 0.046 0. 0. -1. 0.
1. -0.002 -0. 0.041 -0.002 -1. -0. 0.022 0. 0. -1. 0.
1. -0.010 -0. 0.034 -0.010 -1. -0. 0.047 0. 0. -1. 0.
1. -0.010 -0. -0.006 -0.010 -1. -0. 0.006 0. 0. -1. 0.
1. -0.008 -0. 0.026 -0.008 -1. -0. 0.043 0. 0. -1. 0.
1. 0.001 0. 0.038 0.001 -1. -0. 0.016 0. 0. -1. 0.
1. -0.010 -0. 0.027 -0.010 -1. -0. 0.024 0. 0. -1. 0.
1. -0.008 -0. -0.003 -0.008 -1. -0. 0.003 0. 0. -1. 0.
1. -0.010 -0. 0.028 -0.010 -1. -0. 0.006 0. 0. -1. 0.
1. -0.007 -0. 0.024 -0.007 -1. -0. -0.009 0. 0. -1. 0.
1. -0.003 -0. 0.073 -0.003 -1. -0. -0.002 0. 0. -1. 0.
1. -0.008 -0. 0.184 -0.008 -1. -0. -0.006 0. 0. -1. 0.
1. -0.013 -0. 0.337 -0.013 -1. -0. -0.115 0. 0. -1. 0.
1.000 -0.017 -0. 0.550 -0.017 -1.000 -0. -0.052 0. 0. -1. 0.
1.000 -0.027 -0. 0.837 -0.027 -1.000 -0. -0.030 0. 0. -1. 0.
0.999 -0.047 -0. 1.249 -0.047 -0.999 -0. -0.058 0. 0. -1. 0.
0.998 -0.068 -0. 1.739 -0.068 -0.998 -0. -0.098 0. 0. -1. 0.
0.996 -0.087 -0. 2.298 -0.087 -0.996 -0. -0.177 0. 0. -1. 0.
0.994 -0.112 -0. 2.962 -0.112 -0.994 -0. -0.194 0. 0. -1. 0.
0.992 -0.129 -0. 3.683 -0.129 -0.992 -0. -0.248 0. 0. -1. 0.
0.990 -0.141 -0. 4.412 -0.141 -0.990 -0. -0.472 0. 0. -1. 0.
0.988 -0.156 -0. 5.303 -0.156 -0.988 -0. -0.693 0. 0. -1. 0.
0.987 -0.158 -0. 6.165 -0.158 -0.987 -0. -0.819 0. 0. -1. 0.
0.989 -0.149 -0. 7.171 -0.149 -0.989 -0. -0.981 0. 0. -1. 0.
0.990 -0.140 -0. 8.160 -0.140 -0.990 -0. -1.107 0. 0. -1. 0.
0.992 -0.130 -0. 9.277 -0.130 -0.992 -0. -1.204 0. 0. -1. 0.
0.992 -0.124 -0. 10.306 -0.124 -0.992 -0. -1.356 0. 0. -1. 0.
0.993 -0.121 -0. 11.399 -0.121 -0.993 -0. -1.522 0. 0. -1. 0.
0.993 -0.116 -0. 12.606 -0.116 -0.993 -0. -1.725 0. 0. -1. 0.
0.995 -0.103 -0. 13.813 -0.103 -0.995 -0. -1.747 0. 0. -1. 0.
0.996 -0.091 -0. 15.118 -0.091 -0.996 -0. -1.897 0. 0. -1. 0.
0.996 -0.087 -0. 16.359 -0.087 -0.996 -0. -2.055 0. 0. -1. 0.
0.996 -0.084 -0. 17.675 -0.084 -0.996 -0. -2.187 0. 0. -1. 0.
0.997 -0.077 -0. 18.983 -0.077 -0.997 -0. -2.355 0. 0. -1. 0.
0.997 -0.072 -0. 20.413 -0.072 -0.997 -0. -2.438 0. 0. -1. 0.
0.998 -0.061 -0. 21.838 -0.061 -0.998 -0. -2.518 0. 0. -1. 0.
0.998 -0.062 -0. 23.265 -0.062 -0.998 -0. -2.624 0. 0. -1. 0.
0.998 -0.062 -0. 24.768 -0.062 -0.998 -0. -2.771 0. 0. -1. 0.
0.998 -0.059 -0. 26.181 -0.059 -0.998 -0. -2.919 0. 0. -1. 0.
0.999 -0.042 -0. 27.691 -0.042 -0.999 -0. -3.005 0. 0. -1. 0.
0.999 -0.032 -0. 29.110 -0.032 -0.999 -0. -3.134 0. 0. -1. 0.
0.999 -0.033 -0. 30.664 -0.033 -0.999 -0. -3.142 0. 0. -1. 0.
1.000 -0.025 -0. 32.115 -0.025 -1.000 -0. -3.223 0. 0. -1. 0.
1.000 -0.016 -0. 33.585 -0.016 -1.000 -0. -3.300 0. 0. -1. 0.
1. -0.003 -0. 35.105 -0.003 -1. -0. -3.356 0. 0. -1. 0.
1. -0.002 -0. 36.584 -0.002 -1. -0. -3.262 0. 0. -1. 0.
1. 0.009 0. 38.094 0.009 -1. -0. -3.375 0. 0. -1. 0.
1. 0.004 0. 39.689 0.004 -1. -0. -3.395 0. 0. -1. 0.
1. 0.011 0. 41.120 0.011 -1. -0. -3.468 0. 0. -1. 0.
1. 0.006 0. 42.644 0.006 -1. -0. -3.420 0. 0. -1. 0.
1. 0.010 0. 44.210 0.010 -1. -0. -3.481 0. 0. -1. 0.
1. 0.005 0. 45.777 0.005 -1. -0. -3.416 0. 0. -1. 0.
1. 0.006 0. 47.409 0.006 -1. -0. -3.527 0. 0. -1. 0.
1. 0.002 0. 49.092 0.002 -1. -0. -3.419 0. 0. -1. 0.
1. 0.008 0. 50.786 0.008 -1. -0. -3.544 0. 0. -1. 0.
1. 0.003 0. 52.524 0.003 -1. -0. -3.483 0. 0. -1. 0.
1. 0.007 0. 54.272 0.007 -1. -0. -3.552 0. 0. -1. 0.
1. 0.001 0. 56.035 0.001 -1. -0. -3.507 0. 0. -1. 0.
1. 0.005 0. 57.885 0.005 -1. -0. -3.632 0. 0. -1. 0.
1. 0.003 0. 59.735 0.003 -1. -0. -3.647 0. 0. -1. 0.
1. -0.003 -0. 61.670 -0.003 -1. -0. -3.683 0. 0. -1. 0.
1. -0.003 -0. 63.618 -0.003 -1. -0. -3.787 0. 0. -1. 0.
1. -0.004 -0. 65.583 -0.004 -1. -0. -3.832 0. 0. -1. 0.
1. -0.005 -0. 67.504 -0.005 -1. -0. -3.847 0. 0. -1. 0.
1. -0.005 -0. 69.445 -0.005 -1. -0. -3.770 0. 0. -1. 0.
1. -0.004 -0. 71.407 -0.004 -1. -0. -3.789 0. 0. -1. 0.
1. -0.007 -0. 73.361 -0.007 -1. -0. -3.848 0. 0. -1. 0.
1. -0.014 -0. 75.333 -0.014 -1. -0. -3.875 0. 0. -1. 0.
1.000 -0.019 -0. 77.265 -0.019 -1.000 -0. -3.927 0. 0. -1. 0.
1.000 -0.026 -0. 79.192 -0.026 -1.000 -0. -3.889 0. 0. -1. 0.
0.999 -0.040 -0. 81.118 -0.040 -0.999 -0. -4.031 0. 0. -1. 0.
0.999 -0.045 -0. 83.050 -0.045 -0.999 -0. -4.103 0. 0. -1. 0.
0.997 -0.075 -0. 84.988 -0.075 -0.997 -0. -4.145 0. 0. -1. 0.
0.995 -0.099 -0. 86.838 -0.099 -0.995 -0. -4.402 0. 0. -1. 0.
0.989 -0.147 -0. 88.661 -0.147 -0.989 -0. -4.688 0. 0. -1. 0.
0.980 -0.198 -0. 90.527 -0.198 -0.980 -0. -5.022 0. 0. -1. 0.
0.969 -0.247 -0. 92.293 -0.247 -0.969 -0. -5.504 0. 0. -1. 0.
0.955 -0.298 -0. 94.067 -0.298 -0.955 -0. -6.087 0. 0. -1. 0.
0.940 -0.340 -0. 95.785 -0.340 -0.940 -0. -6.740 0. 0. -1. 0.
0.920 -0.392 -0. 97.500 -0.392 -0.920 -0. -7.301 0. 0. -1. 0.
0.896 -0.444 -0. 99.133 -0.444 -0.896 -0. -8.174 0. 0. -1. 0.
0.869 -0.495 -0. 100.653 -0.495 -0.869 -0. -9.127 0. 0. -1. 0.
0.839 -0.545 -0. 102.175 -0.545 -0.839 -0. -10.042 0. 0. -1. 0.
0.810 -0.586 -0. 103.639 -0.586 -0.810 -0. -11.134 0. 0. -1. 0.
0.767 -0.641 -0. 105.109 -0.641 -0.767 -0. -12.255 0. 0. -1. 0.
0.724 -0.689 -0. 106.376 -0.689 -0.724 -0. -13.470 0. 0. -1. 0.
0.675 -0.737 -0. 107.486 -0.737 -0.675 -0. -14.816 0. 0. -1. 0.
0.631 -0.776 -0. 108.541 -0.776 -0.631 -0. -16.189 0. 0. -1. 0.
0.583 -0.813 -0. 109.642 -0.813 -0.583 -0. -17.582 0. 0. -1. 0.
0.536 -0.844 -0. 110.556 -0.844 -0.536 -0. -19.030 0. 0. -1. 0.
0.488 -0.873 -0. 111.264 -0.873 -0.488 -0. -20.602 0. 0. -1. 0.
0.452 -0.892 -0. 112.009 -0.892 -0.452 -0. -22.235 0. 0. -1. 0.
0.428 -0.904 -0. 112.668 -0.904 -0.428 -0. -23.842 0. 0. -1. 0.
0.411 -0.911 -0. 113.512 -0.911 -0.411 -0. -25.414 0. 0. -1. 0.
0.387 -0.922 -0. 114.188 -0.922 -0.387 -0. -27.101 0. 0. -1. 0.
0.364 -0.931 -0. 114.822 -0.931 -0.364 -0. -28.757 0. 0. -1. 0.
0.362 -0.932 -0. 115.539 -0.932 -0.362 -0. -30.530 0. 0. -1. 0.
0.364 -0.931 -0. 116.250 -0.931 -0.364 -0. -32.241 0. 0. -1. 0.
0.366 -0.931 -0. 116.916 -0.931 -0.366 -0. -34.051 0. 0. -1. 0.
0.364 -0.931 -0. 117.652 -0.931 -0.364 -0. -35.842 0. 0. -1. 0.
0.367 -0.930 -0. 118.248 -0.930 -0.367 -0. -37.616 0. 0. -1. 0.
0.369 -0.930 -0. 119.004 -0.930 -0.369 -0. -39.390 0. 0. -1. 0.
0.381 -0.924 -0. 119.847 -0.924 -0.381 -0. -41.168 0. 0. -1. 0.
0.390 -0.921 -0. 120.455 -0.921 -0.390 -0. -43.111 0. 0. -1. 0.
0.410 -0.912 -0. 121.175 -0.912 -0.410 -0. -44.962 0. 0. -1. 0.
0.418 -0.908 -0. 121.996 -0.908 -0.418 -0. -46.751 0. 0. -1. 0.
0.435 -0.901 -0. 122.967 -0.901 -0.435 -0. -48.466 0. 0. -1. 0.
0.459 -0.888 -0. 123.669 -0.888 -0.459 -0. -50.332 0. 0. -1. 0.
0.479 -0.878 -0. 124.675 -0.878 -0.479 -0. -52.096 0. 0. -1. 0.
0.490 -0.872 -0. 125.651 -0.872 -0.490 -0. -53.812 0. 0. -1. 0.
0.507 -0.862 -0. 126.651 -0.862 -0.507 -0. -55.419 0. 0. -1. 0.
0.531 -0.848 -0. 127.578 -0.848 -0.531 -0. -57.206 0. 0. -1. 0.
0.537 -0.843 -0. 128.531 -0.843 -0.537 -0. -58.827 0. 0. -1. 0.
0.557 -0.830 -0. 129.697 -0.830 -0.557 -0. -60.381 0. 0. -1. 0.
0.570 -0.822 -0. 130.608 -0.822 -0.570 -0. -62.034 0. 0. -1. 0.
0.590 -0.807 -0. 131.719 -0.807 -0.590 -0. -63.526 0. 0. -1. 0.
0.606 -0.795 -0. 132.868 -0.795 -0.606 -0. -64.996 0. 0. -1. 0.
0.626 -0.780 -0. 134.111 -0.780 -0.626 -0. -66.430 0. 0. -1. 0.
0.653 -0.757 -0. 135.115 -0.757 -0.653 -0. -67.922 0. 0. -1. 0.
0.665 -0.747 -0. 136.400 -0.747 -0.665 -0. -69.388 0. 0. -1. 0.
0.689 -0.725 -0. 137.566 -0.725 -0.689 -0. -70.509 0. 0. -1. 0.
0.708 -0.706 -0. 138.769 -0.706 -0.708 -0. -71.841 0. 0. -1. 0.
0.732 -0.682 -0. 140.017 -0.682 -0.732 -0. -73.067 0. 0. -1. 0.
0.763 -0.647 -0. 141.280 -0.647 -0.763 -0. -74.059 0. 0. -1. 0.
0.800 -0.600 -0. 142.529 -0.600 -0.800 -0. -75.036 0. 0. -1. 0.
0.848 -0.529 -0. 143.784 -0.529 -0.848 -0. -75.922 0. 0. -1. 0.
0.895 -0.446 -0. 145.091 -0.446 -0.895 -0. -76.588 0. 0. -1. 0.
0.940 -0.342 -0. 146.295 -0.342 -0.940 -0. -77.094 0. 0. -1. 0.
0.975 -0.222 -0. 147.530 -0.222 -0.975 -0. -77.337 0. 0. -1. 0.
0.996 -0.086 -0. 148.669 -0.086 -0.996 -0. -77.434 0. 0. -1. 0.
0.998 0.068 0. 149.778 0.068 -0.998 -0. -77.345 0. 0. -1. 0.
0.975 0.223 0. 150.815 0.223 -0.975 -0. -77.095 0. 0. -1. 0.
0.924 0.382 0. 151.739 0.382 -0.924 -0. -76.614 0. 0. -1. 0.
0.837 0.546 0. 152.614 0.546 -0.837 -0. -76.091 0. 0. -1. 0.
0.728 0.686 0. 153.321 0.686 -0.728 -0. -75.404 0. 0. -1. 0.
0.590 0.807 0. 153.813 0.807 -0.590 -0. -74.563 0. 0. -1. 0.
0.426 0.905 0. 154.158 0.905 -0.426 -0. -73.720 0. 0. -1. 0.
0.243 0.970 0. 154.373 0.970 -0.243 -0. -72.800 0. 0. -1. 0.
0.062 0.998 0. 154.376 0.998 -0.062 -0. -71.845 0. 0. -1. 0.
-0.122 0.992 0. 154.168 0.992 0.122 0. -70.930 0. 0. -1. 0.
-0.297 0.955 0. 153.965 0.955 0.297 0. -69.912 0. 0. -1. 0.
-0.448 0.894 0. 153.408 0.894 0.448 0. -69.023 0. 0. -1. 0.
-0.588 0.809 0. 152.806 0.809 0.588 0. -68.167 0. 0. -1. 0.
-0.696 0.718 0. 151.964 0.718 0.696 0. -67.306 0. 0. -1. 0.
-0.791 0.612 0. 151.002 0.612 0.791 0. -66.575 0. 0. -1. 0.
-0.852 0.523 0. 149.925 0.523 0.852 0. -65.873 0. 0. -1. 0.
-0.892 0.451 0. 148.872 0.451 0.892 0. -65.414 0. 0. -1. 0.
-0.919 0.395 0. 147.523 0.395 0.919 0. -64.856 0. 0. -1. 0.
-0.930 0.367 0. 146.367 0.367 0.930 0. -64.375 0. 0. -1. 0.
-0.940 0.340 0. 145.025 0.340 0.940 0. -63.899 0. 0. -1. 0.
-0.941 0.339 0. 143.699 0.339 0.941 0. -63.319 0. 0. -1. 0.
-0.937 0.349 0. 142.239 0.349 0.937 0. -62.805 0. 0. -1. 0.
-0.928 0.373 0. 140.775 0.373 0.928 0. -62.295 0. 0. -1. 0.
-0.915 0.404 0. 139.385 0.404 0.915 0. -61.701 0. 0. -1. 0.
-0.896 0.444 0. 137.933 0.444 0.896 0. -61.047 0. 0. -1. 0.
-0.883 0.470 0. 136.509 0.470 0.883 0. -60.177 0. 0. -1. 0.
-0.858 0.513 0. 135.014 0.513 0.858 0. -59.211 0. 0. -1. 0.
-0.837 0.547 0. 133.738 0.547 0.837 0. -58.325 0. 0. -1. 0.
-0.803 0.597 0. 132.226 0.597 0.803 0. -57.208 0. 0. -1. 0.
-0.777 0.630 0. 130.938 0.630 0.777 0. -56.009 0. 0. -1. 0.
-0.742 0.670 0. 129.476 0.670 0.742 0. -54.825 0. 0. -1. 0.
-0.706 0.708 0. 128.304 0.708 0.706 0. -53.525 0. 0. -1. 0.
-0.664 0.748 0. 127.075 0.748 0.664 0. -52.072 0. 0. -1. 0.
-0.624 0.781 0. 125.968 0.781 0.624 0. -50.550 0. 0. -1. 0.
-0.582 0.813 0. 124.749 0.813 0.582 0. -49.106 0. 0. -1. 0.
-0.540 0.842 0. 123.725 0.842 0.540 0. -47.537 0. 0. -1. 0.
-0.506 0.862 0. 122.901 0.862 0.506 0. -45.931 0. 0. -1. 0.
-0.475 0.880 0. 122.051 0.880 0.475 0. -44.289 0. 0. -1. 0.
-0.442 0.897 0. 121.174 0.897 0.442 0. -42.679 0. 0. -1. 0.
-0.418 0.909 0. 120.546 0.909 0.418 0. -40.953 0. 0. -1. 0.
-0.400 0.916 0. 119.830 0.916 0.400 0. -39.241 0. 0. -1. 0.
-0.392 0.920 0. 119.220 0.920 0.392 0. -37.537 0. 0. -1. 0.
-0.381 0.924 0. 118.581 0.924 0.381 0. -35.810 0. 0. -1. 0.
-0.374 0.927 0. 117.976 0.927 0.374 0. -34.047 0. 0. -1. 0.
-0.362 0.932 0. 117.321 0.932 0.362 0. -32.204 0. 0. -1. 0.
-0.366 0.931 0. 116.609 0.931 0.366 0. -30.351 0. 0. -1. 0.
-0.374 0.927 0. 115.859 0.927 0.374 0. -28.593 0. 0. -1. 0.
-0.383 0.924 0. 115.128 0.924 0.383 0. -26.761 0. 0. -1. 0.
-0.411 0.912 0. 114.111 0.912 0.411 0. -25.028 0. 0. -1. 0.
-0.443 0.897 0. 113.641 0.897 0.443 0. -23.203 0. 0. -1. 0.
-0.471 0.882 0. 112.714 0.882 0.471 0. -21.489 0. 0. -1. 0.
-0.506 0.863 0. 111.835 0.863 0.506 0. -19.820 0. 0. -1. 0.
-0.546 0.838 0. 110.847 0.838 0.546 0. -18.266 0. 0. -1. 0.
-0.584 0.812 0. 109.694 0.812 0.584 0. -16.799 0. 0. -1. 0.
-0.622 0.783 0. 108.612 0.783 0.622 0. -15.301 0. 0. -1. 0.
-0.665 0.747 0. 107.463 0.747 0.665 0. -13.968 0. 0. -1. 0.
-0.708 0.707 0. 106.336 0.707 0.708 0. -12.591 0. 0. -1. 0.
-0.751 0.660 0. 104.903 0.660 0.751 0. -11.479 0. 0. -1. 0.
-0.798 0.602 0. 103.524 0.602 0.798 0. -10.311 0. 0. -1. 0.
-0.831 0.556 0. 102.022 0.556 0.831 0. -9.256 0. 0. -1. 0.
-0.868 0.497 0. 100.467 0.497 0.868 0. -8.324 0. 0. -1. 0.
-0.897 0.443 0. 98.741 0.443 0.897 0. -7.481 0. 0. -1. 0.
-0.922 0.386 0. 97.119 0.386 0.922 0. -6.672 0. 0. -1. 0.
-0.942 0.334 0. 95.253 0.334 0.942 0. -6.091 0. 0. -1. 0.
-0.959 0.284 0. 93.353 0.284 0.959 0. -5.589 0. 0. -1. 0.
-0.972 0.236 0. 91.501 0.236 0.972 0. -5.027 0. 0. -1. 0.
-0.981 0.194 0. 89.593 0.194 0.981 0. -4.656 0. 0. -1. 0.
-0.986 0.164 0. 87.603 0.164 0.986 0. -4.284 0. 0. -1. 0.
-0.990 0.138 0. 85.632 0.138 0.990 0. -4.054 0. 0. -1. 0.
-0.995 0.104 0. 83.668 0.104 0.995 0. -3.804 0. 0. -1. 0.
-0.997 0.080 0. 81.655 0.080 0.997 0. -3.527 0. 0. -1. 0.
-0.998 0.059 0. 79.593 0.059 0.998 0. -3.426 0. 0. -1. 0.
-0.999 0.042 0. 77.534 0.042 0.999 0. -3.405 0. 0. -1. 0.
-1.000 0.026 0. 75.526 0.026 1.000 0. -3.180 0. 0. -1. 0.
-1.000 0.015 0. 73.449 0.015 1.000 0. -3.147 0. 0. -1. 0.
-1. 0.007 0. 71.426 0.007 1. 0. -3.119 0. 0. -1. 0.
-1. 0.009 0. 69.423 0.009 1. 0. -3.128 0. 0. -1. 0.
-1. -0.001 -0. 67.443 -0.001 1. 0. -3.142 0. 0. -1. 0.
-1. 0.001 0. 65.492 0.001 1. 0. -3.113 0. 0. -1. 0.
-1. -0.006 -0. 63.457 -0.006 1. 0. -3.089 0. 0. -1. 0.
-1. 0.001 0. 61.569 0.001 1. 0. -2.950 0. 0. -1. 0.
-1. -0.001 -0. 59.673 -0.001 1. 0. -2.872 0. 0. -1. 0.
-1. -0.000 -0. 57.803 -0.000 1. 0. -2.867 0. 0. -1. 0.
-1. 0.002 0. 56.029 0.002 1. 0. -2.887 0. 0. -1. 0.
-1. -0.002 -0. 54.172 -0.002 1. 0. -2.781 0. 0. -1. 0.
-1. -0.007 -0. 52.383 -0.007 1. 0. -2.800 0. 0. -1. 0.
-1. -0.011 -0. 50.611 -0.011 1. 0. -2.773 0. 0. -1. 0.
-1. -0.006 -0. 48.795 -0.006 1. 0. -2.789 0. 0. -1. 0.
-1. -0.010 -0. 47.025 -0.010 1. 0. -2.773 0. 0. -1. 0.
-1. -0.012 -0. 45.173 -0.012 1. 0. -2.778 0. 0. -1. 0.
-1. -0.007 -0. 43.286 -0.007 1. 0. -2.755 0. 0. -1. 0.
-1. -0.008 -0. 41.418 -0.008 1. 0. -2.680 0. 0. -1. 0.
-1. 0.006 0. 39.528 0.006 1. 0. -2.778 0. 0. -1. 0.
-1. 0.012 0. 37.602 0.012 1. 0. -2.693 0. 0. -1. 0.
-1.000 0.021 0. 35.636 0.021 1.000 0. -2.583 0. 0. -1. 0.
-1.000 0.021 0. 33.781 0.021 1.000 0. -2.518 0. 0. -1. 0.
-0.999 0.035 0. 31.734 0.035 0.999 0. -2.447 0. 0. -1. 0.
-0.999 0.047 0. 29.879 0.047 0.999 0. -2.395 0. 0. -1. 0.
-0.999 0.048 0. 27.931 0.048 0.999 0. -2.212 0. 0. -1. 0.
-0.998 0.056 0. 25.982 0.056 0.998 0. -2.144 0. 0. -1. 0.
-0.998 0.061 0. 24.099 0.061 0.998 0. -1.949 0. 0. -1. 0.
-0.998 0.065 0. 22.172 0.065 0.998 0. -1.808 0. 0. -1. 0.
-0.997 0.072 0. 20.261 0.072 0.997 0. -1.585 0. 0. -1. 0.
-0.997 0.075 0. 18.344 0.075 0.997 0. -1.286 0. 0. -1. 0.
-0.996 0.085 0. 16.457 0.085 0.996 0. -1.247 0. 0. -1. 0.
-0.996 0.094 0. 14.566 0.094 0.996 0. -1.097 0. 0. -1. 0.
-0.995 0.095 0. 12.662 0.095 0.995 0. -0.930 0. 0. -1. 0.
-0.995 0.103 0. 10.669 0.103 0.995 0. -0.722 0. 0. -1. 0.
-0.995 0.095 0. 8.765 0.095 0.995 0. -0.504 0. 0. -1. 0.
-0.995 0.095 0. 6.811 0.095 0.995 0. -0.311 0. 0. -1. 0.
-0.994 0.107 0. 4.689 0.107 0.994 0. -0.187 0. 0. -1. 0.
-0.996 0.093 0. 2.676 0.093 0.996 0. 0.212 0. 0. -1. 0.
-0.994 0.105 0. 0.576 0.105 0.994 0. 0.431 0. 0. -1. 0.
-0.995 0.098 0. -1.447 0.098 0.995 0. 0.702 0. 0. -1. 0.
-0.996 0.093 0. -3.507 0.093 0.996 0. 0.850 0. 0. -1. 0.
-0.997 0.078 0. -5.586 0.078 0.997 0. 1.146 0. 0. -1. 0.
-0.997 0.075 0. -7.638 0.075 0.997 0. 1.322 0. 0. -1. 0.
-0.997 0.075 0. -9.793 0.075 0.997 0. 1.542 0. 0. -1. 0.
-0.998 0.070 0. -11.938 0.070 0.998 0. 1.615 0. 0. -1. 0.
-0.998 0.064 0. -14.026 0.064 0.998 0. 1.865 0. 0. -1. 0.
-0.999 0.048 0. -16.146 0.048 0.999 0. 1.934 0. 0. -1. 0.
-0.999 0.045 0. -18.374 0.045 0.999 0. 2.109 0. 0. -1. 0.
-0.999 0.042 0. -20.500 0.042 0.999 0. 2.092 0. 0. -1. 0.
-0.999 0.040 0. -22.714 0.040 0.999 0. 2.365 0. 0. -1. 0.
-0.999 0.038 0. -24.858 0.038 0.999 0. 2.489 0. 0. -1. 0.
-0.999 0.034 0. -27.060 0.034 0.999 0. 2.555 0. 0. -1. 0.
-0.999 0.033 0. -29.224 0.033 0.999 0. 2.587 0. 0. -1. 0.
-1.000 0.026 0. -31.375 0.026 1.000 0. 2.634 0. 0. -1. 0.
-1.000 0.022 0. -33.510 0.022 1.000 0. 2.663 0. 0. -1. 0.
-1.000 0.025 0. -35.608 0.025 1.000 0. 2.686 0. 0. -1. 0.
-1.000 0.026 0. -37.740 0.026 1.000 0. 2.802 0. 0. -1. 0.
-1.000 0.028 0. -39.788 0.028 1.000 0. 2.954 0. 0. -1. 0.
-1.000 0.029 0. -41.830 0.029 1.000 0. 3.038 0. 0. -1. 0.
-0.999 0.032 0. -43.801 0.032 0.999 0. 3.143 0. 0. -1. 0.
-1.000 0.027 0. -45.631 0.027 1.000 0. 3.198 0. 0. -1. 0.
-0.999 0.034 0. -47.334 0.034 0.999 0. 3.344 0. 0. -1. 0.
-1.000 0.024 0. -49.011 0.024 1.000 0. 3.448 0. 0. -1. 0.
-1.000 0.026 0. -50.636 0.026 1.000 0. 3.490 0. 0. -1. 0.
-1.000 0.025 0. -52.220 0.025 1.000 0. 3.540 0. 0. -1. 0.
-1.000 0.024 0. -53.610 0.024 1.000 0. 3.604 0. 0. -1. 0.
-1.000 0.027 0. -55.149 0.027 1.000 0. 3.661 0. 0. -1. 0.
-0.999 0.049 0. -56.423 0.049 0.999 0. 3.667 0. 0. -1. 0.
-0.999 0.054 0. -57.701 0.054 0.999 0. 3.764 0. 0. -1. 0.
-0.997 0.075 0. -58.883 0.075 0.997 0. 3.922 0. 0. -1. 0.
-0.994 0.107 0. -60.020 0.107 0.994 0. 4.056 0. 0. -1. 0.
-0.990 0.140 0. -61.062 0.140 0.990 0. 4.237 0. 0. -1. 0.
-0.982 0.189 0. -62.104 0.189 0.982 0. 4.470 0. 0. -1. 0.
-0.973 0.229 0. -63.061 0.229 0.973 0. 4.740 0. 0. -1. 0.
-0.953 0.303 0. -63.992 0.303 0.953 0. 5.057 0. 0. -1. 0.
-0.925 0.380 0. -64.892 0.380 0.925 0. 5.449 0. 0. -1. 0.
-0.892 0.452 0. -65.795 0.452 0.892 0. 5.831 0. 0. -1. 0.
-0.840 0.543 0. -66.530 0.543 0.840 0. 6.436 0. 0. -1. 0.
-0.780 0.626 0. -67.189 0.626 0.780 0. 7.050 0. 0. -1. 0.
-0.702 0.713 0. -67.821 0.713 0.702 0. 7.681 0. 0. -1. 0.
-0.622 0.783 0. -68.382 0.783 0.622 0. 8.365 0. 0. -1. 0.
-0.530 0.848 0. -68.881 0.848 0.530 0. 9.284 0. 0. -1. 0.
-0.438 0.899 0. -69.303 0.899 0.438 0. 10.225 0. 0. -1. 0.
-0.346 0.938 0. -69.676 0.938 0.346 0. 11.161 0. 0. -1. 0.
-0.264 0.965 0. -69.939 0.965 0.264 0. 12.322 0. 0. -1. 0.
-0.190 0.982 0. -70.115 0.982 0.190 0. 13.424 0. 0. -1. 0.
-0.131 0.991 0. -70.305 0.991 0.131 0. 14.710 0. 0. -1. 0.
-0.087 0.996 0. -70.349 0.996 0.087 0. 15.960 0. 0. -1. 0.
-0.056 0.998 0. -70.512 0.998 0.056 0. 17.297 0. 0. -1. 0.
-0.032 0.999 0. -70.356 0.999 0.032 0. 18.757 0. 0. -1. 0.
-0.001 1. 0. -70.374 1. 0.001 0. 20.147 0. 0. -1. 0.
0.009 1. 0. -70.382 1. -0.009 -0. 21.584 0. 0. -1. 0.
0.030 1.000 0. -70.255 1.000 -0.030 -0. 23.070 0. 0. -1. 0.
0.021 1.000 0. -70.317 1.000 -0.021 -0. 24.597 0. 0. -1. 0.
0.029 1.000 0. -70.140 1.000 -0.029 -0. 26.208 0. 0. -1. 0.
0.022 1.000 0. -70.242 1.000 -0.022 -0. 27.829 0. 0. -1. 0.
0.032 1.000 0. -70.081 1.000 -0.032 -0. 29.433 0. 0. -1. 0.
0.036 0.999 0. -70.100 0.999 -0.036 -0. 31.140 0. 0. -1. 0.
0.047 0.999 0. -69.885 0.999 -0.047 -0. 32.825 0. 0. -1. 0.
0.057 0.998 0. -69.818 0.998 -0.057 -0. 34.478 0. 0. -1. 0.
0.080 0.997 0. -69.644 0.997 -0.080 -0. 36.211 0. 0. -1. 0.
0.095 0.995 0. -69.415 0.995 -0.095 -0. 37.881 0. 0. -1. 0.
0.119 0.993 0. -69.189 0.993 -0.119 -0. 39.613 0. 0. -1. 0.
0.134 0.991 0. -68.799 0.991 -0.134 -0. 41.270 0. 0. -1. 0.
0.139 0.990 0. -68.507 0.990 -0.139 -0. 42.989 0. 0. -1. 0.
0.156 0.988 0. -68.239 0.988 -0.156 -0. 44.694 0. 0. -1. 0.
0.147 0.989 0. -67.960 0.989 -0.147 -0. 46.415 0. 0. -1. 0.
0.143 0.990 0. -67.702 0.990 -0.143 -0. 48.367 0. 0. -1. 0.
0.132 0.991 0. -67.408 0.991 -0.132 -0. 50.114 0. 0. -1. 0.
0.121 0.993 0. -67.117 0.993 -0.121 -0. 51.763 0. 0. -1. 0.
0.092 0.996 0. -67.022 0.996 -0.092 -0. 53.698 0. 0. -1. 0.
0.077 0.997 0. -66.772 0.997 -0.077 -0. 55.608 0. 0. -1. 0.
0.056 0.998 0. -66.601 0.998 -0.056 -0. 57.482 0. 0. -1. 0.
0.041 0.999 0. -66.516 0.999 -0.041 -0. 59.424 0. 0. -1. 0.
0.026 1.000 0. -66.408 1.000 -0.026 -0. 61.320 0. 0. -1. 0.
0.024 1.000 0. -66.382 1.000 -0.024 -0. 63.182 0. 0. -1. 0.
0.014 1. 0. -66.304 1. -0.014 -0. 65.143 0. 0. -1. 0.
0.010 1. 0. -66.305 1. -0.010 -0. 67.026 0. 0. -1. 0.
0.004 1. 0. -66.300 1. -0.004 -0. 68.789 0. 0. -1. 0.
-0.007 1. 0. -66.220 1. 0.007 0. 70.695 0. 0. -1. 0.
0.004 1. 0. -66.073 1. -0.004 -0. 72.530 0. 0. -1. 0.
-0.007 1. 0. -66.189 1. 0.007 0. 74.301 0. 0. -1. 0.
-0.011 1. 0. -66.176 1. 0.011 0. 76.064 0. 0. -1. 0.
-0.013 1. 0. -66.135 1. 0.013 0. 77.814 0. 0. -1. 0.
-0.020 1.000 0. -66.145 1.000 0.020 0. 79.579 0. 0. -1. 0.
-0.029 1.000 0. -66.144 1.000 0.029 0. 81.194 0. 0. -1. 0.
-0.067 0.998 0. -66.280 0.998 0.067 0. 82.866 0. 0. -1. 0.
-0.093 0.996 0. -66.406 0.996 0.093 0. 84.495 0. 0. -1. 0.
-0.147 0.989 0. -66.669 0.989 0.147 0. 86.038 0. 0. -1. 0.
-0.204 0.979 0. -66.915 0.979 0.204 0. 87.527 0. 0. -1. 0.
-0.284 0.959 0. -67.275 0.959 0.284 0. 89.066 0. 0. -1. 0.
-0.358 0.934 0. -67.780 0.934 0.358 0. 90.472 0. 0. -1. 0.
-0.440 0.898 0. -68.317 0.898 0.440 0. 91.737 0. 0. -1. 0.
-0.518 0.855 0. -69.016 0.855 0.518 0. 92.965 0. 0. -1. 0.
-0.601 0.799 0. -69.824 0.799 0.601 0. 94.088 0. 0. -1. 0.
-0.683 0.731 0. -70.778 0.731 0.683 0. 95.091 0. 0. -1. 0.
-0.754 0.657 0. -71.767 0.657 0.754 0. 96.043 0. 0. -1. 0.
-0.817 0.577 0. -72.861 0.577 0.817 0. 96.740 0. 0. -1. 0.
-0.871 0.490 0. -73.903 0.490 0.871 0. 97.390 0. 0. -1. 0.
-0.914 0.405 0. -75.033 0.405 0.914 0. 97.916 0. 0. -1. 0.
-0.944 0.329 0. -76.290 0.329 0.944 0. 98.206 0. 0. -1. 0.
-0.963 0.269 0. -77.463 0.269 0.963 0. 98.602 0. 0. -1. 0.
-0.973 0.230 0. -78.887 0.230 0.973 0. 98.841 0. 0. -1. 0.
-0.977 0.212 0. -80.197 0.212 0.977 0. 99.215 0. 0. -1. 0.
-0.979 0.205 0. -81.423 0.205 0.979 0. 99.725 0. 0. -1. 0.
-0.978 0.207 0. -82.945 0.207 0.978 0. 99.870 0. 0. -1. 0.
-0.977 0.215 0. -84.450 0.215 0.977 0. 100.203 0. 0. -1. 0.
-0.969 0.249 0. -85.968 0.249 0.969 0. 100.565 0. 0. -1. 0.
-0.954 0.301 0. -87.469 0.301 0.954 0. 101.046 0. 0. -1. 0.
-0.938 0.345 0. -88.981 0.345 0.938 0. 101.678 0. 0. -1. 0.
-0.918 0.395 0. -90.453 0.395 0.918 0. 102.357 0. 0. -1. 0.
-0.893 0.451 0. -91.879 0.451 0.893 0. 103.103 0. 0. -1. 0.
-0.862 0.506 0. -93.277 0.506 0.862 0. 104.109 0. 0. -1. 0.
-0.837 0.548 0. -94.723 0.548 0.837 0. 105.065 0. 0. -1. 0.
-0.801 0.599 0. -96.146 0.599 0.801 0. 106.152 0. 0. -1. 0.
-0.781 0.625 0. -97.575 0.625 0.781 0. 107.160 0. 0. -1. 0.
-0.759 0.651 0. -99.002 0.651 0.759 0. 108.424 0. 0. -1. 0.
-0.735 0.679 0. -100.366 0.679 0.735 0. 109.725 0. 0. -1. 0.
-0.722 0.692 0. -101.796 0.692 0.722 0. 111.028 0. 0. -1. 0.
-0.711 0.703 0. -103.124 0.703 0.711 0. 112.650 0. 0. -1. 0.
-0.700 0.714 0. -104.666 0.714 0.700 0. 113.921 0. 0. -1. 0.
-0.696 0.718 0. -106.109 0.718 0.696 0. 115.431 0. 0. -1. 0.
-0.698 0.716 0. -107.562 0.716 0.698 0. 116.962 0. 0. -1. 0.
-0.699 0.715 0. -108.947 0.715 0.699 0. 118.580 0. 0. -1. 0.
-0.702 0.712 0. -110.514 0.712 0.702 0. 120.160 0. 0. -1. 0.
-0.704 0.710 0. -112.014 0.710 0.704 0. 121.892 0. 0. -1. 0.
-0.705 0.709 0. -113.698 0.709 0.705 0. 123.366 0. 0. -1. 0.
-0.700 0.714 0. -115.252 0.714 0.700 0. 125.107 0. 0. -1. 0.
-0.703 0.711 0. -116.870 0.711 0.703 0. 126.804 0. 0. -1. 0.
-0.702 0.712 0. -118.518 0.712 0.702 0. 128.606 0. 0. -1. 0.
-0.702 0.712 0. -120.266 0.712 0.702 0. 130.283 0. 0. -1. 0.
-0.703 0.711 0. -121.913 0.711 0.703 0. 132.097 0. 0. -1. 0.
-0.699 0.715 0. -123.636 0.715 0.699 0. 133.803 0. 0. -1. 0.
-0.704 0.711 0. -125.271 0.711 0.704 0. 135.704 0. 0. -1. 0.
-0.705 0.710 0. -127.021 0.710 0.705 0. 137.417 0. 0. -1. 0.
-0.697 0.717 0. -128.757 0.717 0.697 0. 139.225 0. 0. -1. 0.
-0.700 0.714 0. -130.393 0.714 0.700 0. 141.066 0. 0. -1. 0.
-0.697 0.717 0. -132.158 0.717 0.697 0. 142.854 0. 0. -1. 0.
-0.700 0.714 0. -133.814 0.714 0.700 0. 144.676 0. 0. -1. 0.
-0.693 0.721 0. -135.551 0.721 0.693 0. 146.496 0. 0. -1. 0.
-0.697 0.717 0. -137.219 0.717 0.697 0. 148.332 0. 0. -1. 0.
-0.689 0.725 0. -139.070 0.725 0.689 0. 150.108 0. 0. -1. 0.
-0.681 0.732 0. -140.621 0.732 0.681 0. 152.075 0. 0. -1. 0.
-0.669 0.743 0. -142.357 0.743 0.669 0. 153.924 0. 0. -1. 0.
-0.649 0.761 0. -143.874 0.761 0.649 0. 155.807 0. 0. -1. 0.
-0.635 0.772 0. -145.401 0.772 0.635 0. 157.777 0. 0. -1. 0.
-0.613 0.790 0. -146.862 0.790 0.613 0. 159.758 0. 0. -1. 0.
-0.587 0.810 0. -148.178 0.810 0.587 0. 161.733 0. 0. -1. 0.
-0.556 0.831 0. -149.567 0.831 0.556 0. 163.748 0. 0. -1. 0.
-0.525 0.851 0. -150.716 0.851 0.525 0. 165.745 0. 0. -1. 0.
-0.494 0.869 0. -151.902 0.869 0.494 0. 167.802 0. 0. -1. 0.
-0.454 0.891 0. -152.983 0.891 0.454 0. 169.834 0. 0. -1. 0.
-0.422 0.906 0. -153.894 0.906 0.422 0. 171.901 0. 0. -1. 0.
-0.385 0.923 0. -154.779 0.923 0.385 0. 173.976 0. 0. -1. 0.
-0.342 0.940 0. -155.554 0.940 0.342 0. 176.053 0. 0. -1. 0.
-0.304 0.953 0. -156.075 0.953 0.304 0. 178.102 0. 0. -1. 0.
-0.263 0.965 0. -156.619 0.965 0.263 0. 180.238 0. 0. -1. 0.
-0.220 0.975 0. -157.090 0.975 0.220 0. 182.440 0. 0. -1. 0.
-0.187 0.982 0. -157.502 0.982 0.187 0. 184.626 0. 0. -1. 0.
-0.160 0.987 0. -157.786 0.987 0.160 0. 186.819 0. 0. -1. 0.
-0.146 0.989 0. -157.966 0.989 0.146 0. 189.023 0. 0. -1. 0.
-0.127 0.992 0. -158.309 0.992 0.127 0. 191.303 0. 0. -1. 0.
-0.117 0.993 0. -158.567 0.993 0.117 0. 193.526 0. 0. -1. 0.
-0.112 0.994 0. -158.634 0.994 0.112 0. 195.778 0. 0. -1. 0.
-0.101 0.995 0. -158.942 0.995 0.101 0. 198.052 0. 0. -1. 0.
-0.090 0.996 0. -158.995 0.996 0.090 0. 200.345 0. 0. -1. 0.
-0.088 0.996 0. -159.227 0.996 0.088 0. 202.595 0. 0. -1. 0.
-0.094 0.996 0. -159.333 0.996 0.094 0. 204.886 0. 0. -1. 0.
-0.100 0.995 0. -159.431 0.995 0.100 0. 207.197 0. 0. -1. 0.
-0.113 0.994 0. -159.603 0.994 0.113 0. 209.435 0. 0. -1. 0.
-0.130 0.992 0. -159.858 0.992 0.130 0. 211.753 0. 0. -1. 0.
-0.146 0.989 0. -160.488 0.989 0.146 0. 213.888 0. 0. -1. 0.
-0.176 0.984 0. -160.729 0.984 0.176 0. 216.022 0. 0. -1. 0.
-0.209 0.978 0. -160.938 0.978 0.209 0. 218.215 0. 0. -1. 0.
-0.244 0.970 0. -161.600 0.970 0.244 0. 220.334 0. 0. -1. 0.
-0.298 0.955 0. -161.937 0.955 0.298 0. 222.342 0. 0. -1. 0.
-0.349 0.937 0. -162.801 0.937 0.349 0. 224.397 0. 0. -1. 0.
-0.397 0.918 0. -163.706 0.918 0.397 0. 226.157 0. 0. -1. 0.
-0.454 0.891 0. -164.524 0.891 0.454 0. 228.082 0. 0. -1. 0.
-0.520 0.854 0. -165.530 0.854 0.520 0. 229.806 0. 0. -1. 0.
-0.582 0.813 0. -166.691 0.813 0.582 0. 231.415 0. 0. -1. 0.
-0.641 0.767 0. -167.996 0.767 0.641 0. 232.935 0. 0. -1. 0.
-0.699 0.715 0. -169.365 0.715 0.699 0. 234.330 0. 0. -1. 0.
-0.750 0.662 0. -170.772 0.662 0.750 0. 235.747 0. 0. -1. 0.
-0.799 0.601 0. -172.257 0.601 0.799 0. 236.962 0. 0. -1. 0.
-0.843 0.538 0. -173.995 0.538 0.843 0. 238.060 0. 0. -1. 0.
-0.878 0.478 0. -175.819 0.478 0.878 0. 239.011 0. 0. -1. 0.
-0.904 0.428 0. -177.504 0.428 0.904 0. 240.005 0. 0. -1. 0.
-0.920 0.391 0. -179.376 0.391 0.920 0. 240.811 0. 0. -1. 0.
-0.935 0.356 0. -181.277 0.356 0.935 0. 241.597 0. 0. -1. 0.
-0.945 0.326 0. -183.209 0.326 0.945 0. 242.364 0. 0. -1. 0.
-0.952 0.306 0. -185.169 0.306 0.952 0. 243.057 0. 0. -1. 0.
-0.955 0.295 0. -187.232 0.295 0.955 0. 243.710 0. 0. -1. 0.
-0.958 0.286 0. -189.276 0.286 0.958 0. 244.336 0. 0. -1. 0.
-0.961 0.277 0. -191.395 0.277 0.961 0. 244.906 0. 0. -1. 0.
-0.963 0.269 0. -193.510 0.269 0.963 0. 245.591 0. 0. -1. 0.
-0.962 0.274 0. -195.657 0.274 0.962 0. 246.246 0. 0. -1. 0.
-0.961 0.278 0. -197.788 0.278 0.961 0. 246.946 0. 0. -1. 0.
-0.960 0.279 0. -199.922 0.279 0.960 0. 247.525 0. 0. -1. 0.
-0.962 0.273 0. -201.982 0.273 0.962 0. 248.235 0. 0. -1. 0.
-0.961 0.276 0. -204.168 0.276 0.961 0. 248.917 0. 0. -1. 0.
-0.960 0.279 0. -206.184 0.279 0.960 0. 249.504 0. 0. -1. 0.
-0.960 0.278 0. -208.369 0.278 0.960 0. 250.082 0. 0. -1. 0.
-0.960 0.279 0. -210.333 0.279 0.960 0. 250.838 0. 0. -1. 0.
-0.959 0.284 0. -212.395 0.284 0.959 0. 251.393 0. 0. -1. 0.
-0.958 0.287 0. -214.397 0.287 0.958 0. 252.027 0. 0. -1. 0.
-0.956 0.294 0. -216.450 0.294 0.956 0. 252.673 0. 0. -1. 0.
-0.953 0.303 0. -218.420 0.303 0.953 0. 253.417 0. 0. -1. 0.
-0.951 0.308 0. -220.225 0.308 0.951 0. 253.965 0. 0. -1. 0.
-0.949 0.315 0. -222.266 0.315 0.949 0. 254.585 0. 0. -1. 0.
-0.948 0.318 0. -223.992 0.318 0.948 0. 255.210 0. 0. -1. 0.
-0.945 0.328 0. -225.786 0.328 0.945 0. 255.935 0. 0. -1. 0.
-0.940 0.342 0. -227.483 0.342 0.940 0. 256.548 0. 0. -1. 0.
-0.936 0.353 0. -229.004 0.353 0.936 0. 257.130 0. 0. -1. 0.
-0.930 0.368 0. -230.529 0.368 0.930 0. 257.811 0. 0. -1. 0.
-0.924 0.382 0. -232.001 0.382 0.924 0. 258.445 0. 0. -1. 0.
-0.916 0.400 0. -233.355 0.400 0.916 0. 259.061 0. 0. -1. 0.
-0.909 0.416 0. -234.752 0.416 0.909 0. 259.667 0. 0. -1. 0.
-0.906 0.422 0. -236.028 0.422 0.906 0. 260.230 0. 0. -1. 0.
-0.904 0.428 0. -237.237 0.428 0.904 0. 260.889 0. 0. -1. 0.
-0.904 0.428 0. -238.385 0.428 0.904 0. 261.469 0. 0. -1. 0.
-0.903 0.431 0. -239.430 0.431 0.903 0. 261.970 0. 0. -1. 0.
-0.902 0.432 0. -240.338 0.432 0.902 0. 262.326 0. 0. -1. 0.
-0.901 0.433 0. -241.246 0.433 0.901 0. 262.897 0. 0. -1. 0.
-0.897 0.442 0. -242.076 0.442 0.897 0. 263.272 0. 0. -1. 0.
-0.895 0.446 0. -242.758 0.446 0.895 0. 263.738 0. 0. -1. 0.
-0.895 0.445 0. -243.224 0.445 0.895 0. 263.959 0. 0. -1. 0.
-0.892 0.453 0. -243.823 0.453 0.892 0. 264.307 0. 0. -1. 0.
-0.891 0.454 0. -244.197 0.454 0.891 0. 264.505 0. 0. -1. 0.
-0.894 0.449 0. -244.520 0.449 0.894 0. 264.630 0. 0. -1. 0.
-0.893 0.451 0. -244.872 0.451 0.893 0. 264.898 0. 0. -1. 0.
-0.891 0.454 0. -245.137 0.454 0.891 0. 264.999 0. 0. -1. 0.
-0.892 0.452 0. -245.308 0.452 0.892 0. 265.094 0. 0. -1. 0.
-0.889 0.458 0. -245.575 0.458 0.889 0. 265.206 0. 0. -1. 0.
-0.891 0.455 0. -245.595 0.455 0.891 0. 265.302 0. 0. -1. 0.
-0.889 0.458 0. -245.733 0.458 0.889 0. 265.402 0. 0. -1. 0.
-0.888 0.460 0. -245.784 0.460 0.888 0. 265.387 0. 0. -1. 0.
-0.889 0.459 0. -245.849 0.459 0.889 0. 265.328 0. 0. -1. 0.
-0.889 0.457 0. -245.972 0.457 0.889 0. 265.413 0. 0. -1. 0.
-0.890 0.457 0. -246.004 0.457 0.890 0. 265.502 0. 0. -1. 0.
-0.890 0.456 0. -245.927 0.456 0.890 0. 265.404 0. 0. -1. 0.
-0.889 0.459 0. -245.981 0.459 0.889 0. 265.465 0. 0. -1. 0.
-0.890 0.456 0. -245.870 0.456 0.890 0. 265.402 0. 0. -1. 0.
-0.892 0.452 0. -245.907 0.452 0.892 0. 265.448 0. 0. -1. 0.
-0.892 0.453 0. -245.914 0.453 0.892 0. 265.466 0. 0. -1. 0.
-0.889 0.457 0. -245.923 0.457 0.889 0. 265.455 0. 0. -1. 0.
-0.891 0.454 0. -245.883 0.454 0.891 0. 265.490 0. 0. -1. 0.
-0.889 0.459 0. -245.932 0.459 0.889 0. 265.388 0. 0. -1. 0.
-0.892 0.453 0. -245.922 0.453 0.892 0. 265.422 0. 0. -1. 0.
-0.889 0.459 0. -245.991 0.459 0.889 0. 265.429 0. 0. -1. 0.
-0.889 0.458 0. -245.914 0.458 0.889 0. 265.376 0. 0. -1. 0.
-0.890 0.456 0. -245.931 0.456 0.890 0. 265.443 0. 0. -1. 0.
-0.889 0.458 0. -245.920 0.458 0.889 0. 265.454 0. 0. -1. 0.
-0.890 0.455 0. -245.912 0.455 0.890 0. 265.409 0. 0. -1. 0.
-0.889 0.458 0. -245.938 0.458 0.889 0. 265.467 0. 0. -1. 0.
-0.890 0.456 0. -245.889 0.456 0.890 0. 265.410 0. 0. -1. 0.
-0.889 0.458 0. -245.906 0.458 0.889 0. 265.458 0. 0. -1. 0.
-0.892 0.452 0. -245.933 0.452 0.892 0. 265.463 0. 0. -1. 0.
-0.888 0.459 0. -245.934 0.459 0.888 0. 265.452 0. 0. -1. 0.
-0.892 0.452 0. -245.887 0.452 0.892 0. 265.446 0. 0. -1. 0.
-0.890 0.455 0. -245.925 0.455 0.890 0. 265.519 0. 0. -1. 0.
-0.890 0.456 0. -245.916 0.456 0.890 0. 265.428 0. 0. -1. 0.
-0.889 0.458 0. -246.067 0.458 0.889 0. 265.528 0. 0. -1. 0.
-0.889 0.457 0. -246.109 0.457 0.889 0. 265.481 0. 0. -1. 0.
-0.888 0.460 0. -246.353 0.460 0.888 0. 265.680 0. 0. -1. 0.
-0.887 0.463 0. -246.794 0.463 0.887 0. 265.861 0. 0. -1. 0.
-0.880 0.474 0. -247.135 0.474 0.880 0. 266.116 0. 0. -1. 0.
-0.872 0.489 0. -247.620 0.489 0.872 0. 266.399 0. 0. -1. 0.
-0.859 0.512 0. -248.120 0.512 0.859 0. 266.744 0. 0. -1. 0.
-0.840 0.542 0. -248.761 0.542 0.840 0. 267.063 0. 0. -1. 0.
-0.816 0.579 0. -249.402 0.579 0.816 0. 267.626 0. 0. -1. 0.
-0.787 0.616 0. -250.016 0.616 0.787 0. 268.019 0. 0. -1. 0.
-0.743 0.669 0. -250.698 0.669 0.743 0. 268.593 0. 0. -1. 0.
-0.698 0.716 0. -251.183 0.716 0.698 0. 269.213 0. 0. -1. 0.
-0.642 0.767 0. -251.811 0.767 0.642 0. 269.902 0. 0. -1. 0.
-0.579 0.815 0. -252.120 0.815 0.579 0. 270.690 0. 0. -1. 0.
-0.507 0.862 0. -252.592 0.862 0.507 0. 271.459 0. 0. -1. 0.
-0.444 0.896 0. -252.934 0.896 0.444 0. 272.322 0. 0. -1. 0.
-0.372 0.928 0. -253.254 0.928 0.372 0. 273.369 0. 0. -1. 0.
-0.287 0.958 0. -253.604 0.958 0.287 0. 274.395 0. 0. -1. 0.
-0.194 0.981 0. -253.762 0.981 0.194 0. 275.628 0. 0. -1. 0.
-0.108 0.994 0. -253.879 0.994 0.108 0. 276.918 0. 0. -1. 0.
-0.025 1.000 0. -253.944 1.000 0.025 0. 278.317 0. 0. -1. 0.
0.052 0.999 0. -253.849 0.999 -0.052 -0. 279.798 0. 0. -1. 0.
0.109 0.994 0. -253.494 0.994 -0.109 -0. 281.403 0. 0. -1. 0.
0.159 0.987 0. -253.222 0.987 -0.159 -0. 283.188 0. 0. -1. 0.
0.189 0.982 0. -252.756 0.982 -0.189 -0. 284.983 0. 0. -1. 0.
0.205 0.979 0. -252.318 0.979 -0.205 -0. 287.024 0. 0. -1. 0.
0.219 0.976 0. -251.886 0.976 -0.219 -0. 289.129 0. 0. -1. 0.
0.232 0.973 0. -251.303 0.973 -0.232 -0. 291.281 0. 0. -1. 0.
0.244 0.970 0. -250.847 0.970 -0.244 -0. 293.474 0. 0. -1. 0.
0.251 0.968 0. -250.157 0.968 -0.251 -0. 295.747 0. 0. -1. 0.
0.261 0.965 0. -249.441 0.965 -0.261 -0. 298.079 0. 0. -1. 0.
0.263 0.965 0. -248.820 0.965 -0.263 -0. 300.446 0. 0. -1. 0.
0.263 0.965 0. -248.092 0.965 -0.263 -0. 302.878 0. 0. -1. 0.
0.263 0.965 0. -247.369 0.965 -0.263 -0. 305.443 0. 0. -1. 0.
0.260 0.965 0. -246.564 0.965 -0.260 -0. 307.978 0. 0. -1. 0.
0.260 0.966 0. -245.818 0.966 -0.260 -0. 310.624 0. 0. -1. 0.
0.261 0.965 0. -245.058 0.965 -0.261 -0. 313.410 0. 0. -1. 0.
0.257 0.966 0. -244.236 0.966 -0.257 -0. 316.177 0. 0. -1. 0.
0.261 0.965 0. -243.408 0.965 -0.261 -0. 319.027 0. 0. -1. 0.
0.265 0.964 0. -242.542 0.964 -0.265 -0. 321.917 0. 0. -1. 0.
0.266 0.964 0. -241.795 0.964 -0.266 -0. 324.904 0. 0. -1. 0.
0.260 0.966 0. -240.747 0.966 -0.260 -0. 327.888 0. 0. -1. 0.
0.266 0.964 0. -239.949 0.964 -0.266 -0. 331.052 0. 0. -1. 0.
0.263 0.965 0. -238.899 0.965 -0.263 -0. 334.154 0. 0. -1. 0.
0.265 0.964 0. -237.965 0.964 -0.265 -0. 337.398 0. 0. -1. 0.
0.277 0.961 0. -237.109 0.961 -0.277 -0. 340.621 0. 0. -1. 0.
0.275 0.962 0. -236.019 0.962 -0.275 -0. 343.814 0. 0. -1. 0.
0.277 0.961 0. -235.050 0.961 -0.277 -0. 347.075 0. 0. -1. 0.
0.272 0.962 0. -234.086 0.962 -0.272 -0. 350.247 0. 0. -1. 0.
0.274 0.962 0. -233.103 0.962 -0.274 -0. 353.686 0. 0. -1. 0.
0.264 0.965 0. -232.049 0.965 -0.264 -0. 356.965 0. 0. -1. 0.
0.264 0.965 0. -231.078 0.965 -0.264 -0. 360.383 0. 0. -1. 0.
0.263 0.965 0. -230.053 0.965 -0.263 -0. 363.798 0. 0. -1. 0.
0.264 0.965 0. -229.138 0.965 -0.264 -0. 367.138 0. 0. -1. 0.
0.262 0.965 0. -228.127 0.965 -0.262 -0. 370.500 0. 0. -1. 0.
0.262 0.965 0. -227.408 0.965 -0.262 -0. 373.900 0. 0. -1. 0.
0.259 0.966 0. -226.433 0.966 -0.259 -0. 377.303 0. 0. -1. 0.
0.261 0.965 0. -225.316 0.965 -0.261 -0. 380.637 0. 0. -1. 0.
0.261 0.965 0. -224.409 0.965 -0.261 -0. 383.991 0. 0. -1. 0.
0.263 0.965 0. -223.426 0.965 -0.263 -0. 387.345 0. 0. -1. 0.
0.263 0.965 0. -222.432 0.965 -0.263 -0. 390.699 0. 0. -1. 0.
0.259 0.966 0. -221.338 0.966 -0.259 -0. 394.034 0. 0. -1. 0.
0.258 0.966 0. -220.484 0.966 -0.258 -0. 397.464 0. 0. -1. 0.
0.259 0.966 0. -219.525 0.966 -0.259 -0. 400.911 0. 0. -1. 0.
0.258 0.966 0. -218.512 0.966 -0.258 -0. 404.265 0. 0. -1. 0.
0.259 0.966 0. -217.654 0.966 -0.259 -0. 407.716 0. 0. -1. 0.
0.252 0.968 0. -216.670 0.968 -0.252 -0. 411.179 0. 0. -1. 0.
0.250 0.968 0. -215.807 0.968 -0.250 -0. 414.623 0. 0. -1. 0.
0.248 0.969 0. -214.828 0.969 -0.248 -0. 418.035 0. 0. -1. 0.
0.245 0.969 0. -213.882 0.969 -0.245 -0. 421.488 0. 0. -1. 0.
0.249 0.969 0. -212.879 0.969 -0.249 -0. 425.001 0. 0. -1. 0.
0.247 0.969 0. -211.949 0.969 -0.247 -0. 428.457 0. 0. -1. 0.
0.250 0.968 0. -211.037 0.968 -0.250 -0. 432.040 0. 0. -1. 0.
0.250 0.968 0. -210.001 0.968 -0.250 -0. 435.575 0. 0. -1. 0.
0.252 0.968 0. -208.994 0.968 -0.252 -0. 439.123 0. 0. -1. 0.
0.253 0.968 0. -208.066 0.968 -0.253 -0. 442.685 0. 0. -1. 0.
0.254 0.967 0. -206.999 0.967 -0.254 -0. 446.235 0. 0. -1. 0.
