1. 0. 0. 0. 0. -1. -0. 0. 0. 0. -1. 0.
1. 0.005 0. 0.001 0.005 -1. -0. -0.000 0. 0. -1. 0.
1. 0.004 0. 0.007 0.004 -1. -0. 0.004 0. 0. -1. 0.
1. 0.002 0. -0.003 0.002 -1. -0. -0.013 0. 0. -1. 0.
1. 0.001 0. -0.007 0.001 -1. -0. -0.017 0. 0. -1. 0.
1. 0.004 0. -0.011 0.004 -1. -0. -0.037 0. 0. -1. 0.
1. 0.003 0. 0.021 0.003 -1. -0. 0.011 0. 0. -1. 0.
1. 0.001 0. -0.006 0.001 -1. -0. -0.075 0. 0. -1. 0.
1. 0.005 0. 0.006 0.005 -1. -0. -0.016 0. 0. -1. 0.
1. 0.007 0. -0.000 0.007 -1. -0. -0.012 0. 0. -1. 0.
1. -0.000 -0. 0.018 -0.000 -1. -0. -0.041 0. 0. -1. 0.
1. 0.008 0. 0.001 0.008 -1. -0. -0.031 0. 0. -1. 0.
1. 0.008 0. 0.001 0.008 -1. -0. -0.010 0. 0. -1. 0.
1. 0.009 0. 0.004 0.009 -1. -0. -0.014 0. 0. -1. 0.
1. -0.001 -0. 0.023 -0.001 -1. -0. -0.037 0. 0. -1. 0.
1. 0.005 0. 0.011 0.005 -1. -0. -0.029 0. 0. -1. 0.
1. 0.006 0. 0.018 0.006 -1. -0. 0.020 0. 0. -1. 0.
1. 0.002 0. 0.001 0.002 -1. -0. 0.003 0. 0. -1. 0.
1. 0.001 0. -0.015 0.001 -1. -0. -0.025 0. 0. -1. 0.
1. 0.003 0. 0.015 0.003 -1. -0. 0.014 0. 0. -1. 0.
1. 0.007 0. 0.030 0.007 -1. -0. -0.003 0. 0. -1. 0.
1. 0.001 0. 0.000 0.001 -1. -0. -0.029 0. 0. -1. 0.
1. 0.002 0. -0.014 0.002 -1. -0. -0.017 0. 0. -1. 0.
1. 0.003 0. -0.005 0.003 -1. -0. -0.022 0. 0. -1. 0.
1. 0.008 0. -0.001 0.008 -1. -0. -0.027 0. 0. -1. 0.
1. 0.005 0. 0.002 0.005 -1. -0. 0.004 0. 0. -1. 0.
1. 0.007 0. -0.016 0.007 -1. -0. -0.025 0. 0. -1. 0.
1. -0.002 -0. 0.020 -0.002 -1. -0. -0.034 0. 0. -1. 0.
1. 0.006 0. -0.001 0.006 -1. -0. -0.049 0. 0. -1. 0.
1. 0.007 0. 0.006 0.007 -1. -0. 0.012 0. 0. -1. 0.
1. 0.006 0. -0.012 0.006 -1. -0. -0.019 0. 0. -1. 0.
1. 0.007 0. 0.027 0.007 -1. -0. -0.019 0. 0. -1. 0.
1. -0.002 -0. 0.026 -0.002 -1. -0. -0.037 0. 0. -1. 0.
1. 0.007 0. -0.002 0.007 -1. -0. -0.039 0. 0. -1. 0.
1. 0.006 0. -0.007 0.006 -1. -0. 0.005 0. 0. -1. 0.
1. 0.006 0. -0.008 0.006 -1. -0. -0.021 0. 0. -1. 0.
1. 0.005 0. 0.034 0.005 -1. -0. 0.023 0. 0. -1. 0.
1. 0.003 0. -0.007 0.003 -1. -0. -0.027 0. 0. -1. 0.
1. 0.002 0. -0.010 0.002 -1. -0. -0.013 0. 0. -1. 0.
1. 0.001 0. -0.007 0.001 -1. -0. -0.030 0. 0. -1. 0.
1. 0.005 0. -0.015 0.005 -1. -0. -0.032 0. 0. -1. 0.
1. 0.005 0. 0.007 0.005 -1. -0. 0.003 0. 0. -1. 0.
1. 0.002 0. 0.001 0.002 -1. -0. -0.000 0. 0. -1. 0.
1. -0.002 -0. 0.012 -0.002 -1. -0. -0.031 0. 0. -1. 0.
1. -0.001 -0. 0.003 -0.001 -1. -0. -0.034 0. 0. -1. 0.
1. -0.001 -0. 0.018 -0.001 -1. -0. -0.026 0. 0. -1. 0.
1. -0.002 -0. 0.037 -0.002 -1. -0. -0.052 0. 0. -1. 0.
1. -0.003 -0. 0.075 -0.003 -1. -0. -0.014 0. 0. -1. 0.
1. 0.006 0. 0.144 0.006 -1. -0. -0.024 0. 0. -1. 0.
1. 0.004 0. 0.222 0.004 -1. -0. 0.029 0. 0. -1. 0.
1. -0.005 -0. 0.300 -0.005 -1. -0. -0.106 0. 0. -1. 0.
1.000 -0.015 -0. 0.472 -0.015 -1.000 -0. -0.098 0. 0. -1. 0.
1. 0.000 0. 0.701 0.000 -1. -0. -0.027 0. 0. -1. 0.
1. -0.006 -0. 1.051 -0.006 -1. -0. 0.017 0. 0. -1. 0.
1.000 -0.016 -0. 1.375 -0.016 -1.000 -0. -0.106 0. 0. -1. 0.
0.999 -0.034 -0. 1.887 -0.034 -0.999 -0. -0.088 0. 0. -1. 0.
0.999 -0.045 -0. 2.436 -0.045 -0.999 -0. -0.156 0. 0. -1. 0.
0.999 -0.051 -0. 3.104 -0.051 -0.999 -0. -0.112 0. 0. -1. 0.
0.997 -0.071 -0. 3.853 -0.071 -0.997 -0. -0.295 0. 0. -1. 0.
0.996 -0.084 -0. 4.552 -0.084 -0.996 -0. -0.366 0. 0. -1. 0.
0.996 -0.095 -0. 5.509 -0.095 -0.996 -0. -0.434 0. 0. -1. 0.
0.994 -0.105 -0. 6.440 -0.105 -0.994 -0. -0.527 0. 0. -1. 0.
0.994 -0.108 -0. 7.400 -0.108 -0.994 -0. -0.762 0. 0. -1. 0.
0.993 -0.115 -0. 8.446 -0.115 -0.993 -0. -0.785 0. 0. -1. 0.
0.992 -0.124 -0. 9.440 -0.124 -0.992 -0. -0.990 0. 0. -1. 0.
0.992 -0.125 -0. 10.518 -0.125 -0.992 -0. -1.192 0. 0. -1. 0.
0.992 -0.129 -0. 11.731 -0.129 -0.992 -0. -1.226 0. 0. -1. 0.
0.990 -0.141 -0. 12.739 -0.141 -0.990 -0. -1.448 0. 0. -1. 0.
0.990 -0.144 -0. 13.755 -0.144 -0.990 -0. -1.681 0. 0. -1. 0.
0.990 -0.143 -0. 14.794 -0.143 -0.990 -0. -1.824 0. 0. -1. 0.
0.990 -0.138 -0. 15.813 -0.138 -0.990 -0. -1.930 0. 0. -1. 0.
0.992 -0.128 -0. 16.649 -0.128 -0.992 -0. -2.153 0. 0. -1. 0.
0.993 -0.118 -0. 17.504 -0.118 -0.993 -0. -2.184 0. 0. -1. 0.
0.994 -0.112 -0. 18.297 -0.112 -0.994 -0. -2.384 0. 0. -1. 0.
0.995 -0.100 -0. 19.095 -0.100 -0.995 -0. -2.306 0. 0. -1. 0.
0.996 -0.086 -0. 19.837 -0.086 -0.996 -0. -2.497 0. 0. -1. 0.
0.998 -0.070 -0. 20.556 -0.070 -0.998 -0. -2.410 0. 0. -1. 0.
0.998 -0.059 -0. 21.211 -0.059 -0.998 -0. -2.422 0. 0. -1. 0.
0.999 -0.048 -0. 21.843 -0.048 -0.999 -0. -2.483 0. 0. -1. 0.
0.999 -0.038 -0. 22.515 -0.038 -0.999 -0. -2.562 0. 0. -1. 0.
1.000 -0.030 -0. 23.097 -0.030 -1.000 -0. -2.525 0. 0. -1. 0.
1.000 -0.028 -0. 23.746 -0.028 -1.000 -0. -2.577 0. 0. -1. 0.
1.000 -0.019 -0. 24.381 -0.019 -1.000 -0. -2.715 0. 0. -1. 0.
1. -0.000 -0. 25.153 -0.000 -1. -0. -2.571 0. 0. -1. 0.
1. 0.002 0. 25.830 0.002 -1. -0. -2.604 0. 0. -1. 0.
1. 0.008 0. 26.634 0.008 -1. -0. -2.594 0. 0. -1. 0.
1.000 0.016 0. 27.542 0.016 -1.000 -0. -2.717 0. 0. -1. 0.
0.999 0.032 0. 28.452 0.032 -0.999 -0. -2.563 0. 0. -1. 0.
1.000 0.030 0. 29.481 0.030 -1.000 -0. -2.626 0. 0. -1. 0.
0.999 0.037 0. 30.508 0.037 -0.999 -0. -2.700 0. 0. -1. 0.
0.999 0.045 0. 31.646 0.045 -0.999 -0. -2.616 0. 0. -1. 0.
0.999 0.042 0. 32.892 0.042 -0.999 -0. -2.603 0. 0. -1. 0.
0.999 0.049 0. 34.166 0.049 -0.999 -0. -2.516 0. 0. -1. 0.
0.999 0.049 0. 35.491 0.049 -0.999 -0. -2.491 0. 0. -1. 0.
0.999 0.051 0. 36.910 0.051 -0.999 -0. -2.421 0. 0. -1. 0.
0.999 0.052 0. 38.342 0.052 -0.999 -0. -2.363 0. 0. -1. 0.
0.999 0.054 0. 39.739 0.054 -0.999 -0. -2.338 0. 0. -1. 0.
0.999 0.054 0. 41.143 0.054 -0.999 -0. -2.184 0. 0. -1. 0.
0.999 0.042 0. 42.612 0.042 -0.999 -0. -2.230 0. 0. -1. 0.
0.999 0.045 0. 44.069 0.045 -0.999 -0. -2.306 0. 0. -1. 0.
0.999 0.049 0. 45.425 0.049 -0.999 -0. -2.105 0. 0. -1. 0.
0.999 0.046 0. 46.810 0.046 -0.999 -0. -1.985 0. 0. -1. 0.
0.999 0.040 0. 48.242 0.040 -0.999 -0. -1.990 0. 0. -1. 0.
0.999 0.040 0. 49.756 0.040 -0.999 -0. -1.943 0. 0. -1. 0.
0.999 0.047 0. 51.198 0.047 -0.999 -0. -1.833 0. 0. -1. 0.
0.999 0.054 0. 52.784 0.054 -0.999 -0. -1.786 0. 0. -1. 0.
0.999 0.053 0. 54.372 0.053 -0.999 -0. -1.663 0. 0. -1. 0.
0.998 0.058 0. 55.980 0.058 -0.998 -0. -1.689 0. 0. -1. 0.
0.998 0.063 0. 57.705 0.063 -0.998 -0. -1.612 0. 0. -1. 0.
0.998 0.064 0. 59.420 0.064 -0.998 -0. -1.497 0. 0. -1. 0.
0.997 0.072 0. 61.162 0.072 -0.997 -0. -1.416 0. 0. -1. 0.
0.997 0.080 0. 62.938 0.080 -0.997 -0. -1.265 0. 0. -1. 0.
0.996 0.084 0. 64.814 0.084 -0.996 -0. -1.124 0. 0. -1. 0.
0.995 0.097 0. 66.671 0.097 -0.995 -0. -0.990 0. 0. -1. 0.
0.995 0.101 0. 68.531 0.101 -0.995 -0. -0.765 0. 0. -1. 0.
0.995 0.103 0. 70.532 0.103 -0.995 -0. -0.636 0. 0. -1. 0.
0.995 0.096 0. 72.457 0.096 -0.995 -0. -0.425 0. 0. -1. 0.
0.996 0.094 0. 74.427 0.094 -0.996 -0. -0.220 0. 0. -1. 0.
0.997 0.081 0. 76.420 0.081 -0.997 -0. -0.096 0. 0. -1. 0.
0.997 0.071 0. 78.408 0.071 -0.997 -0. -0.024 0. 0. -1. 0.
0.999 0.040 0. 80.458 0.040 -0.999 -0. 0.075 0. 0. -1. 0.
1. 0.005 0. 82.394 0.005 -1. -0. 0.086 0. 0. -1. 0.
0.999 -0.034 -0. 84.415 -0.034 -0.999 -0. 0.030 0. 0. -1. 0.
0.997 -0.077 -0. 86.370 -0.077 -0.997 -0. -0.132 0. 0. -1. 0.
0.993 -0.120 -0. 88.192 -0.120 -0.993 -0. -0.514 0. 0. -1. 0.
0.987 -0.161 -0. 90.142 -0.161 -0.987 -0. -0.792 0. 0. -1. 0.
0.975 -0.221 -0. 92.089 -0.221 -0.975 -0. -1.323 0. 0. -1. 0.
0.962 -0.272 -0. 93.902 -0.272 -0.962 -0. -1.750 0. 0. -1. 0.
0.940 -0.341 -0. 95.733 -0.341 -0.940 -0. -2.440 0. 0. -1. 0.
0.917 -0.399 -0. 97.650 -0.399 -0.917 -0. -3.227 0. 0. -1. 0.
0.891 -0.454 -0. 99.450 -0.454 -0.891 -0. -4.107 0. 0. -1. 0.
0.862 -0.506 -0. 101.116 -0.506 -0.862 -0. -5.169 0. 0. -1. 0.
0.826 -0.563 -0. 102.763 -0.563 -0.826 -0. -6.325 0. 0. -1. 0.
0.780 -0.626 -0. 104.532 -0.626 -0.780 -0. -7.538 0. 0. -1. 0.
0.725 -0.689 -0. 105.793 -0.689 -0.725 -0. -8.973 0. 0. -1. 0.
0.663 -0.749 -0. 107.154 -0.749 -0.663 -0. -10.378 0. 0. -1. 0.
0.605 -0.796 -0. 108.280 -0.796 -0.605 -0. -11.964 0. 0. -1. 0.
0.556 -0.831 -0. 109.174 -0.831 -0.556 -0. -13.694 0. 0. -1. 0.
0.500 -0.866 -0. 110.394 -0.866 -0.500 -0. -15.296 0. 0. -1. 0.
0.461 -0.888 -0. 110.930 -0.888 -0.461 -0. -17.227 0. 0. -1. 0.
0.426 -0.905 -0. 112.106 -0.905 -0.426 -0. -19.011 0. 0. -1. 0.
0.403 -0.915 -0. 112.687 -0.915 -0.403 -0. -20.958 0. 0. -1. 0.
0.386 -0.922 -0. 113.598 -0.922 -0.386 -0. -22.871 0. 0. -1. 0.
0.377 -0.926 -0. 114.268 -0.926 -0.377 -0. -24.846 0. 0. -1. 0.
0.379 -0.925 -0. 114.829 -0.925 -0.379 -0. -26.880 0. 0. -1. 0.
0.381 -0.925 -0. 115.642 -0.925 -0.381 -0. -28.933 0. 0. -1. 0.
0.389 -0.921 -0. 116.426 -0.921 -0.389 -0. -30.930 0. 0. -1. 0.
0.401 -0.916 -0. 117.317 -0.916 -0.401 -0. -32.945 0. 0. -1. 0.
0.420 -0.908 -0. 118.186 -0.908 -0.420 -0. -34.937 0. 0. -1. 0.
0.442 -0.897 -0. 119.040 -0.897 -0.442 -0. -37.014 0. 0. -1. 0.
0.466 -0.885 -0. 120.188 -0.885 -0.466 -0. -39.001 0. 0. -1. 0.
0.481 -0.877 -0. 121.246 -0.877 -0.481 -0. -40.991 0. 0. -1. 0.
0.496 -0.868 -0. 122.234 -0.868 -0.496 -0. -42.878 0. 0. -1. 0.
0.513 -0.858 -0. 123.351 -0.858 -0.513 -0. -44.801 0. 0. -1. 0.
0.530 -0.848 -0. 124.403 -0.848 -0.530 -0. -46.737 0. 0. -1. 0.
0.538 -0.843 -0. 125.566 -0.843 -0.538 -0. -48.561 0. 0. -1. 0.
0.542 -0.840 -0. 126.671 -0.840 -0.542 -0. -50.308 0. 0. -1. 0.
0.548 -0.836 -0. 127.836 -0.836 -0.548 -0. -52.097 0. 0. -1. 0.
0.542 -0.840 -0. 128.903 -0.840 -0.542 -0. -53.839 0. 0. -1. 0.
0.541 -0.841 -0. 130.023 -0.841 -0.541 -0. -55.442 0. 0. -1. 0.
0.548 -0.836 -0. 131.014 -0.836 -0.548 -0. -57.266 0. 0. -1. 0.
0.550 -0.835 -0. 132.107 -0.835 -0.550 -0. -58.985 0. 0. -1. 0.
0.552 -0.834 -0. 132.948 -0.834 -0.552 -0. -60.516 0. 0. -1. 0.
0.571 -0.821 -0. 134.028 -0.821 -0.571 -0. -62.064 0. 0. -1. 0.
0.600 -0.800 -0. 135.077 -0.800 -0.600 -0. -63.487 0. 0. -1. 0.
0.642 -0.767 -0. 136.186 -0.767 -0.642 -0. -64.853 0. 0. -1. 0.
0.693 -0.721 -0. 137.296 -0.721 -0.693 -0. -65.999 0. 0. -1. 0.
0.754 -0.657 -0. 138.460 -0.657 -0.754 -0. -67.004 0. 0. -1. 0.
0.822 -0.570 -0. 139.624 -0.570 -0.822 -0. -67.855 0. 0. -1. 0.
0.890 -0.456 -0. 140.860 -0.456 -0.890 -0. -68.512 0. 0. -1. 0.
0.946 -0.323 -0. 142.047 -0.323 -0.946 -0. -68.846 0. 0. -1. 0.
0.982 -0.186 -0. 143.171 -0.186 -0.982 -0. -69.003 0. 0. -1. 0.
0.999 -0.036 -0. 144.302 -0.036 -0.999 -0. -69.056 0. 0. -1. 0.
0.991 0.130 0. 145.400 0.130 -0.991 -0. -68.954 0. 0. -1. 0.
0.953 0.304 0. 146.413 0.304 -0.953 -0. -68.549 0. 0. -1. 0.
0.876 0.483 0. 147.263 0.483 -0.876 -0. -68.026 0. 0. -1. 0.
0.764 0.645 0. 148.025 0.645 -0.764 -0. -67.350 0. 0. -1. 0.
0.611 0.792 0. 148.560 0.792 -0.611 -0. -66.548 0. 0. -1. 0.
0.441 0.898 0. 148.914 0.898 -0.441 -0. -65.604 0. 0. -1. 0.
0.250 0.968 0. 149.141 0.968 -0.250 -0. -64.708 0. 0. -1. 0.
0.047 0.999 0. 149.095 0.999 -0.047 -0. -63.803 0. 0. -1. 0.
-0.155 0.988 0. 148.944 0.988 0.155 0. -62.891 0. 0. -1. 0.
-0.347 0.938 0. 148.533 0.938 0.347 0. -62.030 0. 0. -1. 0.
-0.527 0.850 0. 147.954 0.850 0.527 0. -61.276 0. 0. -1. 0.
-0.669 0.743 0. 147.259 0.743 0.669 0. -60.500 0. 0. -1. 0.
-0.777 0.630 0. 146.356 0.630 0.777 0. -59.849 0. 0. -1. 0.
-0.842 0.540 0. 145.449 0.540 0.842 0. -59.107 0. 0. -1. 0.
-0.889 0.457 0. 144.436 0.457 0.889 0. -58.801 0. 0. -1. 0.
-0.915 0.404 0. 143.254 0.404 0.915 0. -58.231 0. 0. -1. 0.
-0.927 0.375 0. 142.185 0.375 0.927 0. -57.728 0. 0. -1. 0.
-0.933 0.359 0. 140.971 0.359 0.933 0. -57.389 0. 0. -1. 0.
-0.933 0.359 0. 139.838 0.359 0.933 0. -56.844 0. 0. -1. 0.
-0.933 0.360 0. 138.618 0.360 0.933 0. -56.333 0. 0. -1. 0.
-0.924 0.383 0. 137.194 0.383 0.924 0. -55.865 0. 0. -1. 0.
-0.912 0.411 0. 135.992 0.411 0.912 0. -55.223 0. 0. -1. 0.
-0.894 0.449 0. 134.590 0.449 0.894 0. -54.456 0. 0. -1. 0.
-0.876 0.482 0. 133.386 0.482 0.876 0. -53.839 0. 0. -1. 0.
-0.852 0.524 0. 131.970 0.524 0.852 0. -52.939 0. 0. -1. 0.
-0.828 0.561 0. 130.674 0.561 0.828 0. -51.830 0. 0. -1. 0.
-0.801 0.599 0. 129.374 0.599 0.801 0. -50.925 0. 0. -1. 0.
-0.766 0.643 0. 128.030 0.643 0.766 0. -49.730 0. 0. -1. 0.
-0.729 0.684 0. 126.873 0.684 0.729 0. -48.508 0. 0. -1. 0.
-0.683 0.731 0. 125.560 0.731 0.683 0. -47.212 0. 0. -1. 0.
-0.627 0.779 0. 124.502 0.779 0.627 0. -45.784 0. 0. -1. 0.
-0.575 0.818 0. 123.527 0.818 0.575 0. -44.186 0. 0. -1. 0.
-0.531 0.848 0. 122.424 0.848 0.531 0. -42.640 0. 0. -1. 0.
-0.485 0.875 0. 121.496 0.875 0.485 0. -40.968 0. 0. -1. 0.
-0.460 0.888 0. 120.547 0.888 0.460 0. -39.211 0. 0. -1. 0.
-0.423 0.906 0. 119.800 0.906 0.423 0. -37.333 0. 0. -1. 0.
-0.399 0.917 0. 118.813 0.917 0.399 0. -35.521 0. 0. -1. 0.
-0.391 0.920 0. 118.119 0.920 0.391 0. -33.502 0. 0. -1. 0.
-0.377 0.926 0. 117.326 0.926 0.377 0. -31.494 0. 0. -1. 0.
-0.367 0.930 0. 116.556 0.930 0.367 0. -29.462 0. 0. -1. 0.
-0.356 0.934 0. 115.695 0.934 0.356 0. -27.406 0. 0. -1. 0.
-0.357 0.934 0. 115.169 0.934 0.357 0. -25.341 0. 0. -1. 0.
-0.366 0.931 0. 114.227 0.931 0.366 0. -23.333 0. 0. -1. 0.
-0.375 0.927 0. 113.729 0.927 0.375 0. -21.253 0. 0. -1. 0.
-0.405 0.914 0. 112.432 0.914 0.405 0. -19.390 0. 0. -1. 0.
-0.432 0.902 0. 111.932 0.902 0.432 0. -17.368 0. 0. -1. 0.
-0.475 0.880 0. 110.645 0.880 0.475 0. -15.527 0. 0. -1. 0.
-0.524 0.852 0. 109.756 0.852 0.524 0. -13.611 0. 0. -1. 0.
-0.577 0.817 0. 108.692 0.817 0.577 0. -11.868 0. 0. -1. 0.
-0.631 0.776 0. 107.411 0.776 0.631 0. -10.272 0. 0. -1. 0.
-0.685 0.728 0. 106.081 0.728 0.685 0. -8.644 0. 0. -1. 0.
-0.734 0.679 0. 104.701 0.679 0.734 0. -7.240 0. 0. -1. 0.
-0.784 0.621 0. 103.166 0.621 0.784 0. -6.004 0. 0. -1. 0.
-0.824 0.566 0. 101.540 0.566 0.824 0. -4.744 0. 0. -1. 0.
-0.867 0.499 0. 99.853 0.499 0.867 0. -3.727 0. 0. -1. 0.
-0.900 0.437 0. 97.947 0.437 0.900 0. -2.873 0. 0. -1. 0.
-0.929 0.369 0. 96.134 0.369 0.929 0. -2.196 0. 0. -1. 0.
-0.953 0.302 0. 94.261 0.302 0.953 0. -1.517 0. 0. -1. 0.
-0.971 0.238 0. 92.356 0.238 0.971 0. -0.972 0. 0. -1. 0.
-0.984 0.176 0. 90.398 0.176 0.984 0. -0.561 0. 0. -1. 0.
-0.992 0.123 0. 88.428 0.123 0.992 0. -0.399 0. 0. -1. 0.
-0.997 0.083 0. 86.465 0.083 0.997 0. -0.203 0. 0. -1. 0.
-0.998 0.058 0. 84.461 0.058 0.998 0. -0.100 0. 0. -1. 0.
-0.999 0.039 0. 82.440 0.039 0.999 0. -0.007 0. 0. -1. 0.
-1.000 0.021 0. 80.325 0.021 1.000 0. 0.057 0. 0. -1. 0.
-1. 0.014 0. 78.345 0.014 1. 0. 0.034 0. 0. -1. 0.
-1. 0.005 0. 76.249 0.005 1. 0. -0.006 0. 0. -1. 0.
-1. -0.003 -0. 74.162 -0.003 1. 0. 0.038 0. 0. -1. 0.
-1.000 -0.018 -0. 72.069 -0.018 1.000 0. 0.011 0. 0. -1. 0.
-0.999 -0.037 -0. 69.875 -0.037 0.999 0. 0.054 0. 0. -1. 0.
-0.999 -0.050 -0. 67.627 -0.050 0.999 0. 0.029 0. 0. -1. 0.
-0.998 -0.056 -0. 65.386 -0.056 0.998 0. -0.177 0. 0. -1. 0.
-0.998 -0.065 -0. 63.152 -0.065 0.998 0. -0.232 0. 0. -1. 0.
-0.998 -0.060 -0. 60.844 -0.060 0.998 0. -0.350 0. 0. -1. 0.
-0.998 -0.056 -0. 58.499 -0.056 0.998 0. -0.386 0. 0. -1. 0.
-0.999 -0.049 -0. 56.101 -0.049 0.999 0. -0.574 0. 0. -1. 0.
-0.999 -0.045 -0. 53.711 -0.045 0.999 0. -0.464 0. 0. -1. 0.
-1.000 -0.031 -0. 51.304 -0.031 1.000 0. -0.431 0. 0. -1. 0.
-0.999 -0.033 -0. 48.806 -0.033 0.999 0. -0.775 0. 0. -1. 0.
-1.000 -0.019 -0. 46.373 -0.019 1.000 0. -0.847 0. 0. -1. 0.
-1. -0.013 -0. 43.997 -0.013 1. 0. -0.734 0. 0. -1. 0.
-1. -0.008 -0. 41.507 -0.008 1. 0. -0.738 0. 0. -1. 0.
-1. -0.008 -0. 39.074 -0.008 1. 0. -0.629 0. 0. -1. 0.
-1. -0.006 -0. 36.657 -0.006 1. 0. -0.688 0. 0. -1. 0.
-1. -0.002 -0. 34.180 -0.002 1. 0. -0.601 0. 0. -1. 0.
-1. 0.005 0. 31.747 0.005 1. 0. -0.633 0. 0. -1. 0.
-1. 0.014 0. 29.215 0.014 1. 0. -0.479 0. 0. -1. 0.
-1.000 0.020 0. 26.733 0.020 1.000 0. -0.378 0. 0. -1. 0.
-1.000 0.031 0. 24.199 0.031 1.000 0. -0.343 0. 0. -1. 0.
-0.999 0.037 0. 21.650 0.037 0.999 0. -0.240 0. 0. -1. 0.
-0.999 0.035 0. 19.010 0.035 0.999 0. -0.008 0. 0. -1. 0.
-0.999 0.042 0. 16.484 0.042 0.999 0. 0.103 0. 0. -1. 0.
-0.999 0.045 0. 13.913 0.045 0.999 0. 0.235 0. 0. -1. 0.
-0.999 0.050 0. 11.314 0.050 0.999 0. 0.424 0. 0. -1. 0.
-0.998 0.059 0. 8.728 0.059 0.998 0. 0.593 0. 0. -1. 0.
-0.998 0.057 0. 6.148 0.057 0.998 0. 0.829 0. 0. -1. 0.
-0.998 0.067 0. 3.565 0.067 0.998 0. 0.938 0. 0. -1. 0.
-0.998 0.070 0. 0.975 0.070 0.998 0. 1.153 0. 0. -1. 0.
-0.998 0.068 0. -1.695 0.068 0.998 0. 1.462 0. 0. -1. 0.
-0.998 0.068 0. -4.159 0.068 0.998 0. 1.547 0. 0. -1. 0.
-0.999 0.050 0. -6.727 0.050 0.999 0. 1.823 0. 0. -1. 0.
-0.999 0.042 0. -9.326 0.042 0.999 0. 1.933 0. 0. -1. 0.
-0.999 0.037 0. -11.829 0.037 0.999 0. 1.982 0. 0. -1. 0.
-0.999 0.043 0. -14.363 0.043 0.999 0. 2.048 0. 0. -1. 0.
-0.999 0.042 0. -16.990 0.042 0.999 0. 2.324 0. 0. -1. 0.
-0.999 0.047 0. -19.529 0.047 0.999 0. 2.412 0. 0. -1. 0.
-0.999 0.041 0. -22.173 0.041 0.999 0. 2.599 0. 0. -1. 0.
-0.999 0.036 0. -24.723 0.036 0.999 0. 2.705 0. 0. -1. 0.
-0.999 0.037 0. -27.371 0.037 0.999 0. 2.869 0. 0. -1. 0.
-1.000 0.031 0. -30.014 0.031 1.000 0. 2.883 0. 0. -1. 0.
-1.000 0.022 0. -32.473 0.022 1.000 0. 2.823 0. 0. -1. 0.
-1.000 0.020 0. -35.199 0.020 1.000 0. 2.883 0. 0. -1. 0.
-1.000 0.016 0. -37.680 0.016 1.000 0. 3.045 0. 0. -1. 0.
-1.000 0.016 0. -40.172 0.016 1.000 0. 3.129 0. 0. -1. 0.
-1. 0.001 0. -42.695 0.001 1. 0. 3.084 0. 0. -1. 0.
-1. -0.002 -0. -45.109 -0.002 1. 0. 3.131 0. 0. -1. 0.
-1.000 -0.019 -0. -47.472 -0.019 1.000 0. 3.261 0. 0. -1. 0.
-1.000 -0.023 -0. -49.745 -0.023 1.000 0. 3.205 0. 0. -1. 0.
-0.999 -0.033 -0. -51.942 -0.033 0.999 0. 3.161 0. 0. -1. 0.
-1.000 -0.031 -0. -53.950 -0.031 1.000 0. 3.099 0. 0. -1. 0.
-1.000 -0.030 -0. -55.927 -0.030 1.000 0. 3.020 0. 0. -1. 0.
-1.000 -0.029 -0. -57.772 -0.029 1.000 0. 2.946 0. 0. -1. 0.
-1.000 -0.014 -0. -59.488 -0.014 1.000 0. 3.030 0. 0. -1. 0.
-1. 0.011 0. -61.048 0.011 1. 0. 3.081 0. 0. -1. 0.
-0.999 0.049 0. -62.597 0.049 0.999 0. 3.175 0. 0. -1. 0.
-0.996 0.091 0. -63.928 0.091 0.996 0. 3.489 0. 0. -1. 0.
-0.988 0.156 0. -65.151 0.156 0.988 0. 3.602 0. 0. -1. 0.
-0.976 0.218 0. -66.315 0.218 0.976 0. 4.035 0. 0. -1. 0.
-0.955 0.295 0. -67.275 0.295 0.955 0. 4.278 0. 0. -1. 0.
-0.922 0.387 0. -68.327 0.387 0.922 0. 4.622 0. 0. -1. 0.
-0.874 0.487 0. -69.286 0.487 0.874 0. 5.282 0. 0. -1. 0.
-0.812 0.584 0. -70.038 0.584 0.812 0. 5.929 0. 0. -1. 0.
-0.729 0.684 0. -70.825 0.684 0.729 0. 6.670 0. 0. -1. 0.
-0.635 0.772 0. -71.482 0.772 0.635 0. 7.446 0. 0. -1. 0.
-0.540 0.842 0. -71.935 0.842 0.540 0. 8.310 0. 0. -1. 0.
-0.439 0.898 0. -72.336 0.898 0.439 0. 9.264 0. 0. -1. 0.
-0.348 0.937 0. -72.570 0.937 0.348 0. 10.405 0. 0. -1. 0.
-0.264 0.965 0. -72.999 0.965 0.264 0. 11.481 0. 0. -1. 0.
-0.201 0.980 0. -73.102 0.980 0.201 0. 12.692 0. 0. -1. 0.
-0.140 0.990 0. -73.322 0.990 0.140 0. 14.007 0. 0. -1. 0.
-0.110 0.994 0. -73.467 0.994 0.110 0. 15.274 0. 0. -1. 0.
-0.088 0.996 0. -73.504 0.996 0.088 0. 16.737 0. 0. -1. 0.
-0.075 0.997 0. -73.665 0.997 0.075 0. 18.219 0. 0. -1. 0.
-0.064 0.998 0. -73.661 0.998 0.064 0. 19.750 0. 0. -1. 0.
-0.062 0.998 0. -73.710 0.998 0.062 0. 21.378 0. 0. -1. 0.
-0.045 0.999 0. -73.789 0.999 0.045 0. 23.077 0. 0. -1. 0.
-0.038 0.999 0. -73.881 0.999 0.038 0. 24.818 0. 0. -1. 0.
-0.021 1.000 0. -73.797 1.000 0.021 0. 26.648 0. 0. -1. 0.
-0.007 1. 0. -73.852 1. 0.007 0. 28.421 0. 0. -1. 0.
0.011 1. 0. -73.826 1. -0.011 -0. 30.295 0. 0. -1. 0.
0.030 1.000 0. -73.632 1.000 -0.030 -0. 32.156 0. 0. -1. 0.
0.059 0.998 0. -73.600 0.998 -0.059 -0. 34.054 0. 0. -1. 0.
0.086 0.996 0. -73.342 0.996 -0.086 -0. 36.009 0. 0. -1. 0.
0.119 0.993 0. -73.163 0.993 -0.119 -0. 37.949 0. 0. -1. 0.
0.141 0.990 0. -72.673 0.990 -0.141 -0. 39.918 0. 0. -1. 0.
0.164 0.986 0. -72.382 0.986 -0.164 -0. 41.907 0. 0. -1. 0.
0.168 0.986 0. -71.980 0.986 -0.168 -0. 43.888 0. 0. -1. 0.
0.153 0.988 0. -71.627 0.988 -0.153 -0. 45.959 0. 0. -1. 0.
0.136 0.991 0. -71.204 0.991 -0.136 -0. 48.112 0. 0. -1. 0.
0.117 0.993 0. -70.992 0.993 -0.117 -0. 50.088 0. 0. -1. 0.
0.090 0.996 0. -70.758 0.996 -0.090 -0. 52.229 0. 0. -1. 0.
0.066 0.998 0. -70.566 0.998 -0.066 -0. 54.324 0. 0. -1. 0.
0.042 0.999 0. -70.471 0.999 -0.042 -0. 56.464 0. 0. -1. 0.
0.031 1.000 0. -70.212 1.000 -0.031 -0. 58.581 0. 0. -1. 0.
0.013 1. 0. -70.188 1. -0.013 -0. 60.657 0. 0. -1. 0.
-0.005 1. 0. -70.163 1. 0.005 0. 62.778 0. 0. -1. 0.
-0.016 1.000 0. -70.270 1.000 0.016 0. 64.932 0. 0. -1. 0.
-0.025 1.000 0. -70.218 1.000 0.025 0. 66.995 0. 0. -1. 0.
-0.023 1.000 0. -70.180 1.000 0.023 0. 68.950 0. 0. -1. 0.
-0.025 1.000 0. -70.223 1.000 0.025 0. 71.125 0. 0. -1. 0.
-0.026 1.000 0. -70.252 1.000 0.026 0. 73.162 0. 0. -1. 0.
-0.026 1.000 0. -70.311 1.000 0.026 0. 75.132 0. 0. -1. 0.
-0.021 1.000 0. -70.286 1.000 0.021 0. 77.129 0. 0. -1. 0.
-0.049 0.999 0. -70.294 0.999 0.049 0. 79.099 0. 0. -1. 0.
-0.083 0.997 0. -70.478 0.997 0.083 0. 80.962 0. 0. -1. 0.
-0.131 0.991 0. -70.589 0.991 0.131 0. 82.881 0. 0. -1. 0.
-0.192 0.981 0. -70.826 0.981 0.192 0. 84.723 0. 0. -1. 0.
-0.260 0.966 0. -71.363 0.966 0.260 0. 86.510 0. 0. -1. 0.
-0.340 0.940 0. -71.793 0.940 0.340 0. 88.189 0. 0. -1. 0.
-0.421 0.907 0. -72.490 0.907 0.421 0. 89.776 0. 0. -1. 0.
-0.502 0.865 0. -73.201 0.865 0.502 0. 91.443 0. 0. -1. 0.
-0.595 0.804 0. -74.207 0.804 0.595 0. 92.776 0. 0. -1. 0.
-0.675 0.737 0. -75.350 0.737 0.675 0. 94.080 0. 0. -1. 0.
-0.754 0.657 0. -76.637 0.657 0.754 0. 95.286 0. 0. -1. 0.
-0.820 0.572 0. -78.091 0.572 0.820 0. 96.082 0. 0. -1. 0.
-0.876 0.483 0. -79.453 0.483 0.876 0. 97.031 0. 0. -1. 0.
-0.921 0.389 0. -80.954 0.389 0.921 0. 97.604 0. 0. -1. 0.
-0.954 0.300 0. -82.480 0.300 0.954 0. 98.091 0. 0. -1. 0.
-0.975 0.221 0. -83.974 0.221 0.975 0. 98.446 0. 0. -1. 0.
-0.983 0.183 0. -85.719 0.183 0.983 0. 98.623 0. 0. -1. 0.
-0.986 0.164 0. -87.224 0.164 0.986 0. 99.039 0. 0. -1. 0.
-0.988 0.152 0. -88.695 0.152 0.988 0. 99.302 0. 0. -1. 0.
-0.987 0.163 0. -90.327 0.163 0.987 0. 99.509 0. 0. -1. 0.
-0.980 0.198 0. -92.022 0.198 0.980 0. 99.900 0. 0. -1. 0.
-0.972 0.237 0. -93.531 0.237 0.972 0. 100.246 0. 0. -1. 0.
-0.960 0.281 0. -95.100 0.281 0.960 0. 100.757 0. 0. -1. 0.
-0.937 0.350 0. -96.748 0.350 0.937 0. 101.335 0. 0. -1. 0.
-0.912 0.410 0. -98.251 0.410 0.912 0. 102.176 0. 0. -1. 0.
-0.880 0.475 0. -99.824 0.475 0.880 0. 102.966 0. 0. -1. 0.
-0.847 0.532 0. -101.329 0.532 0.847 0. 103.911 0. 0. -1. 0.
-0.816 0.578 0. -102.782 0.578 0.816 0. 105.038 0. 0. -1. 0.
-0.793 0.610 0. -104.203 0.610 0.793 0. 106.161 0. 0. -1. 0.
-0.771 0.636 0. -105.616 0.636 0.771 0. 107.468 0. 0. -1. 0.
-0.758 0.652 0. -107.104 0.652 0.758 0. 108.653 0. 0. -1. 0.
-0.745 0.667 0. -108.648 0.667 0.745 0. 109.904 0. 0. -1. 0.
-0.735 0.678 0. -110.182 0.678 0.735 0. 111.270 0. 0. -1. 0.
-0.731 0.682 0. -111.627 0.682 0.731 0. 112.740 0. 0. -1. 0.
-0.729 0.684 0. -113.149 0.684 0.729 0. 114.148 0. 0. -1. 0.
-0.729 0.685 0. -114.725 0.685 0.729 0. 115.619 0. 0. -1. 0.
-0.728 0.686 0. -116.359 0.686 0.728 0. 117.115 0. 0. -1. 0.
-0.728 0.686 0. -117.885 0.686 0.728 0. 118.717 0. 0. -1. 0.
-0.731 0.683 0. -119.471 0.683 0.731 0. 120.219 0. 0. -1. 0.
-0.732 0.682 0. -121.115 0.682 0.732 0. 121.903 0. 0. -1. 0.
-0.730 0.683 0. -122.766 0.683 0.730 0. 123.392 0. 0. -1. 0.
-0.731 0.682 0. -124.483 0.682 0.731 0. 125.089 0. 0. -1. 0.
-0.727 0.686 0. -126.186 0.686 0.727 0. 126.746 0. 0. -1. 0.
-0.725 0.689 0. -127.916 0.689 0.725 0. 128.383 0. 0. -1. 0.
-0.725 0.688 0. -129.612 0.688 0.725 0. 130.190 0. 0. -1. 0.
-0.729 0.685 0. -131.292 0.685 0.729 0. 131.889 0. 0. -1. 0.
-0.727 0.686 0. -133.044 0.686 0.727 0. 133.766 0. 0. -1. 0.
-0.724 0.690 0. -134.881 0.690 0.724 0. 135.378 0. 0. -1. 0.
-0.727 0.687 0. -136.653 0.687 0.727 0. 137.163 0. 0. -1. 0.
-0.729 0.684 0. -138.456 0.684 0.729 0. 138.947 0. 0. -1. 0.
-0.727 0.687 0. -140.282 0.687 0.727 0. 140.620 0. 0. -1. 0.
-0.723 0.691 0. -142.026 0.691 0.723 0. 142.448 0. 0. -1. 0.
-0.721 0.692 0. -143.849 0.692 0.721 0. 144.243 0. 0. -1. 0.
-0.715 0.699 0. -145.633 0.699 0.715 0. 146.071 0. 0. -1. 0.
-0.698 0.716 0. -147.264 0.716 0.698 0. 147.901 0. 0. -1. 0.
-0.680 0.733 0. -149.025 0.733 0.680 0. 149.772 0. 0. -1. 0.
-0.662 0.749 0. -150.640 0.749 0.662 0. 151.670 0. 0. -1. 0.
-0.645 0.764 0. -152.261 0.764 0.645 0. 153.645 0. 0. -1. 0.
-0.620 0.784 0. -153.836 0.784 0.620 0. 155.656 0. 0. -1. 0.
-0.597 0.802 0. -155.327 0.802 0.597 0. 157.764 0. 0. -1. 0.
-0.576 0.817 0. -156.713 0.817 0.576 0. 159.928 0. 0. -1. 0.
-0.548 0.837 0. -158.223 0.837 0.548 0. 162.137 0. 0. -1. 0.
-0.507 0.862 0. -159.595 0.862 0.507 0. 164.334 0. 0. -1. 0.
-0.466 0.885 0. -160.843 0.885 0.466 0. 166.696 0. 0. -1. 0.
-0.424 0.906 0. -161.853 0.906 0.424 0. 169.146 0. 0. -1. 0.
-0.382 0.924 0. -162.953 0.924 0.382 0. 171.572 0. 0. -1. 0.
-0.339 0.941 0. -163.709 0.941 0.339 0. 174.130 0. 0. -1. 0.
-0.288 0.958 0. -164.675 0.958 0.288 0. 176.616 0. 0. -1. 0.
-0.244 0.970 0. -165.256 0.970 0.244 0. 179.196 0. 0. -1. 0.
-0.208 0.978 0. -165.727 0.978 0.208 0. 181.804 0. 0. -1. 0.
-0.175 0.985 0. -166.236 0.985 0.175 0. 184.416 0. 0. -1. 0.
-0.163 0.987 0. -166.566 0.987 0.163 0. 187.049 0. 0. -1. 0.
-0.143 0.990 0. -166.821 0.990 0.143 0. 189.746 0. 0. -1. 0.
-0.133 0.991 0. -167.207 0.991 0.133 0. 192.446 0. 0. -1. 0.
-0.130 0.991 0. -167.156 0.991 0.130 0. 195.069 0. 0. -1. 0.
-0.132 0.991 0. -167.841 0.991 0.132 0. 197.635 0. 0. -1. 0.
-0.142 0.990 0. -167.899 0.990 0.142 0. 200.303 0. 0. -1. 0.
-0.151 0.989 0. -168.160 0.989 0.151 0. 202.944 0. 0. -1. 0.
-0.158 0.987 0. -168.511 0.987 0.158 0. 205.491 0. 0. -1. 0.
-0.175 0.985 0. -168.903 0.985 0.175 0. 208.124 0. 0. -1. 0.
-0.194 0.981 0. -169.625 0.981 0.194 0. 210.494 0. 0. -1. 0.
-0.226 0.974 0. -170.143 0.974 0.226 0. 212.977 0. 0. -1. 0.
-0.263 0.965 0. -170.758 0.965 0.263 0. 215.400 0. 0. -1. 0.
-0.311 0.950 0. -171.498 0.950 0.311 0. 217.709 0. 0. -1. 0.
-0.368 0.930 0. -172.246 0.930 0.368 0. 219.917 0. 0. -1. 0.
-0.436 0.900 0. -173.228 0.900 0.436 0. 222.021 0. 0. -1. 0.
-0.508 0.861 0. -174.361 0.861 0.508 0. 224.029 0. 0. -1. 0.
-0.579 0.815 0. -175.501 0.815 0.579 0. 225.938 0. 0. -1. 0.
-0.646 0.763 0. -176.963 0.763 0.646 0. 227.579 0. 0. -1. 0.
-0.703 0.711 0. -178.456 0.711 0.703 0. 229.288 0. 0. -1. 0.
-0.758 0.652 0. -180.123 0.652 0.758 0. 230.706 0. 0. -1. 0.
-0.810 0.587 0. -181.915 0.587 0.810 0. 232.024 0. 0. -1. 0.
-0.855 0.519 0. -183.837 0.519 0.855 0. 233.233 0. 0. -1. 0.
-0.891 0.454 0. -185.788 0.454 0.891 0. 234.359 0. 0. -1. 0.
-0.917 0.399 0. -187.854 0.399 0.917 0. 235.323 0. 0. -1. 0.
-0.939 0.344 0. -189.987 0.344 0.939 0. 236.239 0. 0. -1. 0.
-0.953 0.303 0. -192.261 0.303 0.953 0. 237.021 0. 0. -1. 0.
-0.959 0.283 0. -194.535 0.283 0.959 0. 237.723 0. 0. -1. 0.
-0.965 0.261 0. -196.873 0.261 0.965 0. 238.400 0. 0. -1. 0.
-0.969 0.248 0. -199.222 0.248 0.969 0. 239.014 0. 0. -1. 0.
-0.971 0.240 0. -201.633 0.240 0.971 0. 239.665 0. 0. -1. 0.
-0.971 0.238 0. -204.161 0.238 0.971 0. 240.283 0. 0. -1. 0.
-0.971 0.239 0. -206.667 0.239 0.971 0. 241.005 0. 0. -1. 0.
-0.970 0.242 0. -209.069 0.242 0.970 0. 241.641 0. 0. -1. 0.
-0.967 0.254 0. -211.580 0.254 0.967 0. 242.271 0. 0. -1. 0.
-0.965 0.262 0. -214.020 0.262 0.965 0. 243.021 0. 0. -1. 0.
-0.964 0.264 0. -216.515 0.264 0.964 0. 243.740 0. 0. -1. 0.
-0.965 0.264 0. -218.984 0.264 0.965 0. 244.401 0. 0. -1. 0.
-0.967 0.256 0. -221.411 0.256 0.967 0. 245.092 0. 0. -1. 0.
-0.967 0.255 0. -223.920 0.255 0.967 0. 245.689 0. 0. -1. 0.
-0.965 0.264 0. -226.236 0.264 0.965 0. 246.393 0. 0. -1. 0.
-0.965 0.263 0. -228.554 0.263 0.965 0. 247.087 0. 0. -1. 0.
-0.965 0.261 0. -230.957 0.261 0.965 0. 247.719 0. 0. -1. 0.
-0.964 0.267 0. -233.210 0.267 0.964 0. 248.463 0. 0. -1. 0.
-0.960 0.280 0. -235.395 0.280 0.960 0. 249.221 0. 0. -1. 0.
-0.957 0.291 0. -237.511 0.291 0.957 0. 249.844 0. 0. -1. 0.
-0.952 0.305 0. -239.457 0.305 0.952 0. 250.439 0. 0. -1. 0.
-0.948 0.319 0. -241.496 0.319 0.948 0. 251.138 0. 0. -1. 0.
-0.936 0.353 0. -243.307 0.353 0.936 0. 251.839 0. 0. -1. 0.
-0.927 0.376 0. -244.875 0.376 0.927 0. 252.487 0. 0. -1. 0.
-0.917 0.398 0. -246.419 0.398 0.917 0. 253.208 0. 0. -1. 0.
-0.913 0.407 0. -247.918 0.407 0.913 0. 253.850 0. 0. -1. 0.
-0.912 0.411 0. -249.290 0.411 0.912 0. 254.550 0. 0. -1. 0.
-0.907 0.422 0. -250.573 0.422 0.907 0. 255.183 0. 0. -1. 0.
-0.902 0.432 0. -251.630 0.432 0.902 0. 255.749 0. 0. -1. 0.
-0.899 0.438 0. -252.643 0.438 0.899 0. 256.285 0. 0. -1. 0.
-0.898 0.440 0. -253.632 0.440 0.898 0. 256.779 0. 0. -1. 0.
-0.895 0.446 0. -254.426 0.446 0.895 0. 257.274 0. 0. -1. 0.
-0.896 0.445 0. -255.045 0.445 0.896 0. 257.592 0. 0. -1. 0.
-0.896 0.443 0. -255.710 0.443 0.896 0. 257.975 0. 0. -1. 0.
-0.893 0.450 0. -256.217 0.450 0.893 0. 258.210 0. 0. -1. 0.
-0.897 0.442 0. -256.615 0.442 0.897 0. 258.477 0. 0. -1. 0.
-0.898 0.440 0. -257.035 0.440 0.898 0. 258.627 0. 0. -1. 0.
-0.895 0.446 0. -257.384 0.446 0.895 0. 258.725 0. 0. -1. 0.
-0.894 0.447 0. -257.563 0.447 0.894 0. 258.806 0. 0. -1. 0.
-0.896 0.445 0. -257.776 0.445 0.896 0. 258.871 0. 0. -1. 0.
-0.895 0.447 0. -257.814 0.447 0.895 0. 258.985 0. 0. -1. 0.
-0.894 0.448 0. -257.900 0.448 0.894 0. 258.977 0. 0. -1. 0.
-0.894 0.449 0. -257.849 0.449 0.894 0. 258.961 0. 0. -1. 0.
-0.893 0.450 0. -257.872 0.450 0.893 0. 258.950 0. 0. -1. 0.
-0.892 0.452 0. -257.839 0.452 0.892 0. 258.919 0. 0. -1. 0.
-0.895 0.446 0. -257.833 0.446 0.895 0. 259.015 0. 0. -1. 0.
-0.895 0.447 0. -257.904 0.447 0.895 0. 258.998 0. 0. -1. 0.
-0.893 0.450 0. -257.855 0.450 0.893 0. 259.024 0. 0. -1. 0.
-0.892 0.451 0. -257.852 0.451 0.892 0. 258.987 0. 0. -1. 0.
-0.894 0.448 0. -257.823 0.448 0.894 0. 259.023 0. 0. -1. 0.
-0.892 0.452 0. -257.846 0.452 0.892 0. 259.058 0. 0. -1. 0.
-0.891 0.453 0. -257.816 0.453 0.891 0. 258.983 0. 0. -1. 0.
-0.891 0.453 0. -257.824 0.453 0.891 0. 258.998 0. 0. -1. 0.
-0.892 0.453 0. -257.846 0.453 0.892 0. 258.989 0. 0. -1. 0.
-0.894 0.449 0. -257.846 0.449 0.894 0. 259.006 0. 0. -1. 0.
-0.892 0.452 0. -257.860 0.452 0.892 0. 259.095 0. 0. -1. 0.
-0.892 0.451 0. -257.832 0.451 0.892 0. 259.222 0. 0. -1. 0.
-0.895 0.446 0. -257.836 0.446 0.895 0. 259.049 0. 0. -1. 0.
-0.896 0.444 0. -257.913 0.444 0.896 0. 258.980 0. 0. -1. 0.
-0.895 0.446 0. -257.871 0.446 0.895 0. 259.042 0. 0. -1. 0.
-0.894 0.448 0. -257.872 0.448 0.894 0. 258.938 0. 0. -1. 0.
-0.894 0.448 0. -257.874 0.448 0.894 0. 258.996 0. 0. -1. 0.
-0.892 0.453 0. -257.843 0.453 0.892 0. 258.979 0. 0. -1. 0.
-0.893 0.449 0. -257.833 0.449 0.893 0. 258.986 0. 0. -1. 0.
-0.894 0.448 0. -257.891 0.448 0.894 0. 259.110 0. 0. -1. 0.
-0.894 0.448 0. -257.866 0.448 0.894 0. 259.141 0. 0. -1. 0.
-0.893 0.450 0. -257.839 0.450 0.893 0. 258.947 0. 0. -1. 0.
-0.893 0.449 0. -257.869 0.449 0.893 0. 259.194 0. 0. -1. 0.
-0.893 0.451 0. -257.845 0.451 0.893 0. 259.090 0. 0. -1. 0.
-0.892 0.452 0. -257.846 0.452 0.892 0. 259.002 0. 0. -1. 0.
-0.892 0.453 0. -257.814 0.453 0.892 0. 258.991 0. 0. -1. 0.
-0.892 0.453 0. -257.841 0.453 0.892 0. 259.017 0. 0. -1. 0.
-0.891 0.453 0. -257.836 0.453 0.891 0. 259.045 0. 0. -1. 0.
-0.892 0.452 0. -257.838 0.452 0.892 0. 259.015 0. 0. -1. 0.
-0.895 0.447 0. -257.835 0.447 0.895 0. 259.046 0. 0. -1. 0.
-0.894 0.447 0. -257.869 0.447 0.894 0. 259.049 0. 0. -1. 0.
-0.894 0.449 0. -257.849 0.449 0.894 0. 259.014 0. 0. -1. 0.
-0.892 0.453 0. -257.830 0.453 0.892 0. 258.975 0. 0. -1. 0.
-0.891 0.454 0. -257.831 0.454 0.891 0. 259.016 0. 0. -1. 0.
-0.892 0.451 0. -257.833 0.451 0.892 0. 258.956 0. 0. -1. 0.
-0.893 0.451 0. -257.859 0.451 0.893 0. 259.067 0. 0. -1. 0.
-0.892 0.451 0. -257.821 0.451 0.892 0. 259.098 0. 0. -1. 0.
-0.892 0.453 0. -257.820 0.453 0.892 0. 258.966 0. 0. -1. 0.
-0.891 0.453 0. -257.807 0.453 0.891 0. 258.970 0. 0. -1. 0.
-0.892 0.452 0. -257.851 0.452 0.892 0. 259.061 0. 0. -1. 0.
-0.893 0.450 0. -257.866 0.450 0.893 0. 259.224 0. 0. -1. 0.
-0.894 0.448 0. -257.874 0.448 0.894 0. 259.157 0. 0. -1. 0.
-0.894 0.448 0. -257.855 0.448 0.894 0. 259.082 0. 0. -1. 0.
-0.894 0.448 0. -257.894 0.448 0.894 0. 259.029 0. 0. -1. 0.
-0.893 0.450 0. -257.884 0.450 0.893 0. 259.266 0. 0. -1. 0.
-0.893 0.450 0. -257.937 0.450 0.893 0. 259.045 0. 0. -1. 0.
-0.894 0.447 0. -257.918 0.447 0.894 0. 259.011 0. 0. -1. 0.
-0.894 0.449 0. -257.932 0.449 0.894 0. 259.065 0. 0. -1. 0.
-0.893 0.449 0. -257.915 0.449 0.893 0. 259.056 0. 0. -1. 0.
-0.894 0.448 0. -257.952 0.448 0.894 0. 259.022 0. 0. -1. 0.
-0.895 0.447 0. -257.932 0.447 0.895 0. 258.974 0. 0. -1. 0.
-0.894 0.449 0. -257.953 0.449 0.894 0. 259.058 0. 0. -1. 0.
-0.894 0.449 0. -257.899 0.449 0.894 0. 259.075 0. 0. -1. 0.
-0.893 0.450 0. -257.955 0.450 0.893 0. 259.117 0. 0. -1. 0.
-0.893 0.449 0. -257.974 0.449 0.893 0. 259.040 0. 0. -1. 0.
-0.894 0.448 0. -257.968 0.448 0.894 0. 259.070 0. 0. -1. 0.
-0.893 0.450 0. -257.968 0.450 0.893 0. 259.094 0. 0. -1. 0.
-0.893 0.451 0. -257.897 0.451 0.893 0. 259.124 0. 0. -1. 0.
-0.895 0.446 0. -257.935 0.446 0.895 0. 259.034 0. 0. -1. 0.
-0.896 0.444 0. -257.966 0.444 0.896 0. 259.036 0. 0. -1. 0.
-0.896 0.444 0. -258.014 0.444 0.896 0. 258.977 0. 0. -1. 0.
-0.894 0.447 0. -257.974 0.447 0.894 0. 259.014 0. 0. -1. 0.
-0.893 0.451 0. -257.979 0.451 0.893 0. 259.056 0. 0. -1. 0.
-0.893 0.450 0. -257.911 0.450 0.893 0. 259.202 0. 0. -1. 0.
-0.894 0.449 0. -257.928 0.449 0.894 0. 259.205 0. 0. -1. 0.
-0.893 0.450 0. -257.909 0.450 0.893 0. 259.188 0. 0. -1. 0.
-0.895 0.445 0. -257.898 0.445 0.895 0. 259.107 0. 0. -1. 0.
-0.893 0.450 0. -257.959 0.450 0.893 0. 259.228 0. 0. -1. 0.
-0.895 0.446 0. -257.885 0.446 0.895 0. 259.132 0. 0. -1. 0.
-0.893 0.450 0. -257.891 0.450 0.893 0. 259.170 0. 0. -1. 0.
-0.894 0.448 0. -257.898 0.448 0.894 0. 259.196 0. 0. -1. 0.
-0.893 0.449 0. -257.939 0.449 0.893 0. 259.196 0. 0. -1. 0.
-0.894 0.448 0. -257.882 0.448 0.894 0. 259.170 0. 0. -1. 0.
-0.894 0.448 0. -257.896 0.448 0.894 0. 259.145 0. 0. -1. 0.
-0.893 0.450 0. -257.876 0.450 0.893 0. 259.180 0. 0. -1. 0.
-0.893 0.449 0. -257.926 0.449 0.893 0. 259.209 0. 0. -1. 0.
-0.895 0.447 0. -257.882 0.447 0.895 0. 259.131 0. 0. -1. 0.
-0.894 0.448 0. -257.877 0.448 0.894 0. 259.154 0. 0. -1. 0.
-0.893 0.449 0. -257.887 0.449 0.893 0. 259.194 0. 0. -1. 0.
-0.894 0.449 0. -257.917 0.449 0.894 0. 259.185 0. 0. -1. 0.
-0.893 0.451 0. -257.881 0.451 0.893 0. 259.195 0. 0. -1. 0.
-0.894 0.448 0. -257.856 0.448 0.894 0. 259.101 0. 0. -1. 0.
-0.894 0.447 0. -257.890 0.447 0.894 0. 259.105 0. 0. -1. 0.
-0.894 0.448 0. -257.875 0.448 0.894 0. 259.155 0. 0. -1. 0.
-0.894 0.447 0. -257.889 0.447 0.894 0. 259.113 0. 0. -1. 0.
-0.895 0.447 0. -257.866 0.447 0.895 0. 259.134 0. 0. -1. 0.
-0.893 0.450 0. -257.899 0.450 0.893 0. 259.193 0. 0. -1. 0.
-0.893 0.450 0. -257.926 0.450 0.893 0. 259.213 0. 0. -1. 0.
-0.894 0.449 0. -257.912 0.449 0.894 0. 259.209 0. 0. -1. 0.
-0.895 0.446 0. -257.898 0.446 0.895 0. 259.142 0. 0. -1. 0.
-0.895 0.447 0. -257.885 0.447 0.895 0. 259.119 0. 0. -1. 0.
-0.893 0.450 0. -257.921 0.450 0.893 0. 259.202 0. 0. -1. 0.
-0.894 0.448 0. -257.907 0.448 0.894 0. 259.171 0. 0. -1. 0.
-0.894 0.449 0. -257.903 0.449 0.894 0. 259.191 0. 0. -1. 0.
-0.895 0.447 0. -257.919 0.447 0.895 0. 259.153 0. 0. -1. 0.
-0.894 0.447 0. -257.883 0.447 0.894 0. 259.133 0. 0. -1. 0.
-0.895 0.445 0. -257.929 0.445 0.895 0. 259.152 0. 0. -1. 0.
-0.896 0.444 0. -257.911 0.444 0.896 0. 259.147 0. 0. -1. 0.
-0.896 0.445 0. -257.878 0.445 0.896 0. 259.124 0. 0. -1. 0.
-0.894 0.447 0. -257.891 0.447 0.894 0. 259.174 0. 0. -1. 0.
-0.894 0.447 0. -257.911 0.447 0.894 0. 259.169 0. 0. -1. 0.
-0.894 0.449 0. -257.892 0.449 0.894 0. 259.169 0. 0. -1. 0.
-0.896 0.445 0. -257.902 0.445 0.896 0. 259.142 0. 0. -1. 0.
-0.898 0.440 0. -257.933 0.440 0.898 0. 259.151 0. 0. -1. 0.
-0.896 0.445 0. -257.881 0.445 0.896 0. 259.163 0. 0. -1. 0.
-0.895 0.446 0. -257.926 0.446 0.895 0. 259.153 0. 0. -1. 0.
-0.894 0.448 0. -257.889 0.448 0.894 0. 259.160 0. 0. -1. 0.
-0.894 0.448 0. -257.916 0.448 0.894 0. 259.187 0. 0. -1. 0.
-0.895 0.446 0. -257.902 0.446 0.895 0. 259.156 0. 0. -1. 0.
-0.894 0.449 0. -257.896 0.449 0.894 0. 259.159 0. 0. -1. 0.
-0.894 0.447 0. -257.904 0.447 0.894 0. 259.156 0. 0. -1. 0.
-0.894 0.449 0. -257.891 0.449 0.894 0. 259.158 0. 0. -1. 0.
-0.895 0.446 0. -257.909 0.446 0.895 0. 259.139 0. 0. -1. 0.
-0.892 0.451 0. -257.925 0.451 0.892 0. 259.232 0. 0. -1. 0.
-0.894 0.449 0. -257.902 0.449 0.894 0. 259.185 0. 0. -1. 0.
-0.894 0.447 0. -257.885 0.447 0.894 0. 259.124 0. 0. -1. 0.
-0.895 0.445 0. -257.914 0.445 0.895 0. 259.135 0. 0. -1. 0.
-0.895 0.446 0. -257.885 0.446 0.895 0. 259.102 0. 0. -1. 0.
-0.894 0.447 0. -257.884 0.447 0.894 0. 259.108 0. 0. -1. 0.
-0.895 0.445 0. -257.892 0.445 0.895 0. 259.109 0. 0. -1. 0.
-0.893 0.450 0. -257.885 0.450 0.893 0. 259.168 0. 0. -1. 0.
-0.895 0.446 0. -257.920 0.446 0.895 0. 259.150 0. 0. -1. 0.
-0.893 0.450 0. -257.886 0.450 0.893 0. 259.168 0. 0. -1. 0.
-0.894 0.448 0. -257.916 0.448 0.894 0. 259.180 0. 0. -1. 0.
-0.893 0.449 0. -257.891 0.449 0.893 0. 259.178 0. 0. -1. 0.
-0.893 0.449 0. -257.940 0.449 0.893 0. 259.195 0. 0. -1. 0.
-0.893 0.449 0. -257.932 0.449 0.893 0. 259.215 0. 0. -1. 0.
-0.894 0.449 0. -257.904 0.449 0.894 0. 259.174 0. 0. -1. 0.
-0.894 0.447 0. -257.891 0.447 0.894 0. 259.132 0. 0. -1. 0.
-0.895 0.446 0. -257.908 0.446 0.895 0. 259.148 0. 0. -1. 0.
-0.895 0.446 0. -257.882 0.446 0.895 0. 259.145 0. 0. -1. 0.
-0.896 0.445 0. -257.907 0.445 0.896 0. 259.148 0. 0. -1. 0.
-0.894 0.447 0. -257.897 0.447 0.894 0. 259.178 0. 0. -1. 0.
-0.895 0.447 0. -257.955 0.447 0.895 0. 259.129 0. 0. -1. 0.
-0.893 0.449 0. -257.989 0.449 0.893 0. 259.118 0. 0. -1. 0.
-0.894 0.447 0. -258.073 0.447 0.894 0. 259.172 0. 0. -1. 0.
-0.893 0.451 0. -258.289 0.451 0.893 0. 259.224 0. 0. -1. 0.
-0.892 0.452 0. -258.472 0.452 0.892 0. 259.282 0. 0. -1. 0.
-0.895 0.447 0. -258.779 0.447 0.895 0. 259.455 0. 0. -1. 0.
-0.894 0.447 0. -259.259 0.447 0.894 0. 259.827 0. 0. -1. 0.
-0.894 0.447 0. -259.681 0.447 0.894 0. 259.844 0. 0. -1. 0.
-0.894 0.449 0. -260.235 0.449 0.894 0. 260.227 0. 0. -1. 0.
-0.883 0.470 0. -260.860 0.470 0.883 0. 260.557 0. 0. -1. 0.
-0.869 0.495 0. -261.396 0.495 0.869 0. 260.786 0. 0. -1. 0.
-0.838 0.546 0. -262.128 0.546 0.838 0. 261.235 0. 0. -1. 0.
-0.804 0.595 0. -262.509 0.595 0.804 0. 261.557 0. 0. -1. 0.
-0.762 0.648 0. -263.091 0.648 0.762 0. 262.100 0. 0. -1. 0.
-0.702 0.712 0. -263.446 0.712 0.702 0. 262.707 0. 0. -1. 0.
-0.643 0.766 0. -263.892 0.766 0.643 0. 263.251 0. 0. -1. 0.
-0.564 0.826 0. -264.449 0.826 0.564 0. 263.905 0. 0. -1. 0.
-0.484 0.875 0. -264.698 0.875 0.484 0. 264.718 0. 0. -1. 0.
-0.387 0.922 0. -265.036 0.922 0.387 0. 265.660 0. 0. -1. 0.
-0.300 0.954 0. -265.285 0.954 0.300 0. 266.546 0. 0. -1. 0.
-0.209 0.978 0. -265.533 0.978 0.209 0. 267.684 0. 0. -1. 0.
-0.139 0.990 0. -265.595 0.990 0.139 0. 268.848 0. 0. -1. 0.
-0.081 0.997 0. -265.712 0.997 0.081 0. 270.062 0. 0. -1. 0.
-0.030 1.000 0. -265.691 1.000 0.030 0. 271.397 0. 0. -1. 0.
0.019 1.000 0. -265.638 1.000 -0.019 -0. 272.725 0. 0. -1. 0.
0.069 0.998 0. -265.476 0.998 -0.069 -0. 274.329 0. 0. -1. 0.
0.099 0.995 0. -265.270 0.995 -0.099 -0. 275.867 0. 0. -1. 0.
0.141 0.990 0. -265.056 0.990 -0.141 -0. 277.641 0. 0. -1. 0.
0.175 0.985 0. -264.503 0.985 -0.175 -0. 279.345 0. 0. -1. 0.
0.193 0.981 0. -264.287 0.981 -0.193 -0. 281.252 0. 0. -1. 0.
0.218 0.976 0. -263.767 0.976 -0.218 -0. 283.153 0. 0. -1. 0.
0.223 0.975 0. -263.236 0.975 -0.223 -0. 285.200 0. 0. -1. 0.
0.225 0.974 0. -262.689 0.974 -0.225 -0. 287.225 0. 0. -1. 0.
0.228 0.974 0. -262.169 0.974 -0.228 -0. 289.406 0. 0. -1. 0.
0.227 0.974 0. -261.671 0.974 -0.227 -0. 291.692 0. 0. -1. 0.
0.227 0.974 0. -261.030 0.974 -0.227 -0. 293.911 0. 0. -1. 0.
0.225 0.974 0. -260.453 0.974 -0.225 -0. 296.272 0. 0. -1. 0.
0.225 0.974 0. -259.827 0.974 -0.225 -0. 298.672 0. 0. -1. 0.
0.222 0.975 0. -259.240 0.975 -0.222 -0. 301.130 0. 0. -1. 0.
0.222 0.975 0. -258.642 0.975 -0.222 -0. 303.698 0. 0. -1. 0.
0.226 0.974 0. -258.005 0.974 -0.226 -0. 306.354 0. 0. -1. 0.
0.229 0.973 0. -257.250 0.973 -0.229 -0. 309.042 0. 0. -1. 0.
0.234 0.972 0. -256.562 0.972 -0.234 -0. 311.783 0. 0. -1. 0.
0.238 0.971 0. -255.828 0.971 -0.238 -0. 314.614 0. 0. -1. 0.
0.229 0.973 0. -255.077 0.973 -0.229 -0. 317.545 0. 0. -1. 0.
0.232 0.973 0. -254.344 0.973 -0.232 -0. 320.532 0. 0. -1. 0.
0.233 0.972 0. -253.560 0.972 -0.233 -0. 323.562 0. 0. -1. 0.
0.235 0.972 0. -252.723 0.972 -0.235 -0. 326.677 0. 0. -1. 0.
0.233 0.972 0. -251.853 0.972 -0.233 -0. 329.856 0. 0. -1. 0.
