1. 0. 0. 0. 0. -1. -0. 0. 0. 0. -1. 0.
1. -0.002 -0. 0.000 -0.002 -1. -0. 0.010 0. 0. -1. 0.
1. -0.000 -0. -0.003 -0.000 -1. -0. -0.014 0. 0. -1. 0.
1. 0.001 0. 0.002 0.001 -1. -0. 0.003 0. 0. -1. 0.
1. 0.000 0. 0.041 0.000 -1. -0. 0.052 0. 0. -1. 0.
1. -0.005 -0. 0.013 -0.005 -1. -0. 0.027 0. 0. -1. 0.
1. 0.001 0. -0.001 0.001 -1. -0. -0.006 0. 0. -1. 0.
1. -0.003 -0. 0.021 -0.003 -1. -0. 0.043 0. 0. -1. 0.
1. -0.005 -0. 0.046 -0.005 -1. -0. 0.038 0. 0. -1. 0.
1. -0.004 -0. -0.001 -0.004 -1. -0. -0.013 0. 0. -1. 0.
1. 0.001 0. 0.001 0.001 -1. -0. -0.014 0. 0. -1. 0.
1. -0.001 -0. 0.043 -0.001 -1. -0. 0.045 0. 0. -1. 0.
1. -0.004 -0. 0.007 -0.004 -1. -0. -0.001 0. 0. -1. 0.
1. -0.006 -0. 0.008 -0.006 -1. -0. 0.019 0. 0. -1. 0.
1. -0.001 -0. 0.006 -0.001 -1. -0. -0.018 0. 0. -1. 0.
1. -0.002 -0. 0.075 -0.002 -1. -0. 0.047 0. 0. -1. 0.
1. -0.005 -0. 0.157 -0.005 -1. -0. -0.023 0. 0. -1. 0.
1.000 -0.017 -0. 0.206 -0.017 -1.000 -0. 0.003 0. 0. -1. 0.
0.999 -0.034 -0. 0.301 -0.034 -0.999 -0. -0.002 0. 0. -1. 0.
0.999 -0.054 -0. 0.446 -0.054 -0.999 -0. -0.041 0. 0. -1. 0.
0.997 -0.077 -0. 0.682 -0.077 -0.997 -0. -0.109 0. 0. -1. 0.
0.995 -0.101 -0. 1.026 -0.101 -0.995 -0. -0.123 0. 0. -1. 0.
0.991 -0.135 -0. 1.446 -0.135 -0.991 -0. -0.192 0. 0. -1. 0.
0.984 -0.176 -0. 1.983 -0.176 -0.984 -0. -0.302 0. 0. -1. 0.
0.981 -0.194 -0. 2.537 -0.194 -0.981 -0. -0.519 0. 0. -1. 0.
0.980 -0.200 -0. 3.173 -0.200 -0.980 -0. -0.676 0. 0. -1. 0.
0.979 -0.202 -0. 3.980 -0.202 -0.979 -0. -0.841 0. 0. -1. 0.
0.979 -0.203 -0. 4.857 -0.203 -0.979 -0. -0.950 0. 0. -1. 0.
0.981 -0.192 -0. 5.758 -0.192 -0.981 -0. -1.188 0. 0. -1. 0.
0.983 -0.183 -0. 6.728 -0.183 -0.983 -0. -1.314 0. 0. -1. 0.
0.983 -0.185 -0. 7.766 -0.185 -0.983 -0. -1.469 0. 0. -1. 0.
0.984 -0.178 -0. 8.776 -0.178 -0.984 -0. -1.744 0. 0. -1. 0.
0.986 -0.168 -0. 9.912 -0.168 -0.986 -0. -1.951 0. 0. -1. 0.
0.988 -0.153 -0. 11.075 -0.153 -0.988 -0. -2.146 0. 0. -1. 0.
0.991 -0.137 -0. 12.260 -0.137 -0.991 -0. -2.301 0. 0. -1. 0.
0.991 -0.135 -0. 13.477 -0.135 -0.991 -0. -2.497 0. 0. -1. 0.
0.992 -0.127 -0. 14.794 -0.127 -0.992 -0. -2.681 0. 0. -1. 0.
0.994 -0.106 -0. 16.247 -0.106 -0.994 -0. -2.923 0. 0. -1. 0.
0.996 -0.086 -0. 17.558 -0.086 -0.996 -0. -2.932 0. 0. -1. 0.
0.997 -0.071 -0. 18.908 -0.071 -0.997 -0. -2.986 0. 0. -1. 0.
0.998 -0.063 -0. 20.430 -0.063 -0.998 -0. -3.231 0. 0. -1. 0.
0.997 -0.074 -0. 22.042 -0.074 -0.997 -0. -3.384 0. 0. -1. 0.
0.997 -0.073 -0. 23.610 -0.073 -0.997 -0. -3.593 0. 0. -1. 0.
0.997 -0.078 -0. 25.268 -0.078 -0.997 -0. -3.666 0. 0. -1. 0.
0.997 -0.074 -0. 26.858 -0.074 -0.997 -0. -3.918 0. 0. -1. 0.
0.997 -0.075 -0. 28.575 -0.075 -0.997 -0. -4.102 0. 0. -1. 0.
0.997 -0.082 -0. 30.153 -0.082 -0.997 -0. -4.208 0. 0. -1. 0.
0.997 -0.080 -0. 31.746 -0.080 -0.997 -0. -4.358 0. 0. -1. 0.
0.996 -0.085 -0. 33.445 -0.085 -0.996 -0. -4.600 0. 0. -1. 0.
0.995 -0.099 -0. 34.978 -0.099 -0.995 -0. -4.719 0. 0. -1. 0.
0.996 -0.090 -0. 36.594 -0.090 -0.996 -0. -4.928 0. 0. -1. 0.
0.997 -0.073 -0. 38.199 -0.073 -0.997 -0. -5.171 0. 0. -1. 0.
0.999 -0.045 -0. 39.853 -0.045 -0.999 -0. -5.185 0. 0. -1. 0.
1.000 -0.025 -0. 41.488 -0.025 -1.000 -0. -5.185 0. 0. -1. 0.
1. 0.002 0. 43.145 0.002 -1. -0. -5.227 0. 0. -1. 0.
1.000 0.018 0. 44.901 0.018 -1.000 -0. -5.256 0. 0. -1. 0.
1.000 0.021 0. 46.551 0.021 -1.000 -0. -5.070 0. 0. -1. 0.
1.000 0.028 0. 48.327 0.028 -1.000 -0. -5.226 0. 0. -1. 0.
1.000 0.031 0. 49.986 0.031 -1.000 -0. -5.079 0. 0. -1. 0.
0.999 0.034 0. 51.768 0.034 -0.999 -0. -5.067 0. 0. -1. 0.
0.999 0.036 0. 53.574 0.036 -0.999 -0. -5.141 0. 0. -1. 0.
0.999 0.039 0. 55.332 0.039 -0.999 -0. -5.141 0. 0. -1. 0.
0.999 0.043 0. 57.215 0.043 -0.999 -0. -5.037 0. 0. -1. 0.
0.999 0.034 0. 59.166 0.034 -0.999 -0. -4.894 0. 0. -1. 0.
0.999 0.036 0. 61.012 0.036 -0.999 -0. -5.024 0. 0. -1. 0.
0.999 0.039 0. 62.953 0.039 -0.999 -0. -4.866 0. 0. -1. 0.
0.999 0.036 0. 64.940 0.036 -0.999 -0. -4.773 0. 0. -1. 0.
0.999 0.039 0. 66.879 0.039 -0.999 -0. -4.714 0. 0. -1. 0.
0.999 0.044 0. 68.841 0.044 -0.999 -0. -4.564 0. 0. -1. 0.
0.999 0.038 0. 70.843 0.038 -0.999 -0. -4.527 0. 0. -1. 0.
0.999 0.035 0. 72.787 0.035 -0.999 -0. -4.560 0. 0. -1. 0.
1.000 0.028 0. 74.738 0.028 -1.000 -0. -4.473 0. 0. -1. 0.
1.000 0.022 0. 76.775 0.022 -1.000 -0. -4.379 0. 0. -1. 0.
1. 0.009 0. 78.777 0.009 -1. -0. -4.408 0. 0. -1. 0.
1. -0.002 -0. 80.665 -0.002 -1. -0. -4.363 0. 0. -1. 0.
1.000 -0.029 -0. 82.720 -0.029 -1.000 -0. -4.383 0. 0. -1. 0.
0.998 -0.065 -0. 84.612 -0.065 -0.998 -0. -4.533 0. 0. -1. 0.
0.993 -0.117 -0. 86.463 -0.117 -0.993 -0. -4.734 0. 0. -1. 0.
0.986 -0.168 -0. 88.354 -0.168 -0.986 -0. -5.061 0. 0. -1. 0.
0.974 -0.226 -0. 90.179 -0.226 -0.974 -0. -5.510 0. 0. -1. 0.
0.960 -0.281 -0. 91.974 -0.281 -0.960 -0. -6.037 0. 0. -1. 0.
0.943 -0.333 -0. 93.735 -0.333 -0.943 -0. -6.704 0. 0. -1. 0.
0.921 -0.389 -0. 95.488 -0.389 -0.921 -0. -7.448 0. 0. -1. 0.
0.902 -0.432 -0. 97.200 -0.432 -0.902 -0. -8.293 0. 0. -1. 0.
0.873 -0.488 -0. 98.949 -0.488 -0.873 -0. -9.134 0. 0. -1. 0.
0.837 -0.547 -0. 100.460 -0.547 -0.837 -0. -10.178 0. 0. -1. 0.
0.799 -0.601 -0. 101.943 -0.601 -0.799 -0. -11.346 0. 0. -1. 0.
0.761 -0.648 -0. 103.295 -0.648 -0.761 -0. -12.505 0. 0. -1. 0.
0.705 -0.709 -0. 104.768 -0.709 -0.705 -0. -13.787 0. 0. -1. 0.
0.649 -0.761 -0. 105.885 -0.761 -0.649 -0. -15.265 0. 0. -1. 0.
0.592 -0.806 -0. 106.962 -0.806 -0.592 -0. -16.757 0. 0. -1. 0.
0.531 -0.848 -0. 108.077 -0.848 -0.531 -0. -18.293 0. 0. -1. 0.
0.469 -0.883 -0. 108.793 -0.883 -0.469 -0. -19.932 0. 0. -1. 0.
0.424 -0.905 -0. 109.374 -0.905 -0.424 -0. -21.680 0. 0. -1. 0.
0.388 -0.921 -0. 110.138 -0.921 -0.388 -0. -23.411 0. 0. -1. 0.
0.357 -0.934 -0. 110.784 -0.934 -0.357 -0. -25.220 0. 0. -1. 0.
0.341 -0.940 -0. 111.162 -0.940 -0.341 -0. -27.147 0. 0. -1. 0.
0.338 -0.941 -0. 111.960 -0.941 -0.338 -0. -29.002 0. 0. -1. 0.
0.332 -0.943 -0. 112.581 -0.943 -0.332 -0. -30.847 0. 0. -1. 0.
0.327 -0.945 -0. 113.369 -0.945 -0.327 -0. -32.821 0. 0. -1. 0.
0.334 -0.942 -0. 113.819 -0.942 -0.334 -0. -34.746 0. 0. -1. 0.
0.338 -0.941 -0. 114.737 -0.941 -0.338 -0. -36.733 0. 0. -1. 0.
0.352 -0.936 -0. 115.352 -0.936 -0.352 -0. -38.615 0. 0. -1. 0.
0.374 -0.927 -0. 116.112 -0.927 -0.374 -0. -40.548 0. 0. -1. 0.
0.405 -0.914 -0. 116.938 -0.914 -0.405 -0. -42.409 0. 0. -1. 0.
0.441 -0.897 -0. 117.682 -0.897 -0.441 -0. -44.315 0. 0. -1. 0.
0.460 -0.888 -0. 118.758 -0.888 -0.460 -0. -46.048 0. 0. -1. 0.
0.489 -0.872 -0. 119.638 -0.872 -0.489 -0. -47.794 0. 0. -1. 0.
0.506 -0.863 -0. 120.516 -0.863 -0.506 -0. -49.567 0. 0. -1. 0.
0.515 -0.857 -0. 121.589 -0.857 -0.515 -0. -51.242 0. 0. -1. 0.
0.525 -0.851 -0. 122.551 -0.851 -0.525 -0. -52.922 0. 0. -1. 0.
0.528 -0.849 -0. 123.555 -0.849 -0.528 -0. -54.520 0. 0. -1. 0.
0.528 -0.850 -0. 124.479 -0.850 -0.528 -0. -56.156 0. 0. -1. 0.
0.524 -0.852 -0. 125.518 -0.852 -0.524 -0. -57.766 0. 0. -1. 0.
0.526 -0.851 -0. 126.350 -0.851 -0.526 -0. -59.304 0. 0. -1. 0.
0.525 -0.851 -0. 127.316 -0.851 -0.525 -0. -60.904 0. 0. -1. 0.
0.522 -0.853 -0. 128.285 -0.853 -0.522 -0. -62.501 0. 0. -1. 0.
0.521 -0.853 -0. 129.182 -0.853 -0.521 -0. -63.926 0. 0. -1. 0.
0.524 -0.852 -0. 130.048 -0.852 -0.524 -0. -65.603 0. 0. -1. 0.
0.524 -0.852 -0. 131.026 -0.852 -0.524 -0. -66.974 0. 0. -1. 0.
0.542 -0.840 -0. 131.782 -0.840 -0.542 -0. -68.407 0. 0. -1. 0.
0.562 -0.827 -0. 132.743 -0.827 -0.562 -0. -69.790 0. 0. -1. 0.
0.592 -0.806 -0. 133.686 -0.806 -0.592 -0. -71.067 0. 0. -1. 0.
0.633 -0.774 -0. 134.691 -0.774 -0.633 -0. -72.266 0. 0. -1. 0.
0.679 -0.734 -0. 135.653 -0.734 -0.679 -0. -73.442 0. 0. -1. 0.
0.729 -0.685 -0. 136.675 -0.685 -0.729 -0. -74.385 0. 0. -1. 0.
0.781 -0.625 -0. 137.649 -0.625 -0.781 -0. -75.330 0. 0. -1. 0.
0.831 -0.557 -0. 138.713 -0.557 -0.831 -0. -76.163 0. 0. -1. 0.
0.881 -0.473 -0. 139.746 -0.473 -0.881 -0. -76.603 0. 0. -1. 0.
0.925 -0.381 -0. 140.759 -0.381 -0.925 -0. -77.034 0. 0. -1. 0.
0.961 -0.276 -0. 141.773 -0.276 -0.961 -0. -77.252 0. 0. -1. 0.
0.988 -0.156 -0. 142.605 -0.156 -0.988 -0. -77.457 0. 0. -1. 0.
1.000 -0.016 -0. 143.528 -0.016 -1.000 -0. -77.506 0. 0. -1. 0.
0.993 0.120 0. 144.410 0.120 -0.993 -0. -77.238 0. 0. -1. 0.
0.960 0.280 0. 145.200 0.280 -0.960 -0. -77.126 0. 0. -1. 0.
0.901 0.433 0. 146.027 0.433 -0.901 -0. -76.595 0. 0. -1. 0.
0.824 0.566 0. 146.668 0.566 -0.824 -0. -76.026 0. 0. -1. 0.
0.710 0.704 0. 147.206 0.704 -0.710 -0. -75.473 0. 0. -1. 0.
0.572 0.820 0. 147.668 0.820 -0.572 -0. -74.753 0. 0. -1. 0.
0.416 0.909 0. 148.069 0.909 -0.416 -0. -73.946 0. 0. -1. 0.
0.241 0.970 0. 148.128 0.970 -0.241 -0. -73.116 0. 0. -1. 0.
0.043 0.999 0. 148.211 0.999 -0.043 -0. -72.264 0. 0. -1. 0.
-0.156 0.988 0. 148.007 0.988 0.156 0. -71.204 0. 0. -1. 0.
-0.336 0.942 0. 147.675 0.942 0.336 0. -70.277 0. 0. -1. 0.
-0.495 0.869 0. 147.082 0.869 0.495 0. -69.360 0. 0. -1. 0.
-0.621 0.784 0. 146.381 0.784 0.621 0. -68.493 0. 0. -1. 0.
-0.715 0.700 0. 145.500 0.700 0.715 0. -67.779 0. 0. -1. 0.
-0.776 0.631 0. 144.627 0.631 0.776 0. -67.030 0. 0. -1. 0.
-0.819 0.574 0. 143.544 0.574 0.819 0. -66.387 0. 0. -1. 0.
-0.846 0.534 0. 142.561 0.534 0.846 0. -65.752 0. 0. -1. 0.
-0.868 0.496 0. 141.402 0.496 0.868 0. -65.161 0. 0. -1. 0.
-0.880 0.474 0. 140.023 0.474 0.880 0. -64.322 0. 0. -1. 0.
-0.886 0.463 0. 138.830 0.463 0.886 0. -63.661 0. 0. -1. 0.
-0.886 0.464 0. 137.429 0.464 0.886 0. -63.075 0. 0. -1. 0.
-0.880 0.475 0. 136.083 0.475 0.880 0. -62.312 0. 0. -1. 0.
-0.867 0.498 0. 134.633 0.498 0.867 0. -61.472 0. 0. -1. 0.
-0.841 0.541 0. 133.306 0.541 0.841 0. -60.621 0. 0. -1. 0.
-0.818 0.575 0. 131.942 0.575 0.818 0. -59.591 0. 0. -1. 0.
-0.789 0.615 0. 130.555 0.615 0.789 0. -58.505 0. 0. -1. 0.
-0.756 0.654 0. 129.212 0.654 0.756 0. -57.293 0. 0. -1. 0.
-0.732 0.681 0. 127.971 0.681 0.732 0. -56.052 0. 0. -1. 0.
-0.698 0.716 0. 126.695 0.716 0.698 0. -54.740 0. 0. -1. 0.
-0.667 0.745 0. 125.472 0.745 0.667 0. -53.372 0. 0. -1. 0.
-0.634 0.773 0. 124.320 0.773 0.634 0. -51.831 0. 0. -1. 0.
-0.601 0.799 0. 123.218 0.799 0.601 0. -50.275 0. 0. -1. 0.
-0.577 0.816 0. 122.154 0.816 0.577 0. -48.637 0. 0. -1. 0.
-0.547 0.837 0. 121.092 0.837 0.547 0. -47.007 0. 0. -1. 0.
-0.520 0.854 0. 120.093 0.854 0.520 0. -45.314 0. 0. -1. 0.
-0.485 0.874 0. 118.988 0.874 0.485 0. -43.543 0. 0. -1. 0.
-0.453 0.891 0. 118.240 0.891 0.453 0. -41.739 0. 0. -1. 0.
-0.420 0.907 0. 117.289 0.907 0.420 0. -39.845 0. 0. -1. 0.
-0.396 0.918 0. 116.656 0.918 0.396 0. -37.964 0. 0. -1. 0.
-0.373 0.928 0. 115.801 0.928 0.373 0. -36.116 0. 0. -1. 0.
-0.352 0.936 0. 115.182 0.936 0.352 0. -34.275 0. 0. -1. 0.
-0.351 0.936 0. 114.384 0.936 0.351 0. -32.379 0. 0. -1. 0.
-0.340 0.940 0. 114.093 0.940 0.340 0. -30.453 0. 0. -1. 0.
-0.347 0.938 0. 113.159 0.938 0.347 0. -28.628 0. 0. -1. 0.
-0.362 0.932 0. 112.562 0.932 0.362 0. -26.754 0. 0. -1. 0.
-0.395 0.919 0. 111.586 0.919 0.395 0. -24.977 0. 0. -1. 0.
-0.427 0.904 0. 110.955 0.904 0.427 0. -23.138 0. 0. -1. 0.
-0.468 0.884 0. 110.117 0.884 0.468 0. -21.350 0. 0. -1. 0.
-0.501 0.865 0. 109.280 0.865 0.501 0. -19.686 0. 0. -1. 0.
-0.545 0.838 0. 108.180 0.838 0.545 0. -18.080 0. 0. -1. 0.
-0.589 0.808 0. 107.089 0.808 0.589 0. -16.534 0. 0. -1. 0.
-0.636 0.772 0. 105.972 0.772 0.636 0. -15.101 0. 0. -1. 0.
-0.686 0.727 0. 104.610 0.727 0.686 0. -13.728 0. 0. -1. 0.
-0.733 0.680 0. 103.275 0.680 0.733 0. -12.426 0. 0. -1. 0.
-0.781 0.625 0. 101.909 0.625 0.781 0. -11.236 0. 0. -1. 0.
-0.821 0.571 0. 100.421 0.571 0.821 0. -10.061 0. 0. -1. 0.
-0.856 0.517 0. 98.856 0.517 0.856 0. -9.147 0. 0. -1. 0.
-0.889 0.459 0. 97.271 0.459 0.889 0. -8.315 0. 0. -1. 0.
-0.917 0.399 0. 95.601 0.399 0.917 0. -7.507 0. 0. -1. 0.
-0.939 0.344 0. 93.838 0.344 0.939 0. -6.851 0. 0. -1. 0.
-0.959 0.284 0. 92.066 0.284 0.959 0. -6.378 0. 0. -1. 0.
-0.973 0.230 0. 90.357 0.230 0.973 0. -5.810 0. 0. -1. 0.
-0.983 0.182 0. 88.443 0.182 0.983 0. -5.466 0. 0. -1. 0.
-0.990 0.141 0. 86.562 0.141 0.990 0. -5.149 0. 0. -1. 0.
-0.995 0.103 0. 84.565 0.103 0.995 0. -4.924 0. 0. -1. 0.
-0.998 0.062 0. 82.668 0.062 0.998 0. -4.767 0. 0. -1. 0.
-0.999 0.043 0. 80.539 0.043 0.999 0. -4.651 0. 0. -1. 0.
-1.000 0.018 0. 78.538 0.018 1.000 0. -4.594 0. 0. -1. 0.
-1.000 0.021 0. 76.402 0.021 1.000 0. -4.598 0. 0. -1. 0.
-1. 0.006 0. 74.399 0.006 1. 0. -4.552 0. 0. -1. 0.
-1. 0.010 0. 72.225 0.010 1. 0. -4.476 0. 0. -1. 0.
-1. 0.011 0. 70.065 0.011 1. 0. -4.409 0. 0. -1. 0.
-1. 0.009 0. 67.956 0.009 1. 0. -4.323 0. 0. -1. 0.
-1. 0.012 0. 65.845 0.012 1. 0. -4.344 0. 0. -1. 0.
-1. 0.008 0. 63.805 0.008 1. 0. -4.256 0. 0. -1. 0.
-1. 0.013 0. 61.697 0.013 1. 0. -4.137 0. 0. -1. 0.
-1.000 0.022 0. 59.681 0.022 1.000 0. -3.995 0. 0. -1. 0.
-1.000 0.021 0. 57.601 0.021 1.000 0. -3.988 0. 0. -1. 0.
-1.000 0.017 0. 55.615 0.017 1.000 0. -3.861 0. 0. -1. 0.
-1. 0.008 0. 53.618 0.008 1. 0. -3.840 0. 0. -1. 0.
-1. 0.004 0. 51.599 0.004 1. 0. -3.766 0. 0. -1. 0.
-1. -0.014 -0. 49.576 -0.014 1. 0. -3.705 0. 0. -1. 0.
-0.999 -0.033 -0. 47.656 -0.033 0.999 0. -3.845 0. 0. -1. 0.
-0.999 -0.047 -0. 45.666 -0.047 0.999 0. -3.891 0. 0. -1. 0.
-0.998 -0.055 -0. 43.778 -0.055 0.998 0. -4.050 0. 0. -1. 0.
-0.998 -0.062 -0. 41.822 -0.062 0.998 0. -4.165 0. 0. -1. 0.
-0.998 -0.062 -0. 39.911 -0.062 0.998 0. -4.324 0. 0. -1. 0.
-1.000 -0.029 -0. 38.037 -0.029 1.000 0. -4.364 0. 0. -1. 0.
-1. 0.001 0. 36.192 0.001 1. 0. -4.369 0. 0. -1. 0.
-1.000 0.024 0. 34.355 0.024 1.000 0. -4.185 0. 0. -1. 0.
-0.999 0.044 0. 32.510 0.044 0.999 0. -4.102 0. 0. -1. 0.
-0.998 0.059 0. 30.696 0.059 0.998 0. -4.007 0. 0. -1. 0.
-0.997 0.073 0. 28.812 0.073 0.997 0. -3.857 0. 0. -1. 0.
-0.997 0.080 0. 26.990 0.080 0.997 0. -3.594 0. 0. -1. 0.
-0.996 0.087 0. 25.032 0.087 0.996 0. -3.363 0. 0. -1. 0.
-0.996 0.088 0. 23.126 0.088 0.996 0. -3.160 0. 0. -1. 0.
-0.995 0.102 0. 21.171 0.102 0.995 0. -2.920 0. 0. -1. 0.
-0.995 0.102 0. 19.282 0.102 0.995 0. -2.673 0. 0. -1. 0.
-0.995 0.102 0. 17.312 0.102 0.995 0. -2.497 0. 0. -1. 0.
-0.995 0.100 0. 15.343 0.100 0.995 0. -2.295 0. 0. -1. 0.
-0.995 0.099 0. 13.412 0.099 0.995 0. -2.159 0. 0. -1. 0.
-0.994 0.108 0. 11.451 0.108 0.994 0. -1.790 0. 0. -1. 0.
-0.994 0.113 0. 9.536 0.113 0.994 0. -1.589 0. 0. -1. 0.
-0.993 0.117 0. 7.542 0.117 0.993 0. -1.416 0. 0. -1. 0.
-0.995 0.102 0. 5.669 0.102 0.995 0. -1.217 0. 0. -1. 0.
-0.994 0.105 0. 3.697 0.105 0.994 0. -1.037 0. 0. -1. 0.
-0.995 0.096 0. 1.761 0.096 0.995 0. -0.693 0. 0. -1. 0.
-0.996 0.094 0. -0.193 0.094 0.996 0. -0.465 0. 0. -1. 0.
-0.995 0.102 0. -2.222 0.102 0.995 0. -0.233 0. 0. -1. 0.
-0.996 0.084 0. -4.180 0.084 0.996 0. -0.040 0. 0. -1. 0.
-0.998 0.070 0. -6.172 0.070 0.998 0. 0.149 0. 0. -1. 0.
-0.998 0.063 0. -8.220 0.063 0.998 0. 0.319 0. 0. -1. 0.
-0.998 0.059 0. -10.318 0.059 0.998 0. 0.449 0. 0. -1. 0.
-0.998 0.061 0. -12.344 0.061 0.998 0. 0.657 0. 0. -1. 0.
-0.999 0.050 0. -14.379 0.050 0.999 0. 0.639 0. 0. -1. 0.
-0.999 0.052 0. -16.456 0.052 0.999 0. 0.698 0. 0. -1. 0.
-0.999 0.044 0. -18.505 0.044 0.999 0. 0.854 0. 0. -1. 0.
-0.999 0.047 0. -20.519 0.047 0.999 0. 1.060 0. 0. -1. 0.
-0.999 0.048 0. -22.563 0.048 0.999 0. 1.210 0. 0. -1. 0.
-0.999 0.044 0. -24.634 0.044 0.999 0. 1.275 0. 0. -1. 0.
-0.999 0.047 0. -26.710 0.047 0.999 0. 1.388 0. 0. -1. 0.
-0.999 0.047 0. -28.813 0.047 0.999 0. 1.468 0. 0. -1. 0.
-0.999 0.039 0. -30.792 0.039 0.999 0. 1.592 0. 0. -1. 0.
-0.999 0.039 0. -32.845 0.039 0.999 0. 1.703 0. 0. -1. 0.
-0.999 0.036 0. -34.882 0.036 0.999 0. 1.726 0. 0. -1. 0.
-1.000 0.025 0. -36.861 0.025 1.000 0. 1.862 0. 0. -1. 0.
-1.000 0.018 0. -38.906 0.018 1.000 0. 1.988 0. 0. -1. 0.
-1. 0.009 0. -40.943 0.009 1. 0. 1.934 0. 0. -1. 0.
-1. -0.001 -0. -42.837 -0.001 1. 0. 1.895 0. 0. -1. 0.
-1. -0.013 -0. -44.998 -0.013 1. 0. 1.947 0. 0. -1. 0.
-1.000 -0.017 -0. -46.934 -0.017 1.000 0. 1.902 0. 0. -1. 0.
-1.000 -0.027 -0. -48.845 -0.027 1.000 0. 1.908 0. 0. -1. 0.
-0.999 -0.034 -0. -50.738 -0.034 0.999 0. 1.870 0. 0. -1. 0.
-0.999 -0.037 -0. -52.603 -0.037 0.999 0. 1.855 0. 0. -1. 0.
-1.000 -0.031 -0. -54.334 -0.031 1.000 0. 1.855 0. 0. -1. 0.
-1.000 -0.028 -0. -56.075 -0.028 1.000 0. 1.779 0. 0. -1. 0.
-1.000 -0.017 -0. -57.710 -0.017 1.000 0. 1.757 0. 0. -1. 0.
-1. 0.008 0. -59.218 0.008 1. 0. 1.740 0. 0. -1. 0.
-0.999 0.034 0. -60.604 0.034 0.999 0. 1.920 0. 0. -1. 0.
-0.997 0.081 0. -61.999 0.081 0.997 0. 1.995 0. 0. -1. 0.
-0.994 0.114 0. -63.214 0.114 0.994 0. 2.119 0. 0. -1. 0.
-0.985 0.171 0. -64.428 0.171 0.985 0. 2.493 0. 0. -1. 0.
-0.974 0.226 0. -65.423 0.226 0.974 0. 2.713 0. 0. -1. 0.
-0.953 0.301 0. -66.496 0.301 0.953 0. 3.148 0. 0. -1. 0.
-0.923 0.384 0. -67.392 0.384 0.923 0. 3.543 0. 0. -1. 0.
-0.885 0.466 0. -68.255 0.466 0.885 0. 4.253 0. 0. -1. 0.
-0.827 0.562 0. -69.130 0.562 0.827 0. 4.741 0. 0. -1. 0.
-0.762 0.648 0. -69.874 0.648 0.762 0. 5.408 0. 0. -1. 0.
-0.694 0.720 0. -70.546 0.720 0.694 0. 6.105 0. 0. -1. 0.
-0.613 0.790 0. -71.102 0.790 0.613 0. 6.915 0. 0. -1. 0.
-0.523 0.852 0. -71.580 0.852 0.523 0. 7.781 0. 0. -1. 0.
-0.424 0.906 0. -71.946 0.906 0.424 0. 8.826 0. 0. -1. 0.
-0.323 0.946 0. -72.311 0.946 0.323 0. 9.796 0. 0. -1. 0.
-0.236 0.972 0. -72.512 0.972 0.236 0. 10.890 0. 0. -1. 0.
-0.163 0.987 0. -72.754 0.987 0.163 0. 12.109 0. 0. -1. 0.
-0.119 0.993 0. -72.747 0.993 0.119 0. 13.343 0. 0. -1. 0.
-0.092 0.996 0. -72.906 0.996 0.092 0. 14.718 0. 0. -1. 0.
-0.077 0.997 0. -72.912 0.997 0.077 0. 16.245 0. 0. -1. 0.
-0.066 0.998 0. -72.928 0.998 0.066 0. 17.589 0. 0. -1. 0.
-0.060 0.998 0. -72.959 0.998 0.060 0. 19.262 0. 0. -1. 0.
-0.051 0.999 0. -73.034 0.999 0.051 0. 20.678 0. 0. -1. 0.
-0.035 0.999 0. -73.065 0.999 0.035 0. 22.377 0. 0. -1. 0.
-0.021 1.000 0. -72.977 1.000 0.021 0. 24.024 0. 0. -1. 0.
-0.014 1. 0. -73.058 1. 0.014 0. 25.723 0. 0. -1. 0.
0.000 1. 0. -72.971 1. -0.000 -0. 27.586 0. 0. -1. 0.
0.022 1.000 0. -72.862 1.000 -0.022 -0. 29.319 0. 0. -1. 0.
0.049 0.999 0. -72.837 0.999 -0.049 -0. 31.066 0. 0. -1. 0.
0.061 0.998 0. -72.648 0.998 -0.061 -0. 32.868 0. 0. -1. 0.
0.085 0.996 0. -72.493 0.996 -0.085 -0. 34.749 0. 0. -1. 0.
0.114 0.993 0. -72.278 0.993 -0.114 -0. 36.367 0. 0. -1. 0.
0.143 0.990 0. -72.165 0.990 -0.143 -0. 38.240 0. 0. -1. 0.
0.168 0.986 0. -71.798 0.986 -0.168 -0. 39.911 0. 0. -1. 0.
0.181 0.983 0. -71.300 0.983 -0.181 -0. 41.875 0. 0. -1. 0.
0.192 0.981 0. -70.989 0.981 -0.192 -0. 43.543 0. 0. -1. 0.
0.184 0.983 0. -70.670 0.983 -0.184 -0. 45.332 0. 0. -1. 0.
0.166 0.986 0. -70.165 0.986 -0.166 -0. 47.103 0. 0. -1. 0.
0.145 0.989 0. -69.948 0.989 -0.145 -0. 48.978 0. 0. -1. 0.
0.124 0.992 0. -69.729 0.992 -0.124 -0. 50.598 0. 0. -1. 0.
0.092 0.996 0. -69.578 0.996 -0.092 -0. 52.609 0. 0. -1. 0.
0.072 0.997 0. -69.260 0.997 -0.072 -0. 54.468 0. 0. -1. 0.
0.054 0.999 0. -69.154 0.999 -0.054 -0. 56.510 0. 0. -1. 0.
0.035 0.999 0. -69.064 0.999 -0.035 -0. 58.330 0. 0. -1. 0.
0.023 1.000 0. -68.898 1.000 -0.023 -0. 60.293 0. 0. -1. 0.
0.010 1. 0. -68.876 1. -0.010 -0. 62.192 0. 0. -1. 0.
0.005 1. 0. -68.837 1. -0.005 -0. 64.181 0. 0. -1. 0.
-0.009 1. 0. -68.761 1. 0.009 0. 66.002 0. 0. -1. 0.
-0.018 1.000 0. -68.760 1.000 0.018 0. 67.952 0. 0. -1. 0.
-0.030 1.000 0. -68.772 1.000 0.030 0. 69.727 0. 0. -1. 0.
-0.036 0.999 0. -68.710 0.999 0.036 0. 71.603 0. 0. -1. 0.
-0.037 0.999 0. -68.893 0.999 0.037 0. 73.319 0. 0. -1. 0.
-0.046 0.999 0. -68.872 0.999 0.046 0. 75.061 0. 0. -1. 0.
-0.068 0.998 0. -68.997 0.998 0.068 0. 76.870 0. 0. -1. 0.
-0.080 0.997 0. -69.019 0.997 0.080 0. 78.534 0. 0. -1. 0.
-0.098 0.995 0. -69.173 0.995 0.098 0. 80.263 0. 0. -1. 0.
-0.116 0.993 0. -69.385 0.993 0.116 0. 81.814 0. 0. -1. 0.
-0.151 0.989 0. -69.618 0.989 0.151 0. 83.361 0. 0. -1. 0.
-0.196 0.981 0. -69.826 0.981 0.196 0. 84.998 0. 0. -1. 0.
-0.249 0.968 0. -70.212 0.968 0.249 0. 86.509 0. 0. -1. 0.
-0.299 0.954 0. -70.554 0.954 0.299 0. 88.077 0. 0. -1. 0.
-0.368 0.930 0. -71.162 0.930 0.368 0. 89.392 0. 0. -1. 0.
-0.435 0.900 0. -71.702 0.900 0.435 0. 90.757 0. 0. -1. 0.
-0.526 0.850 0. -72.577 0.850 0.526 0. 91.869 0. 0. -1. 0.
-0.610 0.793 0. -73.361 0.793 0.610 0. 93.262 0. 0. -1. 0.
-0.700 0.714 0. -74.369 0.714 0.700 0. 94.160 0. 0. -1. 0.
-0.778 0.628 0. -75.495 0.628 0.778 0. 95.291 0. 0. -1. 0.
-0.846 0.533 0. -76.617 0.533 0.846 0. 96.053 0. 0. -1. 0.
-0.902 0.431 0. -77.816 0.431 0.902 0. 96.692 0. 0. -1. 0.
-0.941 0.339 0. -79.193 0.339 0.941 0. 97.041 0. 0. -1. 0.
-0.965 0.264 0. -80.451 0.264 0.965 0. 97.467 0. 0. -1. 0.
-0.977 0.215 0. -81.603 0.215 0.977 0. 97.856 0. 0. -1. 0.
-0.984 0.179 0. -83.073 0.179 0.984 0. 97.918 0. 0. -1. 0.
-0.987 0.162 0. -84.418 0.162 0.987 0. 98.115 0. 0. -1. 0.
-0.984 0.179 0. -85.805 0.179 0.984 0. 98.456 0. 0. -1. 0.
-0.980 0.199 0. -87.129 0.199 0.980 0. 98.683 0. 0. -1. 0.
-0.973 0.233 0. -88.582 0.233 0.973 0. 99.053 0. 0. -1. 0.
-0.961 0.278 0. -90.064 0.278 0.961 0. 99.502 0. 0. -1. 0.
-0.945 0.327 0. -91.680 0.327 0.945 0. 99.912 0. 0. -1. 0.
-0.923 0.384 0. -93.033 0.384 0.923 0. 100.617 0. 0. -1. 0.
-0.894 0.447 0. -94.465 0.447 0.894 0. 101.412 0. 0. -1. 0.
-0.867 0.499 0. -95.929 0.499 0.867 0. 102.299 0. 0. -1. 0.
-0.828 0.560 0. -97.384 0.560 0.828 0. 103.183 0. 0. -1. 0.
-0.793 0.610 0. -98.589 0.610 0.793 0. 104.403 0. 0. -1. 0.
-0.760 0.650 0. -100.020 0.650 0.760 0. 105.437 0. 0. -1. 0.
-0.741 0.672 0. -101.308 0.672 0.741 0. 106.644 0. 0. -1. 0.
-0.732 0.681 0. -102.581 0.681 0.732 0. 108.012 0. 0. -1. 0.
-0.723 0.691 0. -103.940 0.691 0.723 0. 109.347 0. 0. -1. 0.
-0.720 0.694 0. -105.305 0.694 0.720 0. 110.692 0. 0. -1. 0.
-0.718 0.696 0. -106.701 0.696 0.718 0. 112.167 0. 0. -1. 0.
-0.710 0.704 0. -108.173 0.704 0.710 0. 113.577 0. 0. -1. 0.
-0.712 0.702 0. -109.568 0.702 0.712 0. 115.046 0. 0. -1. 0.
-0.715 0.699 0. -111.073 0.699 0.715 0. 116.604 0. 0. -1. 0.
-0.710 0.705 0. -112.631 0.705 0.710 0. 118.203 0. 0. -1. 0.
-0.705 0.709 0. -114.186 0.709 0.705 0. 119.764 0. 0. -1. 0.
-0.703 0.712 0. -115.797 0.712 0.703 0. 121.410 0. 0. -1. 0.
-0.705 0.709 0. -117.437 0.709 0.705 0. 122.907 0. 0. -1. 0.
-0.703 0.711 0. -119.004 0.711 0.703 0. 124.686 0. 0. -1. 0.
-0.703 0.711 0. -120.674 0.711 0.703 0. 126.401 0. 0. -1. 0.
-0.697 0.717 0. -122.311 0.717 0.697 0. 128.023 0. 0. -1. 0.
-0.696 0.718 0. -124.067 0.718 0.696 0. 129.751 0. 0. -1. 0.
-0.696 0.718 0. -125.760 0.718 0.696 0. 131.559 0. 0. -1. 0.
-0.699 0.716 0. -127.369 0.716 0.699 0. 133.493 0. 0. -1. 0.
-0.698 0.716 0. -129.064 0.716 0.698 0. 135.336 0. 0. -1. 0.
-0.695 0.719 0. -130.858 0.719 0.695 0. 137.048 0. 0. -1. 0.
-0.695 0.719 0. -132.534 0.719 0.695 0. 138.935 0. 0. -1. 0.
-0.696 0.718 0. -134.230 0.718 0.696 0. 140.846 0. 0. -1. 0.
-0.696 0.718 0. -135.987 0.718 0.696 0. 142.706 0. 0. -1. 0.
-0.688 0.725 0. -137.732 0.725 0.688 0. 144.672 0. 0. -1. 0.
-0.688 0.726 0. -139.474 0.726 0.688 0. 146.544 0. 0. -1. 0.
-0.688 0.726 0. -141.156 0.726 0.688 0. 148.346 0. 0. -1. 0.
-0.679 0.734 0. -142.957 0.734 0.679 0. 150.381 0. 0. -1. 0.
-0.669 0.743 0. -144.586 0.743 0.669 0. 152.300 0. 0. -1. 0.
-0.654 0.757 0. -146.243 0.757 0.654 0. 154.315 0. 0. -1. 0.
-0.629 0.777 0. -147.734 0.777 0.629 0. 156.287 0. 0. -1. 0.
-0.596 0.803 0. -149.237 0.803 0.596 0. 158.336 0. 0. -1. 0.
-0.569 0.822 0. -150.605 0.822 0.569 0. 160.436 0. 0. -1. 0.
-0.542 0.840 0. -151.905 0.840 0.542 0. 162.560 0. 0. -1. 0.
-0.513 0.859 0. -153.099 0.859 0.513 0. 164.687 0. 0. -1. 0.
-0.479 0.878 0. -154.189 0.878 0.479 0. 166.882 0. 0. -1. 0.
-0.443 0.897 0. -155.289 0.897 0.443 0. 169.101 0. 0. -1. 0.
-0.402 0.915 0. -156.254 0.915 0.402 0. 171.424 0. 0. -1. 0.
-0.365 0.931 0. -157.064 0.931 0.365 0. 173.713 0. 0. -1. 0.
-0.322 0.947 0. -157.849 0.947 0.322 0. 176.050 0. 0. -1. 0.
-0.277 0.961 0. -158.512 0.961 0.277 0. 178.415 0. 0. -1. 0.
-0.236 0.972 0. -159.068 0.972 0.236 0. 180.780 0. 0. -1. 0.
-0.195 0.981 0. -159.537 0.981 0.195 0. 183.254 0. 0. -1. 0.
-0.160 0.987 0. -159.819 0.987 0.160 0. 185.687 0. 0. -1. 0.
-0.137 0.991 0. -160.169 0.991 0.137 0. 188.204 0. 0. -1. 0.
-0.134 0.991 0. -160.275 0.991 0.134 0. 190.781 0. 0. -1. 0.
-0.123 0.992 0. -160.704 0.992 0.123 0. 193.317 0. 0. -1. 0.
-0.117 0.993 0. -160.869 0.993 0.117 0. 195.922 0. 0. -1. 0.
-0.110 0.994 0. -160.898 0.994 0.110 0. 198.561 0. 0. -1. 0.
-0.102 0.995 0. -161.093 0.995 0.102 0. 201.123 0. 0. -1. 0.
-0.101 0.995 0. -161.423 0.995 0.101 0. 203.671 0. 0. -1. 0.
-0.102 0.995 0. -161.563 0.995 0.102 0. 206.177 0. 0. -1. 0.
-0.111 0.994 0. -161.875 0.994 0.111 0. 208.589 0. 0. -1. 0.
-0.118 0.993 0. -162.185 0.993 0.118 0. 211.080 0. 0. -1. 0.
-0.136 0.991 0. -162.398 0.991 0.136 0. 213.566 0. 0. -1. 0.
-0.161 0.987 0. -162.749 0.987 0.161 0. 215.950 0. 0. -1. 0.
-0.196 0.981 0. -163.199 0.981 0.196 0. 218.224 0. 0. -1. 0.
-0.233 0.973 0. -163.650 0.973 0.233 0. 220.637 0. 0. -1. 0.
-0.279 0.960 0. -164.158 0.960 0.279 0. 222.794 0. 0. -1. 0.
-0.341 0.940 0. -164.970 0.940 0.341 0. 224.905 0. 0. -1. 0.
-0.412 0.911 0. -165.738 0.911 0.412 0. 226.972 0. 0. -1. 0.
-0.496 0.868 0. -166.893 0.868 0.496 0. 228.930 0. 0. -1. 0.
-0.581 0.814 0. -168.136 0.814 0.581 0. 230.718 0. 0. -1. 0.
-0.655 0.756 0. -169.590 0.756 0.655 0. 232.289 0. 0. -1. 0.
-0.723 0.691 0. -171.061 0.691 0.723 0. 233.928 0. 0. -1. 0.
-0.780 0.626 0. -172.916 0.626 0.780 0. 235.198 0. 0. -1. 0.
-0.824 0.567 0. -174.605 0.567 0.824 0. 236.524 0. 0. -1. 0.
-0.859 0.512 0. -176.501 0.512 0.859 0. 237.700 0. 0. -1. 0.
-0.886 0.464 0. -178.561 0.464 0.886 0. 238.696 0. 0. -1. 0.
-0.908 0.418 0. -180.490 0.418 0.908 0. 239.823 0. 0. -1. 0.
-0.923 0.384 0. -182.621 0.384 0.923 0. 240.736 0. 0. -1. 0.
-0.937 0.350 0. -184.770 0.350 0.937 0. 241.598 0. 0. -1. 0.
-0.948 0.318 0. -187.025 0.318 0.948 0. 242.402 0. 0. -1. 0.
-0.958 0.288 0. -189.345 0.288 0.958 0. 243.116 0. 0. -1. 0.
-0.962 0.273 0. -191.707 0.273 0.962 0. 243.780 0. 0. -1. 0.
-0.966 0.260 0. -194.041 0.260 0.966 0. 244.432 0. 0. -1. 0.
-0.966 0.259 0. -196.343 0.259 0.966 0. 245.141 0. 0. -1. 0.
-0.965 0.261 0. -198.758 0.261 0.965 0. 245.799 0. 0. -1. 0.
-0.966 0.260 0. -200.967 0.260 0.966 0. 246.538 0. 0. -1. 0.
-0.965 0.262 0. -203.328 0.262 0.965 0. 247.144 0. 0. -1. 0.
-0.966 0.257 0. -205.491 0.257 0.966 0. 247.776 0. 0. -1. 0.
-0.967 0.256 0. -207.898 0.256 0.967 0. 248.380 0. 0. -1. 0.
-0.967 0.254 0. -210.104 0.254 0.967 0. 249.013 0. 0. -1. 0.
-0.966 0.260 0. -212.325 0.260 0.966 0. 249.630 0. 0. -1. 0.
-0.963 0.269 0. -214.385 0.269 0.963 0. 250.221 0. 0. -1. 0.
-0.962 0.271 0. -216.504 0.271 0.962 0. 250.888 0. 0. -1. 0.
-0.961 0.277 0. -218.517 0.277 0.961 0. 251.447 0. 0. -1. 0.
-0.958 0.286 0. -220.635 0.286 0.958 0. 252.130 0. 0. -1. 0.
-0.955 0.296 0. -222.379 0.296 0.955 0. 252.794 0. 0. -1. 0.
-0.950 0.311 0. -224.400 0.311 0.950 0. 253.375 0. 0. -1. 0.
-0.945 0.327 0. -226.201 0.327 0.945 0. 254.088 0. 0. -1. 0.
-0.938 0.348 0. -227.903 0.348 0.938 0. 254.694 0. 0. -1. 0.
-0.931 0.366 0. -229.512 0.366 0.931 0. 255.408 0. 0. -1. 0.
-0.924 0.383 0. -231.078 0.383 0.924 0. 256.008 0. 0. -1. 0.
-0.917 0.400 0. -232.561 0.400 0.917 0. 256.726 0. 0. -1. 0.
-0.903 0.429 0. -233.954 0.429 0.903 0. 257.536 0. 0. -1. 0.
-0.890 0.455 0. -235.229 0.455 0.890 0. 258.049 0. 0. -1. 0.
-0.878 0.479 0. -236.383 0.479 0.878 0. 258.786 0. 0. -1. 0.
-0.872 0.490 0. -237.478 0.490 0.872 0. 259.436 0. 0. -1. 0.
-0.872 0.490 0. -238.464 0.490 0.872 0. 260.069 0. 0. -1. 0.
-0.877 0.480 0. -239.479 0.480 0.877 0. 260.574 0. 0. -1. 0.
-0.882 0.471 0. -240.345 0.471 0.882 0. 261.057 0. 0. -1. 0.
-0.889 0.458 0. -241.131 0.458 0.889 0. 261.492 0. 0. -1. 0.
-0.891 0.455 0. -241.996 0.455 0.891 0. 261.843 0. 0. -1. 0.
-0.897 0.442 0. -242.539 0.442 0.897 0. 262.351 0. 0. -1. 0.
-0.899 0.438 0. -243.245 0.438 0.899 0. 262.557 0. 0. -1. 0.
-0.902 0.432 0. -243.859 0.432 0.902 0. 262.894 0. 0. -1. 0.
-0.901 0.434 0. -244.384 0.434 0.901 0. 263.167 0. 0. -1. 0.
-0.904 0.428 0. -244.904 0.428 0.904 0. 263.494 0. 0. -1. 0.
-0.905 0.426 0. -245.271 0.426 0.905 0. 263.544 0. 0. -1. 0.
-0.905 0.425 0. -245.673 0.425 0.905 0. 263.693 0. 0. -1. 0.
-0.906 0.424 0. -246.014 0.424 0.906 0. 264.014 0. 0. -1. 0.
-0.907 0.422 0. -246.290 0.422 0.907 0. 264.214 0. 0. -1. 0.
-0.904 0.427 0. -246.410 0.427 0.904 0. 264.128 0. 0. -1. 0.
-0.904 0.427 0. -246.572 0.427 0.904 0. 264.279 0. 0. -1. 0.
-0.905 0.425 0. -246.686 0.425 0.905 0. 264.365 0. 0. -1. 0.
-0.905 0.424 0. -246.729 0.424 0.905 0. 264.394 0. 0. -1. 0.
-0.906 0.423 0. -246.799 0.423 0.906 0. 264.398 0. 0. -1. 0.
-0.906 0.423 0. -246.855 0.423 0.906 0. 264.421 0. 0. -1. 0.
-0.906 0.423 0. -246.816 0.423 0.906 0. 264.398 0. 0. -1. 0.
-0.906 0.424 0. -246.841 0.424 0.906 0. 264.391 0. 0. -1. 0.
-0.905 0.425 0. -246.826 0.425 0.905 0. 264.398 0. 0. -1. 0.
-0.906 0.422 0. -246.808 0.422 0.906 0. 264.341 0. 0. -1. 0.
-0.909 0.417 0. -246.878 0.417 0.909 0. 264.403 0. 0. -1. 0.
-0.907 0.420 0. -246.815 0.420 0.907 0. 264.576 0. 0. -1. 0.
-0.907 0.421 0. -246.840 0.421 0.907 0. 264.568 0. 0. -1. 0.
-0.908 0.419 0. -246.853 0.419 0.908 0. 264.369 0. 0. -1. 0.
-0.908 0.419 0. -246.862 0.419 0.908 0. 264.384 0. 0. -1. 0.
-0.906 0.424 0. -246.792 0.424 0.906 0. 264.408 0. 0. -1. 0.
-0.906 0.422 0. -246.804 0.422 0.906 0. 264.399 0. 0. -1. 0.
-0.907 0.421 0. -246.834 0.421 0.907 0. 264.350 0. 0. -1. 0.
-0.909 0.417 0. -246.882 0.417 0.909 0. 264.385 0. 0. -1. 0.
-0.905 0.426 0. -246.872 0.426 0.905 0. 264.398 0. 0. -1. 0.
-0.906 0.423 0. -246.866 0.423 0.906 0. 264.373 0. 0. -1. 0.
-0.908 0.420 0. -246.980 0.420 0.908 0. 264.496 0. 0. -1. 0.
-0.906 0.423 0. -247.076 0.423 0.906 0. 264.467 0. 0. -1. 0.
-0.907 0.420 0. -247.173 0.420 0.907 0. 264.736 0. 0. -1. 0.
-0.908 0.420 0. -247.362 0.420 0.908 0. 264.621 0. 0. -1. 0.
-0.909 0.418 0. -247.389 0.418 0.909 0. 264.721 0. 0. -1. 0.
-0.907 0.420 0. -247.636 0.420 0.907 0. 264.733 0. 0. -1. 0.
-0.909 0.417 0. -247.721 0.417 0.909 0. 264.832 0. 0. -1. 0.
-0.910 0.414 0. -247.972 0.414 0.910 0. 264.946 0. 0. -1. 0.
-0.909 0.418 0. -248.118 0.418 0.909 0. 265.100 0. 0. -1. 0.
-0.908 0.418 0. -248.299 0.418 0.908 0. 265.224 0. 0. -1. 0.
-0.909 0.417 0. -248.428 0.417 0.909 0. 265.138 0. 0. -1. 0.
-0.909 0.418 0. -248.542 0.418 0.909 0. 265.126 0. 0. -1. 0.
-0.909 0.418 0. -248.722 0.418 0.909 0. 265.308 0. 0. -1. 0.
-0.906 0.423 0. -248.826 0.423 0.906 0. 265.336 0. 0. -1. 0.
-0.908 0.420 0. -249.017 0.420 0.908 0. 265.383 0. 0. -1. 0.
-0.907 0.421 0. -249.205 0.421 0.907 0. 265.508 0. 0. -1. 0.
-0.906 0.423 0. -249.418 0.423 0.906 0. 265.575 0. 0. -1. 0.
-0.906 0.423 0. -249.598 0.423 0.906 0. 265.669 0. 0. -1. 0.
-0.905 0.425 0. -249.855 0.425 0.905 0. 265.763 0. 0. -1. 0.
-0.904 0.427 0. -250.132 0.427 0.904 0. 265.864 0. 0. -1. 0.
-0.900 0.435 0. -250.565 0.435 0.900 0. 266.117 0. 0. -1. 0.
-0.890 0.455 0. -250.993 0.455 0.890 0. 266.359 0. 0. -1. 0.
-0.873 0.487 0. -251.549 0.487 0.873 0. 266.615 0. 0. -1. 0.
-0.842 0.539 0. -252.164 0.539 0.842 0. 266.993 0. 0. -1. 0.
-0.792 0.610 0. -252.749 0.610 0.792 0. 267.505 0. 0. -1. 0.
-0.728 0.686 0. -253.277 0.686 0.728 0. 268.148 0. 0. -1. 0.
-0.645 0.764 0. -253.883 0.764 0.645 0. 268.970 0. 0. -1. 0.
-0.538 0.843 0. -254.403 0.843 0.538 0. 269.858 0. 0. -1. 0.
-0.419 0.908 0. -254.727 0.908 0.419 0. 270.718 0. 0. -1. 0.
-0.308 0.951 0. -254.900 0.951 0.308 0. 271.902 0. 0. -1. 0.
-0.198 0.980 0. -255.252 0.980 0.198 0. 273.089 0. 0. -1. 0.
-0.102 0.995 0. -255.248 0.995 0.102 0. 274.448 0. 0. -1. 0.
-0.026 1.000 0. -255.192 1.000 0.026 0. 275.866 0. 0. -1. 0.
0.021 1.000 0. -255.280 1.000 -0.021 -0. 277.465 0. 0. -1. 0.
0.060 0.998 0. -255.099 0.998 -0.060 -0. 279.210 0. 0. -1. 0.
0.098 0.995 0. -254.931 0.995 -0.098 -0. 280.991 0. 0. -1. 0.
0.129 0.992 0. -254.661 0.992 -0.129 -0. 282.950 0. 0. -1. 0.
0.167 0.986 0. -254.164 0.986 -0.167 -0. 284.973 0. 0. -1. 0.
0.200 0.980 0. -253.761 0.980 -0.200 -0. 287.073 0. 0. -1. 0.
0.239 0.971 0. -253.269 0.971 -0.239 -0. 289.263 0. 0. -1. 0.
0.261 0.965 0. -252.523 0.965 -0.261 -0. 291.503 0. 0. -1. 0.
0.270 0.963 0. -251.819 0.963 -0.270 -0. 293.893 0. 0. -1. 0.
0.274 0.962 0. -251.162 0.962 -0.274 -0. 296.339 0. 0. -1. 0.
0.269 0.963 0. -250.275 0.963 -0.269 -0. 298.757 0. 0. -1. 0.
0.266 0.964 0. -249.541 0.964 -0.266 -0. 301.302 0. 0. -1. 0.
0.264 0.965 0. -248.874 0.965 -0.264 -0. 303.846 0. 0. -1. 0.
0.262 0.965 0. -248.050 0.965 -0.262 -0. 306.435 0. 0. -1. 0.
0.267 0.964 0. -247.321 0.964 -0.267 -0. 309.129 0. 0. -1. 0.
0.262 0.965 0. -246.424 0.965 -0.262 -0. 311.922 0. 0. -1. 0.
0.264 0.965 0. -245.651 0.965 -0.264 -0. 314.726 0. 0. -1. 0.
0.267 0.964 0. -244.797 0.964 -0.267 -0. 317.600 0. 0. -1. 0.
0.263 0.965 0. -243.954 0.965 -0.263 -0. 320.523 0. 0. -1. 0.
0.267 0.964 0. -243.064 0.964 -0.267 -0. 323.579 0. 0. -1. 0.
0.272 0.962 0. -242.233 0.962 -0.272 -0. 326.548 0. 0. -1. 0.
0.274 0.962 0. -241.266 0.962 -0.274 -0. 329.601 0. 0. -1. 0.
0.268 0.963 0. -240.240 0.963 -0.268 -0. 332.759 0. 0. -1. 0.
0.270 0.963 0. -239.413 0.963 -0.270 -0. 335.919 0. 0. -1. 0.
0.274 0.962 0. -238.437 0.962 -0.274 -0. 338.931 0. 0. -1. 0.
0.278 0.961 0. -237.482 0.961 -0.278 -0. 342.052 0. 0. -1. 0.
0.270 0.963 0. -236.609 0.963 -0.270 -0. 345.193 0. 0. -1. 0.
0.274 0.962 0. -235.579 0.962 -0.274 -0. 348.425 0. 0. -1. 0.
0.272 0.962 0. -234.740 0.962 -0.272 -0. 351.628 0. 0. -1. 0.
0.272 0.962 0. -233.403 0.962 -0.272 -0. 354.912 0. 0. -1. 0.
0.268 0.963 0. -232.470 0.963 -0.268 -0. 358.300 0. 0. -1. 0.
0.267 0.964 0. -231.568 0.964 -0.267 -0. 361.591 0. 0. -1. 0.
0.268 0.963 0. -230.496 0.963 -0.268 -0. 365.047 0. 0. -1. 0.
0.272 0.962 0. -229.421 0.962 -0.272 -0. 368.380 0. 0. -1. 0.
0.270 0.963 0. -228.324 0.963 -0.270 -0. 371.877 0. 0. -1. 0.
0.268 0.963 0. -227.354 0.963 -0.268 -0. 375.286 0. 0. -1. 0.
0.272 0.962 0. -226.353 0.962 -0.272 -0. 378.781 0. 0. -1. 0.
0.274 0.962 0. -225.271 0.962 -0.274 -0. 382.199 0. 0. -1. 0.
0.279 0.960 0. -224.233 0.960 -0.279 -0. 385.672 0. 0. -1. 0.
0.274 0.962 0. -223.086 0.962 -0.274 -0. 389.085 0. 0. -1. 0.
0.277 0.961 0. -222.024 0.961 -0.277 -0. 392.674 0. 0. -1. 0.
0.272 0.962 0. -220.938 0.962 -0.272 -0. 395.937 0. 0. -1. 0.
0.274 0.962 0. -219.903 0.962 -0.274 -0. 399.469 0. 0. -1. 0.
0.272 0.962 0. -218.810 0.962 -0.272 -0. 402.881 0. 0. -1. 0.
0.271 0.963 0. -217.775 0.963 -0.271 -0. 406.325 0. 0. -1. 0.
0.271 0.963 0. -216.845 0.963 -0.271 -0. 409.739 0. 0. -1. 0.
0.268 0.963 0. -215.799 0.963 -0.268 -0. 413.097 0. 0. -1. 0.
0.266 0.964 0. -214.788 0.964 -0.266 -0. 416.477 0. 0. -1. 0.
0.264 0.965 0. -213.768 0.965 -0.264 -0. 419.763 0. 0. -1. 0.
0.266 0.964 0. -212.822 0.964 -0.266 -0. 423.098 0. 0. -1. 0.
0.270 0.963 0. -211.861 0.963 -0.270 -0. 426.345 0. 0. -1. 0.
0.268 0.963 0. -210.833 0.963 -0.268 -0. 429.517 0. 0. -1. 0.
0.271 0.963 0. -209.926 0.963 -0.271 -0. 432.791 0. 0. -1. 0.
0.273 0.962 0. -208.936 0.962 -0.273 -0. 435.892 0. 0. -1. 0.
0.271 0.962 0. -207.998 0.962 -0.271 -0. 439.031 0. 0. -1. 0.
0.269 0.963 0. -207.050 0.963 -0.269 -0. 442.160 0. 0. -1. 0.
0.270 0.963 0. -206.121 0.963 -0.270 -0. 445.285 0. 0. -1. 0.
0.269 0.963 0. -205.215 0.963 -0.269 -0. 448.320 0. 0. -1. 0.
0.267 0.964 0. -204.262 0.964 -0.267 -0. 451.361 0. 0. -1. 0.
0.269 0.963 0. -203.349 0.963 -0.269 -0. 454.364 0. 0. -1. 0.
0.271 0.962 0. -202.549 0.962 -0.271 -0. 457.379 0. 0. -1. 0.
0.267 0.964 0. -201.612 0.964 -0.267 -0. 460.300 0. 0. -1. 0.
0.264 0.964 0. -200.646 0.964 -0.264 -0. 463.273 0. 0. -1. 0.
0.263 0.965 0. -199.752 0.965 -0.263 -0. 466.134 0. 0. -1. 0.
0.262 0.965 0. -198.995 0.965 -0.262 -0. 469.007 0. 0. -1. 0.
0.264 0.964 0. -198.180 0.964 -0.264 -0. 471.911 0. 0. -1. 0.
0.265 0.964 0. -197.277 0.964 -0.265 -0. 474.619 0. 0. -1. 0.
0.269 0.963 0. -196.572 0.963 -0.269 -0. 477.449 0. 0. -1. 0.
0.269 0.963 0. -195.770 0.963 -0.269 -0. 480.206 0. 0. -1. 0.
0.267 0.964 0. -194.944 0.964 -0.267 -0. 482.935 0. 0. -1. 0.
0.265 0.964 0. -194.092 0.964 -0.265 -0. 485.719 0. 0. -1. 0.
0.267 0.964 0. -193.398 0.964 -0.267 -0. 488.399 0. 0. -1. 0.
0.270 0.963 0. -192.640 0.963 -0.270 -0. 491.163 0. 0. -1. 0.
0.261 0.965 0. -191.801 0.965 -0.261 -0. 493.819 0. 0. -1. 0.
0.264 0.964 0. -190.895 0.964 -0.264 -0. 496.568 0. 0. -1. 0.
0.268 0.963 0. -190.162 0.963 -0.268 -0. 499.179 0. 0. -1. 0.
0.272 0.962 0. -189.363 0.962 -0.272 -0. 501.879 0. 0. -1. 0.
0.274 0.962 0. -188.542 0.962 -0.274 -0. 504.529 0. 0. -1. 0.
0.265 0.964 0. -187.777 0.964 -0.265 -0. 507.139 0. 0. -1. 0.
0.272 0.962 0. -186.974 0.962 -0.272 -0. 509.723 0. 0. -1. 0.
0.271 0.962 0. -186.185 0.962 -0.271 -0. 512.220 0. 0. -1. 0.
0.273 0.962 0. -185.386 0.962 -0.273 -0. 514.827 0. 0. -1. 0.
0.273 0.962 0. -184.669 0.962 -0.273 -0. 517.308 0. 0. -1. 0.
0.274 0.962 0. -183.893 0.962 -0.274 -0. 519.854 0. 0. -1. 0.
0.276 0.961 0. -183.108 0.961 -0.276 -0. 522.319 0. 0. -1. 0.
0.274 0.962 0. -182.335 0.962 -0.274 -0. 524.757 0. 0. -1. 0.
0.275 0.961 0. -181.577 0.961 -0.275 -0. 527.287 0. 0. -1. 0.
0.274 0.962 0. -180.811 0.962 -0.274 -0. 529.662 0. 0. -1. 0.
0.279 0.960 0. -180.103 0.960 -0.279 -0. 532.081 0. 0. -1. 0.
0.275 0.961 0. -179.420 0.961 -0.275 -0. 534.452 0. 0. -1. 0.
0.276 0.961 0. -178.754 0.961 -0.276 -0. 536.817 0. 0. -1. 0.
0.277 0.961 0. -178.082 0.961 -0.277 -0. 539.182 0. 0. -1. 0.
0.274 0.962 0. -177.316 0.962 -0.274 -0. 541.416 0. 0. -1. 0.
0.273 0.962 0. -176.720 0.962 -0.273 -0. 543.686 0. 0. -1. 0.
0.271 0.962 0. -175.987 0.962 -0.271 -0. 545.784 0. 0. -1. 0.
0.271 0.963 0. -175.457 0.963 -0.271 -0. 547.925 0. 0. -1. 0.
0.269 0.963 0. -174.742 0.963 -0.269 -0. 549.886 0. 0. -1. 0.
0.274 0.962 0. -174.246 0.962 -0.274 -0. 551.902 0. 0. -1. 0.
0.271 0.963 0. -173.588 0.963 -0.271 -0. 553.657 0. 0. -1. 0.
0.268 0.963 0. -173.133 0.963 -0.268 -0. 555.540 0. 0. -1. 0.
0.268 0.964 0. -172.564 0.964 -0.268 -0. 557.052 0. 0. -1. 0.
0.264 0.965 0. -172.152 0.965 -0.264 -0. 558.455 0. 0. -1. 0.
0.260 0.966 0. -171.843 0.966 -0.260 -0. 559.751 0. 0. -1. 0.
0.253 0.967 0. -171.549 0.967 -0.253 -0. 560.716 0. 0. -1. 0.
0.251 0.968 0. -171.308 0.968 -0.251 -0. 561.633 0. 0. -1. 0.
0.247 0.969 0. -171.125 0.969 -0.247 -0. 562.323 0. 0. -1. 0.
0.245 0.970 0. -170.993 0.970 -0.245 -0. 562.952 0. 0. -1. 0.
0.238 0.971 0. -170.860 0.971 -0.238 -0. 563.372 0. 0. -1. 0.
0.239 0.971 0. -170.824 0.971 -0.239 -0. 563.696 0. 0. -1. 0.
0.236 0.972 0. -170.748 0.972 -0.236 -0. 563.918 0. 0. -1. 0.
0.238 0.971 0. -170.644 0.971 -0.238 -0. 564.039 0. 0. -1. 0.
0.244 0.970 0. -170.692 0.970 -0.244 -0. 564.102 0. 0. -1. 0.
0.242 0.970 0. -170.672 0.970 -0.242 -0. 564.102 0. 0. -1. 0.
0.237 0.972 0. -170.647 0.972 -0.237 -0. 564.112 0. 0. -1. 0.
0.236 0.972 0. -170.634 0.972 -0.236 -0. 564.093 0. 0. -1. 0.
0.244 0.970 0. -170.647 0.970 -0.244 -0. 564.153 0. 0. -1. 0.
0.239 0.971 0. -170.543 0.971 -0.239 -0. 564.127 0. 0. -1. 0.
0.237 0.972 0. -170.628 0.972 -0.237 -0. 564.148 0. 0. -1. 0.
0.240 0.971 0. -170.684 0.971 -0.240 -0. 564.119 0. 0. -1. 0.
0.238 0.971 0. -170.705 0.971 -0.238 -0. 564.079 0. 0. -1. 0.
0.237 0.972 0. -170.643 0.972 -0.237 -0. 564.070 0. 0. -1. 0.
0.235 0.972 0. -170.668 0.972 -0.235 -0. 564.121 0. 0. -1. 0.
0.237 0.972 0. -170.697 0.972 -0.237 -0. 564.125 0. 0. -1. 0.
0.236 0.972 0. -170.629 0.972 -0.236 -0. 564.142 0. 0. -1. 0.
0.235 0.972 0. -170.626 0.972 -0.235 -0. 564.258 0. 0. -1. 0.
0.239 0.971 0. -170.632 0.971 -0.239 -0. 564.308 0. 0. -1. 0.
0.240 0.971 0. -170.603 0.971 -0.240 -0. 564.423 0. 0. -1. 0.
0.237 0.971 0. -170.569 0.971 -0.237 -0. 564.538 0. 0. -1. 0.
0.234 0.972 0. -170.514 0.972 -0.234 -0. 564.707 0. 0. -1. 0.
0.236 0.972 0. -170.487 0.972 -0.236 -0. 564.909 0. 0. -1. 0.
0.235 0.972 0. -170.445 0.972 -0.235 -0. 565.121 0. 0. -1. 0.
0.234 0.972 0. -170.360 0.972 -0.234 -0. 565.380 0. 0. -1. 0.
0.237 0.971 0. -170.278 0.971 -0.237 -0. 565.628 0. 0. -1. 0.
0.239 0.971 0. -170.245 0.971 -0.239 -0. 565.909 0. 0. -1. 0.
0.238 0.971 0. -170.189 0.971 -0.238 -0. 566.201 0. 0. -1. 0.
0.227 0.974 0. -170.021 0.974 -0.227 -0. 566.481 0. 0. -1. 0.
0.225 0.974 0. -169.978 0.974 -0.225 -0. 566.841 0. 0. -1. 0.
0.227 0.974 0. -169.882 0.974 -0.227 -0. 567.169 0. 0. -1. 0.
0.232 0.973 0. -169.893 0.973 -0.232 -0. 567.494 0. 0. -1. 0.
0.227 0.974 0. -169.779 0.974 -0.227 -0. 567.840 0. 0. -1. 0.
