1. 0. 0. 0. 0. -1. -0. 0. 0. 0. -1. 0.
1. -0.001 -0. -0.009 -0.001 -1. -0. -0.035 0. 0. -1. 0.
1. 0.002 0. -0.014 0.002 -1. -0. -0.015 0. 0. -1. 0.
1. 0.000 0. -0.002 0.000 -1. -0. 0.012 0. 0. -1. 0.
1. -0.002 -0. -0.005 -0.002 -1. -0. -0.009 0. 0. -1. 0.
1. -0.003 -0. 0.010 -0.003 -1. -0. 0.043 0. 0. -1. 0.
1. -0.001 -0. -0.005 -0.001 -1. -0. -0.037 0. 0. -1. 0.
1. -0.005 -0. -0.009 -0.005 -1. -0. -0.010 0. 0. -1. 0.
1. -0.005 -0. -0.012 -0.005 -1. -0. -0.011 0. 0. -1. 0.
1. -0.004 -0. 0.003 -0.004 -1. -0. -0.004 0. 0. -1. 0.
1. -0.007 -0. -0.003 -0.007 -1. -0. 0.002 0. 0. -1. 0.
1. -0.001 -0. -0.003 -0.001 -1. -0. 0.006 0. 0. -1. 0.
1. 0. 0. -0.030 0. -1. -0. -0.052 0. 0. -1. 0.
1. -0.003 -0. 0.002 -0.003 -1. -0. 0.007 0. 0. -1. 0.
1. 0.000 0. -0.012 0.000 -1. -0. -0.043 0. 0. -1. 0.
1. -0.008 -0. -0.017 -0.008 -1. -0. -0.021 0. 0. -1. 0.
1. -0.004 -0. -0.008 -0.004 -1. -0. -0.023 0. 0. -1. 0.
1. -0.001 -0. -0.004 -0.001 -1. -0. -0.011 0. 0. -1. 0.
1. 0.002 0. -0.013 0.002 -1. -0. -0.025 0. 0. -1. 0.
1. 0.003 0. -0.016 0.003 -1. -0. -0.024 0. 0. -1. 0.
1. -0.001 -0. 0.021 -0.001 -1. -0. 0.007 0. 0. -1. 0.
1. -0.007 -0. 0.037 -0.007 -1. -0. 0.031 0. 0. -1. 0.
1. -0.003 -0. 0.074 -0.003 -1. -0. -0.023 0. 0. -1. 0.
1. 0.001 0. 0.146 0.001 -1. -0. -0.038 0. 0. -1. 0.
1. -0.006 -0. 0.246 -0.006 -1. -0. 0.007 0. 0. -1. 0.
1. -0.008 -0. 0.361 -0.008 -1. -0. 0.035 0. 0. -1. 0.
1. -0.014 -0. 0.632 -0.014 -1. -0. 0.040 0. 0. -1. 0.
1. -0.013 -0. 0.957 -0.013 -1. -0. -0.024 0. 0. -1. 0.
1.000 -0.021 -0. 1.368 -0.021 -1.000 -0. 0.102 0. 0. -1. 0.
0.999 -0.032 -0. 1.864 -0.032 -0.999 -0. 0.013 0. 0. -1. 0.
0.999 -0.050 -0. 2.406 -0.050 -0.999 -0. -0.032 0. 0. -1. 0.
0.998 -0.067 -0. 3.057 -0.067 -0.998 -0. -0.155 0. 0. -1. 0.
0.996 -0.088 -0. 3.751 -0.088 -0.996 -0. -0.262 0. 0. -1. 0.
0.994 -0.108 -0. 4.450 -0.108 -0.994 -0. -0.352 0. 0. -1. 0.
0.993 -0.114 -0. 5.263 -0.114 -0.993 -0. -0.477 0. 0. -1. 0.
0.993 -0.121 -0. 6.106 -0.121 -0.993 -0. -0.488 0. 0. -1. 0.
0.992 -0.126 -0. 7.077 -0.126 -0.992 -0. -0.625 0. 0. -1. 0.
0.992 -0.124 -0. 7.978 -0.124 -0.992 -0. -0.809 0. 0. -1. 0.
0.993 -0.121 -0. 8.993 -0.121 -0.993 -0. -0.864 0. 0. -1. 0.
0.994 -0.114 -0. 9.961 -0.114 -0.994 -0. -1.066 0. 0. -1. 0.
0.995 -0.101 -0. 11.043 -0.101 -0.995 -0. -1.159 0. 0. -1. 0.
0.995 -0.096 -0. 12.202 -0.096 -0.995 -0. -1.220 0. 0. -1. 0.
0.997 -0.078 -0. 13.340 -0.078 -0.997 -0. -1.410 0. 0. -1. 0.
0.998 -0.070 -0. 14.540 -0.070 -0.998 -0. -1.449 0. 0. -1. 0.
0.998 -0.055 -0. 15.714 -0.055 -0.998 -0. -1.697 0. 0. -1. 0.
0.999 -0.041 -0. 16.930 -0.041 -0.999 -0. -1.742 0. 0. -1. 0.
0.999 -0.033 -0. 18.397 -0.033 -0.999 -0. -1.810 0. 0. -1. 0.
1.000 -0.026 -0. 19.683 -0.026 -1.000 -0. -1.777 0. 0. -1. 0.
1. -0.005 -0. 20.905 -0.005 -1. -0. -1.868 0. 0. -1. 0.
1. 0.004 0. 22.298 0.004 -1. -0. -1.943 0. 0. -1. 0.
1. 0.008 0. 23.616 0.008 -1. -0. -1.854 0. 0. -1. 0.
1. 0.010 0. 24.941 0.010 -1. -0. -1.858 0. 0. -1. 0.
1.000 0.020 0. 26.270 0.020 -1.000 -0. -2.001 0. 0. -1. 0.
1.000 0.028 0. 27.717 0.028 -1.000 -0. -1.924 0. 0. -1. 0.
1.000 0.030 0. 29.217 0.030 -1.000 -0. -1.917 0. 0. -1. 0.
0.999 0.032 0. 30.665 0.032 -0.999 -0. -1.880 0. 0. -1. 0.
0.999 0.035 0. 32.344 0.035 -0.999 -0. -1.849 0. 0. -1. 0.
0.999 0.037 0. 34.065 0.037 -0.999 -0. -1.846 0. 0. -1. 0.
0.999 0.037 0. 35.625 0.037 -0.999 -0. -1.811 0. 0. -1. 0.
0.999 0.040 0. 37.414 0.040 -0.999 -0. -1.737 0. 0. -1. 0.
0.999 0.046 0. 39.198 0.046 -0.999 -0. -1.698 0. 0. -1. 0.
0.998 0.057 0. 40.977 0.057 -0.998 -0. -1.642 0. 0. -1. 0.
0.998 0.058 0. 42.801 0.058 -0.998 -0. -1.515 0. 0. -1. 0.
0.999 0.051 0. 44.692 0.051 -0.999 -0. -1.495 0. 0. -1. 0.
0.999 0.052 0. 46.554 0.052 -0.999 -0. -1.352 0. 0. -1. 0.
0.999 0.055 0. 48.497 0.055 -0.999 -0. -1.308 0. 0. -1. 0.
0.998 0.055 0. 50.500 0.055 -0.998 -0. -1.222 0. 0. -1. 0.
0.999 0.053 0. 52.502 0.053 -0.999 -0. -1.172 0. 0. -1. 0.
0.998 0.057 0. 54.573 0.057 -0.998 -0. -1.137 0. 0. -1. 0.
0.998 0.061 0. 56.682 0.061 -0.998 -0. -1.056 0. 0. -1. 0.
0.998 0.069 0. 58.816 0.069 -0.998 -0. -0.949 0. 0. -1. 0.
0.998 0.067 0. 61.005 0.067 -0.998 -0. -0.785 0. 0. -1. 0.
0.997 0.079 0. 63.194 0.079 -0.997 -0. -0.775 0. 0. -1. 0.
0.997 0.076 0. 65.384 0.076 -0.997 -0. -0.628 0. 0. -1. 0.
0.996 0.085 0. 67.573 0.085 -0.996 -0. -0.337 0. 0. -1. 0.
0.996 0.092 0. 69.687 0.092 -0.996 -0. -0.095 0. 0. -1. 0.
0.995 0.097 0. 71.840 0.097 -0.995 -0. 0.147 0. 0. -1. 0.
0.995 0.098 0. 74.039 0.098 -0.995 -0. 0.356 0. 0. -1. 0.
0.996 0.094 0. 76.134 0.094 -0.996 -0. 0.408 0. 0. -1. 0.
0.997 0.080 0. 78.223 0.080 -0.997 -0. 0.717 0. 0. -1. 0.
0.998 0.063 0. 80.284 0.063 -0.998 -0. 0.832 0. 0. -1. 0.
0.999 0.046 0. 82.424 0.046 -0.999 -0. 0.872 0. 0. -1. 0.
1. 0.010 0. 84.485 0.010 -1. -0. 0.878 0. 0. -1. 0.
1.000 -0.029 -0. 86.474 -0.029 -1.000 -0. 0.808 0. 0. -1. 0.
0.998 -0.069 -0. 88.551 -0.069 -0.998 -0. 0.658 0. 0. -1. 0.
0.993 -0.120 -0. 90.451 -0.120 -0.993 -0. 0.512 0. 0. -1. 0.
0.981 -0.193 -0. 92.353 -0.193 -0.981 -0. 0.179 0. 0. -1. 0.
0.967 -0.254 -0. 94.282 -0.254 -0.967 -0. -0.420 0. 0. -1. 0.
0.948 -0.317 -0. 96.020 -0.317 -0.948 -0. -1.064 0. 0. -1. 0.
0.926 -0.377 -0. 97.874 -0.377 -0.926 -0. -1.781 0. 0. -1. 0.
0.898 -0.440 -0. 99.578 -0.440 -0.898 -0. -2.467 0. 0. -1. 0.
0.863 -0.505 -0. 101.126 -0.505 -0.863 -0. -3.593 0. 0. -1. 0.
0.825 -0.565 -0. 102.697 -0.565 -0.825 -0. -4.608 0. 0. -1. 0.
0.784 -0.621 -0. 104.314 -0.621 -0.784 -0. -5.685 0. 0. -1. 0.
0.737 -0.676 -0. 105.616 -0.676 -0.737 -0. -6.926 0. 0. -1. 0.
0.694 -0.720 -0. 106.778 -0.720 -0.694 -0. -8.347 0. 0. -1. 0.
0.639 -0.769 -0. 107.955 -0.769 -0.639 -0. -9.774 0. 0. -1. 0.
0.591 -0.806 -0. 108.977 -0.806 -0.591 -0. -11.251 0. 0. -1. 0.
0.557 -0.831 -0. 109.962 -0.831 -0.557 -0. -12.793 0. 0. -1. 0.
0.518 -0.855 -0. 111.130 -0.855 -0.518 -0. -14.326 0. 0. -1. 0.
0.490 -0.871 -0. 112.029 -0.871 -0.490 -0. -16.033 0. 0. -1. 0.
0.470 -0.883 -0. 112.961 -0.883 -0.470 -0. -17.814 0. 0. -1. 0.
0.457 -0.889 -0. 113.898 -0.889 -0.457 -0. -19.704 0. 0. -1. 0.
0.449 -0.893 -0. 115.019 -0.893 -0.449 -0. -21.566 0. 0. -1. 0.
0.443 -0.897 -0. 115.892 -0.897 -0.443 -0. -23.577 0. 0. -1. 0.
0.427 -0.904 -0. 116.761 -0.904 -0.427 -0. -25.555 0. 0. -1. 0.
0.433 -0.901 -0. 117.566 -0.901 -0.433 -0. -27.718 0. 0. -1. 0.
0.431 -0.902 -0. 118.696 -0.902 -0.431 -0. -29.788 0. 0. -1. 0.
0.438 -0.899 -0. 119.709 -0.899 -0.438 -0. -31.796 0. 0. -1. 0.
0.446 -0.895 -0. 120.541 -0.895 -0.446 -0. -33.912 0. 0. -1. 0.
0.453 -0.891 -0. 121.552 -0.891 -0.453 -0. -35.900 0. 0. -1. 0.
0.466 -0.885 -0. 122.567 -0.885 -0.466 -0. -37.924 0. 0. -1. 0.
0.474 -0.881 -0. 123.501 -0.881 -0.474 -0. -39.966 0. 0. -1. 0.
0.485 -0.875 -0. 124.597 -0.875 -0.485 -0. -41.819 0. 0. -1. 0.
0.497 -0.868 -0. 125.636 -0.868 -0.497 -0. -43.748 0. 0. -1. 0.
0.511 -0.859 -0. 126.645 -0.859 -0.511 -0. -45.686 0. 0. -1. 0.
0.519 -0.855 -0. 127.744 -0.855 -0.519 -0. -47.514 0. 0. -1. 0.
0.526 -0.850 -0. 128.830 -0.850 -0.526 -0. -49.320 0. 0. -1. 0.
0.532 -0.847 -0. 129.958 -0.847 -0.532 -0. -51.015 0. 0. -1. 0.
0.548 -0.837 -0. 130.971 -0.837 -0.548 -0. -52.789 0. 0. -1. 0.
0.568 -0.823 -0. 132.161 -0.823 -0.568 -0. -54.506 0. 0. -1. 0.
0.591 -0.806 -0. 133.191 -0.806 -0.591 -0. -56.177 0. 0. -1. 0.
0.620 -0.785 -0. 134.440 -0.785 -0.620 -0. -57.713 0. 0. -1. 0.
0.642 -0.767 -0. 135.705 -0.767 -0.642 -0. -59.233 0. 0. -1. 0.
0.668 -0.744 -0. 136.980 -0.744 -0.668 -0. -60.669 0. 0. -1. 0.
0.695 -0.719 -0. 138.225 -0.719 -0.695 -0. -62.006 0. 0. -1. 0.
0.720 -0.694 -0. 139.597 -0.694 -0.720 -0. -63.342 0. 0. -1. 0.
0.744 -0.668 -0. 140.847 -0.668 -0.744 -0. -64.605 0. 0. -1. 0.
0.762 -0.648 -0. 142.207 -0.648 -0.762 -0. -65.769 0. 0. -1. 0.
0.784 -0.621 -0. 143.493 -0.621 -0.784 -0. -66.843 0. 0. -1. 0.
0.809 -0.588 -0. 144.797 -0.588 -0.809 -0. -67.793 0. 0. -1. 0.
0.832 -0.556 -0. 146.139 -0.556 -0.832 -0. -68.621 0. 0. -1. 0.
0.861 -0.508 -0. 147.465 -0.508 -0.861 -0. -69.405 0. 0. -1. 0.
0.896 -0.444 -0. 148.820 -0.444 -0.896 -0. -70.166 0. 0. -1. 0.
0.924 -0.381 -0. 150.122 -0.381 -0.924 -0. -70.754 0. 0. -1. 0.
0.955 -0.296 -0. 151.310 -0.296 -0.955 -0. -71.269 0. 0. -1. 0.
0.980 -0.200 -0. 152.566 -0.200 -0.980 -0. -71.459 0. 0. -1. 0.
0.996 -0.092 -0. 153.721 -0.092 -0.996 -0. -71.542 0. 0. -1. 0.
0.999 0.032 0. 154.864 0.032 -0.999 -0. -71.461 0. 0. -1. 0.
0.987 0.161 0. 155.866 0.161 -0.987 -0. -71.280 0. 0. -1. 0.
0.957 0.288 0. 156.802 0.288 -0.957 -0. -70.983 0. 0. -1. 0.
0.904 0.427 0. 157.690 0.427 -0.904 -0. -70.474 0. 0. -1. 0.
0.831 0.557 0. 158.543 0.557 -0.831 -0. -69.888 0. 0. -1. 0.
0.728 0.686 0. 159.234 0.686 -0.728 -0. -69.266 0. 0. -1. 0.
0.609 0.793 0. 159.763 0.793 -0.609 -0. -68.488 0. 0. -1. 0.
0.471 0.882 0. 160.249 0.882 -0.471 -0. -67.573 0. 0. -1. 0.
0.302 0.953 0. 160.479 0.953 -0.302 -0. -66.708 0. 0. -1. 0.
0.134 0.991 0. 160.562 0.991 -0.134 -0. -65.753 0. 0. -1. 0.
-0.058 0.998 0. 160.482 0.998 0.058 0. -64.707 0. 0. -1. 0.
-0.242 0.970 0. 160.091 0.970 0.242 0. -63.737 0. 0. -1. 0.
-0.407 0.914 0. 159.670 0.914 0.407 0. -62.788 0. 0. -1. 0.
-0.555 0.832 0. 159.051 0.832 0.555 0. -61.779 0. 0. -1. 0.
-0.669 0.743 0. 158.188 0.743 0.669 0. -60.949 0. 0. -1. 0.
-0.762 0.647 0. 157.261 0.647 0.762 0. -60.160 0. 0. -1. 0.
-0.824 0.566 0. 156.125 0.566 0.824 0. -59.347 0. 0. -1. 0.
-0.881 0.474 0. 154.981 0.474 0.881 0. -58.823 0. 0. -1. 0.
-0.913 0.407 0. 153.644 0.407 0.913 0. -58.118 0. 0. -1. 0.
-0.942 0.337 0. 152.291 0.337 0.942 0. -57.779 0. 0. -1. 0.
-0.956 0.294 0. 150.900 0.294 0.956 0. -57.254 0. 0. -1. 0.
-0.963 0.268 0. 149.392 0.268 0.963 0. -56.884 0. 0. -1. 0.
-0.964 0.268 0. 147.872 0.268 0.964 0. -56.339 0. 0. -1. 0.
-0.963 0.268 0. 146.308 0.268 0.963 0. -55.899 0. 0. -1. 0.
-0.961 0.278 0. 144.613 0.278 0.961 0. -55.406 0. 0. -1. 0.
-0.954 0.299 0. 142.972 0.299 0.954 0. -54.945 0. 0. -1. 0.
-0.944 0.330 0. 141.337 0.330 0.944 0. -54.349 0. 0. -1. 0.
-0.929 0.369 0. 139.728 0.369 0.929 0. -53.697 0. 0. -1. 0.
-0.912 0.411 0. 138.071 0.411 0.912 0. -52.980 0. 0. -1. 0.
-0.882 0.471 0. 136.469 0.471 0.882 0. -52.044 0. 0. -1. 0.
-0.853 0.522 0. 135.051 0.522 0.853 0. -51.049 0. 0. -1. 0.
-0.819 0.573 0. 133.305 0.573 0.819 0. -49.976 0. 0. -1. 0.
-0.789 0.614 0. 131.929 0.614 0.789 0. -48.697 0. 0. -1. 0.
-0.749 0.662 0. 130.412 0.662 0.749 0. -47.419 0. 0. -1. 0.
-0.712 0.702 0. 128.991 0.702 0.712 0. -45.854 0. 0. -1. 0.
-0.671 0.742 0. 127.599 0.742 0.671 0. -44.321 0. 0. -1. 0.
-0.623 0.782 0. 126.239 0.782 0.623 0. -42.744 0. 0. -1. 0.
-0.579 0.816 0. 125.068 0.816 0.579 0. -41.016 0. 0. -1. 0.
-0.532 0.847 0. 124.034 0.847 0.532 0. -39.267 0. 0. -1. 0.
-0.493 0.870 0. 122.940 0.870 0.493 0. -37.463 0. 0. -1. 0.
-0.466 0.885 0. 122.003 0.885 0.466 0. -35.542 0. 0. -1. 0.
-0.444 0.896 0. 121.077 0.896 0.444 0. -33.675 0. 0. -1. 0.
-0.425 0.905 0. 120.294 0.905 0.425 0. -31.723 0. 0. -1. 0.
-0.414 0.910 0. 119.548 0.910 0.414 0. -29.791 0. 0. -1. 0.
-0.409 0.912 0. 118.581 0.912 0.409 0. -27.851 0. 0. -1. 0.
-0.401 0.916 0. 117.841 0.916 0.401 0. -25.913 0. 0. -1. 0.
-0.412 0.911 0. 117.004 0.911 0.412 0. -23.998 0. 0. -1. 0.
-0.419 0.908 0. 116.251 0.908 0.419 0. -21.997 0. 0. -1. 0.
-0.431 0.902 0. 115.280 0.902 0.431 0. -20.114 0. 0. -1. 0.
-0.449 0.894 0. 114.552 0.894 0.449 0. -18.220 0. 0. -1. 0.
-0.464 0.886 0. 113.630 0.886 0.464 0. -16.383 0. 0. -1. 0.
-0.488 0.873 0. 112.496 0.873 0.488 0. -14.633 0. 0. -1. 0.
-0.528 0.849 0. 111.436 0.849 0.528 0. -12.895 0. 0. -1. 0.
-0.570 0.822 0. 110.293 0.822 0.570 0. -11.223 0. 0. -1. 0.
-0.624 0.782 0. 109.247 0.782 0.624 0. -9.544 0. 0. -1. 0.
-0.666 0.746 0. 107.948 0.746 0.666 0. -8.041 0. 0. -1. 0.
-0.716 0.698 0. 106.659 0.698 0.716 0. -6.626 0. 0. -1. 0.
-0.757 0.653 0. 105.188 0.653 0.757 0. -5.367 0. 0. -1. 0.
-0.801 0.598 0. 103.821 0.598 0.801 0. -4.123 0. 0. -1. 0.
-0.838 0.545 0. 102.249 0.545 0.838 0. -2.965 0. 0. -1. 0.
-0.869 0.495 0. 100.616 0.495 0.869 0. -2.123 0. 0. -1. 0.
-0.901 0.433 0. 99.024 0.433 0.901 0. -1.290 0. 0. -1. 0.
-0.926 0.378 0. 97.280 0.378 0.926 0. -0.554 0. 0. -1. 0.
-0.949 0.316 0. 95.589 0.316 0.949 0. 0.161 0. 0. -1. 0.
-0.968 0.252 0. 93.730 0.252 0.968 0. 0.698 0. 0. -1. 0.
-0.983 0.184 0. 91.851 0.184 0.983 0. 1.053 0. 0. -1. 0.
-0.992 0.122 0. 89.850 0.122 0.992 0. 1.293 0. 0. -1. 0.
-0.998 0.067 0. 87.881 0.067 0.998 0. 1.427 0. 0. -1. 0.
-1.000 0.025 0. 85.729 0.025 1.000 0. 1.554 0. 0. -1. 0.
-1.000 -0.015 -0. 83.614 -0.015 1.000 0. 1.501 0. 0. -1. 0.
-0.999 -0.036 -0. 81.470 -0.036 0.999 0. 1.355 0. 0. -1. 0.
-0.998 -0.063 -0. 79.376 -0.063 0.998 0. 1.329 0. 0. -1. 0.
-0.997 -0.078 -0. 77.144 -0.078 0.997 0. 1.169 0. 0. -1. 0.
-0.997 -0.080 -0. 74.945 -0.080 0.997 0. 1.017 0. 0. -1. 0.
-0.996 -0.087 -0. 72.710 -0.087 0.996 0. 0.846 0. 0. -1. 0.
-0.997 -0.080 -0. 70.510 -0.080 0.997 0. 0.832 0. 0. -1. 0.
-0.997 -0.079 -0. 68.294 -0.079 0.997 0. 0.617 0. 0. -1. 0.
-0.997 -0.078 -0. 66.128 -0.078 0.997 0. 0.536 0. 0. -1. 0.
-0.998 -0.067 -0. 63.923 -0.067 0.998 0. 0.297 0. 0. -1. 0.
-0.998 -0.064 -0. 61.817 -0.064 0.998 0. 0.438 0. 0. -1. 0.
-0.998 -0.057 -0. 59.674 -0.057 0.998 0. 0.199 0. 0. -1. 0.
-0.999 -0.054 -0. 57.535 -0.054 0.999 0. 0.352 0. 0. -1. 0.
-0.999 -0.040 -0. 55.472 -0.040 0.999 0. 0.221 0. 0. -1. 0.
-1.000 -0.031 -0. 53.386 -0.031 1.000 0. 0.173 0. 0. -1. 0.
-1.000 -0.022 -0. 51.287 -0.022 1.000 0. 0.134 0. 0. -1. 0.
-1. -0.013 -0. 49.284 -0.013 1. 0. 0.075 0. 0. -1. 0.
-1. -0.010 -0. 47.275 -0.010 1. 0. 0.097 0. 0. -1. 0.
-1. -0.004 -0. 45.275 -0.004 1. 0. 0.231 0. 0. -1. 0.
-1. 0.005 0. 43.233 0.005 1. 0. 0.128 0. 0. -1. 0.
-1. 0.005 0. 41.252 0.005 1. 0. 0.349 0. 0. -1. 0.
-1.000 0.015 0. 39.267 0.015 1.000 0. 0.326 0. 0. -1. 0.
-1.000 0.019 0. 37.264 0.019 1.000 0. 0.428 0. 0. -1. 0.
-1. 0.011 0. 35.266 0.011 1. 0. 0.520 0. 0. -1. 0.
-1.000 0.017 0. 33.198 0.017 1.000 0. 0.573 0. 0. -1. 0.
-1.000 0.020 0. 31.170 0.020 1.000 0. 0.485 0. 0. -1. 0.
-1.000 0.015 0. 29.090 0.015 1.000 0. 0.586 0. 0. -1. 0.
-1.000 0.026 0. 26.990 0.026 1.000 0. 0.649 0. 0. -1. 0.
-0.999 0.035 0. 24.806 0.035 0.999 0. 0.741 0. 0. -1. 0.
-0.999 0.043 0. 22.767 0.043 0.999 0. 0.950 0. 0. -1. 0.
-0.999 0.043 0. 20.564 0.043 0.999 0. 1.181 0. 0. -1. 0.
-0.999 0.054 0. 18.328 0.054 0.999 0. 1.265 0. 0. -1. 0.
-0.999 0.054 0. 16.152 0.054 0.999 0. 1.409 0. 0. -1. 0.
-0.999 0.052 0. 13.915 0.052 0.999 0. 1.588 0. 0. -1. 0.
-0.998 0.055 0. 11.608 0.055 0.998 0. 1.663 0. 0. -1. 0.
-0.999 0.048 0. 9.382 0.048 0.999 0. 1.863 0. 0. -1. 0.
-0.999 0.048 0. 7.061 0.048 0.999 0. 1.960 0. 0. -1. 0.
-0.999 0.044 0. 4.856 0.044 0.999 0. 2.190 0. 0. -1. 0.
-0.999 0.045 0. 2.546 0.045 0.999 0. 2.187 0. 0. -1. 0.
-1.000 0.028 0. 0.274 0.028 1.000 0. 2.353 0. 0. -1. 0.
-1.000 0.029 0. -1.996 0.029 1.000 0. 2.500 0. 0. -1. 0.
-1.000 0.032 0. -4.235 0.032 1.000 0. 2.567 0. 0. -1. 0.
-1.000 0.027 0. -6.574 0.027 1.000 0. 2.668 0. 0. -1. 0.
-1.000 0.015 0. -8.874 0.015 1.000 0. 2.773 0. 0. -1. 0.
-1. 0.014 0. -11.124 0.014 1. 0. 2.830 0. 0. -1. 0.
-1. 0.013 0. -13.485 0.013 1. 0. 2.898 0. 0. -1. 0.
-1. 0.013 0. -15.786 0.013 1. 0. 2.969 0. 0. -1. 0.
-1. 0.008 0. -18.231 0.008 1. 0. 3.119 0. 0. -1. 0.
-1. -0.002 -0. -20.547 -0.002 1. 0. 3.128 0. 0. -1. 0.
-1. -0.002 -0. -22.940 -0.002 1. 0. 3.141 0. 0. -1. 0.
-1. -0.001 -0. -25.398 -0.001 1. 0. 3.181 0. 0. -1. 0.
-1. -0.004 -0. -27.773 -0.004 1. 0. 3.326 0. 0. -1. 0.
-1. -0.008 -0. -30.130 -0.008 1. 0. 3.215 0. 0. -1. 0.
-1. -0.005 -0. -32.516 -0.005 1. 0. 3.209 0. 0. -1. 0.
-1.000 -0.015 -0. -34.912 -0.015 1.000 0. 3.171 0. 0. -1. 0.
-1.000 -0.016 -0. -37.236 -0.016 1.000 0. 3.108 0. 0. -1. 0.
-1.000 -0.027 -0. -39.513 -0.027 1.000 0. 3.185 0. 0. -1. 0.
-1.000 -0.025 -0. -41.773 -0.025 1.000 0. 3.140 0. 0. -1. 0.
-0.999 -0.037 -0. -43.963 -0.037 0.999 0. 3.184 0. 0. -1. 0.
-0.999 -0.039 -0. -46.160 -0.039 0.999 0. 3.136 0. 0. -1. 0.
-0.999 -0.045 -0. -48.255 -0.045 0.999 0. 3.095 0. 0. -1. 0.
-0.999 -0.034 -0. -50.318 -0.034 0.999 0. 3.063 0. 0. -1. 0.
-0.999 -0.036 -0. -52.262 -0.036 0.999 0. 2.972 0. 0. -1. 0.
-0.999 -0.041 -0. -54.239 -0.041 0.999 0. 2.942 0. 0. -1. 0.
-1.000 -0.023 -0. -56.102 -0.023 1.000 0. 2.928 0. 0. -1. 0.
-1.000 -0.015 -0. -57.792 -0.015 1.000 0. 2.831 0. 0. -1. 0.
-1. 0.001 0. -59.482 0.001 1. 0. 2.963 0. 0. -1. 0.
-0.999 0.035 0. -61.013 0.035 0.999 0. 2.986 0. 0. -1. 0.
-0.997 0.079 0. -62.460 0.079 0.997 0. 3.065 0. 0. -1. 0.
-0.991 0.137 0. -63.696 0.137 0.991 0. 3.393 0. 0. -1. 0.
-0.978 0.209 0. -64.823 0.209 0.978 0. 3.667 0. 0. -1. 0.
-0.958 0.288 0. -65.884 0.288 0.958 0. 3.991 0. 0. -1. 0.
-0.921 0.389 0. -66.915 0.389 0.921 0. 4.303 0. 0. -1. 0.
-0.878 0.479 0. -67.776 0.479 0.878 0. 4.902 0. 0. -1. 0.
-0.810 0.586 0. -68.630 0.586 0.810 0. 5.524 0. 0. -1. 0.
-0.733 0.680 0. -69.321 0.680 0.733 0. 6.277 0. 0. -1. 0.
-0.641 0.768 0. -69.903 0.768 0.641 0. 7.019 0. 0. -1. 0.
-0.543 0.840 0. -70.445 0.840 0.543 0. 7.848 0. 0. -1. 0.
-0.446 0.895 0. -70.892 0.895 0.446 0. 8.797 0. 0. -1. 0.
-0.347 0.938 0. -71.137 0.938 0.347 0. 9.733 0. 0. -1. 0.
-0.247 0.969 0. -71.427 0.969 0.247 0. 10.829 0. 0. -1. 0.
-0.168 0.986 0. -71.668 0.986 0.168 0. 11.908 0. 0. -1. 0.
-0.110 0.994 0. -71.842 0.994 0.110 0. 13.136 0. 0. -1. 0.
-0.075 0.997 0. -71.815 0.997 0.075 0. 14.573 0. 0. -1. 0.
-0.057 0.998 0. -71.936 0.998 0.057 0. 15.863 0. 0. -1. 0.
-0.049 0.999 0. -71.889 0.999 0.049 0. 17.351 0. 0. -1. 0.
-0.056 0.998 0. -71.943 0.998 0.056 0. 18.864 0. 0. -1. 0.
-0.051 0.999 0. -71.781 0.999 0.051 0. 20.527 0. 0. -1. 0.
-0.058 0.998 0. -72.031 0.998 0.058 0. 21.975 0. 0. -1. 0.
-0.047 0.999 0. -71.902 0.999 0.047 0. 23.742 0. 0. -1. 0.
-0.054 0.999 0. -72.019 0.999 0.054 0. 25.385 0. 0. -1. 0.
-0.041 0.999 0. -72.048 0.999 0.041 0. 27.138 0. 0. -1. 0.
-0.022 1.000 0. -72.047 1.000 0.022 0. 28.815 0. 0. -1. 0.
-0.011 1. 0. -72.067 1. 0.011 0. 30.616 0. 0. -1. 0.
0.013 1. 0. -71.920 1. -0.013 -0. 32.320 0. 0. -1. 0.
0.031 1.000 0. -71.899 1.000 -0.031 -0. 34.068 0. 0. -1. 0.
0.059 0.998 0. -71.774 0.998 -0.059 -0. 35.821 0. 0. -1. 0.
0.089 0.996 0. -71.644 0.996 -0.089 -0. 37.541 0. 0. -1. 0.
0.125 0.992 0. -71.291 0.992 -0.125 -0. 39.416 0. 0. -1. 0.
0.154 0.988 0. -70.985 0.988 -0.154 -0. 41.080 0. 0. -1. 0.
0.179 0.984 0. -70.621 0.984 -0.179 -0. 42.785 0. 0. -1. 0.
0.191 0.982 0. -70.305 0.982 -0.191 -0. 44.534 0. 0. -1. 0.
0.175 0.985 0. -69.981 0.985 -0.175 -0. 46.281 0. 0. -1. 0.
0.157 0.988 0. -69.594 0.988 -0.157 -0. 48.171 0. 0. -1. 0.
0.129 0.992 0. -69.358 0.992 -0.129 -0. 49.911 0. 0. -1. 0.
0.093 0.996 0. -69.127 0.996 -0.093 -0. 51.850 0. 0. -1. 0.
0.068 0.998 0. -68.908 0.998 -0.068 -0. 53.735 0. 0. -1. 0.
0.048 0.999 0. -68.803 0.999 -0.048 -0. 55.751 0. 0. -1. 0.
0.031 1.000 0. -68.710 1.000 -0.031 -0. 57.725 0. 0. -1. 0.
0.014 1. 0. -68.664 1. -0.014 -0. 59.743 0. 0. -1. 0.
0.012 1. 0. -68.587 1. -0.012 -0. 61.694 0. 0. -1. 0.
-0.004 1. 0. -68.593 1. 0.004 0. 63.644 0. 0. -1. 0.
-0.007 1. 0. -68.515 1. 0.007 0. 65.682 0. 0. -1. 0.
-0.012 1. 0. -68.552 1. 0.012 0. 67.548 0. 0. -1. 0.
-0.012 1. 0. -68.555 1. 0.012 0. 69.517 0. 0. -1. 0.
-0.019 1.000 0. -68.540 1.000 0.019 0. 71.467 0. 0. -1. 0.
-0.015 1.000 0. -68.571 1.000 0.015 0. 73.325 0. 0. -1. 0.
-0.024 1.000 0. -68.619 1.000 0.024 0. 75.138 0. 0. -1. 0.
-0.027 1.000 0. -68.604 1.000 0.027 0. 77.036 0. 0. -1. 0.
-0.049 0.999 0. -68.711 0.999 0.049 0. 78.713 0. 0. -1. 0.
-0.080 0.997 0. -68.712 0.997 0.080 0. 80.498 0. 0. -1. 0.
-0.127 0.992 0. -68.997 0.992 0.127 0. 82.117 0. 0. -1. 0.
-0.193 0.981 0. -69.089 0.981 0.193 0. 83.765 0. 0. -1. 0.
-0.259 0.966 0. -69.395 0.966 0.259 0. 85.321 0. 0. -1. 0.
-0.344 0.939 0. -69.912 0.939 0.344 0. 86.698 0. 0. -1. 0.
-0.427 0.904 0. -70.536 0.904 0.427 0. 88.191 0. 0. -1. 0.
-0.512 0.859 0. -71.239 0.859 0.512 0. 89.523 0. 0. -1. 0.
-0.592 0.806 0. -72.219 0.806 0.592 0. 90.700 0. 0. -1. 0.
-0.670 0.742 0. -73.009 0.742 0.670 0. 91.828 0. 0. -1. 0.
-0.740 0.672 0. -74.106 0.672 0.740 0. 92.902 0. 0. -1. 0.
-0.803 0.595 0. -75.200 0.595 0.803 0. 93.713 0. 0. -1. 0.
-0.862 0.507 0. -76.574 0.507 0.862 0. 94.590 0. 0. -1. 0.
-0.905 0.425 0. -77.798 0.425 0.905 0. 95.177 0. 0. -1. 0.
-0.936 0.351 0. -79.178 0.351 0.936 0. 95.675 0. 0. -1. 0.
-0.960 0.278 0. -80.625 0.278 0.960 0. 96.032 0. 0. -1. 0.
-0.974 0.227 0. -82.073 0.227 0.974 0. 96.298 0. 0. -1. 0.
-0.982 0.188 0. -83.682 0.188 0.982 0. 96.423 0. 0. -1. 0.
-0.986 0.169 0. -84.986 0.169 0.986 0. 96.927 0. 0. -1. 0.
-0.987 0.161 0. -86.648 0.161 0.987 0. 97.061 0. 0. -1. 0.
-0.986 0.167 0. -88.118 0.167 0.986 0. 97.517 0. 0. -1. 0.
-0.980 0.197 0. -89.594 0.197 0.980 0. 97.763 0. 0. -1. 0.
-0.973 0.230 0. -91.155 0.230 0.973 0. 98.142 0. 0. -1. 0.
-0.965 0.264 0. -92.732 0.264 0.965 0. 98.471 0. 0. -1. 0.
-0.951 0.310 0. -94.376 0.310 0.951 0. 98.969 0. 0. -1. 0.
-0.932 0.361 0. -95.918 0.361 0.932 0. 99.712 0. 0. -1. 0.
-0.906 0.423 0. -97.421 0.423 0.906 0. 100.512 0. 0. -1. 0.
-0.878 0.479 0. -98.993 0.479 0.878 0. 101.432 0. 0. -1. 0.
-0.845 0.535 0. -100.490 0.535 0.845 0. 102.390 0. 0. -1. 0.
-0.819 0.574 0. -102.024 0.574 0.819 0. 103.504 0. 0. -1. 0.
-0.798 0.603 0. -103.468 0.603 0.798 0. 104.660 0. 0. -1. 0.
-0.779 0.627 0. -105.029 0.627 0.779 0. 105.901 0. 0. -1. 0.
-0.759 0.652 0. -106.514 0.652 0.759 0. 107.163 0. 0. -1. 0.
-0.751 0.660 0. -108.113 0.660 0.751 0. 108.419 0. 0. -1. 0.
-0.742 0.670 0. -109.554 0.670 0.742 0. 109.961 0. 0. -1. 0.
-0.740 0.672 0. -111.238 0.672 0.740 0. 111.256 0. 0. -1. 0.
-0.738 0.675 0. -112.633 0.675 0.738 0. 112.832 0. 0. -1. 0.
-0.741 0.672 0. -114.257 0.672 0.741 0. 114.312 0. 0. -1. 0.
-0.740 0.672 0. -115.883 0.672 0.740 0. 115.845 0. 0. -1. 0.
-0.739 0.674 0. -117.441 0.674 0.739 0. 117.456 0. 0. -1. 0.
-0.741 0.672 0. -119.144 0.672 0.741 0. 118.916 0. 0. -1. 0.
-0.738 0.675 0. -120.897 0.675 0.738 0. 120.433 0. 0. -1. 0.
-0.736 0.677 0. -122.529 0.677 0.736 0. 122.144 0. 0. -1. 0.
-0.734 0.679 0. -124.314 0.679 0.734 0. 123.716 0. 0. -1. 0.
-0.733 0.681 0. -126.024 0.681 0.733 0. 125.452 0. 0. -1. 0.
-0.731 0.683 0. -127.798 0.683 0.731 0. 127.112 0. 0. -1. 0.
-0.728 0.685 0. -129.550 0.685 0.728 0. 128.823 0. 0. -1. 0.
-0.727 0.686 0. -131.251 0.686 0.727 0. 130.607 0. 0. -1. 0.
-0.726 0.687 0. -133.040 0.687 0.726 0. 132.375 0. 0. -1. 0.
-0.726 0.688 0. -134.772 0.688 0.726 0. 134.193 0. 0. -1. 0.
-0.724 0.689 0. -136.649 0.689 0.724 0. 135.866 0. 0. -1. 0.
-0.721 0.693 0. -138.320 0.693 0.721 0. 137.750 0. 0. -1. 0.
-0.720 0.694 0. -140.145 0.694 0.720 0. 139.478 0. 0. -1. 0.
-0.724 0.690 0. -141.842 0.690 0.724 0. 141.289 0. 0. -1. 0.
-0.722 0.692 0. -143.618 0.692 0.722 0. 143.055 0. 0. -1. 0.
-0.714 0.700 0. -145.477 0.700 0.714 0. 144.878 0. 0. -1. 0.
-0.707 0.707 0. -147.238 0.707 0.707 0. 146.584 0. 0. -1. 0.
-0.699 0.715 0. -149.022 0.715 0.699 0. 148.451 0. 0. -1. 0.
-0.687 0.727 0. -150.641 0.727 0.687 0. 150.238 0. 0. -1. 0.
-0.674 0.739 0. -152.212 0.739 0.674 0. 152.143 0. 0. -1. 0.
-0.658 0.753 0. -153.836 0.753 0.658 0. 153.992 0. 0. -1. 0.
-0.631 0.775 0. -155.407 0.775 0.631 0. 155.945 0. 0. -1. 0.
-0.603 0.798 0. -156.817 0.798 0.603 0. 157.960 0. 0. -1. 0.
-0.577 0.816 0. -158.058 0.816 0.577 0. 160.050 0. 0. -1. 0.
-0.549 0.836 0. -159.573 0.836 0.549 0. 162.078 0. 0. -1. 0.
-0.509 0.860 0. -160.878 0.860 0.509 0. 164.192 0. 0. -1. 0.
-0.465 0.885 0. -161.993 0.885 0.465 0. 166.424 0. 0. -1. 0.
-0.420 0.907 0. -162.846 0.907 0.420 0. 168.900 0. 0. -1. 0.
-0.380 0.925 0. -163.931 0.925 0.380 0. 171.135 0. 0. -1. 0.
-0.338 0.941 0. -164.811 0.941 0.338 0. 173.576 0. 0. -1. 0.
-0.290 0.957 0. -165.524 0.957 0.290 0. 176.005 0. 0. -1. 0.
-0.254 0.967 0. -166.115 0.967 0.254 0. 178.498 0. 0. -1. 0.
-0.225 0.974 0. -166.503 0.974 0.225 0. 181.049 0. 0. -1. 0.
-0.191 0.982 0. -167.131 0.982 0.191 0. 183.497 0. 0. -1. 0.
-0.169 0.986 0. -167.333 0.986 0.169 0. 186.004 0. 0. -1. 0.
-0.156 0.988 0. -167.843 0.988 0.156 0. 188.449 0. 0. -1. 0.
-0.148 0.989 0. -167.915 0.989 0.148 0. 190.932 0. 0. -1. 0.
-0.139 0.990 0. -168.144 0.990 0.139 0. 193.392 0. 0. -1. 0.
-0.128 0.992 0. -168.435 0.992 0.128 0. 195.804 0. 0. -1. 0.
-0.135 0.991 0. -168.667 0.991 0.135 0. 198.245 0. 0. -1. 0.
-0.140 0.990 0. -168.928 0.990 0.140 0. 200.676 0. 0. -1. 0.
-0.146 0.989 0. -169.267 0.989 0.146 0. 203.084 0. 0. -1. 0.
-0.149 0.989 0. -169.635 0.989 0.149 0. 205.513 0. 0. -1. 0.
-0.170 0.986 0. -170.020 0.986 0.170 0. 207.865 0. 0. -1. 0.
-0.187 0.982 0. -170.408 0.982 0.187 0. 210.338 0. 0. -1. 0.
-0.219 0.976 0. -170.720 0.976 0.219 0. 212.620 0. 0. -1. 0.
-0.263 0.965 0. -171.386 0.965 0.263 0. 214.845 0. 0. -1. 0.
-0.312 0.950 0. -172.125 0.950 0.312 0. 217.125 0. 0. -1. 0.
-0.372 0.928 0. -172.824 0.928 0.372 0. 219.256 0. 0. -1. 0.
-0.434 0.901 0. -173.679 0.901 0.434 0. 221.375 0. 0. -1. 0.
-0.500 0.866 0. -174.709 0.866 0.500 0. 223.339 0. 0. -1. 0.
-0.567 0.824 0. -175.956 0.824 0.567 0. 225.056 0. 0. -1. 0.
-0.635 0.773 0. -177.327 0.773 0.635 0. 226.669 0. 0. -1. 0.
-0.704 0.710 0. -178.736 0.710 0.704 0. 228.238 0. 0. -1. 0.
-0.766 0.643 0. -180.400 0.643 0.766 0. 229.605 0. 0. -1. 0.
-0.818 0.575 0. -182.193 0.575 0.818 0. 230.882 0. 0. -1. 0.
-0.864 0.503 0. -183.834 0.503 0.864 0. 231.932 0. 0. -1. 0.
-0.903 0.430 0. -185.740 0.430 0.903 0. 232.871 0. 0. -1. 0.
-0.930 0.366 0. -187.722 0.366 0.930 0. 233.697 0. 0. -1. 0.
-0.947 0.321 0. -189.666 0.321 0.947 0. 234.461 0. 0. -1. 0.
-0.957 0.289 0. -191.693 0.289 0.957 0. 235.141 0. 0. -1. 0.
-0.964 0.266 0. -193.802 0.266 0.964 0. 235.769 0. 0. -1. 0.
-0.968 0.252 0. -195.961 0.252 0.968 0. 236.344 0. 0. -1. 0.
-0.970 0.245 0. -198.171 0.245 0.970 0. 236.939 0. 0. -1. 0.
-0.971 0.241 0. -200.407 0.241 0.971 0. 237.608 0. 0. -1. 0.
-0.972 0.237 0. -202.698 0.237 0.972 0. 238.166 0. 0. -1. 0.
-0.973 0.232 0. -205.001 0.232 0.973 0. 238.794 0. 0. -1. 0.
-0.973 0.230 0. -207.291 0.230 0.973 0. 239.387 0. 0. -1. 0.
-0.973 0.231 0. -209.634 0.231 0.973 0. 240.007 0. 0. -1. 0.
-0.972 0.233 0. -211.914 0.233 0.972 0. 240.549 0. 0. -1. 0.
-0.972 0.235 0. -214.226 0.235 0.972 0. 241.194 0. 0. -1. 0.
-0.972 0.234 0. -216.506 0.234 0.972 0. 241.768 0. 0. -1. 0.
-0.972 0.233 0. -218.676 0.233 0.972 0. 242.396 0. 0. -1. 0.
-0.972 0.235 0. -221.006 0.235 0.972 0. 242.912 0. 0. -1. 0.
-0.972 0.234 0. -223.224 0.234 0.972 0. 243.504 0. 0. -1. 0.
-0.973 0.230 0. -225.346 0.230 0.973 0. 244.075 0. 0. -1. 0.
-0.972 0.234 0. -227.606 0.234 0.972 0. 244.649 0. 0. -1. 0.
-0.971 0.239 0. -229.674 0.239 0.971 0. 245.174 0. 0. -1. 0.
-0.969 0.247 0. -231.669 0.247 0.969 0. 245.723 0. 0. -1. 0.
-0.969 0.249 0. -233.522 0.249 0.969 0. 246.290 0. 0. -1. 0.
-0.968 0.252 0. -235.766 0.252 0.968 0. 246.726 0. 0. -1. 0.
-0.965 0.262 0. -237.489 0.262 0.965 0. 247.267 0. 0. -1. 0.
-0.958 0.286 0. -239.310 0.286 0.958 0. 247.837 0. 0. -1. 0.
-0.950 0.312 0. -240.968 0.312 0.950 0. 248.458 0. 0. -1. 0.
-0.938 0.348 0. -242.467 0.348 0.938 0. 248.979 0. 0. -1. 0.
-0.926 0.377 0. -243.958 0.377 0.926 0. 249.751 0. 0. -1. 0.
-0.913 0.409 0. -245.274 0.409 0.913 0. 250.204 0. 0. -1. 0.
-0.899 0.437 0. -246.551 0.437 0.899 0. 250.869 0. 0. -1. 0.
-0.886 0.463 0. -247.696 0.463 0.886 0. 251.485 0. 0. -1. 0.
-0.881 0.473 0. -248.873 0.473 0.881 0. 252.139 0. 0. -1. 0.
-0.880 0.475 0. -249.848 0.475 0.880 0. 252.694 0. 0. -1. 0.
-0.884 0.468 0. -250.876 0.468 0.884 0. 253.345 0. 0. -1. 0.
-0.890 0.455 0. -251.812 0.455 0.890 0. 253.842 0. 0. -1. 0.
-0.896 0.444 0. -252.712 0.444 0.896 0. 254.251 0. 0. -1. 0.
-0.903 0.430 0. -253.554 0.430 0.903 0. 254.659 0. 0. -1. 0.
-0.910 0.414 0. -254.285 0.414 0.910 0. 254.993 0. 0. -1. 0.
-0.916 0.401 0. -255.034 0.401 0.916 0. 255.316 0. 0. -1. 0.
-0.919 0.394 0. -255.792 0.394 0.919 0. 255.837 0. 0. -1. 0.
-0.922 0.388 0. -256.172 0.388 0.922 0. 255.896 0. 0. -1. 0.
-0.923 0.384 0. -256.676 0.384 0.923 0. 256.167 0. 0. -1. 0.
-0.925 0.381 0. -257.023 0.381 0.925 0. 256.222 0. 0. -1. 0.
-0.924 0.382 0. -257.353 0.382 0.924 0. 256.419 0. 0. -1. 0.
-0.926 0.377 0. -257.515 0.377 0.926 0. 256.408 0. 0. -1. 0.
-0.923 0.385 0. -257.863 0.385 0.923 0. 256.595 0. 0. -1. 0.
-0.923 0.384 0. -257.946 0.384 0.923 0. 256.653 0. 0. -1. 0.
-0.926 0.377 0. -258.099 0.377 0.926 0. 256.693 0. 0. -1. 0.
-0.925 0.380 0. -258.298 0.380 0.925 0. 256.795 0. 0. -1. 0.
-0.926 0.378 0. -258.366 0.378 0.926 0. 256.907 0. 0. -1. 0.
-0.924 0.383 0. -258.379 0.383 0.924 0. 256.854 0. 0. -1. 0.
-0.926 0.377 0. -258.332 0.377 0.926 0. 256.813 0. 0. -1. 0.
-0.926 0.377 0. -258.417 0.377 0.926 0. 256.854 0. 0. -1. 0.
-0.925 0.379 0. -258.451 0.379 0.925 0. 256.918 0. 0. -1. 0.
-0.926 0.377 0. -258.327 0.377 0.926 0. 256.806 0. 0. -1. 0.
-0.925 0.380 0. -258.455 0.380 0.925 0. 256.763 0. 0. -1. 0.
-0.924 0.382 0. -258.430 0.382 0.924 0. 256.832 0. 0. -1. 0.
-0.923 0.384 0. -258.374 0.384 0.923 0. 256.764 0. 0. -1. 0.
-0.926 0.378 0. -258.407 0.378 0.926 0. 256.882 0. 0. -1. 0.
-0.924 0.381 0. -258.419 0.381 0.924 0. 256.850 0. 0. -1. 0.
-0.926 0.379 0. -258.382 0.379 0.926 0. 256.838 0. 0. -1. 0.
-0.925 0.379 0. -258.374 0.379 0.925 0. 256.775 0. 0. -1. 0.
-0.924 0.383 0. -258.456 0.383 0.924 0. 256.956 0. 0. -1. 0.
-0.924 0.382 0. -258.313 0.382 0.924 0. 256.793 0. 0. -1. 0.
-0.925 0.381 0. -258.443 0.381 0.925 0. 256.885 0. 0. -1. 0.
-0.925 0.381 0. -258.437 0.381 0.925 0. 256.823 0. 0. -1. 0.
-0.923 0.386 0. -258.388 0.386 0.923 0. 256.817 0. 0. -1. 0.
-0.925 0.379 0. -258.398 0.379 0.925 0. 256.791 0. 0. -1. 0.
-0.924 0.381 0. -258.450 0.381 0.924 0. 256.928 0. 0. -1. 0.
-0.926 0.377 0. -258.380 0.377 0.926 0. 256.908 0. 0. -1. 0.
-0.924 0.383 0. -258.416 0.383 0.924 0. 256.842 0. 0. -1. 0.
-0.926 0.378 0. -258.340 0.378 0.926 0. 256.778 0. 0. -1. 0.
-0.924 0.382 0. -258.498 0.382 0.924 0. 256.973 0. 0. -1. 0.
-0.925 0.380 0. -258.482 0.380 0.925 0. 256.820 0. 0. -1. 0.
-0.924 0.382 0. -258.527 0.382 0.924 0. 256.885 0. 0. -1. 0.
-0.925 0.379 0. -258.690 0.379 0.925 0. 257.041 0. 0. -1. 0.
-0.924 0.381 0. -259.034 0.381 0.924 0. 257.181 0. 0. -1. 0.
-0.924 0.381 0. -259.307 0.381 0.924 0. 257.283 0. 0. -1. 0.
-0.923 0.384 0. -259.611 0.384 0.923 0. 257.412 0. 0. -1. 0.
-0.920 0.393 0. -259.988 0.393 0.920 0. 257.561 0. 0. -1. 0.
-0.920 0.392 0. -260.305 0.392 0.920 0. 257.720 0. 0. -1. 0.
-0.915 0.403 0. -260.713 0.403 0.915 0. 257.815 0. 0. -1. 0.
-0.915 0.402 0. -261.082 0.402 0.915 0. 257.986 0. 0. -1. 0.
-0.910 0.414 0. -261.566 0.414 0.910 0. 258.187 0. 0. -1. 0.
-0.905 0.426 0. -261.860 0.426 0.905 0. 258.400 0. 0. -1. 0.
-0.896 0.444 0. -262.385 0.444 0.896 0. 258.550 0. 0. -1. 0.
-0.883 0.469 0. -262.958 0.469 0.883 0. 258.875 0. 0. -1. 0.
-0.859 0.512 0. -263.438 0.512 0.859 0. 259.269 0. 0. -1. 0.
-0.822 0.569 0. -263.892 0.569 0.822 0. 259.584 0. 0. -1. 0.
-0.778 0.628 0. -264.349 0.628 0.778 0. 260.041 0. 0. -1. 0.
-0.718 0.696 0. -264.883 0.696 0.718 0. 260.744 0. 0. -1. 0.
-0.650 0.760 0. -265.265 0.760 0.650 0. 261.356 0. 0. -1. 0.
-0.568 0.823 0. -265.840 0.823 0.568 0. 262.072 0. 0. -1. 0.
-0.497 0.868 0. -266.173 0.868 0.497 0. 262.906 0. 0. -1. 0.
-0.412 0.911 0. -266.720 0.911 0.412 0. 263.970 0. 0. -1. 0.
-0.312 0.950 0. -266.983 0.950 0.312 0. 265.025 0. 0. -1. 0.
-0.222 0.975 0. -267.225 0.975 0.222 0. 266.242 0. 0. -1. 0.
-0.147 0.989 0. -267.409 0.989 0.147 0. 267.465 0. 0. -1. 0.
-0.075 0.997 0. -267.436 0.997 0.075 0. 268.875 0. 0. -1. 0.
-0.008 1. 0. -267.400 1. 0.008 0. 270.286 0. 0. -1. 0.
0.046 0.999 0. -267.343 0.999 -0.046 -0. 271.781 0. 0. -1. 0.
0.101 0.995 0. -267.131 0.995 -0.101 -0. 273.317 0. 0. -1. 0.
0.134 0.991 0. -266.784 0.991 -0.134 -0. 274.916 0. 0. -1. 0.
0.146 0.989 0. -266.513 0.989 -0.146 -0. 276.798 0. 0. -1. 0.
0.159 0.987 0. -266.268 0.987 -0.159 -0. 278.593 0. 0. -1. 0.
0.177 0.984 0. -265.837 0.984 -0.177 -0. 280.526 0. 0. -1. 0.
0.195 0.981 0. -265.468 0.981 -0.195 -0. 282.528 0. 0. -1. 0.
0.201 0.980 0. -264.972 0.980 -0.201 -0. 284.540 0. 0. -1. 0.
0.207 0.978 0. -264.457 0.978 -0.207 -0. 286.718 0. 0. -1. 0.
0.205 0.979 0. -263.892 0.979 -0.205 -0. 288.890 0. 0. -1. 0.
0.209 0.978 0. -263.515 0.978 -0.209 -0. 291.158 0. 0. -1. 0.
0.209 0.978 0. -262.870 0.978 -0.209 -0. 293.430 0. 0. -1. 0.
0.212 0.977 0. -262.386 0.977 -0.212 -0. 295.813 0. 0. -1. 0.
0.209 0.978 0. -261.776 0.978 -0.209 -0. 298.237 0. 0. -1. 0.
0.213 0.977 0. -261.207 0.977 -0.213 -0. 300.802 0. 0. -1. 0.
0.214 0.977 0. -260.512 0.977 -0.214 -0. 303.311 0. 0. -1. 0.
0.216 0.976 0. -260.037 0.976 -0.216 -0. 305.968 0. 0. -1. 0.
0.215 0.977 0. -259.269 0.977 -0.215 -0. 308.638 0. 0. -1. 0.
0.214 0.977 0. -258.644 0.977 -0.214 -0. 311.407 0. 0. -1. 0.
0.219 0.976 0. -257.991 0.976 -0.219 -0. 314.221 0. 0. -1. 0.
0.210 0.978 0. -257.276 0.978 -0.210 -0. 317.121 0. 0. -1. 0.
0.216 0.976 0. -256.650 0.976 -0.216 -0. 320.034 0. 0. -1. 0.
0.214 0.977 0. -255.859 0.977 -0.214 -0. 323.010 0. 0. -1. 0.
0.218 0.976 0. -255.144 0.976 -0.218 -0. 326.072 0. 0. -1. 0.
0.215 0.977 0. -254.383 0.977 -0.215 -0. 329.134 0. 0. -1. 0.
0.223 0.975 0. -253.685 0.975 -0.223 -0. 332.215 0. 0. -1. 0.
0.220 0.975 0. -252.947 0.975 -0.220 -0. 335.251 0. 0. -1. 0.
0.220 0.976 0. -252.192 0.976 -0.220 -0. 338.304 0. 0. -1. 0.
0.215 0.977 0. -251.446 0.977 -0.215 -0. 341.380 0. 0. -1. 0.
0.215 0.977 0. -250.766 0.977 -0.215 -0. 344.471 0. 0. -1. 0.
0.217 0.976 0. -249.965 0.976 -0.217 -0. 347.506 0. 0. -1. 0.
0.222 0.975 0. -249.183 0.975 -0.222 -0. 350.518 0. 0. -1. 0.
0.227 0.974 0. -248.560 0.974 -0.227 -0. 353.529 0. 0. -1. 0.
0.220 0.975 0. -247.732 0.975 -0.220 -0. 356.459 0. 0. -1. 0.
0.225 0.974 0. -246.981 0.974 -0.225 -0. 359.424 0. 0. -1. 0.
0.229 0.973 0. -246.288 0.973 -0.229 -0. 362.258 0. 0. -1. 0.
0.229 0.973 0. -245.553 0.973 -0.229 -0. 365.179 0. 0. -1. 0.
0.226 0.974 0. -244.827 0.974 -0.226 -0. 367.987 0. 0. -1. 0.
0.222 0.975 0. -244.111 0.975 -0.222 -0. 370.917 0. 0. -1. 0.
0.226 0.974 0. -243.290 0.974 -0.226 -0. 373.666 0. 0. -1. 0.
0.229 0.973 0. -242.676 0.973 -0.229 -0. 376.433 0. 0. -1. 0.
0.228 0.974 0. -241.951 0.974 -0.228 -0. 379.126 0. 0. -1. 0.
0.222 0.975 0. -241.258 0.975 -0.222 -0. 381.869 0. 0. -1. 0.
0.224 0.975 0. -240.681 0.975 -0.224 -0. 384.592 0. 0. -1. 0.
0.216 0.976 0. -239.893 0.976 -0.216 -0. 387.186 0. 0. -1. 0.
0.213 0.977 0. -239.341 0.977 -0.213 -0. 389.860 0. 0. -1. 0.
0.214 0.977 0. -238.652 0.977 -0.214 -0. 392.378 0. 0. -1. 0.
0.217 0.976 0. -238.127 0.976 -0.217 -0. 394.905 0. 0. -1. 0.
0.211 0.977 0. -237.533 0.977 -0.211 -0. 397.367 0. 0. -1. 0.
0.212 0.977 0. -236.999 0.977 -0.212 -0. 399.733 0. 0. -1. 0.
0.208 0.978 0. -236.451 0.978 -0.208 -0. 402.009 0. 0. -1. 0.
0.211 0.977 0. -236.005 0.977 -0.211 -0. 404.286 0. 0. -1. 0.
0.217 0.976 0. -235.460 0.976 -0.217 -0. 406.424 0. 0. -1. 0.
0.216 0.976 0. -234.813 0.976 -0.216 -0. 408.497 0. 0. -1. 0.
0.219 0.976 0. -234.490 0.976 -0.219 -0. 410.640 0. 0. -1. 0.
0.217 0.976 0. -233.896 0.976 -0.217 -0. 412.570 0. 0. -1. 0.
0.222 0.975 0. -233.488 0.975 -0.222 -0. 414.628 0. 0. -1. 0.
0.216 0.976 0. -232.887 0.976 -0.216 -0. 416.506 0. 0. -1. 0.
0.221 0.975 0. -232.612 0.975 -0.221 -0. 418.508 0. 0. -1. 0.
0.225 0.974 0. -232.002 0.974 -0.225 -0. 420.361 0. 0. -1. 0.
0.225 0.974 0. -231.599 0.974 -0.225 -0. 422.298 0. 0. -1. 0.
0.223 0.975 0. -231.092 0.975 -0.223 -0. 424.180 0. 0. -1. 0.
0.219 0.976 0. -230.671 0.976 -0.219 -0. 426.028 0. 0. -1. 0.
0.218 0.976 0. -230.180 0.976 -0.218 -0. 427.870 0. 0. -1. 0.
0.223 0.975 0. -229.740 0.975 -0.223 -0. 429.743 0. 0. -1. 0.
0.223 0.975 0. -229.264 0.975 -0.223 -0. 431.508 0. 0. -1. 0.
0.224 0.975 0. -228.812 0.975 -0.224 -0. 433.391 0. 0. -1. 0.
0.218 0.976 0. -228.365 0.976 -0.218 -0. 435.244 0. 0. -1. 0.
0.217 0.976 0. -227.909 0.976 -0.217 -0. 437.159 0. 0. -1. 0.
0.219 0.976 0. -227.454 0.976 -0.219 -0. 439.156 0. 0. -1. 0.
0.212 0.977 0. -226.899 0.977 -0.212 -0. 441.085 0. 0. -1. 0.
0.215 0.977 0. -226.490 0.977 -0.215 -0. 443.173 0. 0. -1. 0.
0.215 0.977 0. -225.858 0.977 -0.215 -0. 445.184 0. 0. -1. 0.
0.219 0.976 0. -225.425 0.976 -0.219 -0. 447.480 0. 0. -1. 0.
0.222 0.975 0. -224.823 0.975 -0.222 -0. 449.638 0. 0. -1. 0.
0.222 0.975 0. -224.234 0.975 -0.222 -0. 451.909 0. 0. -1. 0.
0.225 0.974 0. -223.679 0.974 -0.225 -0. 454.199 0. 0. -1. 0.
0.218 0.976 0. -223.093 0.976 -0.218 -0. 456.498 0. 0. -1. 0.
0.218 0.976 0. -222.487 0.976 -0.218 -0. 458.762 0. 0. -1. 0.
0.219 0.976 0. -221.952 0.976 -0.219 -0. 461.042 0. 0. -1. 0.
0.221 0.975 0. -221.407 0.975 -0.221 -0. 463.430 0. 0. -1. 0.
0.221 0.975 0. -220.867 0.975 -0.221 -0. 465.718 0. 0. -1. 0.
0.222 0.975 0. -220.220 0.975 -0.222 -0. 467.954 0. 0. -1. 0.
0.228 0.974 0. -219.740 0.974 -0.228 -0. 470.289 0. 0. -1. 0.
0.226 0.974 0. -219.198 0.974 -0.226 -0. 472.524 0. 0. -1. 0.
0.221 0.975 0. -218.583 0.975 -0.221 -0. 474.848 0. 0. -1. 0.
0.227 0.974 0. -218.056 0.974 -0.227 -0. 477.131 0. 0. -1. 0.
0.227 0.974 0. -217.426 0.974 -0.227 -0. 479.506 0. 0. -1. 0.
0.224 0.975 0. -216.882 0.975 -0.224 -0. 481.807 0. 0. -1. 0.
0.228 0.974 0. -216.302 0.974 -0.228 -0. 484.160 0. 0. -1. 0.
0.226 0.974 0. -215.712 0.974 -0.226 -0. 486.458 0. 0. -1. 0.
0.230 0.973 0. -215.023 0.973 -0.230 -0. 488.831 0. 0. -1. 0.
0.225 0.974 0. -214.449 0.974 -0.225 -0. 491.123 0. 0. -1. 0.
0.230 0.973 0. -213.888 0.973 -0.230 -0. 493.484 0. 0. -1. 0.
0.235 0.972 0. -213.368 0.972 -0.235 -0. 495.795 0. 0. -1. 0.
0.232 0.973 0. -212.746 0.973 -0.232 -0. 498.114 0. 0. -1. 0.
0.232 0.973 0. -212.089 0.973 -0.232 -0. 500.405 0. 0. -1. 0.
0.232 0.973 0. -211.495 0.973 -0.232 -0. 502.674 0. 0. -1. 0.
0.235 0.972 0. -210.962 0.972 -0.235 -0. 504.959 0. 0. -1. 0.
0.239 0.971 0. -210.375 0.971 -0.239 -0. 507.191 0. 0. -1. 0.
0.235 0.972 0. -209.724 0.972 -0.235 -0. 509.434 0. 0. -1. 0.
0.238 0.971 0. -209.228 0.971 -0.238 -0. 511.638 0. 0. -1. 0.
0.242 0.970 0. -208.686 0.970 -0.242 -0. 513.876 0. 0. -1. 0.
0.242 0.970 0. -208.103 0.970 -0.242 -0. 516.005 0. 0. -1. 0.
0.235 0.972 0. -207.513 0.972 -0.235 -0. 518.126 0. 0. -1. 0.
0.244 0.970 0. -207.005 0.970 -0.244 -0. 520.187 0. 0. -1. 0.
0.241 0.971 0. -206.448 0.971 -0.241 -0. 522.085 0. 0. -1. 0.
0.243 0.970 0. -206.057 0.970 -0.243 -0. 524.084 0. 0. -1. 0.
0.235 0.972 0. -205.524 0.972 -0.235 -0. 525.880 0. 0. -1. 0.
0.239 0.971 0. -205.020 0.971 -0.239 -0. 527.625 0. 0. -1. 0.
0.231 0.973 0. -204.588 0.973 -0.231 -0. 529.265 0. 0. -1. 0.
0.237 0.972 0. -204.237 0.972 -0.237 -0. 530.923 0. 0. -1. 0.
0.232 0.973 0. -203.987 0.973 -0.232 -0. 532.329 0. 0. -1. 0.
0.234 0.972 0. -203.516 0.972 -0.234 -0. 533.920 0. 0. -1. 0.
0.229 0.973 0. -203.034 0.973 -0.229 -0. 535.223 0. 0. -1. 0.
0.225 0.974 0. -202.730 0.974 -0.225 -0. 536.581 0. 0. -1. 0.
0.217 0.976 0. -202.363 0.976 -0.217 -0. 537.778 0. 0. -1. 0.
0.217 0.976 0. -202.210 0.976 -0.217 -0. 538.902 0. 0. -1. 0.
0.207 0.978 0. -202.035 0.978 -0.207 -0. 539.882 0. 0. -1. 0.
0.203 0.979 0. -201.803 0.979 -0.203 -0. 540.826 0. 0. -1. 0.
0.195 0.981 0. -201.617 0.981 -0.195 -0. 541.616 0. 0. -1. 0.
0.195 0.981 0. -201.502 0.981 -0.195 -0. 542.338 0. 0. -1. 0.
0.197 0.980 0. -201.398 0.980 -0.197 -0. 543.045 0. 0. -1. 0.
0.196 0.981 0. -201.213 0.981 -0.196 -0. 543.511 0. 0. -1. 0.
0.193 0.981 0. -201.095 0.981 -0.193 -0. 544.022 0. 0. -1. 0.
0.197 0.981 0. -201.180 0.981 -0.197 -0. 544.432 0. 0. -1. 0.
0.191 0.982 0. -201.017 0.982 -0.191 -0. 544.715 0. 0. -1. 0.
0.195 0.981 0. -200.922 0.981 -0.195 -0. 544.999 0. 0. -1. 0.
0.192 0.981 0. -200.902 0.981 -0.192 -0. 545.137 0. 0. -1. 0.
0.198 0.980 0. -200.882 0.980 -0.198 -0. 545.237 0. 0. -1. 0.
0.196 0.981 0. -200.856 0.981 -0.196 -0. 545.314 0. 0. -1. 0.
0.195 0.981 0. -200.897 0.981 -0.195 -0. 545.425 0. 0. -1. 0.
0.194 0.981 0. -200.819 0.981 -0.194 -0. 545.367 0. 0. -1. 0.
0.196 0.981 0. -200.922 0.981 -0.196 -0. 545.447 0. 0. -1. 0.
0.196 0.981 0. -200.839 0.981 -0.196 -0. 545.344 0. 0. -1. 0.
0.195 0.981 0. -200.838 0.981 -0.195 -0. 545.409 0. 0. -1. 0.
0.199 0.980 0. -200.909 0.980 -0.199 -0. 545.406 0. 0. -1. 0.
0.193 0.981 0. -200.879 0.981 -0.193 -0. 545.425 0. 0. -1. 0.
0.190 0.982 0. -200.833 0.982 -0.190 -0. 545.404 0. 0. -1. 0.
0.190 0.982 0. -200.859 0.982 -0.190 -0. 545.394 0. 0. -1. 0.
