1564718064522290 0.99927 0.03820 -0.00000 -3.29996 -0.03820 0.99927 0.00000 -0.04924 0.00000 -0.00000 1.00000 0.00000
1564718064773446 0.99919 0.04016 -0.00000 -3.98929 -0.04016 0.99919 0.00000 -0.07393 0.00000 -0.00000 1.00000 0.00000
1564718065024058 0.99917 0.04063 -0.00000 -4.78298 -0.04063 0.99917 0.00000 -0.05897 0.00000 -0.00000 1.00000 0.00000
1564718065275160 0.99902 0.04419 -0.00000 -5.65485 -0.04419 0.99902 0.00000 -0.08195 0.00000 -0.00000 1.00000 0.00000
1564718065526095 0.99890 0.04699 -0.00000 -6.55042 -0.04699 0.99890 0.00000 -0.04881 0.00000 -0.00000 1.00000 0.00000
1564718065777085 0.99873 0.05035 -0.00000 -7.56837 -0.05035 0.99873 0.00000 -0.02287 0.00000 -0.00000 1.00000 0.00000
1564718066027766 0.99859 0.05313 -0.00000 -8.62300 -0.05313 0.99859 0.00000 -0.00516 0.00000 -0.00000 1.00000 0.00000
1564718066277853 0.99838 0.05683 -0.00000 -9.78366 -0.05683 0.99838 0.00000 0.01108 0.00000 -0.00000 1.00000 0.00000
1564718066529443 0.99823 0.05946 -0.00000 -10.95465 -0.05946 0.99823 0.00000 -0.00124 0.00000 -0.00000 1.00000 0.00000
1564718066780102 0.99802 0.06286 -0.00000 -12.25669 -0.06286 0.99802 0.00000 0.07375 0.00000 -0.00000 1.00000 0.00000
1564718067031026 0.99782 0.06601 -0.00000 -13.60804 -0.06601 0.99782 0.00000 0.05379 0.00000 -0.00000 1.00000 0.00000
1564718067281601 0.99778 0.06653 -0.00000 -14.98500 -0.06653 0.99778 0.00000 0.08161 0.00000 -0.00000 1.00000 0.00000
1564718067532607 0.99756 0.06981 -0.00000 -16.49870 -0.06981 0.99756 0.00000 0.13319 0.00000 -0.00000 1.00000 0.00000
1564718067783895 0.99758 0.06956 -0.00000 -18.06551 -0.06956 0.99758 0.00000 0.11993 0.00000 -0.00000 1.00000 0.00000
1564718068034450 0.99737 0.07244 -0.00000 -19.66882 -0.07244 0.99737 0.00000 0.12641 0.00000 -0.00000 1.00000 0.00000
1564718068285200 0.99759 0.06942 -0.00000 -21.37573 -0.06942 0.99759 0.00000 0.05290 0.00000 -0.00000 1.00000 0.00000
1564718068536768 0.99773 0.06730 -0.00000 -23.14450 -0.06730 0.99773 0.00000 0.02912 0.00000 -0.00000 1.00000 0.00000
1564718068787068 0.99802 0.06286 -0.00000 -24.96848 -0.06286 0.99802 0.00000 -0.05135 0.00000 -0.00000 1.00000 0.00000
1564718069037566 0.99822 0.05966 -0.00000 -26.85919 -0.05966 0.99822 0.00000 -0.14475 0.00000 -0.00000 1.00000 0.00000
1564718069288272 0.99857 0.05345 -0.00000 -28.78576 -0.05345 0.99857 0.00000 -0.27969 0.00000 -0.00000 1.00000 0.00000
1564718069538701 0.99863 0.05228 -0.00000 -30.80133 -0.05228 0.99863 0.00000 -0.32663 0.00000 -0.00000 1.00000 0.00000
1564718069789653 0.99867 0.05164 -0.00000 -32.87391 -0.05164 0.99867 0.00000 -0.30323 0.00000 -0.00000 1.00000 0.00000
1564718070040274 0.99863 0.05225 -0.00000 -35.01253 -0.05225 0.99863 0.00000 -0.33192 0.00000 -0.00000 1.00000 0.00000
1564718070290894 0.99859 0.05315 -0.00000 -37.20424 -0.05315 0.99859 0.00000 -0.26482 0.00000 -0.00000 1.00000 0.00000
1564718070541490 0.99851 0.05451 -0.00000 -39.45997 -0.05451 0.99851 0.00000 -0.20390 0.00000 -0.00000 1.00000 0.00000
1564718070792569 0.99837 0.05706 -0.00000 -41.75144 -0.05706 0.99837 0.00000 -0.10579 0.00000 -0.00000 1.00000 0.00000
1564718071043130 0.99804 0.06253 -0.00000 -44.08427 -0.06253 0.99804 0.00000 0.14706 0.00000 -0.00000 1.00000 0.00000
1564718071294492 0.99746 0.07125 -0.00000 -46.51476 -0.07125 0.99746 0.00000 0.53825 0.00000 -0.00000 1.00000 0.00000
1564718071544659 0.99687 0.07902 -0.00000 -48.96292 -0.07902 0.99687 0.00000 0.91690 0.00000 -0.00000 1.00000 0.00000
1564718071794910 0.99615 0.08767 -0.00000 -51.42736 -0.08767 0.99615 0.00000 1.34090 0.00000 -0.00000 1.00000 0.00000
1564718072045313 0.99494 0.10043 -0.00000 -53.98693 -0.10043 0.99494 0.00000 1.97572 0.00000 -0.00000 1.00000 0.00000
1564718072295742 0.99367 0.11236 -0.00000 -56.55237 -0.11236 0.99367 0.00000 2.62870 0.00000 -0.00000 1.00000 0.00000
1564718072545539 0.99210 0.12543 -0.00000 -59.22597 -0.12543 0.99210 0.00000 3.34078 0.00000 -0.00000 1.00000 0.00000
1564718072796155 0.99039 0.13832 -0.00000 -61.85049 -0.13832 0.99039 0.00000 4.12415 0.00000 -0.00000 1.00000 0.00000
1564718073048253 0.98891 0.14849 -0.00000 -64.53152 -0.14849 0.98891 0.00000 4.73742 0.00000 -0.00000 1.00000 0.00000
1564718073299128 0.98778 0.15584 -0.00000 -67.28162 -0.15584 0.98778 0.00000 5.17769 0.00000 -0.00000 1.00000 0.00000
1564718073550171 0.98705 0.16040 -0.00000 -70.10689 -0.16040 0.98705 0.00000 5.49511 0.00000 -0.00000 1.00000 0.00000
1564718073800215 0.98693 0.16116 -0.00000 -73.00662 -0.16116 0.98693 0.00000 5.57834 0.00000 -0.00000 1.00000 0.00000
1564718074050237 0.98690 0.16135 -0.00000 -75.93928 -0.16135 0.98690 0.00000 5.56629 0.00000 -0.00000 1.00000 0.00000
1564718074301135 0.98794 0.15484 -0.00000 -79.01534 -0.15484 0.98794 0.00000 5.10167 0.00000 -0.00000 1.00000 0.00000
1564718074551084 0.98839 0.15191 -0.00000 -82.00987 -0.15191 0.98839 0.00000 4.92586 0.00000 -0.00000 1.00000 0.00000
1564718074801932 0.99006 0.14063 -0.00000 -85.20205 -0.14063 0.99006 0.00000 4.01875 0.00000 -0.00000 1.00000 0.00000
1564718075052888 0.99051 0.13745 -0.00000 -88.31212 -0.13745 0.99051 0.00000 3.73864 0.00000 -0.00000 1.00000 0.00000
1564718075302085 0.99137 0.13108 -0.00000 -91.50777 -0.13108 0.99137 0.00000 3.15904 0.00000 -0.00000 1.00000 0.00000
1564718075552626 0.99195 0.12663 -0.00000 -94.72248 -0.12663 0.99195 0.00000 2.83668 0.00000 -0.00000 1.00000 0.00000
1564718075803334 0.99244 0.12276 -0.00000 -97.90177 -0.12276 0.99244 0.00000 2.42878 0.00000 -0.00000 1.00000 0.00000
1564718076053995 0.99283 0.11953 -0.00000 -101.10028 -0.11953 0.99283 0.00000 2.14751 0.00000 -0.00000 1.00000 0.00000
1564718076303805 0.99294 0.11861 -0.00000 -104.29558 -0.11861 0.99294 0.00000 2.01030 0.00000 -0.00000 1.00000 0.00000
1564718076555029 0.99341 0.11458 -0.00000 -107.57799 -0.11458 0.99341 0.00000 1.54097 0.00000 -0.00000 1.00000 0.00000
1564718076805964 0.99326 0.11587 -0.00000 -110.70160 -0.11587 0.99326 0.00000 1.71946 0.00000 -0.00000 1.00000 0.00000
1564718077055969 0.99365 0.11254 -0.00000 -113.91265 -0.11254 0.99365 0.00000 1.32515 0.00000 -0.00000 1.00000 0.00000
1564718077305530 0.99398 0.10958 -0.00000 -117.00976 -0.10958 0.99398 0.00000 1.00260 0.00000 -0.00000 1.00000 0.00000
1564718077557178 0.99423 0.10730 -0.00000 -120.14607 -0.10730 0.99423 0.00000 0.65661 0.00000 -0.00000 1.00000 0.00000
1564718077807365 0.99429 0.10667 -0.00000 -123.29623 -0.10667 0.99429 0.00000 0.60080 0.00000 -0.00000 1.00000 0.00000
1564718078058083 0.99406 0.10885 -0.00000 -126.45719 -0.10885 0.99406 0.00000 0.90025 0.00000 -0.00000 1.00000 0.00000
1564718078308250 0.99388 0.11043 -0.00000 -129.57746 -0.11043 0.99388 0.00000 1.05906 0.00000 -0.00000 1.00000 0.00000
1564718078559032 0.99378 0.11132 -0.00000 -132.70314 -0.11132 0.99378 0.00000 1.19685 0.00000 -0.00000 1.00000 0.00000
1564718078809561 0.99378 0.11133 -0.00000 -135.81474 -0.11133 0.99378 0.00000 1.18860 0.00000 -0.00000 1.00000 0.00000
1564718079060613 0.99395 0.10979 -0.00000 -138.95027 -0.10979 0.99395 0.00000 0.96706 0.00000 -0.00000 1.00000 0.00000
1564718079310959 0.99416 0.10794 -0.00000 -142.07423 -0.10794 0.99416 0.00000 0.69219 0.00000 -0.00000 1.00000 0.00000
1564718079561567 0.99429 0.10671 -0.00000 -145.17887 -0.10671 0.99429 0.00000 0.51025 0.00000 -0.00000 1.00000 0.00000
1564718079812150 0.99442 0.10550 -0.00000 -148.29322 -0.10550 0.99442 0.00000 0.34534 0.00000 -0.00000 1.00000 0.00000
1564718080062783 0.99420 0.10752 -0.00000 -151.42533 -0.10752 0.99420 0.00000 0.65027 0.00000 -0.00000 1.00000 0.00000
1564718080313697 0.99429 0.10676 -0.00000 -154.56420 -0.10676 0.99429 0.00000 0.48313 0.00000 -0.00000 1.00000 0.00000
1564718080564076 0.99446 0.10512 -0.00000 -157.65378 -0.10512 0.99446 0.00000 0.24391 0.00000 -0.00000 1.00000 0.00000
1564718080814351 0.99483 0.10158 -0.00000 -160.76122 -0.10158 0.99483 0.00000 -0.33857 0.00000 -0.00000 1.00000 0.00000
1564718081064446 0.99496 0.10027 -0.00000 -163.86693 -0.10027 0.99496 0.00000 -0.53704 0.00000 -0.00000 1.00000 0.00000
1564718081315381 0.99492 0.10068 -0.00000 -166.93093 -0.10068 0.99492 0.00000 -0.48958 0.00000 -0.00000 1.00000 0.00000
1564718081566143 0.99482 0.10170 -0.00000 -170.06615 -0.10170 0.99482 0.00000 -0.29612 0.00000 -0.00000 1.00000 0.00000
1564718081815273 0.99479 0.10195 -0.00000 -173.11735 -0.10195 0.99479 0.00000 -0.26062 0.00000 -0.00000 1.00000 0.00000
1564718082065743 0.99469 0.10296 -0.00000 -176.24729 -0.10296 0.99469 0.00000 -0.11200 0.00000 -0.00000 1.00000 0.00000
1564718082319254 0.99475 0.10236 -0.00000 -179.36491 -0.10236 0.99475 0.00000 -0.22716 0.00000 -0.00000 1.00000 0.00000
1564718082567655 0.99455 0.10426 -0.00000 -182.44721 -0.10426 0.99455 0.00000 0.12547 0.00000 -0.00000 1.00000 0.00000
1564718082818233 0.99470 0.10279 -0.00000 -185.58340 -0.10279 0.99470 0.00000 -0.12739 0.00000 -0.00000 1.00000 0.00000
1564718083068899 0.99453 0.10443 -0.00000 -188.70094 -0.10443 0.99453 0.00000 0.15600 0.00000 -0.00000 1.00000 0.00000
1564718083319443 0.99478 0.10206 -0.00000 -191.84533 -0.10206 0.99478 0.00000 -0.32042 0.00000 -0.00000 1.00000 0.00000
1564718083569041 0.99511 0.09877 -0.00000 -194.91074 -0.09877 0.99511 0.00000 -1.04863 0.00000 -0.00000 1.00000 0.00000
1564718083820122 0.99517 0.09817 -0.00000 -198.06915 -0.09817 0.99517 0.00000 -1.10915 0.00000 -0.00000 1.00000 0.00000
1564718084070321 0.99532 0.09668 -0.00000 -201.17360 -0.09668 0.99532 0.00000 -1.43801 0.00000 -0.00000 1.00000 0.00000
1564718084320495 0.99541 0.09569 -0.00000 -204.33559 -0.09569 0.99541 0.00000 -1.68231 0.00000 -0.00000 1.00000 0.00000
1564718084571461 0.99515 0.09841 -0.00000 -207.49752 -0.09841 0.99515 0.00000 -1.15846 0.00000 -0.00000 1.00000 0.00000
1564718084821735 0.99504 0.09952 -0.00000 -210.66770 -0.09952 0.99504 0.00000 -0.98889 0.00000 -0.00000 1.00000 0.00000
1564718085071832 0.99489 0.10094 -0.00000 -213.80907 -0.10094 0.99489 0.00000 -0.68445 0.00000 -0.00000 1.00000 0.00000
1564718085322598 0.99501 0.09980 -0.00000 -216.98202 -0.09980 0.99501 0.00000 -0.93579 0.00000 -0.00000 1.00000 0.00000
1564718085572697 0.99505 0.09942 -0.00000 -220.09389 -0.09942 0.99505 0.00000 -1.03417 0.00000 -0.00000 1.00000 0.00000
1564718085822948 0.99519 0.09794 -0.00000 -223.24249 -0.09794 0.99519 0.00000 -1.32921 0.00000 -0.00000 1.00000 0.00000
1564718086073208 0.99522 0.09766 -0.00000 -226.32014 -0.09766 0.99522 0.00000 -1.44690 0.00000 -0.00000 1.00000 0.00000
1564718086323461 0.99565 0.09322 -0.00000 -229.39748 -0.09322 0.99565 0.00000 -2.46001 0.00000 -0.00000 1.00000 0.00000
1564718086573605 0.99583 0.09123 -0.00000 -232.47931 -0.09123 0.99583 0.00000 -2.89689 0.00000 -0.00000 1.00000 0.00000
1564718086823618 0.99642 0.08459 -0.00000 -235.47360 -0.08459 0.99642 0.00000 -4.49489 0.00000 -0.00000 1.00000 0.00000
1564718087073680 0.99639 0.08487 -0.00000 -238.53430 -0.08487 0.99639 0.00000 -4.41877 0.00000 -0.00000 1.00000 0.00000
1564718087324440 0.99630 0.08591 -0.00000 -241.56291 -0.08591 0.99630 0.00000 -4.22758 0.00000 -0.00000 1.00000 0.00000
1564718087574699 0.99618 0.08731 -0.00000 -244.60473 -0.08731 0.99618 0.00000 -3.93418 0.00000 -0.00000 1.00000 0.00000
1564718087824904 0.99594 0.09005 -0.00000 -247.69232 -0.09005 0.99594 0.00000 -3.25047 0.00000 -0.00000 1.00000 0.00000
1564718088074674 0.99601 0.08929 -0.00000 -250.79487 -0.08929 0.99601 0.00000 -3.48610 0.00000 -0.00000 1.00000 0.00000
1564718088325298 0.99589 0.09053 -0.00000 -253.79439 -0.09053 0.99589 0.00000 -3.19004 0.00000 -0.00000 1.00000 0.00000
1564718088575838 0.99561 0.09363 -0.00000 -256.83485 -0.09363 0.99561 0.00000 -2.43405 0.00000 -0.00000 1.00000 0.00000
1564718088825903 0.99499 0.09998 -0.00000 -259.92081 -0.09998 0.99499 0.00000 -0.72310 0.00000 -0.00000 1.00000 0.00000
1564718089076055 0.99456 0.10418 -0.00000 -262.98211 -0.10418 0.99456 0.00000 0.42537 0.00000 -0.00000 1.00000 0.00000
1564718089325792 0.99445 0.10519 -0.00000 -266.02505 -0.10519 0.99445 0.00000 0.63829 0.00000 -0.00000 1.00000 0.00000
1564718089579252 0.99425 0.10708 -0.00000 -269.01629 -0.10708 0.99425 0.00000 1.10767 0.00000 -0.00000 1.00000 0.00000
1564718089828377 0.99446 0.10514 -0.00000 -272.09382 -0.10514 0.99446 0.00000 0.65874 0.00000 -0.00000 1.00000 0.00000
1564718090077722 0.99479 0.10199 -0.00000 -275.03507 -0.10199 0.99479 0.00000 -0.25465 0.00000 -0.00000 1.00000 0.00000
1564718090329316 0.99514 0.09844 -0.00000 -278.01250 -0.09844 0.99514 0.00000 -1.23386 0.00000 -0.00000 1.00000 0.00000
1564718090578571 0.99528 0.09700 -0.00000 -280.94052 -0.09700 0.99528 0.00000 -1.63628 0.00000 -0.00000 1.00000 0.00000
1564718090827852 0.99539 0.09591 -0.00000 -283.84771 -0.09591 0.99539 0.00000 -1.93986 0.00000 -0.00000 1.00000 0.00000
1564718091078629 0.99543 0.09548 -0.00000 -286.80730 -0.09548 0.99543 0.00000 -2.11215 0.00000 -0.00000 1.00000 0.00000
1564718091329527 0.99550 0.09473 -0.00000 -289.73412 -0.09473 0.99550 0.00000 -2.33212 0.00000 -0.00000 1.00000 0.00000
1564718091579353 0.99551 0.09470 -0.00000 -292.62294 -0.09470 0.99551 0.00000 -2.37388 0.00000 -0.00000 1.00000 0.00000
1564718091829471 0.99551 0.09468 -0.00000 -295.55822 -0.09468 0.99551 0.00000 -2.31564 0.00000 -0.00000 1.00000 0.00000
1564718092079487 0.99558 0.09388 -0.00000 -298.49003 -0.09388 0.99558 0.00000 -2.60329 0.00000 -0.00000 1.00000 0.00000
1564718092329829 0.99568 0.09285 -0.00000 -301.43188 -0.09285 0.99568 0.00000 -2.86124 0.00000 -0.00000 1.00000 0.00000
1564718092580712 0.99569 0.09272 -0.00000 -304.34943 -0.09272 0.99569 0.00000 -2.95461 0.00000 -0.00000 1.00000 0.00000
1564718092830711 0.99562 0.09352 -0.00000 -307.32739 -0.09352 0.99562 0.00000 -2.68935 0.00000 -0.00000 1.00000 0.00000
1564718093081320 0.99571 0.09255 -0.00000 -310.29008 -0.09255 0.99571 0.00000 -2.93022 0.00000 -0.00000 1.00000 0.00000
1564718093331445 0.99566 0.09308 -0.00000 -313.32874 -0.09308 0.99566 0.00000 -2.83191 0.00000 -0.00000 1.00000 0.00000
1564718093582419 0.99540 0.09583 -0.00000 -316.36068 -0.09583 0.99540 0.00000 -1.95162 0.00000 -0.00000 1.00000 0.00000
1564718093832659 0.99548 0.09493 -0.00000 -319.40164 -0.09493 0.99548 0.00000 -2.30206 0.00000 -0.00000 1.00000 0.00000
1564718094083776 0.99546 0.09520 -0.00000 -322.47284 -0.09520 0.99546 0.00000 -2.18081 0.00000 -0.00000 1.00000 0.00000
1564718094333896 0.99544 0.09535 -0.00000 -325.58075 -0.09535 0.99544 0.00000 -2.15242 0.00000 -0.00000 1.00000 0.00000
1564718094583612 0.99518 0.09803 -0.00000 -328.68303 -0.09803 0.99518 0.00000 -1.35880 0.00000 -0.00000 1.00000 0.00000
1564718094834631 0.99515 0.09834 -0.00000 -331.86030 -0.09834 0.99515 0.00000 -1.25269 0.00000 -0.00000 1.00000 0.00000
1564718095085174 0.99525 0.09732 -0.00000 -335.03807 -0.09732 0.99525 0.00000 -1.56251 0.00000 -0.00000 1.00000 0.00000
1564718095335554 0.99522 0.09764 -0.00000 -338.28560 -0.09764 0.99522 0.00000 -1.45457 0.00000 -0.00000 1.00000 0.00000
1564718095585776 0.99500 0.09990 -0.00000 -341.57133 -0.09990 0.99500 0.00000 -0.70573 0.00000 -0.00000 1.00000 0.00000
1564718095835890 0.99496 0.10032 -0.00000 -344.86882 -0.10032 0.99496 0.00000 -0.57312 0.00000 -0.00000 1.00000 0.00000
1564718096085685 0.99505 0.09937 -0.00000 -348.16720 -0.09937 0.99505 0.00000 -0.87649 0.00000 -0.00000 1.00000 0.00000
1564718096335247 0.99493 0.10056 -0.00000 -351.48927 -0.10056 0.99493 0.00000 -0.51981 0.00000 -0.00000 1.00000 0.00000
1564718096585691 0.99476 0.10229 -0.00000 -354.86442 -0.10229 0.99476 0.00000 0.09759 0.00000 -0.00000 1.00000 0.00000
1564718096835677 0.99474 0.10243 -0.00000 -358.25972 -0.10243 0.99474 0.00000 0.09946 0.00000 -0.00000 1.00000 0.00000
1564718097086285 0.99467 0.10311 -0.00000 -361.71306 -0.10311 0.99467 0.00000 0.36036 0.00000 -0.00000 1.00000 0.00000
1564718097338807 0.99473 0.10253 -0.00000 -365.17025 -0.10253 0.99473 0.00000 0.14494 0.00000 -0.00000 1.00000 0.00000
1564718097588621 0.99484 0.10145 -0.00000 -368.66860 -0.10145 0.99484 0.00000 -0.22999 0.00000 -0.00000 1.00000 0.00000
1564718097838988 0.99497 0.10019 -0.00000 -372.15149 -0.10019 0.99497 0.00000 -0.68180 0.00000 -0.00000 1.00000 0.00000
1564718098089457 0.99504 0.09950 -0.00000 -375.71184 -0.09950 0.99504 0.00000 -0.93398 0.00000 -0.00000 1.00000 0.00000
1564718098340120 0.99513 0.09854 -0.00000 -379.25825 -0.09854 0.99513 0.00000 -1.30018 0.00000 -0.00000 1.00000 0.00000
1564718098590252 0.99516 0.09823 -0.00000 -382.81567 -0.09823 0.99516 0.00000 -1.46359 0.00000 -0.00000 1.00000 0.00000
1564718098840429 0.99528 0.09709 -0.00000 -386.40667 -0.09709 0.99528 0.00000 -1.84813 0.00000 -0.00000 1.00000 0.00000
1564718099090360 0.99556 0.09417 -0.00000 -390.05147 -0.09417 0.99556 0.00000 -2.99899 0.00000 -0.00000 1.00000 0.00000
1564718099340175 0.99543 0.09551 -0.00000 -393.66476 -0.09551 0.99543 0.00000 -2.45011 0.00000 -0.00000 1.00000 0.00000
1564718099590172 0.99522 0.09768 -0.00000 -397.31918 -0.09768 0.99522 0.00000 -1.64427 0.00000 -0.00000 1.00000 0.00000
1564718099840094 0.99522 0.09763 -0.00000 -400.95832 -0.09763 0.99522 0.00000 -1.63453 0.00000 -0.00000 1.00000 0.00000
1564718100090325 0.99526 0.09722 -0.00000 -404.54399 -0.09722 0.99526 0.00000 -1.86044 0.00000 -0.00000 1.00000 0.00000
1564718100340241 0.99549 0.09483 -0.00000 -408.19468 -0.09483 0.99549 0.00000 -2.86776 0.00000 -0.00000 1.00000 0.00000
1564718100590871 0.99545 0.09526 -0.00000 -411.78316 -0.09526 0.99545 0.00000 -2.62138 0.00000 -0.00000 1.00000 0.00000
1564718100841705 0.99513 0.09855 -0.00000 -415.41288 -0.09855 0.99513 0.00000 -1.24902 0.00000 -0.00000 1.00000 0.00000
1564718101091550 0.99477 0.10217 -0.00000 -419.02688 -0.10217 0.99477 0.00000 0.29888 0.00000 -0.00000 1.00000 0.00000
1564718101341893 0.99453 0.10449 -0.00000 -422.68027 -0.10449 0.99453 0.00000 1.24875 0.00000 -0.00000 1.00000 0.00000
1564718101591656 0.99450 0.10473 -0.00000 -426.31007 -0.10473 0.99450 0.00000 1.37506 0.00000 -0.00000 1.00000 0.00000
1564718101842633 0.99481 0.10176 -0.00000 -429.97455 -0.10176 0.99481 0.00000 0.06381 0.00000 -0.00000 1.00000 0.00000
1564718102093265 0.99485 0.10132 -0.00000 -433.60794 -0.10132 0.99485 0.00000 -0.05593 0.00000 -0.00000 1.00000 0.00000
1564718102342988 0.99482 0.10163 -0.00000 -437.30818 -0.10163 0.99482 0.00000 0.11245 0.00000 -0.00000 1.00000 0.00000
1564718102593682 0.99489 0.10097 -0.00000 -440.90799 -0.10097 0.99489 0.00000 -0.11041 0.00000 -0.00000 1.00000 0.00000
1564718102843575 0.99499 0.09994 -0.00000 -444.62483 -0.09994 0.99499 0.00000 -0.72796 0.00000 -0.00000 1.00000 0.00000
1564718103094153 0.99497 0.10020 -0.00000 -448.27811 -0.10020 0.99497 0.00000 -0.49813 0.00000 -0.00000 1.00000 0.00000
1564718103344428 0.99503 0.09959 -0.00000 -451.97003 -0.09959 0.99503 0.00000 -0.76567 0.00000 -0.00000 1.00000 0.00000
1564718103594763 0.99514 0.09850 -0.00000 -455.67008 -0.09850 0.99514 0.00000 -1.23736 0.00000 -0.00000 1.00000 0.00000
1564718103844791 0.99531 0.09670 -0.00000 -459.40037 -0.09670 0.99531 0.00000 -2.10856 0.00000 -0.00000 1.00000 0.00000
1564718104095305 0.99517 0.09813 -0.00000 -463.09391 -0.09813 0.99517 0.00000 -1.37794 0.00000 -0.00000 1.00000 0.00000
1564718104345651 0.99525 0.09735 -0.00000 -466.83796 -0.09735 0.99525 0.00000 -1.74704 0.00000 -0.00000 1.00000 0.00000
1564718104595311 0.99535 0.09634 -0.00000 -470.57014 -0.09634 0.99535 0.00000 -2.30368 0.00000 -0.00000 1.00000 0.00000
1564718104845231 0.99514 0.09847 -0.00000 -474.29461 -0.09847 0.99514 0.00000 -1.24849 0.00000 -0.00000 1.00000 0.00000
1564718105096130 0.99506 0.09932 -0.00000 -478.06497 -0.09932 0.99506 0.00000 -0.85623 0.00000 -0.00000 1.00000 0.00000
1564718105344976 0.99495 0.10039 -0.00000 -481.81128 -0.10039 0.99495 0.00000 -0.27459 0.00000 -0.00000 1.00000 0.00000
1564718105595309 0.99476 0.10225 -0.00000 -485.57976 -0.10225 0.99476 0.00000 0.57086 0.00000 -0.00000 1.00000 0.00000
1564718105845521 0.99459 0.10393 -0.00000 -489.33066 -0.10393 0.99459 0.00000 1.53160 0.00000 -0.00000 1.00000 0.00000
1564718106095346 0.99452 0.10452 -0.00000 -493.08096 -0.10452 0.99452 0.00000 1.78309 0.00000 -0.00000 1.00000 0.00000
1564718106345844 0.99458 0.10398 -0.00000 -496.82291 -0.10398 0.99458 0.00000 1.57146 0.00000 -0.00000 1.00000 0.00000
1564718106597320 0.99452 0.10458 -0.00000 -500.51785 -0.10458 0.99452 0.00000 1.78530 0.00000 -0.00000 1.00000 0.00000
1564718106846393 0.99454 0.10439 -0.00000 -504.20079 -0.10439 0.99454 0.00000 1.73252 0.00000 -0.00000 1.00000 0.00000
1564718107096755 0.99486 0.10126 -0.00000 -507.86195 -0.10126 0.99486 0.00000 0.11421 0.00000 -0.00000 1.00000 0.00000
1564718107347458 0.99470 0.10285 -0.00000 -511.50925 -0.10285 0.99470 0.00000 0.89082 0.00000 -0.00000 1.00000 0.00000
1564718107597650 0.99479 0.10198 -0.00000 -515.16004 -0.10198 0.99479 0.00000 0.36331 0.00000 -0.00000 1.00000 0.00000
1564718107847996 0.99490 0.10089 -0.00000 -518.79289 -0.10089 0.99490 0.00000 -0.23606 0.00000 -0.00000 1.00000 0.00000
1564718108097632 0.99497 0.10014 -0.00000 -522.38425 -0.10014 0.99497 0.00000 -0.63970 0.00000 -0.00000 1.00000 0.00000
1564718108348625 0.99485 0.10140 -0.00000 -526.01449 -0.10140 0.99485 0.00000 0.07727 0.00000 -0.00000 1.00000 0.00000
1564718108598717 0.99494 0.10043 -0.00000 -529.64035 -0.10043 0.99494 0.00000 -0.53087 0.00000 -0.00000 1.00000 0.00000
1564718108849719 0.99489 0.10097 -0.00000 -533.27362 -0.10097 0.99489 0.00000 -0.28230 0.00000 -0.00000 1.00000 0.00000
1564718109099146 0.99487 0.10121 -0.00000 -536.89179 -0.10121 0.99487 0.00000 -0.13385 0.00000 -0.00000 1.00000 0.00000
1564718109349239 0.99484 0.10148 -0.00000 -540.53004 -0.10148 0.99484 0.00000 -0.10499 0.00000 -0.00000 1.00000 0.00000
1564718109599730 0.99483 0.10157 -0.00000 -544.15554 -0.10157 0.99483 0.00000 0.05618 0.00000 -0.00000 1.00000 0.00000
1564718109849920 0.99465 0.10329 -0.00000 -547.75535 -0.10329 0.99465 0.00000 0.94165 0.00000 -0.00000 1.00000 0.00000
1564718110100171 0.99442 0.10550 -0.00000 -551.42762 -0.10550 0.99442 0.00000 2.18885 0.00000 -0.00000 1.00000 0.00000
1564718110350229 0.99451 0.10460 -0.00000 -555.02484 -0.10460 0.99451 0.00000 1.74326 0.00000 -0.00000 1.00000 0.00000
1564718110600179 0.99444 0.10535 -0.00000 -558.68685 -0.10535 0.99444 0.00000 2.18145 0.00000 -0.00000 1.00000 0.00000
1564718110850402 0.99446 0.10511 -0.00000 -562.32766 -0.10511 0.99446 0.00000 2.11290 0.00000 -0.00000 1.00000 0.00000
1564718111101025 0.99464 0.10340 -0.00000 -565.98886 -0.10340 0.99464 0.00000 1.14917 0.00000 -0.00000 1.00000 0.00000
1564718111351288 0.99470 0.10286 -0.00000 -569.65051 -0.10286 0.99470 0.00000 0.89718 0.00000 -0.00000 1.00000 0.00000
1564718111601180 0.99441 0.10563 -0.00000 -573.26831 -0.10563 0.99441 0.00000 2.49311 0.00000 -0.00000 1.00000 0.00000
1564718111851831 0.99461 0.10373 -0.00000 -576.92663 -0.10373 0.99461 0.00000 1.32981 0.00000 -0.00000 1.00000 0.00000
1564718112101965 0.99448 0.10489 -0.00000 -580.56536 -0.10489 0.99448 0.00000 2.08649 0.00000 -0.00000 1.00000 0.00000
1564718112352761 0.99446 0.10512 -0.00000 -584.24927 -0.10512 0.99446 0.00000 2.14054 0.00000 -0.00000 1.00000 0.00000
1564718112602635 0.99424 0.10718 -0.00000 -587.92933 -0.10718 0.99424 0.00000 3.48803 0.00000 -0.00000 1.00000 0.00000
1564718112852836 0.99445 0.10518 -0.00000 -591.66009 -0.10518 0.99445 0.00000 2.20732 0.00000 -0.00000 1.00000 0.00000
1564718113102900 0.99453 0.10442 -0.00000 -595.35301 -0.10442 0.99453 0.00000 1.78383 0.00000 -0.00000 1.00000 0.00000
1564718113352789 0.99473 0.10253 -0.00000 -599.08412 -0.10253 0.99473 0.00000 0.55752 0.00000 -0.00000 1.00000 0.00000
1564718113603547 0.99514 0.09844 -0.00000 -602.77463 -0.09844 0.99514 0.00000 -1.91967 0.00000 -0.00000 1.00000 0.00000
1564718113853662 0.99509 0.09899 -0.00000 -606.57491 -0.09899 0.99509 0.00000 -1.56606 0.00000 -0.00000 1.00000 0.00000
1564718114104783 0.99513 0.09857 -0.00000 -610.32292 -0.09857 0.99513 0.00000 -1.81901 0.00000 -0.00000 1.00000 0.00000
1564718114355226 0.99525 0.09736 -0.00000 -614.04530 -0.09736 0.99525 0.00000 -2.53997 0.00000 -0.00000 1.00000 0.00000
1564718114605424 0.99480 0.10185 -0.00000 -617.82596 -0.10185 0.99480 0.00000 0.24525 0.00000 -0.00000 1.00000 0.00000
1564718114855431 0.99475 0.10229 -0.00000 -621.58488 -0.10229 0.99475 0.00000 0.48260 0.00000 -0.00000 1.00000 0.00000
1564718115104820 0.99479 0.10197 -0.00000 -625.28606 -0.10197 0.99479 0.00000 0.28820 0.00000 -0.00000 1.00000 0.00000
1564718115355422 0.99467 0.10314 -0.00000 -629.05083 -0.10314 0.99467 0.00000 1.08613 0.00000 -0.00000 1.00000 0.00000
1564718115605529 0.99452 0.10457 -0.00000 -632.88984 -0.10457 0.99452 0.00000 2.00954 0.00000 -0.00000 1.00000 0.00000
1564718115856356 0.99488 0.10105 -0.00000 -636.65394 -0.10105 0.99488 0.00000 -0.12683 0.00000 -0.00000 1.00000 0.00000
1564718116108215 0.99509 0.09895 -0.00000 -640.45889 -0.09895 0.99509 0.00000 -1.47954 0.00000 -0.00000 1.00000 0.00000
1564718116357210 0.99518 0.09804 -0.00000 -644.26388 -0.09804 0.99518 0.00000 -2.04801 0.00000 -0.00000 1.00000 0.00000
1564718116608482 0.99514 0.09845 -0.00000 -648.06787 -0.09845 0.99514 0.00000 -1.78736 0.00000 -0.00000 1.00000 0.00000
1564718116857913 0.99529 0.09695 -0.00000 -651.83857 -0.09695 0.99529 0.00000 -2.74966 0.00000 -0.00000 1.00000 0.00000
1564718117108554 0.99500 0.09985 -0.00000 -655.57433 -0.09985 0.99500 0.00000 -0.79311 0.00000 -0.00000 1.00000 0.00000
1564718117359073 0.99487 0.10113 -0.00000 -659.35761 -0.10113 0.99487 0.00000 0.02425 0.00000 -0.00000 1.00000 0.00000
1564718117608849 0.99489 0.10097 -0.00000 -663.08605 -0.10097 0.99489 0.00000 -0.10671 0.00000 -0.00000 1.00000 0.00000
1564718117859533 0.99479 0.10193 -0.00000 -666.78955 -0.10193 0.99479 0.00000 0.47108 0.00000 -0.00000 1.00000 0.00000
1564718118110138 0.99456 0.10419 -0.00000 -670.49983 -0.10419 0.99456 0.00000 2.03179 0.00000 -0.00000 1.00000 0.00000
1564718118360203 0.99459 0.10391 -0.00000 -674.17115 -0.10391 0.99459 0.00000 1.87586 0.00000 -0.00000 1.00000 0.00000
1564718118609934 0.99468 0.10299 -0.00000 -677.95837 -0.10299 0.99468 0.00000 1.21400 0.00000 -0.00000 1.00000 0.00000
1564718118860242 0.99494 0.10051 -0.00000 -681.69864 -0.10051 0.99494 0.00000 -0.51868 0.00000 -0.00000 1.00000 0.00000
1564718119110846 0.99477 0.10216 -0.00000 -685.45208 -0.10216 0.99477 0.00000 0.65826 0.00000 -0.00000 1.00000 0.00000
1564718119361265 0.99518 0.09804 -0.00000 -689.18461 -0.09804 0.99518 0.00000 -2.18339 0.00000 -0.00000 1.00000 0.00000
1564718119611214 0.99491 0.10076 -0.00000 -692.91954 -0.10076 0.99491 0.00000 -0.27147 0.00000 -0.00000 1.00000 0.00000
1564718119861635 0.99475 0.10232 -0.00000 -696.74022 -0.10232 0.99475 0.00000 0.96070 0.00000 -0.00000 1.00000 0.00000
1564718120111288 0.99484 0.10145 -0.00000 -700.45350 -0.10145 0.99484 0.00000 0.36170 0.00000 -0.00000 1.00000 0.00000
1564718120362053 0.99515 0.09838 -0.00000 -704.14199 -0.09838 0.99515 0.00000 -1.77516 0.00000 -0.00000 1.00000 0.00000
1564718120612041 0.99494 0.10052 -0.00000 -707.89197 -0.10052 0.99494 0.00000 -0.31917 0.00000 -0.00000 1.00000 0.00000
1564718120861420 0.99508 0.09905 -0.00000 -711.64306 -0.09905 0.99508 0.00000 -1.35761 0.00000 -0.00000 1.00000 0.00000
1564718121112231 0.99512 0.09864 -0.00000 -715.36156 -0.09864 0.99512 0.00000 -1.59010 0.00000 -0.00000 1.00000 0.00000
1564718121362845 0.99513 0.09855 -0.00000 -719.12434 -0.09855 0.99513 0.00000 -1.69941 0.00000 -0.00000 1.00000 0.00000
1564718121612722 0.99519 0.09797 -0.00000 -722.82305 -0.09797 0.99519 0.00000 -2.06949 0.00000 -0.00000 1.00000 0.00000
1564718121864244 0.99512 0.09869 -0.00000 -726.54435 -0.09869 0.99512 0.00000 -1.56295 0.00000 -0.00000 1.00000 0.00000
1564718122112255 0.99513 0.09854 -0.00000 -730.30239 -0.09854 0.99513 0.00000 -1.70266 0.00000 -0.00000 1.00000 0.00000
1564718122362468 0.99517 0.09820 -0.00000 -733.99243 -0.09820 0.99517 0.00000 -1.94737 0.00000 -0.00000 1.00000 0.00000
1564718122612724 0.99544 0.09540 -0.00000 -737.69652 -0.09540 0.99544 0.00000 -4.04498 0.00000 -0.00000 1.00000 0.00000
1564718122862596 0.99561 0.09360 -0.00000 -741.43718 -0.09360 0.99561 0.00000 -5.27833 0.00000 -0.00000 1.00000 0.00000
1564718123112846 0.99567 0.09295 -0.00000 -745.13015 -0.09295 0.99567 0.00000 -5.82542 0.00000 -0.00000 1.00000 0.00000
1564718123363568 0.99580 0.09159 -0.00000 -748.80604 -0.09159 0.99580 0.00000 -6.84051 0.00000 -0.00000 1.00000 0.00000
1564718123613616 0.99558 0.09394 -0.00000 -752.58678 -0.09394 0.99558 0.00000 -5.06123 0.00000 -0.00000 1.00000 0.00000
1564718123863979 0.99573 0.09236 -0.00000 -756.33166 -0.09236 0.99573 0.00000 -6.21663 0.00000 -0.00000 1.00000 0.00000
1564718124114374 0.99552 0.09455 -0.00000 -760.04822 -0.09455 0.99552 0.00000 -4.56762 0.00000 -0.00000 1.00000 0.00000
1564718124364416 0.99573 0.09229 -0.00000 -763.74768 -0.09229 0.99573 0.00000 -6.26863 0.00000 -0.00000 1.00000 0.00000
1564718124614537 0.99581 0.09149 -0.00000 -767.46732 -0.09149 0.99581 0.00000 -6.90926 0.00000 -0.00000 1.00000 0.00000
1564718124864721 0.99583 0.09128 -0.00000 -771.24727 -0.09128 0.99583 0.00000 -7.06701 0.00000 -0.00000 1.00000 0.00000
1564718125114599 0.99581 0.09144 -0.00000 -774.93947 -0.09144 0.99581 0.00000 -6.94500 0.00000 -0.00000 1.00000 0.00000
1564718125365221 0.99582 0.09135 -0.00000 -778.69744 -0.09135 0.99582 0.00000 -6.93417 0.00000 -0.00000 1.00000 0.00000
1564718125615113 0.99595 0.08995 -0.00000 -782.42334 -0.08995 0.99595 0.00000 -8.09650 0.00000 -0.00000 1.00000 0.00000
1564718125866894 0.99610 0.08825 -0.00000 -786.10041 -0.08825 0.99610 0.00000 -9.34890 0.00000 -0.00000 1.00000 0.00000
1564718126116133 0.99609 0.08833 -0.00000 -789.84109 -0.08833 0.99609 0.00000 -9.34517 0.00000 -0.00000 1.00000 0.00000
1564718126368672 0.99560 0.09370 -0.00000 -793.61322 -0.09370 0.99560 0.00000 -4.90681 0.00000 -0.00000 1.00000 0.00000
1564718126618274 0.99574 0.09220 -0.00000 -797.40548 -0.09220 0.99574 0.00000 -6.09635 0.00000 -0.00000 1.00000 0.00000
1564718126867815 0.99569 0.09279 -0.00000 -801.12293 -0.09279 0.99569 0.00000 -5.59764 0.00000 -0.00000 1.00000 0.00000
1564718127117686 0.99600 0.08936 -0.00000 -804.81235 -0.08936 0.99600 0.00000 -8.30274 0.00000 -0.00000 1.00000 0.00000
1564718127367886 0.99595 0.08989 -0.00000 -808.55965 -0.08989 0.99595 0.00000 -7.85272 0.00000 -0.00000 1.00000 0.00000
1564718127618259 0.99590 0.09050 -0.00000 -812.31442 -0.09050 0.99590 0.00000 -7.32502 0.00000 -0.00000 1.00000 0.00000
1564718127868536 0.99607 0.08861 -0.00000 -816.01925 -0.08861 0.99607 0.00000 -8.86545 0.00000 -0.00000 1.00000 0.00000
1564718128118653 0.99608 0.08843 -0.00000 -819.78038 -0.08843 0.99608 0.00000 -9.04163 0.00000 -0.00000 1.00000 0.00000
1564718128368838 0.99602 0.08914 -0.00000 -823.51578 -0.08914 0.99602 0.00000 -8.29514 0.00000 -0.00000 1.00000 0.00000
1564718128618744 0.99624 0.08666 -0.00000 -827.18365 -0.08666 0.99624 0.00000 -10.40432 0.00000 -0.00000 1.00000 0.00000
1564718128868795 0.99609 0.08834 -0.00000 -830.97784 -0.08834 0.99609 0.00000 -9.04215 0.00000 -0.00000 1.00000 0.00000
1564718129119778 0.99597 0.08971 -0.00000 -834.80899 -0.08971 0.99597 0.00000 -7.79640 0.00000 -0.00000 1.00000 0.00000
1564718129370416 0.99598 0.08957 -0.00000 -838.56925 -0.08957 0.99598 0.00000 -7.87359 0.00000 -0.00000 1.00000 0.00000
1564718129620665 0.99586 0.09094 -0.00000 -842.32252 -0.09094 0.99586 0.00000 -6.72898 0.00000 -0.00000 1.00000 0.00000
1564718129870532 0.99592 0.09022 -0.00000 -846.03265 -0.09022 0.99592 0.00000 -7.30686 0.00000 -0.00000 1.00000 0.00000
1564718130120742 0.99581 0.09139 -0.00000 -849.82418 -0.09139 0.99581 0.00000 -6.30829 0.00000 -0.00000 1.00000 0.00000
1564718130370927 0.99598 0.08962 -0.00000 -853.54367 -0.08962 0.99598 0.00000 -7.80764 0.00000 -0.00000 1.00000 0.00000
1564718130620970 0.99587 0.09079 -0.00000 -857.21711 -0.09079 0.99587 0.00000 -6.83125 0.00000 -0.00000 1.00000 0.00000
1564718130871524 0.99609 0.08837 -0.00000 -860.98192 -0.08837 0.99609 0.00000 -8.91129 0.00000 -0.00000 1.00000 0.00000
1564718131121774 0.99598 0.08954 -0.00000 -864.76808 -0.08954 0.99598 0.00000 -7.81917 0.00000 -0.00000 1.00000 0.00000
1564718131371798 0.99591 0.09032 -0.00000 -868.48580 -0.09032 0.99591 0.00000 -7.12053 0.00000 -0.00000 1.00000 0.00000
1564718131621749 0.99607 0.08859 -0.00000 -872.15585 -0.08859 0.99607 0.00000 -8.60692 0.00000 -0.00000 1.00000 0.00000
1564718131871930 0.99632 0.08576 -0.00000 -875.91281 -0.08576 0.99632 0.00000 -11.00968 0.00000 -0.00000 1.00000 0.00000
1564718132121737 0.99608 0.08847 -0.00000 -879.67235 -0.08847 0.99608 0.00000 -8.59646 0.00000 -0.00000 1.00000 0.00000
1564718132372267 0.99632 0.08571 -0.00000 -883.35084 -0.08571 0.99632 0.00000 -11.08743 0.00000 -0.00000 1.00000 0.00000
1564718132622444 0.99620 0.08706 -0.00000 -887.06239 -0.08706 0.99620 0.00000 -9.87459 0.00000 -0.00000 1.00000 0.00000
1564718132873527 0.99640 0.08480 -0.00000 -890.73959 -0.08480 0.99640 0.00000 -11.88794 0.00000 -0.00000 1.00000 0.00000
1564718133123282 0.99654 0.08313 -0.00000 -894.37621 -0.08313 0.99654 0.00000 -13.46939 0.00000 -0.00000 1.00000 0.00000
1564718133373595 0.99653 0.08327 -0.00000 -898.05941 -0.08327 0.99653 0.00000 -13.34667 0.00000 -0.00000 1.00000 0.00000
1564718133624052 0.99652 0.08332 -0.00000 -901.78232 -0.08332 0.99652 0.00000 -13.30063 0.00000 -0.00000 1.00000 0.00000
1564718133873829 0.99645 0.08421 -0.00000 -905.45101 -0.08421 0.99645 0.00000 -12.46926 0.00000 -0.00000 1.00000 0.00000
1564718134124460 0.99625 0.08648 -0.00000 -909.19852 -0.08648 0.99625 0.00000 -10.37998 0.00000 -0.00000 1.00000 0.00000
1564718134374437 0.99669 0.08129 -0.00000 -912.79927 -0.08129 0.99669 0.00000 -15.12644 0.00000 -0.00000 1.00000 0.00000
1564718134625272 0.99666 0.08166 -0.00000 -916.51156 -0.08166 0.99666 0.00000 -14.77915 0.00000 -0.00000 1.00000 0.00000
1564718134875194 0.99660 0.08234 -0.00000 -920.22604 -0.08234 0.99660 0.00000 -14.25375 0.00000 -0.00000 1.00000 0.00000
1564718135124940 0.99707 0.07646 -0.00000 -923.81491 -0.07646 0.99707 0.00000 -19.52440 0.00000 -0.00000 1.00000 0.00000
1564718135374236 0.99700 0.07745 -0.00000 -927.54730 -0.07745 0.99700 0.00000 -18.64852 0.00000 -0.00000 1.00000 0.00000
1564718135624396 0.99704 0.07690 -0.00000 -931.21780 -0.07690 0.99704 0.00000 -19.11940 0.00000 -0.00000 1.00000 0.00000
1564718135874666 0.99691 0.07852 -0.00000 -934.94039 -0.07852 0.99691 0.00000 -17.60605 0.00000 -0.00000 1.00000 0.00000
1564718136124839 0.99677 0.08029 -0.00000 -938.64252 -0.08029 0.99677 0.00000 -15.85696 0.00000 -0.00000 1.00000 0.00000
1564718136375055 0.99694 0.07822 -0.00000 -942.32754 -0.07822 0.99694 0.00000 -17.83180 0.00000 -0.00000 1.00000 0.00000
1564718136625217 0.99690 0.07865 -0.00000 -945.97805 -0.07865 0.99690 0.00000 -17.41272 0.00000 -0.00000 1.00000 0.00000
1564718136875495 0.99710 0.07614 -0.00000 -949.61493 -0.07614 0.99710 0.00000 -19.80137 0.00000 -0.00000 1.00000 0.00000
1564718137127180 0.99726 0.07392 -0.00000 -953.24564 -0.07392 0.99726 0.00000 -21.84946 0.00000 -0.00000 1.00000 0.00000
1564718137377706 0.99731 0.07325 -0.00000 -956.89790 -0.07325 0.99731 0.00000 -22.45850 0.00000 -0.00000 1.00000 0.00000
1564718137628004 0.99745 0.07137 -0.00000 -960.56601 -0.07137 0.99745 0.00000 -24.14380 0.00000 -0.00000 1.00000 0.00000
1564718137876914 0.99755 0.06993 -0.00000 -964.10875 -0.06993 0.99755 0.00000 -25.58922 0.00000 -0.00000 1.00000 0.00000
1564718138128045 0.99767 0.06827 -0.00000 -967.79635 -0.06827 0.99767 0.00000 -27.16394 0.00000 -0.00000 1.00000 0.00000
1564718138377878 0.99799 0.06342 -0.00000 -971.31478 -0.06342 0.99799 0.00000 -31.87210 0.00000 -0.00000 1.00000 0.00000
1564718138628321 0.99841 0.05643 -0.00000 -974.75271 -0.05643 0.99841 0.00000 -38.66813 0.00000 -0.00000 1.00000 0.00000
1564718138878495 0.99869 0.05126 -0.00000 -978.21708 -0.05126 0.99869 0.00000 -43.76870 0.00000 -0.00000 1.00000 0.00000
1564718139128938 0.99903 0.04415 -0.00000 -981.61787 -0.04415 0.99903 0.00000 -50.78466 0.00000 -0.00000 1.00000 0.00000
1564718139379170 0.99938 0.03520 -0.00000 -984.71465 -0.03520 0.99938 0.00000 -59.59589 0.00000 -0.00000 1.00000 0.00000
1564718139629133 0.99951 0.03127 -0.00000 -988.14283 -0.03127 0.99951 0.00000 -63.44410 0.00000 -0.00000 1.00000 0.00000
1564718139879020 0.99979 0.02046 -0.00000 -991.09267 -0.02046 0.99979 0.00000 -74.17503 0.00000 -0.00000 1.00000 0.00000
1564718140129620 0.99994 0.01067 -0.00000 -994.00004 -0.01067 0.99994 0.00000 -83.94771 0.00000 -0.00000 1.00000 0.00000
1564718140379535 0.99999 0.00408 -0.00000 -997.03086 -0.00408 0.99999 0.00000 -90.50728 0.00000 -0.00000 1.00000 0.00000
1564718140629946 0.99998 -0.00688 0.00000 -999.65548 0.00688 0.99998 -0.00000 -101.41954 -0.00000 0.00000 1.00000 0.00000
1564718140880355 0.99993 -0.01195 0.00000 -1002.78994 0.01195 0.99993 -0.00000 -106.51400 -0.00000 0.00000 1.00000 0.00000
1564718141130159 0.99996 -0.00914 0.00000 -1006.72835 0.00914 0.99996 -0.00000 -103.56570 -0.00000 0.00000 1.00000 0.00000
1564718141380304 0.99995 -0.00990 0.00000 -1010.30864 0.00990 0.99995 -0.00000 -104.34440 -0.00000 0.00000 1.00000 0.00000
1564718141630023 0.99995 -0.00976 0.00000 -1013.96178 0.00976 0.99995 -0.00000 -104.21609 -0.00000 0.00000 1.00000 0.00000
1564718141880858 0.99994 -0.01129 0.00000 -1017.39918 0.01129 0.99994 -0.00000 -105.79249 -0.00000 0.00000 1.00000 0.00000
1564718142130892 0.99987 -0.01633 0.00000 -1020.50977 0.01633 0.99987 -0.00000 -110.86974 -0.00000 0.00000 1.00000 0.00000
1564718142380691 0.99979 -0.02068 0.00000 -1023.69035 0.02068 0.99979 -0.00000 -115.30787 -0.00000 0.00000 1.00000 0.00000
1564718142631350 0.99974 -0.02284 0.00000 -1027.06380 0.02284 0.99974 -0.00000 -117.53122 -0.00000 0.00000 1.00000 0.00000
1564718142881074 0.99968 -0.02524 0.00000 -1030.37748 0.02524 0.99968 -0.00000 -119.97155 -0.00000 0.00000 1.00000 0.00000
1564718143131211 0.99969 -0.02477 0.00000 -1034.07468 0.02477 0.99969 -0.00000 -119.52441 -0.00000 0.00000 1.00000 0.00000
1564718143381506 0.99969 -0.02494 0.00000 -1037.75130 0.02494 0.99969 -0.00000 -119.62866 -0.00000 0.00000 1.00000 0.00000
1564718143631752 0.99970 -0.02468 0.00000 -1041.37123 0.02468 0.99970 -0.00000 -119.38041 -0.00000 0.00000 1.00000 0.00000
1564718143881698 0.99972 -0.02366 0.00000 -1045.13044 0.02366 0.99972 -0.00000 -118.29045 -0.00000 0.00000 1.00000 0.00000
1564718144131908 0.99976 -0.02173 0.00000 -1048.98441 0.02173 0.99976 -0.00000 -116.22263 -0.00000 0.00000 1.00000 0.00000
1564718144381518 0.99980 -0.02023 0.00000 -1052.75957 0.02023 0.99980 -0.00000 -114.68879 -0.00000 0.00000 1.00000 0.00000
1564718144631488 0.99982 -0.01907 0.00000 -1056.55250 0.01907 0.99982 -0.00000 -113.49984 -0.00000 0.00000 1.00000 0.00000
1564718144881720 0.99984 -0.01774 0.00000 -1060.30439 0.01774 0.99984 -0.00000 -112.01030 -0.00000 0.00000 1.00000 0.00000
1564718145131868 0.99988 -0.01569 0.00000 -1064.15394 0.01569 0.99988 -0.00000 -109.89720 -0.00000 0.00000 1.00000 0.00000
1564718145382150 0.99985 -0.01754 0.00000 -1067.54915 0.01754 0.99985 -0.00000 -111.79905 -0.00000 0.00000 1.00000 0.00000
1564718145631911 0.99977 -0.02138 0.00000 -1070.71681 0.02138 0.99977 -0.00000 -115.99057 -0.00000 0.00000 1.00000 0.00000
1564718145882067 0.99968 -0.02540 0.00000 -1073.84867 0.02540 0.99968 -0.00000 -120.26553 -0.00000 0.00000 1.00000 0.00000
1564718146132449 0.99958 -0.02894 0.00000 -1077.00071 0.02894 0.99958 -0.00000 -124.10496 -0.00000 0.00000 1.00000 0.00000
1564718146381892 0.99947 -0.03255 0.00000 -1080.16907 0.03255 0.99947 -0.00000 -127.98072 -0.00000 0.00000 1.00000 0.00000
1564718146631951 0.99946 -0.03299 0.00000 -1083.70363 0.03299 0.99946 -0.00000 -128.49052 -0.00000 0.00000 1.00000 0.00000
1564718146881409 0.99946 -0.03272 0.00000 -1087.36044 0.03272 0.99946 -0.00000 -128.15067 -0.00000 0.00000 1.00000 0.00000
1564718147130484 0.99951 -0.03144 0.00000 -1091.08960 0.03144 0.99951 -0.00000 -126.76241 -0.00000 0.00000 1.00000 0.00000
1564718147380397 0.99950 -0.03173 0.00000 -1094.64352 0.03173 0.99950 -0.00000 -126.99416 -0.00000 0.00000 1.00000 0.00000
1564718147630362 0.99965 -0.02659 0.00000 -1098.85900 0.02659 0.99965 -0.00000 -121.36574 -0.00000 0.00000 1.00000 0.00000
