1567496044208661 1.00000 -0.00028 0.00000 -1.74560 0.00028 1.00000 -0.00000 0.04028 -0.00000 0.00000 1.00000 0.00000
1567496044458734 1.00000 -0.00010 0.00000 -2.16239 0.00010 1.00000 -0.00000 0.06908 -0.00000 0.00000 1.00000 0.00000
1567496044708736 1.00000 -0.00003 0.00000 -2.63828 0.00003 1.00000 -0.00000 0.03117 -0.00000 0.00000 1.00000 0.00000
1567496044958860 1.00000 -0.00280 0.00000 -3.16024 0.00280 1.00000 -0.00000 0.02555 -0.00000 0.00000 1.00000 0.00000
1567496045208898 1.00000 -0.00165 0.00000 -3.74159 0.00165 1.00000 -0.00000 0.02583 -0.00000 0.00000 1.00000 0.00000
1567496045458307 1.00000 -0.00170 0.00000 -4.34120 0.00170 1.00000 -0.00000 0.05252 -0.00000 0.00000 1.00000 0.00000
1567496045708609 1.00000 -0.00065 0.00000 -5.02364 0.00065 1.00000 -0.00000 0.04130 -0.00000 0.00000 1.00000 0.00000
1567496045958342 1.00000 0.00046 -0.00000 -5.71992 -0.00046 1.00000 0.00000 0.05051 0.00000 -0.00000 1.00000 -0.00000
1567496046208105 1.00000 0.00122 -0.00000 -6.49563 -0.00122 1.00000 0.00000 0.05593 0.00000 -0.00000 1.00000 -0.00000
1567496046458065 1.00000 0.00077 -0.00000 -7.27663 -0.00077 1.00000 0.00000 0.05510 0.00000 -0.00000 1.00000 -0.00000
1567496046708295 1.00000 0.00275 -0.00000 -8.08751 -0.00275 1.00000 0.00000 0.06033 0.00000 -0.00000 1.00000 -0.00000
1567496046957574 1.00000 0.00150 -0.00000 -8.94089 -0.00150 1.00000 0.00000 0.04181 0.00000 -0.00000 1.00000 -0.00000
1567496047208161 1.00000 0.00296 -0.00000 -9.86006 -0.00296 1.00000 0.00000 0.02054 0.00000 -0.00000 1.00000 0.00000
1567496047456982 1.00000 0.00260 -0.00000 -10.78626 -0.00260 1.00000 0.00000 0.02203 0.00000 -0.00000 1.00000 0.00000
1567496047706938 1.00000 0.00304 -0.00000 -11.76017 -0.00304 1.00000 0.00000 -0.00900 0.00000 -0.00000 1.00000 0.00000
1567496047956733 0.99999 0.00502 -0.00000 -12.75456 -0.00502 0.99999 0.00000 0.03020 0.00000 -0.00000 1.00000 0.00000
1567496048207905 0.99998 0.00660 -0.00000 -13.76578 -0.00660 0.99998 0.00000 0.06907 0.00000 -0.00000 1.00000 0.00000
1567496048456499 0.99998 0.00600 -0.00000 -14.81550 -0.00600 0.99998 0.00000 0.04016 0.00000 -0.00000 1.00000 0.00000
1567496048705706 0.99997 0.00708 -0.00000 -15.89290 -0.00708 0.99997 0.00000 0.06587 0.00000 -0.00000 1.00000 0.00000
1567496048955486 0.99999 0.00527 -0.00000 -17.01924 -0.00527 0.99999 0.00000 -0.00724 0.00000 -0.00000 1.00000 0.00000
1567496049205250 0.99998 0.00675 -0.00000 -18.13913 -0.00675 0.99998 0.00000 0.08862 0.00000 -0.00000 1.00000 0.00000
1567496049455491 0.99997 0.00762 -0.00000 -19.32876 -0.00762 0.99997 0.00000 0.05901 0.00000 -0.00000 1.00000 0.00000
1567496049704658 0.99997 0.00734 -0.00000 -20.43752 -0.00734 0.99997 0.00000 0.06115 0.00000 -0.00000 1.00000 0.00000
1567496049954843 0.99997 0.00809 -0.00000 -21.65337 -0.00809 0.99997 0.00000 0.07649 0.00000 -0.00000 1.00000 0.00000
1567496050204620 0.99997 0.00748 -0.00000 -22.85509 -0.00748 0.99997 0.00000 0.07240 0.00000 -0.00000 1.00000 0.00000
1567496050454180 0.99996 0.00945 -0.00000 -24.08361 -0.00945 0.99996 0.00000 0.13323 0.00000 -0.00000 1.00000 0.00000
1567496050703862 0.99988 0.01577 -0.00000 -25.29702 -0.01577 0.99988 0.00000 0.27580 0.00000 -0.00000 1.00000 0.00000
1567496050953311 0.99973 0.02324 -0.00000 -26.50035 -0.02324 0.99973 0.00000 0.42914 0.00000 -0.00000 1.00000 0.00000
1567496051203127 0.99940 0.03450 -0.00000 -27.69372 -0.03450 0.99940 0.00000 0.73416 0.00000 -0.00000 1.00000 0.00000
1567496051452110 0.99882 0.04867 -0.00000 -28.91127 -0.04867 0.99882 0.00000 1.10013 0.00000 -0.00000 1.00000 0.00000
1567496051702327 0.99806 0.06228 -0.00000 -30.09371 -0.06228 0.99806 0.00000 1.50855 0.00000 -0.00000 1.00000 0.00000
1567496051951662 0.99731 0.07336 -0.00000 -31.35613 -0.07336 0.99731 0.00000 1.79226 0.00000 -0.00000 1.00000 0.00000
1567496052201336 0.99648 0.08382 -0.00000 -32.56051 -0.08382 0.99648 0.00000 2.09484 0.00000 -0.00000 1.00000 0.00000
1567496052451203 0.99515 0.09837 -0.00000 -33.79285 -0.09837 0.99515 0.00000 2.60516 0.00000 -0.00000 1.00000 0.00000
1567496052700896 0.99418 0.10770 -0.00000 -35.03718 -0.10770 0.99418 0.00000 2.92484 0.00000 -0.00000 1.00000 0.00000
1567496052950250 0.99330 0.11556 -0.00000 -36.28334 -0.11556 0.99330 0.00000 3.21767 0.00000 -0.00000 1.00000 0.00000
1567496053200246 0.99289 0.11903 -0.00000 -37.54213 -0.11903 0.99289 0.00000 3.34118 0.00000 -0.00000 1.00000 0.00000
1567496053449597 0.99298 0.11828 -0.00000 -38.82892 -0.11828 0.99298 0.00000 3.32830 0.00000 -0.00000 1.00000 0.00000
1567496053699317 0.99298 0.11831 -0.00000 -40.14549 -0.11831 0.99298 0.00000 3.33093 0.00000 -0.00000 1.00000 0.00000
1567496053948891 0.99309 0.11736 -0.00000 -41.43684 -0.11736 0.99309 0.00000 3.29564 0.00000 -0.00000 1.00000 0.00000
1567496054198143 0.99326 0.11592 -0.00000 -42.77686 -0.11592 0.99326 0.00000 3.25227 0.00000 -0.00000 1.00000 0.00000
1567496054447792 0.99364 0.11261 -0.00000 -44.15672 -0.11261 0.99364 0.00000 3.12467 0.00000 -0.00000 1.00000 0.00000
1567496054697412 0.99371 0.11196 -0.00000 -45.50700 -0.11196 0.99371 0.00000 3.04902 0.00000 -0.00000 1.00000 0.00000
1567496054947386 0.99372 0.11185 -0.00000 -46.90266 -0.11185 0.99372 0.00000 3.08567 0.00000 -0.00000 1.00000 0.00000
1567496055196845 0.99350 0.11382 -0.00000 -48.29409 -0.11382 0.99350 0.00000 3.14208 0.00000 -0.00000 1.00000 0.00000
1567496055446536 0.99306 0.11757 -0.00000 -49.71623 -0.11757 0.99306 0.00000 3.36441 0.00000 -0.00000 1.00000 0.00000
1567496055696648 0.99253 0.12198 -0.00000 -51.14042 -0.12198 0.99253 0.00000 3.62533 0.00000 -0.00000 1.00000 0.00000
1567496055945897 0.99154 0.12983 -0.00000 -52.55579 -0.12983 0.99154 0.00000 3.96704 0.00000 -0.00000 1.00000 0.00000
1567496056195905 0.99041 0.13817 -0.00000 -54.01523 -0.13817 0.99041 0.00000 4.39327 0.00000 -0.00000 1.00000 0.00000
1567496056446224 0.98945 0.14485 -0.00000 -55.48072 -0.14485 0.98945 0.00000 4.75699 0.00000 -0.00000 1.00000 0.00000
1567496056694831 0.98813 0.15364 -0.00000 -56.96432 -0.15364 0.98813 0.00000 5.22644 0.00000 -0.00000 1.00000 0.00000
1567496056944880 0.98693 0.16117 -0.00000 -58.46581 -0.16117 0.98693 0.00000 5.67902 0.00000 -0.00000 1.00000 0.00000
1567496057194671 0.98578 0.16803 -0.00000 -59.94995 -0.16803 0.98578 0.00000 6.06272 0.00000 -0.00000 1.00000 0.00000
1567496057444230 0.98486 0.17332 -0.00000 -61.46614 -0.17332 0.98486 0.00000 6.38981 0.00000 -0.00000 1.00000 0.00000
1567496057693906 0.98333 0.18182 -0.00000 -62.93045 -0.18182 0.98333 0.00000 6.86327 0.00000 -0.00000 1.00000 0.00000
1567496057943012 0.98216 0.18806 -0.00000 -64.41133 -0.18806 0.98216 0.00000 7.26545 0.00000 -0.00000 1.00000 0.00000
1567496058192800 0.98103 0.19384 -0.00000 -65.89516 -0.19384 0.98103 0.00000 7.65892 0.00000 -0.00000 1.00000 0.00000
1567496058442061 0.98072 0.19542 -0.00000 -67.39181 -0.19542 0.98072 0.00000 7.74486 0.00000 -0.00000 1.00000 0.00000
1567496058691625 0.98078 0.19510 -0.00000 -68.87290 -0.19510 0.98078 0.00000 7.71021 0.00000 -0.00000 1.00000 0.00000
1567496058940870 0.98115 0.19326 -0.00000 -70.39316 -0.19326 0.98115 0.00000 7.54780 0.00000 -0.00000 1.00000 0.00000
1567496059190321 0.98128 0.19259 -0.00000 -71.87296 -0.19259 0.98128 0.00000 7.51673 0.00000 -0.00000 1.00000 0.00000
1567496059439084 0.98179 0.18996 -0.00000 -73.33324 -0.18996 0.98179 0.00000 7.32566 0.00000 -0.00000 1.00000 0.00000
1567496059689663 0.98231 0.18726 -0.00000 -74.77961 -0.18726 0.98231 0.00000 7.12726 0.00000 -0.00000 1.00000 0.00000
1567496059939374 0.98272 0.18511 -0.00000 -76.07853 -0.18511 0.98272 0.00000 6.95070 0.00000 -0.00000 1.00000 0.00000
1567496060187809 0.98346 0.18111 -0.00000 -77.39266 -0.18111 0.98346 0.00000 6.59845 0.00000 -0.00000 1.00000 0.00000
1567496060437407 0.98383 0.17909 -0.00000 -78.55291 -0.17909 0.98383 0.00000 6.48411 0.00000 -0.00000 1.00000 0.00000
1567496060686218 0.98417 0.17721 -0.00000 -79.67325 -0.17721 0.98417 0.00000 6.33465 0.00000 -0.00000 1.00000 0.00000
1567496060935536 0.98438 0.17603 -0.00000 -80.70417 -0.17603 0.98438 0.00000 6.25123 0.00000 -0.00000 1.00000 0.00000
1567496061184476 0.98472 0.17413 -0.00000 -81.65682 -0.17413 0.98472 0.00000 6.13853 0.00000 -0.00000 1.00000 0.00000
1567496061433868 0.98473 0.17408 -0.00000 -82.48785 -0.17408 0.98473 0.00000 6.12946 0.00000 -0.00000 1.00000 0.00000
1567496061682817 0.98479 0.17375 -0.00000 -83.23193 -0.17375 0.98479 0.00000 6.09136 0.00000 -0.00000 1.00000 0.00000
1567496061932278 0.98462 0.17471 -0.00000 -83.85136 -0.17471 0.98462 0.00000 6.18522 0.00000 -0.00000 1.00000 0.00000
1567496062181768 0.98471 0.17419 -0.00000 -84.40704 -0.17419 0.98471 0.00000 6.15150 0.00000 -0.00000 1.00000 0.00000
1567496062431678 0.98440 0.17595 -0.00000 -84.88006 -0.17595 0.98440 0.00000 6.28923 0.00000 -0.00000 1.00000 0.00000
1567496062680767 0.98404 0.17796 -0.00000 -85.25320 -0.17796 0.98404 0.00000 6.41289 0.00000 -0.00000 1.00000 0.00000
1567496062930851 0.98387 0.17889 -0.00000 -85.62753 -0.17889 0.98387 0.00000 6.52952 0.00000 -0.00000 1.00000 0.00000
1567496063180257 0.98359 0.18043 -0.00000 -85.95652 -0.18043 0.98359 0.00000 6.60395 0.00000 -0.00000 1.00000 0.00000
1567496063430137 0.98336 0.18166 -0.00000 -86.31561 -0.18166 0.98336 0.00000 6.71067 0.00000 -0.00000 1.00000 0.00000
1567496063679618 0.98313 0.18293 -0.00000 -86.66527 -0.18293 0.98313 0.00000 6.84479 0.00000 -0.00000 1.00000 0.00000
1567496063929427 0.98279 0.18472 -0.00000 -87.01402 -0.18472 0.98279 0.00000 6.94563 0.00000 -0.00000 1.00000 0.00000
1567496064179168 0.98192 0.18931 -0.00000 -87.37476 -0.18931 0.98192 0.00000 7.39089 0.00000 -0.00000 1.00000 0.00000
1567496064428829 0.98067 0.19567 -0.00000 -87.76739 -0.19567 0.98067 0.00000 7.96141 0.00000 -0.00000 1.00000 0.00000
1567496064678126 0.97936 0.20214 -0.00000 -88.16254 -0.20214 0.97936 0.00000 8.52042 0.00000 -0.00000 1.00000 0.00000
1567496064928311 0.97766 0.21017 -0.00000 -88.59097 -0.21017 0.97766 0.00000 9.22549 0.00000 -0.00000 1.00000 0.00000
1567496065177498 0.97585 0.21843 -0.00000 -89.05734 -0.21843 0.97585 0.00000 9.97376 0.00000 -0.00000 1.00000 0.00000
1567496065427818 0.97346 0.22886 -0.00000 -89.58477 -0.22886 0.97346 0.00000 10.84380 0.00000 -0.00000 1.00000 0.00000
1567496065677899 0.97088 0.23955 -0.00000 -90.14216 -0.23955 0.97088 0.00000 11.83400 0.00000 -0.00000 1.00000 0.00000
1567496065927661 0.96753 0.25277 -0.00000 -90.69781 -0.25277 0.96753 0.00000 13.06093 0.00000 -0.00000 1.00000 0.00000
1567496066177316 0.96309 0.26917 -0.00000 -91.24670 -0.26917 0.96309 0.00000 14.58001 0.00000 -0.00000 1.00000 0.00000
1567496066427294 0.95803 0.28667 -0.00000 -91.82531 -0.28667 0.95803 0.00000 16.21461 0.00000 -0.00000 1.00000 0.00000
1567496066676715 0.95174 0.30691 -0.00000 -92.34315 -0.30691 0.95174 0.00000 18.15532 0.00000 -0.00000 1.00000 0.00000
1567496066926255 0.94472 0.32787 -0.00000 -92.86419 -0.32787 0.94472 0.00000 20.13151 0.00000 -0.00000 1.00000 0.00000
1567496067175966 0.93127 0.36432 -0.00000 -94.05443 -0.36432 0.93127 0.00000 23.62752 0.00000 -0.00000 1.00000 0.00000
1567496067676073 0.91503 0.40339 -0.00000 -94.10255 -0.40339 0.91503 0.00000 27.59061 0.00000 -0.00000 1.00000 0.00000
1567496067926080 0.90284 0.42998 -0.00000 -94.38582 -0.42998 0.90284 0.00000 30.28665 0.00000 -0.00000 1.00000 0.00000
1567496068175147 0.88965 0.45665 -0.00000 -94.61857 -0.45665 0.88965 0.00000 33.05384 0.00000 -0.00000 1.00000 0.00000
1567496068424728 0.87269 0.48827 -0.00000 -94.59473 -0.48827 0.87269 0.00000 36.40431 0.00000 -0.00000 1.00000 0.00000
1567496068674704 0.85353 0.52105 -0.00000 -94.41266 -0.52105 0.85353 0.00000 39.92862 0.00000 -0.00000 1.00000 0.00000
1567496068924480 0.83308 0.55316 -0.00000 -94.19508 -0.55316 0.83308 0.00000 43.44823 0.00000 -0.00000 1.00000 0.00000
1567496069174319 0.81156 0.58427 -0.00000 -93.86498 -0.58427 0.81156 0.00000 46.94028 0.00000 -0.00000 1.00000 0.00000
1567496069424627 0.78704 0.61690 -0.00000 -93.25102 -0.61690 0.78704 0.00000 50.69737 0.00000 -0.00000 1.00000 0.00000
1567496069674120 0.76287 0.64655 -0.00000 -92.68621 -0.64655 0.76287 0.00000 54.20113 0.00000 -0.00000 1.00000 0.00000
1567496069923495 0.74467 0.66744 -0.00000 -92.68883 -0.66744 0.74467 0.00000 56.72770 0.00000 -0.00000 1.00000 0.00000
1567496070173420 0.72863 0.68491 -0.00000 -92.83015 -0.68491 0.72863 0.00000 58.88580 0.00000 -0.00000 1.00000 0.00000
1567496070423567 0.71536 0.69876 -0.00000 -93.25563 -0.69876 0.71536 0.00000 60.60472 0.00000 -0.00000 1.00000 0.00000
1567496070673831 0.70636 0.70785 -0.00000 -94.08025 -0.70785 0.70636 0.00000 61.82298 0.00000 -0.00000 1.00000 0.00000
1567496070923353 0.70180 0.71237 -0.00000 -95.32111 -0.71237 0.70180 0.00000 62.44981 0.00000 -0.00000 1.00000 0.00000
1567496071173338 0.70250 0.71169 -0.00000 -97.08692 -0.71169 0.70250 0.00000 62.34515 0.00000 -0.00000 1.00000 0.00000
1567496071421800 0.70674 0.70747 -0.00000 -99.16821 -0.70747 0.70674 0.00000 61.73112 0.00000 -0.00000 1.00000 0.00000
1567496071671839 0.71157 0.70261 -0.00000 -101.32669 -0.70261 0.71157 0.00000 61.06393 0.00000 -0.00000 1.00000 0.00000
1567496071921655 0.71535 0.69877 -0.00000 -103.43658 -0.69877 0.71535 0.00000 60.50987 0.00000 -0.00000 1.00000 0.00000
1567496072171411 0.71877 0.69525 -0.00000 -105.56250 -0.69525 0.71877 0.00000 59.99472 0.00000 -0.00000 1.00000 0.00000
1567496072421113 0.72288 0.69097 -0.00000 -107.76805 -0.69097 0.72288 0.00000 59.37757 0.00000 -0.00000 1.00000 0.00000
1567496072670255 0.72645 0.68722 -0.00000 -109.93842 -0.68722 0.72645 0.00000 58.82291 0.00000 -0.00000 1.00000 0.00000
1567496072919958 0.72894 0.68457 -0.00000 -112.07141 -0.68457 0.72894 0.00000 58.39926 0.00000 -0.00000 1.00000 0.00000
1567496073169332 0.73174 0.68159 -0.00000 -114.25689 -0.68159 0.73174 0.00000 57.95366 0.00000 -0.00000 1.00000 0.00000
1567496073418366 0.73574 0.67726 -0.00000 -116.58318 -0.67726 0.73574 0.00000 57.30868 0.00000 -0.00000 1.00000 0.00000
1567496073668840 0.73851 0.67424 -0.00000 -118.82481 -0.67424 0.73851 0.00000 56.84272 0.00000 -0.00000 1.00000 0.00000
1567496073918408 0.74204 0.67035 -0.00000 -121.08889 -0.67035 0.74204 0.00000 56.16125 0.00000 -0.00000 1.00000 0.00000
1567496074167821 0.74626 0.66566 -0.00000 -123.46650 -0.66566 0.74626 0.00000 55.43462 0.00000 -0.00000 1.00000 0.00000
1567496074417463 0.75198 0.65918 -0.00000 -125.97305 -0.65918 0.75198 0.00000 54.36084 0.00000 -0.00000 1.00000 0.00000
1567496074666935 0.75994 0.65000 -0.00000 -128.68127 -0.65000 0.75994 0.00000 52.80228 0.00000 -0.00000 1.00000 0.00000
1567496074916070 0.76702 0.64162 -0.00000 -131.31509 -0.64162 0.76702 0.00000 51.39911 0.00000 -0.00000 1.00000 0.00000
1567496075165752 0.77856 0.62757 -0.00000 -134.32254 -0.62757 0.77856 0.00000 49.01032 0.00000 -0.00000 1.00000 0.00000
1567496075415834 0.78919 0.61416 -0.00000 -137.19456 -0.61416 0.78919 0.00000 46.67816 0.00000 -0.00000 1.00000 0.00000
1567496075665704 0.79817 0.60243 -0.00000 -139.96775 -0.60243 0.79817 0.00000 44.67865 0.00000 -0.00000 1.00000 0.00000
1567496075915003 0.80819 0.58893 -0.00000 -142.79688 -0.58893 0.80819 0.00000 42.32094 0.00000 -0.00000 1.00000 0.00000
1567496076164285 0.81786 0.57541 -0.00000 -145.60780 -0.57541 0.81786 0.00000 39.95379 0.00000 -0.00000 1.00000 0.00000
1567496076413865 0.82783 0.56097 -0.00000 -148.40657 -0.56097 0.82783 0.00000 37.38760 0.00000 -0.00000 1.00000 0.00000
1567496076663175 0.83904 0.54407 -0.00000 -151.25856 -0.54407 0.83904 0.00000 34.40525 0.00000 -0.00000 1.00000 0.00000
1567496076913315 0.85086 0.52539 -0.00000 -154.13015 -0.52539 0.85086 0.00000 31.02598 0.00000 -0.00000 1.00000 0.00000
1567496077162711 0.86497 0.50182 -0.00000 -157.02789 -0.50182 0.86497 0.00000 26.81031 0.00000 -0.00000 1.00000 0.00000
1567496077412134 0.87810 0.47848 -0.00000 -159.82345 -0.47848 0.87810 0.00000 22.61426 0.00000 -0.00000 1.00000 0.00000
1567496077661653 0.89066 0.45467 -0.00000 -162.48078 -0.45467 0.89066 0.00000 18.29882 0.00000 -0.00000 1.00000 0.00000
1567496077911286 0.90237 0.43095 -0.00000 -164.99695 -0.43095 0.90237 0.00000 14.01296 0.00000 -0.00000 1.00000 0.00000
1567496078161017 0.91353 0.40677 -0.00000 -167.42713 -0.40677 0.91353 0.00000 9.65626 0.00000 -0.00000 1.00000 0.00000
1567496078409966 0.92390 0.38263 -0.00000 -169.76110 -0.38263 0.92390 0.00000 5.25615 0.00000 -0.00000 1.00000 0.00000
1567496078660146 0.93192 0.36266 -0.00000 -171.88756 -0.36266 0.93192 0.00000 1.61078 0.00000 -0.00000 1.00000 0.00000
1567496078909901 0.93900 0.34392 -0.00000 -174.02047 -0.34392 0.93900 0.00000 -1.82443 0.00000 -0.00000 1.00000 0.00000
1567496079159659 0.94559 0.32536 -0.00000 -176.06403 -0.32536 0.94559 0.00000 -5.23787 0.00000 -0.00000 1.00000 0.00000
1567496079409416 0.95271 0.30387 -0.00000 -178.03269 -0.30387 0.95271 0.00000 -9.22166 0.00000 -0.00000 1.00000 0.00000
1567496079658533 0.95986 0.28047 -0.00000 -179.89177 -0.28047 0.95986 0.00000 -13.59646 0.00000 -0.00000 1.00000 0.00000
1567496079907638 0.96625 0.25760 -0.00000 -181.63280 -0.25760 0.96625 0.00000 -17.81376 0.00000 -0.00000 1.00000 0.00000
1567496080157855 0.97177 0.23592 -0.00000 -183.30518 -0.23592 0.97177 0.00000 -21.90410 0.00000 -0.00000 1.00000 0.00000
1567496080407781 0.97682 0.21404 -0.00000 -184.93684 -0.21404 0.97682 0.00000 -26.00253 0.00000 -0.00000 1.00000 0.00000
1567496080658690 0.98082 0.19492 -0.00000 -186.50969 -0.19492 0.98082 0.00000 -29.56373 0.00000 -0.00000 1.00000 0.00000
1567496080907506 0.98388 0.17884 -0.00000 -188.17503 -0.17884 0.98388 0.00000 -32.61818 0.00000 -0.00000 1.00000 0.00000
1567496081157219 0.98645 0.16408 -0.00000 -189.83646 -0.16408 0.98645 0.00000 -35.42635 0.00000 -0.00000 1.00000 0.00000
1567496081406925 0.98892 0.14844 -0.00000 -191.43094 -0.14844 0.98892 0.00000 -38.41087 0.00000 -0.00000 1.00000 0.00000
1567496081657171 0.99101 0.13379 -0.00000 -193.03583 -0.13379 0.99101 0.00000 -41.22834 0.00000 -0.00000 1.00000 0.00000
1567496081905471 0.99308 0.11747 -0.00000 -194.52230 -0.11747 0.99308 0.00000 -44.39159 0.00000 -0.00000 1.00000 0.00000
1567496082154706 0.99463 0.10350 -0.00000 -196.09409 -0.10350 0.99463 0.00000 -47.11437 0.00000 -0.00000 1.00000 0.00000
1567496082404332 0.99594 0.09004 -0.00000 -197.63853 -0.09004 0.99594 0.00000 -49.79476 0.00000 -0.00000 1.00000 0.00000
1567496082653810 0.99692 0.07847 -0.00000 -199.23824 -0.07847 0.99692 0.00000 -52.08265 0.00000 -0.00000 1.00000 0.00000
1567496082904078 0.99787 0.06518 -0.00000 -200.65342 -0.06518 0.99787 0.00000 -54.73510 0.00000 -0.00000 1.00000 0.00000
1567496083153689 0.99875 0.04997 -0.00000 -201.96711 -0.04997 0.99875 0.00000 -57.77485 0.00000 -0.00000 1.00000 0.00000
1567496083403225 0.99951 0.03140 -0.00000 -202.99517 -0.03140 0.99951 0.00000 -61.50224 0.00000 -0.00000 1.00000 0.00000
1567496083653160 0.99993 0.01164 -0.00000 -203.85201 -0.01164 0.99993 0.00000 -65.50108 0.00000 -0.00000 1.00000 0.00000
1567496083902332 0.99998 -0.00674 0.00000 -204.76019 0.00674 0.99998 -0.00000 -69.23225 -0.00000 0.00000 1.00000 0.00000
1567496084152166 0.99971 -0.02428 0.00000 -205.62883 0.02428 0.99971 -0.00000 -72.81183 -0.00000 0.00000 1.00000 0.00000
1567496084401368 0.99920 -0.04005 0.00000 -206.60786 0.04005 0.99920 -0.00000 -76.04950 -0.00000 0.00000 1.00000 0.00000
1567496084651279 0.99846 -0.05539 0.00000 -207.54341 0.05539 0.99846 -0.00000 -79.18831 -0.00000 0.00000 1.00000 0.00000
1567496084900757 0.99733 -0.07307 0.00000 -208.29247 0.07307 0.99733 -0.00000 -82.85790 -0.00000 0.00000 1.00000 0.00000
1567496085150056 0.99612 -0.08800 0.00000 -209.15997 0.08800 0.99612 -0.00000 -85.93614 -0.00000 0.00000 1.00000 0.00000
1567496085399998 0.99464 -0.10339 0.00000 -209.99287 0.10339 0.99464 -0.00000 -89.13278 -0.00000 0.00000 1.00000 0.00000
1567496085648829 0.99313 -0.11704 0.00000 -210.92092 0.11704 0.99313 -0.00000 -92.04369 -0.00000 0.00000 1.00000 0.00000
1567496085897991 0.99175 -0.12821 0.00000 -212.04804 0.12821 0.99175 -0.00000 -94.38551 -0.00000 0.00000 1.00000 0.00000
1567496086147735 0.99013 -0.14012 0.00000 -213.05874 0.14012 0.99013 -0.00000 -96.89271 -0.00000 0.00000 1.00000 0.00000
1567496086397123 0.98812 -0.15370 0.00000 -213.89561 0.15370 0.98812 -0.00000 -99.81792 -0.00000 0.00000 1.00000 0.00000
1567496086646129 0.98570 -0.16851 0.00000 -214.57510 0.16851 0.98570 -0.00000 -103.02107 -0.00000 0.00000 1.00000 0.00000
1567496086895438 0.98273 -0.18504 0.00000 -215.00979 0.18504 0.98273 -0.00000 -106.61762 -0.00000 0.00000 1.00000 0.00000
1567496087145130 0.97976 -0.20015 0.00000 -215.53437 0.20015 0.97976 -0.00000 -109.94184 -0.00000 0.00000 1.00000 0.00000
1567496087394943 0.97570 -0.21912 0.00000 -215.57741 0.21912 0.97570 -0.00000 -114.06617 -0.00000 0.00000 1.00000 0.00000
1567496087643900 0.97163 -0.23649 0.00000 -215.68624 0.23649 0.97163 -0.00000 -117.84773 -0.00000 0.00000 1.00000 0.00000
1567496087893738 0.96796 -0.25112 0.00000 -216.05914 0.25112 0.96796 -0.00000 -121.04383 -0.00000 0.00000 1.00000 0.00000
1567496088143113 0.96443 -0.26435 0.00000 -216.58350 0.26435 0.96443 -0.00000 -124.00729 -0.00000 0.00000 1.00000 0.00000
1567496088392933 0.95933 -0.28230 0.00000 -216.43805 0.28230 0.95933 -0.00000 -128.02258 -0.00000 0.00000 1.00000 0.00000
1567496088642511 0.95293 -0.30319 0.00000 -215.77974 0.30319 0.95293 -0.00000 -132.67645 -0.00000 0.00000 1.00000 0.00000
1567496088892161 0.94386 -0.33034 0.00000 -214.03872 0.33034 0.94386 -0.00000 -138.80868 -0.00000 0.00000 1.00000 0.00000
1567496089141376 0.93447 -0.35605 0.00000 -212.32304 0.35605 0.93447 -0.00000 -144.59518 -0.00000 0.00000 1.00000 0.00000
1567496089391114 0.92383 -0.38281 0.00000 -210.28773 0.38281 0.92383 -0.00000 -150.61283 -0.00000 0.00000 1.00000 0.00000
1567496089640949 0.91178 -0.41068 0.00000 -207.79341 0.41068 0.91178 -0.00000 -156.93540 -0.00000 0.00000 1.00000 0.00000
1567496089891064 0.89982 -0.43626 0.00000 -205.44343 0.43626 0.89982 -0.00000 -162.69980 -0.00000 0.00000 1.00000 0.00000
1567496090140033 0.88598 -0.46372 0.00000 -202.58551 0.46372 0.88598 -0.00000 -168.94736 -0.00000 0.00000 1.00000 0.00000
1567496090389710 0.87209 -0.48935 0.00000 -199.75416 0.48935 0.87209 -0.00000 -174.78340 -0.00000 0.00000 1.00000 0.00000
1567496090639579 0.85785 -0.51391 0.00000 -196.90638 0.51391 0.85785 -0.00000 -180.35618 -0.00000 0.00000 1.00000 0.00000
1567496090888285 0.84580 -0.53350 0.00000 -194.84393 0.53350 0.84580 -0.00000 -184.81526 -0.00000 0.00000 1.00000 0.00000
1567496091138897 0.83536 -0.54971 0.00000 -193.41929 0.54971 0.83536 -0.00000 -188.58614 -0.00000 0.00000 1.00000 0.00000
1567496091388657 0.82577 -0.56400 0.00000 -192.24921 0.56400 0.82577 -0.00000 -191.84141 -0.00000 0.00000 1.00000 0.00000
1567496091637931 0.81507 -0.57936 0.00000 -190.74604 0.57936 0.81507 -0.00000 -195.39210 -0.00000 0.00000 1.00000 0.00000
1567496091887795 0.80479 -0.59356 0.00000 -189.42315 0.59356 0.80479 -0.00000 -198.72459 -0.00000 0.00000 1.00000 0.00000
1567496092136815 0.79389 -0.60806 0.00000 -187.90524 0.60806 0.79389 -0.00000 -202.21059 -0.00000 0.00000 1.00000 0.00000
1567496092385539 0.78355 -0.62133 0.00000 -186.50141 0.62133 0.78355 -0.00000 -205.29578 -0.00000 0.00000 1.00000 0.00000
1567496092635302 0.77156 -0.63616 0.00000 -184.58400 0.63616 0.77156 -0.00000 -208.72632 -0.00000 0.00000 1.00000 0.00000
1567496092884264 0.75784 -0.65244 0.00000 -182.16870 0.65244 0.75784 -0.00000 -212.60089 -0.00000 0.00000 1.00000 0.00000
1567496093133682 0.74283 -0.66948 0.00000 -179.30139 0.66948 0.74283 -0.00000 -216.68223 -0.00000 0.00000 1.00000 0.00000
1567496093383564 0.72891 -0.68461 0.00000 -176.85148 0.68461 0.72891 -0.00000 -220.30197 -0.00000 0.00000 1.00000 0.00000
1567496093633135 0.71711 -0.69696 0.00000 -175.08185 0.69696 0.71711 -0.00000 -223.25651 -0.00000 0.00000 1.00000 0.00000
1567496093882828 0.70608 -0.70813 0.00000 -173.58860 0.70813 0.70608 -0.00000 -225.97615 -0.00000 0.00000 1.00000 0.00000
1567496094132528 0.69798 -0.71612 0.00000 -173.03371 0.71612 0.69798 -0.00000 -227.95216 -0.00000 0.00000 1.00000 0.00000
1567496094381693 0.68860 -0.72515 0.00000 -172.06414 0.72515 0.68860 -0.00000 -230.20400 -0.00000 0.00000 1.00000 0.00000
1567496094630899 0.68024 -0.73299 0.00000 -171.44855 0.73299 0.68024 -0.00000 -232.16601 -0.00000 0.00000 1.00000 0.00000
1567496094880531 0.67519 -0.73764 0.00000 -171.83598 0.73764 0.67519 -0.00000 -233.28616 -0.00000 0.00000 1.00000 0.00000
1567496095130028 0.67229 -0.74029 0.00000 -172.92743 0.74029 0.67229 -0.00000 -234.02151 -0.00000 0.00000 1.00000 0.00000
1567496095379688 0.66968 -0.74265 0.00000 -174.15008 0.74265 0.66968 -0.00000 -234.72358 -0.00000 0.00000 1.00000 0.00000
1567496095628683 0.67022 -0.74216 0.00000 -176.24337 0.74216 0.67022 -0.00000 -234.56122 -0.00000 0.00000 1.00000 0.00000
1567496095878575 0.67342 -0.73926 0.00000 -179.20966 0.73926 0.67342 -0.00000 -233.87351 -0.00000 0.00000 1.00000 0.00000
1567496096128010 0.67982 -0.73337 0.00000 -183.15589 0.73337 0.67982 -0.00000 -232.29135 -0.00000 0.00000 1.00000 0.00000
1567496096377257 0.69091 -0.72294 0.00000 -188.58122 0.72294 0.69091 -0.00000 -229.41551 -0.00000 0.00000 1.00000 0.00000
1567496096626094 0.70363 -0.71056 0.00000 -194.52896 0.71056 0.70363 -0.00000 -226.10115 -0.00000 0.00000 1.00000 0.00000
1567496096875592 0.71839 -0.69564 0.00000 -201.10444 0.69564 0.71839 -0.00000 -221.99734 -0.00000 0.00000 1.00000 0.00000
1567496097124690 0.73380 -0.67937 0.00000 -207.86380 0.67937 0.73380 -0.00000 -217.38438 -0.00000 0.00000 1.00000 0.00000
1567496097374330 0.74999 -0.66145 0.00000 -214.95927 0.66145 0.74999 -0.00000 -212.35071 -0.00000 0.00000 1.00000 0.00000
1567496097623552 0.76710 -0.64153 0.00000 -222.31178 0.64153 0.76710 -0.00000 -206.67070 -0.00000 0.00000 1.00000 0.00000
1567496097873048 0.78320 -0.62177 0.00000 -229.35577 0.62177 0.78320 -0.00000 -200.96925 -0.00000 0.00000 1.00000 0.00000
1567496098122692 0.80111 -0.59851 0.00000 -237.01371 0.59851 0.80111 -0.00000 -194.17145 -0.00000 0.00000 1.00000 0.00000
1567496098371761 0.82019 -0.57210 0.00000 -245.04192 0.57210 0.82019 -0.00000 -186.37115 -0.00000 0.00000 1.00000 0.00000
1567496098621900 0.84197 -0.53952 0.00000 -254.04140 0.53952 0.84197 -0.00000 -176.67268 -0.00000 0.00000 1.00000 0.00000
1567496098870709 0.86232 -0.50636 0.00000 -262.56801 0.50636 0.86232 -0.00000 -166.71614 -0.00000 0.00000 1.00000 0.00000
1567496099120136 0.88443 -0.46666 0.00000 -271.70737 0.46666 0.88443 -0.00000 -154.61922 -0.00000 0.00000 1.00000 0.00000
1567496099369399 0.90613 -0.42301 0.00000 -280.83692 0.42301 0.90613 -0.00000 -141.24014 -0.00000 0.00000 1.00000 0.00000
1567496099619284 0.92604 -0.37741 0.00000 -289.37324 0.37741 0.92604 -0.00000 -127.11887 -0.00000 0.00000 1.00000 0.00000
1567496099868919 0.94488 -0.32741 0.00000 -297.65978 0.32741 0.94488 -0.00000 -111.46243 -0.00000 0.00000 1.00000 0.00000
1567496100118770 0.96065 -0.27778 0.00000 -304.94297 0.27778 0.96065 -0.00000 -95.87600 -0.00000 0.00000 1.00000 0.00000
1567496100369525 0.97329 -0.22958 0.00000 -311.26656 0.22958 0.97329 -0.00000 -80.60294 -0.00000 0.00000 1.00000 0.00000
1567496100618466 0.98178 -0.19000 0.00000 -316.23362 0.19000 0.98178 -0.00000 -67.96352 -0.00000 0.00000 1.00000 0.00000
1567496100868466 0.98687 -0.16149 0.00000 -320.00160 0.16149 0.98687 -0.00000 -58.79255 -0.00000 0.00000 1.00000 0.00000
1567496101117424 0.99072 -0.13595 0.00000 -323.34524 0.13595 0.99072 -0.00000 -50.55851 -0.00000 0.00000 1.00000 0.00000
1567496101366663 0.99389 -0.11039 0.00000 -326.51368 0.11039 0.99389 -0.00000 -42.22248 -0.00000 0.00000 1.00000 0.00000
1567496101616703 0.99614 -0.08773 0.00000 -329.36117 0.08773 0.99614 -0.00000 -34.78182 -0.00000 0.00000 1.00000 0.00000
1567496101866283 0.99743 -0.07168 0.00000 -331.87281 0.07168 0.99743 -0.00000 -29.50070 -0.00000 0.00000 1.00000 0.00000
1567496102116560 0.99826 -0.05905 0.00000 -334.25240 0.05905 0.99826 -0.00000 -25.30214 -0.00000 0.00000 1.00000 0.00000
1567496102365647 0.99874 -0.05011 0.00000 -336.49198 0.05011 0.99874 -0.00000 -22.29401 -0.00000 0.00000 1.00000 0.00000
1567496102615469 0.99879 -0.04911 0.00000 -338.53228 0.04911 0.99879 -0.00000 -21.99266 -0.00000 0.00000 1.00000 0.00000
1567496102864891 0.99879 -0.04913 0.00000 -340.60052 0.04913 0.99879 -0.00000 -22.00048 -0.00000 0.00000 1.00000 0.00000
1567496103114240 0.99862 -0.05260 0.00000 -342.57865 0.05260 0.99862 -0.00000 -23.19875 -0.00000 0.00000 1.00000 0.00000
1567496103363683 0.99842 -0.05627 0.00000 -344.53995 0.05627 0.99842 -0.00000 -24.46090 -0.00000 0.00000 1.00000 0.00000
1567496103612813 0.99819 -0.06021 0.00000 -346.52166 0.06021 0.99819 -0.00000 -25.79787 -0.00000 0.00000 1.00000 0.00000
1567496103862855 0.99790 -0.06484 0.00000 -348.50513 0.06484 0.99790 -0.00000 -27.38031 -0.00000 0.00000 1.00000 0.00000
1567496104112598 0.99775 -0.06706 0.00000 -350.55158 0.06706 0.99775 -0.00000 -28.14269 -0.00000 0.00000 1.00000 0.00000
1567496104361948 0.99749 -0.07086 0.00000 -352.55981 0.07086 0.99749 -0.00000 -29.43859 -0.00000 0.00000 1.00000 0.00000
1567496104611871 0.99738 -0.07231 0.00000 -354.65782 0.07231 0.99738 -0.00000 -29.95447 -0.00000 0.00000 1.00000 0.00000
1567496104861611 0.99710 -0.07614 0.00000 -356.66890 0.07614 0.99710 -0.00000 -31.30647 -0.00000 0.00000 1.00000 0.00000
1567496105111526 0.99697 -0.07774 0.00000 -358.78804 0.07774 0.99697 -0.00000 -31.88813 -0.00000 0.00000 1.00000 0.00000
1567496105360392 0.99676 -0.08041 0.00000 -360.84610 0.08041 0.99676 -0.00000 -32.89607 -0.00000 0.00000 1.00000 0.00000
1567496105610628 0.99693 -0.07836 0.00000 -363.10017 0.07836 0.99693 -0.00000 -32.14565 -0.00000 0.00000 1.00000 0.00000
1567496105860239 0.99708 -0.07631 0.00000 -365.36738 0.07631 0.99708 -0.00000 -31.34952 -0.00000 0.00000 1.00000 0.00000
1567496106110117 0.99735 -0.07278 0.00000 -367.69089 0.07278 0.99735 -0.00000 -30.03131 -0.00000 0.00000 1.00000 0.00000
1567496106359938 0.99760 -0.06926 0.00000 -370.02571 0.06926 0.99760 -0.00000 -28.67982 -0.00000 0.00000 1.00000 0.00000
1567496106609707 0.99775 -0.06709 0.00000 -372.28897 0.06709 0.99775 -0.00000 -27.88620 -0.00000 0.00000 1.00000 0.00000
1567496106858412 0.99793 -0.06431 0.00000 -374.62382 0.06431 0.99793 -0.00000 -26.83717 -0.00000 0.00000 1.00000 0.00000
1567496107108321 0.99839 -0.05671 0.00000 -377.05093 0.05671 0.99839 -0.00000 -23.86760 -0.00000 0.00000 1.00000 0.00000
1567496107359514 0.99894 -0.04593 0.00000 -379.53603 0.04593 0.99894 -0.00000 -19.87577 -0.00000 0.00000 1.00000 0.00000
1567496107607877 0.99916 -0.04090 0.00000 -381.91004 0.04090 0.99916 -0.00000 -17.90853 -0.00000 0.00000 1.00000 0.00000
1567496107856731 0.99942 -0.03409 0.00000 -384.30104 0.03409 0.99942 -0.00000 -15.33677 -0.00000 0.00000 1.00000 0.00000
1567496108107880 0.99953 -0.03060 0.00000 -386.62682 0.03060 0.99953 -0.00000 -13.98062 -0.00000 0.00000 1.00000 0.00000
1567496108356618 0.99968 -0.02544 0.00000 -389.00246 0.02544 0.99968 -0.00000 -11.99288 -0.00000 0.00000 1.00000 0.00000
1567496108606214 0.99982 -0.01884 0.00000 -391.35765 0.01884 0.99982 -0.00000 -9.39058 -0.00000 0.00000 1.00000 0.00000
1567496108855611 0.99988 -0.01533 0.00000 -393.67816 0.01533 0.99988 -0.00000 -8.04376 -0.00000 0.00000 1.00000 0.00000
1567496109105175 0.99991 -0.01308 0.00000 -395.91487 0.01308 0.99991 -0.00000 -7.10022 -0.00000 0.00000 1.00000 0.00000
1567496109354603 0.99996 -0.00931 0.00000 -398.20011 0.00931 0.99996 -0.00000 -5.67483 -0.00000 0.00000 1.00000 0.00000
1567496109604149 0.99996 -0.00890 0.00000 -400.41427 0.00890 0.99996 -0.00000 -5.46743 -0.00000 0.00000 1.00000 0.00000
1567496109853407 0.99996 -0.00938 0.00000 -402.61108 0.00938 0.99996 -0.00000 -5.68424 -0.00000 0.00000 1.00000 0.00000
1567496110103382 0.99996 -0.00861 0.00000 -404.79520 0.00861 0.99996 -0.00000 -5.35372 -0.00000 0.00000 1.00000 0.00000
1567496110352670 0.99995 -0.00951 0.00000 -407.03507 0.00951 0.99995 -0.00000 -5.81079 -0.00000 0.00000 1.00000 0.00000
1567496110601996 0.99997 -0.00784 0.00000 -409.21552 0.00784 0.99997 -0.00000 -5.07835 -0.00000 0.00000 1.00000 0.00000
1567496110851055 0.99998 -0.00600 0.00000 -411.45171 0.00600 0.99998 -0.00000 -4.25151 -0.00000 0.00000 1.00000 0.00000
1567496111101356 0.99994 -0.01053 0.00000 -413.59003 0.01053 0.99994 -0.00000 -6.19439 -0.00000 0.00000 1.00000 0.00000
1567496111350626 0.99997 -0.00795 0.00000 -415.82775 0.00795 0.99997 -0.00000 -5.11235 -0.00000 0.00000 1.00000 0.00000
1567496111600354 0.99993 -0.01198 0.00000 -417.98847 0.01198 0.99993 -0.00000 -6.78333 -0.00000 0.00000 1.00000 0.00000
1567496111850027 0.99994 -0.01130 0.00000 -420.19745 0.01130 0.99994 -0.00000 -6.55882 -0.00000 0.00000 1.00000 0.00000
1567496112099076 0.99993 -0.01222 0.00000 -422.35724 0.01222 0.99993 -0.00000 -6.99157 -0.00000 0.00000 1.00000 0.00000
1567496112348443 0.99995 -0.01046 0.00000 -424.52503 0.01046 0.99995 -0.00000 -6.15332 -0.00000 0.00000 1.00000 0.00000
1567496112598053 0.99996 -0.00871 0.00000 -426.67319 0.00871 0.99996 -0.00000 -5.45026 -0.00000 0.00000 1.00000 0.00000
1567496112847558 0.99997 -0.00795 0.00000 -428.80600 0.00795 0.99997 -0.00000 -5.12904 -0.00000 0.00000 1.00000 0.00000
1567496113097215 0.99998 -0.00671 0.00000 -430.89359 0.00671 0.99998 -0.00000 -4.61486 -0.00000 0.00000 1.00000 0.00000
1567496113346212 1.00000 -0.00176 0.00000 -433.00712 0.00176 1.00000 -0.00000 -2.45564 -0.00000 0.00000 1.00000 0.00000
1567496113595860 1.00000 0.00253 -0.00000 -435.07740 -0.00253 1.00000 0.00000 -0.58762 0.00000 -0.00000 1.00000 0.00000
1567496113844895 0.99998 0.00661 -0.00000 -437.15199 -0.00661 0.99998 0.00000 1.22262 0.00000 -0.00000 1.00000 0.00000
1567496114093853 0.99998 0.00669 -0.00000 -439.15362 -0.00669 0.99998 0.00000 1.25575 0.00000 -0.00000 1.00000 0.00000
1567496114343976 0.99994 0.01118 -0.00000 -441.16416 -0.01118 0.99994 0.00000 3.17210 0.00000 -0.00000 1.00000 0.00000
1567496114592980 0.99995 0.01014 -0.00000 -443.18964 -0.01014 0.99995 0.00000 2.76606 0.00000 -0.00000 1.00000 0.00000
1567496114842650 0.99993 0.01211 -0.00000 -445.12677 -0.01211 0.99993 0.00000 3.56843 0.00000 -0.00000 1.00000 0.00000
1567496115092437 0.99990 0.01391 -0.00000 -447.12153 -0.01391 0.99990 0.00000 4.36221 0.00000 -0.00000 1.00000 0.00000
1567496115341574 0.99988 0.01532 -0.00000 -449.07068 -0.01532 0.99988 0.00000 4.91083 0.00000 -0.00000 1.00000 0.00000
1567496115590983 0.99983 0.01820 -0.00000 -450.93560 -0.01820 0.99983 0.00000 6.18768 0.00000 -0.00000 1.00000 0.00000
1567496115840084 0.99989 0.01479 -0.00000 -452.85930 -0.01479 0.99989 0.00000 4.71434 0.00000 -0.00000 1.00000 0.00000
1567496116089399 0.99989 0.01512 -0.00000 -454.72415 -0.01512 0.99989 0.00000 4.87306 0.00000 -0.00000 1.00000 0.00000
1567496116339059 0.99993 0.01155 -0.00000 -456.62478 -0.01155 0.99993 0.00000 3.22177 0.00000 -0.00000 1.00000 0.00000
1567496116587775 0.99993 0.01181 -0.00000 -458.45643 -0.01181 0.99993 0.00000 3.28512 0.00000 -0.00000 1.00000 0.00000
1567496116836421 0.99995 0.01001 -0.00000 -460.20890 -0.01001 0.99995 0.00000 2.52455 0.00000 -0.00000 1.00000 0.00000
1567496117086189 0.99997 0.00788 -0.00000 -461.90890 -0.00788 0.99997 0.00000 1.54449 0.00000 -0.00000 1.00000 0.00000
1567496117335086 0.99998 0.00567 -0.00000 -463.56433 -0.00567 0.99998 0.00000 0.58879 0.00000 -0.00000 1.00000 0.00000
1567496117584271 1.00000 0.00162 -0.00000 -465.13726 -0.00162 1.00000 0.00000 -1.29455 0.00000 -0.00000 1.00000 0.00000
1567496117833397 0.99999 -0.00514 0.00000 -466.64515 0.00514 0.99999 -0.00000 -4.39585 -0.00000 0.00000 1.00000 0.00000
1567496118082946 0.99990 -0.01419 0.00000 -468.06654 0.01419 0.99990 -0.00000 -8.61391 -0.00000 0.00000 1.00000 0.00000
1567496118332578 0.99959 -0.02868 0.00000 -469.26953 0.02868 0.99959 -0.00000 -15.35499 -0.00000 0.00000 1.00000 0.00000
1567496118582155 0.99860 -0.05286 0.00000 -470.13151 0.05286 0.99860 -0.00000 -26.71778 -0.00000 0.00000 1.00000 0.00000
1567496118831140 0.99578 -0.09182 0.00000 -470.06089 0.09182 0.99578 -0.00000 -45.04892 -0.00000 0.00000 1.00000 0.00000
1567496119080578 0.98990 -0.14178 0.00000 -468.40946 0.14178 0.98990 -0.00000 -68.48912 -0.00000 0.00000 1.00000 0.00000
1567496119329474 0.97929 -0.20245 0.00000 -464.56295 0.20245 0.97929 -0.00000 -97.15232 -0.00000 0.00000 1.00000 0.00000
1567496119578972 0.96557 -0.26013 0.00000 -459.17871 0.26013 0.96557 -0.00000 -124.46781 -0.00000 0.00000 1.00000 0.00000
1567496119828534 0.94523 -0.32642 0.00000 -450.69334 0.32642 0.94523 -0.00000 -155.81558 -0.00000 0.00000 1.00000 0.00000
1567496120077921 0.91955 -0.39297 0.00000 -439.60235 0.39297 0.91955 -0.00000 -187.54249 -0.00000 0.00000 1.00000 0.00000
1567496120327163 0.88963 -0.45668 0.00000 -426.47557 0.45668 0.88963 -0.00000 -217.98559 -0.00000 0.00000 1.00000 0.00000
1567496120576319 0.85191 -0.52369 0.00000 -409.67221 0.52369 0.85191 -0.00000 -250.03952 -0.00000 0.00000 1.00000 0.00000
1567496120826270 0.80673 -0.59092 0.00000 -389.24842 0.59092 0.80673 -0.00000 -282.25969 -0.00000 0.00000 1.00000 0.00000
1567496121075563 0.75085 -0.66047 0.00000 -363.73899 0.66047 0.75085 -0.00000 -315.76378 -0.00000 0.00000 1.00000 0.00000
1567496121325034 0.68581 -0.72778 0.00000 -333.78237 0.72778 0.68581 -0.00000 -348.27038 -0.00000 0.00000 1.00000 0.00000
1567496121574013 0.61243 -0.79053 0.00000 -299.79805 0.79053 0.61243 -0.00000 -378.76148 -0.00000 0.00000 1.00000 0.00000
1567496121823226 0.52836 -0.84902 0.00000 -260.70236 0.84902 0.52836 -0.00000 -407.37748 -0.00000 0.00000 1.00000 0.00000
1567496122072827 0.44124 -0.89739 0.00000 -220.06163 0.89739 0.44124 -0.00000 -431.17314 -0.00000 0.00000 1.00000 0.00000
1567496122322117 0.34997 -0.93676 0.00000 -177.37965 0.93676 0.34997 -0.00000 -450.80294 -0.00000 0.00000 1.00000 0.00000
1567496122571555 0.27784 -0.96063 0.00000 -143.86499 0.96063 0.27784 -0.00000 -462.93875 -0.00000 0.00000 1.00000 0.00000
1567496122821083 0.22242 -0.97495 0.00000 -118.44759 0.97495 0.22242 -0.00000 -470.27246 -0.00000 0.00000 1.00000 0.00000
1567496123070229 0.18194 -0.98331 0.00000 -100.22062 0.98331 0.18194 -0.00000 -474.76800 -0.00000 0.00000 1.00000 0.00000
1567496123320171 0.15153 -0.98845 0.00000 -86.92155 0.98845 0.15153 -0.00000 -477.59189 -0.00000 0.00000 1.00000 0.00000
1567496123569899 0.13114 -0.99136 0.00000 -78.44313 0.99136 0.13114 -0.00000 -479.29085 -0.00000 0.00000 1.00000 0.00000
1567496123819142 0.11112 -0.99381 0.00000 -70.17716 0.99381 0.11112 -0.00000 -480.70477 -0.00000 0.00000 1.00000 0.00000
1567496124068886 0.09281 -0.99568 0.00000 -62.79554 0.99568 0.09281 -0.00000 -481.92532 -0.00000 0.00000 1.00000 0.00000
1567496124318467 0.07949 -0.99684 0.00000 -57.80538 0.99684 0.07949 -0.00000 -482.72382 -0.00000 0.00000 1.00000 0.00000
1567496124567914 0.06794 -0.99769 0.00000 -53.75645 0.99769 0.06794 -0.00000 -483.34816 -0.00000 0.00000 1.00000 0.00000
1567496124816799 0.05507 -0.99848 0.00000 -49.10816 0.99848 0.05507 -0.00000 -484.01025 -0.00000 0.00000 1.00000 0.00000
1567496125066788 0.04393 -0.99903 0.00000 -45.29595 0.99903 0.04393 -0.00000 -484.52742 -0.00000 0.00000 1.00000 0.00000
1567496125316423 0.03403 -0.99942 0.00000 -42.14955 0.99942 0.03403 -0.00000 -484.91000 -0.00000 0.00000 1.00000 0.00000
1567496125565309 0.02071 -0.99979 0.00000 -37.35742 0.99979 0.02071 -0.00000 -485.48510 -0.00000 0.00000 1.00000 0.00000
1567496125814692 0.00992 -0.99995 0.00000 -33.85569 0.99995 0.00992 -0.00000 -485.84707 -0.00000 0.00000 1.00000 0.00000
1567496126064926 -0.00060 -1.00000 0.00000 -30.47780 1.00000 -0.00060 0.00000 -486.15164 0.00000 0.00000 1.00000 0.00000
1567496126313932 -0.01056 -0.99994 0.00000 -27.42550 0.99994 -0.01056 0.00000 -486.44680 0.00000 0.00000 1.00000 0.00000
1567496126563326 -0.01834 -0.99983 0.00000 -25.44558 0.99983 -0.01834 0.00000 -486.61057 0.00000 0.00000 1.00000 0.00000
1567496126812995 -0.02275 -0.99974 0.00000 -25.14630 0.99974 -0.02275 0.00000 -486.74634 0.00000 0.00000 1.00000 0.00000
1567496127062752 -0.02657 -0.99965 0.00000 -25.19271 0.99965 -0.02657 0.00000 -486.82315 0.00000 0.00000 1.00000 0.00000
1567496127312321 -0.03020 -0.99954 0.00000 -25.32102 0.99954 -0.03020 0.00000 -486.94440 0.00000 0.00000 1.00000 0.00000
