0.973 0.229 0. -3.309 0.229 -0.973 0. 0.047 0. 0. -1. 0.
0.974 0.229 0. -3.309 0.229 -0.974 0. 0.047 0. 0. -1. 0.
0.974 0.229 0. -3.309 0.229 -0.974 0. 0.047 0. 0. -1. 0.
0.974 0.229 0. -3.309 0.229 -0.974 0. 0.047 0. 0. -1. 0.
0.974 0.229 0. -3.309 0.229 -0.974 0. 0.047 0. 0. -1. 0.
0.974 0.229 0. -3.309 0.229 -0.974 0. 0.047 0. 0. -1. 0.
0.974 0.229 0. -3.309 0.229 -0.974 0. 0.047 0. 0. -1. 0.
0.974 0.229 0. -3.309 0.229 -0.974 0. 0.047 0. 0. -1. 0.
0.974 0.229 0. -3.309 0.229 -0.974 0. 0.047 0. 0. -1. 0.
0.974 0.229 0. -3.309 0.229 -0.974 0. 0.047 0. 0. -1. 0.
0.974 0.229 0. -3.309 0.229 -0.974 0. 0.047 0. 0. -1. 0.
0.974 0.229 0. -3.309 0.229 -0.974 0. 0.047 0. 0. -1. 0.
0.974 0.229 0. -3.309 0.229 -0.974 0. 0.047 0. 0. -1. 0.
0.974 0.229 0. -3.309 0.229 -0.974 0. 0.047 0. 0. -1. 0.
0.974 0.229 0. -3.309 0.229 -0.974 0. 0.047 0. 0. -1. 0.
0.974 0.229 0. -3.309 0.229 -0.974 0. 0.047 0. 0. -1. 0.
0.974 0.229 0. -3.309 0.229 -0.974 0. 0.047 0. 0. -1. 0.
0.974 0.229 0. -3.309 0.229 -0.974 0. 0.047 0. 0. -1. 0.
0.974 0.229 0. -3.309 0.229 -0.974 0. 0.047 0. 0. -1. 0.
0.974 0.229 0. -3.309 0.229 -0.974 0. 0.047 0. 0. -1. 0.
0.974 0.229 0. -3.309 0.229 -0.974 0. 0.047 0. 0. -1. 0.
0.974 0.229 0. -3.309 0.229 -0.974 0. 0.047 0. 0. -1. 0.
0.974 0.229 0. -3.309 0.229 -0.974 0. 0.047 0. 0. -1. 0.
0.974 0.229 0. -3.309 0.229 -0.974 0. 0.047 0. 0. -1. 0.
0.974 0.229 0. -3.309 0.229 -0.974 0. 0.047 0. 0. -1. 0.
0.974 0.229 0. -3.309 0.229 -0.974 0. 0.047 0. 0. -1. 0.
0.974 0.229 0. -3.309 0.229 -0.974 0. 0.047 0. 0. -1. 0.
0.974 0.229 0. -3.309 0.229 -0.974 0. 0.047 0. 0. -1. 0.
0.974 0.229 0. -3.309 0.229 -0.974 0. 0.047 0. 0. -1. 0.
0.974 0.229 0. -3.309 0.229 -0.974 0. 0.047 0. 0. -1. 0.
0.974 0.229 0. -3.309 0.229 -0.974 0. 0.047 0. 0. -1. 0.
0.974 0.229 0. -3.309 0.229 -0.974 0. 0.047 0. 0. -1. 0.
0.974 0.229 0. -3.309 0.229 -0.974 0. 0.047 0. 0. -1. 0.
0.974 0.229 0. -3.309 0.229 -0.974 0. 0.047 0. 0. -1. 0.
0.974 0.229 0. -3.309 0.229 -0.974 0. 0.047 0. 0. -1. 0.
0.974 0.229 0. -3.309 0.229 -0.974 0. 0.047 0. 0. -1. 0.
0.974 0.229 0. -3.309 0.229 -0.974 0. 0.047 0. 0. -1. 0.
0.974 0.229 0. -3.309 0.229 -0.974 0. 0.047 0. 0. -1. 0.
0.974 0.229 0. -3.309 0.229 -0.974 0. 0.047 0. 0. -1. 0.
0.974 0.229 0. -3.309 0.229 -0.974 0. 0.047 0. 0. -1. 0.
0.974 0.229 0. -3.309 0.229 -0.974 0. 0.047 0. 0. -1. 0.
0.974 0.229 0. -3.309 0.229 -0.974 0. 0.047 0. 0. -1. 0.
0.974 0.229 0. -3.309 0.229 -0.974 0. 0.047 0. 0. -1. 0.
0.974 0.229 0. -3.309 0.229 -0.974 0. 0.047 0. 0. -1. 0.
0.974 0.229 0. -3.309 0.229 -0.974 0. 0.047 0. 0. -1. 0.
0.974 0.229 0. -3.309 0.229 -0.974 0. 0.047 0. 0. -1. 0.
0.974 0.229 0. -3.309 0.229 -0.974 0. 0.047 0. 0. -1. 0.
0.974 0.229 0. -3.309 0.229 -0.974 0. 0.047 0. 0. -1. 0.
0.974 0.229 0. -3.309 0.229 -0.974 0. 0.047 0. 0. -1. 0.
0.974 0.229 0. -3.309 0.229 -0.974 0. 0.047 0. 0. -1. 0.
0.974 0.229 0. -3.309 0.229 -0.974 0. 0.047 0. 0. -1. 0.
0.974 0.229 0. -3.309 0.229 -0.974 0. 0.047 0. 0. -1. 0.
0.974 0.229 0. -3.309 0.229 -0.974 0. 0.047 0. 0. -1. 0.
0.974 0.229 0. -3.309 0.229 -0.974 0. 0.047 0. 0. -1. 0.
0.974 0.229 0. -3.309 0.229 -0.974 0. 0.047 0. 0. -1. 0.
0.974 0.229 0. -3.309 0.229 -0.974 0. 0.047 0. 0. -1. 0.
0.974 0.229 0. -3.309 0.229 -0.974 0. 0.047 0. 0. -1. 0.
0.974 0.229 0. -3.309 0.229 -0.974 0. 0.047 0. 0. -1. 0.
0.974 0.229 0. -3.309 0.229 -0.974 0. 0.047 0. 0. -1. 0.
0.974 0.229 0. -3.309 0.229 -0.974 0. 0.047 0. 0. -1. 0.
0.974 0.229 0. -3.309 0.229 -0.974 0. 0.047 0. 0. -1. 0.
0.974 0.228 0. -3.309 0.228 -0.974 0. 0.047 0. 0. -1. 0.
0.974 0.228 0. -3.309 0.228 -0.974 0. 0.047 0. 0. -1. 0.
0.974 0.229 0. -3.309 0.229 -0.974 0. 0.047 0. 0. -1. 0.
0.974 0.229 0. -3.309 0.229 -0.974 0. 0.047 0. 0. -1. 0.
0.974 0.229 0. -3.309 0.229 -0.974 0. 0.047 0. 0. -1. 0.
0.974 0.229 0. -3.309 0.229 -0.974 0. 0.047 0. 0. -1. 0.
0.974 0.228 0. -3.309 0.228 -0.974 0. 0.047 0. 0. -1. 0.
0.974 0.228 0. -3.309 0.228 -0.974 0. 0.047 0. 0. -1. 0.
0.974 0.229 0. -3.309 0.229 -0.974 0. 0.047 0. 0. -1. 0.
0.974 0.229 0. -3.309 0.229 -0.974 0. 0.047 0. 0. -1. 0.
0.974 0.229 0. -3.309 0.229 -0.974 0. 0.047 0. 0. -1. 0.
0.974 0.229 0. -3.309 0.229 -0.974 0. 0.047 0. 0. -1. 0.
0.974 0.229 0. -3.309 0.229 -0.974 0. 0.047 0. 0. -1. 0.
0.974 0.229 0. -3.309 0.229 -0.974 0. 0.047 0. 0. -1. 0.
0.974 0.229 0. -3.309 0.229 -0.974 0. 0.047 0. 0. -1. 0.
0.974 0.229 0. -3.309 0.229 -0.974 0. 0.047 0. 0. -1. 0.
0.974 0.229 0. -3.309 0.229 -0.974 0. 0.047 0. 0. -1. 0.
0.974 0.229 0. -3.309 0.229 -0.974 0. 0.047 0. 0. -1. 0.
0.974 0.229 0. -3.309 0.229 -0.974 0. 0.047 0. 0. -1. 0.
0.974 0.229 0. -3.309 0.229 -0.974 0. 0.047 0. 0. -1. 0.
0.974 0.229 0. -3.309 0.229 -0.974 0. 0.047 0. 0. -1. 0.
0.974 0.229 0. -3.309 0.229 -0.974 0. 0.047 0. 0. -1. 0.
0.974 0.229 0. -3.309 0.229 -0.974 0. 0.047 0. 0. -1. 0.
0.974 0.229 0. -3.309 0.229 -0.974 0. 0.047 0. 0. -1. 0.
0.974 0.229 0. -3.309 0.229 -0.974 0. 0.047 0. 0. -1. 0.
0.974 0.229 0. -3.309 0.229 -0.974 0. 0.047 0. 0. -1. 0.
0.974 0.229 0. -3.309 0.229 -0.974 0. 0.047 0. 0. -1. 0.
0.974 0.229 0. -3.309 0.229 -0.974 0. 0.047 0. 0. -1. 0.
0.974 0.229 0. -3.309 0.229 -0.974 0. 0.047 0. 0. -1. 0.
0.974 0.229 0. -3.309 0.229 -0.974 0. 0.047 0. 0. -1. 0.
0.974 0.229 0. -3.309 0.229 -0.974 0. 0.047 0. 0. -1. 0.
0.974 0.229 0. -3.309 0.229 -0.974 0. 0.047 0. 0. -1. 0.
0.974 0.229 0. -3.309 0.229 -0.974 0. 0.047 0. 0. -1. 0.
0.974 0.229 0. -3.309 0.229 -0.974 0. 0.047 0. 0. -1. 0.
0.974 0.229 0. -3.309 0.229 -0.974 0. 0.047 0. 0. -1. 0.
0.974 0.229 0. -3.309 0.229 -0.974 0. 0.047 0. 0. -1. 0.
0.974 0.229 0. -3.309 0.229 -0.974 0. 0.047 0. 0. -1. 0.
0.974 0.229 0. -3.309 0.229 -0.974 0. 0.047 0. 0. -1. 0.
0.974 0.229 0. -3.309 0.229 -0.974 0. 0.047 0. 0. -1. 0.
0.974 0.229 0. -3.308 0.229 -0.974 0. 0.047 0. 0. -1. 0.
0.973 0.229 0. -3.303 0.229 -0.973 0. 0.049 0. 0. -1. 0.
0.974 0.228 0. -3.278 0.228 -0.974 0. 0.054 0. 0. -1. 0.
0.974 0.226 0. -3.228 0.226 -0.974 0. 0.065 0. 0. -1. 0.
0.975 0.224 0. -3.142 0.224 -0.975 0. 0.079 0. 0. -1. 0.
0.975 0.220 0. -3.015 0.220 -0.975 0. 0.103 0. 0. -1. 0.
0.977 0.212 0. -2.818 0.212 -0.977 0. 0.138 0. 0. -1. 0.
0.980 0.201 0. -2.542 0.201 -0.980 0. 0.185 0. 0. -1. 0.
0.982 0.186 0. -2.186 0.186 -0.982 0. 0.243 0. 0. -1. 0.
0.986 0.167 0. -1.740 0.167 -0.986 0. 0.308 0. 0. -1. 0.
0.990 0.144 0. -1.195 0.144 -0.990 0. 0.370 0. 0. -1. 0.
0.992 0.122 0. -0.568 0.122 -0.992 0. 0.422 0. 0. -1. 0.
0.995 0.103 0. 0.128 0.103 -0.995 0. 0.480 0. 0. -1. 0.
0.996 0.090 0. 0.896 0.090 -0.996 0. 0.535 0. 0. -1. 0.
0.997 0.083 0. 1.733 0.083 -0.997 0. 0.581 0. 0. -1. 0.
0.997 0.082 0. 2.632 0.082 -0.997 0. 0.644 0. 0. -1. 0.
0.996 0.087 0. 3.591 0.087 -0.996 0. 0.727 0. 0. -1. 0.
0.996 0.095 0. 4.601 0.095 -0.996 0. 0.822 0. 0. -1. 0.
0.995 0.102 0. 5.644 0.102 -0.995 0. 0.920 0. 0. -1. 0.
0.994 0.110 0. 6.727 0.110 -0.994 0. 1.035 0. 0. -1. 0.
0.993 0.117 0. 7.857 0.117 -0.993 0. 1.172 0. 0. -1. 0.
0.992 0.126 0. 9.016 0.126 -0.992 0. 1.295 0. 0. -1. 0.
0.991 0.133 0. 10.203 0.133 -0.991 0. 1.441 0. 0. -1. 0.
0.990 0.141 0. 11.440 0.141 -0.990 0. 1.591 0. 0. -1. 0.
0.989 0.148 0. 12.748 0.148 -0.989 0. 1.759 0. 0. -1. 0.
0.988 0.156 0. 14.046 0.156 -0.988 0. 1.931 0. 0. -1. 0.
0.987 0.164 0. 15.380 0.164 -0.987 0. 2.113 0. 0. -1. 0.
0.985 0.172 0. 16.794 0.172 -0.985 0. 2.328 0. 0. -1. 0.
0.984 0.179 0. 18.202 0.179 -0.984 0. 2.550 0. 0. -1. 0.
0.984 0.180 0. 19.647 0.180 -0.984 0. 2.797 0. 0. -1. 0.
0.984 0.180 0. 21.102 0.180 -0.984 0. 3.029 0. 0. -1. 0.
0.983 0.184 0. 22.555 0.184 -0.983 0. 3.263 0. 0. -1. 0.
0.981 0.192 0. 23.991 0.192 -0.981 0. 3.518 0. 0. -1. 0.
0.980 0.201 0. 25.414 0.201 -0.980 0. 3.767 0. 0. -1. 0.
0.978 0.209 0. 26.840 0.209 -0.978 0. 4.037 0. 0. -1. 0.
0.976 0.218 0. 28.255 0.218 -0.976 0. 4.338 0. 0. -1. 0.
0.974 0.225 0. 29.723 0.225 -0.974 0. 4.639 0. 0. -1. 0.
0.973 0.232 0. 31.210 0.232 -0.973 0. 4.961 0. 0. -1. 0.
0.971 0.239 0. 32.658 0.239 -0.971 0. 5.291 0. 0. -1. 0.
0.970 0.244 0. 34.137 0.244 -0.970 0. 5.613 0. 0. -1. 0.
0.969 0.245 0. 35.614 0.245 -0.969 0. 5.991 0. 0. -1. 0.
0.969 0.247 0. 37.072 0.247 -0.969 0. 6.289 0. 0. -1. 0.
0.969 0.247 0. 38.526 0.247 -0.969 0. 6.662 0. 0. -1. 0.
0.969 0.246 0. 40.055 0.246 -0.969 0. 6.967 0. 0. -1. 0.
0.969 0.246 0. 41.588 0.246 -0.969 0. 7.360 0. 0. -1. 0.
0.969 0.247 0. 43.161 0.247 -0.969 0. 7.696 0. 0. -1. 0.
0.969 0.247 0. 44.782 0.247 -0.969 0. 8.088 0. 0. -1. 0.
0.969 0.246 0. 46.424 0.246 -0.969 0. 8.473 0. 0. -1. 0.
0.970 0.244 0. 48.092 0.244 -0.970 0. 8.865 0. 0. -1. 0.
0.970 0.244 0. 49.788 0.244 -0.970 0. 9.262 0. 0. -1. 0.
0.970 0.244 0. 51.532 0.244 -0.970 0. 9.675 0. 0. -1. 0.
0.970 0.244 0. 53.292 0.244 -0.970 0. 10.089 0. 0. -1. 0.
0.970 0.243 0. 55.091 0.243 -0.970 0. 10.490 0. 0. -1. 0.
0.970 0.242 0. 56.947 0.242 -0.970 0. 10.901 0. 0. -1. 0.
0.970 0.241 0. 58.808 0.241 -0.970 0. 11.312 0. 0. -1. 0.
0.971 0.240 0. 60.701 0.240 -0.971 0. 11.731 0. 0. -1. 0.
0.971 0.240 0. 62.582 0.240 -0.971 0. 12.165 0. 0. -1. 0.
0.971 0.239 0. 64.485 0.239 -0.971 0. 12.615 0. 0. -1. 0.
0.972 0.236 0. 66.370 0.236 -0.972 0. 13.042 0. 0. -1. 0.
0.973 0.233 0. 68.285 0.233 -0.973 0. 13.456 0. 0. -1. 0.
0.973 0.230 0. 70.197 0.230 -0.973 0. 13.871 0. 0. -1. 0.
0.974 0.225 0. 72.093 0.225 -0.974 0. 14.272 0. 0. -1. 0.
0.976 0.217 0. 73.985 0.217 -0.976 0. 14.661 0. 0. -1. 0.
0.979 0.204 0. 75.870 0.204 -0.979 0. 15.023 0. 0. -1. 0.
0.982 0.191 0. 77.731 0.191 -0.982 0. 15.354 0. 0. -1. 0.
0.986 0.167 0. 79.617 0.167 -0.986 0. 15.679 0. 0. -1. 0.
0.991 0.136 0. 81.503 0.136 -0.991 0. 15.919 0. 0. -1. 0.
0.996 0.091 0. 83.356 0.091 -0.996 0. 16.088 0. 0. -1. 0.
0.999 0.041 0. 85.236 0.041 -0.999 0. 16.162 0. 0. -1. 0.
1. -0.010 0. 87.104 -0.010 -1. -0. 16.132 0. 0. -1. 0.
0.998 -0.060 0. 88.948 -0.060 -0.998 -0. 16.015 0. 0. -1. 0.
0.994 -0.110 0. 90.766 -0.110 -0.994 -0. 15.797 0. 0. -1. 0.
0.987 -0.163 0. 92.557 -0.163 -0.987 -0. 15.502 0. 0. -1. 0.
0.976 -0.217 0. 94.346 -0.217 -0.976 -0. 15.104 0. 0. -1. 0.
0.963 -0.270 0. 96.077 -0.270 -0.963 -0. 14.611 0. 0. -1. 0.
0.946 -0.325 0. 97.781 -0.325 -0.946 -0. 14.016 0. 0. -1. 0.
0.924 -0.381 0. 99.436 -0.381 -0.924 -0. 13.335 0. 0. -1. 0.
0.899 -0.439 0. 101.051 -0.439 -0.899 -0. 12.536 0. 0. -1. 0.
0.868 -0.497 0. 102.580 -0.497 -0.868 -0. 11.662 0. 0. -1. 0.
0.833 -0.553 0. 104.027 -0.553 -0.833 -0. 10.679 0. 0. -1. 0.
0.796 -0.606 0. 105.412 -0.606 -0.796 -0. 9.613 0. 0. -1. 0.
0.756 -0.654 0. 106.744 -0.654 -0.756 -0. 8.460 0. 0. -1. 0.
0.719 -0.695 0. 107.983 -0.695 -0.719 -0. 7.244 0. 0. -1. 0.
0.684 -0.729 0. 109.164 -0.729 -0.684 -0. 5.945 0. 0. -1. 0.
0.659 -0.753 0. 110.307 -0.753 -0.659 -0. 4.599 0. 0. -1. 0.
0.636 -0.771 0. 111.397 -0.771 -0.636 -0. 3.229 0. 0. -1. 0.
0.615 -0.789 0. 112.474 -0.789 -0.615 -0. 1.837 0. 0. -1. 0.
0.595 -0.804 0. 113.513 -0.804 -0.595 -0. 0.401 0. 0. -1. 0.
0.580 -0.814 0. 114.555 -0.814 -0.580 -0. -1.082 0. 0. -1. 0.
0.575 -0.818 0. 115.595 -0.818 -0.575 -0. -2.611 0. 0. -1. 0.
0.573 -0.820 0. 116.640 -0.820 -0.573 -0. -4.163 0. 0. -1. 0.
0.575 -0.818 0. 117.688 -0.818 -0.575 -0. -5.730 0. 0. -1. 0.
0.576 -0.817 0. 118.754 -0.817 -0.576 -0. -7.307 0. 0. -1. 0.
0.578 -0.816 0. 119.833 -0.816 -0.578 -0. -8.898 0. 0. -1. 0.
0.582 -0.813 0. 120.917 -0.813 -0.582 -0. -10.503 0. 0. -1. 0.
0.590 -0.807 0. 122.042 -0.807 -0.590 -0. -12.118 0. 0. -1. 0.
0.600 -0.800 0. 123.183 -0.800 -0.600 -0. -13.712 0. 0. -1. 0.
0.611 -0.792 0. 124.366 -0.792 -0.611 -0. -15.312 0. 0. -1. 0.
0.621 -0.783 0. 125.569 -0.783 -0.621 -0. -16.901 0. 0. -1. 0.
0.636 -0.771 0. 126.783 -0.771 -0.636 -0. -18.463 0. 0. -1. 0.
0.653 -0.758 0. 128.037 -0.758 -0.653 -0. -19.996 0. 0. -1. 0.
0.669 -0.743 0. 129.334 -0.743 -0.669 -0. -21.515 0. 0. -1. 0.
0.685 -0.729 0. 130.642 -0.729 -0.685 -0. -22.974 0. 0. -1. 0.
0.699 -0.715 0. 131.978 -0.715 -0.699 -0. -24.410 0. 0. -1. 0.
0.713 -0.701 0. 133.330 -0.701 -0.713 -0. -25.824 0. 0. -1. 0.
0.727 -0.687 0. 134.682 -0.687 -0.727 -0. -27.168 0. 0. -1. 0.
0.740 -0.672 0. 136.080 -0.672 -0.740 -0. -28.510 0. 0. -1. 0.
0.753 -0.658 0. 137.478 -0.658 -0.753 -0. -29.794 0. 0. -1. 0.
0.767 -0.642 0. 138.872 -0.642 -0.767 -0. -31.028 0. 0. -1. 0.
0.782 -0.624 0. 140.304 -0.624 -0.782 -0. -32.228 0. 0. -1. 0.
0.797 -0.604 0. 141.747 -0.604 -0.797 -0. -33.368 0. 0. -1. 0.
0.813 -0.583 0. 143.192 -0.583 -0.813 -0. -34.459 0. 0. -1. 0.
0.827 -0.563 0. 144.665 -0.563 -0.827 -0. -35.513 0. 0. -1. 0.
0.841 -0.541 0. 146.149 -0.541 -0.841 -0. -36.516 0. 0. -1. 0.
0.855 -0.519 0. 147.627 -0.519 -0.855 -0. -37.466 0. 0. -1. 0.
0.870 -0.493 0. 149.114 -0.493 -0.870 -0. -38.354 0. 0. -1. 0.
0.893 -0.451 0. 150.588 -0.451 -0.893 -0. -39.167 0. 0. -1. 0.
0.919 -0.394 0. 152.049 -0.394 -0.919 -0. -39.851 0. 0. -1. 0.
0.948 -0.317 0. 153.484 -0.317 -0.948 -0. -40.387 0. 0. -1. 0.
0.975 -0.224 0. 154.875 -0.224 -0.975 -0. -40.774 0. 0. -1. 0.
0.994 -0.111 0. 156.217 -0.111 -0.994 -0. -40.981 0. 0. -1. 0.
1.000 0.015 0. 157.479 0.015 -1.000 0. -41.007 0. 0. -1. 0.
0.988 0.153 0. 158.647 0.153 -0.988 0. -40.854 0. 0. -1. 0.
0.954 0.299 0. 159.717 0.299 -0.954 0. -40.540 0. 0. -1. 0.
0.896 0.445 0. 160.677 0.445 -0.896 0. -40.085 0. 0. -1. 0.
0.808 0.589 0. 161.530 0.589 -0.808 0. -39.506 0. 0. -1. 0.
0.690 0.724 0. 162.209 0.724 -0.690 0. -38.780 0. 0. -1. 0.
0.545 0.839 0. 162.758 0.839 -0.545 0. -37.969 0. 0. -1. 0.
0.380 0.925 0. 163.112 0.925 -0.380 0. -37.070 0. 0. -1. 0.
0.201 0.980 0. 163.304 0.980 -0.201 0. -36.148 0. 0. -1. 0.
0.012 1. 0. 163.324 1. -0.012 0. -35.205 0. 0. -1. 0.
-0.176 0.984 0. 163.153 0.984 0.176 0. -34.278 0. 0. -1. 0.
-0.354 0.935 0. 162.806 0.935 0.354 0. -33.387 0. 0. -1. 0.
-0.513 0.858 0. 162.323 0.858 0.513 0. -32.521 0. 0. -1. 0.
-0.648 0.762 0. 161.663 0.762 0.648 0. -31.734 0. 0. -1. 0.
-0.763 0.647 0. 160.861 0.647 0.763 0. -31.037 0. 0. -1. 0.
-0.850 0.527 0. 159.922 0.527 0.850 0. -30.426 0. 0. -1. 0.
-0.912 0.410 0. 158.866 0.410 0.912 0. -29.913 0. 0. -1. 0.
-0.952 0.306 0. 157.724 0.306 0.952 0. -29.528 0. 0. -1. 0.
-0.975 0.224 0. 156.518 0.224 0.975 0. -29.235 0. 0. -1. 0.
-0.986 0.166 0. 155.239 0.166 0.986 0. -28.995 0. 0. -1. 0.
-0.991 0.133 0. 153.904 0.133 0.991 0. -28.812 0. 0. -1. 0.
-0.994 0.112 0. 152.542 0.112 0.994 0. -28.594 0. 0. -1. 0.
-0.994 0.108 0. 151.118 0.108 0.994 0. -28.431 0. 0. -1. 0.
-0.993 0.117 0. 149.624 0.117 0.993 0. -28.224 0. 0. -1. 0.
-0.990 0.141 0. 148.095 0.141 0.990 0. -28.012 0. 0. -1. 0.
-0.985 0.174 0. 146.555 0.174 0.985 0. -27.734 0. 0. -1. 0.
-0.977 0.215 0. 144.961 0.215 0.977 0. -27.363 0. 0. -1. 0.
-0.967 0.255 0. 143.363 0.255 0.967 0. -26.910 0. 0. -1. 0.
-0.955 0.296 0. 141.775 0.296 0.955 0. -26.385 0. 0. -1. 0.
-0.940 0.340 0. 140.182 0.340 0.940 0. -25.788 0. 0. -1. 0.
-0.922 0.388 0. 138.588 0.388 0.922 0. -25.089 0. 0. -1. 0.
-0.902 0.432 0. 136.996 0.432 0.902 0. -24.305 0. 0. -1. 0.
-0.880 0.475 0. 135.405 0.475 0.880 0. -23.436 0. 0. -1. 0.
-0.855 0.519 0. 133.832 0.519 0.855 0. -22.482 0. 0. -1. 0.
-0.824 0.566 0. 132.293 0.566 0.824 0. -21.402 0. 0. -1. 0.
-0.791 0.611 0. 130.831 0.611 0.791 0. -20.237 0. 0. -1. 0.
-0.756 0.654 0. 129.429 0.654 0.756 0. -18.995 0. 0. -1. 0.
-0.724 0.690 0. 128.088 0.690 0.724 0. -17.696 0. 0. -1. 0.
-0.694 0.720 0. 126.814 0.720 0.694 0. -16.376 0. 0. -1. 0.
-0.664 0.747 0. 125.588 0.747 0.664 0. -14.997 0. 0. -1. 0.
-0.638 0.770 0. 124.414 0.770 0.638 0. -13.552 0. 0. -1. 0.
-0.618 0.786 0. 123.328 0.786 0.618 0. -12.102 0. 0. -1. 0.
-0.605 0.796 0. 122.266 0.796 0.605 0. -10.612 0. 0. -1. 0.
-0.595 0.804 0. 121.193 0.804 0.595 0. -9.103 0. 0. -1. 0.
-0.585 0.811 0. 120.138 0.811 0.585 0. -7.576 0. 0. -1. 0.
-0.578 0.816 0. 119.067 0.816 0.578 0. -6.003 0. 0. -1. 0.
-0.571 0.821 0. 118.005 0.821 0.571 0. -4.398 0. 0. -1. 0.
-0.573 0.820 0. 116.937 0.820 0.573 0. -2.777 0. 0. -1. 0.
-0.580 0.814 0. 115.856 0.814 0.580 0. -1.162 0. 0. -1. 0.
-0.595 0.804 0. 114.750 0.804 0.595 0. 0.434 0. 0. -1. 0.
-0.615 0.788 0. 113.613 0.788 0.615 0. 1.996 0. 0. -1. 0.
-0.643 0.766 0. 112.426 0.766 0.643 0. 3.515 0. 0. -1. 0.
-0.673 0.740 0. 111.185 0.740 0.673 0. 4.974 0. 0. -1. 0.
-0.703 0.712 0. 109.898 0.712 0.703 0. 6.374 0. 0. -1. 0.
-0.733 0.680 0. 108.569 0.680 0.733 0. 7.681 0. 0. -1. 0.
-0.764 0.646 0. 107.222 0.646 0.764 0. 8.909 0. 0. -1. 0.
-0.797 0.604 0. 105.797 0.604 0.797 0. 10.071 0. 0. -1. 0.
-0.831 0.557 0. 104.355 0.557 0.831 0. 11.130 0. 0. -1. 0.
-0.862 0.506 0. 102.861 0.506 0.862 0. 12.078 0. 0. -1. 0.
-0.893 0.451 0. 101.313 0.451 0.893 0. 12.956 0. 0. -1. 0.
-0.921 0.390 0. 99.690 0.390 0.921 0. 13.708 0. 0. -1. 0.
-0.944 0.331 0. 98. 0.331 0.944 0. 14.387 0. 0. -1. 0.
-0.963 0.268 0. 96.244 0.268 0.963 0. 14.921 0. 0. -1. 0.
-0.979 0.204 0. 94.448 0.204 0.979 0. 15.382 0. 0. -1. 0.
-0.990 0.143 0. 92.599 0.143 0.990 0. 15.706 0. 0. -1. 0.
-0.996 0.087 0. 90.735 0.087 0.996 0. 15.947 0. 0. -1. 0.
-0.999 0.032 0. 88.845 0.032 0.999 0. 16.069 0. 0. -1. 0.
-1.000 -0.018 0. 86.907 -0.018 1.000 0. 16.084 -0. 0. -1. 0.
-0.998 -0.058 0. 84.966 -0.058 0.998 0. 16.018 -0. 0. -1. 0.
-0.996 -0.091 0. 83.007 -0.091 0.996 0. 15.898 -0. 0. -1. 0.
-0.993 -0.121 0. 81.074 -0.121 0.993 0. 15.716 -0. 0. -1. 0.
-0.989 -0.146 0. 79.084 -0.146 0.989 0. 15.485 -0. 0. -1. 0.
-0.986 -0.168 0. 77.113 -0.168 0.986 0. 15.174 -0. 0. -1. 0.
-0.982 -0.188 0. 75.135 -0.188 0.982 0. 14.859 -0. 0. -1. 0.
-0.979 -0.205 0. 73.122 -0.205 0.979 0. 14.486 -0. 0. -1. 0.
-0.976 -0.219 0. 71.121 -0.219 0.976 0. 14.087 -0. 0. -1. 0.
-0.973 -0.229 0. 69.117 -0.229 0.973 0. 13.665 -0. 0. -1. 0.
-0.972 -0.237 0. 67.120 -0.237 0.972 0. 13.230 -0. 0. -1. 0.
-0.970 -0.243 0. 65.162 -0.243 0.970 0. 12.773 -0. 0. -1. 0.
-0.969 -0.249 0. 63.227 -0.249 0.969 0. 12.299 -0. 0. -1. 0.
-0.968 -0.252 0. 61.303 -0.252 0.968 0. 11.841 -0. 0. -1. 0.
-0.967 -0.256 0. 59.408 -0.256 0.967 0. 11.397 -0. 0. -1. 0.
-0.966 -0.257 0. 57.521 -0.257 0.966 0. 10.950 -0. 0. -1. 0.
-0.967 -0.257 0. 55.674 -0.257 0.967 0. 10.513 -0. 0. -1. 0.
-0.967 -0.256 0. 53.850 -0.256 0.967 0. 10.071 -0. 0. -1. 0.
-0.967 -0.256 0. 52.078 -0.256 0.967 0. 9.633 -0. 0. -1. 0.
-0.966 -0.257 0. 50.304 -0.257 0.966 0. 9.211 -0. 0. -1. 0.
-0.966 -0.257 0. 48.562 -0.257 0.966 0. 8.775 -0. 0. -1. 0.
-0.966 -0.258 0. 46.840 -0.258 0.966 0. 8.350 -0. 0. -1. 0.
-0.966 -0.260 0. 45.104 -0.260 0.966 0. 7.919 -0. 0. -1. 0.
-0.965 -0.260 0. 43.356 -0.260 0.965 0. 7.493 -0. 0. -1. 0.
-0.965 -0.262 0. 41.589 -0.262 0.965 0. 7.066 -0. 0. -1. 0.
-0.965 -0.262 0. 39.783 -0.262 0.965 0. 6.617 -0. 0. -1. 0.
-0.967 -0.255 0. 37.968 -0.255 0.967 0. 6.191 -0. 0. -1. 0.
-0.969 -0.249 0. 36.139 -0.249 0.969 0. 5.741 -0. 0. -1. 0.
-0.971 -0.241 0. 34.271 -0.241 0.971 0. 5.310 -0. 0. -1. 0.
-0.972 -0.234 0. 32.391 -0.234 0.972 0. 4.894 -0. 0. -1. 0.
-0.974 -0.228 0. 30.541 -0.228 0.974 0. 4.500 -0. 0. -1. 0.
-0.975 -0.221 0. 28.601 -0.221 0.975 0. 4.097 -0. 0. -1. 0.
-0.977 -0.213 0. 26.745 -0.213 0.977 0. 3.731 -0. 0. -1. 0.
-0.978 -0.208 0. 24.850 -0.208 0.978 0. 3.375 -0. 0. -1. 0.
-0.979 -0.203 0. 22.953 -0.203 0.979 0. 3.020 -0. 0. -1. 0.
-0.980 -0.199 0. 21.064 -0.199 0.980 0. 2.674 -0. 0. -1. 0.
-0.981 -0.194 0. 19.166 -0.194 0.981 0. 2.341 -0. 0. -1. 0.
-0.982 -0.189 0. 17.277 -0.189 0.982 0. 2.014 -0. 0. -1. 0.
-0.983 -0.184 0. 15.379 -0.184 0.983 0. 1.696 -0. 0. -1. 0.
-0.984 -0.176 0. 13.522 -0.176 0.984 0. 1.390 -0. 0. -1. 0.
-0.986 -0.169 0. 11.631 -0.169 0.986 0. 1.097 -0. 0. -1. 0.
-0.986 -0.164 0. 9.729 -0.164 0.986 0. 0.811 -0. 0. -1. 0.
-0.987 -0.159 0. 7.806 -0.159 0.987 0. 0.532 -0. 0. -1. 0.
-0.988 -0.157 0. 5.847 -0.157 0.988 0. 0.240 -0. 0. -1. 0.
-0.988 -0.157 0. 3.874 -0.157 0.988 0. -0.043 -0. 0. -1. 0.
-0.987 -0.158 0. 1.855 -0.158 0.987 0. -0.344 -0. 0. -1. 0.
-0.987 -0.159 0. -0.141 -0.159 0.987 0. -0.638 -0. 0. -1. 0.
-0.987 -0.161 0. -2.189 -0.161 0.987 0. -0.930 -0. 0. -1. 0.
-0.986 -0.164 0. -4.235 -0.164 0.986 0. -1.232 -0. 0. -1. 0.
-0.986 -0.169 0. -6.281 -0.169 0.986 0. -1.531 -0. 0. -1. 0.
-0.984 -0.176 0. -8.350 -0.176 0.984 0. -1.843 -0. 0. -1. 0.
-0.983 -0.183 0. -10.455 -0.183 0.983 0. -2.204 -0. 0. -1. 0.
-0.982 -0.188 0. -12.514 -0.188 0.982 0. -2.582 -0. 0. -1. 0.
-0.981 -0.194 0. -14.615 -0.194 0.981 0. -2.956 -0. 0. -1. 0.
-0.980 -0.201 0. -16.737 -0.201 0.980 0. -3.329 -0. 0. -1. 0.
-0.978 -0.209 0. -18.836 -0.209 0.978 0. -3.716 -0. 0. -1. 0.
-0.977 -0.214 0. -20.971 -0.214 0.977 0. -4.127 -0. 0. -1. 0.
-0.976 -0.216 0. -23.104 -0.216 0.976 0. -4.533 -0. 0. -1. 0.
-0.976 -0.217 0. -25.236 -0.217 0.976 0. -4.937 -0. 0. -1. 0.
-0.976 -0.219 0. -27.359 -0.219 0.976 0. -5.356 -0. 0. -1. 0.
-0.975 -0.222 0. -29.492 -0.222 0.975 0. -5.803 -0. 0. -1. 0.
-0.975 -0.224 0. -31.587 -0.224 0.975 0. -6.267 -0. 0. -1. 0.
-0.974 -0.227 0. -33.687 -0.227 0.974 0. -6.729 -0. 0. -1. 0.
-0.973 -0.230 0. -35.781 -0.230 0.973 0. -7.192 -0. 0. -1. 0.
-0.973 -0.231 0. -37.825 -0.231 0.973 0. -7.645 -0. 0. -1. 0.
-0.973 -0.232 0. -39.888 -0.232 0.973 0. -8.107 -0. 0. -1. 0.
-0.973 -0.232 0. -41.910 -0.232 0.973 0. -8.549 -0. 0. -1. 0.
-0.973 -0.233 0. -43.853 -0.233 0.973 0. -8.959 -0. 0. -1. 0.
-0.973 -0.231 0. -45.770 -0.231 0.973 0. -9.368 -0. 0. -1. 0.
-0.973 -0.231 0. -47.568 -0.231 0.973 0. -9.752 -0. 0. -1. 0.
-0.973 -0.230 0. -49.298 -0.230 0.973 0. -10.117 -0. 0. -1. 0.
-0.973 -0.230 0. -50.960 -0.230 0.973 0. -10.460 -0. 0. -1. 0.
-0.973 -0.233 0. -52.553 -0.233 0.973 0. -10.800 -0. 0. -1. 0.
-0.972 -0.234 0. -54.081 -0.234 0.972 0. -11.128 -0. 0. -1. 0.
-0.972 -0.235 0. -55.534 -0.235 0.972 0. -11.466 -0. 0. -1. 0.
-0.973 -0.230 0. -56.937 -0.230 0.973 0. -11.771 -0. 0. -1. 0.
-0.976 -0.218 0. -58.266 -0.218 0.976 0. -12.047 -0. 0. -1. 0.
-0.979 -0.204 0. -59.519 -0.204 0.979 0. -12.285 -0. 0. -1. 0.
-0.983 -0.183 0. -60.707 -0.183 0.983 0. -12.480 -0. 0. -1. 0.
-0.988 -0.156 0. -61.837 -0.156 0.988 0. -12.643 -0. 0. -1. 0.
-0.993 -0.122 0. -62.928 -0.122 0.993 0. -12.741 -0. 0. -1. 0.
-0.997 -0.077 0. -63.981 -0.077 0.997 0. -12.825 -0. 0. -1. 0.
-1.000 -0.025 0. -64.990 -0.025 1.000 0. -12.846 -0. 0. -1. 0.
-0.999 0.040 0. -65.973 0.040 0.999 0. -12.776 0. 0. -1. 0.
-0.993 0.119 0. -66.939 0.119 0.993 0. -12.673 0. 0. -1. 0.
-0.978 0.210 0. -67.872 0.210 0.978 0. -12.443 0. 0. -1. 0.
-0.951 0.309 0. -68.758 0.309 0.951 0. -12.134 0. 0. -1. 0.
-0.913 0.408 0. -69.589 0.408 0.913 0. -11.762 0. 0. -1. 0.
-0.864 0.504 0. -70.352 0.504 0.864 0. -11.268 0. 0. -1. 0.
-0.803 0.595 0. -71.076 0.595 0.803 0. -10.706 0. 0. -1. 0.
-0.734 0.679 0. -71.776 0.679 0.734 0. -10.047 0. 0. -1. 0.
-0.658 0.753 0. -72.425 0.753 0.658 0. -9.273 0. 0. -1. 0.
-0.583 0.813 0. -73.019 0.813 0.583 0. -8.405 0. 0. -1. 0.
-0.506 0.863 0. -73.562 0.863 0.506 0. -7.446 0. 0. -1. 0.
-0.436 0.900 0. -74.037 0.900 0.436 0. -6.395 0. 0. -1. 0.
-0.383 0.924 0. -74.462 0.924 0.383 0. -5.258 0. 0. -1. 0.
-0.345 0.939 0. -74.873 0.939 0.345 0. -4.067 0. 0. -1. 0.
-0.315 0.949 0. -75.257 0.949 0.315 0. -2.807 0. 0. -1. 0.
-0.287 0.958 0. -75.634 0.958 0.287 0. -1.501 0. 0. -1. 0.
-0.261 0.965 0. -75.978 0.965 0.261 0. -0.144 0. 0. -1. 0.
-0.242 0.970 0. -76.306 0.970 0.242 0. 1.268 0. 0. -1. 0.
-0.237 0.972 0. -76.617 0.972 0.237 0. 2.714 0. 0. -1. 0.
-0.240 0.971 0. -76.950 0.971 0.240 0. 4.210 0. 0. -1. 0.
-0.242 0.970 0. -77.299 0.970 0.242 0. 5.770 0. 0. -1. 0.
-0.245 0.970 0. -77.660 0.970 0.245 0. 7.353 0. 0. -1. 0.
-0.243 0.970 0. -78.037 0.970 0.243 0. 8.948 0. 0. -1. 0.
-0.234 0.972 0. -78.392 0.972 0.234 0. 10.570 0. 0. -1. 0.
-0.224 0.975 0. -78.740 0.975 0.224 0. 12.231 0. 0. -1. 0.
-0.210 0.978 0. -79.075 0.978 0.210 0. 13.869 0. 0. -1. 0.
-0.191 0.982 0. -79.375 0.982 0.191 0. 15.533 0. 0. -1. 0.
-0.169 0.986 0. -79.630 0.986 0.169 0. 17.198 0. 0. -1. 0.
-0.147 0.989 0. -79.871 0.989 0.147 0. 18.886 0. 0. -1. 0.
-0.129 0.992 0. -80.050 0.992 0.129 0. 20.608 0. 0. -1. 0.
-0.116 0.993 0. -80.204 0.993 0.116 0. 22.340 0. 0. -1. 0.
-0.111 0.994 0. -80.322 0.994 0.111 0. 24.062 0. 0. -1. 0.
-0.112 0.994 0. -80.470 0.994 0.112 0. 25.805 0. 0. -1. 0.
-0.120 0.993 0. -80.656 0.993 0.120 0. 27.626 0. 0. -1. 0.
-0.132 0.991 0. -80.843 0.991 0.132 0. 29.430 0. 0. -1. 0.
-0.150 0.989 0. -81.068 0.989 0.150 0. 31.183 0. 0. -1. 0.
-0.171 0.985 0. -81.327 0.985 0.171 0. 32.998 0. 0. -1. 0.
-0.189 0.982 0. -81.655 0.982 0.189 0. 34.873 0. 0. -1. 0.
-0.204 0.979 0. -81.986 0.979 0.204 0. 36.720 0. 0. -1. 0.
-0.216 0.976 0. -82.359 0.976 0.216 0. 38.587 0. 0. -1. 0.
-0.228 0.974 0. -82.746 0.974 0.228 0. 40.442 0. 0. -1. 0.
-0.237 0.972 0. -83.163 0.972 0.237 0. 42.288 0. 0. -1. 0.
-0.244 0.970 0. -83.595 0.970 0.244 0. 44.138 0. 0. -1. 0.
-0.251 0.968 0. -84.045 0.968 0.251 0. 45.984 0. 0. -1. 0.
-0.255 0.967 0. -84.464 0.967 0.255 0. 47.767 0. 0. -1. 0.
-0.259 0.966 0. -84.895 0.966 0.259 0. 49.572 0. 0. -1. 0.
-0.263 0.965 0. -85.324 0.965 0.263 0. 51.344 0. 0. -1. 0.
-0.267 0.964 0. -85.768 0.964 0.267 0. 53.082 0. 0. -1. 0.
-0.271 0.963 0. -86.213 0.963 0.271 0. 54.788 0. 0. -1. 0.
-0.273 0.962 0. -86.647 0.962 0.273 0. 56.466 0. 0. -1. 0.
-0.277 0.961 0. -87.082 0.961 0.277 0. 58.138 0. 0. -1. 0.
-0.289 0.957 0. -87.514 0.957 0.289 0. 59.774 0. 0. -1. 0.
-0.316 0.949 0. -88.007 0.949 0.316 0. 61.373 0. 0. -1. 0.
-0.350 0.937 0. -88.548 0.937 0.350 0. 62.910 0. 0. -1. 0.
-0.397 0.918 0. -89.102 0.918 0.397 0. 64.394 0. 0. -1. 0.
-0.454 0.891 0. -89.793 0.891 0.454 0. 65.789 0. 0. -1. 0.
-0.520 0.854 0. -90.522 0.854 0.520 0. 67.139 0. 0. -1. 0.
-0.588 0.809 0. -91.358 0.809 0.588 0. 68.367 0. 0. -1. 0.
-0.656 0.755 0. -92.235 0.755 0.656 0. 69.510 0. 0. -1. 0.
-0.725 0.688 0. -93.222 0.688 0.725 0. 70.485 0. 0. -1. 0.
-0.791 0.612 0. -94.283 0.612 0.791 0. 71.392 0. 0. -1. 0.
-0.849 0.528 0. -95.418 0.528 0.849 0. 72.122 0. 0. -1. 0.
-0.900 0.436 0. -96.591 0.436 0.900 0. 72.749 0. 0. -1. 0.
-0.940 0.342 0. -97.821 0.342 0.940 0. 73.228 0. 0. -1. 0.
-0.970 0.243 0. -99.019 0.243 0.970 0. 73.574 0. 0. -1. 0.
-0.989 0.149 0. -100.262 0.149 0.989 0. 73.781 0. 0. -1. 0.
-0.998 0.071 0. -101.481 0.071 0.998 0. 73.896 0. 0. -1. 0.
-1. 0.010 0. -102.737 0.010 1. 0. 73.920 0. 0. -1. 0.
-1.000 -0.028 0. -104.062 -0.028 1.000 0. 73.916 -0. 0. -1. 0.
-0.999 -0.053 0. -105.409 -0.053 0.999 0. 73.879 -0. 0. -1. 0.
-0.998 -0.062 0. -106.844 -0.062 0.998 0. 73.787 -0. 0. -1. 0.
-0.998 -0.060 0. -108.273 -0.060 0.998 0. 73.740 -0. 0. -1. 0.
-0.999 -0.044 0. -109.758 -0.044 0.999 0. 73.676 -0. 0. -1. 0.
-1. -0.007 0. -111.326 -0.007 1. 0. 73.670 -0. 0. -1. 0.
-0.999 0.039 0. -112.882 0.039 0.999 0. 73.745 0. 0. -1. 0.
-0.996 0.089 0. -114.510 0.089 0.996 0. 73.890 0. 0. -1. 0.
-0.990 0.144 0. -116.112 0.144 0.990 0. 74.141 0. 0. -1. 0.
-0.979 0.203 0. -117.699 0.203 0.979 0. 74.491 0. 0. -1. 0.
-0.966 0.258 0. -119.339 0.258 0.966 0. 74.966 0. 0. -1. 0.
-0.950 0.313 0. -120.946 0.313 0.950 0. 75.501 0. 0. -1. 0.
-0.932 0.362 0. -122.579 0.362 0.932 0. 76.157 0. 0. -1. 0.
-0.916 0.401 0. -124.227 0.401 0.916 0. 76.900 0. 0. -1. 0.
-0.902 0.431 0. -125.887 0.431 0.902 0. 77.704 0. 0. -1. 0.
-0.888 0.460 0. -127.568 0.460 0.888 0. 78.590 0. 0. -1. 0.
-0.875 0.484 0. -129.252 0.484 0.875 0. 79.548 0. 0. -1. 0.
-0.868 0.497 0. -130.958 0.497 0.868 0. 80.564 0. 0. -1. 0.
-0.863 0.504 0. -132.704 0.504 0.863 0. 81.615 0. 0. -1. 0.
-0.861 0.508 0. -134.470 0.508 0.861 0. 82.700 0. 0. -1. 0.
-0.860 0.510 0. -136.264 0.510 0.860 0. 83.821 0. 0. -1. 0.
-0.861 0.509 0. -138.092 0.509 0.861 0. 84.964 0. 0. -1. 0.
-0.862 0.507 0. -139.974 0.507 0.862 0. 86.120 0. 0. -1. 0.
-0.862 0.507 0. -141.888 0.507 0.862 0. 87.298 0. 0. -1. 0.
-0.862 0.507 0. -143.813 0.507 0.862 0. 88.494 0. 0. -1. 0.
-0.862 0.507 0. -145.802 0.507 0.862 0. 89.720 0. 0. -1. 0.
-0.862 0.507 0. -147.816 0.507 0.862 0. 90.952 0. 0. -1. 0.
-0.862 0.507 0. -149.863 0.507 0.862 0. 92.217 0. 0. -1. 0.
-0.862 0.507 0. -151.924 0.507 0.862 0. 93.494 0. 0. -1. 0.
-0.862 0.507 0. -154.020 0.507 0.862 0. 94.781 0. 0. -1. 0.
-0.861 0.508 0. -156.110 0.508 0.861 0. 96.068 0. 0. -1. 0.
-0.861 0.508 0. -158.205 0.508 0.861 0. 97.377 0. 0. -1. 0.
-0.861 0.509 0. -160.315 0.509 0.861 0. 98.695 0. 0. -1. 0.
-0.861 0.509 0. -162.418 0.509 0.861 0. 99.995 0. 0. -1. 0.
-0.860 0.510 0. -164.539 0.510 0.860 0. 101.313 0. 0. -1. 0.
-0.860 0.511 0. -166.646 0.511 0.860 0. 102.627 0. 0. -1. 0.
-0.858 0.513 0. -168.753 0.513 0.858 0. 103.958 0. 0. -1. 0.
-0.857 0.515 0. -170.863 0.515 0.857 0. 105.312 0. 0. -1. 0.
-0.856 0.518 0. -172.973 0.518 0.856 0. 106.644 0. 0. -1. 0.
-0.851 0.524 0. -175.103 0.524 0.851 0. 107.970 0. 0. -1. 0.
-0.844 0.536 0. -177.202 0.536 0.844 0. 109.328 0. 0. -1. 0.
-0.835 0.550 0. -179.270 0.550 0.835 0. 110.736 0. 0. -1. 0.
-0.825 0.565 0. -181.298 0.565 0.825 0. 112.168 0. 0. -1. 0.
-0.810 0.586 0. -183.285 0.586 0.810 0. 113.631 0. 0. -1. 0.
-0.793 0.609 0. -185.205 0.609 0.793 0. 115.151 0. 0. -1. 0.
-0.774 0.633 0. -187.049 0.633 0.774 0. 116.712 0. 0. -1. 0.
-0.751 0.660 0. -188.842 0.660 0.751 0. 118.320 0. 0. -1. 0.
-0.725 0.688 0. -190.542 0.688 0.725 0. 119.957 0. 0. -1. 0.
-0.698 0.716 0. -192.155 0.716 0.698 0. 121.639 0. 0. -1. 0.
-0.668 0.744 0. -193.685 0.744 0.668 0. 123.367 0. 0. -1. 0.
-0.637 0.771 0. -195.133 0.771 0.637 0. 125.132 0. 0. -1. 0.
-0.605 0.796 0. -196.482 0.796 0.605 0. 126.926 0. 0. -1. 0.
-0.573 0.820 0. -197.737 0.820 0.573 0. 128.752 0. 0. -1. 0.
-0.538 0.843 0. -198.911 0.843 0.538 0. 130.626 0. 0. -1. 0.
-0.504 0.864 0. -199.999 0.864 0.504 0. 132.536 0. 0. -1. 0.
-0.469 0.883 0. -201.020 0.883 0.469 0. 134.502 0. 0. -1. 0.
-0.436 0.900 0. -201.969 0.900 0.436 0. 136.519 0. 0. -1. 0.
-0.411 0.912 0. -202.851 0.912 0.411 0. 138.556 0. 0. -1. 0.
-0.394 0.919 0. -203.709 0.919 0.394 0. 140.636 0. 0. -1. 0.
-0.382 0.924 0. -204.536 0.924 0.382 0. 142.726 0. 0. -1. 0.
-0.373 0.928 0. -205.343 0.928 0.373 0. 144.838 0. 0. -1. 0.
-0.364 0.931 0. -206.126 0.931 0.364 0. 146.949 0. 0. -1. 0.
-0.357 0.934 0. -206.895 0.934 0.357 0. 149.089 0. 0. -1. 0.
-0.351 0.936 0. -207.650 0.936 0.351 0. 151.257 0. 0. -1. 0.
-0.348 0.937 0. -208.386 0.937 0.348 0. 153.402 0. 0. -1. 0.
-0.349 0.937 0. -209.131 0.937 0.349 0. 155.563 0. 0. -1. 0.
-0.357 0.934 0. -209.887 0.934 0.357 0. 157.710 0. 0. -1. 0.
-0.370 0.929 0. -210.660 0.929 0.370 0. 159.831 0. 0. -1. 0.
-0.385 0.923 0. -211.476 0.923 0.385 0. 161.929 0. 0. -1. 0.
-0.402 0.915 0. -212.313 0.915 0.402 0. 163.999 0. 0. -1. 0.
-0.426 0.905 0. -213.197 0.905 0.426 0. 166.013 0. 0. -1. 0.
-0.456 0.890 0. -214.131 0.890 0.456 0. 168.003 0. 0. -1. 0.
-0.494 0.869 0. -215.122 0.869 0.494 0. 169.892 0. 0. -1. 0.
-0.539 0.842 0. -216.211 0.842 0.539 0. 171.723 0. 0. -1. 0.
-0.586 0.810 0. -217.384 0.810 0.586 0. 173.470 0. 0. -1. 0.
-0.632 0.775 0. -218.611 0.775 0.632 0. 175.130 0. 0. -1. 0.
-0.684 0.730 0. -219.961 0.730 0.684 0. 176.700 0. 0. -1. 0.
-0.735 0.678 0. -221.413 0.678 0.735 0. 178.124 0. 0. -1. 0.
-0.784 0.621 0. -222.949 0.621 0.784 0. 179.422 0. 0. -1. 0.
-0.826 0.563 0. -224.530 0.563 0.826 0. 180.601 0. 0. -1. 0.
-0.868 0.497 0. -226.205 0.497 0.868 0. 181.675 0. 0. -1. 0.
-0.903 0.429 0. -227.948 0.429 0.903 0. 182.603 0. 0. -1. 0.
-0.934 0.358 0. -229.755 0.358 0.934 0. 183.392 0. 0. -1. 0.
-0.957 0.289 0. -231.625 0.289 0.957 0. 184.040 0. 0. -1. 0.
-0.975 0.223 0. -233.533 0.223 0.975 0. 184.556 0. 0. -1. 0.
-0.985 0.170 0. -235.507 0.170 0.985 0. 184.976 0. 0. -1. 0.
-0.992 0.127 0. -237.509 0.127 0.992 0. 185.309 0. 0. -1. 0.
-0.996 0.090 0. -239.536 0.090 0.996 0. 185.561 0. 0. -1. 0.
-0.998 0.063 0. -241.604 0.063 0.998 0. 185.734 0. 0. -1. 0.
-0.999 0.043 0. -243.699 0.043 0.999 0. 185.874 0. 0. -1. 0.
-1.000 0.029 0. -245.836 0.029 1.000 0. 185.979 0. 0. -1. 0.
-1.000 0.018 0. -247.964 0.018 1.000 0. 186.064 0. 0. -1. 0.
-1. 0.013 0. -250.146 0.013 1. 0. 186.136 0. 0. -1. 0.
-1. 0.012 0. -252.357 0.012 1. 0. 186.202 0. 0. -1. 0.
-1. 0.014 0. -254.575 0.014 1. 0. 186.270 0. 0. -1. 0.
-1.000 0.015 0. -256.822 0.015 1.000 0. 186.342 0. 0. -1. 0.
-1.000 0.017 0. -259.057 0.017 1.000 0. 186.441 0. 0. -1. 0.
-1.000 0.015 0. -261.273 0.015 1.000 0. 186.526 0. 0. -1. 0.
-1.000 0.016 0. -263.494 0.016 1.000 0. 186.597 0. 0. -1. 0.
-1.000 0.016 0. -265.702 0.016 1.000 0. 186.681 0. 0. -1. 0.
-1.000 0.016 0. -267.880 0.016 1.000 0. 186.745 0. 0. -1. 0.
-1.000 0.019 0. -270.052 0.019 1.000 0. 186.813 0. 0. -1. 0.
-1.000 0.024 0. -272.190 0.024 1.000 0. 186.904 0. 0. -1. 0.
-1.000 0.030 0. -274.317 0.030 1.000 0. 187.021 0. 0. -1. 0.
-0.999 0.038 0. -276.409 0.038 0.999 0. 187.148 0. 0. -1. 0.
-0.999 0.043 0. -278.485 0.043 0.999 0. 187.293 0. 0. -1. 0.
-0.999 0.050 0. -280.530 0.050 0.999 0. 187.436 0. 0. -1. 0.
-0.998 0.057 0. -282.532 0.057 0.998 0. 187.595 0. 0. -1. 0.
-0.998 0.065 0. -284.483 0.065 0.998 0. 187.759 0. 0. -1. 0.
-0.997 0.074 0. -286.344 0.074 0.997 0. 187.936 0. 0. -1. 0.
-0.996 0.084 0. -288.159 0.084 0.996 0. 188.129 0. 0. -1. 0.
-0.995 0.099 0. -289.859 0.099 0.995 0. 188.316 0. 0. -1. 0.
-0.993 0.114 0. -291.493 0.114 0.993 0. 188.535 0. 0. -1. 0.
-0.991 0.131 0. -293.092 0.131 0.991 0. 188.785 0. 0. -1. 0.
-0.989 0.145 0. -294.603 0.145 0.989 0. 189.025 0. 0. -1. 0.
-0.987 0.161 0. -296.060 0.161 0.987 0. 189.316 0. 0. -1. 0.
-0.985 0.173 0. -297.474 0.173 0.985 0. 189.560 0. 0. -1. 0.
-0.984 0.180 0. -298.838 0.180 0.984 0. 189.861 0. 0. -1. 0.
-0.983 0.184 0. -300.098 0.184 0.983 0. 190.113 0. 0. -1. 0.
-0.982 0.187 0. -301.261 0.187 0.982 0. 190.380 0. 0. -1. 0.
-0.982 0.188 0. -302.306 0.188 0.982 0. 190.589 0. 0. -1. 0.
-0.982 0.189 0. -303.267 0.189 0.982 0. 190.783 0. 0. -1. 0.
-0.981 0.193 0. -304.167 0.193 0.981 0. 191.011 0. 0. -1. 0.
-0.980 0.198 0. -304.967 0.198 0.980 0. 191.187 0. 0. -1. 0.
-0.980 0.200 0. -305.624 0.200 0.980 0. 191.347 0. 0. -1. 0.
-0.979 0.204 0. -306.181 0.204 0.979 0. 191.503 0. 0. -1. 0.
-0.979 0.204 0. -306.633 0.204 0.979 0. 191.588 0. 0. -1. 0.
-0.978 0.207 0. -307.016 0.207 0.978 0. 191.658 0. 0. -1. 0.
-0.979 0.206 0. -307.377 0.206 0.979 0. 191.755 0. 0. -1. 0.
-0.978 0.207 0. -307.700 0.207 0.978 0. 191.840 0. 0. -1. 0.
-0.978 0.207 0. -307.959 0.207 0.978 0. 191.901 0. 0. -1. 0.
-0.978 0.208 0. -308.165 0.208 0.978 0. 191.950 0. 0. -1. 0.
-0.978 0.208 0. -308.324 0.208 0.978 0. 191.981 0. 0. -1. 0.
-0.978 0.208 0. -308.437 0.208 0.978 0. 192.007 0. 0. -1. 0.
-0.978 0.209 0. -308.514 0.209 0.978 0. 192.023 0. 0. -1. 0.
-0.978 0.209 0. -308.583 0.209 0.978 0. 192.039 0. 0. -1. 0.
-0.978 0.209 0. -308.638 0.209 0.978 0. 192.051 0. 0. -1. 0.
-0.978 0.209 0. -308.657 0.209 0.978 0. 192.055 0. 0. -1. 0.
-0.978 0.209 0. -308.657 0.209 0.978 0. 192.055 0. 0. -1. 0.
-0.978 0.209 0. -308.657 0.209 0.978 0. 192.055 0. 0. -1. 0.
-0.978 0.209 0. -308.656 0.209 0.978 0. 192.055 0. 0. -1. 0.
-0.978 0.209 0. -308.656 0.209 0.978 0. 192.055 0. 0. -1. 0.
-0.978 0.209 0. -308.657 0.209 0.978 0. 192.055 0. 0. -1. 0.
-0.978 0.209 0. -308.657 0.209 0.978 0. 192.055 0. 0. -1. 0.
-0.978 0.209 0. -308.657 0.209 0.978 0. 192.055 0. 0. -1. 0.
-0.978 0.209 0. -308.656 0.209 0.978 0. 192.055 0. 0. -1. 0.
-0.978 0.209 0. -308.657 0.209 0.978 0. 192.055 0. 0. -1. 0.
-0.978 0.209 0. -308.657 0.209 0.978 0. 192.055 0. 0. -1. 0.
-0.978 0.209 0. -308.657 0.209 0.978 0. 192.055 0. 0. -1. 0.
-0.978 0.209 0. -308.657 0.209 0.978 0. 192.055 0. 0. -1. 0.
-0.978 0.209 0. -308.657 0.209 0.978 0. 192.055 0. 0. -1. 0.
-0.978 0.209 0. -308.657 0.209 0.978 0. 192.055 0. 0. -1. 0.
-0.978 0.209 0. -308.657 0.209 0.978 0. 192.055 0. 0. -1. 0.
-0.978 0.209 0. -308.657 0.209 0.978 0. 192.055 0. 0. -1. 0.
-0.978 0.209 0. -308.657 0.209 0.978 0. 192.055 0. 0. -1. 0.
-0.978 0.209 0. -308.657 0.209 0.978 0. 192.055 0. 0. -1. 0.
-0.978 0.209 0. -308.657 0.209 0.978 0. 192.055 0. 0. -1. 0.
-0.978 0.209 0. -308.661 0.209 0.978 0. 192.056 0. 0. -1. 0.
-0.978 0.209 0. -308.674 0.209 0.978 0. 192.060 0. 0. -1. 0.
-0.978 0.209 0. -308.697 0.209 0.978 0. 192.065 0. 0. -1. 0.
-0.978 0.210 0. -308.746 0.210 0.978 0. 192.077 0. 0. -1. 0.
-0.978 0.211 0. -308.868 0.211 0.978 0. 192.104 0. 0. -1. 0.
-0.977 0.212 0. -309.084 0.212 0.977 0. 192.154 0. 0. -1. 0.
-0.976 0.217 0. -309.403 0.217 0.976 0. 192.224 0. 0. -1. 0.
-0.974 0.227 0. -309.809 0.227 0.974 0. 192.310 0. 0. -1. 0.
-0.970 0.243 0. -310.298 0.243 0.970 0. 192.443 0. 0. -1. 0.
-0.963 0.269 0. -310.878 0.269 0.963 0. 192.623 0. 0. -1. 0.
-0.954 0.299 0. -311.560 0.299 0.954 0. 192.810 0. 0. -1. 0.
-0.940 0.341 0. -312.277 0.341 0.940 0. 193.120 0. 0. -1. 0.
-0.921 0.390 0. -313.008 0.390 0.921 0. 193.415 0. 0. -1. 0.
-0.893 0.451 0. -313.747 0.451 0.893 0. 193.792 0. 0. -1. 0.
-0.860 0.511 0. -314.483 0.511 0.860 0. 194.209 0. 0. -1. 0.
-0.818 0.575 0. -315.186 0.575 0.818 0. 194.702 0. 0. -1. 0.
-0.772 0.635 0. -315.747 0.635 0.772 0. 195.375 0. 0. -1. 0.
-0.715 0.699 0. -316.373 0.699 0.715 0. 195.960 0. 0. -1. 0.
-0.662 0.750 0. -317.030 0.750 0.662 0. 196.647 0. 0. -1. 0.
-0.599 0.801 0. -317.513 0.801 0.599 0. 197.539 0. 0. -1. 0.
-0.523 0.852 0. -318.080 0.852 0.523 0. 198.470 0. 0. -1. 0.
-0.445 0.896 0. -318.616 0.896 0.445 0. 199.550 0. 0. -1. 0.
-0.363 0.932 0. -319.029 0.932 0.363 0. 200.752 0. 0. -1. 0.
-0.285 0.959 0. -319.445 0.959 0.285 0. 202.072 0. 0. -1. 0.
-0.213 0.977 0. -319.725 0.977 0.213 0. 203.534 0. 0. -1. 0.
-0.158 0.988 0. -319.968 0.988 0.158 0. 205.142 0. 0. -1. 0.
-0.113 0.994 0. -320.154 0.994 0.113 0. 206.902 0. 0. -1. 0.
-0.082 0.997 0. -320.269 0.997 0.082 0. 208.785 0. 0. -1. 0.
-0.061 0.998 0. -320.367 0.998 0.061 0. 210.784 0. 0. -1. 0.
-0.043 0.999 0. -320.418 0.999 0.043 0. 212.887 0. 0. -1. 0.
-0.032 0.999 0. -320.442 0.999 0.032 0. 215.088 0. 0. -1. 0.
-0.024 1.000 0. -320.456 1.000 0.024 0. 217.362 0. 0. -1. 0.
-0.016 1.000 0. -320.450 1.000 0.016 0. 219.691 0. 0. -1. 0.
-0.009 1. 0. -320.425 1. 0.009 0. 222.083 0. 0. -1. 0.
-0.004 1. 0. -320.374 1. 0.004 0. 224.533 0. 0. -1. 0.
-0.003 1. 0. -320.322 1. 0.003 0. 227.057 0. 0. -1. 0.
-0.002 1. 0. -320.271 1. 0.002 0. 229.650 0. 0. -1. 0.
-0.002 1. 0. -320.216 1. 0.002 0. 232.330 0. 0. -1. 0.
-0.001 1. 0. -320.161 1. 0.001 0. 235.067 0. 0. -1. 0.
-0.002 1. 0. -320.101 1. 0.002 0. 237.887 0. 0. -1. 0.
-0.002 1. 0. -320.045 1. 0.002 0. 240.765 0. 0. -1. 0.
-0.001 1. 0. -319.984 1. 0.001 0. 243.722 0. 0. -1. 0.
-0.000 1. 0. -319.915 1. 0.000 0. 246.747 0. 0. -1. 0.
0.001 1. 0. -319.848 1. -0.001 0. 249.844 0. 0. -1. 0.
0.001 1. 0. -319.773 1. -0.001 0. 253.009 0. 0. -1. 0.
0.002 1. 0. -319.695 1. -0.002 0. 256.243 0. 0. -1. 0.
0.002 1. 0. -319.617 1. -0.002 0. 259.517 0. 0. -1. 0.
0.006 1. 0. -319.529 1. -0.006 0. 262.839 0. 0. -1. 0.
0.010 1. 0. -319.429 1. -0.010 0. 266.175 0. 0. -1. 0.
0.013 1. 0. -319.311 1. -0.013 0. 269.523 0. 0. -1. 0.
0.013 1. 0. -319.185 1. -0.013 0. 272.909 0. 0. -1. 0.
0.013 1. 0. -319.061 1. -0.013 0. 276.329 0. 0. -1. 0.
0.008 1. 0. -318.947 1. -0.008 0. 279.773 0. 0. -1. 0.
0.005 1. 0. -318.854 1. -0.005 0. 283.253 0. 0. -1. 0.
0.003 1. 0. -318.771 1. -0.003 0. 286.765 0. 0. -1. 0.
0.003 1. 0. -318.691 1. -0.003 0. 290.314 0. 0. -1. 0.
0.002 1. 0. -318.606 1. -0.002 0. 293.843 0. 0. -1. 0.
0.002 1. 0. -318.521 1. -0.002 0. 297.349 0. 0. -1. 0.
0.002 1. 0. -318.440 1. -0.002 0. 300.859 0. 0. -1. 0.
0.001 1. 0. -318.361 1. -0.001 0. 304.356 0. 0. -1. 0.
0.001 1. 0. -318.284 1. -0.001 0. 307.858 0. 0. -1. 0.
0.000 1. 0. -318.203 1. -0.000 0. 311.367 0. 0. -1. 0.
0.000 1. 0. -318.130 1. -0.000 0. 314.876 0. 0. -1. 0.
0.001 1. 0. -318.052 1. -0.001 0. 318.382 0. 0. -1. 0.
0.001 1. 0. -317.968 1. -0.001 0. 321.906 0. 0. -1. 0.
0.001 1. 0. -317.879 1. -0.001 0. 325.438 0. 0. -1. 0.
0.001 1. 0. -317.791 1. -0.001 0. 328.972 0. 0. -1. 0.
-0.000 1. 0. -317.714 1. 0.000 0. 332.497 0. 0. -1. 0.
-0.001 1. 0. -317.637 1. 0.001 0. 336.028 0. 0. -1. 0.
-0.002 1. 0. -317.565 1. 0.002 0. 339.559 0. 0. -1. 0.
-0.003 1. 0. -317.502 1. 0.003 0. 343.098 0. 0. -1. 0.
-0.004 1. 0. -317.435 1. 0.004 0. 346.654 0. 0. -1. 0.
-0.005 1. 0. -317.368 1. 0.005 0. 350.250 0. 0. -1. 0.
-0.005 1. 0. -317.306 1. 0.005 0. 353.846 0. 0. -1. 0.
-0.004 1. 0. -317.245 1. 0.004 0. 357.488 0. 0. -1. 0.
-0.004 1. 0. -317.178 1. 0.004 0. 361.146 0. 0. -1. 0.
-0.004 1. 0. -317.112 1. 0.004 0. 364.831 0. 0. -1. 0.
-0.004 1. 0. -317.043 1. 0.004 0. 368.518 0. 0. -1. 0.
