1623966755105770 1.00000 0.00000 0.00000 -0.00000 0.00000 -1.00000 0.00000 0.00000 0.00000 -0.00000 -1.00000 0.00000
1623966755356401 1.00000 -0.00159 -0.00000 -0.01472 -0.00159 -1.00000 0.00000 0.05119 -0.00000 -0.00000 -1.00000 0.00000
1623966755606404 0.99999 0.00392 0.00000 -0.01140 0.00392 -0.99999 0.00000 0.05376 0.00000 -0.00000 -1.00000 0.00000
1623966755857034 1.00000 0.00261 0.00000 -0.01527 0.00261 -1.00000 0.00000 0.04333 0.00000 -0.00000 -1.00000 0.00000
1623966756107661 1.00000 -0.00288 -0.00000 -0.03499 -0.00288 -1.00000 0.00000 0.05403 -0.00000 -0.00000 -1.00000 0.00000
1623966756357040 1.00000 -0.00283 0.00000 -0.02230 -0.00283 -1.00000 0.00000 0.02403 -0.00000 -0.00000 -1.00000 0.00000
1623966756606427 1.00000 -0.00179 0.00000 -0.02125 -0.00179 -1.00000 0.00000 0.04813 -0.00000 -0.00000 -1.00000 0.00000
1623966756856439 1.00000 0.00134 0.00000 -0.00159 0.00134 -1.00000 0.00000 0.05182 0.00000 -0.00000 -1.00000 0.00000
1623966757106434 1.00000 0.00283 0.00000 -0.01135 0.00283 -1.00000 0.00000 0.04491 0.00000 -0.00000 -1.00000 0.00000
1623966757355808 1.00000 0.00010 0.00000 -0.00317 0.00010 -1.00000 0.00000 0.00779 0.00000 -0.00000 -1.00000 0.00000
1623966757606439 1.00000 -0.00106 0.00000 -0.01380 -0.00106 -1.00000 0.00000 0.03140 -0.00000 -0.00000 -1.00000 0.00000
1623966757857079 1.00000 -0.00278 -0.00000 -0.02799 -0.00278 -1.00000 0.00000 0.05563 -0.00000 -0.00000 -1.00000 0.00000
1623966758107075 1.00000 0.00253 0.00000 -0.01699 0.00253 -1.00000 0.00000 0.04664 0.00000 -0.00000 -1.00000 0.00000
1623966758357708 1.00000 0.00308 0.00000 -0.01801 0.00308 -1.00000 0.00000 0.06799 0.00000 -0.00000 -1.00000 0.00000
1623966758607709 1.00000 0.00226 0.00000 -0.00479 0.00226 -1.00000 0.00000 0.05300 0.00000 -0.00000 -1.00000 0.00000
1623966758857086 1.00000 0.00026 -0.00000 -0.00137 0.00026 -1.00000 0.00000 0.00875 0.00000 -0.00000 -1.00000 0.00000
1623966759107090 0.99998 0.00675 0.00000 -0.02834 0.00675 -0.99998 0.00000 0.07889 0.00000 -0.00000 -1.00000 0.00000
1623966759356481 0.99999 0.00345 -0.00000 0.00472 0.00345 -0.99999 0.00000 0.04879 0.00000 -0.00000 -1.00000 0.00000
1623966759606483 1.00000 -0.00103 0.00000 -0.01756 -0.00103 -1.00000 0.00000 0.06157 -0.00000 -0.00000 -1.00000 0.00000
1623966759856481 1.00000 -0.00310 0.00000 -0.03433 -0.00310 -1.00000 0.00000 0.05031 -0.00000 -0.00000 -1.00000 0.00000
1623966760105865 1.00000 -0.00184 0.00000 -0.01499 -0.00184 -1.00000 0.00000 0.02547 -0.00000 -0.00000 -1.00000 0.00000
1623966760356489 1.00000 -0.00179 0.00000 -0.02221 -0.00179 -1.00000 0.00000 0.06963 -0.00000 -0.00000 -1.00000 0.00000
1623966760607116 1.00000 0.00005 0.00000 -0.05285 0.00005 -1.00000 0.00000 0.04109 0.00000 -0.00000 -1.00000 0.00000
1623966760857748 0.99998 -0.00677 -0.00000 -0.13768 -0.00677 -0.99998 0.00000 0.10128 -0.00000 -0.00000 -1.00000 0.00000
1623966761107757 0.99966 -0.02604 0.00000 -0.23528 -0.02604 -0.99966 0.00000 0.03032 -0.00000 -0.00000 -1.00000 0.00000
1623966761357755 0.99838 -0.05697 0.00000 -0.43589 -0.05697 -0.99838 0.00000 0.03003 -0.00000 -0.00000 -1.00000 0.00000
1623966761607764 0.99534 -0.09643 0.00000 -0.67276 -0.09643 -0.99534 0.00000 -0.01194 -0.00000 -0.00000 -1.00000 -0.00000
1623966761857769 0.98979 -0.14254 0.00000 -1.09009 -0.14254 -0.98979 0.00000 0.05219 -0.00000 -0.00000 -1.00000 0.00000
1623966762107144 0.98504 -0.17235 0.00000 -1.55073 -0.17235 -0.98504 0.00000 0.02103 -0.00000 -0.00000 -1.00000 0.00000
1623966762356523 0.97914 -0.20320 0.00000 -2.09725 -0.20320 -0.97914 0.00000 -0.00887 -0.00000 -0.00000 -1.00000 -0.00000
1623966762606529 0.97512 -0.22167 0.00000 -2.75895 -0.22167 -0.97512 0.00000 0.06615 -0.00000 -0.00000 -1.00000 0.00000
1623966762856534 0.97436 -0.22501 -0.00000 -3.59648 -0.22501 -0.97436 0.00000 0.10365 -0.00000 -0.00000 -1.00000 0.00000
1623966763106537 0.97525 -0.22109 0.00000 -4.47261 -0.22109 -0.97525 0.00000 0.05767 -0.00000 -0.00000 -1.00000 0.00000
1623966763356542 0.97677 -0.21428 -0.00000 -5.41484 -0.21428 -0.97677 0.00000 -0.03626 -0.00000 -0.00000 -1.00000 -0.00000
1623966763607798 0.97674 -0.21444 0.00000 -6.42213 -0.21444 -0.97674 0.00000 0.02059 -0.00000 -0.00000 -1.00000 0.00000
1623966763857826 0.97662 -0.21498 0.00000 -7.48852 -0.21498 -0.97662 0.00000 -0.03362 -0.00000 -0.00000 -1.00000 -0.00000
1623966764107182 0.97753 -0.21081 0.00000 -8.53312 -0.21081 -0.97753 0.00000 -0.05823 -0.00000 -0.00000 -1.00000 -0.00000
1623966764357183 0.98067 -0.19566 0.00000 -9.77112 -0.19566 -0.98067 0.00000 -0.15260 -0.00000 -0.00000 -1.00000 -0.00000
1623966764607186 0.98204 -0.18865 0.00000 -10.96900 -0.18865 -0.98204 0.00000 -0.19500 -0.00000 -0.00000 -1.00000 -0.00000
1623966764856576 0.98569 -0.16858 0.00000 -12.16844 -0.16858 -0.98569 0.00000 -0.51283 -0.00000 -0.00000 -1.00000 -0.00000
1623966765106570 0.98766 -0.15659 0.00000 -13.51792 -0.15659 -0.98766 0.00000 -0.65823 -0.00000 -0.00000 -1.00000 -0.00000
1623966765355946 0.99098 -0.13404 0.00000 -14.87190 -0.13404 -0.99098 0.00000 -1.11864 -0.00000 -0.00000 -1.00000 -0.00000
1623966765606575 0.99417 -0.10781 0.00000 -16.29225 -0.10781 -0.99417 0.00000 -1.41292 -0.00000 -0.00000 -1.00000 -0.00000
1623966765857871 0.99575 -0.09205 -0.00000 -17.73523 -0.09205 -0.99575 0.00000 -1.55386 -0.00000 -0.00000 -1.00000 -0.00000
1623966766107836 0.99743 -0.07168 0.00000 -19.19707 -0.07168 -0.99743 0.00000 -2.03384 -0.00000 -0.00000 -1.00000 -0.00000
1623966766357841 0.99838 -0.05682 0.00000 -20.80486 -0.05682 -0.99838 0.00000 -2.33509 -0.00000 -0.00000 -1.00000 -0.00000
1623966766607224 0.99927 -0.03812 0.00000 -22.35458 -0.03812 -0.99927 0.00000 -2.77291 -0.00000 -0.00000 -1.00000 -0.00000
1623966766857242 0.99969 -0.02509 0.00000 -24.00437 -0.02509 -0.99969 0.00000 -3.01202 -0.00000 -0.00000 -1.00000 -0.00000
1623966767106602 0.99995 -0.00974 0.00000 -25.68254 -0.00974 -0.99995 0.00000 -3.50946 -0.00000 -0.00000 -1.00000 -0.00000
1623966767356614 0.99999 -0.00441 0.00000 -27.35854 -0.00441 -0.99999 0.00000 -3.60067 -0.00000 -0.00000 -1.00000 -0.00000
1623966767606617 0.99997 0.00750 0.00000 -29.04804 0.00750 -0.99997 0.00000 -3.99976 0.00000 -0.00000 -1.00000 -0.00000
1623966767856618 0.99976 0.02205 0.00000 -30.81178 0.02205 -0.99976 0.00000 -4.39140 0.00000 -0.00000 -1.00000 -0.00000
1623966768107247 0.99958 0.02904 0.00000 -32.52784 0.02904 -0.99958 0.00000 -4.68432 0.00000 -0.00000 -1.00000 -0.00000
1623966768357253 0.99943 0.03386 0.00000 -34.34898 0.03386 -0.99943 0.00000 -4.80572 0.00000 -0.00000 -1.00000 -0.00000
1623966768607884 0.99938 0.03534 0.00000 -36.25566 0.03534 -0.99938 0.00000 -4.83960 0.00000 -0.00000 -1.00000 -0.00000
1623966768858231 0.99910 0.04244 0.00000 -38.08036 0.04244 -0.99910 0.00000 -5.15143 0.00000 -0.00000 -1.00000 -0.00000
1623966769107263 0.99870 0.05106 0.00000 -40.01248 0.05106 -0.99870 0.00000 -5.51942 0.00000 -0.00000 -1.00000 -0.00000
1623966769357268 0.99878 0.04938 0.00000 -42.08507 0.04938 -0.99878 0.00000 -5.48923 0.00000 -0.00000 -1.00000 -0.00000
1623966769606647 0.99863 0.05227 0.00000 -44.13975 0.05227 -0.99863 0.00000 -5.64804 0.00000 -0.00000 -1.00000 -0.00000
1623966769856652 0.99881 0.04876 -0.00000 -46.31790 0.04876 -0.99881 0.00000 -5.39875 0.00000 -0.00000 -1.00000 -0.00000
1623966770106656 0.99890 0.04699 0.00000 -48.52148 0.04699 -0.99890 0.00000 -5.38361 0.00000 -0.00000 -1.00000 -0.00000
1623966770356658 0.99888 0.04734 0.00000 -50.76207 0.04734 -0.99888 0.00000 -5.39773 0.00000 -0.00000 -1.00000 -0.00000
1623966770607290 0.99882 0.04862 0.00000 -53.02587 0.04862 -0.99882 0.00000 -5.37678 0.00000 -0.00000 -1.00000 -0.00000
1623966770857922 0.99873 0.05037 0.00000 -55.31958 0.05037 -0.99873 0.00000 -5.52719 0.00000 -0.00000 -1.00000 -0.00000
1623966771107923 0.99863 0.05223 0.00000 -57.57475 0.05223 -0.99863 0.00000 -5.87096 0.00000 -0.00000 -1.00000 -0.00000
1623966771357924 0.99878 0.04935 0.00000 -59.90470 0.04935 -0.99878 0.00000 -5.52154 0.00000 -0.00000 -1.00000 -0.00000
1623966771607306 0.99867 0.05150 0.00000 -62.10777 0.05150 -0.99867 0.00000 -5.92786 0.00000 -0.00000 -1.00000 -0.00000
1623966771857314 0.99887 0.04758 -0.00000 -64.40658 0.04758 -0.99887 0.00000 -5.55316 0.00000 -0.00000 -1.00000 -0.00000
1623966772106692 0.99907 0.04310 0.00000 -66.71591 0.04310 -0.99907 0.00000 -5.20553 0.00000 -0.00000 -1.00000 -0.00000
1623966772356076 0.99943 0.03370 0.00000 -68.94730 0.03370 -0.99943 0.00000 -4.61947 0.00000 -0.00000 -1.00000 -0.00000
1623966772606081 0.99910 0.04249 0.00000 -71.12971 0.04249 -0.99910 0.00000 -5.28479 0.00000 -0.00000 -1.00000 -0.00000
1623966772856715 0.99969 0.02478 -0.00000 -73.47676 0.02478 -0.99969 0.00000 -3.94606 0.00000 -0.00000 -1.00000 -0.00000
1623966773106709 0.99988 0.01562 0.00000 -75.66384 0.01562 -0.99988 0.00000 -3.34134 0.00000 -0.00000 -1.00000 -0.00000
1623966773357342 0.99995 -0.01001 0.00000 -77.96141 -0.01001 -0.99995 0.00000 -1.41718 -0.00000 -0.00000 -1.00000 -0.00000
1623966773607342 0.99911 -0.04224 0.00000 -80.08343 -0.04224 -0.99911 0.00000 1.03506 -0.00000 -0.00000 -1.00000 0.00000
1623966773857351 0.99697 -0.07779 0.00000 -82.14687 -0.07779 -0.99697 0.00000 4.02142 -0.00000 -0.00000 -1.00000 0.00000
1623966774107352 0.99232 -0.12372 0.00000 -83.93603 -0.12372 -0.99232 0.00000 7.73131 -0.00000 -0.00000 -1.00000 0.00000
1623966774356730 0.98684 -0.16170 0.00000 -85.59855 -0.16170 -0.98684 0.00000 10.95581 -0.00000 -0.00000 -1.00000 0.00000
1623966774606117 0.97725 -0.21210 -0.00000 -87.01793 -0.21210 -0.97725 0.00000 15.35069 -0.00000 -0.00000 -1.00000 0.00000
1623966774856117 0.96252 -0.27121 -0.00000 -87.91014 -0.27121 -0.96252 0.00000 20.69230 -0.00000 -0.00000 -1.00000 0.00000
1623966775105493 0.94650 -0.32270 0.00000 -88.65611 -0.32270 -0.94650 0.00000 25.22659 -0.00000 -0.00000 -1.00000 0.00000
1623966775356123 0.92750 -0.37382 -0.00000 -89.14803 -0.37382 -0.92750 0.00000 30.07911 -0.00000 -0.00000 -1.00000 0.00000
1623966775606127 0.90758 -0.41988 0.00000 -89.52906 -0.41988 -0.90758 0.00000 34.45497 -0.00000 -0.00000 -1.00000 0.00000
1623966775856134 0.88241 -0.47048 0.00000 -89.44454 -0.47048 -0.88241 0.00000 39.48473 -0.00000 -0.00000 -1.00000 0.00000
1623966776106134 0.85616 -0.51670 0.00000 -89.30085 -0.51670 -0.85616 0.00000 44.12507 -0.00000 -0.00000 -1.00000 0.00000
1623966776356764 0.82582 -0.56393 0.00000 -88.78118 -0.56393 -0.82582 0.00000 49.11994 -0.00000 -0.00000 -1.00000 0.00000
1623966776607394 0.78939 -0.61389 0.00000 -87.48518 -0.61389 -0.78939 0.00000 54.76763 -0.00000 -0.00000 -1.00000 0.00000
1623966776858025 0.73701 -0.67589 0.00000 -84.79077 -0.67589 -0.73701 0.00000 61.74034 -0.00000 -0.00000 -1.00000 0.00000
1623966777108025 0.67380 -0.73891 0.00000 -80.94687 -0.73891 -0.67380 0.00000 69.01775 -0.00000 -0.00000 -1.00000 0.00000
1623966777357409 0.60682 -0.79484 0.00000 -76.52225 -0.79484 -0.60682 0.00000 75.67297 -0.00000 -0.00000 -1.00000 0.00000
1623966777606785 0.54511 -0.83837 0.00000 -72.59815 -0.83837 -0.54511 0.00000 81.08290 -0.00000 -0.00000 -1.00000 0.00000
1623966777856167 0.48731 -0.87323 0.00000 -68.88752 -0.87323 -0.48731 0.00000 85.85416 -0.00000 -0.00000 -1.00000 0.00000
1623966778106172 0.43958 -0.89821 0.00000 -66.20954 -0.89821 -0.43958 0.00000 89.46401 -0.00000 -0.00000 -1.00000 0.00000
1623966778355554 0.41073 -0.91176 0.00000 -65.40233 -0.91176 -0.41073 0.00000 91.31138 -0.00000 -0.00000 -1.00000 0.00000
1623966778606183 0.38237 -0.92401 0.00000 -64.63554 -0.92401 -0.38237 0.00000 93.50600 -0.00000 -0.00000 -1.00000 0.00000
1623966778856185 0.37195 -0.92825 0.00000 -65.76140 -0.92825 -0.37195 0.00000 94.11880 -0.00000 -0.00000 -1.00000 0.00000
1623966779106816 0.36397 -0.93141 0.00000 -67.14279 -0.93141 -0.36397 0.00000 94.82204 -0.00000 -0.00000 -1.00000 0.00000
1623966779357448 0.35471 -0.93498 -0.00000 -68.44044 -0.93498 -0.35471 0.00000 95.50868 -0.00000 -0.00000 -1.00000 0.00000
1623966779607448 0.35491 -0.93490 -0.00000 -70.70772 -0.93490 -0.35491 0.00000 95.15880 -0.00000 -0.00000 -1.00000 0.00000
1623966779856825 0.36085 -0.93262 0.00000 -73.64675 -0.93262 -0.36085 0.00000 94.73468 -0.00000 -0.00000 -1.00000 0.00000
1623966780106827 0.36618 -0.93054 0.00000 -76.58362 -0.93054 -0.36618 0.00000 94.43973 -0.00000 -0.00000 -1.00000 0.00000
1623966780356838 0.38995 -0.92084 0.00000 -81.34540 -0.92084 -0.38995 0.00000 92.36979 -0.00000 -0.00000 -1.00000 0.00000
1623966780606842 0.41466 -0.90998 0.00000 -86.16081 -0.90998 -0.41466 0.00000 90.06638 -0.00000 -0.00000 -1.00000 0.00000
1623966780856849 0.44559 -0.89523 0.00000 -91.58122 -0.89523 -0.44559 0.00000 86.94535 -0.00000 -0.00000 -1.00000 0.00000
1623966781108095 0.47098 -0.88214 -0.00000 -96.48463 -0.88214 -0.47098 0.00000 84.55033 -0.00000 -0.00000 -1.00000 0.00000
1623966781358100 0.49295 -0.87005 0.00000 -100.79220 -0.87005 -0.49295 0.00000 81.94015 -0.00000 -0.00000 -1.00000 0.00000
1623966781608105 0.50507 -0.86308 0.00000 -104.23849 -0.86308 -0.50507 0.00000 80.49653 -0.00000 -0.00000 -1.00000 0.00000
1623966781857495 0.51956 -0.85443 0.00000 -107.69401 -0.85443 -0.51956 0.00000 78.52053 -0.00000 -0.00000 -1.00000 0.00000
1623966782107487 0.53272 -0.84629 0.00000 -111.17555 -0.84629 -0.53272 0.00000 76.79860 -0.00000 -0.00000 -1.00000 0.00000
1623966782356867 0.54478 -0.83858 0.00000 -114.51414 -0.83858 -0.54478 0.00000 75.27171 -0.00000 -0.00000 -1.00000 0.00000
1623966782606245 0.56267 -0.82668 0.00000 -118.07782 -0.82668 -0.56267 0.00000 72.60816 -0.00000 -0.00000 -1.00000 0.00000
1623966782856251 0.56948 -0.82200 0.00000 -120.96811 -0.82200 -0.56948 0.00000 71.66480 -0.00000 -0.00000 -1.00000 0.00000
1623966783106879 0.57770 -0.81625 -0.00000 -123.61978 -0.81625 -0.57770 0.00000 70.50576 -0.00000 -0.00000 -1.00000 0.00000
1623966783356884 0.58921 -0.80798 0.00000 -126.66096 -0.80798 -0.58921 0.00000 68.80421 -0.00000 -0.00000 -1.00000 0.00000
1623966783606890 0.60454 -0.79658 -0.00000 -130.08061 -0.79658 -0.60454 0.00000 66.31458 -0.00000 -0.00000 -1.00000 0.00000
1623966783857518 0.62386 -0.78154 -0.00000 -133.52250 -0.78154 -0.62386 0.00000 63.10346 -0.00000 -0.00000 -1.00000 0.00000
1623966784108150 0.65463 -0.75595 0.00000 -138.02811 -0.75595 -0.65463 0.00000 57.73948 -0.00000 -0.00000 -1.00000 0.00000
1623966784358155 0.68885 -0.72490 0.00000 -142.44226 -0.72490 -0.68885 0.00000 51.15343 -0.00000 -0.00000 -1.00000 0.00000
1623966784608163 0.72677 -0.68688 0.00000 -146.87713 -0.68688 -0.72677 0.00000 43.43097 -0.00000 -0.00000 -1.00000 0.00000
1623966784857534 0.77513 -0.63181 0.00000 -151.37186 -0.63181 -0.77513 0.00000 32.41315 -0.00000 -0.00000 -1.00000 0.00000
1623966785107543 0.81786 -0.57541 -0.00000 -155.13429 -0.57541 -0.81786 0.00000 21.67329 -0.00000 -0.00000 -1.00000 0.00000
1623966785356921 0.87263 -0.48839 0.00000 -158.09806 -0.48839 -0.87263 0.00000 5.46817 -0.00000 -0.00000 -1.00000 0.00000
1623966785606925 0.92188 -0.38748 0.00000 -159.40867 -0.38748 -0.92188 0.00000 -12.17214 -0.00000 -0.00000 -1.00000 -0.00000
1623966785856930 0.96357 -0.26745 -0.00000 -157.95585 -0.26745 -0.96357 0.00000 -32.53335 -0.00000 -0.00000 -1.00000 -0.00000
1623966786106936 0.99062 -0.13668 0.00000 -153.64371 -0.13668 -0.99062 0.00000 -53.23400 -0.00000 -0.00000 -1.00000 -0.00000
1623966786357566 0.99991 0.01336 -0.00000 -145.16697 0.01336 -0.99991 0.00000 -75.66727 0.00000 -0.00000 -1.00000 -0.00000
1623966786608196 0.98755 0.15731 0.00000 -133.98705 0.15731 -0.98755 0.00000 -95.75729 0.00000 -0.00000 -1.00000 -0.00000
1623966786857573 0.94663 0.32231 0.00000 -116.97968 0.32231 -0.94663 0.00000 -117.04526 0.00000 -0.00000 -1.00000 -0.00000
1623966787107585 0.87155 0.49030 -0.00000 -94.74059 0.49030 -0.87155 0.00000 -136.53984 0.00000 -0.00000 -1.00000 -0.00000
1623966787357580 0.76105 0.64869 0.00000 -67.70970 0.64869 -0.76105 0.00000 -152.13220 0.00000 -0.00000 -1.00000 -0.00000
1623966787606961 0.60554 0.79582 0.00000 -34.84933 0.79582 -0.60554 0.00000 -163.08058 0.00000 -0.00000 -1.00000 -0.00000
1623966787856966 0.42187 0.90666 -0.00000 -0.41800 0.90666 -0.42187 0.00000 -166.65629 0.00000 -0.00000 -1.00000 -0.00000
1623966788106964 0.20933 0.97784 0.00000 35.75429 0.97784 -0.20933 0.00000 -162.57742 0.00000 -0.00000 -1.00000 -0.00000
1623966788357599 -0.02675 0.99964 0.00000 71.81198 0.99964 0.02675 0.00000 -149.50801 0.00000 0.00000 -1.00000 -0.00000
1623966788608226 -0.26352 0.96465 0.00000 104.29736 0.96465 0.26352 0.00000 -128.14859 0.00000 0.00000 -1.00000 -0.00000
1623966788858864 -0.48181 0.87627 0.00000 130.28670 0.87627 0.48181 0.00000 -100.19725 0.00000 0.00000 -1.00000 -0.00000
1623966789109483 -0.65774 0.75325 0.00000 147.40497 0.75325 0.65774 0.00000 -69.91907 0.00000 0.00000 -1.00000 -0.00000
1623966789359487 -0.77905 0.62697 0.00000 156.12208 0.62697 0.77905 0.00000 -43.17649 0.00000 0.00000 -1.00000 -0.00000
1623966789608866 -0.86173 0.50736 0.00000 159.50314 0.50736 0.86173 0.00000 -19.98025 0.00000 0.00000 -1.00000 -0.00000
1623966789858884 -0.91179 0.41067 -0.00000 159.36707 0.41067 0.91179 0.00000 -2.55663 0.00000 0.00000 -1.00000 -0.00000
1623966790108876 -0.93930 0.34309 -0.00000 157.65395 0.34309 0.93930 0.00000 9.12616 0.00000 0.00000 -1.00000 0.00000
1623966790358254 -0.95011 0.31190 0.00000 155.66678 0.31190 0.95011 0.00000 14.32134 0.00000 0.00000 -1.00000 0.00000
1623966790607634 -0.95853 0.28498 0.00000 153.64511 0.28498 0.95853 0.00000 18.74562 0.00000 0.00000 -1.00000 0.00000
1623966790857639 -0.95438 0.29859 0.00000 152.19685 0.29859 0.95438 0.00000 16.51882 0.00000 0.00000 -1.00000 0.00000
1623966791107017 -0.94842 0.31703 0.00000 150.76426 0.31703 0.94842 0.00000 13.60331 0.00000 0.00000 -1.00000 0.00000
1623966791356396 -0.94161 0.33669 -0.00000 149.25199 0.33669 0.94161 0.00000 10.59822 0.00000 0.00000 -1.00000 0.00000
1623966791606403 -0.92492 0.38016 0.00000 147.68535 0.38016 0.92492 0.00000 3.62118 0.00000 0.00000 -1.00000 0.00000
1623966791856409 -0.90088 0.43407 0.00000 145.78747 0.43407 0.90088 0.00000 -4.95434 0.00000 0.00000 -1.00000 -0.00000
1623966792106408 -0.87400 0.48592 0.00000 143.15251 0.48592 0.87400 0.00000 -13.62277 0.00000 0.00000 -1.00000 -0.00000
1623966792357039 -0.83995 0.54267 0.00000 139.87698 0.54267 0.83995 0.00000 -22.97910 0.00000 0.00000 -1.00000 -0.00000
1623966792607045 -0.80010 0.59987 -0.00000 135.77535 0.59987 0.80010 0.00000 -32.81486 0.00000 0.00000 -1.00000 -0.00000
1623966792857671 -0.75549 0.65516 0.00000 131.01074 0.65516 0.75549 0.00000 -42.30831 0.00000 0.00000 -1.00000 -0.00000
1623966793108303 -0.70574 0.70848 0.00000 125.42781 0.70848 0.70574 0.00000 -51.81433 0.00000 0.00000 -1.00000 -0.00000
1623966793357678 -0.66029 0.75101 0.00000 119.59337 0.75101 0.66029 0.00000 -59.49844 0.00000 0.00000 -1.00000 -0.00000
1623966793607687 -0.61122 0.79146 0.00000 113.29882 0.79146 0.61122 0.00000 -67.06976 0.00000 0.00000 -1.00000 -0.00000
1623966793857690 -0.55045 0.83487 0.00000 105.56780 0.83487 0.55045 0.00000 -75.13565 0.00000 0.00000 -1.00000 -0.00000
1623966794107070 -0.50861 0.86100 0.00000 99.47799 0.86100 0.50861 0.00000 -80.35550 0.00000 0.00000 -1.00000 -0.00000
1623966794356451 -0.46544 0.88508 0.00000 92.86078 0.88508 0.46544 0.00000 -85.19994 0.00000 0.00000 -1.00000 -0.00000
1623966794606458 -0.42894 0.90333 0.00000 86.87063 0.90333 0.42894 0.00000 -88.93605 0.00000 0.00000 -1.00000 -0.00000
1623966794856457 -0.39599 0.91825 0.00000 81.15778 0.91825 0.39599 0.00000 -92.04722 0.00000 0.00000 -1.00000 -0.00000
1623966795106460 -0.38468 0.92305 -0.00000 77.49263 0.92305 0.38468 0.00000 -93.15023 0.00000 0.00000 -1.00000 -0.00000
1623966795357089 -0.36327 0.93169 -0.00000 72.90907 0.93169 0.36327 0.00000 -94.94382 0.00000 0.00000 -1.00000 -0.00000
1623966795607727 -0.34425 0.93888 0.00000 68.39869 0.93888 0.34425 0.00000 -96.34683 0.00000 0.00000 -1.00000 -0.00000
1623966795857726 -0.33929 0.94068 0.00000 65.52082 0.94068 0.33929 0.00000 -96.92483 0.00000 0.00000 -1.00000 -0.00000
1623966796108354 -0.33495 0.94223 0.00000 62.51125 0.94223 0.33495 0.00000 -97.11843 0.00000 0.00000 -1.00000 -0.00000
1623966796357733 -0.35364 0.93538 -0.00000 62.03380 0.93538 0.35364 0.00000 -95.85619 0.00000 0.00000 -1.00000 -0.00000
1623966796607115 -0.39144 0.92020 0.00000 63.37770 0.92020 0.39144 0.00000 -93.24790 0.00000 0.00000 -1.00000 -0.00000
1623966796857130 -0.43818 0.89889 0.00000 65.73039 0.89889 0.43818 0.00000 -90.06282 0.00000 0.00000 -1.00000 -0.00000
1623966797107122 -0.49407 0.86942 0.00000 68.82562 0.86942 0.49407 0.00000 -85.82578 0.00000 0.00000 -1.00000 -0.00000
1623966797357125 -0.55472 0.83204 0.00000 72.43247 0.83204 0.55472 0.00000 -80.97308 0.00000 0.00000 -1.00000 -0.00000
1623966797608380 -0.61321 0.78992 0.00000 75.89119 0.78992 0.61321 0.00000 -75.69580 0.00000 0.00000 -1.00000 -0.00000
1623966797858419 -0.67743 0.73558 0.00000 79.68540 0.73558 0.67743 0.00000 -69.29235 0.00000 0.00000 -1.00000 -0.00000
1623966798108392 -0.73524 0.67780 0.00000 82.62461 0.67780 0.73524 0.00000 -62.62990 0.00000 0.00000 -1.00000 -0.00000
1623966798357770 -0.78549 0.61888 0.00000 84.96950 0.61888 0.78549 0.00000 -56.17529 0.00000 0.00000 -1.00000 -0.00000
1623966798607774 -0.83333 0.55278 0.00000 86.97289 0.55278 0.83333 0.00000 -49.15330 0.00000 0.00000 -1.00000 -0.00000
1623966798857778 -0.87658 0.48125 0.00000 88.53484 0.48125 0.87658 0.00000 -41.73837 0.00000 0.00000 -1.00000 -0.00000
1623966799107161 -0.91529 0.40279 -0.00000 89.62365 0.40279 0.91529 0.00000 -34.02067 0.00000 0.00000 -1.00000 -0.00000
1623966799356538 -0.94771 0.31914 0.00000 90.03915 0.31914 0.94771 0.00000 -25.90294 0.00000 0.00000 -1.00000 -0.00000
1623966799607170 -0.96850 0.24900 -0.00000 89.46868 0.24900 0.96850 0.00000 -19.11268 0.00000 0.00000 -1.00000 -0.00000
1623966799856548 -0.98449 0.17544 0.00000 88.28450 0.17544 0.98449 0.00000 -12.42023 0.00000 0.00000 -1.00000 -0.00000
1623966800107171 -0.99386 0.11063 -0.00000 86.68769 0.11063 0.99386 0.00000 -6.76970 0.00000 0.00000 -1.00000 -0.00000
1623966800357800 -0.99821 0.05977 0.00000 84.53376 0.05977 0.99821 0.00000 -2.35450 0.00000 0.00000 -1.00000 -0.00000
1623966800608431 -0.99978 0.02089 -0.00000 82.21754 0.02089 0.99978 0.00000 0.99367 0.00000 0.00000 -1.00000 0.00000
1623966800858429 -0.99996 -0.00865 0.00000 79.79446 -0.00865 0.99996 0.00000 3.37950 -0.00000 0.00000 -1.00000 0.00000
1623966801107812 -0.99957 -0.02919 0.00000 77.18865 -0.02919 0.99957 0.00000 4.95788 -0.00000 0.00000 -1.00000 0.00000
1623966801357822 -0.99918 -0.04053 0.00000 74.75307 -0.04053 0.99918 0.00000 5.84811 -0.00000 0.00000 -1.00000 0.00000
1623966801607202 -0.99906 -0.04346 0.00000 72.34069 -0.04346 0.99906 0.00000 6.03225 -0.00000 0.00000 -1.00000 0.00000
1623966801856580 -0.99916 -0.04109 0.00000 69.88011 -0.04109 0.99916 0.00000 5.87457 -0.00000 0.00000 -1.00000 0.00000
1623966802106580 -0.99932 -0.03696 0.00000 67.44501 -0.03696 0.99932 0.00000 5.56649 -0.00000 0.00000 -1.00000 0.00000
1623966802356586 -0.99941 -0.03443 0.00000 64.94997 -0.03443 0.99941 0.00000 5.37786 -0.00000 0.00000 -1.00000 0.00000
1623966802606590 -0.99952 -0.03112 0.00000 62.54051 -0.03112 0.99952 0.00000 5.12105 -0.00000 0.00000 -1.00000 0.00000
1623966802857222 -0.99961 -0.02788 -0.00000 60.05353 -0.02788 0.99961 0.00000 4.98029 -0.00000 0.00000 -1.00000 0.00000
1623966803107224 -0.99974 -0.02275 0.00000 57.62242 -0.02275 0.99974 0.00000 4.46189 -0.00000 0.00000 -1.00000 0.00000
1623966803357856 -0.99996 -0.00864 -0.00000 55.21921 -0.00864 0.99996 0.00000 3.64629 -0.00000 0.00000 -1.00000 0.00000
1623966803607861 -0.99995 -0.00965 0.00000 52.83646 -0.00965 0.99995 0.00000 3.53042 -0.00000 0.00000 -1.00000 0.00000
1623966803858486 -0.99999 -0.00539 -0.00000 50.41813 -0.00539 0.99999 0.00000 3.36814 -0.00000 0.00000 -1.00000 0.00000
1623966804108493 -0.99999 -0.00353 -0.00000 48.09775 -0.00353 0.99999 0.00000 3.24992 -0.00000 0.00000 -1.00000 0.00000
1623966804358494 -1.00000 -0.00059 0.00000 45.84051 -0.00059 1.00000 0.00000 3.11844 -0.00000 0.00000 -1.00000 0.00000
1623966804607877 -1.00000 -0.00237 0.00000 43.57069 -0.00237 1.00000 0.00000 3.11210 -0.00000 0.00000 -1.00000 0.00000
1623966804857886 -1.00000 -0.00052 0.00000 41.25045 -0.00052 1.00000 0.00000 3.08116 -0.00000 0.00000 -1.00000 0.00000
1623966805107259 -0.99998 -0.00593 0.00000 39.08658 -0.00593 0.99998 0.00000 2.99604 -0.00000 0.00000 -1.00000 0.00000
1623966805357892 -0.99999 -0.00512 0.00000 36.87250 -0.00512 0.99999 0.00000 3.15168 -0.00000 0.00000 -1.00000 0.00000
1623966805607268 -0.99998 -0.00598 0.00000 34.70196 -0.00598 0.99998 0.00000 3.15305 -0.00000 0.00000 -1.00000 0.00000
1623966805857278 -1.00000 0.00280 0.00000 32.50009 0.00280 1.00000 0.00000 2.86904 0.00000 0.00000 -1.00000 0.00000
1623966806107273 -0.99999 0.00420 0.00000 30.34424 0.00420 0.99999 0.00000 2.67474 0.00000 0.00000 -1.00000 0.00000
1623966806357283 -0.99994 0.01059 0.00000 28.05609 0.01059 0.99994 0.00000 2.44073 0.00000 0.00000 -1.00000 0.00000
1623966806607287 -0.99989 0.01494 0.00000 25.97252 0.01494 0.99989 0.00000 2.32467 0.00000 0.00000 -1.00000 0.00000
1623966806857917 -0.99958 0.02914 0.00000 23.85659 0.02914 0.99958 0.00000 1.90274 0.00000 0.00000 -1.00000 0.00000
1623966807107918 -0.99926 0.03843 -0.00000 21.69564 0.03843 0.99926 0.00000 1.61154 0.00000 0.00000 -1.00000 0.00000
1623966807357925 -0.99868 0.05139 0.00000 19.53195 0.05139 0.99868 0.00000 1.48338 0.00000 0.00000 -1.00000 0.00000
1623966807607306 -0.99810 0.06169 -0.00000 17.36878 0.06169 0.99810 0.00000 1.11599 0.00000 0.00000 -1.00000 0.00000
1623966807857309 -0.99722 0.07458 0.00000 15.08348 0.07458 0.99722 0.00000 0.96318 0.00000 0.00000 -1.00000 0.00000
1623966808107305 -0.99604 0.08889 0.00000 12.97230 0.08889 0.99604 0.00000 0.73189 0.00000 0.00000 -1.00000 0.00000
1623966808356689 -0.99622 0.08682 -0.00000 10.71305 0.08682 0.99622 0.00000 0.72310 0.00000 0.00000 -1.00000 0.00000
1623966808607321 -0.99557 0.09404 -0.00000 8.49161 0.09404 0.99557 0.00000 0.67965 0.00000 0.00000 -1.00000 0.00000
1623966808857325 -0.99558 0.09397 -0.00000 6.33119 0.09397 0.99558 0.00000 0.70684 0.00000 0.00000 -1.00000 0.00000
1623966809107348 -0.99636 0.08523 0.00000 4.09806 0.08523 0.99636 0.00000 0.67474 0.00000 0.00000 -1.00000 0.00000
1623966809357958 -0.99620 0.08711 0.00000 1.87272 0.08711 0.99620 0.00000 0.62386 0.00000 0.00000 -1.00000 0.00000
1623966809607965 -0.99763 0.06879 -0.00000 -0.40664 0.06879 0.99763 0.00000 0.60730 0.00000 0.00000 -1.00000 0.00000
1623966809858586 -0.99743 0.07166 0.00000 -2.66157 0.07166 0.99743 0.00000 0.64205 0.00000 0.00000 -1.00000 0.00000
1623966810107966 -0.99868 0.05142 0.00000 -4.85468 0.05142 0.99868 0.00000 0.48208 0.00000 0.00000 -1.00000 0.00000
1623966810357971 -0.99851 0.05460 0.00000 -7.14890 0.05460 0.99851 0.00000 0.55045 0.00000 0.00000 -1.00000 0.00000
1623966810607976 -0.99859 0.05305 0.00000 -9.48696 0.05305 0.99859 0.00000 0.54678 0.00000 0.00000 -1.00000 0.00000
1623966810857359 -0.99883 0.04828 0.00000 -11.82859 0.04828 0.99883 0.00000 0.40996 0.00000 0.00000 -1.00000 0.00000
1623966811107367 -0.99872 0.05049 -0.00000 -14.11514 0.05049 0.99872 0.00000 0.42020 0.00000 0.00000 -1.00000 0.00000
1623966811356739 -0.99938 0.03522 0.00000 -16.55203 0.03522 0.99938 0.00000 0.19395 0.00000 0.00000 -1.00000 0.00000
1623966811606743 -0.99938 0.03510 0.00000 -18.92207 0.03510 0.99938 0.00000 0.14422 0.00000 0.00000 -1.00000 0.00000
1623966811856753 -0.99955 0.03002 0.00000 -21.39588 0.03002 0.99955 0.00000 -0.03982 0.00000 0.00000 -1.00000 -0.00000
1623966812107381 -0.99959 0.02859 0.00000 -23.98162 0.02859 0.99959 0.00000 -0.05209 0.00000 0.00000 -1.00000 -0.00000
1623966812358010 -0.99975 0.02258 0.00000 -26.44325 0.02258 0.99975 0.00000 -0.32753 0.00000 0.00000 -1.00000 -0.00000
1623966812608637 -0.99980 0.02008 -0.00000 -28.87478 0.02008 0.99980 0.00000 -0.34876 0.00000 0.00000 -1.00000 -0.00000
1623966812858649 -0.99994 0.01098 0.00000 -31.32464 0.01098 0.99994 0.00000 -0.67918 0.00000 0.00000 -1.00000 -0.00000
1623966813108647 -0.99989 0.01507 -0.00000 -33.82093 0.01507 0.99989 0.00000 -0.50892 0.00000 0.00000 -1.00000 -0.00000
1623966813358020 -0.99991 0.01346 -0.00000 -36.20417 0.01346 0.99991 0.00000 -0.56309 0.00000 0.00000 -1.00000 -0.00000
1623966813607403 -1.00000 -0.00078 0.00000 -38.54044 -0.00078 1.00000 0.00000 -1.10187 -0.00000 0.00000 -1.00000 -0.00000
1623966813857451 -1.00000 0.00293 0.00000 -41.02824 0.00293 1.00000 0.00000 -0.96820 0.00000 0.00000 -1.00000 -0.00000
1623966814107414 -1.00000 -0.00286 0.00000 -43.24586 -0.00286 1.00000 0.00000 -1.23399 -0.00000 0.00000 -1.00000 -0.00000
1623966814357419 -0.99999 -0.00338 -0.00000 -45.60870 -0.00338 0.99999 0.00000 -1.36477 -0.00000 0.00000 -1.00000 -0.00000
1623966814607420 -0.99989 -0.01486 0.00000 -47.82944 -0.01486 0.99989 0.00000 -1.92824 -0.00000 0.00000 -1.00000 -0.00000
1623966814858052 -0.99985 -0.01714 0.00000 -49.99445 -0.01714 0.99985 0.00000 -2.04875 -0.00000 0.00000 -1.00000 -0.00000
1623966815108058 -0.99978 -0.02087 0.00000 -52.07119 -0.02087 0.99978 0.00000 -2.30651 -0.00000 0.00000 -1.00000 -0.00000
1623966815358058 -0.99973 -0.02307 0.00000 -54.24465 -0.02307 0.99973 0.00000 -2.49091 -0.00000 0.00000 -1.00000 -0.00000
1623966815608061 -0.99984 -0.01809 0.00000 -56.16462 -0.01809 0.99984 0.00000 -2.22445 -0.00000 0.00000 -1.00000 -0.00000
1623966815857440 -0.99987 -0.01590 0.00000 -58.04673 -0.01590 0.99987 0.00000 -2.13682 -0.00000 0.00000 -1.00000 -0.00000
1623966816107453 -0.99990 0.01397 0.00000 -59.88053 0.01397 0.99990 0.00000 -0.35990 0.00000 0.00000 -1.00000 -0.00000
1623966816356826 -0.99947 0.03250 -0.00000 -61.43009 0.03250 0.99947 0.00000 0.60514 0.00000 0.00000 -1.00000 0.00000
1623966816606829 -0.99797 0.06370 0.00000 -62.99583 0.06370 0.99797 0.00000 2.55647 0.00000 0.00000 -1.00000 0.00000
1623966816857456 -0.99259 0.12151 0.00000 -64.14614 0.12151 0.99259 0.00000 6.21951 0.00000 0.00000 -1.00000 0.00000
1623966817107460 -0.98536 0.17051 0.00000 -65.09552 0.17051 0.98536 0.00000 9.42829 0.00000 0.00000 -1.00000 0.00000
1623966817357474 -0.97215 0.23438 0.00000 -65.67430 0.23438 0.97215 0.00000 13.49184 0.00000 0.00000 -1.00000 0.00000
1623966817608099 -0.94798 0.31833 0.00000 -65.28749 0.31833 0.94798 0.00000 19.21241 0.00000 0.00000 -1.00000 0.00000
1623966817858104 -0.91723 0.39836 0.00000 -64.43046 0.39836 0.91723 0.00000 24.77059 0.00000 0.00000 -1.00000 0.00000
1623966818108108 -0.86542 0.50105 0.00000 -62.23376 0.50105 0.86542 0.00000 31.89640 0.00000 0.00000 -1.00000 0.00000
1623966818358112 -0.79473 0.60696 0.00000 -58.67345 0.60696 0.79473 0.00000 39.53250 0.00000 0.00000 -1.00000 0.00000
1623966818607491 -0.71174 0.70244 0.00000 -54.31551 0.70244 0.71174 0.00000 46.49989 0.00000 0.00000 -1.00000 0.00000
1623966818857494 -0.60675 0.79490 0.00000 -48.34550 0.79490 0.60675 0.00000 53.69404 0.00000 0.00000 -1.00000 0.00000
1623966819106873 -0.50081 0.86555 -0.00000 -42.00982 0.86555 0.50081 0.00000 59.30215 0.00000 0.00000 -1.00000 0.00000
1623966819356873 -0.38744 0.92190 0.00000 -35.21366 0.92190 0.38744 0.00000 64.24798 0.00000 0.00000 -1.00000 0.00000
1623966819606252 -0.29307 0.95609 0.00000 -29.78301 0.95609 0.29307 0.00000 67.29244 0.00000 0.00000 -1.00000 0.00000
1623966819856261 -0.19983 0.97983 0.00000 -24.28633 0.97983 0.19983 0.00000 69.87912 0.00000 0.00000 -1.00000 0.00000
1623966820106265 -0.13150 0.99132 -0.00000 -20.62234 0.99132 0.13150 0.00000 71.44037 0.00000 0.00000 -1.00000 0.00000
1623966820356266 -0.09859 0.99513 0.00000 -19.61087 0.99513 0.09859 0.00000 71.88653 0.00000 0.00000 -1.00000 0.00000
1623966820606898 -0.07621 0.99709 -0.00000 -19.28687 0.99709 0.07621 0.00000 72.36337 0.00000 0.00000 -1.00000 0.00000
1623966820857538 -0.06292 0.99802 0.00000 -19.78955 0.99802 0.06292 0.00000 72.43906 0.00000 0.00000 -1.00000 0.00000
1623966821108158 -0.05582 0.99844 0.00000 -20.78457 0.99844 0.05582 0.00000 72.57378 0.00000 0.00000 -1.00000 0.00000
1623966821358791 -0.04702 0.99889 0.00000 -21.82755 0.99889 0.04702 0.00000 72.70951 0.00000 0.00000 -1.00000 0.00000
1623966821608794 -0.03721 0.99931 0.00000 -22.82111 0.99931 0.03721 0.00000 72.93322 0.00000 0.00000 -1.00000 0.00000
1623966821858180 -0.03586 0.99936 0.00000 -24.51729 0.99936 0.03586 0.00000 72.86941 0.00000 0.00000 -1.00000 0.00000
1623966822107552 -0.03136 0.99951 0.00000 -25.97399 0.99951 0.03136 0.00000 72.90883 0.00000 0.00000 -1.00000 0.00000
1623966822357556 -0.01731 0.99985 0.00000 -26.98442 0.99985 0.01731 0.00000 73.28424 0.00000 0.00000 -1.00000 0.00000
1623966822606934 -0.00149 1.00000 0.00000 -27.79537 1.00000 0.00149 0.00000 73.61817 0.00000 0.00000 -1.00000 0.00000
1623966822856939 0.01267 0.99992 0.00000 -28.71091 0.99992 -0.01267 0.00000 74.12361 0.00000 -0.00000 -1.00000 0.00000
1623966823107566 0.02704 0.99963 0.00000 -29.73321 0.99963 -0.02704 0.00000 74.48033 0.00000 -0.00000 -1.00000 0.00000
1623966823357573 0.04687 0.99890 0.00000 -30.24674 0.99890 -0.04687 0.00000 75.03371 0.00000 -0.00000 -1.00000 0.00000
1623966823608198 0.08091 0.99672 0.00000 -29.72374 0.99672 -0.08091 0.00000 75.97524 0.00000 -0.00000 -1.00000 0.00000
1623966823858206 0.09130 0.99582 0.00000 -31.05522 0.99582 -0.09130 0.00000 76.22819 0.00000 -0.00000 -1.00000 0.00000
1623966824108212 0.12131 0.99261 0.00000 -30.84833 0.99261 -0.12131 0.00000 77.19835 0.00000 -0.00000 -1.00000 0.00000
1623966824357587 0.13788 0.99045 0.00000 -31.46819 0.99045 -0.13788 0.00000 77.56245 0.00000 -0.00000 -1.00000 0.00000
1623966824607592 0.15915 0.98726 0.00000 -31.84849 0.98726 -0.15915 0.00000 78.18549 0.00000 -0.00000 -1.00000 0.00000
1623966824857592 0.16425 0.98642 0.00000 -33.66808 0.98642 -0.16425 0.00000 78.32354 0.00000 -0.00000 -1.00000 0.00000
1623966825106973 0.16082 0.98698 -0.00000 -35.86979 0.98698 -0.16082 0.00000 78.07898 0.00000 -0.00000 -1.00000 0.00000
1623966825356976 0.16099 0.98696 0.00000 -37.68177 0.98696 -0.16099 0.00000 78.22462 0.00000 -0.00000 -1.00000 0.00000
1623966825607608 0.15504 0.98791 0.00000 -40.18301 0.98791 -0.15504 0.00000 78.04588 0.00000 -0.00000 -1.00000 0.00000
1623966825858238 0.13669 0.99061 0.00000 -43.75389 0.99061 -0.13669 0.00000 77.29919 0.00000 -0.00000 -1.00000 0.00000
1623966826108246 0.11674 0.99316 0.00000 -47.40205 0.99316 -0.11674 0.00000 76.26996 0.00000 -0.00000 -1.00000 0.00000
1623966826358247 0.09476 0.99550 0.00000 -51.06462 0.99550 -0.09476 0.00000 75.12053 0.00000 -0.00000 -1.00000 0.00000
1623966826608251 0.07772 0.99698 -0.00000 -54.45080 0.99698 -0.07772 0.00000 74.16461 0.00000 -0.00000 -1.00000 0.00000
1623966826858254 0.06016 0.99819 0.00000 -57.80279 0.99819 -0.06016 0.00000 73.13463 0.00000 -0.00000 -1.00000 0.00000
1623966827107640 0.04395 0.99903 0.00000 -61.02846 0.99903 -0.04395 0.00000 72.21991 0.00000 -0.00000 -1.00000 0.00000
1623966827357640 0.02303 0.99973 -0.00000 -64.50991 0.99973 -0.02303 0.00000 70.85839 0.00000 -0.00000 -1.00000 0.00000
1623966827607644 0.00961 0.99995 0.00000 -67.55744 0.99995 -0.00961 0.00000 70.05425 0.00000 -0.00000 -1.00000 0.00000
1623966827857647 -0.01458 0.99989 0.00000 -71.24647 0.99989 0.01458 0.00000 68.20434 0.00000 0.00000 -1.00000 0.00000
1623966828108278 -0.03432 0.99941 0.00000 -74.64144 0.99941 0.03432 0.00000 66.73744 0.00000 0.00000 -1.00000 0.00000
1623966828358907 -0.04749 0.99887 -0.00000 -77.40829 0.99887 0.04749 0.00000 65.82474 0.00000 0.00000 -1.00000 0.00000
1623966828608287 -0.08367 0.99649 0.00000 -81.62374 0.99649 0.08367 0.00000 62.87598 0.00000 0.00000 -1.00000 0.00000
1623966828857678 -0.11966 0.99282 0.00000 -85.80494 0.99282 0.11966 0.00000 59.85564 0.00000 0.00000 -1.00000 0.00000
1623966829107675 -0.15924 0.98724 0.00000 -89.97778 0.98724 0.15924 0.00000 56.32475 0.00000 0.00000 -1.00000 0.00000
1623966829357676 -0.19903 0.97999 0.00000 -94.09358 0.97999 0.19903 0.00000 52.59665 0.00000 0.00000 -1.00000 0.00000
1623966829607678 -0.24721 0.96896 0.00000 -98.33685 0.96896 0.24721 0.00000 47.83393 0.00000 0.00000 -1.00000 0.00000
1623966829858359 -0.29735 0.95477 0.00000 -102.50624 0.95477 0.29735 0.00000 42.65145 0.00000 0.00000 -1.00000 0.00000
1623966830108939 -0.36224 0.93209 -0.00000 -106.87824 0.93209 0.36224 0.00000 35.43421 0.00000 0.00000 -1.00000 0.00000
1623966830358319 -0.43782 0.89906 0.00000 -111.15692 0.89906 0.43782 0.00000 26.45069 0.00000 0.00000 -1.00000 0.00000
1623966830608324 -0.51339 0.85815 0.00000 -114.59127 0.85815 0.51339 0.00000 16.69777 0.00000 0.00000 -1.00000 0.00000
1623966830858321 -0.58788 0.80895 0.00000 -117.32027 0.80895 0.58788 0.00000 6.44887 0.00000 0.00000 -1.00000 0.00000
1623966831108329 -0.67060 0.74182 0.00000 -118.91412 0.74182 0.67060 0.00000 -6.14113 0.00000 0.00000 -1.00000 -0.00000
1623966831357084 -0.74591 0.66605 0.00000 -119.20188 0.66605 0.74591 0.00000 -18.96099 0.00000 0.00000 -1.00000 -0.00000
1623966831607088 -0.82162 0.57004 -0.00000 -117.57393 0.57004 0.82162 0.00000 -33.29893 0.00000 0.00000 -1.00000 -0.00000
1623966831857093 -0.87737 0.47981 0.00000 -115.07376 0.47981 0.87737 0.00000 -45.70027 0.00000 0.00000 -1.00000 -0.00000
1623966832107105 -0.92537 0.37905 -0.00000 -110.81808 0.37905 0.92537 0.00000 -58.39232 0.00000 0.00000 -1.00000 -0.00000
1623966832358350 -0.95400 0.29982 0.00000 -107.02073 0.29982 0.95400 0.00000 -67.33199 0.00000 0.00000 -1.00000 -0.00000
1623966832608978 -0.96992 0.24341 0.00000 -104.45197 0.24341 0.96992 0.00000 -73.48071 0.00000 0.00000 -1.00000 -0.00000
1623966832859608 -0.97885 0.20458 0.00000 -103.01947 0.20458 0.97885 0.00000 -77.58699 0.00000 0.00000 -1.00000 -0.00000
1623966833109616 -0.98195 0.18916 0.00000 -103.35566 0.18916 0.98195 0.00000 -79.18735 0.00000 0.00000 -1.00000 -0.00000
1623966833358999 -0.98186 0.18958 0.00000 -104.95305 0.18958 0.98186 0.00000 -79.23616 0.00000 0.00000 -1.00000 -0.00000
1623966833608376 -0.98074 0.19532 0.00000 -106.96953 0.19532 0.98074 0.00000 -78.65328 0.00000 0.00000 -1.00000 -0.00000
1623966833858381 -0.97552 0.21990 0.00000 -110.69723 0.21990 0.97552 0.00000 -75.87429 0.00000 0.00000 -1.00000 -0.00000
1623966834107758 -0.96449 0.26410 0.00000 -115.69994 0.26410 0.96449 0.00000 -70.81378 0.00000 0.00000 -1.00000 -0.00000
1623966834357134 -0.94577 0.32482 0.00000 -121.75639 0.32482 0.94577 0.00000 -63.28648 0.00000 0.00000 -1.00000 -0.00000
1623966834607136 -0.92381 0.38284 0.00000 -127.16683 0.38284 0.92381 0.00000 -55.75124 0.00000 0.00000 -1.00000 -0.00000
1623966834857140 -0.89104 0.45393 -0.00000 -132.98700 0.45393 0.89104 0.00000 -45.62289 0.00000 0.00000 -1.00000 -0.00000
1623966835107145 -0.85661 0.51596 -0.00000 -137.69606 0.51596 0.85661 0.00000 -36.03649 0.00000 0.00000 -1.00000 -0.00000
1623966835357155 -0.82520 0.56483 -0.00000 -141.49047 0.56483 0.82520 0.00000 -28.06096 0.00000 0.00000 -1.00000 -0.00000
1623966835607789 -0.79233 0.61009 0.00000 -144.79570 0.61009 0.79233 0.00000 -20.13340 0.00000 0.00000 -1.00000 -0.00000
1623966835858417 -0.76007 0.64984 0.00000 -147.64999 0.64984 0.76007 0.00000 -12.48367 0.00000 0.00000 -1.00000 -0.00000
1623966836108417 -0.74011 0.67248 0.00000 -150.04652 0.67248 0.74011 0.00000 -8.11455 0.00000 0.00000 -1.00000 -0.00000
1623966836358422 -0.72759 0.68601 0.00000 -152.21874 0.68601 0.72759 0.00000 -5.33813 0.00000 0.00000 -1.00000 -0.00000
1623966836608424 -0.71895 0.69506 -0.00000 -154.58000 0.69506 0.71895 0.00000 -3.60074 0.00000 0.00000 -1.00000 -0.00000
1623966836859066 -0.71019 0.70401 0.00000 -156.68691 0.70401 0.71019 0.00000 -1.58106 0.00000 0.00000 -1.00000 -0.00000
1623966837108434 -0.71134 0.70285 -0.00000 -158.98546 0.70285 0.71134 0.00000 -1.91576 0.00000 0.00000 -1.00000 -0.00000
1623966837358442 -0.70429 0.70992 0.00000 -161.33697 0.70992 0.70429 0.00000 -0.42775 0.00000 0.00000 -1.00000 -0.00000
1623966837607817 -0.70776 0.70646 0.00000 -163.70992 0.70646 0.70776 0.00000 -1.13215 0.00000 0.00000 -1.00000 -0.00000
1623966837857865 -0.70432 0.70989 0.00000 -166.19907 0.70989 0.70432 0.00000 -0.47567 0.00000 0.00000 -1.00000 -0.00000
1623966838107822 -0.70098 0.71318 -0.00000 -168.63756 0.71318 0.70098 0.00000 0.31525 0.00000 0.00000 -1.00000 0.00000
