1. 0. 0. 0. 0. -1. -0. 0. 0. 0. -1. 0.
1. -0.003 -0. 0.049 -0.003 -1. -0. 0.014 0. 0. -1. 0.
1. -0.004 -0. 0.032 -0.004 -1. -0. -0.078 0. 0. -1. 0.
1. -0.002 -0. 0.015 -0.002 -1. -0. -0.009 0. 0. -1. 0.
1. -0.002 -0. 0.020 -0.002 -1. -0. -0.010 0. 0. -1. 0.
1. 0.002 0. -0.002 0.002 -1. -0. -0.077 0. 0. -1. 0.
1. 0.003 0. 0.025 0.003 -1. -0. -0.070 0. 0. -1. 0.
1. -0.004 -0. 0.014 -0.004 -1. -0. -0.036 0. 0. -1. 0.
1. 0.002 0. 0.004 0.002 -1. -0. -0.090 0. 0. -1. 0.
1. -0.003 -0. 0.014 -0.003 -1. -0. 0.003 0. 0. -1. 0.
1. -0.001 -0. 0.014 -0.001 -1. -0. -0.041 0. 0. -1. 0.
1. 0.004 0. 0.022 0.004 -1. -0. -0.049 0. 0. -1. 0.
1. -0.001 -0. 0.028 -0.001 -1. -0. 0.005 0. 0. -1. 0.
1. -0.002 -0. 0.004 -0.002 -1. -0. 0.006 0. 0. -1. 0.
1. -0.001 -0. 0.016 -0.001 -1. -0. -0.092 0. 0. -1. 0.
1. 0.002 0. -0.007 0.002 -1. -0. -0.058 0. 0. -1. 0.
1. 0.003 0. 0.029 0.003 -1. -0. -0.085 0. 0. -1. 0.
1. 0. 0. 0.032 0. -1. -0. -0.056 0. 0. -1. 0.
1. -0.007 -0. 0.053 -0.007 -1. -0. -0.002 0. 0. -1. 0.
1. -0.004 -0. 0.052 -0.004 -1. -0. -0.077 0. 0. -1. 0.
1. -0.004 -0. 0.147 -0.004 -1. -0. -0.026 0. 0. -1. 0.
1.000 -0.017 -0. 0.180 -0.017 -1.000 -0. -0.113 0. 0. -1. 0.
1.000 -0.029 -0. 0.300 -0.029 -1.000 -0. -0.118 0. 0. -1. 0.
0.999 -0.041 -0. 0.506 -0.041 -0.999 -0. -0.158 0. 0. -1. 0.
0.998 -0.070 -0. 0.727 -0.070 -0.998 -0. -0.207 0. 0. -1. 0.
0.994 -0.111 -0. 1.040 -0.111 -0.994 -0. -0.169 0. 0. -1. 0.
0.990 -0.142 -0. 1.310 -0.142 -0.990 -0. -0.304 0. 0. -1. 0.
0.985 -0.175 -0. 1.756 -0.175 -0.985 -0. -0.303 0. 0. -1. 0.
0.977 -0.213 -0. 2.200 -0.213 -0.977 -0. -0.425 0. 0. -1. 0.
0.973 -0.230 -0. 2.651 -0.230 -0.973 -0. -0.663 0. 0. -1. 0.
0.969 -0.248 -0. 3.176 -0.248 -0.969 -0. -0.764 0. 0. -1. 0.
0.968 -0.252 -0. 3.722 -0.252 -0.968 -0. -0.845 0. 0. -1. 0.
0.969 -0.249 -0. 4.313 -0.249 -0.969 -0. -1.064 0. 0. -1. 0.
0.967 -0.255 -0. 5.011 -0.255 -0.967 -0. -1.202 0. 0. -1. 0.
0.968 -0.251 -0. 5.666 -0.251 -0.968 -0. -1.410 0. 0. -1. 0.
0.968 -0.250 -0. 6.395 -0.250 -0.968 -0. -1.582 0. 0. -1. 0.
0.972 -0.235 -0. 7.123 -0.235 -0.972 -0. -1.888 0. 0. -1. 0.
0.974 -0.228 -0. 7.932 -0.228 -0.974 -0. -2.032 0. 0. -1. 0.
0.974 -0.225 -0. 8.799 -0.225 -0.974 -0. -2.217 0. 0. -1. 0.
0.977 -0.213 -0. 9.592 -0.213 -0.977 -0. -2.526 0. 0. -1. 0.
0.978 -0.209 -0. 10.441 -0.209 -0.978 -0. -2.623 0. 0. -1. 0.
0.979 -0.205 -0. 11.367 -0.205 -0.979 -0. -2.772 0. 0. -1. 0.
0.980 -0.200 -0. 12.251 -0.200 -0.980 -0. -3.001 0. 0. -1. 0.
0.980 -0.200 -0. 13.136 -0.200 -0.980 -0. -3.140 0. 0. -1. 0.
0.980 -0.197 -0. 14.112 -0.197 -0.980 -0. -3.411 0. 0. -1. 0.
0.982 -0.186 -0. 15.088 -0.186 -0.982 -0. -3.541 0. 0. -1. 0.
0.984 -0.177 -0. 16.052 -0.177 -0.984 -0. -3.921 0. 0. -1. 0.
0.986 -0.166 -0. 17.069 -0.166 -0.986 -0. -3.951 0. 0. -1. 0.
0.988 -0.156 -0. 18.127 -0.156 -0.988 -0. -4.191 0. 0. -1. 0.
0.989 -0.146 -0. 19.065 -0.146 -0.989 -0. -4.429 0. 0. -1. 0.
0.992 -0.128 -0. 20.053 -0.128 -0.992 -0. -4.524 0. 0. -1. 0.
0.992 -0.129 -0. 21.069 -0.129 -0.992 -0. -4.636 0. 0. -1. 0.
0.993 -0.119 -0. 21.941 -0.119 -0.993 -0. -4.800 0. 0. -1. 0.
0.994 -0.106 -0. 22.859 -0.106 -0.994 -0. -4.903 0. 0. -1. 0.
0.995 -0.101 -0. 23.790 -0.101 -0.995 -0. -5.041 0. 0. -1. 0.
0.995 -0.102 -0. 24.719 -0.102 -0.995 -0. -5.079 0. 0. -1. 0.
0.996 -0.092 -0. 25.770 -0.092 -0.996 -0. -5.161 0. 0. -1. 0.
0.996 -0.085 -0. 26.785 -0.085 -0.996 -0. -5.329 0. 0. -1. 0.
0.996 -0.084 -0. 27.753 -0.084 -0.996 -0. -5.350 0. 0. -1. 0.
0.997 -0.084 -0. 28.797 -0.084 -0.997 -0. -5.319 0. 0. -1. 0.
0.996 -0.088 -0. 29.837 -0.088 -0.996 -0. -5.551 0. 0. -1. 0.
0.996 -0.085 -0. 30.782 -0.085 -0.996 -0. -5.681 0. 0. -1. 0.
0.996 -0.087 -0. 31.817 -0.087 -0.996 -0. -5.783 0. 0. -1. 0.
0.996 -0.088 -0. 32.741 -0.088 -0.996 -0. -5.949 0. 0. -1. 0.
0.996 -0.086 -0. 33.649 -0.086 -0.996 -0. -6.013 0. 0. -1. 0.
0.996 -0.087 -0. 34.536 -0.087 -0.996 -0. -6.052 0. 0. -1. 0.
0.996 -0.085 -0. 35.505 -0.085 -0.996 -0. -6.176 0. 0. -1. 0.
0.996 -0.087 -0. 36.480 -0.087 -0.996 -0. -6.322 0. 0. -1. 0.
0.996 -0.085 -0. 37.178 -0.085 -0.996 -0. -6.343 0. 0. -1. 0.
0.996 -0.085 -0. 38.014 -0.085 -0.996 -0. -6.509 0. 0. -1. 0.
0.996 -0.087 -0. 38.923 -0.087 -0.996 -0. -6.603 0. 0. -1. 0.
0.996 -0.091 -0. 39.771 -0.091 -0.996 -0. -6.629 0. 0. -1. 0.
0.996 -0.094 -0. 40.757 -0.094 -0.996 -0. -6.693 0. 0. -1. 0.
0.996 -0.090 -0. 41.613 -0.090 -0.996 -0. -6.966 0. 0. -1. 0.
0.995 -0.101 -0. 42.521 -0.101 -0.995 -0. -6.931 0. 0. -1. 0.
0.995 -0.098 -0. 43.345 -0.098 -0.995 -0. -7.061 0. 0. -1. 0.
0.995 -0.095 -0. 44.250 -0.095 -0.995 -0. -7.222 0. 0. -1. 0.
0.995 -0.098 -0. 45.266 -0.098 -0.995 -0. -7.287 0. 0. -1. 0.
0.995 -0.101 -0. 46.147 -0.101 -0.995 -0. -7.369 0. 0. -1. 0.
0.995 -0.101 -0. 46.995 -0.101 -0.995 -0. -7.537 0. 0. -1. 0.
0.994 -0.106 -0. 48.041 -0.106 -0.994 -0. -7.519 0. 0. -1. 0.
0.994 -0.109 -0. 49.020 -0.109 -0.994 -0. -7.688 0. 0. -1. 0.
0.993 -0.116 -0. 49.975 -0.116 -0.993 -0. -7.869 0. 0. -1. 0.
0.992 -0.124 -0. 50.897 -0.124 -0.992 -0. -7.937 0. 0. -1. 0.
0.992 -0.126 -0. 51.782 -0.126 -0.992 -0. -8.176 0. 0. -1. 0.
0.991 -0.130 -0. 52.695 -0.130 -0.991 -0. -8.351 0. 0. -1. 0.
0.991 -0.132 -0. 53.523 -0.132 -0.991 -0. -8.455 0. 0. -1. 0.
0.991 -0.133 -0. 54.297 -0.133 -0.991 -0. -8.493 0. 0. -1. 0.
0.993 -0.121 -0. 55.084 -0.121 -0.993 -0. -8.628 0. 0. -1. 0.
0.993 -0.118 -0. 55.795 -0.118 -0.993 -0. -8.775 0. 0. -1. 0.
0.993 -0.118 -0. 56.559 -0.118 -0.993 -0. -8.854 0. 0. -1. 0.
0.994 -0.113 -0. 57.254 -0.113 -0.994 -0. -8.971 0. 0. -1. 0.
0.995 -0.103 -0. 58.044 -0.103 -0.995 -0. -9.066 0. 0. -1. 0.
0.996 -0.091 -0. 58.743 -0.091 -0.996 -0. -9.069 0. 0. -1. 0.
0.997 -0.076 -0. 59.511 -0.076 -0.997 -0. -9.230 0. 0. -1. 0.
0.998 -0.058 -0. 60.296 -0.058 -0.998 -0. -9.345 0. 0. -1. 0.
0.999 -0.050 -0. 61.205 -0.050 -0.999 -0. -9.332 0. 0. -1. 0.
0.999 -0.036 -0. 62.098 -0.036 -0.999 -0. -9.399 0. 0. -1. 0.
1.000 -0.026 -0. 63.099 -0.026 -1.000 -0. -9.347 0. 0. -1. 0.
1.000 -0.015 -0. 64.150 -0.015 -1.000 -0. -9.349 0. 0. -1. 0.
1. -0.010 -0. 65.325 -0.010 -1. -0. -9.370 0. 0. -1. 0.
1. 0.003 0. 66.403 0.003 -1. -0. -9.374 0. 0. -1. 0.
1.000 0.021 0. 67.568 0.021 -1.000 -0. -9.491 0. 0. -1. 0.
0.999 0.036 0. 68.741 0.036 -0.999 -0. -9.335 0. 0. -1. 0.
0.999 0.047 0. 69.961 0.047 -0.999 -0. -9.170 0. 0. -1. 0.
0.998 0.055 0. 71.143 0.055 -0.998 -0. -9.200 0. 0. -1. 0.
0.997 0.072 0. 72.321 0.072 -0.997 -0. -9.142 0. 0. -1. 0.
0.996 0.086 0. 73.641 0.086 -0.996 -0. -9.105 0. 0. -1. 0.
0.996 0.093 0. 74.754 0.093 -0.996 -0. -9.045 0. 0. -1. 0.
0.996 0.087 0. 76.031 0.087 -0.996 -0. -8.805 0. 0. -1. 0.
0.996 0.087 0. 77.300 0.087 -0.996 -0. -8.608 0. 0. -1. 0.
0.997 0.077 0. 78.671 0.077 -0.997 -0. -8.534 0. 0. -1. 0.
0.998 0.063 0. 80.062 0.063 -0.998 -0. -8.579 0. 0. -1. 0.
0.999 0.042 0. 81.456 0.042 -0.999 -0. -8.535 0. 0. -1. 0.
1. 0.012 0. 82.907 0.012 -1. -0. -8.492 0. 0. -1. 0.
1.000 -0.017 -0. 84.367 -0.017 -1.000 -0. -8.468 0. 0. -1. 0.
0.999 -0.047 -0. 85.828 -0.047 -0.999 -0. -8.581 0. 0. -1. 0.
0.997 -0.077 -0. 87.400 -0.077 -0.997 -0. -8.765 0. 0. -1. 0.
0.994 -0.108 -0. 88.967 -0.108 -0.994 -0. -8.851 0. 0. -1. 0.
0.990 -0.141 -0. 90.596 -0.141 -0.990 -0. -9.253 0. 0. -1. 0.
0.984 -0.177 -0. 92.214 -0.177 -0.984 -0. -9.487 0. 0. -1. 0.
0.976 -0.220 -0. 93.780 -0.220 -0.976 -0. -9.971 0. 0. -1. 0.
0.962 -0.273 -0. 95.423 -0.273 -0.962 -0. -10.388 0. 0. -1. 0.
0.947 -0.322 -0. 96.919 -0.322 -0.947 -0. -10.975 0. 0. -1. 0.
0.928 -0.372 -0. 98.496 -0.372 -0.928 -0. -11.609 0. 0. -1. 0.
0.906 -0.424 -0. 100.080 -0.424 -0.906 -0. -12.315 0. 0. -1. 0.
0.887 -0.463 -0. 101.461 -0.463 -0.887 -0. -13.129 0. 0. -1. 0.
0.858 -0.514 -0. 102.995 -0.514 -0.858 -0. -13.894 0. 0. -1. 0.
0.830 -0.557 -0. 104.341 -0.557 -0.830 -0. -14.864 0. 0. -1. 0.
0.798 -0.602 -0. 105.710 -0.602 -0.798 -0. -15.882 0. 0. -1. 0.
0.753 -0.658 -0. 107.023 -0.658 -0.753 -0. -16.923 0. 0. -1. 0.
0.704 -0.710 -0. 108.131 -0.710 -0.704 -0. -18.139 0. 0. -1. 0.
0.650 -0.760 -0. 109.226 -0.760 -0.650 -0. -19.480 0. 0. -1. 0.
0.595 -0.804 -0. 110.263 -0.804 -0.595 -0. -20.861 0. 0. -1. 0.
0.534 -0.846 -0. 111.125 -0.846 -0.534 -0. -22.492 0. 0. -1. 0.
0.477 -0.879 -0. 111.940 -0.879 -0.477 -0. -24.088 0. 0. -1. 0.
0.440 -0.898 -0. 112.692 -0.898 -0.440 -0. -25.797 0. 0. -1. 0.
0.415 -0.910 -0. 113.505 -0.910 -0.415 -0. -27.475 0. 0. -1. 0.
0.385 -0.923 -0. 114.362 -0.923 -0.385 -0. -29.237 0. 0. -1. 0.
0.360 -0.933 -0. 115.076 -0.933 -0.360 -0. -31.152 0. 0. -1. 0.
0.347 -0.938 -0. 115.893 -0.938 -0.347 -0. -33.098 0. 0. -1. 0.
0.333 -0.943 -0. 116.497 -0.943 -0.333 -0. -35.012 0. 0. -1. 0.
0.324 -0.946 -0. 117.160 -0.946 -0.324 -0. -36.986 0. 0. -1. 0.
0.329 -0.944 -0. 117.685 -0.944 -0.329 -0. -38.948 0. 0. -1. 0.
0.340 -0.940 -0. 118.303 -0.940 -0.340 -0. -40.876 0. 0. -1. 0.
0.356 -0.934 -0. 119.053 -0.934 -0.356 -0. -42.841 0. 0. -1. 0.
0.375 -0.927 -0. 119.756 -0.927 -0.375 -0. -44.737 0. 0. -1. 0.
0.399 -0.917 -0. 120.697 -0.917 -0.399 -0. -46.656 0. 0. -1. 0.
0.419 -0.908 -0. 121.391 -0.908 -0.419 -0. -48.557 0. 0. -1. 0.
0.436 -0.900 -0. 122.243 -0.900 -0.436 -0. -50.355 0. 0. -1. 0.
0.456 -0.890 -0. 123.144 -0.890 -0.456 -0. -52.087 0. 0. -1. 0.
0.471 -0.882 -0. 123.940 -0.882 -0.471 -0. -53.973 0. 0. -1. 0.
0.491 -0.871 -0. 125.016 -0.871 -0.491 -0. -55.615 0. 0. -1. 0.
0.512 -0.859 -0. 125.928 -0.859 -0.512 -0. -57.291 0. 0. -1. 0.
0.530 -0.848 -0. 126.876 -0.848 -0.530 -0. -59.028 0. 0. -1. 0.
0.549 -0.836 -0. 127.937 -0.836 -0.549 -0. -60.584 0. 0. -1. 0.
0.567 -0.824 -0. 128.902 -0.824 -0.567 -0. -62.190 0. 0. -1. 0.
0.584 -0.812 -0. 129.939 -0.812 -0.584 -0. -63.870 0. 0. -1. 0.
0.598 -0.801 -0. 131.168 -0.801 -0.598 -0. -65.423 0. 0. -1. 0.
0.615 -0.789 -0. 132.414 -0.789 -0.615 -0. -66.734 0. 0. -1. 0.
0.633 -0.774 -0. 133.536 -0.774 -0.633 -0. -68.348 0. 0. -1. 0.
0.652 -0.758 -0. 134.670 -0.758 -0.652 -0. -69.734 0. 0. -1. 0.
0.663 -0.749 -0. 135.829 -0.749 -0.663 -0. -71.229 0. 0. -1. 0.
0.682 -0.732 -0. 137.083 -0.732 -0.682 -0. -72.446 0. 0. -1. 0.
0.693 -0.721 -0. 138.413 -0.721 -0.693 -0. -73.758 0. 0. -1. 0.
0.714 -0.700 -0. 139.535 -0.700 -0.714 -0. -75.038 0. 0. -1. 0.
0.730 -0.683 -0. 140.684 -0.683 -0.730 -0. -76.235 0. 0. -1. 0.
0.751 -0.660 -0. 141.852 -0.660 -0.751 -0. -77.240 0. 0. -1. 0.
0.781 -0.624 -0. 143.066 -0.624 -0.781 -0. -78.155 0. 0. -1. 0.
0.821 -0.571 -0. 144.257 -0.571 -0.821 -0. -78.891 0. 0. -1. 0.
0.863 -0.506 -0. 145.289 -0.506 -0.863 -0. -79.693 0. 0. -1. 0.
0.909 -0.417 -0. 146.396 -0.417 -0.909 -0. -80.219 0. 0. -1. 0.
0.947 -0.320 -0. 147.455 -0.320 -0.947 -0. -80.639 0. 0. -1. 0.
0.975 -0.224 -0. 148.462 -0.224 -0.975 -0. -80.786 0. 0. -1. 0.
0.995 -0.100 -0. 149.372 -0.100 -0.995 -0. -80.831 0. 0. -1. 0.
1.000 0.027 0. 150.296 0.027 -1.000 -0. -80.765 0. 0. -1. 0.
0.987 0.163 0. 151.019 0.163 -0.987 -0. -80.722 0. 0. -1. 0.
0.954 0.300 0. 151.760 0.300 -0.954 -0. -80.436 0. 0. -1. 0.
0.896 0.443 0. 152.540 0.443 -0.896 -0. -79.994 0. 0. -1. 0.
0.814 0.582 0. 153.118 0.582 -0.814 -0. -79.670 0. 0. -1. 0.
0.710 0.704 0. 153.640 0.704 -0.710 -0. -78.989 0. 0. -1. 0.
0.592 0.806 0. 153.984 0.806 -0.592 -0. -78.335 0. 0. -1. 0.
0.452 0.892 0. 154.272 0.892 -0.452 -0. -77.765 0. 0. -1. 0.
0.306 0.952 0. 154.443 0.952 -0.306 -0. -77.030 0. 0. -1. 0.
0.148 0.989 0. 154.460 0.989 -0.148 -0. -76.278 0. 0. -1. 0.
-0.026 1.000 0. 154.406 1.000 0.026 0. -75.622 0. 0. -1. 0.
-0.199 0.980 0. 154.242 0.980 0.199 0. -74.894 0. 0. -1. 0.
-0.369 0.929 0. 153.841 0.929 0.369 0. -74.133 0. 0. -1. 0.
-0.523 0.853 0. 153.480 0.853 0.523 0. -73.323 0. 0. -1. 0.
-0.649 0.761 0. 152.689 0.761 0.649 0. -72.519 0. 0. -1. 0.
-0.751 0.660 0. 151.895 0.660 0.751 0. -71.827 0. 0. -1. 0.
-0.826 0.564 0. 150.850 0.564 0.826 0. -71.207 0. 0. -1. 0.
-0.875 0.485 0. 149.958 0.485 0.875 0. -70.568 0. 0. -1. 0.
-0.910 0.414 0. 148.589 0.414 0.910 0. -70.124 0. 0. -1. 0.
-0.928 0.373 0. 147.460 0.373 0.928 0. -69.512 0. 0. -1. 0.
-0.940 0.341 0. 146.130 0.341 0.940 0. -69.234 0. 0. -1. 0.
-0.941 0.337 0. 144.916 0.337 0.941 0. -68.698 0. 0. -1. 0.
-0.943 0.333 0. 143.523 0.333 0.943 0. -68.315 0. 0. -1. 0.
-0.937 0.350 0. 142.057 0.350 0.937 0. -67.774 0. 0. -1. 0.
-0.928 0.374 0. 140.757 0.374 0.928 0. -67.222 0. 0. -1. 0.
-0.914 0.405 0. 139.338 0.405 0.914 0. -66.532 0. 0. -1. 0.
-0.895 0.447 0. 137.898 0.447 0.895 0. -65.914 0. 0. -1. 0.
-0.871 0.491 0. 136.497 0.491 0.871 0. -65.028 0. 0. -1. 0.
-0.846 0.534 0. 135.239 0.534 0.846 0. -64.030 0. 0. -1. 0.
-0.820 0.572 0. 133.889 0.572 0.820 0. -63.112 0. 0. -1. 0.
-0.789 0.614 0. 132.414 0.614 0.789 0. -61.956 0. 0. -1. 0.
-0.757 0.653 0. 131.267 0.653 0.757 0. -60.849 0. 0. -1. 0.
-0.720 0.694 0. 130.028 0.694 0.720 0. -59.668 0. 0. -1. 0.
-0.684 0.729 0. 128.911 0.729 0.684 0. -58.378 0. 0. -1. 0.
-0.639 0.769 0. 127.712 0.769 0.639 0. -57.053 0. 0. -1. 0.
-0.601 0.799 0. 126.710 0.799 0.601 0. -55.621 0. 0. -1. 0.
-0.565 0.825 0. 125.600 0.825 0.565 0. -54.111 0. 0. -1. 0.
-0.527 0.850 0. 124.709 0.850 0.527 0. -52.557 0. 0. -1. 0.
-0.485 0.874 0. 123.852 0.874 0.485 0. -51.133 0. 0. -1. 0.
-0.452 0.892 0. 123.134 0.892 0.452 0. -49.582 0. 0. -1. 0.
-0.414 0.910 0. 122.342 0.910 0.414 0. -48.008 0. 0. -1. 0.
-0.395 0.919 0. 121.703 0.919 0.395 0. -46.413 0. 0. -1. 0.
-0.361 0.932 0. 121.119 0.932 0.361 0. -44.821 0. 0. -1. 0.
-0.350 0.937 0. 120.621 0.937 0.350 0. -43.231 0. 0. -1. 0.
-0.333 0.943 0. 120.111 0.943 0.333 0. -41.597 0. 0. -1. 0.
-0.327 0.945 0. 119.617 0.945 0.327 0. -40.099 0. 0. -1. 0.
-0.323 0.946 0. 119.067 0.946 0.323 0. -38.564 0. 0. -1. 0.
-0.323 0.946 0. 118.784 0.946 0.323 0. -36.968 0. 0. -1. 0.
-0.327 0.945 0. 118.320 0.945 0.327 0. -35.407 0. 0. -1. 0.
-0.327 0.945 0. 117.797 0.945 0.327 0. -33.901 0. 0. -1. 0.
-0.335 0.942 0. 117.193 0.942 0.335 0. -32.402 0. 0. -1. 0.
-0.343 0.939 0. 116.754 0.939 0.343 0. -30.806 0. 0. -1. 0.
-0.347 0.938 0. 116.054 0.938 0.347 0. -29.332 0. 0. -1. 0.
-0.366 0.930 0. 115.483 0.930 0.366 0. -27.862 0. 0. -1. 0.
-0.386 0.923 0. 115.046 0.923 0.386 0. -26.231 0. 0. -1. 0.
-0.412 0.911 0. 114.324 0.911 0.412 0. -24.832 0. 0. -1. 0.
-0.445 0.895 0. 113.675 0.895 0.445 0. -23.359 0. 0. -1. 0.
-0.482 0.876 0. 112.908 0.876 0.482 0. -22.020 0. 0. -1. 0.
-0.527 0.850 0. 112.128 0.850 0.527 0. -20.688 0. 0. -1. 0.
-0.573 0.819 0. 111.302 0.819 0.573 0. -19.376 0. 0. -1. 0.
-0.627 0.779 0. 110.468 0.779 0.627 0. -18.141 0. 0. -1. 0.
-0.678 0.735 0. 109.336 0.735 0.678 0. -17.101 0. 0. -1. 0.
-0.730 0.683 0. 108.270 0.683 0.730 0. -16.116 0. 0. -1. 0.
-0.775 0.632 0. 107.067 0.632 0.775 0. -15.129 0. 0. -1. 0.
-0.811 0.585 0. 105.835 0.585 0.811 0. -14.265 0. 0. -1. 0.
-0.841 0.541 0. 104.633 0.541 0.841 0. -13.431 0. 0. -1. 0.
-0.870 0.494 0. 103.371 0.494 0.870 0. -12.652 0. 0. -1. 0.
-0.893 0.450 0. 102.077 0.450 0.893 0. -11.942 0. 0. -1. 0.
-0.916 0.402 0. 100.810 0.402 0.916 0. -11.249 0. 0. -1. 0.
-0.934 0.359 0. 99.249 0.359 0.934 0. -10.787 0. 0. -1. 0.
-0.950 0.312 0. 97.927 0.312 0.950 0. -10.319 0. 0. -1. 0.
-0.965 0.262 0. 96.485 0.262 0.965 0. -9.875 0. 0. -1. 0.
-0.976 0.218 0. 95.036 0.218 0.976 0. -9.639 0. 0. -1. 0.
-0.985 0.171 0. 93.607 0.171 0.985 0. -9.345 0. 0. -1. 0.
-0.992 0.123 0. 92.119 0.123 0.992 0. -9.082 0. 0. -1. 0.
-0.997 0.081 0. 90.615 0.081 0.997 0. -8.886 0. 0. -1. 0.
-0.999 0.044 0. 89.228 0.044 0.999 0. -8.923 0. 0. -1. 0.
-1. 0.014 0. 87.630 0.014 1. 0. -8.843 0. 0. -1. 0.
-1. -0.003 -0. 86.308 -0.003 1. 0. -8.894 0. 0. -1. 0.
-1.000 -0.018 -0. 84.934 -0.018 1.000 0. -8.997 0. 0. -1. 0.
-1.000 -0.025 -0. 83.508 -0.025 1.000 0. -8.940 0. 0. -1. 0.
-1.000 -0.024 -0. 82.007 -0.024 1.000 0. -8.961 0. 0. -1. 0.
-0.999 -0.033 -0. 80.535 -0.033 0.999 0. -8.943 0. 0. -1. 0.
-0.999 -0.040 -0. 79.078 -0.040 0.999 0. -9.038 0. 0. -1. 0.
-0.999 -0.039 -0. 77.665 -0.039 0.999 0. -9.025 0. 0. -1. 0.
-0.999 -0.033 -0. 76.339 -0.033 0.999 0. -9.101 0. 0. -1. 0.
-1.000 -0.027 -0. 75.104 -0.027 1.000 0. -9.100 0. 0. -1. 0.
-1. -0.014 -0. 73.993 -0.014 1. 0. -9.105 0. 0. -1. 0.
-1. -0.009 -0. 73.009 -0.009 1. 0. -9.124 0. 0. -1. 0.
-1. -0.007 -0. 71.942 -0.007 1. 0. -9.126 0. 0. -1. 0.
-1. -0.003 -0. 71.055 -0.003 1. 0. -9.059 0. 0. -1. 0.
-1. 0.002 0. 70.123 0.002 1. 0. -9.071 0. 0. -1. 0.
-1. 0.002 0. 69.316 0.002 1. 0. -8.994 0. 0. -1. 0.
-1. 0.009 0. 68.462 0.009 1. 0. -9.049 0. 0. -1. 0.
-1. 0.007 0. 67.594 0.007 1. 0. -9.155 0. 0. -1. 0.
-1. 0.013 0. 66.835 0.013 1. 0. -9.125 0. 0. -1. 0.
-1.000 0.018 0. 66.002 0.018 1.000 0. -9.057 0. 0. -1. 0.
-1.000 0.026 0. 65.286 0.026 1.000 0. -9.134 0. 0. -1. 0.
-0.999 0.034 0. 64.428 0.034 0.999 0. -8.962 0. 0. -1. 0.
-0.999 0.036 0. 63.707 0.036 0.999 0. -8.936 0. 0. -1. 0.
-0.999 0.041 0. 63.005 0.041 0.999 0. -8.929 0. 0. -1. 0.
-0.999 0.048 0. 62.225 0.048 0.999 0. -8.819 0. 0. -1. 0.
-0.998 0.059 0. 61.419 0.059 0.998 0. -8.765 0. 0. -1. 0.
-0.998 0.064 0. 60.603 0.064 0.998 0. -8.668 0. 0. -1. 0.
-0.996 0.084 0. 59.642 0.084 0.996 0. -8.668 0. 0. -1. 0.
-0.995 0.101 0. 58.768 0.101 0.995 0. -8.465 0. 0. -1. 0.
-0.992 0.126 0. 57.669 0.126 0.992 0. -8.303 0. 0. -1. 0.
-0.992 0.125 0. 56.646 0.125 0.992 0. -8.141 0. 0. -1. 0.
-0.991 0.131 0. 55.405 0.131 0.991 0. -7.942 0. 0. -1. 0.
-0.990 0.138 0. 54.095 0.138 0.990 0. -7.711 0. 0. -1. 0.
-0.992 0.130 0. 52.911 0.130 0.992 0. -7.355 0. 0. -1. 0.
-0.992 0.123 0. 51.496 0.123 0.992 0. -7.337 0. 0. -1. 0.
-0.993 0.122 0. 50.179 0.122 0.993 0. -7.099 0. 0. -1. 0.
-0.994 0.106 0. 48.708 0.106 0.994 0. -6.932 0. 0. -1. 0.
-0.995 0.101 0. 47.249 0.101 0.995 0. -6.648 0. 0. -1. 0.
-0.995 0.098 0. 45.729 0.098 0.995 0. -6.485 0. 0. -1. 0.
-0.995 0.103 0. 44.203 0.103 0.995 0. -6.358 0. 0. -1. 0.
-0.994 0.105 0. 42.703 0.105 0.994 0. -6.140 0. 0. -1. 0.
-0.993 0.117 0. 41.067 0.117 0.993 0. -5.994 0. 0. -1. 0.
-0.992 0.129 0. 39.493 0.129 0.992 0. -5.665 0. 0. -1. 0.
-0.990 0.138 0. 37.840 0.138 0.990 0. -5.466 0. 0. -1. 0.
-0.990 0.141 0. 36.278 0.141 0.990 0. -5.204 0. 0. -1. 0.
-0.989 0.148 0. 34.481 0.148 0.989 0. -4.868 0. 0. -1. 0.
-0.989 0.151 0. 32.814 0.151 0.989 0. -4.439 0. 0. -1. 0.
-0.989 0.148 0. 31.231 0.148 0.989 0. -4.297 0. 0. -1. 0.
-0.990 0.140 0. 29.515 0.140 0.990 0. -3.906 0. 0. -1. 0.
-0.992 0.127 0. 27.799 0.127 0.992 0. -3.707 0. 0. -1. 0.
-0.992 0.128 0. 26.031 0.128 0.992 0. -3.488 0. 0. -1. 0.
-0.992 0.129 0. 24.346 0.129 0.992 0. -3.184 0. 0. -1. 0.
-0.992 0.127 0. 22.596 0.127 0.992 0. -2.911 0. 0. -1. 0.
-0.992 0.124 0. 20.881 0.124 0.992 0. -2.570 0. 0. -1. 0.
-0.992 0.124 0. 19.083 0.124 0.992 0. -2.378 0. 0. -1. 0.
-0.992 0.124 0. 17.531 0.124 0.992 0. -2.171 0. 0. -1. 0.
-0.991 0.132 0. 15.896 0.132 0.991 0. -2.001 0. 0. -1. 0.
-0.992 0.126 0. 14.405 0.126 0.992 0. -1.802 0. 0. -1. 0.
-0.992 0.125 0. 12.866 0.125 0.992 0. -1.609 0. 0. -1. 0.
-0.992 0.123 0. 11.337 0.123 0.992 0. -1.441 0. 0. -1. 0.
-0.993 0.122 0. 9.925 0.122 0.993 0. -1.268 0. 0. -1. 0.
-0.991 0.133 0. 8.451 0.133 0.991 0. -0.969 0. 0. -1. 0.
-0.992 0.123 0. 6.994 0.123 0.992 0. -0.811 0. 0. -1. 0.
-0.993 0.120 0. 5.647 0.120 0.993 0. -0.543 0. 0. -1. 0.
-0.993 0.118 0. 4.264 0.118 0.993 0. -0.435 0. 0. -1. 0.
-0.992 0.123 0. 2.806 0.123 0.992 0. -0.181 0. 0. -1. 0.
-0.992 0.126 0. 1.427 0.126 0.992 0. -0.020 0. 0. -1. 0.
-0.993 0.122 0. 0.128 0.122 0.993 0. 0.223 0. 0. -1. 0.
-0.993 0.119 0. -1.269 0.119 0.993 0. 0.307 0. 0. -1. 0.
-0.993 0.115 0. -2.658 0.115 0.993 0. 0.588 0. 0. -1. 0.
-0.994 0.113 0. -3.994 0.113 0.994 0. 0.738 0. 0. -1. 0.
-0.994 0.112 0. -5.545 0.112 0.994 0. 0.852 0. 0. -1. 0.
-0.994 0.111 0. -7.001 0.111 0.994 0. 1.070 0. 0. -1. 0.
-0.995 0.104 0. -8.532 0.104 0.995 0. 1.184 0. 0. -1. 0.
-0.995 0.097 0. -10.183 0.097 0.995 0. 1.342 0. 0. -1. 0.
-0.995 0.103 0. -11.851 0.103 0.995 0. 1.487 0. 0. -1. 0.
-0.995 0.104 0. -13.450 0.104 0.995 0. 1.785 0. 0. -1. 0.
-0.995 0.104 0. -15.193 0.104 0.995 0. 2.070 0. 0. -1. 0.
-0.995 0.095 0. -16.908 0.095 0.995 0. 2.246 0. 0. -1. 0.
-0.995 0.101 0. -18.753 0.101 0.995 0. 2.362 0. 0. -1. 0.
-0.996 0.094 0. -20.449 0.094 0.996 0. 2.504 0. 0. -1. 0.
-0.996 0.087 0. -22.374 0.087 0.996 0. 2.764 0. 0. -1. 0.
-0.996 0.085 0. -24.260 0.085 0.996 0. 2.945 0. 0. -1. 0.
-0.997 0.075 0. -26.190 0.075 0.997 0. 3.065 0. 0. -1. 0.
-0.998 0.065 0. -28.120 0.065 0.998 0. 3.150 0. 0. -1. 0.
-0.998 0.061 0. -29.988 0.061 0.998 0. 3.277 0. 0. -1. 0.
-0.998 0.063 0. -32.061 0.063 0.998 0. 3.331 0. 0. -1. 0.
-0.998 0.062 0. -33.943 0.062 0.998 0. 3.590 0. 0. -1. 0.
-0.998 0.060 0. -35.923 0.060 0.998 0. 3.679 0. 0. -1. 0.
-0.998 0.060 0. -37.837 0.060 0.998 0. 3.753 0. 0. -1. 0.
-0.999 0.054 0. -39.838 0.054 0.999 0. 4.004 0. 0. -1. 0.
-0.998 0.055 0. -41.750 0.055 0.998 0. 4.124 0. 0. -1. 0.
-0.999 0.041 0. -43.648 0.041 0.999 0. 4.243 0. 0. -1. 0.
-0.999 0.037 0. -45.358 0.037 0.999 0. 4.275 0. 0. -1. 0.
-1.000 0.030 0. -47.340 0.030 1.000 0. 4.481 0. 0. -1. 0.
-1.000 0.025 0. -49.221 0.025 1.000 0. 4.484 0. 0. -1. 0.
-1.000 0.030 0. -50.924 0.030 1.000 0. 4.544 0. 0. -1. 0.
-1.000 0.030 0. -52.601 0.030 1.000 0. 4.650 0. 0. -1. 0.
-0.999 0.041 0. -54.205 0.041 0.999 0. 4.780 0. 0. -1. 0.
-0.998 0.061 0. -55.833 0.061 0.998 0. 4.889 0. 0. -1. 0.
-0.996 0.091 0. -57.163 0.091 0.996 0. 4.975 0. 0. -1. 0.
-0.992 0.123 0. -58.557 0.123 0.992 0. 5.221 0. 0. -1. 0.
-0.985 0.170 0. -59.830 0.170 0.985 0. 5.353 0. 0. -1. 0.
-0.976 0.219 0. -60.963 0.219 0.976 0. 5.811 0. 0. -1. 0.
-0.960 0.279 0. -62.013 0.279 0.960 0. 6.134 0. 0. -1. 0.
-0.938 0.345 0. -63.145 0.345 0.938 0. 6.487 0. 0. -1. 0.
-0.909 0.417 0. -64.040 0.417 0.909 0. 7.015 0. 0. -1. 0.
-0.860 0.511 0. -65.048 0.511 0.860 0. 7.539 0. 0. -1. 0.
-0.797 0.605 0. -65.859 0.605 0.797 0. 8.304 0. 0. -1. 0.
-0.721 0.693 0. -66.609 0.693 0.721 0. 9.067 0. 0. -1. 0.
-0.630 0.776 0. -67.258 0.776 0.630 0. 9.923 0. 0. -1. 0.
-0.537 0.844 0. -67.778 0.844 0.537 0. 10.819 0. 0. -1. 0.
-0.432 0.902 0. -68.233 0.902 0.432 0. 12.007 0. 0. -1. 0.
-0.318 0.948 0. -68.514 0.948 0.318 0. 12.873 0. 0. -1. 0.
-0.214 0.977 0. -68.798 0.977 0.214 0. 14.026 0. 0. -1. 0.
-0.120 0.993 0. -68.937 0.993 0.120 0. 15.159 0. 0. -1. 0.
-0.067 0.998 0. -68.993 0.998 0.067 0. 16.421 0. 0. -1. 0.
-0.015 1.000 0. -69.027 1.000 0.015 0. 17.747 0. 0. -1. 0.
0.002 1. 0. -69.083 1. -0.002 -0. 19.125 0. 0. -1. 0.
0.009 1. 0. -68.713 1. -0.009 -0. 20.579 0. 0. -1. 0.
0.022 1.000 0. -68.839 1.000 -0.022 -0. 22.031 0. 0. -1. 0.
0.025 1.000 0. -68.734 1.000 -0.025 -0. 23.479 0. 0. -1. 0.
0.036 0.999 0. -68.770 0.999 -0.036 -0. 25.101 0. 0. -1. 0.
0.048 0.999 0. -68.602 0.999 -0.048 -0. 26.700 0. 0. -1. 0.
0.059 0.998 0. -68.460 0.998 -0.059 -0. 28.307 0. 0. -1. 0.
0.068 0.998 0. -68.287 0.998 -0.068 -0. 30.026 0. 0. -1. 0.
0.076 0.997 0. -68.158 0.997 -0.076 -0. 31.703 0. 0. -1. 0.
0.081 0.997 0. -68.117 0.997 -0.081 -0. 33.363 0. 0. -1. 0.
0.087 0.996 0. -67.824 0.996 -0.087 -0. 35.099 0. 0. -1. 0.
0.095 0.996 0. -67.678 0.996 -0.095 -0. 36.773 0. 0. -1. 0.
0.113 0.994 0. -67.494 0.994 -0.113 -0. 38.397 0. 0. -1. 0.
0.129 0.992 0. -67.269 0.992 -0.129 -0. 40.050 0. 0. -1. 0.
0.156 0.988 0. -67.146 0.988 -0.156 -0. 41.781 0. 0. -1. 0.
0.173 0.985 0. -66.758 0.985 -0.173 -0. 43.395 0. 0. -1. 0.
0.198 0.980 0. -66.284 0.980 -0.198 -0. 45.011 0. 0. -1. 0.
0.215 0.977 0. -65.875 0.977 -0.215 -0. 46.590 0. 0. -1. 0.
0.227 0.974 0. -65.453 0.974 -0.227 -0. 48.053 0. 0. -1. 0.
0.223 0.975 0. -65.043 0.975 -0.223 -0. 49.794 0. 0. -1. 0.
0.209 0.978 0. -64.765 0.978 -0.209 -0. 51.338 0. 0. -1. 0.
0.190 0.982 0. -64.422 0.982 -0.190 -0. 53.024 0. 0. -1. 0.
0.179 0.984 0. -64.143 0.984 -0.179 -0. 54.544 0. 0. -1. 0.
0.143 0.990 0. -63.944 0.990 -0.143 -0. 56.377 0. 0. -1. 0.
0.131 0.991 0. -63.639 0.991 -0.131 -0. 58.217 0. 0. -1. 0.
0.118 0.993 0. -63.449 0.993 -0.118 -0. 60.071 0. 0. -1. 0.
0.104 0.995 0. -63.069 0.995 -0.104 -0. 61.811 0. 0. -1. 0.
0.098 0.995 0. -62.972 0.995 -0.098 -0. 63.787 0. 0. -1. 0.
0.092 0.996 0. -62.686 0.996 -0.092 -0. 65.606 0. 0. -1. 0.
0.091 0.996 0. -62.496 0.996 -0.091 -0. 67.416 0. 0. -1. 0.
0.083 0.997 0. -62.405 0.997 -0.083 -0. 69.268 0. 0. -1. 0.
0.091 0.996 0. -62.166 0.996 -0.091 -0. 71.100 0. 0. -1. 0.
0.084 0.997 0. -61.887 0.997 -0.084 -0. 72.790 0. 0. -1. 0.
0.091 0.996 0. -61.884 0.996 -0.091 -0. 74.692 0. 0. -1. 0.
0.082 0.997 0. -61.673 0.997 -0.082 -0. 76.358 0. 0. -1. 0.
0.078 0.997 0. -61.463 0.997 -0.078 -0. 78.266 0. 0. -1. 0.
0.067 0.998 0. -61.359 0.998 -0.067 -0. 79.827 0. 0. -1. 0.
0.068 0.998 0. -61.217 0.998 -0.068 -0. 81.499 0. 0. -1. 0.
0.045 0.999 0. -61.110 0.999 -0.045 -0. 83.184 0. 0. -1. 0.
0.015 1.000 0. -61.020 1.000 -0.015 -0. 84.773 0. 0. -1. 0.
-0.029 1.000 0. -61.112 1.000 0.029 0. 86.317 0. 0. -1. 0.
-0.086 0.996 0. -61.162 0.996 0.086 0. 87.901 0. 0. -1. 0.
-0.155 0.988 0. -61.221 0.988 0.155 0. 89.322 0. 0. -1. 0.
-0.225 0.974 0. -61.555 0.974 0.225 0. 90.763 0. 0. -1. 0.
-0.306 0.952 0. -61.959 0.952 0.306 0. 92.171 0. 0. -1. 0.
-0.399 0.917 0. -62.490 0.917 0.399 0. 93.371 0. 0. -1. 0.
-0.486 0.874 0. -63.207 0.874 0.486 0. 94.669 0. 0. -1. 0.
-0.579 0.816 0. -63.836 0.816 0.579 0. 95.850 0. 0. -1. 0.
-0.655 0.756 0. -64.744 0.756 0.655 0. 96.881 0. 0. -1. 0.
-0.731 0.683 0. -65.648 0.683 0.731 0. 97.900 0. 0. -1. 0.
-0.790 0.613 0. -66.618 0.613 0.790 0. 98.706 0. 0. -1. 0.
-0.852 0.524 0. -67.812 0.524 0.852 0. 99.327 0. 0. -1. 0.
-0.898 0.440 0. -69.058 0.440 0.898 0. 99.950 0. 0. -1. 0.
-0.933 0.360 0. -70.297 0.360 0.933 0. 100.371 0. 0. -1. 0.
-0.955 0.298 0. -71.665 0.298 0.955 0. 100.604 0. 0. -1. 0.
-0.970 0.244 0. -72.873 0.244 0.970 0. 101.035 0. 0. -1. 0.
-0.979 0.206 0. -74.223 0.206 0.979 0. 101.271 0. 0. -1. 0.
-0.983 0.184 0. -75.475 0.184 0.983 0. 101.689 0. 0. -1. 0.
-0.984 0.180 0. -76.883 0.180 0.984 0. 101.939 0. 0. -1. 0.
-0.981 0.192 0. -78.309 0.192 0.981 0. 102.310 0. 0. -1. 0.
-0.976 0.220 0. -79.773 0.220 0.976 0. 102.456 0. 0. -1. 0.
-0.969 0.246 0. -81.255 0.246 0.969 0. 102.906 0. 0. -1. 0.
-0.959 0.282 0. -82.748 0.282 0.959 0. 103.328 0. 0. -1. 0.
-0.946 0.325 0. -84.244 0.325 0.946 0. 103.815 0. 0. -1. 0.
-0.926 0.378 0. -85.883 0.378 0.926 0. 104.438 0. 0. -1. 0.
-0.897 0.443 0. -87.298 0.443 0.897 0. 105.196 0. 0. -1. 0.
-0.867 0.498 0. -88.705 0.498 0.867 0. 106.033 0. 0. -1. 0.
-0.835 0.551 0. -89.983 0.551 0.835 0. 107.049 0. 0. -1. 0.
-0.803 0.596 0. -91.350 0.596 0.803 0. 108.015 0. 0. -1. 0.
-0.779 0.627 0. -92.651 0.627 0.779 0. 109.186 0. 0. -1. 0.
-0.761 0.649 0. -93.999 0.649 0.761 0. 110.322 0. 0. -1. 0.
-0.751 0.661 0. -95.370 0.661 0.751 0. 111.549 0. 0. -1. 0.
-0.741 0.671 0. -96.741 0.671 0.741 0. 112.966 0. 0. -1. 0.
-0.735 0.678 0. -98.140 0.678 0.735 0. 114.202 0. 0. -1. 0.
-0.728 0.685 0. -99.642 0.685 0.728 0. 115.570 0. 0. -1. 0.
-0.726 0.688 0. -101.034 0.688 0.726 0. 117.071 0. 0. -1. 0.
-0.715 0.699 0. -102.510 0.699 0.715 0. 118.584 0. 0. -1. 0.
-0.704 0.710 0. -104.046 0.710 0.704 0. 119.964 0. 0. -1. 0.
-0.701 0.713 0. -105.542 0.713 0.701 0. 121.671 0. 0. -1. 0.
-0.696 0.718 0. -107.091 0.718 0.696 0. 123.229 0. 0. -1. 0.
-0.685 0.729 0. -108.608 0.729 0.685 0. 124.785 0. 0. -1. 0.
-0.689 0.725 0. -110.152 0.725 0.689 0. 126.359 0. 0. -1. 0.
-0.685 0.728 0. -111.669 0.728 0.685 0. 128.008 0. 0. -1. 0.
-0.684 0.729 0. -113.200 0.729 0.684 0. 129.807 0. 0. -1. 0.
-0.682 0.731 0. -114.690 0.731 0.682 0. 131.469 0. 0. -1. 0.
-0.678 0.735 0. -116.295 0.735 0.678 0. 133.143 0. 0. -1. 0.
-0.681 0.732 0. -117.820 0.732 0.681 0. 134.881 0. 0. -1. 0.
-0.677 0.736 0. -119.403 0.736 0.677 0. 136.611 0. 0. -1. 0.
-0.679 0.734 0. -120.859 0.734 0.679 0. 138.344 0. 0. -1. 0.
-0.676 0.736 0. -122.377 0.736 0.676 0. 140.116 0. 0. -1. 0.
-0.676 0.737 0. -123.839 0.737 0.676 0. 141.908 0. 0. -1. 0.
-0.676 0.737 0. -125.450 0.737 0.676 0. 143.622 0. 0. -1. 0.
-0.672 0.741 0. -126.980 0.741 0.672 0. 145.308 0. 0. -1. 0.
-0.672 0.740 0. -128.463 0.740 0.672 0. 147.070 0. 0. -1. 0.
-0.671 0.741 0. -129.982 0.741 0.671 0. 148.771 0. 0. -1. 0.
-0.668 0.744 0. -131.417 0.744 0.668 0. 150.724 0. 0. -1. 0.
-0.672 0.740 0. -132.967 0.740 0.672 0. 152.385 0. 0. -1. 0.
-0.664 0.748 0. -134.566 0.748 0.664 0. 154.142 0. 0. -1. 0.
-0.653 0.757 0. -136.093 0.757 0.653 0. 155.864 0. 0. -1. 0.
-0.644 0.765 0. -137.515 0.765 0.644 0. 157.649 0. 0. -1. 0.
-0.627 0.779 0. -138.980 0.779 0.627 0. 159.611 0. 0. -1. 0.
-0.614 0.790 0. -140.288 0.790 0.614 0. 161.424 0. 0. -1. 0.
-0.589 0.808 0. -141.784 0.808 0.589 0. 163.434 0. 0. -1. 0.
-0.567 0.824 0. -142.976 0.824 0.567 0. 165.298 0. 0. -1. 0.
-0.549 0.836 0. -144.344 0.836 0.549 0. 167.309 0. 0. -1. 0.
-0.523 0.853 0. -145.477 0.853 0.523 0. 169.316 0. 0. -1. 0.
-0.495 0.869 0. -146.560 0.869 0.495 0. 171.480 0. 0. -1. 0.
-0.458 0.889 0. -147.707 0.889 0.458 0. 173.529 0. 0. -1. 0.
-0.419 0.908 0. -148.418 0.908 0.419 0. 175.771 0. 0. -1. 0.
-0.375 0.927 0. -149.366 0.927 0.375 0. 178.034 0. 0. -1. 0.
-0.331 0.944 0. -150.211 0.944 0.331 0. 180.098 0. 0. -1. 0.
-0.293 0.956 0. -150.810 0.956 0.293 0. 182.319 0. 0. -1. 0.
-0.256 0.967 0. -151.463 0.967 0.256 0. 184.613 0. 0. -1. 0.
-0.215 0.977 0. -151.973 0.977 0.215 0. 186.856 0. 0. -1. 0.
-0.176 0.984 0. -152.327 0.984 0.176 0. 189.174 0. 0. -1. 0.
-0.142 0.990 0. -152.674 0.990 0.142 0. 191.479 0. 0. -1. 0.
-0.116 0.993 0. -152.921 0.993 0.116 0. 193.721 0. 0. -1. 0.
-0.096 0.995 0. -153.032 0.995 0.096 0. 196.064 0. 0. -1. 0.
-0.083 0.997 0. -153.243 0.997 0.083 0. 198.470 0. 0. -1. 0.
-0.076 0.997 0. -153.434 0.997 0.076 0. 200.707 0. 0. -1. 0.
-0.074 0.997 0. -153.449 0.997 0.074 0. 203.083 0. 0. -1. 0.
-0.069 0.998 0. -153.600 0.998 0.069 0. 205.421 0. 0. -1. 0.
-0.062 0.998 0. -153.525 0.998 0.062 0. 207.790 0. 0. -1. 0.
-0.059 0.998 0. -153.707 0.998 0.059 0. 210.028 0. 0. -1. 0.
-0.059 0.998 0. -153.906 0.998 0.059 0. 212.197 0. 0. -1. 0.
-0.069 0.998 0. -153.958 0.998 0.069 0. 214.491 0. 0. -1. 0.
-0.082 0.997 0. -154.079 0.997 0.082 0. 216.803 0. 0. -1. 0.
-0.092 0.996 0. -154.269 0.996 0.092 0. 218.967 0. 0. -1. 0.
-0.117 0.993 0. -154.449 0.993 0.117 0. 221.155 0. 0. -1. 0.
-0.143 0.990 0. -154.646 0.990 0.143 0. 223.261 0. 0. -1. 0.
-0.178 0.984 0. -155.005 0.984 0.178 0. 225.287 0. 0. -1. 0.
-0.230 0.973 0. -155.585 0.973 0.230 0. 227.343 0. 0. -1. 0.
-0.285 0.959 0. -156.004 0.959 0.285 0. 229.424 0. 0. -1. 0.
-0.349 0.937 0. -156.715 0.937 0.349 0. 231.442 0. 0. -1. 0.
-0.417 0.909 0. -157.399 0.909 0.417 0. 233.276 0. 0. -1. 0.
-0.486 0.874 0. -158.616 0.874 0.486 0. 235.141 0. 0. -1. 0.
-0.559 0.829 0. -159.578 0.829 0.559 0. 236.725 0. 0. -1. 0.
-0.628 0.778 0. -160.870 0.778 0.628 0. 238.288 0. 0. -1. 0.
-0.694 0.720 0. -162.203 0.720 0.694 0. 239.664 0. 0. -1. 0.
-0.752 0.659 0. -163.705 0.659 0.752 0. 241.046 0. 0. -1. 0.
-0.801 0.598 0. -165.292 0.598 0.801 0. 242.248 0. 0. -1. 0.
-0.845 0.535 0. -166.866 0.535 0.845 0. 243.326 0. 0. -1. 0.
-0.880 0.475 0. -168.673 0.475 0.880 0. 244.473 0. 0. -1. 0.
-0.909 0.417 0. -170.518 0.417 0.909 0. 245.489 0. 0. -1. 0.
-0.929 0.369 0. -172.425 0.369 0.929 0. 246.201 0. 0. -1. 0.
-0.945 0.327 0. -174.369 0.327 0.945 0. 246.859 0. 0. -1. 0.
-0.954 0.301 0. -176.321 0.301 0.954 0. 247.640 0. 0. -1. 0.
-0.957 0.290 0. -178.442 0.290 0.957 0. 248.338 0. 0. -1. 0.
-0.959 0.283 0. -180.543 0.283 0.959 0. 248.963 0. 0. -1. 0.
-0.958 0.288 0. -182.726 0.288 0.958 0. 249.620 0. 0. -1. 0.
-0.956 0.292 0. -184.820 0.292 0.956 0. 250.345 0. 0. -1. 0.
-0.957 0.291 0. -187.192 0.291 0.957 0. 251.051 0. 0. -1. 0.
-0.957 0.291 0. -189.340 0.291 0.957 0. 251.795 0. 0. -1. 0.
-0.956 0.293 0. -191.670 0.293 0.956 0. 252.543 0. 0. -1. 0.
-0.955 0.296 0. -193.949 0.296 0.955 0. 253.242 0. 0. -1. 0.
-0.952 0.307 0. -196.253 0.307 0.952 0. 253.986 0. 0. -1. 0.
-0.951 0.309 0. -198.504 0.309 0.951 0. 254.779 0. 0. -1. 0.
-0.950 0.311 0. -200.650 0.311 0.950 0. 255.550 0. 0. -1. 0.
-0.950 0.312 0. -203.029 0.312 0.950 0. 256.295 0. 0. -1. 0.
-0.950 0.311 0. -205.220 0.311 0.950 0. 257.102 0. 0. -1. 0.
-0.951 0.311 0. -207.433 0.311 0.951 0. 257.769 0. 0. -1. 0.
-0.951 0.309 0. -209.560 0.309 0.951 0. 258.645 0. 0. -1. 0.
-0.951 0.308 0. -211.688 0.308 0.951 0. 259.419 0. 0. -1. 0.
-0.950 0.312 0. -213.733 0.312 0.950 0. 260.076 0. 0. -1. 0.
-0.950 0.313 0. -215.796 0.313 0.950 0. 260.906 0. 0. -1. 0.
-0.948 0.317 0. -217.668 0.317 0.948 0. 261.476 0. 0. -1. 0.
-0.942 0.336 0. -219.610 0.336 0.942 0. 262.205 0. 0. -1. 0.
-0.934 0.356 0. -221.357 0.356 0.934 0. 262.969 0. 0. -1. 0.
-0.921 0.390 0. -223.164 0.390 0.921 0. 263.703 0. 0. -1. 0.
-0.906 0.423 0. -224.668 0.423 0.906 0. 264.377 0. 0. -1. 0.
-0.897 0.443 0. -226.099 0.443 0.897 0. 265.157 0. 0. -1. 0.
-0.889 0.459 0. -227.532 0.459 0.889 0. 265.952 0. 0. -1. 0.
-0.886 0.464 0. -228.741 0.464 0.886 0. 266.674 0. 0. -1. 0.
-0.885 0.466 0. -230.020 0.466 0.885 0. 267.289 0. 0. -1. 0.
-0.883 0.470 0. -231.226 0.470 0.883 0. 267.950 0. 0. -1. 0.
-0.882 0.471 0. -232.257 0.471 0.882 0. 268.502 0. 0. -1. 0.
-0.884 0.468 0. -233.178 0.468 0.884 0. 269.101 0. 0. -1. 0.
-0.881 0.472 0. -234.121 0.472 0.881 0. 269.603 0. 0. -1. 0.
-0.883 0.470 0. -234.850 0.470 0.883 0. 270.123 0. 0. -1. 0.
-0.884 0.468 0. -235.555 0.468 0.884 0. 270.492 0. 0. -1. 0.
-0.882 0.471 0. -236.304 0.471 0.882 0. 270.757 0. 0. -1. 0.
-0.883 0.469 0. -236.695 0.469 0.883 0. 271.303 0. 0. -1. 0.
-0.881 0.473 0. -237.296 0.473 0.881 0. 271.473 0. 0. -1. 0.
-0.881 0.473 0. -237.626 0.473 0.881 0. 271.666 0. 0. -1. 0.
-0.879 0.476 0. -238.011 0.476 0.879 0. 271.800 0. 0. -1. 0.
-0.878 0.479 0. -238.387 0.479 0.878 0. 272.110 0. 0. -1. 0.
-0.878 0.479 0. -238.668 0.479 0.878 0. 272.278 0. 0. -1. 0.
-0.875 0.485 0. -239.051 0.485 0.875 0. 272.549 0. 0. -1. 0.
-0.870 0.494 0. -239.274 0.494 0.870 0. 272.629 0. 0. -1. 0.
-0.871 0.492 0. -239.494 0.492 0.871 0. 272.700 0. 0. -1. 0.
-0.871 0.491 0. -239.710 0.491 0.871 0. 272.862 0. 0. -1. 0.
-0.869 0.495 0. -239.969 0.495 0.869 0. 272.993 0. 0. -1. 0.
-0.867 0.498 0. -240.025 0.498 0.867 0. 273.132 0. 0. -1. 0.
-0.869 0.495 0. -240.177 0.495 0.869 0. 273.199 0. 0. -1. 0.
-0.863 0.504 0. -240.398 0.504 0.863 0. 273.234 0. 0. -1. 0.
-0.864 0.503 0. -240.464 0.503 0.864 0. 273.287 0. 0. -1. 0.
-0.864 0.504 0. -240.555 0.504 0.864 0. 273.410 0. 0. -1. 0.
-0.861 0.509 0. -240.681 0.509 0.861 0. 273.434 0. 0. -1. 0.
-0.863 0.505 0. -240.791 0.505 0.863 0. 273.467 0. 0. -1. 0.
-0.863 0.505 0. -240.837 0.505 0.863 0. 273.518 0. 0. -1. 0.
-0.861 0.509 0. -240.963 0.509 0.861 0. 273.603 0. 0. -1. 0.
-0.859 0.512 0. -240.934 0.512 0.859 0. 273.594 0. 0. -1. 0.
-0.860 0.510 0. -240.994 0.510 0.860 0. 273.613 0. 0. -1. 0.
-0.859 0.511 0. -241.140 0.511 0.859 0. 273.730 0. 0. -1. 0.
-0.858 0.514 0. -241.067 0.514 0.858 0. 273.694 0. 0. -1. 0.
-0.856 0.517 0. -241.170 0.517 0.856 0. 273.687 0. 0. -1. 0.
-0.857 0.515 0. -241.124 0.515 0.857 0. 273.766 0. 0. -1. 0.
-0.855 0.519 0. -241.228 0.519 0.855 0. 273.799 0. 0. -1. 0.
-0.856 0.516 0. -241.279 0.516 0.856 0. 273.848 0. 0. -1. 0.
-0.858 0.513 0. -241.296 0.513 0.858 0. 273.884 0. 0. -1. 0.
-0.857 0.515 0. -241.365 0.515 0.857 0. 273.872 0. 0. -1. 0.
-0.857 0.516 0. -241.387 0.516 0.857 0. 273.828 0. 0. -1. 0.
-0.853 0.521 0. -241.474 0.521 0.853 0. 273.900 0. 0. -1. 0.
-0.853 0.522 0. -241.474 0.522 0.853 0. 273.915 0. 0. -1. 0.
-0.852 0.523 0. -241.547 0.523 0.852 0. 273.945 0. 0. -1. 0.
-0.854 0.520 0. -241.534 0.520 0.854 0. 273.898 0. 0. -1. 0.
-0.852 0.523 0. -241.637 0.523 0.852 0. 273.942 0. 0. -1. 0.
-0.855 0.519 0. -241.525 0.519 0.855 0. 273.946 0. 0. -1. 0.
-0.854 0.521 0. -241.657 0.521 0.854 0. 274.144 0. 0. -1. 0.
-0.852 0.524 0. -241.556 0.524 0.852 0. 273.959 0. 0. -1. 0.
-0.851 0.525 0. -241.561 0.525 0.851 0. 273.916 0. 0. -1. 0.
-0.854 0.521 0. -241.563 0.521 0.854 0. 273.918 0. 0. -1. 0.
-0.855 0.518 0. -241.609 0.518 0.855 0. 274.007 0. 0. -1. 0.
-0.855 0.519 0. -241.647 0.519 0.855 0. 274.094 0. 0. -1. 0.
-0.850 0.526 0. -241.627 0.526 0.850 0. 273.994 0. 0. -1. 0.
-0.850 0.526 0. -241.652 0.526 0.850 0. 274.010 0. 0. -1. 0.
-0.851 0.526 0. -241.670 0.526 0.851 0. 273.987 0. 0. -1. 0.
-0.853 0.521 0. -241.693 0.521 0.853 0. 274.028 0. 0. -1. 0.
-0.854 0.521 0. -241.767 0.521 0.854 0. 274.178 0. 0. -1. 0.
-0.851 0.526 0. -241.664 0.526 0.851 0. 274.008 0. 0. -1. 0.
-0.854 0.520 0. -241.699 0.520 0.854 0. 274.005 0. 0. -1. 0.
-0.854 0.520 0. -241.715 0.520 0.854 0. 274.061 0. 0. -1. 0.
-0.852 0.524 0. -241.748 0.524 0.852 0. 274.022 0. 0. -1. 0.
-0.851 0.526 0. -241.749 0.526 0.851 0. 274.015 0. 0. -1. 0.
-0.851 0.525 0. -241.748 0.525 0.851 0. 273.972 0. 0. -1. 0.
-0.851 0.525 0. -241.756 0.525 0.851 0. 273.936 0. 0. -1. 0.
-0.851 0.525 0. -241.740 0.525 0.851 0. 274.038 0. 0. -1. 0.
-0.852 0.523 0. -241.691 0.523 0.852 0. 274.001 0. 0. -1. 0.
-0.853 0.522 0. -241.828 0.522 0.853 0. 274.114 0. 0. -1. 0.
-0.850 0.527 0. -241.926 0.527 0.850 0. 274.189 0. 0. -1. 0.
-0.849 0.529 0. -242.185 0.529 0.849 0. 274.318 0. 0. -1. 0.
-0.840 0.542 0. -242.529 0.542 0.840 0. 274.842 0. 0. -1. 0.
-0.827 0.562 0. -242.840 0.562 0.827 0. 275.004 0. 0. -1. 0.
-0.804 0.595 0. -243.305 0.595 0.804 0. 275.346 0. 0. -1. 0.
-0.758 0.652 0. -243.863 0.652 0.758 0. 275.803 0. 0. -1. 0.
-0.701 0.713 0. -244.335 0.713 0.701 0. 276.156 0. 0. -1. 0.
-0.625 0.780 0. -245.019 0.780 0.625 0. 276.883 0. 0. -1. 0.
-0.533 0.846 0. -245.069 0.846 0.533 0. 277.694 0. 0. -1. 0.
-0.421 0.907 0. -245.551 0.907 0.421 0. 278.597 0. 0. -1. 0.
-0.294 0.956 0. -245.830 0.956 0.294 0. 279.404 0. 0. -1. 0.
-0.181 0.983 0. -245.823 0.983 0.181 0. 280.460 0. 0. -1. 0.
-0.058 0.998 0. -245.942 0.998 0.058 0. 281.470 0. 0. -1. 0.
0.035 0.999 0. -245.828 0.999 -0.035 -0. 282.558 0. 0. -1. 0.
0.126 0.992 0. -245.618 0.992 -0.126 -0. 283.773 0. 0. -1. 0.
0.185 0.983 0. -245.201 0.983 -0.185 -0. 285.028 0. 0. -1. 0.
0.216 0.976 0. -245.074 0.976 -0.216 -0. 286.448 0. 0. -1. 0.
0.245 0.969 0. -244.537 0.969 -0.245 -0. 288.216 0. 0. -1. 0.
0.268 0.963 0. -244.045 0.963 -0.268 -0. 289.726 0. 0. -1. 0.
0.279 0.960 0. -243.520 0.960 -0.279 -0. 291.395 0. 0. -1. 0.
0.283 0.959 0. -242.924 0.959 -0.283 -0. 293.343 0. 0. -1. 0.
0.287 0.958 0. -242.387 0.958 -0.287 -0. 295.178 0. 0. -1. 0.
0.284 0.959 0. -241.689 0.959 -0.284 -0. 297.305 0. 0. -1. 0.
0.278 0.961 0. -241.023 0.961 -0.278 -0. 299.403 0. 0. -1. 0.
0.270 0.963 0. -240.315 0.963 -0.270 -0. 301.719 0. 0. -1. 0.
0.265 0.964 0. -239.677 0.964 -0.265 -0. 303.926 0. 0. -1. 0.
0.246 0.969 0. -238.971 0.969 -0.246 -0. 306.441 0. 0. -1. 0.
0.235 0.972 0. -238.373 0.972 -0.235 -0. 308.860 0. 0. -1. 0.
0.233 0.972 0. -237.782 0.972 -0.233 -0. 311.329 0. 0. -1. 0.
0.228 0.974 0. -237.109 0.974 -0.228 -0. 313.809 0. 0. -1. 0.
0.229 0.973 0. -236.469 0.973 -0.229 -0. 316.483 0. 0. -1. 0.
0.227 0.974 0. -235.680 0.974 -0.227 -0. 319.109 0. 0. -1. 0.
0.237 0.972 0. -235.048 0.972 -0.237 -0. 321.888 0. 0. -1. 0.
0.235 0.972 0. -234.309 0.972 -0.235 -0. 324.598 0. 0. -1. 0.
0.231 0.973 0. -233.545 0.973 -0.231 -0. 327.600 0. 0. -1. 0.
0.233 0.972 0. -232.814 0.972 -0.233 -0. 330.692 0. 0. -1. 0.
0.241 0.970 0. -232.009 0.970 -0.241 -0. 333.531 0. 0. -1. 0.
0.245 0.970 0. -231.217 0.970 -0.245 -0. 336.698 0. 0. -1. 0.
0.249 0.969 0. -230.336 0.969 -0.249 -0. 339.871 0. 0. -1. 0.
0.257 0.966 0. -229.479 0.966 -0.257 -0. 342.973 0. 0. -1. 0.
0.264 0.965 0. -228.611 0.965 -0.264 -0. 346.151 0. 0. -1. 0.
0.271 0.963 0. -227.686 0.963 -0.271 -0. 349.409 0. 0. -1. 0.
0.277 0.961 0. -226.652 0.961 -0.277 -0. 352.659 0. 0. -1. 0.
0.287 0.958 0. -225.711 0.958 -0.287 -0. 355.795 0. 0. -1. 0.
0.283 0.959 0. -224.687 0.959 -0.283 -0. 359.054 0. 0. -1. 0.
0.290 0.957 0. -223.548 0.957 -0.290 -0. 362.317 0. 0. -1. 0.
0.294 0.956 0. -222.615 0.956 -0.294 -0. 365.610 0. 0. -1. 0.
0.290 0.957 0. -221.553 0.957 -0.290 -0. 368.781 0. 0. -1. 0.
0.291 0.957 0. -220.490 0.957 -0.291 -0. 372.077 0. 0. -1. 0.
0.292 0.956 0. -219.471 0.956 -0.292 -0. 375.374 0. 0. -1. 0.
0.292 0.956 0. -218.414 0.956 -0.292 -0. 378.466 0. 0. -1. 0.
0.298 0.955 0. -217.330 0.955 -0.298 -0. 381.734 0. 0. -1. 0.
0.291 0.957 0. -216.328 0.957 -0.291 -0. 384.906 0. 0. -1. 0.
0.291 0.957 0. -215.227 0.957 -0.291 -0. 388.134 0. 0. -1. 0.
0.295 0.956 0. -214.172 0.956 -0.295 -0. 391.261 0. 0. -1. 0.
