1614710324911017 1.00000 0.00000 0.00000 -0.00000 0.00000 -1.00000 0.00000 0.00000 0.00000 -0.00000 -1.00000 0.00000
1614710325160392 1.00000 -0.00249 0.00000 0.01924 -0.00249 -1.00000 0.00000 -0.06973 -0.00000 -0.00000 -1.00000 -0.00000
1614710325409770 1.00000 -0.00091 0.00000 0.01640 -0.00091 -1.00000 0.00000 -0.05926 -0.00000 -0.00000 -1.00000 -0.00000
1614710325659775 1.00000 -0.00021 0.00000 0.00024 -0.00021 -1.00000 0.00000 0.00755 -0.00000 -0.00000 -1.00000 0.00000
1614710325909776 1.00000 -0.00138 0.00000 0.00595 -0.00138 -1.00000 0.00000 0.00243 -0.00000 -0.00000 -1.00000 0.00000
1614710326160403 1.00000 -0.00303 0.00000 -0.01226 -0.00303 -1.00000 0.00000 0.06162 -0.00000 -0.00000 -1.00000 0.00000
1614710326410413 1.00000 -0.00107 0.00000 0.00631 -0.00107 -1.00000 0.00000 -0.04626 -0.00000 -0.00000 -1.00000 -0.00000
1614710326661036 0.99999 -0.00515 -0.00000 0.01061 -0.00515 -0.99999 0.00000 -0.01234 -0.00000 -0.00000 -1.00000 -0.00000
1614710326911041 0.99999 -0.00504 -0.00000 0.01236 -0.00504 -0.99999 0.00000 -0.00884 -0.00000 -0.00000 -1.00000 -0.00000
1614710327161043 0.99999 -0.00389 0.00000 -0.00441 -0.00389 -0.99999 0.00000 -0.00705 -0.00000 -0.00000 -1.00000 -0.00000
1614710327411043 0.99998 -0.00656 0.00000 0.00748 -0.00656 -0.99998 0.00000 0.00828 -0.00000 -0.00000 -1.00000 0.00000
1614710327660423 1.00000 -0.00135 0.00000 0.00308 -0.00135 -1.00000 0.00000 0.01128 -0.00000 -0.00000 -1.00000 0.00000
1614710327909800 1.00000 -0.00006 -0.00000 0.03949 -0.00006 -1.00000 0.00000 -0.06526 -0.00000 -0.00000 -1.00000 -0.00000
1614710328159804 1.00000 -0.00297 0.00000 -0.00089 -0.00297 -1.00000 0.00000 0.00942 -0.00000 -0.00000 -1.00000 0.00000
1614710328409807 1.00000 -0.00023 -0.00000 0.01241 -0.00023 -1.00000 0.00000 -0.05147 -0.00000 -0.00000 -1.00000 -0.00000
1614710328660439 0.99997 -0.00816 0.00000 0.01801 -0.00816 -0.99997 0.00000 -0.02309 -0.00000 -0.00000 -1.00000 -0.00000
1614710328910434 0.99999 -0.00477 0.00000 0.00919 -0.00477 -0.99999 0.00000 -0.02439 -0.00000 -0.00000 -1.00000 -0.00000
1614710329160442 1.00000 -0.00083 0.00000 0.00617 -0.00083 -1.00000 0.00000 -0.01076 -0.00000 -0.00000 -1.00000 -0.00000
1614710329410440 1.00000 0.00201 0.00000 0.00218 0.00201 -1.00000 0.00000 -0.01932 0.00000 -0.00000 -1.00000 -0.00000
1614710329660446 1.00000 0.00301 0.00000 0.01115 0.00301 -1.00000 0.00000 -0.02900 0.00000 -0.00000 -1.00000 -0.00000
1614710329910454 1.00000 -0.00141 0.00000 -0.02172 -0.00141 -1.00000 0.00000 0.01059 -0.00000 -0.00000 -1.00000 0.00000
1614710330160456 0.99997 -0.00735 0.00000 -0.03482 -0.00735 -0.99997 0.00000 0.03758 -0.00000 -0.00000 -1.00000 0.00000
1614710330409830 1.00000 -0.00239 0.00000 -0.07892 -0.00239 -1.00000 0.00000 -0.01279 -0.00000 -0.00000 -1.00000 -0.00000
1614710330659837 1.00000 0.00200 0.00000 -0.13296 0.00200 -1.00000 0.00000 -0.04320 0.00000 -0.00000 -1.00000 -0.00000
1614710330910465 0.99998 -0.00666 -0.00000 -0.24268 -0.00666 -0.99998 0.00000 0.01478 -0.00000 -0.00000 -1.00000 0.00000
1614710331160465 0.99998 -0.00575 0.00000 -0.34169 -0.00575 -0.99998 0.00000 0.01847 -0.00000 -0.00000 -1.00000 0.00000
1614710331411087 0.99989 -0.01473 0.00000 -0.60891 -0.01473 -0.99989 0.00000 0.05510 -0.00000 -0.00000 -1.00000 0.00000
1614710331661092 0.99988 -0.01544 -0.00000 -0.96296 -0.01544 -0.99988 0.00000 -0.01873 -0.00000 -0.00000 -1.00000 -0.00000
1614710331911722 0.99978 -0.02074 0.00000 -1.36793 -0.02074 -0.99978 0.00000 0.16061 -0.00000 -0.00000 -1.00000 0.00000
1614710332161104 0.99945 -0.03312 0.00000 -1.85926 -0.03312 -0.99945 0.00000 0.12589 -0.00000 -0.00000 -1.00000 0.00000
1614710332410479 0.99859 -0.05305 0.00000 -2.38834 -0.05305 -0.99859 0.00000 0.11504 -0.00000 -0.00000 -1.00000 0.00000
1614710332659852 0.99759 -0.06936 0.00000 -3.03771 -0.06936 -0.99759 0.00000 0.07680 -0.00000 -0.00000 -1.00000 0.00000
1614710332909863 0.99603 -0.08904 -0.00000 -3.74500 -0.08904 -0.99603 0.00000 0.11973 -0.00000 -0.00000 -1.00000 0.00000
1614710333159866 0.99404 -0.10905 -0.00000 -4.43244 -0.10905 -0.99404 0.00000 0.18560 -0.00000 -0.00000 -1.00000 0.00000
1614710333409864 0.99334 -0.11524 0.00000 -5.25145 -0.11524 -0.99334 0.00000 0.13590 -0.00000 -0.00000 -1.00000 0.00000
1614710333660495 0.99243 -0.12285 0.00000 -6.10293 -0.12285 -0.99243 0.00000 0.28892 -0.00000 -0.00000 -1.00000 0.00000
1614710333911119 0.99207 -0.12571 0.00000 -7.06180 -0.12571 -0.99207 0.00000 0.28137 -0.00000 -0.00000 -1.00000 0.00000
1614710334161127 0.99198 -0.12643 0.00000 -7.97083 -0.12643 -0.99198 0.00000 0.20428 -0.00000 -0.00000 -1.00000 0.00000
1614710334411134 0.99236 -0.12336 0.00000 -8.97970 -0.12336 -0.99236 0.00000 0.23242 -0.00000 -0.00000 -1.00000 0.00000
1614710334661130 0.99331 -0.11550 -0.00000 -9.99025 -0.11550 -0.99331 0.00000 0.10878 -0.00000 -0.00000 -1.00000 0.00000
1614710334911139 0.99487 -0.10114 0.00000 -11.07354 -0.10114 -0.99487 0.00000 -0.01770 -0.00000 -0.00000 -1.00000 -0.00000
1614710335161142 0.99554 -0.09429 0.00000 -12.20069 -0.09429 -0.99554 0.00000 -0.06127 -0.00000 -0.00000 -1.00000 -0.00000
1614710335409890 0.99698 -0.07763 0.00000 -13.36554 -0.07763 -0.99698 0.00000 -0.36826 -0.00000 -0.00000 -1.00000 -0.00000
1614710335659899 0.99752 -0.07040 0.00000 -14.58400 -0.07040 -0.99752 0.00000 -0.40650 -0.00000 -0.00000 -1.00000 -0.00000
1614710335909900 0.99848 -0.05509 0.00000 -15.74246 -0.05509 -0.99848 0.00000 -0.78731 -0.00000 -0.00000 -1.00000 -0.00000
1614710336159903 0.99913 -0.04168 0.00000 -16.95173 -0.04168 -0.99913 0.00000 -1.02029 -0.00000 -0.00000 -1.00000 -0.00000
1614710336410525 0.99938 -0.03531 0.00000 -18.36724 -0.03531 -0.99938 0.00000 -1.14052 -0.00000 -0.00000 -1.00000 -0.00000
1614710336661158 0.99962 -0.02742 0.00000 -19.67901 -0.02742 -0.99962 0.00000 -1.22890 -0.00000 -0.00000 -1.00000 -0.00000
1614710336911158 0.99998 -0.00586 0.00000 -20.89192 -0.00586 -0.99998 0.00000 -1.72756 -0.00000 -0.00000 -1.00000 -0.00000
1614710337161163 0.99999 0.00329 0.00000 -22.24877 0.00329 -0.99999 0.00000 -2.00882 0.00000 -0.00000 -1.00000 -0.00000
1614710337411168 0.99996 0.00862 -0.00000 -23.56086 0.00862 -0.99996 0.00000 -2.00839 0.00000 -0.00000 -1.00000 -0.00000
1614710337660567 0.99995 0.00984 -0.00000 -24.91305 0.00984 -0.99995 0.00000 -2.07325 0.00000 -0.00000 -1.00000 -0.00000
1614710337909321 0.99980 0.02009 0.00000 -26.19983 0.02009 -0.99980 0.00000 -2.47526 0.00000 -0.00000 -1.00000 -0.00000
1614710338158752 0.99958 0.02898 0.00000 -27.64311 0.02898 -0.99958 0.00000 -2.65977 0.00000 -0.00000 -1.00000 -0.00000
1614710338408703 0.99955 0.03015 0.00000 -29.12237 0.03015 -0.99955 0.00000 -2.76441 0.00000 -0.00000 -1.00000 -0.00000
1614710338659333 0.99949 0.03194 0.00000 -30.58811 0.03194 -0.99949 0.00000 -2.82279 0.00000 -0.00000 -1.00000 -0.00000
1614710338909964 0.99937 0.03540 0.00000 -32.23410 0.03540 -0.99937 0.00000 -2.95230 0.00000 -0.00000 -1.00000 -0.00000
1614710339159962 0.99937 0.03546 0.00000 -33.98404 0.03546 -0.99937 0.00000 -3.00396 0.00000 -0.00000 -1.00000 -0.00000
1614710339410588 0.99924 0.03909 0.00000 -35.52903 0.03909 -0.99924 0.00000 -3.13849 0.00000 -0.00000 -1.00000 -0.00000
1614710339661222 0.99915 0.04115 -0.00000 -37.30500 0.04115 -0.99915 0.00000 -3.20942 0.00000 -0.00000 -1.00000 -0.00000
1614710339911221 0.99891 0.04665 0.00000 -39.08019 0.04665 -0.99891 0.00000 -3.48830 0.00000 -0.00000 -1.00000 -0.00000
1614710340161850 0.99837 0.05715 0.00000 -40.84394 0.05715 -0.99837 0.00000 -3.95181 0.00000 -0.00000 -1.00000 -0.00000
1614710340411858 0.99842 0.05623 -0.00000 -42.67954 0.05623 -0.99842 0.00000 -3.90551 0.00000 -0.00000 -1.00000 -0.00000
1614710340661854 0.99865 0.05188 0.00000 -44.57065 0.05188 -0.99865 0.00000 -3.76143 0.00000 -0.00000 -1.00000 -0.00000
1614710340911232 0.99854 0.05402 0.00000 -46.43997 0.05402 -0.99854 0.00000 -3.81245 0.00000 -0.00000 -1.00000 -0.00000
1614710341160610 0.99848 0.05508 0.00000 -48.39427 0.05508 -0.99848 0.00000 -3.95844 0.00000 -0.00000 -1.00000 -0.00000
1614710341409993 0.99849 0.05487 -0.00000 -50.38929 0.05487 -0.99849 0.00000 -3.99679 0.00000 -0.00000 -1.00000 -0.00000
1614710341659365 0.99857 0.05353 -0.00000 -52.40821 0.05353 -0.99857 0.00000 -3.98898 0.00000 -0.00000 -1.00000 -0.00000
1614710341909358 0.99837 0.05711 0.00000 -54.47887 0.05711 -0.99837 0.00000 -4.22788 0.00000 -0.00000 -1.00000 -0.00000
1614710342159984 0.99812 0.06129 0.00000 -56.58457 0.06129 -0.99812 0.00000 -4.51169 0.00000 -0.00000 -1.00000 -0.00000
1614710342409992 0.99757 0.06966 0.00000 -58.66191 0.06966 -0.99757 0.00000 -5.04938 0.00000 -0.00000 -1.00000 -0.00000
1614710342660621 0.99776 0.06691 -0.00000 -60.85827 0.06691 -0.99776 0.00000 -4.85471 0.00000 -0.00000 -1.00000 -0.00000
1614710342910638 0.99685 0.07932 0.00000 -62.98248 0.07932 -0.99685 0.00000 -5.76338 0.00000 -0.00000 -1.00000 -0.00000
1614710343161256 0.99705 0.07678 0.00000 -65.19889 0.07678 -0.99705 0.00000 -5.62926 0.00000 -0.00000 -1.00000 -0.00000
1614710343411246 0.99645 0.08414 0.00000 -67.36634 0.08414 -0.99645 0.00000 -6.04798 0.00000 -0.00000 -1.00000 -0.00000
1614710343661257 0.99579 0.09167 0.00000 -69.45213 0.09167 -0.99579 0.00000 -6.52476 0.00000 -0.00000 -1.00000 -0.00000
1614710343910630 0.99526 0.09727 -0.00000 -71.59947 0.09727 -0.99526 0.00000 -6.89723 0.00000 -0.00000 -1.00000 -0.00000
1614710344160005 0.99522 0.09761 -0.00000 -73.79759 0.09761 -0.99522 0.00000 -6.95160 0.00000 -0.00000 -1.00000 -0.00000
1614710344409379 0.99561 0.09357 0.00000 -75.89880 0.09357 -0.99561 0.00000 -6.80560 0.00000 -0.00000 -1.00000 -0.00000
1614710344660012 0.99684 0.07946 0.00000 -78.10441 0.07946 -0.99684 0.00000 -5.56660 0.00000 -0.00000 -1.00000 -0.00000
1614710344910635 0.99813 0.06118 0.00000 -80.25440 0.06118 -0.99813 0.00000 -4.17830 0.00000 -0.00000 -1.00000 -0.00000
1614710345160644 0.99898 0.04523 0.00000 -82.44913 0.04523 -0.99898 0.00000 -2.95600 0.00000 -0.00000 -1.00000 -0.00000
1614710345411274 0.99996 0.00872 0.00000 -84.59825 0.00872 -0.99996 0.00000 0.05054 0.00000 -0.00000 -1.00000 0.00000
1614710345661901 0.99956 -0.02980 0.00000 -86.50720 -0.02980 -0.99956 0.00000 3.30515 -0.00000 -0.00000 -1.00000 0.00000
1614710345911274 0.99753 -0.07024 0.00000 -88.39395 -0.07024 -0.99753 0.00000 6.79209 -0.00000 -0.00000 -1.00000 0.00000
1614710346160664 0.99256 -0.12172 -0.00000 -89.83980 -0.12172 -0.99256 0.00000 11.42194 -0.00000 -0.00000 -1.00000 0.00000
1614710346410659 0.98118 -0.19312 0.00000 -90.71046 -0.19312 -0.98118 0.00000 17.94836 -0.00000 -0.00000 -1.00000 0.00000
1614710346659409 0.96679 -0.25557 0.00000 -91.38831 -0.25557 -0.96679 0.00000 23.60069 -0.00000 -0.00000 -1.00000 0.00000
1614710346908790 0.94765 -0.31931 0.00000 -91.47256 -0.31931 -0.94765 0.00000 29.52899 -0.00000 -0.00000 -1.00000 0.00000
1614710347158792 0.92550 -0.37875 -0.00000 -91.40098 -0.37875 -0.92550 0.00000 35.34060 -0.00000 -0.00000 -1.00000 0.00000
1614710347408797 0.89705 -0.44192 0.00000 -90.59459 -0.44192 -0.89705 0.00000 41.66197 -0.00000 -0.00000 -1.00000 0.00000
1614710347659429 0.86184 -0.50718 -0.00000 -89.13468 -0.50718 -0.86184 0.00000 48.09505 -0.00000 -0.00000 -1.00000 0.00000
1614710347909430 0.82280 -0.56833 0.00000 -87.29143 -0.56833 -0.82280 0.00000 54.46073 -0.00000 -0.00000 -1.00000 0.00000
1614710348160058 0.78194 -0.62336 0.00000 -85.30719 -0.62336 -0.78194 0.00000 60.44466 -0.00000 -0.00000 -1.00000 0.00000
1614710348410684 0.73395 -0.67920 0.00000 -82.43688 -0.67920 -0.73395 0.00000 66.51231 -0.00000 -0.00000 -1.00000 0.00000
1614710348660697 0.69125 -0.72262 0.00000 -80.05979 -0.72262 -0.69125 0.00000 71.31539 -0.00000 -0.00000 -1.00000 0.00000
1614710348910686 0.63708 -0.77080 0.00000 -76.51431 -0.77080 -0.63708 0.00000 76.88578 -0.00000 -0.00000 -1.00000 0.00000
1614710349160700 0.58865 -0.80839 -0.00000 -73.45716 -0.80839 -0.58865 0.00000 81.36386 -0.00000 -0.00000 -1.00000 0.00000
1614710349410695 0.55271 -0.83337 0.00000 -71.64574 -0.83337 -0.55271 0.00000 84.47054 -0.00000 -0.00000 -1.00000 0.00000
1614710349660703 0.51484 -0.85729 -0.00000 -69.70502 -0.85729 -0.51484 0.00000 87.79590 -0.00000 -0.00000 -1.00000 0.00000
1614710349910078 0.48624 -0.87382 0.00000 -68.68106 -0.87382 -0.48624 0.00000 90.04640 -0.00000 -0.00000 -1.00000 0.00000
1614710350160084 0.46699 -0.88426 0.00000 -68.72136 -0.88426 -0.46699 0.00000 91.49676 -0.00000 -0.00000 -1.00000 0.00000
1614710350410717 0.45408 -0.89096 0.00000 -69.51622 -0.89096 -0.45408 0.00000 92.42298 -0.00000 -0.00000 -1.00000 0.00000
1614710350661336 0.44567 -0.89520 0.00000 -70.77827 -0.89520 -0.44567 0.00000 93.20396 -0.00000 -0.00000 -1.00000 0.00000
1614710350911339 0.43705 -0.89944 0.00000 -72.06285 -0.89944 -0.43705 0.00000 93.75677 -0.00000 -0.00000 -1.00000 0.00000
1614710351161966 0.42150 -0.90683 0.00000 -72.59420 -0.90683 -0.42150 0.00000 94.94263 -0.00000 -0.00000 -1.00000 0.00000
1614710351411350 0.42855 -0.90352 0.00000 -75.65587 -0.90352 -0.42855 0.00000 94.20884 -0.00000 -0.00000 -1.00000 0.00000
1614710351661350 0.42717 -0.90417 0.00000 -77.84925 -0.90417 -0.42717 0.00000 94.43062 -0.00000 -0.00000 -1.00000 0.00000
1614710351910723 0.43338 -0.90121 0.00000 -80.73137 -0.90121 -0.43338 0.00000 93.89915 -0.00000 -0.00000 -1.00000 0.00000
1614710352160104 0.44114 -0.89744 -0.00000 -83.83131 -0.89744 -0.44114 0.00000 93.03710 -0.00000 -0.00000 -1.00000 0.00000
1614710352410108 0.44852 -0.89377 0.00000 -86.80781 -0.89377 -0.44852 0.00000 92.33892 -0.00000 -0.00000 -1.00000 0.00000
1614710352660114 0.46173 -0.88702 0.00000 -90.42132 -0.88702 -0.46173 0.00000 90.99891 -0.00000 -0.00000 -1.00000 0.00000
1614710352910742 0.46893 -0.88323 0.00000 -93.41146 -0.88323 -0.46893 0.00000 90.12511 -0.00000 -0.00000 -1.00000 0.00000
1614710353160744 0.48009 -0.87722 0.00000 -96.71063 -0.87722 -0.48009 0.00000 88.97746 -0.00000 -0.00000 -1.00000 0.00000
1614710353410746 0.49213 -0.87052 0.00000 -100.12182 -0.87052 -0.49213 0.00000 87.56919 -0.00000 -0.00000 -1.00000 0.00000
1614710353661375 0.50692 -0.86199 0.00000 -103.77520 -0.86199 -0.50692 0.00000 85.74828 -0.00000 -0.00000 -1.00000 0.00000
1614710353911381 0.51398 -0.85780 -0.00000 -106.62446 -0.85780 -0.51398 0.00000 84.82102 -0.00000 -0.00000 -1.00000 0.00000
1614710354161422 0.52211 -0.85288 0.00000 -109.52890 -0.85288 -0.52211 0.00000 83.82037 -0.00000 -0.00000 -1.00000 0.00000
1614710354411376 0.52832 -0.84904 0.00000 -112.16265 -0.84904 -0.52832 0.00000 83.10377 -0.00000 -0.00000 -1.00000 0.00000
1614710354660763 0.54281 -0.83986 0.00000 -115.63011 -0.83986 -0.54281 0.00000 81.01835 -0.00000 -0.00000 -1.00000 0.00000
1614710354910142 0.56315 -0.82635 0.00000 -119.65683 -0.82635 -0.56315 0.00000 78.12949 -0.00000 -0.00000 -1.00000 0.00000
1614710355160145 0.58651 -0.80994 0.00000 -123.80390 -0.80994 -0.58651 0.00000 74.54940 -0.00000 -0.00000 -1.00000 0.00000
1614710355410144 0.61565 -0.78802 0.00000 -128.40749 -0.78802 -0.61565 0.00000 70.00717 -0.00000 -0.00000 -1.00000 0.00000
1614710355660767 0.63772 -0.77027 0.00000 -132.33506 -0.77027 -0.63772 0.00000 66.33396 -0.00000 -0.00000 -1.00000 0.00000
1614710355911401 0.66399 -0.74774 0.00000 -136.48005 -0.74774 -0.66399 0.00000 61.69809 -0.00000 -0.00000 -1.00000 0.00000
1614710356161407 0.69092 -0.72293 0.00000 -140.47093 -0.72293 -0.69092 0.00000 56.64311 -0.00000 -0.00000 -1.00000 0.00000
1614710356411411 0.71639 -0.69770 0.00000 -144.30532 -0.69770 -0.71639 0.00000 51.53008 -0.00000 -0.00000 -1.00000 0.00000
1614710356661422 0.74055 -0.67200 0.00000 -147.80516 -0.67200 -0.74055 0.00000 46.31373 -0.00000 -0.00000 -1.00000 0.00000
1614710356911412 0.75884 -0.65127 0.00000 -150.82918 -0.65127 -0.75884 0.00000 42.20285 -0.00000 -0.00000 -1.00000 0.00000
1614710357160790 0.78048 -0.62519 0.00000 -153.84672 -0.62519 -0.78048 0.00000 36.99943 -0.00000 -0.00000 -1.00000 0.00000
1614710357410170 0.80587 -0.59209 0.00000 -156.84220 -0.59209 -0.80587 0.00000 30.55094 -0.00000 -0.00000 -1.00000 0.00000
1614710357660170 0.82895 -0.55933 0.00000 -159.52405 -0.55933 -0.82895 0.00000 24.29889 -0.00000 -0.00000 -1.00000 0.00000
1614710357910804 0.85952 -0.51110 0.00000 -162.19117 -0.51110 -0.85952 0.00000 15.12977 -0.00000 -0.00000 -1.00000 0.00000
1614710358160808 0.89396 -0.44815 0.00000 -164.42405 -0.44815 -0.89396 0.00000 3.39313 -0.00000 -0.00000 -1.00000 0.00000
1614710358410829 0.92271 -0.38548 0.00000 -165.68565 -0.38548 -0.92271 0.00000 -7.97719 -0.00000 -0.00000 -1.00000 -0.00000
1614710358660811 0.95404 -0.29967 0.00000 -165.54229 -0.29967 -0.95404 0.00000 -23.19779 -0.00000 -0.00000 -1.00000 -0.00000
1614710358910815 0.97886 -0.20451 0.00000 -163.74651 -0.20451 -0.97886 0.00000 -39.30128 -0.00000 -0.00000 -1.00000 -0.00000
1614710359160820 0.99542 -0.09557 0.00000 -159.57507 -0.09557 -0.99542 0.00000 -57.05686 -0.00000 -0.00000 -1.00000 -0.00000
1614710359410193 0.99964 0.02665 0.00000 -152.58593 0.02665 -0.99964 0.00000 -76.08974 0.00000 -0.00000 -1.00000 -0.00000
1614710359660196 0.98767 0.15658 0.00000 -142.39951 0.15658 -0.98767 0.00000 -95.28019 0.00000 -0.00000 -1.00000 -0.00000
1614710359910826 0.95875 0.28427 0.00000 -129.72306 0.28427 -0.95875 0.00000 -113.04767 0.00000 -0.00000 -1.00000 -0.00000
1614710360161453 0.90658 0.42203 0.00000 -112.72857 0.42203 -0.90658 0.00000 -130.81139 0.00000 -0.00000 -1.00000 -0.00000
1614710360411458 0.83337 0.55272 0.00000 -92.94845 0.55272 -0.83337 0.00000 -146.18245 0.00000 -0.00000 -1.00000 -0.00000
1614710360661459 0.73182 0.68150 0.00000 -68.70249 0.68150 -0.73182 0.00000 -159.45646 0.00000 -0.00000 -1.00000 -0.00000
1614710360912090 0.61410 0.78923 0.00000 -43.43402 0.78923 -0.61410 0.00000 -168.28185 0.00000 -0.00000 -1.00000 -0.00000
1614710361161467 0.47344 0.88083 0.00000 -15.71462 0.88083 -0.47344 0.00000 -173.17116 0.00000 -0.00000 -1.00000 -0.00000
1614710361410840 0.30826 0.95130 0.00000 14.60458 0.95130 -0.30826 0.00000 -173.17146 0.00000 -0.00000 -1.00000 -0.00000
1614710361660854 0.13869 0.99034 0.00000 43.45611 0.99034 -0.13869 0.00000 -167.97222 0.00000 -0.00000 -1.00000 -0.00000
1614710361910228 -0.05424 0.99853 0.00000 73.91443 0.99853 0.05424 0.00000 -156.43788 0.00000 0.00000 -1.00000 -0.00000
1614710362160235 -0.23645 0.97164 0.00000 100.28766 0.97164 0.23645 0.00000 -140.13852 0.00000 0.00000 -1.00000 -0.00000
1614710362410856 -0.40224 0.91553 0.00000 122.15789 0.91553 0.40224 0.00000 -120.49448 0.00000 0.00000 -1.00000 -0.00000
1614710362660861 -0.55015 0.83506 0.00000 139.45769 0.83506 0.55015 0.00000 -98.38099 0.00000 0.00000 -1.00000 -0.00000
1614710362912117 -0.66580 0.74613 0.00000 151.10706 0.74613 0.66580 0.00000 -76.93109 0.00000 0.00000 -1.00000 -0.00000
1614710363162118 -0.75889 0.65121 0.00000 158.73162 0.65121 0.75889 0.00000 -56.22551 0.00000 0.00000 -1.00000 -0.00000
1614710363412117 -0.82197 0.56953 0.00000 162.28829 0.56953 0.82197 0.00000 -39.58855 0.00000 0.00000 -1.00000 -0.00000
1614710363662123 -0.87759 0.47940 0.00000 164.35387 0.47940 0.87759 0.00000 -22.12326 0.00000 0.00000 -1.00000 -0.00000
1614710363912126 -0.91119 0.41199 0.00000 164.00538 0.41199 0.91119 0.00000 -9.78368 0.00000 0.00000 -1.00000 -0.00000
1614710364162132 -0.94053 0.33971 0.00000 162.89697 0.33971 0.94053 0.00000 3.17792 0.00000 0.00000 -1.00000 0.00000
1614710364411509 -0.95376 0.30056 0.00000 161.13557 0.30056 0.95376 0.00000 9.77183 0.00000 0.00000 -1.00000 0.00000
1614710364661513 -0.96140 0.27516 -0.00000 159.29308 0.27516 0.96140 0.00000 14.09125 0.00000 0.00000 -1.00000 0.00000
1614710364910887 -0.96215 0.27252 0.00000 157.59564 0.27252 0.96215 0.00000 14.47362 0.00000 0.00000 -1.00000 0.00000
1614710365160891 -0.96115 0.27604 0.00000 156.12282 0.27604 0.96115 0.00000 13.81335 0.00000 0.00000 -1.00000 0.00000
1614710365410886 -0.95863 0.28466 0.00000 154.44691 0.28466 0.95863 0.00000 12.44163 0.00000 0.00000 -1.00000 0.00000
1614710365660901 -0.95218 0.30553 0.00000 152.96061 0.30553 0.95218 0.00000 9.12058 0.00000 0.00000 -1.00000 0.00000
1614710365910907 -0.94145 0.33714 -0.00000 151.44366 0.33714 0.94145 0.00000 4.00403 0.00000 0.00000 -1.00000 0.00000
1614710366160907 -0.92628 0.37684 0.00000 149.78466 0.37684 0.92628 0.00000 -2.47079 0.00000 0.00000 -1.00000 -0.00000
1614710366410912 -0.90813 0.41869 0.00000 147.69176 0.41869 0.90813 0.00000 -9.25717 0.00000 0.00000 -1.00000 -0.00000
1614710366660907 -0.87854 0.47767 -0.00000 144.88158 0.47767 0.87854 0.00000 -19.03716 0.00000 0.00000 -1.00000 -0.00000
1614710366910285 -0.84962 0.52740 -0.00000 141.85622 0.52740 0.84962 0.00000 -27.39700 0.00000 0.00000 -1.00000 -0.00000
1614710367159667 -0.81410 0.58072 0.00000 137.76286 0.58072 0.81410 0.00000 -36.38233 0.00000 0.00000 -1.00000 -0.00000
1614710367409044 -0.78394 0.62084 0.00000 133.88534 0.62084 0.78394 0.00000 -43.38127 0.00000 0.00000 -1.00000 -0.00000
1614710367659681 -0.74419 0.66797 0.00000 128.93522 0.66797 0.74419 0.00000 -51.47487 0.00000 0.00000 -1.00000 -0.00000
1614710367909678 -0.70635 0.70786 0.00000 123.80188 0.70786 0.70635 0.00000 -58.61894 0.00000 0.00000 -1.00000 -0.00000
1614710368160307 -0.66396 0.74777 0.00000 118.12604 0.74777 0.66396 0.00000 -65.71892 0.00000 0.00000 -1.00000 -0.00000
1614710368410937 -0.61727 0.78675 0.00000 111.79459 0.78675 0.61727 0.00000 -72.66660 0.00000 0.00000 -1.00000 -0.00000
1614710368660938 -0.57257 0.81985 0.00000 105.50475 0.81985 0.57257 0.00000 -78.88787 0.00000 0.00000 -1.00000 -0.00000
1614710368911564 -0.52449 0.85141 0.00000 98.77572 0.85141 0.52449 0.00000 -84.80294 0.00000 0.00000 -1.00000 -0.00000
1614710369161567 -0.48675 0.87354 0.00000 92.86182 0.87354 0.48675 0.00000 -88.98701 0.00000 0.00000 -1.00000 -0.00000
1614710369410942 -0.45993 0.88795 0.00000 87.94964 0.88795 0.45993 0.00000 -91.81958 0.00000 0.00000 -1.00000 -0.00000
1614710369660320 -0.43773 0.89911 0.00000 83.56894 0.89911 0.43773 0.00000 -94.00201 0.00000 0.00000 -1.00000 -0.00000
1614710369910330 -0.41781 0.90854 0.00000 79.37388 0.90854 0.41781 0.00000 -95.92781 0.00000 0.00000 -1.00000 -0.00000
1614710370160336 -0.40745 0.91323 0.00000 76.20349 0.91323 0.40745 0.00000 -96.94343 0.00000 0.00000 -1.00000 -0.00000
1614710370410334 -0.40149 0.91586 0.00000 73.42320 0.91586 0.40149 0.00000 -97.33397 0.00000 0.00000 -1.00000 -0.00000
1614710370660959 -0.39442 0.91893 0.00000 70.57308 0.91893 0.39442 0.00000 -98.00881 0.00000 0.00000 -1.00000 -0.00000
1614710370910964 -0.40541 0.91414 -0.00000 69.64480 0.91414 0.40541 0.00000 -97.13500 0.00000 0.00000 -1.00000 -0.00000
1614710371161592 -0.41162 0.91136 0.00000 68.16795 0.91136 0.41162 0.00000 -96.82329 0.00000 0.00000 -1.00000 -0.00000
1614710371411592 -0.42474 0.90532 0.00000 67.45165 0.90532 0.42474 0.00000 -95.79892 0.00000 0.00000 -1.00000 -0.00000
1614710371661601 -0.44268 0.89668 0.00000 67.30441 0.89668 0.44268 0.00000 -94.63921 0.00000 0.00000 -1.00000 -0.00000
1614710371910973 -0.45836 0.88877 0.00000 66.89857 0.88877 0.45836 0.00000 -93.43488 0.00000 0.00000 -1.00000 -0.00000
1614710372160980 -0.48251 0.87589 0.00000 67.41609 0.87589 0.48251 0.00000 -91.47350 0.00000 0.00000 -1.00000 -0.00000
1614710372410356 -0.52294 0.85237 0.00000 69.54618 0.85237 0.52294 0.00000 -88.20746 0.00000 0.00000 -1.00000 -0.00000
1614710372660352 -0.56507 0.82504 0.00000 71.87895 0.82504 0.56507 0.00000 -84.63590 0.00000 0.00000 -1.00000 -0.00000
1614710372910356 -0.61944 0.78504 0.00000 75.47436 0.78504 0.61944 0.00000 -79.82005 0.00000 0.00000 -1.00000 -0.00000
1614710373160993 -0.66225 0.74928 0.00000 77.81974 0.74928 0.66225 0.00000 -75.51552 0.00000 0.00000 -1.00000 -0.00000
1614710373410991 -0.71203 0.70215 0.00000 80.87912 0.70215 0.71203 0.00000 -70.12083 0.00000 0.00000 -1.00000 -0.00000
1614710373661621 -0.75343 0.65753 -0.00000 83.06883 0.65753 0.75343 0.00000 -65.05909 0.00000 0.00000 -1.00000 -0.00000
1614710373910999 -0.79782 0.60290 0.00000 85.57989 0.60290 0.79782 0.00000 -59.23350 0.00000 0.00000 -1.00000 -0.00000
1614710374161000 -0.83485 0.55047 0.00000 87.26634 0.55047 0.83485 0.00000 -53.73957 0.00000 0.00000 -1.00000 -0.00000
1614710374411015 -0.86677 0.49871 0.00000 88.53449 0.49871 0.86677 0.00000 -48.23075 0.00000 0.00000 -1.00000 -0.00000
1614710374660382 -0.89760 0.44082 -0.00000 89.67095 0.44082 0.89760 0.00000 -42.46149 0.00000 0.00000 -1.00000 -0.00000
1614710374910386 -0.92287 0.38512 0.00000 90.21413 0.38512 0.92287 0.00000 -36.87917 0.00000 0.00000 -1.00000 -0.00000
1614710375161016 -0.94670 0.32213 0.00000 90.67467 0.32213 0.94670 0.00000 -30.86278 0.00000 0.00000 -1.00000 -0.00000
1614710375411645 -0.96569 0.25969 0.00000 90.52967 0.25969 0.96569 0.00000 -24.92697 0.00000 0.00000 -1.00000 -0.00000
1614710375661649 -0.98036 0.19721 0.00000 90.02908 0.19721 0.98036 0.00000 -19.06010 0.00000 0.00000 -1.00000 -0.00000
1614710375911649 -0.99134 0.13130 -0.00000 89.10749 0.13130 0.99134 0.00000 -13.03468 0.00000 0.00000 -1.00000 -0.00000
1614710376161653 -0.99704 0.07688 -0.00000 87.72143 0.07688 0.99704 0.00000 -8.12740 0.00000 0.00000 -1.00000 -0.00000
1614710376411657 -0.99935 0.03617 0.00000 85.78360 0.03617 0.99935 0.00000 -4.65179 0.00000 0.00000 -1.00000 -0.00000
1614710376661035 -0.99999 -0.00502 -0.00000 83.80442 -0.00502 0.99999 0.00000 -1.07471 -0.00000 0.00000 -1.00000 -0.00000
1614710376911659 -0.99966 -0.02592 -0.00000 81.68086 -0.02592 0.99966 0.00000 0.74179 -0.00000 0.00000 -1.00000 0.00000
1614710377161037 -0.99857 -0.05340 -0.00000 79.49414 -0.05340 0.99857 0.00000 2.87775 -0.00000 0.00000 -1.00000 0.00000
1614710377410417 -0.99777 -0.06675 0.00000 77.24984 -0.06675 0.99777 0.00000 3.93162 -0.00000 0.00000 -1.00000 0.00000
1614710377661036 -0.99755 -0.07003 0.00000 75.02875 -0.07003 0.99755 0.00000 4.17535 -0.00000 0.00000 -1.00000 0.00000
1614710377910419 -0.99696 -0.07791 -0.00000 72.75101 -0.07791 0.99696 0.00000 4.71930 -0.00000 0.00000 -1.00000 0.00000
1614710378160432 -0.99744 -0.07147 -0.00000 70.57575 -0.07147 0.99744 0.00000 4.11987 -0.00000 0.00000 -1.00000 0.00000
1614710378411055 -0.99777 -0.06673 0.00000 68.40104 -0.06673 0.99777 0.00000 3.79625 -0.00000 0.00000 -1.00000 0.00000
1614710378661057 -0.99773 -0.06728 0.00000 66.21722 -0.06728 0.99773 0.00000 3.76840 -0.00000 0.00000 -1.00000 0.00000
1614710378911688 -0.99829 -0.05841 0.00000 64.02539 -0.05841 0.99829 0.00000 3.30769 -0.00000 0.00000 -1.00000 0.00000
1614710379161067 -0.99845 -0.05562 0.00000 61.93427 -0.05562 0.99845 0.00000 2.86763 -0.00000 0.00000 -1.00000 0.00000
1614710379411065 -0.99880 -0.04896 0.00000 59.80202 -0.04896 0.99880 0.00000 2.56758 -0.00000 0.00000 -1.00000 0.00000
1614710379660451 -0.99898 -0.04521 0.00000 57.67562 -0.04521 0.99898 0.00000 2.08218 -0.00000 0.00000 -1.00000 0.00000
1614710379909826 -0.99947 -0.03241 0.00000 55.63338 -0.03241 0.99947 0.00000 1.39703 -0.00000 0.00000 -1.00000 0.00000
1614710380159828 -0.99974 -0.02270 0.00000 53.55820 -0.02270 0.99974 0.00000 0.84430 -0.00000 0.00000 -1.00000 0.00000
1614710380409832 -0.99990 -0.01437 0.00000 51.47546 -0.01437 0.99990 0.00000 0.38424 -0.00000 0.00000 -1.00000 0.00000
1614710380660453 -0.99998 -0.00633 0.00000 49.43976 -0.00633 0.99998 0.00000 0.00264 -0.00000 0.00000 -1.00000 0.00000
1614710380910461 -1.00000 -0.00128 -0.00000 47.46542 -0.00128 1.00000 0.00000 -0.31868 -0.00000 0.00000 -1.00000 -0.00000
1614710381161089 -1.00000 0.00308 0.00000 45.44441 0.00308 1.00000 0.00000 -0.64306 0.00000 0.00000 -1.00000 -0.00000
1614710381411721 -0.99994 0.01094 0.00000 43.38921 0.01094 0.99994 0.00000 -0.90789 0.00000 0.00000 -1.00000 -0.00000
1614710381661725 -0.99992 0.01279 0.00000 41.40029 0.01279 0.99992 0.00000 -1.17520 0.00000 0.00000 -1.00000 -0.00000
1614710381912352 -0.99976 0.02202 -0.00000 39.38507 0.02202 0.99976 0.00000 -1.52257 0.00000 0.00000 -1.00000 -0.00000
1614710382161730 -0.99961 0.02797 0.00000 37.37765 0.02797 0.99961 0.00000 -1.78271 0.00000 0.00000 -1.00000 -0.00000
1614710382410485 -0.99983 0.01853 0.00000 35.39007 0.01853 0.99983 0.00000 -1.48777 0.00000 0.00000 -1.00000 -0.00000
1614710382660485 -0.99967 0.02553 0.00000 33.31002 0.02553 0.99967 0.00000 -1.75516 0.00000 0.00000 -1.00000 -0.00000
1614710382910490 -0.99960 0.02821 0.00000 31.27122 0.02821 0.99960 0.00000 -1.73385 0.00000 0.00000 -1.00000 -0.00000
1614710383160491 -0.99972 0.02381 0.00000 29.19058 0.02381 0.99972 0.00000 -1.70517 0.00000 0.00000 -1.00000 -0.00000
1614710383411118 -0.99939 0.03487 -0.00000 27.05917 0.03487 0.99939 0.00000 -2.01451 0.00000 0.00000 -1.00000 -0.00000
1614710383661740 -0.99905 0.04347 0.00000 24.84969 0.04347 0.99905 0.00000 -2.26496 0.00000 0.00000 -1.00000 -0.00000
1614710383911746 -0.99869 0.05121 0.00000 22.80383 0.05121 0.99869 0.00000 -2.54788 0.00000 0.00000 -1.00000 -0.00000
1614710384161752 -0.99860 0.05283 -0.00000 20.60973 0.05283 0.99860 0.00000 -2.74424 0.00000 0.00000 -1.00000 -0.00000
1614710384412383 -0.99808 0.06186 0.00000 18.33427 0.06186 0.99808 0.00000 -2.90051 0.00000 0.00000 -1.00000 -0.00000
1614710384662379 -0.99804 0.06253 -0.00000 16.15676 0.06253 0.99804 0.00000 -2.93226 0.00000 0.00000 -1.00000 -0.00000
1614710384911756 -0.99804 0.06253 0.00000 13.91303 0.06253 0.99804 0.00000 -2.96687 0.00000 0.00000 -1.00000 -0.00000
1614710385161765 -0.99795 0.06407 0.00000 11.58777 0.06407 0.99795 0.00000 -2.94226 0.00000 0.00000 -1.00000 -0.00000
1614710385411144 -0.99843 0.05602 -0.00000 9.40039 0.05602 0.99843 0.00000 -2.95300 0.00000 0.00000 -1.00000 -0.00000
1614710385661148 -0.99843 0.05607 0.00000 7.07007 0.05607 0.99843 0.00000 -2.96481 0.00000 0.00000 -1.00000 -0.00000
1614710385910517 -0.99858 0.05325 0.00000 4.88250 0.05325 0.99858 0.00000 -3.03935 0.00000 0.00000 -1.00000 -0.00000
1614710386161151 -0.99853 0.05424 0.00000 2.55023 0.05424 0.99853 0.00000 -2.96496 0.00000 0.00000 -1.00000 -0.00000
1614710386410531 -0.99921 0.03962 0.00000 0.31294 0.03962 0.99921 0.00000 -3.03757 0.00000 0.00000 -1.00000 -0.00000
1614710386661164 -0.99911 0.04221 0.00000 -1.96595 0.04221 0.99911 0.00000 -3.10577 0.00000 0.00000 -1.00000 -0.00000
1614710386911156 -0.99907 0.04306 0.00000 -4.21238 0.04306 0.99907 0.00000 -3.10996 0.00000 0.00000 -1.00000 -0.00000
1614710387161165 -0.99928 0.03787 0.00000 -6.56157 0.03787 0.99928 0.00000 -3.13077 0.00000 0.00000 -1.00000 -0.00000
1614710387411164 -0.99957 0.02933 0.00000 -8.82345 0.02933 0.99957 0.00000 -3.28353 0.00000 0.00000 -1.00000 -0.00000
1614710387661170 -0.99961 0.02809 0.00000 -11.03097 0.02809 0.99961 0.00000 -3.32316 0.00000 0.00000 -1.00000 -0.00000
1614710387910550 -0.99963 0.02718 0.00000 -13.44276 0.02718 0.99963 0.00000 -3.33876 0.00000 0.00000 -1.00000 -0.00000
1614710388160556 -0.99962 0.02761 -0.00000 -15.73229 0.02761 0.99962 0.00000 -3.38599 0.00000 0.00000 -1.00000 -0.00000
1614710388410557 -0.99976 0.02171 0.00000 -18.14420 0.02171 0.99976 0.00000 -3.59831 0.00000 0.00000 -1.00000 -0.00000
1614710388660557 -0.99991 0.01316 0.00000 -20.46547 0.01316 0.99991 0.00000 -3.77179 0.00000 0.00000 -1.00000 -0.00000
1614710388911189 -0.99993 0.01220 0.00000 -22.85603 0.01220 0.99993 0.00000 -3.79995 0.00000 0.00000 -1.00000 -0.00000
1614710389161811 -0.99990 0.01386 0.00000 -25.33628 0.01386 0.99990 0.00000 -3.81344 0.00000 0.00000 -1.00000 -0.00000
1614710389411818 -0.99995 0.01000 -0.00000 -27.67437 0.01000 0.99995 0.00000 -4.05961 0.00000 0.00000 -1.00000 -0.00000
1614710389661823 -0.99998 0.00690 0.00000 -30.01495 0.00690 0.99998 0.00000 -4.05168 0.00000 0.00000 -1.00000 -0.00000
1614710389911823 -0.99995 0.00969 0.00000 -32.43334 0.00969 0.99995 0.00000 -3.95003 0.00000 0.00000 -1.00000 -0.00000
1614710390161204 -1.00000 -0.00044 0.00000 -34.80918 -0.00044 1.00000 0.00000 -4.25572 -0.00000 0.00000 -1.00000 -0.00000
1614710390410593 -1.00000 -0.00237 -0.00000 -37.10232 -0.00237 1.00000 0.00000 -4.28469 -0.00000 0.00000 -1.00000 -0.00000
1614710390659953 -0.99994 -0.01100 0.00000 -39.33508 -0.01100 0.99994 0.00000 -4.78033 -0.00000 0.00000 -1.00000 -0.00000
1614710390909961 -0.99995 -0.01048 -0.00000 -41.58664 -0.01048 0.99995 0.00000 -4.77900 -0.00000 0.00000 -1.00000 -0.00000
1614710391159965 -0.99978 -0.02095 0.00000 -43.72345 -0.02095 0.99978 0.00000 -5.33593 -0.00000 0.00000 -1.00000 -0.00000
1614710391410594 -0.99975 -0.02255 0.00000 -45.88296 -0.02255 0.99975 0.00000 -5.46611 -0.00000 0.00000 -1.00000 -0.00000
1614710391661218 -0.99957 -0.02945 -0.00000 -47.98482 -0.02945 0.99957 0.00000 -5.77158 -0.00000 0.00000 -1.00000 -0.00000
1614710391911845 -0.99981 -0.01946 0.00000 -50.08530 -0.01946 0.99981 0.00000 -5.35369 -0.00000 0.00000 -1.00000 -0.00000
1614710392161845 -0.99977 -0.02162 -0.00000 -51.99842 -0.02162 0.99977 0.00000 -5.44934 -0.00000 0.00000 -1.00000 -0.00000
1614710392411231 -0.99970 -0.02450 0.00000 -53.98141 -0.02450 0.99970 0.00000 -5.68432 -0.00000 0.00000 -1.00000 -0.00000
1614710392661231 -0.99995 -0.00983 0.00000 -55.93390 -0.00983 0.99995 0.00000 -4.85494 -0.00000 0.00000 -1.00000 -0.00000
1614710392910612 -1.00000 -0.00079 0.00000 -57.67839 -0.00079 1.00000 0.00000 -4.28199 -0.00000 0.00000 -1.00000 -0.00000
1614710393159986 -0.99984 0.01792 0.00000 -59.42986 0.01792 0.99984 0.00000 -3.38512 0.00000 0.00000 -1.00000 -0.00000
1614710393409993 -0.99870 0.05104 -0.00000 -61.02277 0.05104 0.99870 0.00000 -1.32833 0.00000 0.00000 -1.00000 -0.00000
1614710393660621 -0.99533 0.09656 -0.00000 -62.45124 0.09656 0.99533 0.00000 1.42797 0.00000 0.00000 -1.00000 0.00000
1614710393910624 -0.98789 0.15517 0.00000 -63.55573 0.15517 0.98789 0.00000 4.91691 0.00000 0.00000 -1.00000 0.00000
1614710394161281 -0.97402 0.22646 0.00000 -64.19503 0.22646 0.97402 0.00000 9.59186 0.00000 0.00000 -1.00000 0.00000
1614710394411253 -0.95242 0.30479 0.00000 -64.29527 0.30479 0.95242 0.00000 14.70470 0.00000 0.00000 -1.00000 0.00000
1614710394661885 -0.91476 0.40399 0.00000 -63.44651 0.40399 0.91476 0.00000 21.54696 0.00000 0.00000 -1.00000 0.00000
1614710394911258 -0.86979 0.49342 -0.00000 -61.99297 0.49342 0.86979 0.00000 27.68693 0.00000 0.00000 -1.00000 0.00000
1614710395160640 -0.80084 0.59888 -0.00000 -59.10482 0.59888 0.80084 0.00000 35.28157 0.00000 0.00000 -1.00000 0.00000
1614710395410017 -0.72282 0.69103 0.00000 -55.43558 0.69103 0.72282 0.00000 42.03771 0.00000 0.00000 -1.00000 0.00000
1614710395660635 -0.62812 0.77812 0.00000 -50.49986 0.77812 0.62812 0.00000 48.76528 0.00000 0.00000 -1.00000 0.00000
1614710395910645 -0.52700 0.84986 -0.00000 -45.03618 0.84986 0.52700 0.00000 54.66081 0.00000 0.00000 -1.00000 0.00000
1614710396160654 -0.43076 0.90247 0.00000 -39.86217 0.90247 0.43076 0.00000 59.23301 0.00000 0.00000 -1.00000 0.00000
1614710396410655 -0.33119 0.94356 0.00000 -34.22701 0.94356 0.33119 0.00000 63.06820 0.00000 0.00000 -1.00000 0.00000
1614710396660660 -0.23107 0.97294 -0.00000 -28.59647 0.97294 0.23107 0.00000 66.29948 0.00000 0.00000 -1.00000 0.00000
1614710396910660 -0.15163 0.98844 0.00000 -24.23825 0.98844 0.15163 0.00000 68.43333 0.00000 0.00000 -1.00000 0.00000
1614710397161289 -0.09428 0.99555 0.00000 -21.47959 0.99555 0.09428 0.00000 69.80194 0.00000 0.00000 -1.00000 0.00000
1614710397411915 -0.06123 0.99812 0.00000 -20.61194 0.99812 0.06123 0.00000 70.33125 0.00000 0.00000 -1.00000 0.00000
1614710397662542 -0.04114 0.99915 0.00000 -20.47634 0.99915 0.04114 0.00000 70.74156 0.00000 0.00000 -1.00000 0.00000
1614710397912548 -0.03561 0.99937 0.00000 -21.62256 0.99937 0.03561 0.00000 70.78728 0.00000 0.00000 -1.00000 0.00000
1614710398161927 -0.04103 0.99916 0.00000 -23.47996 0.99916 0.04103 0.00000 70.57586 0.00000 0.00000 -1.00000 0.00000
1614710398411941 -0.03479 0.99939 -0.00000 -24.63974 0.99939 0.03479 0.00000 70.53549 0.00000 0.00000 -1.00000 0.00000
1614710398660685 -0.04128 0.99915 0.00000 -26.59552 0.99915 0.04128 0.00000 70.48767 0.00000 0.00000 -1.00000 0.00000
1614710398910689 -0.03090 0.99952 0.00000 -27.60705 0.99952 0.03090 0.00000 70.64935 0.00000 0.00000 -1.00000 0.00000
1614710399160689 -0.03732 0.99930 0.00000 -29.72125 0.99930 0.03732 0.00000 70.42347 0.00000 0.00000 -1.00000 0.00000
1614710399410692 -0.02605 0.99966 0.00000 -30.76091 0.99966 0.02605 0.00000 70.77310 0.00000 0.00000 -1.00000 0.00000
1614710399661317 -0.00587 0.99998 0.00000 -30.94626 0.99998 0.00587 0.00000 71.32627 0.00000 0.00000 -1.00000 0.00000
1614710399911941 0.00685 0.99998 0.00000 -31.83880 0.99998 -0.00685 0.00000 71.72977 0.00000 -0.00000 -1.00000 0.00000
1614710400161952 0.02602 0.99966 -0.00000 -32.21426 0.99966 -0.02602 0.00000 72.15429 0.00000 -0.00000 -1.00000 0.00000
1614710400412571 0.04709 0.99889 0.00000 -32.39946 0.99889 -0.04709 0.00000 72.86823 0.00000 -0.00000 -1.00000 0.00000
1614710400662581 0.07498 0.99718 0.00000 -32.15079 0.99718 -0.07498 0.00000 73.73072 0.00000 -0.00000 -1.00000 0.00000
1614710400911959 0.10440 0.99453 -0.00000 -31.65915 0.99453 -0.10440 0.00000 74.66736 0.00000 -0.00000 -1.00000 0.00000
1614710401161962 0.14200 0.98987 -0.00000 -30.68991 0.98987 -0.14200 0.00000 75.68404 0.00000 -0.00000 -1.00000 0.00000
1614710401410715 0.16868 0.98567 0.00000 -30.41347 0.98567 -0.16868 0.00000 76.49452 0.00000 -0.00000 -1.00000 0.00000
1614710401660092 0.19358 0.98108 -0.00000 -30.15732 0.98108 -0.19358 0.00000 77.16768 0.00000 -0.00000 -1.00000 0.00000
1614710401909473 0.20481 0.97880 0.00000 -31.09659 0.97880 -0.20481 0.00000 77.55927 0.00000 -0.00000 -1.00000 0.00000
1614710402159521 0.19120 0.98155 -0.00000 -33.86944 0.98155 -0.19120 0.00000 77.08093 0.00000 -0.00000 -1.00000 0.00000
1614710402409482 0.17165 0.98516 0.00000 -37.35542 0.98516 -0.17165 0.00000 76.32608 0.00000 -0.00000 -1.00000 0.00000
1614710402660728 0.14354 0.98964 0.00000 -41.30672 0.98964 -0.14354 0.00000 75.19722 0.00000 -0.00000 -1.00000 0.00000
1614710402911355 0.10718 0.99424 0.00000 -45.94734 0.99424 -0.10718 0.00000 73.62176 0.00000 -0.00000 -1.00000 0.00000
1614710403161360 0.08219 0.99662 0.00000 -49.70893 0.99662 -0.08219 0.00000 72.31835 0.00000 -0.00000 -1.00000 0.00000
1614710403411988 0.06265 0.99804 0.00000 -53.12199 0.99804 -0.06265 0.00000 71.35336 0.00000 -0.00000 -1.00000 0.00000
1614710403661993 0.04640 0.99892 0.00000 -56.27564 0.99892 -0.04640 0.00000 70.43761 0.00000 -0.00000 -1.00000 0.00000
1614710403911990 0.02845 0.99960 -0.00000 -59.57917 0.99960 -0.02845 0.00000 69.41058 0.00000 -0.00000 -1.00000 0.00000
1614710404162003 0.02708 0.99963 0.00000 -61.58789 0.99963 -0.02708 0.00000 69.26056 0.00000 -0.00000 -1.00000 0.00000
1614710404411379 0.01156 0.99993 0.00000 -64.58361 0.99993 -0.01156 0.00000 68.30020 0.00000 -0.00000 -1.00000 0.00000
1614710404661382 0.00843 0.99996 0.00000 -66.91241 0.99996 -0.00843 0.00000 68.00564 0.00000 -0.00000 -1.00000 0.00000
1614710404911385 0.00260 1.00000 -0.00000 -69.09399 1.00000 -0.00260 0.00000 67.62720 0.00000 -0.00000 -1.00000 0.00000
1614710405160759 0.00422 0.99999 0.00000 -70.96247 0.99999 -0.00422 0.00000 67.70070 0.00000 -0.00000 -1.00000 0.00000
1614710405410764 -0.00424 0.99999 0.00000 -73.51283 0.99999 0.00424 0.00000 67.09241 0.00000 0.00000 -1.00000 0.00000
1614710405661389 0.00080 1.00000 0.00000 -75.06121 1.00000 -0.00080 0.00000 67.42555 0.00000 -0.00000 -1.00000 0.00000
1614710405911397 -0.00877 0.99996 0.00000 -77.50413 0.99996 0.00877 0.00000 66.71626 0.00000 0.00000 -1.00000 0.00000
1614710406162023 -0.01229 0.99992 0.00000 -79.62877 0.99992 0.01229 0.00000 66.38666 0.00000 0.00000 -1.00000 0.00000
1614710406412033 -0.03522 0.99938 0.00000 -82.80529 0.99938 0.03522 0.00000 64.57180 0.00000 0.00000 -1.00000 0.00000
1614710406661397 -0.06490 0.99789 -0.00000 -86.48804 0.99789 0.06490 0.00000 61.91898 0.00000 0.00000 -1.00000 0.00000
1614710406911406 -0.11535 0.99333 0.00000 -91.16687 0.99333 0.11535 0.00000 57.59908 0.00000 0.00000 -1.00000 0.00000
1614710407160782 -0.17693 0.98422 -0.00000 -96.19094 0.98422 0.17693 0.00000 51.50079 0.00000 0.00000 -1.00000 0.00000
1614710407410792 -0.24541 0.96942 0.00000 -101.15607 0.96942 0.24541 0.00000 44.54236 0.00000 0.00000 -1.00000 0.00000
1614710407661410 -0.32872 0.94443 0.00000 -106.10389 0.94443 0.32872 0.00000 35.56173 0.00000 0.00000 -1.00000 0.00000
