1. 0. 0. 0. 0. 1. 0. 0. 0. 0. 1. 0.
1. 0. 0. 0.003 -0. 1. 0. 0.006 0. 0. 1. 0.
1. 0. 0. 0.000 -0. 1. 0. 0.003 0. 0. 1. 0.
1. 0. 0. -0.001 -0. 1. 0. 0.003 0. 0. 1. 0.
1. -0.000 0. 0.003 0.000 1. 0. 0.001 0. 0. 1. 0.
1. -0. 0. 0.001 0. 1. 0. 0.002 0. 0. 1. 0.
1. -0.000 0. -0.000 0.000 1. 0. 0.003 0. 0. 1. 0.
1. 0. 0. 0.002 -0. 1. 0. 0.005 0. 0. 1. 0.
1. 0.000 0. 0.003 -0.000 1. 0. 0.008 0. 0. 1. 0.
1. -0. 0. 0.003 0. 1. 0. 0.004 0. 0. 1. 0.
1. -0.000 0. -0.000 0.000 1. 0. -0.002 0. 0. 1. 0.
1. -0.000 0. -0.002 0.000 1. 0. 0.001 0. 0. 1. 0.
1. -0.000 0. 0.001 0.000 1. 0. 0.005 0. 0. 1. 0.
1. -0.000 0. 0.002 0.000 1. 0. -0.002 0. 0. 1. 0.
1. -0. 0. -0.001 0. 1. 0. 0.002 0. 0. 1. 0.
1. -0. 0. -0.003 0. 1. 0. 0.003 0. 0. 1. 0.
1. -0. 0. -0.003 0. 1. 0. 0.005 0. 0. 1. 0.
1. -0.000 0. -0.001 0.000 1. 0. 0.004 0. 0. 1. 0.
1. -0.000 0. -0.000 0.000 1. 0. 0.004 0. 0. 1. 0.
1. -0.000 0. -0.002 0.000 1. 0. 0.002 0. 0. 1. 0.
1. -0. 0. -0.000 0. 1. 0. 0.006 0. 0. 1. 0.
1. 0. 0. -0.001 -0. 1. 0. 0.010 0. 0. 1. 0.
1. -0.000 0. 0.002 0.000 1. 0. 0.006 0. 0. 1. 0.
1. -0.000 0. -0.003 0.000 1. 0. 0.005 0. 0. 1. 0.
1. -0.000 0. 0.001 0.000 1. 0. 0.003 0. 0. 1. 0.
1. -0.000 0. 0.002 0.000 1. 0. 0.005 0. 0. 1. 0.
1. -0.000 0. -0.002 0.000 1. 0. -0.004 0. 0. 1. 0.
1. -0.000 0. 0.001 0.000 1. 0. 0.000 0. 0. 1. 0.
1. -0. 0. -0.001 0. 1. 0. -0.002 0. 0. 1. 0.
1. -0.000 0. -0.001 0.000 1. 0. 0.001 0. 0. 1. 0.
1. -0.000 0. 0.003 0.000 1. 0. 0.002 0. 0. 1. 0.
1. -0.000 0. 0.005 0.000 1. 0. 0.001 0. 0. 1. 0.
1. -0.000 0. 0.004 0.000 1. 0. 0.001 0. 0. 1. 0.
1. -0.000 0. 0.001 0.000 1. 0. 0.001 0. 0. 1. 0.
1. -0.000 0. -0.001 0.000 1. 0. -0.002 0. 0. 1. 0.
1. -0.000 0. 0.002 0.000 1. 0. -0.002 0. 0. 1. 0.
1. -0. 0. 0.001 0. 1. 0. -0.001 0. 0. 1. 0.
1. -0.000 0. 0.000 0.000 1. 0. 0.006 0. 0. 1. 0.
1. -0.000 0. -0.001 0.000 1. 0. -0.001 0. 0. 1. 0.
1. -0.000 0. 0.002 0.000 1. 0. -0.001 0. 0. 1. 0.
1. -0.000 0. 0.002 0.000 1. 0. 0.003 0. 0. 1. 0.
1. -0.000 0. -0.001 0.000 1. 0. 0.011 0. 0. 1. 0.
1. -0.000 0. -0.000 0.000 1. 0. 0.000 0. 0. 1. 0.
1. -0. 0. -0.002 0. 1. 0. 0.001 0. 0. 1. 0.
1. -0.000 0. 0.003 0.000 1. 0. 0.001 0. 0. 1. 0.
1. -0.000 0. -0.002 0.000 1. 0. -0.002 0. 0. 1. 0.
1. -0.000 0. -0.001 0.000 1. 0. 0.000 0. 0. 1. 0.
1. -0.000 0. -0.001 0.000 1. 0. 0.004 0. 0. 1. 0.
1. -0.000 0. 0.004 0.000 1. 0. -0.001 0. 0. 1. 0.
1. -0.000 0. 0.002 0.000 1. 0. 0.005 0. 0. 1. 0.
1. 0. 0. 0.003 -0. 1. 0. 0.007 0. 0. 1. 0.
1. -0. 0. 0.006 0. 1. 0. 0.005 0. 0. 1. 0.
1. -0.000 0. 0.001 0.000 1. 0. 0.007 0. 0. 1. 0.
1. -0. 0. 0.002 0. 1. 0. 0.006 0. 0. 1. 0.
1. -0.000 0. 0.003 0.000 1. 0. 0.002 0. 0. 1. 0.
1. -0.000 0. 0.003 0.000 1. 0. 0.005 0. 0. 1. 0.
1. 0. 0. 0.004 -0. 1. 0. 0.004 0. 0. 1. 0.
1. -0. 0. 0.006 0. 1. 0. 0.003 0. 0. 1. 0.
1. -0.000 0. 0.001 0.000 1. 0. 0.004 0. 0. 1. 0.
1. -0.000 0. 0.001 0.000 1. 0. 0.003 0. 0. 1. 0.
1. -0.000 0. -0.001 0.000 1. 0. 0.002 0. 0. 1. 0.
1. -0.000 0. -0.001 0.000 1. 0. 0.002 0. 0. 1. 0.
1. -0.000 0. -0.004 0.000 1. 0. 0.002 0. 0. 1. 0.
1. -0.000 0. -0.000 0.000 1. 0. 0.003 0. 0. 1. 0.
1. -0.000 0. -0.001 0.000 1. 0. 0.002 0. 0. 1. 0.
1. -0.000 0. -0.003 0.000 1. 0. 0.001 0. 0. 1. 0.
1. -0.000 0. 0.003 0.000 1. 0. 0.007 0. 0. 1. 0.
1. -0.000 0. 0.001 0.000 1. 0. -0.001 0. 0. 1. 0.
1. -0.000 0. 0.002 0.000 1. 0. 0.005 0. 0. 1. 0.
1. -0.000 0. -0.002 0.000 1. 0. 0.008 0. 0. 1. 0.
1. -0.000 0. 0.002 0.000 1. 0. 0.007 0. 0. 1. 0.
1. -0.000 0. 0.001 0.000 1. 0. 0.003 0. 0. 1. 0.
1. -0.000 0. 0.001 0.000 1. 0. 0.002 0. 0. 1. 0.
1. -0.000 0. 0.004 0.000 1. 0. 0.005 0. 0. 1. 0.
1. -0.000 0. 0.000 0.000 1. 0. 0.002 0. 0. 1. 0.
1. -0.000 0. 0.003 0.000 1. 0. 0.006 0. 0. 1. 0.
1. -0.000 0. 0.002 0.000 1. 0. 0.002 0. 0. 1. 0.
1. -0.000 0. 0.001 0.000 1. 0. 0.000 0. 0. 1. 0.
1. -0.000 0. 0.004 0.000 1. 0. 0.001 0. 0. 1. 0.
1. -0.000 0. 0.001 0.000 1. 0. 0.006 0. 0. 1. 0.
1. -0.000 0. -0.005 0.000 1. 0. 0.002 0. 0. 1. 0.
1. -0.000 0. 0.001 0.000 1. 0. 0.001 0. 0. 1. 0.
1. -0.000 0. 0.003 0.000 1. 0. 0.001 0. 0. 1. 0.
1. -0.000 0. 0.003 0.000 1. 0. -0.002 0. 0. 1. 0.
1. -0.000 0. 0.004 0.000 1. 0. 0.001 0. 0. 1. 0.
1. -0. 0. 0.002 0. 1. 0. 0.004 0. 0. 1. 0.
1. -0.000 0. 0.002 0.000 1. 0. 0.004 0. 0. 1. 0.
1. -0.000 0. -0.002 0.000 1. 0. 0.001 0. 0. 1. 0.
1. -0.000 0. -0. 0.000 1. 0. 0.003 0. 0. 1. 0.
1. -0.000 0. 0.003 0.000 1. 0. 0.001 0. 0. 1. 0.
1. -0.000 0. 0.000 0.000 1. 0. 0.000 0. 0. 1. 0.
1. -0.000 0. 0.003 0.000 1. 0. 0.004 0. 0. 1. 0.
1. -0.000 0. 0.002 0.000 1. 0. -0.003 0. 0. 1. 0.
1. 0. 0. 0.006 -0. 1. 0. 0.001 0. 0. 1. 0.
1. -0.000 0. 0.002 0.000 1. 0. 0.003 0. 0. 1. 0.
1. -0.000 0. 0.002 0.000 1. 0. 0.001 0. 0. 1. 0.
1. -0.000 0. -0.002 0.000 1. 0. 0.001 0. 0. 1. 0.
1. -0.000 0. 0.007 0.000 1. 0. 0.003 0. 0. 1. 0.
1. -0.000 0. 0.002 0.000 1. 0. 0.008 0. 0. 1. 0.
1. -0. 0. 0.004 0. 1. 0. 0.006 0. 0. 1. 0.
1. -0.000 0. -0.000 0.000 1. 0. 0.001 0. 0. 1. 0.
1. -0.000 0. -0.003 0.000 1. 0. 0.002 0. 0. 1. 0.
1. -0.000 0. 0.001 0.000 1. 0. 0.005 0. 0. 1. 0.
1. -0.000 0. 0.002 0.000 1. 0. 0.005 0. 0. 1. 0.
1. -0.000 0. 0.001 0.000 1. 0. 0.001 0. 0. 1. 0.
1. -0.000 0. 0.001 0.000 1. 0. -0.000 0. 0. 1. 0.
1. -0.000 0. -0.003 0.000 1. 0. 0.001 0. 0. 1. 0.
1. -0.000 0. 0.004 0.000 1. 0. 0.001 0. 0. 1. 0.
1. -0.000 0. 0.006 0.000 1. 0. -0.003 0. 0. 1. 0.
1. -0.000 0. 0.003 0.000 1. 0. -0.003 0. 0. 1. 0.
1. -0.000 0. 0.001 0.000 1. 0. -0.003 0. 0. 1. 0.
1. -0.000 0. 0.004 0.000 1. 0. -0.000 0. 0. 1. 0.
1. -0.000 0. 0.005 0.000 1. 0. -0.001 0. 0. 1. 0.
1. -0.000 0. 0.002 0.000 1. 0. -0.003 0. 0. 1. 0.
1. -0.000 0. 0.003 0.000 1. 0. -0.004 0. 0. 1. 0.
1. -0.000 0. 0.006 0.000 1. 0. -0.005 0. 0. 1. 0.
1. -0.001 0. 0.020 0.001 1. 0. -0.002 0. 0. 1. 0.
1. -0.000 0. 0.051 0.000 1. 0. 0.011 0. 0. 1. 0.
1. -0.001 0. 0.088 0.001 1. 0. 0.009 0. 0. 1. 0.
1. -0.002 0. 0.145 0.002 1. 0. 0.024 0. 0. 1. 0.
1. -0.003 0. 0.215 0.003 1. 0. 0.042 0. 0. 1. 0.
1. -0.006 0. 0.303 0.006 1. 0. 0.068 0. 0. 1. 0.
1.000 -0.016 0. 0.465 0.016 1.000 0. 0.024 0. 0. 1. 0.
1.000 -0.029 0. 0.665 0.029 1.000 0. 0.019 0. 0. 1. 0.
0.999 -0.047 0. 1.014 0.047 0.999 0. 0.046 0. 0. 1. 0.
0.998 -0.067 0. 1.421 0.067 0.998 0. 0.049 0. 0. 1. 0.
0.996 -0.090 0. 1.919 0.090 0.996 0. 0.125 0. 0. 1. 0.
0.993 -0.115 0. 2.514 0.115 0.993 0. 0.215 0. 0. 1. 0.
0.991 -0.137 0. 3.218 0.137 0.991 0. 0.336 0. 0. 1. 0.
0.988 -0.157 0. 3.973 0.157 0.988 0. 0.505 0. 0. 1. 0.
0.985 -0.172 0. 4.827 0.172 0.985 0. 0.650 0. 0. 1. 0.
0.983 -0.183 0. 5.783 0.183 0.983 0. 0.810 0. 0. 1. 0.
0.982 -0.188 0. 6.824 0.188 0.982 0. 1.016 0. 0. 1. 0.
0.982 -0.187 0. 7.939 0.187 0.982 0. 1.219 0. 0. 1. 0.
0.983 -0.185 0. 9.134 0.185 0.983 0. 1.443 0. 0. 1. 0.
0.983 -0.183 0. 10.398 0.183 0.983 0. 1.686 0. 0. 1. 0.
0.984 -0.180 0. 11.731 0.180 0.984 0. 1.906 0. 0. 1. 0.
0.985 -0.174 0. 13.189 0.174 0.985 0. 2.165 0. 0. 1. 0.
0.985 -0.171 0. 14.697 0.171 0.985 0. 2.417 0. 0. 1. 0.
0.986 -0.165 0. 16.226 0.165 0.986 0. 2.640 0. 0. 1. 0.
0.987 -0.159 0. 17.833 0.159 0.987 0. 2.866 0. 0. 1. 0.
0.989 -0.150 0. 19.482 0.150 0.989 0. 3.115 0. 0. 1. 0.
0.990 -0.141 0. 21.184 0.141 0.990 0. 3.355 0. 0. 1. 0.
0.992 -0.126 0. 22.959 0.126 0.992 0. 3.581 0. 0. 1. 0.
0.994 -0.112 0. 24.732 0.112 0.994 0. 3.758 0. 0. 1. 0.
0.995 -0.097 0. 26.545 0.097 0.995 0. 3.898 0. 0. 1. 0.
0.996 -0.084 0. 28.431 0.084 0.996 0. 4.039 0. 0. 1. 0.
0.998 -0.070 0. 30.326 0.070 0.998 0. 4.139 0. 0. 1. 0.
0.998 -0.057 0. 32.238 0.057 0.998 0. 4.262 0. 0. 1. 0.
0.999 -0.041 0. 34.183 0.041 0.999 0. 4.347 0. 0. 1. 0.
1.000 -0.028 0. 36.124 0.028 1.000 0. 4.372 0. 0. 1. 0.
1.000 -0.018 0. 38.105 0.018 1.000 0. 4.390 0. 0. 1. 0.
1. -0.008 0. 40.146 0.008 1. 0. 4.428 0. 0. 1. 0.
1. -0.002 0. 42.190 0.002 1. 0. 4.399 0. 0. 1. 0.
1. 0.003 0. 44.247 -0.003 1. 0. 4.418 0. 0. 1. 0.
1. 0.005 0. 46.355 -0.005 1. 0. 4.338 0. 0. 1. 0.
1. 0.012 0. 48.478 -0.012 1. 0. 4.298 0. 0. 1. 0.
1.000 0.017 0. 50.595 -0.017 1.000 0. 4.227 0. 0. 1. 0.
1.000 0.024 0. 52.739 -0.024 1.000 0. 4.142 0. 0. 1. 0.
0.999 0.033 0. 54.858 -0.033 0.999 0. 4.085 0. 0. 1. 0.
0.999 0.037 0. 56.975 -0.037 0.999 0. 3.956 0. 0. 1. 0.
0.999 0.035 0. 59.128 -0.035 0.999 0. 3.856 0. 0. 1. 0.
1.000 0.028 0. 61.311 -0.028 1.000 0. 3.782 0. 0. 1. 0.
1.000 0.022 0. 63.515 -0.022 1.000 0. 3.686 0. 0. 1. 0.
1. 0.008 0. 65.713 -0.008 1. 0. 3.677 0. 0. 1. 0.
1. -0.008 0. 67.919 0.008 1. 0. 3.658 0. 0. 1. 0.
1.000 -0.027 0. 70.212 0.027 1.000 0. 3.681 0. 0. 1. 0.
0.999 -0.042 0. 72.376 0.042 0.999 0. 3.834 0. 0. 1. 0.
0.998 -0.063 0. 74.554 0.063 0.998 0. 3.988 0. 0. 1. 0.
0.997 -0.079 0. 76.846 0.079 0.997 0. 4.098 0. 0. 1. 0.
0.996 -0.090 0. 78.945 0.090 0.996 0. 4.272 0. 0. 1. 0.
0.995 -0.097 0. 81.147 0.097 0.995 0. 4.446 0. 0. 1. 0.
0.995 -0.104 0. 83.353 0.104 0.995 0. 4.684 0. 0. 1. 0.
0.995 -0.104 0. 85.561 0.104 0.995 0. 4.895 0. 0. 1. 0.
0.994 -0.106 0. 87.752 0.106 0.994 0. 5.143 0. 0. 1. 0.
0.995 -0.104 0. 89.943 0.104 0.995 0. 5.325 0. 0. 1. 0.
0.995 -0.102 0. 92.130 0.102 0.995 0. 5.540 0. 0. 1. 0.
0.995 -0.097 0. 94.380 0.097 0.995 0. 5.725 0. 0. 1. 0.
0.996 -0.093 0. 96.636 0.093 0.996 0. 5.902 0. 0. 1. 0.
0.996 -0.094 0. 98.880 0.094 0.996 0. 6.121 0. 0. 1. 0.
0.995 -0.097 0. 101.101 0.097 0.995 0. 6.369 0. 0. 1. 0.
0.996 -0.093 0. 103.292 0.093 0.996 0. 6.615 0. 0. 1. 0.
0.996 -0.084 0. 105.589 0.084 0.996 0. 6.787 0. 0. 1. 0.
0.997 -0.072 0. 107.881 0.072 0.997 0. 6.928 0. 0. 1. 0.
0.998 -0.058 0. 110.176 0.058 0.998 0. 7.058 0. 0. 1. 0.
0.999 -0.046 0. 112.502 0.046 0.999 0. 7.157 0. 0. 1. 0.
0.999 -0.037 0. 114.843 0.037 0.999 0. 7.156 0. 0. 1. 0.
0.999 -0.034 0. 117.213 0.034 0.999 0. 7.187 0. 0. 1. 0.
0.999 -0.034 0. 119.663 0.034 0.999 0. 7.283 0. 0. 1. 0.
1.000 -0.031 0. 122.103 0.031 1.000 0. 7.353 0. 0. 1. 0.
1.000 -0.030 0. 124.537 0.030 1.000 0. 7.398 0. 0. 1. 0.
0.999 -0.032 0. 126.973 0.032 0.999 0. 7.479 0. 0. 1. 0.
0.999 -0.034 0. 129.402 0.034 0.999 0. 7.548 0. 0. 1. 0.
0.999 -0.036 0. 131.816 0.036 0.999 0. 7.637 0. 0. 1. 0.
0.999 -0.036 0. 134.207 0.036 0.999 0. 7.767 0. 0. 1. 0.
0.999 -0.040 0. 136.585 0.040 0.999 0. 7.792 0. 0. 1. 0.
0.999 -0.044 0. 138.984 0.044 0.999 0. 7.838 0. 0. 1. 0.
0.999 -0.045 0. 141.355 0.045 0.999 0. 7.938 0. 0. 1. 0.
0.999 -0.048 0. 143.705 0.048 0.999 0. 8.009 0. 0. 1. 0.
0.999 -0.052 0. 146.095 0.052 0.999 0. 8.117 0. 0. 1. 0.
0.999 -0.053 0. 148.480 0.053 0.999 0. 8.222 0. 0. 1. 0.
0.999 -0.053 0. 150.845 0.053 0.999 0. 8.359 0. 0. 1. 0.
0.999 -0.051 0. 153.205 0.051 0.999 0. 8.406 0. 0. 1. 0.
0.999 -0.050 0. 155.574 0.050 0.999 0. 8.508 0. 0. 1. 0.
0.999 -0.051 0. 157.963 0.051 0.999 0. 8.600 0. 0. 1. 0.
0.999 -0.051 0. 160.297 0.051 0.999 0. 8.661 0. 0. 1. 0.
0.999 -0.051 0. 162.659 0.051 0.999 0. 8.766 0. 0. 1. 0.
0.999 -0.055 0. 164.997 0.055 0.999 0. 8.944 0. 0. 1. 0.
0.998 -0.058 0. 167.309 0.058 0.998 0. 9.024 0. 0. 1. 0.
0.998 -0.059 0. 169.621 0.059 0.998 0. 9.092 0. 0. 1. 0.
0.998 -0.060 0. 171.883 0.060 0.998 0. 9.265 0. 0. 1. 0.
0.998 -0.062 0. 174.112 0.062 0.998 0. 9.404 0. 0. 1. 0.
0.998 -0.065 0. 176.298 0.065 0.998 0. 9.509 0. 0. 1. 0.
0.998 -0.068 0. 178.489 0.068 0.998 0. 9.670 0. 0. 1. 0.
0.997 -0.072 0. 180.660 0.072 0.997 0. 9.856 0. 0. 1. 0.
0.997 -0.075 0. 182.801 0.075 0.997 0. 9.995 0. 0. 1. 0.
0.997 -0.076 0. 184.972 0.076 0.997 0. 10.165 0. 0. 1. 0.
0.997 -0.077 0. 187.075 0.077 0.997 0. 10.322 0. 0. 1. 0.
0.997 -0.081 0. 189.189 0.081 0.997 0. 10.478 0. 0. 1. 0.
0.996 -0.087 0. 191.309 0.087 0.996 0. 10.644 0. 0. 1. 0.
0.996 -0.093 0. 193.417 0.093 0.996 0. 10.835 0. 0. 1. 0.
0.995 -0.103 0. 195.477 0.103 0.995 0. 10.994 0. 0. 1. 0.
0.994 -0.110 0. 197.540 0.110 0.994 0. 11.223 0. 0. 1. 0.
0.993 -0.118 0. 199.616 0.118 0.993 0. 11.438 0. 0. 1. 0.
0.992 -0.125 0. 201.681 0.125 0.992 0. 11.701 0. 0. 1. 0.
0.991 -0.131 0. 203.734 0.131 0.991 0. 11.963 0. 0. 1. 0.
0.990 -0.138 0. 205.728 0.138 0.990 0. 12.242 0. 0. 1. 0.
0.989 -0.146 0. 207.759 0.146 0.989 0. 12.542 0. 0. 1. 0.
0.988 -0.153 0. 209.796 0.153 0.988 0. 12.819 0. 0. 1. 0.
0.987 -0.160 0. 211.863 0.160 0.987 0. 13.113 0. 0. 1. 0.
0.987 -0.161 0. 213.870 0.161 0.987 0. 13.517 0. 0. 1. 0.
0.987 -0.160 0. 215.929 0.160 0.987 0. 13.854 0. 0. 1. 0.
0.987 -0.158 0. 218.009 0.158 0.987 0. 14.165 0. 0. 1. 0.
0.988 -0.156 0. 220.023 0.156 0.988 0. 14.472 0. 0. 1. 0.
0.988 -0.156 0. 222.053 0.156 0.988 0. 14.774 0. 0. 1. 0.
0.987 -0.158 0. 224.090 0.158 0.987 0. 15.078 0. 0. 1. 0.
0.987 -0.159 0. 226.114 0.159 0.987 0. 15.343 0. 0. 1. 0.
0.987 -0.161 0. 228.114 0.161 0.987 0. 15.718 0. 0. 1. 0.
0.987 -0.161 0. 230.108 0.161 0.987 0. 16.002 0. 0. 1. 0.
0.986 -0.164 0. 232.119 0.164 0.986 0. 16.376 0. 0. 1. 0.
0.986 -0.166 0. 234.094 0.166 0.986 0. 16.625 0. 0. 1. 0.
0.986 -0.169 0. 236.037 0.169 0.986 0. 16.932 0. 0. 1. 0.
0.985 -0.171 0. 237.988 0.171 0.985 0. 17.271 0. 0. 1. 0.
0.984 -0.176 0. 239.925 0.176 0.984 0. 17.656 0. 0. 1. 0.
0.984 -0.178 0. 241.853 0.178 0.984 0. 17.976 0. 0. 1. 0.
0.984 -0.179 0. 243.732 0.179 0.984 0. 18.309 0. 0. 1. 0.
0.983 -0.181 0. 245.613 0.181 0.983 0. 18.634 0. 0. 1. 0.
0.983 -0.184 0. 247.459 0.184 0.983 0. 19.031 0. 0. 1. 0.
0.983 -0.186 0. 249.348 0.186 0.983 0. 19.379 0. 0. 1. 0.
0.982 -0.188 0. 251.247 0.188 0.982 0. 19.679 0. 0. 1. 0.
0.982 -0.189 0. 253.089 0.189 0.982 0. 19.994 0. 0. 1. 0.
0.981 -0.192 0. 254.944 0.192 0.981 0. 20.390 0. 0. 1. 0.
0.981 -0.193 0. 256.840 0.193 0.981 0. 20.733 0. 0. 1. 0.
0.981 -0.194 0. 258.702 0.194 0.981 0. 21.077 0. 0. 1. 0.
0.981 -0.195 0. 260.499 0.195 0.981 0. 21.417 0. 0. 1. 0.
0.981 -0.195 0. 262.316 0.195 0.981 0. 21.728 0. 0. 1. 0.
0.981 -0.196 0. 264.101 0.196 0.981 0. 22.110 0. 0. 1. 0.
0.980 -0.197 0. 265.923 0.197 0.980 0. 22.443 0. 0. 1. 0.
0.981 -0.194 0. 267.728 0.194 0.981 0. 22.756 0. 0. 1. 0.
0.982 -0.191 0. 269.533 0.191 0.982 0. 23.133 0. 0. 1. 0.
0.982 -0.187 0. 271.343 0.187 0.982 0. 23.464 0. 0. 1. 0.
0.984 -0.180 0. 273.169 0.180 0.984 0. 23.850 0. 0. 1. 0.
0.984 -0.175 0. 275.010 0.175 0.984 0. 24.091 0. 0. 1. 0.
0.985 -0.170 0. 276.832 0.170 0.985 0. 24.412 0. 0. 1. 0.
0.986 -0.164 0. 278.694 0.164 0.986 0. 24.728 0. 0. 1. 0.
0.987 -0.160 0. 280.561 0.160 0.987 0. 25.021 0. 0. 1. 0.
0.988 -0.156 0. 282.441 0.156 0.988 0. 25.307 0. 0. 1. 0.
0.989 -0.148 0. 284.305 0.148 0.989 0. 25.544 0. 0. 1. 0.
0.989 -0.145 0. 286.216 0.145 0.989 0. 25.779 0. 0. 1. 0.
0.990 -0.142 0. 288.059 0.142 0.990 0. 26.074 0. 0. 1. 0.
0.990 -0.140 0. 289.979 0.140 0.990 0. 26.253 0. 0. 1. 0.
0.991 -0.135 0. 291.865 0.135 0.991 0. 26.551 0. 0. 1. 0.
0.992 -0.128 0. 293.825 0.128 0.992 0. 26.741 0. 0. 1. 0.
0.992 -0.123 0. 295.803 0.123 0.992 0. 27.005 0. 0. 1. 0.
0.993 -0.120 0. 297.807 0.120 0.993 0. 27.152 0. 0. 1. 0.
0.993 -0.116 0. 299.827 0.116 0.993 0. 27.384 0. 0. 1. 0.
0.994 -0.111 0. 301.885 0.111 0.994 0. 27.630 0. 0. 1. 0.
0.994 -0.110 0. 303.968 0.110 0.994 0. 27.821 0. 0. 1. 0.
0.994 -0.107 0. 306.016 0.107 0.994 0. 28.041 0. 0. 1. 0.
0.994 -0.109 0. 308.095 0.109 0.994 0. 28.244 0. 0. 1. 0.
0.994 -0.110 0. 310.208 0.110 0.994 0. 28.462 0. 0. 1. 0.
0.994 -0.110 0. 312.314 0.110 0.994 0. 28.746 0. 0. 1. 0.
0.994 -0.109 0. 314.425 0.109 0.994 0. 28.907 0. 0. 1. 0.
0.994 -0.106 0. 316.527 0.106 0.994 0. 29.100 0. 0. 1. 0.
0.995 -0.104 0. 318.640 0.104 0.995 0. 29.270 0. 0. 1. 0.
0.995 -0.102 0. 320.701 0.102 0.995 0. 29.524 0. 0. 1. 0.
0.995 -0.097 0. 322.764 0.097 0.995 0. 29.694 0. 0. 1. 0.
0.996 -0.087 0. 324.840 0.087 0.996 0. 29.872 0. 0. 1. 0.
0.997 -0.077 0. 326.916 0.077 0.997 0. 29.994 0. 0. 1. 0.
0.998 -0.066 0. 328.969 0.066 0.998 0. 30.092 0. 0. 1. 0.
0.998 -0.057 0. 331.063 0.057 0.998 0. 30.211 0. 0. 1. 0.
0.999 -0.046 0. 333.205 0.046 0.999 0. 30.293 0. 0. 1. 0.
0.999 -0.035 0. 335.328 0.035 0.999 0. 30.307 0. 0. 1. 0.
1.000 -0.030 0. 337.410 0.030 1.000 0. 30.342 0. 0. 1. 0.
1.000 -0.020 0. 339.544 0.020 1.000 0. 30.375 0. 0. 1. 0.
1.000 -0.014 0. 341.702 0.014 1.000 0. 30.395 0. 0. 1. 0.
1. -0.012 0. 343.823 0.012 1. 0. 30.417 0. 0. 1. 0.
1. -0.009 0. 345.986 0.009 1. 0. 30.465 0. 0. 1. 0.
1. -0.008 0. 348.134 0.008 1. 0. 30.439 0. 0. 1. 0.
1. -0.007 0. 350.323 0.007 1. 0. 30.435 0. 0. 1. 0.
1. -0.007 0. 352.492 0.007 1. 0. 30.491 0. 0. 1. 0.
1. -0.009 0. 354.656 0.009 1. 0. 30.512 0. 0. 1. 0.
1. -0.009 0. 356.824 0.009 1. 0. 30.561 0. 0. 1. 0.
1. -0.012 0. 358.991 0.012 1. 0. 30.554 0. 0. 1. 0.
1.000 -0.015 0. 361.183 0.015 1.000 0. 30.582 0. 0. 1. 0.
1.000 -0.018 0. 363.350 0.018 1.000 0. 30.618 0. 0. 1. 0.
1.000 -0.023 0. 365.558 0.023 1.000 0. 30.630 0. 0. 1. 0.
1.000 -0.028 0. 367.711 0.028 1.000 0. 30.718 0. 0. 1. 0.
0.999 -0.032 0. 369.919 0.032 0.999 0. 30.756 0. 0. 1. 0.
0.999 -0.037 0. 372.092 0.037 0.999 0. 30.893 0. 0. 1. 0.
0.999 -0.040 0. 374.268 0.040 0.999 0. 30.935 0. 0. 1. 0.
0.999 -0.045 0. 376.478 0.045 0.999 0. 31.014 0. 0. 1. 0.
0.999 -0.049 0. 378.663 0.049 0.999 0. 31.146 0. 0. 1. 0.
0.999 -0.053 0. 380.849 0.053 0.999 0. 31.194 0. 0. 1. 0.
0.998 -0.059 0. 383.001 0.059 0.998 0. 31.319 0. 0. 1. 0.
0.998 -0.059 0. 385.129 0.059 0.998 0. 31.420 0. 0. 1. 0.
0.998 -0.057 0. 387.261 0.057 0.998 0. 31.548 0. 0. 1. 0.
0.998 -0.058 0. 389.379 0.058 0.998 0. 31.630 0. 0. 1. 0.
0.998 -0.057 0. 391.492 0.057 0.998 0. 31.763 0. 0. 1. 0.
0.998 -0.058 0. 393.594 0.058 0.998 0. 31.880 0. 0. 1. 0.
0.998 -0.059 0. 395.723 0.059 0.998 0. 31.992 0. 0. 1. 0.
0.998 -0.060 0. 397.845 0.060 0.998 0. 32.107 0. 0. 1. 0.
0.998 -0.062 0. 399.946 0.062 0.998 0. 32.207 0. 0. 1. 0.
0.998 -0.066 0. 402.033 0.066 0.998 0. 32.365 0. 0. 1. 0.
0.998 -0.069 0. 404.059 0.069 0.998 0. 32.456 0. 0. 1. 0.
0.997 -0.071 0. 406.097 0.071 0.997 0. 32.606 0. 0. 1. 0.
0.997 -0.074 0. 408.128 0.074 0.997 0. 32.733 0. 0. 1. 0.
0.997 -0.075 0. 410.120 0.075 0.997 0. 32.899 0. 0. 1. 0.
0.997 -0.077 0. 412.096 0.077 0.997 0. 33.015 0. 0. 1. 0.
0.997 -0.077 0. 414.050 0.077 0.997 0. 33.116 0. 0. 1. 0.
0.997 -0.078 0. 415.972 0.078 0.997 0. 33.291 0. 0. 1. 0.
0.997 -0.078 0. 417.802 0.078 0.997 0. 33.481 0. 0. 1. 0.
0.997 -0.077 0. 419.577 0.077 0.997 0. 33.597 0. 0. 1. 0.
0.997 -0.075 0. 421.296 0.075 0.997 0. 33.675 0. 0. 1. 0.
0.997 -0.074 0. 422.964 0.074 0.997 0. 33.793 0. 0. 1. 0.
0.997 -0.075 0. 424.580 0.075 0.997 0. 33.939 0. 0. 1. 0.
0.997 -0.077 0. 426.127 0.077 0.997 0. 34.072 0. 0. 1. 0.
0.997 -0.077 0. 427.642 0.077 0.997 0. 34.129 0. 0. 1. 0.
0.997 -0.078 0. 429.106 0.078 0.997 0. 34.247 0. 0. 1. 0.
0.997 -0.075 0. 430.459 0.075 0.997 0. 34.342 0. 0. 1. 0.
0.997 -0.072 0. 431.740 0.072 0.997 0. 34.455 0. 0. 1. 0.
0.998 -0.069 0. 432.962 0.069 0.998 0. 34.489 0. 0. 1. 0.
0.998 -0.063 0. 434.099 0.063 0.998 0. 34.556 0. 0. 1. 0.
0.999 -0.053 0. 435.154 0.053 0.999 0. 34.575 0. 0. 1. 0.
0.999 -0.036 0. 436.136 0.036 0.999 0. 34.594 0. 0. 1. 0.
1. -0.003 0. 437.120 0.003 1. 0. 34.564 0. 0. 1. 0.
0.999 0.036 0. 438.093 -0.036 0.999 0. 34.417 0. 0. 1. 0.
0.997 0.079 0. 439.009 -0.079 0.997 0. 34.381 0. 0. 1. 0.
0.991 0.130 0. 439.938 -0.130 0.991 0. 34.249 0. 0. 1. 0.
0.982 0.190 0. 440.835 -0.190 0.982 0. 34.032 0. 0. 1. 0.
0.967 0.254 0. 441.735 -0.254 0.967 0. 33.759 0. 0. 1. 0.
0.946 0.324 0. 442.609 -0.324 0.946 0. 33.436 0. 0. 1. 0.
0.920 0.393 0. 443.393 -0.393 0.920 0. 33.018 0. 0. 1. 0.
0.887 0.462 0. 444.132 -0.462 0.887 0. 32.482 0. 0. 1. 0.
0.851 0.525 0. 444.827 -0.525 0.851 0. 31.962 0. 0. 1. 0.
0.811 0.585 0. 445.464 -0.585 0.811 0. 31.497 0. 0. 1. 0.
0.770 0.638 0. 445.976 -0.638 0.770 0. 31.001 0. 0. 1. 0.
0.727 0.687 0. 446.394 -0.687 0.727 0. 30.560 0. 0. 1. 0.
0.685 0.728 0. 446.709 -0.728 0.685 0. 30.094 0. 0. 1. 0.
0.648 0.762 0. 446.946 -0.762 0.648 0. 29.713 0. 0. 1. 0.
0.616 0.788 0. 447.112 -0.788 0.616 0. 29.425 0. 0. 1. 0.
0.595 0.804 0. 447.211 -0.804 0.595 0. 29.251 0. 0. 1. 0.
0.581 0.814 0. 447.252 -0.814 0.581 0. 29.131 0. 0. 1. 0.
0.569 0.822 0. 447.317 -0.822 0.569 0. 29.042 0. 0. 1. 0.
0.561 0.828 0. 447.342 -0.828 0.561 0. 28.977 0. 0. 1. 0.
0.557 0.831 0. 447.365 -0.831 0.557 0. 28.957 0. 0. 1. 0.
0.554 0.832 0. 447.366 -0.832 0.554 0. 28.918 0. 0. 1. 0.
0.551 0.835 0. 447.399 -0.835 0.551 0. 28.906 0. 0. 1. 0.
0.551 0.835 0. 447.405 -0.835 0.551 0. 28.891 0. 0. 1. 0.
0.550 0.835 0. 447.411 -0.835 0.550 0. 28.902 0. 0. 1. 0.
0.550 0.835 0. 447.396 -0.835 0.550 0. 28.904 0. 0. 1. 0.
0.550 0.835 0. 447.398 -0.835 0.550 0. 28.912 0. 0. 1. 0.
0.550 0.835 0. 447.400 -0.835 0.550 0. 28.916 0. 0. 1. 0.
0.550 0.835 0. 447.404 -0.835 0.550 0. 28.907 0. 0. 1. 0.
0.551 0.835 0. 447.396 -0.835 0.551 0. 28.904 0. 0. 1. 0.
0.549 0.836 0. 447.396 -0.836 0.549 0. 28.912 0. 0. 1. 0.
0.548 0.837 0. 447.397 -0.837 0.548 0. 28.889 0. 0. 1. 0.
0.542 0.840 0. 447.438 -0.840 0.542 0. 28.858 0. 0. 1. 0.
0.535 0.845 0. 447.489 -0.845 0.535 0. 28.773 0. 0. 1. 0.
0.523 0.852 0. 447.492 -0.852 0.523 0. 28.691 0. 0. 1. 0.
0.509 0.861 0. 447.558 -0.861 0.509 0. 28.558 0. 0. 1. 0.
0.490 0.872 0. 447.612 -0.872 0.490 0. 28.425 0. 0. 1. 0.
0.468 0.884 0. 447.666 -0.884 0.468 0. 28.262 0. 0. 1. 0.
0.437 0.899 0. 447.736 -0.899 0.437 0. 28.040 0. 0. 1. 0.
0.398 0.918 0. 447.828 -0.918 0.398 0. 27.802 0. 0. 1. 0.
0.347 0.938 0. 447.899 -0.938 0.347 0. 27.468 0. 0. 1. 0.
0.284 0.959 0. 447.964 -0.959 0.284 0. 27.035 0. 0. 1. 0.
0.208 0.978 0. 448.009 -0.978 0.208 0. 26.531 0. 0. 1. 0.
0.125 0.992 0. 448.030 -0.992 0.125 0. 25.963 0. 0. 1. 0.
0.031 1.000 0. 447.965 -1.000 0.031 0. 25.392 0. 0. 1. 0.
-0.069 0.998 0. 447.830 -0.998 -0.069 0. 24.732 0. 0. 1. 0.
-0.172 0.985 0. 447.661 -0.985 -0.172 0. 24.027 0. 0. 1. 0.
-0.274 0.962 0. 447.359 -0.962 -0.274 0. 23.277 0. 0. 1. 0.
-0.375 0.927 0. 446.933 -0.927 -0.375 0. 22.496 0. 0. 1. 0.
-0.469 0.883 0. 446.470 -0.883 -0.469 0. 21.707 0. 0. 1. 0.
-0.554 0.833 0. 445.869 -0.833 -0.554 0. 20.908 0. 0. 1. 0.
-0.628 0.778 0. 445.170 -0.778 -0.628 0. 20.090 0. 0. 1. 0.
-0.692 0.722 0. 444.329 -0.722 -0.692 0. 19.310 0. 0. 1. 0.
-0.745 0.667 0. 443.384 -0.667 -0.745 0. 18.521 0. 0. 1. 0.
-0.785 0.619 0. 442.378 -0.619 -0.785 0. 17.747 0. 0. 1. 0.
-0.815 0.580 0. 441.235 -0.580 -0.815 0. 16.999 0. 0. 1. 0.
-0.835 0.550 0. 440.033 -0.550 -0.835 0. 16.230 0. 0. 1. 0.
-0.848 0.530 0. 438.780 -0.530 -0.848 0. 15.542 0. 0. 1. 0.
-0.858 0.513 0. 437.433 -0.513 -0.858 0. 14.804 0. 0. 1. 0.
-0.864 0.503 0. 436.067 -0.503 -0.864 0. 14.029 0. 0. 1. 0.
-0.872 0.489 0. 434.639 -0.489 -0.872 0. 13.208 0. 0. 1. 0.
-0.876 0.483 0. 433.152 -0.483 -0.876 0. 12.463 0. 0. 1. 0.
-0.879 0.477 0. 431.592 -0.477 -0.879 0. 11.631 0. 0. 1. 0.
-0.880 0.474 0. 430.003 -0.474 -0.880 0. 10.764 0. 0. 1. 0.
-0.880 0.475 0. 428.400 -0.475 -0.880 0. 9.905 0. 0. 1. 0.
-0.880 0.474 0. 426.730 -0.474 -0.880 0. 9.041 0. 0. 1. 0.
-0.880 0.475 0. 425.053 -0.475 -0.880 0. 8.145 0. 0. 1. 0.
-0.881 0.473 0. 423.312 -0.473 -0.881 0. 7.258 0. 0. 1. 0.
-0.882 0.472 0. 421.559 -0.472 -0.882 0. 6.319 0. 0. 1. 0.
-0.882 0.472 0. 419.820 -0.472 -0.882 0. 5.370 0. 0. 1. 0.
-0.883 0.470 0. 418.028 -0.470 -0.883 0. 4.483 0. 0. 1. 0.
-0.884 0.467 0. 416.238 -0.467 -0.884 0. 3.527 0. 0. 1. 0.
-0.887 0.462 0. 414.472 -0.462 -0.887 0. 2.573 0. 0. 1. 0.
-0.888 0.459 0. 412.656 -0.459 -0.888 0. 1.703 0. 0. 1. 0.
-0.890 0.455 0. 410.889 -0.455 -0.890 0. 0.746 0. 0. 1. 0.
-0.892 0.452 0. 409.097 -0.452 -0.892 0. -0.155 0. 0. 1. 0.
-0.894 0.449 0. 407.362 -0.449 -0.894 0. -1.070 0. 0. 1. 0.
-0.894 0.448 0. 405.610 -0.448 -0.894 0. -1.898 0. 0. 1. 0.
-0.894 0.448 0. 403.884 -0.448 -0.894 0. -2.756 0. 0. 1. 0.
-0.892 0.451 0. 402.183 -0.451 -0.892 0. -3.600 0. 0. 1. 0.
-0.891 0.454 0. 400.524 -0.454 -0.891 0. -4.444 0. 0. 1. 0.
-0.889 0.457 0. 398.894 -0.457 -0.889 0. -5.253 0. 0. 1. 0.
-0.889 0.459 0. 397.360 -0.459 -0.889 0. -6.084 0. 0. 1. 0.
-0.888 0.459 0. 395.817 -0.459 -0.888 0. -6.821 0. 0. 1. 0.
-0.888 0.461 0. 394.378 -0.461 -0.888 0. -7.557 0. 0. 1. 0.
-0.888 0.459 0. 392.979 -0.459 -0.888 0. -8.289 0. 0. 1. 0.
-0.888 0.461 0. 391.661 -0.461 -0.888 0. -8.984 0. 0. 1. 0.
-0.888 0.460 0. 390.374 -0.460 -0.888 0. -9.628 0. 0. 1. 0.
-0.889 0.459 0. 389.189 -0.459 -0.889 0. -10.248 0. 0. 1. 0.
-0.888 0.459 0. 388.081 -0.459 -0.888 0. -10.830 0. 0. 1. 0.
-0.889 0.458 0. 387.044 -0.458 -0.889 0. -11.386 0. 0. 1. 0.
-0.889 0.458 0. 386.105 -0.458 -0.889 0. -11.906 0. 0. 1. 0.
-0.889 0.458 0. 385.185 -0.458 -0.889 0. -12.327 0. 0. 1. 0.
-0.889 0.458 0. 384.373 -0.458 -0.889 0. -12.720 0. 0. 1. 0.
-0.889 0.457 0. 383.624 -0.457 -0.889 0. -13.133 0. 0. 1. 0.
-0.890 0.456 0. 382.923 -0.456 -0.890 0. -13.468 0. 0. 1. 0.
-0.891 0.455 0. 382.290 -0.455 -0.891 0. -13.794 0. 0. 1. 0.
-0.891 0.454 0. 381.685 -0.454 -0.891 0. -14.073 0. 0. 1. 0.
-0.892 0.453 0. 381.138 -0.453 -0.892 0. -14.362 0. 0. 1. 0.
-0.892 0.451 0. 380.635 -0.451 -0.892 0. -14.614 0. 0. 1. 0.
-0.894 0.449 0. 380.134 -0.449 -0.894 0. -14.882 0. 0. 1. 0.
-0.894 0.449 0. 379.649 -0.449 -0.894 0. -15.106 0. 0. 1. 0.
-0.893 0.450 0. 379.212 -0.450 -0.893 0. -15.363 0. 0. 1. 0.
-0.894 0.449 0. 378.738 -0.449 -0.894 0. -15.568 0. 0. 1. 0.
-0.895 0.445 0. 378.191 -0.445 -0.895 0. -15.782 0. 0. 1. 0.
-0.896 0.444 0. 377.634 -0.444 -0.896 0. -16.042 0. 0. 1. 0.
-0.896 0.445 0. 377.077 -0.445 -0.896 0. -16.375 0. 0. 1. 0.
-0.896 0.443 0. 376.392 -0.443 -0.896 0. -16.635 0. 0. 1. 0.
-0.897 0.442 0. 375.701 -0.442 -0.897 0. -17.016 0. 0. 1. 0.
-0.898 0.441 0. 374.939 -0.441 -0.898 0. -17.347 0. 0. 1. 0.
-0.898 0.440 0. 374.147 -0.440 -0.898 0. -17.762 0. 0. 1. 0.
-0.899 0.437 0. 373.310 -0.437 -0.899 0. -18.166 0. 0. 1. 0.
-0.900 0.436 0. 372.406 -0.436 -0.900 0. -18.582 0. 0. 1. 0.
-0.901 0.435 0. 371.458 -0.435 -0.901 0. -19.060 0. 0. 1. 0.
-0.901 0.435 0. 370.447 -0.435 -0.901 0. -19.526 0. 0. 1. 0.
-0.900 0.436 0. 369.413 -0.436 -0.900 0. -20.057 0. 0. 1. 0.
-0.901 0.435 0. 368.301 -0.435 -0.901 0. -20.574 0. 0. 1. 0.
-0.902 0.432 0. 367.153 -0.432 -0.902 0. -21.101 0. 0. 1. 0.
-0.903 0.430 0. 365.950 -0.430 -0.903 0. -21.666 0. 0. 1. 0.
-0.903 0.430 0. 364.721 -0.430 -0.903 0. -22.238 0. 0. 1. 0.
-0.903 0.429 0. 363.416 -0.429 -0.903 0. -22.815 0. 0. 1. 0.
-0.904 0.427 0. 362.092 -0.427 -0.904 0. -23.451 0. 0. 1. 0.
-0.905 0.426 0. 360.703 -0.426 -0.905 0. -24.113 0. 0. 1. 0.
-0.906 0.424 0. 359.263 -0.424 -0.906 0. -24.746 0. 0. 1. 0.
-0.906 0.423 0. 357.791 -0.423 -0.906 0. -25.412 0. 0. 1. 0.
-0.907 0.421 0. 356.311 -0.421 -0.907 0. -26.133 0. 0. 1. 0.
-0.907 0.420 0. 354.731 -0.420 -0.907 0. -26.867 0. 0. 1. 0.
-0.908 0.419 0. 353.153 -0.419 -0.908 0. -27.545 0. 0. 1. 0.
-0.910 0.416 0. 351.511 -0.416 -0.910 0. -28.284 0. 0. 1. 0.
-0.911 0.412 0. 349.838 -0.412 -0.911 0. -29.008 0. 0. 1. 0.
-0.914 0.406 0. 348.107 -0.406 -0.914 0. -29.745 0. 0. 1. 0.
-0.916 0.401 0. 346.390 -0.401 -0.916 0. -30.496 0. 0. 1. 0.
-0.919 0.394 0. 344.565 -0.394 -0.919 0. -31.209 0. 0. 1. 0.
-0.923 0.385 0. 342.771 -0.385 -0.923 0. -31.965 0. 0. 1. 0.
-0.926 0.379 0. 340.907 -0.379 -0.926 0. -32.700 0. 0. 1. 0.
-0.928 0.372 0. 339.029 -0.372 -0.928 0. -33.474 0. 0. 1. 0.
-0.931 0.365 0. 337.144 -0.365 -0.931 0. -34.209 0. 0. 1. 0.
-0.933 0.359 0. 335.181 -0.359 -0.933 0. -34.861 0. 0. 1. 0.
-0.937 0.350 0. 333.241 -0.350 -0.937 0. -35.651 0. 0. 1. 0.
-0.939 0.343 0. 331.226 -0.343 -0.939 0. -36.370 0. 0. 1. 0.
-0.940 0.341 0. 329.196 -0.341 -0.940 0. -37.063 0. 0. 1. 0.
-0.940 0.341 0. 327.167 -0.341 -0.940 0. -37.744 0. 0. 1. 0.
-0.940 0.341 0. 325.127 -0.341 -0.940 0. -38.480 0. 0. 1. 0.
-0.941 0.339 0. 323.043 -0.339 -0.941 0. -39.228 0. 0. 1. 0.
-0.941 0.340 0. 321.021 -0.340 -0.941 0. -39.938 0. 0. 1. 0.
-0.941 0.338 0. 318.922 -0.338 -0.941 0. -40.670 0. 0. 1. 0.
-0.941 0.338 0. 316.861 -0.338 -0.941 0. -41.396 0. 0. 1. 0.
-0.941 0.339 0. 314.795 -0.339 -0.941 0. -42.098 0. 0. 1. 0.
-0.940 0.340 0. 312.712 -0.340 -0.940 0. -42.810 0. 0. 1. 0.
-0.940 0.342 0. 310.609 -0.342 -0.940 0. -43.561 0. 0. 1. 0.
-0.939 0.344 0. 308.502 -0.344 -0.939 0. -44.357 0. 0. 1. 0.
-0.938 0.348 0. 306.386 -0.348 -0.938 0. -45.153 0. 0. 1. 0.
-0.936 0.352 0. 304.258 -0.352 -0.936 0. -45.887 0. 0. 1. 0.
-0.935 0.356 0. 302.089 -0.356 -0.935 0. -46.648 0. 0. 1. 0.
-0.933 0.359 0. 299.960 -0.359 -0.933 0. -47.449 0. 0. 1. 0.
-0.932 0.363 0. 297.784 -0.363 -0.932 0. -48.272 0. 0. 1. 0.
-0.930 0.367 0. 295.608 -0.367 -0.930 0. -49.122 0. 0. 1. 0.
-0.929 0.371 0. 293.440 -0.371 -0.929 0. -49.979 0. 0. 1. 0.
-0.928 0.373 0. 291.246 -0.373 -0.928 0. -50.834 0. 0. 1. 0.
-0.926 0.376 0. 289.041 -0.376 -0.926 0. -51.738 0. 0. 1. 0.
-0.925 0.379 0. 286.830 -0.379 -0.925 0. -52.659 0. 0. 1. 0.
-0.925 0.380 0. 284.618 -0.380 -0.925 0. -53.581 0. 0. 1. 0.
-0.925 0.380 0. 282.365 -0.380 -0.925 0. -54.493 0. 0. 1. 0.
-0.924 0.383 0. 280.138 -0.383 -0.924 0. -55.466 0. 0. 1. 0.
-0.923 0.384 0. 277.856 -0.384 -0.923 0. -56.387 0. 0. 1. 0.
-0.922 0.387 0. 275.534 -0.387 -0.922 0. -57.305 0. 0. 1. 0.
-0.920 0.392 0. 273.179 -0.392 -0.920 0. -58.294 0. 0. 1. 0.
-0.919 0.394 0. 270.802 -0.394 -0.919 0. -59.250 0. 0. 1. 0.
-0.918 0.396 0. 268.423 -0.396 -0.918 0. -60.235 0. 0. 1. 0.
-0.916 0.401 0. 265.989 -0.401 -0.916 0. -61.224 0. 0. 1. 0.
-0.916 0.401 0. 263.583 -0.401 -0.916 0. -62.210 0. 0. 1. 0.
-0.915 0.404 0. 261.174 -0.404 -0.915 0. -63.301 0. 0. 1. 0.
-0.914 0.405 0. 258.787 -0.405 -0.914 0. -64.326 0. 0. 1. 0.
-0.913 0.408 0. 256.452 -0.408 -0.913 0. -65.297 0. 0. 1. 0.
-0.912 0.410 0. 254.121 -0.410 -0.912 0. -66.363 0. 0. 1. 0.
-0.913 0.409 0. 251.825 -0.409 -0.913 0. -67.336 0. 0. 1. 0.
-0.912 0.409 0. 249.519 -0.409 -0.912 0. -68.319 0. 0. 1. 0.
-0.911 0.413 0. 247.268 -0.413 -0.911 0. -69.328 0. 0. 1. 0.
-0.910 0.414 0. 245.046 -0.414 -0.910 0. -70.308 0. 0. 1. 0.
-0.907 0.421 0. 242.826 -0.421 -0.907 0. -71.319 0. 0. 1. 0.
-0.905 0.425 0. 240.639 -0.425 -0.905 0. -72.290 0. 0. 1. 0.
-0.904 0.428 0. 238.485 -0.428 -0.904 0. -73.265 0. 0. 1. 0.
-0.904 0.427 0. 236.360 -0.427 -0.904 0. -74.290 0. 0. 1. 0.
-0.904 0.427 0. 234.199 -0.427 -0.904 0. -75.344 0. 0. 1. 0.
-0.905 0.426 0. 232.084 -0.426 -0.905 0. -76.316 0. 0. 1. 0.
-0.905 0.425 0. 229.974 -0.425 -0.905 0. -77.301 0. 0. 1. 0.
-0.907 0.420 0. 227.873 -0.420 -0.907 0. -78.325 0. 0. 1. 0.
-0.908 0.419 0. 225.784 -0.419 -0.908 0. -79.238 0. 0. 1. 0.
-0.909 0.417 0. 223.678 -0.417 -0.909 0. -80.239 0. 0. 1. 0.
-0.911 0.412 0. 221.610 -0.412 -0.911 0. -81.136 0. 0. 1. 0.
-0.912 0.410 0. 219.556 -0.410 -0.912 0. -82.121 0. 0. 1. 0.
-0.912 0.411 0. 217.453 -0.411 -0.912 0. -82.993 0. 0. 1. 0.
-0.912 0.409 0. 215.381 -0.409 -0.912 0. -84.012 0. 0. 1. 0.
-0.913 0.409 0. 213.239 -0.409 -0.913 0. -84.930 0. 0. 1. 0.
-0.915 0.405 0. 211.142 -0.405 -0.915 0. -85.869 0. 0. 1. 0.
-0.914 0.406 0. 208.990 -0.406 -0.914 0. -86.723 0. 0. 1. 0.
-0.914 0.406 0. 206.893 -0.406 -0.914 0. -87.703 0. 0. 1. 0.
-0.914 0.406 0. 204.784 -0.406 -0.914 0. -88.668 0. 0. 1. 0.
-0.914 0.406 0. 202.617 -0.406 -0.914 0. -89.569 0. 0. 1. 0.
-0.914 0.405 0. 200.488 -0.405 -0.914 0. -90.459 0. 0. 1. 0.
-0.915 0.403 0. 198.391 -0.403 -0.915 0. -91.395 0. 0. 1. 0.
-0.916 0.401 0. 196.275 -0.401 -0.916 0. -92.287 0. 0. 1. 0.
-0.916 0.400 0. 194.126 -0.400 -0.916 0. -93.196 0. 0. 1. 0.
-0.917 0.398 0. 192.043 -0.398 -0.917 0. -94.109 0. 0. 1. 0.
-0.917 0.400 0. 189.864 -0.400 -0.917 0. -95.003 0. 0. 1. 0.
-0.917 0.399 0. 187.738 -0.399 -0.917 0. -95.965 0. 0. 1. 0.
-0.917 0.400 0. 185.618 -0.400 -0.917 0. -96.812 0. 0. 1. 0.
-0.916 0.401 0. 183.538 -0.401 -0.916 0. -97.740 0. 0. 1. 0.
-0.916 0.402 0. 181.470 -0.402 -0.916 0. -98.624 0. 0. 1. 0.
-0.915 0.403 0. 179.400 -0.403 -0.915 0. -99.543 0. 0. 1. 0.
-0.914 0.406 0. 177.347 -0.406 -0.914 0. -100.410 0. 0. 1. 0.
-0.912 0.410 0. 175.339 -0.410 -0.912 0. -101.338 0. 0. 1. 0.
-0.911 0.413 0. 173.318 -0.413 -0.911 0. -102.192 0. 0. 1. 0.
-0.909 0.416 0. 171.335 -0.416 -0.909 0. -103.048 0. 0. 1. 0.
-0.908 0.418 0. 169.358 -0.418 -0.908 0. -103.978 0. 0. 1. 0.
-0.909 0.417 0. 167.415 -0.417 -0.909 0. -104.868 0. 0. 1. 0.
-0.909 0.418 0. 165.507 -0.418 -0.909 0. -105.751 0. 0. 1. 0.
-0.909 0.417 0. 163.617 -0.417 -0.909 0. -106.630 0. 0. 1. 0.
-0.909 0.416 0. 161.751 -0.416 -0.909 0. -107.467 0. 0. 1. 0.
-0.910 0.416 0. 159.943 -0.416 -0.910 0. -108.263 0. 0. 1. 0.
-0.910 0.415 0. 158.158 -0.415 -0.910 0. -108.973 0. 0. 1. 0.
-0.909 0.416 0. 156.453 -0.416 -0.909 0. -109.775 0. 0. 1. 0.
-0.911 0.413 0. 154.756 -0.413 -0.911 0. -110.534 0. 0. 1. 0.
-0.911 0.413 0. 153.066 -0.413 -0.911 0. -111.250 0. 0. 1. 0.
-0.911 0.411 0. 151.435 -0.411 -0.911 0. -111.988 0. 0. 1. 0.
-0.913 0.408 0. 149.867 -0.408 -0.913 0. -112.749 0. 0. 1. 0.
-0.915 0.404 0. 148.275 -0.404 -0.915 0. -113.432 0. 0. 1. 0.
-0.915 0.403 0. 146.720 -0.403 -0.915 0. -114.083 0. 0. 1. 0.
-0.916 0.401 0. 145.199 -0.401 -0.916 0. -114.725 0. 0. 1. 0.
-0.915 0.402 0. 143.703 -0.402 -0.915 0. -115.379 0. 0. 1. 0.
-0.916 0.401 0. 142.231 -0.401 -0.916 0. -116.045 0. 0. 1. 0.
-0.916 0.402 0. 140.790 -0.402 -0.916 0. -116.746 0. 0. 1. 0.
-0.916 0.402 0. 139.337 -0.402 -0.916 0. -117.377 0. 0. 1. 0.
-0.913 0.407 0. 137.878 -0.407 -0.913 0. -117.979 0. 0. 1. 0.
-0.912 0.410 0. 136.461 -0.410 -0.912 0. -118.621 0. 0. 1. 0.
-0.911 0.414 0. 135.047 -0.414 -0.911 0. -119.291 0. 0. 1. 0.
-0.908 0.419 0. 133.658 -0.419 -0.908 0. -119.892 0. 0. 1. 0.
-0.904 0.428 0. 132.293 -0.428 -0.904 0. -120.552 0. 0. 1. 0.
-0.900 0.435 0. 130.971 -0.435 -0.900 0. -121.224 0. 0. 1. 0.
-0.898 0.439 0. 129.608 -0.439 -0.898 0. -121.867 0. 0. 1. 0.
-0.898 0.439 0. 128.354 -0.439 -0.898 0. -122.578 0. 0. 1. 0.
-0.900 0.436 0. 127.022 -0.436 -0.900 0. -123.162 0. 0. 1. 0.
-0.901 0.433 0. 125.732 -0.433 -0.901 0. -123.751 0. 0. 1. 0.
-0.903 0.430 0. 124.447 -0.430 -0.903 0. -124.376 0. 0. 1. 0.
-0.905 0.425 0. 123.176 -0.425 -0.905 0. -124.978 0. 0. 1. 0.
-0.907 0.421 0. 121.921 -0.421 -0.907 0. -125.515 0. 0. 1. 0.
-0.909 0.416 0. 120.724 -0.416 -0.909 0. -126.116 0. 0. 1. 0.
-0.913 0.409 0. 119.449 -0.409 -0.913 0. -126.565 0. 0. 1. 0.
-0.916 0.402 0. 118.251 -0.402 -0.916 0. -127.154 0. 0. 1. 0.
-0.919 0.395 0. 117.030 -0.395 -0.919 0. -127.649 0. 0. 1. 0.
-0.922 0.386 0. 115.838 -0.386 -0.922 0. -128.142 0. 0. 1. 0.
-0.926 0.377 0. 114.617 -0.377 -0.926 0. -128.609 0. 0. 1. 0.
-0.930 0.367 0. 113.467 -0.367 -0.930 0. -129.079 0. 0. 1. 0.
-0.934 0.357 0. 112.250 -0.357 -0.934 0. -129.450 0. 0. 1. 0.
-0.938 0.348 0. 111.100 -0.348 -0.938 0. -129.912 0. 0. 1. 0.
-0.941 0.339 0. 109.885 -0.339 -0.941 0. -130.275 0. 0. 1. 0.
-0.942 0.334 0. 108.797 -0.334 -0.942 0. -130.646 0. 0. 1. 0.
-0.942 0.335 0. 107.724 -0.335 -0.942 0. -130.992 0. 0. 1. 0.
-0.942 0.335 0. 106.774 -0.335 -0.942 0. -131.365 0. 0. 1. 0.
-0.941 0.338 0. 105.876 -0.338 -0.941 0. -131.692 0. 0. 1. 0.
-0.940 0.340 0. 105.031 -0.340 -0.940 0. -131.973 0. 0. 1. 0.
-0.940 0.340 0. 104.240 -0.340 -0.940 0. -132.261 0. 0. 1. 0.
-0.940 0.341 0. 103.535 -0.341 -0.940 0. -132.538 0. 0. 1. 0.
-0.940 0.341 0. 102.927 -0.341 -0.940 0. -132.772 0. 0. 1. 0.
-0.939 0.345 0. 102.321 -0.345 -0.939 0. -132.906 0. 0. 1. 0.
-0.938 0.347 0. 101.900 -0.347 -0.938 0. -133.104 0. 0. 1. 0.
-0.938 0.347 0. 101.547 -0.347 -0.938 0. -133.236 0. 0. 1. 0.
-0.938 0.347 0. 101.278 -0.347 -0.938 0. -133.314 0. 0. 1. 0.
-0.938 0.346 0. 101.081 -0.346 -0.938 0. -133.352 0. 0. 1. 0.
-0.937 0.349 0. 100.967 -0.349 -0.937 0. -133.437 0. 0. 1. 0.
-0.937 0.350 0. 100.895 -0.350 -0.937 0. -133.493 0. 0. 1. 0.
-0.937 0.349 0. 100.835 -0.349 -0.937 0. -133.490 0. 0. 1. 0.
-0.937 0.349 0. 100.794 -0.349 -0.937 0. -133.486 0. 0. 1. 0.
-0.937 0.349 0. 100.747 -0.349 -0.937 0. -133.507 0. 0. 1. 0.
-0.937 0.349 0. 100.691 -0.349 -0.937 0. -133.539 0. 0. 1. 0.
-0.937 0.350 0. 100.618 -0.350 -0.937 0. -133.562 0. 0. 1. 0.
-0.937 0.349 0. 100.510 -0.349 -0.937 0. -133.575 0. 0. 1. 0.
-0.937 0.349 0. 100.372 -0.349 -0.937 0. -133.619 0. 0. 1. 0.
-0.937 0.349 0. 100.208 -0.349 -0.937 0. -133.657 0. 0. 1. 0.
-0.937 0.350 0. 100.085 -0.350 -0.937 0. -133.731 0. 0. 1. 0.
-0.937 0.350 0. 100.005 -0.350 -0.937 0. -133.774 0. 0. 1. 0.
-0.937 0.350 0. 99.922 -0.350 -0.937 0. -133.775 0. 0. 1. 0.
-0.937 0.349 0. 99.802 -0.349 -0.937 0. -133.824 0. 0. 1. 0.
-0.937 0.350 0. 99.702 -0.350 -0.937 0. -133.866 0. 0. 1. 0.
-0.937 0.351 0. 99.603 -0.351 -0.937 0. -133.895 0. 0. 1. 0.
-0.936 0.351 0. 99.517 -0.351 -0.936 0. -133.962 0. 0. 1. 0.
-0.937 0.350 0. 99.403 -0.350 -0.937 0. -133.971 0. 0. 1. 0.
-0.937 0.351 0. 99.330 -0.351 -0.937 0. -133.983 0. 0. 1. 0.
-0.937 0.350 0. 99.257 -0.350 -0.937 0. -134.010 0. 0. 1. 0.
-0.937 0.350 0. 99.183 -0.350 -0.937 0. -134.024 0. 0. 1. 0.
-0.937 0.350 0. 99.115 -0.350 -0.937 0. -134.055 0. 0. 1. 0.
-0.937 0.350 0. 99.076 -0.350 -0.937 0. -134.086 0. 0. 1. 0.
-0.937 0.349 0. 99.041 -0.349 -0.937 0. -134.065 0. 0. 1. 0.
-0.937 0.348 0. 99.001 -0.348 -0.937 0. -134.080 0. 0. 1. 0.
-0.937 0.350 0. 99.003 -0.350 -0.937 0. -134.105 0. 0. 1. 0.
-0.937 0.350 0. 99.009 -0.350 -0.937 0. -134.093 0. 0. 1. 0.
-0.937 0.349 0. 99.005 -0.349 -0.937 0. -134.083 0. 0. 1. 0.
-0.937 0.349 0. 98.996 -0.349 -0.937 0. -134.091 0. 0. 1. 0.
-0.937 0.350 0. 99.002 -0.350 -0.937 0. -134.101 0. 0. 1. 0.
-0.937 0.350 0. 98.988 -0.350 -0.937 0. -134.127 0. 0. 1. 0.
-0.937 0.349 0. 99.007 -0.349 -0.937 0. -134.117 0. 0. 1. 0.
-0.937 0.349 0. 98.985 -0.349 -0.937 0. -134.072 0. 0. 1. 0.
-0.937 0.350 0. 99.005 -0.350 -0.937 0. -134.087 0. 0. 1. 0.
-0.937 0.350 0. 98.996 -0.350 -0.937 0. -134.101 0. 0. 1. 0.
-0.937 0.350 0. 98.998 -0.350 -0.937 0. -134.103 0. 0. 1. 0.
-0.937 0.350 0. 99.007 -0.350 -0.937 0. -134.108 0. 0. 1. 0.
-0.937 0.350 0. 98.969 -0.350 -0.937 0. -134.070 0. 0. 1. 0.
-0.937 0.349 0. 98.995 -0.349 -0.937 0. -134.097 0. 0. 1. 0.
-0.937 0.351 0. 99.010 -0.351 -0.937 0. -134.084 0. 0. 1. 0.
-0.937 0.350 0. 98.991 -0.350 -0.937 0. -134.094 0. 0. 1. 0.
-0.937 0.350 0. 99.003 -0.350 -0.937 0. -134.116 0. 0. 1. 0.
-0.937 0.349 0. 99.007 -0.349 -0.937 0. -134.090 0. 0. 1. 0.
-0.937 0.350 0. 98.999 -0.350 -0.937 0. -134.110 0. 0. 1. 0.
-0.937 0.350 0. 99.001 -0.350 -0.937 0. -134.111 0. 0. 1. 0.
-0.937 0.350 0. 99.009 -0.350 -0.937 0. -134.088 0. 0. 1. 0.
-0.937 0.350 0. 99.017 -0.350 -0.937 0. -134.089 0. 0. 1. 0.
-0.937 0.350 0. 99.003 -0.350 -0.937 0. -134.085 0. 0. 1. 0.
-0.937 0.350 0. 99.011 -0.350 -0.937 0. -134.093 0. 0. 1. 0.
-0.937 0.350 0. 99.002 -0.350 -0.937 0. -134.095 0. 0. 1. 0.
-0.937 0.349 0. 99.011 -0.349 -0.937 0. -134.095 0. 0. 1. 0.
-0.937 0.350 0. 99.006 -0.350 -0.937 0. -134.100 0. 0. 1. 0.
-0.937 0.350 0. 98.999 -0.350 -0.937 0. -134.091 0. 0. 1. 0.
-0.937 0.349 0. 98.999 -0.349 -0.937 0. -134.083 0. 0. 1. 0.
-0.937 0.349 0. 98.996 -0.349 -0.937 0. -134.086 0. 0. 1. 0.
-0.937 0.350 0. 99.011 -0.350 -0.937 0. -134.106 0. 0. 1. 0.
-0.937 0.350 0. 99.008 -0.350 -0.937 0. -134.102 0. 0. 1. 0.
-0.937 0.348 0. 98.990 -0.348 -0.937 0. -134.085 0. 0. 1. 0.
-0.937 0.349 0. 99.007 -0.349 -0.937 0. -134.097 0. 0. 1. 0.
-0.937 0.350 0. 99.011 -0.350 -0.937 0. -134.102 0. 0. 1. 0.
-0.937 0.351 0. 99.017 -0.351 -0.937 0. -134.092 0. 0. 1. 0.
-0.937 0.350 0. 99.021 -0.350 -0.937 0. -134.109 0. 0. 1. 0.
-0.937 0.349 0. 99.007 -0.349 -0.937 0. -134.105 0. 0. 1. 0.
-0.937 0.349 0. 99.009 -0.349 -0.937 0. -134.096 0. 0. 1. 0.
-0.937 0.349 0. 98.999 -0.349 -0.937 0. -134.102 0. 0. 1. 0.
-0.937 0.350 0. 99.011 -0.350 -0.937 0. -134.117 0. 0. 1. 0.
-0.937 0.349 0. 98.999 -0.349 -0.937 0. -134.119 0. 0. 1. 0.
-0.937 0.348 0. 98.993 -0.348 -0.937 0. -134.110 0. 0. 1. 0.
-0.937 0.351 0. 98.984 -0.351 -0.937 0. -134.095 0. 0. 1. 0.
-0.937 0.350 0. 99.003 -0.350 -0.937 0. -134.086 0. 0. 1. 0.
-0.936 0.352 0. 99.006 -0.352 -0.936 0. -134.036 0. 0. 1. 0.
-0.937 0.349 0. 99.022 -0.349 -0.937 0. -134.114 0. 0. 1. 0.
-0.937 0.350 0. 99.019 -0.350 -0.937 0. -134.103 0. 0. 1. 0.
-0.937 0.350 0. 99.052 -0.350 -0.937 0. -134.126 0. 0. 1. 0.
-0.937 0.349 0. 99.026 -0.349 -0.937 0. -134.119 0. 0. 1. 0.
-0.937 0.350 0. 99.019 -0.350 -0.937 0. -134.130 0. 0. 1. 0.
-0.937 0.350 0. 99.016 -0.350 -0.937 0. -134.117 0. 0. 1. 0.
-0.937 0.349 0. 99.014 -0.349 -0.937 0. -134.090 0. 0. 1. 0.
-0.937 0.349 0. 99.015 -0.349 -0.937 0. -134.119 0. 0. 1. 0.
-0.937 0.349 0. 99.009 -0.349 -0.937 0. -134.106 0. 0. 1. 0.
-0.937 0.350 0. 99.008 -0.350 -0.937 0. -134.112 0. 0. 1. 0.
-0.937 0.349 0. 99.010 -0.349 -0.937 0. -134.099 0. 0. 1. 0.
-0.937 0.349 0. 98.992 -0.349 -0.937 0. -134.108 0. 0. 1. 0.
-0.937 0.350 0. 99.026 -0.350 -0.937 0. -134.113 0. 0. 1. 0.
