1633462520781466 1.00000 0.00000 0.00000 -0.00000 0.00000 -1.00000 0.00000 0.00000 0.00000 -0.00000 -1.00000 0.00000
1633462521030770 1.00000 -0.00011 0.00000 0.00105 -0.00011 -1.00000 0.00000 -0.00167 -0.00000 -0.00000 -1.00000 -0.00000
1633462521279753 1.00000 0.00002 0.00000 -0.00547 0.00002 -1.00000 0.00000 0.00036 0.00000 -0.00000 -1.00000 0.00000
1633462521528835 1.00000 0.00008 -0.00000 0.00118 0.00008 -1.00000 0.00000 -0.00336 0.00000 -0.00000 -1.00000 -0.00000
1633462521777947 1.00000 0.00014 0.00000 0.00286 0.00014 -1.00000 0.00000 -0.00330 0.00000 -0.00000 -1.00000 -0.00000
1633462522027077 1.00000 -0.00003 0.00000 0.00110 -0.00003 -1.00000 0.00000 -0.00104 -0.00000 -0.00000 -1.00000 -0.00000
1633462522276000 1.00000 0.00018 0.00000 0.00193 0.00018 -1.00000 0.00000 -0.00442 0.00000 -0.00000 -1.00000 -0.00000
1633462522524960 1.00000 -0.00003 0.00000 0.00357 -0.00003 -1.00000 0.00000 -0.00275 -0.00000 -0.00000 -1.00000 -0.00000
1633462522774049 1.00000 -0.00014 0.00000 -0.00128 -0.00014 -1.00000 0.00000 -0.00222 -0.00000 -0.00000 -1.00000 -0.00000
1633462523023469 1.00000 -0.00007 0.00000 0.00413 -0.00007 -1.00000 0.00000 -0.00366 -0.00000 -0.00000 -1.00000 -0.00000
1633462523272401 1.00000 -0.00016 -0.00000 0.00221 -0.00016 -1.00000 0.00000 -0.00263 -0.00000 -0.00000 -1.00000 -0.00000
1633462523521517 1.00000 0.00020 0.00000 0.00031 0.00020 -1.00000 0.00000 -0.00063 0.00000 -0.00000 -1.00000 -0.00000
1633462523770570 1.00000 0.00011 -0.00000 0.00388 0.00011 -1.00000 0.00000 -0.00015 0.00000 -0.00000 -1.00000 -0.00000
1633462524019731 1.00000 0.00041 -0.00000 0.00289 0.00041 -1.00000 0.00000 -0.00463 0.00000 -0.00000 -1.00000 -0.00000
1633462524268739 1.00000 -0.00071 0.00000 0.00322 -0.00071 -1.00000 0.00000 -0.00481 -0.00000 -0.00000 -1.00000 -0.00000
1633462524517791 1.00000 -0.00242 0.00000 -0.03860 -0.00242 -1.00000 0.00000 -0.01329 -0.00000 -0.00000 -1.00000 -0.00000
1633462524766683 0.99998 -0.00627 0.00000 -0.09306 -0.00627 -0.99998 0.00000 -0.01119 -0.00000 -0.00000 -1.00000 -0.00000
1633462525016031 0.99992 -0.01242 0.00000 -0.13207 -0.01242 -0.99992 0.00000 -0.01227 -0.00000 -0.00000 -1.00000 -0.00000
1633462525265347 0.99985 -0.01758 -0.00000 -0.19054 -0.01758 -0.99985 0.00000 -0.02119 -0.00000 -0.00000 -1.00000 -0.00000
1633462525514580 0.99957 -0.02931 0.00000 -0.28174 -0.02931 -0.99957 0.00000 0.01207 -0.00000 -0.00000 -1.00000 0.00000
1633462525763720 0.99886 -0.04782 0.00000 -0.42411 -0.04782 -0.99886 0.00000 -0.03222 -0.00000 -0.00000 -1.00000 -0.00000
1633462526012861 0.99722 -0.07448 0.00000 -0.68471 -0.07448 -0.99722 0.00000 -0.00662 -0.00000 -0.00000 -1.00000 -0.00000
1633462526262146 0.99365 -0.11251 0.00000 -0.93580 -0.11251 -0.99365 0.00000 -0.00904 -0.00000 -0.00000 -1.00000 -0.00000
1633462526511316 0.98653 -0.16360 0.00000 -1.37293 -0.16360 -0.98653 0.00000 -0.00388 -0.00000 -0.00000 -1.00000 -0.00000
1633462526760576 0.97552 -0.21992 0.00000 -1.88910 -0.21992 -0.97552 0.00000 -0.01926 -0.00000 -0.00000 -1.00000 -0.00000
1633462527009752 0.96306 -0.26930 0.00000 -2.50102 -0.26930 -0.96306 0.00000 0.11689 -0.00000 -0.00000 -1.00000 0.00000
1633462527258589 0.95085 -0.30964 0.00000 -3.16748 -0.30964 -0.95085 0.00000 0.14173 -0.00000 -0.00000 -1.00000 0.00000
1633462527507358 0.94185 -0.33603 0.00000 -3.84115 -0.33603 -0.94185 0.00000 0.20050 -0.00000 -0.00000 -1.00000 0.00000
1633462527756195 0.93739 -0.34829 0.00000 -4.70767 -0.34829 -0.93739 0.00000 0.24646 -0.00000 -0.00000 -1.00000 0.00000
1633462528004925 0.94040 -0.34006 -0.00000 -5.60910 -0.34006 -0.94040 0.00000 0.19442 -0.00000 -0.00000 -1.00000 0.00000
1633462528253990 0.94811 -0.31795 0.00000 -6.57768 -0.31795 -0.94811 0.00000 0.01423 -0.00000 -0.00000 -1.00000 0.00000
1633462528502837 0.95520 -0.29595 0.00000 -7.61129 -0.29595 -0.95520 0.00000 -0.15597 -0.00000 -0.00000 -1.00000 -0.00000
1633462528751837 0.96300 -0.26949 0.00000 -8.60565 -0.26949 -0.96300 0.00000 -0.42018 -0.00000 -0.00000 -1.00000 -0.00000
1633462529000848 0.97077 -0.24003 -0.00000 -9.70059 -0.24003 -0.97077 0.00000 -0.67952 -0.00000 -0.00000 -1.00000 -0.00000
1633462529249958 0.97599 -0.21783 -0.00000 -10.82474 -0.21783 -0.97599 0.00000 -0.89336 -0.00000 -0.00000 -1.00000 -0.00000
1633462529499150 0.98157 -0.19109 0.00000 -11.98541 -0.19109 -0.98157 0.00000 -1.19156 -0.00000 -0.00000 -1.00000 -0.00000
1633462529748053 0.98757 -0.15718 0.00000 -13.27818 -0.15718 -0.98757 0.00000 -1.60031 -0.00000 -0.00000 -1.00000 -0.00000
1633462529997241 0.99087 -0.13480 0.00000 -14.53177 -0.13480 -0.99087 0.00000 -1.83663 -0.00000 -0.00000 -1.00000 -0.00000
1633462530246262 0.99303 -0.11783 0.00000 -15.89346 -0.11783 -0.99303 0.00000 -2.15467 -0.00000 -0.00000 -1.00000 -0.00000
1633462530495553 0.99485 -0.10139 0.00000 -17.31790 -0.10139 -0.99485 0.00000 -2.46949 -0.00000 -0.00000 -1.00000 -0.00000
1633462530744308 0.99559 -0.09385 0.00000 -18.79056 -0.09385 -0.99559 0.00000 -2.59050 -0.00000 -0.00000 -1.00000 -0.00000
1633462530993413 0.99600 -0.08933 0.00000 -20.31520 -0.08933 -0.99600 0.00000 -2.61967 -0.00000 -0.00000 -1.00000 -0.00000
1633462531242368 0.99639 -0.08494 -0.00000 -21.87948 -0.08494 -0.99639 0.00000 -2.84768 -0.00000 -0.00000 -1.00000 -0.00000
1633462531490828 0.99664 -0.08190 0.00000 -23.52839 -0.08190 -0.99664 0.00000 -2.91295 -0.00000 -0.00000 -1.00000 -0.00000
1633462531739808 0.99696 -0.07797 0.00000 -25.26673 -0.07797 -0.99696 0.00000 -3.03704 -0.00000 -0.00000 -1.00000 -0.00000
1633462531989181 0.99719 -0.07488 0.00000 -27.01260 -0.07488 -0.99719 0.00000 -3.10942 -0.00000 -0.00000 -1.00000 -0.00000
1633462532238300 0.99685 -0.07928 0.00000 -28.74449 -0.07928 -0.99685 0.00000 -2.99330 -0.00000 -0.00000 -1.00000 -0.00000
1633462532487493 0.99660 -0.08235 0.00000 -30.54922 -0.08235 -0.99660 0.00000 -2.95380 -0.00000 -0.00000 -1.00000 -0.00000
1633462532736685 0.99689 -0.07882 0.00000 -32.26476 -0.07882 -0.99689 0.00000 -3.13633 -0.00000 -0.00000 -1.00000 -0.00000
1633462532985774 0.99762 -0.06893 0.00000 -34.02060 -0.06893 -0.99762 0.00000 -3.52859 -0.00000 -0.00000 -1.00000 -0.00000
1633462533234885 0.99852 -0.05443 0.00000 -35.70777 -0.05443 -0.99852 0.00000 -4.03951 -0.00000 -0.00000 -1.00000 -0.00000
1633462533483804 0.99926 -0.03840 -0.00000 -37.34702 -0.03840 -0.99926 0.00000 -4.63368 -0.00000 -0.00000 -1.00000 -0.00000
1633462533733069 0.99988 -0.01576 0.00000 -38.98455 -0.01576 -0.99988 0.00000 -5.48673 -0.00000 -0.00000 -1.00000 -0.00000
1633462533982213 1.00000 -0.00010 0.00000 -40.49434 -0.00010 -1.00000 0.00000 -6.07488 -0.00000 -0.00000 -1.00000 -0.00000
1633462534231040 0.99992 0.01228 0.00000 -42.07838 0.01228 -0.99992 0.00000 -6.59534 0.00000 -0.00000 -1.00000 -0.00000
1633462534479932 0.99994 0.01062 0.00000 -43.86901 0.01062 -0.99994 0.00000 -6.52815 0.00000 -0.00000 -1.00000 -0.00000
1633462534729144 0.99995 0.01005 0.00000 -45.61226 0.01005 -0.99995 0.00000 -6.53951 0.00000 -0.00000 -1.00000 -0.00000
1633462534978223 0.99999 0.00318 -0.00000 -47.47888 0.00318 -0.99999 0.00000 -6.26214 0.00000 -0.00000 -1.00000 -0.00000
1633462535227204 1.00000 -0.00011 0.00000 -49.32800 -0.00011 -1.00000 0.00000 -6.12099 -0.00000 -0.00000 -1.00000 -0.00000
1633462535476263 1.00000 -0.00197 0.00000 -51.31399 -0.00197 -1.00000 0.00000 -6.09033 -0.00000 -0.00000 -1.00000 -0.00000
1633462535725244 0.99997 -0.00799 -0.00000 -53.31791 -0.00799 -0.99997 0.00000 -5.90229 -0.00000 -0.00000 -1.00000 -0.00000
1633462535974272 0.99995 -0.00977 0.00000 -55.33879 -0.00977 -0.99995 0.00000 -5.91170 -0.00000 -0.00000 -1.00000 -0.00000
1633462536223145 0.99993 -0.01200 0.00000 -57.43898 -0.01200 -0.99993 0.00000 -5.77496 -0.00000 -0.00000 -1.00000 -0.00000
1633462536471988 0.99990 -0.01405 -0.00000 -59.53968 -0.01405 -0.99990 0.00000 -5.70901 -0.00000 -0.00000 -1.00000 -0.00000
1633462536721354 0.99990 -0.01445 -0.00000 -61.68541 -0.01445 -0.99990 0.00000 -5.72870 -0.00000 -0.00000 -1.00000 -0.00000
1633462536970207 0.99993 -0.01159 0.00000 -63.88073 -0.01159 -0.99993 0.00000 -5.94080 -0.00000 -0.00000 -1.00000 -0.00000
1633462537219521 0.99994 -0.01115 0.00000 -66.05651 -0.01115 -0.99994 0.00000 -6.01095 -0.00000 -0.00000 -1.00000 -0.00000
1633462537468574 0.99992 -0.01250 0.00000 -68.19707 -0.01250 -0.99992 0.00000 -5.89111 -0.00000 -0.00000 -1.00000 -0.00000
1633462537717818 0.99992 -0.01249 0.00000 -70.28153 -0.01249 -0.99992 0.00000 -5.94271 -0.00000 -0.00000 -1.00000 -0.00000
1633462537966938 0.99992 -0.01275 0.00000 -72.44106 -0.01275 -0.99992 0.00000 -5.98182 -0.00000 -0.00000 -1.00000 -0.00000
1633462538215734 0.99987 -0.01596 -0.00000 -74.64957 -0.01596 -0.99987 0.00000 -5.76542 -0.00000 -0.00000 -1.00000 -0.00000
1633462538465059 0.99980 -0.02024 -0.00000 -76.83583 -0.02024 -0.99980 0.00000 -5.52291 -0.00000 -0.00000 -1.00000 -0.00000
1633462538714188 0.99936 -0.03565 0.00000 -79.08814 -0.03565 -0.99936 0.00000 -4.30983 -0.00000 -0.00000 -1.00000 -0.00000
1633462538963031 0.99830 -0.05826 0.00000 -81.22781 -0.05826 -0.99830 0.00000 -2.51399 -0.00000 -0.00000 -1.00000 -0.00000
1633462539212151 0.99627 -0.08627 0.00000 -83.37931 -0.08627 -0.99627 0.00000 -0.29365 -0.00000 -0.00000 -1.00000 -0.00000
1633462539461721 0.99306 -0.11761 0.00000 -85.43879 -0.11761 -0.99306 0.00000 2.28036 -0.00000 -0.00000 -1.00000 0.00000
1633462539711155 0.98788 -0.15522 0.00000 -87.42764 -0.15522 -0.98788 0.00000 5.47541 -0.00000 -0.00000 -1.00000 0.00000
1633462539960395 0.98028 -0.19762 0.00000 -89.20098 -0.19762 -0.98028 0.00000 9.33831 -0.00000 -0.00000 -1.00000 0.00000
1633462540210077 0.96761 -0.25245 0.00000 -90.62852 -0.25245 -0.96761 0.00000 14.28623 -0.00000 -0.00000 -1.00000 0.00000
1633462540459336 0.95012 -0.31188 0.00000 -91.58810 -0.31188 -0.95012 0.00000 19.86698 -0.00000 -0.00000 -1.00000 0.00000
1633462540708431 0.92869 -0.37087 0.00000 -92.17025 -0.37087 -0.92869 0.00000 25.52817 -0.00000 -0.00000 -1.00000 0.00000
1633462540957528 0.90229 -0.43114 0.00000 -92.38508 -0.43114 -0.90229 0.00000 31.54802 -0.00000 -0.00000 -1.00000 0.00000
1633462541206722 0.87170 -0.49004 0.00000 -92.08522 -0.49004 -0.87170 0.00000 37.64969 -0.00000 -0.00000 -1.00000 0.00000
1633462541456016 0.83577 -0.54908 -0.00000 -91.31708 -0.54908 -0.83577 0.00000 43.88290 -0.00000 -0.00000 -1.00000 0.00000
1633462541705281 0.79560 -0.60582 -0.00000 -90.10836 -0.60582 -0.79560 0.00000 50.12623 -0.00000 -0.00000 -1.00000 0.00000
1633462541954473 0.75057 -0.66079 -0.00000 -88.34876 -0.66079 -0.75057 0.00000 56.53296 -0.00000 -0.00000 -1.00000 0.00000
1633462542203469 0.69332 -0.72063 0.00000 -85.28005 -0.72063 -0.69332 0.00000 63.67732 -0.00000 -0.00000 -1.00000 0.00000
1633462542452601 0.62726 -0.77881 0.00000 -81.28131 -0.77881 -0.62726 0.00000 70.89376 -0.00000 -0.00000 -1.00000 0.00000
1633462542701925 0.55778 -0.82999 0.00000 -76.80890 -0.82999 -0.55778 0.00000 77.58444 -0.00000 -0.00000 -1.00000 0.00000
1633462542950984 0.49386 -0.86954 0.00000 -72.67483 -0.86954 -0.49386 0.00000 83.06986 -0.00000 -0.00000 -1.00000 0.00000
1633462543199526 0.43804 -0.89896 0.00000 -69.18816 -0.89896 -0.43804 0.00000 87.48420 -0.00000 -0.00000 -1.00000 0.00000
1633462543448271 0.39256 -0.91972 0.00000 -66.72361 -0.91972 -0.39256 0.00000 90.84119 -0.00000 -0.00000 -1.00000 0.00000
1633462543697565 0.36184 -0.93224 0.00000 -65.68019 -0.93224 -0.36184 0.00000 92.94461 -0.00000 -0.00000 -1.00000 0.00000
1633462543946283 0.34115 -0.94001 0.00000 -65.63111 -0.94001 -0.34115 0.00000 94.31002 -0.00000 -0.00000 -1.00000 0.00000
1633462544195107 0.33486 -0.94227 0.00000 -67.04088 -0.94227 -0.33486 0.00000 94.72469 -0.00000 -0.00000 -1.00000 0.00000
1633462544443967 0.33609 -0.94183 -0.00000 -69.28473 -0.94183 -0.33609 0.00000 94.77038 -0.00000 -0.00000 -1.00000 0.00000
1633462544693243 0.33672 -0.94160 0.00000 -71.45543 -0.94160 -0.33672 0.00000 94.58487 -0.00000 -0.00000 -1.00000 0.00000
1633462544942552 0.34637 -0.93810 -0.00000 -74.67114 -0.93810 -0.34637 0.00000 93.76544 -0.00000 -0.00000 -1.00000 0.00000
1633462545191637 0.36193 -0.93221 0.00000 -78.46553 -0.93221 -0.36193 0.00000 92.55563 -0.00000 -0.00000 -1.00000 0.00000
1633462545440529 0.37777 -0.92590 0.00000 -82.23150 -0.92590 -0.37777 0.00000 91.09504 -0.00000 -0.00000 -1.00000 0.00000
1633462545689663 0.39782 -0.91746 -0.00000 -86.40425 -0.91746 -0.39782 0.00000 89.19558 -0.00000 -0.00000 -1.00000 0.00000
1633462545938879 0.41584 -0.90944 0.00000 -90.34423 -0.90944 -0.41584 0.00000 87.41365 -0.00000 -0.00000 -1.00000 0.00000
1633462546187910 0.43759 -0.89918 0.00000 -94.59625 -0.89918 -0.43759 0.00000 85.22601 -0.00000 -0.00000 -1.00000 0.00000
1633462546436994 0.46094 -0.88743 -0.00000 -99.03568 -0.88743 -0.46094 0.00000 82.74214 -0.00000 -0.00000 -1.00000 0.00000
1633462546686357 0.48074 -0.87686 -0.00000 -103.05102 -0.87686 -0.48074 0.00000 80.51963 -0.00000 -0.00000 -1.00000 0.00000
1633462546935286 0.49659 -0.86798 0.00000 -106.55807 -0.86798 -0.49659 0.00000 78.40732 -0.00000 -0.00000 -1.00000 0.00000
1633462547184426 0.51895 -0.85480 0.00000 -110.72363 -0.85480 -0.51895 0.00000 75.60330 -0.00000 -0.00000 -1.00000 0.00000
1633462547433897 0.54414 -0.83900 0.00000 -115.00152 -0.83900 -0.54414 0.00000 72.19984 -0.00000 -0.00000 -1.00000 0.00000
1633462547683235 0.56436 -0.82553 0.00000 -118.87095 -0.82553 -0.56436 0.00000 69.35884 -0.00000 -0.00000 -1.00000 0.00000
1633462547932200 0.58097 -0.81392 0.00000 -122.39199 -0.81392 -0.58097 0.00000 66.95928 -0.00000 -0.00000 -1.00000 0.00000
1633462548181341 0.59596 -0.80302 0.00000 -125.59737 -0.80302 -0.59596 0.00000 64.53454 -0.00000 -0.00000 -1.00000 0.00000
1633462548430337 0.60456 -0.79656 0.00000 -128.42016 -0.79656 -0.60456 0.00000 63.27988 -0.00000 -0.00000 -1.00000 0.00000
1633462548679590 0.61571 -0.78797 0.00000 -131.25551 -0.78797 -0.61571 0.00000 61.40030 -0.00000 -0.00000 -1.00000 0.00000
1633462548928467 0.62689 -0.77911 0.00000 -134.14648 -0.77911 -0.62689 0.00000 59.45892 -0.00000 -0.00000 -1.00000 0.00000
1633462549177604 0.63875 -0.76941 0.00000 -136.99278 -0.76941 -0.63875 0.00000 57.36429 -0.00000 -0.00000 -1.00000 0.00000
1633462549426879 0.65570 -0.75502 0.00000 -140.17417 -0.75502 -0.65570 0.00000 54.26335 -0.00000 -0.00000 -1.00000 0.00000
1633462549675472 0.67370 -0.73900 0.00000 -143.42550 -0.73900 -0.67370 0.00000 50.88003 -0.00000 -0.00000 -1.00000 0.00000
1633462549924691 0.69708 -0.71700 0.00000 -146.89092 -0.71700 -0.69708 0.00000 46.22687 -0.00000 -0.00000 -1.00000 0.00000
1633462550173794 0.72521 -0.68853 -0.00000 -150.49911 -0.68853 -0.72521 0.00000 40.22008 -0.00000 -0.00000 -1.00000 0.00000
1633462550422528 0.76149 -0.64818 0.00000 -154.28285 -0.64818 -0.76149 0.00000 31.95109 -0.00000 -0.00000 -1.00000 0.00000
1633462550671837 0.80225 -0.59699 -0.00000 -157.71477 -0.59699 -0.80225 0.00000 21.69946 -0.00000 -0.00000 -1.00000 0.00000
1633462550920906 0.84878 -0.52875 0.00000 -160.59789 -0.52875 -0.84878 0.00000 8.58241 -0.00000 -0.00000 -1.00000 0.00000
1633462551170221 0.89073 -0.45453 0.00000 -162.26482 -0.45453 -0.89073 0.00000 -5.22084 -0.00000 -0.00000 -1.00000 -0.00000
1633462551419547 0.92855 -0.37120 -0.00000 -162.57023 -0.37120 -0.92855 0.00000 -20.10619 -0.00000 -0.00000 -1.00000 -0.00000
1633462551668461 0.96146 -0.27495 0.00000 -161.00060 -0.27495 -0.96146 0.00000 -36.47753 -0.00000 -0.00000 -1.00000 -0.00000
1633462551917660 0.98571 -0.16846 0.00000 -157.27771 -0.16846 -0.98571 0.00000 -53.79642 -0.00000 -0.00000 -1.00000 -0.00000
1633462552166484 0.99895 -0.04581 0.00000 -150.55517 -0.04581 -0.99895 0.00000 -72.79428 -0.00000 -0.00000 -1.00000 -0.00000
1633462552415707 0.99560 0.09366 0.00000 -140.05097 0.09366 -0.99560 0.00000 -93.05400 0.00000 -0.00000 -1.00000 -0.00000
1633462552664504 0.96870 0.24825 0.00000 -124.94347 0.24825 -0.96870 0.00000 -113.73232 0.00000 -0.00000 -1.00000 -0.00000
1633462552913517 0.91307 0.40780 0.00000 -105.11289 0.40780 -0.91307 0.00000 -133.20100 0.00000 -0.00000 -1.00000 -0.00000
1633462553162436 0.82359 0.56719 0.00000 -80.10787 0.56719 -0.82359 0.00000 -150.02629 0.00000 -0.00000 -1.00000 -0.00000
1633462553411501 0.70443 0.70978 0.00000 -51.96921 0.70978 -0.70443 0.00000 -162.28527 0.00000 -0.00000 -1.00000 -0.00000
1633462553660809 0.55388 0.83260 -0.00000 -20.56574 0.83260 -0.55388 0.00000 -169.22376 0.00000 -0.00000 -1.00000 -0.00000
1633462553909935 0.37956 0.92517 0.00000 12.05596 0.92517 -0.37956 0.00000 -170.05472 0.00000 -0.00000 -1.00000 -0.00000
1633462554158768 0.18362 0.98300 0.00000 45.37831 0.98300 -0.18362 0.00000 -163.93756 0.00000 -0.00000 -1.00000 -0.00000
1633462554407871 -0.01776 0.99984 0.00000 76.50115 0.99984 0.01776 0.00000 -151.45442 0.00000 0.00000 -1.00000 -0.00000
1633462554656980 -0.22109 0.97525 0.00000 104.82834 0.97525 0.22109 0.00000 -132.72036 0.00000 0.00000 -1.00000 -0.00000
1633462554905843 -0.41459 0.91001 0.00000 128.66003 0.91001 0.41459 0.00000 -108.61255 0.00000 0.00000 -1.00000 -0.00000
1633462555155015 -0.59219 0.80580 0.00000 147.13937 0.80580 0.59219 0.00000 -79.88938 0.00000 0.00000 -1.00000 -0.00000
1633462555404253 -0.73234 0.68094 0.00000 158.39816 0.68094 0.73234 0.00000 -51.01538 0.00000 0.00000 -1.00000 -0.00000
1633462555653759 -0.83102 0.55624 0.00000 163.22514 0.55624 0.83102 0.00000 -25.27163 0.00000 0.00000 -1.00000 -0.00000
1633462555903088 -0.89485 0.44636 -0.00000 164.05897 0.44636 0.89485 0.00000 -4.30556 0.00000 0.00000 -1.00000 -0.00000
1633462556152436 -0.93370 0.35805 0.00000 162.51303 0.35805 0.93370 0.00000 11.53038 0.00000 0.00000 -1.00000 0.00000
1633462556401546 -0.95426 0.29897 0.00000 160.19780 0.29897 0.95426 0.00000 21.67027 0.00000 0.00000 -1.00000 0.00000
1633462556650542 -0.96595 0.25872 0.00000 157.84457 0.25872 0.96595 0.00000 28.44977 0.00000 0.00000 -1.00000 0.00000
1633462556899946 -0.97072 0.24022 0.00000 155.94716 0.24022 0.97072 0.00000 31.46436 0.00000 0.00000 -1.00000 0.00000
1633462557149200 -0.97005 0.24289 0.00000 154.56254 0.24289 0.97005 0.00000 31.03537 0.00000 0.00000 -1.00000 0.00000
1633462557398144 -0.96479 0.26304 0.00000 153.78810 0.26304 0.96479 0.00000 27.76096 0.00000 0.00000 -1.00000 0.00000
1633462557647267 -0.95743 0.28866 0.00000 152.92580 0.28866 0.95743 0.00000 23.69540 0.00000 0.00000 -1.00000 0.00000
1633462557896514 -0.94685 0.32169 0.00000 152.13663 0.32169 0.94685 0.00000 18.37090 0.00000 0.00000 -1.00000 0.00000
1633462558145653 -0.93215 0.36208 0.00000 151.18253 0.36208 0.93215 0.00000 11.74486 0.00000 0.00000 -1.00000 0.00000
1633462558394642 -0.91554 0.40223 0.00000 149.93209 0.40223 0.91554 0.00000 5.23265 0.00000 0.00000 -1.00000 0.00000
1633462558644093 -0.89514 0.44579 0.00000 148.33060 0.44579 0.89514 0.00000 -2.08357 0.00000 0.00000 -1.00000 -0.00000
1633462558893181 -0.87150 0.49039 0.00000 146.40142 0.49039 0.87150 0.00000 -9.52658 0.00000 0.00000 -1.00000 -0.00000
1633462559142545 -0.84293 0.53802 -0.00000 143.93218 0.53802 0.84293 0.00000 -17.67186 0.00000 0.00000 -1.00000 -0.00000
1633462559391563 -0.81129 0.58464 0.00000 140.94960 0.58464 0.81129 0.00000 -25.79526 0.00000 0.00000 -1.00000 -0.00000
1633462559640414 -0.77722 0.62923 0.00000 137.46798 0.62923 0.77722 0.00000 -33.66320 0.00000 0.00000 -1.00000 -0.00000
1633462559889529 -0.73861 0.67413 0.00000 133.44252 0.67413 0.73861 0.00000 -41.79788 0.00000 0.00000 -1.00000 -0.00000
1633462560138484 -0.69623 0.71782 0.00000 128.76922 0.71782 0.69623 0.00000 -49.86167 0.00000 0.00000 -1.00000 -0.00000
1633462560387516 -0.65311 0.75726 0.00000 123.77524 0.75726 0.65311 0.00000 -57.34357 0.00000 0.00000 -1.00000 -0.00000
1633462560636830 -0.60681 0.79484 0.00000 118.20839 0.79484 0.60681 0.00000 -64.64787 0.00000 0.00000 -1.00000 -0.00000
1633462560886008 -0.55778 0.82999 0.00000 112.17402 0.82999 0.55778 0.00000 -71.63568 0.00000 0.00000 -1.00000 -0.00000
1633462561135126 -0.50958 0.86043 0.00000 105.94746 0.86043 0.50958 0.00000 -77.88848 0.00000 0.00000 -1.00000 -0.00000
1633462561384465 -0.46096 0.88742 0.00000 99.51820 0.88742 0.46096 0.00000 -83.64784 0.00000 0.00000 -1.00000 -0.00000
1633462561633682 -0.41783 0.90853 0.00000 93.41853 0.90853 0.41783 0.00000 -88.41641 0.00000 0.00000 -1.00000 -0.00000
1633462561882848 -0.38342 0.92357 0.00000 88.02678 0.92357 0.38342 0.00000 -91.82532 0.00000 0.00000 -1.00000 -0.00000
1633462562131913 -0.36301 0.93179 0.00000 83.93707 0.93179 0.36301 0.00000 -93.80917 0.00000 0.00000 -1.00000 -0.00000
1633462562381133 -0.34570 0.93834 0.00000 80.12402 0.93834 0.34570 0.00000 -95.44817 0.00000 0.00000 -1.00000 -0.00000
1633462562630239 -0.33209 0.94325 0.00000 76.71739 0.94325 0.33209 0.00000 -96.56886 0.00000 0.00000 -1.00000 -0.00000
1633462562879400 -0.31986 0.94747 0.00000 73.43810 0.94747 0.31986 0.00000 -97.63667 0.00000 0.00000 -1.00000 -0.00000
1633462563128323 -0.30927 0.95097 0.00000 70.29687 0.95097 0.30927 0.00000 -98.40744 0.00000 0.00000 -1.00000 -0.00000
1633462563377253 -0.30446 0.95252 0.00000 67.78922 0.95252 0.30446 0.00000 -98.87584 0.00000 0.00000 -1.00000 -0.00000
1633462563626573 -0.30885 0.95111 0.00000 66.23075 0.95111 0.30885 0.00000 -98.57075 0.00000 0.00000 -1.00000 -0.00000
1633462563875650 -0.31362 0.94955 0.00000 64.68954 0.94955 0.31362 0.00000 -98.28351 0.00000 0.00000 -1.00000 -0.00000
1633462564124625 -0.33032 0.94387 0.00000 64.41145 0.94387 0.33032 0.00000 -97.10210 0.00000 0.00000 -1.00000 -0.00000
1633462564373816 -0.35273 0.93573 0.00000 64.74748 0.93573 0.35273 0.00000 -95.64926 0.00000 0.00000 -1.00000 -0.00000
1633462564622885 -0.38566 0.92264 0.00000 66.10918 0.92264 0.38566 0.00000 -93.33459 0.00000 0.00000 -1.00000 -0.00000
1633462564872075 -0.42605 0.90470 0.00000 68.21290 0.90470 0.42605 0.00000 -90.46754 0.00000 0.00000 -1.00000 -0.00000
1633462565121715 -0.47499 0.87999 -0.00000 71.10236 0.87999 0.47499 0.00000 -86.57700 0.00000 0.00000 -1.00000 -0.00000
1633462565370969 -0.52857 0.84889 -0.00000 74.48434 0.84889 0.52857 0.00000 -82.16844 0.00000 0.00000 -1.00000 -0.00000
1633462565619729 -0.59002 0.80739 0.00000 78.54212 0.80739 0.59002 0.00000 -76.49056 0.00000 0.00000 -1.00000 -0.00000
1633462565868655 -0.65691 0.75397 0.00000 82.83732 0.75397 0.65691 0.00000 -69.55358 0.00000 0.00000 -1.00000 -0.00000
1633462566117551 -0.72070 0.69324 0.00000 86.80333 0.69324 0.72070 0.00000 -62.01314 0.00000 0.00000 -1.00000 -0.00000
1633462566366616 -0.77601 0.63073 0.00000 89.79161 0.63073 0.77601 0.00000 -54.67155 0.00000 0.00000 -1.00000 -0.00000
1633462566615957 -0.82306 0.56795 0.00000 91.93045 0.56795 0.82306 0.00000 -47.52806 0.00000 0.00000 -1.00000 -0.00000
1633462566864698 -0.85956 0.51103 -0.00000 93.07988 0.51103 0.85956 0.00000 -41.25343 0.00000 0.00000 -1.00000 -0.00000
1633462567113634 -0.88944 0.45704 0.00000 93.63656 0.45704 0.88944 0.00000 -35.42277 0.00000 0.00000 -1.00000 -0.00000
1633462567362788 -0.91606 0.40104 0.00000 93.81918 0.40104 0.91606 0.00000 -29.65707 0.00000 0.00000 -1.00000 -0.00000
1633462567611824 -0.93668 0.35018 0.00000 93.34268 0.35018 0.93668 0.00000 -24.49354 0.00000 0.00000 -1.00000 -0.00000
1633462567861037 -0.95412 0.29941 0.00000 92.63206 0.29941 0.95412 0.00000 -19.48994 0.00000 0.00000 -1.00000 -0.00000
1633462568110150 -0.96749 0.25290 0.00000 91.47604 0.25290 0.96749 0.00000 -14.98485 0.00000 0.00000 -1.00000 -0.00000
1633462568359153 -0.97757 0.21060 -0.00000 90.07321 0.21060 0.97757 0.00000 -11.04625 0.00000 0.00000 -1.00000 -0.00000
1633462568608619 -0.98502 0.17244 0.00000 88.43074 0.17244 0.98502 0.00000 -7.54486 0.00000 0.00000 -1.00000 -0.00000
1633462568858026 -0.99026 0.13922 0.00000 86.51884 0.13922 0.99026 0.00000 -4.60793 0.00000 0.00000 -1.00000 -0.00000
1633462569107335 -0.99432 0.10642 0.00000 84.61884 0.10642 0.99432 0.00000 -1.79843 0.00000 0.00000 -1.00000 -0.00000
1633462569356658 -0.99636 0.08529 0.00000 82.40111 0.08529 0.99636 0.00000 -0.07383 0.00000 0.00000 -1.00000 -0.00000
1633462569606039 -0.99749 0.07080 -0.00000 80.28987 0.07080 0.99749 0.00000 1.08902 0.00000 0.00000 -1.00000 0.00000
1633462569855140 -0.99819 0.06007 0.00000 78.03359 0.06007 0.99819 0.00000 1.97623 0.00000 0.00000 -1.00000 0.00000
1633462570104098 -0.99856 0.05372 0.00000 75.76262 0.05372 0.99856 0.00000 2.46204 0.00000 0.00000 -1.00000 0.00000
1633462570353563 -0.99900 0.04465 0.00000 73.50746 0.04465 0.99900 0.00000 3.07433 0.00000 0.00000 -1.00000 0.00000
1633462570602715 -0.99928 0.03797 -0.00000 71.19341 0.03797 0.99928 0.00000 3.50736 0.00000 0.00000 -1.00000 0.00000
1633462570851799 -0.99967 0.02560 0.00000 68.93961 0.02560 0.99967 0.00000 4.31831 0.00000 0.00000 -1.00000 0.00000
1633462571101030 -0.99989 0.01481 0.00000 66.69924 0.01481 0.99989 0.00000 5.05775 0.00000 0.00000 -1.00000 0.00000
1633462571350224 -0.99997 0.00824 0.00000 64.55363 0.00824 0.99997 0.00000 5.45218 0.00000 0.00000 -1.00000 0.00000
1633462571599349 -1.00000 -0.00241 -0.00000 62.33069 -0.00241 1.00000 0.00000 6.07857 -0.00000 0.00000 -1.00000 0.00000
1633462571848582 -0.99994 -0.01088 -0.00000 60.16931 -0.01088 0.99994 0.00000 6.54358 -0.00000 0.00000 -1.00000 0.00000
1633462572097641 -0.99994 -0.01108 0.00000 58.03691 -0.01108 0.99994 0.00000 6.48551 -0.00000 0.00000 -1.00000 0.00000
1633462572346931 -0.99991 -0.01342 0.00000 55.90732 -0.01342 0.99991 0.00000 6.58525 -0.00000 0.00000 -1.00000 0.00000
1633462572596168 -0.99992 -0.01274 0.00000 53.86144 -0.01274 0.99992 0.00000 6.52522 -0.00000 0.00000 -1.00000 0.00000
1633462572845485 -0.99995 -0.01027 0.00000 51.77097 -0.01027 0.99995 0.00000 6.37934 -0.00000 0.00000 -1.00000 0.00000
1633462573094666 -0.99998 -0.00690 -0.00000 49.73205 -0.00690 0.99998 0.00000 6.17625 -0.00000 0.00000 -1.00000 0.00000
1633462573343705 -1.00000 -0.00291 0.00000 47.69806 -0.00291 1.00000 0.00000 6.00906 -0.00000 0.00000 -1.00000 0.00000
1633462573592478 -1.00000 -0.00110 0.00000 45.70921 -0.00110 1.00000 0.00000 5.80587 -0.00000 0.00000 -1.00000 0.00000
1633462573841480 -0.99999 0.00435 0.00000 43.67198 0.00435 0.99999 0.00000 5.58470 0.00000 0.00000 -1.00000 0.00000
1633462574090657 -0.99983 0.01868 0.00000 41.72856 0.01868 0.99983 0.00000 4.97020 0.00000 0.00000 -1.00000 0.00000
1633462574339967 -0.99928 0.03783 0.00000 39.84457 0.03783 0.99928 0.00000 4.13234 0.00000 0.00000 -1.00000 0.00000
1633462574588998 -0.99821 0.05977 0.00000 37.84769 0.05977 0.99821 0.00000 3.19796 0.00000 0.00000 -1.00000 0.00000
1633462574838135 -0.99691 0.07850 0.00000 35.85419 0.07850 0.99691 0.00000 2.34486 0.00000 0.00000 -1.00000 0.00000
1633462575087362 -0.99557 0.09405 -0.00000 33.89535 0.09405 0.99557 0.00000 1.76809 0.00000 0.00000 -1.00000 0.00000
1633462575336400 -0.99454 0.10432 0.00000 31.86207 0.10432 0.99454 0.00000 1.35083 0.00000 0.00000 -1.00000 0.00000
1633462575585680 -0.99343 0.11440 0.00000 29.83082 0.11440 0.99343 0.00000 0.97823 0.00000 0.00000 -1.00000 0.00000
1633462575834600 -0.99266 0.12094 0.00000 27.86875 0.12094 0.99266 0.00000 0.72673 0.00000 0.00000 -1.00000 0.00000
1633462576083750 -0.99240 0.12304 0.00000 25.81954 0.12304 0.99240 0.00000 0.66002 0.00000 0.00000 -1.00000 0.00000
1633462576333075 -0.99211 0.12535 -0.00000 23.72856 0.12535 0.99211 0.00000 0.54149 0.00000 0.00000 -1.00000 0.00000
1633462576582050 -0.99172 0.12843 0.00000 21.75645 0.12843 0.99172 0.00000 0.40438 0.00000 0.00000 -1.00000 0.00000
1633462576831212 -0.99152 0.12993 -0.00000 19.68352 0.12993 0.99152 0.00000 0.30857 0.00000 0.00000 -1.00000 0.00000
1633462577080426 -0.99128 0.13177 0.00000 17.61951 0.13177 0.99128 0.00000 0.27160 0.00000 0.00000 -1.00000 0.00000
1633462577329673 -0.99162 0.12915 0.00000 15.61469 0.12915 0.99162 0.00000 0.31879 0.00000 0.00000 -1.00000 0.00000
1633462577578474 -0.99175 0.12819 0.00000 13.55395 0.12819 0.99175 0.00000 0.31666 0.00000 0.00000 -1.00000 0.00000
1633462577827831 -0.99191 0.12691 -0.00000 11.54412 0.12691 0.99191 0.00000 0.30052 0.00000 0.00000 -1.00000 0.00000
1633462578076545 -0.99227 0.12408 -0.00000 9.44119 0.12408 0.99227 0.00000 0.29480 0.00000 0.00000 -1.00000 0.00000
1633462578326117 -0.99223 0.12440 -0.00000 7.37509 0.12440 0.99223 0.00000 0.26408 0.00000 0.00000 -1.00000 0.00000
1633462578575290 -0.99197 0.12647 0.00000 5.28333 0.12647 0.99197 0.00000 0.15105 0.00000 0.00000 -1.00000 0.00000
1633462578824642 -0.99206 0.12576 0.00000 3.21140 0.12576 0.99206 0.00000 0.17400 0.00000 0.00000 -1.00000 0.00000
1633462579073885 -0.99204 0.12591 -0.00000 1.12528 0.12591 0.99204 0.00000 0.16466 0.00000 0.00000 -1.00000 0.00000
1633462579322690 -0.99229 0.12391 0.00000 -1.03126 0.12391 0.99229 0.00000 0.04771 0.00000 0.00000 -1.00000 0.00000
1633462579571984 -0.99291 0.11888 0.00000 -3.08490 0.11888 0.99291 0.00000 0.03518 0.00000 0.00000 -1.00000 0.00000
1633462579821043 -0.99343 0.11444 0.00000 -5.21389 0.11444 0.99343 0.00000 -0.03004 0.00000 0.00000 -1.00000 -0.00000
1633462580070013 -0.99413 0.10823 0.00000 -7.30115 0.10823 0.99413 0.00000 -0.17568 0.00000 0.00000 -1.00000 -0.00000
1633462580319048 -0.99484 0.10144 0.00000 -9.43123 0.10144 0.99484 0.00000 -0.14212 0.00000 0.00000 -1.00000 -0.00000
1633462580568558 -0.99571 0.09254 0.00000 -11.42057 0.09254 0.99571 0.00000 -0.34599 0.00000 0.00000 -1.00000 -0.00000
1633462580817363 -0.99613 0.08790 0.00000 -13.63856 0.08790 0.99613 0.00000 -0.39132 0.00000 0.00000 -1.00000 -0.00000
1633462581066477 -0.99652 0.08341 -0.00000 -15.72179 0.08341 0.99652 0.00000 -0.44273 0.00000 0.00000 -1.00000 -0.00000
1633462581315561 -0.99721 0.07458 0.00000 -17.76724 0.07458 0.99721 0.00000 -0.73807 0.00000 0.00000 -1.00000 -0.00000
1633462581564661 -0.99749 0.07086 0.00000 -19.96251 0.07086 0.99749 0.00000 -0.80408 0.00000 0.00000 -1.00000 -0.00000
1633462581814079 -0.99753 0.07026 -0.00000 -22.05433 0.07026 0.99753 0.00000 -0.83995 0.00000 0.00000 -1.00000 -0.00000
1633462582063311 -0.99760 0.06918 0.00000 -24.24320 0.06918 0.99760 0.00000 -0.88693 0.00000 0.00000 -1.00000 -0.00000
1633462582312263 -0.99769 0.06788 0.00000 -26.28774 0.06788 0.99769 0.00000 -0.95025 0.00000 0.00000 -1.00000 -0.00000
1633462582561394 -0.99779 0.06650 0.00000 -28.44643 0.06650 0.99779 0.00000 -0.98913 0.00000 0.00000 -1.00000 -0.00000
1633462582810405 -0.99790 0.06479 0.00000 -30.52476 0.06479 0.99790 0.00000 -1.04158 0.00000 0.00000 -1.00000 -0.00000
1633462583059703 -0.99803 0.06270 0.00000 -32.56377 0.06270 0.99803 0.00000 -1.15503 0.00000 0.00000 -1.00000 -0.00000
1633462583308711 -0.99817 0.06052 -0.00000 -34.66816 0.06052 0.99817 0.00000 -1.22483 0.00000 0.00000 -1.00000 -0.00000
1633462583557960 -0.99827 0.05877 0.00000 -36.74142 0.05877 0.99827 0.00000 -1.28474 0.00000 0.00000 -1.00000 -0.00000
1633462583806940 -0.99835 0.05733 0.00000 -38.82350 0.05733 0.99835 0.00000 -1.41493 0.00000 0.00000 -1.00000 -0.00000
1633462584056144 -0.99858 0.05336 0.00000 -40.89995 0.05336 0.99858 0.00000 -1.56692 0.00000 0.00000 -1.00000 -0.00000
1633462584305253 -0.99856 0.05361 -0.00000 -42.99338 0.05361 0.99856 0.00000 -1.61858 0.00000 0.00000 -1.00000 -0.00000
1633462584554100 -0.99868 0.05142 0.00000 -44.99483 0.05142 0.99868 0.00000 -1.74001 0.00000 0.00000 -1.00000 -0.00000
1633462584803263 -0.99881 0.04869 0.00000 -46.98266 0.04869 0.99881 0.00000 -1.90240 0.00000 0.00000 -1.00000 -0.00000
1633462585052565 -0.99886 0.04783 0.00000 -49.03053 0.04783 0.99886 0.00000 -1.98157 0.00000 0.00000 -1.00000 -0.00000
1633462585302027 -0.99892 0.04648 0.00000 -50.97587 0.04648 0.99892 0.00000 -2.03451 0.00000 0.00000 -1.00000 -0.00000
1633462585551279 -0.99878 0.04946 0.00000 -52.80142 0.04946 0.99878 0.00000 -1.98820 0.00000 0.00000 -1.00000 -0.00000
1633462585800446 -0.99881 0.04877 -0.00000 -54.57366 0.04877 0.99881 0.00000 -1.97276 0.00000 0.00000 -1.00000 -0.00000
1633462586049927 -0.99849 0.05501 0.00000 -56.35366 0.05501 0.99849 0.00000 -1.65592 0.00000 0.00000 -1.00000 -0.00000
1633462586298820 -0.99766 0.06831 0.00000 -57.95802 0.06831 0.99766 0.00000 -0.95901 0.00000 0.00000 -1.00000 -0.00000
1633462586548276 -0.99628 0.08612 0.00000 -59.52877 0.08612 0.99628 0.00000 0.12135 0.00000 0.00000 -1.00000 0.00000
1633462586797799 -0.99288 0.11909 0.00000 -60.92566 0.11909 0.99288 0.00000 2.05002 0.00000 0.00000 -1.00000 0.00000
1633462587046986 -0.98697 0.16093 0.00000 -62.17866 0.16093 0.98697 0.00000 4.58221 0.00000 0.00000 -1.00000 0.00000
1633462587296485 -0.97684 0.21395 0.00000 -63.15226 0.21395 0.97684 0.00000 7.94939 0.00000 0.00000 -1.00000 0.00000
1633462587545480 -0.95982 0.28063 0.00000 -63.62545 0.28063 0.95982 0.00000 12.11774 0.00000 0.00000 -1.00000 0.00000
1633462587794667 -0.93348 0.35863 -0.00000 -63.50765 0.35863 0.93348 0.00000 17.28323 0.00000 0.00000 -1.00000 0.00000
1633462588043473 -0.89321 0.44964 0.00000 -62.61558 0.44964 0.89321 0.00000 23.46338 0.00000 0.00000 -1.00000 0.00000
1633462588292783 -0.83747 0.54649 -0.00000 -60.69422 0.54649 0.83747 0.00000 30.30628 0.00000 0.00000 -1.00000 0.00000
1633462588541733 -0.76660 0.64213 -0.00000 -57.76941 0.64213 0.76660 0.00000 37.18526 0.00000 0.00000 -1.00000 0.00000
1633462588791112 -0.68151 0.73181 0.00000 -53.84586 0.73181 0.68151 0.00000 43.97443 0.00000 0.00000 -1.00000 0.00000
1633462589040256 -0.58644 0.80999 0.00000 -49.04653 0.80999 0.58644 0.00000 50.25725 0.00000 0.00000 -1.00000 0.00000
1633462589289057 -0.49025 0.87158 0.00000 -44.06225 0.87158 0.49025 0.00000 55.51448 0.00000 0.00000 -1.00000 0.00000
1633462589538234 -0.39292 0.91957 0.00000 -38.88638 0.91957 0.39292 0.00000 59.91863 0.00000 0.00000 -1.00000 0.00000
1633462589787369 -0.29185 0.95646 0.00000 -33.39249 0.95646 0.29185 0.00000 63.81406 0.00000 0.00000 -1.00000 0.00000
1633462590036355 -0.19631 0.98054 0.00000 -28.12744 0.98054 0.19631 0.00000 66.63187 0.00000 0.00000 -1.00000 0.00000
1633462590285164 -0.11088 0.99383 -0.00000 -23.48465 0.99383 0.11088 0.00000 68.83816 0.00000 0.00000 -1.00000 0.00000
1633462590533838 -0.05055 0.99872 0.00000 -20.65390 0.99872 0.05055 0.00000 70.14096 0.00000 0.00000 -1.00000 0.00000
1633462590782886 -0.00584 0.99998 -0.00000 -18.91169 0.99998 0.00584 0.00000 70.93598 0.00000 0.00000 -1.00000 0.00000
1633462591031872 0.02346 0.99972 0.00000 -18.28453 0.99972 -0.02346 0.00000 71.42549 0.00000 -0.00000 -1.00000 0.00000
1633462591280780 0.03278 0.99946 0.00000 -19.12013 0.99946 -0.03278 0.00000 71.49957 0.00000 -0.00000 -1.00000 0.00000
1633462591529803 0.03769 0.99929 -0.00000 -20.36859 0.99929 -0.03769 0.00000 71.47713 0.00000 -0.00000 -1.00000 0.00000
1633462591779150 0.03458 0.99940 -0.00000 -22.23183 0.99940 -0.03458 0.00000 71.49500 0.00000 -0.00000 -1.00000 0.00000
1633462592028126 0.03922 0.99923 -0.00000 -23.54021 0.99923 -0.03922 0.00000 71.47548 0.00000 -0.00000 -1.00000 0.00000
1633462592277431 0.04088 0.99916 0.00000 -25.20593 0.99916 -0.04088 0.00000 71.62333 0.00000 -0.00000 -1.00000 0.00000
1633462592526310 0.03745 0.99930 0.00000 -27.15888 0.99930 -0.03745 0.00000 71.41259 0.00000 -0.00000 -1.00000 0.00000
1633462592775693 0.04348 0.99905 0.00000 -28.46579 0.99905 -0.04348 0.00000 71.58838 0.00000 -0.00000 -1.00000 0.00000
1633462593024720 0.04863 0.99882 0.00000 -29.89751 0.99882 -0.04863 0.00000 71.61895 0.00000 -0.00000 -1.00000 0.00000
1633462593273915 0.05540 0.99846 0.00000 -31.22933 0.99846 -0.05540 0.00000 71.78896 0.00000 -0.00000 -1.00000 0.00000
1633462593523380 0.07642 0.99708 -0.00000 -31.45689 0.99708 -0.07642 0.00000 72.31056 0.00000 -0.00000 -1.00000 0.00000
1633462593772474 0.11481 0.99339 -0.00000 -30.40871 0.99339 -0.11481 0.00000 73.57621 0.00000 -0.00000 -1.00000 0.00000
1633462594021770 0.14962 0.98874 -0.00000 -29.49517 0.98874 -0.14962 0.00000 74.57437 0.00000 -0.00000 -1.00000 0.00000
1633462594270834 0.18725 0.98231 0.00000 -28.43946 0.98231 -0.18725 0.00000 75.63710 0.00000 -0.00000 -1.00000 0.00000
1633462594519870 0.22373 0.97465 0.00000 -27.32758 0.97465 -0.22373 0.00000 76.60401 0.00000 -0.00000 -1.00000 0.00000
1633462594769273 0.23622 0.97170 0.00000 -28.04957 0.97170 -0.23622 0.00000 76.77502 0.00000 -0.00000 -1.00000 0.00000
1633462595018388 0.23566 0.97183 0.00000 -29.81769 0.97183 -0.23566 0.00000 76.79137 0.00000 -0.00000 -1.00000 0.00000
1633462595267544 0.21366 0.97691 0.00000 -33.32482 0.97691 -0.21366 0.00000 75.97078 0.00000 -0.00000 -1.00000 0.00000
1633462595516809 0.18959 0.98186 -0.00000 -36.91573 0.98186 -0.18959 0.00000 75.11843 0.00000 -0.00000 -1.00000 0.00000
1633462595765990 0.16164 0.98685 0.00000 -40.68188 0.98685 -0.16164 0.00000 74.05779 0.00000 -0.00000 -1.00000 0.00000
1633462596015193 0.13155 0.99131 0.00000 -44.54209 0.99131 -0.13155 0.00000 72.82957 0.00000 -0.00000 -1.00000 0.00000
1633462596264214 0.09843 0.99514 0.00000 -48.71954 0.99514 -0.09843 0.00000 71.21996 0.00000 -0.00000 -1.00000 0.00000
1633462596513468 0.08028 0.99677 0.00000 -51.73055 0.99677 -0.08028 0.00000 70.28627 0.00000 -0.00000 -1.00000 0.00000
1633462596762666 0.05866 0.99828 0.00000 -54.94667 0.99828 -0.05866 0.00000 69.14368 0.00000 -0.00000 -1.00000 0.00000
1633462597011987 0.04986 0.99876 0.00000 -57.24091 0.99876 -0.04986 0.00000 68.64348 0.00000 -0.00000 -1.00000 0.00000
1633462597261641 0.03879 0.99925 0.00000 -59.75851 0.99925 -0.03879 0.00000 67.98674 0.00000 -0.00000 -1.00000 0.00000
1633462597510549 0.03357 0.99944 0.00000 -61.86116 0.99944 -0.03357 0.00000 67.60690 0.00000 -0.00000 -1.00000 0.00000
1633462597759814 0.04093 0.99916 -0.00000 -63.15651 0.99916 -0.04093 0.00000 68.05627 0.00000 -0.00000 -1.00000 0.00000
1633462598008491 0.04527 0.99897 0.00000 -64.57649 0.99897 -0.04527 0.00000 68.28823 0.00000 -0.00000 -1.00000 0.00000
1633462598257822 0.05083 0.99871 0.00000 -66.02358 0.99871 -0.05083 0.00000 68.66722 0.00000 -0.00000 -1.00000 0.00000
1633462598507117 0.05751 0.99834 0.00000 -67.37657 0.99834 -0.05751 0.00000 69.03446 0.00000 -0.00000 -1.00000 0.00000
1633462598756398 0.05991 0.99820 0.00000 -69.00634 0.99820 -0.05991 0.00000 69.15469 0.00000 -0.00000 -1.00000 0.00000
1633462599005634 0.06754 0.99772 0.00000 -70.24912 0.99772 -0.06754 0.00000 69.61662 0.00000 -0.00000 -1.00000 0.00000
1633462599255023 0.07162 0.99743 0.00000 -71.76906 0.99743 -0.07162 0.00000 69.88281 0.00000 -0.00000 -1.00000 0.00000
1633462599504445 0.08147 0.99668 -0.00000 -72.84594 0.99668 -0.08147 0.00000 70.59548 0.00000 -0.00000 -1.00000 0.00000
1633462599753591 0.09527 0.99545 0.00000 -73.49214 0.99545 -0.09527 0.00000 71.47796 0.00000 -0.00000 -1.00000 0.00000
1633462600002717 0.10446 0.99453 -0.00000 -74.47893 0.99453 -0.10446 0.00000 72.22487 0.00000 -0.00000 -1.00000 0.00000
1633462600251607 0.10904 0.99404 0.00000 -75.80684 0.99404 -0.10904 0.00000 72.51395 0.00000 -0.00000 -1.00000 0.00000
1633462600500802 0.09662 0.99532 0.00000 -78.19069 0.99532 -0.09662 0.00000 71.57202 0.00000 -0.00000 -1.00000 0.00000
1633462600750037 0.07745 0.99700 -0.00000 -81.09540 0.99700 -0.07745 0.00000 69.91422 0.00000 -0.00000 -1.00000 0.00000
1633462600998827 0.03138 0.99951 0.00000 -85.74473 0.99951 -0.03138 0.00000 66.03624 0.00000 -0.00000 -1.00000 0.00000
1633462601247864 -0.03930 0.99923 0.00000 -91.54680 0.99923 0.03930 0.00000 59.80138 0.00000 0.00000 -1.00000 0.00000
1633462601496403 -0.12688 0.99192 0.00000 -97.87496 0.99192 0.12688 0.00000 51.45430 0.00000 0.00000 -1.00000 0.00000
1633462601745440 -0.22814 0.97363 0.00000 -103.98240 0.97363 0.22814 0.00000 41.06566 0.00000 0.00000 -1.00000 0.00000
1633462601994668 -0.33259 0.94307 0.00000 -109.21310 0.94307 0.33259 0.00000 29.48266 0.00000 0.00000 -1.00000 0.00000
1633462602244014 -0.44046 0.89777 0.00000 -113.21192 0.89777 0.44046 0.00000 16.49207 0.00000 0.00000 -1.00000 0.00000
1633462602493077 -0.53913 0.84222 0.00000 -115.54339 0.84222 0.53913 0.00000 3.51911 0.00000 0.00000 -1.00000 0.00000
1633462602742119 -0.63360 0.77366 0.00000 -116.46185 0.77366 0.63360 0.00000 -9.95826 0.00000 0.00000 -1.00000 -0.00000
1633462602991394 -0.71613 0.69797 0.00000 -115.86068 0.69797 0.71613 0.00000 -22.97299 0.00000 0.00000 -1.00000 -0.00000
1633462603240502 -0.79025 0.61278 0.00000 -113.78301 0.61278 0.79025 0.00000 -35.95261 0.00000 0.00000 -1.00000 -0.00000
1633462603489645 -0.85225 0.52313 0.00000 -110.55737 0.52313 0.85225 0.00000 -48.11091 0.00000 0.00000 -1.00000 -0.00000
