1612893308342232 1.00000 0.00000 0.00000 -0.00000 0.00000 -1.00000 0.00000 0.00000 0.00000 -0.00000 -1.00000 0.00000
1612893308592236 0.99998 0.00578 -0.00000 -0.02591 0.00578 -0.99998 0.00000 0.00421 0.00000 -0.00000 -1.00000 0.00000
1612893308842233 0.99998 0.00692 0.00000 -0.03282 0.00692 -0.99998 0.00000 0.04584 0.00000 -0.00000 -1.00000 0.00000
1612893309092864 1.00000 -0.00087 0.00000 -0.00052 -0.00087 -1.00000 0.00000 -0.00021 -0.00000 -0.00000 -1.00000 -0.00000
1612893309342869 0.99999 0.00448 0.00000 -0.02111 0.00448 -0.99999 0.00000 -0.00938 0.00000 -0.00000 -1.00000 -0.00000
1612893309593497 1.00000 -0.00096 -0.00000 -0.03299 -0.00096 -1.00000 0.00000 0.03535 -0.00000 -0.00000 -1.00000 0.00000
1612893309843496 1.00000 0.00226 0.00000 0.01019 0.00226 -1.00000 0.00000 -0.01371 0.00000 -0.00000 -1.00000 -0.00000
1612893310093502 0.99998 0.00659 0.00000 -0.02821 0.00659 -0.99998 0.00000 0.01342 0.00000 -0.00000 -1.00000 0.00000
1612893310343513 1.00000 0.00127 0.00000 -0.04070 0.00127 -1.00000 0.00000 0.01837 0.00000 -0.00000 -1.00000 0.00000
1612893310592886 1.00000 -0.00081 -0.00000 -0.00707 -0.00081 -1.00000 0.00000 -0.04223 -0.00000 -0.00000 -1.00000 -0.00000
1612893310842264 1.00000 0.00037 0.00000 0.00864 0.00037 -1.00000 0.00000 -0.02830 0.00000 -0.00000 -1.00000 -0.00000
1612893311092264 1.00000 0.00148 -0.00000 -0.01786 0.00148 -1.00000 0.00000 0.01289 0.00000 -0.00000 -1.00000 0.00000
1612893311342271 1.00000 0.00092 -0.00000 -0.01086 0.00092 -1.00000 0.00000 0.00767 0.00000 -0.00000 -1.00000 0.00000
1612893311592899 1.00000 -0.00108 -0.00000 -0.04618 -0.00108 -1.00000 0.00000 0.02432 -0.00000 -0.00000 -1.00000 0.00000
1612893311842894 1.00000 0.00303 0.00000 -0.01162 0.00303 -1.00000 0.00000 -0.01026 0.00000 -0.00000 -1.00000 -0.00000
1612893312092904 0.99996 0.00859 0.00000 -0.03958 0.00859 -0.99996 0.00000 0.02778 0.00000 -0.00000 -1.00000 0.00000
1612893312343528 1.00000 -0.00066 -0.00000 -0.02758 -0.00066 -1.00000 0.00000 0.04929 -0.00000 -0.00000 -1.00000 0.00000
1612893312593538 1.00000 0.00263 0.00000 -0.00082 0.00263 -1.00000 0.00000 0.00313 0.00000 -0.00000 -1.00000 0.00000
1612893312843550 0.99998 0.00656 -0.00000 -0.03176 0.00656 -0.99998 0.00000 0.01304 0.00000 -0.00000 -1.00000 0.00000
1612893313093543 0.99999 0.00418 0.00000 -0.03604 0.00418 -0.99999 0.00000 0.02376 0.00000 -0.00000 -1.00000 0.00000
1612893313342912 1.00000 0.00196 0.00000 0.01460 0.00196 -1.00000 0.00000 -0.02865 0.00000 -0.00000 -1.00000 -0.00000
1612893313592297 1.00000 0.00205 0.00000 0.01920 0.00205 -1.00000 0.00000 -0.02334 0.00000 -0.00000 -1.00000 -0.00000
1612893313842297 0.99999 0.00420 0.00000 -0.01387 0.00420 -0.99999 0.00000 -0.00288 0.00000 -0.00000 -1.00000 -0.00000
1612893314092307 0.99998 0.00671 0.00000 -0.03371 0.00671 -0.99998 0.00000 0.02251 0.00000 -0.00000 -1.00000 0.00000
1612893314342931 1.00000 -0.00195 0.00000 -0.02718 -0.00195 -1.00000 0.00000 0.01423 -0.00000 -0.00000 -1.00000 0.00000
1612893314592933 1.00000 0.00101 0.00000 0.00425 0.00101 -1.00000 0.00000 -0.00372 0.00000 -0.00000 -1.00000 -0.00000
1612893314842933 0.99998 0.00557 0.00000 -0.00728 0.00557 -0.99998 0.00000 0.00531 0.00000 -0.00000 -1.00000 0.00000
1612893315093566 1.00000 -0.00148 0.00000 -0.02377 -0.00148 -1.00000 0.00000 0.03159 -0.00000 -0.00000 -1.00000 0.00000
1612893315343564 1.00000 0.00186 0.00000 -0.02503 0.00186 -1.00000 0.00000 -0.03056 0.00000 -0.00000 -1.00000 -0.00000
1612893315594199 1.00000 -0.00007 0.00000 -0.02929 -0.00007 -1.00000 0.00000 0.02154 -0.00000 -0.00000 -1.00000 0.00000
1612893315843573 1.00000 0.00053 0.00000 0.01608 0.00053 -1.00000 0.00000 -0.04867 0.00000 -0.00000 -1.00000 -0.00000
1612893316092951 1.00000 0.00158 0.00000 0.01046 0.00158 -1.00000 0.00000 -0.01733 0.00000 -0.00000 -1.00000 -0.00000
1612893316342327 1.00000 0.00111 0.00000 -0.00453 0.00111 -1.00000 0.00000 -0.01288 0.00000 -0.00000 -1.00000 -0.00000
1612893316591747 1.00000 0.00231 0.00000 0.01316 0.00231 -1.00000 0.00000 -0.04913 0.00000 -0.00000 -1.00000 -0.00000
1612893316841713 1.00000 -0.00035 0.00000 -0.00691 -0.00035 -1.00000 0.00000 -0.07027 -0.00000 -0.00000 -1.00000 -0.00000
1612893317092340 1.00000 -0.00177 0.00000 -0.00884 -0.00177 -1.00000 0.00000 -0.01492 -0.00000 -0.00000 -1.00000 -0.00000
1612893317342339 1.00000 0.00073 0.00000 -0.01029 0.00073 -1.00000 0.00000 0.00310 0.00000 -0.00000 -1.00000 0.00000
1612893317592341 0.99998 0.00622 -0.00000 -0.03520 0.00622 -0.99998 0.00000 0.01939 0.00000 -0.00000 -1.00000 0.00000
1612893317842972 1.00000 0.00076 0.00000 -0.04052 0.00076 -1.00000 0.00000 0.03576 0.00000 -0.00000 -1.00000 0.00000
1612893318092972 1.00000 0.00203 0.00000 0.00092 0.00203 -1.00000 0.00000 -0.02605 0.00000 -0.00000 -1.00000 -0.00000
1612893318343596 1.00000 -0.00046 0.00000 -0.01524 -0.00046 -1.00000 0.00000 0.01257 -0.00000 -0.00000 -1.00000 0.00000
1612893318593605 1.00000 -0.00091 0.00000 -0.01954 -0.00091 -1.00000 0.00000 0.01921 -0.00000 -0.00000 -1.00000 0.00000
1612893318843614 0.99998 0.00616 0.00000 -0.02847 0.00616 -0.99998 0.00000 0.00652 0.00000 -0.00000 -1.00000 0.00000
1612893319094235 1.00000 -0.00123 0.00000 -0.04733 -0.00123 -1.00000 0.00000 0.03258 -0.00000 -0.00000 -1.00000 0.00000
1612893319343617 1.00000 0.00149 -0.00000 -0.02769 0.00149 -1.00000 0.00000 0.01120 0.00000 -0.00000 -1.00000 0.00000
1612893319592993 1.00000 0.00216 0.00000 0.01388 0.00216 -1.00000 0.00000 -0.03730 0.00000 -0.00000 -1.00000 -0.00000
1612893319842374 1.00000 0.00256 -0.00000 0.01316 0.00256 -1.00000 0.00000 -0.03695 0.00000 -0.00000 -1.00000 -0.00000
1612893320092379 1.00000 0.00251 0.00000 -0.03450 0.00251 -1.00000 0.00000 0.00740 0.00000 -0.00000 -1.00000 0.00000
1612893320342380 1.00000 0.00175 -0.00000 -0.01386 0.00175 -1.00000 0.00000 -0.00233 0.00000 -0.00000 -1.00000 -0.00000
1612893320592385 0.99999 0.00437 -0.00000 -0.02214 0.00437 -0.99999 0.00000 0.00189 0.00000 -0.00000 -1.00000 0.00000
1612893320843018 1.00000 -0.00261 -0.00000 -0.01724 -0.00261 -1.00000 0.00000 0.00123 -0.00000 -0.00000 -1.00000 0.00000
1612893321093014 1.00000 -0.00204 0.00000 -0.00406 -0.00204 -1.00000 0.00000 -0.00843 -0.00000 -0.00000 -1.00000 -0.00000
1612893321343015 1.00000 0.00169 0.00000 0.00082 0.00169 -1.00000 0.00000 -0.01694 0.00000 -0.00000 -1.00000 -0.00000
1612893321593647 1.00000 0.00194 0.00000 -0.11638 0.00194 -1.00000 0.00000 -0.00880 0.00000 -0.00000 -1.00000 -0.00000
1612893321843641 1.00000 0.00102 0.00000 -0.31800 0.00102 -1.00000 0.00000 0.01064 0.00000 -0.00000 -1.00000 0.00000
1612893322093646 0.99999 -0.00409 0.00000 -0.53242 -0.00409 -0.99999 0.00000 -0.02764 -0.00000 -0.00000 -1.00000 -0.00000
1612893322343030 1.00000 -0.00242 -0.00000 -0.84801 -0.00242 -1.00000 0.00000 -0.05979 -0.00000 -0.00000 -1.00000 -0.00000
1612893322591783 1.00000 0.00265 -0.00000 -1.25063 0.00265 -1.00000 0.00000 -0.09498 0.00000 -0.00000 -1.00000 -0.00000
1612893322841782 0.99997 0.00793 0.00000 -1.68473 0.00793 -0.99997 0.00000 0.04475 0.00000 -0.00000 -1.00000 0.00000
1612893323091787 1.00000 0.00124 0.00000 -2.10087 0.00124 -1.00000 0.00000 0.02178 0.00000 -0.00000 -1.00000 0.00000
1612893323341787 0.99998 -0.00604 0.00000 -2.62675 -0.00604 -0.99998 0.00000 -0.00277 -0.00000 -0.00000 -1.00000 -0.00000
1612893323591794 0.99998 -0.00576 -0.00000 -3.24339 -0.00576 -0.99998 0.00000 -0.04089 -0.00000 -0.00000 -1.00000 -0.00000
1612893323842416 0.99998 -0.00666 0.00000 -3.90657 -0.00666 -0.99998 0.00000 0.05577 -0.00000 -0.00000 -1.00000 0.00000
1612893324092426 1.00000 -0.00109 0.00000 -4.54380 -0.00109 -1.00000 0.00000 -0.01959 -0.00000 -0.00000 -1.00000 -0.00000
1612893324343051 0.99999 -0.00328 -0.00000 -5.32655 -0.00328 -0.99999 0.00000 0.01071 -0.00000 -0.00000 -1.00000 0.00000
1612893324593060 0.99995 -0.00985 0.00000 -6.12133 -0.00985 -0.99995 0.00000 -0.05601 -0.00000 -0.00000 -1.00000 -0.00000
1612893324843683 0.99964 -0.02669 0.00000 -6.87105 -0.02669 -0.99964 0.00000 0.13803 -0.00000 -0.00000 -1.00000 0.00000
1612893325093687 0.99958 -0.02883 0.00000 -7.71826 -0.02883 -0.99958 0.00000 0.11017 -0.00000 -0.00000 -1.00000 0.00000
1612893325343691 0.99936 -0.03588 0.00000 -8.50875 -0.03588 -0.99936 0.00000 0.13338 -0.00000 -0.00000 -1.00000 0.00000
1612893325593691 0.99872 -0.05060 0.00000 -9.33256 -0.05060 -0.99872 0.00000 0.33702 -0.00000 -0.00000 -1.00000 0.00000
1612893325843071 0.99842 -0.05625 -0.00000 -10.10267 -0.05625 -0.99842 0.00000 0.29082 -0.00000 -0.00000 -1.00000 0.00000
1612893326092447 0.99846 -0.05548 -0.00000 -10.91589 -0.05548 -0.99846 0.00000 0.34509 -0.00000 -0.00000 -1.00000 0.00000
1612893326341830 0.99844 -0.05583 0.00000 -11.77997 -0.05583 -0.99844 0.00000 0.33856 -0.00000 -0.00000 -1.00000 0.00000
1612893326591204 0.99866 -0.05172 0.00000 -12.61880 -0.05172 -0.99866 0.00000 0.18394 -0.00000 -0.00000 -1.00000 0.00000
1612893326841828 0.99860 -0.05284 0.00000 -13.52293 -0.05284 -0.99860 0.00000 0.27982 -0.00000 -0.00000 -1.00000 0.00000
1612893327091830 0.99891 -0.04668 0.00000 -14.46153 -0.04668 -0.99891 0.00000 0.12745 -0.00000 -0.00000 -1.00000 0.00000
1612893327342467 0.99901 -0.04444 0.00000 -15.40018 -0.04444 -0.99901 0.00000 0.13716 -0.00000 -0.00000 -1.00000 0.00000
1612893327592464 0.99930 -0.03731 0.00000 -16.28725 -0.03731 -0.99930 0.00000 -0.08354 -0.00000 -0.00000 -1.00000 -0.00000
1612893327843095 0.99930 -0.03750 0.00000 -17.20492 -0.03750 -0.99930 0.00000 -0.06716 -0.00000 -0.00000 -1.00000 -0.00000
1612893328093094 0.99965 -0.02656 0.00000 -18.13459 -0.02656 -0.99965 0.00000 -0.21646 -0.00000 -0.00000 -1.00000 -0.00000
1612893328343101 0.99986 -0.01681 0.00000 -19.08603 -0.01681 -0.99986 0.00000 -0.44745 -0.00000 -0.00000 -1.00000 -0.00000
1612893328593102 0.99990 -0.01410 0.00000 -20.08449 -0.01410 -0.99990 0.00000 -0.57952 -0.00000 -0.00000 -1.00000 -0.00000
1612893328843739 0.99988 -0.01530 0.00000 -21.04009 -0.01530 -0.99988 0.00000 -0.46090 -0.00000 -0.00000 -1.00000 -0.00000
1612893329093732 0.99992 -0.01236 -0.00000 -22.06329 -0.01236 -0.99992 0.00000 -0.57775 -0.00000 -0.00000 -1.00000 -0.00000
1612893329343732 0.99993 -0.01221 0.00000 -23.06610 -0.01221 -0.99993 0.00000 -0.60273 -0.00000 -0.00000 -1.00000 -0.00000
1612893329593741 0.99991 -0.01315 0.00000 -24.05131 -0.01315 -0.99991 0.00000 -0.54125 -0.00000 -0.00000 -1.00000 -0.00000
1612893329843120 0.99995 -0.00986 0.00000 -25.02249 -0.00986 -0.99995 0.00000 -0.71566 -0.00000 -0.00000 -1.00000 -0.00000
1612893330092497 0.99999 -0.00513 0.00000 -25.95893 -0.00513 -0.99999 0.00000 -0.92714 -0.00000 -0.00000 -1.00000 -0.00000
1612893330342499 1.00000 -0.00219 0.00000 -26.88820 -0.00219 -1.00000 0.00000 -0.88673 -0.00000 -0.00000 -1.00000 -0.00000
1612893330592500 1.00000 -0.00185 0.00000 -27.80160 -0.00185 -1.00000 0.00000 -0.92383 -0.00000 -0.00000 -1.00000 -0.00000
1612893330843130 0.99999 -0.00527 0.00000 -28.62539 -0.00527 -0.99999 0.00000 -0.89067 -0.00000 -0.00000 -1.00000 -0.00000
1612893331093132 0.99999 0.00519 0.00000 -29.62193 0.00519 -0.99999 0.00000 -1.26983 0.00000 -0.00000 -1.00000 -0.00000
1612893331343756 0.99995 0.00963 -0.00000 -30.40505 0.00963 -0.99995 0.00000 -1.35283 0.00000 -0.00000 -1.00000 -0.00000
1612893331593760 0.99995 0.00991 0.00000 -31.29721 0.00991 -0.99995 0.00000 -1.33939 0.00000 -0.00000 -1.00000 -0.00000
1612893331843764 0.99988 0.01544 0.00000 -32.18337 0.01544 -0.99988 0.00000 -1.51672 0.00000 -0.00000 -1.00000 -0.00000
1612893332093766 0.99986 0.01646 0.00000 -33.15078 0.01646 -0.99986 0.00000 -1.57712 0.00000 -0.00000 -1.00000 -0.00000
1612893332343152 0.99975 0.02232 0.00000 -34.08087 0.02232 -0.99975 0.00000 -1.78221 0.00000 -0.00000 -1.00000 -0.00000
1612893332592575 0.99942 0.03394 0.00000 -35.07730 0.03394 -0.99942 0.00000 -2.16263 0.00000 -0.00000 -1.00000 -0.00000
1612893332842534 0.99922 0.03940 0.00000 -36.20447 0.03940 -0.99922 0.00000 -2.38983 0.00000 -0.00000 -1.00000 -0.00000
1612893333092530 0.99890 0.04683 0.00000 -37.20391 0.04683 -0.99890 0.00000 -2.72077 0.00000 -0.00000 -1.00000 -0.00000
1612893333343166 0.99884 0.04816 0.00000 -38.39755 0.04816 -0.99884 0.00000 -2.69545 0.00000 -0.00000 -1.00000 -0.00000
1612893333593164 0.99870 0.05107 0.00000 -39.48037 0.05107 -0.99870 0.00000 -2.92458 0.00000 -0.00000 -1.00000 -0.00000
1612893333843794 0.99854 0.05406 -0.00000 -40.53976 0.05406 -0.99854 0.00000 -3.10903 0.00000 -0.00000 -1.00000 -0.00000
1612893334093792 0.99878 0.04944 0.00000 -41.69878 0.04944 -0.99878 0.00000 -2.78280 0.00000 -0.00000 -1.00000 -0.00000
1612893334343177 0.99856 0.05364 0.00000 -42.93791 0.05364 -0.99856 0.00000 -3.10493 0.00000 -0.00000 -1.00000 -0.00000
1612893334593175 0.99885 0.04785 0.00000 -44.15431 0.04785 -0.99885 0.00000 -2.83437 0.00000 -0.00000 -1.00000 -0.00000
1612893334842550 0.99869 0.05109 0.00000 -45.38644 0.05109 -0.99869 0.00000 -3.03419 0.00000 -0.00000 -1.00000 -0.00000
1612893335092560 0.99874 0.05022 -0.00000 -46.70956 0.05022 -0.99874 0.00000 -3.06412 0.00000 -0.00000 -1.00000 -0.00000
1612893335343184 0.99903 0.04403 0.00000 -48.09429 0.04403 -0.99903 0.00000 -2.66479 0.00000 -0.00000 -1.00000 -0.00000
1612893335593189 0.99905 0.04354 0.00000 -49.38137 0.04354 -0.99905 0.00000 -2.62598 0.00000 -0.00000 -1.00000 -0.00000
1612893335843194 0.99897 0.04544 0.00000 -50.76668 0.04544 -0.99897 0.00000 -2.72015 0.00000 -0.00000 -1.00000 -0.00000
1612893336093190 0.99882 0.04847 0.00000 -52.10775 0.04847 -0.99882 0.00000 -2.94108 0.00000 -0.00000 -1.00000 -0.00000
1612893336343198 0.99864 0.05206 0.00000 -53.55729 0.05206 -0.99864 0.00000 -3.17588 0.00000 -0.00000 -1.00000 -0.00000
1612893336593826 0.99880 0.04901 -0.00000 -55.07449 0.04901 -0.99880 0.00000 -3.00938 0.00000 -0.00000 -1.00000 -0.00000
1612893336843837 0.99908 0.04294 0.00000 -56.59024 0.04294 -0.99908 0.00000 -2.63438 0.00000 -0.00000 -1.00000 -0.00000
1612893337093211 0.99909 0.04266 0.00000 -58.06248 0.04266 -0.99909 0.00000 -2.75734 0.00000 -0.00000 -1.00000 -0.00000
1612893337343211 0.99918 0.04060 0.00000 -59.60419 0.04060 -0.99918 0.00000 -2.50499 0.00000 -0.00000 -1.00000 -0.00000
1612893337592967 0.99942 0.03403 -0.00000 -61.15021 0.03403 -0.99942 0.00000 -2.16856 0.00000 -0.00000 -1.00000 -0.00000
1612893337842586 0.99941 0.03432 0.00000 -62.74181 0.03432 -0.99941 0.00000 -2.30569 0.00000 -0.00000 -1.00000 -0.00000
1612893338092597 0.99942 0.03415 0.00000 -64.28140 0.03415 -0.99942 0.00000 -2.45304 0.00000 -0.00000 -1.00000 -0.00000
1612893338343224 0.99957 0.02933 0.00000 -65.82242 0.02933 -0.99957 0.00000 -2.08337 0.00000 -0.00000 -1.00000 -0.00000
1612893338593224 0.99955 0.03015 0.00000 -67.32883 0.03015 -0.99955 0.00000 -2.07154 0.00000 -0.00000 -1.00000 -0.00000
1612893338843230 0.99943 0.03366 0.00000 -68.85698 0.03366 -0.99943 0.00000 -2.31788 0.00000 -0.00000 -1.00000 -0.00000
1612893339093853 0.99966 0.02596 0.00000 -70.35160 0.02596 -0.99966 0.00000 -1.79226 0.00000 -0.00000 -1.00000 -0.00000
1612893339343863 0.99960 0.02840 0.00000 -71.87579 0.02840 -0.99960 0.00000 -2.04979 0.00000 -0.00000 -1.00000 -0.00000
1612893339594485 0.99965 0.02627 0.00000 -73.39926 0.02627 -0.99965 0.00000 -1.81832 0.00000 -0.00000 -1.00000 -0.00000
1612893339844491 0.99953 0.03054 0.00000 -74.92990 0.03054 -0.99953 0.00000 -2.18828 0.00000 -0.00000 -1.00000 -0.00000
1612893340093863 0.99936 0.03576 0.00000 -76.46984 0.03576 -0.99936 0.00000 -2.68942 0.00000 -0.00000 -1.00000 -0.00000
1612893340342628 0.99938 0.03534 0.00000 -78.03067 0.03534 -0.99938 0.00000 -2.62855 0.00000 -0.00000 -1.00000 -0.00000
1612893340592042 0.99953 0.03073 0.00000 -79.55858 0.03073 -0.99953 0.00000 -2.16928 0.00000 -0.00000 -1.00000 -0.00000
1612893340841375 0.99941 0.03427 0.00000 -80.98424 0.03427 -0.99941 0.00000 -2.61704 0.00000 -0.00000 -1.00000 -0.00000
1612893341091379 0.99952 0.03092 -0.00000 -82.68025 0.03092 -0.99952 0.00000 -2.17265 0.00000 -0.00000 -1.00000 -0.00000
1612893341342008 0.99964 0.02690 0.00000 -84.21821 0.02690 -0.99964 0.00000 -1.84378 0.00000 -0.00000 -1.00000 -0.00000
1612893341592011 0.99992 0.01298 0.00000 -85.75317 0.01298 -0.99992 0.00000 -0.62324 0.00000 -0.00000 -1.00000 -0.00000
1612893341842016 0.99983 -0.01847 -0.00000 -87.20083 -0.01847 -0.99983 0.00000 2.01914 -0.00000 -0.00000 -1.00000 0.00000
1612893342092017 0.99821 -0.05979 0.00000 -88.55148 -0.05979 -0.99821 0.00000 5.52858 -0.00000 -0.00000 -1.00000 0.00000
1612893342342645 0.99480 -0.10183 0.00000 -89.74091 -0.10183 -0.99480 0.00000 9.40206 -0.00000 -0.00000 -1.00000 0.00000
1612893342592647 0.98916 -0.14686 0.00000 -90.73519 -0.14686 -0.98916 0.00000 13.52881 -0.00000 -0.00000 -1.00000 0.00000
1612893342842657 0.98076 -0.19524 0.00000 -91.41908 -0.19524 -0.98076 0.00000 17.98702 -0.00000 -0.00000 -1.00000 0.00000
1612893343092658 0.96790 -0.25134 0.00000 -91.75651 -0.25134 -0.96790 0.00000 23.10219 -0.00000 -0.00000 -1.00000 0.00000
1612893343342659 0.95324 -0.30221 0.00000 -91.89508 -0.30221 -0.95324 0.00000 27.85421 -0.00000 -0.00000 -1.00000 0.00000
1612893343592663 0.93747 -0.34808 0.00000 -91.94462 -0.34808 -0.93747 0.00000 32.29118 -0.00000 -0.00000 -1.00000 0.00000
1612893343843288 0.91350 -0.40685 0.00000 -91.24660 -0.40685 -0.91350 0.00000 38.01584 -0.00000 -0.00000 -1.00000 0.00000
1612893344092673 0.89368 -0.44871 0.00000 -90.95947 -0.44871 -0.89368 0.00000 42.18662 -0.00000 -0.00000 -1.00000 0.00000
1612893344342669 0.86993 -0.49317 -0.00000 -90.24156 -0.49317 -0.86993 0.00000 46.78305 -0.00000 -0.00000 -1.00000 0.00000
1612893344593296 0.83292 -0.55339 0.00000 -88.27543 -0.55339 -0.83292 0.00000 53.08941 -0.00000 -0.00000 -1.00000 0.00000
1612893344843312 0.79828 -0.60229 -0.00000 -86.58062 -0.60229 -0.79828 0.00000 58.19587 -0.00000 -0.00000 -1.00000 0.00000
1612893345093928 0.75860 -0.65155 0.00000 -84.37054 -0.65155 -0.75860 0.00000 63.50295 -0.00000 -0.00000 -1.00000 0.00000
1612893345343939 0.71611 -0.69799 0.00000 -81.81405 -0.69799 -0.71611 0.00000 68.86948 -0.00000 -0.00000 -1.00000 0.00000
1612893345593936 0.66614 -0.74582 0.00000 -78.49325 -0.74582 -0.66614 0.00000 74.31155 -0.00000 -0.00000 -1.00000 0.00000
1612893345842689 0.61319 -0.78993 0.00000 -74.87678 -0.78993 -0.61319 0.00000 79.49381 -0.00000 -0.00000 -1.00000 0.00000
1612893346091439 0.55965 -0.82873 0.00000 -71.18511 -0.82873 -0.55965 0.00000 84.10875 -0.00000 -0.00000 -1.00000 0.00000
1612893346341444 0.50829 -0.86118 0.00000 -67.63331 -0.86118 -0.50829 0.00000 88.31098 -0.00000 -0.00000 -1.00000 0.00000
1612893346590823 0.47051 -0.88240 0.00000 -65.42581 -0.88240 -0.47051 0.00000 91.16554 -0.00000 -0.00000 -1.00000 0.00000
1612893346840823 0.43986 -0.89807 -0.00000 -64.05119 -0.89807 -0.43986 0.00000 93.42456 -0.00000 -0.00000 -1.00000 0.00000
1612893347090832 0.41907 -0.90795 0.00000 -63.70847 -0.90795 -0.41907 0.00000 94.60125 -0.00000 -0.00000 -1.00000 0.00000
1612893347340833 0.41260 -0.91091 0.00000 -64.93719 -0.91091 -0.41260 0.00000 94.98706 -0.00000 -0.00000 -1.00000 0.00000
1612893347591459 0.40696 -0.91345 -0.00000 -66.26651 -0.91345 -0.40696 0.00000 95.48530 -0.00000 -0.00000 -1.00000 0.00000
1612893347841468 0.41139 -0.91146 0.00000 -68.63829 -0.91146 -0.41139 0.00000 95.05586 -0.00000 -0.00000 -1.00000 0.00000
1612893348091464 0.41449 -0.91005 0.00000 -70.87027 -0.91005 -0.41449 0.00000 94.74156 -0.00000 -0.00000 -1.00000 0.00000
1612893348342097 0.41407 -0.91024 0.00000 -72.74912 -0.91024 -0.41407 0.00000 94.93536 -0.00000 -0.00000 -1.00000 0.00000
1612893348592103 0.42217 -0.90651 0.00000 -75.52286 -0.90651 -0.42217 0.00000 94.13918 -0.00000 -0.00000 -1.00000 0.00000
1612893348842731 0.42200 -0.90660 0.00000 -77.44232 -0.90660 -0.42200 0.00000 94.27640 -0.00000 -0.00000 -1.00000 0.00000
1612893349092729 0.43066 -0.90251 0.00000 -80.22905 -0.90251 -0.43066 0.00000 93.52458 -0.00000 -0.00000 -1.00000 0.00000
1612893349342735 0.43945 -0.89827 0.00000 -83.00207 -0.89827 -0.43945 0.00000 92.71803 -0.00000 -0.00000 -1.00000 0.00000
1612893349592734 0.44613 -0.89497 0.00000 -85.59539 -0.89497 -0.44613 0.00000 92.06623 -0.00000 -0.00000 -1.00000 0.00000
1612893349842753 0.45366 -0.89117 0.00000 -88.22598 -0.89117 -0.45366 0.00000 91.12611 -0.00000 -0.00000 -1.00000 0.00000
1612893350093370 0.45579 -0.89009 0.00000 -90.26005 -0.89009 -0.45579 0.00000 90.87096 -0.00000 -0.00000 -1.00000 0.00000
1612893350343369 0.46479 -0.88542 0.00000 -92.95011 -0.88542 -0.46479 0.00000 89.92413 -0.00000 -0.00000 -1.00000 0.00000
1612893350593379 0.47270 -0.88122 0.00000 -95.60394 -0.88122 -0.47270 0.00000 89.01782 -0.00000 -0.00000 -1.00000 0.00000
1612893350844006 0.48193 -0.87621 0.00000 -98.22494 -0.87621 -0.48193 0.00000 88.06557 -0.00000 -0.00000 -1.00000 0.00000
1612893351094002 0.50132 -0.86526 0.00000 -102.00539 -0.86526 -0.50132 0.00000 85.80498 -0.00000 -0.00000 -1.00000 0.00000
1612893351344639 0.51706 -0.85595 0.00000 -105.32910 -0.85595 -0.51706 0.00000 83.95672 -0.00000 -0.00000 -1.00000 0.00000
1612893351594639 0.53635 -0.84400 0.00000 -108.91940 -0.84400 -0.53635 0.00000 81.52338 -0.00000 -0.00000 -1.00000 0.00000
1612893351844026 0.55788 -0.82992 -0.00000 -112.63213 -0.82992 -0.55788 0.00000 78.58471 -0.00000 -0.00000 -1.00000 0.00000
1612893352092762 0.57896 -0.81536 0.00000 -116.37173 -0.81536 -0.57896 0.00000 75.67511 -0.00000 -0.00000 -1.00000 0.00000
1612893352342142 0.59628 -0.80277 -0.00000 -119.64561 -0.80277 -0.59628 0.00000 73.17985 -0.00000 -0.00000 -1.00000 0.00000
1612893352590902 0.61871 -0.78562 0.00000 -123.42701 -0.78562 -0.61871 0.00000 69.70359 -0.00000 -0.00000 -1.00000 0.00000
1612893352841535 0.63140 -0.77546 0.00000 -126.46866 -0.77546 -0.63140 0.00000 67.69547 -0.00000 -0.00000 -1.00000 0.00000
1612893353091535 0.64863 -0.76111 -0.00000 -129.63886 -0.76111 -0.64863 0.00000 64.85938 -0.00000 -0.00000 -1.00000 0.00000
1612893353341531 0.67409 -0.73865 -0.00000 -133.55738 -0.73865 -0.67409 0.00000 60.37781 -0.00000 -0.00000 -1.00000 0.00000
1612893353591533 0.68906 -0.72471 0.00000 -136.55974 -0.72471 -0.68906 0.00000 57.58917 -0.00000 -0.00000 -1.00000 0.00000
1612893353841542 0.70432 -0.70988 0.00000 -139.44062 -0.70988 -0.70432 0.00000 54.53042 -0.00000 -0.00000 -1.00000 0.00000
1612893354091540 0.71221 -0.70196 0.00000 -141.83506 -0.70196 -0.71221 0.00000 53.00376 -0.00000 -0.00000 -1.00000 0.00000
1612893354342171 0.72455 -0.68923 0.00000 -144.36947 -0.68923 -0.72455 0.00000 50.47814 -0.00000 -0.00000 -1.00000 0.00000
1612893354592792 0.73041 -0.68301 0.00000 -146.47646 -0.68301 -0.73041 0.00000 49.28399 -0.00000 -0.00000 -1.00000 0.00000
1612893354842803 0.74690 -0.66493 0.00000 -149.22795 -0.66493 -0.74690 0.00000 45.75292 -0.00000 -0.00000 -1.00000 0.00000
1612893355092808 0.75648 -0.65401 -0.00000 -151.52735 -0.65401 -0.75648 0.00000 43.31286 -0.00000 -0.00000 -1.00000 0.00000
1612893355343432 0.77350 -0.63379 0.00000 -154.01026 -0.63379 -0.77350 0.00000 39.43278 -0.00000 -0.00000 -1.00000 0.00000
1612893355593432 0.79648 -0.60467 0.00000 -156.82209 -0.60467 -0.79648 0.00000 33.59715 -0.00000 -0.00000 -1.00000 0.00000
1612893355844058 0.82668 -0.56267 0.00000 -159.61787 -0.56267 -0.82668 0.00000 25.43722 -0.00000 -0.00000 -1.00000 0.00000
1612893356094063 0.86365 -0.50410 0.00000 -162.22799 -0.50410 -0.86365 0.00000 14.33073 -0.00000 -0.00000 -1.00000 0.00000
1612893356344069 0.89944 -0.43705 0.00000 -163.93319 -0.43705 -0.89944 0.00000 2.00461 -0.00000 -0.00000 -1.00000 0.00000
1612893356593492 0.93963 -0.34220 -0.00000 -164.33361 -0.34220 -0.93963 0.00000 -14.94080 -0.00000 -0.00000 -1.00000 -0.00000
1612893356842825 0.97385 -0.22720 0.00000 -162.39186 -0.22720 -0.97385 0.00000 -34.44494 -0.00000 -0.00000 -1.00000 -0.00000
1612893357092825 0.99473 -0.10250 -0.00000 -157.65414 -0.10250 -0.99473 0.00000 -54.68168 -0.00000 -0.00000 -1.00000 -0.00000
1612893357342827 0.99919 0.04033 0.00000 -149.13286 0.04033 -0.99919 0.00000 -76.54756 0.00000 -0.00000 -1.00000 -0.00000
1612893357593460 0.98238 0.18688 0.00000 -137.18681 0.18688 -0.98238 0.00000 -97.66041 0.00000 -0.00000 -1.00000 -0.00000
1612893357843461 0.94131 0.33756 0.00000 -121.13691 0.33756 -0.94131 0.00000 -117.77165 0.00000 -0.00000 -1.00000 -0.00000
1612893358093468 0.86997 0.49311 -0.00000 -100.13349 0.49311 -0.86997 0.00000 -136.67843 0.00000 -0.00000 -1.00000 -0.00000
1612893358344088 0.77404 0.63314 0.00000 -76.34182 0.63314 -0.77404 0.00000 -151.58644 0.00000 -0.00000 -1.00000 -0.00000
1612893358594098 0.64590 0.76342 0.00000 -48.33596 0.76342 -0.64590 0.00000 -162.79299 0.00000 -0.00000 -1.00000 -0.00000
1612893358844101 0.50787 0.86144 0.00000 -21.02407 0.86144 -0.50787 0.00000 -168.55940 0.00000 -0.00000 -1.00000 -0.00000
1612893359093477 0.33991 0.94046 0.00000 9.81435 0.94046 -0.33991 0.00000 -169.54145 0.00000 -0.00000 -1.00000 -0.00000
1612893359343477 0.16621 0.98609 -0.00000 39.12001 0.98609 -0.16621 0.00000 -164.95898 0.00000 -0.00000 -1.00000 -0.00000
1612893359593478 -0.02231 0.99975 0.00000 68.67587 0.99975 0.02231 0.00000 -154.62627 0.00000 0.00000 -1.00000 -0.00000
1612893359843481 -0.20677 0.97839 0.00000 95.19815 0.97839 0.20677 0.00000 -139.27053 0.00000 0.00000 -1.00000 -0.00000
1612893360094116 -0.38515 0.92285 -0.00000 118.48918 0.92285 0.38515 0.00000 -119.11375 0.00000 0.00000 -1.00000 -0.00000
1612893360344741 -0.54880 0.83595 0.00000 137.53376 0.83595 0.54880 0.00000 -95.09437 0.00000 0.00000 -1.00000 -0.00000
1612893360594746 -0.67893 0.73420 -0.00000 150.25987 0.73420 0.67893 0.00000 -71.05076 0.00000 0.00000 -1.00000 -0.00000
1612893360844131 -0.76615 0.64266 0.00000 156.86651 0.64266 0.76615 0.00000 -51.56160 0.00000 0.00000 -1.00000 -0.00000
1612893361093508 -0.83239 0.55419 0.00000 160.43167 0.55419 0.83239 0.00000 -33.94808 0.00000 0.00000 -1.00000 -0.00000
1612893361342888 -0.87496 0.48419 0.00000 161.50197 0.48419 0.87496 0.00000 -20.69917 0.00000 0.00000 -1.00000 -0.00000
1612893361592885 -0.90037 0.43512 0.00000 161.14635 0.43512 0.90037 0.00000 -11.66825 0.00000 0.00000 -1.00000 -0.00000
1612893361842889 -0.91793 0.39675 0.00000 160.23381 0.39675 0.91793 0.00000 -4.82150 0.00000 0.00000 -1.00000 -0.00000
1612893362092885 -0.92259 0.38578 0.00000 158.89181 0.38578 0.92259 0.00000 -2.98624 0.00000 0.00000 -1.00000 -0.00000
1612893362342283 -0.92827 0.37190 0.00000 157.54299 0.37190 0.92827 0.00000 -0.64699 0.00000 0.00000 -1.00000 -0.00000
1612893362592896 -0.92724 0.37446 0.00000 156.03107 0.37446 0.92724 0.00000 -1.04220 0.00000 0.00000 -1.00000 -0.00000
1612893362843529 -0.92362 0.38331 -0.00000 154.56214 0.38331 0.92362 0.00000 -2.58351 0.00000 0.00000 -1.00000 -0.00000
1612893363093533 -0.91961 0.39282 0.00000 152.95185 0.39282 0.91961 0.00000 -4.11343 0.00000 0.00000 -1.00000 -0.00000
1612893363343527 -0.91004 0.41453 0.00000 151.13046 0.41453 0.91004 0.00000 -7.84304 0.00000 0.00000 -1.00000 -0.00000
1612893363594155 -0.89763 0.44075 0.00000 149.25062 0.44075 0.89763 0.00000 -12.12168 0.00000 0.00000 -1.00000 -0.00000
1612893363843543 -0.88340 0.46861 0.00000 147.09703 0.46861 0.88340 0.00000 -16.93754 0.00000 0.00000 -1.00000 -0.00000
1612893364093535 -0.86595 0.50013 0.00000 144.63697 0.50013 0.86595 0.00000 -22.21796 0.00000 0.00000 -1.00000 -0.00000
1612893364343537 -0.83936 0.54358 0.00000 141.66511 0.54358 0.83936 0.00000 -29.53339 0.00000 0.00000 -1.00000 -0.00000
1612893364593544 -0.80984 0.58665 0.00000 138.12880 0.58665 0.80984 0.00000 -36.98593 0.00000 0.00000 -1.00000 -0.00000
1612893364843552 -0.77842 0.62774 0.00000 134.23988 0.62774 0.77842 0.00000 -44.06461 0.00000 0.00000 -1.00000 -0.00000
1612893365093555 -0.74639 0.66551 0.00000 130.06483 0.66551 0.74639 0.00000 -50.71998 0.00000 0.00000 -1.00000 -0.00000
1612893365343560 -0.70967 0.70454 0.00000 125.23467 0.70454 0.70967 0.00000 -57.58268 0.00000 0.00000 -1.00000 -0.00000
1612893365594175 -0.67167 0.74085 -0.00000 120.22962 0.74085 0.67167 0.00000 -64.13896 0.00000 0.00000 -1.00000 -0.00000
1612893365844183 -0.63451 0.77292 0.00000 115.00133 0.77292 0.63451 0.00000 -70.04439 0.00000 0.00000 -1.00000 -0.00000
1612893366094813 -0.59062 0.80695 -0.00000 108.94653 0.80695 0.59062 0.00000 -76.36761 0.00000 0.00000 -1.00000 -0.00000
1612893366344187 -0.54990 0.83523 0.00000 103.22121 0.83523 0.54990 0.00000 -81.70405 0.00000 0.00000 -1.00000 -0.00000
1612893366593570 -0.51228 0.85882 -0.00000 97.53674 0.85882 0.51228 0.00000 -86.14106 0.00000 0.00000 -1.00000 -0.00000
1612893366842941 -0.48434 0.87488 -0.00000 92.71336 0.87488 0.48434 0.00000 -89.29826 0.00000 0.00000 -1.00000 -0.00000
1612893367092329 -0.46253 0.88660 0.00000 88.47720 0.88660 0.46253 0.00000 -91.56203 0.00000 0.00000 -1.00000 -0.00000
1612893367342329 -0.44041 0.89780 0.00000 84.25283 0.89780 0.44041 0.00000 -93.87514 0.00000 0.00000 -1.00000 -0.00000
1612893367592956 -0.41536 0.90966 -0.00000 79.61064 0.90966 0.41536 0.00000 -96.15844 0.00000 0.00000 -1.00000 -0.00000
1612893367842962 -0.40841 0.91280 0.00000 76.90199 0.91280 0.40841 0.00000 -96.82076 0.00000 0.00000 -1.00000 -0.00000
1612893368093581 -0.39679 0.91791 0.00000 73.53354 0.91791 0.39679 0.00000 -97.68212 0.00000 0.00000 -1.00000 -0.00000
1612893368343592 -0.38923 0.92114 0.00000 70.70522 0.92114 0.38923 0.00000 -98.15016 0.00000 0.00000 -1.00000 -0.00000
1612893368593594 -0.38931 0.92111 0.00000 68.70567 0.92111 0.38931 0.00000 -98.31069 0.00000 0.00000 -1.00000 -0.00000
1612893368844235 -0.38853 0.92144 -0.00000 66.62500 0.92144 0.38853 0.00000 -98.44175 0.00000 0.00000 -1.00000 -0.00000
1612893369094223 -0.39936 0.91679 0.00000 65.80711 0.91679 0.39936 0.00000 -97.62845 0.00000 0.00000 -1.00000 -0.00000
1612893369344227 -0.41737 0.90874 -0.00000 65.79867 0.90874 0.41737 0.00000 -96.49277 0.00000 0.00000 -1.00000 -0.00000
1612893369594229 -0.43520 0.90033 0.00000 65.72258 0.90033 0.43520 0.00000 -95.23626 0.00000 0.00000 -1.00000 -0.00000
1612893369843615 -0.46640 0.88458 -0.00000 67.06450 0.88458 0.46640 0.00000 -92.94470 0.00000 0.00000 -1.00000 -0.00000
1612893370092984 -0.50259 0.86453 0.00000 68.92307 0.86453 0.50259 0.00000 -90.18020 0.00000 0.00000 -1.00000 -0.00000
1612893370342987 -0.53583 0.84432 0.00000 70.45285 0.84432 0.53583 0.00000 -87.48162 0.00000 0.00000 -1.00000 -0.00000
1612893370592988 -0.57698 0.81676 -0.00000 72.86886 0.81676 0.57698 0.00000 -83.89414 0.00000 0.00000 -1.00000 -0.00000
1612893370842999 -0.62303 0.78220 0.00000 75.65585 0.78220 0.62303 0.00000 -79.79890 0.00000 0.00000 -1.00000 -0.00000
1612893371093624 -0.66860 0.74362 0.00000 78.51153 0.74362 0.66860 0.00000 -75.10455 0.00000 0.00000 -1.00000 -0.00000
1612893371343624 -0.71703 0.69704 0.00000 81.47780 0.69704 0.71703 0.00000 -69.80341 0.00000 0.00000 -1.00000 -0.00000
1612893371594254 -0.76099 0.64877 0.00000 84.12022 0.64877 0.76099 0.00000 -64.38245 0.00000 0.00000 -1.00000 -0.00000
1612893371844259 -0.80304 0.59593 0.00000 86.37703 0.59593 0.80304 0.00000 -58.59928 0.00000 0.00000 -1.00000 -0.00000
1612893372094261 -0.84027 0.54217 0.00000 88.22104 0.54217 0.84027 0.00000 -52.82997 0.00000 0.00000 -1.00000 -0.00000
1612893372343635 -0.87015 0.49278 0.00000 89.21160 0.49278 0.87015 0.00000 -47.63901 0.00000 0.00000 -1.00000 -0.00000
1612893372593030 -0.90239 0.43091 0.00000 90.63503 0.43091 0.90239 0.00000 -41.49097 0.00000 0.00000 -1.00000 -0.00000
1612893372843022 -0.92688 0.37535 0.00000 91.07187 0.37535 0.92688 0.00000 -35.86066 0.00000 0.00000 -1.00000 -0.00000
1612893373093027 -0.94976 0.31297 0.00000 91.45942 0.31297 0.94976 0.00000 -29.88662 0.00000 0.00000 -1.00000 -0.00000
1612893373343653 -0.96813 0.25044 0.00000 91.28881 0.25044 0.96813 0.00000 -23.92063 0.00000 0.00000 -1.00000 -0.00000
1612893373593655 -0.98100 0.19398 -0.00000 90.70358 0.19398 0.98100 0.00000 -18.63075 0.00000 0.00000 -1.00000 -0.00000
1612893373843657 -0.99037 0.13841 0.00000 89.77732 0.13841 0.99037 0.00000 -13.47522 0.00000 0.00000 -1.00000 -0.00000
1612893374094283 -0.99574 0.09217 0.00000 88.26048 0.09217 0.99574 0.00000 -9.21540 0.00000 0.00000 -1.00000 -0.00000
1612893374344909 -0.99881 0.04867 0.00000 86.77836 0.04867 0.99881 0.00000 -5.41859 0.00000 0.00000 -1.00000 -0.00000
1612893374594914 -0.99970 0.02434 0.00000 85.00274 0.02434 0.99970 0.00000 -3.27437 0.00000 0.00000 -1.00000 -0.00000
1612893374844916 -1.00000 0.00119 0.00000 83.12884 0.00119 1.00000 0.00000 -1.31145 0.00000 0.00000 -1.00000 -0.00000
1612893375093676 -0.99995 -0.00957 0.00000 81.20953 -0.00957 0.99995 0.00000 -0.43721 -0.00000 0.00000 -1.00000 -0.00000
1612893375342427 -0.99973 -0.02314 0.00000 79.40404 -0.02314 0.99973 0.00000 0.57633 -0.00000 0.00000 -1.00000 0.00000
1612893375592430 -0.99981 -0.01953 0.00000 77.48468 -0.01953 0.99981 0.00000 0.30453 -0.00000 0.00000 -1.00000 0.00000
1612893375842432 -0.99980 -0.02003 0.00000 75.63034 -0.02003 0.99980 0.00000 0.30821 -0.00000 0.00000 -1.00000 0.00000
1612893376092437 -0.99982 -0.01916 -0.00000 73.78769 -0.01916 0.99982 0.00000 0.25177 -0.00000 0.00000 -1.00000 0.00000
1612893376342436 -0.99967 -0.02565 0.00000 71.88843 -0.02565 0.99967 0.00000 0.67538 -0.00000 0.00000 -1.00000 0.00000
1612893376592434 -0.99949 -0.03196 0.00000 70.01394 -0.03196 0.99949 0.00000 1.09227 -0.00000 0.00000 -1.00000 0.00000
1612893376842461 -0.99939 -0.03505 -0.00000 68.14827 -0.03505 0.99939 0.00000 1.35194 -0.00000 0.00000 -1.00000 0.00000
1612893377092446 -0.99961 -0.02776 -0.00000 66.28810 -0.02776 0.99961 0.00000 0.85355 -0.00000 0.00000 -1.00000 0.00000
1612893377343077 -0.99953 -0.03082 0.00000 64.36829 -0.03082 0.99953 0.00000 0.98947 -0.00000 0.00000 -1.00000 0.00000
1612893377593074 -0.99945 -0.03328 -0.00000 62.41780 -0.03328 0.99945 0.00000 1.02222 -0.00000 0.00000 -1.00000 0.00000
1612893377843703 -0.99965 -0.02634 0.00000 60.49889 -0.02634 0.99965 0.00000 0.56612 -0.00000 0.00000 -1.00000 0.00000
1612893378093708 -0.99964 -0.02682 0.00000 58.56471 -0.02682 0.99964 0.00000 0.42354 -0.00000 0.00000 -1.00000 0.00000
1612893378344337 -0.99973 -0.02317 0.00000 56.62393 -0.02317 0.99973 0.00000 0.30080 -0.00000 0.00000 -1.00000 0.00000
1612893378594347 -0.99967 -0.02586 0.00000 54.68736 -0.02586 0.99967 0.00000 0.50109 -0.00000 0.00000 -1.00000 0.00000
1612893378844345 -0.99933 -0.03648 0.00000 52.76127 -0.03648 0.99933 0.00000 0.98771 -0.00000 0.00000 -1.00000 0.00000
1612893379094350 -0.99921 -0.03972 0.00000 50.80138 -0.03972 0.99921 0.00000 1.18031 -0.00000 0.00000 -1.00000 0.00000
1612893379344356 -0.99940 -0.03451 -0.00000 48.91952 -0.03451 0.99940 0.00000 0.90865 -0.00000 0.00000 -1.00000 0.00000
1612893379594353 -0.99978 -0.02094 0.00000 46.93841 -0.02094 0.99978 0.00000 0.12377 -0.00000 0.00000 -1.00000 0.00000
1612893379843734 -0.99996 -0.00848 0.00000 45.02787 -0.00848 0.99996 0.00000 -0.43702 -0.00000 0.00000 -1.00000 -0.00000
1612893380092488 -0.99999 -0.00384 0.00000 43.06326 -0.00384 0.99999 0.00000 -0.64495 -0.00000 0.00000 -1.00000 -0.00000
1612893380341866 -1.00000 -0.00291 -0.00000 41.09188 -0.00291 1.00000 0.00000 -0.73899 -0.00000 0.00000 -1.00000 -0.00000
1612893380591903 -0.99998 -0.00631 0.00000 39.11058 -0.00631 0.99998 0.00000 -0.71393 -0.00000 0.00000 -1.00000 -0.00000
1612893380842494 -1.00000 0.00010 0.00000 37.04730 0.00010 1.00000 0.00000 -0.94726 0.00000 0.00000 -1.00000 -0.00000
1612893381092492 -0.99999 0.00426 -0.00000 35.03106 0.00426 0.99999 0.00000 -1.02474 0.00000 0.00000 -1.00000 -0.00000
1612893381342500 -0.99999 0.00490 0.00000 33.00060 0.00490 0.99999 0.00000 -1.20559 0.00000 0.00000 -1.00000 -0.00000
1612893381593756 -0.99997 0.00748 -0.00000 30.86176 0.00748 0.99997 0.00000 -1.23300 0.00000 0.00000 -1.00000 -0.00000
1612893381843132 -0.99989 0.01489 0.00000 28.81511 0.01489 0.99989 0.00000 -1.50204 0.00000 0.00000 -1.00000 -0.00000
1612893382093756 -0.99987 0.01631 -0.00000 26.71722 0.01631 0.99987 0.00000 -1.60642 0.00000 0.00000 -1.00000 -0.00000
1612893382343760 -0.99991 0.01355 0.00000 24.57874 0.01355 0.99991 0.00000 -1.59461 0.00000 0.00000 -1.00000 -0.00000
1612893382593763 -0.99992 0.01251 0.00000 22.45994 0.01251 0.99992 0.00000 -1.59535 0.00000 0.00000 -1.00000 -0.00000
1612893382844398 -0.99987 0.01632 0.00000 20.40307 0.01632 0.99987 0.00000 -1.77237 0.00000 0.00000 -1.00000 -0.00000
1612893383094400 -0.99988 0.01548 0.00000 18.25817 0.01548 0.99988 0.00000 -1.73372 0.00000 0.00000 -1.00000 -0.00000
1612893383344402 -0.99981 0.01924 0.00000 16.23840 0.01924 0.99981 0.00000 -1.90453 0.00000 0.00000 -1.00000 -0.00000
1612893383593781 -0.99964 0.02673 0.00000 14.14834 0.02673 0.99964 0.00000 -2.02614 0.00000 0.00000 -1.00000 -0.00000
1612893383843152 -0.99957 0.02925 0.00000 12.11944 0.02925 0.99957 0.00000 -2.04542 0.00000 0.00000 -1.00000 -0.00000
1612893384092535 -0.99954 0.03041 0.00000 10.12703 0.03041 0.99954 0.00000 -2.11144 0.00000 0.00000 -1.00000 -0.00000
1612893384342536 -0.99963 0.02728 0.00000 8.13460 0.02728 0.99963 0.00000 -1.99334 0.00000 0.00000 -1.00000 -0.00000
1612893384593168 -0.99925 0.03868 -0.00000 6.05326 0.03868 0.99925 0.00000 -2.24063 0.00000 0.00000 -1.00000 -0.00000
1612893384843177 -0.99869 0.05125 0.00000 4.02959 0.05125 0.99869 0.00000 -2.25291 0.00000 0.00000 -1.00000 -0.00000
1612893385093167 -0.99913 0.04162 0.00000 2.05633 0.04162 0.99913 0.00000 -2.23282 0.00000 0.00000 -1.00000 -0.00000
1612893385343177 -0.99902 0.04436 -0.00000 -0.03503 0.04436 0.99902 0.00000 -2.38631 0.00000 0.00000 -1.00000 -0.00000
1612893385593801 -0.99840 0.05658 0.00000 -2.07586 0.05658 0.99840 0.00000 -2.29453 0.00000 0.00000 -1.00000 -0.00000
1612893385843810 -0.99840 0.05651 0.00000 -4.09111 0.05651 0.99840 0.00000 -2.33130 0.00000 0.00000 -1.00000 -0.00000
1612893386093810 -0.99843 0.05602 0.00000 -6.17194 0.05602 0.99843 0.00000 -2.50243 0.00000 0.00000 -1.00000 -0.00000
1612893386343812 -0.99827 0.05884 0.00000 -8.25829 0.05884 0.99827 0.00000 -2.48114 0.00000 0.00000 -1.00000 -0.00000
1612893386594443 -0.99811 0.06144 -0.00000 -10.26166 0.06144 0.99811 0.00000 -2.39021 0.00000 0.00000 -1.00000 -0.00000
1612893386844448 -0.99815 0.06083 0.00000 -12.44980 0.06083 0.99815 0.00000 -2.35412 0.00000 0.00000 -1.00000 -0.00000
1612893387094446 -0.99814 0.06101 -0.00000 -14.50368 0.06101 0.99814 0.00000 -2.29524 0.00000 0.00000 -1.00000 -0.00000
1612893387343820 -0.99869 0.05123 0.00000 -16.60932 0.05123 0.99869 0.00000 -2.55522 0.00000 0.00000 -1.00000 -0.00000
1612893387592573 -0.99879 0.04928 0.00000 -18.73814 0.04928 0.99879 0.00000 -2.62455 0.00000 0.00000 -1.00000 -0.00000
1612893387841958 -0.99889 0.04712 0.00000 -20.84035 0.04712 0.99889 0.00000 -2.60847 0.00000 0.00000 -1.00000 -0.00000
1612893388091332 -0.99919 0.04017 0.00000 -23.02294 0.04017 0.99919 0.00000 -2.87080 0.00000 0.00000 -1.00000 -0.00000
1612893388341331 -0.99927 0.03830 0.00000 -25.22813 0.03830 0.99927 0.00000 -2.91931 0.00000 0.00000 -1.00000 -0.00000
1612893388592005 -0.99963 0.02732 -0.00000 -27.40114 0.02732 0.99963 0.00000 -3.32105 0.00000 0.00000 -1.00000 -0.00000
1612893388841969 -0.99958 0.02913 0.00000 -29.59308 0.02913 0.99958 0.00000 -3.18272 0.00000 0.00000 -1.00000 -0.00000
1612893389091974 -0.99974 0.02291 0.00000 -31.79586 0.02291 0.99974 0.00000 -3.37628 0.00000 0.00000 -1.00000 -0.00000
1612893389342602 -0.99993 0.01158 0.00000 -33.94416 0.01158 0.99993 0.00000 -3.76675 0.00000 0.00000 -1.00000 -0.00000
1612893389592602 -0.99999 0.00411 -0.00000 -36.11500 0.00411 0.99999 0.00000 -4.02352 0.00000 0.00000 -1.00000 -0.00000
1612893389843230 -1.00000 0.00201 0.00000 -38.24983 0.00201 1.00000 0.00000 -4.11072 0.00000 0.00000 -1.00000 -0.00000
1612893390093231 -0.99998 -0.00662 0.00000 -40.35062 -0.00662 0.99998 0.00000 -4.43973 -0.00000 0.00000 -1.00000 -0.00000
1612893390343234 -0.99984 -0.01769 0.00000 -42.40884 -0.01769 0.99984 0.00000 -4.97308 -0.00000 0.00000 -1.00000 -0.00000
1612893390593235 -0.99971 -0.02400 0.00000 -44.48739 -0.02400 0.99971 0.00000 -5.27454 -0.00000 0.00000 -1.00000 -0.00000
1612893390843240 -0.99942 -0.03414 0.00000 -46.41086 -0.03414 0.99942 0.00000 -5.87107 -0.00000 0.00000 -1.00000 -0.00000
1612893391093866 -0.99944 -0.03346 0.00000 -48.40303 -0.03346 0.99944 0.00000 -5.78251 -0.00000 0.00000 -1.00000 -0.00000
