1635266116161014 1.00000 0.00000 0.00000 -0.00000 0.00000 -1.00000 0.00000 0.00000 0.00000 -0.00000 -1.00000 0.00000
1635266116410140 1.00000 -0.00042 0.00000 0.00734 -0.00042 -1.00000 0.00000 0.00159 -0.00000 -0.00000 -1.00000 0.00000
1635266116658982 1.00000 -0.00049 0.00000 0.01037 -0.00049 -1.00000 0.00000 0.00351 -0.00000 -0.00000 -1.00000 0.00000
1635266116907772 1.00000 -0.00027 0.00000 0.01092 -0.00027 -1.00000 0.00000 0.00160 -0.00000 -0.00000 -1.00000 0.00000
1635266117156730 1.00000 -0.00017 0.00000 0.00274 -0.00017 -1.00000 0.00000 0.00577 -0.00000 -0.00000 -1.00000 0.00000
1635266117405677 1.00000 -0.00017 0.00000 0.00465 -0.00017 -1.00000 0.00000 0.00542 -0.00000 -0.00000 -1.00000 0.00000
1635266117654442 1.00000 -0.00002 0.00000 0.00658 -0.00002 -1.00000 0.00000 0.00308 -0.00000 -0.00000 -1.00000 0.00000
1635266117903429 1.00000 0.00014 -0.00000 -0.00005 0.00014 -1.00000 0.00000 0.00326 0.00000 -0.00000 -1.00000 0.00000
1635266118152076 1.00000 -0.00005 -0.00000 -0.00122 -0.00005 -1.00000 0.00000 0.00472 -0.00000 -0.00000 -1.00000 0.00000
1635266118401098 1.00000 -0.00056 0.00000 0.00816 -0.00056 -1.00000 0.00000 -0.00192 -0.00000 -0.00000 -1.00000 -0.00000
1635266118649900 1.00000 -0.00030 0.00000 0.00769 -0.00030 -1.00000 0.00000 0.00283 -0.00000 -0.00000 -1.00000 0.00000
1635266118898739 1.00000 -0.00044 0.00000 0.00660 -0.00044 -1.00000 0.00000 0.00400 -0.00000 -0.00000 -1.00000 0.00000
1635266119147274 1.00000 -0.00011 0.00000 0.01126 -0.00011 -1.00000 0.00000 -0.00087 -0.00000 -0.00000 -1.00000 -0.00000
1635266119396495 1.00000 -0.00025 0.00000 0.00107 -0.00025 -1.00000 0.00000 0.00491 -0.00000 -0.00000 -1.00000 0.00000
1635266119645478 1.00000 -0.00053 0.00000 0.00470 -0.00053 -1.00000 0.00000 0.00082 -0.00000 -0.00000 -1.00000 0.00000
1635266119894298 1.00000 -0.00014 0.00000 0.00577 -0.00014 -1.00000 0.00000 0.00374 -0.00000 -0.00000 -1.00000 0.00000
1635266120143076 1.00000 -0.00043 0.00000 0.00559 -0.00043 -1.00000 0.00000 0.00321 -0.00000 -0.00000 -1.00000 0.00000
1635266120391791 1.00000 -0.00040 0.00000 0.00284 -0.00040 -1.00000 0.00000 0.00562 -0.00000 -0.00000 -1.00000 0.00000
1635266120640860 1.00000 -0.00042 0.00000 0.00866 -0.00042 -1.00000 0.00000 0.00447 -0.00000 -0.00000 -1.00000 0.00000
1635266120889637 1.00000 -0.00016 0.00000 0.00850 -0.00016 -1.00000 0.00000 0.00544 -0.00000 -0.00000 -1.00000 0.00000
1635266121138432 1.00000 -0.00036 0.00000 0.00929 -0.00036 -1.00000 0.00000 0.00274 -0.00000 -0.00000 -1.00000 0.00000
1635266121387312 1.00000 -0.00020 -0.00000 0.01158 -0.00020 -1.00000 0.00000 -0.00066 -0.00000 -0.00000 -1.00000 -0.00000
1635266121636476 1.00000 -0.00033 0.00000 0.00672 -0.00033 -1.00000 0.00000 -0.00024 -0.00000 -0.00000 -1.00000 -0.00000
1635266121885211 1.00000 0.00001 0.00000 0.00794 0.00001 -1.00000 0.00000 0.00119 0.00000 -0.00000 -1.00000 0.00000
1635266122134047 1.00000 0.00010 0.00000 -0.00181 0.00010 -1.00000 0.00000 0.00078 0.00000 -0.00000 -1.00000 0.00000
1635266122383121 1.00000 -0.00031 0.00000 0.00723 -0.00031 -1.00000 0.00000 -0.00212 -0.00000 -0.00000 -1.00000 -0.00000
1635266122631962 1.00000 -0.00029 0.00000 -0.00066 -0.00029 -1.00000 0.00000 0.00283 -0.00000 -0.00000 -1.00000 0.00000
1635266122880836 1.00000 0.00005 0.00000 0.00250 0.00005 -1.00000 0.00000 0.00589 0.00000 -0.00000 -1.00000 0.00000
1635266123129585 1.00000 -0.00029 0.00000 0.00048 -0.00029 -1.00000 0.00000 -0.00088 -0.00000 -0.00000 -1.00000 -0.00000
1635266123378448 1.00000 -0.00028 0.00000 0.00187 -0.00028 -1.00000 0.00000 0.00507 -0.00000 -0.00000 -1.00000 0.00000
1635266123627506 1.00000 -0.00032 0.00000 0.01012 -0.00032 -1.00000 0.00000 0.00016 -0.00000 -0.00000 -1.00000 0.00000
1635266123876225 1.00000 -0.00008 -0.00000 0.00021 -0.00008 -1.00000 0.00000 0.00253 -0.00000 -0.00000 -1.00000 0.00000
1635266124125118 1.00000 -0.00039 0.00000 0.00318 -0.00039 -1.00000 0.00000 -0.00239 -0.00000 -0.00000 -1.00000 -0.00000
1635266124374218 1.00000 -0.00010 0.00000 0.00157 -0.00010 -1.00000 0.00000 0.00474 -0.00000 -0.00000 -1.00000 0.00000
1635266124622978 1.00000 -0.00053 -0.00000 0.01142 -0.00053 -1.00000 0.00000 0.00068 -0.00000 -0.00000 -1.00000 0.00000
1635266124871901 1.00000 -0.00066 0.00000 0.00765 -0.00066 -1.00000 0.00000 0.00477 -0.00000 -0.00000 -1.00000 0.00000
1635266125120798 1.00000 -0.00052 0.00000 0.00564 -0.00052 -1.00000 0.00000 0.00399 -0.00000 -0.00000 -1.00000 0.00000
1635266125369512 1.00000 -0.00041 0.00000 0.00105 -0.00041 -1.00000 0.00000 0.00367 -0.00000 -0.00000 -1.00000 0.00000
1635266125618572 1.00000 -0.00005 0.00000 -0.00293 -0.00005 -1.00000 0.00000 0.00427 -0.00000 -0.00000 -1.00000 0.00000
1635266125867526 1.00000 -0.00222 -0.00000 -0.01770 -0.00222 -1.00000 0.00000 -0.01268 -0.00000 -0.00000 -1.00000 -0.00000
1635266126116441 1.00000 -0.00270 0.00000 -0.06575 -0.00270 -1.00000 0.00000 0.00420 -0.00000 -0.00000 -1.00000 0.00000
1635266126365319 0.99999 -0.00542 0.00000 -0.10563 -0.00542 -0.99999 0.00000 0.00784 -0.00000 -0.00000 -1.00000 0.00000
1635266126614139 0.99993 -0.01155 -0.00000 -0.19506 -0.01155 -0.99993 0.00000 -0.02022 -0.00000 -0.00000 -1.00000 -0.00000
1635266126862756 0.99980 -0.01996 0.00000 -0.36697 -0.01996 -0.99980 0.00000 0.01382 -0.00000 -0.00000 -1.00000 0.00000
1635266127111504 0.99943 -0.03374 0.00000 -0.58129 -0.03374 -0.99943 0.00000 -0.01374 -0.00000 -0.00000 -1.00000 -0.00000
1635266127360685 0.99863 -0.05224 0.00000 -0.88663 -0.05224 -0.99863 0.00000 -0.05682 -0.00000 -0.00000 -1.00000 -0.00000
1635266127609220 0.99713 -0.07576 0.00000 -1.29829 -0.07576 -0.99713 0.00000 -0.00702 -0.00000 -0.00000 -1.00000 -0.00000
1635266127858078 0.99491 -0.10077 0.00000 -1.84793 -0.10077 -0.99491 0.00000 -0.05702 -0.00000 -0.00000 -1.00000 -0.00000
1635266128106766 0.99178 -0.12794 0.00000 -2.47807 -0.12794 -0.99178 0.00000 -0.04916 -0.00000 -0.00000 -1.00000 -0.00000
1635266128355509 0.98996 -0.14138 0.00000 -3.20266 -0.14138 -0.98996 0.00000 0.03473 -0.00000 -0.00000 -1.00000 0.00000
1635266128604037 0.98994 -0.14146 0.00000 -4.01290 -0.14146 -0.98994 0.00000 0.08346 -0.00000 -0.00000 -1.00000 0.00000
1635266128852802 0.99049 -0.13761 0.00000 -4.88696 -0.13761 -0.99049 0.00000 -0.00423 -0.00000 -0.00000 -1.00000 -0.00000
1635266129101773 0.99138 -0.13100 0.00000 -5.83269 -0.13100 -0.99138 0.00000 -0.02960 -0.00000 -0.00000 -1.00000 -0.00000
1635266129350598 0.99224 -0.12434 0.00000 -6.87165 -0.12434 -0.99224 0.00000 -0.07692 -0.00000 -0.00000 -1.00000 -0.00000
1635266129599225 0.99326 -0.11587 0.00000 -7.97973 -0.11587 -0.99326 0.00000 -0.20250 -0.00000 -0.00000 -1.00000 -0.00000
1635266129848134 0.99425 -0.10711 0.00000 -9.05280 -0.10711 -0.99425 0.00000 -0.26646 -0.00000 -0.00000 -1.00000 -0.00000
1635266130097163 0.99447 -0.10504 0.00000 -10.24622 -0.10504 -0.99447 0.00000 -0.35203 -0.00000 -0.00000 -1.00000 -0.00000
1635266130345801 0.99524 -0.09743 -0.00000 -11.35672 -0.09743 -0.99524 0.00000 -0.43051 -0.00000 -0.00000 -1.00000 -0.00000
1635266130594698 0.99587 -0.09082 0.00000 -12.67745 -0.09082 -0.99587 0.00000 -0.55891 -0.00000 -0.00000 -1.00000 -0.00000
1635266130843378 0.99650 -0.08359 0.00000 -13.99844 -0.08359 -0.99650 0.00000 -0.58855 -0.00000 -0.00000 -1.00000 -0.00000
1635266131091697 0.99695 -0.07807 0.00000 -15.42730 -0.07807 -0.99695 0.00000 -0.75620 -0.00000 -0.00000 -1.00000 -0.00000
1635266131340579 0.99705 -0.07675 0.00000 -16.83986 -0.07675 -0.99705 0.00000 -0.76276 -0.00000 -0.00000 -1.00000 -0.00000
1635266131589669 0.99768 -0.06809 -0.00000 -18.29922 -0.06809 -0.99768 0.00000 -0.92586 -0.00000 -0.00000 -1.00000 -0.00000
1635266131838267 0.99795 -0.06394 0.00000 -19.76508 -0.06394 -0.99795 0.00000 -0.98886 -0.00000 -0.00000 -1.00000 -0.00000
1635266132087351 0.99837 -0.05699 0.00000 -21.33847 -0.05699 -0.99837 0.00000 -1.22915 -0.00000 -0.00000 -1.00000 -0.00000
1635266132336134 0.99892 -0.04652 -0.00000 -23.00248 -0.04652 -0.99892 0.00000 -1.46903 -0.00000 -0.00000 -1.00000 -0.00000
1635266132585020 0.99916 -0.04093 -0.00000 -24.65664 -0.04093 -0.99916 0.00000 -1.54975 -0.00000 -0.00000 -1.00000 -0.00000
1635266132833920 0.99938 -0.03508 0.00000 -26.35971 -0.03508 -0.99938 0.00000 -1.76266 -0.00000 -0.00000 -1.00000 -0.00000
1635266133082837 0.99963 -0.02727 0.00000 -28.11346 -0.02727 -0.99963 0.00000 -2.02722 -0.00000 -0.00000 -1.00000 -0.00000
1635266133331304 0.99971 -0.02401 0.00000 -29.90158 -0.02401 -0.99971 0.00000 -2.18730 -0.00000 -0.00000 -1.00000 -0.00000
1635266133580497 0.99984 -0.01800 0.00000 -31.67066 -0.01800 -0.99984 0.00000 -2.39461 -0.00000 -0.00000 -1.00000 -0.00000
1635266133829473 0.99995 -0.01006 -0.00000 -33.42516 -0.01006 -0.99995 0.00000 -2.70976 -0.00000 -0.00000 -1.00000 -0.00000
1635266134078654 1.00000 0.00150 0.00000 -35.22021 0.00150 -1.00000 0.00000 -3.12022 0.00000 -0.00000 -1.00000 -0.00000
1635266134327276 0.99986 0.01693 -0.00000 -36.98531 0.01693 -0.99986 0.00000 -3.69951 0.00000 -0.00000 -1.00000 -0.00000
1635266134575886 0.99956 0.02966 0.00000 -38.72351 0.02966 -0.99956 0.00000 -4.18730 0.00000 -0.00000 -1.00000 -0.00000
1635266134824789 0.99918 0.04059 0.00000 -40.52857 0.04059 -0.99918 0.00000 -4.58107 0.00000 -0.00000 -1.00000 -0.00000
1635266135073720 0.99890 0.04696 0.00000 -42.29177 0.04696 -0.99890 0.00000 -4.89006 0.00000 -0.00000 -1.00000 -0.00000
1635266135322380 0.99871 0.05070 0.00000 -44.15865 0.05070 -0.99871 0.00000 -5.04573 0.00000 -0.00000 -1.00000 -0.00000
1635266135571765 0.99875 0.04989 0.00000 -46.07839 0.04989 -0.99875 0.00000 -5.08441 0.00000 -0.00000 -1.00000 -0.00000
1635266135820705 0.99879 0.04922 0.00000 -47.94633 0.04922 -0.99879 0.00000 -5.06657 0.00000 -0.00000 -1.00000 -0.00000
1635266136069577 0.99892 0.04648 0.00000 -49.90308 0.04648 -0.99892 0.00000 -4.96752 0.00000 -0.00000 -1.00000 -0.00000
1635266136318552 0.99885 0.04795 0.00000 -51.89355 0.04795 -0.99885 0.00000 -5.06097 0.00000 -0.00000 -1.00000 -0.00000
1635266136567289 0.99880 0.04901 0.00000 -53.84985 0.04901 -0.99880 0.00000 -5.20120 0.00000 -0.00000 -1.00000 -0.00000
1635266136816323 0.99883 0.04846 0.00000 -55.91097 0.04846 -0.99883 0.00000 -5.17140 0.00000 -0.00000 -1.00000 -0.00000
1635266137065227 0.99870 0.05106 0.00000 -57.90838 0.05106 -0.99870 0.00000 -5.43407 0.00000 -0.00000 -1.00000 -0.00000
1635266137313703 0.99872 0.05065 0.00000 -59.95921 0.05065 -0.99872 0.00000 -5.46855 0.00000 -0.00000 -1.00000 -0.00000
1635266137562839 0.99860 0.05288 0.00000 -62.05214 0.05288 -0.99860 0.00000 -5.62642 0.00000 -0.00000 -1.00000 -0.00000
1635266137811650 0.99848 0.05520 0.00000 -64.13670 0.05520 -0.99848 0.00000 -5.80642 0.00000 -0.00000 -1.00000 -0.00000
1635266138060288 0.99834 0.05761 -0.00000 -66.21533 0.05761 -0.99834 0.00000 -5.96718 0.00000 -0.00000 -1.00000 -0.00000
1635266138308984 0.99841 0.05637 0.00000 -68.29876 0.05637 -0.99841 0.00000 -5.91390 0.00000 -0.00000 -1.00000 -0.00000
1635266138558042 0.99852 0.05435 0.00000 -70.32742 0.05435 -0.99852 0.00000 -5.82771 0.00000 -0.00000 -1.00000 -0.00000
1635266138806911 0.99858 0.05329 0.00000 -72.47769 0.05329 -0.99858 0.00000 -5.70453 0.00000 -0.00000 -1.00000 -0.00000
1635266139055790 0.99892 0.04643 -0.00000 -74.60519 0.04643 -0.99892 0.00000 -5.22862 0.00000 -0.00000 -1.00000 -0.00000
1635266139304691 0.99929 0.03760 0.00000 -76.66644 0.03760 -0.99929 0.00000 -4.58581 0.00000 -0.00000 -1.00000 -0.00000
1635266139553844 0.99970 0.02453 0.00000 -78.73255 0.02453 -0.99970 0.00000 -3.61613 0.00000 -0.00000 -1.00000 -0.00000
1635266139802983 0.99996 0.00909 0.00000 -80.79471 0.00909 -0.99996 0.00000 -2.47146 0.00000 -0.00000 -1.00000 -0.00000
1635266140052056 0.99997 -0.00776 0.00000 -82.79285 -0.00776 -0.99997 0.00000 -1.15950 -0.00000 -0.00000 -1.00000 -0.00000
1635266140300600 0.99947 -0.03261 0.00000 -84.75442 -0.03261 -0.99947 0.00000 0.93493 -0.00000 -0.00000 -1.00000 0.00000
1635266140549700 0.99813 -0.06118 0.00000 -86.66690 -0.06118 -0.99813 0.00000 3.35621 -0.00000 -0.00000 -1.00000 0.00000
1635266140798928 0.99547 -0.09507 -0.00000 -88.43971 -0.09507 -0.99547 0.00000 6.33984 -0.00000 -0.00000 -1.00000 0.00000
1635266141047835 0.98982 -0.14230 -0.00000 -89.97118 -0.14230 -0.98982 0.00000 10.48430 -0.00000 -0.00000 -1.00000 0.00000
1635266141296829 0.98112 -0.19342 0.00000 -91.21759 -0.19342 -0.98112 0.00000 15.10337 -0.00000 -0.00000 -1.00000 0.00000
1635266141545974 0.96999 -0.24316 0.00000 -92.22957 -0.24316 -0.96999 0.00000 19.75853 -0.00000 -0.00000 -1.00000 0.00000
1635266141794730 0.95675 -0.29091 0.00000 -93.00584 -0.29091 -0.95675 0.00000 24.27414 -0.00000 -0.00000 -1.00000 0.00000
1635266142043191 0.93995 -0.34131 -0.00000 -93.39604 -0.34131 -0.93995 0.00000 29.15142 -0.00000 -0.00000 -1.00000 0.00000
1635266142292599 0.92045 -0.39086 0.00000 -93.55485 -0.39086 -0.92045 0.00000 34.07216 -0.00000 -0.00000 -1.00000 0.00000
1635266142541331 0.89844 -0.43910 0.00000 -93.39343 -0.43910 -0.89844 0.00000 38.96892 -0.00000 -0.00000 -1.00000 0.00000
1635266142790349 0.87154 -0.49032 0.00000 -92.86475 -0.49032 -0.87154 0.00000 44.28357 -0.00000 -0.00000 -1.00000 0.00000
1635266143039057 0.83902 -0.54410 0.00000 -91.81263 -0.54410 -0.83902 0.00000 50.07899 -0.00000 -0.00000 -1.00000 0.00000
1635266143288259 0.79909 -0.60121 0.00000 -89.90033 -0.60121 -0.79909 0.00000 56.38856 -0.00000 -0.00000 -1.00000 0.00000
1635266143537071 0.75108 -0.66021 0.00000 -87.07267 -0.66021 -0.75108 0.00000 63.03571 -0.00000 -0.00000 -1.00000 0.00000
1635266143785861 0.70075 -0.71340 -0.00000 -84.00378 -0.71340 -0.70075 0.00000 69.26809 -0.00000 -0.00000 -1.00000 0.00000
1635266144034775 0.64447 -0.76463 0.00000 -80.22762 -0.76463 -0.64447 0.00000 75.38641 -0.00000 -0.00000 -1.00000 0.00000
1635266144283561 0.58668 -0.80982 0.00000 -76.29512 -0.80982 -0.58668 0.00000 81.06004 -0.00000 -0.00000 -1.00000 0.00000
1635266144532562 0.53015 -0.84791 0.00000 -72.34459 -0.84791 -0.53015 0.00000 86.08949 -0.00000 -0.00000 -1.00000 0.00000
1635266144780891 0.48310 -0.87556 -0.00000 -69.39346 -0.87556 -0.48310 0.00000 89.84151 -0.00000 -0.00000 -1.00000 0.00000
1635266145029712 0.44901 -0.89353 0.00000 -67.79610 -0.89353 -0.44901 0.00000 92.43109 -0.00000 -0.00000 -1.00000 0.00000
1635266145278373 0.42388 -0.90572 0.00000 -67.06195 -0.90572 -0.42388 0.00000 94.23557 -0.00000 -0.00000 -1.00000 0.00000
1635266145527196 0.40402 -0.91475 -0.00000 -66.89739 -0.91475 -0.40402 0.00000 95.63831 -0.00000 -0.00000 -1.00000 0.00000
1635266145775816 0.39498 -0.91869 0.00000 -67.80926 -0.91869 -0.39498 0.00000 96.27953 -0.00000 -0.00000 -1.00000 0.00000
1635266146024727 0.38943 -0.92105 0.00000 -69.16769 -0.92105 -0.38943 0.00000 96.69956 -0.00000 -0.00000 -1.00000 0.00000
1635266146273014 0.39014 -0.92075 0.00000 -71.27499 -0.92075 -0.39014 0.00000 96.68228 -0.00000 -0.00000 -1.00000 0.00000
1635266146522125 0.39518 -0.91860 0.00000 -73.81497 -0.91860 -0.39518 0.00000 96.24007 -0.00000 -0.00000 -1.00000 0.00000
1635266146770828 0.39604 -0.91823 0.00000 -75.96093 -0.91823 -0.39604 0.00000 96.08802 -0.00000 -0.00000 -1.00000 0.00000
1635266147019352 0.40743 -0.91323 0.00000 -79.13360 -0.91323 -0.40743 0.00000 94.95671 -0.00000 -0.00000 -1.00000 0.00000
1635266147268470 0.42624 -0.90461 0.00000 -83.13282 -0.90461 -0.42624 0.00000 93.35809 -0.00000 -0.00000 -1.00000 0.00000
1635266147517612 0.44640 -0.89484 0.00000 -87.23117 -0.89484 -0.44640 0.00000 91.50845 -0.00000 -0.00000 -1.00000 0.00000
1635266147766695 0.46561 -0.88499 -0.00000 -91.18148 -0.88499 -0.46561 0.00000 89.47052 -0.00000 -0.00000 -1.00000 0.00000
1635266148015677 0.48811 -0.87278 0.00000 -95.45684 -0.87278 -0.48811 0.00000 87.00641 -0.00000 -0.00000 -1.00000 0.00000
1635266148264794 0.51241 -0.85874 0.00000 -99.84719 -0.85874 -0.51241 0.00000 84.27277 -0.00000 -0.00000 -1.00000 0.00000
1635266148513602 0.53048 -0.84770 0.00000 -103.52641 -0.84770 -0.53048 0.00000 82.06897 -0.00000 -0.00000 -1.00000 0.00000
1635266148762495 0.55160 -0.83411 0.00000 -107.49256 -0.83411 -0.55160 0.00000 79.44164 -0.00000 -0.00000 -1.00000 0.00000
1635266149011684 0.56870 -0.82254 0.00000 -111.15281 -0.82254 -0.56870 0.00000 77.19075 -0.00000 -0.00000 -1.00000 0.00000
1635266149259845 0.58704 -0.80956 0.00000 -114.72156 -0.80956 -0.58704 0.00000 74.62914 -0.00000 -0.00000 -1.00000 0.00000
1635266149508956 0.60008 -0.79994 0.00000 -117.82099 -0.79994 -0.60008 0.00000 72.68737 -0.00000 -0.00000 -1.00000 0.00000
1635266149758044 0.61609 -0.78768 0.00000 -121.17472 -0.78768 -0.61609 0.00000 70.34472 -0.00000 -0.00000 -1.00000 0.00000
1635266150006567 0.63009 -0.77652 0.00000 -124.25433 -0.77652 -0.63009 0.00000 68.10001 -0.00000 -0.00000 -1.00000 0.00000
1635266150255322 0.64304 -0.76583 0.00000 -127.28723 -0.76583 -0.64304 0.00000 65.97940 -0.00000 -0.00000 -1.00000 0.00000
1635266150504225 0.65643 -0.75439 0.00000 -130.24133 -0.75439 -0.65643 0.00000 63.68020 -0.00000 -0.00000 -1.00000 0.00000
1635266150753170 0.67029 -0.74210 0.00000 -133.23665 -0.74210 -0.67029 0.00000 61.22867 -0.00000 -0.00000 -1.00000 0.00000
1635266151001863 0.68333 -0.73011 0.00000 -136.10604 -0.73011 -0.68333 0.00000 58.79970 -0.00000 -0.00000 -1.00000 0.00000
1635266151250684 0.69812 -0.71598 0.00000 -139.03669 -0.71598 -0.69812 0.00000 56.02385 -0.00000 -0.00000 -1.00000 0.00000
1635266151499424 0.71219 -0.70199 0.00000 -141.88314 -0.70199 -0.71219 0.00000 53.22554 -0.00000 -0.00000 -1.00000 0.00000
1635266151748281 0.72585 -0.68785 0.00000 -144.64098 -0.68785 -0.72585 0.00000 50.42682 -0.00000 -0.00000 -1.00000 0.00000
1635266151997175 0.74058 -0.67197 0.00000 -147.40108 -0.67197 -0.74058 0.00000 47.24027 -0.00000 -0.00000 -1.00000 0.00000
1635266152246197 0.75604 -0.65453 0.00000 -150.03483 -0.65453 -0.75604 0.00000 43.70706 -0.00000 -0.00000 -1.00000 0.00000
1635266152495173 0.77208 -0.63553 0.00000 -152.61055 -0.63553 -0.77208 0.00000 40.00932 -0.00000 -0.00000 -1.00000 0.00000
1635266152744266 0.79121 -0.61154 0.00000 -155.17231 -0.61154 -0.79121 0.00000 35.27745 -0.00000 -0.00000 -1.00000 0.00000
1635266152993029 0.81737 -0.57612 0.00000 -157.85805 -0.57612 -0.81737 0.00000 28.40836 -0.00000 -0.00000 -1.00000 0.00000
1635266153241616 0.84720 -0.53128 0.00000 -160.32861 -0.53128 -0.84720 0.00000 19.82099 -0.00000 -0.00000 -1.00000 0.00000
1635266153490833 0.88111 -0.47292 -0.00000 -162.42121 -0.47292 -0.88111 0.00000 8.89942 -0.00000 -0.00000 -1.00000 0.00000
1635266153739763 0.91645 -0.40014 0.00000 -163.62438 -0.40014 -0.91645 0.00000 -4.22477 -0.00000 -0.00000 -1.00000 -0.00000
1635266153988559 0.95227 -0.30525 0.00000 -163.24707 -0.30525 -0.95227 0.00000 -20.81791 -0.00000 -0.00000 -1.00000 -0.00000
1635266154236999 0.98108 -0.19363 0.00000 -160.59706 -0.19363 -0.98108 0.00000 -39.48263 -0.00000 -0.00000 -1.00000 -0.00000
1635266154486012 0.99788 -0.06508 0.00000 -154.92531 -0.06508 -0.99788 0.00000 -59.92230 -0.00000 -0.00000 -1.00000 -0.00000
1635266154734723 0.99637 0.08510 0.00000 -145.03688 0.08510 -0.99637 0.00000 -82.41099 0.00000 -0.00000 -1.00000 -0.00000
1635266154983081 0.97048 0.24119 -0.00000 -131.06395 0.24119 -0.97048 0.00000 -104.23183 0.00000 -0.00000 -1.00000 -0.00000
1635266155232141 0.91800 0.39658 0.00000 -113.06024 0.39658 -0.91800 0.00000 -124.21669 0.00000 -0.00000 -1.00000 -0.00000
1635266155481226 0.83692 0.54733 0.00000 -90.95358 0.54733 -0.83692 0.00000 -141.62033 0.00000 -0.00000 -1.00000 -0.00000
1635266155730309 0.72748 0.68612 0.00000 -65.30710 0.68612 -0.72748 0.00000 -155.33690 0.00000 -0.00000 -1.00000 -0.00000
1635266155978951 0.59574 0.80318 0.00000 -37.80271 0.80318 -0.59574 0.00000 -164.40491 0.00000 -0.00000 -1.00000 -0.00000
1635266156227849 0.43535 0.90026 0.00000 -7.30878 0.90026 -0.43535 0.00000 -168.57735 0.00000 -0.00000 -1.00000 -0.00000
1635266156476412 0.25050 0.96812 0.00000 25.02218 0.96812 -0.25050 0.00000 -166.67356 0.00000 -0.00000 -1.00000 -0.00000
1635266156725148 0.04955 0.99877 -0.00000 57.30787 0.99877 -0.04955 0.00000 -158.10065 0.00000 -0.00000 -1.00000 -0.00000
1635266156974139 -0.16424 0.98642 0.00000 88.62062 0.98642 0.16424 0.00000 -142.31624 0.00000 0.00000 -1.00000 -0.00000
1635266157223166 -0.36140 0.93241 0.00000 114.69447 0.93241 0.36140 0.00000 -121.33080 0.00000 0.00000 -1.00000 -0.00000
1635266157471528 -0.53297 0.84613 0.00000 134.62978 0.84613 0.53297 0.00000 -97.14669 0.00000 0.00000 -1.00000 -0.00000
1635266157720254 -0.67383 0.73889 0.00000 148.44492 0.73889 0.67383 0.00000 -71.85049 0.00000 0.00000 -1.00000 -0.00000
1635266157969151 -0.78064 0.62498 0.00000 156.68328 0.62498 0.78064 0.00000 -47.89023 0.00000 0.00000 -1.00000 -0.00000
1635266158218067 -0.85269 0.52242 0.00000 160.06923 0.52242 0.85269 0.00000 -27.89607 0.00000 0.00000 -1.00000 -0.00000
1635266158466788 -0.89977 0.43636 -0.00000 160.72084 0.43636 0.89977 0.00000 -12.11222 0.00000 0.00000 -1.00000 -0.00000
1635266158715645 -0.92849 0.37135 0.00000 159.85656 0.37135 0.92849 0.00000 -0.59367 0.00000 0.00000 -1.00000 -0.00000
1635266158964734 -0.94327 0.33202 -0.00000 158.31497 0.33202 0.94327 0.00000 6.10870 0.00000 0.00000 -1.00000 0.00000
1635266159213324 -0.95111 0.30884 0.00000 156.70091 0.30884 0.95111 0.00000 10.02296 0.00000 0.00000 -1.00000 0.00000
1635266159461996 -0.95098 0.30925 0.00000 155.16372 0.30925 0.95098 0.00000 9.85021 0.00000 0.00000 -1.00000 0.00000
1635266159710818 -0.94701 0.32121 0.00000 153.75758 0.32121 0.94701 0.00000 7.94051 0.00000 0.00000 -1.00000 0.00000
1635266159959881 -0.93819 0.34612 -0.00000 152.37972 0.34612 0.93819 0.00000 3.85591 0.00000 0.00000 -1.00000 0.00000
1635266160208548 -0.92114 0.38922 0.00000 150.78181 0.38922 0.92114 0.00000 -3.12725 0.00000 0.00000 -1.00000 -0.00000
1635266160457642 -0.90070 0.43444 0.00000 148.79478 0.43444 0.90070 0.00000 -10.65199 0.00000 0.00000 -1.00000 -0.00000
1635266160706058 -0.87570 0.48286 0.00000 146.41217 0.48286 0.87570 0.00000 -18.69906 0.00000 0.00000 -1.00000 -0.00000
1635266160955065 -0.85019 0.52648 0.00000 143.54541 0.52648 0.85019 0.00000 -26.10423 0.00000 0.00000 -1.00000 -0.00000
1635266161203816 -0.82141 0.57034 0.00000 140.24458 0.57034 0.82141 0.00000 -33.66040 0.00000 0.00000 -1.00000 -0.00000
1635266161452569 -0.79208 0.61041 0.00000 136.60404 0.61041 0.79208 0.00000 -40.59683 0.00000 0.00000 -1.00000 -0.00000
1635266161701395 -0.76012 0.64979 0.00000 132.61107 0.64979 0.76012 0.00000 -47.48443 0.00000 0.00000 -1.00000 -0.00000
1635266161949960 -0.72643 0.68724 0.00000 128.19334 0.68724 0.72643 0.00000 -54.17719 0.00000 0.00000 -1.00000 -0.00000
1635266162198587 -0.69253 0.72139 0.00000 123.54228 0.72139 0.69253 0.00000 -60.25490 0.00000 0.00000 -1.00000 -0.00000
1635266162447191 -0.65761 0.75336 0.00000 118.58266 0.75336 0.65761 0.00000 -66.11426 0.00000 0.00000 -1.00000 -0.00000
1635266162696042 -0.61811 0.78609 0.00000 113.08750 0.78609 0.61811 0.00000 -72.01420 0.00000 0.00000 -1.00000 -0.00000
1635266162945051 -0.57957 0.81492 0.00000 107.52658 0.81492 0.57957 0.00000 -77.46185 0.00000 0.00000 -1.00000 -0.00000
1635266163193615 -0.54039 0.84141 0.00000 101.70294 0.84141 0.54039 0.00000 -82.41544 0.00000 0.00000 -1.00000 -0.00000
1635266163442656 -0.50369 0.86389 0.00000 95.99724 0.86389 0.50369 0.00000 -86.72788 0.00000 0.00000 -1.00000 -0.00000
1635266163691610 -0.47002 0.88265 0.00000 90.50580 0.88265 0.47002 0.00000 -90.36909 0.00000 0.00000 -1.00000 -0.00000
1635266163940345 -0.44024 0.89788 0.00000 85.35219 0.89788 0.44024 0.00000 -93.43636 0.00000 0.00000 -1.00000 -0.00000
1635266164188962 -0.41655 0.90911 -0.00000 80.69774 0.90911 0.41655 0.00000 -95.55143 0.00000 0.00000 -1.00000 -0.00000
1635266164438021 -0.39783 0.91746 0.00000 76.66699 0.91746 0.39783 0.00000 -97.28326 0.00000 0.00000 -1.00000 -0.00000
1635266164686517 -0.38272 0.92387 0.00000 72.89433 0.92387 0.38272 0.00000 -98.52024 0.00000 0.00000 -1.00000 -0.00000
1635266164935276 -0.36396 0.93141 0.00000 68.84586 0.93141 0.36396 0.00000 -100.03378 0.00000 0.00000 -1.00000 -0.00000
1635266165184009 -0.35786 0.93378 0.00000 66.04953 0.93378 0.35786 0.00000 -100.48744 0.00000 0.00000 -1.00000 -0.00000
1635266165433057 -0.35545 0.93469 0.00000 63.73342 0.93469 0.35545 0.00000 -100.70792 0.00000 0.00000 -1.00000 -0.00000
1635266165682039 -0.36654 0.93040 0.00000 62.84708 0.93040 0.36654 0.00000 -99.91614 0.00000 0.00000 -1.00000 -0.00000
1635266165930818 -0.38550 0.92271 0.00000 62.87296 0.92271 0.38550 0.00000 -98.74450 0.00000 0.00000 -1.00000 -0.00000
1635266166179610 -0.41381 0.91036 0.00000 63.87080 0.91036 0.41381 0.00000 -96.74962 0.00000 0.00000 -1.00000 -0.00000
1635266166428065 -0.45331 0.89135 0.00000 66.05227 0.89135 0.45331 0.00000 -94.06527 0.00000 0.00000 -1.00000 -0.00000
1635266166676829 -0.50007 0.86599 0.00000 68.99727 0.86599 0.50007 0.00000 -90.50171 0.00000 0.00000 -1.00000 -0.00000
1635266166925879 -0.55072 0.83469 0.00000 72.33729 0.83469 0.55072 0.00000 -86.18298 0.00000 0.00000 -1.00000 -0.00000
1635266167174320 -0.60691 0.79477 0.00000 76.15426 0.79477 0.60691 0.00000 -81.08058 0.00000 0.00000 -1.00000 -0.00000
1635266167423439 -0.66585 0.74609 0.00000 80.30823 0.74609 0.66585 0.00000 -75.23393 0.00000 0.00000 -1.00000 -0.00000
1635266167672327 -0.72131 0.69261 0.00000 83.92535 0.69261 0.72131 0.00000 -68.84672 0.00000 0.00000 -1.00000 -0.00000
1635266167921220 -0.77153 0.63619 0.00000 86.89175 0.63619 0.77153 0.00000 -62.35803 0.00000 0.00000 -1.00000 -0.00000
1635266168170005 -0.81774 0.57559 0.00000 89.41339 0.57559 0.81774 0.00000 -55.63224 0.00000 0.00000 -1.00000 -0.00000
1635266168419085 -0.85706 0.51522 0.00000 91.18792 0.51522 0.85706 0.00000 -49.05890 0.00000 0.00000 -1.00000 -0.00000
1635266168667661 -0.89266 0.45073 0.00000 92.55092 0.45073 0.89266 0.00000 -42.28235 0.00000 0.00000 -1.00000 -0.00000
1635266168916239 -0.92212 0.38691 0.00000 93.33748 0.38691 0.92212 0.00000 -35.77470 0.00000 0.00000 -1.00000 -0.00000
1635266169165179 -0.94684 0.32171 0.00000 93.61841 0.32171 0.94684 0.00000 -29.21086 0.00000 0.00000 -1.00000 -0.00000
1635266169414144 -0.96512 0.26182 0.00000 93.23634 0.26182 0.96512 0.00000 -23.32827 0.00000 0.00000 -1.00000 -0.00000
1635266169662852 -0.97900 0.20388 -0.00000 92.44656 0.20388 0.97900 0.00000 -17.77466 0.00000 0.00000 -1.00000 -0.00000
1635266169911741 -0.98868 0.15004 0.00000 91.18239 0.15004 0.98868 0.00000 -12.78510 0.00000 0.00000 -1.00000 -0.00000
1635266170160593 -0.99489 0.10096 -0.00000 89.62055 0.10096 0.99489 0.00000 -8.27310 0.00000 0.00000 -1.00000 -0.00000
1635266170409373 -0.99780 0.06635 0.00000 87.74703 0.06635 0.99780 0.00000 -5.15238 0.00000 0.00000 -1.00000 -0.00000
1635266170658041 -0.99943 0.03382 0.00000 85.68659 0.03382 0.99943 0.00000 -2.36648 0.00000 0.00000 -1.00000 -0.00000
1635266170907038 -0.99999 0.00436 0.00000 83.62034 0.00436 0.99999 0.00000 0.12206 0.00000 0.00000 -1.00000 0.00000
1635266171155736 -0.99976 -0.02177 0.00000 81.48647 -0.02177 0.99976 0.00000 2.32588 -0.00000 0.00000 -1.00000 0.00000
1635266171405122 -0.99943 -0.03380 0.00000 79.15282 -0.03380 0.99943 0.00000 3.22651 -0.00000 0.00000 -1.00000 0.00000
1635266171653693 -0.99876 -0.04973 0.00000 76.93301 -0.04973 0.99876 0.00000 4.48760 -0.00000 0.00000 -1.00000 0.00000
1635266171902767 -0.99840 -0.05659 0.00000 74.67305 -0.05659 0.99840 0.00000 4.97784 -0.00000 0.00000 -1.00000 0.00000
1635266172151252 -0.99812 -0.06134 0.00000 72.46745 -0.06134 0.99812 0.00000 5.31664 -0.00000 0.00000 -1.00000 0.00000
1635266172400077 -0.99812 -0.06124 0.00000 70.30068 -0.06124 0.99812 0.00000 5.18109 -0.00000 0.00000 -1.00000 0.00000
1635266172648878 -0.99770 -0.06772 0.00000 68.12066 -0.06772 0.99770 0.00000 5.62924 -0.00000 0.00000 -1.00000 0.00000
1635266172897918 -0.99803 -0.06280 0.00000 66.01667 -0.06280 0.99803 0.00000 5.29503 -0.00000 0.00000 -1.00000 0.00000
1635266173146665 -0.99813 -0.06118 0.00000 63.93609 -0.06118 0.99813 0.00000 5.12467 -0.00000 0.00000 -1.00000 0.00000
1635266173395649 -0.99832 -0.05801 0.00000 61.85944 -0.05801 0.99832 0.00000 4.89994 -0.00000 0.00000 -1.00000 0.00000
1635266173644720 -0.99869 -0.05112 -0.00000 59.80966 -0.05112 0.99869 0.00000 4.39453 -0.00000 0.00000 -1.00000 0.00000
1635266173893511 -0.99882 -0.04849 -0.00000 57.78680 -0.04849 0.99882 0.00000 4.15425 -0.00000 0.00000 -1.00000 0.00000
1635266174142457 -0.99875 -0.04996 0.00000 55.77921 -0.04996 0.99875 0.00000 4.30810 -0.00000 0.00000 -1.00000 0.00000
1635266174391623 -0.99888 -0.04738 0.00000 53.76736 -0.04738 0.99888 0.00000 4.05580 -0.00000 0.00000 -1.00000 0.00000
1635266174640291 -0.99881 -0.04881 -0.00000 51.76612 -0.04881 0.99881 0.00000 4.01058 -0.00000 0.00000 -1.00000 0.00000
1635266174889456 -0.99881 -0.04884 -0.00000 49.80979 -0.04884 0.99881 0.00000 4.05813 -0.00000 0.00000 -1.00000 0.00000
1635266175138307 -0.99873 -0.05038 0.00000 47.86545 -0.05038 0.99873 0.00000 4.05931 -0.00000 0.00000 -1.00000 0.00000
1635266175387392 -0.99882 -0.04862 0.00000 45.92446 -0.04862 0.99882 0.00000 3.95554 -0.00000 0.00000 -1.00000 0.00000
1635266175636055 -0.99902 -0.04428 0.00000 44.00459 -0.04428 0.99902 0.00000 3.80244 -0.00000 0.00000 -1.00000 0.00000
1635266175884723 -0.99936 -0.03576 0.00000 42.11091 -0.03576 0.99936 0.00000 3.31626 -0.00000 0.00000 -1.00000 0.00000
1635266176133471 -0.99973 -0.02336 0.00000 40.28009 -0.02336 0.99973 0.00000 2.89701 -0.00000 0.00000 -1.00000 0.00000
1635266176381978 -0.99991 -0.01356 0.00000 38.37391 -0.01356 0.99991 0.00000 2.41032 -0.00000 0.00000 -1.00000 0.00000
1635266176631088 -1.00000 -0.00049 0.00000 36.47713 -0.00049 1.00000 0.00000 1.90502 -0.00000 0.00000 -1.00000 0.00000
1635266176879792 -0.99992 0.01269 0.00000 34.55640 0.01269 0.99992 0.00000 1.33835 0.00000 0.00000 -1.00000 0.00000
1635266177128467 -0.99969 0.02476 0.00000 32.52052 0.02476 0.99969 0.00000 0.84898 0.00000 0.00000 -1.00000 0.00000
1635266177377757 -0.99936 0.03589 0.00000 30.58762 0.03589 0.99936 0.00000 0.41462 0.00000 0.00000 -1.00000 0.00000
1635266177626754 -0.99903 0.04392 0.00000 28.54998 0.04392 0.99903 0.00000 0.19020 0.00000 0.00000 -1.00000 0.00000
1635266177875530 -0.99879 0.04908 0.00000 26.48216 0.04908 0.99879 0.00000 0.01063 0.00000 0.00000 -1.00000 0.00000
1635266178124178 -0.99852 0.05441 0.00000 24.37854 0.05441 0.99852 0.00000 -0.13757 0.00000 0.00000 -1.00000 -0.00000
1635266178373007 -0.99813 0.06118 0.00000 22.28690 0.06118 0.99813 0.00000 -0.34380 0.00000 0.00000 -1.00000 -0.00000
1635266178621947 -0.99801 0.06312 -0.00000 20.16470 0.06312 0.99801 0.00000 -0.40639 0.00000 0.00000 -1.00000 -0.00000
1635266178870786 -0.99767 0.06823 0.00000 18.07251 0.06823 0.99767 0.00000 -0.52219 0.00000 0.00000 -1.00000 -0.00000
1635266179120088 -0.99747 0.07112 0.00000 15.97499 0.07112 0.99747 0.00000 -0.64762 0.00000 0.00000 -1.00000 -0.00000
1635266179368347 -0.99725 0.07405 0.00000 13.84094 0.07405 0.99725 0.00000 -0.68005 0.00000 0.00000 -1.00000 -0.00000
1635266179617376 -0.99744 0.07158 0.00000 11.76754 0.07158 0.99744 0.00000 -0.72502 0.00000 0.00000 -1.00000 -0.00000
1635266179865845 -0.99737 0.07251 0.00000 9.64049 0.07251 0.99737 0.00000 -0.72651 0.00000 0.00000 -1.00000 -0.00000
1635266180114749 -0.99736 0.07267 0.00000 7.51127 0.07267 0.99736 0.00000 -0.71996 0.00000 0.00000 -1.00000 -0.00000
1635266180363405 -0.99789 0.06493 0.00000 5.42508 0.06493 0.99789 0.00000 -0.76233 0.00000 0.00000 -1.00000 -0.00000
1635266180612143 -0.99786 0.06541 0.00000 3.32692 0.06541 0.99786 0.00000 -0.80095 0.00000 0.00000 -1.00000 -0.00000
1635266180860775 -0.99831 0.05811 -0.00000 1.24900 0.05811 0.99831 0.00000 -0.74801 0.00000 0.00000 -1.00000 -0.00000
1635266181109649 -0.99862 0.05259 -0.00000 -0.80950 0.05259 0.99862 0.00000 -0.82157 0.00000 0.00000 -1.00000 -0.00000
1635266181358607 -0.99873 0.05038 -0.00000 -2.87521 0.05038 0.99873 0.00000 -0.87134 0.00000 0.00000 -1.00000 -0.00000
1635266181607038 -0.99904 0.04383 0.00000 -4.92136 0.04383 0.99904 0.00000 -0.96954 0.00000 0.00000 -1.00000 -0.00000
1635266181856139 -0.99923 0.03923 0.00000 -7.08184 0.03923 0.99923 0.00000 -0.99633 0.00000 0.00000 -1.00000 -0.00000
1635266182104635 -0.99934 0.03621 0.00000 -9.18140 0.03621 0.99934 0.00000 -1.07018 0.00000 0.00000 -1.00000 -0.00000
1635266182353588 -0.99951 0.03119 0.00000 -11.28922 0.03119 0.99951 0.00000 -1.18557 0.00000 0.00000 -1.00000 -0.00000
1635266182602400 -0.99962 0.02739 0.00000 -13.40280 0.02739 0.99962 0.00000 -1.19028 0.00000 0.00000 -1.00000 -0.00000
1635266182850971 -0.99973 0.02325 0.00000 -15.50179 0.02325 0.99973 0.00000 -1.33684 0.00000 0.00000 -1.00000 -0.00000
1635266183099764 -0.99982 0.01917 0.00000 -17.73138 0.01917 0.99982 0.00000 -1.47776 0.00000 0.00000 -1.00000 -0.00000
1635266183348702 -0.99984 0.01772 0.00000 -19.98128 0.01772 0.99984 0.00000 -1.49685 0.00000 0.00000 -1.00000 -0.00000
1635266183597435 -0.99990 0.01428 0.00000 -22.17845 0.01428 0.99990 0.00000 -1.61044 0.00000 0.00000 -1.00000 -0.00000
1635266183846568 -0.99992 0.01248 0.00000 -24.39345 0.01248 0.99992 0.00000 -1.71460 0.00000 0.00000 -1.00000 -0.00000
1635266184094898 -0.99995 0.00977 -0.00000 -26.61941 0.00977 0.99995 0.00000 -1.80130 0.00000 0.00000 -1.00000 -0.00000
1635266184344119 -0.99998 0.00693 -0.00000 -28.80846 0.00693 0.99998 0.00000 -1.87549 0.00000 0.00000 -1.00000 -0.00000
1635266184592947 -0.99999 0.00350 0.00000 -31.05920 0.00350 0.99999 0.00000 -2.01476 0.00000 0.00000 -1.00000 -0.00000
1635266184841665 -1.00000 -0.00228 0.00000 -33.30015 -0.00228 1.00000 0.00000 -2.18198 -0.00000 0.00000 -1.00000 -0.00000
1635266185090500 -0.99998 -0.00562 0.00000 -35.49811 -0.00562 0.99998 0.00000 -2.28563 -0.00000 0.00000 -1.00000 -0.00000
1635266185339345 -0.99996 -0.00946 -0.00000 -37.74748 -0.00946 0.99996 0.00000 -2.49392 -0.00000 0.00000 -1.00000 -0.00000
1635266185588623 -0.99991 -0.01376 0.00000 -39.95713 -0.01376 0.99991 0.00000 -2.70896 -0.00000 0.00000 -1.00000 -0.00000
1635266185837414 -0.99990 -0.01399 0.00000 -42.13736 -0.01399 0.99990 0.00000 -2.77301 -0.00000 0.00000 -1.00000 -0.00000
1635266186085832 -0.99990 -0.01389 0.00000 -44.28573 -0.01389 0.99990 0.00000 -2.77499 -0.00000 0.00000 -1.00000 -0.00000
1635266186334758 -0.99989 -0.01475 0.00000 -46.38673 -0.01475 0.99989 0.00000 -2.84413 -0.00000 0.00000 -1.00000 -0.00000
1635266186583597 -0.99992 -0.01269 -0.00000 -48.49096 -0.01269 0.99992 0.00000 -2.80397 -0.00000 0.00000 -1.00000 -0.00000
1635266186832365 -0.99995 -0.01000 0.00000 -50.55422 -0.01000 0.99995 0.00000 -2.67092 -0.00000 0.00000 -1.00000 -0.00000
1635266187081275 -1.00000 -0.00059 -0.00000 -52.51895 -0.00059 1.00000 0.00000 -2.30179 -0.00000 0.00000 -1.00000 -0.00000
1635266187329945 -0.99992 0.01239 0.00000 -54.46688 0.01239 0.99992 0.00000 -1.53208 0.00000 0.00000 -1.00000 -0.00000
1635266187578814 -0.99936 0.03571 0.00000 -56.34632 0.03571 0.99936 0.00000 -0.28189 0.00000 0.00000 -1.00000 -0.00000
1635266187827557 -0.99823 0.05954 0.00000 -58.04220 0.05954 0.99823 0.00000 1.13325 0.00000 0.00000 -1.00000 0.00000
1635266188076591 -0.99565 0.09315 0.00000 -59.65050 0.09315 0.99565 0.00000 2.95310 0.00000 0.00000 -1.00000 0.00000
1635266188325479 -0.99119 0.13244 0.00000 -61.02663 0.13244 0.99119 0.00000 5.32924 0.00000 0.00000 -1.00000 0.00000
1635266188574331 -0.98196 0.18907 0.00000 -62.05306 0.18907 0.98196 0.00000 8.73792 0.00000 0.00000 -1.00000 0.00000
1635266188823240 -0.96426 0.26496 0.00000 -62.53006 0.26496 0.96426 0.00000 13.54350 0.00000 0.00000 -1.00000 0.00000
1635266189072258 -0.93762 0.34766 0.00000 -62.36632 0.34766 0.93762 0.00000 19.01804 0.00000 0.00000 -1.00000 0.00000
1635266189320739 -0.89283 0.45040 0.00000 -61.09099 0.45040 0.89283 0.00000 25.83632 0.00000 0.00000 -1.00000 0.00000
1635266189569763 -0.82839 0.56015 0.00000 -58.43668 0.56015 0.82839 0.00000 33.36407 0.00000 0.00000 -1.00000 0.00000
1635266189818725 -0.75027 0.66113 0.00000 -54.85325 0.66113 0.75027 0.00000 40.48555 0.00000 0.00000 -1.00000 0.00000
1635266190067650 -0.65625 0.75454 0.00000 -50.14985 0.75454 0.65625 0.00000 47.32260 0.00000 0.00000 -1.00000 0.00000
1635266190316253 -0.55423 0.83236 -0.00000 -44.76968 0.83236 0.55423 0.00000 53.42000 0.00000 0.00000 -1.00000 0.00000
1635266190565083 -0.45063 0.89271 0.00000 -39.12790 0.89271 0.45063 0.00000 58.36020 0.00000 0.00000 -1.00000 0.00000
1635266190813901 -0.35240 0.93585 0.00000 -33.76312 0.93585 0.35240 0.00000 62.12343 0.00000 0.00000 -1.00000 0.00000
1635266191062686 -0.25994 0.96562 0.00000 -28.75999 0.96562 0.25994 0.00000 65.15029 0.00000 0.00000 -1.00000 0.00000
1635266191311389 -0.18045 0.98358 0.00000 -24.52178 0.98358 0.18045 0.00000 67.23159 0.00000 0.00000 -1.00000 0.00000
1635266191559843 -0.12885 0.99166 0.00000 -22.30972 0.99166 0.12885 0.00000 68.46892 0.00000 0.00000 -1.00000 0.00000
1635266191808304 -0.09070 0.99588 0.00000 -20.95191 0.99588 0.09070 0.00000 69.15972 0.00000 0.00000 -1.00000 0.00000
1635266192057049 -0.06526 0.99787 0.00000 -20.59491 0.99787 0.06526 0.00000 69.61928 0.00000 0.00000 -1.00000 0.00000
1635266192305871 -0.04844 0.99883 -0.00000 -20.81152 0.99883 0.04844 0.00000 69.80098 0.00000 0.00000 -1.00000 0.00000
1635266192554343 -0.03453 0.99940 0.00000 -21.28097 0.99940 0.03453 0.00000 70.19315 0.00000 0.00000 -1.00000 0.00000
1635266192803236 -0.02463 0.99970 -0.00000 -22.16140 0.99970 0.02463 0.00000 70.30359 0.00000 0.00000 -1.00000 0.00000
1635266193051898 -0.01498 0.99989 0.00000 -22.89885 0.99989 0.01498 0.00000 70.49942 0.00000 0.00000 -1.00000 0.00000
1635266193300559 -0.01275 0.99992 0.00000 -24.45361 0.99992 0.01275 0.00000 70.47921 0.00000 0.00000 -1.00000 0.00000
1635266193549288 -0.00678 0.99998 0.00000 -25.72384 0.99998 0.00678 0.00000 70.78394 0.00000 0.00000 -1.00000 0.00000
1635266193797498 -0.00039 1.00000 -0.00000 -26.92153 1.00000 0.00039 0.00000 70.75009 0.00000 0.00000 -1.00000 0.00000
1635266194046161 0.00240 1.00000 -0.00000 -28.45529 1.00000 -0.00240 0.00000 70.80908 0.00000 -0.00000 -1.00000 0.00000
1635266194294832 0.01196 0.99993 0.00000 -29.49003 0.99993 -0.01196 0.00000 71.03260 0.00000 -0.00000 -1.00000 0.00000
1635266194543795 0.01840 0.99983 0.00000 -30.81658 0.99983 -0.01840 0.00000 71.17102 0.00000 -0.00000 -1.00000 0.00000
1635266194792555 0.02920 0.99957 -0.00000 -31.84289 0.99957 -0.02920 0.00000 71.44204 0.00000 -0.00000 -1.00000 0.00000
1635266195041290 0.05032 0.99873 -0.00000 -32.11265 0.99873 -0.05032 0.00000 72.14673 0.00000 -0.00000 -1.00000 0.00000
1635266195289870 0.07623 0.99709 0.00000 -32.06985 0.99709 -0.07623 0.00000 72.98974 0.00000 -0.00000 -1.00000 0.00000
1635266195538829 0.10048 0.99494 0.00000 -32.10521 0.99494 -0.10048 0.00000 73.69156 0.00000 -0.00000 -1.00000 0.00000
1635266195787234 0.10686 0.99427 -0.00000 -33.45784 0.99427 -0.10686 0.00000 73.79299 0.00000 -0.00000 -1.00000 0.00000
1635266196036252 0.11733 0.99309 0.00000 -34.43171 0.99309 -0.11733 0.00000 74.01890 0.00000 -0.00000 -1.00000 0.00000
1635266196284943 0.10745 0.99421 0.00000 -36.98247 0.99421 -0.10745 0.00000 73.63492 0.00000 -0.00000 -1.00000 0.00000
1635266196533914 0.09341 0.99563 0.00000 -39.88102 0.99563 -0.09341 0.00000 73.11693 0.00000 -0.00000 -1.00000 0.00000
1635266196782721 0.08212 0.99662 0.00000 -42.48342 0.99662 -0.08212 0.00000 72.67343 0.00000 -0.00000 -1.00000 0.00000
1635266197031785 0.07113 0.99747 0.00000 -45.07802 0.99747 -0.07113 0.00000 72.10664 0.00000 -0.00000 -1.00000 0.00000
1635266197280873 0.05846 0.99829 0.00000 -47.91585 0.99829 -0.05846 0.00000 71.44886 0.00000 -0.00000 -1.00000 0.00000
1635266197529473 0.04573 0.99895 0.00000 -50.77850 0.99895 -0.04573 0.00000 70.84407 0.00000 -0.00000 -1.00000 0.00000
1635266197778413 0.03712 0.99931 -0.00000 -53.32224 0.99931 -0.03712 0.00000 70.34323 0.00000 -0.00000 -1.00000 0.00000
1635266198027141 0.03066 0.99953 -0.00000 -55.73942 0.99953 -0.03066 0.00000 70.00889 0.00000 -0.00000 -1.00000 0.00000
1635266198276211 0.02287 0.99974 0.00000 -58.32009 0.99974 -0.02287 0.00000 69.52273 0.00000 -0.00000 -1.00000 0.00000
1635266198524856 0.02102 0.99978 0.00000 -60.45782 0.99978 -0.02102 0.00000 69.40608 0.00000 -0.00000 -1.00000 0.00000
