1631149238737476 1.00000 0.00000 0.00000 -0.00000 0.00000 -1.00000 0.00000 0.00000 0.00000 -0.00000 -1.00000 0.00000
1631149238987544 1.00000 0.00034 0.00000 0.01239 0.00034 -1.00000 0.00000 -0.00706 0.00000 -0.00000 -1.00000 -0.00000
1631149239237603 0.99998 0.00596 0.00000 0.04259 0.00596 -0.99998 0.00000 -0.02014 0.00000 -0.00000 -1.00000 -0.00000
1631149239488291 0.99999 0.00400 0.00000 -0.05361 0.00400 -0.99999 0.00000 0.05744 0.00000 -0.00000 -1.00000 0.00000
1631149239737729 0.99992 0.01274 -0.00000 -0.01741 0.01274 -0.99992 0.00000 -0.00068 0.00000 -0.00000 -1.00000 -0.00000
1631149239988419 1.00000 0.00084 -0.00000 -0.04894 0.00084 -1.00000 0.00000 0.01116 0.00000 -0.00000 -1.00000 0.00000
1631149240238486 1.00000 0.00250 0.00000 -0.00309 0.00250 -1.00000 0.00000 0.02023 0.00000 -0.00000 -1.00000 0.00000
1631149240488548 1.00000 0.00281 0.00000 -0.04059 0.00281 -1.00000 0.00000 0.03145 0.00000 -0.00000 -1.00000 0.00000
1631149240738610 1.00000 0.00183 0.00000 0.00333 0.00183 -1.00000 0.00000 -0.00089 0.00000 -0.00000 -1.00000 -0.00000
1631149240988673 1.00000 0.00201 0.00000 0.01090 0.00201 -1.00000 0.00000 -0.00498 0.00000 -0.00000 -1.00000 -0.00000
1631149241238737 1.00000 0.00245 0.00000 -0.00846 0.00245 -1.00000 0.00000 -0.00284 0.00000 -0.00000 -1.00000 -0.00000
1631149241488797 1.00000 0.00076 0.00000 -0.00060 0.00076 -1.00000 0.00000 0.00194 0.00000 -0.00000 -1.00000 0.00000
1631149241738240 0.99994 0.01097 -0.00000 0.00758 0.01097 -0.99994 0.00000 0.00214 0.00000 -0.00000 -1.00000 0.00000
1631149241988928 0.99998 0.00570 -0.00000 -0.06242 0.00570 -0.99998 0.00000 0.04557 0.00000 -0.00000 -1.00000 0.00000
1631149242238365 0.99995 0.00986 -0.00000 -0.04060 0.00986 -0.99995 0.00000 -0.01269 0.00000 -0.00000 -1.00000 -0.00000
1631149242489054 1.00000 0.00174 0.00000 0.01490 0.00174 -1.00000 0.00000 -0.01315 0.00000 -0.00000 -1.00000 -0.00000
1631149242739119 1.00000 0.00136 -0.00000 0.04380 0.00136 -1.00000 0.00000 -0.02237 0.00000 -0.00000 -1.00000 -0.00000
1631149242989180 0.99998 0.00652 -0.00000 0.02705 0.00652 -0.99998 0.00000 -0.01521 0.00000 -0.00000 -1.00000 -0.00000
1631149243239248 0.99999 0.00454 0.00000 -0.03410 0.00454 -0.99999 0.00000 0.00201 0.00000 -0.00000 -1.00000 0.00000
1631149243489309 1.00000 0.00087 0.00000 0.01457 0.00087 -1.00000 0.00000 -0.02376 0.00000 -0.00000 -1.00000 -0.00000
1631149243739372 1.00000 0.00123 0.00000 0.01771 0.00123 -1.00000 0.00000 0.00710 0.00000 -0.00000 -1.00000 0.00000
1631149243988809 0.99997 0.00737 0.00000 -0.00445 0.00737 -0.99997 0.00000 0.00363 0.00000 -0.00000 -1.00000 0.00000
1631149244238877 0.99996 0.00906 0.00000 0.00002 0.00906 -0.99996 0.00000 -0.01722 0.00000 -0.00000 -1.00000 -0.00000
1631149244488949 0.99991 0.01344 0.00000 0.00563 0.01344 -0.99991 0.00000 -0.02563 0.00000 -0.00000 -1.00000 -0.00000
1631149244739624 0.99999 0.00321 -0.00000 -0.06215 0.00321 -0.99999 0.00000 0.01983 0.00000 -0.00000 -1.00000 0.00000
1631149244989692 1.00000 0.00176 0.00000 0.04103 0.00176 -1.00000 0.00000 -0.00811 0.00000 -0.00000 -1.00000 -0.00000
1631149245239754 0.99999 0.00371 0.00000 0.03509 0.00371 -0.99999 0.00000 -0.02178 0.00000 -0.00000 -1.00000 -0.00000
1631149245489819 0.99995 0.01044 0.00000 0.02681 0.01044 -0.99995 0.00000 -0.03131 0.00000 -0.00000 -1.00000 -0.00000
1631149245739882 0.99994 0.01092 0.00000 -0.01149 0.01092 -0.99994 0.00000 -0.00753 0.00000 -0.00000 -1.00000 -0.00000
1631149245989944 0.99994 0.01136 0.00000 0.03939 0.01136 -0.99994 0.00000 -0.02405 0.00000 -0.00000 -1.00000 -0.00000
1631149246240641 0.99999 0.00367 0.00000 -0.06415 0.00367 -0.99999 0.00000 0.02436 0.00000 -0.00000 -1.00000 0.00000
1631149246490699 1.00000 0.00146 0.00000 0.04627 0.00146 -1.00000 0.00000 -0.02833 0.00000 -0.00000 -1.00000 -0.00000
1631149246740760 1.00000 0.00279 -0.00000 0.02241 0.00279 -1.00000 0.00000 -0.00455 0.00000 -0.00000 -1.00000 -0.00000
1631149246990828 1.00000 0.00203 -0.00000 -0.00141 0.00203 -1.00000 0.00000 -0.00252 0.00000 -0.00000 -1.00000 -0.00000
1631149247240886 1.00000 0.00243 0.00000 0.02556 0.00243 -1.00000 0.00000 -0.01901 0.00000 -0.00000 -1.00000 -0.00000
1631149247490950 0.99997 0.00786 0.00000 0.04672 0.00786 -0.99997 0.00000 -0.02192 0.00000 -0.00000 -1.00000 -0.00000
1631149247741019 0.99992 0.01278 -0.00000 0.00234 0.01278 -0.99992 0.00000 -0.01301 0.00000 -0.00000 -1.00000 -0.00000
1631149247991080 0.99996 0.00876 0.00000 -0.01469 0.00876 -0.99996 0.00000 -0.00199 0.00000 -0.00000 -1.00000 -0.00000
1631149248241142 0.99994 0.01063 0.00000 0.04123 0.01063 -0.99994 0.00000 -0.01654 0.00000 -0.00000 -1.00000 -0.00000
1631149248491206 0.99995 0.00993 -0.00000 -0.02777 0.00993 -0.99995 0.00000 0.00201 0.00000 -0.00000 -1.00000 0.00000
1631149248741270 0.99990 0.01383 0.00000 0.00234 0.01383 -0.99990 0.00000 -0.01114 0.00000 -0.00000 -1.00000 -0.00000
1631149248991337 0.99997 0.00793 0.00000 -0.04917 0.00793 -0.99997 0.00000 -0.02640 0.00000 -0.00000 -1.00000 -0.00000
1631149249242023 1.00000 0.00138 0.00000 0.03674 0.00138 -1.00000 0.00000 -0.01709 0.00000 -0.00000 -1.00000 -0.00000
1631149249492090 0.99999 0.00480 0.00000 0.04699 0.00480 -0.99999 0.00000 -0.02717 0.00000 -0.00000 -1.00000 -0.00000
1631149249742151 0.99994 0.01102 0.00000 0.00784 0.01102 -0.99994 0.00000 -0.02403 0.00000 -0.00000 -1.00000 -0.00000
1631149249992208 0.99993 0.01171 0.00000 0.00533 0.01171 -0.99993 0.00000 -0.02518 0.00000 -0.00000 -1.00000 -0.00000
1631149250242903 0.99999 0.00320 0.00000 -0.03006 0.00320 -0.99999 0.00000 0.01044 0.00000 -0.00000 -1.00000 0.00000
1631149250492939 1.00000 0.00247 0.00000 0.01524 0.00247 -1.00000 0.00000 0.01249 0.00000 -0.00000 -1.00000 0.00000
1631149250742965 1.00000 -0.00042 -0.00000 -0.00708 -0.00042 -1.00000 0.00000 0.00017 -0.00000 -0.00000 -1.00000 0.00000
1631149250993011 1.00000 0.00008 0.00000 -0.03071 0.00008 -1.00000 0.00000 -0.03494 0.00000 -0.00000 -1.00000 -0.00000
1631149251243061 1.00000 0.00192 0.00000 -0.09775 0.00192 -1.00000 0.00000 0.00480 0.00000 -0.00000 -1.00000 0.00000
1631149251493104 1.00000 0.00016 0.00000 -0.13193 0.00016 -1.00000 0.00000 0.00185 0.00000 -0.00000 -1.00000 0.00000
1631149251743149 1.00000 -0.00111 0.00000 -0.18869 -0.00111 -1.00000 0.00000 -0.01721 -0.00000 -0.00000 -1.00000 -0.00000
1631149251992568 0.99999 0.00547 0.00000 -0.21771 0.00547 -0.99999 0.00000 -0.00610 0.00000 -0.00000 -1.00000 -0.00000
1631149252242609 0.99999 0.00403 0.00000 -0.27461 0.00403 -0.99999 0.00000 -0.00479 0.00000 -0.00000 -1.00000 -0.00000
1631149252493288 0.99998 -0.00549 0.00000 -0.41266 -0.00549 -0.99998 0.00000 0.04950 -0.00000 -0.00000 -1.00000 0.00000
1631149252743324 0.99986 -0.01655 0.00000 -0.51909 -0.01655 -0.99986 0.00000 -0.07920 -0.00000 -0.00000 -1.00000 -0.00000
1631149252993370 0.99970 -0.02444 0.00000 -0.79030 -0.02444 -0.99970 0.00000 -0.08835 -0.00000 -0.00000 -1.00000 -0.00000
1631149253243417 0.99951 -0.03114 0.00000 -1.06647 -0.03114 -0.99951 0.00000 -0.07673 -0.00000 -0.00000 -1.00000 -0.00000
1631149253494083 0.99883 -0.04844 -0.00000 -1.46141 -0.04844 -0.99883 0.00000 0.04829 -0.00000 -0.00000 -1.00000 0.00000
1631149253743501 0.99812 -0.06124 0.00000 -1.84925 -0.06124 -0.99812 0.00000 0.00474 -0.00000 -0.00000 -1.00000 0.00000
1631149253993549 0.99688 -0.07893 0.00000 -2.28713 -0.07893 -0.99688 0.00000 -0.00695 -0.00000 -0.00000 -1.00000 -0.00000
1631149254244214 0.99498 -0.10005 0.00000 -2.80405 -0.10005 -0.99498 0.00000 0.09023 -0.00000 -0.00000 -1.00000 0.00000
1631149254494260 0.99365 -0.11248 0.00000 -3.35536 -0.11248 -0.99365 0.00000 0.04607 -0.00000 -0.00000 -1.00000 0.00000
1631149254744304 0.99135 -0.13126 0.00000 -4.00127 -0.13126 -0.99135 0.00000 0.15674 -0.00000 -0.00000 -1.00000 0.00000
1631149254993726 0.99055 -0.13714 -0.00000 -4.63292 -0.13714 -0.99055 0.00000 0.11971 -0.00000 -0.00000 -1.00000 0.00000
1631149255243772 0.98864 -0.15030 0.00000 -5.42001 -0.15030 -0.98864 0.00000 0.16912 -0.00000 -0.00000 -1.00000 0.00000
1631149255493817 0.98752 -0.15752 0.00000 -6.14106 -0.15752 -0.98752 0.00000 0.18731 -0.00000 -0.00000 -1.00000 0.00000
1631149255743859 0.98612 -0.16602 -0.00000 -7.02825 -0.16602 -0.98612 0.00000 0.16473 -0.00000 -0.00000 -1.00000 0.00000
1631149255994530 0.98456 -0.17506 0.00000 -7.90661 -0.17506 -0.98456 0.00000 0.39430 -0.00000 -0.00000 -1.00000 0.00000
1631149256244576 0.98513 -0.17179 -0.00000 -8.78990 -0.17179 -0.98513 0.00000 0.20818 -0.00000 -0.00000 -1.00000 0.00000
1631149256494621 0.98625 -0.16528 0.00000 -9.81468 -0.16528 -0.98625 0.00000 0.17039 -0.00000 -0.00000 -1.00000 0.00000
1631149256744041 0.98705 -0.16039 0.00000 -10.70771 -0.16039 -0.98705 0.00000 0.10493 -0.00000 -0.00000 -1.00000 0.00000
1631149256994703 0.98808 -0.15396 0.00000 -11.76444 -0.15396 -0.98808 0.00000 0.05333 -0.00000 -0.00000 -1.00000 0.00000
1631149257244745 0.98934 -0.14562 -0.00000 -12.80994 -0.14562 -0.98934 0.00000 -0.07039 -0.00000 -0.00000 -1.00000 -0.00000
1631149257494802 0.99089 -0.13470 0.00000 -13.84038 -0.13470 -0.99089 0.00000 -0.18903 -0.00000 -0.00000 -1.00000 -0.00000
1631149257744847 0.99208 -0.12565 0.00000 -14.92226 -0.12565 -0.99208 0.00000 -0.38579 -0.00000 -0.00000 -1.00000 -0.00000
1631149257994890 0.99331 -0.11548 0.00000 -16.11018 -0.11548 -0.99331 0.00000 -0.49922 -0.00000 -0.00000 -1.00000 -0.00000
1631149258244935 0.99430 -0.10662 -0.00000 -17.21452 -0.10662 -0.99430 0.00000 -0.67958 -0.00000 -0.00000 -1.00000 -0.00000
1631149258494976 0.99491 -0.10077 0.00000 -18.53513 -0.10077 -0.99491 0.00000 -0.79983 -0.00000 -0.00000 -1.00000 -0.00000
1631149258745024 0.99567 -0.09298 0.00000 -19.83959 -0.09298 -0.99567 0.00000 -0.89873 -0.00000 -0.00000 -1.00000 -0.00000
1631149258995069 0.99617 -0.08739 0.00000 -21.12393 -0.08739 -0.99617 0.00000 -1.09614 -0.00000 -0.00000 -1.00000 -0.00000
1631149259245739 0.99623 -0.08674 0.00000 -22.62101 -0.08674 -0.99623 0.00000 -0.98856 -0.00000 -0.00000 -1.00000 -0.00000
1631149259496412 0.99709 -0.07623 0.00000 -23.92247 -0.07623 -0.99709 0.00000 -1.27464 -0.00000 -0.00000 -1.00000 -0.00000
1631149259746448 0.99736 -0.07268 0.00000 -25.43769 -0.07268 -0.99736 0.00000 -1.34657 -0.00000 -0.00000 -1.00000 -0.00000
1631149259996503 0.99714 -0.07553 0.00000 -26.99599 -0.07553 -0.99714 0.00000 -1.48502 -0.00000 -0.00000 -1.00000 -0.00000
1631149260245925 0.99776 -0.06690 0.00000 -28.48623 -0.06690 -0.99776 0.00000 -1.71239 -0.00000 -0.00000 -1.00000 -0.00000
1631149260496603 0.99789 -0.06486 0.00000 -30.10669 -0.06486 -0.99789 0.00000 -1.63078 -0.00000 -0.00000 -1.00000 -0.00000
1631149260746637 0.99766 -0.06838 0.00000 -31.64192 -0.06838 -0.99766 0.00000 -1.75428 -0.00000 -0.00000 -1.00000 -0.00000
1631149260996682 0.99821 -0.05987 0.00000 -33.18313 -0.05987 -0.99821 0.00000 -2.00929 -0.00000 -0.00000 -1.00000 -0.00000
1631149261247349 0.99874 -0.05028 -0.00000 -34.65842 -0.05028 -0.99874 0.00000 -2.24368 -0.00000 -0.00000 -1.00000 -0.00000
1631149261498018 0.99890 -0.04682 0.00000 -36.25154 -0.04682 -0.99890 0.00000 -2.33128 -0.00000 -0.00000 -1.00000 -0.00000
1631149261747437 0.99935 -0.03606 0.00000 -37.78853 -0.03606 -0.99935 0.00000 -2.80965 -0.00000 -0.00000 -1.00000 -0.00000
1631149261997489 0.99945 -0.03328 0.00000 -39.10445 -0.03328 -0.99945 0.00000 -3.03348 -0.00000 -0.00000 -1.00000 -0.00000
1631149262246908 0.99971 -0.02426 0.00000 -40.68675 -0.02426 -0.99971 0.00000 -3.29993 -0.00000 -0.00000 -1.00000 -0.00000
1631149262496956 0.99959 -0.02865 0.00000 -42.41361 -0.02865 -0.99959 0.00000 -3.14831 -0.00000 -0.00000 -1.00000 -0.00000
1631149262746373 0.99973 -0.02331 0.00000 -44.01574 -0.02331 -0.99973 0.00000 -3.51207 -0.00000 -0.00000 -1.00000 -0.00000
1631149262995839 0.99979 -0.02048 0.00000 -45.58963 -0.02048 -0.99979 0.00000 -3.54281 -0.00000 -0.00000 -1.00000 -0.00000
1631149263245842 0.99994 -0.01069 0.00000 -47.30731 -0.01069 -0.99994 0.00000 -4.10955 -0.00000 -0.00000 -1.00000 -0.00000
1631149263496520 0.99989 -0.01513 -0.00000 -49.10850 -0.01513 -0.99989 0.00000 -3.83388 -0.00000 -0.00000 -1.00000 -0.00000
1631149263746553 0.99995 -0.00981 0.00000 -50.72754 -0.00981 -0.99995 0.00000 -4.25965 -0.00000 -0.00000 -1.00000 -0.00000
1631149263997226 0.99996 -0.00899 0.00000 -52.47186 -0.00899 -0.99996 0.00000 -4.32674 -0.00000 -0.00000 -1.00000 -0.00000
1631149264247272 1.00000 -0.00090 0.00000 -54.10194 -0.00090 -1.00000 0.00000 -4.82832 -0.00000 -0.00000 -1.00000 -0.00000
1631149264497941 0.99997 -0.00827 0.00000 -55.78050 -0.00827 -0.99997 0.00000 -4.37832 -0.00000 -0.00000 -1.00000 -0.00000
1631149264747980 0.99998 -0.00587 0.00000 -57.41867 -0.00587 -0.99998 0.00000 -4.62293 -0.00000 -0.00000 -1.00000 -0.00000
1631149264998034 1.00000 -0.00240 0.00000 -59.14762 -0.00240 -1.00000 0.00000 -4.80792 -0.00000 -0.00000 -1.00000 -0.00000
1631149265247451 1.00000 -0.00203 0.00000 -60.79117 -0.00203 -1.00000 0.00000 -4.79971 -0.00000 -0.00000 -1.00000 -0.00000
1631149265496875 1.00000 0.00166 -0.00000 -62.54818 0.00166 -1.00000 0.00000 -5.09675 0.00000 -0.00000 -1.00000 -0.00000
1631149265746911 1.00000 -0.00121 0.00000 -64.35995 -0.00121 -1.00000 0.00000 -4.87566 -0.00000 -0.00000 -1.00000 -0.00000
1631149265996334 0.99999 0.00344 0.00000 -66.10774 0.00344 -0.99999 0.00000 -5.26665 0.00000 -0.00000 -1.00000 -0.00000
1631149266247009 0.99999 0.00417 0.00000 -68.00574 0.00417 -0.99999 0.00000 -5.27153 0.00000 -0.00000 -1.00000 -0.00000
1631149266497056 1.00000 0.00303 0.00000 -69.75348 0.00303 -1.00000 0.00000 -5.23535 0.00000 -0.00000 -1.00000 -0.00000
1631149266747100 1.00000 0.00147 0.00000 -71.60020 0.00147 -1.00000 0.00000 -5.10893 0.00000 -0.00000 -1.00000 -0.00000
1631149266997140 1.00000 -0.00185 0.00000 -73.44080 -0.00185 -1.00000 0.00000 -4.87608 -0.00000 -0.00000 -1.00000 -0.00000
1631149267247183 0.99996 -0.00922 0.00000 -75.31188 -0.00922 -0.99996 0.00000 -4.36503 -0.00000 -0.00000 -1.00000 -0.00000
1631149267497235 0.99996 -0.00916 0.00000 -77.17541 -0.00916 -0.99996 0.00000 -4.36612 -0.00000 -0.00000 -1.00000 -0.00000
1631149267747283 0.99989 -0.01499 0.00000 -79.09689 -0.01499 -0.99989 0.00000 -3.91553 -0.00000 -0.00000 -1.00000 -0.00000
1631149267997948 0.99943 -0.03366 -0.00000 -80.99931 -0.03366 -0.99943 0.00000 -2.43627 -0.00000 -0.00000 -1.00000 -0.00000
1631149268247381 0.99907 -0.04301 0.00000 -82.81817 -0.04301 -0.99907 0.00000 -1.70659 -0.00000 -0.00000 -1.00000 -0.00000
1631149268497431 0.99831 -0.05818 -0.00000 -84.66784 -0.05818 -0.99831 0.00000 -0.43650 -0.00000 -0.00000 -1.00000 -0.00000
1631149268748095 0.99518 -0.09803 0.00000 -86.40912 -0.09803 -0.99518 0.00000 2.89411 -0.00000 -0.00000 -1.00000 0.00000
1631149268997514 0.99210 -0.12548 0.00000 -88.04752 -0.12548 -0.99210 0.00000 5.20919 -0.00000 -0.00000 -1.00000 0.00000
1631149269248181 0.98821 -0.15308 0.00000 -89.54933 -0.15308 -0.98821 0.00000 7.78178 -0.00000 -0.00000 -1.00000 0.00000
1631149269498850 0.98329 -0.18202 0.00000 -90.99121 -0.18202 -0.98329 0.00000 10.38183 -0.00000 -0.00000 -1.00000 0.00000
1631149269748275 0.97799 -0.20867 0.00000 -92.38748 -0.20867 -0.97799 0.00000 12.72500 -0.00000 -0.00000 -1.00000 0.00000
1631149269998948 0.96832 -0.24970 0.00000 -93.39041 -0.24970 -0.96832 0.00000 16.62907 -0.00000 -0.00000 -1.00000 0.00000
1631149270248989 0.95850 -0.28509 0.00000 -94.44533 -0.28509 -0.95850 0.00000 20.05664 -0.00000 -0.00000 -1.00000 0.00000
1631149270499049 0.94764 -0.31933 0.00000 -95.35023 -0.31933 -0.94764 0.00000 23.44511 -0.00000 -0.00000 -1.00000 0.00000
1631149270749079 0.93362 -0.35827 0.00000 -95.95202 -0.35827 -0.93362 0.00000 27.29686 -0.00000 -0.00000 -1.00000 0.00000
1631149270999144 0.91749 -0.39776 -0.00000 -96.40088 -0.39776 -0.91749 0.00000 31.31227 -0.00000 -0.00000 -1.00000 0.00000
1631149271249174 0.89938 -0.43718 -0.00000 -96.58058 -0.43718 -0.89938 0.00000 35.45003 -0.00000 -0.00000 -1.00000 0.00000
1631149271499221 0.88062 -0.47383 -0.00000 -96.71602 -0.47383 -0.88062 0.00000 39.52820 -0.00000 -0.00000 -1.00000 0.00000
1631149271749264 0.85909 -0.51183 0.00000 -96.64021 -0.51183 -0.85909 0.00000 43.56961 -0.00000 -0.00000 -1.00000 0.00000
1631149271998686 0.83636 -0.54818 0.00000 -96.36862 -0.54818 -0.83636 0.00000 47.67055 -0.00000 -0.00000 -1.00000 0.00000
1631149272248742 0.80397 -0.59467 -0.00000 -95.14808 -0.59467 -0.80397 0.00000 53.19703 -0.00000 -0.00000 -1.00000 0.00000
1631149272498783 0.76303 -0.64637 0.00000 -92.91639 -0.64637 -0.76303 0.00000 59.35149 -0.00000 -0.00000 -1.00000 0.00000
1631149272748205 0.71895 -0.69506 -0.00000 -90.60457 -0.69506 -0.71895 0.00000 65.29793 -0.00000 -0.00000 -1.00000 0.00000
1631149272998250 0.66417 -0.74758 0.00000 -87.12875 -0.74758 -0.66417 0.00000 71.92957 -0.00000 -0.00000 -1.00000 0.00000
1631149273248301 0.61373 -0.78952 -0.00000 -83.95860 -0.78952 -0.61373 0.00000 77.38031 -0.00000 -0.00000 -1.00000 0.00000
1631149273498339 0.55523 -0.83169 0.00000 -79.80127 -0.83169 -0.55523 0.00000 83.32024 -0.00000 -0.00000 -1.00000 0.00000
1631149273747762 0.49637 -0.86811 -0.00000 -75.46827 -0.86811 -0.49637 0.00000 88.48386 -0.00000 -0.00000 -1.00000 0.00000
1631149273997812 0.43601 -0.89994 0.00000 -70.97725 -0.89994 -0.43601 0.00000 93.46951 -0.00000 -0.00000 -1.00000 0.00000
1631149274247226 0.38807 -0.92163 0.00000 -67.68493 -0.92163 -0.38807 0.00000 96.96352 -0.00000 -0.00000 -1.00000 0.00000
1631149274497272 0.34489 -0.93864 0.00000 -64.80869 -0.93864 -0.34489 0.00000 100.09136 -0.00000 -0.00000 -1.00000 0.00000
1631149274746695 0.32290 -0.94643 0.00000 -64.12367 -0.94643 -0.32290 0.00000 101.36784 -0.00000 -0.00000 -1.00000 0.00000
1631149274996747 0.31143 -0.95027 -0.00000 -64.55419 -0.95027 -0.31143 0.00000 102.20308 -0.00000 -0.00000 -1.00000 0.00000
1631149275246789 0.29919 -0.95419 0.00000 -64.84563 -0.95419 -0.29919 0.00000 103.03545 -0.00000 -0.00000 -1.00000 0.00000
1631149275496835 0.30709 -0.95168 0.00000 -67.31658 -0.95168 -0.30709 0.00000 102.43569 -0.00000 -0.00000 -1.00000 0.00000
1631149275746886 0.32028 -0.94732 0.00000 -70.36932 -0.94732 -0.32028 0.00000 101.44000 -0.00000 -0.00000 -1.00000 0.00000
1631149275996927 0.33751 -0.94132 0.00000 -73.77497 -0.94132 -0.33751 0.00000 100.07037 -0.00000 -0.00000 -1.00000 0.00000
1631149276247598 0.34484 -0.93866 -0.00000 -76.14846 -0.93866 -0.34484 0.00000 99.54052 -0.00000 -0.00000 -1.00000 0.00000
1631149276497654 0.36154 -0.93236 0.00000 -79.43057 -0.93236 -0.36154 0.00000 98.07894 -0.00000 -0.00000 -1.00000 0.00000
1631149276747690 0.38140 -0.92441 0.00000 -83.09775 -0.92441 -0.38140 0.00000 96.36154 -0.00000 -0.00000 -1.00000 0.00000
1631149276998370 0.38749 -0.92187 0.00000 -85.31740 -0.92187 -0.38749 0.00000 95.95933 -0.00000 -0.00000 -1.00000 0.00000
1631149277248410 0.39508 -0.91865 0.00000 -87.63953 -0.91865 -0.39508 0.00000 95.20918 -0.00000 -0.00000 -1.00000 0.00000
1631149277498459 0.40540 -0.91414 -0.00000 -90.15334 -0.91414 -0.40540 0.00000 94.04519 -0.00000 -0.00000 -1.00000 0.00000
1631149277748500 0.41591 -0.90941 0.00000 -92.72730 -0.90941 -0.41591 0.00000 93.07260 -0.00000 -0.00000 -1.00000 0.00000
1631149277998545 0.43476 -0.90055 0.00000 -95.91593 -0.90055 -0.43476 0.00000 91.03764 -0.00000 -0.00000 -1.00000 0.00000
1631149278248600 0.45155 -0.89225 0.00000 -98.90076 -0.89225 -0.45155 0.00000 89.31524 -0.00000 -0.00000 -1.00000 0.00000
1631149278498647 0.45836 -0.88877 0.00000 -100.63141 -0.88877 -0.45836 0.00000 88.63137 -0.00000 -0.00000 -1.00000 0.00000
1631149278748689 0.46778 -0.88385 0.00000 -102.38470 -0.88385 -0.46778 0.00000 87.33736 -0.00000 -0.00000 -1.00000 0.00000
1631149278998740 0.47413 -0.88046 0.00000 -103.74114 -0.88046 -0.47413 0.00000 86.57097 -0.00000 -0.00000 -1.00000 0.00000
1631149279248781 0.48454 -0.87477 -0.00000 -105.38326 -0.87477 -0.48454 0.00000 85.35532 -0.00000 -0.00000 -1.00000 0.00000
1631149279498830 0.48947 -0.87202 0.00000 -106.36390 -0.87202 -0.48947 0.00000 84.78829 -0.00000 -0.00000 -1.00000 0.00000
1631149279749500 0.48640 -0.87374 0.00000 -106.48919 -0.87374 -0.48640 0.00000 85.23129 -0.00000 -0.00000 -1.00000 0.00000
1631149279999545 0.49077 -0.87129 0.00000 -107.21092 -0.87129 -0.49077 0.00000 84.66998 -0.00000 -0.00000 -1.00000 0.00000
1631149280249588 0.49988 -0.86609 0.00000 -108.40778 -0.86609 -0.49988 0.00000 83.42982 -0.00000 -0.00000 -1.00000 0.00000
1631149280499635 0.50381 -0.86382 0.00000 -109.12199 -0.86382 -0.50381 0.00000 82.99917 -0.00000 -0.00000 -1.00000 0.00000
1631149280750315 0.49673 -0.86791 0.00000 -108.71491 -0.86791 -0.49673 0.00000 83.95404 -0.00000 -0.00000 -1.00000 0.00000
1631149281000355 0.49836 -0.86697 0.00000 -109.21701 -0.86697 -0.49836 0.00000 83.69292 -0.00000 -0.00000 -1.00000 0.00000
1631149281250402 0.50189 -0.86493 0.00000 -110.02409 -0.86493 -0.50189 0.00000 83.21869 -0.00000 -0.00000 -1.00000 0.00000
1631149281501075 0.50043 -0.86577 0.00000 -110.56056 -0.86577 -0.50043 0.00000 83.53965 -0.00000 -0.00000 -1.00000 0.00000
1631149281750499 0.50443 -0.86346 0.00000 -111.52370 -0.86346 -0.50443 0.00000 82.75523 -0.00000 -0.00000 -1.00000 0.00000
1631149282000543 0.49870 -0.86677 -0.00000 -111.76466 -0.86677 -0.49870 0.00000 83.58347 -0.00000 -0.00000 -1.00000 0.00000
1631149282251216 0.49083 -0.87126 0.00000 -111.89428 -0.87126 -0.49083 0.00000 84.64985 -0.00000 -0.00000 -1.00000 0.00000
1631149282501261 0.48734 -0.87321 0.00000 -112.44414 -0.87321 -0.48734 0.00000 85.00711 -0.00000 -0.00000 -1.00000 0.00000
1631149282751308 0.48066 -0.87691 0.00000 -112.77174 -0.87691 -0.48066 0.00000 85.87990 -0.00000 -0.00000 -1.00000 0.00000
1631149283000729 0.48135 -0.87653 0.00000 -114.01066 -0.87653 -0.48135 0.00000 85.72552 -0.00000 -0.00000 -1.00000 0.00000
1631149283250157 0.48570 -0.87412 0.00000 -115.61401 -0.87412 -0.48570 0.00000 85.10185 -0.00000 -0.00000 -1.00000 0.00000
1631149283500202 0.48605 -0.87393 0.00000 -116.79811 -0.87393 -0.48605 0.00000 85.03580 -0.00000 -0.00000 -1.00000 0.00000
1631149283750248 0.48930 -0.87212 0.00000 -118.38540 -0.87212 -0.48930 0.00000 84.73323 -0.00000 -0.00000 -1.00000 0.00000
1631149284000293 0.49520 -0.86878 0.00000 -120.19618 -0.86878 -0.49520 0.00000 83.85238 -0.00000 -0.00000 -1.00000 0.00000
1631149284250340 0.50830 -0.86118 -0.00000 -122.69913 -0.86118 -0.50830 0.00000 82.03300 -0.00000 -0.00000 -1.00000 0.00000
1631149284500400 0.52159 -0.85319 0.00000 -125.30089 -0.85319 -0.52159 0.00000 80.14039 -0.00000 -0.00000 -1.00000 0.00000
1631149284750432 0.53742 -0.84331 0.00000 -128.19434 -0.84331 -0.53742 0.00000 77.68094 -0.00000 -0.00000 -1.00000 0.00000
1631149285000480 0.56026 -0.82832 -0.00000 -131.53521 -0.82832 -0.56026 0.00000 74.19077 -0.00000 -0.00000 -1.00000 0.00000
1631149285251153 0.56843 -0.82273 -0.00000 -133.68025 -0.82273 -0.56843 0.00000 72.84464 -0.00000 -0.00000 -1.00000 0.00000
1631149285501197 0.58758 -0.80917 0.00000 -136.52359 -0.80917 -0.58758 0.00000 69.74848 -0.00000 -0.00000 -1.00000 0.00000
1631149285751246 0.61073 -0.79184 0.00000 -139.86581 -0.79184 -0.61073 0.00000 65.74563 -0.00000 -0.00000 -1.00000 0.00000
1631149286001296 0.63890 -0.76929 0.00000 -143.44732 -0.76929 -0.63890 0.00000 60.67078 -0.00000 -0.00000 -1.00000 0.00000
1631149286251343 0.66973 -0.74260 0.00000 -147.20144 -0.74260 -0.66973 0.00000 54.52946 -0.00000 -0.00000 -1.00000 0.00000
1631149286502015 0.69560 -0.71843 0.00000 -150.18846 -0.71843 -0.69560 0.00000 49.50961 -0.00000 -0.00000 -1.00000 0.00000
1631149286752062 0.73302 -0.68021 0.00000 -153.79245 -0.68021 -0.73302 0.00000 41.38192 -0.00000 -0.00000 -1.00000 0.00000
1631149287002118 0.77186 -0.63580 0.00000 -157.13483 -0.63580 -0.77186 0.00000 32.10865 -0.00000 -0.00000 -1.00000 0.00000
1631149287251528 0.81559 -0.57863 0.00000 -160.06984 -0.57863 -0.81559 0.00000 20.73868 -0.00000 -0.00000 -1.00000 0.00000
1631149287500952 0.85513 -0.51842 0.00000 -162.13629 -0.51842 -0.85513 0.00000 9.07780 -0.00000 -0.00000 -1.00000 0.00000
1631149287750372 0.89162 -0.45278 0.00000 -163.32977 -0.45278 -0.89162 0.00000 -2.93384 -0.00000 -0.00000 -1.00000 -0.00000
1631149287999799 0.92486 -0.38031 0.00000 -163.44018 -0.38031 -0.92486 0.00000 -16.05989 -0.00000 -0.00000 -1.00000 -0.00000
1631149288249846 0.95241 -0.30481 0.00000 -162.53659 -0.30481 -0.95241 0.00000 -29.04225 -0.00000 -0.00000 -1.00000 -0.00000
1631149288500519 0.97619 -0.21693 0.00000 -159.99797 -0.21693 -0.97619 0.00000 -43.71881 -0.00000 -0.00000 -1.00000 -0.00000
1631149288750567 0.99366 -0.11239 0.00000 -155.16416 -0.11239 -0.99366 0.00000 -60.41588 -0.00000 -0.00000 -1.00000 -0.00000
1631149289000617 1.00000 -0.00240 0.00000 -148.40602 -0.00240 -1.00000 0.00000 -77.01077 -0.00000 -0.00000 -1.00000 -0.00000
1631149289250036 0.99262 0.12129 -0.00000 -138.49694 0.12129 -0.99262 0.00000 -94.76426 0.00000 -0.00000 -1.00000 -0.00000
1631149289500085 0.96985 0.24371 0.00000 -126.40590 0.24371 -0.96985 0.00000 -111.21156 0.00000 -0.00000 -1.00000 -0.00000
1631149289750133 0.93262 0.36087 -0.00000 -112.60714 0.36087 -0.93262 0.00000 -125.78205 0.00000 -0.00000 -1.00000 -0.00000
1631149290000801 0.87982 0.47530 0.00000 -96.56557 0.47530 -0.87982 0.00000 -138.89012 0.00000 -0.00000 -1.00000 -0.00000
1631149290250850 0.81104 0.58499 0.00000 -78.48602 0.58499 -0.81104 0.00000 -150.13403 0.00000 -0.00000 -1.00000 -0.00000
1631149290500899 0.72142 0.69250 -0.00000 -57.38562 0.69250 -0.72142 0.00000 -159.62783 0.00000 -0.00000 -1.00000 -0.00000
1631149290750948 0.62335 0.78194 0.00000 -36.49075 0.78194 -0.62335 0.00000 -165.78524 0.00000 -0.00000 -1.00000 -0.00000
1631149291001616 0.51604 0.85657 0.00000 -15.32526 0.85657 -0.51604 0.00000 -169.06785 0.00000 -0.00000 -1.00000 -0.00000
1631149291251667 0.39543 0.91850 -0.00000 6.99409 0.91850 -0.39543 0.00000 -169.61144 0.00000 -0.00000 -1.00000 -0.00000
1631149291501714 0.25863 0.96598 0.00000 30.75040 0.96598 -0.25863 0.00000 -166.80569 0.00000 -0.00000 -1.00000 -0.00000
1631149291751760 0.09979 0.99501 0.00000 56.24890 0.99501 -0.09979 0.00000 -159.61828 0.00000 -0.00000 -1.00000 -0.00000
1631149292002432 -0.07366 0.99728 0.00000 82.16354 0.99728 0.07366 0.00000 -147.44471 0.00000 0.00000 -1.00000 -0.00000
1631149292252480 -0.25520 0.96689 0.00000 106.86043 0.96689 0.25520 0.00000 -129.81680 0.00000 0.00000 -1.00000 -0.00000
1631149292503156 -0.42346 0.90592 0.00000 127.26669 0.90592 0.42346 0.00000 -108.66169 0.00000 0.00000 -1.00000 -0.00000
1631149292753825 -0.55732 0.83030 0.00000 141.39477 0.83030 0.55732 0.00000 -87.94398 0.00000 0.00000 -1.00000 -0.00000
1631149293003873 -0.66734 0.74475 0.00000 151.26337 0.74475 0.66734 0.00000 -67.35835 0.00000 0.00000 -1.00000 -0.00000
1631149293253303 -0.76207 0.64750 0.00000 157.94148 0.64750 0.76207 0.00000 -46.28659 0.00000 0.00000 -1.00000 -0.00000
1631149293502721 -0.82705 0.56213 0.00000 161.03735 0.56213 0.82705 0.00000 -29.03355 0.00000 0.00000 -1.00000 -0.00000
1631149293752145 -0.86824 0.49614 0.00000 161.79999 0.49614 0.86824 0.00000 -16.48039 0.00000 0.00000 -1.00000 -0.00000
1631149294002188 -0.89748 0.44106 -0.00000 161.49822 0.44106 0.89748 0.00000 -6.21591 0.00000 0.00000 -1.00000 -0.00000
1631149294251614 -0.91345 0.40694 0.00000 160.60429 0.40694 0.91345 0.00000 -0.27562 0.00000 0.00000 -1.00000 -0.00000
1631149294501663 -0.92148 0.38844 -0.00000 159.53493 0.38844 0.92148 0.00000 3.08755 0.00000 0.00000 -1.00000 0.00000
1631149294751705 -0.92617 0.37710 0.00000 158.35014 0.37710 0.92617 0.00000 5.02371 0.00000 0.00000 -1.00000 0.00000
1631149295001759 -0.92301 0.38477 0.00000 157.21421 0.38477 0.92301 0.00000 3.74624 0.00000 0.00000 -1.00000 0.00000
1631149295251805 -0.91365 0.40649 0.00000 156.16249 0.40649 0.91365 0.00000 0.00954 0.00000 0.00000 -1.00000 0.00000
1631149295502480 -0.90600 0.42328 0.00000 154.92037 0.42328 0.90600 0.00000 -2.78994 0.00000 0.00000 -1.00000 -0.00000
1631149295753149 -0.89180 0.45243 -0.00000 153.49101 0.45243 0.89180 0.00000 -7.88420 0.00000 0.00000 -1.00000 -0.00000
1631149296003194 -0.88524 0.46514 0.00000 152.00117 0.46514 0.88524 0.00000 -10.01011 0.00000 0.00000 -1.00000 -0.00000
1631149296253243 -0.87442 0.48517 0.00000 150.43892 0.48517 0.87442 0.00000 -13.62629 0.00000 0.00000 -1.00000 -0.00000
1631149296503293 -0.86256 0.50596 0.00000 148.66311 0.50596 0.86256 0.00000 -17.26830 0.00000 0.00000 -1.00000 -0.00000
1631149296753966 -0.84297 0.53796 -0.00000 146.65522 0.53796 0.84297 0.00000 -22.80394 0.00000 0.00000 -1.00000 -0.00000
1631149297004009 -0.82575 0.56404 0.00000 144.52764 0.56404 0.82575 0.00000 -27.43133 0.00000 0.00000 -1.00000 -0.00000
1631149297254060 -0.80379 0.59491 0.00000 142.06024 0.59491 0.80379 0.00000 -32.90850 0.00000 0.00000 -1.00000 -0.00000
1631149297503482 -0.78445 0.62019 0.00000 139.74789 0.62019 0.78445 0.00000 -37.40351 0.00000 0.00000 -1.00000 -0.00000
1631149297752285 -0.76305 0.64634 0.00000 137.12039 0.64634 0.76305 0.00000 -42.15616 0.00000 0.00000 -1.00000 -0.00000
1631149298002327 -0.73627 0.67669 0.00000 134.10180 0.67669 0.73627 0.00000 -47.58073 0.00000 0.00000 -1.00000 -0.00000
1631149298251750 -0.70936 0.70485 0.00000 130.85566 0.70485 0.70936 0.00000 -52.80364 0.00000 0.00000 -1.00000 -0.00000
1631149298501176 -0.68810 0.72562 0.00000 128.02299 0.72562 0.68810 0.00000 -56.79506 0.00000 0.00000 -1.00000 -0.00000
1631149298751218 -0.65149 0.75866 0.00000 123.77662 0.75866 0.65149 0.00000 -63.08624 0.00000 0.00000 -1.00000 -0.00000
1631149299001271 -0.61854 0.78576 0.00000 119.66114 0.78576 0.61854 0.00000 -68.36388 0.00000 0.00000 -1.00000 -0.00000
1631149299250696 -0.59798 0.80151 0.00000 116.43232 0.80151 0.59798 0.00000 -71.36116 0.00000 0.00000 -1.00000 -0.00000
1631149299501368 -0.55461 0.83211 0.00000 110.95849 0.83211 0.55461 0.00000 -77.40690 0.00000 0.00000 -1.00000 -0.00000
1631149299751416 -0.51403 0.85777 0.00000 105.76247 0.85777 0.51403 0.00000 -82.70342 0.00000 0.00000 -1.00000 -0.00000
1631149300001465 -0.47553 0.87970 0.00000 100.43024 0.87970 0.47553 0.00000 -87.30961 0.00000 0.00000 -1.00000 -0.00000
1631149300251513 -0.45511 0.89043 -0.00000 96.79156 0.89043 0.45511 0.00000 -89.65545 0.00000 0.00000 -1.00000 -0.00000
1631149300501568 -0.42449 0.90543 0.00000 92.05015 0.90543 0.42449 0.00000 -92.92318 0.00000 0.00000 -1.00000 -0.00000
1631149300751609 -0.40108 0.91604 0.00000 88.13805 0.91604 0.40108 0.00000 -95.36499 0.00000 0.00000 -1.00000 -0.00000
1631149301001652 -0.38121 0.92449 0.00000 84.43449 0.92449 0.38121 0.00000 -97.31961 0.00000 0.00000 -1.00000 -0.00000
1631149301251707 -0.36627 0.93051 -0.00000 81.21058 0.93051 0.36627 0.00000 -98.77721 0.00000 0.00000 -1.00000 -0.00000
1631149301501758 -0.35249 0.93581 0.00000 78.12551 0.93581 0.35249 0.00000 -99.84243 0.00000 0.00000 -1.00000 -0.00000
1631149301752430 -0.33394 0.94260 0.00000 74.49622 0.94260 0.33394 0.00000 -101.47524 0.00000 0.00000 -1.00000 -0.00000
1631149302002477 -0.33234 0.94316 0.00000 72.69162 0.94316 0.33234 0.00000 -101.55574 0.00000 0.00000 -1.00000 -0.00000
1631149302253149 -0.31633 0.94865 0.00000 69.34522 0.94865 0.31633 0.00000 -102.99169 0.00000 0.00000 -1.00000 -0.00000
1631149302502573 -0.31829 0.94799 0.00000 67.93736 0.94799 0.31829 0.00000 -102.85926 0.00000 0.00000 -1.00000 -0.00000
1631149302753249 -0.31816 0.94804 0.00000 66.24298 0.94804 0.31816 0.00000 -102.87930 0.00000 0.00000 -1.00000 -0.00000
1631149303003304 -0.32473 0.94581 0.00000 65.30826 0.94581 0.32473 0.00000 -102.24698 0.00000 0.00000 -1.00000 -0.00000
1631149303253346 -0.33732 0.94139 0.00000 65.06638 0.94139 0.33732 0.00000 -101.52992 0.00000 0.00000 -1.00000 -0.00000
1631149303503392 -0.35480 0.93494 -0.00000 65.23790 0.93494 0.35480 0.00000 -100.28275 0.00000 0.00000 -1.00000 -0.00000
1631149303753443 -0.38377 0.92343 0.00000 66.77149 0.92343 0.38377 0.00000 -98.38331 0.00000 0.00000 -1.00000 -0.00000
1631149304003492 -0.41888 0.90804 0.00000 68.91283 0.90804 0.41888 0.00000 -95.76830 0.00000 0.00000 -1.00000 -0.00000
1631149304253539 -0.46246 0.88664 -0.00000 71.79853 0.88664 0.46246 0.00000 -92.24117 0.00000 0.00000 -1.00000 -0.00000
1631149304504211 -0.51115 0.85949 0.00000 75.35698 0.85949 0.51115 0.00000 -88.19850 0.00000 0.00000 -1.00000 -0.00000
1631149304754259 -0.55759 0.83012 0.00000 78.54253 0.83012 0.55759 0.00000 -83.98145 0.00000 0.00000 -1.00000 -0.00000
1631149305004307 -0.60361 0.79728 0.00000 81.60432 0.79728 0.60361 0.00000 -79.55060 0.00000 0.00000 -1.00000 -0.00000
1631149305254982 -0.64147 0.76714 0.00000 83.87411 0.76714 0.64147 0.00000 -75.45984 0.00000 0.00000 -1.00000 -0.00000
1631149305505656 -0.67837 0.73472 0.00000 85.95050 0.73472 0.67837 0.00000 -71.34311 0.00000 0.00000 -1.00000 -0.00000
1631149305755080 -0.71711 0.69696 -0.00000 88.20383 0.69696 0.71711 0.00000 -66.66985 0.00000 0.00000 -1.00000 -0.00000
1631149306005752 -0.74882 0.66278 0.00000 89.62267 0.66278 0.74882 0.00000 -62.40499 0.00000 0.00000 -1.00000 -0.00000
1631149306255804 -0.78073 0.62487 0.00000 91.31080 0.62487 0.78073 0.00000 -57.93646 0.00000 0.00000 -1.00000 -0.00000
1631149306505846 -0.80810 0.58905 0.00000 92.34763 0.58905 0.80810 0.00000 -53.79845 0.00000 0.00000 -1.00000 -0.00000
1631149306755270 -0.83893 0.54423 0.00000 93.59507 0.54423 0.83893 0.00000 -48.65576 0.00000 0.00000 -1.00000 -0.00000
1631149307004695 -0.86564 0.50066 0.00000 94.43473 0.50066 0.86564 0.00000 -43.70953 0.00000 0.00000 -1.00000 -0.00000
1631149307254117 -0.88914 0.45763 -0.00000 94.95291 0.45763 0.88914 0.00000 -39.13814 0.00000 0.00000 -1.00000 -0.00000
1631149307504170 -0.91010 0.41439 0.00000 95.20894 0.41439 0.91010 0.00000 -34.68787 0.00000 0.00000 -1.00000 -0.00000
1631149307754218 -0.93102 0.36497 0.00000 95.37354 0.36497 0.93102 0.00000 -29.51052 0.00000 0.00000 -1.00000 -0.00000
1631149308004889 -0.94762 0.31939 0.00000 95.11083 0.31939 0.94762 0.00000 -24.79890 0.00000 0.00000 -1.00000 -0.00000
1631149308255564 -0.96162 0.27439 -0.00000 94.62285 0.27439 0.96162 0.00000 -20.28515 0.00000 0.00000 -1.00000 -0.00000
1631149308504997 -0.97374 0.22765 0.00000 93.88481 0.22765 0.97374 0.00000 -15.73813 0.00000 0.00000 -1.00000 -0.00000
1631149308755662 -0.98182 0.18979 -0.00000 92.90050 0.18979 0.98182 0.00000 -11.96578 0.00000 0.00000 -1.00000 -0.00000
1631149309005713 -0.98810 0.15382 0.00000 91.74700 0.15382 0.98810 0.00000 -8.72114 0.00000 0.00000 -1.00000 -0.00000
1631149309255763 -0.99316 0.11679 0.00000 90.46601 0.11679 0.99316 0.00000 -5.30857 0.00000 0.00000 -1.00000 -0.00000
1631149309506438 -0.99576 0.09200 0.00000 89.11077 0.09200 0.99576 0.00000 -2.92500 0.00000 0.00000 -1.00000 -0.00000
1631149309756485 -0.99752 0.07034 0.00000 87.58916 0.07034 0.99752 0.00000 -1.16770 0.00000 0.00000 -1.00000 -0.00000
1631149310007157 -0.99794 0.06414 -0.00000 86.09782 0.06414 0.99794 0.00000 -0.52272 0.00000 0.00000 -1.00000 -0.00000
1631149310256582 -0.99849 0.05496 0.00000 84.66345 0.05496 0.99849 0.00000 0.27799 0.00000 0.00000 -1.00000 0.00000
1631149310506006 -0.99889 0.04720 0.00000 83.11970 0.04720 0.99889 0.00000 0.87296 0.00000 0.00000 -1.00000 0.00000
1631149310754803 -0.99945 0.03313 0.00000 81.66748 0.03313 0.99945 0.00000 1.95478 0.00000 0.00000 -1.00000 0.00000
1631149311004854 -0.99979 0.02055 0.00000 80.15866 0.02055 0.99979 0.00000 3.03897 0.00000 0.00000 -1.00000 0.00000
1631149311254276 -0.99997 0.00812 0.00000 78.63714 0.00812 0.99997 0.00000 3.97090 0.00000 0.00000 -1.00000 0.00000
1631149311504324 -0.99998 -0.00579 -0.00000 77.09885 -0.00579 0.99998 0.00000 5.01706 -0.00000 0.00000 -1.00000 0.00000
1631149311755001 -0.99992 -0.01238 0.00000 75.53814 -0.01238 0.99992 0.00000 5.67664 -0.00000 0.00000 -1.00000 0.00000
1631149312005048 -0.99987 -0.01630 0.00000 73.98152 -0.01630 0.99987 0.00000 5.83607 -0.00000 0.00000 -1.00000 0.00000
1631149312255100 -0.99979 -0.02044 0.00000 72.41213 -0.02044 0.99979 0.00000 6.15952 -0.00000 0.00000 -1.00000 0.00000
1631149312505152 -0.99979 -0.02056 0.00000 70.85289 -0.02056 0.99979 0.00000 6.13610 -0.00000 0.00000 -1.00000 0.00000
1631149312755821 -0.99994 -0.01063 0.00000 69.28834 -0.01063 0.99994 0.00000 5.45302 -0.00000 0.00000 -1.00000 0.00000
1631149313005871 -0.99998 -0.00554 0.00000 67.67633 -0.00554 0.99998 0.00000 5.02900 -0.00000 0.00000 -1.00000 0.00000
1631149313255299 -0.99994 -0.01125 -0.00000 65.98933 -0.01125 0.99994 0.00000 5.31813 -0.00000 0.00000 -1.00000 0.00000
1631149313505345 -0.99992 -0.01242 -0.00000 64.35827 -0.01242 0.99992 0.00000 5.43402 -0.00000 0.00000 -1.00000 0.00000
1631149313756019 -1.00000 0.00017 0.00000 62.73029 0.00017 1.00000 0.00000 4.59929 0.00000 0.00000 -1.00000 0.00000
1631149314006066 -1.00000 -0.00104 0.00000 61.07382 -0.00104 1.00000 0.00000 4.55190 -0.00000 0.00000 -1.00000 0.00000
1631149314256114 -0.99999 0.00442 -0.00000 59.46287 0.00442 0.99999 0.00000 4.19089 0.00000 0.00000 -1.00000 0.00000
1631149314506164 -1.00000 0.00070 0.00000 57.74886 0.00070 1.00000 0.00000 4.39955 0.00000 0.00000 -1.00000 0.00000
1631149314756843 -0.99990 0.01392 -0.00000 56.13922 0.01392 0.99990 0.00000 3.60290 0.00000 0.00000 -1.00000 0.00000
1631149315006886 -0.99989 0.01491 0.00000 54.49811 0.01491 0.99989 0.00000 3.45996 0.00000 0.00000 -1.00000 0.00000
1631149315256942 -0.99987 0.01640 0.00000 52.84439 0.01640 0.99987 0.00000 3.43542 0.00000 0.00000 -1.00000 0.00000
1631149315506365 -0.99983 0.01832 0.00000 51.16622 0.01832 0.99983 0.00000 3.20389 0.00000 0.00000 -1.00000 0.00000
1631149315757038 -0.99976 0.02171 0.00000 49.43596 0.02171 0.99976 0.00000 3.21359 0.00000 0.00000 -1.00000 0.00000
1631149316007086 -0.99974 0.02287 0.00000 47.76610 0.02287 0.99974 0.00000 2.94724 0.00000 0.00000 -1.00000 0.00000
1631149316257136 -0.99970 0.02431 0.00000 46.04668 0.02431 0.99970 0.00000 2.88924 0.00000 0.00000 -1.00000 0.00000
1631149316507814 -0.99953 0.03073 0.00000 44.44987 0.03073 0.99953 0.00000 2.46803 0.00000 0.00000 -1.00000 0.00000
1631149316757853 -0.99950 0.03172 0.00000 42.71755 0.03172 0.99950 0.00000 2.54732 0.00000 0.00000 -1.00000 0.00000
1631149317007908 -0.99938 0.03508 0.00000 40.95572 0.03508 0.99938 0.00000 2.38730 0.00000 0.00000 -1.00000 0.00000
1631149317256711 -0.99959 0.02870 0.00000 39.21157 0.02870 0.99959 0.00000 2.50831 0.00000 0.00000 -1.00000 0.00000
1631149317506133 -0.99955 0.03009 0.00000 37.49763 0.03009 0.99955 0.00000 2.58799 0.00000 0.00000 -1.00000 0.00000
1631149317755556 -0.99947 0.03264 0.00000 35.66010 0.03264 0.99947 0.00000 2.32222 0.00000 0.00000 -1.00000 0.00000
1631149318005628 -0.99925 0.03876 0.00000 33.95833 0.03876 0.99925 0.00000 2.02277 0.00000 0.00000 -1.00000 0.00000
1631149318255673 -0.99933 0.03647 0.00000 32.22454 0.03647 0.99933 0.00000 2.07968 0.00000 0.00000 -1.00000 0.00000
1631149318505709 -0.99944 0.03359 0.00000 30.40957 0.03359 0.99944 0.00000 2.26269 0.00000 0.00000 -1.00000 0.00000
1631149318756382 -0.99923 0.03930 0.00000 28.56458 0.03930 0.99923 0.00000 2.15783 0.00000 0.00000 -1.00000 0.00000
1631149319006432 -0.99908 0.04282 -0.00000 26.77982 0.04282 0.99908 0.00000 1.82238 0.00000 0.00000 -1.00000 0.00000
1631149319256478 -0.99852 0.05437 0.00000 24.99685 0.05437 0.99852 0.00000 1.52500 0.00000 0.00000 -1.00000 0.00000
1631149319507158 -0.99768 0.06812 0.00000 23.25280 0.06812 0.99768 0.00000 1.16642 0.00000 0.00000 -1.00000 0.00000
1631149319757205 -0.99755 0.06998 0.00000 21.40236 0.06998 0.99755 0.00000 1.19266 0.00000 0.00000 -1.00000 0.00000
1631149320007250 -0.99634 0.08553 0.00000 19.66849 0.08553 0.99634 0.00000 0.80637 0.00000 0.00000 -1.00000 0.00000
1631149320257302 -0.99582 0.09130 0.00000 17.76404 0.09130 0.99582 0.00000 0.62258 0.00000 0.00000 -1.00000 0.00000
1631149320507349 -0.99520 0.09784 0.00000 16.03124 0.09784 0.99520 0.00000 0.48196 0.00000 0.00000 -1.00000 0.00000
1631149320757401 -0.99357 0.11325 0.00000 14.19002 0.11325 0.99357 0.00000 0.21598 0.00000 0.00000 -1.00000 0.00000
1631149321007967 -0.99126 0.13195 0.00000 12.40453 0.13195 0.99126 0.00000 -0.01175 0.00000 0.00000 -1.00000 -0.00000
1631149321258122 -0.98989 0.14181 -0.00000 10.65358 0.14181 0.98989 0.00000 -0.03533 0.00000 0.00000 -1.00000 -0.00000
1631149321508177 -0.98989 0.14181 0.00000 8.84363 0.14181 0.98989 0.00000 -0.10118 0.00000 0.00000 -1.00000 -0.00000
