1547123578802910 1.00000 0.00000 0.00000 -0.00000 0.00000 1.00000 0.00000 -0.00000 0.00000 0.00000 1.00000 -0.00000
1547123579053189 1.00000 0.00002 -0.00000 0.00016 -0.00002 1.00000 0.00000 -0.00000 0.00000 -0.00000 1.00000 0.00000
1547123579303131 1.00000 0.00005 -0.00000 0.00004 -0.00005 1.00000 0.00000 -0.00018 0.00000 -0.00000 1.00000 0.00000
1547123579553071 1.00000 0.00007 -0.00000 -0.00030 -0.00007 1.00000 0.00000 0.00007 0.00000 -0.00000 1.00000 -0.00000
1547123579802407 1.00000 0.00015 -0.00000 -0.00098 -0.00015 1.00000 0.00000 0.00083 0.00000 -0.00000 1.00000 -0.00000
1547123580051552 1.00000 0.00006 -0.00000 -0.00117 -0.00006 1.00000 0.00000 0.00082 0.00000 -0.00000 1.00000 -0.00000
1547123580300494 1.00000 0.00000 -0.00000 -0.00120 -0.00000 1.00000 0.00000 0.00126 0.00000 -0.00000 1.00000 -0.00000
1547123580549180 1.00000 -0.00001 -0.00000 -0.00157 0.00001 1.00000 0.00000 0.00180 0.00000 -0.00000 1.00000 -0.00000
1547123580797735 1.00000 0.00001 -0.00000 -0.00195 -0.00001 1.00000 0.00000 0.00161 0.00000 -0.00000 1.00000 -0.00000
1547123581046226 1.00000 0.00006 -0.00000 -0.00214 -0.00006 1.00000 0.00000 0.00119 0.00000 -0.00000 1.00000 -0.00000
1547123581294198 1.00000 0.00001 -0.00000 -0.00212 -0.00001 1.00000 0.00000 0.00118 0.00000 -0.00000 1.00000 -0.00000
1547123581543365 1.00000 -0.00001 -0.00000 -0.00192 0.00001 1.00000 0.00000 0.00134 0.00000 -0.00000 1.00000 -0.00000
1547123581793464 1.00000 0.00001 -0.00000 -0.00203 -0.00001 1.00000 0.00000 0.00132 0.00000 -0.00000 1.00000 -0.00000
1547123582043132 1.00000 0.00005 -0.00000 -0.00167 -0.00005 1.00000 0.00000 0.00071 0.00000 -0.00000 1.00000 -0.00000
1547123582292500 1.00000 0.00002 -0.00000 -0.00165 -0.00002 1.00000 0.00000 0.00141 0.00000 -0.00000 1.00000 -0.00000
1547123582542671 1.00000 -0.00000 -0.00000 -0.00161 0.00000 1.00000 0.00000 -0.00048 0.00000 -0.00000 1.00000 0.00000
1547123582794224 1.00000 -0.00002 -0.00000 -0.00178 0.00002 1.00000 0.00000 -0.00084 0.00000 -0.00000 1.00000 0.00000
1547123583045854 1.00000 -0.00002 -0.00000 -0.00197 0.00002 1.00000 0.00000 0.00056 0.00000 -0.00000 1.00000 -0.00000
1547123583296639 1.00000 0.00005 -0.00000 -0.00219 -0.00005 1.00000 0.00000 0.00027 0.00000 -0.00000 1.00000 -0.00000
1547123583547136 1.00000 0.00005 -0.00000 -0.00217 -0.00005 1.00000 0.00000 0.00041 0.00000 -0.00000 1.00000 -0.00000
1547123583797840 1.00000 -0.00001 -0.00000 -0.00200 0.00001 1.00000 0.00000 0.00140 0.00000 -0.00000 1.00000 -0.00000
1547123584048010 1.00000 -0.00003 -0.00000 -0.00141 0.00003 1.00000 0.00000 0.00099 0.00000 -0.00000 1.00000 -0.00000
1547123584298110 1.00000 0.00000 -0.00000 -0.00080 -0.00000 1.00000 0.00000 -0.00068 0.00000 -0.00000 1.00000 0.00000
1547123584548175 1.00000 0.00000 -0.00000 -0.00043 -0.00000 1.00000 0.00000 -0.00130 0.00000 -0.00000 1.00000 0.00000
1547123584797506 1.00000 -0.00001 -0.00000 -0.00019 0.00001 1.00000 0.00000 -0.00133 0.00000 -0.00000 1.00000 0.00000
1547123585046530 1.00000 -0.00000 -0.00000 -0.00023 0.00000 1.00000 0.00000 -0.00059 0.00000 -0.00000 1.00000 0.00000
1547123585295722 1.00000 0.00003 -0.00000 -0.00022 -0.00003 1.00000 0.00000 0.00004 0.00000 -0.00000 1.00000 -0.00000
1547123585544558 1.00000 0.00009 -0.00000 -0.00013 -0.00009 1.00000 0.00000 0.00044 0.00000 -0.00000 1.00000 -0.00000
1547123585793296 1.00000 0.00015 -0.00000 -0.00044 -0.00015 1.00000 0.00000 0.00042 0.00000 -0.00000 1.00000 -0.00000
1547123586041496 1.00000 0.00007 -0.00000 -0.00031 -0.00007 1.00000 0.00000 -0.00070 0.00000 -0.00000 1.00000 0.00000
1547123586289535 1.00000 0.00004 -0.00000 -0.00019 -0.00004 1.00000 0.00000 -0.00041 0.00000 -0.00000 1.00000 0.00000
1547123586537976 1.00000 0.00002 -0.00000 -0.00038 -0.00002 1.00000 0.00000 -0.00028 0.00000 -0.00000 1.00000 0.00000
1547123586787286 1.00000 0.00002 -0.00000 -0.00035 -0.00002 1.00000 0.00000 -0.00040 0.00000 -0.00000 1.00000 0.00000
1547123587037343 1.00000 0.00002 -0.00000 -0.00029 -0.00002 1.00000 0.00000 -0.00008 0.00000 -0.00000 1.00000 0.00000
1547123587286736 1.00000 0.00004 -0.00000 -0.00064 -0.00004 1.00000 0.00000 -0.00019 0.00000 -0.00000 1.00000 0.00000
1547123587535943 1.00000 0.00008 -0.00000 -0.00124 -0.00008 1.00000 0.00000 0.00071 0.00000 -0.00000 1.00000 -0.00000
1547123587785794 1.00000 0.00011 -0.00000 -0.00169 -0.00011 1.00000 0.00000 0.00065 0.00000 -0.00000 1.00000 -0.00000
1547123588036782 1.00000 0.00008 -0.00000 -0.00166 -0.00008 1.00000 0.00000 -0.00065 0.00000 -0.00000 1.00000 0.00000
1547123588288374 1.00000 0.00004 -0.00000 -0.00128 -0.00004 1.00000 0.00000 -0.00124 0.00000 -0.00000 1.00000 0.00000
1547123588539896 1.00000 0.00004 -0.00000 -0.00125 -0.00004 1.00000 0.00000 -0.00100 0.00000 -0.00000 1.00000 0.00000
1547123588791019 1.00000 0.00005 -0.00000 -0.00145 -0.00005 1.00000 0.00000 0.00020 0.00000 -0.00000 1.00000 -0.00000
1547123589041476 1.00000 0.00009 -0.00000 -0.00173 -0.00009 1.00000 0.00000 0.00200 0.00000 -0.00000 1.00000 -0.00000
1547123589291881 1.00000 0.00009 -0.00000 -0.00226 -0.00009 1.00000 0.00000 0.00367 0.00000 -0.00000 1.00000 -0.00000
1547123589542064 1.00000 -0.00001 -0.00000 -0.00199 0.00001 1.00000 0.00000 0.00391 0.00000 -0.00000 1.00000 -0.00000
1547123589791661 1.00000 -0.00000 -0.00000 -0.00142 0.00000 1.00000 0.00000 0.00134 0.00000 -0.00000 1.00000 -0.00000
1547123590041328 1.00000 0.00005 -0.00000 -0.00107 -0.00005 1.00000 0.00000 -0.00025 0.00000 -0.00000 1.00000 0.00000
1547123590290515 1.00000 0.00010 -0.00000 -0.00075 -0.00010 1.00000 0.00000 -0.00045 0.00000 -0.00000 1.00000 0.00000
1547123590539724 1.00000 0.00013 -0.00000 -0.00061 -0.00013 1.00000 0.00000 -0.00012 0.00000 -0.00000 1.00000 0.00000
1547123590788965 1.00000 0.00010 -0.00000 -0.00018 -0.00010 1.00000 0.00000 -0.00074 0.00000 -0.00000 1.00000 0.00000
1547123591037794 1.00000 0.00002 -0.00000 -0.00033 -0.00002 1.00000 0.00000 -0.00071 0.00000 -0.00000 1.00000 0.00000
1547123591286036 1.00000 -0.00001 -0.00000 0.00009 0.00001 1.00000 0.00000 -0.00028 0.00000 -0.00000 1.00000 0.00000
1547123591534081 1.00000 -0.00001 -0.00000 0.00006 0.00001 1.00000 0.00000 -0.00001 0.00000 -0.00000 1.00000 0.00000
1547123591782403 1.00000 0.00001 -0.00000 0.00001 -0.00001 1.00000 0.00000 -0.00001 0.00000 -0.00000 1.00000 0.00000
1547123592032370 1.00000 0.00005 -0.00000 -0.00053 -0.00005 1.00000 0.00000 0.00013 0.00000 -0.00000 1.00000 -0.00000
1547123592282088 1.00000 -0.00001 -0.00000 -0.00115 0.00001 1.00000 0.00000 -0.00071 0.00000 -0.00000 1.00000 0.00000
1547123592531024 1.00000 -0.00002 -0.00000 -0.00181 0.00002 1.00000 0.00000 0.00053 0.00000 -0.00000 1.00000 -0.00000
1547123592780392 1.00000 0.00003 -0.00000 -0.00215 -0.00003 1.00000 0.00000 0.00180 0.00000 -0.00000 1.00000 -0.00000
1547123593030591 1.00000 0.00010 -0.00000 -0.00241 -0.00010 1.00000 0.00000 0.00165 0.00000 -0.00000 1.00000 -0.00000
1547123593282164 1.00000 0.00008 -0.00000 -0.00256 -0.00008 1.00000 0.00000 0.00002 0.00000 -0.00000 1.00000 -0.00000
1547123593533787 1.00000 0.00006 -0.00000 -0.00280 -0.00006 1.00000 0.00000 0.00057 0.00000 -0.00000 1.00000 -0.00000
1547123593784940 1.00000 0.00002 -0.00000 -0.00320 -0.00002 1.00000 0.00000 0.00136 0.00000 -0.00000 1.00000 -0.00000
1547123594035921 1.00000 0.00002 -0.00000 -0.00375 -0.00002 1.00000 0.00000 0.00135 0.00000 -0.00000 1.00000 -0.00000
1547123594286439 1.00000 0.00008 -0.00000 -0.00427 -0.00008 1.00000 0.00000 0.00107 0.00000 -0.00000 1.00000 -0.00000
1547123594536835 1.00000 0.00010 -0.00000 -0.00462 -0.00010 1.00000 0.00000 0.00287 0.00000 -0.00000 1.00000 -0.00000
1547123594787139 1.00000 0.00007 -0.00000 -0.00424 -0.00007 1.00000 0.00000 0.00046 0.00000 -0.00000 1.00000 -0.00000
1547123595036777 1.00000 0.00004 -0.00000 -0.00396 -0.00004 1.00000 0.00000 0.00092 0.00000 -0.00000 1.00000 -0.00000
1547123595285981 1.00000 0.00007 -0.00000 -0.00388 -0.00007 1.00000 0.00000 0.00200 0.00000 -0.00000 1.00000 -0.00000
1547123595535202 1.00000 0.00012 -0.00000 -0.00375 -0.00012 1.00000 0.00000 0.00221 0.00000 -0.00000 1.00000 -0.00000
1547123595784115 1.00000 0.00002 -0.00000 -0.00338 -0.00002 1.00000 0.00000 0.00180 0.00000 -0.00000 1.00000 -0.00000
1547123596032926 1.00000 0.00001 -0.00000 -0.00286 -0.00001 1.00000 0.00000 -0.00023 0.00000 -0.00000 1.00000 0.00000
1547123596281305 1.00000 0.00002 -0.00000 -0.00259 -0.00002 1.00000 0.00000 -0.00010 0.00000 -0.00000 1.00000 0.00000
1547123596529189 1.00000 0.00006 -0.00000 -0.00260 -0.00006 1.00000 0.00000 0.00098 0.00000 -0.00000 1.00000 -0.00000
1547123596777342 1.00000 0.00013 -0.00000 -0.00247 -0.00013 1.00000 0.00000 0.00174 0.00000 -0.00000 1.00000 -0.00000
1547123597026746 1.00000 0.00010 -0.00000 -0.00227 -0.00010 1.00000 0.00000 0.00091 0.00000 -0.00000 1.00000 -0.00000
1547123597276657 1.00000 0.00004 -0.00000 -0.00194 -0.00004 1.00000 0.00000 -0.00034 0.00000 -0.00000 1.00000 0.00000
1547123597526067 1.00000 0.00002 -0.00000 -0.00174 -0.00002 1.00000 0.00000 0.00019 0.00000 -0.00000 1.00000 -0.00000
1547123597775460 1.00000 0.00001 -0.00000 -0.00184 -0.00001 1.00000 0.00000 0.00123 0.00000 -0.00000 1.00000 -0.00000
1547123598025055 1.00000 0.00005 -0.00000 -0.00186 -0.00005 1.00000 0.00000 0.00122 0.00000 -0.00000 1.00000 -0.00000
1547123598275939 1.00000 0.00005 -0.00000 -0.00112 -0.00005 1.00000 0.00000 -0.00176 0.00000 -0.00000 1.00000 0.00000
1547123598527571 1.00000 0.00002 -0.00000 -0.00089 -0.00002 1.00000 0.00000 0.00055 0.00000 -0.00000 1.00000 -0.00000
1547123598779036 1.00000 0.00000 -0.00000 -0.00062 -0.00000 1.00000 0.00000 0.00172 0.00000 -0.00000 1.00000 -0.00000
1547123599030225 1.00000 -0.00002 -0.00000 0.00012 0.00002 1.00000 0.00000 0.00110 0.00000 -0.00000 1.00000 0.00000
1547123599281219 1.00000 -0.00003 -0.00000 0.00038 0.00003 1.00000 0.00000 -0.00062 0.00000 -0.00000 1.00000 0.00000
1547123599531713 1.00000 -0.00008 -0.00000 0.00068 0.00008 1.00000 0.00000 -0.00069 0.00000 -0.00000 1.00000 0.00000
1547123599781866 1.00000 -0.00009 -0.00000 0.00073 0.00009 1.00000 0.00000 -0.00253 0.00000 -0.00000 1.00000 0.00000
1547123600031613 1.00000 -0.00006 -0.00000 0.00069 0.00006 1.00000 0.00000 -0.00177 0.00000 -0.00000 1.00000 0.00000
1547123600281337 1.00000 -0.00002 -0.00000 0.00096 0.00002 1.00000 0.00000 -0.00001 0.00000 -0.00000 1.00000 0.00000
1547123600530745 1.00000 0.00002 -0.00000 0.00091 -0.00002 1.00000 0.00000 0.00109 0.00000 -0.00000 1.00000 0.00000
1547123600779752 1.00000 0.00007 -0.00000 0.00100 -0.00007 1.00000 0.00000 0.00050 0.00000 -0.00000 1.00000 0.00000
1547123601028851 1.00000 0.00006 -0.00000 0.00107 -0.00006 1.00000 0.00000 -0.00043 0.00000 -0.00000 1.00000 0.00000
1547123601277679 1.00000 0.00003 -0.00000 0.00094 -0.00003 1.00000 0.00000 0.00019 0.00000 -0.00000 1.00000 0.00000
1547123601525966 1.00000 0.00004 -0.00000 0.00067 -0.00004 1.00000 0.00000 0.00104 0.00000 -0.00000 1.00000 0.00000
1547123601773916 1.00000 0.00010 -0.00000 0.00056 -0.00010 1.00000 0.00000 0.00110 0.00000 -0.00000 1.00000 0.00000
1547123602021955 1.00000 0.00006 -0.00000 0.00053 -0.00006 1.00000 0.00000 0.00072 0.00000 -0.00000 1.00000 0.00000
1547123602271426 1.00000 0.00005 -0.00000 0.00039 -0.00005 1.00000 0.00000 0.00101 0.00000 -0.00000 1.00000 0.00000
1547123602521522 1.00000 0.00003 -0.00000 0.00008 -0.00003 1.00000 0.00000 0.00063 0.00000 -0.00000 1.00000 0.00000
1547123602770891 1.00000 0.00002 -0.00000 -0.00038 -0.00002 1.00000 0.00000 0.00017 0.00000 -0.00000 1.00000 -0.00000
1547123603020230 1.00000 0.00001 -0.00000 -0.00084 -0.00001 1.00000 0.00000 -0.00025 0.00000 -0.00000 1.00000 0.00000
1547123603270061 1.00000 -0.00002 -0.00000 -0.00151 0.00002 1.00000 0.00000 -0.00115 0.00000 -0.00000 1.00000 0.00000
1547123603521100 1.00000 0.00000 -0.00000 -0.00247 -0.00000 1.00000 0.00000 0.00123 0.00000 -0.00000 1.00000 -0.00000
1547123603772754 1.00000 0.00006 -0.00000 -0.00330 -0.00006 1.00000 0.00000 0.00189 0.00000 -0.00000 1.00000 -0.00000
1547123604024005 1.00000 0.00012 -0.00000 -0.00411 -0.00012 1.00000 0.00000 0.00126 0.00000 -0.00000 1.00000 -0.00000
1547123604275043 1.00000 0.00010 -0.00000 -0.00525 -0.00010 1.00000 0.00000 0.00048 0.00000 -0.00000 1.00000 -0.00000
1547123604525918 1.00000 -0.00001 -0.00000 -0.00663 0.00001 1.00000 0.00000 -0.00037 0.00000 -0.00000 1.00000 0.00000
1547123604776396 1.00000 -0.00003 -0.00000 -0.00839 0.00003 1.00000 0.00000 0.00023 0.00000 -0.00000 1.00000 -0.00000
1547123605026320 1.00000 -0.00009 -0.00000 -0.01077 0.00009 1.00000 0.00000 -0.00019 0.00000 -0.00000 1.00000 0.00000
1547123605276253 1.00000 -0.00017 -0.00000 -0.01339 0.00017 1.00000 0.00000 -0.00109 0.00000 -0.00000 1.00000 0.00000
1547123605525696 1.00000 -0.00013 -0.00000 -0.01677 0.00013 1.00000 0.00000 -0.00204 0.00000 -0.00000 1.00000 0.00000
1547123605774584 1.00000 0.00031 -0.00000 -0.02298 -0.00031 1.00000 0.00000 -0.00240 0.00000 -0.00000 1.00000 0.00000
1547123606023513 1.00000 0.00055 -0.00000 -0.02899 -0.00055 1.00000 0.00000 -0.00215 0.00000 -0.00000 1.00000 0.00000
1547123606272521 1.00000 0.00107 -0.00000 -0.03523 -0.00107 1.00000 0.00000 -0.00139 0.00000 -0.00000 1.00000 0.00000
1547123606521676 1.00000 0.00263 -0.00000 -0.07068 -0.00263 1.00000 0.00000 -0.00440 0.00000 -0.00000 1.00000 0.00000
1547123606770284 0.99998 0.00640 -0.00000 -0.11978 -0.00640 0.99998 0.00000 -0.00465 0.00000 -0.00000 1.00000 0.00000
1547123607018229 0.99993 0.01153 -0.00000 -0.22105 -0.01153 0.99993 0.00000 -0.01198 0.00000 -0.00000 1.00000 0.00000
1547123607266377 0.99981 0.01965 -0.00000 -0.37997 -0.01965 0.99981 0.00000 -0.01251 0.00000 -0.00000 1.00000 0.00000
1547123607515616 0.99956 0.02961 -0.00000 -0.60786 -0.02961 0.99956 0.00000 -0.01114 0.00000 -0.00000 1.00000 0.00000
1547123607765430 0.99912 0.04198 -0.00000 -0.89230 -0.04198 0.99912 0.00000 -0.00998 0.00000 -0.00000 1.00000 0.00000
1547123608014826 0.99834 0.05768 -0.00000 -1.23806 -0.05768 0.99834 0.00000 -0.00153 0.00000 -0.00000 1.00000 0.00000
1547123608263822 0.99702 0.07713 -0.00000 -1.64131 -0.07713 0.99702 0.00000 0.01733 0.00000 -0.00000 1.00000 0.00000
1547123608512367 0.99525 0.09733 -0.00000 -2.11343 -0.09733 0.99525 0.00000 0.03862 0.00000 -0.00000 1.00000 0.00000
1547123608761110 0.99264 0.12112 -0.00000 -2.64203 -0.12112 0.99264 0.00000 0.07845 0.00000 -0.00000 1.00000 0.00000
1547123609010155 0.98907 0.14743 -0.00000 -3.23283 -0.14743 0.98907 0.00000 0.13912 0.00000 -0.00000 1.00000 0.00000
1547123609259141 0.98487 0.17331 -0.00000 -3.89636 -0.17331 0.98487 0.00000 0.21785 0.00000 -0.00000 1.00000 0.00000
1547123609509207 0.98117 0.19313 -0.00000 -4.62847 -0.19313 0.98117 0.00000 0.29632 0.00000 -0.00000 1.00000 0.00000
1547123609760283 0.97922 0.20280 -0.00000 -5.42975 -0.20280 0.97922 0.00000 0.34240 0.00000 -0.00000 1.00000 0.00000
1547123610011317 0.97922 0.20281 -0.00000 -6.30608 -0.20281 0.97922 0.00000 0.34913 0.00000 -0.00000 1.00000 0.00000
1547123610262703 0.98049 0.19657 -0.00000 -7.25178 -0.19657 0.98049 0.00000 0.32532 0.00000 -0.00000 1.00000 0.00000
1547123610513222 0.98249 0.18633 -0.00000 -8.26666 -0.18633 0.98249 0.00000 0.26848 0.00000 -0.00000 1.00000 0.00000
1547123610763380 0.98447 0.17558 -0.00000 -9.34866 -0.17558 0.98447 0.00000 0.19182 0.00000 -0.00000 1.00000 0.00000
1547123611013619 0.98692 0.16121 -0.00000 -10.48465 -0.16121 0.98692 0.00000 0.06684 0.00000 -0.00000 1.00000 0.00000
1547123611263761 0.98930 0.14589 -0.00000 -11.69042 -0.14589 0.98930 0.00000 -0.07515 0.00000 -0.00000 1.00000 0.00000
1547123611513403 0.99173 0.12837 -0.00000 -12.95367 -0.12837 0.99173 0.00000 -0.26784 0.00000 -0.00000 1.00000 0.00000
1547123611762864 0.99384 0.11084 -0.00000 -14.25604 -0.11084 0.99384 0.00000 -0.48395 0.00000 -0.00000 1.00000 0.00000
1547123612011272 0.99593 0.09013 -0.00000 -15.58949 -0.09013 0.99593 0.00000 -0.76436 0.00000 -0.00000 1.00000 0.00000
1547123612259258 0.99761 0.06916 -0.00000 -16.82033 -0.06916 0.99761 0.00000 -1.08563 0.00000 -0.00000 1.00000 0.00000
1547123612507339 0.99867 0.05164 -0.00000 -18.07773 -0.05164 0.99867 0.00000 -1.36692 0.00000 -0.00000 1.00000 0.00000
1547123612755436 0.99916 0.04092 -0.00000 -19.38870 -0.04092 0.99916 0.00000 -1.54238 0.00000 -0.00000 1.00000 0.00000
1547123613004683 0.99938 0.03528 -0.00000 -20.75711 -0.03528 0.99938 0.00000 -1.63499 0.00000 -0.00000 1.00000 0.00000
1547123613254825 0.99954 0.03034 -0.00000 -22.10529 -0.03034 0.99954 0.00000 -1.72767 0.00000 -0.00000 1.00000 0.00000
1547123613504122 0.99967 0.02585 -0.00000 -23.47023 -0.02585 0.99967 0.00000 -1.81224 0.00000 -0.00000 1.00000 0.00000
1547123613753205 0.99980 0.02007 -0.00000 -24.78995 -0.02007 0.99980 0.00000 -1.94352 0.00000 -0.00000 1.00000 0.00000
1547123614002629 0.99989 0.01488 -0.00000 -26.11180 -0.01488 0.99989 0.00000 -2.06343 0.00000 -0.00000 1.00000 0.00000
1547123614251565 0.99995 0.01002 -0.00000 -27.50574 -0.01002 0.99995 0.00000 -2.16935 0.00000 -0.00000 1.00000 0.00000
1547123614500497 0.99999 0.00492 -0.00000 -28.92685 -0.00492 0.99999 0.00000 -2.29427 0.00000 -0.00000 1.00000 0.00000
1547123614750097 1.00000 0.00053 -0.00000 -30.37164 -0.00053 1.00000 0.00000 -2.40340 0.00000 -0.00000 1.00000 0.00000
1547123615001027 0.99999 -0.00353 -0.00000 -31.79919 0.00353 0.99999 0.00000 -2.52356 0.00000 -0.00000 1.00000 0.00000
1547123615252060 0.99999 -0.00534 -0.00000 -33.23054 0.00534 0.99999 0.00000 -2.57412 0.00000 -0.00000 1.00000 0.00000
1547123615502615 0.99998 -0.00585 -0.00000 -34.73711 0.00585 0.99998 0.00000 -2.57735 0.00000 -0.00000 1.00000 0.00000
1547123615753592 0.99998 -0.00591 -0.00000 -36.27811 0.00591 0.99998 0.00000 -2.56995 0.00000 -0.00000 1.00000 0.00000
1547123616004024 0.99998 -0.00667 -0.00000 -37.85977 0.00667 0.99998 0.00000 -2.58749 0.00000 -0.00000 1.00000 0.00000
1547123616253848 0.99998 -0.00586 -0.00000 -39.49090 0.00586 0.99998 0.00000 -2.53740 0.00000 -0.00000 1.00000 0.00000
1547123616503586 0.99998 -0.00552 -0.00000 -41.13684 0.00552 0.99998 0.00000 -2.51486 0.00000 -0.00000 1.00000 0.00000
1547123616753154 0.99998 -0.00591 -0.00000 -42.81053 0.00591 0.99998 0.00000 -2.51993 0.00000 -0.00000 1.00000 0.00000
1547123617002758 0.99998 -0.00554 -0.00000 -44.42367 0.00554 0.99998 0.00000 -2.48967 0.00000 -0.00000 1.00000 0.00000
1547123617251606 0.99999 -0.00422 -0.00000 -46.12952 0.00422 0.99999 0.00000 -2.42464 0.00000 -0.00000 1.00000 0.00000
1547123617500520 1.00000 -0.00167 -0.00000 -47.92704 0.00167 1.00000 0.00000 -2.30014 0.00000 -0.00000 1.00000 0.00000
1547123617749452 1.00000 0.00130 -0.00000 -49.69815 -0.00130 1.00000 0.00000 -2.14317 0.00000 -0.00000 1.00000 0.00000
1547123617997665 0.99999 0.00363 -0.00000 -51.35544 -0.00363 0.99999 0.00000 -2.01707 0.00000 -0.00000 1.00000 0.00000
1547123618245507 0.99997 0.00707 -0.00000 -52.99022 -0.00707 0.99997 0.00000 -1.82521 0.00000 -0.00000 1.00000 0.00000
1547123618494564 0.99995 0.00953 -0.00000 -54.68021 -0.00953 0.99995 0.00000 -1.68522 0.00000 -0.00000 1.00000 0.00000
1547123618744601 0.99994 0.01140 -0.00000 -56.40797 -0.01140 0.99994 0.00000 -1.57169 0.00000 -0.00000 1.00000 0.00000
1547123618994112 0.99993 0.01165 -0.00000 -58.11848 -0.01165 0.99993 0.00000 -1.54778 0.00000 -0.00000 1.00000 0.00000
1547123619243535 0.99996 0.00900 -0.00000 -59.73583 -0.00900 0.99996 0.00000 -1.69674 0.00000 -0.00000 1.00000 0.00000
1547123619492749 0.99998 0.00632 -0.00000 -61.56230 -0.00632 0.99998 0.00000 -1.85012 0.00000 -0.00000 1.00000 0.00000
1547123619741945 0.99999 0.00389 -0.00000 -63.26831 -0.00389 0.99999 0.00000 -1.99630 0.00000 -0.00000 1.00000 0.00000
1547123619991173 1.00000 0.00167 -0.00000 -64.96214 -0.00167 1.00000 0.00000 -2.13384 0.00000 -0.00000 1.00000 0.00000
1547123620240636 1.00000 -0.00018 -0.00000 -66.66732 0.00018 1.00000 0.00000 -2.25336 0.00000 -0.00000 1.00000 0.00000
1547123620491293 1.00000 -0.00060 -0.00000 -68.40363 0.00060 1.00000 0.00000 -2.27495 0.00000 -0.00000 1.00000 0.00000
1547123620742923 1.00000 -0.00231 -0.00000 -70.25753 0.00231 1.00000 0.00000 -2.38701 0.00000 -0.00000 1.00000 0.00000
1547123620993767 0.99999 -0.00318 -0.00000 -72.10919 0.00318 0.99999 0.00000 -2.43999 0.00000 -0.00000 1.00000 0.00000
1547123621244364 1.00000 -0.00252 -0.00000 -73.95912 0.00252 1.00000 0.00000 -2.38168 0.00000 -0.00000 1.00000 0.00000
1547123621494712 1.00000 -0.00312 -0.00000 -75.79001 0.00312 1.00000 0.00000 -2.42006 0.00000 -0.00000 1.00000 0.00000
1547123621744473 1.00000 -0.00179 -0.00000 -77.63810 0.00179 1.00000 0.00000 -2.31669 0.00000 -0.00000 1.00000 0.00000
1547123621994199 1.00000 -0.00122 -0.00000 -79.31729 0.00122 1.00000 0.00000 -2.26671 0.00000 -0.00000 1.00000 0.00000
1547123622244071 1.00000 -0.00172 -0.00000 -81.04150 0.00172 1.00000 0.00000 -2.29737 0.00000 -0.00000 1.00000 0.00000
1547123622493464 0.99999 -0.00395 -0.00000 -82.74728 0.00395 0.99999 0.00000 -2.47713 0.00000 -0.00000 1.00000 0.00000
1547123622742124 0.99998 -0.00623 -0.00000 -84.42990 0.00623 0.99998 0.00000 -2.66227 0.00000 -0.00000 1.00000 0.00000
1547123622990367 0.99996 -0.00860 -0.00000 -86.12143 0.00860 0.99996 0.00000 -2.86025 0.00000 -0.00000 1.00000 0.00000
1547123623238869 0.99994 -0.01096 -0.00000 -87.81308 0.01096 0.99994 0.00000 -3.06330 0.00000 -0.00000 1.00000 0.00000
1547123623487014 0.99994 -0.01127 -0.00000 -89.43863 0.01127 0.99994 0.00000 -3.08474 0.00000 -0.00000 1.00000 0.00000
1547123623735089 0.99996 -0.00924 -0.00000 -91.14601 0.00924 0.99996 0.00000 -2.90061 0.00000 -0.00000 1.00000 0.00000
1547123623985249 0.99998 -0.00686 -0.00000 -92.92073 0.00686 0.99998 0.00000 -2.67824 0.00000 -0.00000 1.00000 0.00000
1547123624237071 1.00000 -0.00234 -0.00000 -94.64512 0.00234 1.00000 0.00000 -2.25005 0.00000 -0.00000 1.00000 0.00000
1547123624487901 1.00000 0.00246 -0.00000 -96.40003 -0.00246 1.00000 0.00000 -1.79287 0.00000 -0.00000 1.00000 0.00000
1547123624738420 0.99997 0.00829 -0.00000 -98.10552 -0.00829 0.99997 0.00000 -1.22560 0.00000 -0.00000 1.00000 0.00000
1547123624989376 0.99989 0.01478 -0.00000 -99.81261 -0.01478 0.99989 0.00000 -0.58298 0.00000 -0.00000 1.00000 0.00000
1547123625241471 0.99978 0.02113 -0.00000 -101.53628 -0.02113 0.99978 0.00000 0.05388 0.00000 -0.00000 1.00000 0.00000
1547123625494384 0.99962 0.02774 -0.00000 -103.24648 -0.02774 0.99962 0.00000 0.73230 0.00000 -0.00000 1.00000 0.00000
1547123625746524 0.99946 0.03290 -0.00000 -104.92474 -0.03290 0.99946 0.00000 1.27172 0.00000 -0.00000 1.00000 0.00000
1547123625998063 0.99928 0.03803 -0.00000 -106.37338 -0.03803 0.99928 0.00000 1.81572 0.00000 -0.00000 1.00000 0.00000
1547123626247714 0.99910 0.04235 -0.00000 -107.88942 -0.04235 0.99910 0.00000 2.27894 0.00000 -0.00000 1.00000 0.00000
1547123626495512 0.99893 0.04620 -0.00000 -109.50974 -0.04620 0.99893 0.00000 2.69947 0.00000 -0.00000 1.00000 0.00000
1547123626742729 0.99875 0.04991 -0.00000 -111.07952 -0.04991 0.99875 0.00000 3.11271 0.00000 -0.00000 1.00000 0.00000
1547123626989654 0.99856 0.05370 -0.00000 -112.63481 -0.05370 0.99856 0.00000 3.54384 0.00000 -0.00000 1.00000 0.00000
1547123627236411 0.99835 0.05747 -0.00000 -114.15486 -0.05747 0.99835 0.00000 3.97819 0.00000 -0.00000 1.00000 0.00000
1547123627484230 0.99812 0.06132 -0.00000 -115.66287 -0.06132 0.99812 0.00000 4.42632 0.00000 -0.00000 1.00000 0.00000
1547123627733036 0.99791 0.06468 -0.00000 -117.14836 -0.06468 0.99791 0.00000 4.82067 0.00000 -0.00000 1.00000 0.00000
1547123627983194 0.99782 0.06605 -0.00000 -118.65107 -0.06605 0.99782 0.00000 4.97892 0.00000 -0.00000 1.00000 0.00000
1547123628234755 0.99782 0.06604 -0.00000 -120.18046 -0.06604 0.99782 0.00000 4.98795 0.00000 -0.00000 1.00000 0.00000
1547123628486016 0.99807 0.06204 -0.00000 -121.47319 -0.06204 0.99807 0.00000 4.50653 0.00000 -0.00000 1.00000 0.00000
1547123628737943 0.99840 0.05654 -0.00000 -122.84705 -0.05654 0.99840 0.00000 3.84061 0.00000 -0.00000 1.00000 0.00000
1547123628990668 0.99870 0.05104 -0.00000 -124.35066 -0.05104 0.99870 0.00000 3.16799 0.00000 -0.00000 1.00000 0.00000
1547123629242083 0.99900 0.04478 -0.00000 -125.84014 -0.04478 0.99900 0.00000 2.39658 0.00000 -0.00000 1.00000 0.00000
1547123629492441 0.99929 0.03761 -0.00000 -127.32759 -0.03761 0.99929 0.00000 1.49819 0.00000 -0.00000 1.00000 0.00000
1547123629741947 0.99954 0.03049 -0.00000 -128.81395 -0.03049 0.99954 0.00000 0.59437 0.00000 -0.00000 1.00000 0.00000
1547123629992574 0.99973 0.02313 -0.00000 -130.16269 -0.02313 0.99973 0.00000 -0.35076 0.00000 -0.00000 1.00000 0.00000
1547123630244302 0.99988 0.01555 -0.00000 -131.48351 -0.01555 0.99988 0.00000 -1.33180 0.00000 -0.00000 1.00000 0.00000
1547123630495774 0.99996 0.00921 -0.00000 -132.99682 -0.00921 0.99996 0.00000 -2.16984 0.00000 -0.00000 1.00000 0.00000
1547123630747060 0.99998 0.00582 -0.00000 -134.50813 -0.00582 0.99998 0.00000 -2.62190 0.00000 -0.00000 1.00000 0.00000
1547123630997689 0.99999 0.00440 -0.00000 -136.00629 -0.00440 0.99999 0.00000 -2.81072 0.00000 -0.00000 1.00000 0.00000
1547123631247714 0.99999 0.00432 -0.00000 -137.51973 -0.00432 0.99999 0.00000 -2.82472 0.00000 -0.00000 1.00000 0.00000
1547123631497919 0.99999 0.00410 -0.00000 -139.06337 -0.00410 0.99999 0.00000 -2.85026 0.00000 -0.00000 1.00000 0.00000
1547123631747741 0.99999 0.00400 -0.00000 -140.62163 -0.00400 0.99999 0.00000 -2.86725 0.00000 -0.00000 1.00000 0.00000
1547123631997279 0.99999 0.00481 -0.00000 -142.14552 -0.00481 0.99999 0.00000 -2.75171 0.00000 -0.00000 1.00000 0.00000
1547123632246556 0.99998 0.00617 -0.00000 -143.67053 -0.00617 0.99998 0.00000 -2.55520 0.00000 -0.00000 1.00000 0.00000
1547123632495250 0.99998 0.00692 -0.00000 -145.14456 -0.00692 0.99998 0.00000 -2.45435 0.00000 -0.00000 1.00000 0.00000
1547123632743486 0.99997 0.00796 -0.00000 -146.58658 -0.00796 0.99997 0.00000 -2.29945 0.00000 -0.00000 1.00000 0.00000
1547123632991673 0.99995 0.01029 -0.00000 -148.02250 -0.01029 0.99995 0.00000 -1.95836 0.00000 -0.00000 1.00000 0.00000
1547123633239434 0.99993 0.01184 -0.00000 -149.27617 -0.01184 0.99993 0.00000 -1.73002 0.00000 -0.00000 1.00000 0.00000
1547123633488286 0.99991 0.01314 -0.00000 -150.51012 -0.01314 0.99991 0.00000 -1.52947 0.00000 -0.00000 1.00000 0.00000
1547123633739167 0.99990 0.01397 -0.00000 -151.88373 -0.01397 0.99990 0.00000 -1.40123 0.00000 -0.00000 1.00000 0.00000
1547123633990247 0.99990 0.01390 -0.00000 -153.36199 -0.01390 0.99990 0.00000 -1.40536 0.00000 -0.00000 1.00000 0.00000
1547123634241235 0.99991 0.01332 -0.00000 -154.80994 -0.01332 0.99991 0.00000 -1.48769 0.00000 -0.00000 1.00000 0.00000
1547123634492230 0.99992 0.01252 -0.00000 -156.27340 -0.01252 0.99992 0.00000 -1.60727 0.00000 -0.00000 1.00000 0.00000
1547123634744311 0.99991 0.01304 -0.00000 -157.78884 -0.01304 0.99991 0.00000 -1.52166 0.00000 -0.00000 1.00000 0.00000
1547123634997520 0.99991 0.01322 -0.00000 -159.33252 -0.01322 0.99991 0.00000 -1.49774 0.00000 -0.00000 1.00000 0.00000
1547123635250418 0.99990 0.01379 -0.00000 -160.87058 -0.01379 0.99990 0.00000 -1.39681 0.00000 -0.00000 1.00000 0.00000
1547123635501763 0.99990 0.01427 -0.00000 -162.40392 -0.01427 0.99990 0.00000 -1.31133 0.00000 -0.00000 1.00000 0.00000
1547123635751425 0.99989 0.01509 -0.00000 -164.03688 -0.01509 0.99989 0.00000 -1.17993 0.00000 -0.00000 1.00000 0.00000
1547123635998898 0.99985 0.01756 -0.00000 -165.67073 -0.01756 0.99985 0.00000 -0.76649 0.00000 -0.00000 1.00000 0.00000
1547123636245284 0.99979 0.02052 -0.00000 -167.31038 -0.02052 0.99979 0.00000 -0.26585 0.00000 -0.00000 1.00000 0.00000
1547123636492660 0.99973 0.02307 -0.00000 -168.95328 -0.02307 0.99973 0.00000 0.17092 0.00000 -0.00000 1.00000 0.00000
1547123636740624 0.99971 0.02417 -0.00000 -170.63096 -0.02417 0.99971 0.00000 0.35865 0.00000 -0.00000 1.00000 0.00000
1547123636989665 0.99967 0.02560 -0.00000 -172.35537 -0.02560 0.99967 0.00000 0.60602 0.00000 -0.00000 1.00000 0.00000
1547123637239639 0.99963 0.02705 -0.00000 -174.07169 -0.02705 0.99963 0.00000 0.86672 0.00000 -0.00000 1.00000 0.00000
1547123637490035 0.99959 0.02876 -0.00000 -175.82727 -0.02876 0.99959 0.00000 1.17000 0.00000 -0.00000 1.00000 0.00000
1547123637740123 0.99954 0.03037 -0.00000 -177.54684 -0.03037 0.99954 0.00000 1.45891 0.00000 -0.00000 1.00000 0.00000
1547123637989589 0.99949 0.03185 -0.00000 -179.16092 -0.03185 0.99949 0.00000 1.72497 0.00000 -0.00000 1.00000 0.00000
1547123638239098 0.99943 0.03378 -0.00000 -181.00994 -0.03378 0.99943 0.00000 2.07832 0.00000 -0.00000 1.00000 0.00000
1547123638489764 0.99939 0.03494 -0.00000 -182.87334 -0.03494 0.99939 0.00000 2.29342 0.00000 -0.00000 1.00000 0.00000
1547123638740823 0.99934 0.03626 -0.00000 -184.75501 -0.03626 0.99934 0.00000 2.54257 0.00000 -0.00000 1.00000 0.00000
1547123638991892 0.99931 0.03711 -0.00000 -186.63000 -0.03711 0.99931 0.00000 2.70265 0.00000 -0.00000 1.00000 0.00000
1547123639243005 0.99926 0.03838 -0.00000 -188.49055 -0.03838 0.99926 0.00000 2.94459 0.00000 -0.00000 1.00000 0.00000
1547123639493309 0.99923 0.03913 -0.00000 -190.31277 -0.03913 0.99923 0.00000 3.09443 0.00000 -0.00000 1.00000 0.00000
1547123639743639 0.99918 0.04055 -0.00000 -192.13761 -0.04055 0.99918 0.00000 3.37818 0.00000 -0.00000 1.00000 0.00000
1547123639995903 0.99913 0.04161 -0.00000 -193.95241 -0.04161 0.99913 0.00000 3.58874 0.00000 -0.00000 1.00000 0.00000
1547123640249167 0.99908 0.04284 -0.00000 -195.73346 -0.04284 0.99908 0.00000 3.83777 0.00000 -0.00000 1.00000 0.00000
1547123640502090 0.99903 0.04407 -0.00000 -197.48660 -0.04407 0.99903 0.00000 4.08579 0.00000 -0.00000 1.00000 0.00000
1547123640753719 0.99896 0.04550 -0.00000 -199.19041 -0.04550 0.99896 0.00000 4.38553 0.00000 -0.00000 1.00000 0.00000
1547123641003079 0.99892 0.04652 -0.00000 -200.84212 -0.04652 0.99892 0.00000 4.59769 0.00000 -0.00000 1.00000 0.00000
1547123641250824 0.99886 0.04776 -0.00000 -202.44298 -0.04776 0.99886 0.00000 4.84996 0.00000 -0.00000 1.00000 0.00000
1547123641498296 0.99874 0.05020 -0.00000 -204.01067 -0.05020 0.99874 0.00000 5.35428 0.00000 -0.00000 1.00000 0.00000
1547123641745686 0.99861 0.05268 -0.00000 -205.53389 -0.05268 0.99861 0.00000 5.86682 0.00000 -0.00000 1.00000 0.00000
1547123641993452 0.99850 0.05474 -0.00000 -207.08168 -0.05474 0.99850 0.00000 6.29103 0.00000 -0.00000 1.00000 0.00000
1547123642242122 0.99841 0.05642 -0.00000 -208.61744 -0.05642 0.99841 0.00000 6.63821 0.00000 -0.00000 1.00000 0.00000
1547123642492454 0.99844 0.05589 -0.00000 -210.19027 -0.05589 0.99844 0.00000 6.53140 0.00000 -0.00000 1.00000 0.00000
1547123642742964 0.99860 0.05297 -0.00000 -211.78426 -0.05297 0.99860 0.00000 5.91552 0.00000 -0.00000 1.00000 0.00000
1547123642992573 0.99877 0.04958 -0.00000 -213.38564 -0.04958 0.99877 0.00000 5.20121 0.00000 -0.00000 1.00000 0.00000
1547123643241956 0.99903 0.04402 -0.00000 -215.02554 -0.04402 0.99903 0.00000 4.01859 0.00000 -0.00000 1.00000 0.00000
1547123643491972 0.99926 0.03844 -0.00000 -216.67893 -0.03844 0.99926 0.00000 2.82078 0.00000 -0.00000 1.00000 0.00000
1547123643743244 0.99950 0.03151 -0.00000 -218.36968 -0.03151 0.99950 0.00000 1.32076 0.00000 -0.00000 1.00000 0.00000
1547123643995121 0.99967 0.02559 -0.00000 -220.06191 -0.02559 0.99967 0.00000 0.02650 0.00000 -0.00000 1.00000 0.00000
1547123644246118 0.99978 0.02102 -0.00000 -221.75416 -0.02102 0.99978 0.00000 -0.97749 0.00000 -0.00000 1.00000 0.00000
1547123644496362 0.99977 0.02139 -0.00000 -223.45884 -0.02139 0.99977 0.00000 -0.89360 0.00000 -0.00000 1.00000 0.00000
1547123644747338 0.99952 0.03105 -0.00000 -225.20593 -0.03105 0.99952 0.00000 1.26974 0.00000 -0.00000 1.00000 0.00000
1547123644999556 0.99900 0.04480 -0.00000 -226.90726 -0.04480 0.99900 0.00000 4.37662 0.00000 -0.00000 1.00000 0.00000
1547123645252103 0.99795 0.06403 -0.00000 -228.52908 -0.06403 0.99795 0.00000 8.75058 0.00000 -0.00000 1.00000 0.00000
1547123645504412 0.99666 0.08166 -0.00000 -230.15458 -0.08166 0.99666 0.00000 12.79280 0.00000 -0.00000 1.00000 0.00000
1547123645755362 0.99503 0.09955 -0.00000 -231.70385 -0.09955 0.99503 0.00000 16.92918 0.00000 -0.00000 1.00000 0.00000
1547123646004205 0.99364 0.11265 -0.00000 -233.28241 -0.11265 0.99364 0.00000 19.98232 0.00000 -0.00000 1.00000 0.00000
1547123646253110 0.99263 0.12115 -0.00000 -234.73721 -0.12115 0.99263 0.00000 21.97935 0.00000 -0.00000 1.00000 0.00000
1547123646502010 0.99193 0.12678 -0.00000 -236.22119 -0.12678 0.99193 0.00000 23.30823 0.00000 -0.00000 1.00000 0.00000
1547123646750657 0.99124 0.13209 -0.00000 -237.96391 -0.13209 0.99124 0.00000 24.57367 0.00000 -0.00000 1.00000 0.00000
1547123646999222 0.99058 0.13692 -0.00000 -239.73637 -0.13692 0.99058 0.00000 25.73713 0.00000 -0.00000 1.00000 0.00000
1547123647247247 0.98989 0.14182 -0.00000 -241.50926 -0.14182 0.98989 0.00000 26.92300 0.00000 -0.00000 1.00000 0.00000
1547123647494853 0.98937 0.14543 -0.00000 -243.34529 -0.14543 0.98937 0.00000 27.80899 0.00000 -0.00000 1.00000 0.00000
1547123647742767 0.98880 0.14923 -0.00000 -245.19730 -0.14923 0.98880 0.00000 28.74768 0.00000 -0.00000 1.00000 0.00000
1547123647992275 0.98856 0.15085 -0.00000 -247.14951 -0.15085 0.98856 0.00000 29.15607 0.00000 -0.00000 1.00000 0.00000
1547123648243765 0.98878 0.14936 -0.00000 -249.21487 -0.14936 0.98878 0.00000 28.78377 0.00000 -0.00000 1.00000 0.00000
1547123648496315 0.98906 0.14751 -0.00000 -251.29010 -0.14751 0.98906 0.00000 28.32156 0.00000 -0.00000 1.00000 0.00000
1547123648748805 0.98925 0.14622 -0.00000 -253.34999 -0.14622 0.98925 0.00000 27.99815 0.00000 -0.00000 1.00000 0.00000
1547123649001061 0.98939 0.14525 -0.00000 -255.43657 -0.14525 0.98939 0.00000 27.75719 0.00000 -0.00000 1.00000 0.00000
1547123649252022 0.98949 0.14462 -0.00000 -257.51403 -0.14462 0.98949 0.00000 27.59903 0.00000 -0.00000 1.00000 0.00000
1547123649502465 0.98939 0.14528 -0.00000 -259.51621 -0.14528 0.98939 0.00000 27.77949 0.00000 -0.00000 1.00000 0.00000
1547123649753916 0.98958 0.14397 -0.00000 -261.59608 -0.14397 0.98958 0.00000 27.44485 0.00000 -0.00000 1.00000 0.00000
1547123650004956 0.98969 0.14320 -0.00000 -263.66569 -0.14320 0.98969 0.00000 27.24009 0.00000 -0.00000 1.00000 0.00000
1547123650256032 0.98975 0.14280 -0.00000 -265.72976 -0.14280 0.98975 0.00000 27.14202 0.00000 -0.00000 1.00000 0.00000
1547123650507450 0.98992 0.14162 -0.00000 -267.80725 -0.14162 0.98992 0.00000 26.83063 0.00000 -0.00000 1.00000 0.00000
1547123650757834 0.99012 0.14023 -0.00000 -269.80524 -0.14023 0.99012 0.00000 26.45989 0.00000 -0.00000 1.00000 0.00000
1547123651008218 0.99032 0.13879 -0.00000 -271.79811 -0.13879 0.99032 0.00000 26.07429 0.00000 -0.00000 1.00000 0.00000
1547123651258572 0.99035 0.13860 -0.00000 -273.78753 -0.13860 0.99035 0.00000 26.02299 0.00000 -0.00000 1.00000 0.00000
1547123651508457 0.99026 0.13923 -0.00000 -275.78273 -0.13923 0.99026 0.00000 26.19987 0.00000 -0.00000 1.00000 0.00000
1547123651757522 0.99007 0.14057 -0.00000 -277.75780 -0.14057 0.99007 0.00000 26.58150 0.00000 -0.00000 1.00000 0.00000
1547123652006381 0.98996 0.14135 -0.00000 -279.73559 -0.14135 0.98996 0.00000 26.80759 0.00000 -0.00000 1.00000 0.00000
1547123652255162 0.98991 0.14168 -0.00000 -281.71254 -0.14168 0.98991 0.00000 26.90743 0.00000 -0.00000 1.00000 0.00000
1547123652503763 0.98996 0.14133 -0.00000 -283.72961 -0.14133 0.98996 0.00000 26.81002 0.00000 -0.00000 1.00000 0.00000
1547123652752088 0.99004 0.14082 -0.00000 -285.69377 -0.14082 0.99004 0.00000 26.66879 0.00000 -0.00000 1.00000 0.00000
1547123653001176 0.99014 0.14011 -0.00000 -287.54609 -0.14011 0.99014 0.00000 26.47155 0.00000 -0.00000 1.00000 0.00000
1547123653250479 0.99016 0.13993 -0.00000 -289.57648 -0.13993 0.99016 0.00000 26.42379 0.00000 -0.00000 1.00000 0.00000
1547123653499499 0.99029 0.13905 -0.00000 -291.68175 -0.13905 0.99029 0.00000 26.16788 0.00000 -0.00000 1.00000 0.00000
1547123653748830 0.99039 0.13830 -0.00000 -293.79279 -0.13830 0.99039 0.00000 25.95233 0.00000 -0.00000 1.00000 0.00000
1547123653998063 0.99054 0.13725 -0.00000 -295.85053 -0.13725 0.99054 0.00000 25.65391 0.00000 -0.00000 1.00000 0.00000
1547123654247402 0.99065 0.13641 -0.00000 -297.77890 -0.13641 0.99065 0.00000 25.41194 0.00000 -0.00000 1.00000 0.00000
1547123654497800 0.99089 0.13469 -0.00000 -299.98671 -0.13469 0.99089 0.00000 24.90576 0.00000 -0.00000 1.00000 0.00000
1547123654749027 0.99117 0.13262 -0.00000 -302.21573 -0.13262 0.99117 0.00000 24.28727 0.00000 -0.00000 1.00000 0.00000
1547123654999907 0.99149 0.13018 -0.00000 -304.45290 -0.13018 0.99149 0.00000 23.55240 0.00000 -0.00000 1.00000 0.00000
1547123655250761 0.99201 0.12619 -0.00000 -306.67185 -0.12619 0.99201 0.00000 22.33355 0.00000 -0.00000 1.00000 0.00000
1547123655501287 0.99244 0.12269 -0.00000 -308.77247 -0.12269 0.99244 0.00000 21.26328 0.00000 -0.00000 1.00000 0.00000
1547123655751571 0.99285 0.11941 -0.00000 -310.84832 -0.11941 0.99285 0.00000 20.25352 0.00000 -0.00000 1.00000 0.00000
1547123656001281 0.99334 0.11525 -0.00000 -313.11577 -0.11525 0.99334 0.00000 18.95350 0.00000 -0.00000 1.00000 0.00000
1547123656250890 0.99374 0.11168 -0.00000 -315.37383 -0.11168 0.99374 0.00000 17.82860 0.00000 -0.00000 1.00000 0.00000
1547123656500277 0.99411 0.10833 -0.00000 -317.64028 -0.10833 0.99411 0.00000 16.77237 0.00000 -0.00000 1.00000 0.00000
1547123656749099 0.99452 0.10452 -0.00000 -319.90527 -0.10452 0.99452 0.00000 15.55418 0.00000 -0.00000 1.00000 0.00000
1547123656997620 0.99473 0.10257 -0.00000 -322.09744 -0.10257 0.99473 0.00000 14.93153 0.00000 -0.00000 1.00000 0.00000
1547123657245821 0.99499 0.09993 -0.00000 -324.37781 -0.09993 0.99499 0.00000 14.07944 0.00000 -0.00000 1.00000 0.00000
1547123657493719 0.99506 0.09928 -0.00000 -326.62573 -0.09928 0.99506 0.00000 13.87510 0.00000 -0.00000 1.00000 0.00000
1547123657741687 0.99537 0.09607 -0.00000 -328.89225 -0.09607 0.99537 0.00000 12.82010 0.00000 -0.00000 1.00000 0.00000
1547123657990861 0.99556 0.09412 -0.00000 -331.15175 -0.09412 0.99556 0.00000 12.18004 0.00000 -0.00000 1.00000 0.00000
1547123658240457 0.99575 0.09207 -0.00000 -333.35817 -0.09207 0.99575 0.00000 11.50993 0.00000 -0.00000 1.00000 0.00000
1547123658489500 0.99590 0.09041 -0.00000 -335.56892 -0.09041 0.99590 0.00000 10.95850 0.00000 -0.00000 1.00000 0.00000
1547123658738814 0.99605 0.08880 -0.00000 -337.77044 -0.08880 0.99605 0.00000 10.41980 0.00000 -0.00000 1.00000 0.00000
1547123658988384 0.99605 0.08885 -0.00000 -339.96291 -0.08885 0.99605 0.00000 10.43719 0.00000 -0.00000 1.00000 0.00000
1547123659237924 0.99609 0.08831 -0.00000 -342.15505 -0.08831 0.99609 0.00000 10.25525 0.00000 -0.00000 1.00000 0.00000
1547123659486939 0.99595 0.08987 -0.00000 -344.24459 -0.08987 0.99595 0.00000 10.79599 0.00000 -0.00000 1.00000 0.00000
1547123659736541 0.99595 0.08991 -0.00000 -346.35223 -0.08991 0.99595 0.00000 10.81552 0.00000 -0.00000 1.00000 0.00000
1547123659987608 0.99590 0.09049 -0.00000 -348.53351 -0.09049 0.99590 0.00000 11.02524 0.00000 -0.00000 1.00000 0.00000
1547123660238914 0.99612 0.08805 -0.00000 -350.79383 -0.08805 0.99612 0.00000 10.18075 0.00000 -0.00000 1.00000 0.00000
1547123660489814 0.99653 0.08328 -0.00000 -353.06742 -0.08328 0.99653 0.00000 8.50253 0.00000 -0.00000 1.00000 0.00000
1547123660740286 0.99706 0.07662 -0.00000 -355.33591 -0.07662 0.99706 0.00000 6.14627 0.00000 -0.00000 1.00000 0.00000
1547123660990880 0.99792 0.06441 -0.00000 -357.62263 -0.06441 0.99792 0.00000 1.79404 0.00000 -0.00000 1.00000 0.00000
1547123661240601 0.99867 0.05165 -0.00000 -359.84048 -0.05165 0.99867 0.00000 -2.77669 0.00000 -0.00000 1.00000 0.00000
1547123661490268 0.99939 0.03501 -0.00000 -361.92664 -0.03501 0.99939 0.00000 -8.77092 0.00000 -0.00000 1.00000 0.00000
1547123661740035 0.99987 0.01620 -0.00000 -363.79083 -0.01620 0.99987 0.00000 -15.57990 0.00000 -0.00000 1.00000 0.00000
1547123661989337 1.00000 -0.00306 -0.00000 -365.64754 0.00306 1.00000 0.00000 -22.58723 0.00000 -0.00000 1.00000 0.00000
1547123662238173 0.99977 -0.02151 -0.00000 -367.38365 0.02151 0.99977 0.00000 -29.33478 0.00000 -0.00000 1.00000 0.00000
1547123662486666 0.99930 -0.03728 -0.00000 -369.08650 0.03728 0.99930 0.00000 -35.13097 0.00000 -0.00000 1.00000 0.00000
