1. 0. 0. 0. 0. 1. 0. 0. 0. 0. 1. 0.
1. 0.000 0. 0.004 -0.000 1. 0. -0.005 0. 0. 1. 0.
1. 0.000 0. -0.004 -0.000 1. 0. -0.007 0. 0. 1. 0.
1. 0.000 0. 0.001 -0.000 1. 0. -0.010 0. 0. 1. 0.
1. 0.000 0. 0.004 -0.000 1. 0. -0.007 0. 0. 1. 0.
1. 0.000 0. 0.003 -0.000 1. 0. -0.003 0. 0. 1. 0.
1. 0.000 0. 0.001 -0.000 1. 0. -0.007 0. 0. 1. 0.
1. 0.000 0. -0.003 -0.000 1. 0. -0.010 0. 0. 1. 0.
1. 0. 0. -0.004 -0. 1. 0. -0.003 0. 0. 1. 0.
1. 0.000 0. -0.001 -0.000 1. 0. -0.010 0. 0. 1. 0.
1. 0.000 0. 0.004 -0.000 1. 0. -0.004 0. 0. 1. 0.
1. 0.000 0. -0.002 -0.000 1. 0. 0.004 0. 0. 1. 0.
1. 0.000 0. 0.001 -0.000 1. 0. 0.006 0. 0. 1. 0.
1. 0.000 0. 0.002 -0.000 1. 0. 0.008 0. 0. 1. 0.
1. 0.000 0. 0.000 -0.000 1. 0. -0.002 0. 0. 1. 0.
1. 0.000 0. -0.005 -0.000 1. 0. -0.003 0. 0. 1. 0.
1. 0.000 0. -0.005 -0.000 1. 0. -0.002 0. 0. 1. 0.
1. 0.000 0. -0.001 -0.000 1. 0. -0.006 0. 0. 1. 0.
1. 0. 0. -0.003 -0. 1. 0. -0.003 0. 0. 1. 0.
1. 0.000 0. 0.001 -0.000 1. 0. 0.004 0. 0. 1. 0.
1. 0.000 0. -0.001 -0.000 1. 0. 0.003 0. 0. 1. 0.
1. 0.000 0. -0.002 -0.000 1. 0. -0.004 0. 0. 1. 0.
1. 0.000 0. 0.003 -0.000 1. 0. 0.001 0. 0. 1. 0.
1. 0.000 0. 0.003 -0.000 1. 0. 0.007 0. 0. 1. 0.
1. 0.000 0. 0.004 -0.000 1. 0. 0.007 0. 0. 1. 0.
1. 0.000 0. -0.006 -0.000 1. 0. 0.006 0. 0. 1. 0.
1. 0. 0. 0.002 -0. 1. 0. -0.001 0. 0. 1. 0.
1. 0.000 0. 0.003 -0.000 1. 0. -0.006 0. 0. 1. 0.
1. 0.000 0. -0.004 -0.000 1. 0. 0.003 0. 0. 1. 0.
1. 0.000 0. 0.003 -0.000 1. 0. 0.002 0. 0. 1. 0.
1. 0.000 0. 0.002 -0.000 1. 0. -0.001 0. 0. 1. 0.
1. 0. 0. -0.005 -0. 1. 0. 0.001 0. 0. 1. 0.
1. 0.000 0. -0.001 -0.000 1. 0. -0.010 0. 0. 1. 0.
1. 0.000 0. -0.006 -0.000 1. 0. -0.002 0. 0. 1. 0.
1. 0.000 0. 0.001 -0.000 1. 0. -0.000 0. 0. 1. 0.
1. 0.000 0. -0.006 -0.000 1. 0. -0.005 0. 0. 1. 0.
1. 0.000 0. -0.006 -0.000 1. 0. -0.009 0. 0. 1. 0.
1. 0. 0. 0.001 -0. 1. 0. -0.004 0. 0. 1. 0.
1. 0.000 0. -0.001 -0.000 1. 0. -0.008 0. 0. 1. 0.
1. 0.000 0. -0.003 -0.000 1. 0. -0.010 0. 0. 1. 0.
1. 0.000 0. -0.003 -0.000 1. 0. -0.008 0. 0. 1. 0.
1. 0.000 0. 0.004 -0.000 1. 0. -0. 0. 0. 1. 0.
1. 0.000 0. -0.001 -0.000 1. 0. -0.003 0. 0. 1. 0.
1. 0.000 0. 0.004 -0.000 1. 0. 0.002 0. 0. 1. 0.
1. 0.000 0. -0.003 -0.000 1. 0. 0.004 0. 0. 1. 0.
1. 0.000 0. 0.004 -0.000 1. 0. 0.004 0. 0. 1. 0.
1. 0.000 0. -0.000 -0.000 1. 0. -0.005 0. 0. 1. 0.
1. 0.000 0. -0.000 -0.000 1. 0. -0.001 0. 0. 1. 0.
1. 0.001 0. -0.002 -0.001 1. 0. -0.003 0. 0. 1. 0.
1. 0.001 0. 0.000 -0.001 1. 0. 0.000 0. 0. 1. 0.
1. 0.000 0. 0.005 -0.000 1. 0. 0.006 0. 0. 1. 0.
1. 0.000 0. 0.002 -0.000 1. 0. 0.010 0. 0. 1. 0.
1. 0.001 0. 0.002 -0.001 1. 0. 0.003 0. 0. 1. 0.
1. 0.000 0. -0.002 -0.000 1. 0. -0.001 0. 0. 1. 0.
1. 0. 0. -0.003 -0. 1. 0. -0.007 0. 0. 1. 0.
1. 0.000 0. -0.006 -0.000 1. 0. 0.005 0. 0. 1. 0.
1. 0.000 0. -0.009 -0.000 1. 0. -0.009 0. 0. 1. 0.
1. 0. 0. -0.003 -0. 1. 0. -0.001 0. 0. 1. 0.
1. -0.000 0. -0.004 0.000 1. 0. -0.005 0. 0. 1. 0.
1. 0.000 0. -0.007 -0.000 1. 0. -0.004 0. 0. 1. 0.
1. 0.000 0. -0.013 -0.000 1. 0. -0.006 0. 0. 1. 0.
1. 0. 0. -0.008 -0. 1. 0. 0.001 0. 0. 1. 0.
1. -0. 0. -0.010 0. 1. 0. -0.008 0. 0. 1. 0.
1. 0.000 0. -0.013 -0.000 1. 0. -0.010 0. 0. 1. 0.
1. 0.000 0. -0.011 -0.000 1. 0. -0.005 0. 0. 1. 0.
1. 0.000 0. -0.005 -0.000 1. 0. 0.003 0. 0. 1. 0.
1. 0.000 0. -0.001 -0.000 1. 0. -0.003 0. 0. 1. 0.
1. 0.000 0. -0.011 -0.000 1. 0. -0.003 0. 0. 1. 0.
1. 0.000 0. -0.000 -0.000 1. 0. -0.010 0. 0. 1. 0.
1. 0.000 0. 0.001 -0.000 1. 0. -0.003 0. 0. 1. 0.
1. 0. 0. -0. -0. 1. 0. 0.001 0. 0. 1. 0.
1. 0.000 0. 0.002 -0.000 1. 0. 0.002 0. 0. 1. 0.
1. 0.000 0. 0.002 -0.000 1. 0. -0.006 0. 0. 1. 0.
1. 0.000 0. 0.001 -0.000 1. 0. -0.007 0. 0. 1. 0.
1. -0. 0. -0.003 0. 1. 0. -0.002 0. 0. 1. 0.
1. 0. 0. -0.002 -0. 1. 0. -0.005 0. 0. 1. 0.
1. 0.000 0. 0.002 -0.000 1. 0. -0.005 0. 0. 1. 0.
1. 0.000 0. 0. -0.000 1. 0. 0.001 0. 0. 1. 0.
1. -0. 0. 0.002 0. 1. 0. -0.003 0. 0. 1. 0.
1. -0.000 0. -0.006 0.000 1. 0. 0.004 0. 0. 1. 0.
1. 0. 0. 0.009 -0. 1. 0. -0.003 0. 0. 1. 0.
1. 0. 0. 0.000 -0. 1. 0. -0.001 0. 0. 1. 0.
1. 0.000 0. 0.003 -0.000 1. 0. 0.002 0. 0. 1. 0.
1. 0.000 0. -0.002 -0.000 1. 0. -0.002 0. 0. 1. 0.
1. 0.000 0. -0.002 -0.000 1. 0. 0.003 0. 0. 1. 0.
1. 0.000 0. -0.001 -0.000 1. 0. 0.004 0. 0. 1. 0.
1. 0.000 0. -0.002 -0.000 1. 0. -0.004 0. 0. 1. 0.
1. -0.000 0. 0.003 0.000 1. 0. -0.002 0. 0. 1. 0.
1. 0.000 0. 0.006 -0.000 1. 0. 0.001 0. 0. 1. 0.
1. 0.000 0. -0.004 -0.000 1. 0. -0.012 0. 0. 1. 0.
1. 0.000 0. 0.003 -0.000 1. 0. -0.002 0. 0. 1. 0.
1. 0.000 0. -0.001 -0.000 1. 0. -0.007 0. 0. 1. 0.
1. 0. 0. 0.006 -0. 1. 0. -0.003 0. 0. 1. 0.
1. -0. 0. 0.002 0. 1. 0. -0.005 0. 0. 1. 0.
1. 0.000 0. 0.002 -0.000 1. 0. -0.006 0. 0. 1. 0.
1. 0.001 0. 0.004 -0.001 1. 0. -0.006 0. 0. 1. 0.
1. 0.000 0. 0.004 -0.000 1. 0. -0.004 0. 0. 1. 0.
1. 0.000 0. 0.010 -0.000 1. 0. 0.007 0. 0. 1. 0.
1. 0.000 0. 0.004 -0.000 1. 0. -0.007 0. 0. 1. 0.
1. 0.000 0. -0.001 -0.000 1. 0. 0.005 0. 0. 1. 0.
1. 0.000 0. -0.003 -0.000 1. 0. -0.005 0. 0. 1. 0.
1. 0.000 0. -0.004 -0.000 1. 0. -0.011 0. 0. 1. 0.
1. 0. 0. -0.003 -0. 1. 0. -0.003 0. 0. 1. 0.
1. 0. 0. -0.003 -0. 1. 0. -0.004 0. 0. 1. 0.
1. 0.000 0. -0.001 -0.000 1. 0. -0.006 0. 0. 1. 0.
1. 0.000 0. -0. -0.000 1. 0. -0.004 0. 0. 1. 0.
1. 0.001 0. 0.001 -0.001 1. 0. -0.003 0. 0. 1. 0.
1. 0.000 0. 0.003 -0.000 1. 0. 0.008 0. 0. 1. 0.
1. 0.000 0. 0.001 -0.000 1. 0. 0.004 0. 0. 1. 0.
1. 0.000 0. -0.004 -0.000 1. 0. -0.001 0. 0. 1. 0.
1. 0.000 0. -0.006 -0.000 1. 0. 0.015 0. 0. 1. 0.
1. 0.000 0. -0. -0.000 1. 0. -0.002 0. 0. 1. 0.
1. 0.000 0. -0.001 -0.000 1. 0. 0.004 0. 0. 1. 0.
1. 0. 0. 0.007 -0. 1. 0. 0.007 0. 0. 1. 0.
1. -0. 0. -0.002 0. 1. 0. -0.012 0. 0. 1. 0.
1. 0.000 0. -0.003 -0.000 1. 0. 0.006 0. 0. 1. 0.
1. 0.000 0. -0.002 -0.000 1. 0. -0.001 0. 0. 1. 0.
1. 0.000 0. 0.002 -0.000 1. 0. 0.001 0. 0. 1. 0.
1. 0.000 0. -0.007 -0.000 1. 0. -0.004 0. 0. 1. 0.
1. -0.000 0. 0.008 0.000 1. 0. -0.010 0. 0. 1. 0.
1. -0.000 0. -0.013 0.000 1. 0. -0.016 0. 0. 1. 0.
1. 0.000 0. -0.007 -0.000 1. 0. -0.007 0. 0. 1. 0.
1. 0.000 0. 0.002 -0.000 1. 0. -0.006 0. 0. 1. 0.
1. 0. 0. -0.006 -0. 1. 0. -0.009 0. 0. 1. 0.
1. 0.000 0. -0.008 -0.000 1. 0. 0.000 0. 0. 1. 0.
1. 0.000 0. -0.002 -0.000 1. 0. -0.002 0. 0. 1. 0.
1. 0. 0. -0.007 -0. 1. 0. -0.002 0. 0. 1. 0.
1. -0.000 0. -0.009 0.000 1. 0. -0.012 0. 0. 1. 0.
1. -0. 0. -0.005 0. 1. 0. -0.013 0. 0. 1. 0.
1. -0. 0. -0.004 0. 1. 0. -0.012 0. 0. 1. 0.
1. -0. 0. -0.006 0. 1. 0. -0.015 0. 0. 1. 0.
1. 0. 0. 0.002 -0. 1. 0. -0.012 0. 0. 1. 0.
1. 0.000 0. 0.008 -0.000 1. 0. -0.006 0. 0. 1. 0.
1. 0.001 0. -0.005 -0.001 1. 0. -0.007 0. 0. 1. 0.
1. 0.000 0. -0.001 -0.000 1. 0. -0.004 0. 0. 1. 0.
1. 0. 0. -0.002 -0. 1. 0. -0.008 0. 0. 1. 0.
1. 0. 0. -0.007 -0. 1. 0. -0.003 0. 0. 1. 0.
1. -0. 0. -0.004 0. 1. 0. -0.006 0. 0. 1. 0.
1. -0.000 0. 0.034 0.000 1. 0. -0.026 0. 0. 1. 0.
1. 0. 0. 0.087 -0. 1. 0. -0.019 0. 0. 1. 0.
1. -0.001 0. 0.223 0.001 1. 0. -0.005 0. 0. 1. 0.
1. -0.007 0. 0.421 0.007 1. 0. 0.020 0. 0. 1. 0.
1.000 -0.017 0. 0.792 0.017 1.000 0. 0.029 0. 0. 1. 0.
1.000 -0.030 0. 1.198 0.030 1.000 0. 0.014 0. 0. 1. 0.
0.999 -0.047 0. 1.798 0.047 0.999 0. 0.100 0. 0. 1. 0.
0.998 -0.062 0. 2.441 0.062 0.998 0. 0.107 0. 0. 1. 0.
0.997 -0.078 0. 3.236 0.078 0.997 0. 0.172 0. 0. 1. 0.
0.996 -0.092 0. 4.145 0.092 0.996 0. 0.280 0. 0. 1. 0.
0.995 -0.105 0. 5.128 0.105 0.995 0. 0.405 0. 0. 1. 0.
0.994 -0.111 0. 6.284 0.111 0.994 0. 0.480 0. 0. 1. 0.
0.994 -0.112 0. 7.487 0.112 0.994 0. 0.619 0. 0. 1. 0.
0.994 -0.109 0. 8.931 0.109 0.994 0. 0.760 0. 0. 1. 0.
0.994 -0.107 0. 10.353 0.107 0.994 0. 0.920 0. 0. 1. 0.
0.994 -0.105 0. 11.962 0.105 0.994 0. 1.054 0. 0. 1. 0.
0.995 -0.102 0. 13.759 0.102 0.995 0. 1.254 0. 0. 1. 0.
0.995 -0.098 0. 15.565 0.098 0.995 0. 1.440 0. 0. 1. 0.
0.996 -0.093 0. 17.485 0.093 0.996 0. 1.594 0. 0. 1. 0.
0.996 -0.089 0. 19.502 0.089 0.996 0. 1.759 0. 0. 1. 0.
0.997 -0.083 0. 21.563 0.083 0.997 0. 1.905 0. 0. 1. 0.
0.997 -0.076 0. 23.682 0.076 0.997 0. 2.059 0. 0. 1. 0.
0.998 -0.069 0. 25.839 0.069 0.998 0. 2.190 0. 0. 1. 0.
0.998 -0.063 0. 28.063 0.063 0.998 0. 2.319 0. 0. 1. 0.
0.998 -0.060 0. 30.330 0.060 0.998 0. 2.488 0. 0. 1. 0.
0.998 -0.059 0. 32.641 0.059 0.998 0. 2.578 0. 0. 1. 0.
0.998 -0.057 0. 34.978 0.057 0.998 0. 2.703 0. 0. 1. 0.
0.999 -0.055 0. 37.361 0.055 0.999 0. 2.822 0. 0. 1. 0.
0.999 -0.052 0. 39.769 0.052 0.999 0. 2.933 0. 0. 1. 0.
0.999 -0.047 0. 42.146 0.047 0.999 0. 3.026 0. 0. 1. 0.
0.999 -0.043 0. 44.465 0.043 0.999 0. 3.064 0. 0. 1. 0.
0.999 -0.036 0. 46.721 0.036 0.999 0. 3.137 0. 0. 1. 0.
1.000 -0.030 0. 48.953 0.030 1.000 0. 3.204 0. 0. 1. 0.
1.000 -0.026 0. 51.200 0.026 1.000 0. 3.247 0. 0. 1. 0.
1.000 -0.027 0. 53.490 0.027 1.000 0. 3.239 0. 0. 1. 0.
1.000 -0.028 0. 55.735 0.028 1.000 0. 3.313 0. 0. 1. 0.
1.000 -0.030 0. 58.024 0.030 1.000 0. 3.377 0. 0. 1. 0.
0.999 -0.033 0. 60.288 0.033 0.999 0. 3.422 0. 0. 1. 0.
0.999 -0.042 0. 62.571 0.042 0.999 0. 3.498 0. 0. 1. 0.
0.999 -0.047 0. 64.834 0.047 0.999 0. 3.576 0. 0. 1. 0.
0.999 -0.053 0. 67.040 0.053 0.999 0. 3.675 0. 0. 1. 0.
0.998 -0.059 0. 69.329 0.059 0.998 0. 3.792 0. 0. 1. 0.
0.998 -0.067 0. 71.607 0.067 0.998 0. 3.948 0. 0. 1. 0.
0.997 -0.074 0. 73.954 0.074 0.997 0. 4.096 0. 0. 1. 0.
0.997 -0.083 0. 76.183 0.083 0.997 0. 4.250 0. 0. 1. 0.
0.996 -0.092 0. 78.466 0.092 0.996 0. 4.435 0. 0. 1. 0.
0.995 -0.096 0. 80.803 0.096 0.995 0. 4.640 0. 0. 1. 0.
0.996 -0.094 0. 83.168 0.094 0.996 0. 4.864 0. 0. 1. 0.
0.996 -0.087 0. 85.509 0.087 0.996 0. 5.108 0. 0. 1. 0.
0.997 -0.073 0. 87.920 0.073 0.997 0. 5.234 0. 0. 1. 0.
0.998 -0.055 0. 90.334 0.055 0.998 0. 5.360 0. 0. 1. 0.
0.999 -0.038 0. 92.799 0.038 0.999 0. 5.434 0. 0. 1. 0.
1.000 -0.027 0. 95.358 0.027 1.000 0. 5.447 0. 0. 1. 0.
1.000 -0.024 0. 97.947 0.024 1.000 0. 5.513 0. 0. 1. 0.
1.000 -0.027 0. 100.537 0.027 1.000 0. 5.617 0. 0. 1. 0.
1.000 -0.026 0. 103.166 0.026 1.000 0. 5.623 0. 0. 1. 0.
1.000 -0.026 0. 105.868 0.026 1.000 0. 5.700 0. 0. 1. 0.
1.000 -0.028 0. 108.559 0.028 1.000 0. 5.764 0. 0. 1. 0.
1.000 -0.031 0. 111.269 0.031 1.000 0. 5.854 0. 0. 1. 0.
0.999 -0.033 0. 113.991 0.033 0.999 0. 5.928 0. 0. 1. 0.
0.999 -0.036 0. 116.716 0.036 0.999 0. 6.003 0. 0. 1. 0.
0.999 -0.039 0. 119.421 0.039 0.999 0. 6.075 0. 0. 1. 0.
0.999 -0.040 0. 122.073 0.040 0.999 0. 6.182 0. 0. 1. 0.
0.999 -0.042 0. 124.685 0.042 0.999 0. 6.304 0. 0. 1. 0.
0.999 -0.044 0. 127.383 0.044 0.999 0. 6.408 0. 0. 1. 0.
0.999 -0.045 0. 130.013 0.045 0.999 0. 6.526 0. 0. 1. 0.
0.999 -0.047 0. 132.650 0.047 0.999 0. 6.642 0. 0. 1. 0.
0.999 -0.050 0. 135.285 0.050 0.999 0. 6.730 0. 0. 1. 0.
0.999 -0.051 0. 137.927 0.051 0.999 0. 6.837 0. 0. 1. 0.
0.999 -0.052 0. 140.600 0.052 0.999 0. 6.931 0. 0. 1. 0.
0.999 -0.054 0. 143.280 0.054 0.999 0. 7.070 0. 0. 1. 0.
0.998 -0.057 0. 145.945 0.057 0.998 0. 7.193 0. 0. 1. 0.
0.998 -0.059 0. 148.609 0.059 0.998 0. 7.304 0. 0. 1. 0.
0.998 -0.062 0. 151.241 0.062 0.998 0. 7.442 0. 0. 1. 0.
0.998 -0.063 0. 153.897 0.063 0.998 0. 7.562 0. 0. 1. 0.
0.998 -0.066 0. 156.551 0.066 0.998 0. 7.693 0. 0. 1. 0.
0.998 -0.068 0. 159.125 0.068 0.998 0. 7.846 0. 0. 1. 0.
0.998 -0.068 0. 161.825 0.068 0.998 0. 8.051 0. 0. 1. 0.
0.998 -0.069 0. 164.462 0.069 0.998 0. 8.204 0. 0. 1. 0.
0.997 -0.072 0. 167.028 0.072 0.997 0. 8.301 0. 0. 1. 0.
0.997 -0.073 0. 169.638 0.073 0.997 0. 8.497 0. 0. 1. 0.
0.997 -0.077 0. 172.250 0.077 0.997 0. 8.686 0. 0. 1. 0.
0.997 -0.079 0. 174.875 0.079 0.997 0. 8.871 0. 0. 1. 0.
0.997 -0.081 0. 177.458 0.081 0.997 0. 9.082 0. 0. 1. 0.
0.997 -0.083 0. 180.001 0.083 0.997 0. 9.290 0. 0. 1. 0.
0.996 -0.084 0. 182.534 0.084 0.996 0. 9.525 0. 0. 1. 0.
0.996 -0.086 0. 185.090 0.086 0.996 0. 9.743 0. 0. 1. 0.
0.996 -0.088 0. 187.648 0.088 0.996 0. 9.936 0. 0. 1. 0.
0.996 -0.091 0. 190.172 0.091 0.996 0. 10.103 0. 0. 1. 0.
0.995 -0.095 0. 192.642 0.095 0.995 0. 10.330 0. 0. 1. 0.
0.995 -0.100 0. 195.140 0.100 0.995 0. 10.548 0. 0. 1. 0.
0.994 -0.110 0. 197.532 0.110 0.994 0. 10.816 0. 0. 1. 0.
0.993 -0.121 0. 199.973 0.121 0.993 0. 11.029 0. 0. 1. 0.
0.991 -0.136 0. 202.357 0.136 0.991 0. 11.375 0. 0. 1. 0.
0.990 -0.143 0. 204.725 0.143 0.990 0. 11.706 0. 0. 1. 0.
0.989 -0.150 0. 206.984 0.150 0.989 0. 12.029 0. 0. 1. 0.
0.987 -0.158 0. 209.226 0.158 0.987 0. 12.350 0. 0. 1. 0.
0.986 -0.164 0. 211.481 0.164 0.986 0. 12.775 0. 0. 1. 0.
0.986 -0.169 0. 213.734 0.169 0.986 0. 13.134 0. 0. 1. 0.
0.985 -0.173 0. 215.882 0.173 0.985 0. 13.497 0. 0. 1. 0.
0.985 -0.174 0. 218.079 0.174 0.985 0. 13.876 0. 0. 1. 0.
0.984 -0.176 0. 220.262 0.176 0.984 0. 14.219 0. 0. 1. 0.
0.984 -0.180 0. 222.416 0.180 0.984 0. 14.572 0. 0. 1. 0.
0.983 -0.186 0. 224.560 0.186 0.983 0. 15.003 0. 0. 1. 0.
0.981 -0.193 0. 226.700 0.193 0.981 0. 15.410 0. 0. 1. 0.
0.980 -0.201 0. 228.814 0.201 0.980 0. 15.844 0. 0. 1. 0.
0.978 -0.207 0. 230.884 0.207 0.978 0. 16.260 0. 0. 1. 0.
0.977 -0.213 0. 232.961 0.213 0.977 0. 16.759 0. 0. 1. 0.
0.976 -0.219 0. 235.010 0.219 0.976 0. 17.221 0. 0. 1. 0.
0.976 -0.218 0. 237.021 0.218 0.976 0. 17.659 0. 0. 1. 0.
0.976 -0.220 0. 239.029 0.220 0.976 0. 18.112 0. 0. 1. 0.
0.976 -0.216 0. 241.034 0.216 0.976 0. 18.592 0. 0. 1. 0.
0.978 -0.208 0. 243.074 0.208 0.978 0. 19.025 0. 0. 1. 0.
0.981 -0.195 0. 245.144 0.195 0.981 0. 19.400 0. 0. 1. 0.
0.984 -0.181 0. 247.190 0.181 0.984 0. 19.752 0. 0. 1. 0.
0.986 -0.167 0. 249.219 0.167 0.986 0. 20.105 0. 0. 1. 0.
0.988 -0.157 0. 251.345 0.157 0.988 0. 20.456 0. 0. 1. 0.
0.989 -0.151 0. 253.474 0.151 0.989 0. 20.712 0. 0. 1. 0.
0.989 -0.145 0. 255.548 0.145 0.989 0. 21.018 0. 0. 1. 0.
0.990 -0.143 0. 257.689 0.143 0.990 0. 21.302 0. 0. 1. 0.
0.990 -0.142 0. 259.816 0.142 0.990 0. 21.600 0. 0. 1. 0.
0.990 -0.143 0. 261.977 0.143 0.990 0. 21.935 0. 0. 1. 0.
0.990 -0.143 0. 264.233 0.143 0.990 0. 22.230 0. 0. 1. 0.
0.990 -0.143 0. 266.502 0.143 0.990 0. 22.524 0. 0. 1. 0.
0.990 -0.144 0. 268.747 0.144 0.990 0. 22.827 0. 0. 1. 0.
0.990 -0.143 0. 271.011 0.143 0.990 0. 23.146 0. 0. 1. 0.
0.990 -0.145 0. 273.323 0.145 0.990 0. 23.422 0. 0. 1. 0.
0.989 -0.146 0. 275.639 0.146 0.989 0. 23.764 0. 0. 1. 0.
0.989 -0.145 0. 277.889 0.145 0.989 0. 24.099 0. 0. 1. 0.
0.990 -0.141 0. 280.204 0.141 0.990 0. 24.381 0. 0. 1. 0.
0.990 -0.139 0. 282.522 0.139 0.990 0. 24.645 0. 0. 1. 0.
0.991 -0.136 0. 284.789 0.136 0.991 0. 24.945 0. 0. 1. 0.
0.991 -0.133 0. 287.032 0.133 0.991 0. 25.234 0. 0. 1. 0.
0.991 -0.131 0. 289.155 0.131 0.991 0. 25.482 0. 0. 1. 0.
0.992 -0.128 0. 291.377 0.128 0.992 0. 25.746 0. 0. 1. 0.
0.992 -0.124 0. 293.592 0.124 0.992 0. 25.984 0. 0. 1. 0.
0.993 -0.120 0. 295.805 0.120 0.993 0. 26.254 0. 0. 1. 0.
0.993 -0.118 0. 297.990 0.118 0.993 0. 26.457 0. 0. 1. 0.
0.993 -0.115 0. 300.119 0.115 0.993 0. 26.710 0. 0. 1. 0.
0.994 -0.110 0. 302.284 0.110 0.994 0. 26.877 0. 0. 1. 0.
0.994 -0.109 0. 304.422 0.109 0.994 0. 27.192 0. 0. 1. 0.
0.994 -0.107 0. 306.629 0.107 0.994 0. 27.392 0. 0. 1. 0.
0.995 -0.102 0. 308.743 0.102 0.995 0. 27.554 0. 0. 1. 0.
0.995 -0.101 0. 310.904 0.101 0.995 0. 27.801 0. 0. 1. 0.
0.995 -0.100 0. 313.043 0.100 0.995 0. 28.011 0. 0. 1. 0.
0.995 -0.098 0. 315.191 0.098 0.995 0. 28.215 0. 0. 1. 0.
0.996 -0.094 0. 317.352 0.094 0.996 0. 28.370 0. 0. 1. 0.
0.996 -0.090 0. 319.507 0.090 0.996 0. 28.532 0. 0. 1. 0.
0.996 -0.091 0. 321.697 0.091 0.996 0. 28.706 0. 0. 1. 0.
0.996 -0.089 0. 323.837 0.089 0.996 0. 28.893 0. 0. 1. 0.
0.996 -0.086 0. 326.044 0.086 0.996 0. 29.105 0. 0. 1. 0.
0.996 -0.086 0. 328.265 0.086 0.996 0. 29.272 0. 0. 1. 0.
0.996 -0.086 0. 330.452 0.086 0.996 0. 29.426 0. 0. 1. 0.
0.996 -0.086 0. 332.712 0.086 0.996 0. 29.548 0. 0. 1. 0.
0.996 -0.084 0. 334.998 0.084 0.996 0. 29.758 0. 0. 1. 0.
0.996 -0.085 0. 337.286 0.085 0.996 0. 29.864 0. 0. 1. 0.
0.996 -0.086 0. 339.532 0.086 0.996 0. 30.024 0. 0. 1. 0.
0.996 -0.087 0. 341.853 0.087 0.996 0. 30.247 0. 0. 1. 0.
0.996 -0.085 0. 344.171 0.085 0.996 0. 30.455 0. 0. 1. 0.
0.996 -0.084 0. 346.496 0.084 0.996 0. 30.632 0. 0. 1. 0.
0.997 -0.082 0. 348.768 0.082 0.997 0. 30.811 0. 0. 1. 0.
0.997 -0.080 0. 351.117 0.080 0.997 0. 30.978 0. 0. 1. 0.
0.997 -0.074 0. 353.460 0.074 0.997 0. 31.162 0. 0. 1. 0.
0.998 -0.067 0. 355.810 0.067 0.998 0. 31.332 0. 0. 1. 0.
0.998 -0.057 0. 358.218 0.057 0.998 0. 31.460 0. 0. 1. 0.
0.999 -0.048 0. 360.597 0.048 0.999 0. 31.573 0. 0. 1. 0.
0.999 -0.037 0. 363.022 0.037 0.999 0. 31.658 0. 0. 1. 0.
1.000 -0.028 0. 365.426 0.028 1.000 0. 31.715 0. 0. 1. 0.
1.000 -0.020 0. 367.915 0.020 1.000 0. 31.750 0. 0. 1. 0.
1. -0.013 0. 370.291 0.013 1. 0. 31.763 0. 0. 1. 0.
1. -0.010 0. 372.730 0.010 1. 0. 31.753 0. 0. 1. 0.
1. -0.006 0. 375.193 0.006 1. 0. 31.765 0. 0. 1. 0.
1. -0.004 0. 377.632 0.004 1. 0. 31.756 0. 0. 1. 0.
1. -0.005 0. 380.117 0.005 1. 0. 31.725 0. 0. 1. 0.
1. -0.006 0. 382.617 0.006 1. 0. 31.731 0. 0. 1. 0.
1. -0.009 0. 385.107 0.009 1. 0. 31.751 0. 0. 1. 0.
1.000 -0.016 0. 387.632 0.016 1.000 0. 31.796 0. 0. 1. 0.
1.000 -0.025 0. 390.081 0.025 1.000 0. 31.831 0. 0. 1. 0.
0.999 -0.033 0. 392.571 0.033 0.999 0. 31.929 0. 0. 1. 0.
0.999 -0.042 0. 395.031 0.042 0.999 0. 32.001 0. 0. 1. 0.
0.999 -0.049 0. 397.502 0.049 0.999 0. 32.095 0. 0. 1. 0.
0.998 -0.055 0. 399.926 0.055 0.998 0. 32.232 0. 0. 1. 0.
0.998 -0.057 0. 402.383 0.057 0.998 0. 32.356 0. 0. 1. 0.
0.998 -0.058 0. 404.746 0.058 0.998 0. 32.417 0. 0. 1. 0.
0.998 -0.057 0. 407.108 0.057 0.998 0. 32.562 0. 0. 1. 0.
0.998 -0.056 0. 409.448 0.056 0.998 0. 32.661 0. 0. 1. 0.
0.998 -0.057 0. 411.721 0.057 0.998 0. 32.799 0. 0. 1. 0.
0.998 -0.062 0. 413.935 0.062 0.998 0. 32.909 0. 0. 1. 0.
0.998 -0.067 0. 416.079 0.067 0.998 0. 33.025 0. 0. 1. 0.
0.997 -0.071 0. 418.159 0.071 0.997 0. 33.154 0. 0. 1. 0.
0.997 -0.076 0. 420.225 0.076 0.997 0. 33.277 0. 0. 1. 0.
0.997 -0.082 0. 422.194 0.082 0.997 0. 33.450 0. 0. 1. 0.
0.996 -0.086 0. 424.166 0.086 0.996 0. 33.609 0. 0. 1. 0.
0.996 -0.088 0. 426.057 0.088 0.996 0. 33.772 0. 0. 1. 0.
0.996 -0.089 0. 427.892 0.089 0.996 0. 33.906 0. 0. 1. 0.
0.996 -0.085 0. 429.672 0.085 0.996 0. 34.046 0. 0. 1. 0.
0.997 -0.079 0. 431.385 0.079 0.997 0. 34.150 0. 0. 1. 0.
0.997 -0.071 0. 433.002 0.071 0.997 0. 34.241 0. 0. 1. 0.
0.998 -0.055 0. 434.500 0.055 0.998 0. 34.366 0. 0. 1. 0.
1.000 -0.031 0. 435.939 0.031 1.000 0. 34.412 0. 0. 1. 0.
1. 0.011 0. 437.256 -0.011 1. 0. 34.361 0. 0. 1. 0.
0.997 0.071 0. 438.541 -0.071 0.997 0. 34.198 0. 0. 1. 0.
0.991 0.134 0. 439.717 -0.134 0.991 0. 33.931 0. 0. 1. 0.
0.980 0.200 0. 440.802 -0.200 0.980 0. 33.661 0. 0. 1. 0.
0.963 0.268 0. 441.864 -0.268 0.963 0. 33.348 0. 0. 1. 0.
0.943 0.334 0. 442.786 -0.334 0.943 0. 32.965 0. 0. 1. 0.
0.917 0.399 0. 443.659 -0.399 0.917 0. 32.493 0. 0. 1. 0.
0.886 0.463 0. 444.437 -0.463 0.886 0. 32.015 0. 0. 1. 0.
0.851 0.525 0. 445.136 -0.525 0.851 0. 31.501 0. 0. 1. 0.
0.810 0.586 0. 445.767 -0.586 0.810 0. 31.011 0. 0. 1. 0.
0.760 0.650 0. 446.374 -0.650 0.760 0. 30.423 0. 0. 1. 0.
0.699 0.715 0. 446.880 -0.715 0.699 0. 29.807 0. 0. 1. 0.
0.630 0.776 0. 447.358 -0.776 0.630 0. 29.109 0. 0. 1. 0.
0.552 0.834 0. 447.743 -0.834 0.552 0. 28.423 0. 0. 1. 0.
0.466 0.885 0. 448.045 -0.885 0.466 0. 27.691 0. 0. 1. 0.
0.370 0.929 0. 448.262 -0.929 0.370 0. 26.899 0. 0. 1. 0.
0.264 0.965 0. 448.422 -0.965 0.264 0. 26.071 0. 0. 1. 0.
0.148 0.989 0. 448.479 -0.989 0.148 0. 25.189 0. 0. 1. 0.
0.026 1.000 0. 448.392 -1.000 0.026 0. 24.309 0. 0. 1. 0.
-0.098 0.995 0. 448.269 -0.995 -0.098 0. 23.347 0. 0. 1. 0.
-0.220 0.975 0. 447.978 -0.975 -0.220 0. 22.337 0. 0. 1. 0.
-0.338 0.941 0. 447.528 -0.941 -0.338 0. 21.435 0. 0. 1. 0.
-0.448 0.894 0. 447.011 -0.894 -0.448 0. 20.496 0. 0. 1. 0.
-0.547 0.837 0. 446.330 -0.837 -0.547 0. 19.536 0. 0. 1. 0.
-0.637 0.771 0. 445.498 -0.771 -0.637 0. 18.671 0. 0. 1. 0.
-0.713 0.701 0. 444.560 -0.701 -0.713 0. 17.747 0. 0. 1. 0.
-0.774 0.633 0. 443.424 -0.633 -0.774 0. 16.933 0. 0. 1. 0.
-0.818 0.575 0. 442.184 -0.575 -0.818 0. 16.054 0. 0. 1. 0.
-0.843 0.538 0. 440.804 -0.538 -0.843 0. 15.273 0. 0. 1. 0.
-0.858 0.513 0. 439.355 -0.513 -0.858 0. 14.437 0. 0. 1. 0.
-0.869 0.495 0. 437.769 -0.495 -0.869 0. 13.589 0. 0. 1. 0.
-0.875 0.484 0. 436.053 -0.484 -0.875 0. 12.679 0. 0. 1. 0.
-0.878 0.478 0. 434.299 -0.478 -0.878 0. 11.751 0. 0. 1. 0.
-0.881 0.473 0. 432.454 -0.473 -0.881 0. 10.824 0. 0. 1. 0.
-0.883 0.469 0. 430.505 -0.469 -0.883 0. 9.770 0. 0. 1. 0.
-0.885 0.466 0. 428.486 -0.466 -0.885 0. 8.751 0. 0. 1. 0.
-0.885 0.466 0. 426.429 -0.466 -0.885 0. 7.675 0. 0. 1. 0.
-0.885 0.465 0. 424.286 -0.465 -0.885 0. 6.535 0. 0. 1. 0.
-0.885 0.465 0. 422.067 -0.465 -0.885 0. 5.422 0. 0. 1. 0.
-0.886 0.464 0. 419.843 -0.464 -0.886 0. 4.276 0. 0. 1. 0.
-0.886 0.463 0. 417.554 -0.463 -0.886 0. 3.094 0. 0. 1. 0.
-0.887 0.461 0. 415.254 -0.461 -0.887 0. 1.883 0. 0. 1. 0.
-0.888 0.460 0. 412.888 -0.460 -0.888 0. 0.715 0. 0. 1. 0.
-0.889 0.458 0. 410.493 -0.458 -0.889 0. -0.513 0. 0. 1. 0.
-0.890 0.455 0. 408.159 -0.455 -0.890 0. -1.719 0. 0. 1. 0.
-0.892 0.452 0. 405.796 -0.452 -0.892 0. -2.907 0. 0. 1. 0.
-0.894 0.448 0. 403.493 -0.448 -0.894 0. -4.063 0. 0. 1. 0.
-0.894 0.447 0. 401.186 -0.447 -0.894 0. -5.201 0. 0. 1. 0.
-0.895 0.447 0. 398.928 -0.447 -0.895 0. -6.314 0. 0. 1. 0.
-0.895 0.445 0. 396.691 -0.445 -0.895 0. -7.400 0. 0. 1. 0.
-0.895 0.445 0. 394.520 -0.445 -0.895 0. -8.503 0. 0. 1. 0.
-0.895 0.445 0. 392.350 -0.445 -0.895 0. -9.561 0. 0. 1. 0.
-0.895 0.446 0. 390.288 -0.446 -0.895 0. -10.590 0. 0. 1. 0.
-0.895 0.446 0. 388.274 -0.446 -0.895 0. -11.595 0. 0. 1. 0.
-0.895 0.447 0. 386.298 -0.447 -0.895 0. -12.555 0. 0. 1. 0.
-0.895 0.447 0. 384.445 -0.447 -0.895 0. -13.502 0. 0. 1. 0.
-0.895 0.446 0. 382.620 -0.446 -0.895 0. -14.363 0. 0. 1. 0.
-0.896 0.445 0. 380.919 -0.445 -0.896 0. -15.227 0. 0. 1. 0.
-0.896 0.444 0. 379.241 -0.444 -0.896 0. -16.054 0. 0. 1. 0.
-0.896 0.443 0. 377.630 -0.443 -0.896 0. -16.783 0. 0. 1. 0.
-0.896 0.443 0. 376.170 -0.443 -0.896 0. -17.568 0. 0. 1. 0.
-0.898 0.441 0. 374.800 -0.441 -0.898 0. -18.274 0. 0. 1. 0.
-0.898 0.440 0. 373.511 -0.440 -0.898 0. -18.913 0. 0. 1. 0.
-0.899 0.439 0. 372.178 -0.439 -0.899 0. -19.491 0. 0. 1. 0.
-0.899 0.437 0. 370.915 -0.437 -0.899 0. -20.123 0. 0. 1. 0.
-0.900 0.437 0. 369.663 -0.437 -0.900 0. -20.718 0. 0. 1. 0.
-0.900 0.436 0. 368.366 -0.436 -0.900 0. -21.332 0. 0. 1. 0.
-0.900 0.435 0. 367.066 -0.435 -0.900 0. -21.941 0. 0. 1. 0.
-0.900 0.435 0. 365.718 -0.435 -0.900 0. -22.594 0. 0. 1. 0.
-0.900 0.435 0. 364.295 -0.435 -0.900 0. -23.249 0. 0. 1. 0.
-0.902 0.433 0. 362.773 -0.433 -0.902 0. -23.970 0. 0. 1. 0.
-0.901 0.434 0. 361.236 -0.434 -0.901 0. -24.698 0. 0. 1. 0.
-0.901 0.434 0. 359.604 -0.434 -0.901 0. -25.458 0. 0. 1. 0.
-0.900 0.435 0. 357.935 -0.435 -0.900 0. -26.266 0. 0. 1. 0.
-0.901 0.434 0. 356.190 -0.434 -0.901 0. -27.101 0. 0. 1. 0.
-0.900 0.435 0. 354.397 -0.435 -0.900 0. -27.963 0. 0. 1. 0.
-0.901 0.434 0. 352.577 -0.434 -0.901 0. -28.834 0. 0. 1. 0.
-0.902 0.432 0. 350.703 -0.432 -0.902 0. -29.742 0. 0. 1. 0.
-0.903 0.429 0. 348.733 -0.429 -0.903 0. -30.623 0. 0. 1. 0.
-0.905 0.425 0. 346.752 -0.425 -0.905 0. -31.532 0. 0. 1. 0.
-0.907 0.422 0. 344.717 -0.422 -0.907 0. -32.432 0. 0. 1. 0.
-0.911 0.413 0. 342.685 -0.413 -0.911 0. -33.357 0. 0. 1. 0.
-0.915 0.403 0. 340.562 -0.403 -0.915 0. -34.237 0. 0. 1. 0.
-0.919 0.394 0. 338.395 -0.394 -0.919 0. -35.145 0. 0. 1. 0.
-0.924 0.383 0. 336.195 -0.383 -0.924 0. -36.063 0. 0. 1. 0.
-0.928 0.372 0. 333.947 -0.372 -0.928 0. -36.980 0. 0. 1. 0.
-0.932 0.362 0. 331.672 -0.362 -0.932 0. -37.856 0. 0. 1. 0.
-0.938 0.346 0. 329.343 -0.346 -0.938 0. -38.754 0. 0. 1. 0.
-0.944 0.330 0. 326.966 -0.330 -0.944 0. -39.539 0. 0. 1. 0.
-0.950 0.312 0. 324.516 -0.312 -0.950 0. -40.317 0. 0. 1. 0.
-0.955 0.297 0. 321.941 -0.297 -0.955 0. -41.032 0. 0. 1. 0.
-0.958 0.288 0. 319.427 -0.288 -0.958 0. -41.773 0. 0. 1. 0.
-0.959 0.285 0. 316.834 -0.285 -0.959 0. -42.540 0. 0. 1. 0.
-0.958 0.288 0. 314.182 -0.288 -0.958 0. -43.292 0. 0. 1. 0.
-0.957 0.289 0. 311.558 -0.289 -0.957 0. -44.038 0. 0. 1. 0.
-0.955 0.295 0. 308.910 -0.295 -0.955 0. -44.837 0. 0. 1. 0.
-0.953 0.304 0. 306.211 -0.304 -0.953 0. -45.656 0. 0. 1. 0.
-0.949 0.316 0. 303.488 -0.316 -0.949 0. -46.541 0. 0. 1. 0.
-0.946 0.325 0. 300.746 -0.325 -0.946 0. -47.392 0. 0. 1. 0.
-0.941 0.338 0. 298.007 -0.338 -0.941 0. -48.385 0. 0. 1. 0.
-0.938 0.347 0. 295.216 -0.347 -0.938 0. -49.372 0. 0. 1. 0.
-0.935 0.354 0. 292.440 -0.354 -0.935 0. -50.437 0. 0. 1. 0.
-0.933 0.359 0. 289.602 -0.359 -0.933 0. -51.511 0. 0. 1. 0.
-0.933 0.360 0. 286.748 -0.360 -0.933 0. -52.628 0. 0. 1. 0.
-0.932 0.361 0. 283.909 -0.361 -0.932 0. -53.727 0. 0. 1. 0.
-0.932 0.363 0. 281.063 -0.363 -0.932 0. -54.847 0. 0. 1. 0.
-0.930 0.367 0. 278.237 -0.367 -0.930 0. -55.935 0. 0. 1. 0.
-0.927 0.375 0. 275.415 -0.375 -0.927 0. -57.021 0. 0. 1. 0.
-0.926 0.378 0. 272.566 -0.378 -0.926 0. -58.152 0. 0. 1. 0.
-0.924 0.383 0. 269.705 -0.383 -0.924 0. -59.247 0. 0. 1. 0.
-0.922 0.387 0. 266.863 -0.387 -0.922 0. -60.355 0. 0. 1. 0.
-0.922 0.387 0. 264.089 -0.387 -0.922 0. -61.486 0. 0. 1. 0.
-0.920 0.392 0. 261.302 -0.392 -0.920 0. -62.689 0. 0. 1. 0.
-0.919 0.395 0. 258.487 -0.395 -0.919 0. -63.909 0. 0. 1. 0.
-0.919 0.395 0. 255.822 -0.395 -0.919 0. -65.059 0. 0. 1. 0.
-0.918 0.396 0. 253.088 -0.396 -0.918 0. -66.244 0. 0. 1. 0.
-0.918 0.396 0. 250.394 -0.396 -0.918 0. -67.337 0. 0. 1. 0.
-0.917 0.398 0. 247.727 -0.398 -0.917 0. -68.504 0. 0. 1. 0.
-0.916 0.400 0. 245.126 -0.400 -0.916 0. -69.615 0. 0. 1. 0.
-0.915 0.403 0. 242.484 -0.403 -0.915 0. -70.691 0. 0. 1. 0.
-0.913 0.408 0. 239.879 -0.408 -0.913 0. -71.875 0. 0. 1. 0.
-0.911 0.412 0. 237.296 -0.412 -0.911 0. -72.910 0. 0. 1. 0.
-0.909 0.417 0. 234.729 -0.417 -0.909 0. -74.123 0. 0. 1. 0.
-0.909 0.416 0. 232.221 -0.416 -0.909 0. -75.322 0. 0. 1. 0.
-0.910 0.415 0. 229.659 -0.415 -0.910 0. -76.493 0. 0. 1. 0.
-0.909 0.416 0. 227.108 -0.416 -0.909 0. -77.637 0. 0. 1. 0.
-0.909 0.417 0. 224.573 -0.417 -0.909 0. -78.848 0. 0. 1. 0.
-0.910 0.415 0. 222.059 -0.415 -0.910 0. -79.960 0. 0. 1. 0.
-0.909 0.418 0. 219.526 -0.418 -0.909 0. -81.090 0. 0. 1. 0.
-0.907 0.421 0. 217.089 -0.421 -0.907 0. -82.203 0. 0. 1. 0.
-0.906 0.424 0. 214.631 -0.424 -0.906 0. -83.328 0. 0. 1. 0.
-0.905 0.425 0. 212.152 -0.425 -0.905 0. -84.524 0. 0. 1. 0.
-0.906 0.423 0. 209.701 -0.423 -0.906 0. -85.594 0. 0. 1. 0.
-0.909 0.417 0. 207.264 -0.417 -0.909 0. -86.699 0. 0. 1. 0.
-0.910 0.414 0. 204.850 -0.414 -0.910 0. -87.792 0. 0. 1. 0.
-0.911 0.412 0. 202.458 -0.412 -0.911 0. -88.865 0. 0. 1. 0.
-0.913 0.408 0. 200.140 -0.408 -0.913 0. -89.863 0. 0. 1. 0.
-0.914 0.406 0. 197.816 -0.406 -0.914 0. -90.815 0. 0. 1. 0.
-0.914 0.405 0. 195.504 -0.405 -0.914 0. -91.896 0. 0. 1. 0.
-0.915 0.402 0. 193.222 -0.402 -0.915 0. -92.911 0. 0. 1. 0.
-0.916 0.400 0. 190.921 -0.400 -0.916 0. -93.876 0. 0. 1. 0.
-0.917 0.399 0. 188.611 -0.399 -0.917 0. -94.834 0. 0. 1. 0.
-0.917 0.399 0. 186.355 -0.399 -0.917 0. -95.827 0. 0. 1. 0.
-0.915 0.402 0. 184.066 -0.402 -0.915 0. -96.780 0. 0. 1. 0.
-0.914 0.406 0. 181.782 -0.406 -0.914 0. -97.764 0. 0. 1. 0.
-0.912 0.410 0. 179.539 -0.410 -0.912 0. -98.801 0. 0. 1. 0.
-0.909 0.418 0. 177.380 -0.418 -0.909 0. -99.837 0. 0. 1. 0.
-0.908 0.420 0. 175.124 -0.420 -0.908 0. -100.800 0. 0. 1. 0.
-0.905 0.425 0. 172.941 -0.425 -0.905 0. -101.758 0. 0. 1. 0.
-0.905 0.426 0. 170.788 -0.426 -0.905 0. -102.818 0. 0. 1. 0.
-0.905 0.425 0. 168.649 -0.425 -0.905 0. -103.853 0. 0. 1. 0.
-0.907 0.422 0. 166.502 -0.422 -0.907 0. -104.869 0. 0. 1. 0.
-0.908 0.420 0. 164.385 -0.420 -0.908 0. -105.827 0. 0. 1. 0.
-0.908 0.418 0. 162.276 -0.418 -0.908 0. -106.755 0. 0. 1. 0.
-0.910 0.415 0. 160.243 -0.415 -0.910 0. -107.679 0. 0. 1. 0.
-0.910 0.415 0. 158.165 -0.415 -0.910 0. -108.617 0. 0. 1. 0.
-0.909 0.416 0. 156.150 -0.416 -0.909 0. -109.526 0. 0. 1. 0.
-0.909 0.416 0. 154.152 -0.416 -0.909 0. -110.399 0. 0. 1. 0.
-0.910 0.414 0. 152.175 -0.414 -0.910 0. -111.254 0. 0. 1. 0.
-0.913 0.408 0. 150.232 -0.408 -0.913 0. -112.142 0. 0. 1. 0.
-0.915 0.403 0. 148.332 -0.403 -0.915 0. -112.899 0. 0. 1. 0.
-0.917 0.399 0. 146.551 -0.399 -0.917 0. -113.738 0. 0. 1. 0.
-0.918 0.397 0. 144.753 -0.397 -0.918 0. -114.477 0. 0. 1. 0.
-0.918 0.396 0. 143.010 -0.396 -0.918 0. -115.206 0. 0. 1. 0.
-0.918 0.396 0. 141.310 -0.396 -0.918 0. -115.953 0. 0. 1. 0.
-0.919 0.394 0. 139.691 -0.394 -0.919 0. -116.693 0. 0. 1. 0.
-0.921 0.390 0. 138.122 -0.390 -0.921 0. -117.378 0. 0. 1. 0.
-0.921 0.389 0. 136.551 -0.389 -0.921 0. -117.961 0. 0. 1. 0.
-0.922 0.387 0. 135.116 -0.387 -0.922 0. -118.597 0. 0. 1. 0.
-0.921 0.389 0. 133.698 -0.389 -0.921 0. -119.169 0. 0. 1. 0.
-0.922 0.387 0. 132.374 -0.387 -0.922 0. -119.694 0. 0. 1. 0.
-0.922 0.386 0. 131.102 -0.386 -0.922 0. -120.230 0. 0. 1. 0.
-0.922 0.387 0. 129.876 -0.387 -0.922 0. -120.755 0. 0. 1. 0.
-0.923 0.386 0. 128.696 -0.386 -0.923 0. -121.230 0. 0. 1. 0.
-0.923 0.384 0. 127.579 -0.384 -0.923 0. -121.706 0. 0. 1. 0.
-0.924 0.382 0. 126.537 -0.382 -0.924 0. -122.121 0. 0. 1. 0.
-0.925 0.380 0. 125.535 -0.380 -0.925 0. -122.533 0. 0. 1. 0.
-0.926 0.378 0. 124.564 -0.378 -0.926 0. -122.898 0. 0. 1. 0.
-0.926 0.378 0. 123.631 -0.378 -0.926 0. -123.204 0. 0. 1. 0.
-0.926 0.377 0. 122.815 -0.377 -0.926 0. -123.576 0. 0. 1. 0.
-0.927 0.375 0. 122.010 -0.375 -0.927 0. -123.890 0. 0. 1. 0.
-0.927 0.375 0. 121.293 -0.375 -0.927 0. -124.214 0. 0. 1. 0.
-0.928 0.374 0. 120.606 -0.374 -0.928 0. -124.475 0. 0. 1. 0.
-0.928 0.373 0. 119.943 -0.373 -0.928 0. -124.732 0. 0. 1. 0.
-0.929 0.371 0. 119.316 -0.371 -0.929 0. -124.986 0. 0. 1. 0.
-0.929 0.370 0. 118.722 -0.370 -0.929 0. -125.248 0. 0. 1. 0.
-0.930 0.368 0. 118.049 -0.368 -0.930 0. -125.447 0. 0. 1. 0.
-0.931 0.366 0. 117.397 -0.366 -0.931 0. -125.697 0. 0. 1. 0.
-0.931 0.365 0. 116.695 -0.365 -0.931 0. -125.986 0. 0. 1. 0.
-0.932 0.363 0. 115.915 -0.363 -0.932 0. -126.291 0. 0. 1. 0.
-0.933 0.360 0. 115.072 -0.360 -0.933 0. -126.604 0. 0. 1. 0.
-0.934 0.359 0. 114.108 -0.359 -0.934 0. -126.887 0. 0. 1. 0.
-0.934 0.358 0. 113.040 -0.358 -0.934 0. -127.310 0. 0. 1. 0.
-0.934 0.357 0. 111.818 -0.357 -0.934 0. -127.772 0. 0. 1. 0.
-0.934 0.358 0. 110.453 -0.358 -0.934 0. -128.231 0. 0. 1. 0.
-0.934 0.358 0. 109.026 -0.358 -0.934 0. -128.816 0. 0. 1. 0.
-0.934 0.357 0. 107.506 -0.357 -0.934 0. -129.402 0. 0. 1. 0.
-0.934 0.357 0. 105.946 -0.357 -0.934 0. -129.993 0. 0. 1. 0.
-0.935 0.356 0. 104.345 -0.356 -0.935 0. -130.561 0. 0. 1. 0.
-0.935 0.355 0. 102.750 -0.355 -0.935 0. -131.180 0. 0. 1. 0.
-0.936 0.351 0. 101.114 -0.351 -0.936 0. -131.785 0. 0. 1. 0.
-0.938 0.347 0. 99.547 -0.347 -0.938 0. -132.446 0. 0. 1. 0.
-0.940 0.341 0. 97.878 -0.341 -0.940 0. -132.942 0. 0. 1. 0.
-0.942 0.335 0. 96.210 -0.335 -0.942 0. -133.559 0. 0. 1. 0.
-0.945 0.327 0. 94.503 -0.327 -0.945 0. -134.090 0. 0. 1. 0.
-0.947 0.321 0. 92.838 -0.321 -0.947 0. -134.633 0. 0. 1. 0.
-0.949 0.315 0. 91.132 -0.315 -0.949 0. -135.182 0. 0. 1. 0.
-0.951 0.310 0. 89.370 -0.310 -0.951 0. -135.727 0. 0. 1. 0.
-0.952 0.307 0. 87.633 -0.307 -0.952 0. -136.241 0. 0. 1. 0.
-0.952 0.305 0. 85.931 -0.305 -0.952 0. -136.786 0. 0. 1. 0.
-0.953 0.303 0. 84.226 -0.303 -0.953 0. -137.295 0. 0. 1. 0.
-0.954 0.300 0. 82.490 -0.300 -0.954 0. -137.813 0. 0. 1. 0.
-0.954 0.300 0. 80.813 -0.300 -0.954 0. -138.259 0. 0. 1. 0.
-0.952 0.306 0. 79.142 -0.306 -0.952 0. -138.779 0. 0. 1. 0.
-0.948 0.317 0. 77.457 -0.317 -0.948 0. -139.263 0. 0. 1. 0.
-0.943 0.333 0. 75.852 -0.333 -0.943 0. -139.867 0. 0. 1. 0.
-0.934 0.356 0. 74.301 -0.356 -0.934 0. -140.420 0. 0. 1. 0.
-0.921 0.389 0. 72.929 -0.389 -0.921 0. -141.081 0. 0. 1. 0.
-0.902 0.432 0. 71.462 -0.432 -0.902 0. -141.773 0. 0. 1. 0.
-0.874 0.485 0. 70.225 -0.485 -0.874 0. -142.474 0. 0. 1. 0.
-0.839 0.544 0. 69.021 -0.544 -0.839 0. -143.329 0. 0. 1. 0.
-0.791 0.612 0. 67.897 -0.612 -0.791 0. -144.231 0. 0. 1. 0.
-0.733 0.681 0. 66.978 -0.681 -0.733 0. -145.170 0. 0. 1. 0.
-0.665 0.747 0. 66.099 -0.747 -0.665 0. -146.192 0. 0. 1. 0.
-0.589 0.808 0. 65.386 -0.808 -0.589 0. -147.266 0. 0. 1. 0.
-0.500 0.866 0. 64.826 -0.866 -0.500 0. -148.407 0. 0. 1. 0.
-0.399 0.917 0. 64.317 -0.917 -0.399 0. -149.606 0. 0. 1. 0.
-0.289 0.957 0. 64.037 -0.957 -0.289 0. -150.785 0. 0. 1. 0.
-0.173 0.985 0. 63.843 -0.985 -0.173 0. -152.045 0. 0. 1. 0.
-0.048 0.999 0. 63.852 -0.999 -0.048 0. -153.290 0. 0. 1. 0.
0.073 0.997 0. 63.925 -0.997 0.073 0. -154.584 0. 0. 1. 0.
0.182 0.983 0. 64.224 -0.983 0.182 0. -155.817 0. 0. 1. 0.
0.280 0.960 0. 64.599 -0.960 0.280 0. -156.981 0. 0. 1. 0.
0.365 0.931 0. 65.155 -0.931 0.365 0. -158.262 0. 0. 1. 0.
0.439 0.898 0. 65.758 -0.898 0.439 0. -159.502 0. 0. 1. 0.
0.509 0.861 0. 66.528 -0.861 0.509 0. -160.699 0. 0. 1. 0.
0.569 0.822 0. 67.422 -0.822 0.569 0. -161.846 0. 0. 1. 0.
0.623 0.782 0. 68.361 -0.782 0.623 0. -163.050 0. 0. 1. 0.
0.673 0.739 0. 69.413 -0.739 0.673 0. -164.145 0. 0. 1. 0.
0.718 0.696 0. 70.482 -0.696 0.718 0. -165.194 0. 0. 1. 0.
0.752 0.659 0. 71.742 -0.659 0.752 0. -166.204 0. 0. 1. 0.
0.789 0.615 0. 73.000 -0.615 0.789 0. -167.179 0. 0. 1. 0.
0.826 0.563 0. 74.296 -0.563 0.826 0. -168.083 0. 0. 1. 0.
0.861 0.508 0. 75.761 -0.508 0.861 0. -168.931 0. 0. 1. 0.
0.894 0.447 0. 77.306 -0.447 0.894 0. -169.649 0. 0. 1. 0.
0.924 0.383 0. 78.914 -0.383 0.924 0. -170.293 0. 0. 1. 0.
0.947 0.320 0. 80.595 -0.320 0.947 0. -170.891 0. 0. 1. 0.
0.967 0.254 0. 82.348 -0.254 0.967 0. -171.349 0. 0. 1. 0.
0.983 0.185 0. 84.145 -0.185 0.983 0. -171.736 0. 0. 1. 0.
0.993 0.114 0. 85.987 -0.114 0.993 0. -171.948 0. 0. 1. 0.
0.999 0.048 0. 87.842 -0.048 0.999 0. -172.019 0. 0. 1. 0.
1. -0.014 0. 89.762 0.014 1. 0. -172.039 0. 0. 1. 0.
0.998 -0.069 0. 91.712 0.069 0.998 0. -171.883 0. 0. 1. 0.
0.993 -0.116 0. 93.661 0.116 0.993 0. -171.631 0. 0. 1. 0.
0.990 -0.138 0. 95.585 0.138 0.990 0. -171.401 0. 0. 1. 0.
0.988 -0.155 0. 97.542 0.155 0.988 0. -171.059 0. 0. 1. 0.
0.986 -0.167 0. 99.557 0.167 0.986 0. -170.704 0. 0. 1. 0.
0.985 -0.171 0. 101.589 0.171 0.985 0. -170.350 0. 0. 1. 0.
0.985 -0.172 0. 103.653 0.172 0.985 0. -170.042 0. 0. 1. 0.
0.985 -0.170 0. 105.745 0.170 0.985 0. -169.610 0. 0. 1. 0.
0.985 -0.170 0. 107.906 0.170 0.985 0. -169.243 0. 0. 1. 0.
0.986 -0.166 0. 110.047 0.166 0.986 0. -168.891 0. 0. 1. 0.
0.986 -0.164 0. 112.257 0.164 0.986 0. -168.543 0. 0. 1. 0.
0.987 -0.159 0. 114.359 0.159 0.987 0. -168.226 0. 0. 1. 0.
0.988 -0.154 0. 116.478 0.154 0.988 0. -167.907 0. 0. 1. 0.
0.989 -0.148 0. 118.593 0.148 0.989 0. -167.579 0. 0. 1. 0.
0.990 -0.143 0. 120.681 0.143 0.990 0. -167.308 0. 0. 1. 0.
0.991 -0.135 0. 122.817 0.135 0.991 0. -167.046 0. 0. 1. 0.
0.992 -0.127 0. 124.939 0.127 0.992 0. -166.792 0. 0. 1. 0.
0.993 -0.120 0. 127.128 0.120 0.993 0. -166.506 0. 0. 1. 0.
0.994 -0.114 0. 129.268 0.114 0.994 0. -166.310 0. 0. 1. 0.
0.994 -0.107 0. 131.468 0.107 0.994 0. -166.093 0. 0. 1. 0.
0.995 -0.103 0. 133.744 0.103 0.995 0. -165.854 0. 0. 1. 0.
0.995 -0.101 0. 135.954 0.101 0.995 0. -165.620 0. 0. 1. 0.
0.995 -0.099 0. 138.269 0.099 0.995 0. -165.415 0. 0. 1. 0.
0.996 -0.095 0. 140.478 0.095 0.996 0. -165.208 0. 0. 1. 0.
0.996 -0.088 0. 142.770 0.088 0.996 0. -165. 0. 0. 1. 0.
0.997 -0.080 0. 145.098 0.080 0.997 0. -164.821 0. 0. 1. 0.
0.997 -0.077 0. 147.400 0.077 0.997 0. -164.682 0. 0. 1. 0.
0.998 -0.066 0. 149.716 0.066 0.998 0. -164.534 0. 0. 1. 0.
0.998 -0.060 0. 152.048 0.060 0.998 0. -164.397 0. 0. 1. 0.
0.998 -0.056 0. 154.390 0.056 0.998 0. -164.302 0. 0. 1. 0.
0.999 -0.051 0. 156.771 0.051 0.999 0. -164.188 0. 0. 1. 0.
0.999 -0.046 0. 159.166 0.046 0.999 0. -164.095 0. 0. 1. 0.
0.999 -0.040 0. 161.558 0.040 0.999 0. -163.992 0. 0. 1. 0.
0.999 -0.033 0. 163.999 0.033 0.999 0. -163.933 0. 0. 1. 0.
1.000 -0.025 0. 166.401 0.025 1.000 0. -163.872 0. 0. 1. 0.
1.000 -0.019 0. 168.816 0.019 1.000 0. -163.781 0. 0. 1. 0.
1. -0.011 0. 171.171 0.011 1. 0. -163.815 0. 0. 1. 0.
1. -0.003 0. 173.568 0.003 1. 0. -163.784 0. 0. 1. 0.
1. 0.006 0. 175.943 -0.006 1. 0. -163.834 0. 0. 1. 0.
1.000 0.016 0. 178.350 -0.016 1.000 0. -163.856 0. 0. 1. 0.
1.000 0.024 0. 180.797 -0.024 1.000 0. -163.931 0. 0. 1. 0.
0.999 0.036 0. 183.275 -0.036 0.999 0. -164.077 0. 0. 1. 0.
0.999 0.046 0. 185.780 -0.046 0.999 0. -164.185 0. 0. 1. 0.
0.998 0.060 0. 188.199 -0.060 0.998 0. -164.347 0. 0. 1. 0.
0.997 0.071 0. 190.692 -0.071 0.997 0. -164.503 0. 0. 1. 0.
0.997 0.083 0. 193.093 -0.083 0.997 0. -164.751 0. 0. 1. 0.
0.996 0.091 0. 195.528 -0.091 0.996 0. -164.974 0. 0. 1. 0.
0.995 0.099 0. 197.907 -0.099 0.995 0. -165.234 0. 0. 1. 0.
0.994 0.105 0. 200.338 -0.105 0.994 0. -165.511 0. 0. 1. 0.
0.993 0.114 0. 202.778 -0.114 0.993 0. -165.826 0. 0. 1. 0.
0.993 0.121 0. 205.254 -0.121 0.993 0. -166.148 0. 0. 1. 0.
0.992 0.128 0. 207.685 -0.128 0.992 0. -166.484 0. 0. 1. 0.
0.991 0.134 0. 210.165 -0.134 0.991 0. -166.800 0. 0. 1. 0.
0.990 0.139 0. 212.713 -0.139 0.990 0. -167.197 0. 0. 1. 0.
0.990 0.143 0. 215.251 -0.143 0.990 0. -167.576 0. 0. 1. 0.
0.989 0.146 0. 217.767 -0.146 0.989 0. -167.934 0. 0. 1. 0.
0.989 0.150 0. 220.294 -0.150 0.989 0. -168.324 0. 0. 1. 0.
0.989 0.151 0. 222.746 -0.151 0.989 0. -168.722 0. 0. 1. 0.
0.988 0.154 0. 225.213 -0.154 0.988 0. -169.159 0. 0. 1. 0.
0.988 0.157 0. 227.698 -0.157 0.988 0. -169.599 0. 0. 1. 0.
0.987 0.159 0. 230.174 -0.159 0.987 0. -169.978 0. 0. 1. 0.
0.987 0.161 0. 232.612 -0.161 0.987 0. -170.416 0. 0. 1. 0.
0.987 0.163 0. 235.095 -0.163 0.987 0. -170.833 0. 0. 1. 0.
0.986 0.166 0. 237.546 -0.166 0.986 0. -171.227 0. 0. 1. 0.
0.986 0.168 0. 239.932 -0.168 0.986 0. -171.654 0. 0. 1. 0.
0.985 0.171 0. 242.313 -0.171 0.985 0. -172.073 0. 0. 1. 0.
0.985 0.174 0. 244.682 -0.174 0.985 0. -172.524 0. 0. 1. 0.
0.984 0.176 0. 247.023 -0.176 0.984 0. -172.949 0. 0. 1. 0.
0.984 0.178 0. 249.347 -0.178 0.984 0. -173.364 0. 0. 1. 0.
0.983 0.181 0. 251.681 -0.181 0.983 0. -173.828 0. 0. 1. 0.
0.983 0.184 0. 254.025 -0.184 0.983 0. -174.284 0. 0. 1. 0.
0.982 0.188 0. 256.352 -0.188 0.982 0. -174.727 0. 0. 1. 0.
0.982 0.189 0. 258.676 -0.189 0.982 0. -175.181 0. 0. 1. 0.
0.982 0.190 0. 260.985 -0.190 0.982 0. -175.656 0. 0. 1. 0.
0.981 0.192 0. 263.321 -0.192 0.981 0. -176.127 0. 0. 1. 0.
0.981 0.195 0. 265.661 -0.195 0.981 0. -176.553 0. 0. 1. 0.
0.980 0.197 0. 267.945 -0.197 0.980 0. -177.055 0. 0. 1. 0.
0.980 0.199 0. 270.261 -0.199 0.980 0. -177.574 0. 0. 1. 0.
0.980 0.201 0. 272.541 -0.201 0.980 0. -178.051 0. 0. 1. 0.
0.979 0.206 0. 274.798 -0.206 0.979 0. -178.527 0. 0. 1. 0.
0.978 0.209 0. 277.054 -0.209 0.978 0. -179.010 0. 0. 1. 0.
0.977 0.214 0. 279.316 -0.214 0.977 0. -179.514 0. 0. 1. 0.
0.974 0.225 0. 281.579 -0.225 0.974 0. -180.037 0. 0. 1. 0.
0.972 0.234 0. 283.855 -0.234 0.972 0. -180.639 0. 0. 1. 0.
0.971 0.241 0. 286.206 -0.241 0.971 0. -181.205 0. 0. 1. 0.
0.969 0.247 0. 288.581 -0.247 0.969 0. -181.824 0. 0. 1. 0.
0.967 0.253 0. 290.975 -0.253 0.967 0. -182.447 0. 0. 1. 0.
0.966 0.259 0. 293.293 -0.259 0.966 0. -183.100 0. 0. 1. 0.
0.965 0.263 0. 295.610 -0.263 0.965 0. -183.758 0. 0. 1. 0.
0.963 0.270 0. 297.896 -0.270 0.963 0. -184.429 0. 0. 1. 0.
0.962 0.274 0. 300.187 -0.274 0.962 0. -185.080 0. 0. 1. 0.
0.959 0.282 0. 302.471 -0.282 0.959 0. -185.782 0. 0. 1. 0.
0.957 0.289 0. 304.766 -0.289 0.957 0. -186.467 0. 0. 1. 0.
0.956 0.295 0. 307.059 -0.295 0.956 0. -187.187 0. 0. 1. 0.
0.953 0.302 0. 309.385 -0.302 0.953 0. -187.933 0. 0. 1. 0.
0.951 0.310 0. 311.715 -0.310 0.951 0. -188.707 0. 0. 1. 0.
0.948 0.319 0. 314.064 -0.319 0.948 0. -189.495 0. 0. 1. 0.
0.945 0.327 0. 316.408 -0.327 0.945 0. -190.280 0. 0. 1. 0.
0.941 0.338 0. 318.767 -0.338 0.941 0. -191.172 0. 0. 1. 0.
0.938 0.348 0. 321.163 -0.348 0.938 0. -192.013 0. 0. 1. 0.
0.934 0.357 0. 323.460 -0.357 0.934 0. -192.925 0. 0. 1. 0.
0.932 0.363 0. 325.773 -0.363 0.932 0. -193.831 0. 0. 1. 0.
0.928 0.372 0. 328.080 -0.372 0.928 0. -194.842 0. 0. 1. 0.
0.925 0.380 0. 330.410 -0.380 0.925 0. -195.754 0. 0. 1. 0.
0.923 0.385 0. 332.768 -0.385 0.923 0. -196.750 0. 0. 1. 0.
0.921 0.390 0. 335.046 -0.390 0.921 0. -197.776 0. 0. 1. 0.
0.920 0.392 0. 337.418 -0.392 0.920 0. -198.752 0. 0. 1. 0.
0.919 0.395 0. 339.722 -0.395 0.919 0. -199.770 0. 0. 1. 0.
0.917 0.398 0. 342.052 -0.398 0.917 0. -200.795 0. 0. 1. 0.
0.917 0.399 0. 344.356 -0.399 0.917 0. -201.807 0. 0. 1. 0.
