-0.797 0.604 0. 353887.751 -0.604 -0.797 0. 4026221.839 0. 0. 1. 0.
-0.796 0.606 0. 353887.503 -0.606 -0.796 0. 4026221.661 0. 0. 1. 0.
-0.794 0.608 0. 353887.222 -0.608 -0.794 0. 4026221.456 0. 0. 1. 0.
-0.793 0.609 0. 353886.906 -0.609 -0.793 0. 4026221.222 0. 0. 1. 0.
-0.791 0.611 0. 353886.553 -0.611 -0.791 0. 4026220.957 0. 0. 1. 0.
-0.790 0.613 0. 353886.157 -0.613 -0.790 0. 4026220.656 0. 0. 1. 0.
-0.789 0.615 0. 353885.718 -0.615 -0.789 0. 4026220.319 0. 0. 1. 0.
-0.787 0.617 0. 353885.229 -0.617 -0.787 0. 4026219.939 0. 0. 1. 0.
-0.786 0.618 0. 353884.689 -0.618 -0.786 0. 4026219.516 0. 0. 1. 0.
-0.785 0.620 0. 353884.094 -0.620 -0.785 0. 4026219.046 0. 0. 1. 0.
-0.783 0.622 0. 353883.440 -0.622 -0.783 0. 4026218.524 0. 0. 1. 0.
-0.782 0.623 0. 353882.729 -0.623 -0.782 0. 4026217.953 0. 0. 1. 0.
-0.782 0.624 0. 353881.962 -0.624 -0.782 0. 4026217.338 0. 0. 1. 0.
-0.782 0.623 0. 353881.140 -0.623 -0.782 0. 4026216.684 0. 0. 1. 0.
-0.782 0.624 0. 353880.262 -0.624 -0.782 0. 4026215.983 0. 0. 1. 0.
-0.782 0.624 0. 353879.331 -0.624 -0.782 0. 4026215.240 0. 0. 1. 0.
-0.782 0.624 0. 353878.345 -0.624 -0.782 0. 4026214.454 0. 0. 1. 0.
-0.782 0.624 0. 353877.296 -0.624 -0.782 0. 4026213.616 0. 0. 1. 0.
-0.782 0.624 0. 353876.196 -0.624 -0.782 0. 4026212.738 0. 0. 1. 0.
-0.781 0.624 0. 353875.041 -0.624 -0.781 0. 4026211.814 0. 0. 1. 0.
-0.781 0.625 0. 353873.830 -0.625 -0.781 0. 4026210.842 0. 0. 1. 0.
-0.781 0.625 0. 353872.567 -0.625 -0.781 0. 4026209.829 0. 0. 1. 0.
-0.781 0.625 0. 353871.252 -0.625 -0.781 0. 4026208.772 0. 0. 1. 0.
-0.781 0.625 0. 353869.885 -0.625 -0.781 0. 4026207.670 0. 0. 1. 0.
-0.781 0.625 0. 353868.464 -0.625 -0.781 0. 4026206.526 0. 0. 1. 0.
-0.781 0.624 0. 353866.991 -0.624 -0.781 0. 4026205.340 0. 0. 1. 0.
-0.781 0.624 0. 353865.474 -0.624 -0.781 0. 4026204.122 0. 0. 1. 0.
-0.782 0.624 0. 353863.902 -0.624 -0.782 0. 4026202.861 0. 0. 1. 0.
-0.782 0.623 0. 353862.294 -0.623 -0.782 0. 4026201.576 0. 0. 1. 0.
-0.782 0.623 0. 353860.644 -0.623 -0.782 0. 4026200.260 0. 0. 1. 0.
-0.783 0.623 0. 353858.947 -0.623 -0.783 0. 4026198.909 0. 0. 1. 0.
-0.783 0.622 0. 353857.203 -0.622 -0.783 0. 4026197.523 0. 0. 1. 0.
-0.784 0.621 0. 353855.394 -0.621 -0.784 0. 4026196.088 0. 0. 1. 0.
-0.784 0.620 0. 353853.537 -0.620 -0.784 0. 4026194.615 0. 0. 1. 0.
-0.785 0.620 0. 353851.620 -0.620 -0.785 0. 4026193.099 0. 0. 1. 0.
-0.785 0.620 0. 353849.670 -0.620 -0.785 0. 4026191.559 0. 0. 1. 0.
-0.784 0.621 0. 353847.686 -0.621 -0.784 0. 4026189.990 0. 0. 1. 0.
-0.783 0.621 0. 353845.664 -0.621 -0.783 0. 4026188.389 0. 0. 1. 0.
-0.783 0.622 0. 353843.608 -0.622 -0.783 0. 4026186.758 0. 0. 1. 0.
-0.783 0.623 0. 353841.528 -0.623 -0.783 0. 4026185.105 0. 0. 1. 0.
-0.782 0.623 0. 353839.414 -0.623 -0.782 0. 4026183.420 0. 0. 1. 0.
-0.782 0.623 0. 353837.288 -0.623 -0.782 0. 4026181.725 0. 0. 1. 0.
-0.783 0.623 0. 353835.152 -0.623 -0.783 0. 4026180.026 0. 0. 1. 0.
-0.783 0.622 0. 353832.997 -0.622 -0.783 0. 4026178.311 0. 0. 1. 0.
-0.783 0.622 0. 353830.824 -0.622 -0.783 0. 4026176.584 0. 0. 1. 0.
-0.783 0.622 0. 353828.616 -0.622 -0.783 0. 4026174.830 0. 0. 1. 0.
-0.783 0.622 0. 353826.379 -0.622 -0.783 0. 4026173.055 0. 0. 1. 0.
-0.784 0.621 0. 353824.136 -0.621 -0.784 0. 4026171.274 0. 0. 1. 0.
-0.784 0.621 0. 353821.866 -0.621 -0.784 0. 4026169.473 0. 0. 1. 0.
-0.784 0.621 0. 353819.577 -0.621 -0.784 0. 4026167.658 0. 0. 1. 0.
-0.784 0.621 0. 353817.262 -0.621 -0.784 0. 4026165.824 0. 0. 1. 0.
-0.784 0.621 0. 353814.922 -0.621 -0.784 0. 4026163.969 0. 0. 1. 0.
-0.784 0.621 0. 353812.566 -0.621 -0.784 0. 4026162.103 0. 0. 1. 0.
-0.784 0.621 0. 353810.178 -0.621 -0.784 0. 4026160.212 0. 0. 1. 0.
-0.784 0.620 0. 353807.786 -0.620 -0.784 0. 4026158.320 0. 0. 1. 0.
-0.785 0.620 0. 353805.346 -0.620 -0.785 0. 4026156.392 0. 0. 1. 0.
-0.785 0.620 0. 353802.899 -0.620 -0.785 0. 4026154.459 0. 0. 1. 0.
-0.785 0.620 0. 353800.455 -0.620 -0.785 0. 4026152.530 0. 0. 1. 0.
-0.785 0.620 0. 353797.999 -0.620 -0.785 0. 4026150.592 0. 0. 1. 0.
-0.785 0.620 0. 353795.493 -0.620 -0.785 0. 4026148.614 0. 0. 1. 0.
-0.785 0.620 0. 353793.002 -0.620 -0.785 0. 4026146.647 0. 0. 1. 0.
-0.785 0.620 0. 353790.544 -0.620 -0.785 0. 4026144.707 0. 0. 1. 0.
-0.785 0.619 0. 353788.088 -0.619 -0.785 0. 4026142.768 0. 0. 1. 0.
-0.785 0.619 0. 353785.616 -0.619 -0.785 0. 4026140.818 0. 0. 1. 0.
-0.786 0.619 0. 353783.164 -0.619 -0.786 0. 4026138.887 0. 0. 1. 0.
-0.786 0.619 0. 353780.720 -0.619 -0.786 0. 4026136.963 0. 0. 1. 0.
-0.786 0.618 0. 353778.286 -0.618 -0.786 0. 4026135.049 0. 0. 1. 0.
-0.786 0.618 0. 353775.834 -0.618 -0.786 0. 4026133.120 0. 0. 1. 0.
-0.786 0.618 0. 353773.385 -0.618 -0.786 0. 4026131.196 0. 0. 1. 0.
-0.786 0.618 0. 353770.944 -0.618 -0.786 0. 4026129.276 0. 0. 1. 0.
-0.786 0.618 0. 353768.509 -0.618 -0.786 0. 4026127.360 0. 0. 1. 0.
-0.786 0.618 0. 353766.051 -0.618 -0.786 0. 4026125.426 0. 0. 1. 0.
-0.786 0.618 0. 353763.606 -0.618 -0.786 0. 4026123.501 0. 0. 1. 0.
-0.786 0.618 0. 353761.162 -0.618 -0.786 0. 4026121.578 0. 0. 1. 0.
-0.786 0.618 0. 353758.719 -0.618 -0.786 0. 4026119.657 0. 0. 1. 0.
-0.786 0.618 0. 353756.265 -0.618 -0.786 0. 4026117.726 0. 0. 1. 0.
-0.786 0.618 0. 353753.814 -0.618 -0.786 0. 4026115.797 0. 0. 1. 0.
-0.787 0.617 0. 353751.375 -0.617 -0.787 0. 4026113.880 0. 0. 1. 0.
-0.787 0.617 0. 353748.919 -0.617 -0.787 0. 4026111.952 0. 0. 1. 0.
-0.787 0.617 0. 353746.436 -0.617 -0.787 0. 4026110.005 0. 0. 1. 0.
-0.787 0.617 0. 353743.939 -0.617 -0.787 0. 4026108.048 0. 0. 1. 0.
-0.787 0.617 0. 353741.447 -0.617 -0.787 0. 4026106.093 0. 0. 1. 0.
-0.787 0.617 0. 353738.930 -0.617 -0.787 0. 4026104.119 0. 0. 1. 0.
-0.787 0.617 0. 353736.357 -0.617 -0.787 0. 4026102.101 0. 0. 1. 0.
-0.787 0.617 0. 353733.817 -0.617 -0.787 0. 4026100.108 0. 0. 1. 0.
-0.787 0.617 0. 353731.252 -0.617 -0.787 0. 4026098.095 0. 0. 1. 0.
-0.787 0.617 0. 353728.681 -0.617 -0.787 0. 4026096.077 0. 0. 1. 0.
-0.787 0.618 0. 353726.067 -0.618 -0.787 0. 4026094.024 0. 0. 1. 0.
-0.787 0.617 0. 353723.442 -0.617 -0.787 0. 4026091.962 0. 0. 1. 0.
-0.787 0.617 0. 353720.831 -0.617 -0.787 0. 4026089.913 0. 0. 1. 0.
-0.787 0.617 0. 353718.202 -0.617 -0.787 0. 4026087.849 0. 0. 1. 0.
-0.787 0.617 0. 353715.517 -0.617 -0.787 0. 4026085.742 0. 0. 1. 0.
-0.787 0.617 0. 353712.828 -0.617 -0.787 0. 4026083.631 0. 0. 1. 0.
-0.787 0.617 0. 353710.157 -0.617 -0.787 0. 4026081.534 0. 0. 1. 0.
-0.787 0.617 0. 353707.472 -0.617 -0.787 0. 4026079.427 0. 0. 1. 0.
-0.787 0.618 0. 353704.729 -0.618 -0.787 0. 4026077.274 0. 0. 1. 0.
-0.786 0.618 0. 353701.971 -0.618 -0.786 0. 4026075.110 0. 0. 1. 0.
-0.786 0.618 0. 353699.267 -0.618 -0.786 0. 4026072.985 0. 0. 1. 0.
-0.786 0.618 0. 353696.526 -0.618 -0.786 0. 4026070.831 0. 0. 1. 0.
-0.786 0.618 0. 353693.752 -0.618 -0.786 0. 4026068.651 0. 0. 1. 0.
-0.786 0.618 0. 353691.001 -0.618 -0.786 0. 4026066.490 0. 0. 1. 0.
-0.787 0.617 0. 353688.289 -0.617 -0.787 0. 4026064.360 0. 0. 1. 0.
-0.787 0.617 0. 353685.572 -0.617 -0.787 0. 4026062.227 0. 0. 1. 0.
-0.787 0.617 0. 353682.809 -0.617 -0.787 0. 4026060.058 0. 0. 1. 0.
-0.785 0.619 0. 353680.060 -0.619 -0.785 0. 4026057.896 0. 0. 1. 0.
-0.784 0.621 0. 353677.331 -0.621 -0.784 0. 4026055.740 0. 0. 1. 0.
-0.783 0.623 0. 353674.606 -0.623 -0.783 0. 4026053.578 0. 0. 1. 0.
-0.781 0.624 0. 353671.847 -0.624 -0.781 0. 4026051.378 0. 0. 1. 0.
-0.780 0.626 0. 353669.095 -0.626 -0.780 0. 4026049.176 0. 0. 1. 0.
-0.779 0.628 0. 353666.370 -0.628 -0.779 0. 4026046.984 0. 0. 1. 0.
-0.777 0.630 0. 353663.665 -0.630 -0.777 0. 4026044.798 0. 0. 1. 0.
-0.776 0.631 0. 353660.936 -0.631 -0.776 0. 4026042.580 0. 0. 1. 0.
-0.775 0.633 0. 353658.238 -0.633 -0.775 0. 4026040.379 0. 0. 1. 0.
-0.773 0.634 0. 353655.593 -0.634 -0.773 0. 4026038.214 0. 0. 1. 0.
-0.771 0.637 0. 353652.958 -0.637 -0.771 0. 4026036.045 0. 0. 1. 0.
-0.769 0.640 0. 353650.324 -0.640 -0.769 0. 4026033.860 0. 0. 1. 0.
-0.766 0.642 0. 353647.718 -0.642 -0.766 0. 4026031.685 0. 0. 1. 0.
-0.764 0.646 0. 353645.159 -0.646 -0.764 0. 4026029.532 0. 0. 1. 0.
-0.761 0.649 0. 353642.631 -0.649 -0.761 0. 4026027.385 0. 0. 1. 0.
-0.758 0.652 0. 353640.098 -0.652 -0.758 0. 4026025.217 0. 0. 1. 0.
-0.755 0.656 0. 353637.597 -0.656 -0.755 0. 4026023.056 0. 0. 1. 0.
-0.752 0.659 0. 353635.136 -0.659 -0.752 0. 4026020.910 0. 0. 1. 0.
-0.749 0.663 0. 353632.698 -0.663 -0.749 0. 4026018.763 0. 0. 1. 0.
-0.746 0.666 0. 353630.262 -0.666 -0.746 0. 4026016.600 0. 0. 1. 0.
-0.743 0.669 0. 353627.857 -0.669 -0.743 0. 4026014.444 0. 0. 1. 0.
-0.742 0.670 0. 353625.499 -0.670 -0.742 0. 4026012.316 0. 0. 1. 0.
-0.745 0.667 0. 353623.156 -0.667 -0.745 0. 4026010.208 0. 0. 1. 0.
-0.749 0.663 0. 353620.824 -0.663 -0.749 0. 4026008.134 0. 0. 1. 0.
-0.752 0.659 0. 353618.515 -0.659 -0.752 0. 4026006.100 0. 0. 1. 0.
-0.755 0.655 0. 353616.228 -0.655 -0.755 0. 4026004.106 0. 0. 1. 0.
-0.759 0.651 0. 353613.940 -0.651 -0.759 0. 4026002.134 0. 0. 1. 0.
-0.764 0.645 0. 353611.662 -0.645 -0.764 0. 4026000.197 0. 0. 1. 0.
-0.769 0.640 0. 353609.401 -0.640 -0.769 0. 4025998.301 0. 0. 1. 0.
-0.773 0.634 0. 353607.152 -0.634 -0.773 0. 4025996.443 0. 0. 1. 0.
-0.777 0.629 0. 353604.960 -0.629 -0.777 0. 4025994.657 0. 0. 1. 0.
-0.779 0.627 0. 353602.803 -0.627 -0.779 0. 4025992.915 0. 0. 1. 0.
-0.779 0.627 0. 353600.705 -0.627 -0.779 0. 4025991.227 0. 0. 1. 0.
-0.779 0.627 0. 353598.677 -0.627 -0.779 0. 4025989.593 0. 0. 1. 0.
-0.780 0.626 0. 353596.722 -0.626 -0.780 0. 4025988.020 0. 0. 1. 0.
-0.781 0.624 0. 353594.833 -0.624 -0.781 0. 4025986.507 0. 0. 1. 0.
-0.782 0.623 0. 353593.024 -0.623 -0.782 0. 4025985.062 0. 0. 1. 0.
-0.782 0.623 0. 353591.289 -0.623 -0.782 0. 4025983.680 0. 0. 1. 0.
-0.782 0.623 0. 353589.641 -0.623 -0.782 0. 4025982.367 0. 0. 1. 0.
-0.782 0.624 0. 353588.070 -0.624 -0.782 0. 4025981.113 0. 0. 1. 0.
-0.781 0.624 0. 353586.575 -0.624 -0.781 0. 4025979.918 0. 0. 1. 0.
-0.781 0.625 0. 353585.152 -0.625 -0.781 0. 4025978.780 0. 0. 1. 0.
-0.781 0.625 0. 353583.811 -0.625 -0.781 0. 4025977.707 0. 0. 1. 0.
-0.780 0.625 0. 353582.538 -0.625 -0.780 0. 4025976.686 0. 0. 1. 0.
-0.780 0.625 0. 353581.321 -0.625 -0.780 0. 4025975.709 0. 0. 1. 0.
-0.780 0.625 0. 353580.166 -0.625 -0.780 0. 4025974.783 0. 0. 1. 0.
-0.780 0.626 0. 353579.089 -0.626 -0.780 0. 4025973.919 0. 0. 1. 0.
-0.780 0.626 0. 353578.106 -0.626 -0.780 0. 4025973.129 0. 0. 1. 0.
-0.780 0.626 0. 353577.211 -0.626 -0.780 0. 4025972.411 0. 0. 1. 0.
-0.779 0.626 0. 353576.417 -0.626 -0.779 0. 4025971.773 0. 0. 1. 0.
-0.780 0.626 0. 353575.712 -0.626 -0.780 0. 4025971.207 0. 0. 1. 0.
-0.779 0.626 0. 353575.096 -0.626 -0.779 0. 4025970.712 0. 0. 1. 0.
-0.779 0.627 0. 353574.572 -0.627 -0.779 0. 4025970.290 0. 0. 1. 0.
-0.779 0.626 0. 353574.138 -0.626 -0.779 0. 4025969.942 0. 0. 1. 0.
-0.780 0.626 0. 353573.781 -0.626 -0.780 0. 4025969.655 0. 0. 1. 0.
-0.779 0.627 0. 353573.497 -0.627 -0.779 0. 4025969.427 0. 0. 1. 0.
-0.779 0.626 0. 353573.288 -0.626 -0.779 0. 4025969.259 0. 0. 1. 0.
-0.779 0.627 0. 353573.157 -0.627 -0.779 0. 4025969.154 0. 0. 1. 0.
-0.779 0.627 0. 353573.080 -0.627 -0.779 0. 4025969.091 0. 0. 1. 0.
-0.779 0.627 0. 353573.028 -0.627 -0.779 0. 4025969.050 0. 0. 1. 0.
-0.779 0.627 0. 353572.998 -0.627 -0.779 0. 4025969.025 0. 0. 1. 0.
-0.779 0.627 0. 353572.990 -0.627 -0.779 0. 4025969.019 0. 0. 1. 0.
-0.779 0.627 0. 353572.991 -0.627 -0.779 0. 4025969.020 0. 0. 1. 0.
-0.779 0.627 0. 353572.991 -0.627 -0.779 0. 4025969.020 0. 0. 1. 0.
-0.779 0.627 0. 353572.991 -0.627 -0.779 0. 4025969.020 0. 0. 1. 0.
-0.779 0.627 0. 353572.991 -0.627 -0.779 0. 4025969.020 0. 0. 1. 0.
-0.779 0.627 0. 353572.992 -0.627 -0.779 0. 4025969.020 0. 0. 1. 0.
-0.779 0.627 0. 353572.992 -0.627 -0.779 0. 4025969.020 0. 0. 1. 0.
-0.779 0.627 0. 353572.992 -0.627 -0.779 0. 4025969.021 0. 0. 1. 0.
-0.779 0.627 0. 353572.992 -0.627 -0.779 0. 4025969.021 0. 0. 1. 0.
-0.779 0.627 0. 353572.992 -0.627 -0.779 0. 4025969.021 0. 0. 1. 0.
-0.779 0.627 0. 353572.992 -0.627 -0.779 0. 4025969.021 0. 0. 1. 0.
-0.779 0.627 0. 353572.992 -0.627 -0.779 0. 4025969.021 0. 0. 1. 0.
-0.779 0.627 0. 353572.992 -0.627 -0.779 0. 4025969.021 0. 0. 1. 0.
-0.779 0.627 0. 353572.992 -0.627 -0.779 0. 4025969.021 0. 0. 1. 0.
-0.779 0.627 0. 353572.992 -0.627 -0.779 0. 4025969.021 0. 0. 1. 0.
-0.779 0.627 0. 353572.992 -0.627 -0.779 0. 4025969.021 0. 0. 1. 0.
-0.779 0.627 0. 353572.992 -0.627 -0.779 0. 4025969.021 0. 0. 1. 0.
-0.779 0.627 0. 353572.992 -0.627 -0.779 0. 4025969.021 0. 0. 1. 0.
-0.779 0.627 0. 353572.992 -0.627 -0.779 0. 4025969.021 0. 0. 1. 0.
-0.779 0.627 0. 353572.993 -0.627 -0.779 0. 4025969.021 0. 0. 1. 0.
-0.779 0.627 0. 353572.993 -0.627 -0.779 0. 4025969.021 0. 0. 1. 0.
-0.779 0.627 0. 353572.993 -0.627 -0.779 0. 4025969.021 0. 0. 1. 0.
-0.779 0.627 0. 353572.993 -0.627 -0.779 0. 4025969.021 0. 0. 1. 0.
-0.779 0.627 0. 353572.993 -0.627 -0.779 0. 4025969.021 0. 0. 1. 0.
-0.779 0.627 0. 353572.993 -0.627 -0.779 0. 4025969.021 0. 0. 1. 0.
-0.779 0.627 0. 353572.993 -0.627 -0.779 0. 4025969.021 0. 0. 1. 0.
-0.779 0.627 0. 353572.993 -0.627 -0.779 0. 4025969.021 0. 0. 1. 0.
-0.779 0.627 0. 353572.993 -0.627 -0.779 0. 4025969.021 0. 0. 1. 0.
-0.779 0.627 0. 353572.993 -0.627 -0.779 0. 4025969.021 0. 0. 1. 0.
-0.779 0.627 0. 353572.993 -0.627 -0.779 0. 4025969.021 0. 0. 1. 0.
-0.779 0.627 0. 353572.993 -0.627 -0.779 0. 4025969.021 0. 0. 1. 0.
-0.779 0.627 0. 353572.993 -0.627 -0.779 0. 4025969.021 0. 0. 1. 0.
-0.779 0.627 0. 353572.993 -0.627 -0.779 0. 4025969.022 0. 0. 1. 0.
-0.779 0.627 0. 353572.993 -0.627 -0.779 0. 4025969.022 0. 0. 1. 0.
-0.779 0.627 0. 353572.994 -0.627 -0.779 0. 4025969.022 0. 0. 1. 0.
-0.779 0.627 0. 353572.994 -0.627 -0.779 0. 4025969.022 0. 0. 1. 0.
-0.779 0.627 0. 353572.994 -0.627 -0.779 0. 4025969.022 0. 0. 1. 0.
-0.779 0.627 0. 353572.994 -0.627 -0.779 0. 4025969.022 0. 0. 1. 0.
-0.779 0.627 0. 353572.994 -0.627 -0.779 0. 4025969.022 0. 0. 1. 0.
-0.779 0.627 0. 353572.994 -0.627 -0.779 0. 4025969.022 0. 0. 1. 0.
-0.779 0.627 0. 353572.994 -0.627 -0.779 0. 4025969.022 0. 0. 1. 0.
-0.779 0.627 0. 353572.994 -0.627 -0.779 0. 4025969.022 0. 0. 1. 0.
-0.779 0.627 0. 353572.994 -0.627 -0.779 0. 4025969.022 0. 0. 1. 0.
-0.779 0.627 0. 353572.994 -0.627 -0.779 0. 4025969.022 0. 0. 1. 0.
-0.779 0.627 0. 353572.994 -0.627 -0.779 0. 4025969.023 0. 0. 1. 0.
-0.779 0.627 0. 353572.994 -0.627 -0.779 0. 4025969.023 0. 0. 1. 0.
-0.779 0.627 0. 353572.994 -0.627 -0.779 0. 4025969.023 0. 0. 1. 0.
-0.779 0.627 0. 353572.994 -0.627 -0.779 0. 4025969.023 0. 0. 1. 0.
-0.779 0.627 0. 353572.995 -0.627 -0.779 0. 4025969.023 0. 0. 1. 0.
-0.779 0.627 0. 353572.995 -0.627 -0.779 0. 4025969.023 0. 0. 1. 0.
-0.779 0.627 0. 353572.995 -0.627 -0.779 0. 4025969.023 0. 0. 1. 0.
-0.779 0.627 0. 353572.995 -0.627 -0.779 0. 4025969.023 0. 0. 1. 0.
-0.779 0.627 0. 353572.995 -0.627 -0.779 0. 4025969.023 0. 0. 1. 0.
-0.779 0.627 0. 353572.995 -0.627 -0.779 0. 4025969.023 0. 0. 1. 0.
-0.779 0.627 0. 353572.995 -0.627 -0.779 0. 4025969.023 0. 0. 1. 0.
-0.779 0.627 0. 353572.995 -0.627 -0.779 0. 4025969.023 0. 0. 1. 0.
-0.779 0.627 0. 353572.995 -0.627 -0.779 0. 4025969.023 0. 0. 1. 0.
-0.779 0.627 0. 353572.995 -0.627 -0.779 0. 4025969.023 0. 0. 1. 0.
-0.779 0.627 0. 353572.995 -0.627 -0.779 0. 4025969.024 0. 0. 1. 0.
-0.779 0.627 0. 353572.995 -0.627 -0.779 0. 4025969.024 0. 0. 1. 0.
-0.779 0.627 0. 353572.995 -0.627 -0.779 0. 4025969.024 0. 0. 1. 0.
-0.779 0.627 0. 353572.995 -0.627 -0.779 0. 4025969.024 0. 0. 1. 0.
-0.779 0.627 0. 353572.995 -0.627 -0.779 0. 4025969.024 0. 0. 1. 0.
-0.779 0.627 0. 353572.996 -0.627 -0.779 0. 4025969.024 0. 0. 1. 0.
-0.779 0.627 0. 353572.996 -0.627 -0.779 0. 4025969.024 0. 0. 1. 0.
-0.779 0.627 0. 353572.996 -0.627 -0.779 0. 4025969.024 0. 0. 1. 0.
-0.779 0.627 0. 353572.996 -0.627 -0.779 0. 4025969.024 0. 0. 1. 0.
-0.779 0.627 0. 353572.996 -0.627 -0.779 0. 4025969.024 0. 0. 1. 0.
-0.779 0.627 0. 353572.996 -0.627 -0.779 0. 4025969.024 0. 0. 1. 0.
-0.779 0.627 0. 353572.996 -0.627 -0.779 0. 4025969.024 0. 0. 1. 0.
-0.779 0.627 0. 353572.996 -0.627 -0.779 0. 4025969.024 0. 0. 1. 0.
-0.779 0.627 0. 353572.996 -0.627 -0.779 0. 4025969.024 0. 0. 1. 0.
-0.779 0.627 0. 353572.996 -0.627 -0.779 0. 4025969.024 0. 0. 1. 0.
-0.779 0.627 0. 353572.996 -0.627 -0.779 0. 4025969.024 0. 0. 1. 0.
-0.779 0.627 0. 353572.996 -0.627 -0.779 0. 4025969.024 0. 0. 1. 0.
-0.779 0.627 0. 353572.996 -0.627 -0.779 0. 4025969.024 0. 0. 1. 0.
-0.779 0.627 0. 353572.996 -0.627 -0.779 0. 4025969.024 0. 0. 1. 0.
-0.779 0.627 0. 353572.996 -0.627 -0.779 0. 4025969.024 0. 0. 1. 0.
-0.779 0.627 0. 353572.996 -0.627 -0.779 0. 4025969.024 0. 0. 1. 0.
-0.779 0.627 0. 353572.996 -0.627 -0.779 0. 4025969.024 0. 0. 1. 0.
-0.779 0.627 0. 353572.996 -0.627 -0.779 0. 4025969.024 0. 0. 1. 0.
-0.779 0.627 0. 353572.996 -0.627 -0.779 0. 4025969.024 0. 0. 1. 0.
-0.779 0.627 0. 353572.997 -0.627 -0.779 0. 4025969.024 0. 0. 1. 0.
-0.779 0.627 0. 353572.997 -0.627 -0.779 0. 4025969.024 0. 0. 1. 0.
-0.779 0.627 0. 353572.997 -0.627 -0.779 0. 4025969.024 0. 0. 1. 0.
-0.779 0.627 0. 353572.997 -0.627 -0.779 0. 4025969.024 0. 0. 1. 0.
-0.779 0.627 0. 353572.997 -0.627 -0.779 0. 4025969.024 0. 0. 1. 0.
-0.779 0.627 0. 353572.997 -0.627 -0.779 0. 4025969.024 0. 0. 1. 0.
-0.779 0.627 0. 353572.997 -0.627 -0.779 0. 4025969.025 0. 0. 1. 0.
-0.779 0.627 0. 353572.997 -0.627 -0.779 0. 4025969.025 0. 0. 1. 0.
-0.779 0.627 0. 353572.997 -0.627 -0.779 0. 4025969.025 0. 0. 1. 0.
-0.779 0.627 0. 353572.997 -0.627 -0.779 0. 4025969.025 0. 0. 1. 0.
-0.779 0.627 0. 353572.997 -0.627 -0.779 0. 4025969.025 0. 0. 1. 0.
-0.779 0.627 0. 353572.997 -0.627 -0.779 0. 4025969.025 0. 0. 1. 0.
-0.779 0.627 0. 353572.997 -0.627 -0.779 0. 4025969.025 0. 0. 1. 0.
-0.779 0.627 0. 353572.997 -0.627 -0.779 0. 4025969.025 0. 0. 1. 0.
-0.779 0.627 0. 353572.998 -0.627 -0.779 0. 4025969.025 0. 0. 1. 0.
-0.779 0.627 0. 353572.998 -0.627 -0.779 0. 4025969.025 0. 0. 1. 0.
-0.779 0.627 0. 353572.998 -0.627 -0.779 0. 4025969.025 0. 0. 1. 0.
-0.779 0.627 0. 353572.998 -0.627 -0.779 0. 4025969.026 0. 0. 1. 0.
-0.779 0.627 0. 353572.998 -0.627 -0.779 0. 4025969.026 0. 0. 1. 0.
-0.779 0.627 0. 353572.998 -0.627 -0.779 0. 4025969.026 0. 0. 1. 0.
-0.779 0.627 0. 353572.998 -0.627 -0.779 0. 4025969.026 0. 0. 1. 0.
-0.779 0.627 0. 353572.998 -0.627 -0.779 0. 4025969.026 0. 0. 1. 0.
-0.779 0.627 0. 353572.998 -0.627 -0.779 0. 4025969.026 0. 0. 1. 0.
-0.779 0.627 0. 353572.998 -0.627 -0.779 0. 4025969.026 0. 0. 1. 0.
-0.779 0.627 0. 353572.999 -0.627 -0.779 0. 4025969.026 0. 0. 1. 0.
-0.779 0.627 0. 353572.999 -0.627 -0.779 0. 4025969.026 0. 0. 1. 0.
-0.779 0.627 0. 353572.999 -0.627 -0.779 0. 4025969.026 0. 0. 1. 0.
-0.779 0.627 0. 353572.999 -0.627 -0.779 0. 4025969.026 0. 0. 1. 0.
-0.779 0.627 0. 353572.999 -0.627 -0.779 0. 4025969.026 0. 0. 1. 0.
-0.779 0.627 0. 353572.999 -0.627 -0.779 0. 4025969.026 0. 0. 1. 0.
-0.779 0.627 0. 353572.999 -0.627 -0.779 0. 4025969.026 0. 0. 1. 0.
-0.779 0.627 0. 353572.999 -0.627 -0.779 0. 4025969.026 0. 0. 1. 0.
-0.779 0.627 0. 353572.999 -0.627 -0.779 0. 4025969.026 0. 0. 1. 0.
-0.779 0.627 0. 353572.999 -0.627 -0.779 0. 4025969.026 0. 0. 1. 0.
-0.779 0.627 0. 353572.999 -0.627 -0.779 0. 4025969.026 0. 0. 1. 0.
-0.779 0.627 0. 353572.999 -0.627 -0.779 0. 4025969.026 0. 0. 1. 0.
-0.779 0.627 0. 353572.999 -0.627 -0.779 0. 4025969.026 0. 0. 1. 0.
-0.779 0.627 0. 353572.998 -0.627 -0.779 0. 4025969.025 0. 0. 1. 0.
-0.779 0.627 0. 353572.998 -0.627 -0.779 0. 4025969.025 0. 0. 1. 0.
-0.779 0.627 0. 353572.998 -0.627 -0.779 0. 4025969.025 0. 0. 1. 0.
-0.779 0.627 0. 353572.998 -0.627 -0.779 0. 4025969.025 0. 0. 1. 0.
-0.779 0.627 0. 353572.998 -0.627 -0.779 0. 4025969.025 0. 0. 1. 0.
-0.779 0.627 0. 353572.998 -0.627 -0.779 0. 4025969.025 0. 0. 1. 0.
-0.779 0.627 0. 353572.998 -0.627 -0.779 0. 4025969.025 0. 0. 1. 0.
-0.779 0.627 0. 353572.993 -0.627 -0.779 0. 4025969.021 0. 0. 1. 0.
-0.779 0.627 0. 353572.971 -0.627 -0.779 0. 4025969.004 0. 0. 1. 0.
-0.779 0.627 0. 353572.929 -0.627 -0.779 0. 4025968.970 0. 0. 1. 0.
-0.779 0.627 0. 353572.855 -0.627 -0.779 0. 4025968.910 0. 0. 1. 0.
-0.779 0.627 0. 353572.736 -0.627 -0.779 0. 4025968.814 0. 0. 1. 0.
-0.779 0.627 0. 353572.569 -0.627 -0.779 0. 4025968.681 0. 0. 1. 0.
-0.779 0.627 0. 353572.349 -0.627 -0.779 0. 4025968.504 0. 0. 1. 0.
-0.780 0.626 0. 353572.068 -0.626 -0.780 0. 4025968.277 0. 0. 1. 0.
-0.780 0.626 0. 353571.723 -0.626 -0.780 0. 4025968.000 0. 0. 1. 0.
-0.780 0.626 0. 353571.311 -0.626 -0.780 0. 4025967.669 0. 0. 1. 0.
-0.780 0.626 0. 353570.830 -0.626 -0.780 0. 4025967.284 0. 0. 1. 0.
-0.780 0.625 0. 353570.272 -0.625 -0.780 0. 4025966.836 0. 0. 1. 0.
-0.781 0.625 0. 353569.660 -0.625 -0.781 0. 4025966.346 0. 0. 1. 0.
-0.781 0.624 0. 353568.970 -0.624 -0.781 0. 4025965.795 0. 0. 1. 0.
-0.781 0.624 0. 353568.220 -0.624 -0.781 0. 4025965.195 0. 0. 1. 0.
-0.782 0.623 0. 353567.411 -0.623 -0.782 0. 4025964.549 0. 0. 1. 0.
-0.782 0.623 0. 353566.545 -0.623 -0.782 0. 4025963.858 0. 0. 1. 0.
-0.783 0.622 0. 353565.627 -0.622 -0.783 0. 4025963.128 0. 0. 1. 0.
-0.783 0.621 0. 353564.655 -0.621 -0.783 0. 4025962.357 0. 0. 1. 0.
-0.784 0.621 0. 353563.634 -0.621 -0.784 0. 4025961.547 0. 0. 1. 0.
-0.785 0.620 0. 353562.584 -0.620 -0.785 0. 4025960.717 0. 0. 1. 0.
-0.785 0.619 0. 353561.506 -0.619 -0.785 0. 4025959.866 0. 0. 1. 0.
-0.786 0.618 0. 353560.392 -0.618 -0.786 0. 4025958.985 0. 0. 1. 0.
-0.786 0.618 0. 353559.244 -0.618 -0.786 0. 4025958.080 0. 0. 1. 0.
-0.787 0.617 0. 353558.084 -0.617 -0.787 0. 4025957.168 0. 0. 1. 0.
-0.787 0.617 0. 353556.928 -0.617 -0.787 0. 4025956.260 0. 0. 1. 0.
-0.787 0.617 0. 353555.779 -0.617 -0.787 0. 4025955.355 0. 0. 1. 0.
-0.786 0.618 0. 353554.644 -0.618 -0.786 0. 4025954.460 0. 0. 1. 0.
-0.783 0.622 0. 353553.527 -0.622 -0.783 0. 4025953.577 0. 0. 1. 0.
-0.777 0.630 0. 353552.427 -0.630 -0.777 0. 4025952.696 0. 0. 1. 0.
-0.765 0.644 0. 353551.361 -0.644 -0.765 0. 4025951.812 0. 0. 1. 0.
-0.749 0.662 0. 353550.321 -0.662 -0.749 0. 4025950.913 0. 0. 1. 0.
-0.728 0.685 0. 353549.313 -0.685 -0.728 0. 4025949.995 0. 0. 1. 0.
-0.702 0.712 0. 353548.348 -0.712 -0.702 0. 4025949.053 0. 0. 1. 0.
-0.671 0.742 0. 353547.431 -0.742 -0.671 0. 4025948.078 0. 0. 1. 0.
-0.632 0.775 0. 353546.567 -0.775 -0.632 0. 4025947.070 0. 0. 1. 0.
-0.587 0.810 0. 353545.762 -0.810 -0.587 0. 4025946.024 0. 0. 1. 0.
-0.537 0.843 0. 353545.019 -0.843 -0.537 0. 4025944.934 0. 0. 1. 0.
-0.480 0.878 0. 353544.353 -0.878 -0.480 -0. 4025943.801 -0. 0. 1. 0.
-0.414 0.910 0. 353543.767 -0.910 -0.414 -0. 4025942.628 -0. 0. 1. 0.
-0.341 0.940 0. 353543.265 -0.940 -0.341 -0. 4025941.409 -0. 0. 1. 0.
-0.261 0.965 0. 353542.865 -0.965 -0.261 -0. 4025940.162 -0. 0. 1. 0.
-0.178 0.984 0. 353542.575 -0.984 -0.178 -0. 4025938.876 -0. 0. 1. 0.
-0.091 0.996 0. 353542.393 -0.996 -0.091 -0. 4025937.554 -0. 0. 1. 0.
-0.008 1. 0. 353542.324 -1. -0.008 -0. 4025936.215 -0. 0. 1. 0.
0.073 0.997 0. 353542.364 -0.997 0.073 -0. 4025934.852 -0. 0. 1. 0.
0.147 0.989 0. 353542.517 -0.989 0.147 -0. 4025933.466 -0. 0. 1. 0.
0.218 0.976 0. 353542.773 -0.976 0.218 -0. 4025932.068 -0. 0. 1. 0.
0.290 0.957 0. 353543.140 -0.957 0.290 -0. 4025930.657 -0. 0. 1. 0.
0.362 0.932 0. 353543.626 -0.932 0.362 -0. 4025929.229 -0. 0. 1. 0.
0.434 0.901 0. 353544.239 -0.901 0.434 -0. 4025927.808 -0. 0. 1. 0.
0.491 0.871 0. 353544.976 -0.871 0.491 -0. 4025926.394 -0. 0. 1. 0.
0.525 0.851 0. 353545.810 -0.851 0.525 -0. 4025924.977 -0. 0. 1. 0.
0.551 0.835 0. 353546.718 -0.835 0.551 -0. 4025923.545 -0. 0. 1. 0.
0.573 0.819 0. 353547.700 -0.819 0.573 -0. 4025922.095 -0. 0. 1. 0.
0.593 0.805 0. 353548.749 -0.805 0.593 -0. 4025920.629 -0. 0. 1. 0.
0.606 0.795 0. 353549.860 -0.795 0.606 -0. 4025919.146 -0. 0. 1. 0.
0.614 0.789 0. 353551.016 -0.789 0.614 -0. 4025917.640 -0. 0. 1. 0.
0.619 0.785 0. 353552.206 -0.785 0.619 -0. 4025916.121 -0. 0. 1. 0.
0.621 0.784 0. 353553.439 -0.784 0.621 -0. 4025914.564 -0. 0. 1. 0.
0.622 0.783 0. 353554.703 -0.783 0.622 -0. 4025912.972 -0. 0. 1. 0.
0.623 0.782 0. 353555.998 -0.782 0.623 -0. 4025911.344 -0. 0. 1. 0.
0.625 0.781 0. 353557.331 -0.781 0.625 -0. 4025909.665 -0. 0. 1. 0.
0.626 0.780 0. 353558.690 -0.780 0.626 -0. 4025907.964 -0. 0. 1. 0.
0.625 0.781 0. 353560.081 -0.781 0.625 -0. 4025906.222 -0. 0. 1. 0.
0.623 0.782 0. 353561.492 -0.782 0.623 -0. 4025904.454 -0. 0. 1. 0.
0.622 0.783 0. 353562.933 -0.783 0.622 -0. 4025902.637 -0. 0. 1. 0.
0.620 0.785 0. 353564.387 -0.785 0.620 -0. 4025900.797 -0. 0. 1. 0.
0.618 0.786 0. 353565.858 -0.786 0.618 -0. 4025898.931 -0. 0. 1. 0.
0.617 0.787 0. 353567.348 -0.787 0.617 -0. 4025897.032 -0. 0. 1. 0.
0.616 0.788 0. 353568.860 -0.788 0.616 -0. 4025895.097 -0. 0. 1. 0.
0.616 0.788 0. 353570.396 -0.788 0.616 -0. 4025893.129 -0. 0. 1. 0.
0.617 0.787 0. 353571.956 -0.787 0.617 -0. 4025891.135 -0. 0. 1. 0.
0.618 0.787 0. 353573.528 -0.787 0.618 -0. 4025889.131 -0. 0. 1. 0.
0.618 0.786 0. 353575.119 -0.786 0.618 -0. 4025887.107 -0. 0. 1. 0.
0.619 0.785 0. 353576.734 -0.785 0.619 -0. 4025885.054 -0. 0. 1. 0.
0.620 0.784 0. 353578.374 -0.784 0.620 -0. 4025882.977 -0. 0. 1. 0.
0.622 0.783 0. 353580.025 -0.783 0.622 -0. 4025880.893 -0. 0. 1. 0.
0.623 0.782 0. 353581.701 -0.782 0.623 -0. 4025878.784 -0. 0. 1. 0.
0.623 0.782 0. 353583.399 -0.782 0.623 -0. 4025876.651 -0. 0. 1. 0.
0.623 0.782 0. 353585.114 -0.782 0.623 -0. 4025874.498 -0. 0. 1. 0.
0.623 0.782 0. 353586.837 -0.782 0.623 -0. 4025872.334 -0. 0. 1. 0.
0.624 0.781 0. 353588.586 -0.781 0.624 -0. 4025870.141 -0. 0. 1. 0.
0.625 0.781 0. 353590.351 -0.781 0.625 -0. 4025867.931 -0. 0. 1. 0.
0.625 0.780 0. 353592.132 -0.780 0.625 -0. 4025865.705 -0. 0. 1. 0.
0.626 0.780 0. 353593.925 -0.780 0.626 -0. 4025863.468 -0. 0. 1. 0.
0.627 0.779 0. 353595.739 -0.779 0.627 -0. 4025861.211 -0. 0. 1. 0.
0.627 0.779 0. 353597.556 -0.779 0.627 -0. 4025858.951 -0. 0. 1. 0.
0.628 0.779 0. 353599.359 -0.779 0.628 -0. 4025856.713 -0. 0. 1. 0.
0.628 0.778 0. 353601.152 -0.778 0.628 -0. 4025854.490 -0. 0. 1. 0.
0.628 0.778 0. 353602.937 -0.778 0.628 -0. 4025852.280 -0. 0. 1. 0.
0.629 0.778 0. 353604.727 -0.778 0.629 -0. 4025850.063 -0. 0. 1. 0.
0.629 0.778 0. 353606.536 -0.778 0.629 -0. 4025847.827 -0. 0. 1. 0.
0.629 0.777 0. 353608.348 -0.777 0.629 -0. 4025845.587 -0. 0. 1. 0.
0.629 0.777 0. 353610.176 -0.777 0.629 -0. 4025843.331 -0. 0. 1. 0.
0.630 0.777 0. 353612.006 -0.777 0.630 -0. 4025841.073 -0. 0. 1. 0.
0.630 0.776 0. 353613.851 -0.776 0.630 -0. 4025838.799 -0. 0. 1. 0.
0.632 0.775 0. 353615.710 -0.775 0.632 -0. 4025836.516 -0. 0. 1. 0.
0.635 0.773 0. 353617.578 -0.773 0.635 -0. 4025834.234 -0. 0. 1. 0.
0.637 0.771 0. 353619.459 -0.771 0.637 -0. 4025831.951 -0. 0. 1. 0.
0.640 0.769 0. 353621.358 -0.769 0.640 -0. 4025829.660 -0. 0. 1. 0.
0.642 0.766 0. 353623.274 -0.766 0.642 -0. 4025827.366 -0. 0. 1. 0.
0.645 0.764 0. 353625.192 -0.764 0.645 -0. 4025825.086 -0. 0. 1. 0.
0.647 0.762 0. 353627.123 -0.762 0.647 -0. 4025822.803 -0. 0. 1. 0.
0.650 0.760 0. 353629.066 -0.760 0.650 -0. 4025820.523 -0. 0. 1. 0.
0.652 0.758 0. 353631.027 -0.758 0.652 -0. 4025818.234 -0. 0. 1. 0.
0.654 0.757 0. 353632.984 -0.757 0.654 -0. 4025815.961 -0. 0. 1. 0.
0.656 0.755 0. 353634.949 -0.755 0.656 -0. 4025813.693 -0. 0. 1. 0.
0.658 0.753 0. 353636.925 -0.753 0.658 -0. 4025811.425 -0. 0. 1. 0.
0.660 0.751 0. 353638.900 -0.751 0.660 -0. 4025809.170 -0. 0. 1. 0.
0.662 0.749 0. 353640.866 -0.749 0.662 -0. 4025806.938 -0. 0. 1. 0.
0.664 0.748 0. 353642.825 -0.748 0.664 -0. 4025804.727 -0. 0. 1. 0.
0.666 0.746 0. 353644.778 -0.746 0.666 -0. 4025802.530 -0. 0. 1. 0.
0.667 0.745 0. 353646.723 -0.745 0.667 -0. 4025800.349 -0. 0. 1. 0.
0.667 0.745 0. 353648.662 -0.745 0.667 -0. 4025798.185 -0. 0. 1. 0.
0.663 0.748 0. 353650.582 -0.748 0.663 -0. 4025796.031 -0. 0. 1. 0.
0.659 0.752 0. 353652.481 -0.752 0.659 -0. 4025793.877 -0. 0. 1. 0.
0.654 0.756 0. 353654.352 -0.756 0.654 -0. 4025791.728 -0. 0. 1. 0.
0.650 0.760 0. 353656.190 -0.760 0.650 -0. 4025789.592 -0. 0. 1. 0.
0.645 0.764 0. 353657.999 -0.764 0.645 -0. 4025787.462 -0. 0. 1. 0.
0.640 0.768 0. 353659.781 -0.768 0.640 -0. 4025785.338 -0. 0. 1. 0.
0.635 0.772 0. 353661.534 -0.772 0.635 -0. 4025783.221 -0. 0. 1. 0.
0.631 0.776 0. 353663.257 -0.776 0.631 -0. 4025781.116 -0. 0. 1. 0.
0.627 0.779 0. 353664.947 -0.779 0.627 -0. 4025779.029 -0. 0. 1. 0.
0.626 0.780 0. 353666.609 -0.780 0.626 -0. 4025776.963 -0. 0. 1. 0.
0.628 0.779 0. 353668.234 -0.779 0.628 -0. 4025774.942 -0. 0. 1. 0.
0.630 0.777 0. 353669.847 -0.777 0.630 -0. 4025772.946 -0. 0. 1. 0.
0.632 0.775 0. 353671.435 -0.775 0.632 -0. 4025770.994 -0. 0. 1. 0.
0.635 0.772 0. 353672.989 -0.772 0.635 -0. 4025769.098 -0. 0. 1. 0.
0.637 0.771 0. 353674.514 -0.771 0.637 -0. 4025767.247 -0. 0. 1. 0.
0.639 0.769 0. 353676.010 -0.769 0.639 -0. 4025765.442 -0. 0. 1. 0.
0.640 0.768 0. 353677.467 -0.768 0.640 -0. 4025763.689 -0. 0. 1. 0.
0.641 0.767 0. 353678.887 -0.767 0.641 -0. 4025761.986 -0. 0. 1. 0.
0.642 0.767 0. 353680.256 -0.767 0.642 -0. 4025760.352 -0. 0. 1. 0.
0.642 0.767 0. 353681.584 -0.767 0.642 -0. 4025758.765 -0. 0. 1. 0.
0.641 0.767 0. 353682.873 -0.767 0.641 -0. 4025757.222 -0. 0. 1. 0.
0.641 0.768 0. 353684.131 -0.768 0.641 -0. 4025755.716 -0. 0. 1. 0.
0.641 0.768 0. 353685.356 -0.768 0.641 -0. 4025754.247 -0. 0. 1. 0.
0.640 0.768 0. 353686.558 -0.768 0.640 -0. 4025752.805 -0. 0. 1. 0.
0.641 0.768 0. 353687.746 -0.768 0.641 -0. 4025751.380 -0. 0. 1. 0.
0.643 0.766 0. 353688.927 -0.766 0.643 -0. 4025749.969 -0. 0. 1. 0.
0.645 0.764 0. 353690.099 -0.764 0.645 -0. 4025748.576 -0. 0. 1. 0.
0.648 0.761 0. 353691.258 -0.761 0.648 -0. 4025747.210 -0. 0. 1. 0.
0.651 0.759 0. 353692.407 -0.759 0.651 -0. 4025745.866 -0. 0. 1. 0.
0.653 0.757 0. 353693.548 -0.757 0.653 -0. 4025744.540 -0. 0. 1. 0.
0.656 0.755 0. 353694.675 -0.755 0.656 -0. 4025743.239 -0. 0. 1. 0.
0.658 0.753 0. 353695.793 -0.753 0.658 -0. 4025741.957 -0. 0. 1. 0.
0.661 0.750 0. 353696.910 -0.750 0.661 -0. 4025740.686 -0. 0. 1. 0.
0.664 0.748 0. 353698.028 -0.748 0.664 -0. 4025739.423 -0. 0. 1. 0.
0.667 0.745 0. 353699.147 -0.745 0.667 -0. 4025738.167 -0. 0. 1. 0.
0.670 0.742 0. 353700.268 -0.742 0.670 -0. 4025736.924 -0. 0. 1. 0.
0.674 0.739 0. 353701.405 -0.739 0.674 -0. 4025735.672 -0. 0. 1. 0.
0.677 0.736 0. 353702.571 -0.736 0.677 -0. 4025734.402 -0. 0. 1. 0.
0.681 0.733 0. 353703.717 -0.733 0.681 -0. 4025733.163 -0. 0. 1. 0.
0.684 0.729 0. 353704.892 -0.729 0.684 -0. 4025731.905 -0. 0. 1. 0.
0.688 0.725 0. 353706.078 -0.725 0.688 -0. 4025730.648 -0. 0. 1. 0.
0.692 0.722 0. 353707.285 -0.722 0.692 -0. 4025729.384 -0. 0. 1. 0.
0.696 0.718 0. 353708.503 -0.718 0.696 -0. 4025728.120 -0. 0. 1. 0.
0.700 0.714 0. 353709.743 -0.714 0.700 -0. 4025726.852 -0. 0. 1. 0.
0.704 0.710 0. 353710.995 -0.710 0.704 -0. 4025725.585 -0. 0. 1. 0.
0.709 0.705 0. 353712.270 -0.705 0.709 -0. 4025724.310 -0. 0. 1. 0.
0.715 0.699 0. 353713.562 -0.699 0.715 -0. 4025723.037 -0. 0. 1. 0.
0.723 0.691 0. 353714.884 -0.691 0.723 -0. 4025721.767 -0. 0. 1. 0.
0.735 0.678 0. 353716.228 -0.678 0.735 -0. 4025720.510 -0. 0. 1. 0.
0.753 0.659 0. 353717.614 -0.659 0.753 -0. 4025719.265 -0. 0. 1. 0.
0.777 0.630 0. 353719.054 -0.630 0.777 -0. 4025718.051 -0. 0. 1. 0.
0.803 0.596 0. 353720.552 -0.596 0.803 -0. 4025716.899 -0. 0. 1. 0.
0.833 0.554 0. 353722.110 -0.554 0.833 -0. 4025715.809 -0. 0. 1. 0.
0.864 0.503 0. 353723.754 -0.503 0.864 -0. 4025714.788 -0. 0. 1. 0.
0.895 0.446 0. 353725.468 -0.446 0.895 -0. 4025713.863 -0. 0. 1. 0.
0.924 0.383 0. 353727.264 -0.383 0.924 -0. 4025713.059 -0. 0. 1. 0.
0.948 0.319 0. 353729.118 -0.319 0.948 -0. 4025712.373 -0. 0. 1. 0.
0.968 0.250 0. 353731.027 -0.250 0.968 -0. 4025711.811 -0. 0. 1. 0.
0.984 0.177 0. 353732.981 -0.177 0.984 -0. 4025711.385 -0. 0. 1. 0.
0.995 0.098 0. 353734.969 -0.098 0.995 -0. 4025711.104 -0. 0. 1. 0.
1.000 0.024 0. 353736.984 -0.024 1.000 -0. 4025710.979 -0. 0. 1. 0.
0.999 -0.051 0. 353739.026 0.051 0.999 0. 4025711.004 0. 0. 1. 0.
0.992 -0.124 0. 353741.088 0.124 0.992 0. 4025711.182 0. 0. 1. 0.
0.981 -0.196 0. 353743.177 0.196 0.981 0. 4025711.522 0. 0. 1. 0.
0.963 -0.268 0. 353745.275 0.268 0.963 0. 4025712.022 0. 0. 1. 0.
0.941 -0.338 0. 353747.364 0.338 0.941 0. 4025712.682 0. 0. 1. 0.
0.915 -0.404 0. 353749.426 0.404 0.915 0. 4025713.500 0. 0. 1. 0.
0.886 -0.465 0. 353751.456 0.465 0.886 0. 4025714.481 0. 0. 1. 0.
0.857 -0.515 0. 353753.465 0.515 0.857 0. 4025715.611 0. 0. 1. 0.
0.831 -0.557 0. 353755.441 0.557 0.831 0. 4025716.864 0. 0. 1. 0.
0.806 -0.592 0. 353757.393 0.592 0.806 0. 4025718.230 0. 0. 1. 0.
0.786 -0.619 0. 353759.330 0.619 0.786 0. 4025719.699 0. 0. 1. 0.
0.769 -0.639 0. 353761.252 0.639 0.769 0. 4025721.250 0. 0. 1. 0.
0.757 -0.653 0. 353763.180 0.653 0.757 0. 4025722.876 0. 0. 1. 0.
0.747 -0.664 0. 353765.102 0.664 0.747 0. 4025724.557 0. 0. 1. 0.
0.738 -0.675 0. 353767.043 0.675 0.738 0. 4025726.297 0. 0. 1. 0.
0.729 -0.685 0. 353768.987 0.685 0.729 0. 4025728.091 0. 0. 1. 0.
0.721 -0.693 0. 353770.934 0.693 0.721 0. 4025729.936 0. 0. 1. 0.
0.718 -0.696 0. 353772.881 0.696 0.718 0. 4025731.813 0. 0. 1. 0.
0.719 -0.695 0. 353774.855 0.695 0.719 0. 4025733.720 0. 0. 1. 0.
0.721 -0.693 0. 353776.862 0.693 0.721 0. 4025735.650 0. 0. 1. 0.
0.722 -0.692 0. 353778.901 0.692 0.722 0. 4025737.605 0. 0. 1. 0.
0.722 -0.692 0. 353780.976 0.692 0.722 0. 4025739.594 0. 0. 1. 0.
0.721 -0.693 0. 353783.067 0.693 0.721 0. 4025741.598 0. 0. 1. 0.
0.721 -0.693 0. 353785.184 0.693 0.721 0. 4025743.630 0. 0. 1. 0.
0.720 -0.694 0. 353787.326 0.694 0.720 0. 4025745.693 0. 0. 1. 0.
0.719 -0.695 0. 353789.501 0.695 0.719 0. 4025747.792 0. 0. 1. 0.
0.719 -0.695 0. 353791.700 0.695 0.719 0. 4025749.916 0. 0. 1. 0.
0.719 -0.695 0. 353793.923 0.695 0.719 0. 4025752.064 0. 0. 1. 0.
0.719 -0.695 0. 353796.178 0.695 0.719 0. 4025754.246 0. 0. 1. 0.
0.718 -0.696 0. 353798.454 0.696 0.718 0. 4025756.449 0. 0. 1. 0.
0.718 -0.696 0. 353800.746 0.696 0.718 0. 4025758.670 0. 0. 1. 0.
0.718 -0.696 0. 353803.072 0.696 0.718 0. 4025760.926 0. 0. 1. 0.
0.717 -0.697 0. 353805.420 0.697 0.717 0. 4025763.205 0. 0. 1. 0.
0.717 -0.697 0. 353807.802 0.697 0.717 0. 4025765.519 0. 0. 1. 0.
0.718 -0.696 0. 353810.161 0.696 0.718 0. 4025767.809 0. 0. 1. 0.
0.718 -0.696 0. 353812.532 0.696 0.718 0. 4025770.109 0. 0. 1. 0.
0.718 -0.696 0. 353814.902 0.696 0.718 0. 4025772.408 0. 0. 1. 0.
0.718 -0.696 0. 353817.296 0.696 0.718 0. 4025774.728 0. 0. 1. 0.
0.718 -0.696 0. 353819.690 0.696 0.718 0. 4025777.047 0. 0. 1. 0.
0.719 -0.695 0. 353822.115 0.695 0.719 0. 4025779.394 0. 0. 1. 0.
0.719 -0.695 0. 353824.582 0.695 0.719 0. 4025781.781 0. 0. 1. 0.
0.719 -0.695 0. 353827.090 0.695 0.719 0. 4025784.204 0. 0. 1. 0.
0.719 -0.695 0. 353829.597 0.695 0.719 0. 4025786.626 0. 0. 1. 0.
0.719 -0.695 0. 353832.123 0.695 0.719 0. 4025789.067 0. 0. 1. 0.
0.718 -0.697 0. 353834.691 0.697 0.718 0. 4025791.555 0. 0. 1. 0.
0.716 -0.698 0. 353837.287 0.698 0.716 0. 4025794.076 0. 0. 1. 0.
0.715 -0.699 0. 353839.876 0.699 0.715 0. 4025796.598 0. 0. 1. 0.
0.715 -0.699 0. 353842.477 0.699 0.715 0. 4025799.141 0. 0. 1. 0.
0.714 -0.700 0. 353845.121 0.700 0.714 0. 4025801.732 0. 0. 1. 0.
0.714 -0.701 0. 353847.800 0.701 0.714 0. 4025804.361 0. 0. 1. 0.
0.713 -0.701 0. 353850.460 0.701 0.713 0. 4025806.976 0. 0. 1. 0.
0.712 -0.702 0. 353853.137 0.702 0.712 0. 4025809.612 0. 0. 1. 0.
0.711 -0.703 0. 353855.852 0.703 0.711 0. 4025812.294 0. 0. 1. 0.
0.709 -0.705 0. 353858.543 0.705 0.709 0. 4025814.963 0. 0. 1. 0.
0.706 -0.708 0. 353861.184 0.708 0.706 0. 4025817.603 0. 0. 1. 0.
0.704 -0.710 0. 353863.802 0.710 0.704 0. 4025820.236 0. 0. 1. 0.
0.703 -0.712 0. 353866.446 0.712 0.703 0. 4025822.910 0. 0. 1. 0.
0.701 -0.713 0. 353869.107 0.713 0.701 0. 4025825.610 0. 0. 1. 0.
0.700 -0.714 0. 353871.716 0.714 0.700 0. 4025828.266 0. 0. 1. 0.
0.699 -0.715 0. 353874.318 0.715 0.699 0. 4025830.925 0. 0. 1. 0.
0.698 -0.716 0. 353876.942 0.716 0.698 0. 4025833.616 0. 0. 1. 0.
0.697 -0.717 0. 353879.552 0.717 0.697 0. 4025836.298 0. 0. 1. 0.
0.696 -0.719 0. 353882.114 0.719 0.696 0. 4025838.941 0. 0. 1. 0.
0.694 -0.720 0. 353884.655 0.720 0.694 0. 4025841.570 0. 0. 1. 0.
0.693 -0.721 0. 353887.209 0.721 0.693 0. 4025844.222 0. 0. 1. 0.
0.692 -0.722 0. 353889.770 0.722 0.692 0. 4025846.890 0. 0. 1. 0.
0.691 -0.723 0. 353892.279 0.723 0.691 0. 4025849.511 0. 0. 1. 0.
0.691 -0.723 0. 353894.761 0.723 0.691 0. 4025852.106 0. 0. 1. 0.
0.691 -0.723 0. 353897.261 0.723 0.691 0. 4025854.720 0. 0. 1. 0.
0.691 -0.723 0. 353899.771 0.723 0.691 0. 4025857.346 0. 0. 1. 0.
0.693 -0.721 0. 353902.230 0.721 0.693 0. 4025859.913 0. 0. 1. 0.
0.694 -0.720 0. 353904.667 0.720 0.694 0. 4025862.448 0. 0. 1. 0.
0.695 -0.719 0. 353907.130 0.719 0.695 0. 4025864.999 0. 0. 1. 0.
0.695 -0.719 0. 353909.599 0.719 0.695 0. 4025867.551 0. 0. 1. 0.
0.694 -0.720 0. 353912.022 0.720 0.694 0. 4025870.062 0. 0. 1. 0.
0.694 -0.720 0. 353914.416 0.720 0.694 0. 4025872.548 0. 0. 1. 0.
0.694 -0.720 0. 353916.821 0.720 0.694 0. 4025875.042 0. 0. 1. 0.
0.695 -0.719 0. 353919.246 0.719 0.695 0. 4025877.552 0. 0. 1. 0.
0.696 -0.718 0. 353921.624 0.718 0.696 0. 4025880.005 0. 0. 1. 0.
0.698 -0.717 0. 353923.981 0.717 0.698 0. 4025882.431 0. 0. 1. 0.
0.698 -0.716 0. 353926.347 0.716 0.698 0. 4025884.859 0. 0. 1. 0.
0.699 -0.715 0. 353928.752 0.715 0.699 0. 4025887.321 0. 0. 1. 0.
0.699 -0.715 0. 353931.075 0.715 0.699 0. 4025889.698 0. 0. 1. 0.
0.699 -0.715 0. 353933.399 0.715 0.699 0. 4025892.074 0. 0. 1. 0.
0.698 -0.716 0. 353935.732 0.716 0.698 0. 4025894.465 0. 0. 1. 0.
0.698 -0.716 0. 353938.104 0.716 0.698 0. 4025896.900 0. 0. 1. 0.
0.697 -0.717 0. 353940.395 0.717 0.697 0. 4025899.255 0. 0. 1. 0.
0.697 -0.717 0. 353942.697 0.717 0.697 0. 4025901.624 0. 0. 1. 0.
0.696 -0.718 0. 353945.010 0.718 0.696 0. 4025904.007 0. 0. 1. 0.
0.696 -0.718 0. 353947.324 0.718 0.696 0. 4025906.393 0. 0. 1. 0.
0.695 -0.719 0. 353949.597 0.719 0.695 0. 4025908.742 0. 0. 1. 0.
0.695 -0.719 0. 353951.852 0.719 0.695 0. 4025911.076 0. 0. 1. 0.
0.694 -0.720 0. 353954.098 0.720 0.694 0. 4025913.402 0. 0. 1. 0.
0.695 -0.719 0. 353956.366 0.719 0.695 0. 4025915.746 0. 0. 1. 0.
0.696 -0.718 0. 353958.607 0.718 0.696 0. 4025918.060 0. 0. 1. 0.
0.696 -0.718 0. 353960.826 0.718 0.696 0. 4025920.350 0. 0. 1. 0.
0.695 -0.719 0. 353963.035 0.719 0.695 0. 4025922.632 0. 0. 1. 0.
0.695 -0.719 0. 353965.232 0.719 0.695 0. 4025924.906 0. 0. 1. 0.
0.694 -0.720 0. 353967.383 0.720 0.694 0. 4025927.135 0. 0. 1. 0.
0.695 -0.719 0. 353969.497 0.719 0.695 0. 4025929.325 0. 0. 1. 0.
0.697 -0.717 0. 353971.591 0.717 0.697 0. 4025931.484 0. 0. 1. 0.
0.698 -0.717 0. 353973.677 0.717 0.698 0. 4025933.629 0. 0. 1. 0.
0.698 -0.716 0. 353975.714 0.716 0.698 0. 4025935.719 0. 0. 1. 0.
0.699 -0.715 0. 353977.724 0.715 0.699 0. 4025937.778 0. 0. 1. 0.
0.699 -0.715 0. 353979.702 0.715 0.699 0. 4025939.802 0. 0. 1. 0.
0.700 -0.714 0. 353981.657 0.714 0.700 0. 4025941.800 0. 0. 1. 0.
0.700 -0.714 0. 353983.577 0.714 0.700 0. 4025943.758 0. 0. 1. 0.
0.701 -0.713 0. 353985.471 0.713 0.701 0. 4025945.688 0. 0. 1. 0.
0.700 -0.714 0. 353987.337 0.714 0.700 0. 4025947.589 0. 0. 1. 0.
0.699 -0.715 0. 353989.165 0.715 0.699 0. 4025949.458 0. 0. 1. 0.
0.699 -0.715 0. 353990.965 0.715 0.699 0. 4025951.301 0. 0. 1. 0.
0.698 -0.716 0. 353992.737 0.716 0.698 0. 4025953.119 0. 0. 1. 0.
0.697 -0.717 0. 353994.474 0.717 0.697 0. 4025954.903 0. 0. 1. 0.
0.696 -0.718 0. 353996.166 0.718 0.696 0. 4025956.646 0. 0. 1. 0.
0.695 -0.719 0. 353997.821 0.719 0.695 0. 4025958.355 0. 0. 1. 0.
0.695 -0.719 0. 353999.433 0.719 0.695 0. 4025960.021 0. 0. 1. 0.
0.695 -0.719 0. 354000.998 0.719 0.695 0. 4025961.640 0. 0. 1. 0.
0.696 -0.718 0. 354002.513 0.718 0.696 0. 4025963.208 0. 0. 1. 0.
0.697 -0.717 0. 354004.001 0.717 0.697 0. 4025964.741 0. 0. 1. 0.
0.698 -0.716 0. 354005.447 0.716 0.698 0. 4025966.227 0. 0. 1. 0.
0.699 -0.715 0. 354006.853 0.715 0.699 0. 4025967.668 0. 0. 1. 0.
0.700 -0.714 0. 354008.209 0.714 0.700 0. 4025969.054 0. 0. 1. 0.
0.701 -0.713 0. 354009.518 0.713 0.701 0. 4025970.387 0. 0. 1. 0.
0.702 -0.712 0. 354010.783 0.712 0.702 0. 4025971.672 0. 0. 1. 0.
