0.961 0.277 0. -6.162 0.277 -0.961 0. -0.329 0. 0. -1. 0.
0.961 0.277 0. -6.162 0.277 -0.961 0. -0.329 0. 0. -1. 0.
0.961 0.277 0. -6.162 0.277 -0.961 0. -0.329 0. 0. -1. 0.
0.961 0.277 0. -6.162 0.277 -0.961 0. -0.329 0. 0. -1. 0.
0.961 0.277 0. -6.162 0.277 -0.961 0. -0.329 0. 0. -1. 0.
0.961 0.277 0. -6.162 0.277 -0.961 0. -0.329 0. 0. -1. 0.
0.961 0.277 0. -6.162 0.277 -0.961 0. -0.329 0. 0. -1. 0.
0.961 0.277 0. -6.162 0.277 -0.961 0. -0.329 0. 0. -1. 0.
0.961 0.277 0. -6.162 0.277 -0.961 0. -0.329 0. 0. -1. 0.
0.961 0.277 0. -6.162 0.277 -0.961 0. -0.329 0. 0. -1. 0.
0.961 0.277 0. -6.162 0.277 -0.961 0. -0.329 0. 0. -1. 0.
0.961 0.277 0. -6.162 0.277 -0.961 0. -0.329 0. 0. -1. 0.
0.961 0.277 0. -6.162 0.277 -0.961 0. -0.329 0. 0. -1. 0.
0.961 0.277 0. -6.162 0.277 -0.961 0. -0.329 0. 0. -1. 0.
0.961 0.277 0. -6.162 0.277 -0.961 0. -0.329 0. 0. -1. 0.
0.961 0.277 0. -6.162 0.277 -0.961 0. -0.329 0. 0. -1. 0.
0.961 0.277 0. -6.162 0.277 -0.961 0. -0.329 0. 0. -1. 0.
0.961 0.277 0. -6.162 0.277 -0.961 0. -0.329 0. 0. -1. 0.
0.961 0.277 0. -6.162 0.277 -0.961 0. -0.329 0. 0. -1. 0.
0.961 0.277 0. -6.162 0.277 -0.961 0. -0.329 0. 0. -1. 0.
0.961 0.277 0. -6.162 0.277 -0.961 0. -0.329 0. 0. -1. 0.
0.961 0.277 0. -6.162 0.277 -0.961 0. -0.329 0. 0. -1. 0.
0.961 0.277 0. -6.162 0.277 -0.961 0. -0.329 0. 0. -1. 0.
0.961 0.277 0. -6.162 0.277 -0.961 0. -0.329 0. 0. -1. 0.
0.961 0.277 0. -6.162 0.277 -0.961 0. -0.329 0. 0. -1. 0.
0.961 0.277 0. -6.162 0.277 -0.961 0. -0.329 0. 0. -1. 0.
0.961 0.277 0. -6.162 0.277 -0.961 0. -0.329 0. 0. -1. 0.
0.961 0.277 0. -6.162 0.277 -0.961 0. -0.329 0. 0. -1. 0.
0.961 0.277 0. -6.162 0.277 -0.961 0. -0.329 0. 0. -1. 0.
0.961 0.277 0. -6.162 0.277 -0.961 0. -0.329 0. 0. -1. 0.
0.961 0.277 0. -6.162 0.277 -0.961 0. -0.329 0. 0. -1. 0.
0.961 0.277 0. -6.162 0.277 -0.961 0. -0.329 0. 0. -1. 0.
0.961 0.277 0. -6.163 0.277 -0.961 0. -0.329 0. 0. -1. 0.
0.961 0.277 0. -6.164 0.277 -0.961 0. -0.330 0. 0. -1. 0.
0.961 0.277 0. -6.162 0.277 -0.961 0. -0.330 0. 0. -1. 0.
0.961 0.277 0. -6.150 0.277 -0.961 0. -0.327 0. 0. -1. 0.
0.961 0.277 0. -6.123 0.277 -0.961 0. -0.321 0. 0. -1. 0.
0.961 0.277 0. -6.090 0.277 -0.961 0. -0.313 0. 0. -1. 0.
0.961 0.277 0. -6.054 0.277 -0.961 0. -0.304 0. 0. -1. 0.
0.961 0.277 0. -6.011 0.277 -0.961 0. -0.294 0. 0. -1. 0.
0.961 0.277 0. -5.960 0.277 -0.961 0. -0.281 0. 0. -1. 0.
0.961 0.276 0. -5.903 0.276 -0.961 0. -0.268 0. 0. -1. 0.
0.961 0.276 0. -5.841 0.276 -0.961 0. -0.253 0. 0. -1. 0.
0.962 0.275 0. -5.774 0.275 -0.962 0. -0.237 0. 0. -1. 0.
0.962 0.273 0. -5.701 0.273 -0.962 0. -0.219 0. 0. -1. 0.
0.963 0.270 0. -5.623 0.270 -0.963 0. -0.202 0. 0. -1. 0.
0.964 0.265 0. -5.539 0.265 -0.964 0. -0.184 0. 0. -1. 0.
0.966 0.260 0. -5.450 0.260 -0.966 0. -0.166 0. 0. -1. 0.
0.967 0.254 0. -5.355 0.254 -0.967 0. -0.146 0. 0. -1. 0.
0.969 0.248 0. -5.253 0.248 -0.969 0. -0.126 0. 0. -1. 0.
0.970 0.242 0. -5.147 0.242 -0.970 0. -0.106 0. 0. -1. 0.
0.972 0.235 0. -5.038 0.235 -0.972 0. -0.087 0. 0. -1. 0.
0.974 0.227 0. -4.924 0.227 -0.974 0. -0.070 0. 0. -1. 0.
0.976 0.217 0. -4.805 0.217 -0.976 0. -0.051 0. 0. -1. 0.
0.979 0.205 0. -4.678 0.205 -0.979 0. -0.032 0. 0. -1. 0.
0.981 0.192 0. -4.539 0.192 -0.981 0. -0.015 0. 0. -1. 0.
0.984 0.177 0. -4.389 0.177 -0.984 0. 0.001 0. 0. -1. 0.
0.987 0.159 0. -4.216 0.159 -0.987 0. 0.019 0. 0. -1. 0.
0.990 0.141 0. -4.017 0.141 -0.990 0. 0.034 0. 0. -1. 0.
0.993 0.120 0. -3.791 0.120 -0.993 0. 0.044 0. 0. -1. 0.
0.995 0.098 0. -3.526 0.098 -0.995 0. 0.052 0. 0. -1. 0.
0.997 0.075 0. -3.212 0.075 -0.997 0. 0.056 0. 0. -1. 0.
0.999 0.051 0. -2.852 0.051 -0.999 0. 0.059 0. 0. -1. 0.
1.000 0.028 0. -2.445 0.028 -1.000 0. 0.052 0. 0. -1. 0.
1. 0.007 0. -1.995 0.007 -1. 0. 0.038 0. 0. -1. 0.
1. -0.012 0. -1.501 -0.012 -1. -0. 0.023 0. 0. -1. 0.
1.000 -0.022 0. -0.969 -0.022 -1.000 -0. -0.016 0. 0. -1. 0.
1.000 -0.016 0. -0.408 -0.016 -1.000 -0. -0.039 0. 0. -1. 0.
1. 0.005 0. 0.189 0.005 -1. 0. -0.045 0. 0. -1. 0.
1.000 0.031 0. 0.837 0.031 -1.000 0. -0.023 0. 0. -1. 0.
0.998 0.061 0. 1.539 0.061 -0.998 0. 0.028 0. 0. -1. 0.
0.996 0.091 0. 2.305 0.091 -0.996 0. 0.074 0. 0. -1. 0.
0.994 0.110 0. 3.139 0.110 -0.994 0. 0.178 0. 0. -1. 0.
0.993 0.118 0. 4.043 0.118 -0.993 0. 0.278 0. 0. -1. 0.
0.992 0.127 0. 4.996 0.127 -0.992 0. 0.380 0. 0. -1. 0.
0.991 0.137 0. 6.004 0.137 -0.991 0. 0.520 0. 0. -1. 0.
0.989 0.146 0. 7.076 0.146 -0.989 0. 0.654 0. 0. -1. 0.
0.988 0.156 0. 8.188 0.156 -0.988 0. 0.828 0. 0. -1. 0.
0.986 0.168 0. 9.328 0.168 -0.986 0. 0.998 0. 0. -1. 0.
0.984 0.179 0. 10.497 0.179 -0.984 0. 1.193 0. 0. -1. 0.
0.982 0.189 0. 11.720 0.189 -0.982 0. 1.407 0. 0. -1. 0.
0.981 0.195 0. 13.016 0.195 -0.981 0. 1.650 0. 0. -1. 0.
0.981 0.196 0. 14.310 0.196 -0.981 0. 1.878 0. 0. -1. 0.
0.982 0.191 0. 15.672 0.191 -0.982 0. 2.108 0. 0. -1. 0.
0.982 0.190 0. 17.102 0.190 -0.982 0. 2.353 0. 0. -1. 0.
0.981 0.195 0. 18.515 0.195 -0.981 0. 2.590 0. 0. -1. 0.
0.980 0.198 0. 19.962 0.198 -0.980 0. 2.863 0. 0. -1. 0.
0.980 0.201 0. 21.425 0.201 -0.980 0. 3.131 0. 0. -1. 0.
0.980 0.201 0. 22.903 0.201 -0.980 0. 3.400 0. 0. -1. 0.
0.980 0.201 0. 24.398 0.201 -0.980 0. 3.680 0. 0. -1. 0.
0.980 0.199 0. 25.922 0.199 -0.980 0. 3.945 0. 0. -1. 0.
0.982 0.188 0. 27.469 0.188 -0.982 0. 4.223 0. 0. -1. 0.
0.984 0.179 0. 29.026 0.179 -0.984 0. 4.472 0. 0. -1. 0.
0.985 0.173 0. 30.634 0.173 -0.985 0. 4.713 0. 0. -1. 0.
0.984 0.176 0. 32.199 0.176 -0.984 0. 4.963 0. 0. -1. 0.
0.983 0.184 0. 33.788 0.184 -0.983 0. 5.211 0. 0. -1. 0.
0.982 0.190 0. 35.446 0.190 -0.982 0. 5.544 0. 0. -1. 0.
0.980 0.201 0. 37.085 0.201 -0.980 0. 5.789 0. 0. -1. 0.
0.979 0.206 0. 38.736 0.206 -0.979 0. 6.127 0. 0. -1. 0.
0.979 0.204 0. 40.464 0.204 -0.979 0. 6.440 0. 0. -1. 0.
0.979 0.204 0. 42.195 0.204 -0.979 0. 6.768 0. 0. -1. 0.
0.979 0.204 0. 43.942 0.204 -0.979 0. 7.091 0. 0. -1. 0.
0.978 0.211 0. 45.718 0.211 -0.978 0. 7.420 0. 0. -1. 0.
0.975 0.223 0. 47.502 0.223 -0.975 0. 7.791 0. 0. -1. 0.
0.972 0.237 0. 49.306 0.237 -0.972 0. 8.188 0. 0. -1. 0.
0.969 0.247 0. 51.157 0.247 -0.969 0. 8.591 0. 0. -1. 0.
0.967 0.255 0. 52.980 0.255 -0.967 0. 9.034 0. 0. -1. 0.
0.966 0.259 0. 54.843 0.259 -0.966 0. 9.475 0. 0. -1. 0.
0.964 0.264 0. 56.738 0.264 -0.964 0. 9.941 0. 0. -1. 0.
0.963 0.269 0. 58.636 0.269 -0.963 0. 10.413 0. 0. -1. 0.
0.962 0.272 0. 60.554 0.272 -0.962 0. 10.906 0. 0. -1. 0.
0.962 0.273 0. 62.480 0.273 -0.962 0. 11.419 0. 0. -1. 0.
0.962 0.274 0. 64.430 0.274 -0.962 0. 11.941 0. 0. -1. 0.
0.962 0.273 0. 66.378 0.273 -0.962 0. 12.457 0. 0. -1. 0.
0.962 0.274 0. 68.343 0.274 -0.962 0. 12.967 0. 0. -1. 0.
0.964 0.268 0. 70.309 0.268 -0.964 0. 13.487 0. 0. -1. 0.
0.968 0.251 0. 72.280 0.251 -0.968 0. 13.973 0. 0. -1. 0.
0.973 0.229 0. 74.255 0.229 -0.973 0. 14.404 0. 0. -1. 0.
0.978 0.206 0. 76.225 0.206 -0.978 0. 14.805 0. 0. -1. 0.
0.984 0.177 0. 78.187 0.177 -0.984 0. 15.139 0. 0. -1. 0.
0.990 0.142 0. 80.178 0.142 -0.990 0. 15.415 0. 0. -1. 0.
0.995 0.100 0. 82.163 0.100 -0.995 0. 15.599 0. 0. -1. 0.
0.998 0.055 0. 84.119 0.055 -0.998 0. 15.702 0. 0. -1. 0.
1. 0.006 0. 86.094 0.006 -1. 0. 15.702 0. 0. -1. 0.
0.999 -0.047 0. 88.055 -0.047 -0.999 -0. 15.607 0. 0. -1. 0.
0.995 -0.105 0. 89.991 -0.105 -0.995 -0. 15.401 0. 0. -1. 0.
0.986 -0.166 0. 91.877 -0.166 -0.986 -0. 15.083 0. 0. -1. 0.
0.973 -0.230 0. 93.751 -0.230 -0.973 -0. 14.639 0. 0. -1. 0.
0.958 -0.287 0. 95.566 -0.287 -0.958 -0. 14.083 0. 0. -1. 0.
0.942 -0.334 0. 97.354 -0.334 -0.942 -0. 13.425 0. 0. -1. 0.
0.928 -0.374 0. 99.103 -0.374 -0.928 -0. 12.720 0. 0. -1. 0.
0.907 -0.422 0. 100.839 -0.422 -0.907 -0. 11.923 0. 0. -1. 0.
0.879 -0.476 0. 102.474 -0.476 -0.879 -0. 11.030 0. 0. -1. 0.
0.848 -0.529 0. 104.025 -0.529 -0.848 -0. 10.048 0. 0. -1. 0.
0.813 -0.583 0. 105.520 -0.583 -0.813 -0. 8.967 0. 0. -1. 0.
0.774 -0.633 0. 106.936 -0.633 -0.774 -0. 7.824 0. 0. -1. 0.
0.731 -0.683 0. 108.234 -0.683 -0.731 -0. 6.594 0. 0. -1. 0.
0.689 -0.725 0. 109.460 -0.725 -0.689 -0. 5.276 0. 0. -1. 0.
0.650 -0.760 0. 110.592 -0.760 -0.650 -0. 3.913 0. 0. -1. 0.
0.617 -0.787 0. 111.660 -0.787 -0.617 -0. 2.512 0. 0. -1. 0.
0.592 -0.806 0. 112.702 -0.806 -0.592 -0. 1.065 0. 0. -1. 0.
0.574 -0.819 0. 113.726 -0.819 -0.574 -0. -0.430 0. 0. -1. 0.
0.563 -0.826 0. 114.757 -0.826 -0.563 -0. -1.953 0. 0. -1. 0.
0.558 -0.830 0. 115.761 -0.830 -0.558 -0. -3.496 0. 0. -1. 0.
0.560 -0.829 0. 116.758 -0.829 -0.560 -0. -5.038 0. 0. -1. 0.
0.564 -0.826 0. 117.755 -0.826 -0.564 -0. -6.574 0. 0. -1. 0.
0.571 -0.821 0. 118.754 -0.821 -0.571 -0. -8.095 0. 0. -1. 0.
0.582 -0.813 0. 119.743 -0.813 -0.582 -0. -9.552 0. 0. -1. 0.
0.594 -0.804 0. 120.719 -0.804 -0.594 -0. -10.945 0. 0. -1. 0.
0.609 -0.793 0. 121.685 -0.793 -0.609 -0. -12.255 0. 0. -1. 0.
0.623 -0.782 0. 122.591 -0.782 -0.623 -0. -13.457 0. 0. -1. 0.
0.636 -0.771 0. 123.473 -0.771 -0.636 -0. -14.566 0. 0. -1. 0.
0.648 -0.762 0. 124.301 -0.762 -0.648 -0. -15.590 0. 0. -1. 0.
0.657 -0.754 0. 125.053 -0.754 -0.657 -0. -16.488 0. 0. -1. 0.
0.665 -0.747 0. 125.724 -0.747 -0.665 -0. -17.254 0. 0. -1. 0.
0.671 -0.741 0. 126.275 -0.741 -0.671 -0. -17.899 0. 0. -1. 0.
0.676 -0.737 0. 126.738 -0.737 -0.676 -0. -18.427 0. 0. -1. 0.
0.680 -0.733 0. 127.115 -0.733 -0.680 -0. -18.835 0. 0. -1. 0.
0.683 -0.730 0. 127.398 -0.730 -0.683 -0. -19.149 0. 0. -1. 0.
0.686 -0.727 0. 127.669 -0.727 -0.686 -0. -19.441 0. 0. -1. 0.
0.689 -0.724 0. 127.947 -0.724 -0.689 -0. -19.736 0. 0. -1. 0.
0.693 -0.721 0. 128.235 -0.721 -0.693 -0. -20.045 0. 0. -1. 0.
0.697 -0.718 0. 128.557 -0.718 -0.697 -0. -20.402 0. 0. -1. 0.
0.700 -0.714 0. 128.935 -0.714 -0.700 -0. -20.829 0. 0. -1. 0.
0.707 -0.707 0. 129.439 -0.707 -0.707 -0. -21.298 0. 0. -1. 0.
0.715 -0.699 0. 129.978 -0.699 -0.715 -0. -21.869 0. 0. -1. 0.
0.725 -0.689 0. 130.624 -0.689 -0.725 -0. -22.508 0. 0. -1. 0.
0.733 -0.680 0. 131.368 -0.680 -0.733 -0. -23.212 0. 0. -1. 0.
0.744 -0.669 0. 132.198 -0.669 -0.744 -0. -24.003 0. 0. -1. 0.
0.754 -0.657 0. 133.138 -0.657 -0.754 -0. -24.867 0. 0. -1. 0.
0.765 -0.644 0. 134.167 -0.644 -0.765 -0. -25.778 0. 0. -1. 0.
0.778 -0.628 0. 135.272 -0.628 -0.778 -0. -26.709 0. 0. -1. 0.
0.789 -0.615 0. 136.420 -0.615 -0.789 -0. -27.660 0. 0. -1. 0.
0.795 -0.607 0. 137.580 -0.607 -0.795 -0. -28.573 0. 0. -1. 0.
0.799 -0.602 0. 138.715 -0.602 -0.799 -0. -29.489 0. 0. -1. 0.
0.802 -0.597 0. 139.874 -0.597 -0.802 -0. -30.388 0. 0. -1. 0.
0.806 -0.592 0. 141.013 -0.592 -0.806 -0. -31.257 0. 0. -1. 0.
0.809 -0.588 0. 142.133 -0.588 -0.809 -0. -32.116 0. 0. -1. 0.
0.812 -0.583 0. 143.249 -0.583 -0.812 -0. -32.955 0. 0. -1. 0.
0.817 -0.577 0. 144.366 -0.577 -0.817 -0. -33.764 0. 0. -1. 0.
0.822 -0.569 0. 145.471 -0.569 -0.822 -0. -34.569 0. 0. -1. 0.
0.828 -0.560 0. 146.582 -0.560 -0.828 -0. -35.324 0. 0. -1. 0.
0.837 -0.548 0. 147.666 -0.548 -0.837 -0. -36.080 0. 0. -1. 0.
0.847 -0.532 0. 148.759 -0.532 -0.847 -0. -36.795 0. 0. -1. 0.
0.864 -0.504 0. 149.838 -0.504 -0.864 -0. -37.466 0. 0. -1. 0.
0.887 -0.462 0. 150.873 -0.462 -0.887 -0. -38.050 0. 0. -1. 0.
0.916 -0.402 0. 151.899 -0.402 -0.916 -0. -38.516 0. 0. -1. 0.
0.941 -0.338 0. 152.943 -0.338 -0.941 -0. -38.919 0. 0. -1. 0.
0.963 -0.268 0. 153.995 -0.268 -0.963 -0. -39.241 0. 0. -1. 0.
0.985 -0.171 0. 155.036 -0.171 -0.985 -0. -39.469 0. 0. -1. 0.
0.999 -0.048 0. 156.083 -0.048 -0.999 -0. -39.534 0. 0. -1. 0.
0.996 0.091 0. 157.101 0.091 -0.996 0. -39.463 0. 0. -1. 0.
0.973 0.233 0. 158.075 0.233 -0.973 0. -39.233 0. 0. -1. 0.
0.929 0.369 0. 158.994 0.369 -0.929 0. -38.884 0. 0. -1. 0.
0.865 0.502 0. 159.833 0.502 -0.865 0. -38.425 0. 0. -1. 0.
0.777 0.630 0. 160.556 0.630 -0.777 0. -37.826 0. 0. -1. 0.
0.669 0.743 0. 161.180 0.743 -0.669 0. -37.143 0. 0. -1. 0.
0.545 0.839 0. 161.678 0.839 -0.545 0. -36.367 0. 0. -1. 0.
0.404 0.915 0. 162.042 0.915 -0.404 0. -35.545 0. 0. -1. 0.
0.250 0.968 0. 162.267 0.968 -0.250 0. -34.677 0. 0. -1. 0.
0.086 0.996 0. 162.333 0.996 -0.086 0. -33.797 0. 0. -1. 0.
-0.082 0.997 0. 162.256 0.997 0.082 0. -32.924 0. 0. -1. 0.
-0.250 0.968 0. 162.041 0.968 0.250 0. -32.067 0. 0. -1. 0.
-0.415 0.910 0. 161.664 0.910 0.415 0. -31.241 0. 0. -1. 0.
-0.569 0.822 0. 161.126 0.822 0.569 0. -30.468 0. 0. -1. 0.
-0.704 0.711 0. 160.450 0.711 0.704 0. -29.756 0. 0. -1. 0.
-0.815 0.580 0. 159.625 0.580 0.815 0. -29.163 0. 0. -1. 0.
-0.896 0.443 0. 158.699 0.443 0.896 0. -28.692 0. 0. -1. 0.
-0.949 0.315 0. 157.707 0.315 0.949 0. -28.338 0. 0. -1. 0.
-0.978 0.211 0. 156.642 0.211 0.978 0. -28.114 0. 0. -1. 0.
-0.991 0.135 0. 155.504 0.135 0.991 0. -27.938 0. 0. -1. 0.
-0.997 0.080 0. 154.337 0.080 0.997 0. -27.828 0. 0. -1. 0.
-0.999 0.036 0. 153.157 0.036 0.999 0. -27.752 0. 0. -1. 0.
-1. 0.005 0. 151.942 0.005 1. 0. -27.725 0. 0. -1. 0.
-1. -0.013 0. 150.696 -0.013 1. 0. -27.723 -0. 0. -1. 0.
-1.000 -0.024 0. 149.411 -0.024 1.000 0. -27.729 -0. 0. -1. 0.
-1.000 -0.024 0. 148.105 -0.024 1.000 0. -27.765 -0. 0. -1. 0.
-1. -0.013 0. 146.779 -0.013 1. 0. -27.758 -0. 0. -1. 0.
-1. 0.005 0. 145.415 0.005 1. 0. -27.730 0. 0. -1. 0.
-1.000 0.027 0. 144.017 0.027 1.000 0. -27.664 0. 0. -1. 0.
-0.998 0.055 0. 142.608 0.055 0.998 0. -27.556 0. 0. -1. 0.
-0.996 0.093 0. 141.175 0.093 0.996 0. -27.404 0. 0. -1. 0.
-0.990 0.142 0. 139.720 0.142 0.990 0. -27.176 0. 0. -1. 0.
-0.980 0.201 0. 138.262 0.201 0.980 0. -26.854 0. 0. -1. 0.
-0.964 0.265 0. 136.795 0.265 0.964 0. -26.435 0. 0. -1. 0.
-0.943 0.332 0. 135.336 0.332 0.943 0. -25.913 0. 0. -1. 0.
-0.916 0.401 0. 133.945 0.401 0.916 0. -25.274 0. 0. -1. 0.
-0.884 0.467 0. 132.561 0.467 0.884 0. -24.530 0. 0. -1. 0.
-0.847 0.531 0. 131.212 0.531 0.847 0. -23.665 0. 0. -1. 0.
-0.806 0.592 0. 129.901 0.592 0.806 0. -22.690 0. 0. -1. 0.
-0.763 0.646 0. 128.611 0.646 0.763 0. -21.583 0. 0. -1. 0.
-0.722 0.692 0. 127.353 0.692 0.722 0. -20.338 0. 0. -1. 0.
-0.682 0.731 0. 126.137 0.731 0.682 0. -19.009 0. 0. -1. 0.
-0.640 0.768 0. 124.964 0.768 0.640 0. -17.568 0. 0. -1. 0.
-0.599 0.801 0. 123.855 0.801 0.599 0. -16.032 0. 0. -1. 0.
-0.565 0.825 0. 122.822 0.825 0.565 0. -14.449 0. 0. -1. 0.
-0.538 0.843 0. 121.826 0.843 0.538 0. -12.875 0. 0. -1. 0.
-0.519 0.855 0. 120.881 0.855 0.519 0. -11.249 0. 0. -1. 0.
-0.504 0.864 0. 119.954 0.864 0.504 0. -9.616 0. 0. -1. 0.
-0.494 0.870 0. 119.080 0.870 0.494 0. -7.985 0. 0. -1. 0.
-0.499 0.867 0. 118.210 0.867 0.499 0. -6.350 0. 0. -1. 0.
-0.514 0.858 0. 117.313 0.858 0.514 0. -4.761 0. 0. -1. 0.
-0.526 0.851 0. 116.386 0.851 0.526 0. -3.197 0. 0. -1. 0.
-0.529 0.849 0. 115.464 0.849 0.529 0. -1.643 0. 0. -1. 0.
-0.542 0.840 0. 114.541 0.840 0.542 0. -0.104 0. 0. -1. 0.
-0.559 0.829 0. 113.578 0.829 0.559 0. 1.389 0. 0. -1. 0.
-0.580 0.815 0. 112.599 0.815 0.580 0. 2.863 0. 0. -1. 0.
-0.604 0.797 0. 111.580 0.797 0.604 0. 4.296 0. 0. -1. 0.
-0.633 0.774 0. 110.523 0.774 0.633 0. 5.690 0. 0. -1. 0.
-0.671 0.741 0. 109.407 0.741 0.671 0. 7.038 0. 0. -1. 0.
-0.714 0.701 0. 108.215 0.701 0.714 0. 8.280 0. 0. -1. 0.
-0.756 0.655 0. 106.920 0.655 0.756 0. 9.502 0. 0. -1. 0.
-0.805 0.594 0. 105.509 0.594 0.805 0. 10.662 0. 0. -1. 0.
-0.850 0.527 0. 103.995 0.527 0.850 0. 11.688 0. 0. -1. 0.
-0.891 0.455 0. 102.403 0.455 0.891 0. 12.620 0. 0. -1. 0.
-0.926 0.379 0. 100.739 0.379 0.926 0. 13.389 0. 0. -1. 0.
-0.954 0.300 0. 99.025 0.300 0.954 0. 14.010 0. 0. -1. 0.
-0.974 0.224 0. 97.278 0.224 0.974 0. 14.488 0. 0. -1. 0.
-0.988 0.157 0. 95.473 0.157 0.988 0. 14.818 0. 0. -1. 0.
-0.995 0.105 0. 93.611 0.105 0.995 0. 15.075 0. 0. -1. 0.
-0.999 0.050 0. 91.687 0.050 0.999 0. 15.240 0. 0. -1. 0.
-1. -0.001 0. 89.754 -0.001 1. 0. 15.306 -0. 0. -1. 0.
-0.999 -0.046 0. 87.785 -0.046 0.999 0. 15.272 -0. 0. -1. 0.
-0.997 -0.083 0. 85.821 -0.083 0.997 0. 15.167 -0. 0. -1. 0.
-0.994 -0.113 0. 83.849 -0.113 0.994 0. 15.001 -0. 0. -1. 0.
-0.991 -0.136 0. 81.849 -0.136 0.991 0. 14.771 -0. 0. -1. 0.
-0.987 -0.158 0. 79.790 -0.158 0.987 0. 14.502 -0. 0. -1. 0.
-0.983 -0.181 0. 77.694 -0.181 0.983 0. 14.193 -0. 0. -1. 0.
-0.979 -0.204 0. 75.577 -0.204 0.979 0. 13.797 -0. 0. -1. 0.
-0.975 -0.224 0. 73.447 -0.224 0.975 0. 13.364 -0. 0. -1. 0.
-0.970 -0.244 0. 71.315 -0.244 0.970 0. 12.886 -0. 0. -1. 0.
-0.965 -0.262 0. 69.206 -0.262 0.965 0. 12.365 -0. 0. -1. 0.
-0.962 -0.272 0. 67.110 -0.272 0.962 0. 11.831 -0. 0. -1. 0.
-0.961 -0.276 0. 65.018 -0.276 0.961 0. 11.278 -0. 0. -1. 0.
-0.962 -0.271 0. 62.904 -0.271 0.962 0. 10.728 -0. 0. -1. 0.
-0.963 -0.269 0. 60.781 -0.269 0.963 0. 10.180 -0. 0. -1. 0.
-0.964 -0.267 0. 58.619 -0.267 0.964 0. 9.626 -0. 0. -1. 0.
-0.963 -0.269 0. 56.433 -0.269 0.963 0. 9.080 -0. 0. -1. 0.
-0.962 -0.273 0. 54.215 -0.273 0.962 0. 8.515 -0. 0. -1. 0.
-0.962 -0.273 0. 52.010 -0.273 0.962 0. 7.937 -0. 0. -1. 0.
-0.963 -0.268 0. 49.799 -0.268 0.963 0. 7.357 -0. 0. -1. 0.
-0.965 -0.261 0. 47.591 -0.261 0.965 0. 6.777 -0. 0. -1. 0.
-0.967 -0.255 0. 45.396 -0.255 0.967 0. 6.246 -0. 0. -1. 0.
-0.969 -0.247 0. 43.202 -0.247 0.969 0. 5.725 -0. 0. -1. 0.
-0.973 -0.231 0. 41.012 -0.231 0.973 0. 5.231 -0. 0. -1. 0.
-0.976 -0.216 0. 38.831 -0.216 0.976 0. 4.768 -0. 0. -1. 0.
-0.979 -0.205 0. 36.695 -0.205 0.979 0. 4.368 -0. 0. -1. 0.
-0.981 -0.195 0. 34.525 -0.195 0.981 0. 3.992 -0. 0. -1. 0.
-0.982 -0.187 0. 32.393 -0.187 0.982 0. 3.637 -0. 0. -1. 0.
-0.983 -0.182 0. 30.288 -0.182 0.983 0. 3.298 -0. 0. -1. 0.
-0.983 -0.182 0. 28.159 -0.182 0.983 0. 2.961 -0. 0. -1. 0.
-0.983 -0.183 0. 26.108 -0.183 0.983 0. 2.636 -0. 0. -1. 0.
-0.983 -0.182 0. 24.028 -0.182 0.983 0. 2.298 -0. 0. -1. 0.
-0.983 -0.182 0. 21.949 -0.182 0.983 0. 1.974 -0. 0. -1. 0.
-0.984 -0.178 0. 19.869 -0.178 0.984 0. 1.645 -0. 0. -1. 0.
-0.985 -0.172 0. 17.814 -0.172 0.985 0. 1.317 -0. 0. -1. 0.
-0.986 -0.167 0. 15.806 -0.167 0.986 0. 1.011 -0. 0. -1. 0.
-0.986 -0.164 0. 13.893 -0.164 0.986 0. 0.712 -0. 0. -1. 0.
-0.987 -0.161 0. 12.057 -0.161 0.987 0. 0.447 -0. 0. -1. 0.
-0.987 -0.161 0. 10.282 -0.161 0.987 0. 0.181 -0. 0. -1. 0.
-0.987 -0.160 0. 8.612 -0.160 0.987 0. -0.063 -0. 0. -1. 0.
-0.987 -0.160 0. 6.954 -0.160 0.987 0. -0.305 -0. 0. -1. 0.
-0.987 -0.159 0. 5.330 -0.159 0.987 0. -0.533 -0. 0. -1. 0.
-0.987 -0.159 0. 3.701 -0.159 0.987 0. -0.765 -0. 0. -1. 0.
-0.987 -0.159 0. 2.072 -0.159 0.987 0. -1.014 -0. 0. -1. 0.
-0.987 -0.158 0. 0.467 -0.158 0.987 0. -1.251 -0. 0. -1. 0.
-0.988 -0.154 0. -1.137 -0.154 0.988 0. -1.475 -0. 0. -1. 0.
-0.989 -0.151 0. -2.754 -0.151 0.989 0. -1.698 -0. 0. -1. 0.
-0.989 -0.146 0. -4.353 -0.146 0.989 0. -1.893 -0. 0. -1. 0.
-0.990 -0.142 0. -5.945 -0.142 0.990 0. -2.103 -0. 0. -1. 0.
-0.990 -0.140 0. -7.543 -0.140 0.990 0. -2.275 -0. 0. -1. 0.
-0.990 -0.144 0. -9.143 -0.144 0.990 0. -2.481 -0. 0. -1. 0.
-0.988 -0.155 0. -10.709 -0.155 0.988 0. -2.714 -0. 0. -1. 0.
-0.986 -0.169 0. -12.083 -0.169 0.986 0. -2.914 -0. 0. -1. 0.
-0.983 -0.184 0. -13.379 -0.184 0.983 0. -3.152 -0. 0. -1. 0.
-0.980 -0.198 0. -14.556 -0.198 0.980 0. -3.344 -0. 0. -1. 0.
-0.978 -0.210 0. -15.532 -0.210 0.978 0. -3.540 -0. 0. -1. 0.
-0.975 -0.222 0. -16.337 -0.222 0.975 0. -3.699 -0. 0. -1. 0.
-0.973 -0.230 0. -16.973 -0.230 0.973 0. -3.836 -0. 0. -1. 0.
-0.972 -0.236 0. -17.431 -0.236 0.972 0. -3.950 -0. 0. -1. 0.
-0.970 -0.242 0. -17.773 -0.242 0.970 0. -4.029 -0. 0. -1. 0.
-0.969 -0.246 0. -18.116 -0.246 0.969 0. -4.106 -0. 0. -1. 0.
-0.968 -0.252 0. -18.491 -0.252 0.968 0. -4.194 -0. 0. -1. 0.
-0.966 -0.257 0. -18.896 -0.257 0.966 0. -4.299 -0. 0. -1. 0.
-0.965 -0.261 0. -19.392 -0.261 0.965 0. -4.422 -0. 0. -1. 0.
-0.966 -0.260 0. -20.031 -0.260 0.966 0. -4.580 -0. 0. -1. 0.
-0.966 -0.258 0. -20.798 -0.258 0.966 0. -4.758 -0. 0. -1. 0.
-0.967 -0.254 0. -21.696 -0.254 0.967 0. -4.969 -0. 0. -1. 0.
-0.968 -0.253 0. -22.734 -0.253 0.968 0. -5.219 -0. 0. -1. 0.
-0.968 -0.250 0. -23.922 -0.250 0.968 0. -5.495 -0. 0. -1. 0.
-0.969 -0.247 0. -25.238 -0.247 0.969 0. -5.791 -0. 0. -1. 0.
-0.970 -0.244 0. -26.709 -0.244 0.970 0. -6.127 -0. 0. -1. 0.
-0.970 -0.243 0. -28.339 -0.243 0.970 0. -6.507 -0. 0. -1. 0.
-0.970 -0.243 0. -30.075 -0.243 0.970 0. -6.916 -0. 0. -1. 0.
-0.971 -0.241 0. -31.867 -0.241 0.971 0. -7.338 -0. 0. -1. 0.
-0.971 -0.240 0. -33.687 -0.240 0.971 0. -7.757 -0. 0. -1. 0.
-0.972 -0.237 0. -35.506 -0.237 0.972 0. -8.157 -0. 0. -1. 0.
-0.972 -0.236 0. -37.345 -0.236 0.972 0. -8.573 -0. 0. -1. 0.
-0.972 -0.234 0. -39.270 -0.234 0.972 0. -9.010 -0. 0. -1. 0.
-0.973 -0.232 0. -41.231 -0.232 0.973 0. -9.455 -0. 0. -1. 0.
-0.973 -0.231 0. -43.175 -0.231 0.973 0. -9.881 -0. 0. -1. 0.
-0.973 -0.229 0. -45.172 -0.229 0.973 0. -10.307 -0. 0. -1. 0.
-0.974 -0.227 0. -47.155 -0.227 0.974 0. -10.711 -0. 0. -1. 0.
-0.974 -0.226 0. -49.133 -0.226 0.974 0. -11.116 -0. 0. -1. 0.
-0.975 -0.222 0. -51.120 -0.222 0.975 0. -11.525 -0. 0. -1. 0.
-0.976 -0.219 0. -53.085 -0.219 0.976 0. -11.921 -0. 0. -1. 0.
-0.977 -0.213 0. -55.039 -0.213 0.977 0. -12.300 -0. 0. -1. 0.
-0.980 -0.198 0. -56.975 -0.198 0.980 0. -12.668 -0. 0. -1. 0.
-0.985 -0.174 0. -58.836 -0.174 0.985 0. -12.974 -0. 0. -1. 0.
-0.990 -0.138 0. -60.627 -0.138 0.990 0. -13.210 -0. 0. -1. 0.
-0.996 -0.084 0. -62.338 -0.084 0.996 0. -13.352 -0. 0. -1. 0.
-1. -0.013 0. -63.953 -0.013 1. 0. -13.359 -0. 0. -1. 0.
-0.998 0.066 0. -65.472 0.066 0.998 0. -13.275 0. 0. -1. 0.
-0.988 0.152 0. -66.894 0.152 0.988 0. -13.059 0. 0. -1. 0.
-0.968 0.251 0. -68.235 0.251 0.968 0. -12.730 0. 0. -1. 0.
-0.934 0.356 0. -69.465 0.356 0.934 0. -12.278 0. 0. -1. 0.
-0.888 0.460 0. -70.572 0.460 0.888 0. -11.691 0. 0. -1. 0.
-0.827 0.562 0. -71.577 0.562 0.827 0. -10.988 0. 0. -1. 0.
-0.758 0.652 0. -72.501 0.652 0.758 0. -10.192 0. 0. -1. 0.
-0.683 0.731 0. -73.298 0.731 0.683 0. -9.303 0. 0. -1. 0.
-0.599 0.801 0. -73.993 0.801 0.599 0. -8.351 0. 0. -1. 0.
-0.508 0.862 0. -74.580 0.862 0.508 0. -7.324 0. 0. -1. 0.
-0.415 0.910 0. -75.077 0.910 0.415 0. -6.177 0. 0. -1. 0.
-0.337 0.941 0. -75.473 0.941 0.337 0. -4.929 0. 0. -1. 0.
-0.290 0.957 0. -75.826 0.957 0.290 0. -3.607 0. 0. -1. 0.
-0.270 0.963 0. -76.170 0.963 0.270 0. -2.203 0. 0. -1. 0.
-0.266 0.964 0. -76.534 0.964 0.266 0. -0.738 0. 0. -1. 0.
-0.268 0.964 0. -76.926 0.964 0.268 0. 0.809 0. 0. -1. 0.
-0.269 0.963 0. -77.330 0.963 0.269 0. 2.424 0. 0. -1. 0.
-0.270 0.963 0. -77.756 0.963 0.270 0. 4.128 0. 0. -1. 0.
-0.270 0.963 0. -78.214 0.963 0.270 0. 5.938 0. 0. -1. 0.
-0.265 0.964 0. -78.693 0.964 0.265 0. 7.779 0. 0. -1. 0.
-0.253 0.967 0. -79.127 0.967 0.253 0. 9.589 0. 0. -1. 0.
-0.232 0.973 0. -79.539 0.973 0.232 0. 11.419 0. 0. -1. 0.
-0.209 0.978 0. -79.900 0.978 0.209 0. 13.241 0. 0. -1. 0.
-0.184 0.983 0. -80.212 0.983 0.184 0. 15.065 0. 0. -1. 0.
-0.161 0.987 0. -80.492 0.987 0.161 0. 16.875 0. 0. -1. 0.
-0.136 0.991 0. -80.713 0.991 0.136 0. 18.672 0. 0. -1. 0.
-0.117 0.993 0. -80.917 0.993 0.117 0. 20.484 0. 0. -1. 0.
-0.104 0.995 0. -81.041 0.995 0.104 0. 22.293 0. 0. -1. 0.
-0.101 0.995 0. -81.187 0.995 0.101 0. 24.067 0. 0. -1. 0.
-0.103 0.995 0. -81.324 0.995 0.103 0. 25.860 0. 0. -1. 0.
-0.106 0.994 0. -81.485 0.994 0.106 0. 27.734 0. 0. -1. 0.
-0.113 0.994 0. -81.637 0.994 0.113 0. 29.570 0. 0. -1. 0.
-0.125 0.992 0. -81.805 0.992 0.125 0. 31.380 0. 0. -1. 0.
-0.139 0.990 0. -82.017 0.990 0.139 0. 33.276 0. 0. -1. 0.
-0.156 0.988 0. -82.272 0.988 0.156 0. 35.168 0. 0. -1. 0.
-0.173 0.985 0. -82.550 0.985 0.173 0. 37.038 0. 0. -1. 0.
-0.188 0.982 0. -82.862 0.982 0.188 0. 38.916 0. 0. -1. 0.
-0.204 0.979 0. -83.203 0.979 0.204 0. 40.809 0. 0. -1. 0.
-0.218 0.976 0. -83.595 0.976 0.218 0. 42.726 0. 0. -1. 0.
-0.229 0.973 0. -84.025 0.973 0.229 0. 44.677 0. 0. -1. 0.
-0.239 0.971 0. -84.465 0.971 0.239 0. 46.656 0. 0. -1. 0.
-0.246 0.969 0. -84.907 0.969 0.246 0. 48.625 0. 0. -1. 0.
-0.249 0.969 0. -85.365 0.969 0.249 0. 50.618 0. 0. -1. 0.
-0.250 0.968 0. -85.813 0.968 0.250 0. 52.571 0. 0. -1. 0.
-0.251 0.968 0. -86.283 0.968 0.251 0. 54.519 0. 0. -1. 0.
-0.251 0.968 0. -86.736 0.968 0.251 0. 56.435 0. 0. -1. 0.
-0.251 0.968 0. -87.182 0.968 0.251 0. 58.354 0. 0. -1. 0.
-0.251 0.968 0. -87.631 0.968 0.251 0. 60.213 0. 0. -1. 0.
-0.253 0.967 0. -88.070 0.967 0.253 0. 61.990 0. 0. -1. 0.
-0.255 0.967 0. -88.473 0.967 0.255 0. 63.650 0. 0. -1. 0.
-0.264 0.964 0. -88.834 0.964 0.264 0. 65.204 0. 0. -1. 0.
-0.294 0.956 0. -89.216 0.956 0.294 0. 66.666 0. 0. -1. 0.
-0.350 0.937 0. -89.661 0.937 0.350 0. 68.033 0. 0. -1. 0.
-0.421 0.907 0. -90.211 0.907 0.421 0. 69.296 0. 0. -1. 0.
-0.512 0.859 0. -90.843 0.859 0.512 0. 70.461 0. 0. -1. 0.
-0.610 0.792 0. -91.585 0.792 0.610 0. 71.488 0. 0. -1. 0.
-0.705 0.709 0. -92.422 0.709 0.705 0. 72.394 0. 0. -1. 0.
-0.789 0.614 0. -93.364 0.614 0.789 0. 73.197 0. 0. -1. 0.
-0.861 0.508 0. -94.371 0.508 0.861 0. 73.833 0. 0. -1. 0.
-0.920 0.392 0. -95.497 0.392 0.920 0. 74.310 0. 0. -1. 0.
-0.963 0.269 0. -96.731 0.269 0.963 0. 74.718 0. 0. -1. 0.
-0.986 0.167 0. -98.063 0.167 0.986 0. 74.946 0. 0. -1. 0.
-0.997 0.078 0. -99.471 0.078 0.997 0. 75.094 0. 0. -1. 0.
-1. 0.001 0. -100.945 0.001 1. 0. 75.164 0. 0. -1. 0.
-0.998 -0.066 0. -102.475 -0.066 0.998 0. 75.092 -0. 0. -1. 0.
-0.994 -0.113 0. -104.056 -0.113 0.994 0. 74.971 -0. 0. -1. 0.
-0.990 -0.141 0. -105.674 -0.141 0.990 0. 74.792 -0. 0. -1. 0.
-0.989 -0.151 0. -107.318 -0.151 0.989 0. 74.547 -0. 0. -1. 0.
-0.991 -0.137 0. -108.944 -0.137 0.991 0. 74.342 -0. 0. -1. 0.
-0.994 -0.108 0. -110.641 -0.108 0.994 0. 74.154 -0. 0. -1. 0.
-0.998 -0.060 0. -112.353 -0.060 0.998 0. 74.050 -0. 0. -1. 0.
-1. -0.001 0. -114.102 -0.001 1. 0. 74.050 -0. 0. -1. 0.
-0.997 0.073 0. -115.877 0.073 0.997 0. 74.173 0. 0. -1. 0.
-0.987 0.160 0. -117.620 0.160 0.987 0. 74.451 0. 0. -1. 0.
-0.969 0.246 0. -119.396 0.246 0.969 0. 74.933 0. 0. -1. 0.
-0.944 0.330 0. -121.136 0.330 0.944 0. 75.530 0. 0. -1. 0.
-0.919 0.394 0. -122.846 0.394 0.919 0. 76.283 0. 0. -1. 0.
-0.900 0.435 0. -124.553 0.435 0.900 0. 77.137 0. 0. -1. 0.
-0.889 0.458 0. -126.253 0.458 0.889 0. 78.039 0. 0. -1. 0.
-0.882 0.471 0. -127.971 0.471 0.882 0. 78.992 0. 0. -1. 0.
-0.878 0.479 0. -129.688 0.479 0.878 0. 79.961 0. 0. -1. 0.
-0.874 0.486 0. -131.396 0.486 0.874 0. 80.939 0. 0. -1. 0.
-0.872 0.489 0. -133.087 0.489 0.872 0. 81.926 0. 0. -1. 0.
-0.872 0.489 0. -134.767 0.489 0.872 0. 82.911 0. 0. -1. 0.
-0.873 0.488 0. -136.433 0.488 0.873 0. 83.893 0. 0. -1. 0.
-0.873 0.488 0. -138.095 0.488 0.873 0. 84.872 0. 0. -1. 0.
-0.871 0.492 0. -139.770 0.492 0.871 0. 85.849 0. 0. -1. 0.
-0.868 0.496 0. -141.447 0.496 0.868 0. 86.852 0. 0. -1. 0.
-0.865 0.502 0. -143.088 0.502 0.865 0. 87.847 0. 0. -1. 0.
-0.862 0.508 0. -144.739 0.508 0.862 0. 88.868 0. 0. -1. 0.
-0.859 0.513 0. -146.379 0.513 0.859 0. 89.889 0. 0. -1. 0.
-0.857 0.515 0. -148.006 0.515 0.857 0. 90.909 0. 0. -1. 0.
-0.855 0.518 0. -149.624 0.518 0.855 0. 91.931 0. 0. -1. 0.
-0.854 0.521 0. -151.207 0.521 0.854 0. 92.951 0. 0. -1. 0.
-0.852 0.523 0. -152.780 0.523 0.852 0. 93.966 0. 0. -1. 0.
-0.851 0.526 0. -154.372 0.526 0.851 0. 94.993 0. 0. -1. 0.
-0.850 0.527 0. -155.973 0.527 0.850 0. 96.046 0. 0. -1. 0.
-0.850 0.527 0. -157.622 0.527 0.850 0. 97.132 0. 0. -1. 0.
-0.850 0.527 0. -159.301 0.527 0.850 0. 98.239 0. 0. -1. 0.
-0.850 0.526 0. -161.013 0.526 0.850 0. 99.364 0. 0. -1. 0.
-0.851 0.525 0. -162.771 0.525 0.851 0. 100.504 0. 0. -1. 0.
-0.852 0.523 0. -164.587 0.523 0.852 0. 101.678 0. 0. -1. 0.
-0.854 0.521 0. -166.425 0.521 0.854 0. 102.859 0. 0. -1. 0.
-0.854 0.520 0. -168.304 0.520 0.854 0. 104.068 0. 0. -1. 0.
-0.855 0.519 0. -170.216 0.519 0.855 0. 105.308 0. 0. -1. 0.
-0.855 0.518 0. -172.153 0.518 0.855 0. 106.551 0. 0. -1. 0.
-0.857 0.516 0. -174.160 0.516 0.857 0. 107.796 0. 0. -1. 0.
-0.855 0.519 0. -176.184 0.519 0.855 0. 109.041 0. 0. -1. 0.
-0.851 0.525 0. -178.206 0.525 0.851 0. 110.337 0. 0. -1. 0.
-0.845 0.535 0. -180.186 0.535 0.845 0. 111.642 0. 0. -1. 0.
-0.835 0.551 0. -182.141 0.551 0.835 0. 112.968 0. 0. -1. 0.
-0.821 0.571 0. -184.058 0.571 0.821 0. 114.339 0. 0. -1. 0.
-0.806 0.593 0. -185.921 0.593 0.806 0. 115.758 0. 0. -1. 0.
-0.787 0.616 0. -187.732 0.616 0.787 0. 117.223 0. 0. -1. 0.
-0.764 0.645 0. -189.513 0.645 0.764 0. 118.741 0. 0. -1. 0.
-0.738 0.675 0. -191.214 0.675 0.738 0. 120.327 0. 0. -1. 0.
-0.709 0.705 0. -192.848 0.705 0.709 0. 121.983 0. 0. -1. 0.
-0.677 0.736 0. -194.431 0.736 0.677 0. 123.707 0. 0. -1. 0.
-0.644 0.765 0. -195.937 0.765 0.644 0. 125.504 0. 0. -1. 0.
-0.611 0.792 0. -197.357 0.792 0.611 0. 127.362 0. 0. -1. 0.
-0.577 0.817 0. -198.704 0.817 0.577 0. 129.291 0. 0. -1. 0.
-0.545 0.838 0. -199.980 0.838 0.545 0. 131.305 0. 0. -1. 0.
-0.519 0.855 0. -201.183 0.855 0.519 0. 133.362 0. 0. -1. 0.
-0.496 0.868 0. -202.371 0.868 0.496 0. 135.483 0. 0. -1. 0.
-0.473 0.881 0. -203.505 0.881 0.473 0. 137.624 0. 0. -1. 0.
-0.447 0.895 0. -204.591 0.895 0.447 0. 139.816 0. 0. -1. 0.
-0.418 0.909 0. -205.606 0.909 0.418 0. 142.056 0. 0. -1. 0.
-0.392 0.920 0. -206.553 0.920 0.392 0. 144.341 0. 0. -1. 0.
-0.375 0.927 0. -207.452 0.927 0.375 0. 146.655 0. 0. -1. 0.
-0.363 0.932 0. -208.323 0.932 0.363 0. 148.997 0. 0. -1. 0.
-0.353 0.936 0. -209.165 0.936 0.353 0. 151.358 0. 0. -1. 0.
-0.351 0.936 0. -209.976 0.936 0.351 0. 153.704 0. 0. -1. 0.
-0.353 0.936 0. -210.794 0.936 0.353 0. 156.051 0. 0. -1. 0.
-0.364 0.932 0. -211.617 0.932 0.364 0. 158.367 0. 0. -1. 0.
-0.374 0.927 0. -212.468 0.927 0.374 0. 160.652 0. 0. -1. 0.
-0.384 0.923 0. -213.328 0.923 0.384 0. 162.908 0. 0. -1. 0.
-0.394 0.919 0. -214.200 0.919 0.394 0. 165.127 0. 0. -1. 0.
-0.404 0.915 0. -215.088 0.915 0.404 0. 167.321 0. 0. -1. 0.
-0.426 0.905 0. -216.010 0.905 0.426 0. 169.437 0. 0. -1. 0.
-0.462 0.887 0. -216.985 0.887 0.462 0. 171.476 0. 0. -1. 0.
-0.513 0.858 0. -218.019 0.858 0.513 0. 173.431 0. 0. -1. 0.
-0.581 0.814 0. -219.154 0.814 0.581 0. 175.253 0. 0. -1. 0.
-0.659 0.752 0. -220.485 0.752 0.659 0. 176.944 0. 0. -1. 0.
-0.734 0.679 0. -221.975 0.679 0.734 0. 178.440 0. 0. -1. 0.
-0.796 0.606 0. -223.566 0.606 0.796 0. 179.777 0. 0. -1. 0.
-0.850 0.527 0. -225.265 0.527 0.850 0. 180.956 0. 0. -1. 0.
-0.896 0.443 0. -227.073 0.443 0.896 0. 181.988 0. 0. -1. 0.
-0.931 0.364 0. -228.962 0.364 0.931 0. 182.826 0. 0. -1. 0.
-0.956 0.294 0. -230.949 0.294 0.956 0. 183.524 0. 0. -1. 0.
-0.974 0.225 0. -232.993 0.225 0.974 0. 184.110 0. 0. -1. 0.
-0.987 0.164 0. -235.128 0.164 0.987 0. 184.547 0. 0. -1. 0.
-0.992 0.127 0. -237.324 0.127 0.992 0. 184.903 0. 0. -1. 0.
-0.995 0.095 0. -239.560 0.095 0.995 0. 185.214 0. 0. -1. 0.
-0.998 0.069 0. -241.857 0.069 0.998 0. 185.430 0. 0. -1. 0.
-0.999 0.046 0. -244.188 0.046 0.999 0. 185.600 0. 0. -1. 0.
-1.000 0.026 0. -246.539 0.026 1.000 0. 185.727 0. 0. -1. 0.
-1. 0.011 0. -248.864 0.011 1. 0. 185.813 0. 0. -1. 0.
-1. -0.000 0. -251.214 -0.000 1. 0. 185.881 -0. 0. -1. 0.
-1. -0.009 0. -253.526 -0.009 1. 0. 185.913 -0. 0. -1. 0.
-1. -0.013 0. -255.763 -0.013 1. 0. 185.937 -0. 0. -1. 0.
-1. -0.013 0. -257.949 -0.013 1. 0. 185.950 -0. 0. -1. 0.
-1. -0.008 0. -260.018 -0.008 1. 0. 185.959 -0. 0. -1. 0.
-1. 0.005 0. -262.088 0.005 1. 0. 186.007 0. 0. -1. 0.
-1.000 0.015 0. -264.153 0.015 1.000 0. 186.080 0. 0. -1. 0.
-1.000 0.021 0. -266.191 0.021 1.000 0. 186.179 0. 0. -1. 0.
-1.000 0.019 0. -268.228 0.019 1.000 0. 186.247 0. 0. -1. 0.
-1.000 0.020 0. -270.256 0.020 1.000 0. 186.320 0. 0. -1. 0.
-1.000 0.019 0. -272.243 0.019 1.000 0. 186.397 0. 0. -1. 0.
-1.000 0.018 0. -274.204 0.018 1.000 0. 186.477 0. 0. -1. 0.
-1.000 0.021 0. -276.111 0.021 1.000 0. 186.548 0. 0. -1. 0.
-1.000 0.029 0. -277.995 0.029 1.000 0. 186.647 0. 0. -1. 0.
-0.999 0.040 0. -279.875 0.040 0.999 0. 186.775 0. 0. -1. 0.
-0.999 0.050 0. -281.719 0.050 0.999 0. 186.904 0. 0. -1. 0.
-0.998 0.066 0. -283.551 0.066 0.998 0. 187.056 0. 0. -1. 0.
-0.997 0.081 0. -285.356 0.081 0.997 0. 187.252 0. 0. -1. 0.
-0.995 0.097 0. -287.155 0.097 0.995 0. 187.454 0. 0. -1. 0.
-0.994 0.114 0. -288.927 0.114 0.994 0. 187.696 0. 0. -1. 0.
-0.992 0.130 0. -290.584 0.130 0.992 0. 187.942 0. 0. -1. 0.
-0.989 0.145 0. -292.164 0.145 0.989 0. 188.213 0. 0. -1. 0.
-0.987 0.160 0. -293.614 0.160 0.987 0. 188.478 0. 0. -1. 0.
-0.985 0.175 0. -294.923 0.175 0.985 0. 188.750 0. 0. -1. 0.
-0.982 0.187 0. -296.075 0.187 0.982 0. 189.009 0. 0. -1. 0.
-0.980 0.198 0. -297.084 0.198 0.980 0. 189.208 0. 0. -1. 0.
-0.979 0.202 0. -297.924 0.202 0.979 0. 189.430 0. 0. -1. 0.
-0.978 0.207 0. -298.631 0.207 0.978 0. 189.595 0. 0. -1. 0.
-0.977 0.213 0. -299.215 0.213 0.977 0. 189.719 0. 0. -1. 0.
-0.977 0.214 0. -299.689 0.214 0.977 0. 189.843 0. 0. -1. 0.
-0.975 0.220 0. -300.095 0.220 0.975 0. 189.966 0. 0. -1. 0.
-0.975 0.222 0. -300.439 0.222 0.975 0. 190.065 0. 0. -1. 0.
-0.974 0.226 0. -300.734 0.226 0.974 0. 190.156 0. 0. -1. 0.
-0.974 0.226 0. -300.952 0.226 0.974 0. 190.178 0. 0. -1. 0.
-0.973 0.230 0. -301.133 0.230 0.973 0. 190.233 0. 0. -1. 0.
-0.973 0.230 0. -301.291 0.230 0.973 0. 190.273 0. 0. -1. 0.
-0.973 0.230 0. -301.416 0.230 0.973 0. 190.309 0. 0. -1. 0.
-0.973 0.232 0. -301.512 0.232 0.973 0. 190.342 0. 0. -1. 0.
-0.973 0.232 0. -301.588 0.232 0.973 0. 190.361 0. 0. -1. 0.
-0.973 0.232 0. -301.638 0.232 0.973 0. 190.379 0. 0. -1. 0.
-0.972 0.233 0. -301.669 0.233 0.972 0. 190.386 0. 0. -1. 0.
-0.972 0.234 0. -301.681 0.234 0.972 0. 190.390 0. 0. -1. 0.
-0.972 0.233 0. -301.679 0.233 0.972 0. 190.389 0. 0. -1. 0.
-0.972 0.233 0. -301.679 0.233 0.972 0. 190.389 0. 0. -1. 0.
-0.972 0.233 0. -301.680 0.233 0.972 0. 190.389 0. 0. -1. 0.
-0.972 0.233 0. -301.682 0.233 0.972 0. 190.389 0. 0. -1. 0.
-0.972 0.234 0. -301.708 0.234 0.972 0. 190.397 0. 0. -1. 0.
-0.972 0.234 0. -301.764 0.234 0.972 0. 190.411 0. 0. -1. 0.
-0.972 0.235 0. -301.841 0.235 0.972 0. 190.429 0. 0. -1. 0.
-0.972 0.235 0. -301.912 0.235 0.972 0. 190.443 0. 0. -1. 0.
-0.972 0.235 0. -301.937 0.235 0.972 0. 190.446 0. 0. -1. 0.
-0.972 0.235 0. -301.940 0.235 0.972 0. 190.448 0. 0. -1. 0.
-0.972 0.235 0. -301.962 0.235 0.972 0. 190.451 0. 0. -1. 0.
-0.972 0.235 0. -301.993 0.235 0.972 0. 190.456 0. 0. -1. 0.
-0.972 0.235 0. -302.029 0.235 0.972 0. 190.463 0. 0. -1. 0.
-0.972 0.235 0. -302.070 0.235 0.972 0. 190.471 0. 0. -1. 0.
-0.972 0.235 0. -302.102 0.235 0.972 0. 190.479 0. 0. -1. 0.
-0.972 0.235 0. -302.104 0.235 0.972 0. 190.480 0. 0. -1. 0.
-0.972 0.235 0. -302.109 0.235 0.972 0. 190.481 0. 0. -1. 0.
-0.972 0.235 0. -302.146 0.235 0.972 0. 190.491 0. 0. -1. 0.
-0.972 0.235 0. -302.212 0.235 0.972 0. 190.510 0. 0. -1. 0.
-0.972 0.235 0. -302.306 0.235 0.972 0. 190.538 0. 0. -1. 0.
-0.972 0.236 0. -302.416 0.236 0.972 0. 190.561 0. 0. -1. 0.
-0.972 0.235 0. -302.505 0.235 0.972 0. 190.569 0. 0. -1. 0.
-0.972 0.235 0. -302.581 0.235 0.972 0. 190.591 0. 0. -1. 0.
-0.972 0.236 0. -302.690 0.236 0.972 0. 190.625 0. 0. -1. 0.
-0.972 0.236 0. -302.828 0.236 0.972 0. 190.670 0. 0. -1. 0.
-0.972 0.237 0. -302.994 0.237 0.972 0. 190.731 0. 0. -1. 0.
-0.971 0.238 0. -303.193 0.238 0.971 0. 190.778 0. 0. -1. 0.
-0.971 0.237 0. -303.427 0.237 0.971 0. 190.828 0. 0. -1. 0.
-0.971 0.241 0. -303.646 0.241 0.971 0. 190.909 0. 0. -1. 0.
-0.970 0.241 0. -303.884 0.241 0.970 0. 190.972 0. 0. -1. 0.
-0.970 0.242 0. -304.131 0.242 0.970 0. 191.053 0. 0. -1. 0.
-0.970 0.244 0. -304.358 0.244 0.970 0. 191.113 0. 0. -1. 0.
-0.969 0.246 0. -304.548 0.246 0.969 0. 191.146 0. 0. -1. 0.
-0.969 0.246 0. -304.667 0.246 0.969 0. 191.201 0. 0. -1. 0.
-0.969 0.247 0. -304.733 0.247 0.969 0. 191.214 0. 0. -1. 0.
-0.969 0.247 0. -304.789 0.247 0.969 0. 191.228 0. 0. -1. 0.
-0.969 0.248 0. -304.885 0.248 0.969 0. 191.261 0. 0. -1. 0.
-0.968 0.250 0. -305.011 0.250 0.968 0. 191.291 0. 0. -1. 0.
-0.968 0.250 0. -305.165 0.250 0.968 0. 191.331 0. 0. -1. 0.
-0.968 0.252 0. -305.380 0.252 0.968 0. 191.400 0. 0. -1. 0.
-0.966 0.257 0. -305.716 0.257 0.966 0. 191.524 0. 0. -1. 0.
-0.965 0.261 0. -306.209 0.261 0.965 0. 191.672 0. 0. -1. 0.
-0.964 0.267 0. -306.827 0.267 0.964 0. 191.857 0. 0. -1. 0.
-0.962 0.272 0. -307.589 0.272 0.962 0. 192.078 0. 0. -1. 0.
-0.961 0.278 0. -308.533 0.278 0.961 0. 192.379 0. 0. -1. 0.
-0.955 0.298 0. -309.611 0.298 0.955 0. 192.712 0. 0. -1. 0.
-0.941 0.339 0. -310.787 0.339 0.941 0. 193.100 0. 0. -1. 0.
-0.918 0.396 0. -311.993 0.396 0.918 0. 193.577 0. 0. -1. 0.
-0.885 0.466 0. -313.121 0.466 0.885 0. 194.198 0. 0. -1. 0.
-0.834 0.552 0. -314.241 0.552 0.834 0. 194.837 0. 0. -1. 0.
-0.771 0.637 0. -315.260 0.637 0.771 0. 195.669 0. 0. -1. 0.
-0.693 0.720 0. -316.029 0.720 0.693 0. 196.641 0. 0. -1. 0.
-0.601 0.799 0. -316.742 0.799 0.601 0. 197.552 0. 0. -1. 0.
-0.514 0.858 0. -317.320 0.858 0.514 0. 198.597 0. 0. -1. 0.
-0.414 0.910 0. -317.706 0.910 0.414 0. 199.687 0. 0. -1. 0.
-0.311 0.950 0. -318.073 0.950 0.311 0. 200.809 0. 0. -1. 0.
-0.217 0.976 0. -318.309 0.976 0.217 0. 202.022 0. 0. -1. 0.
-0.142 0.990 0. -318.455 0.990 0.142 0. 203.317 0. 0. -1. 0.
-0.097 0.995 0. -318.558 0.995 0.097 0. 204.737 0. 0. -1. 0.
-0.069 0.998 0. -318.646 0.998 0.069 0. 206.281 0. 0. -1. 0.
-0.057 0.998 0. -318.689 0.998 0.057 0. 207.954 0. 0. -1. 0.
-0.055 0.999 0. -318.752 0.999 0.055 0. 209.789 0. 0. -1. 0.
-0.054 0.999 0. -318.813 0.999 0.054 0. 211.773 0. 0. -1. 0.
-0.056 0.998 0. -318.876 0.998 0.056 0. 213.913 0. 0. -1. 0.
-0.060 0.998 0. -318.965 0.998 0.060 0. 216.192 0. 0. -1. 0.
-0.062 0.998 0. -319.065 0.998 0.062 0. 218.615 0. 0. -1. 0.
-0.064 0.998 0. -319.171 0.998 0.064 0. 221.181 0. 0. -1. 0.
-0.064 0.998 0. -319.294 0.998 0.064 0. 223.891 0. 0. -1. 0.
-0.059 0.998 0. -319.412 0.998 0.059 0. 226.734 0. 0. -1. 0.
-0.053 0.999 0. -319.507 0.999 0.053 0. 229.723 0. 0. -1. 0.
-0.047 0.999 0. -319.595 0.999 0.047 0. 232.823 0. 0. -1. 0.
-0.041 0.999 0. -319.665 0.999 0.041 0. 235.900 0. 0. -1. 0.
-0.035 0.999 0. -319.703 0.999 0.035 0. 238.970 0. 0. -1. 0.
-0.029 1.000 0. -319.731 1.000 0.029 0. 242.036 0. 0. -1. 0.
-0.023 1.000 0. -319.740 1.000 0.023 0. 245.098 0. 0. -1. 0.
-0.017 1.000 0. -319.728 1.000 0.017 0. 248.128 0. 0. -1. 0.
-0.013 1. 0. -319.703 1. 0.013 0. 251.142 0. 0. -1. 0.
-0.013 1. 0. -319.664 1. 0.013 0. 254.144 0. 0. -1. 0.
-0.012 1. 0. -319.640 1. 0.012 0. 257.160 0. 0. -1. 0.
-0.009 1. 0. -319.604 1. 0.009 0. 260.181 0. 0. -1. 0.
-0.004 1. 0. -319.550 1. 0.004 0. 263.230 0. 0. -1. 0.
0.000 1. 0. -319.486 1. -0.000 0. 266.307 0. 0. -1. 0.
0.004 1. 0. -319.404 1. -0.004 0. 269.438 0. 0. -1. 0.
0.007 1. 0. -319.309 1. -0.007 0. 272.620 0. 0. -1. 0.
0.006 1. 0. -319.206 1. -0.006 0. 275.823 0. 0. -1. 0.
0.002 1. 0. -319.121 1. -0.002 0. 279.022 0. 0. -1. 0.
0.001 1. 0. -319.053 1. -0.001 0. 282.201 0. 0. -1. 0.
0.002 1. 0. -318.979 1. -0.002 0. 285.362 0. 0. -1. 0.
0.000 1. 0. -318.903 1. -0.000 0. 288.534 0. 0. -1. 0.
-0.000 1. 0. -318.838 1. 0.000 0. 291.675 0. 0. -1. 0.
-0.000 1. 0. -318.766 1. 0.000 0. 294.836 0. 0. -1. 0.
-0.000 1. 0. -318.693 1. 0.000 0. 298.010 0. 0. -1. 0.
0.001 1. 0. -318.618 1. -0.001 0. 301.214 0. 0. -1. 0.
0.001 1. 0. -318.541 1. -0.001 0. 304.443 0. 0. -1. 0.
0.002 1. 0. -318.469 1. -0.002 0. 307.712 0. 0. -1. 0.
0.002 1. 0. -318.385 1. -0.002 0. 311.017 0. 0. -1. 0.
0.004 1. 0. -318.296 1. -0.004 0. 314.365 0. 0. -1. 0.
0.006 1. 0. -318.206 1. -0.006 0. 317.749 0. 0. -1. 0.
0.006 1. 0. -318.103 1. -0.006 0. 321.176 0. 0. -1. 0.
0.007 1. 0. -317.992 1. -0.007 0. 324.624 0. 0. -1. 0.
0.008 1. 0. -317.891 1. -0.008 0. 328.049 0. 0. -1. 0.
0.008 1. 0. -317.779 1. -0.008 0. 331.459 0. 0. -1. 0.
0.007 1. 0. -317.675 1. -0.007 0. 334.856 0. 0. -1. 0.
0.004 1. 0. -317.574 1. -0.004 0. 338.258 0. 0. -1. 0.
0.001 1. 0. -317.492 1. -0.001 0. 341.648 0. 0. -1. 0.
-0.001 1. 0. -317.419 1. 0.001 0. 345.025 0. 0. -1. 0.
-0.002 1. 0. -317.346 1. 0.002 0. 348.416 0. 0. -1. 0.
-0.003 1. 0. -317.276 1. 0.003 0. 351.793 0. 0. -1. 0.
-0.002 1. 0. -317.214 1. 0.002 0. 355.175 0. 0. -1. 0.
-0.002 1. 0. -317.148 1. 0.002 0. 358.561 0. 0. -1. 0.
-0.001 1. 0. -317.075 1. 0.001 0. 361.943 0. 0. -1. 0.
-0.001 1. 0. -317.001 1. 0.001 0. 365.310 0. 0. -1. 0.
-0.002 1. 0. -316.930 1. 0.002 0. 368.615 0. 0. -1. 0.
-0.003 1. 0. -316.865 1. 0.003 0. 371.833 0. 0. -1. 0.
-0.002 1. 0. -316.803 1. 0.002 0. 374.978 0. 0. -1. 0.
0.001 1. 0. -316.735 1. -0.001 0. 378.094 0. 0. -1. 0.
0.004 1. 0. -316.643 1. -0.004 0. 381.195 0. 0. -1. 0.
0.005 1. 0. -316.561 1. -0.005 0. 384.228 0. 0. -1. 0.
0.003 1. 0. -316.484 1. -0.003 0. 387.240 0. 0. -1. 0.
