1637089823344728 1.00000 0.00000 0.00000 -0.00000 0.00000 -1.00000 0.00000 0.00000 0.00000 -0.00000 -1.00000 0.00000
1637089823593769 1.00000 0.00004 0.00000 0.00763 0.00004 -1.00000 0.00000 0.00550 0.00000 -0.00000 -1.00000 0.00000
1637089823842494 1.00000 0.00002 0.00000 0.00649 0.00002 -1.00000 0.00000 0.00146 0.00000 -0.00000 -1.00000 0.00000
1637089824091412 1.00000 0.00014 0.00000 0.00339 0.00014 -1.00000 0.00000 -0.00161 0.00000 -0.00000 -1.00000 -0.00000
1637089824340186 1.00000 0.00014 0.00000 0.00615 0.00014 -1.00000 0.00000 -0.00230 0.00000 -0.00000 -1.00000 -0.00000
1637089824588861 1.00000 0.00016 0.00000 0.00418 0.00016 -1.00000 0.00000 0.00098 0.00000 -0.00000 -1.00000 0.00000
1637089824837635 1.00000 -0.00013 0.00000 0.00319 -0.00013 -1.00000 0.00000 -0.00090 -0.00000 -0.00000 -1.00000 -0.00000
1637089825086790 1.00000 -0.00005 0.00000 0.00354 -0.00005 -1.00000 0.00000 0.01182 -0.00000 -0.00000 -1.00000 0.00000
1637089825335150 1.00000 -0.00059 -0.00000 -0.02682 -0.00059 -1.00000 0.00000 0.01152 -0.00000 -0.00000 -1.00000 0.00000
1637089825584166 1.00000 -0.00108 0.00000 -0.06497 -0.00108 -1.00000 0.00000 -0.00006 -0.00000 -0.00000 -1.00000 -0.00000
1637089825833131 1.00000 -0.00216 0.00000 -0.11402 -0.00216 -1.00000 0.00000 -0.00556 -0.00000 -0.00000 -1.00000 -0.00000
1637089826081893 0.99999 -0.00521 0.00000 -0.18764 -0.00521 -0.99999 0.00000 0.00787 -0.00000 -0.00000 -1.00000 0.00000
1637089826330899 0.99990 -0.01424 0.00000 -0.32747 -0.01424 -0.99990 0.00000 -0.00749 -0.00000 -0.00000 -1.00000 -0.00000
1637089826579606 0.99959 -0.02864 0.00000 -0.49324 -0.02864 -0.99959 0.00000 -0.05916 -0.00000 -0.00000 -1.00000 -0.00000
1637089826828665 0.99892 -0.04644 0.00000 -0.74450 -0.04644 -0.99892 0.00000 -0.03877 -0.00000 -0.00000 -1.00000 -0.00000
1637089827077330 0.99762 -0.06892 0.00000 -1.03206 -0.06892 -0.99762 0.00000 -0.06740 -0.00000 -0.00000 -1.00000 -0.00000
1637089827326375 0.99569 -0.09276 0.00000 -1.45100 -0.09276 -0.99569 0.00000 -0.02962 -0.00000 -0.00000 -1.00000 -0.00000
1637089827575364 0.99309 -0.11737 -0.00000 -1.85741 -0.11737 -0.99309 0.00000 -0.00000 -0.00000 -0.00000 -1.00000 -0.00000
1637089827823739 0.99061 -0.13673 0.00000 -2.31322 -0.13673 -0.99061 0.00000 -0.07124 -0.00000 -0.00000 -1.00000 -0.00000
1637089828072686 0.98939 -0.14530 0.00000 -2.86571 -0.14530 -0.98939 0.00000 0.00536 -0.00000 -0.00000 -1.00000 0.00000
1637089828321403 0.98834 -0.15224 -0.00000 -3.54455 -0.15224 -0.98834 0.00000 0.03054 -0.00000 -0.00000 -1.00000 0.00000
1637089828570056 0.98769 -0.15640 0.00000 -4.14602 -0.15640 -0.98769 0.00000 0.00153 -0.00000 -0.00000 -1.00000 0.00000
1637089828819013 0.98812 -0.15368 0.00000 -4.86150 -0.15368 -0.98812 0.00000 -0.08189 -0.00000 -0.00000 -1.00000 -0.00000
1637089829067837 0.98916 -0.14683 0.00000 -5.64368 -0.14683 -0.98916 0.00000 -0.02986 -0.00000 -0.00000 -1.00000 -0.00000
1637089829316735 0.98953 -0.14431 0.00000 -6.32233 -0.14431 -0.98953 0.00000 -0.11546 -0.00000 -0.00000 -1.00000 -0.00000
1637089829565432 0.99042 -0.13812 0.00000 -7.18596 -0.13812 -0.99042 0.00000 -0.20177 -0.00000 -0.00000 -1.00000 -0.00000
1637089829814080 0.99154 -0.12980 0.00000 -8.03359 -0.12980 -0.99154 0.00000 -0.19689 -0.00000 -0.00000 -1.00000 -0.00000
1637089830062937 0.99216 -0.12495 -0.00000 -8.96497 -0.12495 -0.99216 0.00000 -0.28008 -0.00000 -0.00000 -1.00000 -0.00000
1637089830311753 0.99275 -0.12022 0.00000 -9.90723 -0.12022 -0.99275 0.00000 -0.39059 -0.00000 -0.00000 -1.00000 -0.00000
1637089830560779 0.99358 -0.11315 0.00000 -10.85462 -0.11315 -0.99358 0.00000 -0.40829 -0.00000 -0.00000 -1.00000 -0.00000
1637089830809747 0.99455 -0.10427 0.00000 -11.89688 -0.10427 -0.99455 0.00000 -0.49371 -0.00000 -0.00000 -1.00000 -0.00000
1637089831058109 0.99451 -0.10468 0.00000 -12.96935 -0.10468 -0.99451 0.00000 -0.51817 -0.00000 -0.00000 -1.00000 -0.00000
1637089831307236 0.99429 -0.10675 0.00000 -14.07297 -0.10675 -0.99429 0.00000 -0.54220 -0.00000 -0.00000 -1.00000 -0.00000
1637089831556241 0.99428 -0.10680 0.00000 -15.14819 -0.10680 -0.99428 0.00000 -0.59617 -0.00000 -0.00000 -1.00000 -0.00000
1637089831804987 0.99427 -0.10694 -0.00000 -16.40797 -0.10694 -0.99427 0.00000 -0.60839 -0.00000 -0.00000 -1.00000 -0.00000
1637089832053911 0.99437 -0.10598 0.00000 -17.71648 -0.10598 -0.99437 0.00000 -0.60432 -0.00000 -0.00000 -1.00000 -0.00000
1637089832302917 0.99461 -0.10368 0.00000 -19.09726 -0.10368 -0.99461 0.00000 -0.74559 -0.00000 -0.00000 -1.00000 -0.00000
1637089832551518 0.99515 -0.09834 0.00000 -20.54682 -0.09834 -0.99515 0.00000 -0.86185 -0.00000 -0.00000 -1.00000 -0.00000
1637089832800426 0.99536 -0.09624 0.00000 -22.02826 -0.09624 -0.99536 0.00000 -0.95005 -0.00000 -0.00000 -1.00000 -0.00000
1637089833049354 0.99561 -0.09362 0.00000 -23.70095 -0.09362 -0.99561 0.00000 -1.05422 -0.00000 -0.00000 -1.00000 -0.00000
1637089833297979 0.99615 -0.08769 0.00000 -25.32300 -0.08769 -0.99615 0.00000 -1.27780 -0.00000 -0.00000 -1.00000 -0.00000
1637089833546914 0.99666 -0.08165 0.00000 -26.97900 -0.08165 -0.99666 0.00000 -1.46578 -0.00000 -0.00000 -1.00000 -0.00000
1637089833795608 0.99684 -0.07940 0.00000 -28.78285 -0.07940 -0.99684 0.00000 -1.56354 -0.00000 -0.00000 -1.00000 -0.00000
1637089834044682 0.99719 -0.07491 0.00000 -30.47275 -0.07491 -0.99719 0.00000 -1.76603 -0.00000 -0.00000 -1.00000 -0.00000
1637089834293243 0.99770 -0.06778 0.00000 -32.29233 -0.06778 -0.99770 0.00000 -2.05102 -0.00000 -0.00000 -1.00000 -0.00000
1637089834542835 0.99858 -0.05326 0.00000 -34.11322 -0.05326 -0.99858 0.00000 -2.55603 -0.00000 -0.00000 -1.00000 -0.00000
1637089834791735 0.99929 -0.03766 0.00000 -35.82899 -0.03766 -0.99929 0.00000 -3.03786 -0.00000 -0.00000 -1.00000 -0.00000
1637089835040390 0.99965 -0.02644 -0.00000 -37.69068 -0.02644 -0.99965 0.00000 -3.48354 -0.00000 -0.00000 -1.00000 -0.00000
1637089835289758 0.99986 -0.01689 0.00000 -39.59008 -0.01689 -0.99986 0.00000 -3.97922 -0.00000 -0.00000 -1.00000 -0.00000
1637089835538640 1.00000 -0.00303 0.00000 -41.45968 -0.00303 -1.00000 0.00000 -4.47308 -0.00000 -0.00000 -1.00000 -0.00000
1637089835787429 0.99999 0.00497 0.00000 -43.47527 0.00497 -0.99999 0.00000 -4.87964 0.00000 -0.00000 -1.00000 -0.00000
1637089836036740 0.99992 0.01288 0.00000 -45.40826 0.01288 -0.99992 0.00000 -5.30601 0.00000 -0.00000 -1.00000 -0.00000
1637089836285418 0.99982 0.01885 -0.00000 -47.48830 0.01885 -0.99982 0.00000 -5.63934 0.00000 -0.00000 -1.00000 -0.00000
1637089836534487 0.99977 0.02148 0.00000 -49.58338 0.02148 -0.99977 0.00000 -5.86886 0.00000 -0.00000 -1.00000 -0.00000
1637089836782983 0.99970 0.02440 -0.00000 -51.68958 0.02440 -0.99970 0.00000 -6.03885 0.00000 -0.00000 -1.00000 -0.00000
1637089837031985 0.99976 0.02186 0.00000 -53.89759 0.02186 -0.99976 0.00000 -5.97640 0.00000 -0.00000 -1.00000 -0.00000
1637089837280803 0.99970 0.02450 0.00000 -56.07155 0.02450 -0.99970 0.00000 -6.21359 0.00000 -0.00000 -1.00000 -0.00000
1637089837529557 0.99962 0.02758 0.00000 -58.30749 0.02758 -0.99962 0.00000 -6.46989 0.00000 -0.00000 -1.00000 -0.00000
1637089837778599 0.99957 0.02936 0.00000 -60.49443 0.02936 -0.99957 0.00000 -6.65370 0.00000 -0.00000 -1.00000 -0.00000
1637089838027317 0.99956 0.02974 0.00000 -62.72531 0.02974 -0.99956 0.00000 -6.68014 0.00000 -0.00000 -1.00000 -0.00000
1637089838276220 0.99956 0.02950 0.00000 -64.93322 0.02950 -0.99956 0.00000 -6.69485 0.00000 -0.00000 -1.00000 -0.00000
1637089838525036 0.99956 0.02974 0.00000 -67.12134 0.02974 -0.99956 0.00000 -6.74670 0.00000 -0.00000 -1.00000 -0.00000
1637089838773930 0.99968 0.02535 0.00000 -69.37708 0.02535 -0.99968 0.00000 -6.51493 0.00000 -0.00000 -1.00000 -0.00000
1637089839022571 0.99962 0.02765 -0.00000 -71.54565 0.02765 -0.99962 0.00000 -6.70048 0.00000 -0.00000 -1.00000 -0.00000
1637089839271390 0.99976 0.02207 0.00000 -73.79536 0.02207 -0.99976 0.00000 -6.34890 0.00000 -0.00000 -1.00000 -0.00000
1637089839520055 0.99991 0.01371 0.00000 -75.93417 0.01371 -0.99991 0.00000 -5.78119 0.00000 -0.00000 -1.00000 -0.00000
1637089839768877 0.99999 -0.00456 0.00000 -78.17012 -0.00456 -0.99999 0.00000 -4.35666 -0.00000 -0.00000 -1.00000 -0.00000
1637089840018332 0.99962 -0.02755 0.00000 -80.43324 -0.02755 -0.99962 0.00000 -2.60967 -0.00000 -0.00000 -1.00000 -0.00000
1637089840266943 0.99805 -0.06249 -0.00000 -82.57281 -0.06249 -0.99805 0.00000 0.17076 -0.00000 -0.00000 -1.00000 0.00000
1637089840516220 0.99458 -0.10396 -0.00000 -84.62642 -0.10396 -0.99458 0.00000 3.62984 -0.00000 -0.00000 -1.00000 0.00000
1637089840765214 0.98913 -0.14702 0.00000 -86.46061 -0.14702 -0.98913 0.00000 7.25450 -0.00000 -0.00000 -1.00000 0.00000
1637089841014375 0.98051 -0.19648 0.00000 -88.12480 -0.19648 -0.98051 0.00000 11.60757 -0.00000 -0.00000 -1.00000 0.00000
1637089841263075 0.96844 -0.24923 0.00000 -89.40886 -0.24923 -0.96844 0.00000 16.35982 -0.00000 -0.00000 -1.00000 0.00000
1637089841511835 0.95410 -0.29950 0.00000 -90.43961 -0.29950 -0.95410 0.00000 20.96096 -0.00000 -0.00000 -1.00000 0.00000
1637089841760526 0.93705 -0.34921 0.00000 -91.34807 -0.34921 -0.93705 0.00000 25.68604 -0.00000 -0.00000 -1.00000 0.00000
1637089842009136 0.91748 -0.39778 0.00000 -91.91169 -0.39778 -0.91748 0.00000 30.44198 -0.00000 -0.00000 -1.00000 0.00000
1637089842258421 0.89384 -0.44838 0.00000 -92.15637 -0.44838 -0.89384 0.00000 35.54370 -0.00000 -0.00000 -1.00000 0.00000
1637089842506772 0.86559 -0.50075 0.00000 -91.87536 -0.50075 -0.86559 0.00000 40.88895 -0.00000 -0.00000 -1.00000 0.00000
1637089842756242 0.83262 -0.55385 0.00000 -91.25611 -0.55385 -0.83262 0.00000 46.63690 -0.00000 -0.00000 -1.00000 0.00000
1637089843004967 0.79503 -0.60657 0.00000 -90.02614 -0.60657 -0.79503 0.00000 52.39571 -0.00000 -0.00000 -1.00000 0.00000
1637089843254137 0.75223 -0.65890 0.00000 -88.20597 -0.65890 -0.75223 0.00000 58.39110 -0.00000 -0.00000 -1.00000 0.00000
1637089843502639 0.70218 -0.71200 0.00000 -85.70543 -0.71200 -0.70218 0.00000 64.72534 -0.00000 -0.00000 -1.00000 0.00000
1637089843751671 0.64578 -0.76353 0.00000 -82.46146 -0.76353 -0.64578 0.00000 70.99379 -0.00000 -0.00000 -1.00000 0.00000
1637089844000818 0.58691 -0.80965 0.00000 -78.80879 -0.80965 -0.58691 0.00000 76.92957 -0.00000 -0.00000 -1.00000 0.00000
1637089844249686 0.52669 -0.85005 0.00000 -74.96966 -0.85005 -0.52669 0.00000 82.40129 -0.00000 -0.00000 -1.00000 0.00000
1637089844498615 0.47000 -0.88266 0.00000 -71.37665 -0.88266 -0.47000 0.00000 87.06391 -0.00000 -0.00000 -1.00000 0.00000
1637089844747615 0.42023 -0.90742 0.00000 -68.29064 -0.90742 -0.42023 0.00000 90.93701 -0.00000 -0.00000 -1.00000 0.00000
1637089844996259 0.37948 -0.92520 0.00000 -66.12225 -0.92520 -0.37948 0.00000 93.79398 -0.00000 -0.00000 -1.00000 0.00000
1637089845245065 0.35697 -0.93412 -0.00000 -65.78361 -0.93412 -0.35697 0.00000 95.23468 -0.00000 -0.00000 -1.00000 0.00000
1637089845493649 0.35308 -0.93559 -0.00000 -67.37083 -0.93559 -0.35308 0.00000 95.58621 -0.00000 -0.00000 -1.00000 0.00000
1637089845742387 0.35476 -0.93496 0.00000 -69.48005 -0.93496 -0.35476 0.00000 95.36812 -0.00000 -0.00000 -1.00000 0.00000
1637089845991163 0.36301 -0.93179 0.00000 -72.27775 -0.93179 -0.36301 0.00000 94.79132 -0.00000 -0.00000 -1.00000 0.00000
1637089846240032 0.37305 -0.92781 -0.00000 -75.28444 -0.92781 -0.37305 0.00000 93.92763 -0.00000 -0.00000 -1.00000 0.00000
1637089846488599 0.38462 -0.92308 0.00000 -78.42804 -0.92308 -0.38462 0.00000 92.93211 -0.00000 -0.00000 -1.00000 0.00000
1637089846737571 0.39975 -0.91663 0.00000 -81.97691 -0.91663 -0.39975 0.00000 91.50237 -0.00000 -0.00000 -1.00000 0.00000
1637089846986468 0.42130 -0.90692 0.00000 -86.18359 -0.90692 -0.42130 0.00000 89.54031 -0.00000 -0.00000 -1.00000 0.00000
1637089847235349 0.44394 -0.89606 -0.00000 -90.48250 -0.89606 -0.44394 0.00000 87.22394 -0.00000 -0.00000 -1.00000 0.00000
1637089847484076 0.46748 -0.88400 0.00000 -94.82006 -0.88400 -0.46748 0.00000 84.75291 -0.00000 -0.00000 -1.00000 0.00000
1637089847733107 0.49286 -0.87011 0.00000 -99.34947 -0.87011 -0.49286 0.00000 81.95654 -0.00000 -0.00000 -1.00000 0.00000
1637089847981857 0.51791 -0.85543 -0.00000 -103.71085 -0.85543 -0.51791 0.00000 78.91450 -0.00000 -0.00000 -1.00000 0.00000
1637089848230525 0.54550 -0.83811 -0.00000 -108.25804 -0.83811 -0.54550 0.00000 75.41213 -0.00000 -0.00000 -1.00000 0.00000
1637089848479716 0.57304 -0.81952 0.00000 -112.84852 -0.81952 -0.57304 0.00000 71.78347 -0.00000 -0.00000 -1.00000 0.00000
1637089848728902 0.60086 -0.79935 0.00000 -117.25834 -0.79935 -0.60086 0.00000 67.76623 -0.00000 -0.00000 -1.00000 0.00000
1637089848977458 0.62596 -0.77986 0.00000 -121.42237 -0.77986 -0.62596 0.00000 63.92162 -0.00000 -0.00000 -1.00000 0.00000
1637089849225996 0.64949 -0.76037 0.00000 -125.33666 -0.76037 -0.64949 0.00000 60.14372 -0.00000 -0.00000 -1.00000 0.00000
1637089849475197 0.67084 -0.74160 0.00000 -128.93008 -0.74160 -0.67084 0.00000 56.44849 -0.00000 -0.00000 -1.00000 0.00000
1637089849723428 0.68615 -0.72746 -0.00000 -132.21943 -0.72746 -0.68615 0.00000 53.74478 -0.00000 -0.00000 -1.00000 0.00000
1637089849972739 0.70267 -0.71151 0.00000 -135.30614 -0.71151 -0.70267 0.00000 50.66653 -0.00000 -0.00000 -1.00000 0.00000
1637089850221316 0.71374 -0.70041 0.00000 -138.05853 -0.70041 -0.71374 0.00000 48.48510 -0.00000 -0.00000 -1.00000 0.00000
1637089850470375 0.72613 -0.68756 0.00000 -140.85794 -0.68756 -0.72613 0.00000 45.95694 -0.00000 -0.00000 -1.00000 0.00000
1637089850719330 0.73771 -0.67511 0.00000 -143.47860 -0.67511 -0.73771 0.00000 43.51479 -0.00000 -0.00000 -1.00000 0.00000
1637089850967900 0.74378 -0.66843 0.00000 -145.89898 -0.66843 -0.74378 0.00000 42.15758 -0.00000 -0.00000 -1.00000 0.00000
1637089851216979 0.74263 -0.66970 0.00000 -147.74750 -0.66970 -0.74263 0.00000 42.35456 -0.00000 -0.00000 -1.00000 0.00000
1637089851465681 0.73900 -0.67371 0.00000 -149.31918 -0.67371 -0.73900 0.00000 43.13210 -0.00000 -0.00000 -1.00000 0.00000
1637089851714798 0.73643 -0.67651 0.00000 -150.96526 -0.67651 -0.73643 0.00000 43.64765 -0.00000 -0.00000 -1.00000 0.00000
1637089851963668 0.73320 -0.68002 0.00000 -152.46852 -0.68002 -0.73320 0.00000 44.34517 -0.00000 -0.00000 -1.00000 0.00000
1637089852212457 0.73461 -0.67849 -0.00000 -154.19149 -0.67849 -0.73461 0.00000 44.01402 -0.00000 -0.00000 -1.00000 0.00000
1637089852461190 0.74775 -0.66398 0.00000 -156.54145 -0.66398 -0.74775 0.00000 40.96998 -0.00000 -0.00000 -1.00000 0.00000
1637089852709954 0.77635 -0.63030 0.00000 -159.68346 -0.63030 -0.77635 0.00000 33.97080 -0.00000 -0.00000 -1.00000 0.00000
1637089852958969 0.82101 -0.57092 -0.00000 -163.17520 -0.57092 -0.82101 0.00000 21.92474 -0.00000 -0.00000 -1.00000 0.00000
1637089853207849 0.87173 -0.49000 0.00000 -165.80516 -0.49000 -0.87173 0.00000 6.18676 -0.00000 -0.00000 -1.00000 0.00000
1637089853456226 0.92119 -0.38911 0.00000 -166.52919 -0.38911 -0.92119 0.00000 -12.47656 -0.00000 -0.00000 -1.00000 -0.00000
1637089853705106 0.96456 -0.26385 0.00000 -164.57939 -0.26385 -0.96456 0.00000 -34.34718 -0.00000 -0.00000 -1.00000 -0.00000
1637089853954075 0.99244 -0.12277 0.00000 -159.01357 -0.12277 -0.99244 0.00000 -57.59232 -0.00000 -0.00000 -1.00000 -0.00000
1637089854202899 0.99954 0.03036 0.00000 -149.43506 0.03036 -0.99954 0.00000 -81.19325 0.00000 -0.00000 -1.00000 -0.00000
1637089854451627 0.98275 0.18495 -0.00000 -135.97105 0.18495 -0.98275 0.00000 -103.38094 0.00000 -0.00000 -1.00000 -0.00000
1637089854700412 0.93876 0.34457 0.00000 -118.13450 0.34457 -0.93876 0.00000 -124.38336 0.00000 -0.00000 -1.00000 -0.00000
1637089854949105 0.86945 0.49402 -0.00000 -97.07759 0.49402 -0.86945 0.00000 -142.11210 0.00000 -0.00000 -1.00000 -0.00000
1637089855198110 0.77062 0.63729 0.00000 -72.03869 0.63729 -0.77062 0.00000 -156.82951 0.00000 -0.00000 -1.00000 -0.00000
1637089855446806 0.64461 0.76452 0.00000 -43.85874 0.76452 -0.64461 0.00000 -167.20820 0.00000 -0.00000 -1.00000 -0.00000
1637089855695477 0.48605 0.87393 0.00000 -12.08521 0.87393 -0.48605 0.00000 -172.51789 0.00000 -0.00000 -1.00000 -0.00000
1637089855944308 0.30687 0.95175 0.00000 20.54998 0.95175 -0.30687 0.00000 -171.62740 0.00000 -0.00000 -1.00000 -0.00000
1637089856193106 0.10401 0.99458 0.00000 54.34581 0.99458 -0.10401 0.00000 -163.72217 0.00000 -0.00000 -1.00000 -0.00000
1637089856441790 -0.10083 0.99490 -0.00000 85.35829 0.99490 0.10083 0.00000 -149.16397 0.00000 0.00000 -1.00000 -0.00000
1637089856690897 -0.29899 0.95426 -0.00000 112.38406 0.95426 0.29899 0.00000 -128.97811 0.00000 0.00000 -1.00000 -0.00000
1637089856939976 -0.48261 0.87583 0.00000 134.40122 0.87583 0.48261 0.00000 -104.10406 0.00000 0.00000 -1.00000 -0.00000
1637089857188790 -0.63178 0.77515 0.00000 149.52235 0.77515 0.63178 0.00000 -78.26245 0.00000 0.00000 -1.00000 -0.00000
1637089857437560 -0.74993 0.66152 0.00000 158.89008 0.66152 0.74993 0.00000 -52.81523 0.00000 0.00000 -1.00000 -0.00000
1637089857686690 -0.83286 0.55348 0.00000 163.14366 0.55348 0.83286 0.00000 -30.76858 0.00000 0.00000 -1.00000 -0.00000
1637089857935487 -0.88779 0.46025 0.00000 163.96247 0.46025 0.88779 0.00000 -12.99782 0.00000 0.00000 -1.00000 -0.00000
1637089858184546 -0.92523 0.37940 0.00000 162.90114 0.37940 0.92523 0.00000 1.57976 0.00000 0.00000 -1.00000 0.00000
1637089858433810 -0.94499 0.32711 0.00000 161.00136 0.32711 0.94499 0.00000 10.70204 0.00000 0.00000 -1.00000 0.00000
1637089858682571 -0.95432 0.29877 0.00000 158.91076 0.29877 0.95432 0.00000 15.50780 0.00000 0.00000 -1.00000 0.00000
1637089858931608 -0.95924 0.28259 -0.00000 156.98870 0.28259 0.95924 0.00000 18.22177 0.00000 0.00000 -1.00000 0.00000
1637089859180207 -0.96135 0.27532 0.00000 155.13134 0.27532 0.96135 0.00000 19.29033 0.00000 0.00000 -1.00000 0.00000
1637089859429069 -0.96161 0.27441 0.00000 153.41479 0.27441 0.96161 0.00000 19.48838 0.00000 0.00000 -1.00000 0.00000
1637089859678128 -0.96005 0.27983 0.00000 151.72963 0.27983 0.96005 0.00000 18.58909 0.00000 0.00000 -1.00000 0.00000
1637089859927100 -0.95220 0.30549 0.00000 150.39289 0.30549 0.95220 0.00000 14.51536 0.00000 0.00000 -1.00000 0.00000
1637089860176095 -0.93916 0.34349 0.00000 149.04338 0.34349 0.93916 0.00000 8.49984 0.00000 0.00000 -1.00000 0.00000
1637089860425014 -0.92294 0.38494 0.00000 147.41619 0.38494 0.92294 0.00000 1.72762 0.00000 0.00000 -1.00000 0.00000
1637089860673878 -0.90058 0.43468 0.00000 145.46805 0.43468 0.90058 0.00000 -6.28678 0.00000 0.00000 -1.00000 -0.00000
1637089860922940 -0.87209 0.48934 -0.00000 142.94025 0.48934 0.87209 0.00000 -15.24088 0.00000 0.00000 -1.00000 -0.00000
1637089861171510 -0.84148 0.54029 0.00000 139.87016 0.54029 0.84148 0.00000 -23.78525 0.00000 0.00000 -1.00000 -0.00000
1637089861420495 -0.80701 0.59054 0.00000 136.14073 0.59054 0.80701 0.00000 -32.24553 0.00000 0.00000 -1.00000 -0.00000
1637089861669337 -0.76669 0.64202 -0.00000 131.81506 0.64202 0.76669 0.00000 -41.10211 0.00000 0.00000 -1.00000 -0.00000
1637089861918245 -0.72122 0.69270 -0.00000 126.71006 0.69270 0.72122 0.00000 -49.97435 0.00000 0.00000 -1.00000 -0.00000
1637089862167351 -0.67255 0.74005 0.00000 120.97731 0.74005 0.67255 0.00000 -58.51486 0.00000 0.00000 -1.00000 -0.00000
1637089862416091 -0.62024 0.78441 0.00000 114.67083 0.78441 0.62024 0.00000 -66.63751 0.00000 0.00000 -1.00000 -0.00000
1637089862665007 -0.56439 0.82551 0.00000 107.74127 0.82551 0.56439 0.00000 -74.47049 0.00000 0.00000 -1.00000 -0.00000
1637089862913784 -0.51269 0.85858 0.00000 100.93930 0.85858 0.51269 0.00000 -80.93299 0.00000 0.00000 -1.00000 -0.00000
1637089863162307 -0.46604 0.88477 -0.00000 94.41501 0.88477 0.46604 0.00000 -86.25276 0.00000 0.00000 -1.00000 -0.00000
1637089863411377 -0.42287 0.90619 -0.00000 88.07660 0.90619 0.42287 0.00000 -90.66942 0.00000 0.00000 -1.00000 -0.00000
1637089863660312 -0.39282 0.91961 0.00000 83.00289 0.91961 0.39282 0.00000 -93.62256 0.00000 0.00000 -1.00000 -0.00000
1637089863908634 -0.37121 0.92855 0.00000 78.67630 0.92855 0.37121 0.00000 -95.53225 0.00000 0.00000 -1.00000 -0.00000
1637089864158076 -0.35835 0.93359 -0.00000 75.27121 0.93359 0.35835 0.00000 -96.72440 0.00000 0.00000 -1.00000 -0.00000
1637089864406862 -0.34793 0.93752 0.00000 72.13061 0.93752 0.34793 0.00000 -97.53625 0.00000 0.00000 -1.00000 -0.00000
1637089864655764 -0.34634 0.93811 0.00000 69.90822 0.93811 0.34634 0.00000 -97.78617 0.00000 0.00000 -1.00000 -0.00000
1637089864904670 -0.34994 0.93677 0.00000 68.14540 0.93677 0.34994 0.00000 -97.57574 0.00000 0.00000 -1.00000 -0.00000
1637089865153584 -0.35894 0.93336 0.00000 66.99705 0.93336 0.35894 0.00000 -96.93902 0.00000 0.00000 -1.00000 -0.00000
1637089865402120 -0.37325 0.92773 0.00000 66.44453 0.92773 0.37325 0.00000 -95.93358 0.00000 0.00000 -1.00000 -0.00000
1637089865651360 -0.39262 0.91970 0.00000 66.38480 0.91970 0.39262 0.00000 -94.58255 0.00000 0.00000 -1.00000 -0.00000
1637089865899708 -0.41678 0.90901 0.00000 66.83026 0.90901 0.41678 0.00000 -92.87668 0.00000 0.00000 -1.00000 -0.00000
1637089866148642 -0.44793 0.89407 -0.00000 67.98354 0.89407 0.44793 0.00000 -90.53833 0.00000 0.00000 -1.00000 -0.00000
1637089866397345 -0.49048 0.87145 0.00000 70.25680 0.87145 0.49048 0.00000 -87.27102 0.00000 0.00000 -1.00000 -0.00000
1637089866646460 -0.54185 0.84047 0.00000 73.46183 0.84047 0.54185 0.00000 -82.98840 0.00000 0.00000 -1.00000 -0.00000
1637089866894968 -0.59824 0.80132 0.00000 77.06028 0.80132 0.59824 0.00000 -77.86624 0.00000 0.00000 -1.00000 -0.00000
1637089867143796 -0.65800 0.75302 0.00000 80.89268 0.75302 0.65800 0.00000 -71.77087 0.00000 0.00000 -1.00000 -0.00000
1637089867392692 -0.71646 0.69763 -0.00000 84.49375 0.69763 0.71646 0.00000 -65.11349 0.00000 0.00000 -1.00000 -0.00000
1637089867641757 -0.77062 0.63729 0.00000 87.54467 0.63729 0.77062 0.00000 -58.16067 0.00000 0.00000 -1.00000 -0.00000
1637089867890362 -0.81868 0.57424 0.00000 89.99206 0.57424 0.81868 0.00000 -51.09907 0.00000 0.00000 -1.00000 -0.00000
1637089868139183 -0.85971 0.51078 -0.00000 91.57031 0.51078 0.85971 0.00000 -44.21636 0.00000 0.00000 -1.00000 -0.00000
1637089868388034 -0.89765 0.44072 0.00000 92.87523 0.44072 0.89765 0.00000 -36.80796 0.00000 0.00000 -1.00000 -0.00000
1637089868637018 -0.92299 0.38483 0.00000 92.92275 0.38483 0.92299 0.00000 -31.10661 0.00000 0.00000 -1.00000 -0.00000
1637089868885392 -0.94604 0.32405 -0.00000 92.83527 0.32405 0.94604 0.00000 -25.09534 0.00000 0.00000 -1.00000 -0.00000
1637089869134213 -0.96379 0.26667 0.00000 92.11524 0.26667 0.96379 0.00000 -19.50757 0.00000 0.00000 -1.00000 -0.00000
1637089869383279 -0.97585 0.21844 0.00000 91.00223 0.21844 0.97585 0.00000 -14.92546 0.00000 0.00000 -1.00000 -0.00000
1637089869631679 -0.98502 0.17245 0.00000 89.51946 0.17245 0.98502 0.00000 -10.74547 0.00000 0.00000 -1.00000 -0.00000
1637089869880872 -0.99233 0.12363 0.00000 87.82408 0.12363 0.99233 0.00000 -6.36799 0.00000 0.00000 -1.00000 -0.00000
1637089870130080 -0.99643 0.08445 -0.00000 85.87377 0.08445 0.99643 0.00000 -2.94759 0.00000 0.00000 -1.00000 -0.00000
1637089870379273 -0.99849 0.05485 0.00000 83.83879 0.05485 0.99849 0.00000 -0.38957 0.00000 0.00000 -1.00000 -0.00000
1637089870628279 -0.99939 0.03505 0.00000 81.64206 0.03505 0.99939 0.00000 1.20338 0.00000 0.00000 -1.00000 0.00000
1637089870877258 -0.99977 0.02136 0.00000 79.37482 0.02136 0.99977 0.00000 2.30033 0.00000 0.00000 -1.00000 0.00000
1637089871126358 -0.99998 0.00599 0.00000 77.09266 0.00599 0.99998 0.00000 3.48955 0.00000 0.00000 -1.00000 0.00000
1637089871374778 -1.00000 -0.00289 0.00000 74.91660 -0.00289 1.00000 0.00000 4.18830 -0.00000 0.00000 -1.00000 0.00000
1637089871624074 -0.99996 -0.00940 0.00000 72.72687 -0.00940 0.99996 0.00000 4.58147 -0.00000 0.00000 -1.00000 0.00000
1637089871872981 -0.99986 -0.01668 0.00000 70.38539 -0.01668 0.99986 0.00000 5.03945 -0.00000 0.00000 -1.00000 0.00000
1637089872122076 -0.99978 -0.02115 -0.00000 68.19173 -0.02115 0.99978 0.00000 5.34371 -0.00000 0.00000 -1.00000 0.00000
1637089872370579 -0.99973 -0.02309 -0.00000 65.99813 -0.02309 0.99973 0.00000 5.42626 -0.00000 0.00000 -1.00000 0.00000
1637089872619520 -0.99975 -0.02236 -0.00000 63.86310 -0.02236 0.99975 0.00000 5.32888 -0.00000 0.00000 -1.00000 0.00000
1637089872868488 -0.99981 -0.01943 0.00000 61.72198 -0.01943 0.99981 0.00000 5.12649 -0.00000 0.00000 -1.00000 0.00000
1637089873117737 -0.99974 -0.02263 0.00000 59.54754 -0.02263 0.99974 0.00000 5.26240 -0.00000 0.00000 -1.00000 0.00000
1637089873366947 -0.99977 -0.02128 0.00000 57.35420 -0.02128 0.99977 0.00000 5.03803 -0.00000 0.00000 -1.00000 0.00000
1637089873615787 -0.99978 -0.02113 0.00000 55.23222 -0.02113 0.99978 0.00000 4.96990 -0.00000 0.00000 -1.00000 0.00000
1637089873864716 -0.99972 -0.02370 -0.00000 53.15937 -0.02370 0.99972 0.00000 5.05306 -0.00000 0.00000 -1.00000 0.00000
1637089874113665 -0.99975 -0.02226 0.00000 51.04641 -0.02226 0.99975 0.00000 4.90203 -0.00000 0.00000 -1.00000 0.00000
1637089874362621 -0.99966 -0.02589 0.00000 48.96800 -0.02589 0.99966 0.00000 5.11125 -0.00000 0.00000 -1.00000 0.00000
1637089874611648 -0.99969 -0.02476 0.00000 46.94201 -0.02476 0.99969 0.00000 5.05400 -0.00000 0.00000 -1.00000 0.00000
1637089874860554 -0.99980 -0.02021 -0.00000 44.91424 -0.02021 0.99980 0.00000 4.74274 -0.00000 0.00000 -1.00000 0.00000
1637089875109452 -0.99992 -0.01267 -0.00000 42.95858 -0.01267 0.99992 0.00000 4.35298 -0.00000 0.00000 -1.00000 0.00000
1637089875358334 -1.00000 -0.00303 0.00000 40.97968 -0.00303 1.00000 0.00000 3.93538 -0.00000 0.00000 -1.00000 0.00000
1637089875607678 -0.99995 0.01003 0.00000 38.99089 0.01003 0.99995 0.00000 3.38270 0.00000 0.00000 -1.00000 0.00000
1637089875856647 -0.99963 0.02725 -0.00000 37.11880 0.02725 0.99963 0.00000 2.71497 0.00000 0.00000 -1.00000 0.00000
1637089876105865 -0.99934 0.03626 0.00000 35.07495 0.03626 0.99934 0.00000 2.30417 0.00000 0.00000 -1.00000 0.00000
1637089876355140 -0.99880 0.04893 0.00000 33.11411 0.04893 0.99880 0.00000 1.78309 0.00000 0.00000 -1.00000 0.00000
1637089876604418 -0.99800 0.06319 0.00000 31.08859 0.06319 0.99800 0.00000 1.30695 0.00000 0.00000 -1.00000 0.00000
1637089876853308 -0.99751 0.07050 0.00000 29.02509 0.07050 0.99751 0.00000 0.94180 0.00000 0.00000 -1.00000 0.00000
1637089877102442 -0.99697 0.07780 0.00000 27.01532 0.07780 0.99697 0.00000 0.78243 0.00000 0.00000 -1.00000 0.00000
1637089877351185 -0.99647 0.08393 0.00000 24.98448 0.08393 0.99647 0.00000 0.52636 0.00000 0.00000 -1.00000 0.00000
1637089877600392 -0.99626 0.08646 0.00000 22.89661 0.08646 0.99626 0.00000 0.41973 0.00000 0.00000 -1.00000 0.00000
1637089877849283 -0.99579 0.09166 0.00000 20.75661 0.09166 0.99579 0.00000 0.27369 0.00000 0.00000 -1.00000 0.00000
1637089878098543 -0.99581 0.09143 0.00000 18.64576 0.09143 0.99581 0.00000 0.24029 0.00000 0.00000 -1.00000 0.00000
1637089878347017 -0.99560 0.09374 0.00000 16.50189 0.09374 0.99560 0.00000 0.20514 0.00000 0.00000 -1.00000 0.00000
1637089878596570 -0.99547 0.09503 0.00000 14.42719 0.09503 0.99547 0.00000 0.17827 0.00000 0.00000 -1.00000 0.00000
1637089878845107 -0.99507 0.09918 0.00000 12.22192 0.09918 0.99507 0.00000 0.09025 0.00000 0.00000 -1.00000 0.00000
1637089879094377 -0.99491 0.10074 0.00000 10.09672 0.10074 0.99491 0.00000 0.03037 0.00000 0.00000 -1.00000 0.00000
1637089879343125 -0.99492 0.10064 0.00000 7.98260 0.10064 0.99492 0.00000 -0.02806 0.00000 0.00000 -1.00000 -0.00000
1637089879592094 -0.99482 0.10163 0.00000 5.91304 0.10163 0.99482 0.00000 -0.05533 0.00000 0.00000 -1.00000 -0.00000
1637089879840612 -0.99499 0.09999 0.00000 3.86242 0.09999 0.99499 0.00000 -0.09211 0.00000 0.00000 -1.00000 -0.00000
1637089880090054 -0.99479 0.10194 0.00000 1.98877 0.10194 0.99479 0.00000 -0.11035 0.00000 0.00000 -1.00000 -0.00000
1637089880338845 -0.99504 0.09945 0.00000 -0.00757 0.09945 0.99504 0.00000 -0.21609 0.00000 0.00000 -1.00000 -0.00000
1637089880587853 -0.99536 0.09626 0.00000 -1.96300 0.09626 0.99536 0.00000 -0.29152 0.00000 0.00000 -1.00000 -0.00000
1637089880836777 -0.99590 0.09041 0.00000 -3.79676 0.09041 0.99590 0.00000 -0.28269 0.00000 0.00000 -1.00000 -0.00000
1637089881085809 -0.99660 0.08234 -0.00000 -5.64432 0.08234 0.99660 0.00000 -0.43050 0.00000 0.00000 -1.00000 -0.00000
1637089881334961 -0.99670 0.08112 -0.00000 -7.57188 0.08112 0.99670 0.00000 -0.42531 0.00000 0.00000 -1.00000 -0.00000
1637089881583664 -0.99720 0.07477 0.00000 -9.46423 0.07477 0.99720 0.00000 -0.51216 0.00000 0.00000 -1.00000 -0.00000
1637089881832961 -0.99747 0.07111 -0.00000 -11.29582 0.07111 0.99747 0.00000 -0.60516 0.00000 0.00000 -1.00000 -0.00000
1637089882081835 -0.99811 0.06139 0.00000 -13.13093 0.06139 0.99811 0.00000 -0.74507 0.00000 0.00000 -1.00000 -0.00000
1637089882330894 -0.99807 0.06206 -0.00000 -14.96721 0.06206 0.99807 0.00000 -0.80364 0.00000 0.00000 -1.00000 -0.00000
1637089882579870 -0.99835 0.05734 0.00000 -16.78540 0.05734 0.99835 0.00000 -0.83171 0.00000 0.00000 -1.00000 -0.00000
1637089882829112 -0.99859 0.05305 0.00000 -18.61021 0.05305 0.99859 0.00000 -1.02006 0.00000 0.00000 -1.00000 -0.00000
1637089883078006 -0.99873 0.05041 0.00000 -20.48795 0.05041 0.99873 0.00000 -1.08491 0.00000 0.00000 -1.00000 -0.00000
1637089883327173 -0.99884 0.04820 0.00000 -22.28841 0.04820 0.99884 0.00000 -1.25740 0.00000 0.00000 -1.00000 -0.00000
1637089883575824 -0.99893 0.04615 -0.00000 -24.16405 0.04615 0.99893 0.00000 -1.37434 0.00000 0.00000 -1.00000 -0.00000
1637089883825155 -0.99899 0.04485 0.00000 -25.98136 0.04485 0.99899 0.00000 -1.43849 0.00000 0.00000 -1.00000 -0.00000
1637089884074079 -0.99912 0.04192 0.00000 -27.97087 0.04192 0.99912 0.00000 -1.49287 0.00000 0.00000 -1.00000 -0.00000
1637089884323143 -0.99924 0.03902 0.00000 -29.83220 0.03902 0.99924 0.00000 -1.60232 0.00000 0.00000 -1.00000 -0.00000
1637089884572051 -0.99930 0.03742 0.00000 -31.89664 0.03742 0.99930 0.00000 -1.64200 0.00000 0.00000 -1.00000 -0.00000
1637089884820904 -0.99941 0.03433 0.00000 -33.83818 0.03433 0.99941 0.00000 -1.77842 0.00000 0.00000 -1.00000 -0.00000
1637089885070090 -0.99948 0.03220 -0.00000 -35.91897 0.03220 0.99948 0.00000 -1.88334 0.00000 0.00000 -1.00000 -0.00000
1637089885318855 -0.99952 0.03100 0.00000 -37.93334 0.03100 0.99952 0.00000 -2.01299 0.00000 0.00000 -1.00000 -0.00000
1637089885567754 -0.99967 0.02584 0.00000 -39.96595 0.02584 0.99967 0.00000 -2.20889 0.00000 0.00000 -1.00000 -0.00000
1637089885816870 -0.99970 0.02456 0.00000 -41.96753 0.02456 0.99970 0.00000 -2.29696 0.00000 0.00000 -1.00000 -0.00000
1637089886065480 -0.99979 0.02056 0.00000 -43.96899 0.02056 0.99979 0.00000 -2.52860 0.00000 0.00000 -1.00000 -0.00000
1637089886314584 -0.99993 0.01146 0.00000 -45.90367 0.01146 0.99993 0.00000 -2.92903 0.00000 0.00000 -1.00000 -0.00000
1637089886564224 -0.99998 0.00681 0.00000 -47.81089 0.00681 0.99998 0.00000 -3.19141 0.00000 0.00000 -1.00000 -0.00000
1637089886813114 -1.00000 0.00249 0.00000 -49.61910 0.00249 1.00000 0.00000 -3.45048 0.00000 0.00000 -1.00000 -0.00000
1637089887062319 -0.99999 -0.00351 0.00000 -51.43243 -0.00351 0.99999 0.00000 -3.75176 -0.00000 0.00000 -1.00000 -0.00000
1637089887311317 -0.99996 -0.00868 0.00000 -53.09393 -0.00868 0.99996 0.00000 -4.05846 -0.00000 0.00000 -1.00000 -0.00000
1637089887560039 -0.99987 -0.01609 0.00000 -54.71002 -0.01609 0.99987 0.00000 -4.46096 -0.00000 0.00000 -1.00000 -0.00000
1637089887809196 -0.99987 -0.01630 0.00000 -56.28982 -0.01630 0.99987 0.00000 -4.49493 -0.00000 0.00000 -1.00000 -0.00000
1637089888058366 -0.99992 -0.01239 0.00000 -57.81859 -0.01239 0.99992 0.00000 -4.30432 -0.00000 0.00000 -1.00000 -0.00000
1637089888307343 -1.00000 -0.00029 0.00000 -59.30680 -0.00029 1.00000 0.00000 -3.60486 -0.00000 0.00000 -1.00000 -0.00000
1637089888556399 -0.99958 0.02907 -0.00000 -60.74361 0.02907 0.99958 0.00000 -1.93009 0.00000 0.00000 -1.00000 -0.00000
1637089888805778 -0.99814 0.06100 0.00000 -62.00658 0.06100 0.99814 0.00000 0.03741 0.00000 0.00000 -1.00000 0.00000
1637089889054972 -0.99479 0.10194 0.00000 -63.19217 0.10194 0.99479 0.00000 2.51883 0.00000 0.00000 -1.00000 0.00000
1637089889304312 -0.98806 0.15406 0.00000 -64.18560 0.15406 0.98806 0.00000 5.86241 0.00000 0.00000 -1.00000 0.00000
1637089889553002 -0.97535 0.22066 0.00000 -64.69633 0.22066 0.97535 0.00000 10.12391 0.00000 0.00000 -1.00000 0.00000
1637089889801976 -0.95581 0.29397 0.00000 -64.86588 0.29397 0.95581 0.00000 14.97692 0.00000 0.00000 -1.00000 0.00000
1637089890050904 -0.92299 0.38483 0.00000 -64.30848 0.38483 0.92299 0.00000 21.22228 0.00000 0.00000 -1.00000 0.00000
1637089890300548 -0.87552 0.48318 0.00000 -62.73991 0.48318 0.87552 0.00000 27.92554 0.00000 0.00000 -1.00000 0.00000
1637089890549494 -0.81105 0.58498 -0.00000 -59.89789 0.58498 0.81105 0.00000 35.28459 0.00000 0.00000 -1.00000 0.00000
1637089890798571 -0.72796 0.68562 -0.00000 -55.94159 0.68562 0.72796 0.00000 42.71939 0.00000 0.00000 -1.00000 0.00000
1637089891047637 -0.62887 0.77751 0.00000 -50.70575 0.77751 0.62887 0.00000 49.78562 0.00000 0.00000 -1.00000 0.00000
1637089891296562 -0.51666 0.85619 -0.00000 -44.56776 0.85619 0.51666 0.00000 56.24402 0.00000 0.00000 -1.00000 0.00000
1637089891545727 -0.39856 0.91714 0.00000 -37.91373 0.91714 0.39856 0.00000 61.62428 0.00000 0.00000 -1.00000 0.00000
1637089891794436 -0.28217 0.95936 0.00000 -31.25124 0.95936 0.28217 0.00000 65.92914 0.00000 0.00000 -1.00000 0.00000
1637089892043149 -0.18811 0.98215 0.00000 -25.91771 0.98215 0.18811 0.00000 68.55213 0.00000 0.00000 -1.00000 0.00000
1637089892292330 -0.12270 0.99244 -0.00000 -22.80768 0.99244 0.12270 0.00000 70.11703 0.00000 0.00000 -1.00000 0.00000
1637089892541095 -0.08001 0.99679 0.00000 -21.30581 0.99679 0.08001 0.00000 70.96124 0.00000 0.00000 -1.00000 0.00000
1637089892789835 -0.04375 0.99904 0.00000 -20.29713 0.99904 0.04375 0.00000 71.64352 0.00000 0.00000 -1.00000 0.00000
1637089893038664 -0.02248 0.99975 -0.00000 -20.40227 0.99975 0.02248 0.00000 71.91483 0.00000 0.00000 -1.00000 0.00000
1637089893287925 -0.01099 0.99994 0.00000 -21.28262 0.99994 0.01099 0.00000 72.07485 0.00000 0.00000 -1.00000 0.00000
1637089893537014 -0.00258 1.00000 0.00000 -22.42663 1.00000 0.00258 0.00000 72.23300 0.00000 0.00000 -1.00000 0.00000
1637089893785763 -0.00010 1.00000 0.00000 -24.03267 1.00000 0.00010 0.00000 72.14750 0.00000 0.00000 -1.00000 0.00000
1637089894034887 0.00710 0.99997 0.00000 -25.31012 0.99997 -0.00710 0.00000 72.36772 0.00000 -0.00000 -1.00000 0.00000
1637089894283679 0.00757 0.99997 0.00000 -27.15940 0.99997 -0.00757 0.00000 72.28781 0.00000 -0.00000 -1.00000 0.00000
1637089894532655 0.01261 0.99992 0.00000 -28.63565 0.99992 -0.01261 0.00000 72.34986 0.00000 -0.00000 -1.00000 0.00000
1637089894781464 0.02523 0.99968 0.00000 -29.64630 0.99968 -0.02523 0.00000 72.72226 0.00000 -0.00000 -1.00000 0.00000
1637089895030692 0.03377 0.99943 0.00000 -30.87916 0.99943 -0.03377 0.00000 72.91731 0.00000 -0.00000 -1.00000 0.00000
1637089895279573 0.05215 0.99864 0.00000 -31.43518 0.99864 -0.05215 0.00000 73.35293 0.00000 -0.00000 -1.00000 0.00000
1637089895528772 0.06746 0.99772 -0.00000 -32.20310 0.99772 -0.06746 0.00000 73.81783 0.00000 -0.00000 -1.00000 0.00000
1637089895777446 0.08861 0.99607 0.00000 -32.55105 0.99607 -0.08861 0.00000 74.45435 0.00000 -0.00000 -1.00000 0.00000
1637089896026860 0.10393 0.99459 0.00000 -33.26515 0.99459 -0.10393 0.00000 74.84721 0.00000 -0.00000 -1.00000 0.00000
1637089896276048 0.11208 0.99370 0.00000 -34.63674 0.99370 -0.11208 0.00000 74.98998 0.00000 -0.00000 -1.00000 0.00000
1637089896525446 0.12116 0.99263 0.00000 -35.63912 0.99263 -0.12116 0.00000 75.33079 0.00000 -0.00000 -1.00000 0.00000
1637089896774418 0.12050 0.99271 0.00000 -37.66182 0.99271 -0.12050 0.00000 75.20774 0.00000 -0.00000 -1.00000 0.00000
1637089897023538 0.10808 0.99414 0.00000 -40.49301 0.99414 -0.10808 0.00000 74.63390 0.00000 -0.00000 -1.00000 0.00000
1637089897272795 0.09833 0.99515 0.00000 -42.99330 0.99515 -0.09833 0.00000 74.30615 0.00000 -0.00000 -1.00000 0.00000
1637089897522301 0.08421 0.99645 0.00000 -45.96052 0.99645 -0.08421 0.00000 73.53282 0.00000 -0.00000 -1.00000 0.00000
1637089897771589 0.07160 0.99743 0.00000 -48.85079 0.99743 -0.07160 0.00000 72.94281 0.00000 -0.00000 -1.00000 0.00000
1637089898020824 0.06016 0.99819 0.00000 -51.57067 0.99819 -0.06016 0.00000 72.31461 0.00000 -0.00000 -1.00000 0.00000
1637089898270478 0.04910 0.99879 0.00000 -54.37957 0.99879 -0.04910 0.00000 71.73023 0.00000 -0.00000 -1.00000 0.00000
1637089898519613 0.03687 0.99932 0.00000 -57.15500 0.99932 -0.03687 0.00000 70.96504 0.00000 -0.00000 -1.00000 0.00000
1637089898769191 0.03386 0.99943 0.00000 -59.35522 0.99943 -0.03386 0.00000 70.76486 0.00000 -0.00000 -1.00000 0.00000
1637089899018248 0.02639 0.99965 -0.00000 -61.80597 0.99965 -0.02639 0.00000 70.26701 0.00000 -0.00000 -1.00000 0.00000
1637089899267121 0.01879 0.99982 0.00000 -64.32005 0.99982 -0.01879 0.00000 69.74841 0.00000 -0.00000 -1.00000 0.00000
1637089899516624 0.01014 0.99995 0.00000 -66.77606 0.99995 -0.01014 0.00000 69.18785 0.00000 -0.00000 -1.00000 0.00000
1637089899765741 0.01019 0.99995 -0.00000 -68.73170 0.99995 -0.01019 0.00000 69.11337 0.00000 -0.00000 -1.00000 0.00000
1637089900015049 0.00535 0.99999 0.00000 -70.99888 0.99999 -0.00535 0.00000 68.68336 0.00000 -0.00000 -1.00000 0.00000
1637089900264250 -0.00061 1.00000 0.00000 -73.21989 1.00000 0.00061 0.00000 68.23328 0.00000 0.00000 -1.00000 0.00000
1637089900513712 -0.00567 0.99998 0.00000 -75.46960 0.99998 0.00567 0.00000 67.79166 0.00000 0.00000 -1.00000 0.00000
1637089900763201 -0.01068 0.99994 0.00000 -77.59959 0.99994 0.01068 0.00000 67.42528 0.00000 0.00000 -1.00000 0.00000
1637089901012262 -0.01376 0.99991 0.00000 -79.61972 0.99991 0.01376 0.00000 67.08466 0.00000 0.00000 -1.00000 0.00000
1637089901261405 -0.02214 0.99975 0.00000 -81.92315 0.99975 0.02214 0.00000 66.40745 0.00000 0.00000 -1.00000 0.00000
1637089901510799 -0.04091 0.99916 0.00000 -84.90140 0.99916 0.04091 0.00000 64.81563 0.00000 0.00000 -1.00000 0.00000
1637089901760185 -0.07252 0.99737 0.00000 -88.64598 0.99737 0.07252 0.00000 62.05689 0.00000 0.00000 -1.00000 0.00000
1637089902009525 -0.11539 0.99332 0.00000 -92.84470 0.99332 0.11539 0.00000 58.05305 0.00000 0.00000 -1.00000 0.00000
1637089902258516 -0.18115 0.98346 0.00000 -98.09554 0.98346 0.18115 0.00000 51.74880 0.00000 0.00000 -1.00000 0.00000
1637089902507622 -0.25268 0.96755 0.00000 -103.35680 0.96755 0.25268 0.00000 44.31304 0.00000 0.00000 -1.00000 0.00000
1637089902756854 -0.33851 0.94096 0.00000 -108.43899 0.94096 0.33851 0.00000 34.82989 0.00000 0.00000 -1.00000 0.00000
1637089903005825 -0.43121 0.90225 0.00000 -112.97681 0.90225 0.43121 0.00000 23.66868 0.00000 0.00000 -1.00000 0.00000
1637089903255011 -0.53057 0.84764 0.00000 -116.42796 0.84764 0.53057 0.00000 10.68510 0.00000 0.00000 -1.00000 0.00000
1637089903504256 -0.62506 0.78058 0.00000 -118.45303 0.78058 0.62506 0.00000 -2.91294 0.00000 0.00000 -1.00000 -0.00000
1637089903753245 -0.71391 0.70023 -0.00000 -118.74644 0.70023 0.71391 0.00000 -17.11018 0.00000 0.00000 -1.00000 -0.00000
1637089904002578 -0.78864 0.61486 0.00000 -117.52858 0.61486 0.78864 0.00000 -30.49806 0.00000 0.00000 -1.00000 -0.00000
1637089904251967 -0.84894 0.52850 -0.00000 -115.16907 0.52850 0.84894 0.00000 -42.80409 0.00000 0.00000 -1.00000 -0.00000
1637089904501363 -0.89404 0.44798 0.00000 -112.16224 0.44798 0.89404 0.00000 -53.27513 0.00000 0.00000 -1.00000 -0.00000
1637089904750888 -0.92693 0.37524 0.00000 -108.97343 0.37524 0.92693 0.00000 -61.93635 0.00000 0.00000 -1.00000 -0.00000
1637089905000341 -0.94959 0.31350 0.00000 -106.13527 0.31350 0.94959 0.00000 -68.99804 0.00000 0.00000 -1.00000 -0.00000
1637089905249476 -0.96611 0.25815 0.00000 -103.43175 0.25815 0.96611 0.00000 -75.02707 0.00000 0.00000 -1.00000 -0.00000
1637089905498548 -0.97539 0.22050 0.00000 -101.82917 0.22050 0.97539 0.00000 -79.08816 0.00000 0.00000 -1.00000 -0.00000
1637089905747845 -0.97997 0.19914 0.00000 -101.65125 0.19914 0.97997 0.00000 -81.37838 0.00000 0.00000 -1.00000 -0.00000
1637089905997895 -0.97986 0.19969 0.00000 -103.29796 0.19969 0.97986 0.00000 -81.35867 0.00000 0.00000 -1.00000 -0.00000
