1547644183119935 1.00000 0.00000 0.00000 -0.00000 0.00000 1.00000 0.00000 -0.00000 0.00000 0.00000 1.00000 -0.00000
1547644183371618 1.00000 0.00015 -0.00000 0.00242 -0.00015 1.00000 0.00000 0.00486 0.00000 -0.00000 1.00000 0.00000
1547644183623152 1.00000 0.00009 -0.00000 0.00127 -0.00009 1.00000 0.00000 -0.00092 0.00000 -0.00000 1.00000 0.00000
1547644183874212 1.00000 -0.00019 0.00000 0.00040 0.00019 1.00000 -0.00000 -0.00068 -0.00000 0.00000 1.00000 -0.00000
1547644184124624 1.00000 -0.00018 0.00000 0.00131 0.00018 1.00000 -0.00000 0.00527 -0.00000 0.00000 1.00000 0.00000
1547644184374722 1.00000 -0.00012 0.00000 -0.00032 0.00012 1.00000 -0.00000 0.00551 -0.00000 0.00000 1.00000 0.00000
1547644184625021 1.00000 0.00000 -0.00000 -0.00084 -0.00000 1.00000 0.00000 0.00487 0.00000 -0.00000 1.00000 -0.00000
1547644184874969 1.00000 -0.00005 0.00000 0.00126 0.00005 1.00000 -0.00000 0.00639 -0.00000 0.00000 1.00000 0.00000
1547644185124530 1.00000 -0.00021 0.00000 -0.00158 0.00021 1.00000 -0.00000 0.00600 -0.00000 0.00000 1.00000 0.00000
1547644185373924 1.00000 -0.00002 0.00000 0.00206 0.00002 1.00000 -0.00000 0.00472 -0.00000 0.00000 1.00000 0.00000
1547644185623053 1.00000 0.00001 -0.00000 0.00408 -0.00001 1.00000 0.00000 0.00965 0.00000 -0.00000 1.00000 0.00000
1547644185871728 1.00000 0.00020 -0.00000 -0.00143 -0.00020 1.00000 0.00000 0.00768 0.00000 -0.00000 1.00000 -0.00000
1547644186120371 1.00000 0.00012 -0.00000 -0.00208 -0.00012 1.00000 0.00000 0.00731 0.00000 -0.00000 1.00000 -0.00000
1547644186368602 1.00000 -0.00002 0.00000 -0.00025 0.00002 1.00000 -0.00000 0.00886 -0.00000 0.00000 1.00000 0.00000
1547644186617907 1.00000 -0.00003 0.00000 0.00178 0.00003 1.00000 -0.00000 0.00469 -0.00000 0.00000 1.00000 0.00000
1547644186868482 1.00000 -0.00000 0.00000 -0.00075 0.00000 1.00000 -0.00000 0.00642 -0.00000 0.00000 1.00000 0.00000
1547644187118525 1.00000 -0.00012 0.00000 0.00392 0.00012 1.00000 -0.00000 0.00289 -0.00000 0.00000 1.00000 0.00000
1547644187368213 1.00000 0.00013 -0.00000 0.00249 -0.00013 1.00000 0.00000 0.00387 0.00000 -0.00000 1.00000 0.00000
1547644187618113 1.00000 0.00006 -0.00000 0.00556 -0.00006 1.00000 0.00000 -0.00031 0.00000 -0.00000 1.00000 0.00000
1547644187867842 1.00000 0.00016 -0.00000 -0.00106 -0.00016 1.00000 0.00000 0.00597 0.00000 -0.00000 1.00000 -0.00000
1547644188117636 1.00000 0.00012 -0.00000 0.00082 -0.00012 1.00000 0.00000 0.00401 0.00000 -0.00000 1.00000 0.00000
1547644188368750 1.00000 0.00027 -0.00000 -0.00050 -0.00027 1.00000 0.00000 0.00491 0.00000 -0.00000 1.00000 -0.00000
1547644188620565 1.00000 0.00021 -0.00000 -0.00152 -0.00021 1.00000 0.00000 0.00414 0.00000 -0.00000 1.00000 -0.00000
1547644188872246 1.00000 0.00014 -0.00000 -0.00030 -0.00014 1.00000 0.00000 -0.00004 0.00000 -0.00000 1.00000 0.00000
1547644189123187 1.00000 -0.00002 0.00000 -0.00175 0.00002 1.00000 -0.00000 0.00617 -0.00000 0.00000 1.00000 0.00000
1547644189373423 1.00000 0.00014 -0.00000 0.00120 -0.00014 1.00000 0.00000 0.00227 0.00000 -0.00000 1.00000 0.00000
1547644189623712 1.00000 0.00005 -0.00000 0.00020 -0.00005 1.00000 0.00000 0.00288 0.00000 -0.00000 1.00000 0.00000
1547644189874264 1.00000 0.00018 -0.00000 0.00123 -0.00018 1.00000 0.00000 0.00566 0.00000 -0.00000 1.00000 0.00000
1547644190124411 1.00000 -0.00004 0.00000 0.00048 0.00004 1.00000 -0.00000 0.00111 -0.00000 0.00000 1.00000 0.00000
1547644190373883 1.00000 0.00006 -0.00000 0.00064 -0.00006 1.00000 0.00000 0.01062 0.00000 -0.00000 1.00000 0.00000
1547644190623238 1.00000 -0.00010 0.00000 0.00298 0.00010 1.00000 -0.00000 0.00459 -0.00000 0.00000 1.00000 0.00000
1547644190872452 1.00000 0.00002 -0.00000 0.00121 -0.00002 1.00000 0.00000 0.00117 0.00000 -0.00000 1.00000 0.00000
1547644191121325 1.00000 -0.00011 0.00000 -0.00274 0.00011 1.00000 -0.00000 0.01025 -0.00000 0.00000 1.00000 0.00000
1547644191370279 1.00000 0.00011 -0.00000 -0.00305 -0.00011 1.00000 0.00000 0.00495 0.00000 -0.00000 1.00000 -0.00000
1547644191618709 1.00000 0.00013 -0.00000 -0.00045 -0.00013 1.00000 0.00000 0.00386 0.00000 -0.00000 1.00000 -0.00000
1547644191867993 1.00000 0.00014 -0.00000 -0.00214 -0.00014 1.00000 0.00000 0.00364 0.00000 -0.00000 1.00000 -0.00000
1547644192118685 1.00000 0.00007 -0.00000 -0.00161 -0.00007 1.00000 0.00000 0.00555 0.00000 -0.00000 1.00000 -0.00000
1547644192368690 1.00000 0.00016 -0.00000 -0.00087 -0.00016 1.00000 0.00000 0.00379 0.00000 -0.00000 1.00000 -0.00000
1547644192618263 1.00000 0.00015 -0.00000 -0.00342 -0.00015 1.00000 0.00000 0.00396 0.00000 -0.00000 1.00000 -0.00000
1547644192868660 1.00000 0.00010 -0.00000 -0.00080 -0.00010 1.00000 0.00000 0.00245 0.00000 -0.00000 1.00000 -0.00000
1547644193118478 1.00000 0.00025 -0.00000 0.00108 -0.00025 1.00000 0.00000 0.00181 0.00000 -0.00000 1.00000 0.00000
1547644193368026 1.00000 0.00021 -0.00000 0.00106 -0.00021 1.00000 0.00000 0.00208 0.00000 -0.00000 1.00000 0.00000
1547644193618526 1.00000 0.00011 -0.00000 0.00194 -0.00011 1.00000 0.00000 -0.00285 0.00000 -0.00000 1.00000 0.00000
1547644193869637 1.00000 0.00027 -0.00000 0.00365 -0.00027 1.00000 0.00000 0.00266 0.00000 -0.00000 1.00000 0.00000
1547644194121006 1.00000 0.00023 -0.00000 -0.00128 -0.00023 1.00000 0.00000 -0.00289 0.00000 -0.00000 1.00000 0.00000
1547644194372366 1.00000 0.00018 -0.00000 -0.00357 -0.00018 1.00000 0.00000 0.00495 0.00000 -0.00000 1.00000 -0.00000
1547644194623600 1.00000 0.00024 -0.00000 0.00758 -0.00024 1.00000 0.00000 -0.00366 0.00000 -0.00000 1.00000 0.00000
1547644194874044 1.00000 0.00010 -0.00000 0.00237 -0.00010 1.00000 0.00000 0.00704 0.00000 -0.00000 1.00000 0.00000
1547644195124694 1.00000 0.00001 -0.00000 -0.00360 -0.00001 1.00000 0.00000 -0.00161 0.00000 -0.00000 1.00000 0.00000
1547644195375014 1.00000 0.00020 -0.00000 -0.00210 -0.00020 1.00000 0.00000 -0.00450 0.00000 -0.00000 1.00000 0.00000
1547644195624510 1.00000 0.00027 -0.00000 0.00217 -0.00027 1.00000 0.00000 -0.00018 0.00000 -0.00000 1.00000 0.00000
1547644195874208 1.00000 -0.00003 0.00000 -0.00044 0.00003 1.00000 -0.00000 0.00600 -0.00000 0.00000 1.00000 0.00000
1547644196123531 1.00000 0.00007 -0.00000 0.00125 -0.00007 1.00000 0.00000 0.00533 0.00000 -0.00000 1.00000 0.00000
1547644196372327 1.00000 0.00012 -0.00000 0.00069 -0.00012 1.00000 0.00000 0.00799 0.00000 -0.00000 1.00000 0.00000
1547644196621263 1.00000 0.00002 -0.00000 -0.00033 -0.00002 1.00000 0.00000 0.00260 0.00000 -0.00000 1.00000 -0.00000
1547644196869785 1.00000 0.00031 -0.00000 0.00158 -0.00031 1.00000 0.00000 0.00898 0.00000 -0.00000 1.00000 0.00000
1547644197117819 1.00000 0.00040 -0.00000 0.00116 -0.00040 1.00000 0.00000 0.00595 0.00000 -0.00000 1.00000 0.00000
1547644197367470 1.00000 0.00011 -0.00000 0.00115 -0.00011 1.00000 0.00000 0.00808 0.00000 -0.00000 1.00000 0.00000
1547644197618196 1.00000 -0.00003 0.00000 -0.00235 0.00003 1.00000 -0.00000 0.00642 -0.00000 0.00000 1.00000 0.00000
1547644197868356 1.00000 0.00018 -0.00000 -0.00474 -0.00018 1.00000 0.00000 0.00355 0.00000 -0.00000 1.00000 -0.00000
1547644198118069 1.00000 0.00001 -0.00000 -0.00271 -0.00001 1.00000 0.00000 0.00655 0.00000 -0.00000 1.00000 -0.00000
1547644198368125 1.00000 0.00016 -0.00000 -0.00829 -0.00016 1.00000 0.00000 0.00163 0.00000 -0.00000 1.00000 -0.00000
1547644198618103 1.00000 0.00003 -0.00000 0.00324 -0.00003 1.00000 0.00000 0.00381 0.00000 -0.00000 1.00000 0.00000
1547644198867976 1.00000 0.00011 -0.00000 0.00226 -0.00011 1.00000 0.00000 0.00776 0.00000 -0.00000 1.00000 0.00000
1547644199118525 1.00000 0.00021 -0.00000 0.00455 -0.00021 1.00000 0.00000 0.00556 0.00000 -0.00000 1.00000 0.00000
1547644199370260 1.00000 -0.00022 0.00000 0.00283 0.00022 1.00000 -0.00000 0.00865 -0.00000 0.00000 1.00000 0.00000
1547644199622231 1.00000 0.00000 -0.00000 -0.00427 -0.00000 1.00000 0.00000 0.01150 0.00000 -0.00000 1.00000 -0.00000
1547644199873065 1.00000 0.00020 -0.00000 0.00112 -0.00020 1.00000 0.00000 0.00711 0.00000 -0.00000 1.00000 0.00000
1547644200123403 1.00000 0.00020 -0.00000 0.00319 -0.00020 1.00000 0.00000 0.00067 0.00000 -0.00000 1.00000 0.00000
1547644200373846 1.00000 0.00016 -0.00000 0.00211 -0.00016 1.00000 0.00000 0.00434 0.00000 -0.00000 1.00000 0.00000
1547644200623836 1.00000 0.00004 -0.00000 0.00283 -0.00004 1.00000 0.00000 0.00450 0.00000 -0.00000 1.00000 0.00000
1547644200873760 1.00000 0.00028 -0.00000 0.00049 -0.00028 1.00000 0.00000 -0.00107 0.00000 -0.00000 1.00000 0.00000
1547644201123666 1.00000 0.00029 -0.00000 -0.00237 -0.00029 1.00000 0.00000 -0.00015 0.00000 -0.00000 1.00000 0.00000
1547644201373143 1.00000 0.00049 -0.00000 -0.02261 -0.00049 1.00000 0.00000 0.02146 0.00000 -0.00000 1.00000 -0.00000
1547644201622167 1.00000 0.00079 -0.00000 -0.08559 -0.00079 1.00000 0.00000 0.02380 0.00000 -0.00000 1.00000 -0.00000
1547644201871356 0.99999 0.00320 -0.00000 -0.14989 -0.00320 0.99999 0.00000 -0.00043 0.00000 -0.00000 1.00000 0.00000
1547644202120522 0.99993 0.01159 -0.00000 -0.26582 -0.01159 0.99993 0.00000 -0.01729 0.00000 -0.00000 1.00000 0.00000
1547644202369343 0.99975 0.02254 -0.00000 -0.42890 -0.02254 0.99975 0.00000 0.03347 0.00000 -0.00000 1.00000 -0.00000
1547644202618407 0.99928 0.03785 -0.00000 -0.65681 -0.03785 0.99928 0.00000 0.03428 0.00000 -0.00000 1.00000 -0.00000
1547644202868381 0.99833 0.05773 -0.00000 -0.92250 -0.05773 0.99833 0.00000 0.01047 0.00000 -0.00000 1.00000 0.00000
1547644203117933 0.99697 0.07781 -0.00000 -1.29801 -0.07781 0.99697 0.00000 0.04239 0.00000 -0.00000 1.00000 0.00000
1547644203367811 0.99479 0.10198 -0.00000 -1.75441 -0.10198 0.99479 0.00000 -0.01365 0.00000 -0.00000 1.00000 0.00000
1547644203617789 0.99212 0.12528 -0.00000 -2.28458 -0.12528 0.99212 0.00000 0.00484 0.00000 -0.00000 1.00000 0.00000
1547644203867094 0.98935 0.14552 -0.00000 -2.84754 -0.14552 0.98935 0.00000 0.07556 0.00000 -0.00000 1.00000 0.00000
1547644204116427 0.98675 0.16224 -0.00000 -3.50413 -0.16224 0.98675 0.00000 0.14882 0.00000 -0.00000 1.00000 0.00000
1547644204365736 0.98586 0.16755 -0.00000 -4.22286 -0.16755 0.98586 0.00000 0.21379 0.00000 -0.00000 1.00000 0.00000
1547644204615387 0.98559 0.16918 -0.00000 -5.04441 -0.16918 0.98559 0.00000 0.21794 0.00000 -0.00000 1.00000 0.00000
1547644204866367 0.98633 0.16478 -0.00000 -5.97131 -0.16478 0.98633 0.00000 0.20507 0.00000 -0.00000 1.00000 0.00000
1547644205117986 0.98750 0.15761 -0.00000 -6.96785 -0.15761 0.98750 0.00000 0.18967 0.00000 -0.00000 1.00000 0.00000
1547644205369074 0.98840 0.15185 -0.00000 -8.01928 -0.15185 0.98840 0.00000 0.20305 0.00000 -0.00000 1.00000 0.00000
1547644205619524 0.99028 0.13911 -0.00000 -9.14761 -0.13911 0.99028 0.00000 0.14030 0.00000 -0.00000 1.00000 0.00000
1547644205870366 0.99198 0.12639 -0.00000 -10.37894 -0.12639 0.99198 0.00000 -0.03119 0.00000 -0.00000 1.00000 0.00000
1547644206120997 0.99397 0.10967 -0.00000 -11.65907 -0.10967 0.99397 0.00000 -0.12870 0.00000 -0.00000 1.00000 0.00000
1547644206371372 0.99615 0.08770 -0.00000 -12.97948 -0.08770 0.99615 0.00000 -0.39137 0.00000 -0.00000 1.00000 0.00000
1547644206621450 0.99777 0.06681 -0.00000 -14.37667 -0.06681 0.99777 0.00000 -0.61328 0.00000 -0.00000 1.00000 0.00000
1547644206870464 0.99897 0.04539 -0.00000 -15.77463 -0.04539 0.99897 0.00000 -0.87684 0.00000 -0.00000 1.00000 0.00000
1547644207119359 0.99982 0.01921 -0.00000 -17.19486 -0.01921 0.99982 0.00000 -1.23814 0.00000 -0.00000 1.00000 0.00000
1547644207368278 1.00000 0.00035 -0.00000 -18.68616 -0.00035 1.00000 0.00000 -1.50642 0.00000 -0.00000 1.00000 0.00000
1547644207616528 0.99996 -0.00879 0.00000 -20.19714 0.00879 0.99996 -0.00000 -1.65057 -0.00000 0.00000 1.00000 0.00000
1547644207865180 0.99995 -0.01022 0.00000 -21.78809 0.01022 0.99995 -0.00000 -1.64802 -0.00000 0.00000 1.00000 0.00000
1547644208115036 0.99996 -0.00860 0.00000 -23.38427 0.00860 0.99996 -0.00000 -1.62790 -0.00000 0.00000 1.00000 0.00000
1547644208365072 0.99998 -0.00609 0.00000 -25.01763 0.00609 0.99998 -0.00000 -1.54789 -0.00000 0.00000 1.00000 0.00000
1547644208615077 0.99998 -0.00553 0.00000 -26.68755 0.00553 0.99998 -0.00000 -1.54647 -0.00000 0.00000 1.00000 0.00000
1547644208864320 0.99999 -0.00514 0.00000 -28.37536 0.00514 0.99999 -0.00000 -1.50631 -0.00000 0.00000 1.00000 0.00000
1547644209113512 0.99999 -0.00318 0.00000 -30.04641 0.00318 0.99999 -0.00000 -1.43249 -0.00000 0.00000 1.00000 0.00000
1547644209363364 0.99999 -0.00361 0.00000 -31.77682 0.00361 0.99999 -0.00000 -1.41408 -0.00000 0.00000 1.00000 0.00000
1547644209613257 0.99999 -0.00482 0.00000 -33.55197 0.00482 0.99999 -0.00000 -1.44612 -0.00000 0.00000 1.00000 0.00000
1547644209862865 0.99999 -0.00390 0.00000 -35.35625 0.00390 0.99999 -0.00000 -1.37714 -0.00000 0.00000 1.00000 0.00000
1547644210112725 0.99998 -0.00594 0.00000 -37.16682 0.00594 0.99998 -0.00000 -1.42977 -0.00000 0.00000 1.00000 0.00000
1547644210363410 0.99997 -0.00801 0.00000 -39.04056 0.00801 0.99997 -0.00000 -1.45676 -0.00000 0.00000 1.00000 0.00000
1547644210615351 0.99997 -0.00798 0.00000 -40.90254 0.00798 0.99997 -0.00000 -1.44935 -0.00000 0.00000 1.00000 0.00000
1547644210867117 0.99996 -0.00922 0.00000 -42.80260 0.00922 0.99996 -0.00000 -1.45890 -0.00000 0.00000 1.00000 0.00000
1547644211117868 0.99995 -0.01001 0.00000 -44.73130 0.01001 0.99995 -0.00000 -1.43986 -0.00000 0.00000 1.00000 0.00000
1547644211367883 0.99993 -0.01168 0.00000 -46.70350 0.01168 0.99993 -0.00000 -1.53503 -0.00000 0.00000 1.00000 0.00000
1547644211618346 0.99993 -0.01217 0.00000 -48.69719 0.01217 0.99993 -0.00000 -1.53018 -0.00000 0.00000 1.00000 0.00000
1547644211868854 0.99990 -0.01425 0.00000 -50.69888 0.01425 0.99990 -0.00000 -1.58672 -0.00000 0.00000 1.00000 0.00000
1547644212118447 0.99989 -0.01471 0.00000 -52.69609 0.01471 0.99989 -0.00000 -1.54604 -0.00000 0.00000 1.00000 0.00000
1547644212367770 0.99983 -0.01846 0.00000 -54.78877 0.01846 0.99983 -0.00000 -1.72831 -0.00000 0.00000 1.00000 0.00000
1547644212616916 0.99977 -0.02131 0.00000 -56.88905 0.02131 0.99977 -0.00000 -1.86275 -0.00000 0.00000 1.00000 0.00000
1547644212865835 0.99976 -0.02171 0.00000 -59.00386 0.02171 0.99976 -0.00000 -1.87259 -0.00000 0.00000 1.00000 0.00000
1547644213114948 0.99973 -0.02312 0.00000 -61.15381 0.02312 0.99973 -0.00000 -1.89652 -0.00000 0.00000 1.00000 0.00000
1547644213363579 0.99973 -0.02306 0.00000 -63.34658 0.02306 0.99973 -0.00000 -1.85140 -0.00000 0.00000 1.00000 0.00000
1547644213612061 0.99968 -0.02537 0.00000 -65.56835 0.02537 0.99968 -0.00000 -2.04021 -0.00000 0.00000 1.00000 0.00000
1547644213861630 0.99963 -0.02703 0.00000 -67.82939 0.02703 0.99963 -0.00000 -2.11619 -0.00000 0.00000 1.00000 0.00000
1547644214111778 0.99961 -0.02806 0.00000 -70.08600 0.02806 0.99961 -0.00000 -2.14092 -0.00000 0.00000 1.00000 0.00000
1547644214361677 0.99955 -0.02995 0.00000 -72.36706 0.02995 0.99955 -0.00000 -2.25634 -0.00000 0.00000 1.00000 0.00000
1547644214611639 0.99959 -0.02872 0.00000 -74.67443 0.02872 0.99959 -0.00000 -2.12781 -0.00000 0.00000 1.00000 0.00000
1547644214862739 0.99957 -0.02917 0.00000 -76.99152 0.02917 0.99957 -0.00000 -2.13183 -0.00000 0.00000 1.00000 0.00000
1547644215114350 0.99958 -0.02895 0.00000 -79.34083 0.02895 0.99958 -0.00000 -2.07658 -0.00000 0.00000 1.00000 0.00000
1547644215365495 0.99958 -0.02900 0.00000 -81.70773 0.02900 0.99958 -0.00000 -2.06688 -0.00000 0.00000 1.00000 0.00000
1547644215616343 0.99959 -0.02847 0.00000 -84.08758 0.02847 0.99959 -0.00000 -2.03283 -0.00000 0.00000 1.00000 0.00000
1547644215866777 0.99957 -0.02930 0.00000 -86.45579 0.02930 0.99957 -0.00000 -2.03976 -0.00000 0.00000 1.00000 0.00000
1547644216116790 0.99965 -0.02661 0.00000 -88.80934 0.02661 0.99965 -0.00000 -1.77476 -0.00000 0.00000 1.00000 0.00000
1547644216366565 0.99971 -0.02425 0.00000 -91.21078 0.02425 0.99971 -0.00000 -1.54265 -0.00000 0.00000 1.00000 0.00000
1547644216616096 0.99979 -0.02050 0.00000 -93.59206 0.02050 0.99979 -0.00000 -1.14115 -0.00000 0.00000 1.00000 0.00000
1547644216865292 0.99988 -0.01579 0.00000 -95.97461 0.01579 0.99988 -0.00000 -0.67203 -0.00000 0.00000 1.00000 0.00000
1547644217114310 0.99997 -0.00715 0.00000 -98.48765 0.00715 0.99997 -0.00000 0.18552 -0.00000 0.00000 1.00000 0.00000
1547644217363368 1.00000 -0.00018 0.00000 -100.86360 0.00018 1.00000 -0.00000 0.86366 -0.00000 0.00000 1.00000 0.00000
1547644217612399 0.99998 0.00664 -0.00000 -103.30424 -0.00664 0.99998 0.00000 1.60935 0.00000 -0.00000 1.00000 -0.00000
1547644217860843 0.99994 0.01090 -0.00000 -105.67573 -0.01090 0.99994 0.00000 2.08511 0.00000 -0.00000 1.00000 -0.00000
1547644218109308 0.99988 0.01527 -0.00000 -108.12083 -0.01527 0.99988 0.00000 2.65313 0.00000 -0.00000 1.00000 -0.00000
1547644218357974 0.99986 0.01648 -0.00000 -110.51467 -0.01648 0.99986 0.00000 2.79492 0.00000 -0.00000 1.00000 -0.00000
1547644218607521 0.99994 0.01107 -0.00000 -112.97602 -0.01107 0.99994 0.00000 2.21768 0.00000 -0.00000 1.00000 -0.00000
1547644218857661 0.99994 0.01128 -0.00000 -115.39773 -0.01128 0.99994 0.00000 2.25024 0.00000 -0.00000 1.00000 -0.00000
1547644219107635 0.99995 0.01016 -0.00000 -117.83983 -0.01016 0.99995 0.00000 2.21704 0.00000 -0.00000 1.00000 -0.00000
1547644219357393 0.99995 0.01017 -0.00000 -120.21841 -0.01017 0.99995 0.00000 2.20080 0.00000 -0.00000 1.00000 -0.00000
1547644219606961 0.99997 0.00750 -0.00000 -122.61390 -0.00750 0.99997 0.00000 1.90986 0.00000 -0.00000 1.00000 -0.00000
1547644219856543 0.99997 0.00723 -0.00000 -124.94451 -0.00723 0.99997 0.00000 1.89793 0.00000 -0.00000 1.00000 -0.00000
1547644220106107 0.99998 0.00693 -0.00000 -127.29190 -0.00693 0.99998 0.00000 1.87535 0.00000 -0.00000 1.00000 -0.00000
1547644220356658 0.99997 0.00779 -0.00000 -129.57869 -0.00779 0.99997 0.00000 2.03173 0.00000 -0.00000 1.00000 -0.00000
1547644220608577 0.99998 0.00685 -0.00000 -131.87835 -0.00685 0.99998 0.00000 1.92486 0.00000 -0.00000 1.00000 -0.00000
1547644220860341 0.99998 0.00603 -0.00000 -134.15698 -0.00603 0.99998 0.00000 1.83826 0.00000 -0.00000 1.00000 -0.00000
1547644221111129 0.99998 0.00552 -0.00000 -136.39792 -0.00552 0.99998 0.00000 1.76400 0.00000 -0.00000 1.00000 -0.00000
1547644221361654 0.99999 0.00510 -0.00000 -138.57272 -0.00510 0.99999 0.00000 1.76051 0.00000 -0.00000 1.00000 -0.00000
1547644221612112 0.99999 0.00502 -0.00000 -140.70771 -0.00502 0.99999 0.00000 1.80669 0.00000 -0.00000 1.00000 -0.00000
1547644221862543 0.99999 0.00465 -0.00000 -142.77650 -0.00465 0.99999 0.00000 1.75409 0.00000 -0.00000 1.00000 -0.00000
1547644222112328 0.99999 0.00528 -0.00000 -144.80748 -0.00528 0.99999 0.00000 1.87580 0.00000 -0.00000 1.00000 -0.00000
1547644222361484 0.99997 0.00751 -0.00000 -146.76135 -0.00751 0.99997 0.00000 2.20794 0.00000 -0.00000 1.00000 -0.00000
1547644222610738 0.99999 0.00546 -0.00000 -148.65916 -0.00546 0.99999 0.00000 1.95173 0.00000 -0.00000 1.00000 -0.00000
1547644222859759 0.99998 0.00620 -0.00000 -150.51066 -0.00620 0.99998 0.00000 2.06386 0.00000 -0.00000 1.00000 -0.00000
1547644223108660 0.99999 0.00505 -0.00000 -152.30695 -0.00505 0.99999 0.00000 1.90848 0.00000 -0.00000 1.00000 -0.00000
1547644223357600 0.99999 0.00426 -0.00000 -154.07325 -0.00426 0.99999 0.00000 1.79876 0.00000 -0.00000 1.00000 -0.00000
1547644223605777 0.99999 0.00363 -0.00000 -155.76905 -0.00363 0.99999 0.00000 1.74042 0.00000 -0.00000 1.00000 -0.00000
1547644223854677 0.99999 0.00338 -0.00000 -157.39729 -0.00338 0.99999 0.00000 1.73446 0.00000 -0.00000 1.00000 -0.00000
1547644224105587 0.99999 0.00427 -0.00000 -159.00377 -0.00427 0.99999 0.00000 1.88314 0.00000 -0.00000 1.00000 -0.00000
1547644224356200 0.99999 0.00416 -0.00000 -160.54881 -0.00416 0.99999 0.00000 1.87711 0.00000 -0.00000 1.00000 -0.00000
1547644224606056 0.99999 0.00448 -0.00000 -162.01664 -0.00448 0.99999 0.00000 1.94824 0.00000 -0.00000 1.00000 -0.00000
1547644224856292 0.99999 0.00450 -0.00000 -163.41146 -0.00450 0.99999 0.00000 2.01134 0.00000 -0.00000 1.00000 -0.00000
1547644225106758 0.99999 0.00431 -0.00000 -164.76736 -0.00431 0.99999 0.00000 2.00828 0.00000 -0.00000 1.00000 -0.00000
1547644225357832 0.99997 0.00736 -0.00000 -166.06579 -0.00736 0.99997 0.00000 2.53708 0.00000 -0.00000 1.00000 -0.00000
1547644225610045 0.99995 0.01042 -0.00000 -167.26183 -0.01042 0.99995 0.00000 3.07641 0.00000 -0.00000 1.00000 -0.00000
1547644225862124 0.99994 0.01106 -0.00000 -168.41006 -0.01106 0.99994 0.00000 3.18301 0.00000 -0.00000 1.00000 -0.00000
1547644226113018 0.99992 0.01235 -0.00000 -169.47916 -0.01235 0.99992 0.00000 3.40425 0.00000 -0.00000 1.00000 -0.00000
1547644226363831 0.99992 0.01267 -0.00000 -170.49299 -0.01267 0.99992 0.00000 3.50075 0.00000 -0.00000 1.00000 -0.00000
1547644226614036 0.99990 0.01398 -0.00000 -171.43562 -0.01398 0.99990 0.00000 3.74073 0.00000 -0.00000 1.00000 -0.00000
1547644226864299 0.99988 0.01575 -0.00000 -172.29860 -0.01575 0.99988 0.00000 4.00334 0.00000 -0.00000 1.00000 -0.00000
1547644227114377 0.99984 0.01776 -0.00000 -173.09585 -0.01776 0.99984 0.00000 4.38766 0.00000 -0.00000 1.00000 -0.00000
1547644227363511 0.99982 0.01879 -0.00000 -173.83198 -0.01879 0.99982 0.00000 4.62573 0.00000 -0.00000 1.00000 -0.00000
1547644227612823 0.99984 0.01791 -0.00000 -174.50679 -0.01791 0.99984 0.00000 4.44864 0.00000 -0.00000 1.00000 -0.00000
1547644227862065 0.99982 0.01889 -0.00000 -175.12177 -0.01889 0.99982 0.00000 4.62224 0.00000 -0.00000 1.00000 -0.00000
1547644228111027 0.99987 0.01632 -0.00000 -175.69004 -0.01632 0.99987 0.00000 4.18567 0.00000 -0.00000 1.00000 -0.00000
1547644228359832 0.99987 0.01620 -0.00000 -176.17867 -0.01620 0.99987 0.00000 4.19877 0.00000 -0.00000 1.00000 -0.00000
1547644228608383 0.99987 0.01640 -0.00000 -176.58486 -0.01640 0.99987 0.00000 4.20133 0.00000 -0.00000 1.00000 -0.00000
1547644228856570 0.99986 0.01649 -0.00000 -176.92323 -0.01649 0.99986 0.00000 4.25131 0.00000 -0.00000 1.00000 -0.00000
1547644229105355 0.99986 0.01647 -0.00000 -177.21764 -0.01647 0.99986 0.00000 4.22688 0.00000 -0.00000 1.00000 -0.00000
1547644229356268 0.99987 0.01638 -0.00000 -177.44035 -0.01638 0.99987 0.00000 4.20626 0.00000 -0.00000 1.00000 -0.00000
1547644229607074 0.99986 0.01648 -0.00000 -177.64588 -0.01648 0.99986 0.00000 4.22353 0.00000 -0.00000 1.00000 -0.00000
1547644229857091 0.99986 0.01654 -0.00000 -177.84720 -0.01654 0.99986 0.00000 4.21320 0.00000 -0.00000 1.00000 -0.00000
1547644230107556 0.99987 0.01626 -0.00000 -178.01724 -0.01626 0.99987 0.00000 4.16763 0.00000 -0.00000 1.00000 -0.00000
1547644230358000 0.99986 0.01645 -0.00000 -178.15664 -0.01645 0.99986 0.00000 4.22005 0.00000 -0.00000 1.00000 -0.00000
1547644230607867 0.99985 0.01706 -0.00000 -178.26486 -0.01706 0.99985 0.00000 4.33926 0.00000 -0.00000 1.00000 -0.00000
1547644230858464 0.99986 0.01654 -0.00000 -178.36104 -0.01654 0.99986 0.00000 4.22584 0.00000 -0.00000 1.00000 -0.00000
1547644231110130 0.99985 0.01716 -0.00000 -178.44319 -0.01716 0.99985 0.00000 4.34772 0.00000 -0.00000 1.00000 -0.00000
1547644231361871 0.99986 0.01687 -0.00000 -178.52841 -0.01687 0.99986 0.00000 4.30781 0.00000 -0.00000 1.00000 -0.00000
1547644231613356 0.99986 0.01701 -0.00000 -178.60828 -0.01701 0.99986 0.00000 4.33187 0.00000 -0.00000 1.00000 -0.00000
1547644231864276 0.99986 0.01683 -0.00000 -178.66584 -0.01683 0.99986 0.00000 4.30429 0.00000 -0.00000 1.00000 -0.00000
1547644232115005 0.99985 0.01723 -0.00000 -178.75997 -0.01723 0.99985 0.00000 4.35687 0.00000 -0.00000 1.00000 -0.00000
1547644232365741 0.99985 0.01759 -0.00000 -178.85911 -0.01759 0.99985 0.00000 4.42359 0.00000 -0.00000 1.00000 -0.00000
1547644232615971 0.99984 0.01762 -0.00000 -178.98732 -0.01762 0.99984 0.00000 4.42928 0.00000 -0.00000 1.00000 -0.00000
1547644232865859 0.99984 0.01764 -0.00000 -179.15113 -0.01764 0.99984 0.00000 4.44407 0.00000 -0.00000 1.00000 -0.00000
1547644233115626 0.99985 0.01742 -0.00000 -179.36457 -0.01742 0.99985 0.00000 4.40658 0.00000 -0.00000 1.00000 -0.00000
1547644233364846 0.99984 0.01778 -0.00000 -179.60473 -0.01778 0.99984 0.00000 4.47945 0.00000 -0.00000 1.00000 -0.00000
1547644233613768 0.99986 0.01691 -0.00000 -179.89576 -0.01691 0.99986 0.00000 4.32276 0.00000 -0.00000 1.00000 -0.00000
1547644233862395 0.99986 0.01696 -0.00000 -180.23097 -0.01696 0.99986 0.00000 4.34593 0.00000 -0.00000 1.00000 -0.00000
1547644234110791 0.99985 0.01714 -0.00000 -180.63241 -0.01714 0.99985 0.00000 4.38538 0.00000 -0.00000 1.00000 -0.00000
1547644234360045 0.99987 0.01619 -0.00000 -181.08428 -0.01619 0.99987 0.00000 4.24051 0.00000 -0.00000 1.00000 -0.00000
1547644234610493 0.99988 0.01542 -0.00000 -181.62273 -0.01542 0.99988 0.00000 4.09808 0.00000 -0.00000 1.00000 -0.00000
1547644234860287 0.99990 0.01409 -0.00000 -182.23139 -0.01409 0.99990 0.00000 3.86016 0.00000 -0.00000 1.00000 -0.00000
1547644235109952 0.99992 0.01232 -0.00000 -182.90166 -0.01232 0.99992 0.00000 3.55858 0.00000 -0.00000 1.00000 -0.00000
1547644235360304 0.99994 0.01083 -0.00000 -183.65765 -0.01083 0.99994 0.00000 3.31066 0.00000 -0.00000 1.00000 -0.00000
1547644235610017 0.99993 0.01163 -0.00000 -184.49619 -0.01163 0.99993 0.00000 3.43943 0.00000 -0.00000 1.00000 -0.00000
1547644235859436 0.99993 0.01197 -0.00000 -185.43889 -0.01197 0.99993 0.00000 3.48880 0.00000 -0.00000 1.00000 -0.00000
1547644236109158 0.99996 0.00876 -0.00000 -186.49574 -0.00876 0.99996 0.00000 2.91924 0.00000 -0.00000 1.00000 -0.00000
1547644236358953 0.99997 0.00742 -0.00000 -187.61260 -0.00742 0.99997 0.00000 2.72295 0.00000 -0.00000 1.00000 -0.00000
1547644236609500 0.99999 0.00409 -0.00000 -188.84561 -0.00409 0.99999 0.00000 2.13502 0.00000 -0.00000 1.00000 -0.00000
1547644236861202 0.99999 0.00393 -0.00000 -190.16274 -0.00393 0.99999 0.00000 2.12276 0.00000 -0.00000 1.00000 -0.00000
1547644237112525 0.99999 0.00345 -0.00000 -191.56905 -0.00345 0.99999 0.00000 2.04648 0.00000 -0.00000 1.00000 -0.00000
1547644237363202 0.99999 0.00329 -0.00000 -193.04653 -0.00329 0.99999 0.00000 2.01960 0.00000 -0.00000 1.00000 -0.00000
1547644237613912 0.99999 0.00422 -0.00000 -194.62768 -0.00422 0.99999 0.00000 2.23747 0.00000 -0.00000 1.00000 -0.00000
1547644237864330 1.00000 0.00085 -0.00000 -196.25700 -0.00085 1.00000 0.00000 1.61148 0.00000 -0.00000 1.00000 -0.00000
1547644238114435 1.00000 0.00106 -0.00000 -197.89590 -0.00106 1.00000 0.00000 1.65018 0.00000 -0.00000 1.00000 -0.00000
1547644238364348 1.00000 0.00198 -0.00000 -199.64257 -0.00198 1.00000 0.00000 1.89361 0.00000 -0.00000 1.00000 -0.00000
1547644238613576 1.00000 0.00305 -0.00000 -201.40931 -0.00305 1.00000 0.00000 2.10497 0.00000 -0.00000 1.00000 -0.00000
1547644238862852 1.00000 0.00243 -0.00000 -203.19638 -0.00243 1.00000 0.00000 1.99997 0.00000 -0.00000 1.00000 -0.00000
1547644239112149 0.99999 0.00376 -0.00000 -205.04104 -0.00376 0.99999 0.00000 2.27501 0.00000 -0.00000 1.00000 -0.00000
1547644239360750 0.99999 0.00370 -0.00000 -206.94413 -0.00370 0.99999 0.00000 2.29845 0.00000 -0.00000 1.00000 -0.00000
1547644239609306 0.99998 0.00626 -0.00000 -208.85635 -0.00626 0.99998 0.00000 2.83089 0.00000 -0.00000 1.00000 -0.00000
1547644239857943 0.99996 0.00930 -0.00000 -210.79638 -0.00930 0.99996 0.00000 3.46702 0.00000 -0.00000 1.00000 -0.00000
1547644240107088 0.99990 0.01401 -0.00000 -212.74372 -0.01401 0.99990 0.00000 4.47511 0.00000 -0.00000 1.00000 -0.00000
1547644240357019 0.99983 0.01824 -0.00000 -214.70664 -0.01824 0.99983 0.00000 5.42184 0.00000 -0.00000 1.00000 -0.00000
1547644240607443 0.99972 0.02378 -0.00000 -216.66749 -0.02378 0.99972 0.00000 6.62227 0.00000 -0.00000 1.00000 -0.00000
1547644240857165 0.99957 0.02918 -0.00000 -218.62206 -0.02918 0.99957 0.00000 7.82195 0.00000 -0.00000 1.00000 -0.00000
1547644241106877 0.99937 0.03549 -0.00000 -220.57961 -0.03549 0.99937 0.00000 9.22362 0.00000 -0.00000 1.00000 -0.00000
1547644241356547 0.99905 0.04359 -0.00000 -222.51525 -0.04359 0.99905 0.00000 11.08380 0.00000 -0.00000 1.00000 -0.00000
1547644241605974 0.99866 0.05167 -0.00000 -224.42194 -0.05167 0.99866 0.00000 12.91949 0.00000 -0.00000 1.00000 -0.00000
1547644241855324 0.99803 0.06281 -0.00000 -226.31119 -0.06281 0.99803 0.00000 15.42411 0.00000 -0.00000 1.00000 -0.00000
1547644242105246 0.99722 0.07451 -0.00000 -228.18836 -0.07451 0.99722 0.00000 18.10020 0.00000 -0.00000 1.00000 -0.00000
1547644242356019 0.99644 0.08428 -0.00000 -230.03147 -0.08428 0.99644 0.00000 20.31054 0.00000 -0.00000 1.00000 -0.00000
1547644242607381 0.99575 0.09214 -0.00000 -231.89834 -0.09214 0.99575 0.00000 22.19782 0.00000 -0.00000 1.00000 -0.00000
1547644242859167 0.99492 0.10062 -0.00000 -233.75109 -0.10062 0.99492 0.00000 24.15492 0.00000 -0.00000 1.00000 -0.00000
1547644243109695 0.99414 0.10813 -0.00000 -235.69336 -0.10813 0.99414 0.00000 25.98283 0.00000 -0.00000 1.00000 -0.00000
1547644243360167 0.99358 0.11311 -0.00000 -237.66886 -0.11311 0.99358 0.00000 27.18163 0.00000 -0.00000 1.00000 -0.00000
1547644243610804 0.99313 0.11700 -0.00000 -239.57519 -0.11700 0.99313 0.00000 28.08275 0.00000 -0.00000 1.00000 0.00000
1547644243861217 0.99308 0.11745 -0.00000 -241.69519 -0.11745 0.99308 0.00000 28.16435 0.00000 -0.00000 1.00000 0.00000
1547644244110831 0.99313 0.11704 -0.00000 -243.80268 -0.11704 0.99313 0.00000 28.11953 0.00000 -0.00000 1.00000 0.00000
1547644244360169 0.99314 0.11692 -0.00000 -245.93483 -0.11692 0.99314 0.00000 28.15864 0.00000 -0.00000 1.00000 0.00000
1547644244609550 0.99306 0.11761 -0.00000 -248.02930 -0.11761 0.99306 0.00000 28.31916 0.00000 -0.00000 1.00000 0.00000
1547644244858321 0.99318 0.11658 -0.00000 -250.17827 -0.11658 0.99318 0.00000 28.12625 0.00000 -0.00000 1.00000 0.00000
1547644245107322 0.99315 0.11688 -0.00000 -252.32619 -0.11688 0.99315 0.00000 28.19961 0.00000 -0.00000 1.00000 0.00000
1547644245355956 0.99339 0.11478 -0.00000 -254.52963 -0.11478 0.99339 0.00000 27.71522 0.00000 -0.00000 1.00000 0.00000
1547644245604222 0.99350 0.11383 -0.00000 -256.73014 -0.11383 0.99350 0.00000 27.53066 0.00000 -0.00000 1.00000 0.00000
1547644245853535 0.99354 0.11349 -0.00000 -258.95319 -0.11349 0.99354 0.00000 27.41189 0.00000 -0.00000 1.00000 0.00000
1547644246103724 0.99350 0.11381 -0.00000 -261.13935 -0.11381 0.99350 0.00000 27.55129 0.00000 -0.00000 1.00000 0.00000
1547644246353415 0.99361 0.11289 -0.00000 -263.37851 -0.11289 0.99361 0.00000 27.40266 0.00000 -0.00000 1.00000 0.00000
1547644246603049 0.99363 0.11271 -0.00000 -265.63385 -0.11271 0.99363 0.00000 27.29769 0.00000 -0.00000 1.00000 0.00000
1547644246853089 0.99375 0.11165 -0.00000 -267.91357 -0.11165 0.99375 0.00000 27.10114 0.00000 -0.00000 1.00000 0.00000
1547644247103097 0.99388 0.11045 -0.00000 -270.16182 -0.11045 0.99388 0.00000 26.81493 0.00000 -0.00000 1.00000 0.00000
1547644247352693 0.99387 0.11053 -0.00000 -272.43739 -0.11053 0.99387 0.00000 26.83012 0.00000 -0.00000 1.00000 0.00000
1547644247602042 0.99379 0.11125 -0.00000 -274.72878 -0.11125 0.99379 0.00000 26.99379 0.00000 -0.00000 1.00000 0.00000
1547644247852333 0.99399 0.10945 -0.00000 -277.07592 -0.10945 0.99399 0.00000 26.62246 0.00000 -0.00000 1.00000 0.00000
1547644248104500 0.99393 0.10997 -0.00000 -279.36218 -0.10997 0.99393 0.00000 26.76181 0.00000 -0.00000 1.00000 0.00000
1547644248356131 0.99433 0.10637 -0.00000 -281.77266 -0.10637 0.99433 0.00000 25.70729 0.00000 -0.00000 1.00000 0.00000
1547644248606518 0.99406 0.10882 -0.00000 -284.05141 -0.10882 0.99406 0.00000 26.45478 0.00000 -0.00000 1.00000 0.00000
1547644248856995 0.99402 0.10921 -0.00000 -286.38500 -0.10921 0.99402 0.00000 26.60163 0.00000 -0.00000 1.00000 0.00000
1547644249107361 0.99359 0.11306 -0.00000 -288.69875 -0.11306 0.99359 0.00000 27.80001 0.00000 -0.00000 1.00000 0.00000
1547644249357387 0.99296 0.11842 -0.00000 -290.91663 -0.11842 0.99296 0.00000 29.42031 0.00000 -0.00000 1.00000 0.00000
1547644249607310 0.99226 0.12414 -0.00000 -293.11817 -0.12414 0.99226 0.00000 31.10494 0.00000 -0.00000 1.00000 0.00000
1547644249856698 0.99164 0.12901 -0.00000 -295.28885 -0.12901 0.99164 0.00000 32.60980 0.00000 -0.00000 1.00000 0.00000
1547644250105763 0.99163 0.12911 -0.00000 -297.63609 -0.12911 0.99163 0.00000 32.68527 0.00000 -0.00000 1.00000 0.00000
1547644250355176 0.99185 0.12738 -0.00000 -300.03165 -0.12738 0.99185 0.00000 32.23088 0.00000 -0.00000 1.00000 0.00000
1547644250604167 0.99190 0.12698 -0.00000 -302.36078 -0.12698 0.99190 0.00000 32.08758 0.00000 -0.00000 1.00000 0.00000
1547644250852798 0.99239 0.12315 -0.00000 -304.71839 -0.12315 0.99239 0.00000 31.01189 0.00000 -0.00000 1.00000 0.00000
1547644251101798 0.99275 0.12023 -0.00000 -307.04353 -0.12023 0.99275 0.00000 30.19917 0.00000 -0.00000 1.00000 0.00000
1547644251351206 0.99291 0.11886 -0.00000 -309.26809 -0.11886 0.99291 0.00000 29.84681 0.00000 -0.00000 1.00000 0.00000
1547644251601207 0.99308 0.11742 -0.00000 -311.45626 -0.11742 0.99308 0.00000 29.38358 0.00000 -0.00000 1.00000 0.00000
1547644251851182 0.99323 0.11618 -0.00000 -313.56530 -0.11618 0.99323 0.00000 29.02796 0.00000 -0.00000 1.00000 0.00000
1547644252101269 0.99344 0.11440 -0.00000 -315.64705 -0.11440 0.99344 0.00000 28.51223 0.00000 -0.00000 1.00000 0.00000
1547644252351119 0.99349 0.11393 -0.00000 -317.63647 -0.11393 0.99349 0.00000 28.40764 0.00000 -0.00000 1.00000 0.00000
1547644252601066 0.99358 0.11316 -0.00000 -319.59738 -0.11316 0.99358 0.00000 28.17040 0.00000 -0.00000 1.00000 0.00000
1547644252850910 0.99393 0.11002 -0.00000 -321.59791 -0.11002 0.99393 0.00000 27.16707 0.00000 -0.00000 1.00000 0.00000
1547644253100564 0.99405 0.10891 -0.00000 -323.47343 -0.10891 0.99405 0.00000 26.90895 0.00000 -0.00000 1.00000 0.00000
1547644253350369 0.99412 0.10830 -0.00000 -325.27558 -0.10830 0.99412 0.00000 26.73648 0.00000 -0.00000 1.00000 0.00000
1547644253601028 0.99440 0.10572 -0.00000 -327.08436 -0.10572 0.99440 0.00000 25.91632 0.00000 -0.00000 1.00000 0.00000
1547644253852931 0.99454 0.10433 -0.00000 -328.82033 -0.10433 0.99454 0.00000 25.50435 0.00000 -0.00000 1.00000 0.00000
1547644254104614 0.99478 0.10203 -0.00000 -330.57792 -0.10203 0.99478 0.00000 24.79524 0.00000 -0.00000 1.00000 0.00000
1547644254355113 0.99495 0.10034 -0.00000 -332.22217 -0.10034 0.99495 0.00000 24.25705 0.00000 -0.00000 1.00000 0.00000
1547644254605743 0.99530 0.09683 -0.00000 -333.84767 -0.09683 0.99530 0.00000 23.10129 0.00000 -0.00000 1.00000 0.00000
1547644254856570 0.99560 0.09371 -0.00000 -335.45184 -0.09371 0.99560 0.00000 22.11696 0.00000 -0.00000 1.00000 0.00000
1547644255106395 0.99617 0.08746 -0.00000 -337.03677 -0.08746 0.99617 0.00000 19.98758 0.00000 -0.00000 1.00000 0.00000
1547644255356045 0.99662 0.08215 -0.00000 -338.52832 -0.08215 0.99662 0.00000 18.23924 0.00000 -0.00000 1.00000 0.00000
1547644255606178 0.99688 0.07889 -0.00000 -339.95186 -0.07889 0.99688 0.00000 17.13938 0.00000 -0.00000 1.00000 0.00000
1547644255855555 0.99702 0.07720 -0.00000 -341.30098 -0.07720 0.99702 0.00000 16.62008 0.00000 -0.00000 1.00000 0.00000
1547644256104105 0.99713 0.07567 -0.00000 -342.54928 -0.07567 0.99713 0.00000 16.13999 0.00000 -0.00000 1.00000 0.00000
1547644256352914 0.99745 0.07142 -0.00000 -343.80788 -0.07142 0.99745 0.00000 14.73061 0.00000 -0.00000 1.00000 0.00000
1547644256601597 0.99755 0.07003 -0.00000 -344.93212 -0.07003 0.99755 0.00000 14.24935 0.00000 -0.00000 1.00000 0.00000
1547644256850018 0.99767 0.06822 -0.00000 -346.05534 -0.06822 0.99767 0.00000 13.62936 0.00000 -0.00000 1.00000 0.00000
1547644257099699 0.99776 0.06684 -0.00000 -347.07047 -0.06684 0.99776 0.00000 13.15737 0.00000 -0.00000 1.00000 0.00000
1547644257350121 0.99797 0.06370 -0.00000 -348.06368 -0.06370 0.99797 0.00000 12.05375 0.00000 -0.00000 1.00000 0.00000
1547644257599956 0.99824 0.05937 -0.00000 -349.02004 -0.05937 0.99824 0.00000 10.56746 0.00000 -0.00000 1.00000 0.00000
1547644257849823 0.99869 0.05118 -0.00000 -349.91365 -0.05118 0.99869 0.00000 7.69602 0.00000 -0.00000 1.00000 0.00000
1547644258099848 0.99920 0.03988 -0.00000 -350.75342 -0.03988 0.99920 0.00000 3.75137 0.00000 -0.00000 1.00000 0.00000
1547644258349814 0.99962 0.02758 -0.00000 -351.48982 -0.02758 0.99962 0.00000 -0.47337 0.00000 -0.00000 1.00000 0.00000
1547644258600577 0.99979 0.02045 -0.00000 -352.12108 -0.02045 0.99979 0.00000 -2.95963 0.00000 -0.00000 1.00000 0.00000
1547644258852441 0.99995 0.01048 -0.00000 -352.72394 -0.01048 0.99995 0.00000 -6.46751 0.00000 -0.00000 1.00000 0.00000
1547644259104487 0.99999 0.00387 -0.00000 -353.25785 -0.00387 0.99999 0.00000 -8.74994 0.00000 -0.00000 1.00000 0.00000
1547644259356270 1.00000 -0.00070 0.00000 -353.73754 0.00070 1.00000 -0.00000 -10.40613 -0.00000 0.00000 1.00000 0.00000
1547644259606933 1.00000 -0.00286 0.00000 -354.20202 0.00286 1.00000 -0.00000 -11.11087 -0.00000 0.00000 1.00000 0.00000
1547644259857039 0.99999 -0.00530 0.00000 -354.57375 0.00530 0.99999 -0.00000 -11.89932 -0.00000 0.00000 1.00000 0.00000
1547644260107835 0.99998 -0.00596 0.00000 -354.86932 0.00596 0.99998 -0.00000 -12.15924 -0.00000 0.00000 1.00000 0.00000
1547644260357876 0.99998 -0.00649 0.00000 -355.09245 0.00649 0.99998 -0.00000 -12.34889 -0.00000 0.00000 1.00000 0.00000
1547644260607378 0.99995 -0.00986 0.00000 -355.22460 0.00986 0.99995 -0.00000 -13.56959 -0.00000 0.00000 1.00000 0.00000
1547644260857259 0.99996 -0.00919 0.00000 -355.36050 0.00919 0.99996 -0.00000 -13.34384 -0.00000 0.00000 1.00000 0.00000
1547644261106956 0.99996 -0.00933 0.00000 -355.45926 0.00933 0.99996 -0.00000 -13.36691 -0.00000 0.00000 1.00000 0.00000
1547644261356198 0.99995 -0.01027 0.00000 -355.55439 0.01027 0.99995 -0.00000 -13.68266 -0.00000 0.00000 1.00000 0.00000
1547644261605468 0.99993 -0.01203 0.00000 -355.70610 0.01203 0.99993 -0.00000 -14.31515 -0.00000 0.00000 1.00000 0.00000
1547644261854293 0.99989 -0.01487 0.00000 -355.79409 0.01487 0.99989 -0.00000 -15.32185 -0.00000 0.00000 1.00000 0.00000
1547644262102499 0.99984 -0.01793 0.00000 -355.97650 0.01793 0.99984 -0.00000 -16.37553 -0.00000 0.00000 1.00000 0.00000
1547644262351691 0.99974 -0.02293 0.00000 -356.14484 0.02293 0.99974 -0.00000 -18.14731 -0.00000 0.00000 1.00000 0.00000
1547644262601680 0.99964 -0.02699 0.00000 -356.34350 0.02699 0.99964 -0.00000 -19.56677 -0.00000 0.00000 1.00000 0.00000
1547644262851624 0.99937 -0.03549 0.00000 -356.55438 0.03549 0.99937 -0.00000 -22.54065 -0.00000 0.00000 1.00000 0.00000
1547644263101402 0.99903 -0.04414 0.00000 -356.77974 0.04414 0.99903 -0.00000 -25.63272 -0.00000 0.00000 1.00000 0.00000
1547644263351039 0.99865 -0.05186 0.00000 -357.06100 0.05186 0.99865 -0.00000 -28.40597 -0.00000 0.00000 1.00000 0.00000
1547644263601110 0.99829 -0.05840 0.00000 -357.37098 0.05840 0.99829 -0.00000 -30.69113 -0.00000 0.00000 1.00000 0.00000
1547644263851210 0.99801 -0.06310 0.00000 -357.82012 0.06310 0.99801 -0.00000 -32.41128 -0.00000 0.00000 1.00000 0.00000
1547644264100876 0.99771 -0.06771 0.00000 -358.27531 0.06771 0.99771 -0.00000 -34.08070 -0.00000 0.00000 1.00000 0.00000
1547644264351470 0.99752 -0.07039 0.00000 -358.85910 0.07039 0.99752 -0.00000 -34.99986 -0.00000 0.00000 1.00000 0.00000
1547644264603708 0.99734 -0.07290 0.00000 -359.49905 0.07290 0.99734 -0.00000 -35.89151 -0.00000 0.00000 1.00000 0.00000
1547644264855089 0.99724 -0.07430 0.00000 -360.21984 0.07430 0.99724 -0.00000 -36.42169 -0.00000 0.00000 1.00000 0.00000
1547644265105573 0.99706 -0.07657 0.00000 -360.98148 0.07657 0.99706 -0.00000 -37.15221 -0.00000 0.00000 1.00000 0.00000
1547644265356595 0.99711 -0.07599 0.00000 -361.93519 0.07599 0.99711 -0.00000 -36.95531 -0.00000 0.00000 1.00000 0.00000
1547644265606702 0.99714 -0.07557 0.00000 -362.92129 0.07557 0.99714 -0.00000 -36.78318 -0.00000 0.00000 1.00000 0.00000
1547644265856528 0.99707 -0.07643 0.00000 -363.99582 0.07643 0.99707 -0.00000 -37.07305 -0.00000 0.00000 1.00000 0.00000
1547644266106420 0.99714 -0.07556 0.00000 -365.23740 0.07556 0.99714 -0.00000 -36.77682 -0.00000 0.00000 1.00000 0.00000
1547644266355540 0.99744 -0.07150 0.00000 -366.66782 0.07150 0.99744 -0.00000 -35.27593 -0.00000 0.00000 1.00000 0.00000
1547644266604512 0.99745 -0.07133 0.00000 -368.02191 0.07133 0.99745 -0.00000 -35.12875 -0.00000 0.00000 1.00000 0.00000
