1. 0. 0. 0. 0. 1. 0. 0. 0. 0. 1. 0.
1. -0.000 0. 0.002 0.000 1. 0. -0.003 0. 0. 1. 0.
1. -0.000 0. 0. 0.000 1. 0. -0.005 0. 0. 1. 0.
1. -0.000 0. -0.001 0.000 1. 0. -0.004 0. 0. 1. 0.
1. 0. 0. 0.006 -0. 1. 0. 0.003 0. 0. 1. 0.
1. -0.000 0. 0.001 0.000 1. 0. 0.002 0. 0. 1. 0.
1. 0. 0. 0.004 -0. 1. 0. 0.001 0. 0. 1. 0.
1. 0. 0. 0.003 -0. 1. 0. 0.006 0. 0. 1. 0.
1. -0. 0. 0.002 0. 1. 0. -0.004 0. 0. 1. 0.
1. -0. 0. -0.003 0. 1. 0. -0.002 0. 0. 1. 0.
1. -0.000 0. -0.001 0.000 1. 0. -0.004 0. 0. 1. 0.
1. 0.000 0. 0.002 -0.000 1. 0. 0.002 0. 0. 1. 0.
1. 0.000 0. -0.002 -0.000 1. 0. 0.001 0. 0. 1. 0.
1. 0.000 0. 0.002 -0.000 1. 0. 0.005 0. 0. 1. 0.
1. 0. 0. 0.001 -0. 1. 0. 0.002 0. 0. 1. 0.
1. 0. 0. 0.002 -0. 1. 0. -0. 0. 0. 1. 0.
1. -0. 0. 0.001 0. 1. 0. -0.003 0. 0. 1. 0.
1. -0. 0. -0.000 0. 1. 0. -0.001 0. 0. 1. 0.
1. 0.000 0. -0.002 -0.000 1. 0. -0.002 0. 0. 1. 0.
1. -0.000 0. 0.002 0.000 1. 0. -0.002 0. 0. 1. 0.
1. -0. 0. 0.001 0. 1. 0. -0.006 0. 0. 1. 0.
1. -0. 0. -0.000 0. 1. 0. -0.007 0. 0. 1. 0.
1. -0. 0. 0.000 0. 1. 0. -0.006 0. 0. 1. 0.
1. 0. 0. 0.001 -0. 1. 0. -0.002 0. 0. 1. 0.
1. -0. 0. 0.001 0. 1. 0. -0.005 0. 0. 1. 0.
1. -0. 0. 0.003 0. 1. 0. -0.006 0. 0. 1. 0.
1. 0. 0. -0.001 -0. 1. 0. -0.002 0. 0. 1. 0.
1. -0.000 0. 0.001 0.000 1. 0. -0.003 0. 0. 1. 0.
1. -0.000 0. -0.002 0.000 1. 0. -0.010 0. 0. 1. 0.
1. -0.000 0. 0.000 0.000 1. 0. -0.011 0. 0. 1. 0.
1. -0.000 0. -0.002 0.000 1. 0. 0.001 0. 0. 1. 0.
1. 0. 0. 0.006 -0. 1. 0. -0.000 0. 0. 1. 0.
1. 0. 0. 0.001 -0. 1. 0. -0.003 0. 0. 1. 0.
1. -0.000 0. 0.005 0.000 1. 0. 0.002 0. 0. 1. 0.
1. -0.000 0. -0.001 0.000 1. 0. 0.001 0. 0. 1. 0.
1. -0.000 0. 0.003 0.000 1. 0. -0.008 0. 0. 1. 0.
1. -0. 0. 0.004 0. 1. 0. -0.004 0. 0. 1. 0.
1. 0.000 0. 0.002 -0.000 1. 0. -0.004 0. 0. 1. 0.
1. 0.000 0. 0.005 -0.000 1. 0. -0.009 0. 0. 1. 0.
1. 0.000 0. 0.003 -0.000 1. 0. -0.005 0. 0. 1. 0.
1. 0. 0. -0.001 -0. 1. 0. -0.008 0. 0. 1. 0.
1. -0.000 0. 0.003 0.000 1. 0. -0.011 0. 0. 1. 0.
1. -0.000 0. 0.003 0.000 1. 0. -0.007 0. 0. 1. 0.
1. 0.000 0. 0.003 -0.000 1. 0. 0.001 0. 0. 1. 0.
1. 0.000 0. -0.002 -0.000 1. 0. -0.002 0. 0. 1. 0.
1. -0.000 0. 0.003 0.000 1. 0. -0.008 0. 0. 1. 0.
1. 0.000 0. 0.002 -0.000 1. 0. -0.003 0. 0. 1. 0.
1. 0.000 0. 0.003 -0.000 1. 0. -0.007 0. 0. 1. 0.
1. 0. 0. 0.001 -0. 1. 0. -0.004 0. 0. 1. 0.
1. 0. 0. 0.004 -0. 1. 0. 0.000 0. 0. 1. 0.
1. -0.000 0. 0.004 0.000 1. 0. -0.011 0. 0. 1. 0.
1. -0. 0. 0.002 0. 1. 0. -0.006 0. 0. 1. 0.
1. 0.000 0. 0.001 -0.000 1. 0. -0.006 0. 0. 1. 0.
1. -0. 0. 0.002 0. 1. 0. -0.015 0. 0. 1. 0.
1. 0. 0. 0.002 -0. 1. 0. -0.003 0. 0. 1. 0.
1. 0.000 0. -0.001 -0.000 1. 0. -0.006 0. 0. 1. 0.
1. 0.000 0. -0.003 -0.000 1. 0. -0.006 0. 0. 1. 0.
1. 0.000 0. 0. -0.000 1. 0. 0.006 0. 0. 1. 0.
1. -0. 0. 0.004 0. 1. 0. -0.002 0. 0. 1. 0.
1. 0. 0. -0.002 -0. 1. 0. -0.011 0. 0. 1. 0.
1. -0.000 0. -0.007 0.000 1. 0. -0.014 0. 0. 1. 0.
1. -0.000 0. -0.003 0.000 1. 0. -0.015 0. 0. 1. 0.
1. -0.000 0. 0.004 0.000 1. 0. -0.009 0. 0. 1. 0.
1. 0.000 0. 0.004 -0.000 1. 0. -0.010 0. 0. 1. 0.
1. 0.000 0. 0.003 -0.000 1. 0. -0.009 0. 0. 1. 0.
1. 0.000 0. 0.005 -0.000 1. 0. -0.001 0. 0. 1. 0.
1. 0. 0. 0.003 -0. 1. 0. -0.004 0. 0. 1. 0.
1. 0.000 0. 0.003 -0.000 1. 0. -0.001 0. 0. 1. 0.
1. 0. 0. 0.005 -0. 1. 0. -0.007 0. 0. 1. 0.
1. 0. 0. 0.002 -0. 1. 0. -0.011 0. 0. 1. 0.
1. -0. 0. 0.008 0. 1. 0. -0.010 0. 0. 1. 0.
1. -0. 0. 0.004 0. 1. 0. -0.006 0. 0. 1. 0.
1. 0.000 0. 0.002 -0.000 1. 0. -0.014 0. 0. 1. 0.
1. 0. 0. -0.001 -0. 1. 0. -0.014 0. 0. 1. 0.
1. 0. 0. -0.002 -0. 1. 0. -0.011 0. 0. 1. 0.
1. -0. 0. 0.002 0. 1. 0. -0.005 0. 0. 1. 0.
1. 0. 0. 0.001 -0. 1. 0. -0.007 0. 0. 1. 0.
1. -0. 0. -0.001 0. 1. 0. -0.012 0. 0. 1. 0.
1. 0.000 0. -0.003 -0.000 1. 0. -0.009 0. 0. 1. 0.
1. 0.000 0. -0.002 -0.000 1. 0. -0.009 0. 0. 1. 0.
1. -0.000 0. -0.002 0.000 1. 0. -0.010 0. 0. 1. 0.
1. -0.000 0. -0.000 0.000 1. 0. 0.001 0. 0. 1. 0.
1. -0. 0. 0.004 0. 1. 0. -0.005 0. 0. 1. 0.
1. -0.000 0. 0.000 0.000 1. 0. -0.017 0. 0. 1. 0.
1. 0. 0. -0.001 -0. 1. 0. -0.011 0. 0. 1. 0.
1. 0.000 0. 0.002 -0.000 1. 0. -0.005 0. 0. 1. 0.
1. -0.000 0. 0.003 0.000 1. 0. -0.010 0. 0. 1. 0.
1. 0.000 0. 0.006 -0.000 1. 0. -0.003 0. 0. 1. 0.
1. 0. 0. -0.002 -0. 1. 0. -0.012 0. 0. 1. 0.
1. 0.000 0. 0.001 -0.000 1. 0. -0.003 0. 0. 1. 0.
1. 0.000 0. 0.001 -0.000 1. 0. -0.008 0. 0. 1. 0.
1. 0.000 0. 0.001 -0.000 1. 0. -0.008 0. 0. 1. 0.
1. -0.000 0. -0.001 0.000 1. 0. -0.011 0. 0. 1. 0.
1. -0.000 0. 0.002 0.000 1. 0. -0.004 0. 0. 1. 0.
1. 0.000 0. -0.003 -0.000 1. 0. -0.009 0. 0. 1. 0.
1. 0.000 0. 0.002 -0.000 1. 0. -0.006 0. 0. 1. 0.
1. 0.000 0. -0.001 -0.000 1. 0. -0.002 0. 0. 1. 0.
1. -0.000 0. -0.001 0.000 1. 0. -0.010 0. 0. 1. 0.
1. 0.000 0. -0.004 -0.000 1. 0. -0.003 0. 0. 1. 0.
1. 0. 0. 0.004 -0. 1. 0. -0.012 0. 0. 1. 0.
1. -0. 0. 0.005 0. 1. 0. -0.010 0. 0. 1. 0.
1. -0.000 0. 0.007 0.000 1. 0. -0.015 0. 0. 1. 0.
1. -0.000 0. 0.000 0.000 1. 0. -0.010 0. 0. 1. 0.
1. -0. 0. 0.001 0. 1. 0. -0.009 0. 0. 1. 0.
1. 0. 0. -0.005 -0. 1. 0. -0.003 0. 0. 1. 0.
1. -0.000 0. 0.007 0.000 1. 0. -0.017 0. 0. 1. 0.
1. -0.000 0. 0.001 0.000 1. 0. -0.011 0. 0. 1. 0.
1. -0.000 0. 0.001 0.000 1. 0. -0.008 0. 0. 1. 0.
1. -0.000 0. 0.001 0.000 1. 0. -0.004 0. 0. 1. 0.
1. -0.000 0. 0. 0.000 1. 0. -0.014 0. 0. 1. 0.
1. -0.000 0. 0.000 0.000 1. 0. -0.010 0. 0. 1. 0.
1. 0. 0. 0.001 -0. 1. 0. -0.008 0. 0. 1. 0.
1. 0. 0. -0.001 -0. 1. 0. -0.005 0. 0. 1. 0.
1. -0. 0. 0.002 0. 1. 0. -0.006 0. 0. 1. 0.
1. -0. 0. 0.003 0. 1. 0. -0.005 0. 0. 1. 0.
1. 0. 0. 0.005 -0. 1. 0. -0.009 0. 0. 1. 0.
1. 0.000 0. 0.004 -0.000 1. 0. -0.004 0. 0. 1. 0.
1. 0. 0. 0.003 -0. 1. 0. -0.007 0. 0. 1. 0.
1. 0.000 0. 0.000 -0.000 1. 0. -0.004 0. 0. 1. 0.
1. 0.000 0. -0.002 -0.000 1. 0. -0.005 0. 0. 1. 0.
1. -0.000 0. 0.007 0.000 1. 0. -0.007 0. 0. 1. 0.
1. -0.000 0. 0.003 0.000 1. 0. -0.007 0. 0. 1. 0.
1. -0.000 0. 0.001 0.000 1. 0. -0.012 0. 0. 1. 0.
1. 0. 0. -0.001 -0. 1. 0. -0.007 0. 0. 1. 0.
1. 0.000 0. 0.007 -0.000 1. 0. -0.000 0. 0. 1. 0.
1. 0. 0. 0.001 -0. 1. 0. -0.005 0. 0. 1. 0.
1. -0. 0. 0.001 0. 1. 0. -0.010 0. 0. 1. 0.
1. 0. 0. -0.002 -0. 1. 0. -0.012 0. 0. 1. 0.
1. 0.000 0. -0.004 -0.000 1. 0. -0.010 0. 0. 1. 0.
1. 0.000 0. 0.000 -0.000 1. 0. -0.007 0. 0. 1. 0.
1. 0.000 0. 0.005 -0.000 1. 0. 0.001 0. 0. 1. 0.
1. 0.000 0. 0.001 -0.000 1. 0. -0.002 0. 0. 1. 0.
1. 0.000 0. -0.001 -0.000 1. 0. -0.002 0. 0. 1. 0.
1. 0.000 0. 0.005 -0.000 1. 0. 0.004 0. 0. 1. 0.
1. -0.000 0. 0.002 0.000 1. 0. -0.010 0. 0. 1. 0.
1. -0. 0. -0.003 0. 1. 0. -0.004 0. 0. 1. 0.
1. -0.000 0. -0.001 0.000 1. 0. -0.009 0. 0. 1. 0.
1. 0.000 0. -0.001 -0.000 1. 0. -0.003 0. 0. 1. 0.
1. -0. 0. -0.004 0. 1. 0. -0.008 0. 0. 1. 0.
1. 0. 0. -0.002 -0. 1. 0. -0.003 0. 0. 1. 0.
1. 0.000 0. -0.004 -0.000 1. 0. -0.004 0. 0. 1. 0.
1. 0.000 0. -0.006 -0.000 1. 0. -0.008 0. 0. 1. 0.
1. -0. 0. -0.002 0. 1. 0. -0.004 0. 0. 1. 0.
1. -0.000 0. -0.004 0.000 1. 0. -0.006 0. 0. 1. 0.
1. -0.000 0. -0.007 0.000 1. 0. -0.007 0. 0. 1. 0.
1. -0. 0. -0.006 0. 1. 0. -0.012 0. 0. 1. 0.
1. -0.000 0. -0.002 0.000 1. 0. -0.005 0. 0. 1. 0.
1. -0. 0. -0.001 0. 1. 0. -0.001 0. 0. 1. 0.
1. -0. 0. -0.004 0. 1. 0. -0.006 0. 0. 1. 0.
1. 0. 0. 0.000 -0. 1. 0. -0.002 0. 0. 1. 0.
1. 0.000 0. -0.003 -0.000 1. 0. -0.003 0. 0. 1. 0.
1. 0.000 0. -0.005 -0.000 1. 0. -0.004 0. 0. 1. 0.
1. 0.000 0. -0.001 -0.000 1. 0. -0.000 0. 0. 1. 0.
1. 0.000 0. -0.004 -0.000 1. 0. -0.005 0. 0. 1. 0.
1. 0.000 0. 0.001 -0.000 1. 0. -0.004 0. 0. 1. 0.
1. 0.000 0. 0.002 -0.000 1. 0. -0.003 0. 0. 1. 0.
1. 0. 0. -0.001 -0. 1. 0. -0.001 0. 0. 1. 0.
1. 0.000 0. 0.003 -0.000 1. 0. 0.000 0. 0. 1. 0.
1. 0. 0. 0.001 -0. 1. 0. -0.004 0. 0. 1. 0.
1. 0. 0. 0.001 -0. 1. 0. 0.002 0. 0. 1. 0.
1. -0.000 0. 0.004 0.000 1. 0. -0.001 0. 0. 1. 0.
1. 0.000 0. 0.007 -0.000 1. 0. 0.001 0. 0. 1. 0.
1. 0.000 0. 0.003 -0.000 1. 0. -0.002 0. 0. 1. 0.
1. 0. 0. 0.001 -0. 1. 0. -0.007 0. 0. 1. 0.
1. 0.000 0. -0.001 -0.000 1. 0. -0.002 0. 0. 1. 0.
1. 0.000 0. 0.003 -0.000 1. 0. -0.001 0. 0. 1. 0.
1. -0. 0. -0.002 0. 1. 0. -0.010 0. 0. 1. 0.
1. -0. 0. 0.001 0. 1. 0. -0.012 0. 0. 1. 0.
1. 0. 0. 0.003 -0. 1. 0. -0.005 0. 0. 1. 0.
1. 0. 0. 0.002 -0. 1. 0. -0.012 0. 0. 1. 0.
1. 0.000 0. -0.000 -0.000 1. 0. -0.003 0. 0. 1. 0.
1. 0. 0. 0.002 -0. 1. 0. -0.005 0. 0. 1. 0.
1. 0. 0. 0. -0. 1. 0. -0.001 0. 0. 1. 0.
1. -0. 0. 0.005 0. 1. 0. -0.007 0. 0. 1. 0.
1. 0. 0. -0.004 -0. 1. 0. -0.009 0. 0. 1. 0.
1. 0.000 0. -0.008 -0.000 1. 0. -0.010 0. 0. 1. 0.
1. 0. 0. -0.009 -0. 1. 0. -0.008 0. 0. 1. 0.
1. 0.000 0. -0.001 -0.000 1. 0. -0.005 0. 0. 1. 0.
1. 0.000 0. -0.007 -0.000 1. 0. -0.010 0. 0. 1. 0.
1. 0. 0. 0.003 -0. 1. 0. -0.011 0. 0. 1. 0.
1. -0. 0. 0.003 0. 1. 0. -0.009 0. 0. 1. 0.
1. 0. 0. 0.004 -0. 1. 0. -0.006 0. 0. 1. 0.
1. 0.000 0. -0.003 -0.000 1. 0. 0.002 0. 0. 1. 0.
1. 0.000 0. -0.003 -0.000 1. 0. -0.004 0. 0. 1. 0.
1. 0. 0. -0.004 -0. 1. 0. 0.001 0. 0. 1. 0.
1. -0. 0. -0.002 0. 1. 0. -0.009 0. 0. 1. 0.
1. 0. 0. -0.000 -0. 1. 0. -0.008 0. 0. 1. 0.
1. -0. 0. -0.001 0. 1. 0. -0.005 0. 0. 1. 0.
1. 0.000 0. -0.003 -0.000 1. 0. 0.001 0. 0. 1. 0.
1. 0.000 0. -0.004 -0.000 1. 0. -0. 0. 0. 1. 0.
1. 0.000 0. -0.004 -0.000 1. 0. -0.002 0. 0. 1. 0.
1. 0.000 0. -0.005 -0.000 1. 0. -0.010 0. 0. 1. 0.
1. 0. 0. -0.003 -0. 1. 0. -0.007 0. 0. 1. 0.
1. -0.000 0. 0.004 0.000 1. 0. -0.009 0. 0. 1. 0.
1. -0.000 0. 0.032 0.000 1. 0. 0.003 0. 0. 1. 0.
1. -0.001 0. 0.082 0.001 1. 0. -0.004 0. 0. 1. 0.
1. -0.002 0. 0.150 0.002 1. 0. 0.013 0. 0. 1. 0.
1. -0.002 0. 0.234 0.002 1. 0. 0.015 0. 0. 1. 0.
1. -0.006 0. 0.340 0.006 1. 0. -0.009 0. 0. 1. 0.
1. -0.013 0. 0.484 0.013 1. 0. -0.005 0. 0. 1. 0.
1.000 -0.021 0. 0.697 0.021 1.000 0. 0.043 0. 0. 1. 0.
0.999 -0.035 0. 0.935 0.035 0.999 0. 0.044 0. 0. 1. 0.
0.999 -0.049 0. 1.279 0.049 0.999 0. 0.078 0. 0. 1. 0.
0.998 -0.059 0. 1.606 0.059 0.998 0. 0.066 0. 0. 1. 0.
0.997 -0.075 0. 2.072 0.075 0.997 0. 0.154 0. 0. 1. 0.
0.996 -0.089 0. 2.611 0.089 0.996 0. 0.158 0. 0. 1. 0.
0.995 -0.103 0. 3.247 0.103 0.995 0. 0.234 0. 0. 1. 0.
0.994 -0.111 0. 3.900 0.111 0.994 0. 0.325 0. 0. 1. 0.
0.993 -0.120 0. 4.699 0.120 0.993 0. 0.425 0. 0. 1. 0.
0.992 -0.124 0. 5.548 0.124 0.992 0. 0.549 0. 0. 1. 0.
0.992 -0.126 0. 6.458 0.126 0.992 0. 0.640 0. 0. 1. 0.
0.992 -0.124 0. 7.475 0.124 0.992 0. 0.796 0. 0. 1. 0.
0.992 -0.123 0. 8.515 0.123 0.992 0. 0.913 0. 0. 1. 0.
0.993 -0.122 0. 9.612 0.122 0.993 0. 1.051 0. 0. 1. 0.
0.993 -0.119 0. 10.779 0.119 0.993 0. 1.204 0. 0. 1. 0.
0.993 -0.117 0. 11.994 0.117 0.993 0. 1.330 0. 0. 1. 0.
0.994 -0.113 0. 13.219 0.113 0.994 0. 1.482 0. 0. 1. 0.
0.994 -0.111 0. 14.467 0.111 0.994 0. 1.561 0. 0. 1. 0.
0.994 -0.107 0. 15.721 0.107 0.994 0. 1.699 0. 0. 1. 0.
0.995 -0.101 0. 17.026 0.101 0.995 0. 1.795 0. 0. 1. 0.
0.995 -0.098 0. 18.321 0.098 0.995 0. 1.933 0. 0. 1. 0.
0.996 -0.092 0. 19.657 0.092 0.996 0. 2.008 0. 0. 1. 0.
0.997 -0.083 0. 20.995 0.083 0.997 0. 2.132 0. 0. 1. 0.
0.997 -0.074 0. 22.350 0.074 0.997 0. 2.200 0. 0. 1. 0.
0.998 -0.068 0. 23.711 0.068 0.998 0. 2.311 0. 0. 1. 0.
0.998 -0.064 0. 25.057 0.064 0.998 0. 2.365 0. 0. 1. 0.
0.998 -0.062 0. 26.431 0.062 0.998 0. 2.448 0. 0. 1. 0.
0.998 -0.062 0. 27.837 0.062 0.998 0. 2.493 0. 0. 1. 0.
0.998 -0.059 0. 29.263 0.059 0.998 0. 2.594 0. 0. 1. 0.
0.998 -0.059 0. 30.787 0.059 0.998 0. 2.634 0. 0. 1. 0.
0.998 -0.058 0. 32.333 0.058 0.998 0. 2.724 0. 0. 1. 0.
0.998 -0.057 0. 33.954 0.057 0.998 0. 2.804 0. 0. 1. 0.
0.999 -0.055 0. 35.632 0.055 0.999 0. 2.838 0. 0. 1. 0.
0.999 -0.055 0. 37.360 0.055 0.999 0. 2.944 0. 0. 1. 0.
0.999 -0.051 0. 39.145 0.051 0.999 0. 3.003 0. 0. 1. 0.
0.999 -0.043 0. 40.971 0.043 0.999 0. 3.095 0. 0. 1. 0.
0.999 -0.038 0. 42.826 0.038 0.999 0. 3.162 0. 0. 1. 0.
0.999 -0.035 0. 44.709 0.035 0.999 0. 3.207 0. 0. 1. 0.
0.999 -0.032 0. 46.624 0.032 0.999 0. 3.284 0. 0. 1. 0.
1.000 -0.026 0. 48.550 0.026 1.000 0. 3.306 0. 0. 1. 0.
1.000 -0.019 0. 50.520 0.019 1.000 0. 3.340 0. 0. 1. 0.
1. -0.014 0. 52.497 0.014 1. 0. 3.307 0. 0. 1. 0.
1. -0.004 0. 54.480 0.004 1. 0. 3.344 0. 0. 1. 0.
1. 0.007 0. 56.512 -0.007 1. 0. 3.321 0. 0. 1. 0.
1.000 0.016 0. 58.525 -0.016 1.000 0. 3.274 0. 0. 1. 0.
1.000 0.024 0. 60.510 -0.024 1.000 0. 3.165 0. 0. 1. 0.
1.000 0.024 0. 62.502 -0.024 1.000 0. 3.074 0. 0. 1. 0.
1.000 0.014 0. 64.480 -0.014 1.000 0. 3.022 0. 0. 1. 0.
1. 0.003 0. 66.479 -0.003 1. 0. 3.041 0. 0. 1. 0.
1. -0.009 0. 68.494 0.009 1. 0. 3.025 0. 0. 1. 0.
1.000 -0.021 0. 70.533 0.021 1.000 0. 3.115 0. 0. 1. 0.
1.000 -0.030 0. 72.613 0.030 1.000 0. 3.145 0. 0. 1. 0.
0.999 -0.041 0. 74.714 0.041 0.999 0. 3.211 0. 0. 1. 0.
0.999 -0.052 0. 76.819 0.052 0.999 0. 3.343 0. 0. 1. 0.
0.998 -0.063 0. 78.926 0.063 0.998 0. 3.429 0. 0. 1. 0.
0.998 -0.066 0. 81.057 0.066 0.998 0. 3.540 0. 0. 1. 0.
0.998 -0.066 0. 83.208 0.066 0.998 0. 3.721 0. 0. 1. 0.
0.998 -0.065 0. 85.386 0.065 0.998 0. 3.878 0. 0. 1. 0.
0.998 -0.065 0. 87.603 0.065 0.998 0. 3.969 0. 0. 1. 0.
0.998 -0.065 0. 89.786 0.065 0.998 0. 4.118 0. 0. 1. 0.
0.998 -0.063 0. 91.979 0.063 0.998 0. 4.253 0. 0. 1. 0.
0.998 -0.062 0. 94.219 0.062 0.998 0. 4.358 0. 0. 1. 0.
0.998 -0.057 0. 96.481 0.057 0.998 0. 4.540 0. 0. 1. 0.
0.999 -0.054 0. 98.765 0.054 0.999 0. 4.614 0. 0. 1. 0.
0.999 -0.049 0. 101.044 0.049 0.999 0. 4.682 0. 0. 1. 0.
0.999 -0.045 0. 103.375 0.045 0.999 0. 4.831 0. 0. 1. 0.
0.999 -0.041 0. 105.692 0.041 0.999 0. 4.927 0. 0. 1. 0.
0.999 -0.038 0. 108.074 0.038 0.999 0. 4.970 0. 0. 1. 0.
0.999 -0.035 0. 110.462 0.035 0.999 0. 5.018 0. 0. 1. 0.
0.999 -0.036 0. 112.877 0.036 0.999 0. 5.090 0. 0. 1. 0.
0.999 -0.034 0. 115.267 0.034 0.999 0. 5.124 0. 0. 1. 0.
0.999 -0.035 0. 117.688 0.035 0.999 0. 5.190 0. 0. 1. 0.
0.999 -0.036 0. 120.107 0.036 0.999 0. 5.257 0. 0. 1. 0.
0.999 -0.039 0. 122.529 0.039 0.999 0. 5.337 0. 0. 1. 0.
0.999 -0.038 0. 124.953 0.038 0.999 0. 5.442 0. 0. 1. 0.
0.999 -0.039 0. 127.423 0.039 0.999 0. 5.523 0. 0. 1. 0.
0.999 -0.039 0. 129.895 0.039 0.999 0. 5.606 0. 0. 1. 0.
0.999 -0.039 0. 132.413 0.039 0.999 0. 5.720 0. 0. 1. 0.
0.999 -0.042 0. 134.940 0.042 0.999 0. 5.774 0. 0. 1. 0.
0.999 -0.040 0. 137.453 0.040 0.999 0. 5.902 0. 0. 1. 0.
0.999 -0.040 0. 139.990 0.040 0.999 0. 5.936 0. 0. 1. 0.
0.999 -0.041 0. 142.486 0.041 0.999 0. 5.988 0. 0. 1. 0.
0.999 -0.042 0. 145.023 0.042 0.999 0. 6.028 0. 0. 1. 0.
0.999 -0.045 0. 147.565 0.045 0.999 0. 6.125 0. 0. 1. 0.
0.999 -0.044 0. 150.052 0.044 0.999 0. 6.234 0. 0. 1. 0.
0.999 -0.045 0. 152.517 0.045 0.999 0. 6.289 0. 0. 1. 0.
0.999 -0.045 0. 154.953 0.045 0.999 0. 6.382 0. 0. 1. 0.
0.999 -0.045 0. 157.365 0.045 0.999 0. 6.470 0. 0. 1. 0.
0.999 -0.045 0. 159.775 0.045 0.999 0. 6.542 0. 0. 1. 0.
0.999 -0.047 0. 162.121 0.047 0.999 0. 6.614 0. 0. 1. 0.
0.999 -0.049 0. 164.443 0.049 0.999 0. 6.726 0. 0. 1. 0.
0.999 -0.049 0. 166.750 0.049 0.999 0. 6.790 0. 0. 1. 0.
0.999 -0.052 0. 169.048 0.052 0.999 0. 6.905 0. 0. 1. 0.
0.999 -0.053 0. 171.290 0.053 0.999 0. 7.059 0. 0. 1. 0.
0.998 -0.056 0. 173.516 0.056 0.998 0. 7.135 0. 0. 1. 0.
0.998 -0.056 0. 175.690 0.056 0.998 0. 7.275 0. 0. 1. 0.
0.998 -0.058 0. 177.872 0.058 0.998 0. 7.453 0. 0. 1. 0.
0.998 -0.061 0. 180.011 0.061 0.998 0. 7.573 0. 0. 1. 0.
0.998 -0.063 0. 182.117 0.063 0.998 0. 7.642 0. 0. 1. 0.
0.998 -0.064 0. 184.269 0.064 0.998 0. 7.801 0. 0. 1. 0.
0.998 -0.066 0. 186.336 0.066 0.998 0. 8.014 0. 0. 1. 0.
0.998 -0.068 0. 188.375 0.068 0.998 0. 8.112 0. 0. 1. 0.
0.997 -0.072 0. 190.345 0.072 0.997 0. 8.232 0. 0. 1. 0.
0.997 -0.078 0. 192.274 0.078 0.997 0. 8.361 0. 0. 1. 0.
0.996 -0.088 0. 194.222 0.088 0.996 0. 8.532 0. 0. 1. 0.
0.995 -0.097 0. 196.078 0.097 0.995 0. 8.698 0. 0. 1. 0.
0.994 -0.105 0. 197.894 0.105 0.994 0. 8.845 0. 0. 1. 0.
0.993 -0.114 0. 199.672 0.114 0.993 0. 9.001 0. 0. 1. 0.
0.992 -0.124 0. 201.445 0.124 0.992 0. 9.222 0. 0. 1. 0.
0.991 -0.130 0. 203.189 0.130 0.991 0. 9.489 0. 0. 1. 0.
0.991 -0.134 0. 204.904 0.134 0.991 0. 9.698 0. 0. 1. 0.
0.991 -0.137 0. 206.580 0.137 0.991 0. 9.932 0. 0. 1. 0.
0.990 -0.142 0. 208.259 0.142 0.990 0. 10.246 0. 0. 1. 0.
0.990 -0.140 0. 209.903 0.140 0.990 0. 10.416 0. 0. 1. 0.
0.989 -0.145 0. 211.553 0.145 0.989 0. 10.692 0. 0. 1. 0.
0.989 -0.148 0. 213.159 0.148 0.989 0. 10.970 0. 0. 1. 0.
0.989 -0.148 0. 214.783 0.148 0.989 0. 11.230 0. 0. 1. 0.
0.988 -0.152 0. 216.402 0.152 0.988 0. 11.433 0. 0. 1. 0.
0.988 -0.157 0. 217.988 0.157 0.988 0. 11.652 0. 0. 1. 0.
0.987 -0.162 0. 219.519 0.162 0.987 0. 11.922 0. 0. 1. 0.
0.986 -0.165 0. 221.043 0.165 0.986 0. 12.207 0. 0. 1. 0.
0.986 -0.164 0. 222.573 0.164 0.986 0. 12.449 0. 0. 1. 0.
0.987 -0.163 0. 223.981 0.163 0.987 0. 12.649 0. 0. 1. 0.
0.987 -0.162 0. 225.391 0.162 0.987 0. 12.812 0. 0. 1. 0.
0.987 -0.161 0. 226.767 0.161 0.987 0. 13.090 0. 0. 1. 0.
0.987 -0.161 0. 228.093 0.161 0.987 0. 13.321 0. 0. 1. 0.
0.987 -0.160 0. 229.413 0.160 0.987 0. 13.543 0. 0. 1. 0.
0.987 -0.162 0. 230.651 0.162 0.987 0. 13.702 0. 0. 1. 0.
0.987 -0.161 0. 231.901 0.161 0.987 0. 13.881 0. 0. 1. 0.
0.987 -0.162 0. 233.133 0.162 0.987 0. 14.070 0. 0. 1. 0.
0.987 -0.163 0. 234.319 0.163 0.987 0. 14.247 0. 0. 1. 0.
0.986 -0.169 0. 235.507 0.169 0.986 0. 14.476 0. 0. 1. 0.
0.985 -0.173 0. 236.705 0.173 0.985 0. 14.672 0. 0. 1. 0.
0.985 -0.173 0. 237.826 0.173 0.985 0. 14.893 0. 0. 1. 0.
0.985 -0.172 0. 238.960 0.172 0.985 0. 15.102 0. 0. 1. 0.
0.986 -0.169 0. 240.104 0.169 0.986 0. 15.255 0. 0. 1. 0.
0.986 -0.165 0. 241.269 0.165 0.986 0. 15.431 0. 0. 1. 0.
0.987 -0.161 0. 242.434 0.161 0.987 0. 15.674 0. 0. 1. 0.
0.987 -0.158 0. 243.683 0.158 0.987 0. 15.878 0. 0. 1. 0.
0.988 -0.152 0. 245.052 0.152 0.988 0. 16.032 0. 0. 1. 0.
0.989 -0.150 0. 246.372 0.150 0.989 0. 16.228 0. 0. 1. 0.
0.989 -0.148 0. 247.716 0.148 0.989 0. 16.427 0. 0. 1. 0.
0.989 -0.149 0. 249.188 0.149 0.989 0. 16.619 0. 0. 1. 0.
0.988 -0.153 0. 250.670 0.153 0.988 0. 16.833 0. 0. 1. 0.
0.987 -0.159 0. 252.225 0.159 0.987 0. 17.063 0. 0. 1. 0.
0.987 -0.164 0. 253.794 0.164 0.987 0. 17.406 0. 0. 1. 0.
0.986 -0.165 0. 255.403 0.165 0.986 0. 17.647 0. 0. 1. 0.
0.986 -0.167 0. 257.063 0.167 0.986 0. 17.906 0. 0. 1. 0.
0.986 -0.168 0. 258.742 0.168 0.986 0. 18.185 0. 0. 1. 0.
0.986 -0.166 0. 260.479 0.166 0.986 0. 18.531 0. 0. 1. 0.
0.986 -0.165 0. 262.211 0.165 0.986 0. 18.794 0. 0. 1. 0.
0.987 -0.161 0. 263.941 0.161 0.987 0. 19.057 0. 0. 1. 0.
0.987 -0.161 0. 265.731 0.161 0.987 0. 19.291 0. 0. 1. 0.
0.988 -0.157 0. 267.536 0.157 0.988 0. 19.580 0. 0. 1. 0.
0.988 -0.154 0. 269.400 0.154 0.988 0. 19.852 0. 0. 1. 0.
0.988 -0.153 0. 271.244 0.153 0.988 0. 20.106 0. 0. 1. 0.
0.989 -0.149 0. 273.086 0.149 0.989 0. 20.436 0. 0. 1. 0.
0.990 -0.144 0. 274.997 0.144 0.990 0. 20.689 0. 0. 1. 0.
0.991 -0.136 0. 276.867 0.136 0.991 0. 20.934 0. 0. 1. 0.
0.992 -0.129 0. 278.796 0.129 0.992 0. 21.172 0. 0. 1. 0.
0.992 -0.125 0. 280.737 0.125 0.992 0. 21.377 0. 0. 1. 0.
0.993 -0.118 0. 282.670 0.118 0.993 0. 21.554 0. 0. 1. 0.
0.994 -0.112 0. 284.611 0.112 0.994 0. 21.770 0. 0. 1. 0.
0.994 -0.107 0. 286.536 0.107 0.994 0. 22.011 0. 0. 1. 0.
0.995 -0.103 0. 288.491 0.103 0.995 0. 22.194 0. 0. 1. 0.
0.995 -0.100 0. 290.455 0.100 0.995 0. 22.374 0. 0. 1. 0.
0.995 -0.098 0. 292.454 0.098 0.995 0. 22.469 0. 0. 1. 0.
0.995 -0.095 0. 294.458 0.095 0.995 0. 22.648 0. 0. 1. 0.
0.996 -0.093 0. 296.439 0.093 0.996 0. 22.848 0. 0. 1. 0.
0.996 -0.093 0. 298.398 0.093 0.996 0. 23.015 0. 0. 1. 0.
0.996 -0.091 0. 300.321 0.091 0.996 0. 23.207 0. 0. 1. 0.
0.996 -0.091 0. 302.274 0.091 0.996 0. 23.312 0. 0. 1. 0.
0.996 -0.090 0. 304.198 0.090 0.996 0. 23.467 0. 0. 1. 0.
0.996 -0.088 0. 306.084 0.088 0.996 0. 23.618 0. 0. 1. 0.
0.996 -0.086 0. 307.852 0.086 0.996 0. 23.808 0. 0. 1. 0.
0.997 -0.083 0. 309.646 0.083 0.997 0. 23.974 0. 0. 1. 0.
0.997 -0.082 0. 311.425 0.082 0.997 0. 24.038 0. 0. 1. 0.
0.997 -0.080 0. 313.160 0.080 0.997 0. 24.212 0. 0. 1. 0.
0.997 -0.080 0. 314.893 0.080 0.997 0. 24.330 0. 0. 1. 0.
0.997 -0.080 0. 316.642 0.080 0.997 0. 24.477 0. 0. 1. 0.
0.997 -0.081 0. 318.413 0.081 0.997 0. 24.573 0. 0. 1. 0.
0.997 -0.079 0. 320.212 0.079 0.997 0. 24.704 0. 0. 1. 0.
0.997 -0.075 0. 322.036 0.075 0.997 0. 24.839 0. 0. 1. 0.
0.998 -0.070 0. 323.868 0.070 0.998 0. 24.891 0. 0. 1. 0.
0.998 -0.062 0. 325.717 0.062 0.998 0. 25.006 0. 0. 1. 0.
0.998 -0.056 0. 327.604 0.056 0.998 0. 25.126 0. 0. 1. 0.
0.999 -0.051 0. 329.442 0.051 0.999 0. 25.172 0. 0. 1. 0.
0.999 -0.045 0. 331.403 0.045 0.999 0. 25.224 0. 0. 1. 0.
0.999 -0.039 0. 333.362 0.039 0.999 0. 25.278 0. 0. 1. 0.
0.999 -0.032 0. 335.320 0.032 0.999 0. 25.353 0. 0. 1. 0.
1.000 -0.028 0. 337.307 0.028 1.000 0. 25.402 0. 0. 1. 0.
1.000 -0.023 0. 339.351 0.023 1.000 0. 25.434 0. 0. 1. 0.
1.000 -0.018 0. 341.396 0.018 1.000 0. 25.468 0. 0. 1. 0.
1.000 -0.016 0. 343.468 0.016 1.000 0. 25.478 0. 0. 1. 0.
1. -0.012 0. 345.552 0.012 1. 0. 25.488 0. 0. 1. 0.
1. -0.007 0. 347.632 0.007 1. 0. 25.452 0. 0. 1. 0.
1. -0.004 0. 349.747 0.004 1. 0. 25.455 0. 0. 1. 0.
1. -0.004 0. 351.862 0.004 1. 0. 25.490 0. 0. 1. 0.
1. -0.004 0. 353.992 0.004 1. 0. 25.500 0. 0. 1. 0.
1. -0.003 0. 356.141 0.003 1. 0. 25.522 0. 0. 1. 0.
1. -0.003 0. 358.300 0.003 1. 0. 25.518 0. 0. 1. 0.
1. -0.001 0. 360.474 0.001 1. 0. 25.473 0. 0. 1. 0.
1. -0.000 0. 362.603 0.000 1. 0. 25.490 0. 0. 1. 0.
1. -0.002 0. 364.757 0.002 1. 0. 25.462 0. 0. 1. 0.
1. -0.001 0. 366.911 0.001 1. 0. 25.457 0. 0. 1. 0.
1. -0.003 0. 369.097 0.003 1. 0. 25.465 0. 0. 1. 0.
1. -0.006 0. 371.243 0.006 1. 0. 25.445 0. 0. 1. 0.
1. -0.008 0. 373.393 0.008 1. 0. 25.474 0. 0. 1. 0.
1. -0.012 0. 375.581 0.012 1. 0. 25.465 0. 0. 1. 0.
1.000 -0.014 0. 377.762 0.014 1.000 0. 25.477 0. 0. 1. 0.
1.000 -0.017 0. 379.950 0.017 1.000 0. 25.516 0. 0. 1. 0.
1.000 -0.021 0. 382.118 0.021 1.000 0. 25.539 0. 0. 1. 0.
1.000 -0.025 0. 384.274 0.025 1.000 0. 25.591 0. 0. 1. 0.
1.000 -0.029 0. 386.419 0.029 1.000 0. 25.646 0. 0. 1. 0.
0.999 -0.035 0. 388.552 0.035 0.999 0. 25.641 0. 0. 1. 0.
0.999 -0.037 0. 390.657 0.037 0.999 0. 25.761 0. 0. 1. 0.
0.999 -0.042 0. 392.775 0.042 0.999 0. 25.828 0. 0. 1. 0.
0.999 -0.046 0. 394.861 0.046 0.999 0. 25.909 0. 0. 1. 0.
0.999 -0.051 0. 396.918 0.051 0.999 0. 25.995 0. 0. 1. 0.
0.998 -0.055 0. 398.963 0.055 0.998 0. 26.111 0. 0. 1. 0.
0.998 -0.059 0. 400.991 0.059 0.998 0. 26.245 0. 0. 1. 0.
0.998 -0.064 0. 402.953 0.064 0.998 0. 26.307 0. 0. 1. 0.
0.998 -0.064 0. 404.943 0.064 0.998 0. 26.426 0. 0. 1. 0.
0.998 -0.064 0. 406.884 0.064 0.998 0. 26.568 0. 0. 1. 0.
0.998 -0.065 0. 408.838 0.065 0.998 0. 26.644 0. 0. 1. 0.
0.998 -0.064 0. 410.733 0.064 0.998 0. 26.798 0. 0. 1. 0.
0.998 -0.065 0. 412.660 0.065 0.998 0. 26.883 0. 0. 1. 0.
0.998 -0.065 0. 414.540 0.065 0.998 0. 27.022 0. 0. 1. 0.
0.998 -0.067 0. 416.408 0.067 0.998 0. 27.137 0. 0. 1. 0.
0.998 -0.069 0. 418.235 0.069 0.998 0. 27.250 0. 0. 1. 0.
0.998 -0.069 0. 420.071 0.069 0.998 0. 27.384 0. 0. 1. 0.
0.998 -0.070 0. 421.853 0.070 0.998 0. 27.484 0. 0. 1. 0.
0.998 -0.070 0. 423.624 0.070 0.998 0. 27.597 0. 0. 1. 0.
0.998 -0.070 0. 425.389 0.070 0.998 0. 27.694 0. 0. 1. 0.
0.998 -0.067 0. 427.099 0.067 0.998 0. 27.773 0. 0. 1. 0.
0.998 -0.059 0. 428.743 0.059 0.998 0. 27.919 0. 0. 1. 0.
0.999 -0.045 0. 430.360 0.045 0.999 0. 27.944 0. 0. 1. 0.
1.000 -0.022 0. 431.883 0.022 1.000 0. 27.989 0. 0. 1. 0.
1. 0.002 0. 433.353 -0.002 1. 0. 27.959 0. 0. 1. 0.
0.999 0.033 0. 434.739 -0.033 0.999 0. 27.836 0. 0. 1. 0.
0.997 0.072 0. 436.035 -0.072 0.997 0. 27.743 0. 0. 1. 0.
0.993 0.117 0. 437.221 -0.117 0.993 0. 27.597 0. 0. 1. 0.
0.985 0.174 0. 438.355 -0.174 0.985 0. 27.329 0. 0. 1. 0.
0.973 0.232 0. 439.364 -0.232 0.973 0. 26.990 0. 0. 1. 0.
0.959 0.284 0. 440.308 -0.284 0.959 0. 26.714 0. 0. 1. 0.
0.943 0.333 0. 441.181 -0.333 0.943 0. 26.362 0. 0. 1. 0.
0.923 0.386 0. 441.934 -0.386 0.923 0. 25.980 0. 0. 1. 0.
0.898 0.440 0. 442.619 -0.440 0.898 0. 25.588 0. 0. 1. 0.
0.868 0.497 0. 443.231 -0.497 0.868 0. 25.194 0. 0. 1. 0.
0.834 0.551 0. 443.772 -0.551 0.834 0. 24.731 0. 0. 1. 0.
0.795 0.607 0. 444.249 -0.607 0.795 0. 24.336 0. 0. 1. 0.
0.756 0.655 0. 444.612 -0.655 0.756 0. 23.875 0. 0. 1. 0.
0.719 0.695 0. 444.871 -0.695 0.719 0. 23.524 0. 0. 1. 0.
0.685 0.729 0. 445.088 -0.729 0.685 0. 23.197 0. 0. 1. 0.
0.658 0.753 0. 445.265 -0.753 0.658 0. 22.962 0. 0. 1. 0.
0.636 0.772 0. 445.334 -0.772 0.636 0. 22.845 0. 0. 1. 0.
0.620 0.785 0. 445.409 -0.785 0.620 0. 22.715 0. 0. 1. 0.
0.605 0.796 0. 445.471 -0.796 0.605 0. 22.613 0. 0. 1. 0.
0.594 0.805 0. 445.503 -0.805 0.594 0. 22.514 0. 0. 1. 0.
0.584 0.812 0. 445.536 -0.812 0.584 0. 22.451 0. 0. 1. 0.
0.577 0.817 0. 445.570 -0.817 0.577 0. 22.406 0. 0. 1. 0.
0.571 0.821 0. 445.585 -0.821 0.571 0. 22.361 0. 0. 1. 0.
0.567 0.824 0. 445.607 -0.824 0.567 0. 22.350 0. 0. 1. 0.
0.566 0.825 0. 445.612 -0.825 0.566 0. 22.338 0. 0. 1. 0.
0.565 0.825 0. 445.609 -0.825 0.565 0. 22.340 0. 0. 1. 0.
0.565 0.825 0. 445.608 -0.825 0.565 0. 22.339 0. 0. 1. 0.
0.565 0.825 0. 445.605 -0.825 0.565 0. 22.332 0. 0. 1. 0.
0.565 0.825 0. 445.608 -0.825 0.565 0. 22.343 0. 0. 1. 0.
0.565 0.825 0. 445.608 -0.825 0.565 0. 22.337 0. 0. 1. 0.
0.565 0.825 0. 445.607 -0.825 0.565 0. 22.337 0. 0. 1. 0.
0.565 0.825 0. 445.600 -0.825 0.565 0. 22.347 0. 0. 1. 0.
0.565 0.825 0. 445.613 -0.825 0.565 0. 22.342 0. 0. 1. 0.
0.565 0.825 0. 445.610 -0.825 0.565 0. 22.337 0. 0. 1. 0.
0.565 0.825 0. 445.600 -0.825 0.565 0. 22.337 0. 0. 1. 0.
0.564 0.826 0. 445.611 -0.826 0.564 0. 22.332 0. 0. 1. 0.
0.564 0.826 0. 445.609 -0.826 0.564 0. 22.340 0. 0. 1. 0.
0.564 0.826 0. 445.609 -0.826 0.564 0. 22.328 0. 0. 1. 0.
0.563 0.826 0. 445.608 -0.826 0.563 0. 22.319 0. 0. 1. 0.
0.564 0.826 0. 445.607 -0.826 0.564 0. 22.327 0. 0. 1. 0.
0.563 0.826 0. 445.610 -0.826 0.563 0. 22.327 0. 0. 1. 0.
0.563 0.826 0. 445.613 -0.826 0.563 0. 22.321 0. 0. 1. 0.
0.563 0.827 0. 445.610 -0.827 0.563 0. 22.321 0. 0. 1. 0.
0.562 0.827 0. 445.611 -0.827 0.562 0. 22.313 0. 0. 1. 0.
0.562 0.827 0. 445.619 -0.827 0.562 0. 22.313 0. 0. 1. 0.
0.562 0.827 0. 445.616 -0.827 0.562 0. 22.320 0. 0. 1. 0.
0.562 0.827 0. 445.622 -0.827 0.562 0. 22.311 0. 0. 1. 0.
0.561 0.828 0. 445.623 -0.828 0.561 0. 22.312 0. 0. 1. 0.
0.561 0.828 0. 445.626 -0.828 0.561 0. 22.307 0. 0. 1. 0.
0.561 0.828 0. 445.622 -0.828 0.561 0. 22.314 0. 0. 1. 0.
0.560 0.828 0. 445.628 -0.828 0.560 0. 22.293 0. 0. 1. 0.
0.559 0.829 0. 445.622 -0.829 0.559 0. 22.277 0. 0. 1. 0.
0.559 0.829 0. 445.619 -0.829 0.559 0. 22.286 0. 0. 1. 0.
0.559 0.829 0. 445.626 -0.829 0.559 0. 22.288 0. 0. 1. 0.
0.559 0.829 0. 445.624 -0.829 0.559 0. 22.287 0. 0. 1. 0.
0.559 0.829 0. 445.618 -0.829 0.559 0. 22.292 0. 0. 1. 0.
0.559 0.829 0. 445.630 -0.829 0.559 0. 22.272 0. 0. 1. 0.
0.556 0.831 0. 445.641 -0.831 0.556 0. 22.276 0. 0. 1. 0.
0.552 0.834 0. 445.661 -0.834 0.552 0. 22.249 0. 0. 1. 0.
0.546 0.838 0. 445.676 -0.838 0.546 0. 22.212 0. 0. 1. 0.
0.540 0.842 0. 445.698 -0.842 0.540 0. 22.162 0. 0. 1. 0.
0.534 0.846 0. 445.720 -0.846 0.534 0. 22.110 0. 0. 1. 0.
0.526 0.851 0. 445.756 -0.851 0.526 0. 22.051 0. 0. 1. 0.
0.520 0.854 0. 445.776 -0.854 0.520 0. 22.009 0. 0. 1. 0.
0.513 0.859 0. 445.799 -0.859 0.513 0. 21.960 0. 0. 1. 0.
0.505 0.863 0. 445.825 -0.863 0.505 0. 21.892 0. 0. 1. 0.
0.495 0.869 0. 445.849 -0.869 0.495 0. 21.850 0. 0. 1. 0.
0.481 0.877 0. 445.863 -0.877 0.481 0. 21.748 0. 0. 1. 0.
0.465 0.885 0. 445.871 -0.885 0.465 0. 21.646 0. 0. 1. 0.
0.444 0.896 0. 445.941 -0.896 0.444 0. 21.495 0. 0. 1. 0.
0.420 0.907 0. 445.992 -0.907 0.420 0. 21.347 0. 0. 1. 0.
0.391 0.921 0. 446.056 -0.921 0.391 0. 21.157 0. 0. 1. 0.
0.347 0.938 0. 446.126 -0.938 0.347 0. 20.972 0. 0. 1. 0.
0.289 0.957 0. 446.163 -0.957 0.289 0. 20.585 0. 0. 1. 0.
0.216 0.976 0. 446.215 -0.976 0.216 0. 20.105 0. 0. 1. 0.
0.134 0.991 0. 446.219 -0.991 0.134 0. 19.547 0. 0. 1. 0.
0.041 0.999 0. 446.171 -0.999 0.041 0. 18.941 0. 0. 1. 0.
-0.059 0.998 0. 446.059 -0.998 -0.059 0. 18.318 0. 0. 1. 0.
-0.168 0.986 0. 445.844 -0.986 -0.168 0. 17.556 0. 0. 1. 0.
-0.279 0.960 0. 445.550 -0.960 -0.279 0. 16.777 0. 0. 1. 0.
-0.386 0.922 0. 445.130 -0.922 -0.386 0. 15.981 0. 0. 1. 0.
-0.489 0.872 0. 444.587 -0.872 -0.489 0. 15.155 0. 0. 1. 0.
-0.586 0.810 0. 443.916 -0.810 -0.586 0. 14.385 0. 0. 1. 0.
-0.671 0.741 0. 443.188 -0.741 -0.671 0. 13.522 0. 0. 1. 0.
-0.740 0.673 0. 442.194 -0.673 -0.740 0. 12.749 0. 0. 1. 0.
-0.787 0.617 0. 441.182 -0.617 -0.787 0. 11.933 0. 0. 1. 0.
-0.818 0.575 0. 439.995 -0.575 -0.818 0. 11.187 0. 0. 1. 0.
-0.835 0.550 0. 438.781 -0.550 -0.835 0. 10.456 0. 0. 1. 0.
-0.846 0.534 0. 437.490 -0.534 -0.846 0. 9.670 0. 0. 1. 0.
-0.850 0.527 0. 436.075 -0.527 -0.850 0. 8.872 0. 0. 1. 0.
-0.853 0.522 0. 434.572 -0.522 -0.853 0. 7.988 0. 0. 1. 0.
-0.858 0.514 0. 433.025 -0.514 -0.858 0. 7.066 0. 0. 1. 0.
-0.865 0.501 0. 431.383 -0.501 -0.865 0. 6.159 0. 0. 1. 0.
-0.872 0.490 0. 429.712 -0.490 -0.872 0. 5.227 0. 0. 1. 0.
-0.878 0.479 0. 428.073 -0.479 -0.878 0. 4.356 0. 0. 1. 0.
-0.883 0.469 0. 426.347 -0.469 -0.883 0. 3.445 0. 0. 1. 0.
-0.887 0.462 0. 424.612 -0.462 -0.887 0. 2.546 0. 0. 1. 0.
-0.891 0.455 0. 422.828 -0.455 -0.891 0. 1.706 0. 0. 1. 0.
-0.892 0.452 0. 421.133 -0.452 -0.892 0. 0.809 0. 0. 1. 0.
-0.894 0.447 0. 419.356 -0.447 -0.894 0. -0.011 0. 0. 1. 0.
-0.894 0.447 0. 417.659 -0.447 -0.894 0. -0.855 0. 0. 1. 0.
-0.895 0.446 0. 415.983 -0.446 -0.895 0. -1.718 0. 0. 1. 0.
-0.896 0.444 0. 414.261 -0.444 -0.896 0. -2.509 0. 0. 1. 0.
-0.895 0.446 0. 412.625 -0.446 -0.895 0. -3.342 0. 0. 1. 0.
-0.895 0.446 0. 410.964 -0.446 -0.895 0. -4.121 0. 0. 1. 0.
-0.895 0.446 0. 409.321 -0.446 -0.895 0. -4.925 0. 0. 1. 0.
-0.895 0.446 0. 407.709 -0.446 -0.895 0. -5.735 0. 0. 1. 0.
-0.895 0.445 0. 406.104 -0.445 -0.895 0. -6.558 0. 0. 1. 0.
-0.895 0.446 0. 404.494 -0.446 -0.895 0. -7.335 0. 0. 1. 0.
-0.896 0.445 0. 402.916 -0.445 -0.896 0. -8.155 0. 0. 1. 0.
-0.895 0.446 0. 401.316 -0.446 -0.895 0. -8.861 0. 0. 1. 0.
-0.894 0.447 0. 399.839 -0.447 -0.894 0. -9.689 0. 0. 1. 0.
-0.895 0.447 0. 398.267 -0.447 -0.895 0. -10.414 0. 0. 1. 0.
-0.894 0.448 0. 396.779 -0.448 -0.894 0. -11.175 0. 0. 1. 0.
-0.893 0.449 0. 395.301 -0.449 -0.893 0. -11.875 0. 0. 1. 0.
-0.895 0.446 0. 393.842 -0.446 -0.895 0. -12.625 0. 0. 1. 0.
-0.896 0.444 0. 392.355 -0.444 -0.896 0. -13.318 0. 0. 1. 0.
-0.898 0.440 0. 390.931 -0.440 -0.898 0. -14.026 0. 0. 1. 0.
-0.898 0.441 0. 389.497 -0.441 -0.898 0. -14.744 0. 0. 1. 0.
-0.898 0.440 0. 388.109 -0.440 -0.898 0. -15.428 0. 0. 1. 0.
-0.898 0.440 0. 386.778 -0.440 -0.898 0. -16.069 0. 0. 1. 0.
-0.899 0.438 0. 385.537 -0.438 -0.899 0. -16.706 0. 0. 1. 0.
-0.900 0.436 0. 384.315 -0.436 -0.900 0. -17.282 0. 0. 1. 0.
-0.902 0.432 0. 383.126 -0.432 -0.902 0. -17.857 0. 0. 1. 0.
-0.903 0.430 0. 382.020 -0.430 -0.903 0. -18.353 0. 0. 1. 0.
-0.903 0.429 0. 380.982 -0.429 -0.903 0. -18.831 0. 0. 1. 0.
-0.904 0.428 0. 379.993 -0.428 -0.904 0. -19.278 0. 0. 1. 0.
-0.905 0.426 0. 379.080 -0.426 -0.905 0. -19.718 0. 0. 1. 0.
-0.905 0.426 0. 378.227 -0.426 -0.905 0. -20.148 0. 0. 1. 0.
-0.904 0.428 0. 377.430 -0.428 -0.904 0. -20.521 0. 0. 1. 0.
-0.905 0.426 0. 376.727 -0.426 -0.905 0. -20.856 0. 0. 1. 0.
-0.905 0.424 0. 376.041 -0.424 -0.905 0. -21.155 0. 0. 1. 0.
-0.906 0.423 0. 375.443 -0.423 -0.906 0. -21.396 0. 0. 1. 0.
-0.905 0.425 0. 374.908 -0.425 -0.905 0. -21.634 0. 0. 1. 0.
-0.906 0.423 0. 374.481 -0.423 -0.906 0. -21.864 0. 0. 1. 0.
-0.906 0.423 0. 374.111 -0.423 -0.906 0. -22.054 0. 0. 1. 0.
-0.907 0.422 0. 373.820 -0.422 -0.907 0. -22.154 0. 0. 1. 0.
-0.906 0.423 0. 373.579 -0.423 -0.906 0. -22.240 0. 0. 1. 0.
-0.907 0.422 0. 373.384 -0.422 -0.907 0. -22.346 0. 0. 1. 0.
-0.907 0.421 0. 373.206 -0.421 -0.907 0. -22.406 0. 0. 1. 0.
-0.906 0.422 0. 373.073 -0.422 -0.906 0. -22.513 0. 0. 1. 0.
-0.907 0.422 0. 372.918 -0.422 -0.907 0. -22.555 0. 0. 1. 0.
-0.907 0.422 0. 372.771 -0.422 -0.907 0. -22.625 0. 0. 1. 0.
-0.907 0.422 0. 372.656 -0.422 -0.907 0. -22.693 0. 0. 1. 0.
-0.906 0.422 0. 372.565 -0.422 -0.906 0. -22.779 0. 0. 1. 0.
-0.906 0.423 0. 372.442 -0.423 -0.906 0. -22.808 0. 0. 1. 0.
-0.907 0.422 0. 372.333 -0.422 -0.907 0. -22.835 0. 0. 1. 0.
-0.907 0.422 0. 372.244 -0.422 -0.907 0. -22.871 0. 0. 1. 0.
-0.907 0.422 0. 372.161 -0.422 -0.907 0. -22.906 0. 0. 1. 0.
-0.906 0.423 0. 372.081 -0.423 -0.906 0. -22.925 0. 0. 1. 0.
-0.907 0.421 0. 372.025 -0.421 -0.907 0. -22.985 0. 0. 1. 0.
-0.907 0.422 0. 371.961 -0.422 -0.907 0. -22.997 0. 0. 1. 0.
-0.907 0.422 0. 371.913 -0.422 -0.907 0. -23.029 0. 0. 1. 0.
-0.906 0.422 0. 371.855 -0.422 -0.906 0. -23.041 0. 0. 1. 0.
-0.906 0.423 0. 371.807 -0.423 -0.906 0. -23.068 0. 0. 1. 0.
-0.907 0.421 0. 371.728 -0.421 -0.907 0. -23.091 0. 0. 1. 0.
-0.907 0.422 0. 371.688 -0.422 -0.907 0. -23.099 0. 0. 1. 0.
-0.907 0.422 0. 371.646 -0.422 -0.907 0. -23.138 0. 0. 1. 0.
-0.907 0.421 0. 371.569 -0.421 -0.907 0. -23.169 0. 0. 1. 0.
-0.907 0.421 0. 371.502 -0.421 -0.907 0. -23.234 0. 0. 1. 0.
-0.907 0.421 0. 371.384 -0.421 -0.907 0. -23.217 0. 0. 1. 0.
-0.907 0.420 0. 371.289 -0.420 -0.907 0. -23.291 0. 0. 1. 0.
-0.909 0.418 0. 371.112 -0.418 -0.909 0. -23.368 0. 0. 1. 0.
-0.908 0.419 0. 370.913 -0.419 -0.908 0. -23.458 0. 0. 1. 0.
-0.909 0.417 0. 370.649 -0.417 -0.909 0. -23.581 0. 0. 1. 0.
-0.910 0.415 0. 370.348 -0.415 -0.910 0. -23.734 0. 0. 1. 0.
-0.910 0.415 0. 369.981 -0.415 -0.910 0. -23.899 0. 0. 1. 0.
-0.910 0.415 0. 369.559 -0.415 -0.910 0. -24.100 0. 0. 1. 0.
-0.910 0.414 0. 369.050 -0.414 -0.910 0. -24.330 0. 0. 1. 0.
-0.911 0.412 0. 368.446 -0.412 -0.911 0. -24.580 0. 0. 1. 0.
-0.912 0.411 0. 367.821 -0.411 -0.912 0. -24.886 0. 0. 1. 0.
-0.912 0.411 0. 367.112 -0.411 -0.912 0. -25.154 0. 0. 1. 0.
-0.913 0.407 0. 366.327 -0.407 -0.913 0. -25.522 0. 0. 1. 0.
-0.915 0.404 0. 365.475 -0.404 -0.915 0. -25.878 0. 0. 1. 0.
-0.916 0.402 0. 364.499 -0.402 -0.916 0. -26.274 0. 0. 1. 0.
-0.917 0.399 0. 363.511 -0.399 -0.917 0. -26.727 0. 0. 1. 0.
-0.918 0.397 0. 362.420 -0.397 -0.918 0. -27.197 0. 0. 1. 0.
-0.918 0.396 0. 361.280 -0.396 -0.918 0. -27.680 0. 0. 1. 0.
-0.919 0.395 0. 360.051 -0.395 -0.919 0. -28.208 0. 0. 1. 0.
-0.920 0.392 0. 358.786 -0.392 -0.920 0. -28.748 0. 0. 1. 0.
-0.921 0.390 0. 357.420 -0.390 -0.921 0. -29.251 0. 0. 1. 0.
-0.921 0.388 0. 356.060 -0.388 -0.921 0. -29.852 0. 0. 1. 0.
-0.923 0.386 0. 354.633 -0.386 -0.923 0. -30.468 0. 0. 1. 0.
-0.923 0.385 0. 353.151 -0.385 -0.923 0. -31.086 0. 0. 1. 0.
-0.923 0.385 0. 351.691 -0.385 -0.923 0. -31.719 0. 0. 1. 0.
-0.923 0.385 0. 350.142 -0.385 -0.923 0. -32.345 0. 0. 1. 0.
-0.924 0.383 0. 348.592 -0.383 -0.924 0. -32.985 0. 0. 1. 0.
-0.924 0.382 0. 346.951 -0.382 -0.924 0. -33.586 0. 0. 1. 0.
-0.926 0.377 0. 345.323 -0.377 -0.926 0. -34.277 0. 0. 1. 0.
-0.929 0.370 0. 343.639 -0.370 -0.929 0. -34.954 0. 0. 1. 0.
-0.932 0.362 0. 341.867 -0.362 -0.932 0. -35.602 0. 0. 1. 0.
-0.936 0.352 0. 340.092 -0.352 -0.936 0. -36.304 0. 0. 1. 0.
-0.938 0.346 0. 338.193 -0.346 -0.938 0. -36.885 0. 0. 1. 0.
-0.941 0.339 0. 336.281 -0.339 -0.941 0. -37.536 0. 0. 1. 0.
-0.944 0.331 0. 334.346 -0.331 -0.944 0. -38.257 0. 0. 1. 0.
-0.945 0.326 0. 332.356 -0.326 -0.945 0. -38.953 0. 0. 1. 0.
-0.947 0.322 0. 330.306 -0.322 -0.947 0. -39.635 0. 0. 1. 0.
-0.948 0.318 0. 328.260 -0.318 -0.948 0. -40.304 0. 0. 1. 0.
-0.948 0.317 0. 326.129 -0.317 -0.948 0. -40.959 0. 0. 1. 0.
-0.949 0.315 0. 324.008 -0.315 -0.949 0. -41.629 0. 0. 1. 0.
-0.951 0.311 0. 321.886 -0.311 -0.951 0. -42.342 0. 0. 1. 0.
-0.951 0.308 0. 319.772 -0.308 -0.951 0. -43.037 0. 0. 1. 0.
-0.952 0.307 0. 317.615 -0.307 -0.952 0. -43.694 0. 0. 1. 0.
-0.952 0.307 0. 315.433 -0.307 -0.952 0. -44.380 0. 0. 1. 0.
-0.952 0.307 0. 313.248 -0.307 -0.952 0. -45.061 0. 0. 1. 0.
-0.951 0.311 0. 311.025 -0.311 -0.951 0. -45.734 0. 0. 1. 0.
-0.950 0.314 0. 308.839 -0.314 -0.950 0. -46.423 0. 0. 1. 0.
-0.949 0.316 0. 306.603 -0.316 -0.949 0. -47.150 0. 0. 1. 0.
-0.947 0.320 0. 304.400 -0.320 -0.947 0. -47.846 0. 0. 1. 0.
-0.946 0.325 0. 302.165 -0.325 -0.946 0. -48.561 0. 0. 1. 0.
-0.944 0.329 0. 299.919 -0.329 -0.944 0. -49.337 0. 0. 1. 0.
-0.943 0.334 0. 297.652 -0.334 -0.943 0. -50.114 0. 0. 1. 0.
-0.941 0.337 0. 295.381 -0.337 -0.941 0. -50.898 0. 0. 1. 0.
-0.940 0.341 0. 293.127 -0.341 -0.940 0. -51.719 0. 0. 1. 0.
-0.939 0.344 0. 290.840 -0.344 -0.939 0. -52.555 0. 0. 1. 0.
-0.939 0.345 0. 288.579 -0.345 -0.939 0. -53.362 0. 0. 1. 0.
-0.938 0.347 0. 286.321 -0.347 -0.938 0. -54.206 0. 0. 1. 0.
-0.936 0.353 0. 284.064 -0.353 -0.936 0. -55.027 0. 0. 1. 0.
-0.934 0.357 0. 281.811 -0.357 -0.934 0. -55.908 0. 0. 1. 0.
-0.933 0.359 0. 279.545 -0.359 -0.933 0. -56.742 0. 0. 1. 0.
-0.932 0.361 0. 277.282 -0.361 -0.932 0. -57.618 0. 0. 1. 0.
-0.931 0.364 0. 275.038 -0.364 -0.931 0. -58.497 0. 0. 1. 0.
-0.930 0.367 0. 272.731 -0.367 -0.930 0. -59.408 0. 0. 1. 0.
-0.929 0.370 0. 270.435 -0.370 -0.929 0. -60.224 0. 0. 1. 0.
-0.927 0.375 0. 268.165 -0.375 -0.927 0. -61.155 0. 0. 1. 0.
-0.926 0.378 0. 265.869 -0.378 -0.926 0. -62.010 0. 0. 1. 0.
-0.924 0.381 0. 263.583 -0.381 -0.924 0. -62.902 0. 0. 1. 0.
-0.925 0.381 0. 261.318 -0.381 -0.925 0. -63.844 0. 0. 1. 0.
-0.926 0.379 0. 259.036 -0.379 -0.926 0. -64.766 0. 0. 1. 0.
-0.925 0.379 0. 256.718 -0.379 -0.925 0. -65.734 0. 0. 1. 0.
-0.925 0.380 0. 254.442 -0.380 -0.925 0. -66.631 0. 0. 1. 0.
-0.924 0.382 0. 252.135 -0.382 -0.924 0. -67.526 0. 0. 1. 0.
-0.923 0.386 0. 249.804 -0.386 -0.923 0. -68.507 0. 0. 1. 0.
-0.922 0.387 0. 247.451 -0.387 -0.922 0. -69.407 0. 0. 1. 0.
-0.921 0.389 0. 245.122 -0.389 -0.921 0. -70.394 0. 0. 1. 0.
-0.920 0.392 0. 242.767 -0.392 -0.920 0. -71.399 0. 0. 1. 0.
-0.919 0.395 0. 240.422 -0.395 -0.919 0. -72.399 0. 0. 1. 0.
-0.919 0.395 0. 238.044 -0.395 -0.919 0. -73.355 0. 0. 1. 0.
-0.919 0.394 0. 235.648 -0.394 -0.919 0. -74.319 0. 0. 1. 0.
-0.918 0.396 0. 233.280 -0.396 -0.918 0. -75.365 0. 0. 1. 0.
-0.918 0.397 0. 230.882 -0.397 -0.918 0. -76.400 0. 0. 1. 0.
-0.917 0.399 0. 228.490 -0.399 -0.917 0. -77.424 0. 0. 1. 0.
-0.916 0.401 0. 226.080 -0.401 -0.916 0. -78.472 0. 0. 1. 0.
-0.917 0.400 0. 223.656 -0.400 -0.917 0. -79.477 0. 0. 1. 0.
-0.917 0.399 0. 221.279 -0.399 -0.917 0. -80.580 0. 0. 1. 0.
-0.917 0.398 0. 218.894 -0.398 -0.917 0. -81.607 0. 0. 1. 0.
-0.918 0.397 0. 216.495 -0.397 -0.918 0. -82.633 0. 0. 1. 0.
-0.918 0.397 0. 214.081 -0.397 -0.918 0. -83.646 0. 0. 1. 0.
-0.919 0.395 0. 211.689 -0.395 -0.919 0. -84.702 0. 0. 1. 0.
-0.920 0.391 0. 209.299 -0.391 -0.920 0. -85.740 0. 0. 1. 0.
-0.921 0.388 0. 206.885 -0.388 -0.921 0. -86.731 0. 0. 1. 0.
-0.921 0.388 0. 204.487 -0.388 -0.921 0. -87.679 0. 0. 1. 0.
-0.923 0.386 0. 202.131 -0.386 -0.923 0. -88.672 0. 0. 1. 0.
-0.923 0.386 0. 199.812 -0.386 -0.923 0. -89.627 0. 0. 1. 0.
-0.924 0.382 0. 197.450 -0.382 -0.924 0. -90.586 0. 0. 1. 0.
-0.925 0.380 0. 195.220 -0.380 -0.925 0. -91.472 0. 0. 1. 0.
-0.926 0.377 0. 192.994 -0.377 -0.926 0. -92.471 0. 0. 1. 0.
-0.926 0.377 0. 190.723 -0.377 -0.926 0. -93.317 0. 0. 1. 0.
-0.925 0.379 0. 188.481 -0.379 -0.925 0. -94.194 0. 0. 1. 0.
-0.925 0.380 0. 186.243 -0.380 -0.925 0. -95.119 0. 0. 1. 0.
-0.925 0.381 0. 184.002 -0.381 -0.925 0. -95.989 0. 0. 1. 0.
-0.924 0.382 0. 181.814 -0.382 -0.924 0. -96.910 0. 0. 1. 0.
-0.923 0.384 0. 179.600 -0.384 -0.923 0. -97.773 0. 0. 1. 0.
-0.924 0.383 0. 177.462 -0.383 -0.924 0. -98.698 0. 0. 1. 0.
-0.923 0.384 0. 175.268 -0.384 -0.923 0. -99.585 0. 0. 1. 0.
-0.923 0.384 0. 173.110 -0.384 -0.923 0. -100.510 0. 0. 1. 0.
-0.922 0.386 0. 170.901 -0.386 -0.922 0. -101.409 0. 0. 1. 0.
-0.922 0.386 0. 168.686 -0.386 -0.922 0. -102.225 0. 0. 1. 0.
-0.922 0.386 0. 166.518 -0.386 -0.922 0. -103.178 0. 0. 1. 0.
-0.923 0.385 0. 164.348 -0.385 -0.923 0. -104.113 0. 0. 1. 0.
-0.924 0.383 0. 162.193 -0.383 -0.924 0. -105.034 0. 0. 1. 0.
-0.924 0.381 0. 159.998 -0.381 -0.924 0. -105.864 0. 0. 1. 0.
-0.927 0.374 0. 157.853 -0.374 -0.927 0. -106.730 0. 0. 1. 0.
-0.929 0.370 0. 155.686 -0.370 -0.929 0. -107.455 0. 0. 1. 0.
-0.929 0.371 0. 153.632 -0.371 -0.929 0. -108.321 0. 0. 1. 0.
-0.928 0.372 0. 151.519 -0.372 -0.928 0. -109.143 0. 0. 1. 0.
-0.929 0.371 0. 149.400 -0.371 -0.929 0. -109.964 0. 0. 1. 0.
-0.928 0.372 0. 147.312 -0.372 -0.928 0. -110.745 0. 0. 1. 0.
-0.929 0.371 0. 145.288 -0.371 -0.929 0. -111.569 0. 0. 1. 0.
-0.928 0.373 0. 143.280 -0.373 -0.928 0. -112.317 0. 0. 1. 0.
-0.927 0.376 0. 141.344 -0.376 -0.927 0. -113.141 0. 0. 1. 0.
