1567496044208661 0.00532 0.99999 -0.00000 -4028558.53022 -0.99999 0.00532 0.00000 334190.36673 0.00000 -0.00000 1.00000 0.00000
1567496044458734 0.00618 0.99998 -0.00000 -4028845.14414 -0.99998 0.00618 0.00000 330722.54387 0.00000 -0.00000 1.00000 0.00000
1567496044708736 0.00679 0.99998 -0.00000 -4029046.34102 -0.99998 0.00679 0.00000 328268.37823 0.00000 -0.00000 1.00000 0.00000
1567496044958860 0.00757 0.99997 -0.00000 -4029301.92364 -0.99997 0.00757 0.00000 325122.86743 0.00000 -0.00000 1.00000 0.00000
1567496045208898 0.00835 0.99997 -0.00000 -4029553.60260 -0.99997 0.00835 0.00000 321995.83912 0.00000 -0.00000 1.00000 0.00000
1567496045458307 0.00904 0.99996 -0.00000 -4029775.69785 -0.99996 0.00904 0.00000 319212.20221 0.00000 -0.00000 1.00000 0.00000
1567496045708609 0.00906 0.99996 -0.00000 -4029782.76861 -0.99996 0.00906 0.00000 319131.47395 0.00000 -0.00000 1.00000 0.00000
1567496045958342 0.00877 0.99996 -0.00000 -4029691.22571 -0.99996 0.00877 0.00000 320294.35585 0.00000 -0.00000 1.00000 0.00000
1567496046208105 0.00866 0.99996 -0.00000 -4029657.21544 -0.99996 0.00866 0.00000 320731.52531 0.00000 -0.00000 1.00000 0.00000
1567496046458065 0.00873 0.99996 -0.00000 -4029678.02909 -0.99996 0.00873 0.00000 320480.00002 0.00000 -0.00000 1.00000 0.00000
1567496046708295 0.00886 0.99996 -0.00000 -4029720.80833 -0.99996 0.00886 0.00000 319952.22466 0.00000 -0.00000 1.00000 0.00000
1567496046957574 0.00844 0.99996 -0.00000 -4029586.49397 -0.99996 0.00844 0.00000 321650.36891 0.00000 -0.00000 1.00000 0.00000
1567496047208161 0.00780 0.99997 -0.00000 -4029380.60482 -0.99997 0.00780 0.00000 324230.67515 0.00000 -0.00000 1.00000 0.00000
1567496047456982 0.00691 0.99998 -0.00000 -4029091.24551 -0.99998 0.00691 0.00000 327818.28586 0.00000 -0.00000 1.00000 0.00000
1567496047706938 0.00587 0.99998 -0.00000 -4028749.47118 -0.99998 0.00587 0.00000 332003.88812 0.00000 -0.00000 1.00000 0.00000
1567496047956733 0.00494 0.99999 -0.00000 -4028440.88272 -0.99999 0.00494 0.00000 335739.43717 0.00000 -0.00000 1.00000 0.00000
1567496048207905 0.00445 0.99999 -0.00000 -4028278.70902 -0.99999 0.00445 0.00000 337691.95013 0.00000 -0.00000 1.00000 0.00000
1567496048456499 0.00407 0.99999 -0.00000 -4028150.75081 -0.99999 0.00407 0.00000 339227.26977 0.00000 -0.00000 1.00000 0.00000
1567496048705706 0.00408 0.99999 -0.00000 -4028155.26153 -0.99999 0.00408 0.00000 339186.47587 0.00000 -0.00000 1.00000 0.00000
1567496048955486 0.00348 0.99999 -0.00000 -4027951.27257 -0.99999 0.00348 0.00000 341613.41351 0.00000 -0.00000 1.00000 0.00000
1567496049205250 0.00429 0.99999 -0.00000 -4028227.57693 -0.99999 0.00429 0.00000 338353.27540 0.00000 -0.00000 1.00000 0.00000
1567496049455491 0.00497 0.99999 -0.00000 -4028458.71332 -0.99999 0.00497 0.00000 335604.14135 0.00000 -0.00000 1.00000 0.00000
1567496049704658 0.00490 0.99999 -0.00000 -4028437.16872 -0.99999 0.00490 0.00000 335876.80485 0.00000 -0.00000 1.00000 0.00000
1567496049954843 0.00626 0.99998 -0.00000 -4028890.14029 -0.99998 0.00626 0.00000 330413.62127 0.00000 -0.00000 1.00000 0.00000
1567496050204620 0.00656 0.99998 -0.00000 -4028989.85689 -0.99998 0.00656 0.00000 329210.21362 0.00000 -0.00000 1.00000 0.00000
1567496050454180 0.00450 0.99999 -0.00000 -4028305.68368 -0.99999 0.00450 0.00000 337493.33063 0.00000 -0.00000 1.00000 0.00000
1567496050703862 -0.00188 1.00000 0.00000 -4026071.44948 -1.00000 -0.00188 0.00000 363189.93747 0.00000 0.00000 1.00000 -0.00000
1567496050953311 -0.01416 0.99990 0.00000 -4021309.65520 -0.99990 -0.01416 0.00000 412597.45004 0.00000 0.00000 1.00000 -0.00000
1567496051203127 -0.02507 0.99969 0.00000 -4016566.83442 -0.99969 -0.02507 0.00000 456474.17249 0.00000 0.00000 1.00000 -0.00000
1567496051452110 -0.04083 0.99917 0.00000 -4008870.90402 -0.99917 -0.04083 0.00000 519751.54241 0.00000 0.00000 1.00000 -0.00000
1567496051702327 -0.05438 0.99852 0.00000 -4001451.65569 -0.99852 -0.05438 0.00000 574092.43847 0.00000 0.00000 1.00000 -0.00000
1567496051951662 -0.06661 0.99778 0.00000 -3994117.56810 -0.99778 -0.06661 0.00000 623082.85795 0.00000 0.00000 1.00000 -0.00000
1567496052201336 -0.07896 0.99688 0.00000 -3986101.44624 -0.99688 -0.07896 0.00000 672467.54235 0.00000 0.00000 1.00000 -0.00000
1567496052451203 -0.09089 0.99586 0.00000 -3977761.84245 -0.99586 -0.09089 0.00000 720165.31900 0.00000 0.00000 1.00000 -0.00000
1567496052700896 -0.10019 0.99497 0.00000 -3970865.91714 -0.99497 -0.10019 0.00000 757272.25497 0.00000 0.00000 1.00000 -0.00000
1567496052950250 -0.10657 0.99431 0.00000 -3965925.34011 -0.99431 -0.10657 0.00000 782741.10277 0.00000 0.00000 1.00000 -0.00000
1567496053200246 -0.10795 0.99416 0.00000 -3964840.58950 -0.99416 -0.10795 0.00000 788223.75931 0.00000 0.00000 1.00000 -0.00000
1567496053449597 -0.10794 0.99416 0.00000 -3964843.99800 -0.99416 -0.10794 0.00000 788213.11150 0.00000 0.00000 1.00000 -0.00000
1567496053699317 -0.10630 0.99433 0.00000 -3966143.50778 -0.99433 -0.10630 0.00000 781654.56172 0.00000 0.00000 1.00000 -0.00000
1567496053948891 -0.10477 0.99450 0.00000 -3967342.69493 -0.99450 -0.10477 0.00000 775551.79070 0.00000 0.00000 1.00000 -0.00000
1567496054198143 -0.10272 0.99471 0.00000 -3968935.02143 -0.99471 -0.10272 0.00000 767368.24811 0.00000 0.00000 1.00000 -0.00000
1567496054447792 -0.10051 0.99494 0.00000 -3970626.66602 -0.99494 -0.10051 0.00000 758573.56570 0.00000 0.00000 1.00000 -0.00000
1567496054697412 -0.09995 0.99499 0.00000 -3971059.00863 -0.99499 -0.09995 0.00000 756314.24353 0.00000 0.00000 1.00000 -0.00000
1567496054947386 -0.10147 0.99484 0.00000 -3969894.92413 -0.99484 -0.10147 0.00000 762408.17025 0.00000 0.00000 1.00000 -0.00000
1567496055196845 -0.10397 0.99458 0.00000 -3967969.65696 -0.99458 -0.10397 0.00000 772372.90687 0.00000 0.00000 1.00000 -0.00000
1567496055446536 -0.10831 0.99412 0.00000 -3964560.81646 -0.99412 -0.10831 0.00000 789691.06755 0.00000 0.00000 1.00000 -0.00000
1567496055696648 -0.11288 0.99361 0.00000 -3960893.10116 -0.99361 -0.11288 0.00000 807893.43737 0.00000 0.00000 1.00000 -0.00000
1567496055945897 -0.12039 0.99273 0.00000 -3954672.51512 -0.99273 -0.12039 0.00000 837820.32301 0.00000 0.00000 1.00000 -0.00000
1567496056195905 -0.12860 0.99170 0.00000 -3947603.97713 -0.99170 -0.12860 0.00000 870524.08445 0.00000 0.00000 1.00000 -0.00000
1567496056446224 -0.13782 0.99046 0.00000 -3939338.10185 -0.99046 -0.13782 0.00000 907202.61072 0.00000 0.00000 1.00000 -0.00000
1567496056694831 -0.14555 0.98935 0.00000 -3932130.73291 -0.98935 -0.14555 0.00000 937955.79709 0.00000 0.00000 1.00000 -0.00000
1567496056944880 -0.15327 0.98818 0.00000 -3924696.68401 -0.98818 -0.15327 0.00000 968597.56367 0.00000 0.00000 1.00000 -0.00000
1567496057194671 -0.16121 0.98692 0.00000 -3916783.20430 -0.98692 -0.16121 0.00000 1000123.36937 0.00000 0.00000 1.00000 -0.00000
1567496057444230 -0.16841 0.98572 0.00000 -3909381.00572 -0.98572 -0.16841 0.00000 1028683.43820 0.00000 0.00000 1.00000 -0.00000
1567496057693906 -0.17572 0.98444 0.00000 -3901640.32562 -0.98444 -0.17572 0.00000 1057669.21107 0.00000 0.00000 1.00000 -0.00000
1567496057943012 -0.18268 0.98317 0.00000 -3894061.66530 -0.98317 -0.18268 0.00000 1085245.11763 0.00000 0.00000 1.00000 -0.00000
1567496058192800 -0.18616 0.98252 0.00000 -3890191.99693 -0.98252 -0.18616 0.00000 1099041.03473 0.00000 0.00000 1.00000 -0.00000
1567496058442061 -0.18629 0.98249 0.00000 -3890044.95940 -0.98249 -0.18629 0.00000 1099566.68553 0.00000 0.00000 1.00000 -0.00000
1567496058691625 -0.18574 0.98260 0.00000 -3890660.65456 -0.98260 -0.18574 0.00000 1097391.46702 0.00000 0.00000 1.00000 -0.00000
1567496058940870 -0.18440 0.98285 0.00000 -3892158.57138 -0.98285 -0.18440 0.00000 1092072.16489 0.00000 0.00000 1.00000 -0.00000
1567496059190321 -0.18245 0.98322 0.00000 -3894322.09066 -0.98322 -0.18245 0.00000 1084337.05384 0.00000 0.00000 1.00000 -0.00000
1567496059439084 -0.17982 0.98370 0.00000 -3897208.70769 -0.98370 -0.17982 0.00000 1073921.25711 0.00000 0.00000 1.00000 -0.00000
1567496059689663 -0.17672 0.98426 0.00000 -3900569.01379 -0.98426 -0.17672 0.00000 1061656.62446 0.00000 0.00000 1.00000 -0.00000
1567496059939374 -0.17328 0.98487 0.00000 -3904261.00975 -0.98487 -0.17328 0.00000 1048002.66569 0.00000 0.00000 1.00000 -0.00000
1567496060187809 -0.17015 0.98542 0.00000 -3907568.56263 -0.98542 -0.17015 0.00000 1035606.63772 0.00000 0.00000 1.00000 -0.00000
1567496060437407 -0.16801 0.98579 0.00000 -3909810.91085 -0.98579 -0.16801 0.00000 1027112.87412 0.00000 0.00000 1.00000 -0.00000
1567496060686218 -0.16594 0.98614 0.00000 -3911958.60736 -0.98614 -0.16594 0.00000 1018906.51880 0.00000 0.00000 1.00000 -0.00000
1567496060935536 -0.16422 0.98642 0.00000 -3913730.50951 -0.98642 -0.16422 0.00000 1012082.98301 0.00000 0.00000 1.00000 -0.00000
1567496061184476 -0.16284 0.98665 0.00000 -3915148.47282 -0.98665 -0.16284 0.00000 1006587.30885 0.00000 0.00000 1.00000 -0.00000
1567496061433868 -0.16229 0.98674 0.00000 -3915710.55070 -0.98674 -0.16229 0.00000 1004401.74410 0.00000 0.00000 1.00000 -0.00000
1567496061682817 -0.16275 0.98667 0.00000 -3915237.58545 -0.98667 -0.16275 0.00000 1006246.61182 0.00000 0.00000 1.00000 -0.00000
1567496061932278 -0.16391 0.98648 0.00000 -3914053.94300 -0.98648 -0.16391 0.00000 1010843.30787 0.00000 0.00000 1.00000 -0.00000
1567496062181768 -0.16532 0.98624 0.00000 -3912599.97775 -0.98624 -0.16532 0.00000 1016458.57711 0.00000 0.00000 1.00000 -0.00000
1567496062431678 -0.16625 0.98608 0.00000 -3911645.07631 -0.98608 -0.16625 0.00000 1020128.89797 0.00000 0.00000 1.00000 -0.00000
1567496062680767 -0.16729 0.98591 0.00000 -3910565.82555 -0.98591 -0.16729 0.00000 1024259.78577 0.00000 0.00000 1.00000 -0.00000
1567496062930851 -0.16872 0.98566 0.00000 -3909076.44396 -0.98566 -0.16872 0.00000 1029930.75388 0.00000 0.00000 1.00000 -0.00000
1567496063180257 -0.16944 0.98554 0.00000 -3908327.47183 -0.98554 -0.16944 0.00000 1032770.63485 0.00000 0.00000 1.00000 -0.00000
1567496063430137 -0.17065 0.98533 0.00000 -3907050.73418 -0.98533 -0.17065 0.00000 1037591.52583 0.00000 0.00000 1.00000 -0.00000
1567496063679618 -0.17215 0.98507 0.00000 -3905467.08092 -0.98507 -0.17215 0.00000 1043537.88443 0.00000 0.00000 1.00000 -0.00000
1567496063929427 -0.17479 0.98461 0.00000 -3902660.25109 -0.98461 -0.17479 0.00000 1053987.81023 0.00000 0.00000 1.00000 -0.00000
1567496064179168 -0.18056 0.98356 0.00000 -3896411.39821 -0.98356 -0.18056 0.00000 1076860.56082 0.00000 0.00000 1.00000 -0.00000
1567496064428829 -0.18756 0.98225 0.00000 -3888641.19158 -0.98225 -0.18756 0.00000 1104592.01959 0.00000 0.00000 1.00000 -0.00000
1567496064678126 -0.19518 0.98077 0.00000 -3879951.18847 -0.98077 -0.19518 0.00000 1134740.65648 0.00000 0.00000 1.00000 -0.00000
1567496064928311 -0.20337 0.97910 0.00000 -3870332.88644 -0.97910 -0.20337 0.00000 1167126.82904 0.00000 0.00000 1.00000 -0.00000
1567496065177498 -0.21209 0.97725 0.00000 -3859772.67526 -0.97725 -0.21209 0.00000 1201591.04678 0.00000 0.00000 1.00000 -0.00000
1567496065427818 -0.22200 0.97505 0.00000 -3847378.39053 -0.97505 -0.22200 0.00000 1240705.67873 0.00000 0.00000 1.00000 -0.00000
1567496065677899 -0.23384 0.97228 0.00000 -3832008.92678 -0.97228 -0.23384 0.00000 1287394.25398 0.00000 0.00000 1.00000 -0.00000
1567496065927661 -0.24835 0.96867 0.00000 -3812334.75670 -0.96867 -0.24835 0.00000 1344539.24942 0.00000 0.00000 1.00000 -0.00000
1567496066177316 -0.26576 0.96404 0.00000 -3787494.13312 -0.96404 -0.26576 0.00000 1413002.60521 0.00000 0.00000 1.00000 -0.00000
1567496066427294 -0.28409 0.95880 0.00000 -3759874.51576 -0.95880 -0.28409 0.00000 1484937.12932 0.00000 0.00000 1.00000 -0.00000
1567496066676715 -0.30441 0.95254 0.00000 -3727458.22532 -0.95254 -0.30441 0.00000 1564530.79701 0.00000 0.00000 1.00000 -0.00000
1567496066926255 -0.32779 0.94475 0.00000 -3687768.60457 -0.94475 -0.32779 0.00000 1655920.06795 0.00000 0.00000 1.00000 -0.00000
1567496067175966 -0.35013 0.93670 0.00000 -3647412.73724 -0.93670 -0.35013 0.00000 1743013.56260 0.00000 0.00000 1.00000 -0.00000
1567496067676073 -0.40332 0.91506 0.00000 -3541343.95811 -0.91506 -0.40332 0.00000 1949516.46972 0.00000 0.00000 1.00000 -0.00000
1567496067926080 -0.43161 0.90206 0.00000 -3478936.52758 -0.90206 -0.43161 0.00000 2058820.09798 0.00000 0.00000 1.00000 -0.00000
1567496068175147 -0.46185 0.88696 0.00000 -3407383.49982 -0.88696 -0.46185 0.00000 2175197.79492 0.00000 0.00000 1.00000 -0.00000
1567496068424728 -0.49365 0.86966 0.00000 -3326408.33964 -0.86966 -0.49365 0.00000 2297120.72727 0.00000 0.00000 1.00000 -0.00000
1567496068674704 -0.52591 0.85054 0.00000 -3237964.14013 -0.85054 -0.52591 0.00000 2420196.83073 0.00000 0.00000 1.00000 -0.00000
1567496068924480 -0.55875 0.82934 0.00000 -3140890.14870 -0.82934 -0.55875 0.00000 2544912.96333 0.00000 0.00000 1.00000 -0.00000
1567496069174319 -0.59111 0.80659 0.00000 -3037786.79438 -0.80659 -0.59111 0.00000 2667139.44330 0.00000 0.00000 1.00000 -0.00000
1567496069424627 -0.62189 0.78311 0.00000 -2932280.39235 -0.78311 -0.62189 0.00000 2782718.39202 0.00000 0.00000 1.00000 -0.00000
1567496069674120 -0.64799 0.76164 0.00000 -2836575.69895 -0.76164 -0.64799 0.00000 2880214.70054 0.00000 0.00000 1.00000 -0.00000
1567496069923495 -0.66751 0.74460 0.00000 -2761021.64784 -0.74460 -0.66751 0.00000 2952721.85367 0.00000 0.00000 1.00000 -0.00000
1567496070173420 -0.68297 0.73045 0.00000 -2698529.32216 -0.73045 -0.68297 0.00000 3009942.66164 0.00000 0.00000 1.00000 -0.00000
1567496070423567 -0.69348 0.72047 0.00000 -2654605.09774 -0.72047 -0.69348 0.00000 3048753.12570 0.00000 0.00000 1.00000 -0.00000
1567496070673831 -0.69924 0.71489 0.00000 -2630073.41528 -0.71489 -0.69924 0.00000 3069942.38575 0.00000 0.00000 1.00000 -0.00000
1567496070923353 -0.69959 0.71454 0.00000 -2628556.45474 -0.71454 -0.69959 0.00000 3071242.76141 0.00000 0.00000 1.00000 -0.00000
1567496071173338 -0.69550 0.71852 0.00000 -2646042.06111 -0.71852 -0.69550 0.00000 3056192.31090 0.00000 0.00000 1.00000 -0.00000
1567496071421800 -0.69023 0.72359 0.00000 -2668343.55746 -0.72359 -0.69023 0.00000 3036741.96891 0.00000 0.00000 1.00000 -0.00000
1567496071671839 -0.68536 0.72820 0.00000 -2688622.33425 -0.72820 -0.68536 0.00000 3018804.14767 0.00000 0.00000 1.00000 -0.00000
1567496071921655 -0.68089 0.73239 0.00000 -2707083.92057 -0.73239 -0.68089 0.00000 3002261.61879 0.00000 0.00000 1.00000 -0.00000
1567496072171411 -0.67725 0.73575 0.00000 -2721925.79964 -0.73575 -0.67725 0.00000 2988813.81723 0.00000 0.00000 1.00000 -0.00000
1567496072421113 -0.67404 0.73869 0.00000 -2734899.89584 -0.73869 -0.67404 0.00000 2976948.23757 0.00000 0.00000 1.00000 -0.00000
1567496072670255 -0.67136 0.74113 0.00000 -2745667.26799 -0.74113 -0.67136 0.00000 2967022.05132 0.00000 0.00000 1.00000 -0.00000
1567496072919958 -0.66864 0.74358 0.00000 -2756530.19592 -0.74358 -0.66864 0.00000 2956934.29870 0.00000 0.00000 1.00000 -0.00000
1567496073169332 -0.66563 0.74628 0.00000 -2768476.05978 -0.74628 -0.66563 0.00000 2945754.61243 0.00000 0.00000 1.00000 -0.00000
1567496073418366 -0.66259 0.74899 0.00000 -2780437.38494 -0.74899 -0.66259 0.00000 2934469.08873 0.00000 0.00000 1.00000 -0.00000
1567496073668840 -0.65945 0.75175 0.00000 -2792685.17759 -0.75175 -0.65945 0.00000 2922817.40594 0.00000 0.00000 1.00000 -0.00000
1567496073918408 -0.65545 0.75524 0.00000 -2808167.71858 -0.75524 -0.65545 0.00000 2907947.29005 0.00000 0.00000 1.00000 -0.00000
1567496074167821 -0.65039 0.75960 0.00000 -2827542.28369 -0.75960 -0.65039 0.00000 2889113.93854 0.00000 0.00000 1.00000 -0.00000
1567496074417463 -0.64322 0.76568 0.00000 -2854570.79548 -0.76568 -0.64322 0.00000 2862413.62774 0.00000 0.00000 1.00000 -0.00000
1567496074666935 -0.63388 0.77343 0.00000 -2889078.63618 -0.77343 -0.63388 0.00000 2827582.45315 0.00000 0.00000 1.00000 -0.00000
1567496074916070 -0.62235 0.78274 0.00000 -2930674.52812 -0.78274 -0.62235 0.00000 2784449.07282 0.00000 0.00000 1.00000 -0.00000
1567496075165752 -0.60953 0.79276 0.00000 -2975594.67161 -0.79276 -0.60953 0.00000 2736395.15809 0.00000 0.00000 1.00000 -0.00000
1567496075415834 -0.59687 0.80234 0.00000 -3018666.63959 -0.80234 -0.59687 0.00000 2688807.62586 0.00000 0.00000 1.00000 -0.00000
1567496075665704 -0.58410 0.81168 0.00000 -3060828.74383 -0.81168 -0.58410 0.00000 2640714.85757 0.00000 0.00000 1.00000 -0.00000
1567496075915003 -0.57123 0.82079 0.00000 -3102076.93412 -0.82079 -0.57123 0.00000 2592137.97340 0.00000 0.00000 1.00000 -0.00000
1567496076164285 -0.55712 0.83043 0.00000 -3145924.94015 -0.83043 -0.55712 0.00000 2538745.76747 0.00000 0.00000 1.00000 -0.00000
1567496076413865 -0.54153 0.84068 0.00000 -3192739.88429 -0.84068 -0.54153 0.00000 2479616.77635 0.00000 0.00000 1.00000 -0.00000
1567496076663175 -0.52378 0.85185 0.00000 -3244061.58270 -0.85185 -0.52378 0.00000 2412087.37552 0.00000 0.00000 1.00000 -0.00000
1567496076913315 -0.50294 0.86432 0.00000 -3301673.90443 -0.86432 -0.50294 0.00000 2332608.94793 0.00000 0.00000 1.00000 -0.00000
1567496077162711 -0.47958 0.87750 0.00000 -3363043.29658 -0.87750 -0.47958 0.00000 2243227.37000 0.00000 0.00000 1.00000 -0.00000
1567496077412134 -0.45535 0.89031 0.00000 -3423252.49212 -0.89031 -0.45535 0.00000 2150229.29733 0.00000 0.00000 1.00000 -0.00000
1567496077661653 -0.43135 0.90218 0.00000 -3479599.03911 -0.90218 -0.43135 0.00000 2057801.92333 0.00000 0.00000 1.00000 -0.00000
1567496077911286 -0.40763 0.91315 0.00000 -3532197.96046 -0.91315 -0.40763 0.00000 1966151.21430 0.00000 0.00000 1.00000 -0.00000
1567496078161017 -0.38350 0.92354 0.00000 -3582626.94330 -0.92354 -0.38350 0.00000 1872691.14600 0.00000 0.00000 1.00000 -0.00000
1567496078409966 -0.36003 0.93294 0.00000 -3628816.76713 -0.93294 -0.36003 0.00000 1781542.00295 0.00000 0.00000 1.00000 -0.00000
1567496078660146 -0.34056 0.94022 0.00000 -3665081.20156 -0.94022 -0.34056 0.00000 1705695.79397 0.00000 0.00000 1.00000 -0.00000
1567496078909901 -0.32205 0.94672 0.00000 -3697829.67205 -0.94672 -0.32205 0.00000 1633489.99381 0.00000 0.00000 1.00000 -0.00000
1567496079159659 -0.30282 0.95305 0.00000 -3730144.07611 -0.95305 -0.30282 0.00000 1558292.21798 0.00000 0.00000 1.00000 -0.00000
1567496079409416 -0.27963 0.96011 0.00000 -3766811.70244 -0.96011 -0.27963 0.00000 1467445.03889 0.00000 0.00000 1.00000 -0.00000
1567496079658533 -0.25600 0.96668 0.00000 -3801671.42813 -0.96668 -0.25600 0.00000 1374618.39779 0.00000 0.00000 1.00000 -0.00000
1567496079907638 -0.23303 0.97247 0.00000 -3833176.54908 -0.97247 -0.23303 0.00000 1284155.43120 0.00000 0.00000 1.00000 -0.00000
1567496080157855 -0.21116 0.97745 0.00000 -3861006.54148 -0.97745 -0.21116 0.00000 1197890.90465 0.00000 0.00000 1.00000 -0.00000
1567496080407781 -0.19084 0.98162 0.00000 -3885030.18536 -0.98162 -0.19084 0.00000 1117529.09902 0.00000 0.00000 1.00000 -0.00000
1567496080658690 -0.17236 0.98503 0.00000 -3905341.92102 -0.98503 -0.17236 0.00000 1044342.95390 0.00000 0.00000 1.00000 -0.00000
1567496080907506 -0.15703 0.98759 0.00000 -3921112.55347 -0.98759 -0.15703 0.00000 983484.10110 0.00000 0.00000 1.00000 -0.00000
1567496081157219 -0.14139 0.98995 0.00000 -3936173.00515 -0.98995 -0.14139 0.00000 921370.58180 0.00000 0.00000 1.00000 -0.00000
1567496081406925 -0.12589 0.99204 0.00000 -3950103.88016 -0.99204 -0.12589 0.00000 859696.58736 0.00000 0.00000 1.00000 -0.00000
1567496081657171 -0.11033 0.99389 0.00000 -3963090.22018 -0.99389 -0.11033 0.00000 797704.30472 0.00000 0.00000 1.00000 -0.00000
1567496081905471 -0.09541 0.99544 0.00000 -3974616.17298 -0.99544 -0.09541 0.00000 738146.25721 0.00000 0.00000 1.00000 -0.00000
1567496082154706 -0.08124 0.99669 0.00000 -3984716.92515 -0.99669 -0.08124 0.00000 681529.26371 0.00000 0.00000 1.00000 -0.00000
1567496082404332 -0.06911 0.99761 0.00000 -3992714.50884 -0.99761 -0.06911 0.00000 633008.25553 0.00000 0.00000 1.00000 -0.00000
1567496082653810 -0.05721 0.99836 0.00000 -3999978.11263 -0.99836 -0.05721 0.00000 585372.56212 0.00000 0.00000 1.00000 -0.00000
1567496082904078 -0.04248 0.99910 0.00000 -4008179.08762 -0.99910 -0.04248 0.00000 526311.38759 0.00000 0.00000 1.00000 -0.00000
1567496083153689 -0.02604 0.99966 0.00000 -4016296.67654 -0.99966 -0.02604 0.00000 460305.85004 0.00000 0.00000 1.00000 -0.00000
1567496083403225 -0.00790 0.99997 0.00000 -4023989.81837 -0.99997 -0.00790 0.00000 387354.63380 0.00000 0.00000 1.00000 -0.00000
1567496083653160 0.01186 0.99993 -0.00000 -4030858.09459 -0.99993 0.01186 0.00000 307795.13438 0.00000 -0.00000 1.00000 0.00000
1567496083902332 0.02965 0.99956 -0.00000 -4035698.92152 -0.99956 0.02965 0.00000 236021.78542 0.00000 -0.00000 1.00000 0.00000
1567496084152166 0.04669 0.99891 -0.00000 -4039138.62718 -0.99891 0.04669 0.00000 167177.90813 0.00000 -0.00000 1.00000 0.00000
1567496084401368 0.06265 0.99804 -0.00000 -4041296.78918 -0.99804 0.06265 0.00000 102600.47667 0.00000 -0.00000 1.00000 0.00000
1567496084651279 0.07824 0.99693 -0.00000 -4042409.02175 -0.99693 0.07824 0.00000 39411.08215 0.00000 -0.00000 1.00000 0.00000
1567496084900757 0.09431 0.99554 -0.00000 -4042521.03100 -0.99554 0.09431 0.00000 -25788.15872 0.00000 -0.00000 1.00000 0.00000
1567496085150056 0.11079 0.99384 -0.00000 -4041540.68458 -0.99384 0.11079 0.00000 -92776.89786 0.00000 -0.00000 1.00000 0.00000
1567496085399998 0.12479 0.99218 -0.00000 -4039833.35118 -0.99218 0.12479 0.00000 -149741.83713 0.00000 -0.00000 1.00000 0.00000
1567496085648829 0.13725 0.99054 -0.00000 -4037634.03814 -0.99054 0.13725 0.00000 -200511.66822 0.00000 -0.00000 1.00000 0.00000
1567496085897991 0.14914 0.98882 -0.00000 -4034937.32310 -0.98882 0.14914 0.00000 -248981.61922 0.00000 -0.00000 1.00000 0.00000
1567496086147735 0.16211 0.98677 -0.00000 -4031323.19942 -0.98677 0.16211 0.00000 -301930.18859 0.00000 -0.00000 1.00000 0.00000
1567496086397123 0.17543 0.98449 -0.00000 -4026875.95601 -0.98449 0.17543 0.00000 -356393.29359 0.00000 -0.00000 1.00000 0.00000
1567496086646129 0.19185 0.98142 -0.00000 -4020362.71772 -0.98142 0.19185 0.00000 -423612.22310 0.00000 -0.00000 1.00000 0.00000
1567496086895438 0.20692 0.97836 -0.00000 -4013375.28811 -0.97836 0.20692 0.00000 -485386.50639 0.00000 -0.00000 1.00000 0.00000
1567496087145130 0.22379 0.97464 -0.00000 -4004391.52050 -0.97464 0.22379 0.00000 -554659.68593 0.00000 -0.00000 1.00000 0.00000
1567496087394943 0.24223 0.97022 -0.00000 -3993158.20621 -0.97022 0.24223 0.00000 -630479.13374 0.00000 -0.00000 1.00000 0.00000
1567496087643900 0.26005 0.96559 -0.00000 -3980876.43727 -0.96559 0.26005 0.00000 -703886.82558 0.00000 -0.00000 1.00000 0.00000
1567496087893738 0.27350 0.96187 -0.00000 -3970672.49333 -0.96187 0.27350 0.00000 -759349.23612 0.00000 -0.00000 1.00000 0.00000
1567496088143113 0.28644 0.95810 -0.00000 -3960074.82375 -0.95810 0.28644 0.00000 -812819.72951 0.00000 -0.00000 1.00000 0.00000
1567496088392933 0.30639 0.95191 -0.00000 -3942236.33608 -0.95191 0.30639 0.00000 -895353.75078 0.00000 -0.00000 1.00000 0.00000
1567496088642511 0.32997 0.94399 -0.00000 -3918747.01427 -0.94399 0.32997 0.00000 -993138.71543 0.00000 -0.00000 1.00000 0.00000
1567496088892161 0.35522 0.93478 -0.00000 -3890651.60286 -0.93478 0.35522 0.00000 -1098066.34619 0.00000 -0.00000 1.00000 0.00000
1567496089141376 0.38230 0.92404 -0.00000 -3857012.58520 -0.92404 0.38230 0.00000 -1210946.01030 0.00000 -0.00000 1.00000 0.00000
1567496089391114 0.40964 0.91225 -0.00000 -3819247.21887 -0.91225 0.40964 0.00000 -1325256.08378 0.00000 -0.00000 1.00000 0.00000
1567496089640949 0.43641 0.89975 -0.00000 -3778433.60256 -0.89975 0.43641 0.00000 -1437500.99264 0.00000 -0.00000 1.00000 0.00000
1567496089891064 0.46367 0.88601 -0.00000 -3732812.06128 -0.88601 0.46367 0.00000 -1552127.63136 0.00000 -0.00000 1.00000 0.00000
1567496090140033 0.49026 0.87158 -0.00000 -3684155.14661 -0.87158 0.49026 0.00000 -1664332.62885 0.00000 -0.00000 1.00000 0.00000
1567496090389710 0.51575 0.85674 -0.00000 -3633462.79548 -0.85674 0.51575 0.00000 -1772277.17502 0.00000 -0.00000 1.00000 0.00000
1567496090639579 0.53667 0.84379 -0.00000 -3588758.82856 -0.84379 0.53667 0.00000 -1861140.53794 0.00000 -0.00000 1.00000 0.00000
1567496090888285 0.55449 0.83219 -0.00000 -3548396.53063 -0.83219 0.55449 0.00000 -1936990.31372 0.00000 -0.00000 1.00000 0.00000
1567496091138897 0.56996 0.82167 -0.00000 -3511537.66972 -0.82167 0.56996 0.00000 -2003039.63413 0.00000 -0.00000 1.00000 0.00000
1567496091388657 0.58439 0.81147 -0.00000 -3475588.21780 -0.81147 0.58439 0.00000 -2064792.00035 0.00000 -0.00000 1.00000 0.00000
1567496091637931 0.59824 0.80131 -0.00000 -3439611.02175 -0.80131 0.59824 0.00000 -2124186.91368 0.00000 -0.00000 1.00000 0.00000
1567496091887795 0.61255 0.79043 -0.00000 -3400867.84235 -0.79043 0.61255 0.00000 -2185682.10989 0.00000 -0.00000 1.00000 0.00000
1567496092136815 0.62669 0.77927 -0.00000 -3360948.32922 -0.77927 0.62669 0.00000 -2246586.00447 0.00000 -0.00000 1.00000 0.00000
1567496092385539 0.64223 0.76651 -0.00000 -3315100.09706 -0.76651 0.64223 0.00000 -2313708.58851 0.00000 -0.00000 1.00000 0.00000
1567496092635302 0.65874 0.75237 -0.00000 -3264046.18852 -0.75237 0.65874 0.00000 -2385194.35141 0.00000 -0.00000 1.00000 0.00000
1567496092884264 0.67445 0.73832 -0.00000 -3213049.76169 -0.73832 0.67445 0.00000 -2453461.65326 0.00000 -0.00000 1.00000 0.00000
1567496093133682 0.68936 0.72442 -0.00000 -3162360.67142 -0.72442 0.68936 0.00000 -2518462.00078 0.00000 -0.00000 1.00000 0.00000
1567496093383564 0.70301 0.71118 -0.00000 -3113921.40548 -0.71118 0.70301 0.00000 -2578116.00963 0.00000 -0.00000 1.00000 0.00000
1567496093633135 0.71467 0.69947 -0.00000 -3070885.02759 -0.69947 0.71467 0.00000 -2629233.04252 0.00000 -0.00000 1.00000 0.00000
1567496093882828 0.72470 0.68906 -0.00000 -3032561.97437 -0.68906 0.72470 0.00000 -2673346.49227 0.00000 -0.00000 1.00000 0.00000
1567496094132528 0.73352 0.67966 -0.00000 -2997853.77382 -0.67966 0.73352 0.00000 -2712212.83948 0.00000 -0.00000 1.00000 0.00000
1567496094381693 0.74122 0.67126 -0.00000 -2966746.69634 -0.67126 0.74122 0.00000 -2746206.79000 0.00000 -0.00000 1.00000 0.00000
1567496094630899 0.74784 0.66388 -0.00000 -2939399.84819 -0.66388 0.74784 0.00000 -2775459.96958 0.00000 -0.00000 1.00000 0.00000
1567496094880531 0.75223 0.65890 -0.00000 -2920876.70476 -0.65890 0.75223 0.00000 -2794949.10758 0.00000 -0.00000 1.00000 0.00000
1567496095130028 0.75402 0.65686 -0.00000 -2913296.20437 -0.65686 0.75402 0.00000 -2802851.78382 0.00000 -0.00000 1.00000 0.00000
1567496095379688 0.75522 0.65547 -0.00000 -2908156.85631 -0.65547 0.75522 0.00000 -2808185.92028 0.00000 -0.00000 1.00000 0.00000
1567496095628683 0.75404 0.65683 -0.00000 -2913206.96452 -0.65683 0.75404 0.00000 -2802948.64318 0.00000 -0.00000 1.00000 0.00000
1567496095878575 0.74919 0.66236 -0.00000 -2933740.59949 -0.66236 0.74919 0.00000 -2781451.67502 0.00000 -0.00000 1.00000 0.00000
1567496096128010 0.74104 0.67146 -0.00000 -2967510.77327 -0.67146 0.74104 0.00000 -2745395.88100 0.00000 -0.00000 1.00000 0.00000
1567496096377257 0.73002 0.68342 -0.00000 -3011755.45027 -0.68342 0.73002 0.00000 -2696786.84638 0.00000 -0.00000 1.00000 0.00000
1567496096626094 0.71729 0.69677 -0.00000 -3060991.17293 -0.69677 0.71729 0.00000 -2640771.61840 0.00000 -0.00000 1.00000 0.00000
1567496096875592 0.70301 0.71118 -0.00000 -3113940.30532 -0.71118 0.70301 0.00000 -2578125.11600 0.00000 -0.00000 1.00000 0.00000
1567496097124690 0.68587 0.72772 -0.00000 -3174470.04322 -0.72772 0.68587 0.00000 -2503218.93990 0.00000 -0.00000 1.00000 0.00000
1567496097374330 0.66782 0.74432 -0.00000 -3234888.54280 -0.74432 0.66782 0.00000 -2424638.77297 0.00000 -0.00000 1.00000 0.00000
1567496097623552 0.64889 0.76089 -0.00000 -3294864.59095 -0.76089 0.64889 0.00000 -2342489.37830 0.00000 -0.00000 1.00000 0.00000
1567496097873048 0.62777 0.77840 -0.00000 -3357878.48612 -0.77840 0.62777 0.00000 -2251233.78181 0.00000 -0.00000 1.00000 0.00000
1567496098122692 0.60257 0.79807 -0.00000 -3428118.26962 -0.79807 0.60257 0.00000 -2142759.69261 0.00000 -0.00000 1.00000 0.00000
1567496098371761 0.57323 0.81939 -0.00000 -3503578.75242 -0.81939 0.57323 0.00000 -2017018.26867 0.00000 -0.00000 1.00000 0.00000
1567496098621900 0.54093 0.84107 -0.00000 -3579374.35179 -0.84107 0.54093 0.00000 -1879233.65565 0.00000 -0.00000 1.00000 0.00000
1567496098870709 0.50601 0.86253 -0.00000 -3653379.57676 -0.86253 0.50601 0.00000 -1730973.97838 0.00000 -0.00000 1.00000 0.00000
1567496099120136 0.46605 0.88476 -0.00000 -3728699.33864 -0.88476 0.46605 0.00000 -1562135.78864 0.00000 -0.00000 1.00000 0.00000
1567496099369399 0.42210 0.90655 -0.00000 -3800814.91121 -0.90655 0.42210 0.00000 -1377420.42604 0.00000 -0.00000 1.00000 0.00000
1567496099619284 0.37262 0.92798 -0.00000 -3869535.49533 -0.92798 0.37262 0.00000 -1170551.33870 0.00000 -0.00000 1.00000 0.00000
1567496099868919 0.32193 0.94676 -0.00000 -3927141.01404 -0.94676 0.32193 0.00000 -959725.76538 0.00000 -0.00000 1.00000 0.00000
1567496100118770 0.27135 0.96248 -0.00000 -3972452.20087 -0.96248 0.27135 0.00000 -750432.24343 0.00000 -0.00000 1.00000 0.00000
1567496100369525 0.22691 0.97391 -0.00000 -4002692.88617 -0.97391 0.22691 0.00000 -567441.66367 0.00000 -0.00000 1.00000 0.00000
1567496100618466 0.19693 0.98042 -0.00000 -4018217.73199 -0.98042 0.19693 0.00000 -444389.50058 0.00000 -0.00000 1.00000 0.00000
1567496100868466 0.17048 0.98536 -0.00000 -4028721.57449 -0.98536 0.17048 0.00000 -336115.93873 0.00000 -0.00000 1.00000 0.00000
1567496101117424 0.14480 0.98946 -0.00000 -4036102.41581 -0.98946 0.14480 0.00000 -231223.85328 0.00000 -0.00000 1.00000 0.00000
1567496101366663 0.12049 0.99271 -0.00000 -4040560.45463 -0.99271 0.12049 0.00000 -132190.45927 0.00000 -0.00000 1.00000 0.00000
1567496101616703 0.10073 0.99491 -0.00000 -4042392.12335 -0.99491 0.10073 0.00000 -51818.00263 0.00000 -0.00000 1.00000 0.00000
1567496101866283 0.08615 0.99628 -0.00000 -4042719.53244 -0.99628 0.08615 0.00000 7359.21809 0.00000 -0.00000 1.00000 0.00000
1567496102116560 0.07575 0.99713 -0.00000 -4042424.31395 -0.99713 0.07575 0.00000 49571.07650 0.00000 -0.00000 1.00000 0.00000
1567496102365647 0.06950 0.99758 -0.00000 -4042036.68976 -0.99758 0.06950 0.00000 74881.48318 0.00000 -0.00000 1.00000 0.00000
1567496102615469 0.06945 0.99759 -0.00000 -4042035.01483 -0.99759 0.06945 0.00000 75081.01768 0.00000 -0.00000 1.00000 0.00000
1567496102864891 0.07199 0.99741 -0.00000 -4042214.89996 -0.99741 0.07199 0.00000 64802.65326 0.00000 -0.00000 1.00000 0.00000
1567496103114240 0.07711 0.99702 -0.00000 -4042496.30252 -0.99702 0.07711 0.00000 44055.98376 0.00000 -0.00000 1.00000 0.00000
1567496103363683 0.08157 0.99667 -0.00000 -4042655.01953 -0.99667 0.08157 0.00000 25971.09750 0.00000 -0.00000 1.00000 0.00000
1567496103612813 0.08575 0.99632 -0.00000 -4042730.51448 -0.99632 0.08575 0.00000 8999.57902 0.00000 -0.00000 1.00000 0.00000
1567496103862855 0.08911 0.99602 -0.00000 -4042740.00246 -0.99602 0.08911 0.00000 -4617.78366 0.00000 -0.00000 1.00000 0.00000
1567496104112598 0.09206 0.99575 -0.00000 -4042710.66094 -0.99575 0.09206 0.00000 -16602.97859 0.00000 -0.00000 1.00000 0.00000
1567496104361948 0.09503 0.99547 -0.00000 -4042645.11584 -0.99547 0.09503 0.00000 -28683.87025 0.00000 -0.00000 1.00000 0.00000
1567496104611871 0.09806 0.99518 -0.00000 -4042541.47389 -0.99518 0.09806 0.00000 -40963.52890 0.00000 -0.00000 1.00000 0.00000
1567496104861611 0.10088 0.99490 -0.00000 -4042411.02955 -0.99490 0.10088 0.00000 -52440.70268 0.00000 -0.00000 1.00000 0.00000
1567496105111526 0.10366 0.99461 -0.00000 -4042251.22391 -0.99461 0.10366 0.00000 -63713.80161 0.00000 -0.00000 1.00000 0.00000
1567496105360392 0.10388 0.99459 -0.00000 -4042239.00178 -0.99459 0.10388 0.00000 -64619.93098 0.00000 -0.00000 1.00000 0.00000
1567496105610628 0.10224 0.99476 -0.00000 -4042342.34709 -0.99476 0.10224 0.00000 -57947.42459 0.00000 -0.00000 1.00000 0.00000
1567496105860239 0.09905 0.99508 -0.00000 -4042509.28795 -0.99508 0.09905 0.00000 -45010.08273 0.00000 -0.00000 1.00000 0.00000
1567496106110117 0.09572 0.99541 -0.00000 -4042639.42945 -0.99541 0.09572 0.00000 -31487.68324 0.00000 -0.00000 1.00000 0.00000
1567496106359938 0.09184 0.99577 -0.00000 -4042733.72975 -0.99577 0.09184 0.00000 -15714.36828 0.00000 -0.00000 1.00000 0.00000
1567496106609707 0.08820 0.99610 -0.00000 -4042766.38968 -0.99610 0.08820 0.00000 -940.44535 0.00000 -0.00000 1.00000 0.00000
1567496106858412 0.08409 0.99646 -0.00000 -4042738.14591 -0.99646 0.08409 0.00000 15724.59757 0.00000 -0.00000 1.00000 0.00000
1567496107108321 0.07599 0.99711 -0.00000 -4042479.14400 -0.99711 0.07599 0.00000 48574.46563 0.00000 -0.00000 1.00000 0.00000
1567496107359514 0.06680 0.99777 -0.00000 -4041862.26108 -0.99777 0.06680 0.00000 85819.39496 0.00000 -0.00000 1.00000 0.00000
1567496107607877 0.05953 0.99823 -0.00000 -4041132.10065 -0.99823 0.05953 0.00000 115261.13308 0.00000 -0.00000 1.00000 0.00000
1567496107856731 0.05488 0.99849 -0.00000 -4040553.44200 -0.99849 0.05488 0.00000 134089.76765 0.00000 -0.00000 1.00000 0.00000
1567496108107880 0.04937 0.99878 -0.00000 -4039754.45584 -0.99878 0.04937 0.00000 156380.03800 0.00000 -0.00000 1.00000 0.00000
1567496108356618 0.04466 0.99900 -0.00000 -4038974.48270 -0.99900 0.04466 0.00000 175426.45442 0.00000 -0.00000 1.00000 0.00000
1567496108606214 0.04027 0.99919 -0.00000 -4038166.99992 -0.99919 0.04027 0.00000 193171.16705 0.00000 -0.00000 1.00000 0.00000
1567496108855611 0.03599 0.99935 -0.00000 -4037305.43620 -0.99935 0.03599 0.00000 210454.19970 0.00000 -0.00000 1.00000 0.00000
1567496109105175 0.03242 0.99947 -0.00000 -4036528.81360 -0.99947 0.03242 0.00000 224898.67184 0.00000 -0.00000 1.00000 0.00000
1567496109354603 0.02959 0.99956 -0.00000 -4035877.41321 -0.99956 0.02959 0.00000 236338.25669 0.00000 -0.00000 1.00000 0.00000
1567496109604149 0.02993 0.99955 -0.00000 -4035961.50642 -0.99955 0.02993 0.00000 234935.82479 0.00000 -0.00000 1.00000 0.00000
1567496109853407 0.03100 0.99952 -0.00000 -4036212.29156 -0.99952 0.03100 0.00000 230625.66623 0.00000 -0.00000 1.00000 0.00000
1567496110103382 0.03077 0.99953 -0.00000 -4036162.07393 -0.99953 0.03077 0.00000 231541.04725 0.00000 -0.00000 1.00000 0.00000
1567496110352670 0.02991 0.99955 -0.00000 -4035962.50933 -0.99955 0.02991 0.00000 235031.59839 0.00000 -0.00000 1.00000 0.00000
1567496110601996 0.02950 0.99956 -0.00000 -4035867.49093 -0.99956 0.02950 0.00000 236694.96088 0.00000 -0.00000 1.00000 0.00000
1567496110851055 0.02977 0.99956 -0.00000 -4035933.92385 -0.99956 0.02977 0.00000 235597.28657 0.00000 -0.00000 1.00000 0.00000
1567496111101356 0.03180 0.99949 -0.00000 -4036406.87958 -0.99949 0.03180 0.00000 227389.23898 0.00000 -0.00000 1.00000 0.00000
1567496111350626 0.03266 0.99947 -0.00000 -4036602.11984 -0.99947 0.03266 0.00000 223936.38771 0.00000 -0.00000 1.00000 0.00000
1567496111600354 0.03360 0.99944 -0.00000 -4036814.56652 -0.99944 0.03360 0.00000 220113.83532 0.00000 -0.00000 1.00000 0.00000
1567496111850027 0.03349 0.99944 -0.00000 -4036791.66778 -0.99944 0.03349 0.00000 220573.54917 0.00000 -0.00000 1.00000 0.00000
1567496112099076 0.03238 0.99948 -0.00000 -4036546.00763 -0.99948 0.03238 0.00000 225063.32394 0.00000 -0.00000 1.00000 0.00000
1567496112348443 0.03045 0.99954 -0.00000 -4036107.14934 -0.99954 0.03045 0.00000 232838.23296 0.00000 -0.00000 1.00000 0.00000
1567496112598053 0.02874 0.99959 -0.00000 -4035703.66183 -0.99959 0.02874 0.00000 239766.10143 0.00000 -0.00000 1.00000 0.00000
1567496112847558 0.02647 0.99965 -0.00000 -4035151.18905 -0.99965 0.02647 0.00000 248925.32768 0.00000 -0.00000 1.00000 0.00000
1567496113097215 0.02373 0.99972 -0.00000 -4034455.95230 -0.99972 0.02373 0.00000 259982.69341 0.00000 -0.00000 1.00000 0.00000
1567496113346212 0.01825 0.99983 -0.00000 -4032974.11510 -0.99983 0.01825 0.00000 282067.89112 0.00000 -0.00000 1.00000 0.00000
1567496113595860 0.01385 0.99990 -0.00000 -4031694.91997 -0.99990 0.01385 0.00000 299825.27725 0.00000 -0.00000 1.00000 0.00000
1567496113844895 0.01096 0.99994 -0.00000 -4030812.29923 -0.99994 0.01096 0.00000 311492.71973 0.00000 -0.00000 1.00000 0.00000
1567496114093853 0.00905 0.99996 -0.00000 -4030211.66517 -0.99996 0.00905 0.00000 319195.44018 0.00000 -0.00000 1.00000 0.00000
1567496114343976 0.00699 0.99998 -0.00000 -4029548.48168 -0.99998 0.00699 0.00000 327486.03385 0.00000 -0.00000 1.00000 0.00000
1567496114592980 0.00540 0.99999 -0.00000 -4029026.84967 -0.99999 0.00540 0.00000 333866.34888 0.00000 -0.00000 1.00000 0.00000
1567496114842650 0.00424 0.99999 -0.00000 -4028635.73063 -0.99999 0.00424 0.00000 338576.66388 0.00000 -0.00000 1.00000 0.00000
1567496115092437 0.00321 0.99999 -0.00000 -4028289.84822 -0.99999 0.00321 0.00000 342690.32626 0.00000 -0.00000 1.00000 0.00000
1567496115341574 0.00232 1.00000 -0.00000 -4027981.97165 -1.00000 0.00232 0.00000 346312.77134 0.00000 -0.00000 1.00000 0.00000
1567496115590983 0.00237 1.00000 -0.00000 -4028002.15439 -1.00000 0.00237 0.00000 346100.16505 0.00000 -0.00000 1.00000 0.00000
1567496115840084 0.00344 0.99999 -0.00000 -4028374.06776 -0.99999 0.00344 0.00000 341766.35305 0.00000 -0.00000 1.00000 0.00000
1567496116089399 0.00488 0.99999 -0.00000 -4028861.22530 -0.99999 0.00488 0.00000 335997.22313 0.00000 -0.00000 1.00000 0.00000
1567496116339059 0.00594 0.99998 -0.00000 -4029219.27994 -0.99998 0.00594 0.00000 331698.34651 0.00000 -0.00000 1.00000 0.00000
1567496116587775 0.00740 0.99997 -0.00000 -4029699.09361 -0.99997 0.00740 0.00000 325839.73269 0.00000 -0.00000 1.00000 0.00000
1567496116836421 0.00812 0.99997 -0.00000 -4029933.87768 -0.99997 0.00812 0.00000 322944.65366 0.00000 -0.00000 1.00000 0.00000
1567496117086189 0.00959 0.99995 -0.00000 -4030408.83633 -0.99995 0.00959 0.00000 316983.30477 0.00000 -0.00000 1.00000 0.00000
1567496117335086 0.01178 0.99993 -0.00000 -4031093.88344 -0.99993 0.01178 0.00000 308170.24849 0.00000 -0.00000 1.00000 0.00000
1567496117584271 0.01633 0.99987 -0.00000 -4032454.67304 -0.99987 0.01633 0.00000 289842.61095 0.00000 -0.00000 1.00000 0.00000
1567496117833397 0.02344 0.99973 -0.00000 -4034415.92098 -0.99973 0.02344 0.00000 261150.92263 0.00000 -0.00000 1.00000 0.00000
1567496118082946 0.03632 0.99934 -0.00000 -4037447.28444 -0.99934 0.03632 0.00000 209147.73019 0.00000 -0.00000 1.00000 0.00000
1567496118332578 0.05360 0.99856 -0.00000 -4040462.98751 -0.99856 0.05360 0.00000 139260.25110 0.00000 -0.00000 1.00000 0.00000
1567496118582155 0.08230 0.99661 -0.00000 -4042798.09631 -0.99661 0.08230 0.00000 22999.79103 0.00000 -0.00000 1.00000 0.00000
1567496118831140 0.12815 0.99176 -0.00000 -4039562.90384 -0.99176 0.12815 0.00000 -163362.73478 0.00000 -0.00000 1.00000 0.00000
1567496119080578 0.18284 0.98314 -0.00000 -4024332.66801 -0.98314 0.18284 0.00000 -386668.56462 0.00000 -0.00000 1.00000 0.00000
1567496119329474 0.24332 0.96995 -0.00000 -3992697.69585 -0.96995 0.24332 0.00000 -634933.83005 0.00000 -0.00000 1.00000 0.00000
1567496119578972 0.30394 0.95269 -0.00000 -3944767.41280 -0.95269 0.30394 0.00000 -885209.30475 0.00000 -0.00000 1.00000 0.00000
1567496119828534 0.36897 0.92944 -0.00000 -3874269.45792 -0.92944 0.36897 0.00000 -1155348.83105 0.00000 -0.00000 1.00000 0.00000
1567496120077921 0.43762 0.89916 -0.00000 -3776729.41249 -0.89916 0.43762 0.00000 -1442608.31481 0.00000 -0.00000 1.00000 0.00000
1567496120327163 0.50248 0.86459 -0.00000 -3660580.78040 -0.86459 0.50248 0.00000 -1716088.83260 0.00000 -0.00000 1.00000 0.00000
1567496120576319 0.56936 0.82209 -0.00000 -3513195.53682 -0.82209 0.56936 0.00000 -2000569.44227 0.00000 -0.00000 1.00000 0.00000
1567496120826270 0.63730 0.77061 -0.00000 -3330071.73835 -0.77061 0.63730 0.00000 -2292477.09529 0.00000 -0.00000 1.00000 0.00000
1567496121075563 0.70476 0.70945 -0.00000 -3107726.41611 -0.70945 0.70476 0.00000 -2585898.89276 0.00000 -0.00000 1.00000 0.00000
1567496121325034 0.76943 0.63873 -0.00000 -2845923.67628 -0.63873 0.76943 0.00000 -2871508.66537 0.00000 -0.00000 1.00000 0.00000
