0.979 0.202 0. -4.327 0.202 -0.979 0. 0.043 0. 0. -1. 0.
0.979 0.202 0. -4.327 0.202 -0.979 0. 0.043 0. 0. -1. 0.
0.979 0.202 0. -4.327 0.202 -0.979 0. 0.043 0. 0. -1. 0.
0.979 0.202 0. -4.327 0.202 -0.979 0. 0.043 0. 0. -1. 0.
0.979 0.202 0. -4.327 0.202 -0.979 0. 0.043 0. 0. -1. 0.
0.979 0.202 0. -4.327 0.202 -0.979 0. 0.043 0. 0. -1. 0.
0.979 0.202 0. -4.327 0.202 -0.979 0. 0.043 0. 0. -1. 0.
0.979 0.202 0. -4.327 0.202 -0.979 0. 0.043 0. 0. -1. 0.
0.979 0.202 0. -4.327 0.202 -0.979 0. 0.043 0. 0. -1. 0.
0.979 0.202 0. -4.327 0.202 -0.979 0. 0.043 0. 0. -1. 0.
0.979 0.202 0. -4.327 0.202 -0.979 0. 0.043 0. 0. -1. 0.
0.979 0.202 0. -4.327 0.202 -0.979 0. 0.043 0. 0. -1. 0.
0.979 0.202 0. -4.327 0.202 -0.979 0. 0.043 0. 0. -1. 0.
0.979 0.202 0. -4.327 0.202 -0.979 0. 0.043 0. 0. -1. 0.
0.979 0.202 0. -4.327 0.202 -0.979 0. 0.043 0. 0. -1. 0.
0.979 0.202 0. -4.327 0.202 -0.979 0. 0.043 0. 0. -1. 0.
0.979 0.203 0. -4.327 0.203 -0.979 0. 0.043 0. 0. -1. 0.
0.979 0.203 0. -4.327 0.203 -0.979 0. 0.043 0. 0. -1. 0.
0.979 0.203 0. -4.315 0.203 -0.979 0. 0.046 0. 0. -1. 0.
0.979 0.202 0. -4.290 0.202 -0.979 0. 0.052 0. 0. -1. 0.
0.979 0.202 0. -4.255 0.202 -0.979 0. 0.059 0. 0. -1. 0.
0.980 0.201 0. -4.209 0.201 -0.980 0. 0.067 0. 0. -1. 0.
0.980 0.199 0. -4.150 0.199 -0.980 0. 0.079 0. 0. -1. 0.
0.981 0.196 0. -4.053 0.196 -0.981 0. 0.096 0. 0. -1. 0.
0.982 0.190 0. -3.893 0.190 -0.982 0. 0.123 0. 0. -1. 0.
0.984 0.181 0. -3.661 0.181 -0.984 0. 0.154 0. 0. -1. 0.
0.986 0.167 0. -3.353 0.167 -0.986 0. 0.191 0. 0. -1. 0.
0.989 0.151 0. -2.969 0.151 -0.989 0. 0.235 0. 0. -1. 0.
0.991 0.131 0. -2.513 0.131 -0.991 0. 0.281 0. 0. -1. 0.
0.994 0.111 0. -1.985 0.111 -0.994 0. 0.326 0. 0. -1. 0.
0.996 0.093 0. -1.395 0.093 -0.996 0. 0.369 0. 0. -1. 0.
0.997 0.079 0. -0.740 0.079 -0.997 0. 0.399 0. 0. -1. 0.
0.998 0.070 0. -0.030 0.070 -0.998 0. 0.438 0. 0. -1. 0.
0.998 0.063 0. 0.737 0.063 -0.998 0. 0.475 0. 0. -1. 0.
0.998 0.061 0. 1.552 0.061 -0.998 0. 0.507 0. 0. -1. 0.
0.998 0.064 0. 2.420 0.064 -0.998 0. 0.552 0. 0. -1. 0.
0.998 0.069 0. 3.339 0.069 -0.998 0. 0.617 0. 0. -1. 0.
0.997 0.076 0. 4.312 0.076 -0.997 0. 0.688 0. 0. -1. 0.
0.996 0.086 0. 5.311 0.086 -0.996 0. 0.767 0. 0. -1. 0.
0.996 0.094 0. 6.340 0.094 -0.996 0. 0.861 0. 0. -1. 0.
0.995 0.103 0. 7.414 0.103 -0.995 0. 0.970 0. 0. -1. 0.
0.994 0.112 0. 8.519 0.112 -0.994 0. 1.081 0. 0. -1. 0.
0.993 0.121 0. 9.644 0.121 -0.993 0. 1.198 0. 0. -1. 0.
0.992 0.130 0. 10.810 0.130 -0.992 0. 1.337 0. 0. -1. 0.
0.991 0.137 0. 12.036 0.137 -0.991 0. 1.480 0. 0. -1. 0.
0.990 0.144 0. 13.310 0.144 -0.990 0. 1.649 0. 0. -1. 0.
0.989 0.150 0. 14.573 0.150 -0.989 0. 1.807 0. 0. -1. 0.
0.988 0.154 0. 15.905 0.154 -0.988 0. 1.993 0. 0. -1. 0.
0.987 0.159 0. 17.290 0.159 -0.987 0. 2.190 0. 0. -1. 0.
0.987 0.161 0. 18.683 0.161 -0.987 0. 2.387 0. 0. -1. 0.
0.987 0.162 0. 20.136 0.162 -0.987 0. 2.599 0. 0. -1. 0.
0.987 0.163 0. 21.615 0.163 -0.987 0. 2.815 0. 0. -1. 0.
0.986 0.166 0. 23.126 0.166 -0.986 0. 3.040 0. 0. -1. 0.
0.985 0.171 0. 24.669 0.171 -0.985 0. 3.275 0. 0. -1. 0.
0.984 0.177 0. 26.243 0.177 -0.984 0. 3.520 0. 0. -1. 0.
0.983 0.183 0. 27.818 0.183 -0.983 0. 3.778 0. 0. -1. 0.
0.981 0.192 0. 29.411 0.192 -0.981 0. 4.032 0. 0. -1. 0.
0.980 0.200 0. 31.043 0.200 -0.980 0. 4.349 0. 0. -1. 0.
0.978 0.208 0. 32.613 0.208 -0.978 0. 4.660 0. 0. -1. 0.
0.976 0.216 0. 34.217 0.216 -0.976 0. 4.985 0. 0. -1. 0.
0.975 0.223 0. 35.871 0.223 -0.975 0. 5.362 0. 0. -1. 0.
0.972 0.234 0. 37.485 0.234 -0.972 0. 5.678 0. 0. -1. 0.
0.970 0.243 0. 39.113 0.243 -0.970 0. 6.068 0. 0. -1. 0.
0.969 0.249 0. 40.798 0.249 -0.969 0. 6.457 0. 0. -1. 0.
0.967 0.253 0. 42.480 0.253 -0.967 0. 6.876 0. 0. -1. 0.
0.967 0.255 0. 44.182 0.255 -0.967 0. 7.284 0. 0. -1. 0.
0.967 0.255 0. 45.902 0.255 -0.967 0. 7.706 0. 0. -1. 0.
0.967 0.255 0. 47.629 0.255 -0.967 0. 8.132 0. 0. -1. 0.
0.967 0.255 0. 49.356 0.255 -0.967 0. 8.554 0. 0. -1. 0.
0.967 0.256 0. 51.111 0.256 -0.967 0. 8.974 0. 0. -1. 0.
0.966 0.260 0. 52.834 0.260 -0.966 0. 9.404 0. 0. -1. 0.
0.965 0.262 0. 54.585 0.262 -0.965 0. 9.837 0. 0. -1. 0.
0.964 0.264 0. 56.364 0.264 -0.964 0. 10.281 0. 0. -1. 0.
0.964 0.265 0. 58.135 0.265 -0.964 0. 10.721 0. 0. -1. 0.
0.964 0.264 0. 59.917 0.264 -0.964 0. 11.163 0. 0. -1. 0.
0.965 0.262 0. 61.674 0.262 -0.965 0. 11.609 0. 0. -1. 0.
0.966 0.259 0. 63.434 0.259 -0.966 0. 12.063 0. 0. -1. 0.
0.967 0.255 0. 65.195 0.255 -0.967 0. 12.507 0. 0. -1. 0.
0.968 0.252 0. 66.939 0.252 -0.968 0. 12.932 0. 0. -1. 0.
0.968 0.250 0. 68.694 0.250 -0.968 0. 13.343 0. 0. -1. 0.
0.969 0.247 0. 70.429 0.247 -0.969 0. 13.759 0. 0. -1. 0.
0.970 0.243 0. 72.159 0.243 -0.970 0. 14.157 0. 0. -1. 0.
0.972 0.237 0. 73.884 0.237 -0.972 0. 14.555 0. 0. -1. 0.
0.974 0.227 0. 75.603 0.227 -0.974 0. 14.924 0. 0. -1. 0.
0.977 0.213 0. 77.305 0.213 -0.977 0. 15.288 0. 0. -1. 0.
0.982 0.189 0. 79.029 0.189 -0.982 0. 15.603 0. 0. -1. 0.
0.987 0.163 0. 80.770 0.163 -0.987 0. 15.874 0. 0. -1. 0.
0.992 0.124 0. 82.494 0.124 -0.992 0. 16.081 0. 0. -1. 0.
0.997 0.080 0. 84.223 0.080 -0.997 0. 16.216 0. 0. -1. 0.
0.999 0.037 0. 85.989 0.037 -0.999 0. 16.283 0. 0. -1. 0.
1. -0.013 0. 87.750 -0.013 -1. -0. 16.250 0. 0. -1. 0.
0.998 -0.063 0. 89.519 -0.063 -0.998 -0. 16.133 0. 0. -1. 0.
0.993 -0.115 0. 91.271 -0.115 -0.993 -0. 15.916 0. 0. -1. 0.
0.986 -0.167 0. 93.034 -0.167 -0.986 -0. 15.606 0. 0. -1. 0.
0.976 -0.220 0. 94.796 -0.220 -0.976 -0. 15.223 0. 0. -1. 0.
0.962 -0.273 0. 96.523 -0.273 -0.962 -0. 14.728 0. 0. -1. 0.
0.944 -0.331 0. 98.244 -0.331 -0.944 -0. 14.144 0. 0. -1. 0.
0.919 -0.395 0. 99.927 -0.395 -0.919 -0. 13.433 0. 0. -1. 0.
0.888 -0.461 0. 101.552 -0.461 -0.888 -0. 12.577 0. 0. -1. 0.
0.852 -0.523 0. 103.105 -0.523 -0.852 -0. 11.637 0. 0. -1. 0.
0.812 -0.584 0. 104.571 -0.584 -0.812 -0. 10.573 0. 0. -1. 0.
0.767 -0.642 0. 105.961 -0.642 -0.767 -0. 9.407 0. 0. -1. 0.
0.718 -0.696 0. 107.277 -0.696 -0.718 -0. 8.152 0. 0. -1. 0.
0.668 -0.744 0. 108.465 -0.744 -0.668 -0. 6.811 0. 0. -1. 0.
0.624 -0.782 0. 109.610 -0.782 -0.624 -0. 5.343 0. 0. -1. 0.
0.589 -0.808 0. 110.688 -0.808 -0.589 -0. 3.813 0. 0. -1. 0.
0.566 -0.825 0. 111.733 -0.825 -0.566 -0. 2.225 0. 0. -1. 0.
0.554 -0.832 0. 112.779 -0.832 -0.554 -0. 0.616 0. 0. -1. 0.
0.553 -0.833 0. 113.842 -0.833 -0.553 -0. -1.015 0. 0. -1. 0.
0.555 -0.832 0. 114.929 -0.832 -0.555 -0. -2.658 0. 0. -1. 0.
0.560 -0.829 0. 116.016 -0.829 -0.560 -0. -4.306 0. 0. -1. 0.
0.568 -0.823 0. 117.107 -0.823 -0.568 -0. -5.957 0. 0. -1. 0.
0.578 -0.816 0. 118.214 -0.816 -0.578 -0. -7.601 0. 0. -1. 0.
0.587 -0.810 0. 119.340 -0.810 -0.587 -0. -9.231 0. 0. -1. 0.
0.595 -0.804 0. 120.483 -0.804 -0.595 -0. -10.851 0. 0. -1. 0.
0.604 -0.797 0. 121.665 -0.797 -0.604 -0. -12.464 0. 0. -1. 0.
0.615 -0.789 0. 122.835 -0.789 -0.615 -0. -14.051 0. 0. -1. 0.
0.631 -0.776 0. 124.047 -0.776 -0.631 -0. -15.627 0. 0. -1. 0.
0.647 -0.762 0. 125.282 -0.762 -0.647 -0. -17.169 0. 0. -1. 0.
0.666 -0.746 0. 126.539 -0.746 -0.666 -0. -18.659 0. 0. -1. 0.
0.682 -0.731 0. 127.831 -0.731 -0.682 -0. -20.112 0. 0. -1. 0.
0.696 -0.718 0. 129.154 -0.718 -0.696 -0. -21.544 0. 0. -1. 0.
0.709 -0.706 0. 130.474 -0.706 -0.709 -0. -22.913 0. 0. -1. 0.
0.721 -0.693 0. 131.806 -0.693 -0.721 -0. -24.253 0. 0. -1. 0.
0.732 -0.681 0. 133.158 -0.681 -0.732 -0. -25.584 0. 0. -1. 0.
0.744 -0.668 0. 134.502 -0.668 -0.744 -0. -26.847 0. 0. -1. 0.
0.755 -0.656 0. 135.874 -0.656 -0.755 -0. -28.099 0. 0. -1. 0.
0.764 -0.645 0. 137.259 -0.645 -0.764 -0. -29.322 0. 0. -1. 0.
0.774 -0.633 0. 138.620 -0.633 -0.774 -0. -30.496 0. 0. -1. 0.
0.784 -0.621 0. 140.008 -0.621 -0.784 -0. -31.639 0. 0. -1. 0.
0.793 -0.609 0. 141.386 -0.609 -0.793 -0. -32.733 0. 0. -1. 0.
0.802 -0.597 0. 142.750 -0.597 -0.802 -0. -33.788 0. 0. -1. 0.
0.811 -0.585 0. 144.094 -0.585 -0.811 -0. -34.797 0. 0. -1. 0.
0.821 -0.571 0. 145.432 -0.571 -0.821 -0. -35.774 0. 0. -1. 0.
0.837 -0.547 0. 146.748 -0.547 -0.837 -0. -36.682 0. 0. -1. 0.
0.858 -0.513 0. 148.043 -0.513 -0.858 -0. -37.514 0. 0. -1. 0.
0.887 -0.462 0. 149.338 -0.462 -0.887 -0. -38.219 0. 0. -1. 0.
0.919 -0.394 0. 150.604 -0.394 -0.919 -0. -38.817 0. 0. -1. 0.
0.951 -0.311 0. 151.847 -0.311 -0.951 -0. -39.257 0. 0. -1. 0.
0.978 -0.208 0. 153.057 -0.208 -0.978 -0. -39.548 0. 0. -1. 0.
0.996 -0.091 0. 154.207 -0.091 -0.996 -0. -39.688 0. 0. -1. 0.
0.999 0.036 0. 155.295 0.036 -0.999 0. -39.674 0. 0. -1. 0.
0.984 0.176 0. 156.320 0.176 -0.984 0. -39.506 0. 0. -1. 0.
0.946 0.324 0. 157.269 0.324 -0.946 0. -39.203 0. 0. -1. 0.
0.881 0.472 0. 158.102 0.472 -0.881 0. -38.753 0. 0. -1. 0.
0.791 0.612 0. 158.825 0.612 -0.791 0. -38.197 0. 0. -1. 0.
0.674 0.738 0. 159.412 0.738 -0.674 0. -37.525 0. 0. -1. 0.
0.535 0.845 0. 159.876 0.845 -0.535 0. -36.788 0. 0. -1. 0.
0.377 0.926 0. 160.194 0.926 -0.377 0. -35.988 0. 0. -1. 0.
0.208 0.978 0. 160.345 0.978 -0.208 0. -35.160 0. 0. -1. 0.
0.034 0.999 0. 160.373 0.999 -0.034 0. -34.329 0. 0. -1. 0.
-0.135 0.991 0. 160.252 0.991 0.135 0. -33.513 0. 0. -1. 0.
-0.298 0.955 0. 159.979 0.955 0.298 0. -32.723 0. 0. -1. 0.
-0.453 0.892 0. 159.592 0.892 0.453 0. -31.947 0. 0. -1. 0.
-0.596 0.803 0. 159.040 0.803 0.596 0. -31.194 0. 0. -1. 0.
-0.715 0.699 0. 158.330 0.699 0.715 0. -30.487 0. 0. -1. 0.
-0.810 0.586 0. 157.481 0.586 0.810 0. -29.844 0. 0. -1. 0.
-0.883 0.470 0. 156.497 0.470 0.883 0. -29.307 0. 0. -1. 0.
-0.931 0.366 0. 155.392 0.366 0.931 0. -28.852 0. 0. -1. 0.
-0.959 0.284 0. 154.188 0.284 0.959 0. -28.482 0. 0. -1. 0.
-0.973 0.229 0. 152.932 0.229 0.973 0. -28.149 0. 0. -1. 0.
-0.981 0.196 0. 151.621 0.196 0.981 0. -27.862 0. 0. -1. 0.
-0.984 0.176 0. 150.254 0.176 0.984 0. -27.593 0. 0. -1. 0.
-0.986 0.167 0. 148.834 0.167 0.986 0. -27.327 0. 0. -1. 0.
-0.986 0.165 0. 147.379 0.165 0.986 0. -27.079 0. 0. -1. 0.
-0.985 0.173 0. 145.871 0.173 0.985 0. -26.783 0. 0. -1. 0.
-0.982 0.187 0. 144.300 0.187 0.982 0. -26.464 0. 0. -1. 0.
-0.978 0.210 0. 142.710 0.210 0.978 0. -26.089 0. 0. -1. 0.
-0.971 0.240 0. 141.100 0.240 0.971 0. -25.663 0. 0. -1. 0.
-0.960 0.279 0. 139.473 0.279 0.960 0. -25.169 0. 0. -1. 0.
-0.945 0.326 0. 137.842 0.326 0.945 0. -24.596 0. 0. -1. 0.
-0.925 0.381 0. 136.212 0.381 0.925 0. -23.927 0. 0. -1. 0.
-0.899 0.439 0. 134.608 0.439 0.899 0. -23.145 0. 0. -1. 0.
-0.866 0.500 0. 133.026 0.500 0.866 0. -22.238 0. 0. -1. 0.
-0.827 0.562 0. 131.477 0.562 0.827 0. -21.176 0. 0. -1. 0.
-0.782 0.624 0. 130.016 0.624 0.782 0. -19.996 0. 0. -1. 0.
-0.733 0.681 0. 128.626 0.681 0.733 0. -18.705 0. 0. -1. 0.
-0.683 0.731 0. 127.346 0.731 0.683 0. -17.335 0. 0. -1. 0.
-0.638 0.770 0. 126.136 0.770 0.638 0. -15.895 0. 0. -1. 0.
-0.605 0.796 0. 124.993 0.796 0.605 0. -14.354 0. 0. -1. 0.
-0.581 0.814 0. 123.888 0.814 0.581 0. -12.776 0. 0. -1. 0.
-0.565 0.825 0. 122.849 0.825 0.565 0. -11.153 0. 0. -1. 0.
-0.557 0.830 0. 121.779 0.830 0.557 0. -9.487 0. 0. -1. 0.
-0.553 0.833 0. 120.731 0.833 0.553 0. -7.821 0. 0. -1. 0.
-0.558 0.830 0. 119.660 0.830 0.558 0. -6.136 0. 0. -1. 0.
-0.567 0.824 0. 118.554 0.824 0.567 0. -4.448 0. 0. -1. 0.
-0.577 0.817 0. 117.429 0.817 0.577 0. -2.769 0. 0. -1. 0.
-0.587 0.810 0. 116.281 0.810 0.587 0. -1.094 0. 0. -1. 0.
-0.600 0.800 0. 115.112 0.800 0.600 0. 0.568 0. 0. -1. 0.
-0.618 0.786 0. 113.908 0.786 0.618 0. 2.204 0. 0. -1. 0.
-0.641 0.768 0. 112.658 0.768 0.641 0. 3.805 0. 0. -1. 0.
-0.664 0.747 0. 111.364 0.747 0.664 0. 5.353 0. 0. -1. 0.
-0.694 0.720 0. 110.029 0.720 0.694 0. 6.854 0. 0. -1. 0.
-0.727 0.687 0. 108.640 0.687 0.727 0. 8.252 0. 0. -1. 0.
-0.760 0.650 0. 107.206 0.650 0.760 0. 9.558 0. 0. -1. 0.
-0.794 0.608 0. 105.715 0.608 0.794 0. 10.796 0. 0. -1. 0.
-0.833 0.554 0. 104.195 0.554 0.833 0. 11.906 0. 0. -1. 0.
-0.872 0.490 0. 102.611 0.490 0.872 0. 12.888 0. 0. -1. 0.
-0.906 0.424 0. 100.945 0.424 0.906 0. 13.747 0. 0. -1. 0.
-0.933 0.359 0. 99.216 0.359 0.933 0. 14.487 0. 0. -1. 0.
-0.954 0.300 0. 97.427 0.300 0.954 0. 15.117 0. 0. -1. 0.
-0.972 0.234 0. 95.586 0.234 0.972 0. 15.636 0. 0. -1. 0.
-0.986 0.169 0. 93.691 0.169 0.986 0. 16.036 0. 0. -1. 0.
-0.995 0.105 0. 91.749 0.105 0.995 0. 16.319 0. 0. -1. 0.
-0.999 0.051 0. 89.779 0.051 0.999 0. 16.497 0. 0. -1. 0.
-1. -0.002 0. 87.763 -0.002 1. 0. 16.570 -0. 0. -1. 0.
-0.999 -0.052 0. 85.717 -0.052 0.999 0. 16.521 -0. 0. -1. 0.
-0.995 -0.099 0. 83.655 -0.099 0.995 0. 16.370 -0. 0. -1. 0.
-0.990 -0.139 0. 81.629 -0.139 0.990 0. 16.150 -0. 0. -1. 0.
-0.984 -0.176 0. 79.585 -0.176 0.984 0. 15.853 -0. 0. -1. 0.
-0.978 -0.209 0. 77.567 -0.209 0.978 0. 15.462 -0. 0. -1. 0.
-0.971 -0.238 0. 75.583 -0.238 0.971 0. 15.036 -0. 0. -1. 0.
-0.966 -0.258 0. 73.571 -0.258 0.966 0. 14.534 -0. 0. -1. 0.
-0.963 -0.269 0. 71.545 -0.269 0.963 0. 14.011 -0. 0. -1. 0.
-0.961 -0.275 0. 69.512 -0.275 0.961 0. 13.472 -0. 0. -1. 0.
-0.960 -0.279 0. 67.455 -0.279 0.960 0. 12.919 -0. 0. -1. 0.
-0.959 -0.282 0. 65.409 -0.282 0.959 0. 12.356 -0. 0. -1. 0.
-0.960 -0.280 0. 63.360 -0.280 0.960 0. 11.768 -0. 0. -1. 0.
-0.961 -0.276 0. 61.294 -0.276 0.961 0. 11.208 -0. 0. -1. 0.
-0.963 -0.270 0. 59.214 -0.270 0.963 0. 10.672 -0. 0. -1. 0.
-0.964 -0.266 0. 57.130 -0.266 0.964 0. 10.151 -0. 0. -1. 0.
-0.964 -0.265 0. 55.040 -0.265 0.964 0. 9.633 -0. 0. -1. 0.
-0.965 -0.263 0. 52.976 -0.263 0.965 0. 9.101 -0. 0. -1. 0.
-0.965 -0.261 0. 50.934 -0.261 0.965 0. 8.613 -0. 0. -1. 0.
-0.966 -0.259 0. 48.881 -0.259 0.966 0. 8.104 -0. 0. -1. 0.
-0.967 -0.256 0. 46.862 -0.256 0.967 0. 7.608 -0. 0. -1. 0.
-0.967 -0.253 0. 44.853 -0.253 0.967 0. 7.123 -0. 0. -1. 0.
-0.968 -0.250 0. 42.851 -0.250 0.968 0. 6.656 -0. 0. -1. 0.
-0.969 -0.247 0. 40.869 -0.247 0.969 0. 6.184 -0. 0. -1. 0.
-0.971 -0.240 0. 38.890 -0.240 0.971 0. 5.717 -0. 0. -1. 0.
-0.973 -0.229 0. 36.930 -0.229 0.973 0. 5.292 -0. 0. -1. 0.
-0.975 -0.222 0. 34.936 -0.222 0.975 0. 4.883 -0. 0. -1. 0.
-0.977 -0.214 0. 32.919 -0.214 0.977 0. 4.447 -0. 0. -1. 0.
-0.978 -0.208 0. 30.940 -0.208 0.978 0. 4.063 -0. 0. -1. 0.
-0.980 -0.200 0. 28.860 -0.200 0.980 0. 3.682 -0. 0. -1. 0.
-0.981 -0.192 0. 26.841 -0.192 0.981 0. 3.335 -0. 0. -1. 0.
-0.983 -0.186 0. 24.776 -0.186 0.983 0. 2.988 -0. 0. -1. 0.
-0.984 -0.179 0. 22.706 -0.179 0.984 0. 2.645 -0. 0. -1. 0.
-0.985 -0.174 0. 20.617 -0.174 0.985 0. 2.319 -0. 0. -1. 0.
-0.986 -0.167 0. 18.516 -0.167 0.986 0. 2.001 -0. 0. -1. 0.
-0.987 -0.161 0. 16.416 -0.161 0.987 0. 1.696 -0. 0. -1. 0.
-0.988 -0.155 0. 14.313 -0.155 0.988 0. 1.394 -0. 0. -1. 0.
-0.989 -0.149 0. 12.240 -0.149 0.989 0. 1.119 -0. 0. -1. 0.
-0.989 -0.147 0. 10.124 -0.147 0.989 0. 0.833 -0. 0. -1. 0.
-0.989 -0.145 0. 8.049 -0.145 0.989 0. 0.561 -0. 0. -1. 0.
-0.989 -0.145 0. 5.952 -0.145 0.989 0. 0.277 -0. 0. -1. 0.
-0.989 -0.146 0. 3.876 -0.146 0.989 0. -0.006 -0. 0. -1. 0.
-0.989 -0.148 0. 1.789 -0.148 0.989 0. -0.295 -0. 0. -1. 0.
-0.989 -0.150 0. -0.271 -0.150 0.989 0. -0.581 -0. 0. -1. 0.
-0.988 -0.155 0. -2.349 -0.155 0.988 0. -0.862 -0. 0. -1. 0.
-0.986 -0.165 0. -4.407 -0.165 0.986 0. -1.165 -0. 0. -1. 0.
-0.985 -0.174 0. -6.450 -0.174 0.985 0. -1.479 -0. 0. -1. 0.
-0.984 -0.181 0. -8.498 -0.181 0.984 0. -1.804 -0. 0. -1. 0.
-0.983 -0.185 0. -10.562 -0.185 0.983 0. -2.170 -0. 0. -1. 0.
-0.983 -0.186 0. -12.565 -0.186 0.983 0. -2.543 -0. 0. -1. 0.
-0.982 -0.188 0. -14.603 -0.188 0.982 0. -2.895 -0. 0. -1. 0.
-0.982 -0.190 0. -16.650 -0.190 0.982 0. -3.242 -0. 0. -1. 0.
-0.981 -0.195 0. -18.669 -0.195 0.981 0. -3.588 -0. 0. -1. 0.
-0.980 -0.199 0. -20.715 -0.199 0.980 0. -3.951 -0. 0. -1. 0.
-0.979 -0.203 0. -22.747 -0.203 0.979 0. -4.309 -0. 0. -1. 0.
-0.979 -0.206 0. -24.789 -0.206 0.979 0. -4.674 -0. 0. -1. 0.
-0.978 -0.209 0. -26.827 -0.209 0.978 0. -5.049 -0. 0. -1. 0.
-0.977 -0.215 0. -28.879 -0.215 0.977 0. -5.454 -0. 0. -1. 0.
-0.976 -0.219 0. -30.896 -0.219 0.976 0. -5.897 -0. 0. -1. 0.
-0.975 -0.222 0. -32.917 -0.222 0.975 0. -6.335 -0. 0. -1. 0.
-0.974 -0.226 0. -34.954 -0.226 0.974 0. -6.784 -0. 0. -1. 0.
-0.973 -0.230 0. -36.956 -0.230 0.973 0. -7.223 -0. 0. -1. 0.
-0.972 -0.234 0. -38.950 -0.234 0.972 0. -7.670 -0. 0. -1. 0.
-0.971 -0.238 0. -40.965 -0.238 0.971 0. -8.123 -0. 0. -1. 0.
-0.970 -0.243 0. -42.918 -0.243 0.970 0. -8.572 -0. 0. -1. 0.
-0.968 -0.250 0. -44.862 -0.250 0.968 0. -9.008 -0. 0. -1. 0.
-0.967 -0.255 0. -46.781 -0.255 0.967 0. -9.469 -0. 0. -1. 0.
-0.965 -0.260 0. -48.642 -0.260 0.965 0. -9.931 -0. 0. -1. 0.
-0.965 -0.262 0. -50.490 -0.262 0.965 0. -10.385 -0. 0. -1. 0.
-0.965 -0.261 0. -52.291 -0.261 0.965 0. -10.834 -0. 0. -1. 0.
-0.966 -0.257 0. -54.040 -0.257 0.966 0. -11.251 -0. 0. -1. 0.
-0.969 -0.246 0. -55.707 -0.246 0.969 0. -11.670 -0. 0. -1. 0.
-0.974 -0.228 0. -57.320 -0.228 0.974 0. -12.022 -0. 0. -1. 0.
-0.979 -0.203 0. -58.861 -0.203 0.979 0. -12.328 -0. 0. -1. 0.
-0.985 -0.171 0. -60.347 -0.171 0.985 0. -12.565 -0. 0. -1. 0.
-0.991 -0.131 0. -61.780 -0.131 0.991 0. -12.743 -0. 0. -1. 0.
-0.997 -0.079 0. -63.144 -0.079 0.997 0. -12.829 -0. 0. -1. 0.
-1.000 -0.014 0. -64.424 -0.014 1.000 0. -12.855 -0. 0. -1. 0.
-0.998 0.058 0. -65.605 0.058 0.998 0. -12.776 0. 0. -1. 0.
-0.990 0.141 0. -66.695 0.141 0.990 0. -12.609 0. 0. -1. 0.
-0.973 0.230 0. -67.740 0.230 0.973 0. -12.357 0. 0. -1. 0.
-0.947 0.322 0. -68.722 0.322 0.947 0. -11.996 0. 0. -1. 0.
-0.909 0.416 0. -69.650 0.416 0.909 0. -11.584 0. 0. -1. 0.
-0.861 0.509 0. -70.499 0.509 0.861 0. -11.042 0. 0. -1. 0.
-0.801 0.599 0. -71.286 0.599 0.801 0. -10.439 0. 0. -1. 0.
-0.733 0.680 0. -72.011 0.680 0.733 0. -9.758 0. 0. -1. 0.
-0.661 0.750 0. -72.646 0.750 0.661 0. -8.990 0. 0. -1. 0.
-0.583 0.812 0. -73.241 0.812 0.583 0. -8.135 0. 0. -1. 0.
-0.500 0.866 0. -73.777 0.866 0.500 0. -7.168 0. 0. -1. 0.
-0.426 0.905 0. -74.242 0.905 0.426 0. -6.097 0. 0. -1. 0.
-0.368 0.930 0. -74.662 0.930 0.368 0. -4.930 0. 0. -1. 0.
-0.326 0.945 0. -75.061 0.945 0.326 0. -3.684 0. 0. -1. 0.
-0.295 0.955 0. -75.441 0.955 0.295 0. -2.355 0. 0. -1. 0.
-0.272 0.962 0. -75.814 0.962 0.272 0. -0.963 0. 0. -1. 0.
-0.258 0.966 0. -76.175 0.966 0.258 0. 0.488 0. 0. -1. 0.
-0.247 0.969 0. -76.534 0.969 0.247 0. 1.980 0. 0. -1. 0.
-0.240 0.971 0. -76.869 0.971 0.240 0. 3.513 0. 0. -1. 0.
-0.240 0.971 0. -77.223 0.971 0.240 0. 5.119 0. 0. -1. 0.
-0.241 0.970 0. -77.591 0.970 0.241 0. 6.752 0. 0. -1. 0.
-0.240 0.971 0. -77.971 0.971 0.240 0. 8.389 0. 0. -1. 0.
-0.232 0.973 0. -78.328 0.973 0.232 0. 10.026 0. 0. -1. 0.
-0.221 0.975 0. -78.679 0.975 0.221 0. 11.691 0. 0. -1. 0.
-0.210 0.978 0. -79.002 0.978 0.210 0. 13.339 0. 0. -1. 0.
-0.198 0.980 0. -79.310 0.980 0.198 0. 14.975 0. 0. -1. 0.
-0.185 0.983 0. -79.589 0.983 0.185 0. 16.606 0. 0. -1. 0.
-0.165 0.986 0. -79.852 0.986 0.165 0. 18.213 0. 0. -1. 0.
-0.143 0.990 0. -80.062 0.990 0.143 0. 19.842 0. 0. -1. 0.
-0.119 0.993 0. -80.227 0.993 0.119 0. 21.468 0. 0. -1. 0.
-0.101 0.995 0. -80.327 0.995 0.101 0. 23.082 0. 0. -1. 0.
-0.091 0.996 0. -80.424 0.996 0.091 0. 24.649 0. 0. -1. 0.
-0.089 0.996 0. -80.521 0.996 0.089 0. 26.269 0. 0. -1. 0.
-0.092 0.996 0. -80.658 0.996 0.092 0. 27.908 0. 0. -1. 0.
-0.098 0.995 0. -80.767 0.995 0.098 0. 29.534 0. 0. -1. 0.
-0.115 0.993 0. -80.911 0.993 0.115 0. 31.124 0. 0. -1. 0.
-0.138 0.990 0. -81.089 0.990 0.138 0. 32.769 0. 0. -1. 0.
-0.159 0.987 0. -81.338 0.987 0.159 0. 34.466 0. 0. -1. 0.
-0.179 0.984 0. -81.603 0.984 0.179 0. 36.118 0. 0. -1. 0.
-0.198 0.980 0. -81.891 0.980 0.198 0. 37.772 0. 0. -1. 0.
-0.214 0.977 0. -82.220 0.977 0.214 0. 39.398 0. 0. -1. 0.
-0.230 0.973 0. -82.555 0.973 0.230 0. 40.995 0. 0. -1. 0.
-0.245 0.969 0. -82.927 0.969 0.245 0. 42.570 0. 0. -1. 0.
-0.260 0.966 0. -83.311 0.966 0.260 0. 44.122 0. 0. -1. 0.
-0.273 0.962 0. -83.726 0.962 0.273 0. 45.666 0. 0. -1. 0.
-0.285 0.959 0. -84.128 0.959 0.285 0. 47.138 0. 0. -1. 0.
-0.290 0.957 0. -84.539 0.957 0.290 0. 48.614 0. 0. -1. 0.
-0.296 0.955 0. -84.962 0.955 0.296 0. 50.122 0. 0. -1. 0.
-0.301 0.954 0. -85.381 0.954 0.301 0. 51.611 0. 0. -1. 0.
-0.306 0.952 0. -85.845 0.952 0.306 0. 53.143 0. 0. -1. 0.
-0.312 0.950 0. -86.306 0.950 0.312 0. 54.669 0. 0. -1. 0.
-0.316 0.949 0. -86.782 0.949 0.316 0. 56.210 0. 0. -1. 0.
-0.321 0.947 0. -87.265 0.947 0.321 0. 57.778 0. 0. -1. 0.
-0.331 0.944 0. -87.762 0.944 0.331 0. 59.323 0. 0. -1. 0.
-0.348 0.937 0. -88.312 0.937 0.348 0. 60.858 0. 0. -1. 0.
-0.372 0.928 0. -88.868 0.928 0.372 0. 62.370 0. 0. -1. 0.
-0.407 0.913 0. -89.462 0.913 0.407 0. 63.788 0. 0. -1. 0.
-0.451 0.893 0. -90.114 0.893 0.451 0. 65.181 0. 0. -1. 0.
-0.499 0.866 0. -90.851 0.866 0.499 0. 66.506 0. 0. -1. 0.
-0.549 0.836 0. -91.620 0.836 0.549 0. 67.774 0. 0. -1. 0.
-0.603 0.798 0. -92.429 0.798 0.603 0. 68.955 0. 0. -1. 0.
-0.660 0.751 0. -93.320 0.751 0.660 0. 70.039 0. 0. -1. 0.
-0.718 0.696 0. -94.299 0.696 0.718 0. 71.050 0. 0. -1. 0.
-0.775 0.632 0. -95.318 0.632 0.775 0. 71.932 0. 0. -1. 0.
-0.833 0.553 0. -96.406 0.553 0.833 0. 72.702 0. 0. -1. 0.
-0.883 0.469 0. -97.554 0.469 0.883 0. 73.337 0. 0. -1. 0.
-0.925 0.379 0. -98.698 0.379 0.925 0. 73.839 0. 0. -1. 0.
-0.958 0.288 0. -99.880 0.288 0.958 0. 74.220 0. 0. -1. 0.
-0.981 0.196 0. -101.057 0.196 0.981 0. 74.503 0. 0. -1. 0.
-0.994 0.113 0. -102.284 0.113 0.994 0. 74.639 0. 0. -1. 0.
-0.999 0.036 0. -103.558 0.036 0.999 0. 74.730 0. 0. -1. 0.
-1.000 -0.020 0. -104.873 -0.020 1.000 0. 74.767 -0. 0. -1. 0.
-0.998 -0.059 0. -106.266 -0.059 0.998 0. 74.657 -0. 0. -1. 0.
-0.996 -0.085 0. -107.667 -0.085 0.996 0. 74.612 -0. 0. -1. 0.
-0.996 -0.095 0. -109.091 -0.095 0.996 0. 74.453 -0. 0. -1. 0.
-0.996 -0.090 0. -110.593 -0.090 0.996 0. 74.327 -0. 0. -1. 0.
-0.998 -0.066 0. -112.091 -0.066 0.998 0. 74.247 -0. 0. -1. 0.
-1.000 -0.025 0. -113.639 -0.025 1.000 0. 74.193 -0. 0. -1. 0.
-1.000 0.030 0. -115.222 0.030 1.000 0. 74.244 0. 0. -1. 0.
-0.995 0.097 0. -116.758 0.097 0.995 0. 74.415 0. 0. -1. 0.
-0.986 0.165 0. -118.328 0.165 0.986 0. 74.701 0. 0. -1. 0.
-0.972 0.236 0. -119.919 0.236 0.972 0. 75.114 0. 0. -1. 0.
-0.953 0.302 0. -121.493 0.302 0.953 0. 75.611 0. 0. -1. 0.
-0.931 0.365 0. -123.092 0.365 0.931 0. 76.235 0. 0. -1. 0.
-0.909 0.416 0. -124.692 0.416 0.909 0. 76.979 0. 0. -1. 0.
-0.890 0.455 0. -126.309 0.455 0.890 0. 77.809 0. 0. -1. 0.
-0.875 0.483 0. -127.955 0.483 0.875 0. 78.743 0. 0. -1. 0.
-0.865 0.503 0. -129.634 0.503 0.865 0. 79.744 0. 0. -1. 0.
-0.858 0.514 0. -131.367 0.514 0.858 0. 80.817 0. 0. -1. 0.
-0.856 0.517 0. -133.142 0.517 0.856 0. 81.928 0. 0. -1. 0.
-0.858 0.514 0. -134.965 0.514 0.858 0. 83.070 0. 0. -1. 0.
-0.859 0.512 0. -136.825 0.512 0.859 0. 84.232 0. 0. -1. 0.
-0.860 0.511 0. -138.721 0.511 0.860 0. 85.416 0. 0. -1. 0.
-0.860 0.510 0. -140.668 0.510 0.860 0. 86.617 0. 0. -1. 0.
-0.861 0.509 0. -142.623 0.509 0.861 0. 87.828 0. 0. -1. 0.
-0.861 0.509 0. -144.602 0.509 0.861 0. 89.058 0. 0. -1. 0.
-0.860 0.510 0. -146.597 0.510 0.860 0. 90.287 0. 0. -1. 0.
-0.859 0.512 0. -148.590 0.512 0.859 0. 91.515 0. 0. -1. 0.
-0.857 0.515 0. -150.594 0.515 0.857 0. 92.789 0. 0. -1. 0.
-0.857 0.516 0. -152.590 0.516 0.857 0. 94.051 0. 0. -1. 0.
-0.856 0.517 0. -154.632 0.517 0.856 0. 95.326 0. 0. -1. 0.
-0.856 0.517 0. -156.674 0.517 0.856 0. 96.622 0. 0. -1. 0.
-0.856 0.517 0. -158.734 0.517 0.856 0. 97.940 0. 0. -1. 0.
-0.856 0.516 0. -160.807 0.516 0.856 0. 99.258 0. 0. -1. 0.
-0.858 0.514 0. -162.889 0.514 0.858 0. 100.565 0. 0. -1. 0.
-0.859 0.513 0. -164.980 0.513 0.859 0. 101.869 0. 0. -1. 0.
-0.860 0.511 0. -167.039 0.511 0.860 0. 103.152 0. 0. -1. 0.
-0.860 0.510 0. -169.093 0.510 0.860 0. 104.439 0. 0. -1. 0.
-0.861 0.509 0. -171.124 0.509 0.861 0. 105.718 0. 0. -1. 0.
-0.859 0.511 0. -173.151 0.511 0.859 0. 106.958 0. 0. -1. 0.
-0.854 0.520 0. -175.154 0.520 0.854 0. 108.179 0. 0. -1. 0.
-0.846 0.534 0. -177.108 0.534 0.846 0. 109.434 0. 0. -1. 0.
-0.836 0.549 0. -179.014 0.549 0.836 0. 110.722 0. 0. -1. 0.
-0.825 0.566 0. -180.882 0.566 0.825 0. 112.043 0. 0. -1. 0.
-0.813 0.583 0. -182.720 0.583 0.813 0. 113.399 0. 0. -1. 0.
-0.799 0.601 0. -184.527 0.601 0.799 0. 114.792 0. 0. -1. 0.
-0.779 0.626 0. -186.283 0.626 0.779 0. 116.237 0. 0. -1. 0.
-0.759 0.651 0. -187.987 0.651 0.759 0. 117.754 0. 0. -1. 0.
-0.736 0.676 0. -189.654 0.676 0.736 0. 119.306 0. 0. -1. 0.
-0.711 0.704 0. -191.271 0.704 0.711 0. 120.918 0. 0. -1. 0.
-0.681 0.732 0. -192.815 0.732 0.681 0. 122.599 0. 0. -1. 0.
-0.649 0.761 0. -194.308 0.761 0.649 0. 124.354 0. 0. -1. 0.
-0.615 0.789 0. -195.724 0.789 0.615 0. 126.175 0. 0. -1. 0.
-0.581 0.814 0. -197.051 0.814 0.581 0. 128.047 0. 0. -1. 0.
-0.547 0.837 0. -198.289 0.837 0.547 0. 129.977 0. 0. -1. 0.
-0.516 0.857 0. -199.456 0.857 0.516 0. 131.953 0. 0. -1. 0.
-0.485 0.874 0. -200.543 0.874 0.485 0. 133.954 0. 0. -1. 0.
-0.458 0.889 0. -201.570 0.889 0.458 0. 136.004 0. 0. -1. 0.
-0.434 0.901 0. -202.541 0.901 0.434 0. 138.057 0. 0. -1. 0.
-0.415 0.910 0. -203.471 0.910 0.415 0. 140.150 0. 0. -1. 0.
-0.400 0.917 0. -204.351 0.917 0.400 0. 142.227 0. 0. -1. 0.
-0.386 0.923 0. -205.194 0.923 0.386 0. 144.309 0. 0. -1. 0.
-0.374 0.927 0. -205.995 0.927 0.374 0. 146.383 0. 0. -1. 0.
-0.367 0.930 0. -206.761 0.930 0.367 0. 148.436 0. 0. -1. 0.
-0.360 0.933 0. -207.510 0.933 0.360 0. 150.493 0. 0. -1. 0.
-0.356 0.934 0. -208.226 0.934 0.356 0. 152.502 0. 0. -1. 0.
-0.356 0.934 0. -208.934 0.934 0.356 0. 154.497 0. 0. -1. 0.
-0.357 0.934 0. -209.644 0.934 0.357 0. 156.473 0. 0. -1. 0.
-0.361 0.933 0. -210.347 0.933 0.361 0. 158.413 0. 0. -1. 0.
-0.367 0.930 0. -211.053 0.930 0.367 0. 160.340 0. 0. -1. 0.
-0.377 0.926 0. -211.767 0.926 0.377 0. 162.231 0. 0. -1. 0.
-0.392 0.920 0. -212.506 0.920 0.392 0. 164.088 0. 0. -1. 0.
-0.412 0.911 0. -213.283 0.911 0.412 0. 165.908 0. 0. -1. 0.
-0.438 0.899 0. -214.088 0.899 0.438 0. 167.708 0. 0. -1. 0.
-0.472 0.882 0. -214.956 0.882 0.472 0. 169.430 0. 0. -1. 0.
-0.512 0.859 0. -215.886 0.859 0.512 0. 171.105 0. 0. -1. 0.
-0.555 0.832 0. -216.914 0.832 0.555 0. 172.721 0. 0. -1. 0.
-0.599 0.801 0. -217.961 0.801 0.599 0. 174.259 0. 0. -1. 0.
-0.644 0.765 0. -219.109 0.765 0.644 0. 175.723 0. 0. -1. 0.
-0.689 0.725 0. -220.340 0.725 0.689 0. 177.099 0. 0. -1. 0.
-0.733 0.681 0. -221.642 0.681 0.733 0. 178.364 0. 0. -1. 0.
-0.775 0.632 0. -222.992 0.632 0.775 0. 179.535 0. 0. -1. 0.
-0.817 0.577 0. -224.398 0.577 0.817 0. 180.606 0. 0. -1. 0.
-0.859 0.512 0. -225.894 0.512 0.859 0. 181.594 0. 0. -1. 0.
-0.895 0.445 0. -227.481 0.445 0.895 0. 182.458 0. 0. -1. 0.
-0.924 0.382 0. -229.130 0.382 0.924 0. 183.214 0. 0. -1. 0.
-0.948 0.318 0. -230.855 0.318 0.948 0. 183.869 0. 0. -1. 0.
-0.967 0.255 0. -232.639 0.255 0.967 0. 184.408 0. 0. -1. 0.
-0.980 0.197 0. -234.485 0.197 0.980 0. 184.854 0. 0. -1. 0.
-0.989 0.145 0. -236.390 0.145 0.989 0. 185.210 0. 0. -1. 0.
-0.995 0.099 0. -238.324 0.099 0.995 0. 185.466 0. 0. -1. 0.
-0.998 0.064 0. -240.303 0.064 0.998 0. 185.646 0. 0. -1. 0.
-0.999 0.043 0. -242.323 0.043 0.999 0. 185.765 0. 0. -1. 0.
-1.000 0.030 0. -244.398 0.030 1.000 0. 185.868 0. 0. -1. 0.
-1.000 0.026 0. -246.541 0.026 1.000 0. 185.958 0. 0. -1. 0.
-1.000 0.024 0. -248.692 0.024 1.000 0. 186.056 0. 0. -1. 0.
-1.000 0.022 0. -250.936 0.022 1.000 0. 186.150 0. 0. -1. 0.
-1.000 0.019 0. -253.182 0.019 1.000 0. 186.235 0. 0. -1. 0.
-1.000 0.016 0. -255.443 0.016 1.000 0. 186.307 0. 0. -1. 0.
-1. 0.013 0. -257.712 0.013 1. 0. 186.396 0. 0. -1. 0.
-1. 0.011 0. -259.964 0.011 1. 0. 186.466 0. 0. -1. 0.
-1. 0.012 0. -262.223 0.012 1. 0. 186.535 0. 0. -1. 0.
-1. 0.012 0. -264.469 0.012 1. 0. 186.600 0. 0. -1. 0.
-1. 0.012 0. -266.691 0.012 1. 0. 186.673 0. 0. -1. 0.
-1. 0.009 0. -268.915 0.009 1. 0. 186.706 0. 0. -1. 0.
-1. 0.006 0. -271.090 0.006 1. 0. 186.772 0. 0. -1. 0.
-1. -0.002 0. -273.251 -0.002 1. 0. 186.817 -0. 0. -1. 0.
-1. -0.006 0. -275.385 -0.006 1. 0. 186.833 -0. 0. -1. 0.
-1. -0.006 0. -277.497 -0.006 1. 0. 186.864 -0. 0. -1. 0.
-1. -0.003 0. -279.592 -0.003 1. 0. 186.902 -0. 0. -1. 0.
-1. 0.006 0. -281.658 0.006 1. 0. 186.951 0. 0. -1. 0.
-1.000 0.017 0. -283.713 0.017 1.000 0. 187.029 0. 0. -1. 0.
-1.000 0.029 0. -285.721 0.029 1.000 0. 187.122 0. 0. -1. 0.
-0.999 0.041 0. -287.688 0.041 0.999 0. 187.240 0. 0. -1. 0.
-0.998 0.057 0. -289.558 0.057 0.998 0. 187.357 0. 0. -1. 0.
-0.997 0.079 0. -291.346 0.079 0.997 0. 187.523 0. 0. -1. 0.
-0.995 0.104 0. -293.056 0.104 0.995 0. 187.718 0. 0. -1. 0.
-0.991 0.131 0. -294.680 0.131 0.991 0. 187.957 0. 0. -1. 0.
-0.988 0.157 0. -296.182 0.157 0.988 0. 188.203 0. 0. -1. 0.
-0.984 0.180 0. -297.625 0.180 0.984 0. 188.506 0. 0. -1. 0.
-0.981 0.196 0. -298.993 0.196 0.981 0. 188.822 0. 0. -1. 0.
-0.978 0.207 0. -300.241 0.207 0.978 0. 189.111 0. 0. -1. 0.
-0.976 0.217 0. -301.381 0.217 0.976 0. 189.385 0. 0. -1. 0.
-0.974 0.225 0. -302.431 0.225 0.974 0. 189.669 0. 0. -1. 0.
-0.972 0.234 0. -303.403 0.234 0.972 0. 189.887 0. 0. -1. 0.
-0.972 0.236 0. -304.314 0.236 0.972 0. 190.104 0. 0. -1. 0.
-0.969 0.246 0. -305.135 0.246 0.969 0. 190.417 0. 0. -1. 0.
-0.967 0.253 0. -305.890 0.253 0.967 0. 190.619 0. 0. -1. 0.
-0.965 0.262 0. -306.558 0.262 0.965 0. 190.770 0. 0. -1. 0.
-0.964 0.265 0. -307.097 0.265 0.964 0. 190.965 0. 0. -1. 0.
-0.963 0.269 0. -307.585 0.269 0.963 0. 191.138 0. 0. -1. 0.
-0.962 0.272 0. -308.014 0.272 0.962 0. 191.263 0. 0. -1. 0.
-0.962 0.274 0. -308.357 0.274 0.962 0. 191.380 0. 0. -1. 0.
-0.960 0.278 0. -308.662 0.278 0.960 0. 191.469 0. 0. -1. 0.
-0.960 0.281 0. -308.926 0.281 0.960 0. 191.556 0. 0. -1. 0.
-0.959 0.283 0. -309.145 0.283 0.959 0. 191.620 0. 0. -1. 0.
-0.959 0.285 0. -309.326 0.285 0.959 0. 191.669 0. 0. -1. 0.
-0.958 0.287 0. -309.488 0.287 0.958 0. 191.720 0. 0. -1. 0.
-0.958 0.288 0. -309.652 0.288 0.958 0. 191.763 0. 0. -1. 0.
-0.957 0.290 0. -309.834 0.290 0.957 0. 191.818 0. 0. -1. 0.
-0.957 0.291 0. -310.029 0.291 0.957 0. 191.875 0. 0. -1. 0.
-0.956 0.294 0. -310.240 0.294 0.956 0. 191.943 0. 0. -1. 0.
-0.955 0.297 0. -310.480 0.297 0.955 0. 192.028 0. 0. -1. 0.
-0.953 0.302 0. -310.795 0.302 0.953 0. 192.134 0. 0. -1. 0.
-0.951 0.310 0. -311.205 0.310 0.951 0. 192.270 0. 0. -1. 0.
-0.947 0.320 0. -311.698 0.320 0.947 0. 192.433 0. 0. -1. 0.
-0.942 0.336 0. -312.187 0.336 0.942 0. 192.662 0. 0. -1. 0.
-0.934 0.357 0. -312.709 0.357 0.934 0. 192.817 0. 0. -1. 0.
-0.922 0.387 0. -313.281 0.387 0.922 0. 193.039 0. 0. -1. 0.
-0.900 0.435 0. -313.895 0.435 0.900 0. 193.411 0. 0. -1. 0.
-0.876 0.482 0. -314.670 0.482 0.876 0. 193.744 0. 0. -1. 0.
-0.837 0.546 0. -315.377 0.546 0.837 0. 194.284 0. 0. -1. 0.
-0.793 0.610 0. -315.980 0.610 0.793 0. 194.898 0. 0. -1. 0.
-0.733 0.680 0. -316.664 0.680 0.733 0. 195.435 0. 0. -1. 0.
-0.679 0.734 0. -317.315 0.734 0.679 0. 196.219 0. 0. -1. 0.
-0.607 0.795 0. -317.861 0.795 0.607 0. 197.115 0. 0. -1. 0.
-0.525 0.851 0. -318.474 0.851 0.525 0. 198.048 0. 0. -1. 0.
-0.440 0.898 0. -318.963 0.898 0.440 0. 199.127 0. 0. -1. 0.
-0.355 0.935 0. -319.389 0.935 0.355 0. 200.324 0. 0. -1. 0.
-0.271 0.963 0. -319.790 0.963 0.271 0. 201.658 0. 0. -1. 0.
-0.190 0.982 0. -320.043 0.982 0.190 0. 203.160 0. 0. -1. 0.
-0.134 0.991 0. -320.260 0.991 0.134 0. 204.813 0. 0. -1. 0.
-0.095 0.995 0. -320.411 0.995 0.095 0. 206.603 0. 0. -1. 0.
-0.070 0.998 0. -320.511 0.998 0.070 0. 208.523 0. 0. -1. 0.
-0.054 0.999 0. -320.593 0.999 0.054 0. 210.564 0. 0. -1. 0.
-0.045 0.999 0. -320.647 0.999 0.045 0. 212.721 0. 0. -1. 0.
-0.036 0.999 0. -320.691 0.999 0.036 0. 214.995 0. 0. -1. 0.
-0.026 1.000 0. -320.710 1.000 0.026 0. 217.352 0. 0. -1. 0.
-0.017 1.000 0. -320.708 1.000 0.017 0. 219.808 0. 0. -1. 0.
-0.010 1. 0. -320.684 1. 0.010 0. 222.325 0. 0. -1. 0.
-0.004 1. 0. -320.640 1. 0.004 0. 224.888 0. 0. -1. 0.
-0.000 1. 0. -320.591 1. 0.000 0. 227.505 0. 0. -1. 0.
0.002 1. 0. -320.534 1. -0.002 0. 230.207 0. 0. -1. 0.
0.002 1. 0. -320.466 1. -0.002 0. 232.988 0. 0. -1. 0.
0.003 1. 0. -320.402 1. -0.003 0. 235.834 0. 0. -1. 0.
0.004 1. 0. -320.335 1. -0.004 0. 238.782 0. 0. -1. 0.
0.006 1. 0. -320.260 1. -0.006 0. 241.788 0. 0. -1. 0.
0.007 1. 0. -320.174 1. -0.007 0. 244.887 0. 0. -1. 0.
0.008 1. 0. -320.085 1. -0.008 0. 248.059 0. 0. -1. 0.
0.010 1. 0. -319.987 1. -0.010 0. 251.311 0. 0. -1. 0.
0.010 1. 0. -319.885 1. -0.010 0. 254.634 0. 0. -1. 0.
0.010 1. 0. -319.781 1. -0.010 0. 258.019 0. 0. -1. 0.
0.010 1. 0. -319.678 1. -0.010 0. 261.477 0. 0. -1. 0.
0.010 1. 0. -319.566 1. -0.010 0. 264.999 0. 0. -1. 0.
0.010 1. 0. -319.455 1. -0.010 0. 268.588 0. 0. -1. 0.
0.008 1. 0. -319.344 1. -0.008 0. 272.215 0. 0. -1. 0.
0.004 1. 0. -319.248 1. -0.004 0. 275.849 0. 0. -1. 0.
0.002 1. 0. -319.168 1. -0.002 0. 279.504 0. 0. -1. 0.
0.003 1. 0. -319.089 1. -0.003 0. 283.156 0. 0. -1. 0.
0.003 1. 0. -319.006 1. -0.003 0. 286.808 0. 0. -1. 0.
0.004 1. 0. -318.924 1. -0.004 0. 290.473 0. 0. -1. 0.
0.003 1. 0. -318.841 1. -0.003 0. 294.084 0. 0. -1. 0.
0.003 1. 0. -318.751 1. -0.003 0. 297.681 0. 0. -1. 0.
0.002 1. 0. -318.669 1. -0.002 0. 301.271 0. 0. -1. 0.
0.003 1. 0. -318.588 1. -0.003 0. 304.842 0. 0. -1. 0.
0.005 1. 0. -318.509 1. -0.005 0. 308.409 0. 0. -1. 0.
0.007 1. 0. -318.409 1. -0.007 0. 311.963 0. 0. -1. 0.
0.009 1. 0. -318.306 1. -0.009 0. 315.522 0. 0. -1. 0.
0.011 1. 0. -318.202 1. -0.011 0. 319.060 0. 0. -1. 0.
0.012 1. 0. -318.089 1. -0.012 0. 322.602 0. 0. -1. 0.
0.011 1. 0. -317.972 1. -0.011 0. 326.144 0. 0. -1. 0.
0.011 1. 0. -317.855 1. -0.011 0. 329.689 0. 0. -1. 0.
0.008 1. 0. -317.742 1. -0.008 0. 333.238 0. 0. -1. 0.
0.006 1. 0. -317.643 1. -0.006 0. 336.795 0. 0. -1. 0.
0.004 1. 0. -317.549 1. -0.004 0. 340.344 0. 0. -1. 0.
0.002 1. 0. -317.470 1. -0.002 0. 343.893 0. 0. -1. 0.
-0.000 1. 0. -317.395 1. 0.000 0. 347.439 0. 0. -1. 0.
-0.002 1. 0. -317.325 1. 0.002 0. 350.978 0. 0. -1. 0.
-0.004 1. 0. -317.269 1. 0.004 0. 354.496 0. 0. -1. 0.
-0.004 1. 0. -317.216 1. 0.004 0. 358.011 0. 0. -1. 0.
-0.003 1. 0. -317.157 1. 0.003 0. 361.502 0. 0. -1. 0.
-0.003 1. 0. -317.093 1. 0.003 0. 364.991 0. 0. -1. 0.
-0.004 1. 0. -317.032 1. 0.004 0. 368.462 0. 0. -1. 0.
-0.004 1. 0. -316.977 1. 0.004 0. 371.912 0. 0. -1. 0.
-0.004 1. 0. -316.922 1. 0.004 0. 375.345 0. 0. -1. 0.
-0.003 1. 0. -316.864 1. 0.003 0. 378.769 0. 0. -1. 0.
-0.002 1. 0. -316.790 1. 0.002 0. 382.183 0. 0. -1. 0.
-0.000 1. 0. -316.732 1. 0.000 0. 385.560 0. 0. -1. 0.
0.002 1. 0. -316.668 1. -0.002 0. 388.949 0. 0. -1. 0.
0.002 1. 0. -316.581 1. -0.002 0. 392.324 0. 0. -1. 0.
0.003 1. 0. -316.505 1. -0.003 0. 395.698 0. 0. -1. 0.
0.003 1. 0. -316.422 1. -0.003 0. 399.045 0. 0. -1. 0.
0.003 1. 0. -316.350 1. -0.003 0. 402.378 0. 0. -1. 0.
0.002 1. 0. -316.281 1. -0.002 0. 405.687 0. 0. -1. 0.
0.002 1. 0. -316.211 1. -0.002 0. 408.962 0. 0. -1. 0.
0.002 1. 0. -316.141 1. -0.002 0. 412.215 0. 0. -1. 0.
0.001 1. 0. -316.067 1. -0.001 0. 415.449 0. 0. -1. 0.
0.001 1. 0. -315.994 1. -0.001 0. 418.640 0. 0. -1. 0.
0.001 1. 0. -315.929 1. -0.001 0. 421.828 0. 0. -1. 0.
0.001 1. 0. -315.873 1. -0.001 0. 424.982 0. 0. -1. 0.
-0.001 1. 0. -315.806 1. 0.001 0. 428.118 0. 0. -1. 0.
-0.001 1. 0. -315.748 1. 0.001 0. 431.234 0. 0. -1. 0.
-0.002 1. 0. -315.697 1. 0.002 0. 434.309 0. 0. -1. 0.
-0.003 1. 0. -315.648 1. 0.003 0. 437.369 0. 0. -1. 0.
-0.003 1. 0. -315.599 1. 0.003 0. 440.401 0. 0. -1. 0.
-0.004 1. 0. -315.548 1. 0.004 0. 443.370 0. 0. -1. 0.
-0.004 1. 0. -315.499 1. 0.004 0. 446.275 0. 0. -1. 0.
-0.004 1. 0. -315.456 1. 0.004 0. 449.108 0. 0. -1. 0.
-0.004 1. 0. -315.420 1. 0.004 0. 451.874 0. 0. -1. 0.
-0.002 1. 0. -315.380 1. 0.002 0. 454.578 0. 0. -1. 0.
-0.002 1. 0. -315.331 1. 0.002 0. 457.221 0. 0. -1. 0.
-0.000 1. 0. -315.280 1. 0.000 0. 459.808 0. 0. -1. 0.
0.002 1. 0. -315.227 1. -0.002 0. 462.333 0. 0. -1. 0.
0.006 1. 0. -315.172 1. -0.006 0. 464.810 0. 0. -1. 0.
0.012 1. 0. -315.102 1. -0.012 0. 467.210 0. 0. -1. 0.
0.017 1.000 0. -315.021 1.000 -0.017 0. 469.564 0. 0. -1. 0.
0.020 1.000 0. -314.933 1.000 -0.020 0. 471.853 0. 0. -1. 0.
0.023 1.000 0. -314.845 1.000 -0.023 0. 474.068 0. 0. -1. 0.
0.024 1.000 0. -314.750 1.000 -0.024 0. 476.219 0. 0. -1. 0.
0.024 1.000 0. -314.664 1.000 -0.024 0. 478.283 0. 0. -1. 0.
0.024 1.000 0. -314.583 1.000 -0.024 0. 480.271 0. 0. -1. 0.
0.024 1.000 0. -314.504 1.000 -0.024 0. 482.167 0. 0. -1. 0.
0.024 1.000 0. -314.429 1.000 -0.024 0. 483.958 0. 0. -1. 0.
0.024 1.000 0. -314.358 1.000 -0.024 0. 485.662 0. 0. -1. 0.
0.024 1.000 0. -314.291 1.000 -0.024 0. 487.273 0. 0. -1. 0.
0.023 1.000 0. -314.226 1.000 -0.023 0. 488.800 0. 0. -1. 0.
0.022 1.000 0. -314.162 1.000 -0.022 0. 490.247 0. 0. -1. 0.
0.020 1.000 0. -314.112 1.000 -0.020 0. 491.600 0. 0. -1. 0.
0.015 1.000 0. -314.062 1.000 -0.015 0. 492.834 0. 0. -1. 0.
0.010 1. 0. -314.030 1. -0.010 0. 493.955 0. 0. -1. 0.
0.004 1. 0. -314.008 1. -0.004 0. 494.972 0. 0. -1. 0.
-0.002 1. 0. -313.993 1. 0.002 0. 495.898 0. 0. -1. 0.
-0.007 1. 0. -313.982 1. 0.007 0. 496.724 0. 0. -1. 0.
-0.013 1. 0. -313.980 1. 0.013 0. 497.457 0. 0. -1. 0.
-0.018 1.000 0. -313.981 1.000 0.018 0. 498.095 0. 0. -1. 0.
-0.022 1.000 0. -313.980 1.000 0.022 0. 498.636 0. 0. -1. 0.
-0.025 1.000 0. -313.984 1.000 0.025 0. 499.079 0. 0. -1. 0.
-0.027 1.000 0. -313.990 1.000 0.027 0. 499.435 0. 0. -1. 0.
-0.030 1.000 0. -313.994 1.000 0.030 0. 499.727 0. 0. -1. 0.
-0.031 1.000 0. -313.997 1.000 0.031 0. 499.958 0. 0. -1. 0.
-0.032 0.999 0. -313.999 0.999 0.032 0. 500.131 0. 0. -1. 0.
-0.033 0.999 0. -313.998 0.999 0.033 0. 500.259 0. 0. -1. 0.
-0.033 0.999 0. -314.001 0.999 0.033 0. 500.339 0. 0. -1. 0.
-0.034 0.999 0. -314.001 0.999 0.034 0. 500.380 0. 0. -1. 0.
-0.034 0.999 0. -314.001 0.999 0.034 0. 500.382 0. 0. -1. 0.
-0.034 0.999 0. -314.001 0.999 0.034 0. 500.381 0. 0. -1. 0.
-0.034 0.999 0. -314.001 0.999 0.034 0. 500.381 0. 0. -1. 0.
-0.034 0.999 0. -314.001 0.999 0.034 0. 500.381 0. 0. -1. 0.
-0.034 0.999 0. -314.001 0.999 0.034 0. 500.381 0. 0. -1. 0.
-0.034 0.999 0. -314.001 0.999 0.034 0. 500.381 0. 0. -1. 0.
-0.034 0.999 0. -314.001 0.999 0.034 0. 500.381 0. 0. -1. 0.
-0.034 0.999 0. -314.001 0.999 0.034 0. 500.381 0. 0. -1. 0.
-0.034 0.999 0. -314.001 0.999 0.034 0. 500.381 0. 0. -1. 0.
-0.034 0.999 0. -314.001 0.999 0.034 0. 500.381 0. 0. -1. 0.
-0.034 0.999 0. -314.001 0.999 0.034 0. 500.381 0. 0. -1. 0.
-0.034 0.999 0. -314.001 0.999 0.034 0. 500.381 0. 0. -1. 0.
-0.034 0.999 0. -314.001 0.999 0.034 0. 500.381 0. 0. -1. 0.
-0.034 0.999 0. -314.001 0.999 0.034 0. 500.381 0. 0. -1. 0.
-0.034 0.999 0. -314.001 0.999 0.034 0. 500.381 0. 0. -1. 0.
-0.034 0.999 0. -314.001 0.999 0.034 0. 500.381 0. 0. -1. 0.
-0.034 0.999 0. -314.001 0.999 0.034 0. 500.381 0. 0. -1. 0.
-0.034 0.999 0. -314.001 0.999 0.034 0. 500.381 0. 0. -1. 0.
-0.034 0.999 0. -314.001 0.999 0.034 0. 500.389 0. 0. -1. 0.
-0.034 0.999 0. -314.001 0.999 0.034 0. 500.417 0. 0. -1. 0.
-0.034 0.999 0. -314.002 0.999 0.034 0. 500.468 0. 0. -1. 0.
-0.035 0.999 0. -314.004 0.999 0.035 0. 500.555 0. 0. -1. 0.
-0.035 0.999 0. -314.006 0.999 0.035 0. 500.671 0. 0. -1. 0.
-0.035 0.999 0. -314.007 0.999 0.035 0. 500.814 0. 0. -1. 0.
-0.035 0.999 0. -314.009 0.999 0.035 0. 500.997 0. 0. -1. 0.
-0.036 0.999 0. -314.011 0.999 0.036 0. 501.246 0. 0. -1. 0.
-0.036 0.999 0. -314.017 0.999 0.036 0. 501.580 0. 0. -1. 0.
-0.036 0.999 0. -314.027 0.999 0.036 0. 502.010 0. 0. -1. 0.
-0.036 0.999 0. -314.035 0.999 0.036 0. 502.570 0. 0. -1. 0.
-0.037 0.999 0. -314.051 0.999 0.037 0. 503.254 0. 0. -1. 0.
-0.038 0.999 0. -314.060 0.999 0.038 0. 504.057 0. 0. -1. 0.
-0.038 0.999 0. -314.079 0.999 0.038 0. 504.973 0. 0. -1. 0.
-0.039 0.999 0. -314.102 0.999 0.039 0. 506.004 0. 0. -1. 0.
-0.041 0.999 0. -314.125 0.999 0.041 0. 507.149 0. 0. -1. 0.
-0.042 0.999 0. -314.154 0.999 0.042 0. 508.389 0. 0. -1. 0.
-0.044 0.999 0. -314.188 0.999 0.044 0. 509.701 0. 0. -1. 0.
-0.047 0.999 0. -314.222 0.999 0.047 0. 511.070 0. 0. -1. 0.
-0.049 0.999 0. -314.262 0.999 0.049 0. 512.463 0. 0. -1. 0.
-0.053 0.999 0. -314.307 0.999 0.053 0. 513.856 0. 0. -1. 0.
-0.057 0.998 0. -314.355 0.998 0.057 0. 515.246 0. 0. -1. 0.
-0.062 0.998 0. -314.416 0.998 0.062 0. 516.637 0. 0. -1. 0.
-0.066 0.998 0. -314.478 0.998 0.066 0. 518.066 0. 0. -1. 0.
-0.070 0.998 0. -314.558 0.998 0.070 0. 519.573 0. 0. -1. 0.
-0.073 0.997 0. -314.642 0.997 0.073 0. 521.137 0. 0. -1. 0.
-0.076 0.997 0. -314.734 0.997 0.076 0. 522.767 0. 0. -1. 0.
-0.079 0.997 0. -314.835 0.997 0.079 0. 524.467 0. 0. -1. 0.
