1. 0. 0. 0. 0. -1. -0. 0. 0. 0. -1. 0.
1. 0.002 0. -0.017 0.002 -1. -0. -0.062 0. 0. -1. 0.
1. 0.001 0. -0.012 0.001 -1. -0. -0.061 0. 0. -1. 0.
1. -0.001 -0. -0.040 -0.001 -1. -0. -0.077 0. 0. -1. 0.
1. -0.006 -0. -0.023 -0.006 -1. -0. -0.024 0. 0. -1. 0.
1. -0.000 -0. -0.045 -0.000 -1. -0. -0.065 0. 0. -1. 0.
1. 0.001 0. -0.007 0.001 -1. -0. -0.042 0. 0. -1. 0.
1. 0.001 0. -0.013 0.001 -1. -0. -0.077 0. 0. -1. 0.
1. 0. 0. 0.001 0. -1. -0. 0.004 0. 0. -1. 0.
1. 0.001 0. -0.015 0.001 -1. -0. -0.053 0. 0. -1. 0.
1. 0.001 0. -0.009 0.001 -1. -0. -0.016 0. 0. -1. 0.
1. 0.001 0. -0.010 0.001 -1. -0. -0.019 0. 0. -1. 0.
1. -0.000 -0. -0.002 -0.000 -1. -0. 0.014 0. 0. -1. 0.
1. -0.001 -0. 0.008 -0.001 -1. -0. -0.039 0. 0. -1. 0.
1. -0.003 -0. -0.018 -0.003 -1. -0. -0.024 0. 0. -1. 0.
1. -0.000 -0. -0.005 -0.000 -1. -0. -0.021 0. 0. -1. 0.
1. 0.001 0. 0.036 0.001 -1. -0. -0.045 0. 0. -1. 0.
1. -0.009 -0. 0.074 -0.009 -1. -0. -0.094 0. 0. -1. 0.
1. -0.004 -0. 0.145 -0.004 -1. -0. -0.062 0. 0. -1. 0.
1. -0.006 -0. 0.230 -0.006 -1. -0. -0.032 0. 0. -1. 0.
1. -0.011 -0. 0.325 -0.011 -1. -0. -0.054 0. 0. -1. 0.
1. -0.009 -0. 0.577 -0.009 -1. -0. -0.058 0. 0. -1. 0.
1.000 -0.023 -0. 0.831 -0.023 -1.000 -0. -0.104 0. 0. -1. 0.
1.000 -0.030 -0. 1.252 -0.030 -1.000 -0. -0.147 0. 0. -1. 0.
0.999 -0.041 -0. 1.826 -0.041 -0.999 -0. -0.123 0. 0. -1. 0.
0.999 -0.045 -0. 2.401 -0.045 -0.999 -0. -0.228 0. 0. -1. 0.
0.998 -0.060 -0. 3.091 -0.060 -0.998 -0. -0.191 0. 0. -1. 0.
0.998 -0.064 -0. 3.843 -0.064 -0.998 -0. -0.159 0. 0. -1. 0.
0.997 -0.071 -0. 4.704 -0.071 -0.997 -0. -0.279 0. 0. -1. 0.
0.997 -0.075 -0. 5.645 -0.075 -0.997 -0. -0.350 0. 0. -1. 0.
0.997 -0.081 -0. 6.631 -0.081 -0.997 -0. -0.439 0. 0. -1. 0.
0.997 -0.078 -0. 7.666 -0.078 -0.997 -0. -0.533 0. 0. -1. 0.
0.996 -0.090 -0. 8.721 -0.090 -0.996 -0. -0.644 0. 0. -1. 0.
0.997 -0.082 -0. 9.833 -0.082 -0.997 -0. -0.765 0. 0. -1. 0.
0.996 -0.090 -0. 10.967 -0.090 -0.996 -0. -0.737 0. 0. -1. 0.
0.996 -0.088 -0. 12.116 -0.088 -0.996 -0. -0.994 0. 0. -1. 0.
0.995 -0.099 -0. 13.462 -0.099 -0.995 -0. -1.184 0. 0. -1. 0.
0.996 -0.084 -0. 14.690 -0.084 -0.996 -0. -1.262 0. 0. -1. 0.
0.996 -0.084 -0. 16.036 -0.084 -0.996 -0. -1.393 0. 0. -1. 0.
0.997 -0.081 -0. 17.347 -0.081 -0.997 -0. -1.468 0. 0. -1. 0.
0.997 -0.071 -0. 18.838 -0.071 -0.997 -0. -1.674 0. 0. -1. 0.
0.998 -0.059 -0. 20.301 -0.059 -0.998 -0. -1.808 0. 0. -1. 0.
0.998 -0.056 -0. 21.763 -0.056 -0.998 -0. -1.996 0. 0. -1. 0.
0.999 -0.048 -0. 23.286 -0.048 -0.999 -0. -2.070 0. 0. -1. 0.
0.999 -0.049 -0. 24.887 -0.049 -0.999 -0. -2.086 0. 0. -1. 0.
0.999 -0.036 -0. 26.537 -0.036 -0.999 -0. -2.196 0. 0. -1. 0.
0.999 -0.032 -0. 28.156 -0.032 -0.999 -0. -2.335 0. 0. -1. 0.
1.000 -0.019 -0. 29.898 -0.019 -1.000 -0. -2.431 0. 0. -1. 0.
1. -0.008 -0. 31.535 -0.008 -1. -0. -2.389 0. 0. -1. 0.
1. -0.007 -0. 33.292 -0.007 -1. -0. -2.453 0. 0. -1. 0.
1. 0.009 0. 35.025 0.009 -1. -0. -2.491 0. 0. -1. 0.
1.000 0.016 0. 36.792 0.016 -1.000 -0. -2.390 0. 0. -1. 0.
1.000 0.027 0. 38.605 0.027 -1.000 -0. -2.469 0. 0. -1. 0.
1.000 0.031 0. 40.470 0.031 -1.000 -0. -2.414 0. 0. -1. 0.
0.999 0.035 0. 42.346 0.035 -0.999 -0. -2.289 0. 0. -1. 0.
0.999 0.041 0. 44.276 0.041 -0.999 -0. -2.350 0. 0. -1. 0.
0.999 0.041 0. 46.219 0.041 -0.999 -0. -2.233 0. 0. -1. 0.
0.999 0.047 0. 48.194 0.047 -0.999 -0. -2.181 0. 0. -1. 0.
0.999 0.044 0. 50.183 0.044 -0.999 -0. -2.129 0. 0. -1. 0.
0.999 0.048 0. 52.234 0.048 -0.999 -0. -2.057 0. 0. -1. 0.
0.999 0.053 0. 54.326 0.053 -0.999 -0. -2.007 0. 0. -1. 0.
0.998 0.057 0. 56.384 0.057 -0.998 -0. -1.957 0. 0. -1. 0.
0.999 0.054 0. 58.572 0.054 -0.999 -0. -1.860 0. 0. -1. 0.
0.998 0.060 0. 60.702 0.060 -0.998 -0. -1.768 0. 0. -1. 0.
0.998 0.067 0. 62.814 0.067 -0.998 -0. -1.687 0. 0. -1. 0.
0.998 0.061 0. 64.943 0.061 -0.998 -0. -1.533 0. 0. -1. 0.
0.998 0.062 0. 67.159 0.062 -0.998 -0. -1.509 0. 0. -1. 0.
0.998 0.057 0. 69.263 0.057 -0.998 -0. -1.259 0. 0. -1. 0.
0.999 0.050 0. 71.420 0.050 -0.999 -0. -1.174 0. 0. -1. 0.
0.999 0.052 0. 73.599 0.052 -0.999 -0. -1.089 0. 0. -1. 0.
0.999 0.050 0. 75.733 0.050 -0.999 -0. -0.987 0. 0. -1. 0.
0.999 0.036 0. 77.852 0.036 -0.999 -0. -0.869 0. 0. -1. 0.
1.000 0.022 0. 79.985 0.022 -1.000 -0. -0.854 0. 0. -1. 0.
1. -0.007 -0. 82.086 -0.007 -1. -0. -0.870 0. 0. -1. 0.
0.999 -0.050 -0. 84.155 -0.050 -0.999 -0. -0.877 0. 0. -1. 0.
0.996 -0.087 -0. 86.258 -0.087 -0.996 -0. -1.020 0. 0. -1. 0.
0.991 -0.134 -0. 88.236 -0.134 -0.991 -0. -1.421 0. 0. -1. 0.
0.982 -0.187 -0. 90.267 -0.187 -0.982 -0. -1.800 0. 0. -1. 0.
0.969 -0.249 -0. 92.181 -0.249 -0.969 -0. -2.193 0. 0. -1. 0.
0.954 -0.301 -0. 93.995 -0.301 -0.954 -0. -3.042 0. 0. -1. 0.
0.935 -0.355 -0. 95.843 -0.355 -0.935 -0. -3.626 0. 0. -1. 0.
0.912 -0.411 -0. 97.532 -0.411 -0.912 -0. -4.407 0. 0. -1. 0.
0.883 -0.469 -0. 99.281 -0.469 -0.883 -0. -5.278 0. 0. -1. 0.
0.851 -0.525 -0. 100.861 -0.525 -0.851 -0. -6.420 0. 0. -1. 0.
0.816 -0.578 -0. 102.533 -0.578 -0.816 -0. -7.392 0. 0. -1. 0.
0.780 -0.626 -0. 104.037 -0.626 -0.780 -0. -8.580 0. 0. -1. 0.
0.732 -0.681 -0. 105.353 -0.681 -0.732 -0. -9.828 0. 0. -1. 0.
0.685 -0.729 -0. 106.586 -0.729 -0.685 -0. -11.121 0. 0. -1. 0.
0.627 -0.779 -0. 107.720 -0.779 -0.627 -0. -12.523 0. 0. -1. 0.
0.577 -0.817 -0. 108.646 -0.817 -0.577 -0. -14.007 0. 0. -1. 0.
0.529 -0.849 -0. 109.524 -0.849 -0.529 -0. -15.481 0. 0. -1. 0.
0.482 -0.876 -0. 110.247 -0.876 -0.482 -0. -17.095 0. 0. -1. 0.
0.445 -0.895 -0. 111.153 -0.895 -0.445 -0. -18.606 0. 0. -1. 0.
0.416 -0.910 -0. 111.710 -0.910 -0.416 -0. -20.339 0. 0. -1. 0.
0.388 -0.921 -0. 112.483 -0.921 -0.388 -0. -21.938 0. 0. -1. 0.
0.380 -0.925 -0. 113.165 -0.925 -0.380 -0. -23.608 0. 0. -1. 0.
0.374 -0.928 -0. 113.871 -0.928 -0.374 -0. -25.365 0. 0. -1. 0.
0.379 -0.925 -0. 114.627 -0.925 -0.379 -0. -27.123 0. 0. -1. 0.
0.389 -0.921 -0. 115.305 -0.921 -0.389 -0. -28.869 0. 0. -1. 0.
0.389 -0.921 -0. 116.047 -0.921 -0.389 -0. -30.655 0. 0. -1. 0.
0.401 -0.916 -0. 116.561 -0.916 -0.401 -0. -32.521 0. 0. -1. 0.
0.414 -0.910 -0. 117.470 -0.910 -0.414 -0. -34.298 0. 0. -1. 0.
0.428 -0.904 -0. 118.118 -0.904 -0.428 -0. -36.205 0. 0. -1. 0.
0.442 -0.897 -0. 119.123 -0.897 -0.442 -0. -37.976 0. 0. -1. 0.
0.464 -0.886 -0. 119.929 -0.886 -0.464 -0. -39.799 0. 0. -1. 0.
0.483 -0.876 -0. 120.829 -0.876 -0.483 -0. -41.636 0. 0. -1. 0.
0.502 -0.865 -0. 121.905 -0.865 -0.502 -0. -43.306 0. 0. -1. 0.
0.513 -0.858 -0. 122.792 -0.858 -0.513 -0. -45.087 0. 0. -1. 0.
0.524 -0.851 -0. 123.895 -0.851 -0.524 -0. -46.746 0. 0. -1. 0.
0.544 -0.839 -0. 124.929 -0.839 -0.544 -0. -48.397 0. 0. -1. 0.
0.557 -0.830 -0. 125.964 -0.830 -0.557 -0. -50.045 0. 0. -1. 0.
0.580 -0.815 -0. 127.007 -0.815 -0.580 -0. -51.686 0. 0. -1. 0.
0.602 -0.798 -0. 128.110 -0.798 -0.602 -0. -53.199 0. 0. -1. 0.
0.625 -0.780 -0. 129.030 -0.780 -0.625 -0. -54.735 0. 0. -1. 0.
0.644 -0.765 -0. 130.492 -0.765 -0.644 -0. -56.135 0. 0. -1. 0.
0.669 -0.744 -0. 131.512 -0.744 -0.669 -0. -57.575 0. 0. -1. 0.
0.686 -0.728 -0. 132.827 -0.728 -0.686 -0. -58.934 0. 0. -1. 0.
0.704 -0.711 -0. 134.051 -0.711 -0.704 -0. -60.218 0. 0. -1. 0.
0.716 -0.698 -0. 135.296 -0.698 -0.716 -0. -61.485 0. 0. -1. 0.
0.726 -0.688 -0. 136.564 -0.688 -0.726 -0. -62.601 0. 0. -1. 0.
0.735 -0.678 -0. 137.698 -0.678 -0.735 -0. -63.725 0. 0. -1. 0.
0.744 -0.668 -0. 139.024 -0.668 -0.744 -0. -64.780 0. 0. -1. 0.
0.759 -0.651 -0. 140.217 -0.651 -0.759 -0. -65.867 0. 0. -1. 0.
0.780 -0.626 -0. 141.341 -0.626 -0.780 -0. -66.960 0. 0. -1. 0.
0.806 -0.592 -0. 142.569 -0.592 -0.806 -0. -67.752 0. 0. -1. 0.
0.848 -0.530 -0. 143.722 -0.530 -0.848 -0. -68.491 0. 0. -1. 0.
0.886 -0.463 -0. 144.883 -0.463 -0.886 -0. -69.133 0. 0. -1. 0.
0.926 -0.376 -0. 146.037 -0.376 -0.926 -0. -69.679 0. 0. -1. 0.
0.959 -0.283 -0. 147.170 -0.283 -0.959 -0. -70.076 0. 0. -1. 0.
0.985 -0.174 -0. 148.194 -0.174 -0.985 -0. -70.224 0. 0. -1. 0.
0.999 -0.046 -0. 149.343 -0.046 -0.999 -0. -70.148 0. 0. -1. 0.
0.994 0.106 0. 150.292 0.106 -0.994 -0. -70.090 0. 0. -1. 0.
0.963 0.269 0. 151.368 0.269 -0.963 -0. -69.796 0. 0. -1. 0.
0.904 0.428 0. 152.210 0.428 -0.904 -0. -69.322 0. 0. -1. 0.
0.810 0.586 0. 152.963 0.586 -0.810 -0. -68.693 0. 0. -1. 0.
0.688 0.726 0. 153.566 0.726 -0.688 -0. -68.015 0. 0. -1. 0.
0.532 0.847 0. 154.062 0.847 -0.532 -0. -67.214 0. 0. -1. 0.
0.362 0.932 0. 154.341 0.932 -0.362 -0. -66.352 0. 0. -1. 0.
0.175 0.985 0. 154.445 0.985 -0.175 -0. -65.401 0. 0. -1. 0.
-0.022 1.000 0. 154.409 1.000 0.022 0. -64.523 0. 0. -1. 0.
-0.206 0.979 0. 154.134 0.979 0.206 0. -63.641 0. 0. -1. 0.
-0.381 0.924 0. 153.692 0.924 0.381 0. -62.879 0. 0. -1. 0.
-0.539 0.842 0. 153.162 0.842 0.539 0. -62.022 0. 0. -1. 0.
-0.658 0.753 0. 152.363 0.753 0.658 0. -61.295 0. 0. -1. 0.
-0.759 0.651 0. 151.580 0.651 0.759 0. -60.627 0. 0. -1. 0.
-0.831 0.557 0. 150.736 0.557 0.831 0. -59.996 0. 0. -1. 0.
-0.883 0.468 0. 149.722 0.468 0.883 0. -59.540 0. 0. -1. 0.
-0.913 0.407 0. 148.610 0.407 0.913 0. -58.965 0. 0. -1. 0.
-0.936 0.353 0. 147.457 0.353 0.936 0. -58.550 0. 0. -1. 0.
-0.944 0.329 0. 146.324 0.329 0.944 0. -58.205 0. 0. -1. 0.
-0.952 0.305 0. 145.154 0.305 0.952 0. -57.830 0. 0. -1. 0.
-0.955 0.296 0. 143.902 0.296 0.955 0. -57.446 0. 0. -1. 0.
-0.954 0.300 0. 142.606 0.300 0.954 0. -57.000 0. 0. -1. 0.
-0.953 0.302 0. 141.281 0.302 0.953 0. -56.659 0. 0. -1. 0.
-0.945 0.327 0. 139.940 0.327 0.945 0. -56.167 0. 0. -1. 0.
-0.938 0.347 0. 138.516 0.347 0.938 0. -55.592 0. 0. -1. 0.
-0.925 0.380 0. 137.174 0.380 0.925 0. -55.076 0. 0. -1. 0.
-0.909 0.416 0. 135.782 0.416 0.909 0. -54.303 0. 0. -1. 0.
-0.887 0.461 0. 134.343 0.461 0.887 0. -53.500 0. 0. -1. 0.
-0.867 0.498 0. 133.050 0.498 0.867 0. -52.741 0. 0. -1. 0.
-0.839 0.544 0. 131.554 0.544 0.839 0. -51.717 0. 0. -1. 0.
-0.810 0.586 0. 130.286 0.586 0.810 0. -50.779 0. 0. -1. 0.
-0.779 0.627 0. 128.905 0.627 0.779 0. -49.758 0. 0. -1. 0.
-0.743 0.669 0. 127.639 0.669 0.743 0. -48.599 0. 0. -1. 0.
-0.707 0.707 0. 126.467 0.707 0.707 0. -47.338 0. 0. -1. 0.
-0.667 0.745 0. 125.299 0.745 0.667 0. -45.905 0. 0. -1. 0.
-0.623 0.783 0. 124.080 0.783 0.623 0. -44.494 0. 0. -1. 0.
-0.576 0.818 0. 123.109 0.818 0.576 0. -43.043 0. 0. -1. 0.
-0.531 0.847 0. 122.109 0.847 0.531 0. -41.519 0. 0. -1. 0.
-0.495 0.869 0. 121.333 0.869 0.495 0. -39.816 0. 0. -1. 0.
-0.455 0.890 0. 120.412 0.890 0.455 0. -38.045 0. 0. -1. 0.
-0.427 0.904 0. 119.668 0.904 0.427 0. -36.484 0. 0. -1. 0.
-0.398 0.917 0. 119.037 0.917 0.398 0. -34.566 0. 0. -1. 0.
-0.375 0.927 0. 118.308 0.927 0.375 0. -32.837 0. 0. -1. 0.
-0.361 0.932 0. 117.624 0.932 0.361 0. -31.015 0. 0. -1. 0.
-0.338 0.941 0. 117.117 0.941 0.338 0. -29.132 0. 0. -1. 0.
-0.333 0.943 0. 116.375 0.943 0.333 0. -27.301 0. 0. -1. 0.
-0.336 0.942 0. 115.822 0.942 0.336 0. -25.449 0. 0. -1. 0.
-0.341 0.940 0. 115.213 0.940 0.341 0. -23.572 0. 0. -1. 0.
-0.368 0.930 0. 114.502 0.930 0.368 0. -21.772 0. 0. -1. 0.
-0.393 0.919 0. 114.057 0.919 0.393 0. -19.917 0. 0. -1. 0.
-0.430 0.903 0. 113.101 0.903 0.430 0. -18.106 0. 0. -1. 0.
-0.473 0.881 0. 112.240 0.881 0.473 0. -16.413 0. 0. -1. 0.
-0.522 0.853 0. 111.288 0.853 0.522 0. -14.786 0. 0. -1. 0.
-0.569 0.823 0. 110.421 0.823 0.569 0. -13.129 0. 0. -1. 0.
-0.611 0.792 0. 109.206 0.792 0.611 0. -11.667 0. 0. -1. 0.
-0.657 0.754 0. 108.167 0.754 0.657 0. -10.156 0. 0. -1. 0.
-0.705 0.709 0. 106.914 0.709 0.705 0. -8.813 0. 0. -1. 0.
-0.754 0.657 0. 105.497 0.657 0.754 0. -7.649 0. 0. -1. 0.
-0.791 0.612 0. 103.840 0.612 0.791 0. -6.450 0. 0. -1. 0.
-0.827 0.562 0. 102.333 0.562 0.827 0. -5.339 0. 0. -1. 0.
-0.861 0.509 0. 100.680 0.509 0.861 0. -4.353 0. 0. -1. 0.
-0.890 0.455 0. 99.127 0.455 0.890 0. -3.518 0. 0. -1. 0.
-0.918 0.396 0. 97.290 0.396 0.918 0. -2.665 0. 0. -1. 0.
-0.941 0.338 0. 95.539 0.338 0.941 0. -1.997 0. 0. -1. 0.
-0.961 0.276 0. 93.795 0.276 0.961 0. -1.403 0. 0. -1. 0.
-0.976 0.220 0. 91.910 0.220 0.976 0. -0.953 0. 0. -1. 0.
-0.987 0.162 0. 90.041 0.162 0.987 0. -0.636 0. 0. -1. 0.
-0.994 0.112 0. 88.052 0.112 0.994 0. -0.387 0. 0. -1. 0.
-0.997 0.073 0. 86.082 0.073 0.997 0. -0.238 0. 0. -1. 0.
-0.999 0.044 0. 84.042 0.044 0.999 0. -0.131 0. 0. -1. 0.
-1. 0.010 0. 82.000 0.010 1. 0. -0.064 0. 0. -1. 0.
-1. -0.002 -0. 79.894 -0.002 1. 0. -0.021 0. 0. -1. 0.
-1.000 -0.015 -0. 77.749 -0.015 1.000 0. -0.117 0. 0. -1. 0.
-1.000 -0.025 -0. 75.658 -0.025 1.000 0. -0.167 0. 0. -1. 0.
-1.000 -0.023 -0. 73.516 -0.023 1.000 0. -0.111 0. 0. -1. 0.
-0.999 -0.032 -0. 71.342 -0.032 0.999 0. -0.196 0. 0. -1. 0.
-0.999 -0.039 -0. 69.183 -0.039 0.999 0. -0.229 0. 0. -1. 0.
-0.999 -0.034 -0. 66.987 -0.034 0.999 0. -0.242 0. 0. -1. 0.
-0.999 -0.032 -0. 64.893 -0.032 0.999 0. -0.277 0. 0. -1. 0.
-0.999 -0.036 -0. 62.764 -0.036 0.999 0. -0.336 0. 0. -1. 0.
-0.999 -0.033 -0. 60.678 -0.033 0.999 0. -0.348 0. 0. -1. 0.
-0.999 -0.033 -0. 58.531 -0.033 0.999 0. -0.334 0. 0. -1. 0.
-1.000 -0.029 -0. 56.410 -0.029 1.000 0. -0.426 0. 0. -1. 0.
-1.000 -0.031 -0. 54.354 -0.031 1.000 0. -0.467 0. 0. -1. 0.
-1.000 -0.023 -0. 52.402 -0.023 1.000 0. -0.415 0. 0. -1. 0.
-1. -0.012 -0. 50.329 -0.012 1. 0. -0.515 0. 0. -1. 0.
-1. 0.002 0. 48.350 0.002 1. 0. -0.540 0. 0. -1. 0.
-1.000 0.017 0. 46.253 0.017 1.000 0. -0.359 0. 0. -1. 0.
-0.999 0.038 0. 44.237 0.038 0.999 0. -0.344 0. 0. -1. 0.
-0.999 0.042 0. 42.259 0.042 0.999 0. -0.139 0. 0. -1. 0.
-0.999 0.038 0. 40.224 0.038 0.999 0. -0.116 0. 0. -1. 0.
-1.000 0.030 0. 38.240 0.030 1.000 0. 0.029 0. 0. -1. 0.
-1.000 0.019 0. 36.191 0.019 1.000 0. 0.060 0. 0. -1. 0.
-1. 0.011 0. 34.174 0.011 1. 0. 0.126 0. 0. -1. 0.
-1. 0.007 0. 32.136 0.007 1. 0. 0.117 0. 0. -1. 0.
-1. 0.000 0. 30.040 0.000 1. 0. 0.167 0. 0. -1. 0.
-1. 0.004 0. 28.006 0.004 1. 0. 0.147 0. 0. -1. 0.
-1. 0.009 0. 25.891 0.009 1. 0. 0.196 0. 0. -1. 0.
-1. 0.012 0. 23.779 0.012 1. 0. 0.286 0. 0. -1. 0.
-1.000 0.019 0. 21.561 0.019 1.000 0. 0.337 0. 0. -1. 0.
-1.000 0.026 0. 19.418 0.026 1.000 0. 0.451 0. 0. -1. 0.
-0.999 0.035 0. 17.164 0.035 0.999 0. 0.617 0. 0. -1. 0.
-0.999 0.042 0. 14.999 0.042 0.999 0. 0.764 0. 0. -1. 0.
-0.999 0.040 0. 12.742 0.040 0.999 0. 0.890 0. 0. -1. 0.
-0.999 0.039 0. 10.518 0.039 0.999 0. 0.978 0. 0. -1. 0.
-0.999 0.043 0. 8.385 0.043 0.999 0. 1.120 0. 0. -1. 0.
-0.999 0.036 0. 6.217 0.036 0.999 0. 1.237 0. 0. -1. 0.
-0.999 0.041 0. 3.996 0.041 0.999 0. 1.348 0. 0. -1. 0.
-0.999 0.045 0. 1.789 0.045 0.999 0. 1.348 0. 0. -1. 0.
-0.999 0.047 0. -0.375 0.047 0.999 0. 1.546 0. 0. -1. 0.
-0.999 0.040 0. -2.575 0.040 0.999 0. 1.752 0. 0. -1. 0.
-0.999 0.035 0. -4.724 0.035 0.999 0. 1.873 0. 0. -1. 0.
-1.000 0.031 0. -6.934 0.031 1.000 0. 2.023 0. 0. -1. 0.
-1.000 0.027 0. -9.229 0.027 1.000 0. 2.040 0. 0. -1. 0.
-1.000 0.029 0. -11.243 0.029 1.000 0. 2.176 0. 0. -1. 0.
-1.000 0.023 0. -13.509 0.023 1.000 0. 2.142 0. 0. -1. 0.
-1.000 0.024 0. -15.677 0.024 1.000 0. 2.312 0. 0. -1. 0.
-1.000 0.015 0. -17.819 0.015 1.000 0. 2.368 0. 0. -1. 0.
-1. 0.012 0. -20.117 0.012 1. 0. 2.462 0. 0. -1. 0.
-1. 0.010 0. -22.214 0.010 1. 0. 2.437 0. 0. -1. 0.
-1. 0.012 0. -24.474 0.012 1. 0. 2.405 0. 0. -1. 0.
-1. 0.010 0. -26.650 0.010 1. 0. 2.647 0. 0. -1. 0.
-1. 0.002 0. -28.841 0.002 1. 0. 2.645 0. 0. -1. 0.
-1. 0.002 0. -31.076 0.002 1. 0. 2.505 0. 0. -1. 0.
-1. -0.001 -0. -33.299 -0.001 1. 0. 2.669 0. 0. -1. 0.
-1. -0.007 -0. -35.570 -0.007 1. 0. 2.658 0. 0. -1. 0.
-1. -0.005 -0. -37.585 -0.005 1. 0. 2.518 0. 0. -1. 0.
-1. -0.011 -0. -39.836 -0.011 1. 0. 2.491 0. 0. -1. 0.
-1. -0.007 -0. -41.904 -0.007 1. 0. 2.610 0. 0. -1. 0.
-1. -0.009 -0. -44.051 -0.009 1. 0. 2.586 0. 0. -1. 0.
-1. -0.009 -0. -46.120 -0.009 1. 0. 2.626 0. 0. -1. 0.
-1. -0.013 -0. -48.157 -0.013 1. 0. 2.630 0. 0. -1. 0.
-1.000 -0.015 -0. -50.180 -0.015 1.000 0. 2.698 0. 0. -1. 0.
-1. -0.010 -0. -52.059 -0.010 1. 0. 2.560 0. 0. -1. 0.
-1. 0.001 0. -53.981 0.001 1. 0. 2.782 0. 0. -1. 0.
-1. -0.001 -0. -55.756 -0.001 1. 0. 2.556 0. 0. -1. 0.
-0.999 0.033 0. -57.452 0.033 0.999 0. 2.864 0. 0. -1. 0.
-0.999 0.043 0. -59.049 0.043 0.999 0. 2.811 0. 0. -1. 0.
-0.996 0.086 0. -60.606 0.086 0.996 0. 3.228 0. 0. -1. 0.
-0.993 0.120 0. -61.988 0.120 0.993 0. 3.248 0. 0. -1. 0.
-0.984 0.176 0. -63.314 0.176 0.984 0. 3.629 0. 0. -1. 0.
-0.970 0.242 0. -64.496 0.242 0.970 0. 3.836 0. 0. -1. 0.
-0.953 0.303 0. -65.557 0.303 0.953 0. 4.215 0. 0. -1. 0.
-0.928 0.373 0. -66.673 0.373 0.928 0. 4.647 0. 0. -1. 0.
-0.890 0.455 0. -67.603 0.455 0.890 0. 5.292 0. 0. -1. 0.
-0.832 0.554 0. -68.471 0.554 0.832 0. 6.006 0. 0. -1. 0.
-0.762 0.647 0. -69.290 0.647 0.762 0. 6.623 0. 0. -1. 0.
-0.682 0.731 0. -69.967 0.731 0.682 0. 7.386 0. 0. -1. 0.
-0.586 0.810 0. -70.473 0.810 0.586 0. 8.284 0. 0. -1. 0.
-0.500 0.866 0. -70.812 0.866 0.500 0. 9.151 0. 0. -1. 0.
-0.417 0.909 0. -71.260 0.909 0.417 0. 10.161 0. 0. -1. 0.
-0.328 0.945 0. -71.770 0.945 0.328 0. 11.029 0. 0. -1. 0.
-0.247 0.969 0. -71.821 0.969 0.247 0. 12.078 0. 0. -1. 0.
-0.171 0.985 0. -72.105 0.985 0.171 0. 13.224 0. 0. -1. 0.
-0.114 0.993 0. -72.124 0.993 0.114 0. 14.315 0. 0. -1. 0.
-0.078 0.997 0. -72.151 0.997 0.078 0. 15.772 0. 0. -1. 0.
-0.051 0.999 0. -72.235 0.999 0.051 0. 16.999 0. 0. -1. 0.
-0.044 0.999 0. -72.323 0.999 0.044 0. 18.479 0. 0. -1. 0.
-0.041 0.999 0. -72.370 0.999 0.041 0. 19.958 0. 0. -1. 0.
-0.038 0.999 0. -72.268 0.999 0.038 0. 21.530 0. 0. -1. 0.
-0.024 1.000 0. -72.265 1.000 0.024 0. 23.153 0. 0. -1. 0.
-0.021 1.000 0. -72.228 1.000 0.021 0. 24.830 0. 0. -1. 0.
-0.008 1. 0. -72.180 1. 0.008 0. 26.515 0. 0. -1. 0.
-0.006 1. 0. -72.199 1. 0.006 0. 28.195 0. 0. -1. 0.
0.006 1. 0. -72.072 1. -0.006 -0. 29.931 0. 0. -1. 0.
0.020 1.000 0. -72.126 1.000 -0.020 -0. 31.637 0. 0. -1. 0.
0.048 0.999 0. -71.984 0.999 -0.048 -0. 33.474 0. 0. -1. 0.
0.074 0.997 0. -71.904 0.997 -0.074 -0. 35.295 0. 0. -1. 0.
0.104 0.995 0. -71.627 0.995 -0.104 -0. 37.144 0. 0. -1. 0.
0.131 0.991 0. -71.447 0.991 -0.131 -0. 38.963 0. 0. -1. 0.
0.156 0.988 0. -71.079 0.988 -0.156 -0. 40.793 0. 0. -1. 0.
0.171 0.985 0. -70.678 0.985 -0.171 -0. 42.667 0. 0. -1. 0.
0.171 0.985 0. -70.305 0.985 -0.171 -0. 44.530 0. 0. -1. 0.
0.175 0.985 0. -69.882 0.985 -0.175 -0. 46.607 0. 0. -1. 0.
0.170 0.985 0. -69.542 0.985 -0.170 -0. 48.497 0. 0. -1. 0.
0.152 0.988 0. -69.190 0.988 -0.152 -0. 50.309 0. 0. -1. 0.
0.120 0.993 0. -68.878 0.993 -0.120 -0. 52.332 0. 0. -1. 0.
0.093 0.996 0. -68.655 0.996 -0.093 -0. 54.472 0. 0. -1. 0.
0.074 0.997 0. -68.394 0.997 -0.074 -0. 56.551 0. 0. -1. 0.
0.050 0.999 0. -68.306 0.999 -0.050 -0. 58.558 0. 0. -1. 0.
0.026 1.000 0. -68.147 1.000 -0.026 -0. 60.607 0. 0. -1. 0.
0.008 1. 0. -68.115 1. -0.008 -0. 62.589 0. 0. -1. 0.
-0.005 1. 0. -68.073 1. 0.005 0. 64.692 0. 0. -1. 0.
-0.010 1. 0. -68.088 1. 0.010 0. 66.668 0. 0. -1. 0.
-0.006 1. 0. -68.021 1. 0.006 0. 68.617 0. 0. -1. 0.
-0.008 1. 0. -68.035 1. 0.008 0. 70.611 0. 0. -1. 0.
-0.008 1. 0. -68.026 1. 0.008 0. 72.551 0. 0. -1. 0.
-0.012 1. 0. -68.006 1. 0.012 0. 74.457 0. 0. -1. 0.
-0.014 1. 0. -67.991 1. 0.014 0. 76.325 0. 0. -1. 0.
-0.014 1. 0. -68.054 1. 0.014 0. 78.168 0. 0. -1. 0.
-0.027 1.000 0. -68.110 1.000 0.027 0. 79.846 0. 0. -1. 0.
-0.055 0.998 0. -68.124 0.998 0.055 0. 81.523 0. 0. -1. 0.
-0.096 0.995 0. -68.243 0.995 0.096 0. 83.175 0. 0. -1. 0.
-0.142 0.990 0. -68.373 0.990 0.142 0. 84.723 0. 0. -1. 0.
-0.217 0.976 0. -68.636 0.976 0.217 0. 86.222 0. 0. -1. 0.
-0.290 0.957 0. -69.121 0.957 0.290 0. 87.703 0. 0. -1. 0.
-0.378 0.926 0. -69.574 0.926 0.378 0. 89.113 0. 0. -1. 0.
-0.464 0.886 0. -70.191 0.886 0.464 0. 90.395 0. 0. -1. 0.
-0.539 0.842 0. -70.921 0.842 0.539 0. 91.636 0. 0. -1. 0.
-0.612 0.790 0. -71.809 0.790 0.612 0. 92.745 0. 0. -1. 0.
-0.688 0.726 0. -72.817 0.726 0.688 0. 93.813 0. 0. -1. 0.
-0.761 0.649 0. -73.826 0.649 0.761 0. 94.716 0. 0. -1. 0.
-0.818 0.575 0. -75.087 0.575 0.818 0. 95.586 0. 0. -1. 0.
-0.869 0.494 0. -76.139 0.494 0.869 0. 96.290 0. 0. -1. 0.
-0.906 0.423 0. -77.370 0.423 0.906 0. 96.733 0. 0. -1. 0.
-0.935 0.355 0. -78.603 0.355 0.935 0. 97.204 0. 0. -1. 0.
-0.956 0.293 0. -79.900 0.293 0.956 0. 97.666 0. 0. -1. 0.
-0.970 0.245 0. -81.205 0.245 0.970 0. 97.941 0. 0. -1. 0.
-0.977 0.213 0. -82.567 0.213 0.977 0. 98.241 0. 0. -1. 0.
-0.981 0.194 0. -83.877 0.194 0.981 0. 98.495 0. 0. -1. 0.
-0.981 0.192 0. -85.292 0.192 0.981 0. 98.820 0. 0. -1. 0.
-0.980 0.198 0. -86.727 0.198 0.980 0. 99.021 0. 0. -1. 0.
-0.976 0.219 0. -88.090 0.219 0.976 0. 99.368 0. 0. -1. 0.
-0.971 0.240 0. -89.494 0.240 0.971 0. 99.744 0. 0. -1. 0.
-0.963 0.270 0. -91.016 0.270 0.963 0. 100.180 0. 0. -1. 0.
-0.950 0.311 0. -92.475 0.311 0.950 0. 100.557 0. 0. -1. 0.
-0.932 0.362 0. -93.894 0.362 0.932 0. 101.231 0. 0. -1. 0.
-0.909 0.416 0. -95.212 0.416 0.909 0. 101.939 0. 0. -1. 0.
-0.881 0.473 0. -96.568 0.473 0.881 0. 102.789 0. 0. -1. 0.
-0.856 0.517 0. -97.872 0.517 0.856 0. 103.663 0. 0. -1. 0.
-0.829 0.559 0. -99.182 0.559 0.829 0. 104.529 0. 0. -1. 0.
-0.809 0.588 0. -100.531 0.588 0.809 0. 105.621 0. 0. -1. 0.
-0.792 0.611 0. -101.899 0.611 0.792 0. 106.618 0. 0. -1. 0.
-0.775 0.632 0. -103.234 0.632 0.775 0. 107.765 0. 0. -1. 0.
-0.763 0.646 0. -104.774 0.646 0.763 0. 108.807 0. 0. -1. 0.
-0.753 0.658 0. -105.964 0.658 0.753 0. 110.273 0. 0. -1. 0.
-0.750 0.662 0. -107.491 0.662 0.750 0. 111.347 0. 0. -1. 0.
-0.742 0.670 0. -108.788 0.670 0.742 0. 112.807 0. 0. -1. 0.
-0.734 0.679 0. -110.306 0.679 0.734 0. 113.907 0. 0. -1. 0.
-0.729 0.684 0. -111.512 0.684 0.729 0. 115.519 0. 0. -1. 0.
-0.722 0.692 0. -113.086 0.692 0.722 0. 116.695 0. 0. -1. 0.
-0.719 0.695 0. -114.384 0.695 0.719 0. 118.159 0. 0. -1. 0.
-0.717 0.697 0. -115.809 0.697 0.717 0. 119.591 0. 0. -1. 0.
-0.712 0.702 0. -117.189 0.702 0.712 0. 120.967 0. 0. -1. 0.
-0.713 0.701 0. -118.619 0.701 0.713 0. 122.339 0. 0. -1. 0.
-0.709 0.706 0. -119.893 0.706 0.709 0. 123.888 0. 0. -1. 0.
-0.705 0.710 0. -121.374 0.710 0.705 0. 125.199 0. 0. -1. 0.
-0.704 0.710 0. -122.683 0.710 0.704 0. 126.684 0. 0. -1. 0.
-0.707 0.707 0. -124.107 0.707 0.707 0. 128.035 0. 0. -1. 0.
-0.709 0.705 0. -125.487 0.705 0.709 0. 129.641 0. 0. -1. 0.
-0.709 0.705 0. -126.956 0.705 0.709 0. 131.023 0. 0. -1. 0.
-0.706 0.708 0. -128.311 0.708 0.706 0. 132.513 0. 0. -1. 0.
-0.707 0.707 0. -129.731 0.707 0.707 0. 133.963 0. 0. -1. 0.
-0.709 0.705 0. -131.137 0.705 0.709 0. 135.493 0. 0. -1. 0.
-0.708 0.706 0. -132.638 0.706 0.708 0. 136.936 0. 0. -1. 0.
-0.710 0.704 0. -133.986 0.704 0.710 0. 138.537 0. 0. -1. 0.
-0.709 0.705 0. -135.471 0.705 0.709 0. 139.988 0. 0. -1. 0.
-0.710 0.704 0. -136.849 0.704 0.710 0. 141.509 0. 0. -1. 0.
-0.705 0.709 0. -138.363 0.709 0.705 0. 143.048 0. 0. -1. 0.
-0.701 0.713 0. -139.794 0.713 0.701 0. 144.607 0. 0. -1. 0.
-0.701 0.713 0. -141.220 0.713 0.701 0. 146.170 0. 0. -1. 0.
-0.694 0.720 0. -142.739 0.720 0.694 0. 147.798 0. 0. -1. 0.
-0.688 0.726 0. -144.205 0.726 0.688 0. 149.378 0. 0. -1. 0.
-0.679 0.735 0. -145.766 0.735 0.679 0. 151.007 0. 0. -1. 0.
-0.670 0.742 0. -147.218 0.742 0.670 0. 152.804 0. 0. -1. 0.
-0.662 0.750 0. -148.757 0.750 0.662 0. 154.469 0. 0. -1. 0.
-0.643 0.766 0. -150.245 0.766 0.643 0. 156.313 0. 0. -1. 0.
-0.626 0.779 0. -151.628 0.779 0.626 0. 158.072 0. 0. -1. 0.
-0.607 0.795 0. -153.006 0.795 0.607 0. 159.913 0. 0. -1. 0.
-0.582 0.813 0. -154.303 0.813 0.582 0. 161.806 0. 0. -1. 0.
-0.559 0.829 0. -155.442 0.829 0.559 0. 163.804 0. 0. -1. 0.
-0.530 0.848 0. -156.799 0.848 0.530 0. 165.722 0. 0. -1. 0.
-0.494 0.869 0. -157.988 0.869 0.494 0. 167.746 0. 0. -1. 0.
-0.454 0.891 0. -159.080 0.891 0.454 0. 169.783 0. 0. -1. 0.
-0.416 0.909 0. -159.650 0.909 0.416 0. 172.044 0. 0. -1. 0.
-0.379 0.925 0. -160.809 0.925 0.379 0. 174.084 0. 0. -1. 0.
-0.336 0.942 0. -161.580 0.942 0.336 0. 176.317 0. 0. -1. 0.
-0.292 0.956 0. -162.091 0.956 0.292 0. 178.576 0. 0. -1. 0.
-0.255 0.967 0. -162.583 0.967 0.255 0. 180.883 0. 0. -1. 0.
-0.220 0.976 0. -163.126 0.976 0.220 0. 183.190 0. 0. -1. 0.
-0.194 0.981 0. -163.806 0.981 0.194 0. 185.508 0. 0. -1. 0.
-0.178 0.984 0. -163.822 0.984 0.178 0. 187.893 0. 0. -1. 0.
-0.159 0.987 0. -164.251 0.987 0.159 0. 190.238 0. 0. -1. 0.
-0.152 0.988 0. -164.534 0.988 0.152 0. 192.636 0. 0. -1. 0.
-0.147 0.989 0. -164.926 0.989 0.147 0. 195.020 0. 0. -1. 0.
-0.145 0.989 0. -165.254 0.989 0.145 0. 197.388 0. 0. -1. 0.
-0.146 0.989 0. -165.469 0.989 0.146 0. 199.786 0. 0. -1. 0.
-0.143 0.990 0. -165.797 0.990 0.143 0. 202.083 0. 0. -1. 0.
-0.141 0.990 0. -166.018 0.990 0.141 0. 204.399 0. 0. -1. 0.
-0.152 0.988 0. -166.336 0.988 0.152 0. 206.729 0. 0. -1. 0.
-0.167 0.986 0. -166.678 0.986 0.167 0. 208.985 0. 0. -1. 0.
-0.182 0.983 0. -167.083 0.983 0.182 0. 211.210 0. 0. -1. 0.
-0.207 0.978 0. -167.391 0.978 0.207 0. 213.408 0. 0. -1. 0.
-0.236 0.972 0. -167.963 0.972 0.236 0. 215.493 0. 0. -1. 0.
-0.279 0.960 0. -168.333 0.960 0.279 0. 217.650 0. 0. -1. 0.
-0.323 0.946 0. -168.948 0.946 0.323 0. 219.636 0. 0. -1. 0.
-0.374 0.928 0. -169.893 0.928 0.374 0. 221.584 0. 0. -1. 0.
-0.435 0.900 0. -170.490 0.900 0.435 0. 223.530 0. 0. -1. 0.
-0.494 0.869 0. -171.571 0.869 0.494 0. 225.292 0. 0. -1. 0.
-0.560 0.828 0. -172.611 0.828 0.560 0. 226.949 0. 0. -1. 0.
-0.619 0.785 0. -173.911 0.785 0.619 0. 228.507 0. 0. -1. 0.
-0.677 0.736 0. -175.158 0.736 0.677 0. 230.006 0. 0. -1. 0.
-0.732 0.681 0. -176.598 0.681 0.732 0. 231.382 0. 0. -1. 0.
-0.782 0.623 0. -178.134 0.623 0.782 0. 232.638 0. 0. -1. 0.
-0.830 0.558 0. -179.955 0.558 0.830 0. 233.685 0. 0. -1. 0.
-0.870 0.493 0. -181.617 0.493 0.870 0. 234.779 0. 0. -1. 0.
-0.903 0.429 0. -183.454 0.429 0.903 0. 235.599 0. 0. -1. 0.
-0.926 0.378 0. -185.242 0.378 0.926 0. 236.445 0. 0. -1. 0.
-0.939 0.344 0. -187.157 0.344 0.939 0. 237.259 0. 0. -1. 0.
-0.951 0.310 0. -189.011 0.310 0.951 0. 238.060 0. 0. -1. 0.
-0.958 0.286 0. -191.028 0.286 0.958 0. 238.739 0. 0. -1. 0.
-0.962 0.274 0. -193.174 0.274 0.962 0. 239.298 0. 0. -1. 0.
-0.963 0.269 0. -195.206 0.269 0.963 0. 239.960 0. 0. -1. 0.
-0.965 0.264 0. -197.327 0.264 0.965 0. 240.551 0. 0. -1. 0.
-0.965 0.262 0. -199.457 0.262 0.965 0. 241.197 0. 0. -1. 0.
-0.967 0.256 0. -201.636 0.256 0.967 0. 241.848 0. 0. -1. 0.
-0.966 0.257 0. -203.949 0.257 0.966 0. 242.434 0. 0. -1. 0.
-0.965 0.262 0. -206.034 0.262 0.965 0. 243.071 0. 0. -1. 0.
-0.964 0.265 0. -208.183 0.265 0.964 0. 243.670 0. 0. -1. 0.
-0.966 0.260 0. -210.364 0.260 0.966 0. 244.262 0. 0. -1. 0.
-0.967 0.256 0. -212.525 0.256 0.967 0. 244.880 0. 0. -1. 0.
-0.969 0.246 0. -214.674 0.246 0.969 0. 245.441 0. 0. -1. 0.
-0.971 0.241 0. -216.864 0.241 0.971 0. 246.050 0. 0. -1. 0.
-0.969 0.246 0. -218.867 0.246 0.969 0. 246.606 0. 0. -1. 0.
-0.970 0.245 0. -220.844 0.245 0.970 0. 247.095 0. 0. -1. 0.
-0.970 0.245 0. -222.820 0.245 0.970 0. 247.590 0. 0. -1. 0.
-0.969 0.247 0. -224.823 0.247 0.969 0. 248.107 0. 0. -1. 0.
-0.966 0.257 0. -226.647 0.257 0.966 0. 248.677 0. 0. -1. 0.
-0.964 0.265 0. -228.422 0.265 0.964 0. 249.168 0. 0. -1. 0.
-0.962 0.273 0. -230.269 0.273 0.962 0. 249.696 0. 0. -1. 0.
-0.959 0.285 0. -231.936 0.285 0.959 0. 250.174 0. 0. -1. 0.
-0.954 0.299 0. -233.547 0.299 0.954 0. 250.739 0. 0. -1. 0.
-0.947 0.322 0. -235.187 0.322 0.947 0. 251.244 0. 0. -1. 0.
-0.938 0.348 0. -236.570 0.348 0.938 0. 251.951 0. 0. -1. 0.
-0.925 0.381 0. -237.996 0.381 0.925 0. 252.455 0. 0. -1. 0.
-0.911 0.412 0. -239.320 0.412 0.911 0. 253.174 0. 0. -1. 0.
-0.902 0.431 0. -240.603 0.431 0.902 0. 253.830 0. 0. -1. 0.
-0.896 0.443 0. -241.860 0.443 0.896 0. 254.484 0. 0. -1. 0.
-0.897 0.441 0. -243.190 0.441 0.897 0. 255.132 0. 0. -1. 0.
-0.901 0.434 0. -244.498 0.434 0.901 0. 255.795 0. 0. -1. 0.
-0.906 0.424 0. -245.845 0.424 0.906 0. 256.435 0. 0. -1. 0.
-0.909 0.416 0. -247.097 0.416 0.909 0. 256.975 0. 0. -1. 0.
-0.913 0.408 0. -248.267 0.408 0.913 0. 257.576 0. 0. -1. 0.
-0.917 0.399 0. -249.286 0.399 0.917 0. 258.089 0. 0. -1. 0.
-0.920 0.393 0. -250.490 0.393 0.920 0. 258.614 0. 0. -1. 0.
-0.921 0.390 0. -251.494 0.390 0.921 0. 259.077 0. 0. -1. 0.
-0.921 0.388 0. -252.466 0.388 0.921 0. 259.555 0. 0. -1. 0.
-0.922 0.386 0. -253.353 0.386 0.922 0. 259.848 0. 0. -1. 0.
-0.920 0.391 0. -254.270 0.391 0.920 0. 260.216 0. 0. -1. 0.
-0.915 0.404 0. -255.213 0.404 0.915 0. 260.680 0. 0. -1. 0.
-0.905 0.426 0. -255.931 0.426 0.905 0. 261.125 0. 0. -1. 0.
-0.890 0.455 0. -256.758 0.455 0.890 0. 261.531 0. 0. -1. 0.
-0.873 0.488 0. -257.428 0.488 0.873 0. 261.943 0. 0. -1. 0.
-0.852 0.524 0. -258.217 0.524 0.852 0. 262.362 0. 0. -1. 0.
-0.823 0.567 0. -258.857 0.567 0.823 0. 262.852 0. 0. -1. 0.
-0.788 0.616 0. -259.479 0.616 0.788 0. 263.345 0. 0. -1. 0.
-0.742 0.671 0. -260.003 0.671 0.742 0. 263.883 0. 0. -1. 0.
-0.686 0.728 0. -260.503 0.728 0.686 0. 264.435 0. 0. -1. 0.
-0.624 0.781 0. -261.021 0.781 0.624 0. 265.106 0. 0. -1. 0.
-0.556 0.831 0. -261.337 0.831 0.556 0. 265.852 0. 0. -1. 0.
-0.479 0.878 0. -261.704 0.878 0.479 0. 266.649 0. 0. -1. 0.
-0.375 0.927 0. -262.045 0.927 0.375 0. 267.643 0. 0. -1. 0.
-0.274 0.962 0. -262.277 0.962 0.274 0. 268.586 0. 0. -1. 0.
-0.172 0.985 0. -262.390 0.985 0.172 0. 269.671 0. 0. -1. 0.
-0.092 0.996 0. -262.507 0.996 0.092 0. 270.886 0. 0. -1. 0.
-0.016 1.000 0. -262.541 1.000 0.016 0. 272.219 0. 0. -1. 0.
0.040 0.999 0. -262.312 0.999 -0.040 -0. 273.570 0. 0. -1. 0.
0.077 0.997 0. -262.261 0.997 -0.077 -0. 275.150 0. 0. -1. 0.
0.102 0.995 0. -261.999 0.995 -0.102 -0. 276.765 0. 0. -1. 0.
0.126 0.992 0. -261.792 0.992 -0.126 -0. 278.495 0. 0. -1. 0.
0.153 0.988 0. -261.501 0.988 -0.153 -0. 280.260 0. 0. -1. 0.
0.169 0.986 0. -261.024 0.986 -0.169 -0. 282.162 0. 0. -1. 0.
0.183 0.983 0. -260.612 0.983 -0.183 -0. 284.234 0. 0. -1. 0.
0.192 0.981 0. -260.283 0.981 -0.192 -0. 286.187 0. 0. -1. 0.
0.204 0.979 0. -259.841 0.979 -0.204 -0. 288.165 0. 0. -1. 0.
0.208 0.978 0. -259.345 0.978 -0.208 -0. 290.223 0. 0. -1. 0.
0.210 0.978 0. -258.824 0.978 -0.210 -0. 292.470 0. 0. -1. 0.
0.219 0.976 0. -258.205 0.976 -0.219 -0. 294.635 0. 0. -1. 0.
0.220 0.976 0. -257.673 0.976 -0.220 -0. 296.898 0. 0. -1. 0.
0.219 0.976 0. -257.095 0.976 -0.219 -0. 299.265 0. 0. -1. 0.
0.216 0.976 0. -256.519 0.976 -0.216 -0. 301.654 0. 0. -1. 0.
0.219 0.976 0. -255.931 0.976 -0.219 -0. 304.191 0. 0. -1. 0.
0.222 0.975 0. -255.252 0.975 -0.222 -0. 306.634 0. 0. -1. 0.
0.229 0.974 0. -254.712 0.974 -0.229 -0. 309.234 0. 0. -1. 0.
0.229 0.973 0. -254.025 0.973 -0.229 -0. 311.867 0. 0. -1. 0.
0.227 0.974 0. -253.276 0.974 -0.227 -0. 314.641 0. 0. -1. 0.
0.228 0.974 0. -252.553 0.974 -0.228 -0. 317.369 0. 0. -1. 0.
0.236 0.972 0. -251.913 0.972 -0.236 -0. 320.107 0. 0. -1. 0.
0.236 0.972 0. -251.169 0.972 -0.236 -0. 322.969 0. 0. -1. 0.
0.233 0.972 0. -250.424 0.972 -0.233 -0. 325.888 0. 0. -1. 0.
0.234 0.972 0. -249.625 0.972 -0.234 -0. 328.878 0. 0. -1. 0.
0.230 0.973 0. -248.773 0.973 -0.230 -0. 331.910 0. 0. -1. 0.
0.236 0.972 0. -248.143 0.972 -0.236 -0. 335.089 0. 0. -1. 0.
0.237 0.972 0. -247.180 0.972 -0.237 -0. 338.054 0. 0. -1. 0.
0.234 0.972 0. -246.537 0.972 -0.234 -0. 341.273 0. 0. -1. 0.
0.233 0.972 0. -245.585 0.972 -0.233 -0. 344.391 0. 0. -1. 0.
0.229 0.974 0. -244.788 0.974 -0.229 -0. 347.639 0. 0. -1. 0.
0.229 0.973 0. -243.834 0.973 -0.229 -0. 350.868 0. 0. -1. 0.
0.230 0.973 0. -243.374 0.973 -0.230 -0. 354.192 0. 0. -1. 0.
0.226 0.974 0. -242.339 0.974 -0.226 -0. 357.537 0. 0. -1. 0.
0.225 0.974 0. -241.531 0.974 -0.225 -0. 360.896 0. 0. -1. 0.
0.227 0.974 0. -240.604 0.974 -0.227 -0. 364.221 0. 0. -1. 0.
0.225 0.974 0. -239.899 0.974 -0.225 -0. 367.617 0. 0. -1. 0.
0.226 0.974 0. -238.999 0.974 -0.226 -0. 370.990 0. 0. -1. 0.
0.227 0.974 0. -238.122 0.974 -0.227 -0. 374.490 0. 0. -1. 0.
0.234 0.972 0. -237.286 0.972 -0.234 -0. 377.884 0. 0. -1. 0.
0.229 0.974 0. -236.263 0.974 -0.229 -0. 381.341 0. 0. -1. 0.
0.229 0.973 0. -235.478 0.973 -0.229 -0. 384.784 0. 0. -1. 0.
0.224 0.975 0. -234.538 0.975 -0.224 -0. 388.295 0. 0. -1. 0.
0.223 0.975 0. -233.686 0.975 -0.223 -0. 391.791 0. 0. -1. 0.
0.231 0.973 0. -232.842 0.973 -0.231 -0. 395.253 0. 0. -1. 0.
0.224 0.975 0. -231.927 0.975 -0.224 -0. 398.717 0. 0. -1. 0.
0.218 0.976 0. -231.096 0.976 -0.218 -0. 402.172 0. 0. -1. 0.
0.219 0.976 0. -230.423 0.976 -0.219 -0. 405.660 0. 0. -1. 0.
0.220 0.976 0. -229.542 0.976 -0.220 -0. 408.857 0. 0. -1. 0.
0.221 0.975 0. -228.760 0.975 -0.221 -0. 412.053 0. 0. -1. 0.
0.216 0.976 0. -228.017 0.976 -0.216 -0. 415.127 0. 0. -1. 0.
0.216 0.976 0. -227.233 0.976 -0.216 -0. 418.158 0. 0. -1. 0.
0.219 0.976 0. -226.579 0.976 -0.219 -0. 421.063 0. 0. -1. 0.
0.220 0.976 0. -225.859 0.976 -0.220 -0. 423.933 0. 0. -1. 0.
0.216 0.976 0. -225.166 0.976 -0.216 -0. 426.701 0. 0. -1. 0.
0.213 0.977 0. -224.533 0.977 -0.213 -0. 429.430 0. 0. -1. 0.
0.211 0.977 0. -223.861 0.977 -0.211 -0. 431.991 0. 0. -1. 0.
0.220 0.975 0. -223.299 0.975 -0.220 -0. 434.590 0. 0. -1. 0.
0.221 0.975 0. -222.717 0.975 -0.221 -0. 437.012 0. 0. -1. 0.
0.221 0.975 0. -222.149 0.975 -0.221 -0. 439.355 0. 0. -1. 0.
0.220 0.975 0. -221.540 0.975 -0.220 -0. 441.616 0. 0. -1. 0.
0.222 0.975 0. -220.972 0.975 -0.222 -0. 443.714 0. 0. -1. 0.
0.219 0.976 0. -220.408 0.976 -0.219 -0. 445.793 0. 0. -1. 0.
0.225 0.974 0. -219.967 0.974 -0.225 -0. 447.710 0. 0. -1. 0.
0.224 0.975 0. -219.489 0.975 -0.224 -0. 449.504 0. 0. -1. 0.
0.220 0.975 0. -219.112 0.975 -0.220 -0. 451.234 0. 0. -1. 0.
0.214 0.977 0. -218.731 0.977 -0.214 -0. 452.860 0. 0. -1. 0.
0.221 0.975 0. -218.386 0.975 -0.221 -0. 454.346 0. 0. -1. 0.
0.218 0.976 0. -218.024 0.976 -0.218 -0. 455.695 0. 0. -1. 0.
0.209 0.978 0. -217.755 0.978 -0.209 -0. 456.998 0. 0. -1. 0.
0.217 0.976 0. -217.492 0.976 -0.217 -0. 458.186 0. 0. -1. 0.
0.221 0.975 0. -217.185 0.975 -0.221 -0. 459.205 0. 0. -1. 0.
0.217 0.976 0. -216.969 0.976 -0.217 -0. 460.178 0. 0. -1. 0.
0.218 0.976 0. -216.790 0.976 -0.218 -0. 461.080 0. 0. -1. 0.
0.218 0.976 0. -216.654 0.976 -0.218 -0. 461.894 0. 0. -1. 0.
0.218 0.976 0. -216.367 0.976 -0.218 -0. 462.575 0. 0. -1. 0.
0.220 0.976 0. -216.227 0.976 -0.220 -0. 463.247 0. 0. -1. 0.
0.222 0.975 0. -216.085 0.975 -0.222 -0. 463.868 0. 0. -1. 0.
0.221 0.975 0. -215.929 0.975 -0.221 -0. 464.373 0. 0. -1. 0.
0.227 0.974 0. -215.863 0.974 -0.227 -0. 464.933 0. 0. -1. 0.
0.225 0.974 0. -215.740 0.974 -0.225 -0. 465.423 0. 0. -1. 0.
0.228 0.974 0. -215.599 0.974 -0.228 -0. 466.012 0. 0. -1. 0.
0.224 0.975 0. -215.538 0.975 -0.224 -0. 466.409 0. 0. -1. 0.
0.228 0.974 0. -215.336 0.974 -0.228 -0. 466.857 0. 0. -1. 0.
0.229 0.973 0. -215.288 0.973 -0.229 -0. 467.188 0. 0. -1. 0.
0.228 0.974 0. -215.136 0.974 -0.228 -0. 467.580 0. 0. -1. 0.
0.230 0.973 0. -215.084 0.973 -0.230 -0. 467.892 0. 0. -1. 0.
0.230 0.973 0. -214.995 0.973 -0.230 -0. 468.133 0. 0. -1. 0.
0.233 0.972 0. -214.978 0.972 -0.233 -0. 468.390 0. 0. -1. 0.
0.231 0.973 0. -214.920 0.973 -0.231 -0. 468.596 0. 0. -1. 0.
0.230 0.973 0. -214.855 0.973 -0.230 -0. 468.790 0. 0. -1. 0.
0.229 0.973 0. -214.783 0.973 -0.229 -0. 468.878 0. 0. -1. 0.
0.231 0.973 0. -214.810 0.973 -0.231 -0. 469.043 0. 0. -1. 0.
0.230 0.973 0. -214.761 0.973 -0.230 -0. 469.066 0. 0. -1. 0.
0.228 0.974 0. -214.762 0.974 -0.228 -0. 469.115 0. 0. -1. 0.
0.227 0.974 0. -214.783 0.974 -0.227 -0. 469.194 0. 0. -1. 0.
0.230 0.973 0. -214.710 0.973 -0.230 -0. 469.227 0. 0. -1. 0.
0.230 0.973 0. -214.786 0.973 -0.230 -0. 469.158 0. 0. -1. 0.
0.230 0.973 0. -214.717 0.973 -0.230 -0. 469.240 0. 0. -1. 0.
0.232 0.973 0. -214.776 0.973 -0.232 -0. 469.168 0. 0. -1. 0.
0.232 0.973 0. -214.776 0.973 -0.232 -0. 469.150 0. 0. -1. 0.
0.230 0.973 0. -214.764 0.973 -0.230 -0. 469.192 0. 0. -1. 0.
0.230 0.973 0. -214.769 0.973 -0.230 -0. 469.181 0. 0. -1. 0.
0.229 0.973 0. -214.769 0.973 -0.229 -0. 469.187 0. 0. -1. 0.
0.232 0.973 0. -214.769 0.973 -0.232 -0. 469.195 0. 0. -1. 0.
0.231 0.973 0. -214.731 0.973 -0.231 -0. 469.188 0. 0. -1. 0.
0.236 0.972 0. -214.768 0.972 -0.236 -0. 469.193 0. 0. -1. 0.
0.237 0.972 0. -214.772 0.972 -0.237 -0. 469.157 0. 0. -1. 0.
0.233 0.972 0. -214.764 0.972 -0.233 -0. 469.181 0. 0. -1. 0.
0.231 0.973 0. -214.719 0.973 -0.231 -0. 469.234 0. 0. -1. 0.
0.233 0.972 0. -214.763 0.972 -0.233 -0. 469.174 0. 0. -1. 0.
0.230 0.973 0. -214.771 0.973 -0.230 -0. 469.153 0. 0. -1. 0.
0.230 0.973 0. -214.751 0.973 -0.230 -0. 469.211 0. 0. -1. 0.
0.227 0.974 0. -214.754 0.974 -0.227 -0. 469.173 0. 0. -1. 0.
0.228 0.974 0. -214.778 0.974 -0.228 -0. 469.186 0. 0. -1. 0.
0.233 0.973 0. -214.772 0.973 -0.233 -0. 469.209 0. 0. -1. 0.
0.228 0.974 0. -214.732 0.974 -0.228 -0. 469.142 0. 0. -1. 0.
0.229 0.973 0. -214.737 0.973 -0.229 -0. 469.209 0. 0. -1. 0.
0.231 0.973 0. -214.717 0.973 -0.231 -0. 469.226 0. 0. -1. 0.
0.230 0.973 0. -214.696 0.973 -0.230 -0. 469.207 0. 0. -1. 0.
0.230 0.973 0. -214.708 0.973 -0.230 -0. 469.185 0. 0. -1. 0.
0.234 0.972 0. -214.798 0.972 -0.234 -0. 469.169 0. 0. -1. 0.
0.235 0.972 0. -214.776 0.972 -0.235 -0. 469.174 0. 0. -1. 0.
0.236 0.972 0. -214.770 0.972 -0.236 -0. 469.174 0. 0. -1. 0.
0.230 0.973 0. -214.705 0.973 -0.230 -0. 469.201 0. 0. -1. 0.
0.227 0.974 0. -214.753 0.974 -0.227 -0. 469.195 0. 0. -1. 0.
0.229 0.974 0. -214.718 0.974 -0.229 -0. 469.209 0. 0. -1. 0.
0.230 0.973 0. -214.702 0.973 -0.230 -0. 469.212 0. 0. -1. 0.
0.236 0.972 0. -214.794 0.972 -0.236 -0. 469.175 0. 0. -1. 0.
0.236 0.972 0. -214.791 0.972 -0.236 -0. 469.148 0. 0. -1. 0.
0.232 0.973 0. -214.767 0.973 -0.232 -0. 469.188 0. 0. -1. 0.
0.233 0.972 0. -214.770 0.972 -0.233 -0. 469.198 0. 0. -1. 0.
0.232 0.973 0. -214.764 0.973 -0.232 -0. 469.160 0. 0. -1. 0.
0.230 0.973 0. -214.764 0.973 -0.230 -0. 469.192 0. 0. -1. 0.
0.230 0.973 0. -214.718 0.973 -0.230 -0. 469.214 0. 0. -1. 0.
0.234 0.972 0. -214.791 0.972 -0.234 -0. 469.148 0. 0. -1. 0.
0.229 0.973 0. -214.765 0.973 -0.229 -0. 469.173 0. 0. -1. 0.
0.231 0.973 0. -214.754 0.973 -0.231 -0. 469.214 0. 0. -1. 0.
0.229 0.973 0. -214.742 0.973 -0.229 -0. 469.176 0. 0. -1. 0.
0.227 0.974 0. -214.741 0.974 -0.227 -0. 469.166 0. 0. -1. 0.
0.232 0.973 0. -214.755 0.973 -0.232 -0. 469.213 0. 0. -1. 0.
0.227 0.974 0. -214.738 0.974 -0.227 -0. 469.165 0. 0. -1. 0.
0.228 0.974 0. -214.771 0.974 -0.228 -0. 469.225 0. 0. -1. 0.
0.230 0.973 0. -214.712 0.973 -0.230 -0. 469.242 0. 0. -1. 0.
0.231 0.973 0. -214.776 0.973 -0.231 -0. 469.190 0. 0. -1. 0.
0.228 0.974 0. -214.765 0.974 -0.228 -0. 469.265 0. 0. -1. 0.
0.227 0.974 0. -214.755 0.974 -0.227 -0. 469.252 0. 0. -1. 0.
0.229 0.973 0. -214.707 0.973 -0.229 -0. 469.292 0. 0. -1. 0.
0.229 0.973 0. -214.697 0.973 -0.229 -0. 469.300 0. 0. -1. 0.
0.231 0.973 0. -214.759 0.973 -0.231 -0. 469.292 0. 0. -1. 0.
0.231 0.973 0. -214.729 0.973 -0.231 -0. 469.284 0. 0. -1. 0.
0.230 0.973 0. -214.684 0.973 -0.230 -0. 469.340 0. 0. -1. 0.
0.229 0.973 0. -214.692 0.973 -0.229 -0. 469.359 0. 0. -1. 0.
0.234 0.972 0. -214.738 0.972 -0.234 -0. 469.338 0. 0. -1. 0.
0.232 0.973 0. -214.720 0.973 -0.232 -0. 469.341 0. 0. -1. 0.
0.230 0.973 0. -214.735 0.973 -0.230 -0. 469.383 0. 0. -1. 0.
0.235 0.972 0. -214.732 0.972 -0.235 -0. 469.362 0. 0. -1. 0.
0.234 0.972 0. -214.739 0.972 -0.234 -0. 469.379 0. 0. -1. 0.
0.233 0.972 0. -214.728 0.972 -0.233 -0. 469.352 0. 0. -1. 0.
0.229 0.973 0. -214.720 0.973 -0.229 -0. 469.331 0. 0. -1. 0.
0.229 0.973 0. -214.726 0.973 -0.229 -0. 469.362 0. 0. -1. 0.
0.233 0.972 0. -214.736 0.972 -0.233 -0. 469.332 0. 0. -1. 0.
0.228 0.974 0. -214.740 0.974 -0.228 -0. 469.339 0. 0. -1. 0.
0.230 0.973 0. -214.743 0.973 -0.230 -0. 469.357 0. 0. -1. 0.
0.231 0.973 0. -214.704 0.973 -0.231 -0. 469.343 0. 0. -1. 0.
0.233 0.972 0. -214.717 0.972 -0.233 -0. 469.359 0. 0. -1. 0.
0.230 0.973 0. -214.726 0.973 -0.230 -0. 469.380 0. 0. -1. 0.
0.229 0.973 0. -214.674 0.973 -0.229 -0. 469.499 0. 0. -1. 0.
0.230 0.973 0. -214.620 0.973 -0.230 -0. 469.624 0. 0. -1. 0.
0.230 0.973 0. -214.568 0.973 -0.230 -0. 469.816 0. 0. -1. 0.
0.233 0.973 0. -214.569 0.973 -0.233 -0. 470.092 0. 0. -1. 0.
0.228 0.974 0. -214.428 0.974 -0.228 -0. 470.542 0. 0. -1. 0.
0.226 0.974 0. -214.301 0.974 -0.226 -0. 471.077 0. 0. -1. 0.
0.232 0.973 0. -214.188 0.973 -0.232 -0. 471.715 0. 0. -1. 0.
0.232 0.973 0. -213.978 0.973 -0.232 -0. 472.497 0. 0. -1. 0.
0.234 0.972 0. -213.801 0.972 -0.234 -0. 473.377 0. 0. -1. 0.
0.235 0.972 0. -213.556 0.972 -0.235 -0. 474.360 0. 0. -1. 0.
