1564718064522290 0.99929 0.03780 -0.00000 -3.31059 -0.03780 0.99929 0.00000 -0.09075 0.00000 -0.00000 1.00000 0.00000
1564718064773446 0.99920 0.04005 -0.00000 -4.01193 -0.04005 0.99920 0.00000 -0.06835 0.00000 -0.00000 1.00000 0.00000
1564718065024058 0.99918 0.04047 -0.00000 -4.81396 -0.04047 0.99918 0.00000 -0.06458 0.00000 -0.00000 1.00000 0.00000
1564718065275160 0.99903 0.04399 -0.00000 -5.66924 -0.04399 0.99903 0.00000 -0.07771 0.00000 -0.00000 1.00000 0.00000
1564718065526095 0.99892 0.04647 -0.00000 -6.58971 -0.04647 0.99892 0.00000 -0.06409 0.00000 -0.00000 1.00000 0.00000
1564718065777085 0.99877 0.04950 -0.00000 -7.57997 -0.04950 0.99877 0.00000 -0.05101 0.00000 -0.00000 1.00000 0.00000
1564718066027766 0.99863 0.05223 -0.00000 -8.64682 -0.05223 0.99863 0.00000 -0.04821 0.00000 -0.00000 1.00000 0.00000
1564718066277853 0.99848 0.05512 -0.00000 -9.77368 -0.05512 0.99848 0.00000 -0.04621 0.00000 -0.00000 1.00000 0.00000
1564718066529443 0.99831 0.05809 -0.00000 -10.95867 -0.05809 0.99831 0.00000 -0.02438 0.00000 -0.00000 1.00000 0.00000
1564718066780102 0.99812 0.06133 -0.00000 -12.25428 -0.06133 0.99812 0.00000 0.03041 0.00000 -0.00000 1.00000 0.00000
1564718067031026 0.99788 0.06508 -0.00000 -13.59259 -0.06508 0.99788 0.00000 0.04075 0.00000 -0.00000 1.00000 0.00000
1564718067281601 0.99776 0.06694 -0.00000 -15.03015 -0.06694 0.99776 0.00000 0.08833 0.00000 -0.00000 1.00000 0.00000
1564718067532607 0.99765 0.06855 -0.00000 -16.50760 -0.06855 0.99765 0.00000 0.07792 0.00000 -0.00000 1.00000 0.00000
1564718067783895 0.99751 0.07052 -0.00000 -18.08689 -0.07052 0.99751 0.00000 0.13258 0.00000 -0.00000 1.00000 0.00000
1564718068034450 0.99742 0.07174 -0.00000 -19.69545 -0.07174 0.99742 0.00000 0.14344 0.00000 -0.00000 1.00000 0.00000
1564718068285200 0.99754 0.07016 -0.00000 -21.40288 -0.07016 0.99754 0.00000 0.07387 0.00000 -0.00000 1.00000 0.00000
1564718068536768 0.99777 0.06668 -0.00000 -23.13890 -0.06668 0.99777 0.00000 -0.00618 0.00000 -0.00000 1.00000 0.00000
1564718068787068 0.99802 0.06284 -0.00000 -24.97586 -0.06284 0.99802 0.00000 -0.09169 0.00000 -0.00000 1.00000 0.00000
1564718069037566 0.99825 0.05910 -0.00000 -26.85252 -0.05910 0.99825 0.00000 -0.17932 0.00000 -0.00000 1.00000 0.00000
1564718069288272 0.99859 0.05305 -0.00000 -28.79574 -0.05305 0.99859 0.00000 -0.30129 0.00000 -0.00000 1.00000 0.00000
1564718069538701 0.99861 0.05271 -0.00000 -30.80219 -0.05271 0.99861 0.00000 -0.35996 0.00000 -0.00000 1.00000 0.00000
1564718069789653 0.99871 0.05085 -0.00000 -32.87026 -0.05085 0.99871 0.00000 -0.38195 0.00000 -0.00000 1.00000 0.00000
1564718070040274 0.99860 0.05282 -0.00000 -34.99814 -0.05282 0.99860 0.00000 -0.36947 0.00000 -0.00000 1.00000 0.00000
1564718070290894 0.99866 0.05177 -0.00000 -37.16471 -0.05177 0.99866 0.00000 -0.38813 0.00000 -0.00000 1.00000 0.00000
1564718070541490 0.99864 0.05219 -0.00000 -39.43013 -0.05219 0.99864 0.00000 -0.37068 0.00000 -0.00000 1.00000 0.00000
1564718070792569 0.99844 0.05576 -0.00000 -41.72052 -0.05576 0.99844 0.00000 -0.24424 0.00000 -0.00000 1.00000 0.00000
1564718071043130 0.99800 0.06319 -0.00000 -44.06317 -0.06319 0.99800 0.00000 0.10170 0.00000 -0.00000 1.00000 0.00000
1564718071294492 0.99750 0.07066 -0.00000 -46.48212 -0.07066 0.99750 0.00000 0.39661 0.00000 -0.00000 1.00000 0.00000
1564718071544659 0.99679 0.08009 -0.00000 -48.92426 -0.08009 0.99679 0.00000 0.85547 0.00000 -0.00000 1.00000 0.00000
1564718071794910 0.99603 0.08906 -0.00000 -51.41402 -0.08906 0.99603 0.00000 1.30914 0.00000 -0.00000 1.00000 0.00000
1564718072045313 0.99502 0.09966 -0.00000 -53.98605 -0.09966 0.99502 0.00000 1.79202 0.00000 -0.00000 1.00000 0.00000
1564718072295742 0.99353 0.11355 -0.00000 -56.53401 -0.11355 0.99353 0.00000 2.56799 0.00000 -0.00000 1.00000 0.00000
1564718072545539 0.99218 0.12478 -0.00000 -59.20931 -0.12478 0.99218 0.00000 3.16487 0.00000 -0.00000 1.00000 0.00000
1564718072796155 0.99031 0.13890 -0.00000 -61.80373 -0.13890 0.99031 0.00000 4.02140 0.00000 -0.00000 1.00000 0.00000
1564718073048253 0.98873 0.14971 -0.00000 -64.48798 -0.14971 0.98873 0.00000 4.65361 0.00000 -0.00000 1.00000 0.00000
1564718073299128 0.98742 0.15813 -0.00000 -67.27841 -0.15813 0.98742 0.00000 5.21894 0.00000 -0.00000 1.00000 0.00000
1564718073550171 0.98663 0.16300 -0.00000 -70.04963 -0.16300 0.98663 0.00000 5.52830 0.00000 -0.00000 1.00000 0.00000
1564718073800215 0.98646 0.16402 -0.00000 -72.97910 -0.16402 0.98646 0.00000 5.62112 0.00000 -0.00000 1.00000 0.00000
1564718074050237 0.98653 0.16358 -0.00000 -75.92912 -0.16358 0.98653 0.00000 5.58323 0.00000 -0.00000 1.00000 0.00000
1564718074301135 0.98748 0.15774 -0.00000 -79.00621 -0.15774 0.98748 0.00000 5.15540 0.00000 -0.00000 1.00000 0.00000
1564718074551084 0.98785 0.15544 -0.00000 -81.94645 -0.15544 0.98785 0.00000 5.06626 0.00000 -0.00000 1.00000 0.00000
1564718074801932 0.98912 0.14708 -0.00000 -85.18801 -0.14708 0.98912 0.00000 4.35163 0.00000 -0.00000 1.00000 0.00000
1564718075052888 0.99000 0.14103 -0.00000 -88.24662 -0.14103 0.99000 0.00000 3.85140 0.00000 -0.00000 1.00000 0.00000
1564718075302085 0.99097 0.13410 -0.00000 -91.41315 -0.13410 0.99097 0.00000 3.15120 0.00000 -0.00000 1.00000 0.00000
1564718075552626 0.99145 0.13048 -0.00000 -94.61631 -0.13048 0.99145 0.00000 2.85030 0.00000 -0.00000 1.00000 0.00000
1564718075803334 0.99184 0.12752 -0.00000 -97.79719 -0.12752 0.99184 0.00000 2.55580 0.00000 -0.00000 1.00000 0.00000
1564718076053995 0.99236 0.12337 -0.00000 -100.99206 -0.12337 0.99236 0.00000 2.17921 0.00000 -0.00000 1.00000 0.00000
1564718076303805 0.99211 0.12538 -0.00000 -104.22415 -0.12538 0.99211 0.00000 2.39886 0.00000 -0.00000 1.00000 0.00000
1564718076555029 0.99284 0.11943 -0.00000 -107.41271 -0.11943 0.99284 0.00000 1.72551 0.00000 -0.00000 1.00000 0.00000
1564718076805964 0.99266 0.12091 -0.00000 -110.55482 -0.12091 0.99266 0.00000 1.94951 0.00000 -0.00000 1.00000 0.00000
1564718077055969 0.99307 0.11754 -0.00000 -113.75602 -0.11754 0.99307 0.00000 1.53776 0.00000 -0.00000 1.00000 0.00000
1564718077305530 0.99321 0.11634 -0.00000 -116.87574 -0.11634 0.99321 0.00000 1.40982 0.00000 -0.00000 1.00000 0.00000
1564718077557178 0.99359 0.11304 -0.00000 -120.00817 -0.11304 0.99359 0.00000 0.91718 0.00000 -0.00000 1.00000 0.00000
1564718077807365 0.99370 0.11204 -0.00000 -123.11294 -0.11204 0.99370 0.00000 0.77090 0.00000 -0.00000 1.00000 0.00000
1564718078058083 0.99345 0.11431 -0.00000 -126.27292 -0.11431 0.99345 0.00000 1.10405 0.00000 -0.00000 1.00000 0.00000
1564718078308250 0.99327 0.11586 -0.00000 -129.42563 -0.11586 0.99327 0.00000 1.25105 0.00000 -0.00000 1.00000 0.00000
1564718078559032 0.99315 0.11681 -0.00000 -132.54654 -0.11681 0.99315 0.00000 1.40374 0.00000 -0.00000 1.00000 0.00000
1564718078809561 0.99314 0.11691 -0.00000 -135.66924 -0.11691 0.99314 0.00000 1.37933 0.00000 -0.00000 1.00000 0.00000
1564718079060613 0.99336 0.11501 -0.00000 -138.79692 -0.11501 0.99336 0.00000 1.14120 0.00000 -0.00000 1.00000 0.00000
1564718079310959 0.99353 0.11354 -0.00000 -141.91942 -0.11354 0.99353 0.00000 0.92574 0.00000 -0.00000 1.00000 0.00000
1564718079561567 0.99373 0.11178 -0.00000 -145.02458 -0.11178 0.99373 0.00000 0.66185 0.00000 -0.00000 1.00000 0.00000
1564718079812150 0.99398 0.10952 -0.00000 -148.12869 -0.10952 0.99398 0.00000 0.31120 0.00000 -0.00000 1.00000 0.00000
1564718080062783 0.99366 0.11242 -0.00000 -151.25825 -0.11242 0.99366 0.00000 0.76648 0.00000 -0.00000 1.00000 0.00000
1564718080313697 0.99370 0.11209 -0.00000 -154.37974 -0.11209 0.99370 0.00000 0.68067 0.00000 -0.00000 1.00000 0.00000
1564718080564076 0.99388 0.11046 -0.00000 -157.47969 -0.11046 0.99388 0.00000 0.44457 0.00000 -0.00000 1.00000 0.00000
1564718080814351 0.99418 0.10769 -0.00000 -160.58232 -0.10769 0.99418 0.00000 -0.02699 0.00000 -0.00000 1.00000 0.00000
1564718081064446 0.99441 0.10557 -0.00000 -163.67595 -0.10557 0.99441 0.00000 -0.36997 0.00000 -0.00000 1.00000 0.00000
1564718081315381 0.99431 0.10651 -0.00000 -166.76708 -0.10651 0.99431 0.00000 -0.20790 0.00000 -0.00000 1.00000 0.00000
1564718081566143 0.99408 0.10869 -0.00000 -169.87162 -0.10869 0.99408 0.00000 0.15989 0.00000 -0.00000 1.00000 0.00000
1564718081815273 0.99407 0.10879 -0.00000 -172.95394 -0.10879 0.99407 0.00000 0.19844 0.00000 -0.00000 1.00000 0.00000
1564718082065743 0.99394 0.10990 -0.00000 -176.05926 -0.10990 0.99394 0.00000 0.36267 0.00000 -0.00000 1.00000 0.00000
1564718082319254 0.99398 0.10959 -0.00000 -179.16922 -0.10959 0.99398 0.00000 0.29023 0.00000 -0.00000 1.00000 0.00000
1564718082567655 0.99378 0.11140 -0.00000 -182.27503 -0.11140 0.99378 0.00000 0.60070 0.00000 -0.00000 1.00000 0.00000
1564718082818233 0.99388 0.11049 -0.00000 -185.39305 -0.11049 0.99388 0.00000 0.44801 0.00000 -0.00000 1.00000 0.00000
1564718083068899 0.99370 0.11206 -0.00000 -188.53547 -0.11206 0.99370 0.00000 0.69319 0.00000 -0.00000 1.00000 0.00000
1564718083319443 0.99390 0.11028 -0.00000 -191.64337 -0.11028 0.99390 0.00000 0.33014 0.00000 -0.00000 1.00000 0.00000
1564718083569041 0.99432 0.10640 -0.00000 -194.76559 -0.10640 0.99432 0.00000 -0.52348 0.00000 -0.00000 1.00000 0.00000
1564718083820122 0.99438 0.10583 -0.00000 -197.90811 -0.10583 0.99438 0.00000 -0.57505 0.00000 -0.00000 1.00000 0.00000
1564718084070321 0.99451 0.10468 -0.00000 -201.02686 -0.10468 0.99451 0.00000 -0.81897 0.00000 -0.00000 1.00000 0.00000
1564718084320495 0.99450 0.10474 -0.00000 -204.18030 -0.10474 0.99450 0.00000 -0.84237 0.00000 -0.00000 1.00000 0.00000
1564718084571461 0.99431 0.10657 -0.00000 -207.34555 -0.10657 0.99431 0.00000 -0.50470 0.00000 -0.00000 1.00000 0.00000
1564718084821735 0.99408 0.10866 -0.00000 -210.51697 -0.10866 0.99408 0.00000 -0.14662 0.00000 -0.00000 1.00000 0.00000
1564718085071832 0.99388 0.11048 -0.00000 -213.65042 -0.11048 0.99388 0.00000 0.23411 0.00000 -0.00000 1.00000 0.00000
1564718085322598 0.99375 0.11163 -0.00000 -216.81313 -0.11163 0.99375 0.00000 0.50199 0.00000 -0.00000 1.00000 0.00000
1564718085572697 0.99388 0.11043 -0.00000 -219.94900 -0.11043 0.99388 0.00000 0.24860 0.00000 -0.00000 1.00000 0.00000
1564718085822948 0.99422 0.10735 -0.00000 -223.08584 -0.10735 0.99422 0.00000 -0.41501 0.00000 -0.00000 1.00000 0.00000
1564718086073208 0.99424 0.10721 -0.00000 -226.17124 -0.10721 0.99424 0.00000 -0.47587 0.00000 -0.00000 1.00000 0.00000
1564718086323461 0.99473 0.10251 -0.00000 -229.28442 -0.10251 0.99473 0.00000 -1.58199 0.00000 -0.00000 1.00000 0.00000
1564718086573605 0.99520 0.09787 -0.00000 -232.36925 -0.09787 0.99520 0.00000 -2.74965 0.00000 -0.00000 1.00000 0.00000
1564718086823618 0.99558 0.09393 -0.00000 -235.34980 -0.09393 0.99558 0.00000 -3.67684 0.00000 -0.00000 1.00000 0.00000
1564718087073680 0.99566 0.09306 -0.00000 -238.43897 -0.09306 0.99566 0.00000 -3.86035 0.00000 -0.00000 1.00000 0.00000
1564718087324440 0.99546 0.09515 -0.00000 -241.47797 -0.09515 0.99546 0.00000 -3.33520 0.00000 -0.00000 1.00000 0.00000
1564718087574699 0.99513 0.09858 -0.00000 -244.52728 -0.09858 0.99513 0.00000 -2.57487 0.00000 -0.00000 1.00000 0.00000
1564718087824904 0.99509 0.09901 -0.00000 -247.55359 -0.09901 0.99509 0.00000 -2.47977 0.00000 -0.00000 1.00000 0.00000
1564718088074674 0.99507 0.09916 -0.00000 -250.61910 -0.09916 0.99507 0.00000 -2.49383 0.00000 -0.00000 1.00000 0.00000
1564718088325298 0.99504 0.09947 -0.00000 -253.66779 -0.09947 0.99504 0.00000 -2.43278 0.00000 -0.00000 1.00000 0.00000
1564718088575838 0.99471 0.10277 -0.00000 -256.69039 -0.10277 0.99471 0.00000 -1.63473 0.00000 -0.00000 1.00000 0.00000
1564718088825903 0.99415 0.10803 -0.00000 -259.75189 -0.10803 0.99415 0.00000 -0.24168 0.00000 -0.00000 1.00000 0.00000
1564718089076055 0.99364 0.11263 -0.00000 -262.80307 -0.11263 0.99364 0.00000 1.00322 0.00000 -0.00000 1.00000 0.00000
1564718089325792 0.99342 0.11449 -0.00000 -265.83503 -0.11449 0.99342 0.00000 1.44196 0.00000 -0.00000 1.00000 0.00000
1564718089579252 0.99320 0.11641 -0.00000 -268.82993 -0.11641 0.99320 0.00000 1.94198 0.00000 -0.00000 1.00000 0.00000
1564718089828377 0.99349 0.11389 -0.00000 -271.90927 -0.11389 0.99349 0.00000 1.32664 0.00000 -0.00000 1.00000 0.00000
1564718090077722 0.99381 0.11106 -0.00000 -274.83047 -0.11106 0.99381 0.00000 0.46377 0.00000 -0.00000 1.00000 0.00000
1564718090329316 0.99421 0.10746 -0.00000 -277.82285 -0.10746 0.99421 0.00000 -0.50491 0.00000 -0.00000 1.00000 0.00000
1564718090578571 0.99435 0.10613 -0.00000 -280.75395 -0.10613 0.99435 0.00000 -0.89462 0.00000 -0.00000 1.00000 0.00000
1564718090827852 0.99443 0.10535 -0.00000 -283.64443 -0.10535 0.99443 0.00000 -1.09234 0.00000 -0.00000 1.00000 0.00000
1564718091078629 0.99447 0.10505 -0.00000 -286.62412 -0.10505 0.99447 0.00000 -1.22322 0.00000 -0.00000 1.00000 0.00000
1564718091329527 0.99449 0.10483 -0.00000 -289.54740 -0.10483 0.99449 0.00000 -1.27005 0.00000 -0.00000 1.00000 0.00000
1564718091579353 0.99442 0.10554 -0.00000 -292.39934 -0.10554 0.99442 0.00000 -1.10538 0.00000 -0.00000 1.00000 0.00000
1564718091829471 0.99450 0.10476 -0.00000 -295.35887 -0.10476 0.99450 0.00000 -1.26564 0.00000 -0.00000 1.00000 0.00000
1564718092079487 0.99473 0.10254 -0.00000 -298.25395 -0.10254 0.99473 0.00000 -2.02963 0.00000 -0.00000 1.00000 0.00000
1564718092329829 0.99467 0.10316 -0.00000 -301.21479 -0.10316 0.99467 0.00000 -1.74284 0.00000 -0.00000 1.00000 0.00000
1564718092580712 0.99476 0.10220 -0.00000 -304.14998 -0.10220 0.99476 0.00000 -2.13080 0.00000 -0.00000 1.00000 0.00000
1564718092830711 0.99463 0.10346 -0.00000 -307.11241 -0.10346 0.99463 0.00000 -1.72367 0.00000 -0.00000 1.00000 0.00000
1564718093081320 0.99472 0.10264 -0.00000 -310.07424 -0.10264 0.99472 0.00000 -1.94728 0.00000 -0.00000 1.00000 0.00000
1564718093331445 0.99472 0.10260 -0.00000 -313.09755 -0.10260 0.99472 0.00000 -2.00073 0.00000 -0.00000 1.00000 0.00000
1564718093582419 0.99446 0.10509 -0.00000 -316.11639 -0.10509 0.99446 0.00000 -1.19500 0.00000 -0.00000 1.00000 0.00000
1564718093832659 0.99454 0.10437 -0.00000 -319.15073 -0.10437 0.99454 0.00000 -1.49799 0.00000 -0.00000 1.00000 0.00000
1564718094083776 0.99455 0.10423 -0.00000 -322.24764 -0.10423 0.99455 0.00000 -1.50420 0.00000 -0.00000 1.00000 0.00000
1564718094333896 0.99444 0.10532 -0.00000 -325.35828 -0.10532 0.99444 0.00000 -1.17222 0.00000 -0.00000 1.00000 0.00000
1564718094583612 0.99398 0.10953 -0.00000 -328.52379 -0.10953 0.99398 0.00000 0.15717 0.00000 -0.00000 1.00000 0.00000
1564718094834631 0.99405 0.10890 -0.00000 -331.67639 -0.10890 0.99405 0.00000 -0.05559 0.00000 -0.00000 1.00000 0.00000
1564718095085174 0.99417 0.10779 -0.00000 -334.89594 -0.10779 0.99417 0.00000 -0.39689 0.00000 -0.00000 1.00000 0.00000
1564718095335554 0.99407 0.10878 -0.00000 -338.12467 -0.10878 0.99407 0.00000 -0.02404 0.00000 -0.00000 1.00000 0.00000
1564718095585776 0.99382 0.11103 -0.00000 -341.39719 -0.11103 0.99382 0.00000 0.76408 0.00000 -0.00000 1.00000 0.00000
1564718095835890 0.99368 0.11221 -0.00000 -344.66943 -0.11221 0.99368 0.00000 1.12801 0.00000 -0.00000 1.00000 0.00000
1564718096085685 0.99391 0.11017 -0.00000 -347.95359 -0.11017 0.99391 0.00000 0.38757 0.00000 -0.00000 1.00000 0.00000
1564718096335247 0.99383 0.11092 -0.00000 -351.27323 -0.11092 0.99383 0.00000 0.61349 0.00000 -0.00000 1.00000 0.00000
1564718096585691 0.99362 0.11278 -0.00000 -354.64547 -0.11278 0.99362 0.00000 1.31126 0.00000 -0.00000 1.00000 0.00000
1564718096835677 0.99337 0.11497 -0.00000 -358.07448 -0.11497 0.99337 0.00000 2.07607 0.00000 -0.00000 1.00000 0.00000
1564718097086285 0.99329 0.11566 -0.00000 -361.51728 -0.11566 0.99329 0.00000 2.30044 0.00000 -0.00000 1.00000 0.00000
1564718097338807 0.99346 0.11420 -0.00000 -364.97256 -0.11420 0.99346 0.00000 1.77477 0.00000 -0.00000 1.00000 0.00000
1564718097588621 0.99361 0.11285 -0.00000 -368.47295 -0.11285 0.99361 0.00000 1.28346 0.00000 -0.00000 1.00000 0.00000
1564718097838988 0.99371 0.11196 -0.00000 -371.96570 -0.11196 0.99371 0.00000 0.98811 0.00000 -0.00000 1.00000 0.00000
1564718098089457 0.99387 0.11052 -0.00000 -375.51516 -0.11052 0.99387 0.00000 0.45904 0.00000 -0.00000 1.00000 0.00000
1564718098340120 0.99391 0.11021 -0.00000 -379.06788 -0.11021 0.99391 0.00000 0.30461 0.00000 -0.00000 1.00000 0.00000
1564718098590252 0.99400 0.10942 -0.00000 -382.63343 -0.10942 0.99400 0.00000 -0.04605 0.00000 -0.00000 1.00000 0.00000
1564718098840429 0.99421 0.10744 -0.00000 -386.23168 -0.10744 0.99421 0.00000 -0.73378 0.00000 -0.00000 1.00000 0.00000
1564718099090360 0.99450 0.10476 -0.00000 -389.85786 -0.10476 0.99450 0.00000 -1.70956 0.00000 -0.00000 1.00000 0.00000
1564718099340175 0.99438 0.10587 -0.00000 -393.48234 -0.10587 0.99438 0.00000 -1.26088 0.00000 -0.00000 1.00000 0.00000
1564718099590172 0.99413 0.10817 -0.00000 -397.11932 -0.10817 0.99413 0.00000 -0.41642 0.00000 -0.00000 1.00000 0.00000
1564718099840094 0.99411 0.10835 -0.00000 -400.76660 -0.10835 0.99411 0.00000 -0.42849 0.00000 -0.00000 1.00000 0.00000
1564718100090325 0.99410 0.10844 -0.00000 -404.36285 -0.10844 0.99410 0.00000 -0.36901 0.00000 -0.00000 1.00000 0.00000
1564718100340241 0.99434 0.10622 -0.00000 -408.00404 -0.10622 0.99434 0.00000 -1.38635 0.00000 -0.00000 1.00000 0.00000
1564718100590871 0.99441 0.10554 -0.00000 -411.58381 -0.10554 0.99441 0.00000 -1.53694 0.00000 -0.00000 1.00000 0.00000
1564718100841705 0.99407 0.10878 -0.00000 -415.20223 -0.10878 0.99407 0.00000 -0.16995 0.00000 -0.00000 1.00000 0.00000
1564718101091550 0.99363 0.11272 -0.00000 -418.81930 -0.11272 0.99363 0.00000 1.50194 0.00000 -0.00000 1.00000 0.00000
1564718101341893 0.99309 0.11739 -0.00000 -422.44631 -0.11739 0.99309 0.00000 3.49405 0.00000 -0.00000 1.00000 0.00000
1564718101591656 0.99310 0.11723 -0.00000 -426.09174 -0.11723 0.99310 0.00000 3.31273 0.00000 -0.00000 1.00000 0.00000
1564718101842633 0.99343 0.11447 -0.00000 -429.75055 -0.11447 0.99343 0.00000 2.16382 0.00000 -0.00000 1.00000 0.00000
1564718102093265 0.99363 0.11265 -0.00000 -433.40646 -0.11265 0.99363 0.00000 1.33242 0.00000 -0.00000 1.00000 0.00000
1564718102342988 0.99364 0.11261 -0.00000 -437.07229 -0.11261 0.99364 0.00000 1.38017 0.00000 -0.00000 1.00000 0.00000
1564718102593682 0.99371 0.11196 -0.00000 -440.72245 -0.11196 0.99371 0.00000 1.11400 0.00000 -0.00000 1.00000 0.00000
1564718102843575 0.99380 0.11118 -0.00000 -444.41540 -0.11118 0.99380 0.00000 0.74747 0.00000 -0.00000 1.00000 0.00000
1564718103094153 0.99376 0.11153 -0.00000 -448.09547 -0.11153 0.99376 0.00000 0.94107 0.00000 -0.00000 1.00000 0.00000
1564718103344428 0.99394 0.10995 -0.00000 -451.78636 -0.10995 0.99394 0.00000 0.23797 0.00000 -0.00000 1.00000 0.00000
1564718103594763 0.99405 0.10891 -0.00000 -455.49567 -0.10891 0.99405 0.00000 -0.24699 0.00000 -0.00000 1.00000 0.00000
1564718103844791 0.99423 0.10726 -0.00000 -459.21742 -0.10726 0.99423 0.00000 -1.08369 0.00000 -0.00000 1.00000 0.00000
1564718104095305 0.99404 0.10906 -0.00000 -462.92682 -0.10906 0.99404 0.00000 -0.19570 0.00000 -0.00000 1.00000 0.00000
1564718104345651 0.99403 0.10912 -0.00000 -466.65298 -0.10912 0.99403 0.00000 -0.10900 0.00000 -0.00000 1.00000 0.00000
1564718104595311 0.99419 0.10768 -0.00000 -470.40962 -0.10768 0.99419 0.00000 -0.88755 0.00000 -0.00000 1.00000 0.00000
1564718104845231 0.99396 0.10971 -0.00000 -474.14754 -0.10971 0.99396 0.00000 0.11555 0.00000 -0.00000 1.00000 0.00000
1564718105096130 0.99399 0.10943 -0.00000 -477.90454 -0.10943 0.99399 0.00000 -0.12890 0.00000 -0.00000 1.00000 0.00000
1564718105344976 0.99379 0.11125 -0.00000 -481.65783 -0.11125 0.99379 0.00000 0.86585 0.00000 -0.00000 1.00000 0.00000
1564718105595309 0.99357 0.11319 -0.00000 -485.43542 -0.11319 0.99357 0.00000 1.68480 0.00000 -0.00000 1.00000 0.00000
1564718105845521 0.99342 0.11450 -0.00000 -489.19830 -0.11450 0.99342 0.00000 2.47996 0.00000 -0.00000 1.00000 0.00000
1564718106095346 0.99323 0.11620 -0.00000 -492.93774 -0.11620 0.99323 0.00000 3.26672 0.00000 -0.00000 1.00000 0.00000
1564718106345844 0.99352 0.11365 -0.00000 -496.66482 -0.11365 0.99352 0.00000 2.05830 0.00000 -0.00000 1.00000 0.00000
1564718106597320 0.99326 0.11593 -0.00000 -500.37350 -0.11593 0.99326 0.00000 3.08083 0.00000 -0.00000 1.00000 0.00000
1564718106846393 0.99349 0.11391 -0.00000 -504.04660 -0.11391 0.99349 0.00000 2.08217 0.00000 -0.00000 1.00000 0.00000
1564718107096755 0.99371 0.11198 -0.00000 -507.70687 -0.11198 0.99371 0.00000 1.07067 0.00000 -0.00000 1.00000 0.00000
1564718107347458 0.99360 0.11297 -0.00000 -511.36020 -0.11297 0.99360 0.00000 1.59798 0.00000 -0.00000 1.00000 0.00000
1564718107597650 0.99361 0.11288 -0.00000 -515.01927 -0.11288 0.99361 0.00000 1.42018 0.00000 -0.00000 1.00000 0.00000
1564718107847996 0.99391 0.11020 -0.00000 -518.65165 -0.11020 0.99391 0.00000 0.00508 0.00000 -0.00000 1.00000 0.00000
1564718108097632 0.99382 0.11103 -0.00000 -522.26367 -0.11103 0.99382 0.00000 0.41138 0.00000 -0.00000 1.00000 0.00000
1564718108348625 0.99363 0.11271 -0.00000 -525.88318 -0.11271 0.99363 0.00000 1.40736 0.00000 -0.00000 1.00000 0.00000
1564718108598717 0.99374 0.11172 -0.00000 -529.51380 -0.11172 0.99374 0.00000 0.73375 0.00000 -0.00000 1.00000 0.00000
1564718108849719 0.99373 0.11179 -0.00000 -533.17164 -0.11179 0.99373 0.00000 0.76482 0.00000 -0.00000 1.00000 0.00000
1564718109099146 0.99374 0.11171 -0.00000 -536.77282 -0.11171 0.99374 0.00000 0.70978 0.00000 -0.00000 1.00000 0.00000
1564718109349239 0.99362 0.11281 -0.00000 -540.41718 -0.11281 0.99362 0.00000 1.20494 0.00000 -0.00000 1.00000 0.00000
1564718109599730 0.99359 0.11308 -0.00000 -544.03759 -0.11308 0.99359 0.00000 1.53022 0.00000 -0.00000 1.00000 0.00000
1564718109849920 0.99359 0.11303 -0.00000 -547.63442 -0.11303 0.99359 0.00000 1.39441 0.00000 -0.00000 1.00000 0.00000
1564718110100171 0.99333 0.11534 -0.00000 -551.28533 -0.11534 0.99333 0.00000 2.62822 0.00000 -0.00000 1.00000 0.00000
1564718110350229 0.99327 0.11584 -0.00000 -554.89108 -0.11584 0.99327 0.00000 2.99749 0.00000 -0.00000 1.00000 0.00000
1564718110600179 0.99354 0.11348 -0.00000 -558.51443 -0.11348 0.99354 0.00000 1.63921 0.00000 -0.00000 1.00000 0.00000
1564718110850402 0.99337 0.11492 -0.00000 -562.19335 -0.11492 0.99337 0.00000 2.47012 0.00000 -0.00000 1.00000 0.00000
1564718111101025 0.99339 0.11482 -0.00000 -565.81104 -0.11482 0.99339 0.00000 2.43866 0.00000 -0.00000 1.00000 0.00000
1564718111351288 0.99326 0.11588 -0.00000 -569.46156 -0.11588 0.99326 0.00000 3.10663 0.00000 -0.00000 1.00000 0.00000
1564718111601180 0.99304 0.11775 -0.00000 -573.08319 -0.11775 0.99304 0.00000 4.17651 0.00000 -0.00000 1.00000 0.00000
1564718111851831 0.99320 0.11645 -0.00000 -576.75265 -0.11645 0.99320 0.00000 3.45678 0.00000 -0.00000 1.00000 0.00000
1564718112101965 0.99310 0.11726 -0.00000 -580.36644 -0.11726 0.99310 0.00000 3.88719 0.00000 -0.00000 1.00000 0.00000
1564718112352761 0.99310 0.11727 -0.00000 -584.05761 -0.11727 0.99310 0.00000 3.87751 0.00000 -0.00000 1.00000 0.00000
1564718112602635 0.99278 0.11997 -0.00000 -587.74414 -0.11997 0.99278 0.00000 5.59573 0.00000 -0.00000 1.00000 0.00000
1564718112852836 0.99309 0.11737 -0.00000 -591.44985 -0.11737 0.99309 0.00000 3.98494 0.00000 -0.00000 1.00000 0.00000
1564718113102900 0.99300 0.11815 -0.00000 -595.15001 -0.11815 0.99300 0.00000 4.42314 0.00000 -0.00000 1.00000 0.00000
1564718113352789 0.99335 0.11514 -0.00000 -598.87263 -0.11514 0.99335 0.00000 2.55149 0.00000 -0.00000 1.00000 0.00000
1564718113603547 0.99375 0.11164 -0.00000 -602.56337 -0.11164 0.99375 0.00000 0.41641 0.00000 -0.00000 1.00000 0.00000
1564718113853662 0.99353 0.11355 -0.00000 -606.31232 -0.11355 0.99353 0.00000 1.66349 0.00000 -0.00000 1.00000 0.00000
1564718114104783 0.99349 0.11393 -0.00000 -610.05965 -0.11393 0.99349 0.00000 1.90969 0.00000 -0.00000 1.00000 0.00000
1564718114355226 0.99359 0.11302 -0.00000 -613.79140 -0.11302 0.99359 0.00000 1.39425 0.00000 -0.00000 1.00000 0.00000
1564718114605424 0.99337 0.11497 -0.00000 -617.55679 -0.11497 0.99337 0.00000 2.54023 0.00000 -0.00000 1.00000 0.00000
1564718114855431 0.99328 0.11577 -0.00000 -621.29669 -0.11577 0.99328 0.00000 3.02750 0.00000 -0.00000 1.00000 0.00000
1564718115104820 0.99319 0.11649 -0.00000 -625.07902 -0.11649 0.99319 0.00000 3.46015 0.00000 -0.00000 1.00000 0.00000
1564718115355422 0.99307 0.11754 -0.00000 -628.81785 -0.11754 0.99307 0.00000 4.16746 0.00000 -0.00000 1.00000 0.00000
1564718115605529 0.99306 0.11760 -0.00000 -632.60408 -0.11760 0.99306 0.00000 4.21805 0.00000 -0.00000 1.00000 0.00000
1564718115856356 0.99339 0.11477 -0.00000 -636.41741 -0.11477 0.99339 0.00000 2.60834 0.00000 -0.00000 1.00000 0.00000
1564718116108215 0.99371 0.11195 -0.00000 -640.19530 -0.11195 0.99371 0.00000 0.84524 0.00000 -0.00000 1.00000 0.00000
1564718116357210 0.99357 0.11320 -0.00000 -643.98433 -0.11320 0.99357 0.00000 1.72897 0.00000 -0.00000 1.00000 0.00000
1564718116608482 0.99374 0.11175 -0.00000 -647.76145 -0.11175 0.99374 0.00000 0.71311 0.00000 -0.00000 1.00000 0.00000
1564718116857913 0.99374 0.11170 -0.00000 -651.56747 -0.11170 0.99374 0.00000 0.75271 0.00000 -0.00000 1.00000 0.00000
1564718117108554 0.99351 0.11375 -0.00000 -655.29727 -0.11375 0.99351 0.00000 2.11369 0.00000 -0.00000 1.00000 0.00000
1564718117359073 0.99346 0.11415 -0.00000 -659.05528 -0.11415 0.99346 0.00000 2.37182 0.00000 -0.00000 1.00000 0.00000
1564718117608849 0.99344 0.11433 -0.00000 -662.79113 -0.11433 0.99344 0.00000 2.45854 0.00000 -0.00000 1.00000 0.00000
1564718117859533 0.99326 0.11590 -0.00000 -666.52505 -0.11590 0.99326 0.00000 3.43749 0.00000 -0.00000 1.00000 0.00000
1564718118110138 0.99308 0.11741 -0.00000 -670.23979 -0.11741 0.99308 0.00000 4.46069 0.00000 -0.00000 1.00000 0.00000
1564718118360203 0.99312 0.11712 -0.00000 -673.94467 -0.11712 0.99312 0.00000 4.24766 0.00000 -0.00000 1.00000 0.00000
1564718118609934 0.99338 0.11489 -0.00000 -677.66969 -0.11489 0.99338 0.00000 2.74237 0.00000 -0.00000 1.00000 0.00000
1564718118860242 0.99353 0.11355 -0.00000 -681.40862 -0.11355 0.99353 0.00000 1.72944 0.00000 -0.00000 1.00000 0.00000
1564718119110846 0.99349 0.11391 -0.00000 -685.13521 -0.11391 0.99349 0.00000 2.01700 0.00000 -0.00000 1.00000 0.00000
1564718119361265 0.99334 0.11524 -0.00000 -688.89121 -0.11524 0.99334 0.00000 2.97397 0.00000 -0.00000 1.00000 0.00000
1564718119611214 0.99355 0.11335 -0.00000 -692.61030 -0.11335 0.99355 0.00000 1.65660 0.00000 -0.00000 1.00000 0.00000
1564718119861635 0.99300 0.11813 -0.00000 -696.37577 -0.11813 0.99300 0.00000 5.18259 0.00000 -0.00000 1.00000 0.00000
1564718120111288 0.99309 0.11736 -0.00000 -700.04468 -0.11736 0.99309 0.00000 4.56358 0.00000 -0.00000 1.00000 0.00000
1564718120362053 0.99382 0.11098 -0.00000 -703.72870 -0.11098 0.99382 0.00000 0.14082 0.00000 -0.00000 1.00000 0.00000
1564718120612041 0.99339 0.11478 -0.00000 -707.47166 -0.11478 0.99339 0.00000 2.74716 0.00000 -0.00000 1.00000 0.00000
1564718120861420 0.99377 0.11142 -0.00000 -711.21594 -0.11142 0.99377 0.00000 0.35619 0.00000 -0.00000 1.00000 0.00000
1564718121112231 0.99367 0.11232 -0.00000 -714.91166 -0.11232 0.99367 0.00000 1.00630 0.00000 -0.00000 1.00000 0.00000
1564718121362845 0.99377 0.11145 -0.00000 -718.66553 -0.11145 0.99377 0.00000 0.34756 0.00000 -0.00000 1.00000 0.00000
1564718121612722 0.99361 0.11287 -0.00000 -722.35954 -0.11287 0.99361 0.00000 1.38036 0.00000 -0.00000 1.00000 0.00000
1564718121864244 0.99348 0.11398 -0.00000 -726.08648 -0.11398 0.99348 0.00000 2.17344 0.00000 -0.00000 1.00000 0.00000
1564718122112255 0.99353 0.11353 -0.00000 -729.83220 -0.11353 0.99353 0.00000 1.79131 0.00000 -0.00000 1.00000 0.00000
1564718122362468 0.99347 0.11410 -0.00000 -733.51460 -0.11410 0.99347 0.00000 2.24004 0.00000 -0.00000 1.00000 0.00000
1564718122612724 0.99391 0.11018 -0.00000 -737.23681 -0.11018 0.99391 0.00000 -0.67619 0.00000 -0.00000 1.00000 0.00000
1564718122862596 0.99392 0.11010 -0.00000 -740.96842 -0.11010 0.99392 0.00000 -0.63251 0.00000 -0.00000 1.00000 0.00000
1564718123112846 0.99394 0.10995 -0.00000 -744.68492 -0.10995 0.99394 0.00000 -0.81695 0.00000 -0.00000 1.00000 0.00000
1564718123363568 0.99415 0.10803 -0.00000 -748.39138 -0.10803 0.99415 0.00000 -2.29458 0.00000 -0.00000 1.00000 0.00000
1564718123613616 0.99372 0.11192 -0.00000 -752.13364 -0.11192 0.99372 0.00000 0.68025 0.00000 -0.00000 1.00000 0.00000
1564718123863979 0.99399 0.10943 -0.00000 -755.88650 -0.10943 0.99399 0.00000 -1.24224 0.00000 -0.00000 1.00000 0.00000
1564718124114374 0.99367 0.11231 -0.00000 -759.59378 -0.11231 0.99367 0.00000 1.03182 0.00000 -0.00000 1.00000 0.00000
1564718124364416 0.99372 0.11186 -0.00000 -763.31996 -0.11186 0.99372 0.00000 0.72977 0.00000 -0.00000 1.00000 0.00000
1564718124614537 0.99399 0.10951 -0.00000 -767.04573 -0.10951 0.99399 0.00000 -1.13248 0.00000 -0.00000 1.00000 0.00000
1564718124864721 0.99404 0.10901 -0.00000 -770.79080 -0.10901 0.99404 0.00000 -1.55224 0.00000 -0.00000 1.00000 0.00000
1564718125114599 0.99407 0.10874 -0.00000 -774.50046 -0.10874 0.99407 0.00000 -1.72730 0.00000 -0.00000 1.00000 0.00000
1564718125365221 0.99398 0.10953 -0.00000 -778.23803 -0.10953 0.99398 0.00000 -1.03736 0.00000 -0.00000 1.00000 0.00000
1564718125615113 0.99425 0.10711 -0.00000 -781.96270 -0.10711 0.99425 0.00000 -3.08200 0.00000 -0.00000 1.00000 0.00000
1564718125866894 0.99421 0.10744 -0.00000 -785.68622 -0.10744 0.99421 0.00000 -2.71082 0.00000 -0.00000 1.00000 0.00000
1564718126116133 0.99419 0.10768 -0.00000 -789.44851 -0.10768 0.99419 0.00000 -2.62838 0.00000 -0.00000 1.00000 0.00000
1564718126368672 0.99386 0.11062 -0.00000 -793.18243 -0.11062 0.99386 0.00000 -0.16062 0.00000 -0.00000 1.00000 0.00000
1564718126618274 0.99380 0.11119 -0.00000 -796.94013 -0.11119 0.99380 0.00000 0.31696 0.00000 -0.00000 1.00000 0.00000
1564718126867815 0.99368 0.11222 -0.00000 -800.68623 -0.11222 0.99368 0.00000 1.13893 0.00000 -0.00000 1.00000 0.00000
1564718127117686 0.99400 0.10940 -0.00000 -804.41012 -0.10940 0.99400 0.00000 -1.13255 0.00000 -0.00000 1.00000 0.00000
1564718127367886 0.99403 0.10912 -0.00000 -808.14220 -0.10912 0.99403 0.00000 -1.36936 0.00000 -0.00000 1.00000 0.00000
1564718127618259 0.99390 0.11024 -0.00000 -811.91739 -0.11024 0.99390 0.00000 -0.42422 0.00000 -0.00000 1.00000 0.00000
1564718127868536 0.99409 0.10856 -0.00000 -815.68166 -0.10856 0.99409 0.00000 -1.81292 0.00000 -0.00000 1.00000 0.00000
1564718128118653 0.99409 0.10853 -0.00000 -819.39994 -0.10853 0.99409 0.00000 -1.86456 0.00000 -0.00000 1.00000 0.00000
1564718128368838 0.99390 0.11027 -0.00000 -823.11771 -0.11027 0.99390 0.00000 -0.30599 0.00000 -0.00000 1.00000 0.00000
1564718128618744 0.99400 0.10940 -0.00000 -826.88407 -0.10940 0.99400 0.00000 -1.00033 0.00000 -0.00000 1.00000 0.00000
1564718128868795 0.99409 0.10859 -0.00000 -830.63902 -0.10859 0.99409 0.00000 -1.73623 0.00000 -0.00000 1.00000 0.00000
1564718129119778 0.99403 0.10907 -0.00000 -834.39913 -0.10907 0.99403 0.00000 -1.25567 0.00000 -0.00000 1.00000 0.00000
1564718129370416 0.99399 0.10947 -0.00000 -838.16860 -0.10947 0.99399 0.00000 -0.92076 0.00000 -0.00000 1.00000 0.00000
1564718129620665 0.99394 0.10991 -0.00000 -841.92738 -0.10991 0.99394 0.00000 -0.55410 0.00000 -0.00000 1.00000 0.00000
1564718129870532 0.99407 0.10871 -0.00000 -845.68443 -0.10871 0.99407 0.00000 -1.54734 0.00000 -0.00000 1.00000 0.00000
1564718130120742 0.99399 0.10943 -0.00000 -849.45199 -0.10943 0.99399 0.00000 -1.00367 0.00000 -0.00000 1.00000 0.00000
1564718130370927 0.99404 0.10898 -0.00000 -853.19018 -0.10898 0.99404 0.00000 -1.28598 0.00000 -0.00000 1.00000 0.00000
1564718130620970 0.99390 0.11032 -0.00000 -856.93690 -0.11032 0.99390 0.00000 -0.19752 0.00000 -0.00000 1.00000 0.00000
1564718130871524 0.99402 0.10916 -0.00000 -860.73404 -0.10916 0.99402 0.00000 -1.15338 0.00000 -0.00000 1.00000 0.00000
1564718131121774 0.99367 0.11231 -0.00000 -864.47463 -0.11231 0.99367 0.00000 1.72210 0.00000 -0.00000 1.00000 0.00000
1564718131371798 0.99361 0.11287 -0.00000 -868.19894 -0.11287 0.99361 0.00000 2.21302 0.00000 -0.00000 1.00000 0.00000
1564718131621749 0.99372 0.11193 -0.00000 -871.94859 -0.11193 0.99372 0.00000 1.33443 0.00000 -0.00000 1.00000 0.00000
1564718131871930 0.99413 0.10816 -0.00000 -875.78261 -0.10816 0.99413 0.00000 -1.93218 0.00000 -0.00000 1.00000 0.00000
1564718132121737 0.99382 0.11097 -0.00000 -879.43229 -0.11097 0.99382 0.00000 0.63706 0.00000 -0.00000 1.00000 0.00000
1564718132372267 0.99398 0.10959 -0.00000 -883.12894 -0.10959 0.99398 0.00000 -0.62038 0.00000 -0.00000 1.00000 0.00000
1564718132622444 0.99394 0.10992 -0.00000 -886.82003 -0.10992 0.99394 0.00000 -0.40206 0.00000 -0.00000 1.00000 0.00000
1564718132873527 0.99412 0.10828 -0.00000 -890.51215 -0.10828 0.99412 0.00000 -1.84560 0.00000 -0.00000 1.00000 0.00000
1564718133123282 0.99425 0.10708 -0.00000 -894.20525 -0.10708 0.99425 0.00000 -3.04770 0.00000 -0.00000 1.00000 0.00000
1564718133373595 0.99417 0.10785 -0.00000 -897.89855 -0.10785 0.99417 0.00000 -2.33946 0.00000 -0.00000 1.00000 0.00000
1564718133624052 0.99424 0.10714 -0.00000 -901.58132 -0.10714 0.99424 0.00000 -2.98725 0.00000 -0.00000 1.00000 0.00000
1564718133873829 0.99434 0.10628 -0.00000 -905.22793 -0.10628 0.99434 0.00000 -3.75579 0.00000 -0.00000 1.00000 0.00000
1564718134124460 0.99386 0.11063 -0.00000 -908.97360 -0.11063 0.99386 0.00000 0.26614 0.00000 -0.00000 1.00000 0.00000
1564718134374437 0.99455 0.10426 -0.00000 -912.66973 -0.10426 0.99455 0.00000 -5.54820 0.00000 -0.00000 1.00000 0.00000
1564718134625272 0.99439 0.10575 -0.00000 -916.35602 -0.10575 0.99439 0.00000 -4.17849 0.00000 -0.00000 1.00000 0.00000
1564718134875194 0.99421 0.10748 -0.00000 -920.06843 -0.10748 0.99421 0.00000 -2.69461 0.00000 -0.00000 1.00000 0.00000
1564718135124940 0.99471 0.10276 -0.00000 -923.71975 -0.10276 0.99471 0.00000 -6.91429 0.00000 -0.00000 1.00000 0.00000
1564718135374236 0.99468 0.10297 -0.00000 -927.41850 -0.10297 0.99468 0.00000 -6.75830 0.00000 -0.00000 1.00000 0.00000
1564718135624396 0.99467 0.10308 -0.00000 -931.11163 -0.10308 0.99467 0.00000 -6.65283 0.00000 -0.00000 1.00000 0.00000
1564718135874666 0.99452 0.10452 -0.00000 -934.82157 -0.10452 0.99452 0.00000 -5.29629 0.00000 -0.00000 1.00000 0.00000
1564718136124839 0.99433 0.10632 -0.00000 -938.49655 -0.10632 0.99433 0.00000 -3.55030 0.00000 -0.00000 1.00000 0.00000
1564718136375055 0.99442 0.10546 -0.00000 -942.18906 -0.10546 0.99442 0.00000 -4.28417 0.00000 -0.00000 1.00000 0.00000
1564718136625217 0.99453 0.10442 -0.00000 -945.85071 -0.10442 0.99453 0.00000 -5.33366 0.00000 -0.00000 1.00000 0.00000
1564718136875495 0.99479 0.10191 -0.00000 -949.50297 -0.10191 0.99479 0.00000 -7.68443 0.00000 -0.00000 1.00000 0.00000
1564718137127180 0.99501 0.09978 -0.00000 -953.18437 -0.09978 0.99501 0.00000 -9.67752 0.00000 -0.00000 1.00000 0.00000
1564718137377706 0.99508 0.09906 -0.00000 -956.85738 -0.09906 0.99508 0.00000 -10.30887 0.00000 -0.00000 1.00000 0.00000
1564718137628004 0.99509 0.09896 -0.00000 -960.58375 -0.09896 0.99509 0.00000 -10.28932 0.00000 -0.00000 1.00000 0.00000
1564718137876914 0.99530 0.09685 -0.00000 -964.16863 -0.09685 0.99530 0.00000 -12.37830 0.00000 -0.00000 1.00000 0.00000
1564718138128045 0.99533 0.09652 -0.00000 -967.88827 -0.09652 0.99533 0.00000 -12.76230 0.00000 -0.00000 1.00000 0.00000
1564718138377878 0.99581 0.09145 -0.00000 -971.45840 -0.09145 0.99581 0.00000 -17.66343 0.00000 -0.00000 1.00000 0.00000
1564718138628321 0.99641 0.08463 -0.00000 -974.99687 -0.08463 0.99641 0.00000 -24.37371 0.00000 -0.00000 1.00000 0.00000
1564718138878495 0.99689 0.07877 -0.00000 -978.53547 -0.07877 0.99689 0.00000 -30.13964 0.00000 -0.00000 1.00000 0.00000
1564718139128938 0.99735 0.07271 -0.00000 -982.00275 -0.07271 0.99735 0.00000 -36.12374 0.00000 -0.00000 1.00000 0.00000
1564718139379170 0.99793 0.06426 -0.00000 -985.30610 -0.06426 0.99793 0.00000 -44.43201 0.00000 -0.00000 1.00000 0.00000
1564718139629133 0.99822 0.05967 -0.00000 -988.74387 -0.05967 0.99822 0.00000 -48.98500 0.00000 -0.00000 1.00000 0.00000
1564718139879020 0.99891 0.04677 -0.00000 -991.71048 -0.04677 0.99891 0.00000 -61.82464 0.00000 -0.00000 1.00000 0.00000
1564718140129620 0.99917 0.04070 -0.00000 -994.96035 -0.04070 0.99917 0.00000 -67.91874 0.00000 -0.00000 1.00000 0.00000
1564718140379535 0.99943 0.03363 -0.00000 -998.08500 -0.03363 0.99943 0.00000 -74.88248 0.00000 -0.00000 1.00000 0.00000
1564718140629946 0.99970 0.02439 -0.00000 -1001.05679 -0.02439 0.99970 0.00000 -84.11124 0.00000 -0.00000 1.00000 0.00000
1564718140880355 0.99983 0.01867 -0.00000 -1004.15872 -0.01867 0.99983 0.00000 -89.92742 0.00000 -0.00000 1.00000 0.00000
1564718141130159 0.99975 0.02220 -0.00000 -1008.17977 -0.02220 0.99975 0.00000 -86.23460 0.00000 -0.00000 1.00000 0.00000
1564718141380304 0.99982 0.01910 -0.00000 -1011.59258 -0.01910 0.99982 0.00000 -89.35904 0.00000 -0.00000 1.00000 0.00000
1564718141630023 0.99977 0.02123 -0.00000 -1015.36513 -0.02123 0.99977 0.00000 -87.23382 0.00000 -0.00000 1.00000 0.00000
1564718141880858 0.99983 0.01831 -0.00000 -1018.75668 -0.01831 0.99983 0.00000 -90.22517 0.00000 -0.00000 1.00000 0.00000
1564718142130892 0.99988 0.01551 -0.00000 -1022.18869 -0.01551 0.99988 0.00000 -93.04688 0.00000 -0.00000 1.00000 0.00000
1564718142380691 0.99992 0.01265 -0.00000 -1025.51469 -0.01265 0.99992 0.00000 -95.89978 0.00000 -0.00000 1.00000 0.00000
1564718142631350 0.99997 0.00775 -0.00000 -1028.69626 -0.00775 0.99997 0.00000 -100.98947 0.00000 -0.00000 1.00000 0.00000
1564718142881074 0.99998 0.00666 -0.00000 -1032.22863 -0.00666 0.99998 0.00000 -102.08588 0.00000 -0.00000 1.00000 0.00000
1564718143131211 0.99998 0.00674 -0.00000 -1035.87315 -0.00674 0.99998 0.00000 -102.03738 0.00000 -0.00000 1.00000 0.00000
1564718143381506 0.99998 0.00601 -0.00000 -1039.46534 -0.00601 0.99998 0.00000 -102.81399 0.00000 -0.00000 1.00000 0.00000
1564718143631752 0.99998 0.00684 -0.00000 -1043.17149 -0.00684 0.99998 0.00000 -101.94438 0.00000 -0.00000 1.00000 0.00000
1564718143881698 0.99997 0.00736 -0.00000 -1046.86348 -0.00736 0.99997 0.00000 -101.38278 0.00000 -0.00000 1.00000 0.00000
1564718144131908 0.99995 0.00964 -0.00000 -1050.69944 -0.00964 0.99995 0.00000 -98.98031 0.00000 -0.00000 1.00000 0.00000
1564718144381518 0.99996 0.00933 -0.00000 -1054.28921 -0.00933 0.99996 0.00000 -99.33700 0.00000 -0.00000 1.00000 0.00000
1564718144631488 0.99995 0.01015 -0.00000 -1058.01043 -0.01015 0.99995 0.00000 -98.52454 0.00000 -0.00000 1.00000 0.00000
1564718144881720 0.99992 0.01255 -0.00000 -1061.85018 -0.01255 0.99992 0.00000 -95.86885 0.00000 -0.00000 1.00000 0.00000
1564718145131868 0.99990 0.01410 -0.00000 -1065.62653 -0.01410 0.99990 0.00000 -94.34239 0.00000 -0.00000 1.00000 0.00000
1564718145382150 0.99990 0.01398 -0.00000 -1069.22867 -0.01398 0.99990 0.00000 -94.37911 0.00000 -0.00000 1.00000 0.00000
1564718145631911 0.99996 0.00940 -0.00000 -1072.38293 -0.00940 0.99996 0.00000 -99.41103 0.00000 -0.00000 1.00000 0.00000
1564718145882067 0.99998 0.00551 -0.00000 -1075.59347 -0.00551 0.99998 0.00000 -103.55901 0.00000 -0.00000 1.00000 0.00000
1564718146132449 1.00000 0.00142 -0.00000 -1078.75311 -0.00142 1.00000 0.00000 -107.94441 0.00000 -0.00000 1.00000 0.00000
1564718146381892 1.00000 -0.00291 0.00000 -1081.90322 0.00291 1.00000 -0.00000 -112.62121 -0.00000 0.00000 1.00000 0.00000
1564718146631951 1.00000 0.00063 -0.00000 -1085.86943 -0.00063 1.00000 0.00000 -108.79707 0.00000 -0.00000 1.00000 0.00000
1564718146881409 1.00000 -0.00066 0.00000 -1089.34061 0.00066 1.00000 -0.00000 -110.17289 -0.00000 0.00000 1.00000 0.00000
1564718147130484 1.00000 -0.00016 0.00000 -1092.97140 0.00016 1.00000 -0.00000 -109.68150 -0.00000 0.00000 1.00000 0.00000
1564718147380397 1.00000 0.00125 -0.00000 -1096.72683 -0.00125 1.00000 0.00000 -108.03768 0.00000 -0.00000 1.00000 0.00000
1564718147630362 0.99999 0.00469 -0.00000 -1100.67090 -0.00469 0.99999 0.00000 -104.30155 0.00000 -0.00000 1.00000 0.00000
1564718147880916 0.99998 0.00558 -0.00000 -1104.37086 -0.00558 0.99998 0.00000 -103.30216 0.00000 -0.00000 1.00000 0.00000
