1. 0. 0. 0. 0. -1. -0. 0. 0. 0. -1. 0.
1. -0.002 -0. 0.007 -0.002 -1. -0. 0.015 0. 0. -1. 0.
1. -0.000 -0. -0.002 -0.000 -1. -0. -0.014 0. 0. -1. 0.
1. 0.001 0. 0.003 0.001 -1. -0. 0.005 0. 0. -1. 0.
1. 0.001 0. 0.040 0.001 -1. -0. 0.056 0. 0. -1. 0.
1. -0.006 -0. 0.016 -0.006 -1. -0. 0.025 0. 0. -1. 0.
1. 0.002 0. -0.005 0.002 -1. -0. -0.030 0. 0. -1. 0.
1. -0.002 -0. 0.017 -0.002 -1. -0. 0.050 0. 0. -1. 0.
1. -0.005 -0. 0.056 -0.005 -1. -0. 0.052 0. 0. -1. 0.
1. -0.004 -0. 0.002 -0.004 -1. -0. -0.019 0. 0. -1. 0.
1. 0.001 0. 0.009 0.001 -1. -0. -0.013 0. 0. -1. 0.
1. -0.001 -0. 0.049 -0.001 -1. -0. 0.051 0. 0. -1. 0.
1. -0.004 -0. 0.010 -0.004 -1. -0. 0.003 0. 0. -1. 0.
1. -0.006 -0. 0.015 -0.006 -1. -0. 0.018 0. 0. -1. 0.
1. -0.001 -0. 0.004 -0.001 -1. -0. -0.020 0. 0. -1. 0.
1. -0.002 -0. 0.067 -0.002 -1. -0. 0.052 0. 0. -1. 0.
1. -0.005 -0. 0.158 -0.005 -1. -0. -0.015 0. 0. -1. 0.
1.000 -0.017 -0. 0.206 -0.017 -1.000 -0. 0.007 0. 0. -1. 0.
0.999 -0.034 -0. 0.299 -0.034 -0.999 -0. 0.005 0. 0. -1. 0.
0.999 -0.054 -0. 0.466 -0.054 -0.999 -0. -0.027 0. 0. -1. 0.
0.997 -0.077 -0. 0.676 -0.077 -0.997 -0. -0.119 0. 0. -1. 0.
0.995 -0.102 -0. 1.033 -0.102 -0.995 -0. -0.131 0. 0. -1. 0.
0.991 -0.135 -0. 1.468 -0.135 -0.991 -0. -0.203 0. 0. -1. 0.
0.984 -0.176 -0. 1.988 -0.176 -0.984 -0. -0.307 0. 0. -1. 0.
0.981 -0.194 -0. 2.552 -0.194 -0.981 -0. -0.515 0. 0. -1. 0.
0.980 -0.198 -0. 3.192 -0.198 -0.980 -0. -0.662 0. 0. -1. 0.
0.979 -0.203 -0. 3.983 -0.203 -0.979 -0. -0.874 0. 0. -1. 0.
0.979 -0.203 -0. 4.858 -0.203 -0.979 -0. -0.945 0. 0. -1. 0.
0.982 -0.191 -0. 5.753 -0.191 -0.982 -0. -1.232 0. 0. -1. 0.
0.983 -0.182 -0. 6.746 -0.182 -0.983 -0. -1.309 0. 0. -1. 0.
0.983 -0.185 -0. 7.781 -0.185 -0.983 -0. -1.475 0. 0. -1. 0.
0.984 -0.178 -0. 8.784 -0.178 -0.984 -0. -1.726 0. 0. -1. 0.
0.986 -0.168 -0. 9.920 -0.168 -0.986 -0. -1.941 0. 0. -1. 0.
0.988 -0.152 -0. 11.060 -0.152 -0.988 -0. -2.147 0. 0. -1. 0.
0.991 -0.137 -0. 12.258 -0.137 -0.991 -0. -2.294 0. 0. -1. 0.
0.991 -0.134 -0. 13.483 -0.134 -0.991 -0. -2.465 0. 0. -1. 0.
0.992 -0.127 -0. 14.798 -0.127 -0.992 -0. -2.675 0. 0. -1. 0.
0.994 -0.106 -0. 16.169 -0.106 -0.994 -0. -2.869 0. 0. -1. 0.
0.996 -0.088 -0. 17.538 -0.088 -0.996 -0. -2.880 0. 0. -1. 0.
0.997 -0.072 -0. 18.891 -0.072 -0.997 -0. -2.981 0. 0. -1. 0.
0.998 -0.063 -0. 20.419 -0.063 -0.998 -0. -3.206 0. 0. -1. 0.
0.997 -0.074 -0. 22.030 -0.074 -0.997 -0. -3.358 0. 0. -1. 0.
0.997 -0.073 -0. 23.619 -0.073 -0.997 -0. -3.569 0. 0. -1. 0.
0.997 -0.079 -0. 25.269 -0.079 -0.997 -0. -3.668 0. 0. -1. 0.
0.997 -0.076 -0. 26.855 -0.076 -0.997 -0. -3.934 0. 0. -1. 0.
0.997 -0.078 -0. 28.558 -0.078 -0.997 -0. -4.122 0. 0. -1. 0.
0.996 -0.084 -0. 30.118 -0.084 -0.996 -0. -4.214 0. 0. -1. 0.
0.997 -0.082 -0. 31.737 -0.082 -0.997 -0. -4.382 0. 0. -1. 0.
0.996 -0.087 -0. 33.477 -0.087 -0.996 -0. -4.630 0. 0. -1. 0.
0.995 -0.101 -0. 34.958 -0.101 -0.995 -0. -4.732 0. 0. -1. 0.
0.996 -0.092 -0. 36.605 -0.092 -0.996 -0. -4.976 0. 0. -1. 0.
0.997 -0.075 -0. 38.237 -0.075 -0.997 -0. -5.238 0. 0. -1. 0.
0.999 -0.048 -0. 39.868 -0.048 -0.999 -0. -5.269 0. 0. -1. 0.
1.000 -0.026 -0. 41.506 -0.026 -1.000 -0. -5.216 0. 0. -1. 0.
1. 0.001 0. 43.164 0.001 -1. -0. -5.261 0. 0. -1. 0.
1. 0.013 0. 44.954 0.013 -1. -0. -5.348 0. 0. -1. 0.
1.000 0.018 0. 46.578 0.018 -1.000 -0. -5.180 0. 0. -1. 0.
1.000 0.024 0. 48.364 0.024 -1.000 -0. -5.326 0. 0. -1. 0.
1.000 0.027 0. 50.023 0.027 -1.000 -0. -5.223 0. 0. -1. 0.
1.000 0.031 0. 51.795 0.031 -1.000 -0. -5.209 0. 0. -1. 0.
0.999 0.034 0. 53.666 0.034 -0.999 -0. -5.251 0. 0. -1. 0.
0.999 0.036 0. 55.395 0.036 -0.999 -0. -5.260 0. 0. -1. 0.
0.999 0.041 0. 57.259 0.041 -0.999 -0. -5.187 0. 0. -1. 0.
1.000 0.031 0. 59.225 0.031 -1.000 -0. -5.052 0. 0. -1. 0.
0.999 0.034 0. 61.088 0.034 -0.999 -0. -5.135 0. 0. -1. 0.
0.999 0.035 0. 63.032 0.035 -0.999 -0. -4.999 0. 0. -1. 0.
0.999 0.033 0. 65.003 0.033 -0.999 -0. -4.931 0. 0. -1. 0.
0.999 0.036 0. 66.946 0.036 -0.999 -0. -4.866 0. 0. -1. 0.
0.999 0.040 0. 68.899 0.040 -0.999 -0. -4.746 0. 0. -1. 0.
0.999 0.035 0. 70.916 0.035 -0.999 -0. -4.725 0. 0. -1. 0.
0.999 0.032 0. 72.858 0.032 -0.999 -0. -4.768 0. 0. -1. 0.
1.000 0.026 0. 74.834 0.026 -1.000 -0. -4.685 0. 0. -1. 0.
1.000 0.020 0. 76.855 0.020 -1.000 -0. -4.586 0. 0. -1. 0.
1. 0.007 0. 78.882 0.007 -1. -0. -4.640 0. 0. -1. 0.
1. -0.002 -0. 80.785 -0.002 -1. -0. -4.603 0. 0. -1. 0.
1.000 -0.031 -0. 82.823 -0.031 -1.000 -0. -4.640 0. 0. -1. 0.
0.998 -0.067 -0. 84.700 -0.067 -0.998 -0. -4.777 0. 0. -1. 0.
0.993 -0.118 -0. 86.561 -0.118 -0.993 -0. -4.990 0. 0. -1. 0.
0.985 -0.170 -0. 88.434 -0.170 -0.985 -0. -5.329 0. 0. -1. 0.
0.974 -0.226 -0. 90.286 -0.226 -0.974 -0. -5.756 0. 0. -1. 0.
0.959 -0.282 -0. 92.071 -0.282 -0.959 -0. -6.289 0. 0. -1. 0.
0.943 -0.333 -0. 93.847 -0.333 -0.943 -0. -6.990 0. 0. -1. 0.
0.922 -0.387 -0. 95.609 -0.387 -0.922 -0. -7.698 0. 0. -1. 0.
0.902 -0.432 -0. 97.343 -0.432 -0.902 -0. -8.571 0. 0. -1. 0.
0.873 -0.487 -0. 99.094 -0.487 -0.873 -0. -9.397 0. 0. -1. 0.
0.838 -0.546 -0. 100.559 -0.546 -0.838 -0. -10.431 0. 0. -1. 0.
0.800 -0.599 -0. 102.090 -0.599 -0.800 -0. -11.627 0. 0. -1. 0.
0.762 -0.647 -0. 103.430 -0.647 -0.762 -0. -12.800 0. 0. -1. 0.
0.707 -0.707 -0. 104.892 -0.707 -0.707 -0. -14.041 0. 0. -1. 0.
0.651 -0.759 -0. 106.005 -0.759 -0.651 -0. -15.536 0. 0. -1. 0.
0.594 -0.805 -0. 107.092 -0.805 -0.594 -0. -17.035 0. 0. -1. 0.
0.533 -0.846 -0. 108.219 -0.846 -0.533 -0. -18.575 0. 0. -1. 0.
0.471 -0.882 -0. 108.896 -0.882 -0.471 -0. -20.188 0. 0. -1. 0.
0.426 -0.905 -0. 109.526 -0.905 -0.426 -0. -21.945 0. 0. -1. 0.
0.392 -0.920 -0. 110.297 -0.920 -0.392 -0. -23.647 0. 0. -1. 0.
0.362 -0.932 -0. 111.006 -0.932 -0.362 -0. -25.441 0. 0. -1. 0.
0.343 -0.939 -0. 111.352 -0.939 -0.343 -0. -27.402 0. 0. -1. 0.
0.339 -0.941 -0. 112.172 -0.941 -0.339 -0. -29.260 0. 0. -1. 0.
0.336 -0.942 -0. 112.854 -0.942 -0.336 -0. -31.084 0. 0. -1. 0.
0.331 -0.944 -0. 113.646 -0.944 -0.331 -0. -33.042 0. 0. -1. 0.
0.338 -0.941 -0. 114.100 -0.941 -0.338 -0. -34.969 0. 0. -1. 0.
0.341 -0.940 -0. 115.022 -0.940 -0.341 -0. -36.957 0. 0. -1. 0.
0.355 -0.935 -0. 115.667 -0.935 -0.355 -0. -38.847 0. 0. -1. 0.
0.377 -0.926 -0. 116.419 -0.926 -0.377 -0. -40.773 0. 0. -1. 0.
0.408 -0.913 -0. 117.216 -0.913 -0.408 -0. -42.639 0. 0. -1. 0.
0.443 -0.896 -0. 117.967 -0.896 -0.443 -0. -44.576 0. 0. -1. 0.
0.463 -0.886 -0. 119.074 -0.886 -0.463 -0. -46.314 0. 0. -1. 0.
0.490 -0.872 -0. 119.917 -0.872 -0.490 -0. -48.063 0. 0. -1. 0.
0.509 -0.861 -0. 120.844 -0.861 -0.509 -0. -49.821 0. 0. -1. 0.
0.515 -0.857 -0. 121.933 -0.857 -0.515 -0. -51.468 0. 0. -1. 0.
0.527 -0.850 -0. 122.859 -0.850 -0.527 -0. -53.164 0. 0. -1. 0.
0.529 -0.849 -0. 123.892 -0.849 -0.529 -0. -54.779 0. 0. -1. 0.
0.529 -0.849 -0. 124.850 -0.849 -0.529 -0. -56.386 0. 0. -1. 0.
0.524 -0.851 -0. 125.859 -0.851 -0.524 -0. -57.997 0. 0. -1. 0.
0.525 -0.851 -0. 126.701 -0.851 -0.525 -0. -59.544 0. 0. -1. 0.
0.525 -0.851 -0. 127.637 -0.851 -0.525 -0. -61.133 0. 0. -1. 0.
0.523 -0.852 -0. 128.633 -0.852 -0.523 -0. -62.754 0. 0. -1. 0.
0.522 -0.853 -0. 129.499 -0.853 -0.522 -0. -64.169 0. 0. -1. 0.
0.525 -0.851 -0. 130.368 -0.851 -0.525 -0. -65.846 0. 0. -1. 0.
0.525 -0.851 -0. 131.356 -0.851 -0.525 -0. -67.230 0. 0. -1. 0.
0.544 -0.839 -0. 132.117 -0.839 -0.544 -0. -68.601 0. 0. -1. 0.
0.563 -0.827 -0. 133.079 -0.827 -0.563 -0. -70.009 0. 0. -1. 0.
0.592 -0.806 -0. 134.031 -0.806 -0.592 -0. -71.296 0. 0. -1. 0.
0.634 -0.773 -0. 135.034 -0.773 -0.634 -0. -72.499 0. 0. -1. 0.
0.681 -0.733 -0. 136.000 -0.733 -0.681 -0. -73.680 0. 0. -1. 0.
0.729 -0.684 -0. 137.019 -0.684 -0.729 -0. -74.627 0. 0. -1. 0.
0.781 -0.625 -0. 138.019 -0.625 -0.781 -0. -75.536 0. 0. -1. 0.
0.831 -0.556 -0. 139.066 -0.556 -0.831 -0. -76.392 0. 0. -1. 0.
0.882 -0.472 -0. 140.103 -0.472 -0.882 -0. -76.845 0. 0. -1. 0.
0.925 -0.380 -0. 141.107 -0.380 -0.925 -0. -77.251 0. 0. -1. 0.
0.962 -0.273 -0. 142.144 -0.273 -0.962 -0. -77.454 0. 0. -1. 0.
0.988 -0.153 -0. 142.994 -0.153 -0.988 -0. -77.695 0. 0. -1. 0.
1.000 -0.014 -0. 143.901 -0.014 -1.000 -0. -77.752 0. 0. -1. 0.
0.993 0.122 0. 144.781 0.122 -0.993 -0. -77.470 0. 0. -1. 0.
0.960 0.281 0. 145.565 0.281 -0.960 -0. -77.343 0. 0. -1. 0.
0.901 0.434 0. 146.441 0.434 -0.901 -0. -76.820 0. 0. -1. 0.
0.823 0.568 0. 147.091 0.568 -0.823 -0. -76.311 0. 0. -1. 0.
0.711 0.703 0. 147.633 0.703 -0.711 -0. -75.689 0. 0. -1. 0.
0.573 0.819 0. 148.098 0.819 -0.573 -0. -75.004 0. 0. -1. 0.
0.418 0.909 0. 148.510 0.909 -0.418 -0. -74.184 0. 0. -1. 0.
0.242 0.970 0. 148.562 0.970 -0.242 -0. -73.358 0. 0. -1. 0.
0.045 0.999 0. 148.650 0.999 -0.045 -0. -72.482 0. 0. -1. 0.
-0.154 0.988 0. 148.481 0.988 0.154 0. -71.414 0. 0. -1. 0.
-0.337 0.942 0. 148.130 0.942 0.337 0. -70.503 0. 0. -1. 0.
-0.495 0.869 0. 147.552 0.869 0.495 0. -69.580 0. 0. -1. 0.
-0.620 0.785 0. 146.822 0.785 0.620 0. -68.664 0. 0. -1. 0.
-0.714 0.700 0. 145.944 0.700 0.714 0. -67.981 0. 0. -1. 0.
-0.775 0.631 0. 145.047 0.631 0.775 0. -67.207 0. 0. -1. 0.
-0.818 0.576 0. 143.987 0.576 0.818 0. -66.550 0. 0. -1. 0.
-0.845 0.535 0. 143.002 0.535 0.845 0. -65.952 0. 0. -1. 0.
-0.868 0.497 0. 141.839 0.497 0.868 0. -65.360 0. 0. -1. 0.
-0.879 0.476 0. 140.489 0.476 0.879 0. -64.526 0. 0. -1. 0.
-0.886 0.464 0. 139.286 0.464 0.886 0. -63.839 0. 0. -1. 0.
-0.885 0.465 0. 137.856 0.465 0.885 0. -63.261 0. 0. -1. 0.
-0.880 0.476 0. 136.475 0.476 0.880 0. -62.558 0. 0. -1. 0.
-0.866 0.500 0. 135.089 0.500 0.866 0. -61.655 0. 0. -1. 0.
-0.841 0.541 0. 133.715 0.541 0.841 0. -60.820 0. 0. -1. 0.
-0.817 0.576 0. 132.382 0.576 0.817 0. -59.754 0. 0. -1. 0.
-0.788 0.615 0. 130.948 0.615 0.788 0. -58.698 0. 0. -1. 0.
-0.755 0.655 0. 129.617 0.655 0.755 0. -57.466 0. 0. -1. 0.
-0.731 0.683 0. 128.401 0.683 0.731 0. -56.239 0. 0. -1. 0.
-0.697 0.717 0. 127.104 0.717 0.697 0. -54.906 0. 0. -1. 0.
-0.666 0.746 0. 125.879 0.746 0.666 0. -53.575 0. 0. -1. 0.
-0.633 0.774 0. 124.698 0.774 0.633 0. -52.026 0. 0. -1. 0.
-0.600 0.800 0. 123.602 0.800 0.600 0. -50.462 0. 0. -1. 0.
-0.576 0.817 0. 122.549 0.817 0.576 0. -48.826 0. 0. -1. 0.
-0.546 0.838 0. 121.471 0.838 0.546 0. -47.188 0. 0. -1. 0.
-0.519 0.854 0. 120.481 0.854 0.519 0. -45.484 0. 0. -1. 0.
-0.485 0.875 0. 119.389 0.875 0.485 0. -43.727 0. 0. -1. 0.
-0.452 0.892 0. 118.618 0.892 0.452 0. -41.920 0. 0. -1. 0.
-0.419 0.908 0. 117.662 0.908 0.419 0. -40.048 0. 0. -1. 0.
-0.395 0.919 0. 117.015 0.919 0.395 0. -38.130 0. 0. -1. 0.
-0.371 0.929 0. 116.179 0.929 0.371 0. -36.301 0. 0. -1. 0.
-0.352 0.936 0. 115.523 0.936 0.352 0. -34.458 0. 0. -1. 0.
-0.348 0.938 0. 114.745 0.938 0.348 0. -32.570 0. 0. -1. 0.
-0.339 0.941 0. 114.393 0.941 0.339 0. -30.653 0. 0. -1. 0.
-0.344 0.939 0. 113.587 0.939 0.344 0. -28.819 0. 0. -1. 0.
-0.360 0.933 0. 112.903 0.933 0.360 0. -26.939 0. 0. -1. 0.
-0.393 0.920 0. 112.029 0.920 0.393 0. -25.150 0. 0. -1. 0.
-0.426 0.905 0. 111.314 0.905 0.426 0. -23.306 0. 0. -1. 0.
-0.467 0.884 0. 110.573 0.884 0.467 0. -21.488 0. 0. -1. 0.
-0.501 0.865 0. 109.636 0.865 0.501 0. -19.838 0. 0. -1. 0.
-0.544 0.839 0. 108.615 0.839 0.544 0. -18.222 0. 0. -1. 0.
-0.589 0.808 0. 107.566 0.808 0.589 0. -16.688 0. 0. -1. 0.
-0.635 0.772 0. 106.484 0.772 0.635 0. -15.222 0. 0. -1. 0.
-0.687 0.727 0. 105.052 0.727 0.687 0. -13.874 0. 0. -1. 0.
-0.733 0.680 0. 103.743 0.680 0.733 0. -12.556 0. 0. -1. 0.
-0.781 0.625 0. 102.373 0.625 0.781 0. -11.378 0. 0. -1. 0.
-0.822 0.570 0. 100.887 0.570 0.822 0. -10.170 0. 0. -1. 0.
-0.857 0.515 0. 99.310 0.515 0.857 0. -9.265 0. 0. -1. 0.
-0.889 0.458 0. 97.730 0.458 0.889 0. -8.463 0. 0. -1. 0.
-0.917 0.398 0. 96.065 0.398 0.917 0. -7.638 0. 0. -1. 0.
-0.939 0.343 0. 94.303 0.343 0.939 0. -6.975 0. 0. -1. 0.
-0.959 0.285 0. 92.531 0.285 0.959 0. -6.482 0. 0. -1. 0.
-0.974 0.228 0. 90.811 0.228 0.974 0. -5.933 0. 0. -1. 0.
-0.983 0.182 0. 88.889 0.182 0.983 0. -5.569 0. 0. -1. 0.
-0.990 0.141 0. 87.041 0.141 0.990 0. -5.274 0. 0. -1. 0.
-0.995 0.104 0. 84.991 0.104 0.995 0. -5.062 0. 0. -1. 0.
-0.998 0.062 0. 83.120 0.062 0.998 0. -4.885 0. 0. -1. 0.
-0.999 0.043 0. 80.990 0.043 0.999 0. -4.738 0. 0. -1. 0.
-1.000 0.018 0. 78.987 0.018 1.000 0. -4.688 0. 0. -1. 0.
-1.000 0.020 0. 76.854 0.020 1.000 0. -4.718 0. 0. -1. 0.
-1. 0.004 0. 74.856 0.004 1. 0. -4.671 0. 0. -1. 0.
-1. 0.009 0. 72.712 0.009 1. 0. -4.582 0. 0. -1. 0.
-1. 0.008 0. 70.540 0.008 1. 0. -4.531 0. 0. -1. 0.
-1. 0.008 0. 68.390 0.008 1. 0. -4.472 0. 0. -1. 0.
-1. 0.009 0. 66.327 0.009 1. 0. -4.529 0. 0. -1. 0.
-1. 0.005 0. 64.242 0.005 1. 0. -4.411 0. 0. -1. 0.
-1. 0.011 0. 62.113 0.011 1. 0. -4.315 0. 0. -1. 0.
-1.000 0.020 0. 60.150 0.020 1.000 0. -4.191 0. 0. -1. 0.
-1.000 0.020 0. 58.056 0.020 1.000 0. -4.181 0. 0. -1. 0.
-1.000 0.015 0. 56.030 0.015 1.000 0. -4.069 0. 0. -1. 0.
-1. 0.005 0. 54.038 0.005 1. 0. -4.042 0. 0. -1. 0.
-1. 0.001 0. 52.020 0.001 1. 0. -3.983 0. 0. -1. 0.
-1.000 -0.016 -0. 50.015 -0.016 1.000 0. -3.910 0. 0. -1. 0.
-0.999 -0.035 -0. 48.087 -0.035 0.999 0. -4.083 0. 0. -1. 0.
-0.999 -0.050 -0. 46.096 -0.050 0.999 0. -4.155 0. 0. -1. 0.
-0.998 -0.057 -0. 44.205 -0.057 0.998 0. -4.250 0. 0. -1. 0.
-0.998 -0.063 -0. 42.202 -0.063 0.998 0. -4.368 0. 0. -1. 0.
-0.998 -0.061 -0. 40.273 -0.061 0.998 0. -4.508 0. 0. -1. 0.
-1.000 -0.029 -0. 38.388 -0.029 1.000 0. -4.596 0. 0. -1. 0.
-1. -0.001 -0. 36.578 -0.001 1. 0. -4.568 0. 0. -1. 0.
-1.000 0.023 0. 34.694 0.023 1.000 0. -4.383 0. 0. -1. 0.
-0.999 0.043 0. 32.868 0.043 0.999 0. -4.330 0. 0. -1. 0.
-0.998 0.059 0. 31.047 0.059 0.998 0. -4.206 0. 0. -1. 0.
-0.997 0.072 0. 29.167 0.072 0.997 0. -4.086 0. 0. -1. 0.
-0.997 0.079 0. 27.336 0.079 0.997 0. -3.813 0. 0. -1. 0.
-0.996 0.086 0. 25.388 0.086 0.996 0. -3.552 0. 0. -1. 0.
-0.996 0.087 0. 23.473 0.087 0.996 0. -3.389 0. 0. -1. 0.
-0.995 0.101 0. 21.508 0.101 0.995 0. -3.196 0. 0. -1. 0.
-0.995 0.100 0. 19.622 0.100 0.995 0. -2.937 0. 0. -1. 0.
-0.995 0.102 0. 17.649 0.102 0.995 0. -2.712 0. 0. -1. 0.
-0.995 0.099 0. 15.683 0.099 0.995 0. -2.549 0. 0. -1. 0.
-0.995 0.099 0. 13.741 0.099 0.995 0. -2.416 0. 0. -1. 0.
-0.994 0.109 0. 11.782 0.109 0.994 0. -2.025 0. 0. -1. 0.
-0.994 0.113 0. 9.886 0.113 0.994 0. -1.817 0. 0. -1. 0.
-0.993 0.116 0. 7.878 0.116 0.993 0. -1.661 0. 0. -1. 0.
-0.995 0.103 0. 6.023 0.103 0.995 0. -1.403 0. 0. -1. 0.
-0.994 0.106 0. 4.035 0.106 0.994 0. -1.257 0. 0. -1. 0.
-0.995 0.097 0. 2.093 0.097 0.995 0. -0.943 0. 0. -1. 0.
-0.996 0.095 0. 0.147 0.095 0.996 0. -0.702 0. 0. -1. 0.
-0.995 0.104 0. -1.917 0.104 0.995 0. -0.462 0. 0. -1. 0.
-0.996 0.085 0. -3.867 0.085 0.996 0. -0.304 0. 0. -1. 0.
-0.998 0.070 0. -5.871 0.070 0.998 0. -0.102 0. 0. -1. 0.
-0.998 0.065 0. -7.917 0.065 0.998 0. 0.074 0. 0. -1. 0.
-0.998 0.060 0. -10.044 0.060 0.998 0. 0.170 0. 0. -1. 0.
-0.998 0.062 0. -12.042 0.062 0.998 0. 0.414 0. 0. -1. 0.
-0.999 0.052 0. -14.094 0.052 0.999 0. 0.438 0. 0. -1. 0.
-0.999 0.053 0. -16.155 0.053 0.999 0. 0.462 0. 0. -1. 0.
-0.999 0.046 0. -18.222 0.046 0.999 0. 0.652 0. 0. -1. 0.
-0.999 0.047 0. -20.240 0.047 0.999 0. 0.831 0. 0. -1. 0.
-0.999 0.049 0. -22.289 0.049 0.999 0. 0.962 0. 0. -1. 0.
-0.999 0.045 0. -24.377 0.045 0.999 0. 1.084 0. 0. -1. 0.
-0.999 0.048 0. -26.466 0.048 0.999 0. 1.176 0. 0. -1. 0.
-0.999 0.049 0. -28.553 0.049 0.999 0. 1.279 0. 0. -1. 0.
-0.999 0.040 0. -30.527 0.040 0.999 0. 1.379 0. 0. -1. 0.
-0.999 0.041 0. -32.608 0.041 0.999 0. 1.499 0. 0. -1. 0.
-0.999 0.037 0. -34.652 0.037 0.999 0. 1.541 0. 0. -1. 0.
-1.000 0.026 0. -36.586 0.026 1.000 0. 1.677 0. 0. -1. 0.
-1.000 0.018 0. -38.685 0.018 1.000 0. 1.772 0. 0. -1. 0.
-1. 0.010 0. -40.712 0.010 1. 0. 1.756 0. 0. -1. 0.
-1. 0.001 0. -42.603 0.001 1. 0. 1.741 0. 0. -1. 0.
-1. -0.012 -0. -44.784 -0.012 1. 0. 1.762 0. 0. -1. 0.
-1.000 -0.017 -0. -46.696 -0.017 1.000 0. 1.753 0. 0. -1. 0.
-1.000 -0.026 -0. -48.605 -0.026 1.000 0. 1.755 0. 0. -1. 0.
-0.999 -0.034 -0. -50.490 -0.034 0.999 0. 1.723 0. 0. -1. 0.
-0.999 -0.036 -0. -52.387 -0.036 0.999 0. 1.683 0. 0. -1. 0.
-1.000 -0.029 -0. -54.082 -0.029 1.000 0. 1.732 0. 0. -1. 0.
-1.000 -0.027 -0. -55.882 -0.027 1.000 0. 1.655 0. 0. -1. 0.
-1.000 -0.017 -0. -57.510 -0.017 1.000 0. 1.607 0. 0. -1. 0.
-1. 0.008 0. -59.011 0.008 1. 0. 1.546 0. 0. -1. 0.
-0.999 0.035 0. -60.378 0.035 0.999 0. 1.748 0. 0. -1. 0.
-0.997 0.082 0. -61.787 0.082 0.997 0. 1.848 0. 0. -1. 0.
-0.993 0.114 0. -63.019 0.114 0.993 0. 1.976 0. 0. -1. 0.
-0.985 0.172 0. -64.258 0.172 0.985 0. 2.292 0. 0. -1. 0.
-0.974 0.227 0. -65.219 0.227 0.974 0. 2.572 0. 0. -1. 0.
-0.953 0.302 0. -66.292 0.302 0.953 0. 2.950 0. 0. -1. 0.
-0.923 0.385 0. -67.192 0.385 0.923 0. 3.378 0. 0. -1. 0.
-0.884 0.467 0. -68.054 0.467 0.884 0. 4.061 0. 0. -1. 0.
-0.827 0.562 0. -68.929 0.562 0.827 0. 4.582 0. 0. -1. 0.
-0.761 0.649 0. -69.694 0.649 0.761 0. 5.227 0. 0. -1. 0.
-0.693 0.721 0. -70.361 0.721 0.693 0. 5.935 0. 0. -1. 0.
-0.613 0.790 0. -70.970 0.790 0.613 0. 6.740 0. 0. -1. 0.
-0.524 0.852 0. -71.426 0.852 0.524 0. 7.628 0. 0. -1. 0.
-0.423 0.906 0. -71.794 0.906 0.423 0. 8.648 0. 0. -1. 0.
-0.322 0.947 0. -72.112 0.947 0.322 0. 9.632 0. 0. -1. 0.
-0.235 0.972 0. -72.341 0.972 0.235 0. 10.733 0. 0. -1. 0.
-0.163 0.987 0. -72.574 0.987 0.163 0. 11.965 0. 0. -1. 0.
-0.120 0.993 0. -72.602 0.993 0.120 0. 13.191 0. 0. -1. 0.
-0.092 0.996 0. -72.768 0.996 0.092 0. 14.573 0. 0. -1. 0.
-0.077 0.997 0. -72.772 0.997 0.077 0. 16.100 0. 0. -1. 0.
-0.067 0.998 0. -72.835 0.998 0.067 0. 17.448 0. 0. -1. 0.
-0.060 0.998 0. -72.845 0.998 0.060 0. 19.122 0. 0. -1. 0.
-0.050 0.999 0. -72.914 0.999 0.050 0. 20.549 0. 0. -1. 0.
-0.036 0.999 0. -73.038 0.999 0.036 0. 22.239 0. 0. -1. 0.
-0.022 1.000 0. -72.918 1.000 0.022 0. 23.894 0. 0. -1. 0.
-0.015 1.000 0. -73.018 1.000 0.015 0. 25.642 0. 0. -1. 0.
0.005 1. 0. -72.879 1. -0.005 -0. 27.406 0. 0. -1. 0.
0.026 1.000 0. -72.897 1.000 -0.026 -0. 29.189 0. 0. -1. 0.
0.046 0.999 0. -72.819 0.999 -0.046 -0. 30.919 0. 0. -1. 0.
0.063 0.998 0. -72.631 0.998 -0.063 -0. 32.771 0. 0. -1. 0.
0.081 0.997 0. -72.462 0.997 -0.081 -0. 34.611 0. 0. -1. 0.
0.115 0.993 0. -72.251 0.993 -0.115 -0. 36.297 0. 0. -1. 0.
0.141 0.990 0. -72.126 0.990 -0.141 -0. 38.173 0. 0. -1. 0.
0.166 0.986 0. -71.722 0.986 -0.166 -0. 39.874 0. 0. -1. 0.
0.181 0.983 0. -71.244 0.983 -0.181 -0. 41.650 0. 0. -1. 0.
0.192 0.981 0. -70.938 0.981 -0.192 -0. 43.435 0. 0. -1. 0.
0.183 0.983 0. -70.616 0.983 -0.183 -0. 45.206 0. 0. -1. 0.
0.164 0.986 0. -70.113 0.986 -0.164 -0. 47.014 0. 0. -1. 0.
0.144 0.990 0. -69.916 0.990 -0.144 -0. 48.888 0. 0. -1. 0.
0.123 0.992 0. -69.702 0.992 -0.123 -0. 50.499 0. 0. -1. 0.
0.092 0.996 0. -69.557 0.996 -0.092 -0. 52.527 0. 0. -1. 0.
0.072 0.997 0. -69.238 0.997 -0.072 -0. 54.459 0. 0. -1. 0.
0.053 0.999 0. -69.141 0.999 -0.053 -0. 56.443 0. 0. -1. 0.
0.035 0.999 0. -69.017 0.999 -0.035 -0. 58.288 0. 0. -1. 0.
0.021 1.000 0. -68.904 1.000 -0.021 -0. 60.234 0. 0. -1. 0.
0.010 1. 0. -68.872 1. -0.010 -0. 62.137 0. 0. -1. 0.
0.006 1. 0. -68.803 1. -0.006 -0. 64.148 0. 0. -1. 0.
-0.009 1. 0. -68.774 1. 0.009 0. 65.985 0. 0. -1. 0.
-0.019 1.000 0. -68.787 1.000 0.019 0. 67.870 0. 0. -1. 0.
-0.030 1.000 0. -68.746 1.000 0.030 0. 69.673 0. 0. -1. 0.
-0.036 0.999 0. -68.695 0.999 0.036 0. 71.569 0. 0. -1. 0.
-0.038 0.999 0. -68.867 0.999 0.038 0. 73.295 0. 0. -1. 0.
-0.046 0.999 0. -68.854 0.999 0.046 0. 75.028 0. 0. -1. 0.
-0.068 0.998 0. -68.982 0.998 0.068 0. 76.847 0. 0. -1. 0.
-0.079 0.997 0. -68.999 0.997 0.079 0. 78.541 0. 0. -1. 0.
-0.097 0.995 0. -69.149 0.995 0.097 0. 80.240 0. 0. -1. 0.
-0.115 0.993 0. -69.373 0.993 0.115 0. 81.797 0. 0. -1. 0.
-0.152 0.988 0. -69.605 0.988 0.152 0. 83.320 0. 0. -1. 0.
-0.195 0.981 0. -69.805 0.981 0.195 0. 84.992 0. 0. -1. 0.
-0.249 0.968 0. -70.202 0.968 0.249 0. 86.491 0. 0. -1. 0.
-0.299 0.954 0. -70.562 0.954 0.299 0. 88.069 0. 0. -1. 0.
-0.369 0.929 0. -71.177 0.929 0.369 0. 89.344 0. 0. -1. 0.
-0.435 0.901 0. -71.677 0.901 0.435 0. 90.771 0. 0. -1. 0.
-0.526 0.850 0. -72.576 0.850 0.526 0. 91.847 0. 0. -1. 0.
-0.610 0.792 0. -73.346 0.792 0.610 0. 93.239 0. 0. -1. 0.
-0.701 0.713 0. -74.357 0.713 0.701 0. 94.135 0. 0. -1. 0.
-0.779 0.628 0. -75.475 0.628 0.779 0. 95.286 0. 0. -1. 0.
-0.847 0.532 0. -76.614 0.532 0.847 0. 96.023 0. 0. -1. 0.
-0.902 0.431 0. -77.800 0.431 0.902 0. 96.667 0. 0. -1. 0.
-0.940 0.340 0. -79.195 0.340 0.940 0. 97.043 0. 0. -1. 0.
-0.964 0.265 0. -80.450 0.265 0.964 0. 97.446 0. 0. -1. 0.
-0.977 0.215 0. -81.610 0.215 0.977 0. 97.859 0. 0. -1. 0.
-0.984 0.179 0. -83.093 0.179 0.984 0. 97.919 0. 0. -1. 0.
-0.987 0.162 0. -84.426 0.162 0.987 0. 98.105 0. 0. -1. 0.
-0.984 0.180 0. -85.789 0.180 0.984 0. 98.433 0. 0. -1. 0.
-0.979 0.202 0. -87.070 0.202 0.979 0. 98.708 0. 0. -1. 0.
-0.972 0.235 0. -88.517 0.235 0.972 0. 99.101 0. 0. -1. 0.
-0.961 0.278 0. -90.079 0.278 0.961 0. 99.473 0. 0. -1. 0.
-0.944 0.329 0. -91.699 0.329 0.944 0. 99.914 0. 0. -1. 0.
-0.923 0.385 0. -93.034 0.385 0.923 0. 100.631 0. 0. -1. 0.
-0.893 0.450 0. -94.481 0.450 0.893 0. 101.451 0. 0. -1. 0.
-0.866 0.500 0. -95.954 0.500 0.866 0. 102.311 0. 0. -1. 0.
-0.827 0.562 0. -97.399 0.562 0.827 0. 103.196 0. 0. -1. 0.
-0.791 0.612 0. -98.589 0.612 0.791 0. 104.434 0. 0. -1. 0.
-0.758 0.653 0. -100.017 0.653 0.758 0. 105.482 0. 0. -1. 0.
-0.739 0.674 0. -101.276 0.674 0.739 0. 106.673 0. 0. -1. 0.
-0.729 0.684 0. -102.557 0.684 0.729 0. 108.083 0. 0. -1. 0.
-0.721 0.693 0. -103.946 0.693 0.721 0. 109.398 0. 0. -1. 0.
-0.718 0.696 0. -105.280 0.696 0.718 0. 110.768 0. 0. -1. 0.
-0.717 0.697 0. -106.668 0.697 0.717 0. 112.233 0. 0. -1. 0.
-0.709 0.705 0. -108.158 0.705 0.709 0. 113.672 0. 0. -1. 0.
-0.710 0.704 0. -109.546 0.704 0.710 0. 115.125 0. 0. -1. 0.
-0.714 0.701 0. -111.059 0.701 0.714 0. 116.667 0. 0. -1. 0.
-0.708 0.706 0. -112.589 0.706 0.708 0. 118.284 0. 0. -1. 0.
-0.704 0.711 0. -114.174 0.711 0.704 0. 119.855 0. 0. -1. 0.
-0.701 0.713 0. -115.774 0.713 0.701 0. 121.511 0. 0. -1. 0.
-0.703 0.711 0. -117.422 0.711 0.703 0. 123.018 0. 0. -1. 0.
-0.701 0.713 0. -118.922 0.713 0.701 0. 124.879 0. 0. -1. 0.
-0.702 0.712 0. -120.631 0.712 0.702 0. 126.561 0. 0. -1. 0.
-0.696 0.718 0. -122.295 0.718 0.696 0. 128.249 0. 0. -1. 0.
-0.695 0.719 0. -124.034 0.719 0.695 0. 129.971 0. 0. -1. 0.
-0.695 0.719 0. -125.746 0.719 0.695 0. 131.771 0. 0. -1. 0.
-0.698 0.716 0. -127.324 0.716 0.698 0. 133.713 0. 0. -1. 0.
-0.696 0.718 0. -128.996 0.718 0.696 0. 135.595 0. 0. -1. 0.
-0.695 0.719 0. -130.816 0.719 0.695 0. 137.235 0. 0. -1. 0.
-0.694 0.720 0. -132.492 0.720 0.694 0. 139.164 0. 0. -1. 0.
-0.696 0.718 0. -134.157 0.718 0.696 0. 141.072 0. 0. -1. 0.
-0.695 0.719 0. -135.905 0.719 0.695 0. 142.946 0. 0. -1. 0.
-0.688 0.726 0. -137.684 0.726 0.688 0. 144.879 0. 0. -1. 0.
-0.687 0.726 0. -139.406 0.726 0.687 0. 146.755 0. 0. -1. 0.
-0.688 0.726 0. -141.134 0.726 0.688 0. 148.555 0. 0. -1. 0.
-0.679 0.734 0. -142.904 0.734 0.679 0. 150.588 0. 0. -1. 0.
-0.669 0.743 0. -144.579 0.743 0.669 0. 152.515 0. 0. -1. 0.
-0.653 0.757 0. -146.186 0.757 0.653 0. 154.551 0. 0. -1. 0.
-0.628 0.778 0. -147.701 0.778 0.628 0. 156.518 0. 0. -1. 0.
-0.596 0.803 0. -149.198 0.803 0.596 0. 158.549 0. 0. -1. 0.
-0.569 0.822 0. -150.585 0.822 0.569 0. 160.644 0. 0. -1. 0.
-0.544 0.839 0. -151.916 0.839 0.544 0. 162.779 0. 0. -1. 0.
-0.513 0.858 0. -153.136 0.858 0.513 0. 164.901 0. 0. -1. 0.
-0.480 0.877 0. -154.209 0.877 0.480 0. 167.094 0. 0. -1. 0.
-0.443 0.896 0. -155.333 0.896 0.443 0. 169.324 0. 0. -1. 0.
-0.404 0.915 0. -156.312 0.915 0.404 0. 171.690 0. 0. -1. 0.
-0.366 0.931 0. -157.121 0.931 0.366 0. 173.961 0. 0. -1. 0.
-0.324 0.946 0. -157.927 0.946 0.324 0. 176.309 0. 0. -1. 0.
-0.279 0.960 0. -158.554 0.960 0.279 0. 178.649 0. 0. -1. 0.
-0.237 0.971 0. -159.147 0.971 0.237 0. 181.007 0. 0. -1. 0.
-0.195 0.981 0. -159.607 0.981 0.195 0. 183.488 0. 0. -1. 0.
-0.161 0.987 0. -159.889 0.987 0.161 0. 185.893 0. 0. -1. 0.
-0.139 0.990 0. -160.250 0.990 0.139 0. 188.383 0. 0. -1. 0.
-0.135 0.991 0. -160.396 0.991 0.135 0. 190.955 0. 0. -1. 0.
-0.124 0.992 0. -160.828 0.992 0.124 0. 193.516 0. 0. -1. 0.
-0.118 0.993 0. -160.982 0.993 0.118 0. 196.142 0. 0. -1. 0.
-0.111 0.994 0. -161.040 0.994 0.111 0. 198.773 0. 0. -1. 0.
-0.102 0.995 0. -161.262 0.995 0.102 0. 201.348 0. 0. -1. 0.
-0.101 0.995 0. -161.552 0.995 0.101 0. 203.887 0. 0. -1. 0.
-0.102 0.995 0. -161.739 0.995 0.102 0. 206.373 0. 0. -1. 0.
-0.110 0.994 0. -162.058 0.994 0.110 0. 208.782 0. 0. -1. 0.
-0.120 0.993 0. -162.335 0.993 0.120 0. 211.264 0. 0. -1. 0.
-0.136 0.991 0. -162.552 0.991 0.136 0. 213.794 0. 0. -1. 0.
-0.163 0.987 0. -162.883 0.987 0.163 0. 216.173 0. 0. -1. 0.
-0.195 0.981 0. -163.296 0.981 0.195 0. 218.494 0. 0. -1. 0.
-0.232 0.973 0. -163.778 0.973 0.232 0. 220.868 0. 0. -1. 0.
-0.277 0.961 0. -164.268 0.961 0.277 0. 223.039 0. 0. -1. 0.
-0.340 0.941 0. -165.104 0.941 0.340 0. 225.162 0. 0. -1. 0.
-0.413 0.911 0. -165.912 0.911 0.413 0. 227.181 0. 0. -1. 0.
-0.498 0.867 0. -167.031 0.867 0.498 0. 229.193 0. 0. -1. 0.
-0.581 0.814 0. -168.265 0.814 0.581 0. 230.969 0. 0. -1. 0.
-0.655 0.756 0. -169.764 0.756 0.655 0. 232.576 0. 0. -1. 0.
-0.723 0.691 0. -171.205 0.691 0.723 0. 234.201 0. 0. -1. 0.
-0.780 0.626 0. -173.070 0.626 0.780 0. 235.526 0. 0. -1. 0.
-0.824 0.567 0. -174.732 0.567 0.824 0. 236.841 0. 0. -1. 0.
-0.859 0.512 0. -176.619 0.512 0.859 0. 238.016 0. 0. -1. 0.
-0.886 0.464 0. -178.648 0.464 0.886 0. 239.103 0. 0. -1. 0.
-0.908 0.419 0. -180.606 0.419 0.908 0. 240.188 0. 0. -1. 0.
-0.923 0.385 0. -182.763 0.385 0.923 0. 241.038 0. 0. -1. 0.
-0.936 0.352 0. -184.925 0.352 0.936 0. 241.948 0. 0. -1. 0.
-0.948 0.319 0. -187.160 0.319 0.948 0. 242.780 0. 0. -1. 0.
-0.957 0.290 0. -189.519 0.290 0.957 0. 243.484 0. 0. -1. 0.
-0.961 0.276 0. -191.888 0.276 0.961 0. 244.150 0. 0. -1. 0.
-0.965 0.262 0. -194.171 0.262 0.965 0. 244.835 0. 0. -1. 0.
-0.965 0.261 0. -196.502 0.261 0.965 0. 245.537 0. 0. -1. 0.
-0.965 0.262 0. -198.920 0.262 0.965 0. 246.216 0. 0. -1. 0.
-0.965 0.263 0. -201.157 0.263 0.965 0. 246.988 0. 0. -1. 0.
-0.964 0.264 0. -203.467 0.264 0.964 0. 247.579 0. 0. -1. 0.
-0.966 0.260 0. -205.674 0.260 0.966 0. 248.249 0. 0. -1. 0.
-0.966 0.258 0. -208.076 0.258 0.966 0. 248.852 0. 0. -1. 0.
-0.966 0.259 0. -210.321 0.259 0.966 0. 249.511 0. 0. -1. 0.
-0.965 0.263 0. -212.507 0.263 0.965 0. 250.089 0. 0. -1. 0.
-0.962 0.272 0. -214.589 0.272 0.962 0. 250.687 0. 0. -1. 0.
-0.962 0.274 0. -216.711 0.274 0.962 0. 251.380 0. 0. -1. 0.
-0.960 0.279 0. -218.726 0.279 0.960 0. 251.919 0. 0. -1. 0.
-0.957 0.289 0. -220.856 0.289 0.957 0. 252.618 0. 0. -1. 0.
-0.955 0.298 0. -222.583 0.298 0.955 0. 253.306 0. 0. -1. 0.
-0.950 0.314 0. -224.595 0.314 0.950 0. 253.882 0. 0. -1. 0.
-0.944 0.330 0. -226.364 0.330 0.944 0. 254.608 0. 0. -1. 0.
-0.937 0.350 0. -228.097 0.350 0.937 0. 255.195 0. 0. -1. 0.
-0.930 0.367 0. -229.704 0.367 0.930 0. 255.936 0. 0. -1. 0.
-0.923 0.385 0. -231.266 0.385 0.923 0. 256.517 0. 0. -1. 0.
-0.915 0.404 0. -232.747 0.404 0.915 0. 257.321 0. 0. -1. 0.
-0.901 0.433 0. -234.129 0.433 0.901 0. 258.129 0. 0. -1. 0.
-0.889 0.459 0. -235.425 0.459 0.889 0. 258.580 0. 0. -1. 0.
-0.877 0.481 0. -236.568 0.481 0.877 0. 259.297 0. 0. -1. 0.
-0.871 0.491 0. -237.675 0.491 0.871 0. 260.001 0. 0. -1. 0.
-0.871 0.491 0. -238.653 0.491 0.871 0. 260.600 0. 0. -1. 0.
-0.876 0.482 0. -239.662 0.482 0.876 0. 261.100 0. 0. -1. 0.
-0.881 0.474 0. -240.547 0.474 0.881 0. 261.645 0. 0. -1. 0.
-0.887 0.461 0. -241.313 0.461 0.887 0. 262.070 0. 0. -1. 0.
-0.889 0.458 0. -242.203 0.458 0.889 0. 262.453 0. 0. -1. 0.
-0.895 0.445 0. -242.739 0.445 0.895 0. 262.924 0. 0. -1. 0.
-0.898 0.440 0. -243.443 0.440 0.898 0. 263.138 0. 0. -1. 0.
-0.900 0.435 0. -244.058 0.435 0.900 0. 263.497 0. 0. -1. 0.
-0.899 0.438 0. -244.578 0.438 0.899 0. 263.790 0. 0. -1. 0.
-0.902 0.431 0. -245.103 0.431 0.902 0. 264.114 0. 0. -1. 0.
-0.903 0.430 0. -245.447 0.430 0.903 0. 264.151 0. 0. -1. 0.
-0.904 0.427 0. -245.847 0.427 0.904 0. 264.281 0. 0. -1. 0.
-0.904 0.427 0. -246.221 0.427 0.904 0. 264.628 0. 0. -1. 0.
-0.905 0.425 0. -246.471 0.425 0.905 0. 264.822 0. 0. -1. 0.
-0.902 0.431 0. -246.601 0.431 0.902 0. 264.773 0. 0. -1. 0.
-0.903 0.431 0. -246.767 0.431 0.903 0. 264.897 0. 0. -1. 0.
-0.903 0.430 0. -246.895 0.430 0.903 0. 265.000 0. 0. -1. 0.
-0.903 0.429 0. -246.942 0.429 0.903 0. 265.029 0. 0. -1. 0.
-0.904 0.427 0. -246.988 0.427 0.904 0. 265.039 0. 0. -1. 0.
-0.904 0.427 0. -247.072 0.427 0.904 0. 265.050 0. 0. -1. 0.
-0.905 0.426 0. -247.030 0.426 0.905 0. 265.035 0. 0. -1. 0.
-0.904 0.429 0. -247.068 0.429 0.904 0. 265.028 0. 0. -1. 0.
-0.904 0.428 0. -247.062 0.428 0.904 0. 265.025 0. 0. -1. 0.
-0.905 0.425 0. -247.006 0.425 0.905 0. 264.941 0. 0. -1. 0.
-0.907 0.421 0. -247.080 0.421 0.907 0. 265.103 0. 0. -1. 0.
-0.906 0.424 0. -247.019 0.424 0.906 0. 265.269 0. 0. -1. 0.
-0.906 0.424 0. -246.998 0.424 0.906 0. 265.251 0. 0. -1. 0.
-0.907 0.422 0. -247.044 0.422 0.907 0. 264.994 0. 0. -1. 0.
-0.906 0.424 0. -247.041 0.424 0.906 0. 265.118 0. 0. -1. 0.
-0.904 0.427 0. -247.016 0.427 0.904 0. 265.015 0. 0. -1. 0.
-0.905 0.425 0. -247.011 0.425 0.905 0. 264.990 0. 0. -1. 0.
-0.905 0.425 0. -247.047 0.425 0.905 0. 264.993 0. 0. -1. 0.
-0.906 0.423 0. -247.094 0.423 0.906 0. 265.059 0. 0. -1. 0.
-0.903 0.430 0. -247.075 0.430 0.903 0. 265.081 0. 0. -1. 0.
-0.905 0.426 0. -247.102 0.426 0.905 0. 265.003 0. 0. -1. 0.
-0.906 0.423 0. -247.209 0.423 0.906 0. 265.100 0. 0. -1. 0.
-0.905 0.426 0. -247.297 0.426 0.905 0. 265.118 0. 0. -1. 0.
-0.905 0.425 0. -247.368 0.425 0.905 0. 265.385 0. 0. -1. 0.
-0.907 0.422 0. -247.556 0.422 0.907 0. 265.257 0. 0. -1. 0.
-0.907 0.421 0. -247.622 0.421 0.907 0. 265.366 0. 0. -1. 0.
-0.906 0.423 0. -247.832 0.423 0.906 0. 265.363 0. 0. -1. 0.
-0.907 0.421 0. -247.932 0.421 0.907 0. 265.442 0. 0. -1. 0.
-0.908 0.418 0. -248.161 0.418 0.908 0. 265.617 0. 0. -1. 0.
-0.907 0.421 0. -248.321 0.421 0.907 0. 265.779 0. 0. -1. 0.
-0.906 0.423 0. -248.501 0.423 0.906 0. 265.918 0. 0. -1. 0.
-0.907 0.422 0. -248.637 0.422 0.907 0. 265.810 0. 0. -1. 0.
-0.907 0.420 0. -248.743 0.420 0.907 0. 265.778 0. 0. -1. 0.
-0.907 0.421 0. -248.971 0.421 0.907 0. 265.991 0. 0. -1. 0.
-0.905 0.426 0. -249.000 0.426 0.905 0. 265.987 0. 0. -1. 0.
-0.906 0.423 0. -249.226 0.423 0.906 0. 266.050 0. 0. -1. 0.
-0.904 0.427 0. -249.417 0.427 0.904 0. 266.196 0. 0. -1. 0.
-0.905 0.426 0. -249.603 0.426 0.905 0. 266.244 0. 0. -1. 0.
-0.905 0.426 0. -249.804 0.426 0.905 0. 266.338 0. 0. -1. 0.
-0.903 0.429 0. -250.028 0.429 0.903 0. 266.428 0. 0. -1. 0.
-0.902 0.431 0. -250.317 0.431 0.902 0. 266.525 0. 0. -1. 0.
-0.898 0.440 0. -250.744 0.440 0.898 0. 266.781 0. 0. -1. 0.
-0.889 0.459 0. -251.204 0.459 0.889 0. 267.075 0. 0. -1. 0.
-0.872 0.490 0. -251.733 0.490 0.872 0. 267.315 0. 0. -1. 0.
-0.839 0.544 0. -252.375 0.544 0.839 0. 267.685 0. 0. -1. 0.
-0.790 0.613 0. -252.926 0.613 0.790 0. 268.170 0. 0. -1. 0.
-0.726 0.688 0. -253.551 0.688 0.726 0. 268.840 0. 0. -1. 0.
-0.641 0.767 0. -254.102 0.767 0.641 0. 269.667 0. 0. -1. 0.
-0.534 0.845 0. -254.560 0.845 0.534 0. 270.628 0. 0. -1. 0.
-0.415 0.910 0. -254.934 0.910 0.415 0. 271.382 0. 0. -1. 0.
-0.304 0.953 0. -255.098 0.953 0.304 0. 272.575 0. 0. -1. 0.
-0.194 0.981 0. -255.451 0.981 0.194 0. 273.756 0. 0. -1. 0.
-0.098 0.995 0. -255.441 0.995 0.098 0. 275.124 0. 0. -1. 0.
-0.023 1.000 0. -255.416 1.000 0.023 0. 276.517 0. 0. -1. 0.
0.024 1.000 0. -255.527 1.000 -0.024 -0. 278.142 0. 0. -1. 0.
0.063 0.998 0. -255.313 0.998 -0.063 -0. 279.904 0. 0. -1. 0.
0.100 0.995 0. -255.144 0.995 -0.100 -0. 281.672 0. 0. -1. 0.
0.132 0.991 0. -254.868 0.991 -0.132 -0. 283.646 0. 0. -1. 0.
0.170 0.985 0. -254.325 0.985 -0.170 -0. 285.695 0. 0. -1. 0.
0.203 0.979 0. -253.936 0.979 -0.203 -0. 287.793 0. 0. -1. 0.
0.242 0.970 0. -253.461 0.970 -0.242 -0. 289.964 0. 0. -1. 0.
0.262 0.965 0. -252.732 0.965 -0.262 -0. 292.175 0. 0. -1. 0.
0.272 0.962 0. -252.010 0.962 -0.272 -0. 294.573 0. 0. -1. 0.
0.277 0.961 0. -251.299 0.961 -0.277 -0. 297.048 0. 0. -1. 0.
0.273 0.962 0. -250.398 0.962 -0.273 -0. 299.430 0. 0. -1. 0.
0.269 0.963 0. -249.709 0.963 -0.269 -0. 302.022 0. 0. -1. 0.
0.266 0.964 0. -249.042 0.964 -0.266 -0. 304.555 0. 0. -1. 0.
0.264 0.964 0. -248.187 0.964 -0.264 -0. 307.123 0. 0. -1. 0.
0.269 0.963 0. -247.447 0.963 -0.269 -0. 309.828 0. 0. -1. 0.
0.265 0.964 0. -246.537 0.964 -0.265 -0. 312.655 0. 0. -1. 0.
0.268 0.964 0. -245.764 0.964 -0.268 -0. 315.434 0. 0. -1. 0.
0.270 0.963 0. -244.904 0.963 -0.270 -0. 318.310 0. 0. -1. 0.
0.267 0.964 0. -244.076 0.964 -0.267 -0. 321.229 0. 0. -1. 0.
0.270 0.963 0. -243.197 0.963 -0.270 -0. 324.295 0. 0. -1. 0.
0.274 0.962 0. -242.351 0.962 -0.274 -0. 327.242 0. 0. -1. 0.
0.276 0.961 0. -241.376 0.961 -0.276 -0. 330.301 0. 0. -1. 0.
0.271 0.963 0. -240.346 0.963 -0.271 -0. 333.454 0. 0. -1. 0.
0.272 0.962 0. -239.478 0.962 -0.272 -0. 336.619 0. 0. -1. 0.
0.277 0.961 0. -238.509 0.961 -0.277 -0. 339.616 0. 0. -1. 0.
0.281 0.960 0. -237.581 0.960 -0.281 -0. 342.740 0. 0. -1. 0.
0.275 0.962 0. -236.675 0.962 -0.275 -0. 345.843 0. 0. -1. 0.
0.277 0.961 0. -235.691 0.961 -0.277 -0. 349.089 0. 0. -1. 0.
0.275 0.961 0. -234.804 0.961 -0.275 -0. 352.271 0. 0. -1. 0.
0.274 0.962 0. -233.527 0.962 -0.274 -0. 355.614 0. 0. -1. 0.
0.271 0.963 0. -232.625 0.963 -0.271 -0. 358.962 0. 0. -1. 0.
0.270 0.963 0. -231.696 0.963 -0.270 -0. 362.238 0. 0. -1. 0.
0.271 0.963 0. -230.605 0.963 -0.271 -0. 365.729 0. 0. -1. 0.
0.275 0.962 0. -229.567 0.962 -0.275 -0. 369.061 0. 0. -1. 0.
0.273 0.962 0. -228.440 0.962 -0.273 -0. 372.541 0. 0. -1. 0.
0.271 0.963 0. -227.457 0.963 -0.271 -0. 375.946 0. 0. -1. 0.
0.275 0.962 0. -226.476 0.962 -0.275 -0. 379.456 0. 0. -1. 0.
0.276 0.961 0. -225.393 0.961 -0.276 -0. 382.860 0. 0. -1. 0.
0.282 0.959 0. -224.346 0.959 -0.282 -0. 386.328 0. 0. -1. 0.
0.276 0.961 0. -223.204 0.961 -0.276 -0. 389.736 0. 0. -1. 0.
0.280 0.960 0. -222.116 0.960 -0.280 -0. 393.360 0. 0. -1. 0.
0.276 0.961 0. -221.043 0.961 -0.276 -0. 396.621 0. 0. -1. 0.
0.277 0.961 0. -220.064 0.961 -0.277 -0. 400.197 0. 0. -1. 0.
0.276 0.961 0. -218.900 0.961 -0.276 -0. 403.573 0. 0. -1. 0.
0.274 0.962 0. -217.867 0.962 -0.274 -0. 407.015 0. 0. -1. 0.
0.274 0.962 0. -216.933 0.962 -0.274 -0. 410.459 0. 0. -1. 0.
0.271 0.962 0. -215.880 0.962 -0.271 -0. 413.782 0. 0. -1. 0.
0.269 0.963 0. -214.822 0.963 -0.269 -0. 417.186 0. 0. -1. 0.
0.267 0.964 0. -213.838 0.964 -0.267 -0. 420.449 0. 0. -1. 0.
0.270 0.963 0. -212.905 0.963 -0.270 -0. 423.801 0. 0. -1. 0.
0.274 0.962 0. -211.900 0.962 -0.274 -0. 427.030 0. 0. -1. 0.
0.271 0.962 0. -210.902 0.962 -0.271 -0. 430.221 0. 0. -1. 0.
0.274 0.962 0. -209.969 0.962 -0.274 -0. 433.480 0. 0. -1. 0.
0.275 0.961 0. -208.986 0.961 -0.275 -0. 436.576 0. 0. -1. 0.
0.274 0.962 0. -208.021 0.962 -0.274 -0. 439.695 0. 0. -1. 0.
0.272 0.962 0. -207.074 0.962 -0.272 -0. 442.843 0. 0. -1. 0.
0.272 0.962 0. -206.147 0.962 -0.272 -0. 445.982 0. 0. -1. 0.
0.271 0.962 0. -205.246 0.962 -0.271 -0. 449.003 0. 0. -1. 0.
0.270 0.963 0. -204.262 0.963 -0.270 -0. 452.039 0. 0. -1. 0.
0.273 0.962 0. -203.369 0.962 -0.273 -0. 455.084 0. 0. -1. 0.
0.275 0.962 0. -202.568 0.962 -0.275 -0. 458.065 0. 0. -1. 0.
0.270 0.963 0. -201.616 0.963 -0.270 -0. 461.008 0. 0. -1. 0.
0.268 0.963 0. -200.584 0.963 -0.268 -0. 463.961 0. 0. -1. 0.
0.266 0.964 0. -199.678 0.964 -0.266 -0. 466.811 0. 0. -1. 0.
0.265 0.964 0. -198.984 0.964 -0.265 -0. 469.695 0. 0. -1. 0.
0.267 0.964 0. -198.059 0.964 -0.267 -0. 472.619 0. 0. -1. 0.
0.267 0.964 0. -197.177 0.964 -0.267 -0. 475.293 0. 0. -1. 0.
0.272 0.962 0. -196.495 0.962 -0.272 -0. 478.105 0. 0. -1. 0.
0.272 0.962 0. -195.698 0.962 -0.272 -0. 480.868 0. 0. -1. 0.
0.271 0.963 0. -194.840 0.963 -0.271 -0. 483.587 0. 0. -1. 0.
0.268 0.964 0. -193.986 0.964 -0.268 -0. 486.387 0. 0. -1. 0.
0.270 0.963 0. -193.290 0.963 -0.270 -0. 489.040 0. 0. -1. 0.
0.272 0.962 0. -192.531 0.962 -0.272 -0. 491.798 0. 0. -1. 0.
0.265 0.964 0. -191.716 0.964 -0.265 -0. 494.471 0. 0. -1. 0.
0.267 0.964 0. -190.748 0.964 -0.267 -0. 497.212 0. 0. -1. 0.
0.272 0.962 0. -190.049 0.962 -0.272 -0. 499.846 0. 0. -1. 0.
0.275 0.961 0. -189.230 0.961 -0.275 -0. 502.518 0. 0. -1. 0.
0.277 0.961 0. -188.415 0.961 -0.277 -0. 505.165 0. 0. -1. 0.
0.268 0.963 0. -187.603 0.963 -0.268 -0. 507.767 0. 0. -1. 0.
0.276 0.961 0. -186.811 0.961 -0.276 -0. 510.358 0. 0. -1. 0.
0.273 0.962 0. -186.053 0.962 -0.273 -0. 512.835 0. 0. -1. 0.
0.276 0.961 0. -185.190 0.961 -0.276 -0. 515.459 0. 0. -1. 0.
0.275 0.962 0. -184.518 0.962 -0.275 -0. 517.907 0. 0. -1. 0.
0.277 0.961 0. -183.714 0.961 -0.277 -0. 520.488 0. 0. -1. 0.
0.278 0.961 0. -182.936 0.961 -0.278 -0. 522.928 0. 0. -1. 0.
0.276 0.961 0. -182.147 0.961 -0.276 -0. 525.397 0. 0. -1. 0.
0.277 0.961 0. -181.366 0.961 -0.277 -0. 527.926 0. 0. -1. 0.
0.277 0.961 0. -180.576 0.961 -0.277 -0. 530.307 0. 0. -1. 0.
0.281 0.960 0. -179.883 0.960 -0.281 -0. 532.688 0. 0. -1. 0.
0.278 0.961 0. -179.222 0.961 -0.278 -0. 535.045 0. 0. -1. 0.
0.278 0.961 0. -178.515 0.961 -0.278 -0. 537.419 0. 0. -1. 0.
0.279 0.960 0. -177.818 0.960 -0.279 -0. 539.809 0. 0. -1. 0.
0.276 0.961 0. -177.066 0.961 -0.276 -0. 542.029 0. 0. -1. 0.
0.275 0.961 0. -176.469 0.961 -0.275 -0. 544.303 0. 0. -1. 0.
0.273 0.962 0. -175.740 0.962 -0.273 -0. 546.382 0. 0. -1. 0.
0.273 0.962 0. -175.191 0.962 -0.273 -0. 548.544 0. 0. -1. 0.
0.271 0.962 0. -174.467 0.962 -0.271 -0. 550.505 0. 0. -1. 0.
0.276 0.961 0. -173.979 0.961 -0.276 -0. 552.511 0. 0. -1. 0.
0.273 0.962 0. -173.322 0.962 -0.273 -0. 554.262 0. 0. -1. 0.
0.271 0.963 0. -172.856 0.963 -0.271 -0. 556.189 0. 0. -1. 0.
0.269 0.963 0. -172.301 0.963 -0.269 -0. 557.656 0. 0. -1. 0.
0.266 0.964 0. -171.856 0.964 -0.266 -0. 559.064 0. 0. -1. 0.
0.262 0.965 0. -171.551 0.965 -0.262 -0. 560.397 0. 0. -1. 0.
0.257 0.967 0. -171.260 0.967 -0.257 -0. 561.362 0. 0. -1. 0.
0.253 0.967 0. -171.027 0.967 -0.253 -0. 562.299 0. 0. -1. 0.
0.249 0.969 0. -170.829 0.969 -0.249 -0. 562.971 0. 0. -1. 0.
0.246 0.969 0. -170.699 0.969 -0.246 -0. 563.597 0. 0. -1. 0.
0.240 0.971 0. -170.547 0.971 -0.240 -0. 564.028 0. 0. -1. 0.
0.241 0.971 0. -170.526 0.971 -0.241 -0. 564.349 0. 0. -1. 0.
0.238 0.971 0. -170.447 0.971 -0.238 -0. 564.587 0. 0. -1. 0.
0.240 0.971 0. -170.315 0.971 -0.240 -0. 564.721 0. 0. -1. 0.
0.246 0.969 0. -170.381 0.969 -0.246 -0. 564.764 0. 0. -1. 0.
0.244 0.970 0. -170.366 0.970 -0.244 -0. 564.758 0. 0. -1. 0.
0.239 0.971 0. -170.313 0.971 -0.239 -0. 564.768 0. 0. -1. 0.
0.240 0.971 0. -170.256 0.971 -0.240 -0. 564.795 0. 0. -1. 0.
0.246 0.969 0. -170.342 0.969 -0.246 -0. 564.787 0. 0. -1. 0.
0.242 0.970 0. -170.204 0.970 -0.242 -0. 564.798 0. 0. -1. 0.
0.239 0.971 0. -170.301 0.971 -0.239 -0. 564.810 0. 0. -1. 0.
0.243 0.970 0. -170.375 0.970 -0.243 -0. 564.784 0. 0. -1. 0.
0.240 0.971 0. -170.415 0.971 -0.240 -0. 564.724 0. 0. -1. 0.
0.239 0.971 0. -170.295 0.971 -0.239 -0. 564.755 0. 0. -1. 0.
0.237 0.972 0. -170.353 0.972 -0.237 -0. 564.764 0. 0. -1. 0.
0.239 0.971 0. -170.386 0.971 -0.239 -0. 564.779 0. 0. -1. 0.
0.238 0.971 0. -170.294 0.971 -0.238 -0. 564.817 0. 0. -1. 0.
0.238 0.971 0. -170.303 0.971 -0.238 -0. 564.920 0. 0. -1. 0.
0.242 0.970 0. -170.330 0.970 -0.242 -0. 564.987 0. 0. -1. 0.
0.241 0.971 0. -170.310 0.971 -0.241 -0. 565.089 0. 0. -1. 0.
0.239 0.971 0. -170.280 0.971 -0.239 -0. 565.204 0. 0. -1. 0.
0.237 0.971 0. -170.200 0.971 -0.237 -0. 565.383 0. 0. -1. 0.
0.239 0.971 0. -170.169 0.971 -0.239 -0. 565.557 0. 0. -1. 0.
0.237 0.971 0. -170.122 0.971 -0.237 -0. 565.774 0. 0. -1. 0.
0.236 0.972 0. -170.049 0.972 -0.236 -0. 566.037 0. 0. -1. 0.
0.240 0.971 0. -169.951 0.971 -0.240 -0. 566.290 0. 0. -1. 0.
0.241 0.971 0. -169.927 0.971 -0.241 -0. 566.559 0. 0. -1. 0.
0.240 0.971 0. -169.847 0.971 -0.240 -0. 566.843 0. 0. -1. 0.
0.231 0.973 0. -169.672 0.973 -0.231 -0. 567.157 0. 0. -1. 0.
0.227 0.974 0. -169.645 0.974 -0.227 -0. 567.502 0. 0. -1. 0.
0.230 0.973 0. -169.533 0.973 -0.230 -0. 567.858 0. 0. -1. 0.
0.234 0.972 0. -169.581 0.972 -0.234 -0. 568.131 0. 0. -1. 0.
0.229 0.973 0. -169.473 0.973 -0.229 -0. 568.487 0. 0. -1. 0.
