1. 0.001 0. 1.062 -0.001 1. 0. 0.066 0. 0. 1. 0.
1. -0.001 0. 1.366 0.001 1. 0. 0.047 0. 0. 1. 0.
1. -0.000 0. 1.688 0.000 1. 0. 0.005 0. 0. 1. 0.
1. -0.000 0. 2.073 0.000 1. 0. 0.002 0. 0. 1. 0.
1. -0.001 0. 2.513 0.001 1. 0. 0.018 0. 0. 1. 0.
1. -0.001 0. 2.980 0.001 1. 0. 0.005 0. 0. 1. 0.
1. -0. 0. 3.535 0. 1. 0. 0.032 0. 0. 1. 0.
1. -0.000 0. 4.119 0.000 1. 0. 0.018 0. 0. 1. 0.
1. -0.001 0. 4.797 0.001 1. 0. -0.008 0. 0. 1. 0.
1. 0.000 0. 5.528 -0.000 1. 0. -0.001 0. 0. 1. 0.
1. 0.001 0. 6.347 -0.001 1. 0. 0.024 0. 0. 1. 0.
1. 0.002 0. 7.238 -0.002 1. 0. 0.017 0. 0. 1. 0.
1. 0.001 0. 8.219 -0.001 1. 0. 0.013 0. 0. 1. 0.
1. 0.002 0. 9.262 -0.002 1. 0. 0.038 0. 0. 1. 0.
1. 0.001 0. 10.379 -0.001 1. 0. 0.026 0. 0. 1. 0.
1. 0.002 0. 11.558 -0.002 1. 0. 0.045 0. 0. 1. 0.
1. 0.002 0. 12.815 -0.002 1. 0. 0.031 0. 0. 1. 0.
1. 0.003 0. 14.154 -0.003 1. 0. 0.024 0. 0. 1. 0.
1. 0.003 0. 15.562 -0.003 1. 0. 0.040 0. 0. 1. 0.
1. -0.000 0. 17.018 0.000 1. 0. 0.086 0. 0. 1. 0.
1. 0.002 0. 18.558 -0.002 1. 0. 0.037 0. 0. 1. 0.
1. 0.002 0. 20.159 -0.002 1. 0. 0.083 0. 0. 1. 0.
1. 0.002 0. 21.819 -0.002 1. 0. 0.058 0. 0. 1. 0.
1. 0.002 0. 23.557 -0.002 1. 0. 0.068 0. 0. 1. 0.
1. 0.004 0. 25.359 -0.004 1. 0. 0.021 0. 0. 1. 0.
1. 0.005 0. 27.218 -0.005 1. 0. 0.008 0. 0. 1. 0.
1. 0.004 0. 29.110 -0.004 1. 0. 0.023 0. 0. 1. 0.
1. 0.004 0. 31.120 -0.004 1. 0. 0.025 0. 0. 1. 0.
1. 0.006 0. 33.169 -0.006 1. 0. 0.048 0. 0. 1. 0.
1. 0.006 0. 35.276 -0.006 1. 0. 0.060 0. 0. 1. 0.
1. 0.008 0. 37.445 -0.008 1. 0. 0.078 0. 0. 1. 0.
1. 0.008 0. 39.678 -0.008 1. 0. 0.084 0. 0. 1. 0.
1. 0.008 0. 41.961 -0.008 1. 0. 0.094 0. 0. 1. 0.
1. 0.011 0. 44.341 -0.011 1. 0. 0.135 0. 0. 1. 0.
1. 0.011 0. 46.744 -0.011 1. 0. 0.034 0. 0. 1. 0.
1. 0.011 0. 49.191 -0.011 1. 0. -0.021 0. 0. 1. 0.
1. 0.010 0. 51.707 -0.010 1. 0. 0.042 0. 0. 1. 0.
1. 0.010 0. 54.294 -0.010 1. 0. -0.043 0. 0. 1. 0.
1. 0.009 0. 56.897 -0.009 1. 0. -0.004 0. 0. 1. 0.
1. 0.007 0. 59.545 -0.007 1. 0. -0.064 0. 0. 1. 0.
1. 0.005 0. 62.233 -0.005 1. 0. -0.073 0. 0. 1. 0.
1. 0.004 0. 64.922 -0.004 1. 0. -0.088 0. 0. 1. 0.
1. 0.005 0. 67.637 -0.005 1. 0. -0.048 0. 0. 1. 0.
1. 0.005 0. 70.382 -0.005 1. 0. -0.151 0. 0. 1. 0.
1. 0.007 0. 73.169 -0.007 1. 0. -0.154 0. 0. 1. 0.
1. 0.008 0. 75.963 -0.008 1. 0. -0.162 0. 0. 1. 0.
1. 0.007 0. 78.781 -0.007 1. 0. -0.142 0. 0. 1. 0.
1. 0.007 0. 81.639 -0.007 1. 0. -0.135 0. 0. 1. 0.
1. 0.005 0. 84.535 -0.005 1. 0. -0.171 0. 0. 1. 0.
1. 0.006 0. 87.440 -0.006 1. 0. -0.132 0. 0. 1. 0.
1. 0.006 0. 90.372 -0.006 1. 0. -0.147 0. 0. 1. 0.
1. 0.007 0. 93.358 -0.007 1. 0. -0.117 0. 0. 1. 0.
1. 0.006 0. 96.353 -0.006 1. 0. -0.085 0. 0. 1. 0.
1. 0.005 0. 99.394 -0.005 1. 0. -0.083 0. 0. 1. 0.
1. 0.006 0. 102.440 -0.006 1. 0. -0.114 0. 0. 1. 0.
1. 0.006 0. 105.504 -0.006 1. 0. -0.109 0. 0. 1. 0.
1. 0.005 0. 108.613 -0.005 1. 0. -0.195 0. 0. 1. 0.
1. 0.006 0. 111.740 -0.006 1. 0. -0.171 0. 0. 1. 0.
1. 0.008 0. 114.904 -0.008 1. 0. -0.080 0. 0. 1. 0.
1. 0.008 0. 118.032 -0.008 1. 0. -0.097 0. 0. 1. 0.
1. 0.007 0. 121.204 -0.007 1. 0. -0.137 0. 0. 1. 0.
1. 0.006 0. 124.377 -0.006 1. 0. -0.181 0. 0. 1. 0.
1. 0.008 0. 127.519 -0.008 1. 0. -0.089 0. 0. 1. 0.
1. 0.007 0. 130.634 -0.007 1. 0. -0.088 0. 0. 1. 0.
1. 0.007 0. 133.736 -0.007 1. 0. -0.144 0. 0. 1. 0.
1. 0.007 0. 136.873 -0.007 1. 0. -0.169 0. 0. 1. 0.
1. 0.007 0. 139.965 -0.007 1. 0. -0.227 0. 0. 1. 0.
1. 0.008 0. 143.091 -0.008 1. 0. -0.188 0. 0. 1. 0.
1. 0.008 0. 146.195 -0.008 1. 0. -0.197 0. 0. 1. 0.
1. 0.008 0. 149.314 -0.008 1. 0. -0.219 0. 0. 1. 0.
1. 0.006 0. 152.407 -0.006 1. 0. -0.262 0. 0. 1. 0.
1. 0.006 0. 155.533 -0.006 1. 0. -0.373 0. 0. 1. 0.
1. 0.008 0. 158.646 -0.008 1. 0. -0.355 0. 0. 1. 0.
1. 0.007 0. 161.739 -0.007 1. 0. -0.387 0. 0. 1. 0.
1. 0.007 0. 164.851 -0.007 1. 0. -0.363 0. 0. 1. 0.
1. 0.008 0. 167.963 -0.008 1. 0. -0.369 0. 0. 1. 0.
1. 0.008 0. 171.088 -0.008 1. 0. -0.392 0. 0. 1. 0.
1. 0.003 0. 174.194 -0.003 1. 0. -0.432 0. 0. 1. 0.
1. 0.004 0. 177.325 -0.004 1. 0. -0.386 0. 0. 1. 0.
1. 0.007 0. 180.459 -0.007 1. 0. -0.382 0. 0. 1. 0.
1. 0.006 0. 183.603 -0.006 1. 0. -0.404 0. 0. 1. 0.
1. 0.006 0. 186.794 -0.006 1. 0. -0.357 0. 0. 1. 0.
1. 0.006 0. 189.993 -0.006 1. 0. -0.398 0. 0. 1. 0.
1. 0.007 0. 193.195 -0.007 1. 0. -0.268 0. 0. 1. 0.
1. 0.008 0. 196.446 -0.008 1. 0. -0.254 0. 0. 1. 0.
1. 0.008 0. 199.709 -0.008 1. 0. -0.238 0. 0. 1. 0.
1. 0.007 0. 203.010 -0.007 1. 0. -0.295 0. 0. 1. 0.
1. 0.008 0. 206.289 -0.008 1. 0. -0.259 0. 0. 1. 0.
1. 0.007 0. 209.573 -0.007 1. 0. -0.315 0. 0. 1. 0.
1. 0.007 0. 212.928 -0.007 1. 0. -0.345 0. 0. 1. 0.
1. 0.005 0. 216.287 -0.005 1. 0. -0.383 0. 0. 1. 0.
1. 0.006 0. 219.662 -0.006 1. 0. -0.368 0. 0. 1. 0.
1. 0.006 0. 223.056 -0.006 1. 0. -0.361 0. 0. 1. 0.
1. 0.006 0. 226.473 -0.006 1. 0. -0.366 0. 0. 1. 0.
1. 0.008 0. 229.884 -0.008 1. 0. -0.261 0. 0. 1. 0.
1. 0.006 0. 233.340 -0.006 1. 0. -0.334 0. 0. 1. 0.
1. 0.006 0. 236.814 -0.006 1. 0. -0.328 0. 0. 1. 0.
1. 0.006 0. 240.280 -0.006 1. 0. -0.286 0. 0. 1. 0.
1. 0.007 0. 243.796 -0.007 1. 0. -0.276 0. 0. 1. 0.
1. 0.006 0. 247.279 -0.006 1. 0. -0.286 0. 0. 1. 0.
1. 0.008 0. 250.741 -0.008 1. 0. -0.206 0. 0. 1. 0.
1. 0.006 0. 254.243 -0.006 1. 0. -0.215 0. 0. 1. 0.
1. 0.007 0. 257.715 -0.007 1. 0. -0.288 0. 0. 1. 0.
1. 0.008 0. 261.193 -0.008 1. 0. -0.291 0. 0. 1. 0.
1. 0.007 0. 264.681 -0.007 1. 0. -0.287 0. 0. 1. 0.
1. 0.006 0. 268.140 -0.006 1. 0. -0.268 0. 0. 1. 0.
1. 0.003 0. 271.661 -0.003 1. 0. -0.211 0. 0. 1. 0.
1. 0.000 0. 275.169 -0.000 1. 0. -0.189 0. 0. 1. 0.
1. -0.002 0. 278.658 0.002 1. 0. -0.135 0. 0. 1. 0.
1. -0.003 0. 282.161 0.003 1. 0. -0.141 0. 0. 1. 0.
1. -0.002 0. 285.697 0.002 1. 0. 0.036 0. 0. 1. 0.
1. -0.009 0. 289.167 0.009 1. 0. -0.129 0. 0. 1. 0.
1. -0.008 0. 292.627 0.008 1. 0. -0.046 0. 0. 1. 0.
1. -0.011 0. 296.052 0.011 1. 0. 0.023 0. 0. 1. 0.
1.000 -0.015 0. 299.491 0.015 1.000 0. 0.108 0. 0. 1. 0.
1.000 -0.017 0. 302.912 0.017 1.000 0. 0.277 0. 0. 1. 0.
1.000 -0.023 0. 306.313 0.023 1.000 0. 0.333 0. 0. 1. 0.
1.000 -0.026 0. 309.692 0.026 1.000 0. 0.476 0. 0. 1. 0.
1.000 -0.031 0. 313.038 0.031 1.000 0. 0.538 0. 0. 1. 0.
0.999 -0.035 0. 316.347 0.035 0.999 0. 0.664 0. 0. 1. 0.
0.999 -0.040 0. 319.621 0.040 0.999 0. 0.835 0. 0. 1. 0.
0.999 -0.044 0. 322.908 0.044 0.999 0. 0.997 0. 0. 1. 0.
0.999 -0.049 0. 326.161 0.049 0.999 0. 1.141 0. 0. 1. 0.
0.998 -0.055 0. 329.409 0.055 0.998 0. 1.326 0. 0. 1. 0.
0.998 -0.058 0. 332.634 0.058 0.998 0. 1.484 0. 0. 1. 0.
0.998 -0.060 0. 335.843 0.060 0.998 0. 1.731 0. 0. 1. 0.
0.998 -0.059 0. 339.003 0.059 0.998 0. 2.014 0. 0. 1. 0.
0.998 -0.055 0. 342.120 0.055 0.998 0. 2.178 0. 0. 1. 0.
0.999 -0.048 0. 345.198 0.048 0.999 0. 2.395 0. 0. 1. 0.
0.999 -0.043 0. 348.241 0.043 0.999 0. 2.554 0. 0. 1. 0.
0.999 -0.037 0. 351.255 0.037 0.999 0. 2.798 0. 0. 1. 0.
1.000 -0.029 0. 354.275 0.029 1.000 0. 2.905 0. 0. 1. 0.
1.000 -0.023 0. 357.218 0.023 1.000 0. 2.937 0. 0. 1. 0.
1.000 -0.015 0. 360.131 0.015 1.000 0. 3.014 0. 0. 1. 0.
1. -0.009 0. 362.974 0.009 1. 0. 3.006 0. 0. 1. 0.
1. -0.005 0. 365.768 0.005 1. 0. 3.133 0. 0. 1. 0.
1. -0.005 0. 368.442 0.005 1. 0. 3.102 0. 0. 1. 0.
1. -0.005 0. 371.085 0.005 1. 0. 3.176 0. 0. 1. 0.
1. -0.004 0. 373.640 0.004 1. 0. 3.156 0. 0. 1. 0.
1. -0.002 0. 376.077 0.002 1. 0. 3.181 0. 0. 1. 0.
1. -0.001 0. 378.412 0.001 1. 0. 3.225 0. 0. 1. 0.
1. 0.001 0. 380.644 -0.001 1. 0. 3.216 0. 0. 1. 0.
1. 0.002 0. 382.790 -0.002 1. 0. 3.256 0. 0. 1. 0.
1. 0.000 0. 384.808 -0.000 1. 0. 3.228 0. 0. 1. 0.
1. -0.001 0. 386.735 0.001 1. 0. 3.199 0. 0. 1. 0.
1. 0.000 0. 388.571 -0.000 1. 0. 3.281 0. 0. 1. 0.
1. -0.002 0. 390.304 0.002 1. 0. 3.327 0. 0. 1. 0.
1. -0.002 0. 391.958 0.002 1. 0. 3.330 0. 0. 1. 0.
1. -0.002 0. 393.511 0.002 1. 0. 3.328 0. 0. 1. 0.
1. -0.002 0. 395.003 0.002 1. 0. 3.287 0. 0. 1. 0.
1. -0.003 0. 396.419 0.003 1. 0. 3.351 0. 0. 1. 0.
1. -0.003 0. 397.744 0.003 1. 0. 3.349 0. 0. 1. 0.
1. -0.002 0. 398.869 0.002 1. 0. 3.413 0. 0. 1. 0.
1. -0.002 0. 399.913 0.002 1. 0. 3.413 0. 0. 1. 0.
1. -0.002 0. 400.871 0.002 1. 0. 3.349 0. 0. 1. 0.
1. -0.003 0. 401.668 0.003 1. 0. 3.356 0. 0. 1. 0.
1. -0.002 0. 402.370 0.002 1. 0. 3.428 0. 0. 1. 0.
1. -0.002 0. 402.949 0.002 1. 0. 3.401 0. 0. 1. 0.
1. -0.003 0. 403.424 0.003 1. 0. 3.423 0. 0. 1. 0.
1. -0.002 0. 403.820 0.002 1. 0. 3.468 0. 0. 1. 0.
1. -0.004 0. 404.128 0.004 1. 0. 3.425 0. 0. 1. 0.
1. -0.003 0. 404.316 0.003 1. 0. 3.436 0. 0. 1. 0.
1. -0.004 0. 404.426 0.004 1. 0. 3.453 0. 0. 1. 0.
1. -0.003 0. 404.484 0.003 1. 0. 3.441 0. 0. 1. 0.
1. -0.003 0. 404.523 0.003 1. 0. 3.453 0. 0. 1. 0.
1. -0.003 0. 404.537 0.003 1. 0. 3.448 0. 0. 1. 0.
1. -0.002 0. 404.538 0.002 1. 0. 3.452 0. 0. 1. 0.
1. -0.003 0. 404.535 0.003 1. 0. 3.445 0. 0. 1. 0.
1. -0.003 0. 404.539 0.003 1. 0. 3.431 0. 0. 1. 0.
1. -0.002 0. 404.546 0.002 1. 0. 3.418 0. 0. 1. 0.
1. -0.002 0. 404.546 0.002 1. 0. 3.441 0. 0. 1. 0.
1. -0.002 0. 404.540 0.002 1. 0. 3.450 0. 0. 1. 0.
1. -0.003 0. 404.525 0.003 1. 0. 3.452 0. 0. 1. 0.
1. -0.002 0. 404.537 0.002 1. 0. 3.461 0. 0. 1. 0.
1. -0.002 0. 404.544 0.002 1. 0. 3.408 0. 0. 1. 0.
1. -0.002 0. 404.539 0.002 1. 0. 3.457 0. 0. 1. 0.
1. -0.003 0. 404.536 0.003 1. 0. 3.440 0. 0. 1. 0.
1. -0.003 0. 404.531 0.003 1. 0. 3.453 0. 0. 1. 0.
1. -0.002 0. 404.536 0.002 1. 0. 3.448 0. 0. 1. 0.
1. -0.002 0. 404.538 0.002 1. 0. 3.468 0. 0. 1. 0.
1. -0.002 0. 404.536 0.002 1. 0. 3.459 0. 0. 1. 0.
1. -0.002 0. 404.544 0.002 1. 0. 3.443 0. 0. 1. 0.
1. -0.002 0. 404.542 0.002 1. 0. 3.445 0. 0. 1. 0.
1. -0.002 0. 404.532 0.002 1. 0. 3.447 0. 0. 1. 0.
1. -0.003 0. 404.537 0.003 1. 0. 3.438 0. 0. 1. 0.
1. -0.002 0. 404.542 0.002 1. 0. 3.432 0. 0. 1. 0.
1. -0.003 0. 404.533 0.003 1. 0. 3.420 0. 0. 1. 0.
1. -0.002 0. 404.534 0.002 1. 0. 3.443 0. 0. 1. 0.
1. -0.003 0. 404.523 0.003 1. 0. 3.456 0. 0. 1. 0.
1. -0.002 0. 404.536 0.002 1. 0. 3.447 0. 0. 1. 0.
1. -0.003 0. 404.535 0.003 1. 0. 3.446 0. 0. 1. 0.
1. -0.002 0. 404.539 0.002 1. 0. 3.436 0. 0. 1. 0.
1. -0.002 0. 404.536 0.002 1. 0. 3.441 0. 0. 1. 0.
1. -0.003 0. 404.526 0.003 1. 0. 3.459 0. 0. 1. 0.
1. -0.002 0. 404.530 0.002 1. 0. 3.474 0. 0. 1. 0.
1. -0.002 0. 404.534 0.002 1. 0. 3.462 0. 0. 1. 0.
1. -0.003 0. 404.529 0.003 1. 0. 3.461 0. 0. 1. 0.
1. -0.002 0. 404.539 0.002 1. 0. 3.449 0. 0. 1. 0.
1. -0.003 0. 404.534 0.003 1. 0. 3.432 0. 0. 1. 0.
1. -0.002 0. 404.540 0.002 1. 0. 3.445 0. 0. 1. 0.
1. -0.003 0. 404.531 0.003 1. 0. 3.446 0. 0. 1. 0.
1. -0.002 0. 404.530 0.002 1. 0. 3.457 0. 0. 1. 0.
1. -0.003 0. 404.534 0.003 1. 0. 3.456 0. 0. 1. 0.
1. -0.003 0. 404.536 0.003 1. 0. 3.452 0. 0. 1. 0.
1. -0.002 0. 404.528 0.002 1. 0. 3.465 0. 0. 1. 0.
1. -0.003 0. 404.530 0.003 1. 0. 3.473 0. 0. 1. 0.
1. -0.003 0. 404.535 0.003 1. 0. 3.442 0. 0. 1. 0.
1. -0.003 0. 404.525 0.003 1. 0. 3.445 0. 0. 1. 0.
1. -0.003 0. 404.535 0.003 1. 0. 3.446 0. 0. 1. 0.
1. -0.003 0. 404.528 0.003 1. 0. 3.452 0. 0. 1. 0.
1. -0.003 0. 404.532 0.003 1. 0. 3.445 0. 0. 1. 0.
1. -0.002 0. 404.530 0.002 1. 0. 3.444 0. 0. 1. 0.
1. -0.003 0. 404.526 0.003 1. 0. 3.441 0. 0. 1. 0.
1. -0.003 0. 404.529 0.003 1. 0. 3.438 0. 0. 1. 0.
1. -0.003 0. 404.524 0.003 1. 0. 3.449 0. 0. 1. 0.
1. -0.003 0. 404.531 0.003 1. 0. 3.441 0. 0. 1. 0.
1. -0.003 0. 404.524 0.003 1. 0. 3.446 0. 0. 1. 0.
1. -0.002 0. 404.533 0.002 1. 0. 3.440 0. 0. 1. 0.
1. -0.002 0. 404.539 0.002 1. 0. 3.435 0. 0. 1. 0.
1. -0.002 0. 404.535 0.002 1. 0. 3.430 0. 0. 1. 0.
1. -0.002 0. 404.532 0.002 1. 0. 3.450 0. 0. 1. 0.
1. -0.002 0. 404.535 0.002 1. 0. 3.440 0. 0. 1. 0.
1. -0.003 0. 404.518 0.003 1. 0. 3.449 0. 0. 1. 0.
1. -0.003 0. 404.526 0.003 1. 0. 3.456 0. 0. 1. 0.
1. -0.003 0. 404.531 0.003 1. 0. 3.434 0. 0. 1. 0.
1. -0.003 0. 404.532 0.003 1. 0. 3.437 0. 0. 1. 0.
1. -0.003 0. 404.532 0.003 1. 0. 3.450 0. 0. 1. 0.
1. -0.002 0. 404.539 0.002 1. 0. 3.450 0. 0. 1. 0.
1. -0.002 0. 404.541 0.002 1. 0. 3.448 0. 0. 1. 0.
1. -0.002 0. 404.537 0.002 1. 0. 3.450 0. 0. 1. 0.
1. -0.003 0. 404.529 0.003 1. 0. 3.469 0. 0. 1. 0.
1. -0.003 0. 404.541 0.003 1. 0. 3.432 0. 0. 1. 0.
1. -0.003 0. 404.533 0.003 1. 0. 3.430 0. 0. 1. 0.
1. -0.003 0. 404.541 0.003 1. 0. 3.436 0. 0. 1. 0.
1. -0.003 0. 404.538 0.003 1. 0. 3.451 0. 0. 1. 0.
1. -0.003 0. 404.533 0.003 1. 0. 3.470 0. 0. 1. 0.
1. -0.002 0. 404.540 0.002 1. 0. 3.437 0. 0. 1. 0.
1. -0.002 0. 404.536 0.002 1. 0. 3.458 0. 0. 1. 0.
1. -0.002 0. 404.540 0.002 1. 0. 3.455 0. 0. 1. 0.
1. -0.002 0. 404.536 0.002 1. 0. 3.450 0. 0. 1. 0.
1. -0.002 0. 404.536 0.002 1. 0. 3.462 0. 0. 1. 0.
1. -0.001 0. 404.541 0.001 1. 0. 3.465 0. 0. 1. 0.
1. -0.003 0. 404.532 0.003 1. 0. 3.470 0. 0. 1. 0.
1. -0.002 0. 404.525 0.002 1. 0. 3.471 0. 0. 1. 0.
1. -0.003 0. 404.531 0.003 1. 0. 3.451 0. 0. 1. 0.
1. -0.002 0. 404.538 0.002 1. 0. 3.459 0. 0. 1. 0.
1. -0.003 0. 404.533 0.003 1. 0. 3.441 0. 0. 1. 0.
1. -0.003 0. 404.536 0.003 1. 0. 3.447 0. 0. 1. 0.
1. -0.003 0. 404.537 0.003 1. 0. 3.460 0. 0. 1. 0.
1. -0.003 0. 404.530 0.003 1. 0. 3.454 0. 0. 1. 0.
1. -0.003 0. 404.532 0.003 1. 0. 3.436 0. 0. 1. 0.
1. -0.003 0. 404.525 0.003 1. 0. 3.459 0. 0. 1. 0.
1. -0.003 0. 404.520 0.003 1. 0. 3.472 0. 0. 1. 0.
1. -0.002 0. 404.523 0.002 1. 0. 3.456 0. 0. 1. 0.
1. -0.003 0. 404.524 0.003 1. 0. 3.442 0. 0. 1. 0.
1. -0.003 0. 404.523 0.003 1. 0. 3.424 0. 0. 1. 0.
1. -0.003 0. 404.534 0.003 1. 0. 3.421 0. 0. 1. 0.
1. -0.002 0. 404.536 0.002 1. 0. 3.420 0. 0. 1. 0.
1. -0.002 0. 404.531 0.002 1. 0. 3.450 0. 0. 1. 0.
1. -0.003 0. 404.535 0.003 1. 0. 3.439 0. 0. 1. 0.
1. -0.003 0. 404.537 0.003 1. 0. 3.433 0. 0. 1. 0.
1. -0.003 0. 404.528 0.003 1. 0. 3.443 0. 0. 1. 0.
1. -0.003 0. 404.538 0.003 1. 0. 3.427 0. 0. 1. 0.
1. -0.003 0. 404.536 0.003 1. 0. 3.429 0. 0. 1. 0.
1. -0.002 0. 404.546 0.002 1. 0. 3.433 0. 0. 1. 0.
1. -0.002 0. 404.534 0.002 1. 0. 3.437 0. 0. 1. 0.
1. -0.002 0. 404.538 0.002 1. 0. 3.431 0. 0. 1. 0.
1. -0.003 0. 404.534 0.003 1. 0. 3.430 0. 0. 1. 0.
1. -0.003 0. 404.543 0.003 1. 0. 3.447 0. 0. 1. 0.
1. -0.002 0. 404.540 0.002 1. 0. 3.441 0. 0. 1. 0.
1. -0.002 0. 404.541 0.002 1. 0. 3.427 0. 0. 1. 0.
1. -0.003 0. 404.547 0.003 1. 0. 3.442 0. 0. 1. 0.
1. -0.002 0. 404.534 0.002 1. 0. 3.442 0. 0. 1. 0.
1. -0.002 0. 404.539 0.002 1. 0. 3.442 0. 0. 1. 0.
1. -0.003 0. 404.546 0.003 1. 0. 3.419 0. 0. 1. 0.
1. -0.003 0. 404.530 0.003 1. 0. 3.439 0. 0. 1. 0.
1. -0.002 0. 404.535 0.002 1. 0. 3.432 0. 0. 1. 0.
1. -0.003 0. 404.542 0.003 1. 0. 3.437 0. 0. 1. 0.
1. -0.003 0. 404.531 0.003 1. 0. 3.438 0. 0. 1. 0.
1. -0.002 0. 404.530 0.002 1. 0. 3.441 0. 0. 1. 0.
1. -0.002 0. 404.527 0.002 1. 0. 3.454 0. 0. 1. 0.
1. -0.003 0. 404.536 0.003 1. 0. 3.449 0. 0. 1. 0.
1. -0.003 0. 404.528 0.003 1. 0. 3.435 0. 0. 1. 0.
1. -0.003 0. 404.537 0.003 1. 0. 3.444 0. 0. 1. 0.
1. -0.002 0. 404.536 0.002 1. 0. 3.446 0. 0. 1. 0.
1. -0.003 0. 404.529 0.003 1. 0. 3.450 0. 0. 1. 0.
1. -0.003 0. 404.533 0.003 1. 0. 3.453 0. 0. 1. 0.
1. -0.003 0. 404.531 0.003 1. 0. 3.449 0. 0. 1. 0.
1. -0.003 0. 404.537 0.003 1. 0. 3.440 0. 0. 1. 0.
1. -0.002 0. 404.536 0.002 1. 0. 3.455 0. 0. 1. 0.
1. -0.003 0. 404.537 0.003 1. 0. 3.432 0. 0. 1. 0.
1. -0.003 0. 404.538 0.003 1. 0. 3.447 0. 0. 1. 0.
1. -0.002 0. 404.560 0.002 1. 0. 3.440 0. 0. 1. 0.
1. -0.003 0. 404.594 0.003 1. 0. 3.473 0. 0. 1. 0.
1. -0.003 0. 404.677 0.003 1. 0. 3.439 0. 0. 1. 0.
1. -0.003 0. 404.800 0.003 1. 0. 3.473 0. 0. 1. 0.
1. -0.004 0. 404.989 0.004 1. 0. 3.496 0. 0. 1. 0.
1. -0.002 0. 405.262 0.002 1. 0. 3.472 0. 0. 1. 0.
1. -0.002 0. 405.578 0.002 1. 0. 3.461 0. 0. 1. 0.
1. -0. 0. 406.042 0. 1. 0. 3.456 0. 0. 1. 0.
1. -0.000 0. 406.551 0.000 1. 0. 3.425 0. 0. 1. 0.
1. -0.000 0. 407.138 0.000 1. 0. 3.487 0. 0. 1. 0.
1. 0. 0. 407.814 -0. 1. 0. 3.482 0. 0. 1. 0.
1. 0.001 0. 408.607 -0.001 1. 0. 3.477 0. 0. 1. 0.
1. 0.002 0. 409.469 -0.002 1. 0. 3.473 0. 0. 1. 0.
1. 0.002 0. 410.423 -0.002 1. 0. 3.490 0. 0. 1. 0.
1. 0.002 0. 411.457 -0.002 1. 0. 3.490 0. 0. 1. 0.
1. 0.003 0. 412.549 -0.003 1. 0. 3.489 0. 0. 1. 0.
1. 0.004 0. 413.705 -0.004 1. 0. 3.510 0. 0. 1. 0.
1. 0.005 0. 414.930 -0.005 1. 0. 3.521 0. 0. 1. 0.
1. 0.005 0. 416.242 -0.005 1. 0. 3.507 0. 0. 1. 0.
1. 0.007 0. 417.592 -0.007 1. 0. 3.468 0. 0. 1. 0.
1. 0.007 0. 418.966 -0.007 1. 0. 3.462 0. 0. 1. 0.
1. 0.008 0. 420.385 -0.008 1. 0. 3.481 0. 0. 1. 0.
1. 0.009 0. 421.810 -0.009 1. 0. 3.454 0. 0. 1. 0.
1. 0.010 0. 423.292 -0.010 1. 0. 3.438 0. 0. 1. 0.
1. 0.011 0. 424.757 -0.011 1. 0. 3.478 0. 0. 1. 0.
1. 0.009 0. 426.226 -0.009 1. 0. 3.437 0. 0. 1. 0.
1. 0.007 0. 427.631 -0.007 1. 0. 3.441 0. 0. 1. 0.
1. 0.007 0. 429.089 -0.007 1. 0. 3.489 0. 0. 1. 0.
1. -0.003 0. 430.450 0.003 1. 0. 3.412 0. 0. 1. 0.
1.000 -0.017 0. 431.866 0.017 1.000 0. 3.454 0. 0. 1. 0.
0.999 -0.040 0. 433.241 0.040 0.999 0. 3.541 0. 0. 1. 0.
0.998 -0.067 0. 434.621 0.067 0.998 0. 3.659 0. 0. 1. 0.
0.995 -0.101 0. 435.951 0.101 0.995 0. 3.812 0. 0. 1. 0.
0.990 -0.140 0. 437.276 0.140 0.990 0. 4.083 0. 0. 1. 0.
0.982 -0.187 0. 438.605 0.187 0.982 0. 4.394 0. 0. 1. 0.
0.971 -0.240 0. 439.884 0.240 0.971 0. 4.733 0. 0. 1. 0.
0.955 -0.298 0. 441.137 0.298 0.955 0. 5.175 0. 0. 1. 0.
0.934 -0.357 0. 442.322 0.357 0.934 0. 5.688 0. 0. 1. 0.
0.906 -0.422 0. 443.494 0.422 0.906 0. 6.350 0. 0. 1. 0.
0.871 -0.491 0. 444.603 0.491 0.871 0. 7.048 0. 0. 1. 0.
0.828 -0.560 0. 445.666 0.560 0.828 0. 7.879 0. 0. 1. 0.
0.777 -0.629 0. 446.634 0.629 0.777 0. 8.796 0. 0. 1. 0.
0.720 -0.694 0. 447.525 0.694 0.720 0. 9.817 0. 0. 1. 0.
0.656 -0.755 0. 448.366 0.755 0.656 0. 10.905 0. 0. 1. 0.
0.593 -0.806 0. 449.096 0.806 0.593 0. 12.072 0. 0. 1. 0.
0.530 -0.848 0. 449.812 0.848 0.530 0. 13.312 0. 0. 1. 0.
0.466 -0.885 0. 450.397 0.885 0.466 0. 14.626 0. 0. 1. 0.
0.401 -0.916 0. 450.884 0.916 0.401 0. 15.991 0. 0. 1. 0.
0.330 -0.944 0. 451.316 0.944 0.330 0. 17.400 0. 0. 1. 0.
0.255 -0.967 0. 451.662 0.967 0.255 0. 18.977 0. 0. 1. 0.
0.182 -0.983 0. 451.859 0.983 0.182 0. 20.572 0. 0. 1. 0.
0.133 -0.991 0. 452.007 0.991 0.133 0. 22.284 0. 0. 1. 0.
0.098 -0.995 0. 452.145 0.995 0.098 0. 23.896 0. 0. 1. 0.
0.071 -0.997 0. 452.267 0.997 0.071 0. 25.642 0. 0. 1. 0.
0.045 -0.999 0. 452.302 0.999 0.045 0. 27.375 0. 0. 1. 0.
0.023 -1.000 0. 452.322 1.000 0.023 0. 29.194 0. 0. 1. 0.
0.012 -1. 0. 452.327 1. 0.012 0. 31.139 0. 0. 1. 0.
0.002 -1. 0. 452.371 1. 0.002 0. 33.050 0. 0. 1. 0.
-0.001 -1. 0. 452.329 1. -0.001 0. 35.047 0. 0. 1. 0.
-0.003 -1. 0. 452.306 1. -0.003 0. 37.110 0. 0. 1. 0.
-0.004 -1. 0. 452.294 1. -0.004 0. 39.170 0. 0. 1. 0.
-0.006 -1. 0. 452.258 1. -0.006 0. 41.301 0. 0. 1. 0.
-0.007 -1. 0. 452.231 1. -0.007 0. 43.478 0. 0. 1. 0.
-0.007 -1. 0. 452.214 1. -0.007 0. 45.692 0. 0. 1. 0.
-0.004 -1. 0. 452.209 1. -0.004 0. 47.946 0. 0. 1. 0.
-0.001 -1. 0. 452.187 1. -0.001 0. 50.236 0. 0. 1. 0.
0.000 -1. 0. 452.197 1. 0.000 0. 52.573 0. 0. 1. 0.
0.003 -1. 0. 452.182 1. 0.003 0. 54.959 0. 0. 1. 0.
0.007 -1. 0. 452.204 1. 0.007 0. 57.370 0. 0. 1. 0.
0.008 -1. 0. 452.203 1. 0.008 0. 59.836 0. 0. 1. 0.
0.009 -1. 0. 452.193 1. 0.009 0. 62.323 0. 0. 1. 0.
0.008 -1. 0. 452.224 1. 0.008 0. 64.820 0. 0. 1. 0.
0.008 -1. 0. 452.252 1. 0.008 0. 67.388 0. 0. 1. 0.
0.007 -1. 0. 452.263 1. 0.007 0. 69.946 0. 0. 1. 0.
0.007 -1. 0. 452.263 1. 0.007 0. 72.548 0. 0. 1. 0.
0.006 -1. 0. 452.274 1. 0.006 0. 75.194 0. 0. 1. 0.
0.004 -1. 0. 452.303 1. 0.004 0. 77.838 0. 0. 1. 0.
0.003 -1. 0. 452.284 1. 0.003 0. 80.540 0. 0. 1. 0.
0.002 -1. 0. 452.283 1. 0.002 0. 83.265 0. 0. 1. 0.
0.003 -1. 0. 452.282 1. 0.003 0. 86.030 0. 0. 1. 0.
0.000 -1. 0. 452.301 1. 0.000 0. 88.815 0. 0. 1. 0.
-0.000 -1. 0. 452.300 1. -0.000 0. 91.601 0. 0. 1. 0.
-0.001 -1. 0. 452.280 1. -0.001 0. 94.422 0. 0. 1. 0.
-0.001 -1. 0. 452.295 1. -0.001 0. 97.273 0. 0. 1. 0.
-0.002 -1. 0. 452.277 1. -0.002 0. 100.140 0. 0. 1. 0.
-0.003 -1. 0. 452.238 1. -0.003 0. 103.028 0. 0. 1. 0.
-0.004 -1. 0. 452.224 1. -0.004 0. 105.956 0. 0. 1. 0.
-0.005 -1. 0. 452.192 1. -0.005 0. 108.822 0. 0. 1. 0.
-0.006 -1. 0. 452.164 1. -0.006 0. 111.685 0. 0. 1. 0.
-0.005 -1. 0. 452.110 1. -0.005 0. 114.527 0. 0. 1. 0.
-0.007 -1. 0. 452.131 1. -0.007 0. 117.393 0. 0. 1. 0.
-0.007 -1. 0. 452.076 1. -0.007 0. 120.253 0. 0. 1. 0.
-0.008 -1. 0. 452.040 1. -0.008 0. 123.126 0. 0. 1. 0.
-0.007 -1. 0. 451.982 1. -0.007 0. 126.019 0. 0. 1. 0.
-0.008 -1. 0. 451.964 1. -0.008 0. 128.928 0. 0. 1. 0.
-0.008 -1. 0. 451.937 1. -0.008 0. 131.846 0. 0. 1. 0.
-0.010 -1. 0. 451.898 1. -0.010 0. 134.792 0. 0. 1. 0.
-0.013 -1. 0. 451.854 1. -0.013 0. 137.737 0. 0. 1. 0.
-0.016 -1.000 0. 451.795 1.000 -0.016 0. 140.708 0. 0. 1. 0.
-0.020 -1.000 0. 451.746 1.000 -0.020 0. 143.675 0. 0. 1. 0.
-0.023 -1.000 0. 451.619 1.000 -0.023 0. 146.675 0. 0. 1. 0.
-0.028 -1.000 0. 451.509 1.000 -0.028 0. 149.652 0. 0. 1. 0.
-0.031 -1.000 0. 451.489 1.000 -0.031 0. 152.658 0. 0. 1. 0.
-0.033 -0.999 0. 451.336 0.999 -0.033 0. 155.642 0. 0. 1. 0.
-0.037 -0.999 0. 451.235 0.999 -0.037 0. 158.629 0. 0. 1. 0.
-0.039 -0.999 0. 451.176 0.999 -0.039 0. 161.640 0. 0. 1. 0.
-0.041 -0.999 0. 450.954 0.999 -0.041 0. 164.627 0. 0. 1. 0.
-0.043 -0.999 0. 450.849 0.999 -0.043 0. 167.632 0. 0. 1. 0.
-0.048 -0.999 0. 450.730 0.999 -0.048 0. 170.623 0. 0. 1. 0.
-0.051 -0.999 0. 450.521 0.999 -0.051 0. 173.655 0. 0. 1. 0.
-0.051 -0.999 0. 450.329 0.999 -0.051 0. 176.567 0. 0. 1. 0.
-0.053 -0.999 0. 450.158 0.999 -0.053 0. 179.502 0. 0. 1. 0.
-0.055 -0.999 0. 449.998 0.999 -0.055 0. 182.423 0. 0. 1. 0.
-0.054 -0.999 0. 449.799 0.999 -0.054 0. 185.323 0. 0. 1. 0.
-0.055 -0.999 0. 449.688 0.999 -0.055 0. 188.212 0. 0. 1. 0.
-0.046 -0.999 0. 449.462 0.999 -0.046 0. 191.121 0. 0. 1. 0.
-0.042 -0.999 0. 449.399 0.999 -0.042 0. 193.917 0. 0. 1. 0.
-0.037 -0.999 0. 449.277 0.999 -0.037 0. 196.767 0. 0. 1. 0.
-0.029 -1.000 0. 449.155 1.000 -0.029 0. 199.554 0. 0. 1. 0.
-0.023 -1.000 0. 449.082 1.000 -0.023 0. 202.307 0. 0. 1. 0.
-0.018 -1.000 0. 449.021 1.000 -0.018 0. 205.056 0. 0. 1. 0.
-0.010 -1. 0. 448.932 1. -0.010 0. 207.770 0. 0. 1. 0.
-0.005 -1. 0. 448.942 1. -0.005 0. 210.435 0. 0. 1. 0.
-0.003 -1. 0. 448.911 1. -0.003 0. 213.118 0. 0. 1. 0.
-0.003 -1. 0. 448.894 1. -0.003 0. 215.730 0. 0. 1. 0.
-0.005 -1. 0. 448.858 1. -0.005 0. 218.316 0. 0. 1. 0.
-0.008 -1. 0. 448.831 1. -0.008 0. 220.811 0. 0. 1. 0.
-0.012 -1. 0. 448.802 1. -0.012 0. 223.311 0. 0. 1. 0.
-0.014 -1.000 0. 448.751 1.000 -0.014 0. 225.710 0. 0. 1. 0.
-0.017 -1.000 0. 448.646 1.000 -0.017 0. 228.070 0. 0. 1. 0.
-0.018 -1.000 0. 448.613 1.000 -0.018 0. 230.351 0. 0. 1. 0.
-0.019 -1.000 0. 448.576 1.000 -0.019 0. 232.588 0. 0. 1. 0.
-0.020 -1.000 0. 448.504 1.000 -0.020 0. 234.727 0. 0. 1. 0.
-0.020 -1.000 0. 448.442 1.000 -0.020 0. 236.787 0. 0. 1. 0.
-0.019 -1.000 0. 448.379 1.000 -0.019 0. 238.806 0. 0. 1. 0.
-0.019 -1.000 0. 448.338 1.000 -0.019 0. 240.744 0. 0. 1. 0.
-0.018 -1.000 0. 448.289 1.000 -0.018 0. 242.627 0. 0. 1. 0.
-0.017 -1.000 0. 448.241 1.000 -0.017 0. 244.514 0. 0. 1. 0.
-0.017 -1.000 0. 448.216 1.000 -0.017 0. 246.361 0. 0. 1. 0.
-0.019 -1.000 0. 448.164 1.000 -0.019 0. 248.180 0. 0. 1. 0.
-0.022 -1.000 0. 448.142 1.000 -0.022 0. 249.993 0. 0. 1. 0.
-0.024 -1.000 0. 448.040 1.000 -0.024 0. 251.758 0. 0. 1. 0.
-0.028 -1.000 0. 447.971 1.000 -0.028 0. 253.532 0. 0. 1. 0.
-0.031 -1.000 0. 447.900 1.000 -0.031 0. 255.279 0. 0. 1. 0.
-0.035 -0.999 0. 447.830 0.999 -0.035 0. 256.997 0. 0. 1. 0.
-0.038 -0.999 0. 447.726 0.999 -0.038 0. 258.732 0. 0. 1. 0.
-0.042 -0.999 0. 447.657 0.999 -0.042 0. 260.387 0. 0. 1. 0.
-0.044 -0.999 0. 447.497 0.999 -0.044 0. 262.092 0. 0. 1. 0.
-0.048 -0.999 0. 447.452 0.999 -0.048 0. 263.708 0. 0. 1. 0.
-0.052 -0.999 0. 447.313 0.999 -0.052 0. 265.423 0. 0. 1. 0.
-0.057 -0.998 0. 447.224 0.998 -0.057 0. 267.062 0. 0. 1. 0.
-0.062 -0.998 0. 447.096 0.998 -0.062 0. 268.765 0. 0. 1. 0.
-0.067 -0.998 0. 446.941 0.998 -0.067 0. 270.463 0. 0. 1. 0.
-0.072 -0.997 0. 446.821 0.997 -0.072 0. 272.151 0. 0. 1. 0.
-0.077 -0.997 0. 446.661 0.997 -0.077 0. 273.873 0. 0. 1. 0.
-0.082 -0.997 0. 446.504 0.997 -0.082 0. 275.611 0. 0. 1. 0.
-0.088 -0.996 0. 446.337 0.996 -0.088 0. 277.302 0. 0. 1. 0.
-0.092 -0.996 0. 446.157 0.996 -0.092 0. 279.127 0. 0. 1. 0.
-0.100 -0.995 0. 445.962 0.995 -0.100 0. 280.809 0. 0. 1. 0.
-0.105 -0.994 0. 445.755 0.994 -0.105 0. 282.665 0. 0. 1. 0.
-0.111 -0.994 0. 445.557 0.994 -0.111 0. 284.447 0. 0. 1. 0.
-0.123 -0.992 0. 445.264 0.992 -0.123 0. 286.253 0. 0. 1. 0.
-0.138 -0.990 0. 444.984 0.990 -0.138 0. 288.051 0. 0. 1. 0.
-0.158 -0.987 0. 444.668 0.987 -0.158 0. 289.812 0. 0. 1. 0.
-0.190 -0.982 0. 444.255 0.982 -0.190 0. 291.636 0. 0. 1. 0.
-0.230 -0.973 0. 443.831 0.973 -0.230 0. 293.587 0. 0. 1. 0.
-0.276 -0.961 0. 443.273 0.961 -0.276 0. 295.368 0. 0. 1. 0.
-0.331 -0.944 0. 442.629 0.944 -0.331 0. 297.207 0. 0. 1. 0.
-0.389 -0.921 0. 441.809 0.921 -0.389 0. 298.983 0. 0. 1. 0.
-0.451 -0.892 0. 440.890 0.892 -0.451 0. 300.747 0. 0. 1. 0.
-0.512 -0.859 0. 439.885 0.859 -0.512 0. 302.467 0. 0. 1. 0.
-0.572 -0.820 0. 438.679 0.820 -0.572 0. 304.066 0. 0. 1. 0.
-0.633 -0.774 0. 437.387 0.774 -0.633 0. 305.638 0. 0. 1. 0.
-0.690 -0.724 0. 435.965 0.724 -0.690 0. 307.052 0. 0. 1. 0.
-0.744 -0.668 0. 434.440 0.668 -0.744 0. 308.471 0. 0. 1. 0.
-0.791 -0.612 0. 432.786 0.612 -0.791 0. 309.660 0. 0. 1. 0.
-0.834 -0.552 0. 430.998 0.552 -0.834 0. 310.855 0. 0. 1. 0.
-0.872 -0.489 0. 429.114 0.489 -0.872 0. 311.857 0. 0. 1. 0.
-0.905 -0.425 0. 427.189 0.425 -0.905 0. 312.751 0. 0. 1. 0.
-0.935 -0.355 0. 425.133 0.355 -0.935 0. 313.481 0. 0. 1. 0.
-0.958 -0.285 0. 422.936 0.285 -0.958 0. 314.100 0. 0. 1. 0.
-0.976 -0.219 0. 420.750 0.219 -0.976 0. 314.571 0. 0. 1. 0.
-0.988 -0.156 0. 418.429 0.156 -0.988 0. 314.902 0. 0. 1. 0.
-0.995 -0.105 0. 416.133 0.105 -0.995 0. 315.119 0. 0. 1. 0.
-0.998 -0.061 0. 413.726 0.061 -0.998 0. 315.288 0. 0. 1. 0.
-1.000 -0.021 0. 411.338 0.021 -1.000 0. 315.188 0. 0. 1. 0.
-1. 0.009 0. 408.812 -0.009 -1. 0. 315.224 0. 0. 1. 0.
-0.999 0.033 0. 406.315 -0.033 -0.999 0. 315.126 0. 0. 1. 0.
-0.999 0.049 0. 403.814 -0.049 -0.999 0. 314.901 0. 0. 1. 0.
-0.998 0.065 0. 401.231 -0.065 -0.998 0. 314.724 0. 0. 1. 0.
-0.997 0.080 0. 398.595 -0.080 -0.997 0. 314.449 0. 0. 1. 0.
-0.996 0.092 0. 395.941 -0.092 -0.996 0. 314.219 0. 0. 1. 0.
-0.995 0.099 0. 393.220 -0.099 -0.995 0. 313.944 0. 0. 1. 0.
-0.995 0.100 0. 390.468 -0.100 -0.995 0. 313.670 0. 0. 1. 0.
-0.995 0.099 0. 387.729 -0.099 -0.995 0. 313.396 0. 0. 1. 0.
-0.995 0.096 0. 384.952 -0.096 -0.995 0. 313.114 0. 0. 1. 0.
-0.995 0.096 0. 382.072 -0.096 -0.995 0. 312.866 0. 0. 1. 0.
-0.995 0.096 0. 379.192 -0.096 -0.995 0. 312.564 0. 0. 1. 0.
-0.995 0.095 0. 376.280 -0.095 -0.995 0. 312.254 0. 0. 1. 0.
-0.995 0.097 0. 373.334 -0.097 -0.995 0. 312.031 0. 0. 1. 0.
-0.995 0.098 0. 370.335 -0.098 -0.995 0. 311.665 0. 0. 1. 0.
-0.996 0.095 0. 367.242 -0.095 -0.996 0. 311.367 0. 0. 1. 0.
-0.995 0.098 0. 364.204 -0.098 -0.995 0. 311.099 0. 0. 1. 0.
-0.995 0.097 0. 361.078 -0.097 -0.995 0. 310.759 0. 0. 1. 0.
-0.995 0.100 0. 357.961 -0.100 -0.995 0. 310.434 0. 0. 1. 0.
-0.995 0.098 0. 354.756 -0.098 -0.995 0. 310.065 0. 0. 1. 0.
-0.995 0.101 0. 351.548 -0.101 -0.995 0. 309.773 0. 0. 1. 0.
-0.995 0.101 0. 348.287 -0.101 -0.995 0. 309.435 0. 0. 1. 0.
-0.995 0.101 0. 345.004 -0.101 -0.995 0. 309.073 0. 0. 1. 0.
-0.995 0.101 0. 341.716 -0.101 -0.995 0. 308.714 0. 0. 1. 0.
-0.995 0.100 0. 338.394 -0.100 -0.995 0. 308.453 0. 0. 1. 0.
-0.995 0.101 0. 335.126 -0.101 -0.995 0. 308.093 0. 0. 1. 0.
-0.995 0.100 0. 331.826 -0.100 -0.995 0. 307.696 0. 0. 1. 0.
-0.995 0.103 0. 328.486 -0.103 -0.995 0. 307.459 0. 0. 1. 0.
-0.995 0.100 0. 325.123 -0.100 -0.995 0. 307.091 0. 0. 1. 0.
-0.995 0.102 0. 321.733 -0.102 -0.995 0. 306.699 0. 0. 1. 0.
-0.995 0.102 0. 318.299 -0.102 -0.995 0. 306.291 0. 0. 1. 0.
-0.995 0.101 0. 314.833 -0.101 -0.995 0. 305.946 0. 0. 1. 0.
-0.995 0.102 0. 311.319 -0.102 -0.995 0. 305.551 0. 0. 1. 0.
-0.995 0.103 0. 307.805 -0.103 -0.995 0. 305.204 0. 0. 1. 0.
-0.994 0.105 0. 304.223 -0.105 -0.994 0. 304.766 0. 0. 1. 0.
-0.994 0.106 0. 300.600 -0.106 -0.994 0. 304.431 0. 0. 1. 0.
-0.994 0.108 0. 296.977 -0.108 -0.994 0. 304.082 0. 0. 1. 0.
-0.994 0.109 0. 293.279 -0.109 -0.994 0. 303.733 0. 0. 1. 0.
-0.994 0.111 0. 289.622 -0.111 -0.994 0. 303.234 0. 0. 1. 0.
-0.994 0.111 0. 285.870 -0.111 -0.994 0. 302.804 0. 0. 1. 0.
-0.994 0.113 0. 282.174 -0.113 -0.994 0. 302.423 0. 0. 1. 0.
-0.993 0.115 0. 278.383 -0.115 -0.993 0. 302.038 0. 0. 1. 0.
-0.993 0.118 0. 274.693 -0.118 -0.993 0. 301.567 0. 0. 1. 0.
-0.993 0.120 0. 270.954 -0.120 -0.993 0. 301.055 0. 0. 1. 0.
-0.992 0.125 0. 267.225 -0.125 -0.992 0. 300.580 0. 0. 1. 0.
-0.992 0.128 0. 263.495 -0.128 -0.992 0. 300.114 0. 0. 1. 0.
-0.992 0.129 0. 259.807 -0.129 -0.992 0. 299.706 0. 0. 1. 0.
-0.991 0.131 0. 256.062 -0.131 -0.991 0. 299.118 0. 0. 1. 0.
-0.991 0.134 0. 252.366 -0.134 -0.991 0. 298.664 0. 0. 1. 0.
-0.991 0.136 0. 248.652 -0.136 -0.991 0. 298.205 0. 0. 1. 0.
-0.990 0.138 0. 244.951 -0.138 -0.990 0. 297.704 0. 0. 1. 0.
-0.990 0.140 0. 241.317 -0.140 -0.990 0. 297.164 0. 0. 1. 0.
-0.990 0.141 0. 237.642 -0.141 -0.990 0. 296.604 0. 0. 1. 0.
-0.990 0.143 0. 234.053 -0.143 -0.990 0. 296.064 0. 0. 1. 0.
-0.990 0.143 0. 230.444 -0.143 -0.990 0. 295.518 0. 0. 1. 0.
-0.989 0.146 0. 226.801 -0.146 -0.989 0. 295.026 0. 0. 1. 0.
-0.989 0.149 0. 223.199 -0.149 -0.989 0. 294.427 0. 0. 1. 0.
-0.989 0.148 0. 219.646 -0.148 -0.989 0. 293.924 0. 0. 1. 0.
-0.989 0.146 0. 216.130 -0.146 -0.989 0. 293.416 0. 0. 1. 0.
-0.989 0.147 0. 212.555 -0.147 -0.989 0. 292.987 0. 0. 1. 0.
-0.990 0.144 0. 209.069 -0.144 -0.990 0. 292.387 0. 0. 1. 0.
-0.990 0.143 0. 205.557 -0.143 -0.990 0. 291.963 0. 0. 1. 0.
-0.990 0.142 0. 202.055 -0.142 -0.990 0. 291.448 0. 0. 1. 0.
-0.990 0.142 0. 198.618 -0.142 -0.990 0. 290.843 0. 0. 1. 0.
-0.990 0.143 0. 195.152 -0.143 -0.990 0. 290.342 0. 0. 1. 0.
-0.990 0.144 0. 191.711 -0.144 -0.990 0. 289.941 0. 0. 1. 0.
-0.990 0.143 0. 188.329 -0.143 -0.990 0. 289.364 0. 0. 1. 0.
-0.990 0.140 0. 184.911 -0.140 -0.990 0. 288.887 0. 0. 1. 0.
-0.990 0.139 0. 181.542 -0.139 -0.990 0. 288.407 0. 0. 1. 0.
-0.990 0.138 0. 178.224 -0.138 -0.990 0. 287.760 0. 0. 1. 0.
-0.990 0.140 0. 174.881 -0.140 -0.990 0. 287.351 0. 0. 1. 0.
-0.991 0.137 0. 171.509 -0.137 -0.991 0. 286.931 0. 0. 1. 0.
-0.990 0.138 0. 168.176 -0.138 -0.990 0. 286.472 0. 0. 1. 0.
-0.990 0.138 0. 164.883 -0.138 -0.990 0. 286.006 0. 0. 1. 0.
-0.990 0.139 0. 161.606 -0.139 -0.990 0. 285.481 0. 0. 1. 0.
-0.990 0.141 0. 158.306 -0.141 -0.990 0. 284.945 0. 0. 1. 0.
-0.990 0.142 0. 154.981 -0.142 -0.990 0. 284.557 0. 0. 1. 0.
-0.990 0.143 0. 151.696 -0.143 -0.990 0. 284.075 0. 0. 1. 0.
-0.989 0.145 0. 148.440 -0.145 -0.989 0. 283.540 0. 0. 1. 0.
-0.989 0.145 0. 145.197 -0.145 -0.989 0. 283.050 0. 0. 1. 0.
-0.990 0.145 0. 142.001 -0.145 -0.990 0. 282.585 0. 0. 1. 0.
-0.990 0.144 0. 138.758 -0.144 -0.990 0. 282.016 0. 0. 1. 0.
-0.989 0.149 0. 135.613 -0.149 -0.989 0. 281.371 0. 0. 1. 0.
-0.989 0.147 0. 132.483 -0.147 -0.989 0. 280.833 0. 0. 1. 0.
-0.990 0.143 0. 129.298 -0.143 -0.990 0. 280.440 0. 0. 1. 0.
-0.990 0.141 0. 126.147 -0.141 -0.990 0. 279.967 0. 0. 1. 0.
-0.990 0.144 0. 123.014 -0.144 -0.990 0. 279.509 0. 0. 1. 0.
-0.989 0.147 0. 119.927 -0.147 -0.989 0. 279.037 0. 0. 1. 0.
-0.989 0.148 0. 116.886 -0.148 -0.989 0. 278.573 0. 0. 1. 0.
-0.989 0.146 0. 113.905 -0.146 -0.989 0. 278.183 0. 0. 1. 0.
-0.990 0.144 0. 110.977 -0.144 -0.990 0. 277.804 0. 0. 1. 0.
-0.990 0.144 0. 108.085 -0.144 -0.990 0. 277.275 0. 0. 1. 0.
-0.990 0.144 0. 105.217 -0.144 -0.990 0. 276.775 0. 0. 1. 0.
-0.990 0.142 0. 102.393 -0.142 -0.990 0. 276.452 0. 0. 1. 0.
-0.990 0.142 0. 99.616 -0.142 -0.990 0. 276.055 0. 0. 1. 0.
-0.990 0.142 0. 96.884 -0.142 -0.990 0. 275.676 0. 0. 1. 0.
-0.990 0.140 0. 94.227 -0.140 -0.990 0. 275.248 0. 0. 1. 0.
-0.990 0.140 0. 91.592 -0.140 -0.990 0. 274.819 0. 0. 1. 0.
-0.990 0.142 0. 88.988 -0.142 -0.990 0. 274.423 0. 0. 1. 0.
-0.990 0.142 0. 86.413 -0.142 -0.990 0. 274.023 0. 0. 1. 0.
-0.989 0.146 0. 83.892 -0.146 -0.989 0. 273.720 0. 0. 1. 0.
-0.989 0.149 0. 81.402 -0.149 -0.989 0. 273.381 0. 0. 1. 0.
-0.989 0.147 0. 79.004 -0.147 -0.989 0. 272.979 0. 0. 1. 0.
-0.989 0.149 0. 76.637 -0.149 -0.989 0. 272.536 0. 0. 1. 0.
-0.989 0.149 0. 74.326 -0.149 -0.989 0. 272.256 0. 0. 1. 0.
-0.989 0.148 0. 72.118 -0.148 -0.989 0. 271.904 0. 0. 1. 0.
-0.989 0.149 0. 69.999 -0.149 -0.989 0. 271.567 0. 0. 1. 0.
-0.989 0.147 0. 67.809 -0.147 -0.989 0. 271.183 0. 0. 1. 0.
-0.989 0.149 0. 65.791 -0.149 -0.989 0. 270.826 0. 0. 1. 0.
-0.989 0.149 0. 63.862 -0.149 -0.989 0. 270.564 0. 0. 1. 0.
-0.989 0.145 0. 61.943 -0.145 -0.989 0. 270.243 0. 0. 1. 0.
-0.990 0.142 0. 60.076 -0.142 -0.990 0. 269.988 0. 0. 1. 0.
-0.990 0.144 0. 58.293 -0.144 -0.990 0. 269.784 0. 0. 1. 0.
-0.990 0.142 0. 56.527 -0.142 -0.990 0. 269.533 0. 0. 1. 0.
-0.990 0.138 0. 54.861 -0.138 -0.990 0. 269.264 0. 0. 1. 0.
-0.990 0.141 0. 53.282 -0.141 -0.990 0. 269.069 0. 0. 1. 0.
-0.991 0.137 0. 51.763 -0.137 -0.991 0. 268.878 0. 0. 1. 0.
-0.991 0.136 0. 50.361 -0.136 -0.991 0. 268.720 0. 0. 1. 0.
-0.990 0.139 0. 48.966 -0.139 -0.990 0. 268.440 0. 0. 1. 0.
-0.990 0.139 0. 47.613 -0.139 -0.990 0. 268.238 0. 0. 1. 0.
-0.990 0.142 0. 46.253 -0.142 -0.990 0. 268.066 0. 0. 1. 0.
-0.990 0.143 0. 44.930 -0.143 -0.990 0. 267.967 0. 0. 1. 0.
-0.990 0.144 0. 43.600 -0.144 -0.990 0. 267.690 0. 0. 1. 0.
-0.989 0.146 0. 42.349 -0.146 -0.989 0. 267.408 0. 0. 1. 0.
-0.989 0.150 0. 41.101 -0.150 -0.989 0. 267.174 0. 0. 1. 0.
-0.989 0.150 0. 39.871 -0.150 -0.989 0. 267.008 0. 0. 1. 0.
-0.989 0.151 0. 38.725 -0.151 -0.989 0. 266.846 0. 0. 1. 0.
-0.988 0.152 0. 37.633 -0.152 -0.988 0. 266.668 0. 0. 1. 0.
-0.988 0.153 0. 36.566 -0.153 -0.988 0. 266.613 0. 0. 1. 0.
-0.989 0.150 0. 35.663 -0.150 -0.989 0. 266.346 0. 0. 1. 0.
-0.988 0.153 0. 34.781 -0.153 -0.988 0. 266.273 0. 0. 1. 0.
-0.989 0.151 0. 34.042 -0.151 -0.989 0. 266.152 0. 0. 1. 0.
-0.988 0.152 0. 33.375 -0.152 -0.988 0. 266.024 0. 0. 1. 0.
-0.989 0.150 0. 32.794 -0.150 -0.989 0. 265.877 0. 0. 1. 0.
-0.989 0.151 0. 32.299 -0.151 -0.989 0. 265.798 0. 0. 1. 0.
-0.989 0.150 0. 31.848 -0.150 -0.989 0. 265.701 0. 0. 1. 0.
-0.988 0.153 0. 31.486 -0.153 -0.988 0. 265.721 0. 0. 1. 0.
-0.989 0.149 0. 31.141 -0.149 -0.989 0. 265.593 0. 0. 1. 0.
-0.989 0.150 0. 31.010 -0.150 -0.989 0. 265.535 0. 0. 1. 0.
-0.989 0.149 0. 30.820 -0.149 -0.989 0. 265.537 0. 0. 1. 0.
-0.989 0.149 0. 30.693 -0.149 -0.989 0. 265.526 0. 0. 1. 0.
-0.989 0.150 0. 30.638 -0.150 -0.989 0. 265.523 0. 0. 1. 0.
-0.989 0.149 0. 30.589 -0.149 -0.989 0. 265.519 0. 0. 1. 0.
-0.989 0.149 0. 30.541 -0.149 -0.989 0. 265.496 0. 0. 1. 0.
-0.989 0.149 0. 30.437 -0.149 -0.989 0. 265.425 0. 0. 1. 0.
-0.989 0.148 0. 30.326 -0.148 -0.989 0. 265.416 0. 0. 1. 0.
-0.989 0.150 0. 30.255 -0.150 -0.989 0. 265.400 0. 0. 1. 0.
-0.989 0.148 0. 30.097 -0.148 -0.989 0. 265.378 0. 0. 1. 0.
-0.989 0.150 0. 29.984 -0.150 -0.989 0. 265.392 0. 0. 1. 0.
-0.989 0.150 0. 29.766 -0.150 -0.989 0. 265.386 0. 0. 1. 0.
-0.989 0.151 0. 29.607 -0.151 -0.989 0. 265.409 0. 0. 1. 0.
-0.989 0.150 0. 29.431 -0.150 -0.989 0. 265.345 0. 0. 1. 0.
-0.989 0.150 0. 29.254 -0.150 -0.989 0. 265.317 0. 0. 1. 0.
-0.989 0.150 0. 29.046 -0.150 -0.989 0. 265.240 0. 0. 1. 0.
-0.989 0.150 0. 28.803 -0.150 -0.989 0. 265.209 0. 0. 1. 0.
-0.989 0.149 0. 28.486 -0.149 -0.989 0. 265.167 0. 0. 1. 0.
-0.989 0.149 0. 28.130 -0.149 -0.989 0. 265.102 0. 0. 1. 0.
-0.989 0.150 0. 27.713 -0.150 -0.989 0. 265.085 0. 0. 1. 0.
-0.989 0.149 0. 27.196 -0.149 -0.989 0. 264.976 0. 0. 1. 0.
-0.989 0.150 0. 26.641 -0.150 -0.989 0. 264.853 0. 0. 1. 0.
-0.989 0.151 0. 25.945 -0.151 -0.989 0. 264.755 0. 0. 1. 0.
-0.988 0.151 0. 25.168 -0.151 -0.988 0. 264.589 0. 0. 1. 0.
-0.988 0.153 0. 24.297 -0.153 -0.988 0. 264.458 0. 0. 1. 0.
-0.988 0.153 0. 23.306 -0.153 -0.988 0. 264.274 0. 0. 1. 0.
-0.988 0.155 0. 22.265 -0.155 -0.988 0. 264.104 0. 0. 1. 0.
-0.988 0.154 0. 21.105 -0.154 -0.988 0. 263.875 0. 0. 1. 0.
-0.988 0.156 0. 19.816 -0.156 -0.988 0. 263.762 0. 0. 1. 0.
-0.988 0.157 0. 18.495 -0.157 -0.988 0. 263.539 0. 0. 1. 0.
-0.987 0.160 0. 17.114 -0.160 -0.987 0. 263.309 0. 0. 1. 0.
-0.987 0.159 0. 15.600 -0.159 -0.987 0. 263.129 0. 0. 1. 0.
-0.987 0.160 0. 14.063 -0.160 -0.987 0. 262.784 0. 0. 1. 0.
-0.987 0.159 0. 12.453 -0.159 -0.987 0. 262.520 0. 0. 1. 0.
-0.987 0.158 0. 10.767 -0.158 -0.987 0. 262.221 0. 0. 1. 0.
-0.988 0.155 0. 9.009 -0.155 -0.988 0. 261.985 0. 0. 1. 0.
-0.988 0.155 0. 7.218 -0.155 -0.988 0. 261.663 0. 0. 1. 0.
-0.988 0.151 0. 5.305 -0.151 -0.988 0. 261.375 0. 0. 1. 0.
-0.988 0.154 0. 3.332 -0.154 -0.988 0. 261.090 0. 0. 1. 0.
-0.988 0.154 0. 1.367 -0.154 -0.988 0. 260.788 0. 0. 1. 0.
-0.988 0.154 0. -0.692 -0.154 -0.988 0. 260.419 0. 0. 1. 0.
-0.988 0.155 0. -2.728 -0.155 -0.988 0. 260.103 0. 0. 1. 0.
-0.988 0.156 0. -4.816 -0.156 -0.988 0. 259.777 0. 0. 1. 0.
-0.987 0.158 0. -6.926 -0.158 -0.987 0. 259.406 0. 0. 1. 0.
-0.987 0.160 0. -9.082 -0.160 -0.987 0. 259.054 0. 0. 1. 0.
-0.987 0.159 0. -11.245 -0.159 -0.987 0. 258.663 0. 0. 1. 0.
-0.987 0.161 0. -13.561 -0.161 -0.987 0. 258.320 0. 0. 1. 0.
-0.987 0.162 0. -15.853 -0.162 -0.987 0. 257.957 0. 0. 1. 0.
-0.987 0.162 0. -18.141 -0.162 -0.987 0. 257.516 0. 0. 1. 0.
-0.987 0.163 0. -20.547 -0.163 -0.987 0. 257.139 0. 0. 1. 0.
-0.986 0.165 0. -22.990 -0.165 -0.986 0. 256.696 0. 0. 1. 0.
-0.986 0.166 0. -25.417 -0.166 -0.986 0. 256.291 0. 0. 1. 0.
-0.986 0.166 0. -27.866 -0.166 -0.986 0. 255.842 0. 0. 1. 0.
-0.986 0.166 0. -30.340 -0.166 -0.986 0. 255.437 0. 0. 1. 0.
-0.986 0.167 0. -32.822 -0.167 -0.986 0. 254.995 0. 0. 1. 0.
-0.986 0.166 0. -35.347 -0.166 -0.986 0. 254.527 0. 0. 1. 0.
-0.986 0.167 0. -37.892 -0.167 -0.986 0. 254.167 0. 0. 1. 0.
-0.986 0.168 0. -40.412 -0.168 -0.986 0. 253.734 0. 0. 1. 0.
-0.986 0.167 0. -43.007 -0.167 -0.986 0. 253.309 0. 0. 1. 0.
-0.986 0.165 0. -45.615 -0.165 -0.986 0. 252.806 0. 0. 1. 0.
-0.987 0.164 0. -48.293 -0.164 -0.987 0. 252.327 0. 0. 1. 0.
-0.987 0.162 0. -51.004 -0.162 -0.987 0. 251.934 0. 0. 1. 0.
-0.987 0.163 0. -53.764 -0.163 -0.987 0. 251.442 0. 0. 1. 0.
-0.987 0.162 0. -56.509 -0.162 -0.987 0. 250.990 0. 0. 1. 0.
-0.986 0.164 0. -59.359 -0.164 -0.986 0. 250.512 0. 0. 1. 0.
-0.987 0.161 0. -62.221 -0.161 -0.987 0. 250.015 0. 0. 1. 0.
-0.987 0.161 0. -65.107 -0.161 -0.987 0. 249.512 0. 0. 1. 0.
-0.987 0.159 0. -68.066 -0.159 -0.987 0. 248.952 0. 0. 1. 0.
-0.988 0.156 0. -71.083 -0.156 -0.988 0. 248.457 0. 0. 1. 0.
-0.988 0.154 0. -74.089 -0.154 -0.988 0. 247.979 0. 0. 1. 0.
-0.989 0.150 0. -77.169 -0.150 -0.989 0. 247.471 0. 0. 1. 0.
-0.989 0.147 0. -80.272 -0.147 -0.989 0. 247.017 0. 0. 1. 0.
-0.990 0.141 0. -83.420 -0.141 -0.990 0. 246.594 0. 0. 1. 0.
-0.991 0.133 0. -86.634 -0.133 -0.991 0. 246.069 0. 0. 1. 0.
-0.992 0.130 0. -89.826 -0.130 -0.992 0. 245.595 0. 0. 1. 0.
-0.992 0.125 0. -93.095 -0.125 -0.992 0. 245.178 0. 0. 1. 0.
-0.993 0.117 0. -96.361 -0.117 -0.993 0. 244.742 0. 0. 1. 0.
-0.994 0.110 0. -99.678 -0.110 -0.994 0. 244.294 0. 0. 1. 0.
-0.995 0.103 0. -103.038 -0.103 -0.995 0. 243.887 0. 0. 1. 0.
-0.996 0.094 0. -106.423 -0.094 -0.996 0. 243.598 0. 0. 1. 0.
-0.997 0.083 0. -109.805 -0.083 -0.997 0. 243.198 0. 0. 1. 0.
-0.997 0.078 0. -113.271 -0.078 -0.997 0. 242.876 0. 0. 1. 0.
-0.998 0.070 0. -116.755 -0.070 -0.998 0. 242.657 0. 0. 1. 0.
-0.998 0.061 0. -120.257 -0.061 -0.998 0. 242.330 0. 0. 1. 0.
-0.998 0.057 0. -123.820 -0.057 -0.998 0. 242.088 0. 0. 1. 0.
-0.999 0.052 0. -127.403 -0.052 -0.999 0. 241.820 0. 0. 1. 0.
-0.999 0.050 0. -130.980 -0.050 -0.999 0. 241.641 0. 0. 1. 0.
-0.999 0.041 0. -134.574 -0.041 -0.999 0. 241.492 0. 0. 1. 0.
-0.999 0.037 0. -138.241 -0.037 -0.999 0. 241.265 0. 0. 1. 0.
-1.000 0.030 0. -141.924 -0.030 -1.000 0. 241.166 0. 0. 1. 0.
-1.000 0.024 0. -145.631 -0.024 -1.000 0. 241.027 0. 0. 1. 0.
-1. 0.014 0. -149.352 -0.014 -1. 0. 240.959 0. 0. 1. 0.
-1. 0.007 0. -153.073 -0.007 -1. 0. 240.903 0. 0. 1. 0.
-1. 0. 0. -156.849 -0. -1. 0. 240.980 0. 0. 1. 0.
-1. -0.011 0. -160.603 0.011 -1. 0. 240.903 0. 0. 1. 0.
-1.000 -0.017 0. -164.405 0.017 -1.000 0. 241.007 0. 0. 1. 0.
-1.000 -0.026 0. -168.239 0.026 -1.000 0. 241.097 0. 0. 1. 0.
-1.000 -0.029 0. -172.068 0.029 -1.000 0. 241.177 0. 0. 1. 0.
-0.999 -0.040 0. -175.846 0.040 -0.999 0. 241.268 0. 0. 1. 0.
