1567410208305662 0.99999 0.00414 -0.00000 -1.72872 -0.00414 0.99999 0.00000 -0.04390 0.00000 -0.00000 1.00000 0.00000
1567410208556591 0.99999 0.00503 -0.00000 -2.24369 -0.00503 0.99999 0.00000 -0.03459 0.00000 -0.00000 1.00000 0.00000
1567410208805889 0.99997 0.00792 -0.00000 -2.83239 -0.00792 0.99997 0.00000 -0.03783 0.00000 -0.00000 1.00000 0.00000
1567410209057476 0.99997 0.00817 -0.00000 -3.52158 -0.00817 0.99997 0.00000 -0.03693 0.00000 -0.00000 1.00000 0.00000
1567410209305694 0.99996 0.00921 -0.00000 -4.26642 -0.00921 0.99996 0.00000 -0.02880 0.00000 -0.00000 1.00000 0.00000
1567410209555477 0.99996 0.00841 -0.00000 -5.09185 -0.00841 0.99996 0.00000 -0.04237 0.00000 -0.00000 1.00000 0.00000
1567410209805295 0.99995 0.00992 -0.00000 -5.97062 -0.00992 0.99995 0.00000 -0.04015 0.00000 -0.00000 1.00000 0.00000
1567410210055112 0.99994 0.01066 -0.00000 -6.94858 -0.01066 0.99994 0.00000 -0.07964 0.00000 -0.00000 1.00000 0.00000
1567410210304908 0.99992 0.01260 -0.00000 -8.00773 -0.01260 0.99992 0.00000 -0.06000 0.00000 -0.00000 1.00000 0.00000
1567410210554308 0.99991 0.01324 -0.00000 -9.10636 -0.01324 0.99991 0.00000 -0.05014 0.00000 -0.00000 1.00000 0.00000
1567410210804244 0.99989 0.01509 -0.00000 -10.31121 -0.01509 0.99989 0.00000 -0.04216 0.00000 -0.00000 1.00000 0.00000
1567410211054011 0.99988 0.01573 -0.00000 -11.49386 -0.01573 0.99988 0.00000 -0.05701 0.00000 -0.00000 1.00000 0.00000
1567410211303608 0.99987 0.01640 -0.00000 -12.81132 -0.01640 0.99987 0.00000 -0.07715 0.00000 -0.00000 1.00000 0.00000
1567410211553894 0.99983 0.01860 -0.00000 -14.17370 -0.01860 0.99983 0.00000 -0.06510 0.00000 -0.00000 1.00000 0.00000
1567410211803856 0.99982 0.01907 -0.00000 -15.59445 -0.01907 0.99982 0.00000 -0.08617 0.00000 -0.00000 1.00000 0.00000
1567410212053313 0.99979 0.02034 -0.00000 -17.09171 -0.02034 0.99979 0.00000 -0.00139 0.00000 -0.00000 1.00000 0.00000
1567410212303373 0.99984 0.01791 -0.00000 -18.60343 -0.01791 0.99984 0.00000 -0.07178 0.00000 -0.00000 1.00000 0.00000
1567410212552940 0.99988 0.01574 -0.00000 -20.16775 -0.01574 0.99988 0.00000 -0.12817 0.00000 -0.00000 1.00000 0.00000
1567410212802803 0.99992 0.01301 -0.00000 -21.78075 -0.01301 0.99992 0.00000 -0.17520 0.00000 -0.00000 1.00000 0.00000
1567410213052878 0.99995 0.00983 -0.00000 -23.43790 -0.00983 0.99995 0.00000 -0.28929 0.00000 -0.00000 1.00000 0.00000
1567410213302384 0.99996 0.00899 -0.00000 -25.16027 -0.00899 0.99996 0.00000 -0.28790 0.00000 -0.00000 1.00000 0.00000
1567410213552068 0.99999 0.00490 -0.00000 -26.93829 -0.00490 0.99999 0.00000 -0.39734 0.00000 -0.00000 1.00000 0.00000
1567410213801498 1.00000 0.00285 -0.00000 -28.70691 -0.00285 1.00000 0.00000 -0.44960 0.00000 -0.00000 1.00000 0.00000
1567410214052385 1.00000 0.00172 -0.00000 -30.54525 -0.00172 1.00000 0.00000 -0.49084 0.00000 -0.00000 1.00000 0.00000
1567410214302155 1.00000 -0.00128 0.00000 -32.41819 0.00128 1.00000 -0.00000 -0.56853 -0.00000 0.00000 1.00000 0.00000
1567410214550272 0.99999 -0.00492 0.00000 -34.28933 0.00492 0.99999 -0.00000 -0.73981 -0.00000 0.00000 1.00000 0.00000
1567410214800445 0.99998 -0.00678 0.00000 -36.21487 0.00678 0.99998 -0.00000 -0.76918 -0.00000 0.00000 1.00000 0.00000
1567410215049817 0.99997 -0.00786 0.00000 -38.21528 0.00786 0.99997 -0.00000 -0.80930 -0.00000 0.00000 1.00000 0.00000
1567410215299752 0.99998 -0.00618 0.00000 -40.22210 0.00618 0.99998 -0.00000 -0.74595 -0.00000 0.00000 1.00000 0.00000
1567410215549514 0.99999 -0.00518 0.00000 -42.22879 0.00518 0.99999 -0.00000 -0.73003 -0.00000 0.00000 1.00000 0.00000
1567410215799401 0.99999 -0.00499 0.00000 -44.23330 0.00499 0.99999 -0.00000 -0.71024 -0.00000 0.00000 1.00000 0.00000
1567410216048582 0.99999 -0.00460 0.00000 -46.30695 0.00460 0.99999 -0.00000 -0.69978 -0.00000 0.00000 1.00000 0.00000
1567410216297982 1.00000 -0.00211 0.00000 -48.32400 0.00211 1.00000 -0.00000 -0.60806 -0.00000 0.00000 1.00000 0.00000
1567410216547132 1.00000 -0.00149 0.00000 -50.29903 0.00149 1.00000 -0.00000 -0.59257 -0.00000 0.00000 1.00000 0.00000
1567410216796536 1.00000 -0.00200 0.00000 -52.29731 0.00200 1.00000 -0.00000 -0.65748 -0.00000 0.00000 1.00000 0.00000
1567410217048273 1.00000 -0.00237 0.00000 -54.25933 0.00237 1.00000 -0.00000 -0.67516 -0.00000 0.00000 1.00000 0.00000
1567410217296000 1.00000 -0.00087 0.00000 -56.18632 0.00087 1.00000 -0.00000 -0.57393 -0.00000 0.00000 1.00000 0.00000
1567410217545507 1.00000 -0.00097 0.00000 -58.10123 0.00097 1.00000 -0.00000 -0.61182 -0.00000 0.00000 1.00000 0.00000
1567410217795016 1.00000 -0.00235 0.00000 -60.02168 0.00235 1.00000 -0.00000 -0.69563 -0.00000 0.00000 1.00000 0.00000
1567410218044663 1.00000 -0.00148 0.00000 -61.85701 0.00148 1.00000 -0.00000 -0.65022 -0.00000 0.00000 1.00000 0.00000
1567410218294251 1.00000 -0.00293 0.00000 -63.66865 0.00293 1.00000 -0.00000 -0.76412 -0.00000 0.00000 1.00000 0.00000
1567410218543749 0.99999 -0.00483 0.00000 -65.53107 0.00483 0.99999 -0.00000 -0.88635 -0.00000 0.00000 1.00000 0.00000
1567410218793639 0.99997 -0.00806 0.00000 -67.33170 0.00806 0.99997 -0.00000 -1.10025 -0.00000 0.00000 1.00000 0.00000
1567410219044496 0.99994 -0.01116 0.00000 -69.14212 0.01116 0.99994 -0.00000 -1.30463 -0.00000 0.00000 1.00000 0.00000
1567410219294574 0.99991 -0.01304 0.00000 -70.90928 0.01304 0.99991 -0.00000 -1.49504 -0.00000 0.00000 1.00000 0.00000
1567410219542786 0.99993 -0.01212 0.00000 -72.72046 0.01212 0.99993 -0.00000 -1.40450 -0.00000 0.00000 1.00000 0.00000
1567410219791926 0.99991 -0.01365 0.00000 -74.52863 0.01365 0.99991 -0.00000 -1.54109 -0.00000 0.00000 1.00000 0.00000
1567410220041647 0.99985 -0.01743 0.00000 -76.31711 0.01743 0.99985 -0.00000 -1.81751 -0.00000 0.00000 1.00000 0.00000
1567410220290932 0.99986 -0.01690 0.00000 -78.12439 0.01690 0.99986 -0.00000 -1.76345 -0.00000 0.00000 1.00000 0.00000
1567410220540869 0.99983 -0.01841 0.00000 -79.89118 0.01841 0.99983 -0.00000 -1.90812 -0.00000 0.00000 1.00000 0.00000
1567410220791364 0.99981 -0.01965 0.00000 -81.67688 0.01965 0.99981 -0.00000 -1.99167 -0.00000 0.00000 1.00000 0.00000
1567410221038981 0.99979 -0.02028 0.00000 -83.49738 0.02028 0.99979 -0.00000 -2.07323 -0.00000 0.00000 1.00000 0.00000
1567410221290827 0.99975 -0.02249 0.00000 -85.28803 0.02249 0.99975 -0.00000 -2.25358 -0.00000 0.00000 1.00000 0.00000
1567410221539934 0.99966 -0.02620 0.00000 -87.12581 0.02620 0.99966 -0.00000 -2.59955 -0.00000 0.00000 1.00000 0.00000
1567410221788000 0.99960 -0.02826 0.00000 -89.03807 0.02826 0.99960 -0.00000 -2.72912 -0.00000 0.00000 1.00000 0.00000
1567410222037827 0.99953 -0.03069 0.00000 -90.82140 0.03069 0.99953 -0.00000 -2.98548 -0.00000 0.00000 1.00000 0.00000
1567410222287687 0.99935 -0.03594 0.00000 -92.68236 0.03594 0.99935 -0.00000 -3.47394 -0.00000 0.00000 1.00000 0.00000
1567410222537552 0.99917 -0.04077 0.00000 -94.54674 0.04077 0.99917 -0.00000 -3.95930 -0.00000 0.00000 1.00000 0.00000
1567410222787298 0.99903 -0.04395 0.00000 -96.45273 0.04395 0.99903 -0.00000 -4.23307 -0.00000 0.00000 1.00000 0.00000
1567410223036884 0.99883 -0.04837 0.00000 -98.39824 0.04837 0.99883 -0.00000 -4.68737 -0.00000 0.00000 1.00000 0.00000
1567410223286688 0.99846 -0.05546 0.00000 -100.35509 0.05546 0.99846 -0.00000 -5.38581 -0.00000 0.00000 1.00000 0.00000
1567410223536132 0.99825 -0.05912 0.00000 -102.32055 0.05912 0.99825 -0.00000 -5.76326 -0.00000 0.00000 1.00000 0.00000
1567410223785995 0.99801 -0.06302 0.00000 -104.28255 0.06302 0.99801 -0.00000 -6.18209 -0.00000 0.00000 1.00000 0.00000
1567410224035806 0.99768 -0.06812 0.00000 -106.32841 0.06812 0.99768 -0.00000 -6.75506 -0.00000 0.00000 1.00000 0.00000
1567410224285161 0.99728 -0.07369 0.00000 -108.30613 0.07369 0.99728 -0.00000 -7.36714 -0.00000 0.00000 1.00000 0.00000
1567410224535504 0.99686 -0.07917 0.00000 -110.32020 0.07917 0.99686 -0.00000 -7.91618 -0.00000 0.00000 1.00000 0.00000
1567410224784669 0.99619 -0.08716 0.00000 -112.38702 0.08716 0.99619 -0.00000 -8.81792 -0.00000 0.00000 1.00000 0.00000
1567410225034006 0.99557 -0.09399 0.00000 -114.42717 0.09399 0.99557 -0.00000 -9.64040 -0.00000 0.00000 1.00000 0.00000
1567410225283717 0.99517 -0.09813 0.00000 -116.49643 0.09813 0.99517 -0.00000 -10.08714 -0.00000 0.00000 1.00000 0.00000
1567410225533585 0.99463 -0.10346 0.00000 -118.62050 0.10346 0.99463 -0.00000 -10.71908 -0.00000 0.00000 1.00000 0.00000
1567410225782712 0.99429 -0.10674 0.00000 -120.70294 0.10674 0.99429 -0.00000 -11.10739 -0.00000 0.00000 1.00000 0.00000
1567410226032488 0.99393 -0.10997 0.00000 -122.83244 0.10997 0.99393 -0.00000 -11.47773 -0.00000 0.00000 1.00000 0.00000
1567410226282141 0.99348 -0.11401 0.00000 -124.95116 0.11401 0.99348 -0.00000 -11.98992 -0.00000 0.00000 1.00000 0.00000
1567410226531590 0.99317 -0.11668 0.00000 -127.08342 0.11668 0.99317 -0.00000 -12.34430 -0.00000 0.00000 1.00000 0.00000
1567410226781610 0.99251 -0.12216 0.00000 -129.19763 0.12216 0.99251 -0.00000 -13.11493 -0.00000 0.00000 1.00000 0.00000
1567410227031110 0.99212 -0.12530 0.00000 -131.34858 0.12530 0.99212 -0.00000 -13.51083 -0.00000 0.00000 1.00000 0.00000
1567410227280818 0.99167 -0.12883 0.00000 -133.50391 0.12883 0.99167 -0.00000 -13.98138 -0.00000 0.00000 1.00000 0.00000
1567410227530391 0.99152 -0.12995 0.00000 -135.67150 0.12995 0.99152 -0.00000 -14.12382 -0.00000 0.00000 1.00000 0.00000
1567410227779824 0.99137 -0.13109 0.00000 -137.91767 0.13109 0.99137 -0.00000 -14.28819 -0.00000 0.00000 1.00000 0.00000
1567410228029556 0.99126 -0.13190 0.00000 -140.12415 0.13190 0.99126 -0.00000 -14.40997 -0.00000 0.00000 1.00000 0.00000
1567410228279696 0.99102 -0.13370 0.00000 -142.31383 0.13370 0.99102 -0.00000 -14.67075 -0.00000 0.00000 1.00000 0.00000
1567410228529686 0.99102 -0.13370 0.00000 -144.55141 0.13370 0.99102 -0.00000 -14.70694 -0.00000 0.00000 1.00000 0.00000
1567410228778838 0.99121 -0.13233 0.00000 -146.84914 0.13233 0.99121 -0.00000 -14.52315 -0.00000 0.00000 1.00000 0.00000
1567410229028907 0.99133 -0.13141 0.00000 -149.05138 0.13141 0.99133 -0.00000 -14.37227 -0.00000 0.00000 1.00000 0.00000
1567410229277959 0.99151 -0.13000 0.00000 -151.30194 0.13000 0.99151 -0.00000 -14.18590 -0.00000 0.00000 1.00000 0.00000
1567410229527366 0.99151 -0.13004 0.00000 -153.49215 0.13004 0.99151 -0.00000 -14.19968 -0.00000 0.00000 1.00000 0.00000
1567410229776456 0.99154 -0.12984 0.00000 -155.64462 0.12984 0.99154 -0.00000 -14.20734 -0.00000 0.00000 1.00000 0.00000
1567410230025791 0.99164 -0.12902 0.00000 -157.79732 0.12902 0.99164 -0.00000 -14.06295 -0.00000 0.00000 1.00000 0.00000
1567410230275333 0.99165 -0.12892 0.00000 -159.94264 0.12892 0.99165 -0.00000 -14.09556 -0.00000 0.00000 1.00000 0.00000
1567410230524881 0.99195 -0.12667 0.00000 -162.08536 0.12667 0.99195 -0.00000 -13.74223 -0.00000 0.00000 1.00000 0.00000
1567410230774223 0.99193 -0.12676 0.00000 -164.16454 0.12676 0.99193 -0.00000 -13.74933 -0.00000 0.00000 1.00000 0.00000
1567410231024182 0.99180 -0.12779 0.00000 -166.21511 0.12779 0.99180 -0.00000 -13.94282 -0.00000 0.00000 1.00000 0.00000
1567410231273140 0.99201 -0.12615 0.00000 -168.25822 0.12615 0.99201 -0.00000 -13.69658 -0.00000 0.00000 1.00000 0.00000
1567410231522758 0.99201 -0.12618 0.00000 -170.31960 0.12618 0.99201 -0.00000 -13.66143 -0.00000 0.00000 1.00000 0.00000
1567410231772615 0.99210 -0.12543 0.00000 -172.33224 0.12543 0.99210 -0.00000 -13.58386 -0.00000 0.00000 1.00000 0.00000
1567410232021833 0.99216 -0.12494 0.00000 -174.32193 0.12494 0.99216 -0.00000 -13.46842 -0.00000 0.00000 1.00000 0.00000
1567410232271411 0.99240 -0.12305 0.00000 -176.30795 0.12305 0.99240 -0.00000 -13.10274 -0.00000 0.00000 1.00000 0.00000
1567410232521018 0.99243 -0.12278 0.00000 -178.25586 0.12278 0.99243 -0.00000 -13.07361 -0.00000 0.00000 1.00000 0.00000
1567410232770640 0.99256 -0.12172 0.00000 -180.21214 0.12172 0.99256 -0.00000 -12.90119 -0.00000 0.00000 1.00000 0.00000
1567410233020218 0.99266 -0.12098 0.00000 -182.16507 0.12098 0.99266 -0.00000 -12.77266 -0.00000 0.00000 1.00000 0.00000
1567410233269883 0.99251 -0.12217 0.00000 -184.08002 0.12217 0.99251 -0.00000 -12.99525 -0.00000 0.00000 1.00000 0.00000
1567410233519068 0.99262 -0.12130 0.00000 -186.08272 0.12130 0.99262 -0.00000 -12.83965 -0.00000 0.00000 1.00000 0.00000
1567410233767570 0.99236 -0.12337 0.00000 -188.04326 0.12337 0.99236 -0.00000 -13.22009 -0.00000 0.00000 1.00000 0.00000
1567410234018082 0.99234 -0.12351 0.00000 -190.02187 0.12351 0.99234 -0.00000 -13.23882 -0.00000 0.00000 1.00000 0.00000
1567410234267434 0.99233 -0.12365 0.00000 -192.06579 0.12365 0.99233 -0.00000 -13.28490 -0.00000 0.00000 1.00000 0.00000
1567410234516871 0.99221 -0.12454 0.00000 -194.09320 0.12454 0.99221 -0.00000 -13.46585 -0.00000 0.00000 1.00000 0.00000
1567410234766451 0.99210 -0.12545 0.00000 -196.11457 0.12545 0.99210 -0.00000 -13.65181 -0.00000 0.00000 1.00000 0.00000
1567410235015470 0.99203 -0.12598 0.00000 -198.15662 0.12598 0.99203 -0.00000 -13.72683 -0.00000 0.00000 1.00000 0.00000
1567410235265747 0.99217 -0.12486 0.00000 -200.25921 0.12486 0.99217 -0.00000 -13.55174 -0.00000 0.00000 1.00000 0.00000
1567410235515250 0.99197 -0.12648 0.00000 -202.33936 0.12648 0.99197 -0.00000 -13.83992 -0.00000 0.00000 1.00000 0.00000
1567410235764846 0.99211 -0.12534 0.00000 -204.41723 0.12534 0.99211 -0.00000 -13.61790 -0.00000 0.00000 1.00000 0.00000
1567410236014585 0.99214 -0.12513 0.00000 -206.45646 0.12513 0.99214 -0.00000 -13.58407 -0.00000 0.00000 1.00000 0.00000
1567410236264016 0.99211 -0.12534 0.00000 -208.50752 0.12534 0.99211 -0.00000 -13.58995 -0.00000 0.00000 1.00000 0.00000
1567410236513413 0.99213 -0.12521 0.00000 -210.52595 0.12521 0.99213 -0.00000 -13.60201 -0.00000 0.00000 1.00000 0.00000
1567410236763093 0.99204 -0.12590 0.00000 -212.52032 0.12590 0.99204 -0.00000 -13.71035 -0.00000 0.00000 1.00000 0.00000
1567410237012952 0.99211 -0.12538 0.00000 -214.47345 0.12538 0.99211 -0.00000 -13.58606 -0.00000 0.00000 1.00000 0.00000
1567410237262138 0.99203 -0.12597 0.00000 -216.40647 0.12597 0.99203 -0.00000 -13.75580 -0.00000 0.00000 1.00000 0.00000
1567410237511537 0.99212 -0.12533 0.00000 -218.35606 0.12533 0.99212 -0.00000 -13.59564 -0.00000 0.00000 1.00000 0.00000
1567410237760103 0.99218 -0.12478 0.00000 -220.22493 0.12478 0.99218 -0.00000 -13.46712 -0.00000 0.00000 1.00000 0.00000
1567410238010920 0.99190 -0.12700 0.00000 -222.12893 0.12700 0.99190 -0.00000 -13.97838 -0.00000 0.00000 1.00000 0.00000
1567410238259560 0.99191 -0.12693 0.00000 -223.99974 0.12693 0.99191 -0.00000 -13.89813 -0.00000 0.00000 1.00000 0.00000
1567410238508000 0.99171 -0.12852 0.00000 -225.85116 0.12852 0.99171 -0.00000 -14.34086 -0.00000 0.00000 1.00000 0.00000
1567410238758188 0.99173 -0.12832 0.00000 -227.75848 0.12832 0.99173 -0.00000 -14.31740 -0.00000 0.00000 1.00000 0.00000
1567410239007411 0.99186 -0.12734 0.00000 -229.71084 0.12734 0.99186 -0.00000 -14.08492 -0.00000 0.00000 1.00000 0.00000
1567410239257110 0.99191 -0.12697 0.00000 -231.62042 0.12697 0.99191 -0.00000 -13.98066 -0.00000 0.00000 1.00000 0.00000
1567410239506516 0.99181 -0.12773 0.00000 -233.52052 0.12773 0.99181 -0.00000 -14.22415 -0.00000 0.00000 1.00000 0.00000
1567410239755719 0.99192 -0.12687 0.00000 -235.47430 0.12687 0.99192 -0.00000 -14.01651 -0.00000 0.00000 1.00000 0.00000
1567410240006064 0.99186 -0.12732 0.00000 -237.42709 0.12732 0.99186 -0.00000 -14.18954 -0.00000 0.00000 1.00000 0.00000
1567410240255577 0.99193 -0.12679 0.00000 -239.38202 0.12679 0.99193 -0.00000 -14.00947 -0.00000 0.00000 1.00000 0.00000
1567410240505496 0.99183 -0.12756 0.00000 -241.31606 0.12756 0.99183 -0.00000 -14.24545 -0.00000 0.00000 1.00000 0.00000
1567410240754612 0.99198 -0.12639 0.00000 -243.30419 0.12639 0.99198 -0.00000 -13.95526 -0.00000 0.00000 1.00000 0.00000
1567410241004081 0.99226 -0.12419 0.00000 -245.29693 0.12419 0.99226 -0.00000 -13.36875 -0.00000 0.00000 1.00000 0.00000
1567410241253655 0.99220 -0.12465 0.00000 -247.21074 0.12465 0.99220 -0.00000 -13.48442 -0.00000 0.00000 1.00000 0.00000
1567410241503316 0.99230 -0.12384 0.00000 -249.18151 0.12384 0.99230 -0.00000 -13.26746 -0.00000 0.00000 1.00000 0.00000
1567410241752218 0.99238 -0.12319 0.00000 -251.10045 0.12319 0.99238 -0.00000 -13.11983 -0.00000 0.00000 1.00000 0.00000
1567410242001778 0.99250 -0.12221 0.00000 -253.01418 0.12221 0.99250 -0.00000 -12.88968 -0.00000 0.00000 1.00000 0.00000
1567410242251416 0.99273 -0.12034 0.00000 -254.92428 0.12034 0.99273 -0.00000 -12.37738 -0.00000 0.00000 1.00000 0.00000
1567410242500823 0.99312 -0.11714 0.00000 -256.80357 0.11714 0.99312 -0.00000 -11.56423 -0.00000 0.00000 1.00000 0.00000
1567410242750677 0.99295 -0.11852 0.00000 -258.64799 0.11852 0.99295 -0.00000 -11.91523 -0.00000 0.00000 1.00000 0.00000
1567410242999958 0.99319 -0.11653 0.00000 -260.47741 0.11653 0.99319 -0.00000 -11.43176 -0.00000 0.00000 1.00000 0.00000
1567410243250004 0.99333 -0.11532 0.00000 -262.27998 0.11532 0.99333 -0.00000 -11.10108 -0.00000 0.00000 1.00000 0.00000
1567410243499701 0.99331 -0.11548 0.00000 -263.95795 0.11548 0.99331 -0.00000 -11.13200 -0.00000 0.00000 1.00000 0.00000
1567410243749969 0.99327 -0.11582 0.00000 -265.76636 0.11582 0.99327 -0.00000 -11.24915 -0.00000 0.00000 1.00000 0.00000
1567410243998587 0.99347 -0.11412 0.00000 -267.59708 0.11412 0.99347 -0.00000 -10.77488 -0.00000 0.00000 1.00000 0.00000
1567410244248363 0.99343 -0.11440 0.00000 -269.31566 0.11440 0.99343 -0.00000 -10.80878 -0.00000 0.00000 1.00000 0.00000
1567410244498184 0.99298 -0.11824 0.00000 -271.03076 0.11824 0.99298 -0.00000 -11.92036 -0.00000 0.00000 1.00000 0.00000
1567410244747634 0.99324 -0.11604 0.00000 -272.86052 0.11604 0.99324 -0.00000 -11.31474 -0.00000 0.00000 1.00000 0.00000
1567410244996903 0.99353 -0.11358 0.00000 -274.69337 0.11358 0.99353 -0.00000 -10.64909 -0.00000 0.00000 1.00000 0.00000
1567410245246738 0.99370 -0.11206 0.00000 -276.50983 0.11206 0.99370 -0.00000 -10.24778 -0.00000 0.00000 1.00000 0.00000
1567410245494995 0.99416 -0.10787 0.00000 -278.36534 0.10787 0.99416 -0.00000 -9.04731 -0.00000 0.00000 1.00000 0.00000
1567410245744691 0.99459 -0.10389 0.00000 -280.22390 0.10389 0.99459 -0.00000 -7.97028 -0.00000 0.00000 1.00000 0.00000
1567410245994247 0.99500 -0.09984 0.00000 -282.10051 0.09984 0.99500 -0.00000 -6.87565 -0.00000 0.00000 1.00000 0.00000
1567410246243705 0.99538 -0.09603 0.00000 -283.95639 0.09603 0.99538 -0.00000 -5.79376 -0.00000 0.00000 1.00000 0.00000
1567410246493366 0.99579 -0.09165 0.00000 -285.83173 0.09165 0.99579 -0.00000 -4.55189 -0.00000 0.00000 1.00000 0.00000
1567410246742847 0.99622 -0.08686 0.00000 -287.71319 0.08686 0.99622 -0.00000 -3.17000 -0.00000 0.00000 1.00000 0.00000
1567410246992239 0.99652 -0.08338 0.00000 -289.60476 0.08338 0.99652 -0.00000 -2.22523 -0.00000 0.00000 1.00000 0.00000
1567410247242031 0.99690 -0.07868 0.00000 -291.44632 0.07868 0.99690 -0.00000 -0.85976 -0.00000 0.00000 1.00000 0.00000
1567410247490856 0.99717 -0.07515 0.00000 -293.33548 0.07515 0.99717 -0.00000 0.18004 -0.00000 0.00000 1.00000 0.00000
1567410247740809 0.99735 -0.07273 0.00000 -295.22853 0.07273 0.99735 -0.00000 0.86123 -0.00000 0.00000 1.00000 0.00000
1567410247990626 0.99758 -0.06959 0.00000 -297.10306 0.06959 0.99758 -0.00000 1.74254 -0.00000 0.00000 1.00000 0.00000
1567410248240469 0.99789 -0.06491 0.00000 -298.96542 0.06491 0.99789 -0.00000 3.12250 -0.00000 0.00000 1.00000 0.00000
1567410248489638 0.99821 -0.05983 0.00000 -300.85615 0.05983 0.99821 -0.00000 4.60009 -0.00000 0.00000 1.00000 0.00000
1567410248740238 0.99859 -0.05316 0.00000 -302.69997 0.05316 0.99859 -0.00000 6.65139 -0.00000 0.00000 1.00000 0.00000
1567410248988851 0.99884 -0.04809 0.00000 -304.57559 0.04809 0.99884 -0.00000 8.15203 -0.00000 0.00000 1.00000 0.00000
1567410249238089 0.99906 -0.04329 0.00000 -306.39259 0.04329 0.99906 -0.00000 9.62158 -0.00000 0.00000 1.00000 0.00000
1567410249487182 0.99930 -0.03730 0.00000 -308.17335 0.03730 0.99930 -0.00000 11.42948 -0.00000 0.00000 1.00000 0.00000
1567410249737211 0.99945 -0.03313 0.00000 -309.96483 0.03313 0.99945 -0.00000 12.71373 -0.00000 0.00000 1.00000 0.00000
1567410249986280 0.99948 -0.03227 0.00000 -311.76192 0.03227 0.99948 -0.00000 12.94068 -0.00000 0.00000 1.00000 0.00000
1567410250235806 0.99943 -0.03365 0.00000 -313.56786 0.03365 0.99943 -0.00000 12.50191 -0.00000 0.00000 1.00000 0.00000
1567410250485075 0.99940 -0.03461 0.00000 -315.34813 0.03461 0.99940 -0.00000 12.16506 -0.00000 0.00000 1.00000 0.00000
1567410250735249 0.99939 -0.03483 0.00000 -317.19787 0.03483 0.99939 -0.00000 12.11535 -0.00000 0.00000 1.00000 0.00000
1567410250983900 0.99951 -0.03120 0.00000 -319.00776 0.03120 0.99951 -0.00000 13.26775 -0.00000 0.00000 1.00000 0.00000
1567410251232637 0.99942 -0.03402 0.00000 -320.79157 0.03402 0.99942 -0.00000 12.41899 -0.00000 0.00000 1.00000 0.00000
1567410251482924 0.99937 -0.03553 0.00000 -322.61580 0.03553 0.99937 -0.00000 11.90339 -0.00000 0.00000 1.00000 0.00000
1567410251731930 0.99942 -0.03392 0.00000 -324.45216 0.03392 0.99942 -0.00000 12.38910 -0.00000 0.00000 1.00000 0.00000
1567410251981708 0.99941 -0.03442 0.00000 -326.28777 0.03442 0.99941 -0.00000 12.22940 -0.00000 0.00000 1.00000 0.00000
1567410252231835 0.99948 -0.03210 0.00000 -328.11789 0.03210 0.99948 -0.00000 12.99640 -0.00000 0.00000 1.00000 0.00000
1567410252480110 0.99962 -0.02743 0.00000 -329.94451 0.02743 0.99962 -0.00000 14.47546 -0.00000 0.00000 1.00000 0.00000
1567410252730329 0.99974 -0.02297 0.00000 -331.75453 0.02297 0.99974 -0.00000 15.94714 -0.00000 0.00000 1.00000 0.00000
1567410252979616 0.99979 -0.02032 0.00000 -333.61920 0.02032 0.99979 -0.00000 16.85218 -0.00000 0.00000 1.00000 0.00000
1567410253228921 0.99985 -0.01725 0.00000 -335.46525 0.01725 0.99985 -0.00000 17.84547 -0.00000 0.00000 1.00000 0.00000
1567410253480088 0.99990 -0.01395 0.00000 -337.33650 0.01395 0.99990 -0.00000 18.93308 -0.00000 0.00000 1.00000 0.00000
1567410253729525 0.99996 -0.00868 0.00000 -339.17592 0.00868 0.99996 -0.00000 20.71474 -0.00000 0.00000 1.00000 0.00000
1567410253979006 0.99999 -0.00415 0.00000 -341.06325 0.00415 0.99999 -0.00000 22.22559 -0.00000 0.00000 1.00000 0.00000
1567410254228824 1.00000 -0.00215 0.00000 -343.02751 0.00215 1.00000 -0.00000 22.86773 -0.00000 0.00000 1.00000 0.00000
1567410254478256 1.00000 -0.00239 0.00000 -345.00317 0.00239 1.00000 -0.00000 22.76938 -0.00000 0.00000 1.00000 0.00000
1567410254726814 1.00000 -0.00259 0.00000 -347.02276 0.00259 1.00000 -0.00000 22.73798 -0.00000 0.00000 1.00000 0.00000
1567410254976206 1.00000 -0.00230 0.00000 -349.03320 0.00230 1.00000 -0.00000 22.84126 -0.00000 0.00000 1.00000 0.00000
1567410255225807 1.00000 -0.00167 0.00000 -351.03622 0.00167 1.00000 -0.00000 23.02300 -0.00000 0.00000 1.00000 0.00000
1567410255475409 1.00000 0.00023 -0.00000 -353.05457 -0.00023 1.00000 0.00000 23.65439 0.00000 -0.00000 1.00000 -0.00000
1567410255726137 1.00000 0.00190 -0.00000 -355.07150 -0.00190 1.00000 0.00000 24.24615 0.00000 -0.00000 1.00000 -0.00000
1567410255974784 1.00000 0.00246 -0.00000 -357.15355 -0.00246 1.00000 0.00000 24.41444 0.00000 -0.00000 1.00000 -0.00000
1567410256224127 0.99999 0.00342 -0.00000 -359.21009 -0.00342 0.99999 0.00000 24.76481 0.00000 -0.00000 1.00000 -0.00000
1567410256473594 1.00000 0.00241 -0.00000 -361.32589 -0.00241 1.00000 0.00000 24.39548 0.00000 -0.00000 1.00000 -0.00000
1567410256722943 1.00000 0.00200 -0.00000 -363.42838 -0.00200 1.00000 0.00000 24.24680 0.00000 -0.00000 1.00000 -0.00000
1567410256973033 0.99999 0.00341 -0.00000 -365.54370 -0.00341 0.99999 0.00000 24.69698 0.00000 -0.00000 1.00000 -0.00000
1567410257221763 0.99999 0.00432 -0.00000 -367.65747 -0.00432 0.99999 0.00000 25.00366 0.00000 -0.00000 1.00000 -0.00000
1567410257471165 0.99999 0.00479 -0.00000 -369.77840 -0.00479 0.99999 0.00000 25.23963 0.00000 -0.00000 1.00000 -0.00000
1567410257720965 0.99998 0.00585 -0.00000 -371.88323 -0.00585 0.99998 0.00000 25.61807 0.00000 -0.00000 1.00000 -0.00000
1567410257970501 0.99998 0.00640 -0.00000 -374.03933 -0.00640 0.99998 0.00000 25.78818 0.00000 -0.00000 1.00000 -0.00000
1567410258219536 0.99996 0.00916 -0.00000 -376.18762 -0.00916 0.99996 0.00000 26.78961 0.00000 -0.00000 1.00000 -0.00000
1567410258469037 0.99993 0.01154 -0.00000 -378.26167 -0.01154 0.99993 0.00000 27.69732 0.00000 -0.00000 1.00000 -0.00000
1567410258721242 0.99992 0.01241 -0.00000 -380.44678 -0.01241 0.99992 0.00000 27.99606 0.00000 -0.00000 1.00000 -0.00000
1567410258968430 0.99989 0.01507 -0.00000 -382.60456 -0.01507 0.99989 0.00000 28.97686 0.00000 -0.00000 1.00000 -0.00000
1567410259218726 0.99985 0.01743 -0.00000 -384.73149 -0.01743 0.99985 0.00000 29.84479 0.00000 -0.00000 1.00000 -0.00000
1567410259468454 0.99982 0.01918 -0.00000 -386.91690 -0.01918 0.99982 0.00000 30.54028 0.00000 -0.00000 1.00000 -0.00000
1567410259718175 0.99978 0.02119 -0.00000 -389.10949 -0.02119 0.99978 0.00000 31.32015 0.00000 -0.00000 1.00000 -0.00000
1567410259967549 0.99972 0.02355 -0.00000 -391.22571 -0.02355 0.99972 0.00000 32.23808 0.00000 -0.00000 1.00000 -0.00000
1567410260216656 0.99969 0.02493 -0.00000 -393.33594 -0.02493 0.99969 0.00000 32.76249 0.00000 -0.00000 1.00000 -0.00000
1567410260465898 0.99965 0.02651 -0.00000 -395.43180 -0.02651 0.99965 0.00000 33.40640 0.00000 -0.00000 1.00000 -0.00000
1567410260714324 0.99957 0.02932 -0.00000 -397.42803 -0.02932 0.99957 0.00000 34.53221 0.00000 -0.00000 1.00000 -0.00000
1567410260964083 0.99945 0.03326 -0.00000 -399.36814 -0.03326 0.99945 0.00000 36.02186 0.00000 -0.00000 1.00000 -0.00000
1567410261213270 0.99928 0.03788 -0.00000 -401.28153 -0.03788 0.99928 0.00000 37.86099 0.00000 -0.00000 1.00000 -0.00000
1567410261462452 0.99913 0.04170 -0.00000 -403.23715 -0.04170 0.99913 0.00000 39.42555 0.00000 -0.00000 1.00000 -0.00000
1567410261712135 0.99889 0.04707 -0.00000 -405.06697 -0.04707 0.99889 0.00000 41.60249 0.00000 -0.00000 1.00000 -0.00000
1567410261961358 0.99872 0.05065 -0.00000 -406.98019 -0.05065 0.99872 0.00000 42.98957 0.00000 -0.00000 1.00000 -0.00000
1567410262210536 0.99847 0.05523 -0.00000 -408.82149 -0.05523 0.99847 0.00000 44.86820 0.00000 -0.00000 1.00000 -0.00000
1567410262459494 0.99823 0.05954 -0.00000 -410.68591 -0.05954 0.99823 0.00000 46.63166 0.00000 -0.00000 1.00000 -0.00000
1567410262708557 0.99795 0.06394 -0.00000 -412.57385 -0.06394 0.99795 0.00000 48.40072 0.00000 -0.00000 1.00000 -0.00000
1567410262957755 0.99784 0.06572 -0.00000 -414.53827 -0.06572 0.99784 0.00000 49.17346 0.00000 -0.00000 1.00000 -0.00000
1567410263207749 0.99774 0.06724 -0.00000 -416.52747 -0.06724 0.99774 0.00000 49.77839 0.00000 -0.00000 1.00000 -0.00000
1567410263457397 0.99746 0.07119 -0.00000 -418.43196 -0.07119 0.99746 0.00000 51.45158 0.00000 -0.00000 1.00000 -0.00000
1567410263706684 0.99727 0.07384 -0.00000 -420.39767 -0.07384 0.99727 0.00000 52.51846 0.00000 -0.00000 1.00000 -0.00000
1567410263956233 0.99699 0.07757 -0.00000 -422.28452 -0.07757 0.99699 0.00000 54.10906 0.00000 -0.00000 1.00000 -0.00000
1567410264205295 0.99664 0.08197 -0.00000 -424.16182 -0.08197 0.99664 0.00000 55.95512 0.00000 -0.00000 1.00000 -0.00000
1567410264455946 0.99630 0.08590 -0.00000 -426.00974 -0.08590 0.99630 0.00000 57.60007 0.00000 -0.00000 1.00000 -0.00000
1567410264704119 0.99590 0.09045 -0.00000 -427.84131 -0.09045 0.99590 0.00000 59.55241 0.00000 -0.00000 1.00000 -0.00000
1567410264952664 0.99535 0.09628 -0.00000 -429.57822 -0.09628 0.99535 0.00000 62.02417 0.00000 -0.00000 1.00000 -0.00000
1567410265202447 0.99499 0.09998 -0.00000 -431.34881 -0.09998 0.99499 0.00000 63.62154 0.00000 -0.00000 1.00000 -0.00000
1567410265451975 0.99458 0.10398 -0.00000 -433.10252 -0.10398 0.99458 0.00000 65.30801 0.00000 -0.00000 1.00000 -0.00000
1567410265700944 0.99416 0.10796 -0.00000 -434.78419 -0.10796 0.99416 0.00000 67.03991 0.00000 -0.00000 1.00000 -0.00000
1567410265950215 0.99380 0.11119 -0.00000 -436.52737 -0.11119 0.99380 0.00000 68.46054 0.00000 -0.00000 1.00000 -0.00000
1567410266199857 0.99347 0.11409 -0.00000 -438.24691 -0.11409 0.99347 0.00000 69.72139 0.00000 -0.00000 1.00000 -0.00000
1567410266449556 0.99274 0.12024 -0.00000 -439.63831 -0.12024 0.99274 0.00000 72.44711 0.00000 -0.00000 1.00000 -0.00000
1567410266698427 0.99248 0.12242 -0.00000 -441.35365 -0.12242 0.99248 0.00000 73.39889 0.00000 -0.00000 1.00000 -0.00000
1567410266948064 0.99208 0.12561 -0.00000 -442.98558 -0.12561 0.99208 0.00000 74.79540 0.00000 -0.00000 1.00000 -0.00000
1567410267196395 0.99178 0.12799 -0.00000 -444.67809 -0.12799 0.99178 0.00000 75.81884 0.00000 -0.00000 1.00000 -0.00000
1567410267446888 0.99091 0.13449 -0.00000 -445.93546 -0.13449 0.99091 0.00000 78.72020 0.00000 -0.00000 1.00000 -0.00000
1567410267696346 0.99057 0.13703 -0.00000 -447.65468 -0.13703 0.99057 0.00000 79.87726 0.00000 -0.00000 1.00000 -0.00000
1567410267945221 0.98995 0.14141 -0.00000 -449.14396 -0.14141 0.98995 0.00000 81.81657 0.00000 -0.00000 1.00000 -0.00000
1567410268194788 0.98935 0.14555 -0.00000 -450.68415 -0.14555 0.98935 0.00000 83.66686 0.00000 -0.00000 1.00000 -0.00000
1567410268444332 0.98901 0.14783 -0.00000 -452.39295 -0.14783 0.98901 0.00000 84.71798 0.00000 -0.00000 1.00000 -0.00000
1567410268693528 0.98825 0.15282 -0.00000 -453.84420 -0.15282 0.98825 0.00000 87.00274 0.00000 -0.00000 1.00000 -0.00000
1567410268942767 0.98783 0.15553 -0.00000 -455.51318 -0.15553 0.98783 0.00000 88.26390 0.00000 -0.00000 1.00000 -0.00000
1567410269191829 0.98722 0.15937 -0.00000 -457.08588 -0.15937 0.98722 0.00000 90.07947 0.00000 -0.00000 1.00000 -0.00000
1567410269441709 0.98652 0.16363 -0.00000 -458.60644 -0.16363 0.98652 0.00000 92.00333 0.00000 -0.00000 1.00000 -0.00000
1567410269691692 0.98614 0.16594 -0.00000 -460.32881 -0.16594 0.98614 0.00000 93.05880 0.00000 -0.00000 1.00000 -0.00000
1567410269942033 0.98530 0.17086 -0.00000 -461.74529 -0.17086 0.98530 0.00000 95.39426 0.00000 -0.00000 1.00000 -0.00000
1567410270189567 0.98459 0.17489 -0.00000 -463.24617 -0.17489 0.98459 0.00000 97.24063 0.00000 -0.00000 1.00000 -0.00000
1567410270440192 0.98391 0.17868 -0.00000 -464.69365 -0.17868 0.98391 0.00000 99.01693 0.00000 -0.00000 1.00000 -0.00000
1567410270688851 0.98333 0.18184 -0.00000 -466.14347 -0.18184 0.98333 0.00000 100.49630 0.00000 -0.00000 1.00000 -0.00000
1567410270937134 0.98274 0.18498 -0.00000 -467.63464 -0.18498 0.98274 0.00000 102.01628 0.00000 -0.00000 1.00000 -0.00000
1567410271188786 0.98187 0.18954 -0.00000 -468.92964 -0.18954 0.98187 0.00000 104.16362 0.00000 -0.00000 1.00000 -0.00000
1567410271435577 0.98146 0.19168 -0.00000 -470.45103 -0.19168 0.98146 0.00000 105.16657 0.00000 -0.00000 1.00000 -0.00000
1567410271685822 0.98078 0.19512 -0.00000 -471.89505 -0.19512 0.98078 0.00000 106.78791 0.00000 -0.00000 1.00000 -0.00000
1567410271935474 0.98025 0.19779 -0.00000 -473.44249 -0.19779 0.98025 0.00000 108.08511 0.00000 -0.00000 1.00000 -0.00000
1567410272184728 0.97916 0.20310 -0.00000 -474.65891 -0.20310 0.97916 0.00000 110.59233 0.00000 -0.00000 1.00000 -0.00000
1567410272436682 0.97852 0.20614 -0.00000 -476.15955 -0.20614 0.97852 0.00000 112.06690 0.00000 -0.00000 1.00000 -0.00000
1567410272684000 0.97827 0.20734 -0.00000 -477.87411 -0.20734 0.97827 0.00000 112.63337 0.00000 -0.00000 1.00000 -0.00000
1567410272933274 0.97805 0.20837 -0.00000 -479.61795 -0.20837 0.97805 0.00000 113.15965 0.00000 -0.00000 1.00000 -0.00000
1567410273182683 0.97780 0.20956 -0.00000 -481.34619 -0.20956 0.97780 0.00000 113.73526 0.00000 -0.00000 1.00000 -0.00000
1567410273432039 0.97800 0.20859 -0.00000 -483.32445 -0.20859 0.97800 0.00000 113.24847 0.00000 -0.00000 1.00000 -0.00000
1567410273681042 0.97724 0.21211 -0.00000 -484.79523 -0.21211 0.97724 0.00000 115.00235 0.00000 -0.00000 1.00000 -0.00000
1567410273930412 0.97694 0.21354 -0.00000 -486.53492 -0.21354 0.97694 0.00000 115.67544 0.00000 -0.00000 1.00000 -0.00000
1567410274179963 0.97552 0.21991 -0.00000 -487.67136 -0.21991 0.97552 0.00000 118.79319 0.00000 -0.00000 1.00000 -0.00000
1567410274430208 0.97462 0.22388 -0.00000 -489.13730 -0.22388 0.97462 0.00000 120.83051 0.00000 -0.00000 1.00000 -0.00000
1567410274678807 0.97377 0.22753 -0.00000 -490.61763 -0.22753 0.97377 0.00000 122.63031 0.00000 -0.00000 1.00000 -0.00000
1567410274928024 0.97319 0.22998 -0.00000 -492.28379 -0.22998 0.97319 0.00000 123.85386 0.00000 -0.00000 1.00000 -0.00000
1567410275177872 0.97257 0.23263 -0.00000 -493.91750 -0.23263 0.97257 0.00000 125.15183 0.00000 -0.00000 1.00000 -0.00000
1567410275426728 0.97212 0.23447 -0.00000 -495.67723 -0.23447 0.97212 0.00000 126.13682 0.00000 -0.00000 1.00000 -0.00000
1567410275675894 0.97150 0.23704 -0.00000 -497.35477 -0.23704 0.97150 0.00000 127.42974 0.00000 -0.00000 1.00000 -0.00000
1567410275925507 0.97120 0.23825 -0.00000 -499.19960 -0.23825 0.97120 0.00000 128.00623 0.00000 -0.00000 1.00000 -0.00000
1567410276174718 0.97037 0.24163 -0.00000 -500.73895 -0.24163 0.97037 0.00000 129.76420 0.00000 -0.00000 1.00000 -0.00000
1567410276424118 0.96964 0.24452 -0.00000 -502.27244 -0.24452 0.96964 0.00000 131.19665 0.00000 -0.00000 1.00000 -0.00000
1567410276673632 0.96870 0.24823 -0.00000 -503.74981 -0.24823 0.96870 0.00000 133.12397 0.00000 -0.00000 1.00000 -0.00000
1567410276922642 0.96733 0.25351 -0.00000 -504.88096 -0.25351 0.96733 0.00000 135.88619 0.00000 -0.00000 1.00000 -0.00000
1567410277172115 0.96597 0.25867 -0.00000 -506.08634 -0.25867 0.96597 0.00000 138.57397 0.00000 -0.00000 1.00000 -0.00000
1567410277421394 0.96468 0.26344 -0.00000 -507.25217 -0.26344 0.96468 0.00000 141.05871 0.00000 -0.00000 1.00000 -0.00000
1567410277670831 0.96324 0.26865 -0.00000 -508.34146 -0.26865 0.96324 0.00000 143.78436 0.00000 -0.00000 1.00000 -0.00000
1567410277920299 0.96138 0.27522 -0.00000 -509.14951 -0.27522 0.96138 0.00000 147.22940 0.00000 -0.00000 1.00000 -0.00000
1567410278169909 0.96048 0.27836 -0.00000 -510.48780 -0.27836 0.96048 0.00000 148.93873 0.00000 -0.00000 1.00000 -0.00000
1567410278418758 0.95911 0.28305 -0.00000 -511.53339 -0.28305 0.95911 0.00000 151.38407 0.00000 -0.00000 1.00000 -0.00000
1567410278669482 0.95689 0.29045 -0.00000 -512.05552 -0.29045 0.95689 0.00000 155.41999 0.00000 -0.00000 1.00000 0.00000
1567410278918389 0.95602 0.29330 -0.00000 -513.33875 -0.29330 0.95602 0.00000 156.86566 0.00000 -0.00000 1.00000 0.00000
1567410279167462 0.95469 0.29762 -0.00000 -514.37080 -0.29762 0.95469 0.00000 159.18440 0.00000 -0.00000 1.00000 0.00000
1567410279415518 0.95458 0.29797 -0.00000 -516.04620 -0.29797 0.95458 0.00000 159.41921 0.00000 -0.00000 1.00000 0.00000
1567410279666064 0.95315 0.30251 -0.00000 -516.90615 -0.30251 0.95315 0.00000 161.82506 0.00000 -0.00000 1.00000 0.00000
1567410279915313 0.95297 0.30306 -0.00000 -518.49563 -0.30306 0.95297 0.00000 162.07815 0.00000 -0.00000 1.00000 0.00000
1567410280164531 0.95221 0.30545 -0.00000 -519.72846 -0.30545 0.95221 0.00000 163.43313 0.00000 -0.00000 1.00000 0.00000
1567410280413674 0.95220 0.30548 -0.00000 -521.33605 -0.30548 0.95220 0.00000 163.44461 0.00000 -0.00000 1.00000 0.00000
1567410280663364 0.95120 0.30857 -0.00000 -522.35285 -0.30857 0.95120 0.00000 165.11812 0.00000 -0.00000 1.00000 0.00000
1567410280912973 0.95147 0.30773 -0.00000 -524.12119 -0.30773 0.95147 0.00000 164.60017 0.00000 -0.00000 1.00000 0.00000
1567410281161866 0.95376 0.30056 -0.00000 -526.87153 -0.30056 0.95376 0.00000 160.70956 0.00000 -0.00000 1.00000 0.00000
1567410281410852 0.95655 0.29155 -0.00000 -529.81956 -0.29155 0.95655 0.00000 155.70448 0.00000 -0.00000 1.00000 0.00000
1567410281660395 0.96189 0.27344 -0.00000 -534.06142 -0.27344 0.96189 0.00000 145.70102 0.00000 -0.00000 1.00000 0.00000
1567410281909746 0.96906 0.24683 -0.00000 -539.22306 -0.24683 0.96906 0.00000 130.89802 0.00000 -0.00000 1.00000 0.00000
1567410282159034 0.97696 0.21341 -0.00000 -544.64004 -0.21341 0.97696 0.00000 112.38206 0.00000 -0.00000 1.00000 0.00000
1567410282409495 0.98655 0.16349 -0.00000 -550.86715 -0.16349 0.98655 0.00000 84.62963 0.00000 -0.00000 1.00000 0.00000
1567410282657404 0.99413 0.10817 -0.00000 -555.81306 -0.10817 0.99413 0.00000 53.77275 0.00000 -0.00000 1.00000 0.00000
1567410282907011 0.99916 0.04107 -0.00000 -559.27155 -0.04107 0.99916 0.00000 16.35272 0.00000 -0.00000 1.00000 0.00000
1567410283156684 0.99961 -0.02808 0.00000 -560.05347 0.02808 0.99961 -0.00000 -22.20361 -0.00000 0.00000 1.00000 0.00000
1567410283404663 0.99420 -0.10758 0.00000 -557.50288 0.10758 0.99420 -0.00000 -66.66468 -0.00000 0.00000 1.00000 0.00000
1567410283654623 0.98147 -0.19162 0.00000 -550.80944 0.19162 0.98147 -0.00000 -113.66133 -0.00000 0.00000 1.00000 0.00000
1567410283903860 0.95678 -0.29081 0.00000 -537.33954 0.29081 0.95678 -0.00000 -169.21220 -0.00000 0.00000 1.00000 0.00000
1567410284152724 0.92030 -0.39122 0.00000 -517.15824 0.39122 0.92030 -0.00000 -225.44040 -0.00000 0.00000 1.00000 0.00000
1567410284402156 0.86745 -0.49753 0.00000 -487.79144 0.49753 0.86745 -0.00000 -284.99933 -0.00000 0.00000 1.00000 0.00000
1567410284651620 0.79731 -0.60357 0.00000 -448.63170 0.60357 0.79731 -0.00000 -344.47805 -0.00000 0.00000 1.00000 0.00000
1567410284900868 0.70917 -0.70503 0.00000 -399.39716 0.70503 0.70917 -0.00000 -401.44611 -0.00000 0.00000 1.00000 0.00000
1567410285150356 0.60870 -0.79340 0.00000 -343.19200 0.79340 0.60870 -0.00000 -450.99670 -0.00000 0.00000 1.00000 0.00000
1567410285399782 0.49506 -0.86886 0.00000 -279.67804 0.86886 0.49506 -0.00000 -493.40392 -0.00000 0.00000 1.00000 0.00000
1567410285650273 0.37468 -0.92715 0.00000 -212.29439 0.92715 0.37468 -0.00000 -526.15979 -0.00000 0.00000 1.00000 0.00000
1567410285899310 0.26237 -0.96497 0.00000 -149.64738 0.96497 0.26237 -0.00000 -547.39161 -0.00000 0.00000 1.00000 0.00000
1567410286147093 0.16779 -0.98582 0.00000 -97.11716 0.98582 0.16779 -0.00000 -559.23776 -0.00000 0.00000 1.00000 0.00000
1567410286396270 0.10449 -0.99453 0.00000 -62.31947 0.99453 0.10449 -0.00000 -564.18416 -0.00000 0.00000 1.00000 0.00000
1567410286646054 0.06142 -0.99811 0.00000 -39.05541 0.99811 0.06142 -0.00000 -566.31727 -0.00000 0.00000 1.00000 0.00000
1567410286896042 0.03516 -0.99938 0.00000 -25.41499 0.99938 0.03516 -0.00000 -567.24954 -0.00000 0.00000 1.00000 0.00000
1567410287144985 0.01568 -0.99988 0.00000 -15.73165 0.99988 0.01568 -0.00000 -567.59126 -0.00000 0.00000 1.00000 0.00000
1567410287396648 0.00122 -1.00000 0.00000 -8.87734 1.00000 0.00122 -0.00000 -567.91133 -0.00000 0.00000 1.00000 0.00000
1567410287645677 -0.00361 -0.99999 0.00000 -7.44859 0.99999 -0.00361 0.00000 -567.89922 0.00000 0.00000 1.00000 0.00000
1567410287893980 -0.00686 -0.99998 0.00000 -6.99141 0.99998 -0.00686 0.00000 -567.88341 0.00000 0.00000 1.00000 0.00000
1567410288143653 -0.00896 -0.99996 0.00000 -7.26175 0.99996 -0.00896 0.00000 -567.95467 0.00000 0.00000 1.00000 0.00000
1567410288393418 -0.00751 -0.99997 0.00000 -9.54512 0.99997 -0.00751 0.00000 -567.95017 0.00000 0.00000 1.00000 0.00000
1567410288644778 -0.00567 -0.99998 0.00000 -12.10591 0.99998 -0.00567 0.00000 -567.90234 0.00000 0.00000 1.00000 0.00000
1567410288894734 -0.00437 -0.99999 0.00000 -14.36644 0.99999 -0.00437 0.00000 -567.93331 0.00000 0.00000 1.00000 0.00000
1567410289142660 -0.00445 -0.99999 0.00000 -15.87961 0.99999 -0.00445 0.00000 -567.90581 0.00000 0.00000 1.00000 0.00000
1567410289391694 -0.00179 -1.00000 0.00000 -18.99746 1.00000 -0.00179 0.00000 -567.91746 0.00000 0.00000 1.00000 0.00000
1567410289641014 -0.00296 -1.00000 0.00000 -19.92739 1.00000 -0.00296 0.00000 -567.91344 0.00000 0.00000 1.00000 0.00000
1567410289890760 -0.00492 -0.99999 0.00000 -20.48258 0.99999 -0.00492 0.00000 -567.94898 0.00000 0.00000 1.00000 0.00000
1567410290140551 -0.00565 -0.99998 0.00000 -21.79346 0.99998 -0.00565 0.00000 -567.96193 0.00000 0.00000 1.00000 0.00000
1567410290389607 -0.00708 -0.99997 0.00000 -22.70454 0.99997 -0.00708 0.00000 -568.06515 0.00000 0.00000 1.00000 0.00000
1567410290639191 -0.00848 -0.99996 0.00000 -23.63834 0.99996 -0.00848 0.00000 -568.09428 0.00000 0.00000 1.00000 0.00000
