1636901260267179 1.00000 0.00000 0.00000 -0.00000 0.00000 -1.00000 0.00000 0.00000 0.00000 -0.00000 -1.00000 0.00000
1636901260516314 1.00000 0.00002 0.00000 -0.00197 0.00002 -1.00000 0.00000 0.00096 0.00000 -0.00000 -1.00000 0.00000
1636901260765567 1.00000 0.00010 0.00000 -0.00473 0.00010 -1.00000 0.00000 -0.00755 0.00000 -0.00000 -1.00000 -0.00000
1636901261014777 1.00000 -0.00004 0.00000 -0.00021 -0.00004 -1.00000 0.00000 -0.00719 -0.00000 -0.00000 -1.00000 -0.00000
1636901261263828 1.00000 0.00015 0.00000 0.00307 0.00015 -1.00000 0.00000 -0.00497 0.00000 -0.00000 -1.00000 -0.00000
1636901261513036 1.00000 -0.00017 0.00000 -0.00148 -0.00017 -1.00000 0.00000 -0.00765 -0.00000 -0.00000 -1.00000 -0.00000
1636901261761924 1.00000 -0.00010 0.00000 -0.00195 -0.00010 -1.00000 0.00000 -0.00194 -0.00000 -0.00000 -1.00000 -0.00000
1636901262010888 1.00000 0.00001 -0.00000 0.00011 0.00001 -1.00000 0.00000 -0.00249 0.00000 -0.00000 -1.00000 -0.00000
1636901262260001 1.00000 -0.00010 -0.00000 0.00135 -0.00010 -1.00000 0.00000 -0.00315 -0.00000 -0.00000 -1.00000 -0.00000
1636901262509040 1.00000 0.00005 0.00000 -0.00251 0.00005 -1.00000 0.00000 -0.00145 0.00000 -0.00000 -1.00000 -0.00000
1636901262757914 1.00000 0.00018 0.00000 -0.00621 0.00018 -1.00000 0.00000 -0.00136 0.00000 -0.00000 -1.00000 -0.00000
1636901263006934 1.00000 0.00040 0.00000 -0.00282 0.00040 -1.00000 0.00000 -0.00080 0.00000 -0.00000 -1.00000 -0.00000
1636901263256081 1.00000 0.00021 0.00000 -0.00013 0.00021 -1.00000 0.00000 -0.00649 0.00000 -0.00000 -1.00000 -0.00000
1636901263505249 1.00000 0.00015 0.00000 -0.01879 0.00015 -1.00000 0.00000 -0.00509 0.00000 -0.00000 -1.00000 -0.00000
1636901263754241 1.00000 -0.00015 -0.00000 -0.06189 -0.00015 -1.00000 0.00000 -0.00453 -0.00000 -0.00000 -1.00000 -0.00000
1636901264003118 1.00000 -0.00054 0.00000 -0.08190 -0.00054 -1.00000 0.00000 -0.00911 -0.00000 -0.00000 -1.00000 -0.00000
1636901264252185 1.00000 -0.00177 -0.00000 -0.12755 -0.00177 -1.00000 0.00000 -0.00367 -0.00000 -0.00000 -1.00000 -0.00000
1636901264501312 0.99999 -0.00394 0.00000 -0.17370 -0.00394 -0.99999 0.00000 0.00355 -0.00000 -0.00000 -1.00000 0.00000
1636901264750530 0.99998 -0.00669 0.00000 -0.26181 -0.00669 -0.99998 0.00000 0.01085 -0.00000 -0.00000 -1.00000 0.00000
1636901264999619 0.99994 -0.01097 0.00000 -0.29445 -0.01097 -0.99994 0.00000 -0.00834 -0.00000 -0.00000 -1.00000 -0.00000
1636901265248441 0.99989 -0.01511 0.00000 -0.34547 -0.01511 -0.99989 0.00000 -0.01789 -0.00000 -0.00000 -1.00000 -0.00000
1636901265497283 0.99982 -0.01914 0.00000 -0.48938 -0.01914 -0.99982 0.00000 0.00341 -0.00000 -0.00000 -1.00000 0.00000
1636901265746254 0.99968 -0.02544 -0.00000 -0.52847 -0.02544 -0.99968 0.00000 0.01158 -0.00000 -0.00000 -1.00000 0.00000
1636901265995170 0.99946 -0.03289 0.00000 -0.65468 -0.03289 -0.99946 0.00000 0.03256 -0.00000 -0.00000 -1.00000 0.00000
1636901266244390 0.99905 -0.04357 0.00000 -0.76159 -0.04357 -0.99905 0.00000 0.00791 -0.00000 -0.00000 -1.00000 0.00000
1636901266493268 0.99850 -0.05472 0.00000 -0.90668 -0.05472 -0.99850 0.00000 0.02372 -0.00000 -0.00000 -1.00000 0.00000
1636901266742335 0.99776 -0.06696 0.00000 -1.05594 -0.06696 -0.99776 0.00000 0.00906 -0.00000 -0.00000 -1.00000 0.00000
1636901266991398 0.99704 -0.07683 0.00000 -1.20450 -0.07683 -0.99704 0.00000 0.02021 -0.00000 -0.00000 -1.00000 0.00000
1636901267240473 0.99614 -0.08777 0.00000 -1.41676 -0.08777 -0.99614 0.00000 -0.01972 -0.00000 -0.00000 -1.00000 -0.00000
1636901267489434 0.99490 -0.10082 -0.00000 -1.62626 -0.10082 -0.99490 0.00000 -0.00635 -0.00000 -0.00000 -1.00000 -0.00000
1636901267738516 0.99323 -0.11620 -0.00000 -1.85255 -0.11620 -0.99323 0.00000 -0.01492 -0.00000 -0.00000 -1.00000 -0.00000
1636901267987499 0.99104 -0.13358 -0.00000 -2.10598 -0.13358 -0.99104 0.00000 0.00447 -0.00000 -0.00000 -1.00000 0.00000
1636901268236605 0.98822 -0.15305 0.00000 -2.42450 -0.15305 -0.98822 0.00000 0.04701 -0.00000 -0.00000 -1.00000 0.00000
1636901268485320 0.98503 -0.17241 0.00000 -2.74556 -0.17241 -0.98503 0.00000 0.09230 -0.00000 -0.00000 -1.00000 0.00000
1636901268734185 0.98122 -0.19287 0.00000 -3.10938 -0.19287 -0.98122 0.00000 0.15256 -0.00000 -0.00000 -1.00000 0.00000
1636901268983128 0.97717 -0.21247 0.00000 -3.56978 -0.21247 -0.97717 0.00000 0.17535 -0.00000 -0.00000 -1.00000 0.00000
1636901269232032 0.97416 -0.22586 0.00000 -4.03172 -0.22586 -0.97416 0.00000 0.19220 -0.00000 -0.00000 -1.00000 0.00000
1636901269480801 0.97189 -0.23543 0.00000 -4.62511 -0.23543 -0.97189 0.00000 0.22174 -0.00000 -0.00000 -1.00000 0.00000
1636901269729846 0.97012 -0.24262 0.00000 -5.18062 -0.24262 -0.97012 0.00000 0.27395 -0.00000 -0.00000 -1.00000 0.00000
1636901269978883 0.96899 -0.24709 0.00000 -5.83055 -0.24709 -0.96899 0.00000 0.25058 -0.00000 -0.00000 -1.00000 0.00000
1636901270228281 0.96937 -0.24560 0.00000 -6.56638 -0.24560 -0.96937 0.00000 0.26467 -0.00000 -0.00000 -1.00000 0.00000
1636901270477305 0.96941 -0.24543 0.00000 -7.27359 -0.24543 -0.96941 0.00000 0.19109 -0.00000 -0.00000 -1.00000 0.00000
1636901270726412 0.97005 -0.24289 0.00000 -8.05710 -0.24289 -0.97005 0.00000 0.18581 -0.00000 -0.00000 -1.00000 0.00000
1636901270975461 0.97158 -0.23673 0.00000 -8.88775 -0.23673 -0.97158 0.00000 0.11522 -0.00000 -0.00000 -1.00000 0.00000
1636901271224569 0.97399 -0.22658 -0.00000 -9.76770 -0.22658 -0.97399 0.00000 -0.01292 -0.00000 -0.00000 -1.00000 -0.00000
1636901271473705 0.97683 -0.21402 0.00000 -10.65311 -0.21402 -0.97683 0.00000 -0.15758 -0.00000 -0.00000 -1.00000 -0.00000
1636901271722584 0.98073 -0.19537 0.00000 -11.55641 -0.19537 -0.98073 0.00000 -0.31911 -0.00000 -0.00000 -1.00000 -0.00000
1636901271971425 0.98386 -0.17892 0.00000 -12.51387 -0.17892 -0.98386 0.00000 -0.59914 -0.00000 -0.00000 -1.00000 -0.00000
1636901272220726 0.98665 -0.16283 0.00000 -13.43285 -0.16283 -0.98665 0.00000 -0.79109 -0.00000 -0.00000 -1.00000 -0.00000
1636901272469712 0.98872 -0.14976 0.00000 -14.44259 -0.14976 -0.98872 0.00000 -1.01760 -0.00000 -0.00000 -1.00000 -0.00000
1636901272718673 0.99022 -0.13949 0.00000 -15.47421 -0.13949 -0.99022 0.00000 -1.16228 -0.00000 -0.00000 -1.00000 -0.00000
1636901272967473 0.99144 -0.13059 0.00000 -16.60795 -0.13059 -0.99144 0.00000 -1.26218 -0.00000 -0.00000 -1.00000 -0.00000
1636901273216332 0.99267 -0.12082 0.00000 -17.74945 -0.12082 -0.99267 0.00000 -1.44084 -0.00000 -0.00000 -1.00000 -0.00000
1636901273465449 0.99294 -0.11862 0.00000 -19.01350 -0.11862 -0.99294 0.00000 -1.47826 -0.00000 -0.00000 -1.00000 -0.00000
1636901273714803 0.99330 -0.11559 0.00000 -20.26137 -0.11559 -0.99330 0.00000 -1.60660 -0.00000 -0.00000 -1.00000 -0.00000
1636901273963867 0.99342 -0.11452 0.00000 -21.60747 -0.11452 -0.99342 0.00000 -1.62808 -0.00000 -0.00000 -1.00000 -0.00000
1636901274212822 0.99354 -0.11346 0.00000 -23.10067 -0.11346 -0.99354 0.00000 -1.69789 -0.00000 -0.00000 -1.00000 -0.00000
1636901274462105 0.99331 -0.11549 -0.00000 -24.55307 -0.11549 -0.99331 0.00000 -1.67349 -0.00000 -0.00000 -1.00000 -0.00000
1636901274710987 0.99385 -0.11074 0.00000 -26.08337 -0.11074 -0.99385 0.00000 -1.76287 -0.00000 -0.00000 -1.00000 -0.00000
1636901274960210 0.99451 -0.10465 -0.00000 -27.68094 -0.10465 -0.99451 0.00000 -2.03761 -0.00000 -0.00000 -1.00000 -0.00000
1636901275209728 0.99581 -0.09144 -0.00000 -29.26919 -0.09144 -0.99581 0.00000 -2.48786 -0.00000 -0.00000 -1.00000 -0.00000
1636901275458740 0.99664 -0.08191 0.00000 -30.90224 -0.08191 -0.99664 0.00000 -2.75994 -0.00000 -0.00000 -1.00000 -0.00000
1636901275707665 0.99720 -0.07475 0.00000 -32.40442 -0.07475 -0.99720 0.00000 -2.99071 -0.00000 -0.00000 -1.00000 -0.00000
1636901275956681 0.99764 -0.06862 0.00000 -33.93685 -0.06862 -0.99764 0.00000 -3.21681 -0.00000 -0.00000 -1.00000 -0.00000
1636901276205882 0.99779 -0.06638 0.00000 -35.54916 -0.06638 -0.99779 0.00000 -3.32809 -0.00000 -0.00000 -1.00000 -0.00000
1636901276455091 0.99810 -0.06163 0.00000 -37.21123 -0.06163 -0.99810 0.00000 -3.57838 -0.00000 -0.00000 -1.00000 -0.00000
1636901276704308 0.99823 -0.05950 0.00000 -38.78759 -0.05950 -0.99823 0.00000 -3.73628 -0.00000 -0.00000 -1.00000 -0.00000
1636901276953685 0.99832 -0.05797 0.00000 -40.40430 -0.05797 -0.99832 0.00000 -3.75212 -0.00000 -0.00000 -1.00000 -0.00000
1636901277203169 0.99849 -0.05489 0.00000 -42.07717 -0.05489 -0.99849 0.00000 -3.98493 -0.00000 -0.00000 -1.00000 -0.00000
1636901277452570 0.99887 -0.04748 0.00000 -43.67835 -0.04748 -0.99887 0.00000 -4.32589 -0.00000 -0.00000 -1.00000 -0.00000
1636901277701827 0.99925 -0.03880 0.00000 -45.33061 -0.03880 -0.99925 0.00000 -4.65135 -0.00000 -0.00000 -1.00000 -0.00000
1636901277951263 0.99926 -0.03838 0.00000 -47.08581 -0.03838 -0.99926 0.00000 -4.67580 -0.00000 -0.00000 -1.00000 -0.00000
1636901278200340 0.99929 -0.03778 0.00000 -48.78151 -0.03778 -0.99929 0.00000 -4.84682 -0.00000 -0.00000 -1.00000 -0.00000
1636901278449598 0.99919 -0.04023 0.00000 -50.58458 -0.04023 -0.99919 0.00000 -4.70708 -0.00000 -0.00000 -1.00000 -0.00000
1636901278698817 0.99932 -0.03679 0.00000 -52.38208 -0.03679 -0.99932 0.00000 -4.89418 -0.00000 -0.00000 -1.00000 -0.00000
1636901278948010 0.99926 -0.03839 0.00000 -54.21288 -0.03839 -0.99926 0.00000 -4.86506 -0.00000 -0.00000 -1.00000 -0.00000
1636901279197154 0.99927 -0.03814 0.00000 -56.07937 -0.03814 -0.99927 0.00000 -4.92584 -0.00000 -0.00000 -1.00000 -0.00000
1636901279446527 0.99920 -0.03991 0.00000 -57.92636 -0.03991 -0.99920 0.00000 -4.92849 -0.00000 -0.00000 -1.00000 -0.00000
1636901279695763 0.99941 -0.03429 0.00000 -59.80089 -0.03429 -0.99941 0.00000 -5.23677 -0.00000 -0.00000 -1.00000 -0.00000
1636901279945046 0.99966 -0.02594 0.00000 -61.73169 -0.02594 -0.99966 0.00000 -5.77681 -0.00000 -0.00000 -1.00000 -0.00000
1636901280194156 0.99976 -0.02182 -0.00000 -63.63698 -0.02182 -0.99976 0.00000 -6.15079 -0.00000 -0.00000 -1.00000 -0.00000
1636901280443433 0.99985 -0.01758 0.00000 -65.48723 -0.01758 -0.99985 0.00000 -6.51089 -0.00000 -0.00000 -1.00000 -0.00000
1636901280692349 0.99993 -0.01158 0.00000 -67.37838 -0.01158 -0.99993 0.00000 -6.85954 -0.00000 -0.00000 -1.00000 -0.00000
1636901280941852 0.99996 -0.00900 0.00000 -69.27663 -0.00900 -0.99996 0.00000 -7.04321 -0.00000 -0.00000 -1.00000 -0.00000
1636901281190680 1.00000 -0.00307 -0.00000 -71.14280 -0.00307 -1.00000 0.00000 -7.48947 -0.00000 -0.00000 -1.00000 -0.00000
1636901281439851 1.00000 0.00037 0.00000 -72.99042 0.00037 -1.00000 0.00000 -7.75375 0.00000 -0.00000 -1.00000 -0.00000
1636901281688879 1.00000 0.00172 0.00000 -74.87254 0.00172 -1.00000 0.00000 -7.87696 0.00000 -0.00000 -1.00000 -0.00000
1636901281937913 0.99997 0.00810 0.00000 -76.71342 0.00810 -0.99997 0.00000 -8.37933 0.00000 -0.00000 -1.00000 -0.00000
1636901282187313 0.99999 0.00381 0.00000 -78.69789 0.00381 -0.99999 0.00000 -8.03139 0.00000 -0.00000 -1.00000 -0.00000
1636901282436680 1.00000 -0.00205 0.00000 -80.63018 -0.00205 -1.00000 0.00000 -7.62924 -0.00000 -0.00000 -1.00000 -0.00000
1636901282685746 0.99983 -0.01870 0.00000 -82.66936 -0.01870 -0.99983 0.00000 -6.28714 -0.00000 -0.00000 -1.00000 -0.00000
1636901282934720 0.99880 -0.04896 0.00000 -84.73230 -0.04896 -0.99880 0.00000 -3.86023 -0.00000 -0.00000 -1.00000 -0.00000
1636901283184269 0.99665 -0.08183 0.00000 -86.72874 -0.08183 -0.99665 0.00000 -1.06725 -0.00000 -0.00000 -1.00000 -0.00000
1636901283433682 0.99357 -0.11321 -0.00000 -88.61497 -0.11321 -0.99357 0.00000 1.65074 -0.00000 -0.00000 -1.00000 0.00000
1636901283682596 0.98894 -0.14835 0.00000 -90.40084 -0.14835 -0.98894 0.00000 4.74940 -0.00000 -0.00000 -1.00000 0.00000
1636901283932092 0.98204 -0.18869 0.00000 -92.05023 -0.18869 -0.98204 0.00000 8.45281 -0.00000 -0.00000 -1.00000 0.00000
1636901284181608 0.97216 -0.23430 -0.00000 -93.41913 -0.23430 -0.97216 0.00000 12.73840 -0.00000 -0.00000 -1.00000 0.00000
1636901284430521 0.95927 -0.28251 0.00000 -94.55691 -0.28251 -0.95927 0.00000 17.39926 -0.00000 -0.00000 -1.00000 0.00000
1636901284679740 0.94447 -0.32861 -0.00000 -95.40238 -0.32861 -0.94447 0.00000 21.91062 -0.00000 -0.00000 -1.00000 0.00000
1636901284929013 0.92826 -0.37193 -0.00000 -96.16262 -0.37193 -0.92826 0.00000 26.29059 -0.00000 -0.00000 -1.00000 0.00000
1636901285177874 0.90707 -0.42099 -0.00000 -96.49212 -0.42099 -0.90707 0.00000 31.37095 -0.00000 -0.00000 -1.00000 0.00000
1636901285427159 0.88580 -0.46406 -0.00000 -96.74348 -0.46406 -0.88580 0.00000 36.02313 -0.00000 -0.00000 -1.00000 0.00000
1636901285675919 0.85933 -0.51141 0.00000 -96.43339 -0.51141 -0.85933 0.00000 41.16412 -0.00000 -0.00000 -1.00000 0.00000
1636901285925335 0.83004 -0.55771 0.00000 -95.90223 -0.55771 -0.83004 0.00000 46.38630 -0.00000 -0.00000 -1.00000 0.00000
1636901286174815 0.79521 -0.60634 0.00000 -94.86130 -0.60634 -0.79521 0.00000 52.11856 -0.00000 -0.00000 -1.00000 0.00000
1636901286424040 0.75314 -0.65786 -0.00000 -93.01836 -0.65786 -0.75314 0.00000 58.35969 -0.00000 -0.00000 -1.00000 0.00000
1636901286673260 0.70251 -0.71168 0.00000 -90.19611 -0.71168 -0.70251 0.00000 64.96565 -0.00000 -0.00000 -1.00000 0.00000
1636901286922396 0.64940 -0.76044 -0.00000 -87.05814 -0.76044 -0.64940 0.00000 71.21474 -0.00000 -0.00000 -1.00000 0.00000
1636901287171577 0.59278 -0.80536 0.00000 -83.43928 -0.80536 -0.59278 0.00000 77.31849 -0.00000 -0.00000 -1.00000 0.00000
1636901287420497 0.53748 -0.84328 0.00000 -79.79388 -0.84328 -0.53748 0.00000 82.75569 -0.00000 -0.00000 -1.00000 0.00000
1636901287669574 0.48064 -0.87692 0.00000 -75.90397 -0.87692 -0.48064 0.00000 87.81292 -0.00000 -0.00000 -1.00000 0.00000
1636901287918672 0.43820 -0.89888 0.00000 -73.37409 -0.89888 -0.43820 0.00000 91.25285 -0.00000 -0.00000 -1.00000 0.00000
1636901288167712 0.40419 -0.91467 0.00000 -71.60790 -0.91467 -0.40419 0.00000 93.89806 -0.00000 -0.00000 -1.00000 0.00000
1636901288416817 0.38091 -0.92461 -0.00000 -70.88563 -0.92461 -0.38091 0.00000 95.69653 -0.00000 -0.00000 -1.00000 0.00000
1636901288665636 0.36013 -0.93290 0.00000 -70.41614 -0.93290 -0.36013 0.00000 97.23998 -0.00000 -0.00000 -1.00000 0.00000
1636901288914724 0.34298 -0.93934 -0.00000 -70.31318 -0.93934 -0.34298 0.00000 98.56778 -0.00000 -0.00000 -1.00000 0.00000
1636901289163719 0.32908 -0.94430 0.00000 -70.50319 -0.94430 -0.32908 0.00000 99.54044 -0.00000 -0.00000 -1.00000 0.00000
1636901289412839 0.32084 -0.94713 0.00000 -71.35037 -0.94713 -0.32084 0.00000 100.12050 -0.00000 -0.00000 -1.00000 0.00000
1636901289661509 0.32056 -0.94723 -0.00000 -72.96336 -0.94723 -0.32056 0.00000 100.03843 -0.00000 -0.00000 -1.00000 0.00000
1636901289910763 0.32222 -0.94666 0.00000 -74.80865 -0.94666 -0.32222 0.00000 99.88344 -0.00000 -0.00000 -1.00000 0.00000
1636901290159869 0.32973 -0.94408 0.00000 -77.28510 -0.94408 -0.32973 0.00000 99.26347 -0.00000 -0.00000 -1.00000 0.00000
1636901290409041 0.33818 -0.94108 -0.00000 -79.87741 -0.94108 -0.33818 0.00000 98.50416 -0.00000 -0.00000 -1.00000 0.00000
1636901290658108 0.34977 -0.93684 0.00000 -82.75940 -0.93684 -0.34977 0.00000 97.48987 -0.00000 -0.00000 -1.00000 0.00000
1636901290907392 0.36231 -0.93206 0.00000 -85.70911 -0.93206 -0.36231 0.00000 96.40957 -0.00000 -0.00000 -1.00000 0.00000
1636901291156831 0.37374 -0.92753 0.00000 -88.52023 -0.92753 -0.37374 0.00000 95.28783 -0.00000 -0.00000 -1.00000 0.00000
1636901291405805 0.38676 -0.92218 -0.00000 -91.48347 -0.92218 -0.38676 0.00000 94.06930 -0.00000 -0.00000 -1.00000 0.00000
1636901291655023 0.40054 -0.91628 0.00000 -94.37430 -0.91628 -0.40054 0.00000 92.64558 -0.00000 -0.00000 -1.00000 0.00000
1636901291904499 0.41621 -0.90927 0.00000 -97.30067 -0.90927 -0.41621 0.00000 90.98513 -0.00000 -0.00000 -1.00000 0.00000
1636901292153506 0.42879 -0.90341 0.00000 -99.75047 -0.90341 -0.42879 0.00000 89.66886 -0.00000 -0.00000 -1.00000 0.00000
1636901292402719 0.44155 -0.89724 0.00000 -102.04198 -0.89724 -0.44155 0.00000 88.22865 -0.00000 -0.00000 -1.00000 0.00000
1636901292652120 0.45062 -0.89271 -0.00000 -103.81728 -0.89271 -0.45062 0.00000 87.14360 -0.00000 -0.00000 -1.00000 0.00000
1636901292901460 0.46049 -0.88766 0.00000 -105.49149 -0.88766 -0.46049 0.00000 85.92776 -0.00000 -0.00000 -1.00000 0.00000
1636901293151052 0.46592 -0.88483 0.00000 -106.61273 -0.88483 -0.46592 0.00000 85.32462 -0.00000 -0.00000 -1.00000 0.00000
1636901293400671 0.47135 -0.88195 0.00000 -107.59766 -0.88195 -0.47135 0.00000 84.61355 -0.00000 -0.00000 -1.00000 0.00000
1636901293649559 0.47748 -0.87864 0.00000 -108.60253 -0.87864 -0.47748 0.00000 83.88289 -0.00000 -0.00000 -1.00000 0.00000
1636901293898349 0.48066 -0.87690 0.00000 -109.41916 -0.87690 -0.48066 0.00000 83.54381 -0.00000 -0.00000 -1.00000 0.00000
1636901294147519 0.48432 -0.87489 -0.00000 -110.21074 -0.87489 -0.48432 0.00000 83.04723 -0.00000 -0.00000 -1.00000 0.00000
1636901294396548 0.48704 -0.87338 0.00000 -110.87751 -0.87338 -0.48704 0.00000 82.70169 -0.00000 -0.00000 -1.00000 0.00000
1636901294645571 0.48789 -0.87290 0.00000 -111.44355 -0.87290 -0.48789 0.00000 82.55844 -0.00000 -0.00000 -1.00000 0.00000
1636901294894849 0.49298 -0.87004 0.00000 -112.55644 -0.87004 -0.49298 0.00000 81.86208 -0.00000 -0.00000 -1.00000 0.00000
1636901295143814 0.49320 -0.86992 0.00000 -113.31395 -0.86992 -0.49320 0.00000 81.87808 -0.00000 -0.00000 -1.00000 0.00000
1636901295392800 0.49596 -0.86835 -0.00000 -114.38557 -0.86835 -0.49596 0.00000 81.44072 -0.00000 -0.00000 -1.00000 0.00000
1636901295641577 0.49694 -0.86779 0.00000 -115.37732 -0.86779 -0.49694 0.00000 81.26841 -0.00000 -0.00000 -1.00000 0.00000
1636901295890748 0.49821 -0.86706 0.00000 -116.49434 -0.86706 -0.49821 0.00000 81.07257 -0.00000 -0.00000 -1.00000 0.00000
1636901296139826 0.50137 -0.86523 0.00000 -117.80176 -0.86523 -0.50137 0.00000 80.60677 -0.00000 -0.00000 -1.00000 0.00000
1636901296388577 0.50289 -0.86435 -0.00000 -119.06738 -0.86435 -0.50289 0.00000 80.42282 -0.00000 -0.00000 -1.00000 0.00000
1636901296637355 0.50605 -0.86251 0.00000 -120.59953 -0.86251 -0.50605 0.00000 79.93445 -0.00000 -0.00000 -1.00000 0.00000
1636901296886725 0.51113 -0.85950 0.00000 -122.36613 -0.85950 -0.51113 0.00000 79.22518 -0.00000 -0.00000 -1.00000 0.00000
1636901297135605 0.51858 -0.85503 -0.00000 -124.36542 -0.85503 -0.51858 0.00000 78.11586 -0.00000 -0.00000 -1.00000 0.00000
1636901297384476 0.52964 -0.84822 0.00000 -126.70695 -0.84822 -0.52964 0.00000 76.44798 -0.00000 -0.00000 -1.00000 0.00000
1636901297633517 0.54578 -0.83793 0.00000 -129.50109 -0.83793 -0.54578 0.00000 74.00581 -0.00000 -0.00000 -1.00000 0.00000
1636901297882249 0.56450 -0.82543 0.00000 -132.49973 -0.82543 -0.56450 0.00000 71.09990 -0.00000 -0.00000 -1.00000 0.00000
1636901298131670 0.59012 -0.80732 0.00000 -136.04793 -0.80732 -0.59012 0.00000 66.89117 -0.00000 -0.00000 -1.00000 0.00000
1636901298380340 0.62320 -0.78207 0.00000 -140.05545 -0.78207 -0.62320 0.00000 61.09091 -0.00000 -0.00000 -1.00000 0.00000
1636901298629177 0.66057 -0.75077 0.00000 -144.22774 -0.75077 -0.66057 0.00000 54.17005 -0.00000 -0.00000 -1.00000 0.00000
1636901298878125 0.69550 -0.71852 0.00000 -148.04405 -0.71852 -0.69550 0.00000 47.26839 -0.00000 -0.00000 -1.00000 0.00000
1636901299127175 0.73805 -0.67474 0.00000 -151.90119 -0.67474 -0.73805 0.00000 38.16431 -0.00000 -0.00000 -1.00000 0.00000
1636901299376038 0.79159 -0.61106 0.00000 -155.80126 -0.61106 -0.79159 0.00000 25.34135 -0.00000 -0.00000 -1.00000 0.00000
1636901299625057 0.84677 -0.53197 0.00000 -158.81052 -0.53197 -0.84677 0.00000 10.18202 -0.00000 -0.00000 -1.00000 0.00000
1636901299873907 0.89722 -0.44158 0.00000 -160.08690 -0.44158 -0.89722 0.00000 -6.27860 -0.00000 -0.00000 -1.00000 -0.00000
1636901300123070 0.94289 -0.33310 0.00000 -159.39055 -0.33310 -0.94289 0.00000 -25.12788 -0.00000 -0.00000 -1.00000 -0.00000
1636901300372322 0.97846 -0.20646 -0.00000 -155.78817 -0.20646 -0.97846 0.00000 -45.80499 -0.00000 -0.00000 -1.00000 -0.00000
1636901300621404 0.99786 -0.06539 0.00000 -148.62167 -0.06539 -0.99786 0.00000 -67.45415 -0.00000 -0.00000 -1.00000 -0.00000
1636901300870428 0.99662 0.08214 0.00000 -138.17969 0.08214 -0.99662 0.00000 -88.54416 0.00000 -0.00000 -1.00000 -0.00000
1636901301119704 0.97144 0.23730 0.00000 -123.59387 0.23730 -0.97144 0.00000 -109.15683 0.00000 -0.00000 -1.00000 -0.00000
1636901301368895 0.91953 0.39301 0.00000 -105.05120 0.39301 -0.91953 0.00000 -127.86814 0.00000 -0.00000 -1.00000 -0.00000
1636901301617602 0.83956 0.54326 0.00000 -82.80718 0.54326 -0.83956 0.00000 -143.77765 0.00000 -0.00000 -1.00000 -0.00000
1636901301866647 0.73196 0.68135 -0.00000 -57.29449 0.68135 -0.73196 0.00000 -156.10615 0.00000 -0.00000 -1.00000 -0.00000
1636901302115739 0.60113 0.79915 0.00000 -30.07282 0.79915 -0.60113 0.00000 -163.63102 0.00000 -0.00000 -1.00000 -0.00000
1636901302364887 0.44772 0.89417 0.00000 -1.06407 0.89417 -0.44772 0.00000 -166.28493 0.00000 -0.00000 -1.00000 -0.00000
1636901302613934 0.28512 0.95849 0.00000 27.02723 0.95849 -0.28512 0.00000 -163.97443 0.00000 -0.00000 -1.00000 -0.00000
1636901302863173 0.10771 0.99418 0.00000 55.24126 0.99418 -0.10771 0.00000 -156.37909 0.00000 -0.00000 -1.00000 -0.00000
1636901303112147 -0.06946 0.99758 -0.00000 81.02269 0.99758 0.06946 0.00000 -144.16864 0.00000 0.00000 -1.00000 -0.00000
1636901303361249 -0.24604 0.96926 0.00000 104.50217 0.96926 0.24604 0.00000 -127.39130 0.00000 0.00000 -1.00000 -0.00000
1636901303610364 -0.40962 0.91226 0.00000 123.96647 0.91226 0.40962 0.00000 -107.40910 0.00000 0.00000 -1.00000 -0.00000
1636901303859426 -0.54977 0.83531 0.00000 138.46798 0.83531 0.54977 0.00000 -86.31918 0.00000 0.00000 -1.00000 -0.00000
1636901304108608 -0.66825 0.74394 0.00000 148.82880 0.74394 0.66825 0.00000 -64.61793 0.00000 0.00000 -1.00000 -0.00000
1636901304357722 -0.76420 0.64498 0.00000 155.30047 0.64498 0.76420 0.00000 -43.59677 0.00000 0.00000 -1.00000 -0.00000
1636901304607397 -0.83667 0.54771 0.00000 158.35542 0.54771 0.83667 0.00000 -24.41474 0.00000 0.00000 -1.00000 -0.00000
1636901304856497 -0.88577 0.46413 -0.00000 158.92686 0.46413 0.88577 0.00000 -8.99640 0.00000 0.00000 -1.00000 -0.00000
1636901305105442 -0.91998 0.39197 0.00000 158.08565 0.39197 0.91998 0.00000 3.69434 0.00000 0.00000 -1.00000 0.00000
1636901305354702 -0.93806 0.34647 0.00000 156.65087 0.34647 0.93806 0.00000 11.54047 0.00000 0.00000 -1.00000 0.00000
1636901305603528 -0.94865 0.31633 0.00000 155.07137 0.31633 0.94865 0.00000 16.48960 0.00000 0.00000 -1.00000 0.00000
1636901305852204 -0.95514 0.29616 -0.00000 153.55058 0.29616 0.95514 0.00000 19.73646 0.00000 0.00000 -1.00000 0.00000
1636901306101445 -0.95581 0.29400 -0.00000 152.27825 0.29400 0.95581 0.00000 20.11390 0.00000 0.00000 -1.00000 0.00000
1636901306350692 -0.94923 0.31458 0.00000 151.43958 0.31458 0.94923 0.00000 16.82218 0.00000 0.00000 -1.00000 0.00000
1636901306599920 -0.93268 0.36070 -0.00000 150.86113 0.36070 0.93268 0.00000 9.36475 0.00000 0.00000 -1.00000 0.00000
1636901306848733 -0.91255 0.40898 0.00000 149.86401 0.40898 0.91255 0.00000 1.50572 0.00000 0.00000 -1.00000 0.00000
1636901307097965 -0.88460 0.46635 0.00000 148.38887 0.46635 0.88460 0.00000 -8.08193 0.00000 0.00000 -1.00000 -0.00000
1636901307346982 -0.85345 0.52117 -0.00000 146.20538 0.52117 0.85345 0.00000 -17.41598 0.00000 0.00000 -1.00000 -0.00000
1636901307596025 -0.82027 0.57197 0.00000 143.43125 0.57197 0.82027 0.00000 -26.26977 0.00000 0.00000 -1.00000 -0.00000
1636901307845180 -0.78045 0.62522 0.00000 139.82476 0.62522 0.78045 0.00000 -35.79648 0.00000 0.00000 -1.00000 -0.00000
1636901308093965 -0.74005 0.67255 0.00000 135.81109 0.67255 0.74005 0.00000 -44.44190 0.00000 0.00000 -1.00000 -0.00000
1636901308343203 -0.69806 0.71604 0.00000 131.24386 0.71604 0.69806 0.00000 -52.59774 0.00000 0.00000 -1.00000 -0.00000
1636901308591871 -0.65783 0.75316 0.00000 126.55476 0.75316 0.65783 0.00000 -59.75878 0.00000 0.00000 -1.00000 -0.00000
1636901308841360 -0.61898 0.78541 0.00000 121.74487 0.78541 0.61898 0.00000 -66.14458 0.00000 0.00000 -1.00000 -0.00000
1636901309090329 -0.58696 0.80961 0.00000 117.32350 0.80961 0.58696 0.00000 -70.97832 0.00000 0.00000 -1.00000 -0.00000
1636901309339257 -0.56131 0.82761 -0.00000 113.34767 0.82761 0.56131 0.00000 -74.60472 0.00000 0.00000 -1.00000 -0.00000
1636901309588424 -0.53713 0.84350 0.00000 109.45630 0.84350 0.53713 0.00000 -77.85702 0.00000 0.00000 -1.00000 -0.00000
1636901309837266 -0.51059 0.85982 0.00000 105.24611 0.85982 0.51059 0.00000 -81.26880 0.00000 0.00000 -1.00000 -0.00000
1636901310086534 -0.48500 0.87452 0.00000 101.11388 0.87452 0.48500 0.00000 -84.34011 0.00000 0.00000 -1.00000 -0.00000
1636901310335663 -0.46072 0.88755 0.00000 97.10141 0.88755 0.46072 0.00000 -87.13447 0.00000 0.00000 -1.00000 -0.00000
1636901310584418 -0.44123 0.89740 0.00000 93.52287 0.89740 0.44123 0.00000 -89.25678 0.00000 0.00000 -1.00000 -0.00000
1636901310833206 -0.42433 0.90551 0.00000 90.11195 0.90551 0.42433 0.00000 -91.06117 0.00000 0.00000 -1.00000 -0.00000
1636901311082524 -0.40026 0.91640 0.00000 86.05375 0.91640 0.40026 0.00000 -93.38591 0.00000 0.00000 -1.00000 -0.00000
1636901311331624 -0.37664 0.92636 0.00000 81.94096 0.92636 0.37664 0.00000 -95.56405 0.00000 0.00000 -1.00000 -0.00000
1636901311580562 -0.35079 0.93645 -0.00000 77.55431 0.93645 0.35079 0.00000 -97.94335 0.00000 0.00000 -1.00000 -0.00000
1636901311829627 -0.32960 0.94412 0.00000 73.58094 0.94412 0.32960 0.00000 -99.55410 0.00000 0.00000 -1.00000 -0.00000
1636901312078493 -0.31299 0.94976 0.00000 70.07734 0.94976 0.31299 0.00000 -100.83652 0.00000 0.00000 -1.00000 -0.00000
1636901312327234 -0.30479 0.95242 0.00000 67.42556 0.95242 0.30479 0.00000 -101.48839 0.00000 0.00000 -1.00000 -0.00000
1636901312576164 -0.30678 0.95178 0.00000 65.86968 0.95178 0.30678 0.00000 -101.34990 0.00000 0.00000 -1.00000 -0.00000
1636901312825156 -0.31867 0.94787 0.00000 65.36156 0.94787 0.31867 0.00000 -100.58360 0.00000 0.00000 -1.00000 -0.00000
1636901313074156 -0.34075 0.94015 -0.00000 65.93979 0.94015 0.34075 0.00000 -99.01552 0.00000 0.00000 -1.00000 -0.00000
1636901313323055 -0.37722 0.92612 0.00000 67.97563 0.92612 0.37722 0.00000 -96.49911 0.00000 0.00000 -1.00000 -0.00000
1636901313572103 -0.41988 0.90758 -0.00000 70.58685 0.90758 0.41988 0.00000 -93.28997 0.00000 0.00000 -1.00000 -0.00000
1636901313821193 -0.46708 0.88421 0.00000 73.64749 0.88421 0.46708 0.00000 -89.58685 0.00000 0.00000 -1.00000 -0.00000
1636901314070342 -0.51453 0.85748 0.00000 76.56441 0.85748 0.51453 0.00000 -85.40896 0.00000 0.00000 -1.00000 -0.00000
1636901314319402 -0.56572 0.82459 0.00000 79.82077 0.82459 0.56572 0.00000 -80.72003 0.00000 0.00000 -1.00000 -0.00000
1636901314568134 -0.61988 0.78470 0.00000 83.28400 0.78470 0.61988 0.00000 -75.28702 0.00000 0.00000 -1.00000 -0.00000
1636901314817416 -0.66945 0.74285 0.00000 86.09548 0.74285 0.66945 0.00000 -69.77842 0.00000 0.00000 -1.00000 -0.00000
1636901315066343 -0.71695 0.69712 0.00000 88.68074 0.69712 0.71695 0.00000 -64.00393 0.00000 0.00000 -1.00000 -0.00000
1636901315315351 -0.75973 0.65024 -0.00000 90.77253 0.65024 0.75973 0.00000 -58.33105 0.00000 0.00000 -1.00000 -0.00000
1636901315564462 -0.79898 0.60136 0.00000 92.38899 0.60136 0.79898 0.00000 -52.53356 0.00000 0.00000 -1.00000 -0.00000
1636901315813676 -0.83394 0.55185 0.00000 93.50223 0.55185 0.83394 0.00000 -46.85470 0.00000 0.00000 -1.00000 -0.00000
1636901316062583 -0.86782 0.49688 0.00000 94.55579 0.49688 0.86782 0.00000 -40.81436 0.00000 0.00000 -1.00000 -0.00000
1636901316311748 -0.89462 0.44683 0.00000 94.81347 0.44683 0.89462 0.00000 -35.31774 0.00000 0.00000 -1.00000 -0.00000
1636901316560723 -0.92031 0.39120 -0.00000 94.98464 0.39120 0.92031 0.00000 -29.51931 0.00000 0.00000 -1.00000 -0.00000
1636901316809520 -0.94157 0.33682 0.00000 94.59354 0.33682 0.94157 0.00000 -24.01106 0.00000 0.00000 -1.00000 -0.00000
1636901317058758 -0.95858 0.28484 0.00000 93.91314 0.28484 0.95858 0.00000 -18.76099 0.00000 0.00000 -1.00000 -0.00000
1636901317307787 -0.97290 0.23122 0.00000 92.90642 0.23122 0.97290 0.00000 -13.53408 0.00000 0.00000 -1.00000 -0.00000
1636901317556793 -0.98404 0.17797 0.00000 91.56781 0.17797 0.98404 0.00000 -8.59348 0.00000 0.00000 -1.00000 -0.00000
1636901317806307 -0.99126 0.13189 0.00000 89.89575 0.13189 0.99126 0.00000 -4.28279 0.00000 0.00000 -1.00000 -0.00000
1636901318055489 -0.99547 0.09508 0.00000 87.96802 0.09508 0.99547 0.00000 -0.95853 0.00000 0.00000 -1.00000 -0.00000
1636901318304634 -0.99751 0.07046 0.00000 85.98500 0.07046 0.99751 0.00000 1.18804 0.00000 0.00000 -1.00000 0.00000
1636901318553522 -0.99865 0.05194 0.00000 83.96003 0.05194 0.99865 0.00000 2.77473 0.00000 0.00000 -1.00000 0.00000
1636901318802866 -0.99925 0.03863 0.00000 81.92632 0.03863 0.99925 0.00000 3.82189 0.00000 0.00000 -1.00000 0.00000
1636901319052078 -0.99953 0.03069 -0.00000 79.90779 0.03069 0.99953 0.00000 4.41838 0.00000 0.00000 -1.00000 0.00000
1636901319301048 -0.99973 0.02329 0.00000 77.78438 0.02329 0.99973 0.00000 4.98909 0.00000 0.00000 -1.00000 0.00000
1636901319549987 -0.99984 0.01765 -0.00000 75.72108 0.01765 0.99984 0.00000 5.40280 0.00000 0.00000 -1.00000 0.00000
1636901319799211 -0.99991 0.01360 0.00000 73.58397 0.01360 0.99991 0.00000 5.63412 0.00000 0.00000 -1.00000 0.00000
1636901320048084 -0.99998 0.00660 0.00000 71.49780 0.00660 0.99998 0.00000 6.18563 0.00000 0.00000 -1.00000 0.00000
1636901320297342 -1.00000 0.00276 0.00000 69.38327 0.00276 1.00000 0.00000 6.36645 0.00000 0.00000 -1.00000 0.00000
1636901320546386 -1.00000 -0.00064 0.00000 67.21829 -0.00064 1.00000 0.00000 6.63236 -0.00000 0.00000 -1.00000 0.00000
1636901320795336 -0.99997 -0.00734 0.00000 65.09282 -0.00734 0.99997 0.00000 6.97530 -0.00000 0.00000 -1.00000 0.00000
1636901321044083 -0.99986 -0.01646 0.00000 62.90224 -0.01646 0.99986 0.00000 7.53052 -0.00000 0.00000 -1.00000 0.00000
1636901321293229 -0.99960 -0.02823 0.00000 60.74900 -0.02823 0.99960 0.00000 8.18459 -0.00000 0.00000 -1.00000 0.00000
1636901321542687 -0.99952 -0.03113 0.00000 58.63390 -0.03113 0.99952 0.00000 8.29731 -0.00000 0.00000 -1.00000 0.00000
1636901321791968 -0.99968 -0.02548 -0.00000 56.60688 -0.02548 0.99968 0.00000 7.99246 -0.00000 0.00000 -1.00000 0.00000
1636901322041045 -0.99980 -0.02001 0.00000 54.58557 -0.02001 0.99980 0.00000 7.61387 -0.00000 0.00000 -1.00000 0.00000
1636901322290601 -0.99990 -0.01397 0.00000 52.58839 -0.01397 0.99990 0.00000 7.24616 -0.00000 0.00000 -1.00000 0.00000
1636901322539911 -1.00000 -0.00288 0.00000 50.65353 -0.00288 1.00000 0.00000 6.66496 -0.00000 0.00000 -1.00000 0.00000
1636901322789171 -0.99999 0.00478 0.00000 48.68416 0.00478 0.99999 0.00000 6.26908 0.00000 0.00000 -1.00000 0.00000
1636901323038557 -0.99996 0.00915 0.00000 46.72973 0.00915 0.99996 0.00000 6.04618 0.00000 0.00000 -1.00000 0.00000
1636901323287800 -0.99982 0.01875 0.00000 44.79089 0.01875 0.99982 0.00000 5.58287 0.00000 0.00000 -1.00000 0.00000
1636901323536879 -0.99947 0.03249 0.00000 42.85705 0.03249 0.99947 0.00000 4.98322 0.00000 0.00000 -1.00000 0.00000
1636901323785401 -0.99891 0.04658 0.00000 40.90119 0.04658 0.99891 0.00000 4.26068 0.00000 0.00000 -1.00000 0.00000
1636901324034163 -0.99810 0.06165 0.00000 38.94887 0.06165 0.99810 0.00000 3.51908 0.00000 0.00000 -1.00000 0.00000
1636901324283828 -0.99720 0.07474 0.00000 36.98989 0.07474 0.99720 0.00000 2.99791 0.00000 0.00000 -1.00000 0.00000
1636901324533086 -0.99643 0.08437 0.00000 34.92868 0.08437 0.99643 0.00000 2.53580 0.00000 0.00000 -1.00000 0.00000
1636901324782166 -0.99531 0.09669 0.00000 32.98123 0.09669 0.99531 0.00000 2.12629 0.00000 0.00000 -1.00000 0.00000
1636901325031137 -0.99386 0.11062 0.00000 31.00298 0.11062 0.99386 0.00000 1.63000 0.00000 0.00000 -1.00000 0.00000
1636901325280144 -0.99335 0.11509 0.00000 28.94217 0.11509 0.99335 0.00000 1.41670 0.00000 0.00000 -1.00000 0.00000
1636901325528959 -0.99231 0.12374 0.00000 26.87566 0.12374 0.99231 0.00000 1.17641 0.00000 0.00000 -1.00000 0.00000
1636901325777618 -0.99123 0.13213 0.00000 24.84832 0.13213 0.99123 0.00000 0.91433 0.00000 0.00000 -1.00000 0.00000
1636901326026859 -0.99013 0.14018 0.00000 22.77267 0.14018 0.99013 0.00000 0.71104 0.00000 0.00000 -1.00000 0.00000
1636901326275854 -0.98959 0.14393 0.00000 20.69302 0.14393 0.98959 0.00000 0.56586 0.00000 0.00000 -1.00000 0.00000
1636901326525121 -0.98885 0.14891 -0.00000 18.68680 0.14891 0.98885 0.00000 0.48625 0.00000 0.00000 -1.00000 0.00000
1636901326774282 -0.98863 0.15035 0.00000 16.57149 0.15035 0.98863 0.00000 0.39080 0.00000 0.00000 -1.00000 0.00000
1636901327023675 -0.98843 0.15166 -0.00000 14.53651 0.15166 0.98843 0.00000 0.36791 0.00000 0.00000 -1.00000 0.00000
1636901327272773 -0.98837 0.15206 0.00000 12.50088 0.15206 0.98837 0.00000 0.38171 0.00000 0.00000 -1.00000 0.00000
1636901327522208 -0.98809 0.15385 0.00000 10.50656 0.15385 0.98809 0.00000 0.33452 0.00000 0.00000 -1.00000 0.00000
1636901327771341 -0.98877 0.14943 0.00000 8.55901 0.14943 0.98877 0.00000 0.29961 0.00000 0.00000 -1.00000 0.00000
1636901328020729 -0.98956 0.14412 0.00000 6.69658 0.14412 0.98956 0.00000 0.35860 0.00000 0.00000 -1.00000 0.00000
1636901328270128 -0.99094 0.13434 0.00000 4.91696 0.13434 0.99094 0.00000 0.43748 0.00000 0.00000 -1.00000 0.00000
1636901328519366 -0.99208 0.12561 0.00000 3.28004 0.12561 0.99208 0.00000 0.38988 0.00000 0.00000 -1.00000 0.00000
1636901328768434 -0.99258 0.12156 0.00000 1.64786 0.12156 0.99258 0.00000 0.38012 0.00000 0.00000 -1.00000 0.00000
1636901329017992 -0.99358 0.11316 0.00000 0.23886 0.11316 0.99358 0.00000 0.37899 0.00000 0.00000 -1.00000 0.00000
1636901329267349 -0.99376 0.11150 0.00000 -1.12112 0.11150 0.99376 0.00000 0.33938 0.00000 0.00000 -1.00000 0.00000
1636901329516669 -0.99387 0.11059 0.00000 -2.34868 0.11059 0.99387 0.00000 0.31574 0.00000 0.00000 -1.00000 0.00000
1636901329765575 -0.99413 0.10822 0.00000 -3.48969 0.10822 0.99413 0.00000 0.32246 0.00000 0.00000 -1.00000 0.00000
1636901330014794 -0.99426 0.10695 -0.00000 -4.45137 0.10695 0.99426 0.00000 0.29463 0.00000 0.00000 -1.00000 0.00000
1636901330263799 -0.99440 0.10573 0.00000 -5.38286 0.10573 0.99440 0.00000 0.24584 0.00000 0.00000 -1.00000 0.00000
1636901330512765 -0.99439 0.10577 0.00000 -6.27468 0.10577 0.99439 0.00000 0.22145 0.00000 0.00000 -1.00000 0.00000
1636901330761660 -0.99520 0.09784 -0.00000 -7.06079 0.09784 0.99520 0.00000 0.18181 0.00000 0.00000 -1.00000 0.00000
1636901331010592 -0.99567 0.09292 0.00000 -7.76445 0.09292 0.99567 0.00000 0.08500 0.00000 0.00000 -1.00000 0.00000
1636901331259721 -0.99581 0.09145 0.00000 -8.41473 0.09145 0.99581 0.00000 0.07845 0.00000 0.00000 -1.00000 0.00000
1636901331508969 -0.99638 0.08503 0.00000 -8.93676 0.08503 0.99638 0.00000 -0.04480 0.00000 0.00000 -1.00000 -0.00000
1636901331758229 -0.99663 0.08202 0.00000 -9.33160 0.08202 0.99663 0.00000 -0.05756 0.00000 0.00000 -1.00000 -0.00000
1636901332007391 -0.99670 0.08112 -0.00000 -9.62251 0.08112 0.99670 0.00000 -0.08643 0.00000 0.00000 -1.00000 -0.00000
1636901332256656 -0.99681 0.07986 0.00000 -9.87116 0.07986 0.99681 0.00000 -0.03895 0.00000 0.00000 -1.00000 -0.00000
1636901332505561 -0.99686 0.07920 0.00000 -10.09328 0.07920 0.99686 0.00000 -0.04431 0.00000 0.00000 -1.00000 -0.00000
1636901332754519 -0.99707 0.07645 0.00000 -10.40445 0.07645 0.99707 0.00000 -0.03144 0.00000 0.00000 -1.00000 -0.00000
1636901333003551 -0.99709 0.07630 0.00000 -10.72235 0.07630 0.99709 0.00000 -0.04651 0.00000 0.00000 -1.00000 -0.00000
1636901333252393 -0.99728 0.07364 0.00000 -11.12800 0.07364 0.99728 0.00000 -0.11304 0.00000 0.00000 -1.00000 -0.00000
1636901333501027 -0.99730 0.07337 0.00000 -11.63735 0.07337 0.99730 0.00000 -0.06777 0.00000 0.00000 -1.00000 -0.00000
1636901333749726 -0.99745 0.07130 -0.00000 -12.26888 0.07130 0.99745 0.00000 -0.21556 0.00000 0.00000 -1.00000 -0.00000
1636901333998986 -0.99763 0.06887 0.00000 -13.05537 0.06887 0.99763 0.00000 -0.21808 0.00000 0.00000 -1.00000 -0.00000
1636901334247837 -0.99781 0.06610 0.00000 -14.03194 0.06610 0.99781 0.00000 -0.25658 0.00000 0.00000 -1.00000 -0.00000
1636901334496989 -0.99794 0.06416 0.00000 -15.01593 0.06416 0.99794 0.00000 -0.29914 0.00000 0.00000 -1.00000 -0.00000
1636901334745969 -0.99812 0.06124 0.00000 -16.13863 0.06124 0.99812 0.00000 -0.34111 0.00000 0.00000 -1.00000 -0.00000
1636901334994810 -0.99813 0.06110 -0.00000 -17.37473 0.06110 0.99813 0.00000 -0.39373 0.00000 0.00000 -1.00000 -0.00000
1636901335243769 -0.99812 0.06123 -0.00000 -18.65482 0.06123 0.99812 0.00000 -0.44124 0.00000 0.00000 -1.00000 -0.00000
1636901335492691 -0.99811 0.06144 0.00000 -19.98120 0.06144 0.99811 0.00000 -0.46522 0.00000 0.00000 -1.00000 -0.00000
1636901335741561 -0.99820 0.05994 0.00000 -21.44947 0.05994 0.99820 0.00000 -0.50743 0.00000 0.00000 -1.00000 -0.00000
1636901335990622 -0.99842 0.05611 -0.00000 -22.93955 0.05611 0.99842 0.00000 -0.61938 0.00000 0.00000 -1.00000 -0.00000
1636901336239612 -0.99867 0.05150 0.00000 -24.54966 0.05150 0.99867 0.00000 -0.72287 0.00000 0.00000 -1.00000 -0.00000
1636901336488610 -0.99884 0.04823 -0.00000 -26.23292 0.04823 0.99884 0.00000 -0.81291 0.00000 0.00000 -1.00000 -0.00000
1636901336737401 -0.99891 0.04663 0.00000 -27.86308 0.04663 0.99891 0.00000 -0.87869 0.00000 0.00000 -1.00000 -0.00000
1636901336986414 -0.99914 0.04156 0.00000 -29.62648 0.04156 0.99914 0.00000 -0.98187 0.00000 0.00000 -1.00000 -0.00000
1636901337235728 -0.99912 0.04205 0.00000 -31.40583 0.04205 0.99912 0.00000 -1.02003 0.00000 0.00000 -1.00000 -0.00000
1636901337484647 -0.99930 0.03749 -0.00000 -33.23628 0.03749 0.99930 0.00000 -1.24893 0.00000 0.00000 -1.00000 -0.00000
1636901337733642 -0.99930 0.03750 0.00000 -35.16069 0.03750 0.99930 0.00000 -1.20234 0.00000 0.00000 -1.00000 -0.00000
1636901337982558 -0.99944 0.03351 0.00000 -37.05261 0.03351 0.99944 0.00000 -1.39021 0.00000 0.00000 -1.00000 -0.00000
1636901338231635 -0.99939 0.03500 0.00000 -39.03847 0.03500 0.99939 0.00000 -1.38253 0.00000 0.00000 -1.00000 -0.00000
1636901338480833 -0.99946 0.03280 -0.00000 -41.00465 0.03280 0.99946 0.00000 -1.47511 0.00000 0.00000 -1.00000 -0.00000
1636901338729880 -0.99932 0.03687 0.00000 -43.01128 0.03687 0.99932 0.00000 -1.41363 0.00000 0.00000 -1.00000 -0.00000
1636901338978884 -0.99919 0.04020 0.00000 -45.02268 0.04020 0.99919 0.00000 -1.26580 0.00000 0.00000 -1.00000 -0.00000
1636901339228005 -0.99877 0.04952 0.00000 -46.96511 0.04952 0.99877 0.00000 -0.86788 0.00000 0.00000 -1.00000 -0.00000
1636901339477114 -0.99779 0.06642 -0.00000 -49.01773 0.06642 0.99779 0.00000 -0.12539 0.00000 0.00000 -1.00000 -0.00000
1636901339726109 -0.99613 0.08786 0.00000 -50.85921 0.08786 0.99613 0.00000 0.97421 0.00000 0.00000 -1.00000 0.00000
1636901339975368 -0.99383 0.11088 0.00000 -52.71222 0.11088 0.99383 0.00000 2.08305 0.00000 0.00000 -1.00000 0.00000
1636901340224512 -0.99056 0.13706 0.00000 -54.33384 0.13706 0.99056 0.00000 3.49773 0.00000 0.00000 -1.00000 0.00000
1636901340473864 -0.98573 0.16831 0.00000 -55.85698 0.16831 0.98573 0.00000 5.18148 0.00000 0.00000 -1.00000 0.00000
1636901340723139 -0.97644 0.21578 0.00000 -57.11848 0.21578 0.97644 0.00000 7.88692 0.00000 0.00000 -1.00000 0.00000
1636901340972198 -0.96161 0.27443 0.00000 -57.99786 0.27443 0.96161 0.00000 11.28873 0.00000 0.00000 -1.00000 0.00000
1636901341221040 -0.94125 0.33770 -0.00000 -58.52000 0.33770 0.94125 0.00000 15.12976 0.00000 0.00000 -1.00000 0.00000
1636901341470194 -0.91280 0.40840 0.00000 -58.51099 0.40840 0.91280 0.00000 19.50517 0.00000 0.00000 -1.00000 0.00000
1636901341719153 -0.87687 0.48073 0.00000 -57.97544 0.48073 0.87687 0.00000 24.12038 0.00000 0.00000 -1.00000 0.00000
1636901341968597 -0.82847 0.56004 0.00000 -56.68449 0.56004 0.82847 0.00000 29.39727 0.00000 0.00000 -1.00000 0.00000
1636901342217859 -0.76622 0.64257 0.00000 -54.52217 0.64257 0.76622 0.00000 35.06738 0.00000 0.00000 -1.00000 0.00000
1636901342466837 -0.69464 0.71936 0.00000 -51.75477 0.71936 0.69464 0.00000 40.56821 0.00000 0.00000 -1.00000 0.00000
1636901342716036 -0.61619 0.78760 0.00000 -48.43988 0.78760 0.61619 0.00000 45.66119 0.00000 0.00000 -1.00000 0.00000
