1547639597671717 1.00000 0.00000 0.00000 -0.00000 0.00000 1.00000 0.00000 -0.00000 0.00000 0.00000 1.00000 -0.00000
1547639597922960 1.00000 0.00006 -0.00000 0.00137 -0.00006 1.00000 0.00000 -0.00183 0.00000 -0.00000 1.00000 0.00000
1547639598174187 1.00000 0.00010 -0.00000 -0.00247 -0.00010 1.00000 0.00000 0.00095 0.00000 -0.00000 1.00000 -0.00000
1547639598426143 1.00000 -0.00001 0.00000 0.00009 0.00001 1.00000 -0.00000 0.00195 -0.00000 0.00000 1.00000 0.00000
1547639598677766 1.00000 -0.00002 0.00000 0.00050 0.00002 1.00000 -0.00000 0.00272 -0.00000 0.00000 1.00000 0.00000
1547639598929091 1.00000 0.00007 -0.00000 -0.00404 -0.00007 1.00000 0.00000 -0.00467 0.00000 -0.00000 1.00000 0.00000
1547639599180978 1.00000 -0.00005 0.00000 -0.00388 0.00005 1.00000 -0.00000 0.00345 -0.00000 0.00000 1.00000 0.00000
1547639599433101 1.00000 0.00015 -0.00000 -0.00549 -0.00015 1.00000 0.00000 -0.00167 0.00000 -0.00000 1.00000 0.00000
1547639599684338 1.00000 0.00003 -0.00000 -0.00442 -0.00003 1.00000 0.00000 -0.00100 0.00000 -0.00000 1.00000 0.00000
1547639599934839 1.00000 -0.00015 0.00000 0.00173 0.00015 1.00000 -0.00000 0.00309 -0.00000 0.00000 1.00000 0.00000
1547639600185134 1.00000 0.00001 -0.00000 0.00337 -0.00001 1.00000 0.00000 0.00073 0.00000 -0.00000 1.00000 0.00000
1547639600435338 1.00000 0.00000 -0.00000 0.00065 -0.00000 1.00000 0.00000 0.00155 0.00000 -0.00000 1.00000 0.00000
1547639600685331 1.00000 0.00016 -0.00000 -0.00417 -0.00016 1.00000 0.00000 0.00486 0.00000 -0.00000 1.00000 -0.00000
1547639600934927 1.00000 -0.00003 0.00000 -0.00311 0.00003 1.00000 -0.00000 0.00500 -0.00000 0.00000 1.00000 0.00000
1547639601184406 1.00000 0.00001 -0.00000 -0.00406 -0.00001 1.00000 0.00000 0.00748 0.00000 -0.00000 1.00000 -0.00000
1547639601433875 1.00000 -0.00009 0.00000 0.00188 0.00009 1.00000 -0.00000 0.00106 -0.00000 0.00000 1.00000 0.00000
1547639601683454 1.00000 -0.00003 0.00000 0.00036 0.00003 1.00000 -0.00000 0.00572 -0.00000 0.00000 1.00000 0.00000
1547639601932390 1.00000 -0.00008 0.00000 0.00129 0.00008 1.00000 -0.00000 0.00230 -0.00000 0.00000 1.00000 0.00000
1547639602181359 1.00000 -0.00019 0.00000 -0.00440 0.00019 1.00000 -0.00000 0.00150 -0.00000 0.00000 1.00000 0.00000
1547639602431375 1.00000 -0.00001 0.00000 -0.00541 0.00001 1.00000 -0.00000 0.00086 -0.00000 0.00000 1.00000 0.00000
1547639602682215 1.00000 -0.00020 0.00000 0.00052 0.00020 1.00000 -0.00000 0.00687 -0.00000 0.00000 1.00000 0.00000
1547639602932637 1.00000 -0.00008 0.00000 -0.00280 0.00008 1.00000 -0.00000 -0.00121 -0.00000 0.00000 1.00000 0.00000
1547639603182782 1.00000 0.00004 -0.00000 -0.00329 -0.00004 1.00000 0.00000 -0.00025 0.00000 -0.00000 1.00000 0.00000
1547639603432873 1.00000 0.00007 -0.00000 -0.00509 -0.00007 1.00000 0.00000 0.00208 0.00000 -0.00000 1.00000 -0.00000
1547639603682888 1.00000 -0.00005 0.00000 -0.00365 0.00005 1.00000 -0.00000 -0.00066 -0.00000 0.00000 1.00000 0.00000
1547639603933346 1.00000 -0.00004 0.00000 -0.00377 0.00004 1.00000 -0.00000 -0.00044 -0.00000 0.00000 1.00000 0.00000
1547639604185152 1.00000 0.00012 -0.00000 0.00026 -0.00012 1.00000 0.00000 -0.00354 0.00000 -0.00000 1.00000 0.00000
1547639604437546 1.00000 0.00008 -0.00000 -0.00122 -0.00008 1.00000 0.00000 -0.00214 0.00000 -0.00000 1.00000 0.00000
1547639604689575 1.00000 -0.00003 0.00000 -0.00842 0.00003 1.00000 -0.00000 -0.00432 -0.00000 0.00000 1.00000 0.00000
1547639604940692 1.00000 -0.00028 0.00000 0.00153 0.00028 1.00000 -0.00000 -0.00953 -0.00000 0.00000 1.00000 -0.00000
1547639605190545 1.00000 -0.00006 0.00000 -0.00731 0.00006 1.00000 -0.00000 -0.00098 -0.00000 0.00000 1.00000 0.00000
1547639605439760 1.00000 -0.00001 0.00000 -0.00574 0.00001 1.00000 -0.00000 -0.00396 -0.00000 0.00000 1.00000 0.00000
1547639605689239 1.00000 0.00008 -0.00000 -0.00402 -0.00008 1.00000 0.00000 -0.00527 0.00000 -0.00000 1.00000 0.00000
1547639605938400 1.00000 0.00011 -0.00000 -0.00763 -0.00011 1.00000 0.00000 0.00064 0.00000 -0.00000 1.00000 -0.00000
1547639606186908 1.00000 0.00008 -0.00000 -0.00935 -0.00008 1.00000 0.00000 -0.00449 0.00000 -0.00000 1.00000 0.00000
1547639606435003 1.00000 0.00006 -0.00000 -0.00177 -0.00006 1.00000 0.00000 -0.00779 0.00000 -0.00000 1.00000 0.00000
1547639606683085 1.00000 -0.00005 0.00000 -0.00741 0.00005 1.00000 -0.00000 -0.00165 -0.00000 0.00000 1.00000 0.00000
1547639606930820 1.00000 0.00014 -0.00000 -0.00859 -0.00014 1.00000 0.00000 -0.00137 0.00000 -0.00000 1.00000 0.00000
1547639607178589 1.00000 0.00024 -0.00000 -0.00472 -0.00024 1.00000 0.00000 -0.00432 0.00000 -0.00000 1.00000 0.00000
1547639607427735 1.00000 0.00033 -0.00000 -0.00114 -0.00033 1.00000 0.00000 -0.00291 0.00000 -0.00000 1.00000 0.00000
1547639607679301 1.00000 0.00012 -0.00000 -0.00244 -0.00012 1.00000 0.00000 -0.00212 0.00000 -0.00000 1.00000 0.00000
1547639607931619 1.00000 -0.00003 0.00000 -0.00461 0.00003 1.00000 -0.00000 -0.00287 -0.00000 0.00000 1.00000 0.00000
1547639608183008 1.00000 0.00002 -0.00000 -0.00294 -0.00002 1.00000 0.00000 -0.00040 0.00000 -0.00000 1.00000 0.00000
1547639608434350 1.00000 0.00023 -0.00000 -0.00936 -0.00023 1.00000 0.00000 -0.00452 0.00000 -0.00000 1.00000 0.00000
1547639608685976 1.00000 0.00003 -0.00000 -0.00180 -0.00003 1.00000 0.00000 -0.00653 0.00000 -0.00000 1.00000 0.00000
1547639608938843 1.00000 -0.00003 0.00000 -0.00389 0.00003 1.00000 -0.00000 -0.00391 -0.00000 0.00000 1.00000 0.00000
1547639609192380 1.00000 0.00014 -0.00000 -0.00555 -0.00014 1.00000 0.00000 -0.00239 0.00000 -0.00000 1.00000 0.00000
1547639609444885 1.00000 0.00007 -0.00000 -0.00425 -0.00007 1.00000 0.00000 0.00261 0.00000 -0.00000 1.00000 -0.00000
1547639609694999 1.00000 -0.00003 0.00000 -0.00671 0.00003 1.00000 -0.00000 -0.00552 -0.00000 0.00000 1.00000 0.00000
1547639609943527 1.00000 0.00003 -0.00000 -0.00754 -0.00003 1.00000 0.00000 -0.00252 0.00000 -0.00000 1.00000 0.00000
1547639610191369 1.00000 -0.00012 0.00000 -0.00354 0.00012 1.00000 -0.00000 -0.00218 -0.00000 0.00000 1.00000 0.00000
1547639610439079 1.00000 -0.00004 0.00000 -0.00607 0.00004 1.00000 -0.00000 -0.00039 -0.00000 0.00000 1.00000 0.00000
1547639610686337 1.00000 -0.00005 0.00000 -0.00670 0.00005 1.00000 -0.00000 -0.00126 -0.00000 0.00000 1.00000 0.00000
1547639610934381 1.00000 -0.00007 0.00000 -0.00561 0.00007 1.00000 -0.00000 -0.00382 -0.00000 0.00000 1.00000 0.00000
1547639611183938 1.00000 0.00004 -0.00000 -0.00370 -0.00004 1.00000 0.00000 -0.00655 0.00000 -0.00000 1.00000 0.00000
1547639611434380 1.00000 -0.00005 0.00000 -0.00704 0.00005 1.00000 -0.00000 0.00045 -0.00000 0.00000 1.00000 0.00000
1547639611684676 1.00000 0.00010 -0.00000 -0.00257 -0.00010 1.00000 0.00000 -0.00322 0.00000 -0.00000 1.00000 0.00000
1547639611934685 1.00000 0.00004 -0.00000 -0.00995 -0.00004 1.00000 0.00000 -0.00082 0.00000 -0.00000 1.00000 0.00000
1547639612185269 1.00000 -0.00013 0.00000 -0.00763 0.00013 1.00000 -0.00000 0.00021 -0.00000 0.00000 1.00000 0.00000
1547639612437212 1.00000 -0.00008 0.00000 -0.00368 0.00008 1.00000 -0.00000 0.00514 -0.00000 0.00000 1.00000 0.00000
1547639612689331 1.00000 -0.00024 0.00000 -0.00797 0.00024 1.00000 -0.00000 -0.00309 -0.00000 0.00000 1.00000 0.00000
1547639612940653 1.00000 -0.00024 0.00000 -0.00041 0.00024 1.00000 -0.00000 0.00072 -0.00000 0.00000 1.00000 0.00000
1547639613192137 1.00000 -0.00009 0.00000 -0.00538 0.00009 1.00000 -0.00000 0.00200 -0.00000 0.00000 1.00000 0.00000
1547639613443892 1.00000 0.00003 -0.00000 -0.00140 -0.00003 1.00000 0.00000 -0.00274 0.00000 -0.00000 1.00000 0.00000
1547639613696374 1.00000 -0.00003 0.00000 0.00029 0.00003 1.00000 -0.00000 0.00209 -0.00000 0.00000 1.00000 0.00000
1547639613949748 1.00000 -0.00001 0.00000 -0.00343 0.00001 1.00000 -0.00000 0.00322 -0.00000 0.00000 1.00000 0.00000
1547639614202235 1.00000 -0.00006 0.00000 -0.00162 0.00006 1.00000 -0.00000 0.00098 -0.00000 0.00000 1.00000 0.00000
1547639614452368 1.00000 -0.00006 0.00000 -0.00364 0.00006 1.00000 -0.00000 -0.00694 -0.00000 0.00000 1.00000 0.00000
1547639614700776 1.00000 0.00019 -0.00000 -0.00064 -0.00019 1.00000 0.00000 -0.00023 0.00000 -0.00000 1.00000 0.00000
1547639614948745 1.00000 0.00025 -0.00000 -0.00456 -0.00025 1.00000 0.00000 0.00092 0.00000 -0.00000 1.00000 -0.00000
1547639615196471 1.00000 -0.00026 0.00000 -0.01774 0.00026 1.00000 -0.00000 0.00427 -0.00000 0.00000 1.00000 0.00000
1547639615444216 1.00000 0.00030 -0.00000 -0.05840 -0.00030 1.00000 0.00000 0.00494 0.00000 -0.00000 1.00000 -0.00000
1547639615692476 1.00000 0.00157 -0.00000 -0.11152 -0.00157 1.00000 0.00000 0.00708 0.00000 -0.00000 1.00000 -0.00000
1547639615941921 1.00000 0.00227 -0.00000 -0.19299 -0.00227 1.00000 0.00000 -0.02615 0.00000 -0.00000 1.00000 0.00000
1547639616192692 0.99999 0.00459 -0.00000 -0.31476 -0.00459 0.99999 0.00000 -0.05851 0.00000 -0.00000 1.00000 0.00000
1547639616443398 0.99989 0.01485 -0.00000 -0.54271 -0.01485 0.99989 0.00000 -0.02434 0.00000 -0.00000 1.00000 0.00000
1547639616693589 0.99974 0.02260 -0.00000 -0.79099 -0.02260 0.99974 0.00000 -0.00267 0.00000 -0.00000 1.00000 0.00000
1547639616943821 0.99928 0.03786 -0.00000 -1.16206 -0.03786 0.99928 0.00000 -0.03634 0.00000 -0.00000 1.00000 0.00000
1547639617194241 0.99858 0.05335 -0.00000 -1.65599 -0.05335 0.99858 0.00000 -0.01391 0.00000 -0.00000 1.00000 0.00000
1547639617445969 0.99714 0.07561 -0.00000 -2.25428 -0.07561 0.99714 0.00000 -0.00601 0.00000 -0.00000 1.00000 0.00000
1547639617697686 0.99500 0.09988 -0.00000 -2.95759 -0.09988 0.99500 0.00000 0.02441 0.00000 -0.00000 1.00000 0.00000
1547639617948474 0.99321 0.11636 -0.00000 -3.84258 -0.11636 0.99321 0.00000 0.07597 0.00000 -0.00000 1.00000 0.00000
1547639618199357 0.99266 0.12092 -0.00000 -4.82129 -0.12092 0.99266 0.00000 0.11551 0.00000 -0.00000 1.00000 0.00000
1547639618450186 0.99336 0.11502 -0.00000 -5.90306 -0.11502 0.99336 0.00000 0.12554 0.00000 -0.00000 1.00000 0.00000
1547639618701354 0.99336 0.11504 -0.00000 -7.10500 -0.11504 0.99336 0.00000 0.05807 0.00000 -0.00000 1.00000 0.00000
1547639618952615 0.99310 0.11727 -0.00000 -8.46319 -0.11727 0.99310 0.00000 0.16805 0.00000 -0.00000 1.00000 0.00000
1547639619204063 0.99380 0.11116 -0.00000 -9.98234 -0.11116 0.99380 0.00000 0.03017 0.00000 -0.00000 1.00000 0.00000
1547639619456861 0.99453 0.10441 -0.00000 -11.52215 -0.10441 0.99453 0.00000 -0.01262 0.00000 -0.00000 1.00000 0.00000
1547639619709996 0.99472 0.10262 -0.00000 -13.23554 -0.10262 0.99472 0.00000 -0.02224 0.00000 -0.00000 1.00000 0.00000
1547639619961839 0.99508 0.09903 -0.00000 -15.00493 -0.09903 0.99508 0.00000 -0.02085 0.00000 -0.00000 1.00000 0.00000
1547639620211774 0.99535 0.09628 -0.00000 -16.86302 -0.09628 0.99535 0.00000 -0.08709 0.00000 -0.00000 1.00000 0.00000
1547639620460216 0.99542 0.09564 -0.00000 -18.78510 -0.09564 0.99542 0.00000 -0.05809 0.00000 -0.00000 1.00000 0.00000
1547639620708077 0.99612 0.08801 -0.00000 -20.72027 -0.08801 0.99612 0.00000 -0.15009 0.00000 -0.00000 1.00000 0.00000
1547639620955224 0.99630 0.08594 -0.00000 -22.67964 -0.08594 0.99630 0.00000 -0.17545 0.00000 -0.00000 1.00000 0.00000
1547639621202347 0.99673 0.08085 -0.00000 -24.67534 -0.08085 0.99673 0.00000 -0.22811 0.00000 -0.00000 1.00000 0.00000
1547639621450882 0.99691 0.07850 -0.00000 -26.68054 -0.07850 0.99691 0.00000 -0.24208 0.00000 -0.00000 1.00000 0.00000
1547639621700305 0.99721 0.07467 -0.00000 -28.76792 -0.07467 0.99721 0.00000 -0.29309 0.00000 -0.00000 1.00000 0.00000
1547639621950237 0.99758 0.06954 -0.00000 -30.88982 -0.06954 0.99758 0.00000 -0.45944 0.00000 -0.00000 1.00000 0.00000
1547639622200634 0.99785 0.06561 -0.00000 -33.02247 -0.06561 0.99785 0.00000 -0.50815 0.00000 -0.00000 1.00000 0.00000
1547639622451231 0.99807 0.06211 -0.00000 -35.19825 -0.06211 0.99807 0.00000 -0.58193 0.00000 -0.00000 1.00000 0.00000
1547639622702532 0.99813 0.06105 -0.00000 -37.40763 -0.06105 0.99813 0.00000 -0.56519 0.00000 -0.00000 1.00000 0.00000
1547639622954252 0.99829 0.05848 -0.00000 -39.60864 -0.05848 0.99829 0.00000 -0.62851 0.00000 -0.00000 1.00000 0.00000
1547639623205735 0.99837 0.05706 -0.00000 -41.88475 -0.05706 0.99837 0.00000 -0.63894 0.00000 -0.00000 1.00000 0.00000
1547639623457545 0.99844 0.05578 -0.00000 -44.15822 -0.05578 0.99844 0.00000 -0.68184 0.00000 -0.00000 1.00000 0.00000
1547639623708672 0.99849 0.05500 -0.00000 -46.42739 -0.05500 0.99849 0.00000 -0.69172 0.00000 -0.00000 1.00000 0.00000
1547639623959956 0.99844 0.05577 -0.00000 -48.67822 -0.05577 0.99844 0.00000 -0.60743 0.00000 -0.00000 1.00000 0.00000
1547639624211229 0.99849 0.05489 -0.00000 -50.96401 -0.05489 0.99849 0.00000 -0.56835 0.00000 -0.00000 1.00000 0.00000
1547639624462301 0.99850 0.05471 -0.00000 -53.23258 -0.05471 0.99850 0.00000 -0.57302 0.00000 -0.00000 1.00000 0.00000
1547639624713670 0.99861 0.05269 -0.00000 -55.51255 -0.05269 0.99861 0.00000 -0.67192 0.00000 -0.00000 1.00000 0.00000
1547639624965956 0.99872 0.05051 -0.00000 -57.82459 -0.05051 0.99872 0.00000 -0.71487 0.00000 -0.00000 1.00000 0.00000
1547639625219089 0.99882 0.04862 -0.00000 -60.14047 -0.04862 0.99882 0.00000 -0.71677 0.00000 -0.00000 1.00000 0.00000
1547639625471364 0.99898 0.04520 -0.00000 -62.41668 -0.04520 0.99898 0.00000 -0.93216 0.00000 -0.00000 1.00000 0.00000
1547639625721477 0.99906 0.04343 -0.00000 -64.71206 -0.04343 0.99906 0.00000 -1.00569 0.00000 -0.00000 1.00000 0.00000
1547639625969630 0.99913 0.04175 -0.00000 -66.95890 -0.04175 0.99913 0.00000 -1.07426 0.00000 -0.00000 1.00000 0.00000
1547639626217145 0.99936 0.03567 -0.00000 -69.20965 -0.03567 0.99936 0.00000 -1.41294 0.00000 -0.00000 1.00000 0.00000
1547639626464524 0.99947 0.03262 -0.00000 -71.48398 -0.03262 0.99947 0.00000 -1.59008 0.00000 -0.00000 1.00000 0.00000
1547639626711744 0.99953 0.03081 -0.00000 -73.69754 -0.03081 0.99953 0.00000 -1.72422 0.00000 -0.00000 1.00000 0.00000
1547639626959777 0.99949 0.03208 -0.00000 -76.01552 -0.03208 0.99949 0.00000 -1.58616 0.00000 -0.00000 1.00000 0.00000
1547639627208728 0.99953 0.03073 -0.00000 -78.28717 -0.03073 0.99953 0.00000 -1.67946 0.00000 -0.00000 1.00000 0.00000
1547639627458748 0.99947 0.03249 -0.00000 -80.58054 -0.03249 0.99947 0.00000 -1.45756 0.00000 -0.00000 1.00000 0.00000
1547639627709289 0.99936 0.03583 -0.00000 -82.86374 -0.03583 0.99936 0.00000 -1.12569 0.00000 -0.00000 1.00000 0.00000
1547639627960438 0.99920 0.03993 -0.00000 -85.21235 -0.03993 0.99920 0.00000 -0.74217 0.00000 -0.00000 1.00000 0.00000
1547639628212358 0.99904 0.04378 -0.00000 -87.56818 -0.04378 0.99904 0.00000 -0.32106 0.00000 -0.00000 1.00000 0.00000
1547639628463340 0.99856 0.05366 -0.00000 -89.90643 -0.05366 0.99856 0.00000 0.50872 0.00000 -0.00000 1.00000 0.00000
1547639628714257 0.99827 0.05873 -0.00000 -92.26010 -0.05873 0.99827 0.00000 0.98692 0.00000 -0.00000 1.00000 0.00000
1547639628965991 0.99795 0.06404 -0.00000 -94.63513 -0.06404 0.99795 0.00000 1.57448 0.00000 -0.00000 1.00000 0.00000
1547639629217477 0.99773 0.06728 -0.00000 -97.01882 -0.06728 0.99773 0.00000 1.89315 0.00000 -0.00000 1.00000 0.00000
1547639629468193 0.99778 0.06664 -0.00000 -99.40903 -0.06664 0.99778 0.00000 1.88638 0.00000 -0.00000 1.00000 0.00000
1547639629719866 0.99781 0.06620 -0.00000 -101.86373 -0.06620 0.99781 0.00000 1.87588 0.00000 -0.00000 1.00000 0.00000
1547639629972717 0.99785 0.06550 -0.00000 -104.31256 -0.06550 0.99785 0.00000 1.81306 0.00000 -0.00000 1.00000 0.00000
1547639630226108 0.99773 0.06731 -0.00000 -106.78984 -0.06731 0.99773 0.00000 2.04996 0.00000 -0.00000 1.00000 0.00000
1547639630478450 0.99762 0.06893 -0.00000 -109.24517 -0.06893 0.99762 0.00000 2.24480 0.00000 -0.00000 1.00000 0.00000
1547639630728859 0.99764 0.06873 -0.00000 -111.70906 -0.06873 0.99764 0.00000 2.22902 0.00000 -0.00000 1.00000 0.00000
1547639630977691 0.99752 0.07039 -0.00000 -114.15218 -0.07039 0.99752 0.00000 2.52311 0.00000 -0.00000 1.00000 0.00000
1547639631225439 0.99743 0.07169 -0.00000 -116.63514 -0.07169 0.99743 0.00000 2.63125 0.00000 -0.00000 1.00000 0.00000
1547639631472640 0.99746 0.07119 -0.00000 -119.11266 -0.07119 0.99746 0.00000 2.67530 0.00000 -0.00000 1.00000 0.00000
1547639631719933 0.99754 0.07014 -0.00000 -121.56446 -0.07014 0.99754 0.00000 2.58245 0.00000 -0.00000 1.00000 0.00000
1547639631968168 0.99743 0.07160 -0.00000 -124.04433 -0.07160 0.99743 0.00000 2.78386 0.00000 -0.00000 1.00000 0.00000
1547639632217519 0.99743 0.07167 -0.00000 -126.56665 -0.07167 0.99743 0.00000 2.80783 0.00000 -0.00000 1.00000 0.00000
1547639632467793 0.99753 0.07023 -0.00000 -129.09869 -0.07023 0.99753 0.00000 2.66899 0.00000 -0.00000 1.00000 0.00000
1547639632718126 0.99756 0.06983 -0.00000 -131.64684 -0.06983 0.99756 0.00000 2.66873 0.00000 -0.00000 1.00000 0.00000
1547639632968594 0.99761 0.06911 -0.00000 -134.18781 -0.06911 0.99761 0.00000 2.61128 0.00000 -0.00000 1.00000 0.00000
1547639633220573 0.99750 0.07067 -0.00000 -136.71191 -0.07067 0.99750 0.00000 2.88624 0.00000 -0.00000 1.00000 0.00000
1547639633472693 0.99732 0.07320 -0.00000 -139.25008 -0.07320 0.99732 0.00000 3.29941 0.00000 -0.00000 1.00000 0.00000
1547639633723802 0.99734 0.07286 -0.00000 -141.76143 -0.07286 0.99734 0.00000 3.23300 0.00000 -0.00000 1.00000 0.00000
1547639633975161 0.99743 0.07168 -0.00000 -144.29542 -0.07168 0.99743 0.00000 3.08230 0.00000 -0.00000 1.00000 0.00000
1547639634227500 0.99735 0.07278 -0.00000 -146.83516 -0.07278 0.99735 0.00000 3.27448 0.00000 -0.00000 1.00000 0.00000
1547639634480714 0.99718 0.07506 -0.00000 -149.32998 -0.07506 0.99718 0.00000 3.62236 0.00000 -0.00000 1.00000 0.00000
1547639634734170 0.99717 0.07520 -0.00000 -151.86044 -0.07520 0.99717 0.00000 3.70524 0.00000 -0.00000 1.00000 0.00000
1547639634985708 0.99712 0.07582 -0.00000 -154.38419 -0.07582 0.99712 0.00000 3.83660 0.00000 -0.00000 1.00000 0.00000
1547639635235538 0.99713 0.07568 -0.00000 -156.85112 -0.07568 0.99713 0.00000 3.82656 0.00000 -0.00000 1.00000 0.00000
1547639635483899 0.99729 0.07353 -0.00000 -159.29357 -0.07353 0.99729 0.00000 3.59765 0.00000 -0.00000 1.00000 0.00000
1547639635731448 0.99726 0.07403 -0.00000 -161.71862 -0.07403 0.99726 0.00000 3.69918 0.00000 -0.00000 1.00000 0.00000
1547639635978856 0.99723 0.07435 -0.00000 -164.15608 -0.07435 0.99723 0.00000 3.80476 0.00000 -0.00000 1.00000 0.00000
1547639636226056 0.99730 0.07340 -0.00000 -166.60052 -0.07340 0.99730 0.00000 3.69425 0.00000 -0.00000 1.00000 0.00000
1547639636473975 0.99725 0.07409 -0.00000 -168.99063 -0.07409 0.99725 0.00000 3.86161 0.00000 -0.00000 1.00000 0.00000
1547639636722997 0.99717 0.07512 -0.00000 -171.39833 -0.07512 0.99717 0.00000 4.09121 0.00000 -0.00000 1.00000 0.00000
1547639636972979 0.99704 0.07687 -0.00000 -173.82913 -0.07687 0.99704 0.00000 4.45261 0.00000 -0.00000 1.00000 0.00000
1547639637223706 0.99682 0.07966 -0.00000 -176.21632 -0.07966 0.99682 0.00000 4.99073 0.00000 -0.00000 1.00000 0.00000
1547639637475714 0.99661 0.08232 -0.00000 -178.62673 -0.08232 0.99661 0.00000 5.51645 0.00000 -0.00000 1.00000 0.00000
1547639637727900 0.99641 0.08469 -0.00000 -181.03927 -0.08469 0.99641 0.00000 5.98244 0.00000 -0.00000 1.00000 0.00000
1547639637978770 0.99609 0.08839 -0.00000 -183.40357 -0.08839 0.99609 0.00000 6.65634 0.00000 -0.00000 1.00000 0.00000
1547639638229785 0.99603 0.08900 -0.00000 -185.78958 -0.08900 0.99603 0.00000 6.84774 0.00000 -0.00000 1.00000 0.00000
1547639638482341 0.99588 0.09069 -0.00000 -188.20310 -0.09069 0.99588 0.00000 7.21068 0.00000 -0.00000 1.00000 0.00000
1547639638735959 0.99584 0.09117 -0.00000 -190.63027 -0.09117 0.99584 0.00000 7.29621 0.00000 -0.00000 1.00000 0.00000
1547639638989485 0.99582 0.09135 -0.00000 -193.04276 -0.09135 0.99582 0.00000 7.37407 0.00000 -0.00000 1.00000 0.00000
1547639639241195 0.99587 0.09076 -0.00000 -195.42354 -0.09076 0.99587 0.00000 7.28261 0.00000 -0.00000 1.00000 0.00000
1547639639491070 0.99592 0.09020 -0.00000 -197.78176 -0.09020 0.99592 0.00000 7.23713 0.00000 -0.00000 1.00000 0.00000
1547639639739597 0.99623 0.08670 -0.00000 -200.16014 -0.08670 0.99623 0.00000 6.53966 0.00000 -0.00000 1.00000 0.00000
1547639639987641 0.99660 0.08244 -0.00000 -202.51769 -0.08244 0.99660 0.00000 5.68142 0.00000 -0.00000 1.00000 0.00000
1547639640235173 0.99699 0.07754 -0.00000 -204.87902 -0.07754 0.99699 0.00000 4.69539 0.00000 -0.00000 1.00000 0.00000
1547639640482491 0.99719 0.07492 -0.00000 -207.14169 -0.07492 0.99719 0.00000 4.24178 0.00000 -0.00000 1.00000 0.00000
1547639640730726 0.99715 0.07543 -0.00000 -209.41176 -0.07543 0.99715 0.00000 4.35588 0.00000 -0.00000 1.00000 0.00000
1547639640979640 0.99695 0.07803 -0.00000 -211.66968 -0.07803 0.99695 0.00000 4.92155 0.00000 -0.00000 1.00000 0.00000
1547639641229516 0.99634 0.08552 -0.00000 -213.90196 -0.08552 0.99634 0.00000 6.56690 0.00000 -0.00000 1.00000 0.00000
1547639641480393 0.99537 0.09610 -0.00000 -216.07716 -0.09610 0.99537 0.00000 8.91518 0.00000 -0.00000 1.00000 0.00000
1547639641731012 0.99397 0.10964 -0.00000 -218.19343 -0.10964 0.99397 0.00000 11.86222 0.00000 -0.00000 1.00000 0.00000
1547639641982841 0.99283 0.11954 -0.00000 -220.33418 -0.11954 0.99283 0.00000 14.09280 0.00000 -0.00000 1.00000 0.00000
1547639642234983 0.99125 0.13203 -0.00000 -222.41559 -0.13203 0.99125 0.00000 16.86138 0.00000 -0.00000 1.00000 0.00000
1547639642485871 0.98965 0.14350 -0.00000 -224.45615 -0.14350 0.98965 0.00000 19.46895 0.00000 -0.00000 1.00000 0.00000
1547639642736886 0.98841 0.15178 -0.00000 -226.54258 -0.15178 0.98841 0.00000 21.34820 0.00000 -0.00000 1.00000 0.00000
1547639642988184 0.98755 0.15730 -0.00000 -228.75047 -0.15730 0.98755 0.00000 22.68971 0.00000 -0.00000 1.00000 0.00000
1547639643239418 0.98705 0.16040 -0.00000 -230.97011 -0.16040 0.98705 0.00000 23.38009 0.00000 -0.00000 1.00000 0.00000
1547639643490521 0.98629 0.16504 -0.00000 -233.13807 -0.16504 0.98629 0.00000 24.48858 0.00000 -0.00000 1.00000 0.00000
1547639643742007 0.98522 0.17131 -0.00000 -235.29934 -0.17131 0.98522 0.00000 26.07625 0.00000 -0.00000 1.00000 0.00000
1547639643994860 0.98501 0.17249 -0.00000 -237.61490 -0.17249 0.98501 0.00000 26.37952 0.00000 -0.00000 1.00000 0.00000
1547639644248291 0.98459 0.17488 -0.00000 -239.92970 -0.17488 0.98459 0.00000 26.96789 0.00000 -0.00000 1.00000 0.00000
1547639644500092 0.98396 0.17838 -0.00000 -242.16914 -0.17838 0.98396 0.00000 27.90962 0.00000 -0.00000 1.00000 0.00000
1547639644750009 0.98346 0.18114 -0.00000 -244.39737 -0.18114 0.98346 0.00000 28.61291 0.00000 -0.00000 1.00000 0.00000
1547639644998706 0.98354 0.18066 -0.00000 -246.73576 -0.18066 0.98354 0.00000 28.56499 0.00000 -0.00000 1.00000 0.00000
1547639645246694 0.98307 0.18323 -0.00000 -248.98930 -0.18323 0.98307 0.00000 29.16723 0.00000 -0.00000 1.00000 0.00000
1547639645494427 0.98245 0.18653 -0.00000 -251.23554 -0.18653 0.98245 0.00000 30.06964 0.00000 -0.00000 1.00000 0.00000
1547639645741090 0.98241 0.18674 -0.00000 -253.51575 -0.18674 0.98241 0.00000 30.17253 0.00000 -0.00000 1.00000 0.00000
1547639645988532 0.98216 0.18804 -0.00000 -255.78748 -0.18804 0.98216 0.00000 30.52450 0.00000 -0.00000 1.00000 0.00000
1547639646237766 0.98160 0.19093 -0.00000 -258.03657 -0.19093 0.98160 0.00000 31.24087 0.00000 -0.00000 1.00000 0.00000
1547639646488240 0.98039 0.19708 -0.00000 -260.20660 -0.19708 0.98039 0.00000 32.97288 0.00000 -0.00000 1.00000 0.00000
1547639646738854 0.97945 0.20171 -0.00000 -262.40650 -0.20171 0.97945 0.00000 34.23664 0.00000 -0.00000 1.00000 0.00000
1547639646989084 0.97837 0.20685 -0.00000 -264.55964 -0.20685 0.97837 0.00000 35.60927 0.00000 -0.00000 1.00000 0.00000
1547639647240466 0.97746 0.21112 -0.00000 -266.82902 -0.21112 0.97746 0.00000 36.80867 0.00000 -0.00000 1.00000 0.00000
1547639647492357 0.97679 0.21419 -0.00000 -269.11915 -0.21419 0.97679 0.00000 37.66202 0.00000 -0.00000 1.00000 0.00000
1547639647743406 0.97623 0.21672 -0.00000 -271.34297 -0.21672 0.97623 0.00000 38.38703 0.00000 -0.00000 1.00000 0.00000
1547639647994329 0.97550 0.22002 -0.00000 -273.57873 -0.22002 0.97550 0.00000 39.32532 0.00000 -0.00000 1.00000 0.00000
1547639648245759 0.97467 0.22366 -0.00000 -275.78284 -0.22366 0.97467 0.00000 40.38522 0.00000 -0.00000 1.00000 0.00000
1547639648497055 0.97399 0.22661 -0.00000 -278.02420 -0.22661 0.97399 0.00000 41.25439 0.00000 -0.00000 1.00000 0.00000
1547639648748099 0.97472 0.22342 -0.00000 -280.50431 -0.22342 0.97472 0.00000 40.43750 0.00000 -0.00000 1.00000 0.00000
1547639649000502 0.97712 0.21268 -0.00000 -283.29554 -0.21268 0.97712 0.00000 37.36646 0.00000 -0.00000 1.00000 0.00000
1547639649254215 0.98004 0.19881 -0.00000 -286.19111 -0.19881 0.98004 0.00000 33.41793 0.00000 -0.00000 1.00000 0.00000
1547639649506833 0.98121 0.19293 -0.00000 -288.75948 -0.19293 0.98121 0.00000 31.73939 0.00000 -0.00000 1.00000 0.00000
1547639649757503 0.98298 0.18371 -0.00000 -291.44796 -0.18371 0.98298 0.00000 29.05155 0.00000 -0.00000 1.00000 0.00000
1547639650006385 0.98449 0.17543 -0.00000 -294.08108 -0.17543 0.98449 0.00000 26.67408 0.00000 -0.00000 1.00000 0.00000
1547639650253581 0.98562 0.16896 -0.00000 -296.61795 -0.16896 0.98562 0.00000 24.81561 0.00000 -0.00000 1.00000 0.00000
1547639650499970 0.98674 0.16234 -0.00000 -299.14524 -0.16234 0.98674 0.00000 22.87251 0.00000 -0.00000 1.00000 0.00000
1547639650746179 0.98786 0.15538 -0.00000 -301.70355 -0.15538 0.98786 0.00000 20.80990 0.00000 -0.00000 1.00000 0.00000
1547639650992603 0.98882 0.14909 -0.00000 -304.19901 -0.14909 0.98882 0.00000 18.95105 0.00000 -0.00000 1.00000 0.00000
1547639651240276 0.98927 0.14611 -0.00000 -306.67765 -0.14611 0.98927 0.00000 18.06894 0.00000 -0.00000 1.00000 0.00000
1547639651489424 0.98941 0.14512 -0.00000 -309.14108 -0.14512 0.98941 0.00000 17.75734 0.00000 -0.00000 1.00000 0.00000
1547639651739696 0.98943 0.14502 -0.00000 -311.60215 -0.14502 0.98943 0.00000 17.77176 0.00000 -0.00000 1.00000 0.00000
1547639651992011 0.98984 0.14218 -0.00000 -314.13246 -0.14218 0.98984 0.00000 16.95560 0.00000 -0.00000 1.00000 0.00000
1547639652245865 0.99061 0.13674 -0.00000 -316.73680 -0.13674 0.99061 0.00000 15.32490 0.00000 -0.00000 1.00000 0.00000
1547639652498508 0.99113 0.13292 -0.00000 -319.29349 -0.13292 0.99113 0.00000 14.06278 0.00000 -0.00000 1.00000 0.00000
1547639652750190 0.99173 0.12838 -0.00000 -321.82734 -0.12838 0.99173 0.00000 12.55842 0.00000 -0.00000 1.00000 0.00000
1547639653000575 0.99230 0.12388 -0.00000 -324.35727 -0.12388 0.99230 0.00000 11.17593 0.00000 -0.00000 1.00000 0.00000
1547639653249001 0.99310 0.11731 -0.00000 -326.83812 -0.11731 0.99310 0.00000 9.06907 0.00000 -0.00000 1.00000 0.00000
1547639653497723 0.99383 0.11094 -0.00000 -329.29980 -0.11094 0.99383 0.00000 7.02882 0.00000 -0.00000 1.00000 0.00000
1547639653748276 0.99469 0.10288 -0.00000 -331.79628 -0.10288 0.99469 0.00000 4.30295 0.00000 -0.00000 1.00000 0.00000
1547639653998982 0.99531 0.09677 -0.00000 -334.22764 -0.09677 0.99531 0.00000 2.27878 0.00000 -0.00000 1.00000 0.00000
1547639654248925 0.99575 0.09212 -0.00000 -336.65851 -0.09212 0.99575 0.00000 0.78244 0.00000 -0.00000 1.00000 0.00000
1547639654498668 0.99662 0.08216 -0.00000 -339.05898 -0.08216 0.99662 0.00000 -2.42614 0.00000 -0.00000 1.00000 0.00000
1547639654748194 0.99718 0.07507 -0.00000 -341.44410 -0.07507 0.99718 0.00000 -4.82338 0.00000 -0.00000 1.00000 0.00000
1547639654997345 0.99751 0.07050 -0.00000 -343.81622 -0.07050 0.99751 0.00000 -6.42067 0.00000 -0.00000 1.00000 0.00000
1547639655246490 0.99803 0.06270 -0.00000 -346.17455 -0.06270 0.99803 0.00000 -9.03347 0.00000 -0.00000 1.00000 0.00000
1547639655495143 0.99847 0.05531 -0.00000 -348.49682 -0.05531 0.99847 0.00000 -11.54658 0.00000 -0.00000 1.00000 0.00000
1547639655743688 0.99877 0.04964 -0.00000 -350.84066 -0.04964 0.99877 0.00000 -13.43000 0.00000 -0.00000 1.00000 0.00000
1547639655991414 0.99903 0.04405 -0.00000 -353.13158 -0.04405 0.99903 0.00000 -15.39501 0.00000 -0.00000 1.00000 0.00000
1547639656238784 0.99918 0.04043 -0.00000 -355.45632 -0.04043 0.99918 0.00000 -16.61282 0.00000 -0.00000 1.00000 0.00000
1547639656486653 0.99951 0.03131 -0.00000 -357.66342 -0.03131 0.99951 0.00000 -19.82868 0.00000 -0.00000 1.00000 0.00000
1547639656736424 0.99969 0.02507 -0.00000 -359.96190 -0.02507 0.99969 0.00000 -21.97215 0.00000 -0.00000 1.00000 0.00000
1547639656988064 0.99977 0.02146 -0.00000 -362.31166 -0.02146 0.99977 0.00000 -23.27546 0.00000 -0.00000 1.00000 0.00000
1547639657239662 0.99981 0.01961 -0.00000 -364.69731 -0.01961 0.99981 0.00000 -23.95156 0.00000 -0.00000 1.00000 0.00000
1547639657490452 0.99986 0.01688 -0.00000 -367.05968 -0.01688 0.99986 0.00000 -24.83716 0.00000 -0.00000 1.00000 0.00000
1547639657741947 0.99989 0.01491 -0.00000 -369.44808 -0.01491 0.99989 0.00000 -25.50461 0.00000 -0.00000 1.00000 0.00000
1547639657995296 0.99991 0.01346 -0.00000 -371.86875 -0.01346 0.99991 0.00000 -25.98556 0.00000 -0.00000 1.00000 0.00000
1547639658248867 0.99991 0.01349 -0.00000 -374.33674 -0.01349 0.99991 0.00000 -26.00373 0.00000 -0.00000 1.00000 0.00000
1547639658500715 0.99991 0.01336 -0.00000 -376.76731 -0.01336 0.99991 0.00000 -26.08077 0.00000 -0.00000 1.00000 0.00000
1547639658750351 0.99991 0.01350 -0.00000 -379.22284 -0.01350 0.99991 0.00000 -25.90759 0.00000 -0.00000 1.00000 0.00000
1547639658998322 0.99989 0.01471 -0.00000 -381.66993 -0.01471 0.99989 0.00000 -25.47125 0.00000 -0.00000 1.00000 0.00000
1547639659245496 0.99987 0.01616 -0.00000 -384.13620 -0.01616 0.99987 0.00000 -24.83231 0.00000 -0.00000 1.00000 0.00000
1547639659492669 0.99983 0.01866 -0.00000 -386.63003 -0.01866 0.99983 0.00000 -23.83460 0.00000 -0.00000 1.00000 0.00000
1547639659739845 0.99976 0.02171 -0.00000 -389.11098 -0.02171 0.99976 0.00000 -22.62258 0.00000 -0.00000 1.00000 0.00000
1547639659987746 0.99960 0.02811 -0.00000 -391.69369 -0.02811 0.99960 0.00000 -20.05966 0.00000 -0.00000 1.00000 0.00000
1547639660237205 0.99947 0.03253 -0.00000 -394.23679 -0.03253 0.99947 0.00000 -18.33015 0.00000 -0.00000 1.00000 0.00000
1547639660487495 0.99926 0.03858 -0.00000 -396.80629 -0.03858 0.99926 0.00000 -15.89479 0.00000 -0.00000 1.00000 0.00000
1547639660738066 0.99906 0.04344 -0.00000 -399.35976 -0.04344 0.99906 0.00000 -13.92847 0.00000 -0.00000 1.00000 0.00000
1547639660988401 0.99866 0.05169 -0.00000 -401.98222 -0.05169 0.99866 0.00000 -10.54041 0.00000 -0.00000 1.00000 0.00000
1547639661239403 0.99841 0.05632 -0.00000 -404.50288 -0.05632 0.99841 0.00000 -8.69364 0.00000 -0.00000 1.00000 0.00000
1547639661491451 0.99806 0.06232 -0.00000 -407.05620 -0.06232 0.99806 0.00000 -6.23386 0.00000 -0.00000 1.00000 0.00000
1547639661743058 0.99759 0.06944 -0.00000 -409.62586 -0.06944 0.99759 0.00000 -3.28320 0.00000 -0.00000 1.00000 0.00000
1547639661994255 0.99711 0.07600 -0.00000 -412.12965 -0.07600 0.99711 0.00000 -0.52547 0.00000 -0.00000 1.00000 0.00000
1547639662245520 0.99657 0.08280 -0.00000 -414.64201 -0.08280 0.99657 0.00000 2.29693 0.00000 -0.00000 1.00000 0.00000
1547639662497021 0.99624 0.08663 -0.00000 -417.16219 -0.08663 0.99624 0.00000 3.92385 0.00000 -0.00000 1.00000 0.00000
1547639662748745 0.99604 0.08887 -0.00000 -419.72429 -0.08887 0.99604 0.00000 4.87746 0.00000 -0.00000 1.00000 0.00000
1547639663000368 0.99589 0.09054 -0.00000 -422.26077 -0.09054 0.99589 0.00000 5.58373 0.00000 -0.00000 1.00000 0.00000
1547639663252595 0.99578 0.09182 -0.00000 -424.75687 -0.09182 0.99578 0.00000 6.20492 0.00000 -0.00000 1.00000 0.00000
1547639663505867 0.99570 0.09261 -0.00000 -427.32581 -0.09261 0.99570 0.00000 6.53639 0.00000 -0.00000 1.00000 0.00000
1547639663758366 0.99577 0.09193 -0.00000 -429.82296 -0.09193 0.99577 0.00000 6.31418 0.00000 -0.00000 1.00000 0.00000
1547639664008671 0.99565 0.09312 -0.00000 -432.25471 -0.09312 0.99565 0.00000 6.91667 0.00000 -0.00000 1.00000 0.00000
1547639664257628 0.99558 0.09392 -0.00000 -434.61256 -0.09392 0.99558 0.00000 7.28525 0.00000 -0.00000 1.00000 0.00000
1547639664505342 0.99568 0.09290 -0.00000 -436.94818 -0.09290 0.99568 0.00000 6.86045 0.00000 -0.00000 1.00000 0.00000
1547639664752877 0.99570 0.09266 -0.00000 -439.23356 -0.09266 0.99570 0.00000 6.79646 0.00000 -0.00000 1.00000 0.00000
1547639665000296 0.99571 0.09255 -0.00000 -441.45008 -0.09255 0.99571 0.00000 6.80747 0.00000 -0.00000 1.00000 0.00000
1547639665248130 0.99575 0.09213 -0.00000 -443.57889 -0.09213 0.99575 0.00000 6.69043 0.00000 -0.00000 1.00000 0.00000
1547639665497400 0.99600 0.08932 -0.00000 -445.62031 -0.08932 0.99600 0.00000 5.41078 0.00000 -0.00000 1.00000 0.00000
1547639665748186 0.99636 0.08519 -0.00000 -447.61464 -0.08519 0.99636 0.00000 3.62793 0.00000 -0.00000 1.00000 0.00000
1547639665999283 0.99671 0.08104 -0.00000 -449.50305 -0.08104 0.99671 0.00000 1.81557 0.00000 -0.00000 1.00000 0.00000
1547639666249586 0.99739 0.07218 -0.00000 -451.27133 -0.07218 0.99739 0.00000 -2.21091 0.00000 -0.00000 1.00000 0.00000
1547639666499663 0.99809 0.06184 -0.00000 -452.89213 -0.06184 0.99809 0.00000 -6.82659 0.00000 -0.00000 1.00000 0.00000
1547639666750442 0.99900 0.04481 -0.00000 -454.31386 -0.04481 0.99900 0.00000 -14.52309 0.00000 -0.00000 1.00000 0.00000
1547639667002782 0.99987 0.01587 -0.00000 -455.25256 -0.01587 0.99987 0.00000 -27.65509 0.00000 -0.00000 1.00000 0.00000
1547639667255239 0.99970 -0.02446 0.00000 -455.22910 0.02446 0.99970 -0.00000 -45.95400 -0.00000 0.00000 1.00000 0.00000
1547639667506722 0.99709 -0.07621 0.00000 -453.59060 0.07621 0.99709 -0.00000 -69.45843 -0.00000 0.00000 1.00000 0.00000
1547639667758651 0.99163 -0.12914 0.00000 -450.55933 0.12914 0.99163 -0.00000 -93.38625 -0.00000 0.00000 1.00000 0.00000
1547639668011286 0.98169 -0.19048 0.00000 -445.11354 0.19048 0.98169 -0.00000 -121.16776 -0.00000 0.00000 1.00000 0.00000
1547639668263175 0.96542 -0.26070 0.00000 -436.42226 0.26070 0.96542 -0.00000 -152.85666 -0.00000 0.00000 1.00000 0.00000
1547639668512907 0.93980 -0.34173 0.00000 -422.96430 0.34173 0.93980 -0.00000 -189.33884 -0.00000 0.00000 1.00000 0.00000
1547639668760917 0.90299 -0.42967 0.00000 -404.12029 0.42967 0.90299 -0.00000 -228.63940 -0.00000 0.00000 1.00000 0.00000
1547639669008398 0.85484 -0.51889 0.00000 -379.97170 0.51889 0.85484 -0.00000 -268.32093 -0.00000 0.00000 1.00000 0.00000
1547639669255588 0.79311 -0.60908 0.00000 -349.44268 0.60908 0.79311 -0.00000 -308.10632 -0.00000 0.00000 1.00000 0.00000
1547639669502007 0.71400 -0.70014 0.00000 -310.78804 0.70014 0.71400 -0.00000 -347.86018 -0.00000 0.00000 1.00000 0.00000
1547639669748872 0.62111 -0.78372 0.00000 -265.92819 0.78372 0.62111 -0.00000 -383.82396 -0.00000 0.00000 1.00000 0.00000
1547639669997247 0.51296 -0.85841 0.00000 -214.28868 0.85841 0.51296 -0.00000 -415.27016 -0.00000 0.00000 1.00000 0.00000
1547639670245992 0.39499 -0.91869 0.00000 -158.43009 0.91869 0.39499 -0.00000 -439.85053 -0.00000 0.00000 1.00000 0.00000
1547639670495951 0.26527 -0.96417 0.00000 -97.55615 0.96417 0.26527 -0.00000 -457.31431 -0.00000 0.00000 1.00000 0.00000
1547639670748986 0.12269 -0.99244 0.00000 -31.18424 0.99244 0.12269 -0.00000 -466.53963 -0.00000 0.00000 1.00000 0.00000
1547639671003499 -0.02337 -0.99973 0.00000 36.21457 0.99973 -0.02337 0.00000 -465.98619 0.00000 0.00000 1.00000 -0.00000
1547639671256850 -0.17179 -0.98513 0.00000 104.08857 0.98513 -0.17179 0.00000 -455.31309 0.00000 0.00000 1.00000 -0.00000
1547639671509242 -0.31532 -0.94899 0.00000 169.04323 0.94899 -0.31532 0.00000 -434.90823 0.00000 0.00000 1.00000 -0.00000
1547639671760905 -0.44868 -0.89369 0.00000 228.82417 0.89369 -0.44868 0.00000 -405.92706 0.00000 0.00000 1.00000 -0.00000
1547639672010519 -0.56031 -0.82829 0.00000 278.15539 0.82829 -0.56031 0.00000 -372.91870 0.00000 0.00000 1.00000 -0.00000
1547639672258981 -0.66294 -0.74868 0.00000 322.99518 0.74868 -0.66294 0.00000 -333.56735 0.00000 0.00000 1.00000 -0.00000
1547639672508753 -0.74867 -0.66295 0.00000 359.72209 0.66295 -0.74867 0.00000 -292.01818 0.00000 0.00000 1.00000 -0.00000
1547639672758822 -0.80721 -0.59027 0.00000 384.03239 0.59027 -0.80721 0.00000 -257.23014 0.00000 0.00000 1.00000 -0.00000
1547639673008147 -0.84339 -0.53731 0.00000 398.30444 0.53731 -0.84339 0.00000 -232.03446 0.00000 0.00000 1.00000 -0.00000
1547639673257131 -0.86217 -0.50663 0.00000 404.92934 0.50663 -0.86217 0.00000 -217.49116 0.00000 0.00000 1.00000 -0.00000
1547639673505698 -0.86835 -0.49595 0.00000 406.03998 0.49595 -0.86835 0.00000 -212.37504 0.00000 0.00000 1.00000 -0.00000
1547639673753521 -0.87083 -0.49158 0.00000 405.54157 0.49158 -0.87083 0.00000 -210.28678 0.00000 0.00000 1.00000 -0.00000
1547639674001326 -0.87042 -0.49232 0.00000 403.69284 0.49232 -0.87042 0.00000 -210.64058 0.00000 0.00000 1.00000 -0.00000
1547639674248846 -0.87137 -0.49063 0.00000 402.34223 0.49063 -0.87137 0.00000 -209.77901 0.00000 0.00000 1.00000 -0.00000
1547639674496495 -0.87197 -0.48955 0.00000 400.79334 0.48955 -0.87197 0.00000 -209.25089 0.00000 0.00000 1.00000 -0.00000
1547639674745398 -0.87221 -0.48914 0.00000 398.99103 0.48914 -0.87221 0.00000 -208.99171 0.00000 0.00000 1.00000 -0.00000
1547639674995099 -0.87333 -0.48713 0.00000 397.53822 0.48713 -0.87333 0.00000 -208.03029 0.00000 0.00000 1.00000 -0.00000
1547639675245275 -0.87382 -0.48626 0.00000 395.68648 0.48626 -0.87382 0.00000 -207.66095 0.00000 0.00000 1.00000 -0.00000
1547639675496342 -0.87425 -0.48548 0.00000 393.75823 0.48548 -0.87425 0.00000 -207.22202 0.00000 0.00000 1.00000 -0.00000
1547639675748491 -0.87534 -0.48351 0.00000 392.03719 0.48351 -0.87534 0.00000 -206.31624 0.00000 0.00000 1.00000 -0.00000
1547639676000332 -0.87553 -0.48317 0.00000 389.90042 0.48317 -0.87553 0.00000 -206.15278 0.00000 0.00000 1.00000 -0.00000
1547639676251715 -0.87637 -0.48164 0.00000 387.97863 0.48164 -0.87637 0.00000 -205.41072 0.00000 0.00000 1.00000 -0.00000
1547639676503346 -0.87713 -0.48025 0.00000 385.95984 0.48025 -0.87713 0.00000 -204.78814 0.00000 0.00000 1.00000 -0.00000
1547639676754966 -0.87862 -0.47752 0.00000 384.24816 0.47752 -0.87862 0.00000 -203.48968 0.00000 0.00000 1.00000 -0.00000
1547639677005908 -0.87965 -0.47563 0.00000 382.25403 0.47563 -0.87965 0.00000 -202.62627 0.00000 0.00000 1.00000 -0.00000
1547639677257534 -0.88247 -0.47038 0.00000 381.00263 0.47038 -0.88247 0.00000 -200.31386 0.00000 0.00000 1.00000 -0.00000
1547639677509676 -0.88353 -0.46838 0.00000 378.95562 0.46838 -0.88353 0.00000 -199.43473 0.00000 0.00000 1.00000 -0.00000
1547639677762876 -0.88683 -0.46210 0.00000 377.83503 0.46210 -0.88683 0.00000 -196.73873 0.00000 0.00000 1.00000 -0.00000
1547639678016448 -0.88907 -0.45777 0.00000 376.21699 0.45777 -0.88907 0.00000 -194.87061 0.00000 0.00000 1.00000 0.00000
1547639678268160 -0.88957 -0.45680 0.00000 373.87180 0.45680 -0.88957 0.00000 -194.40989 0.00000 0.00000 1.00000 0.00000
1547639678517848 -0.89058 -0.45483 0.00000 371.75500 0.45483 -0.89058 0.00000 -193.56320 0.00000 0.00000 1.00000 0.00000
1547639678766340 -0.89079 -0.45441 0.00000 369.27179 0.45441 -0.89079 0.00000 -193.34516 0.00000 0.00000 1.00000 0.00000
1547639679014225 -0.89198 -0.45208 0.00000 367.22976 0.45208 -0.89198 0.00000 -192.35890 0.00000 0.00000 1.00000 0.00000
1547639679261522 -0.89260 -0.45085 0.00000 364.92135 0.45085 -0.89260 0.00000 -191.79107 0.00000 0.00000 1.00000 0.00000
1547639679508491 -0.89357 -0.44892 0.00000 362.80519 0.44892 -0.89357 0.00000 -190.98279 0.00000 0.00000 1.00000 0.00000
1547639679755892 -0.89380 -0.44847 0.00000 360.34350 0.44847 -0.89380 0.00000 -190.76926 0.00000 0.00000 1.00000 0.00000
1547639680004669 -0.89430 -0.44747 0.00000 357.98227 0.44747 -0.89430 0.00000 -190.35220 0.00000 0.00000 1.00000 0.00000
1547639680254755 -0.89481 -0.44645 0.00000 355.60517 0.44645 -0.89481 0.00000 -189.96093 0.00000 0.00000 1.00000 0.00000
1547639680506289 -0.89462 -0.44682 0.00000 352.92031 0.44682 -0.89462 0.00000 -190.04144 0.00000 0.00000 1.00000 0.00000
1547639680758454 -0.89498 -0.44611 0.00000 350.48556 0.44611 -0.89498 0.00000 -189.74218 0.00000 0.00000 1.00000 0.00000
1547639681009689 -0.89495 -0.44618 0.00000 347.87796 0.44618 -0.89495 0.00000 -189.72729 0.00000 0.00000 1.00000 0.00000
1547639681260561 -0.89493 -0.44620 0.00000 345.30776 0.44620 -0.89493 0.00000 -189.68268 0.00000 0.00000 1.00000 0.00000
