1628184886420593 1.00000 0.00000 0.00000 -0.00000 0.00000 -1.00000 0.00000 0.00000 0.00000 -0.00000 -1.00000 0.00000
1628184886670599 1.00000 -0.00029 0.00000 -0.00878 -0.00029 -1.00000 0.00000 0.02079 -0.00000 -0.00000 -1.00000 0.00000
1628184886920602 1.00000 0.00010 0.00000 -0.00154 0.00010 -1.00000 0.00000 0.00858 0.00000 -0.00000 -1.00000 0.00000
1628184887170613 1.00000 0.00303 0.00000 -0.00930 0.00303 -1.00000 0.00000 0.01118 0.00000 -0.00000 -1.00000 0.00000
1628184887419986 0.99999 0.00335 0.00000 0.02668 0.00335 -0.99999 0.00000 -0.05722 0.00000 -0.00000 -1.00000 -0.00000
1628184887670615 1.00000 -0.00088 0.00000 -0.00269 -0.00088 -1.00000 0.00000 0.01292 -0.00000 -0.00000 -1.00000 0.00000
1628184887919992 1.00000 0.00041 0.00000 0.02968 0.00041 -1.00000 0.00000 -0.03108 0.00000 -0.00000 -1.00000 -0.00000
1628184888170005 0.99993 0.01152 0.00000 0.00070 0.01152 -0.99993 0.00000 0.00547 0.00000 -0.00000 -1.00000 0.00000
1628184888420634 1.00000 0.00306 0.00000 -0.02131 0.00306 -1.00000 0.00000 0.02143 0.00000 -0.00000 -1.00000 0.00000
1628184888670638 0.99999 0.00509 0.00000 0.02320 0.00509 -0.99999 0.00000 -0.01926 0.00000 -0.00000 -1.00000 -0.00000
1628184888920639 0.99993 0.01196 0.00000 0.00450 0.01196 -0.99993 0.00000 0.00792 0.00000 -0.00000 -1.00000 0.00000
1628184889170645 0.99997 0.00727 -0.00000 0.00047 0.00727 -0.99997 0.00000 -0.01993 0.00000 -0.00000 -1.00000 -0.00000
1628184889420658 0.99994 0.01049 -0.00000 0.00656 0.01049 -0.99994 0.00000 -0.02155 0.00000 -0.00000 -1.00000 -0.00000
1628184889671282 1.00000 0.00065 -0.00000 -0.00445 0.00065 -1.00000 0.00000 0.01639 0.00000 -0.00000 -1.00000 0.00000
1628184889921288 1.00000 0.00023 0.00000 0.00602 0.00023 -1.00000 0.00000 -0.01762 0.00000 -0.00000 -1.00000 -0.00000
1628184890171289 1.00000 0.00194 0.00000 -0.00283 0.00194 -1.00000 0.00000 -0.00549 0.00000 -0.00000 -1.00000 -0.00000
1628184890421291 1.00000 0.00211 0.00000 -0.02347 0.00211 -1.00000 0.00000 0.04225 0.00000 -0.00000 -1.00000 0.00000
1628184890670667 1.00000 0.00150 0.00000 0.02011 0.00150 -1.00000 0.00000 -0.06002 0.00000 -0.00000 -1.00000 -0.00000
1628184890920047 0.99999 0.00331 -0.00000 0.02960 0.00331 -0.99999 0.00000 -0.04193 0.00000 -0.00000 -1.00000 -0.00000
1628184891170058 1.00000 0.00048 0.00000 -0.01422 0.00048 -1.00000 0.00000 0.01738 0.00000 -0.00000 -1.00000 0.00000
1628184891420059 1.00000 -0.00044 -0.00000 0.00369 -0.00044 -1.00000 0.00000 0.01696 -0.00000 -0.00000 -1.00000 0.00000
1628184891670062 1.00000 0.00255 0.00000 0.01475 0.00255 -1.00000 0.00000 -0.00928 0.00000 -0.00000 -1.00000 -0.00000
1628184891920068 0.99998 0.00551 0.00000 0.00133 0.00551 -0.99998 0.00000 0.02744 0.00000 -0.00000 -1.00000 0.00000
1628184892170089 1.00000 0.00180 0.00000 -0.01984 0.00180 -1.00000 0.00000 0.04215 0.00000 -0.00000 -1.00000 0.00000
1628184892419454 1.00000 0.00033 0.00000 0.03510 0.00033 -1.00000 0.00000 -0.08986 0.00000 -0.00000 -1.00000 -0.00000
1628184892669456 0.99994 0.01116 0.00000 0.00464 0.01116 -0.99994 0.00000 0.00978 0.00000 -0.00000 -1.00000 0.00000
1628184892919459 0.99994 0.01139 -0.00000 -0.00904 0.01139 -0.99994 0.00000 0.03903 0.00000 -0.00000 -1.00000 0.00000
1628184893169475 0.99995 0.01031 0.00000 -0.00974 0.01031 -0.99995 0.00000 0.00025 0.00000 -0.00000 -1.00000 0.00000
1628184893420097 1.00000 0.00161 0.00000 -0.00101 0.00161 -1.00000 0.00000 0.00462 0.00000 -0.00000 -1.00000 0.00000
1628184893670116 0.99999 0.00336 0.00000 0.02450 0.00336 -0.99999 0.00000 -0.01868 0.00000 -0.00000 -1.00000 -0.00000
1628184893920730 1.00000 -0.00181 0.00000 -0.00444 -0.00181 -1.00000 0.00000 0.01240 -0.00000 -0.00000 -1.00000 0.00000
1628184894170733 1.00000 -0.00149 -0.00000 0.00369 -0.00149 -1.00000 0.00000 0.00437 -0.00000 -0.00000 -1.00000 0.00000
1628184894420743 1.00000 -0.00038 -0.00000 -0.00025 -0.00038 -1.00000 0.00000 0.00179 -0.00000 -0.00000 -1.00000 0.00000
1628184894670115 1.00000 0.00228 0.00000 0.01605 0.00228 -1.00000 0.00000 -0.05720 0.00000 -0.00000 -1.00000 -0.00000
1628184894920118 0.99994 0.01052 0.00000 0.00134 0.01052 -0.99994 0.00000 0.01845 0.00000 -0.00000 -1.00000 0.00000
1628184895170196 0.99993 0.01155 0.00000 -0.00856 0.01155 -0.99993 0.00000 0.03072 0.00000 -0.00000 -1.00000 0.00000
1628184895420751 1.00000 -0.00145 0.00000 -0.00619 -0.00145 -1.00000 0.00000 0.00488 -0.00000 -0.00000 -1.00000 0.00000
1628184895670761 0.99999 -0.00319 0.00000 0.01135 -0.00319 -0.99999 0.00000 -0.03760 -0.00000 -0.00000 -1.00000 -0.00000
1628184895920758 1.00000 -0.00038 -0.00000 -0.02877 -0.00038 -1.00000 0.00000 -0.01570 -0.00000 -0.00000 -1.00000 -0.00000
1628184896170768 1.00000 -0.00008 0.00000 -0.07877 -0.00008 -1.00000 0.00000 -0.01426 -0.00000 -0.00000 -1.00000 -0.00000
1628184896420773 1.00000 0.00172 0.00000 -0.12216 0.00172 -1.00000 0.00000 -0.00428 0.00000 -0.00000 -1.00000 -0.00000
1628184896670783 1.00000 0.00073 0.00000 -0.18253 0.00073 -1.00000 0.00000 0.00327 0.00000 -0.00000 -1.00000 0.00000
1628184896920779 1.00000 -0.00119 0.00000 -0.24568 -0.00119 -1.00000 0.00000 0.01937 -0.00000 -0.00000 -1.00000 0.00000
1628184897170784 0.99998 -0.00548 -0.00000 -0.37277 -0.00548 -0.99998 0.00000 -0.02573 -0.00000 -0.00000 -1.00000 -0.00000
1628184897421411 0.99967 -0.02576 0.00000 -0.55394 -0.02576 -0.99967 0.00000 -0.02252 -0.00000 -0.00000 -1.00000 -0.00000
1628184897671417 0.99891 -0.04661 0.00000 -0.74090 -0.04661 -0.99891 0.00000 -0.01126 -0.00000 -0.00000 -1.00000 -0.00000
1628184897921427 0.99650 -0.08356 0.00000 -1.14648 -0.08356 -0.99650 0.00000 -0.00658 -0.00000 -0.00000 -1.00000 -0.00000
1628184898171432 0.99142 -0.13070 0.00000 -1.57135 -0.13070 -0.99142 0.00000 0.10352 -0.00000 -0.00000 -1.00000 0.00000
1628184898420811 0.98379 -0.17935 0.00000 -2.07481 -0.17935 -0.98379 0.00000 0.15621 -0.00000 -0.00000 -1.00000 0.00000
1628184898669564 0.97521 -0.22127 -0.00000 -2.60195 -0.22127 -0.97521 0.00000 -0.01062 -0.00000 -0.00000 -1.00000 -0.00000
1628184898919569 0.96722 -0.25392 0.00000 -3.26367 -0.25392 -0.96722 0.00000 0.17841 -0.00000 -0.00000 -1.00000 0.00000
1628184899168943 0.96286 -0.27000 -0.00000 -3.98823 -0.27000 -0.96286 0.00000 0.11386 -0.00000 -0.00000 -1.00000 0.00000
1628184899419531 0.95984 -0.28056 0.00000 -4.71382 -0.28056 -0.95984 0.00000 0.19494 -0.00000 -0.00000 -1.00000 0.00000
1628184899669578 0.96342 -0.26799 0.00000 -5.52203 -0.26799 -0.96342 0.00000 0.09559 -0.00000 -0.00000 -1.00000 0.00000
1628184899919584 0.97029 -0.24194 0.00000 -6.45680 -0.24194 -0.97029 0.00000 0.01496 -0.00000 -0.00000 -1.00000 0.00000
1628184900169594 0.97504 -0.22202 0.00000 -7.37168 -0.22202 -0.97504 0.00000 -0.11656 -0.00000 -0.00000 -1.00000 -0.00000
1628184900419603 0.97938 -0.20201 0.00000 -8.25852 -0.20201 -0.97938 0.00000 -0.19065 -0.00000 -0.00000 -1.00000 -0.00000
1628184900669598 0.98193 -0.18925 0.00000 -9.27655 -0.18925 -0.98193 0.00000 -0.29019 -0.00000 -0.00000 -1.00000 -0.00000
1628184900919600 0.98513 -0.17181 0.00000 -10.22364 -0.17181 -0.98513 0.00000 -0.42480 -0.00000 -0.00000 -1.00000 -0.00000
1628184901169608 0.98854 -0.15097 -0.00000 -11.24551 -0.15097 -0.98854 0.00000 -0.72675 -0.00000 -0.00000 -1.00000 -0.00000
1628184901420243 0.99046 -0.13777 0.00000 -12.33124 -0.13777 -0.99046 0.00000 -0.84419 -0.00000 -0.00000 -1.00000 -0.00000
1628184901670241 0.99264 -0.12107 0.00000 -13.41256 -0.12107 -0.99264 0.00000 -1.08192 -0.00000 -0.00000 -1.00000 -0.00000
1628184901920244 0.99469 -0.10288 0.00000 -14.53800 -0.10288 -0.99469 0.00000 -1.38440 -0.00000 -0.00000 -1.00000 -0.00000
1628184902170866 0.99540 -0.09585 0.00000 -15.73625 -0.09585 -0.99540 0.00000 -1.39384 -0.00000 -0.00000 -1.00000 -0.00000
1628184902420874 0.99644 -0.08435 0.00000 -16.95485 -0.08435 -0.99644 0.00000 -1.63943 -0.00000 -0.00000 -1.00000 -0.00000
1628184902670886 0.99754 -0.07008 0.00000 -18.21255 -0.07008 -0.99754 0.00000 -2.00403 -0.00000 -0.00000 -1.00000 -0.00000
1628184902921520 0.99813 -0.06121 0.00000 -19.53824 -0.06121 -0.99813 0.00000 -2.06927 -0.00000 -0.00000 -1.00000 -0.00000
1628184903171519 0.99848 -0.05517 0.00000 -20.87430 -0.05517 -0.99848 0.00000 -2.15769 -0.00000 -0.00000 -1.00000 -0.00000
1628184903421525 0.99887 -0.04754 0.00000 -22.27019 -0.04754 -0.99887 0.00000 -2.36673 -0.00000 -0.00000 -1.00000 -0.00000
1628184903671521 0.99906 -0.04333 -0.00000 -23.77741 -0.04333 -0.99906 0.00000 -2.48603 -0.00000 -0.00000 -1.00000 -0.00000
1628184903920903 0.99901 -0.04446 0.00000 -25.35273 -0.04446 -0.99901 0.00000 -2.53965 -0.00000 -0.00000 -1.00000 -0.00000
1628184904170912 0.99902 -0.04425 0.00000 -26.91403 -0.04425 -0.99902 0.00000 -2.43498 -0.00000 -0.00000 -1.00000 -0.00000
1628184904420909 0.99899 -0.04504 0.00000 -28.51203 -0.04504 -0.99899 0.00000 -2.53450 -0.00000 -0.00000 -1.00000 -0.00000
1628184904670917 0.99897 -0.04543 0.00000 -30.21278 -0.04543 -0.99897 0.00000 -2.50674 -0.00000 -0.00000 -1.00000 -0.00000
1628184904920298 0.99910 -0.04239 0.00000 -31.86071 -0.04239 -0.99910 0.00000 -2.71573 -0.00000 -0.00000 -1.00000 -0.00000
1628184905170308 0.99920 -0.03991 0.00000 -33.74654 -0.03991 -0.99920 0.00000 -2.84609 -0.00000 -0.00000 -1.00000 -0.00000
1628184905421554 0.99898 -0.04517 0.00000 -35.31530 -0.04517 -0.99898 0.00000 -2.65421 -0.00000 -0.00000 -1.00000 -0.00000
1628184905671569 0.99910 -0.04236 0.00000 -37.05472 -0.04236 -0.99910 0.00000 -2.77706 -0.00000 -0.00000 -1.00000 -0.00000
1628184905920937 0.99963 -0.02713 0.00000 -38.72379 -0.02713 -0.99963 0.00000 -3.42176 -0.00000 -0.00000 -1.00000 -0.00000
1628184906171575 0.99965 -0.02650 -0.00000 -40.55459 -0.02650 -0.99965 0.00000 -3.41622 -0.00000 -0.00000 -1.00000 -0.00000
1628184906421576 0.99986 -0.01657 0.00000 -42.30400 -0.01657 -0.99986 0.00000 -3.79366 -0.00000 -0.00000 -1.00000 -0.00000
1628184906670953 1.00000 0.00243 0.00000 -44.07126 0.00243 -1.00000 0.00000 -4.71617 0.00000 -0.00000 -1.00000 -0.00000
1628184906920958 0.99999 0.00337 0.00000 -45.91461 0.00337 -0.99999 0.00000 -4.71993 0.00000 -0.00000 -1.00000 -0.00000
1628184907170958 0.99994 0.01065 0.00000 -47.79993 0.01065 -0.99994 0.00000 -5.12992 0.00000 -0.00000 -1.00000 -0.00000
1628184907420970 0.99986 0.01675 0.00000 -49.68813 0.01675 -0.99986 0.00000 -5.47432 0.00000 -0.00000 -1.00000 -0.00000
1628184907671598 0.99999 0.00513 0.00000 -51.67422 0.00513 -0.99999 0.00000 -4.84529 0.00000 -0.00000 -1.00000 -0.00000
1628184907920979 0.99996 0.00876 0.00000 -53.58926 0.00876 -0.99996 0.00000 -5.11701 0.00000 -0.00000 -1.00000 -0.00000
1628184908170986 0.99996 0.00872 0.00000 -55.56698 0.00872 -0.99996 0.00000 -5.16461 0.00000 -0.00000 -1.00000 -0.00000
1628184908420981 0.99994 0.01110 0.00000 -57.57140 0.01110 -0.99994 0.00000 -5.34290 0.00000 -0.00000 -1.00000 -0.00000
1628184908671000 0.99998 0.00578 0.00000 -59.63494 0.00578 -0.99998 0.00000 -5.00727 0.00000 -0.00000 -1.00000 -0.00000
1628184908920990 0.99998 0.00601 0.00000 -61.61334 0.00601 -0.99998 0.00000 -5.14301 0.00000 -0.00000 -1.00000 -0.00000
1628184909171000 0.99999 0.00518 -0.00000 -63.64990 0.00518 -0.99999 0.00000 -5.11440 0.00000 -0.00000 -1.00000 -0.00000
1628184909421000 0.99999 0.00317 0.00000 -65.70546 0.00317 -0.99999 0.00000 -4.96889 0.00000 -0.00000 -1.00000 -0.00000
1628184909671010 1.00000 -0.00237 0.00000 -67.71203 -0.00237 -1.00000 0.00000 -4.57191 -0.00000 -0.00000 -1.00000 -0.00000
1628184909921008 0.99998 -0.00613 0.00000 -69.67959 -0.00613 -0.99998 0.00000 -4.35328 -0.00000 -0.00000 -1.00000 -0.00000
1628184910171020 1.00000 -0.00122 0.00000 -71.67425 -0.00122 -1.00000 0.00000 -4.68434 -0.00000 -0.00000 -1.00000 -0.00000
1628184910421021 1.00000 -0.00082 -0.00000 -73.69889 -0.00082 -1.00000 0.00000 -4.71995 -0.00000 -0.00000 -1.00000 -0.00000
1628184910671650 0.99987 -0.01633 0.00000 -75.70317 -0.01633 -0.99987 0.00000 -3.56406 -0.00000 -0.00000 -1.00000 -0.00000
1628184910921655 0.99949 -0.03182 0.00000 -77.75345 -0.03182 -0.99949 0.00000 -2.39603 -0.00000 -0.00000 -1.00000 -0.00000
1628184911171659 0.99868 -0.05130 0.00000 -79.79117 -0.05130 -0.99868 0.00000 -0.89757 -0.00000 -0.00000 -1.00000 -0.00000
1628184911421039 0.99728 -0.07369 -0.00000 -81.73827 -0.07369 -0.99728 0.00000 0.84421 -0.00000 -0.00000 -1.00000 0.00000
1628184911670420 0.99513 -0.09858 0.00000 -83.63616 -0.09858 -0.99513 0.00000 2.83372 -0.00000 -0.00000 -1.00000 0.00000
1628184911921045 0.99025 -0.13931 0.00000 -85.46185 -0.13931 -0.99025 0.00000 6.33099 -0.00000 -0.00000 -1.00000 0.00000
1628184912170428 0.98612 -0.16601 0.00000 -87.10064 -0.16601 -0.98612 0.00000 8.57448 -0.00000 -0.00000 -1.00000 0.00000
1628184912421061 0.97801 -0.20855 0.00000 -88.65903 -0.20855 -0.97801 0.00000 12.40176 -0.00000 -0.00000 -1.00000 0.00000
1628184912671061 0.96693 -0.25505 0.00000 -89.82380 -0.25505 -0.96693 0.00000 16.56368 -0.00000 -0.00000 -1.00000 0.00000
1628184912921061 0.95299 -0.30299 0.00000 -90.84412 -0.30299 -0.95299 0.00000 21.00282 -0.00000 -0.00000 -1.00000 0.00000
1628184913170439 0.94029 -0.34037 0.00000 -91.72777 -0.34037 -0.94029 0.00000 24.56193 -0.00000 -0.00000 -1.00000 0.00000
1628184913421070 0.92228 -0.38653 0.00000 -92.30191 -0.38653 -0.92228 0.00000 29.17792 -0.00000 -0.00000 -1.00000 0.00000
1628184913670458 0.90579 -0.42373 -0.00000 -92.90632 -0.42373 -0.90579 0.00000 32.90353 -0.00000 -0.00000 -1.00000 0.00000
1628184913920461 0.88052 -0.47400 0.00000 -92.73454 -0.47400 -0.88052 0.00000 38.13727 -0.00000 -0.00000 -1.00000 0.00000
1628184914170458 0.85358 -0.52097 -0.00000 -92.41293 -0.52097 -0.85358 0.00000 43.04828 -0.00000 -0.00000 -1.00000 0.00000
1628184914420469 0.81874 -0.57417 0.00000 -91.36051 -0.57417 -0.81874 0.00000 48.84744 -0.00000 -0.00000 -1.00000 0.00000
1628184914670470 0.77950 -0.62641 0.00000 -89.82189 -0.62641 -0.77950 0.00000 54.65071 -0.00000 -0.00000 -1.00000 0.00000
1628184914920479 0.72808 -0.68550 0.00000 -87.04322 -0.68550 -0.72808 0.00000 61.62849 -0.00000 -0.00000 -1.00000 0.00000
1628184915169852 0.67485 -0.73796 0.00000 -84.04741 -0.73796 -0.67485 0.00000 67.83468 -0.00000 -0.00000 -1.00000 0.00000
1628184915420479 0.60940 -0.79286 0.00000 -79.70101 -0.79286 -0.60940 0.00000 74.86732 -0.00000 -0.00000 -1.00000 0.00000
1628184915670488 0.54885 -0.83592 0.00000 -75.73285 -0.83592 -0.54885 0.00000 80.55018 -0.00000 -0.00000 -1.00000 0.00000
1628184915919864 0.49672 -0.86791 -0.00000 -72.46313 -0.86791 -0.49672 0.00000 84.76391 -0.00000 -0.00000 -1.00000 0.00000
1628184916169877 0.45180 -0.89212 0.00000 -69.91059 -0.89212 -0.45180 0.00000 88.27750 -0.00000 -0.00000 -1.00000 0.00000
1628184916420506 0.41911 -0.90794 0.00000 -68.55808 -0.90794 -0.41911 0.00000 90.99817 -0.00000 -0.00000 -1.00000 0.00000
1628184916670510 0.39735 -0.91767 0.00000 -68.16972 -0.91767 -0.39735 0.00000 92.55956 -0.00000 -0.00000 -1.00000 0.00000
1628184916920506 0.38059 -0.92474 0.00000 -68.41066 -0.92474 -0.38059 0.00000 93.76732 -0.00000 -0.00000 -1.00000 0.00000
1628184917169893 0.37809 -0.92577 0.00000 -70.17616 -0.92577 -0.37809 0.00000 93.90816 -0.00000 -0.00000 -1.00000 0.00000
1628184917419892 0.37353 -0.92762 0.00000 -71.71330 -0.92762 -0.37353 0.00000 94.09975 -0.00000 -0.00000 -1.00000 0.00000
1628184917669913 0.37475 -0.92712 0.00000 -73.90608 -0.92712 -0.37475 0.00000 94.03175 -0.00000 -0.00000 -1.00000 0.00000
1628184917920521 0.37144 -0.92846 -0.00000 -75.71125 -0.92846 -0.37144 0.00000 94.39162 -0.00000 -0.00000 -1.00000 0.00000
1628184918170532 0.38191 -0.92420 0.00000 -78.91211 -0.92420 -0.38191 0.00000 93.48923 -0.00000 -0.00000 -1.00000 0.00000
1628184918420537 0.39018 -0.92074 0.00000 -81.85655 -0.92074 -0.39018 0.00000 92.66340 -0.00000 -0.00000 -1.00000 0.00000
1628184918670541 0.40088 -0.91613 0.00000 -85.13021 -0.91613 -0.40088 0.00000 91.74596 -0.00000 -0.00000 -1.00000 0.00000
1628184918920550 0.41661 -0.90909 0.00000 -88.83140 -0.90909 -0.41661 0.00000 90.18699 -0.00000 -0.00000 -1.00000 0.00000
1628184919170547 0.43493 -0.90046 0.00000 -92.77073 -0.90046 -0.43493 0.00000 88.40532 -0.00000 -0.00000 -1.00000 0.00000
1628184919420552 0.45452 -0.89074 0.00000 -96.76388 -0.89074 -0.45452 0.00000 86.26762 -0.00000 -0.00000 -1.00000 0.00000
1628184919671185 0.46434 -0.88565 -0.00000 -99.87210 -0.88565 -0.46434 0.00000 85.15705 -0.00000 -0.00000 -1.00000 0.00000
1628184919921195 0.48448 -0.87480 0.00000 -103.73292 -0.87480 -0.48448 0.00000 82.72601 -0.00000 -0.00000 -1.00000 0.00000
1628184920171199 0.50242 -0.86463 0.00000 -107.56296 -0.86463 -0.50242 0.00000 80.60612 -0.00000 -0.00000 -1.00000 0.00000
1628184920421196 0.51679 -0.85611 0.00000 -110.92953 -0.85611 -0.51679 0.00000 78.74382 -0.00000 -0.00000 -1.00000 0.00000
1628184920671205 0.52901 -0.84862 0.00000 -114.07127 -0.84862 -0.52901 0.00000 77.16387 -0.00000 -0.00000 -1.00000 0.00000
1628184920921211 0.54550 -0.83811 0.00000 -117.59888 -0.83811 -0.54550 0.00000 74.92394 -0.00000 -0.00000 -1.00000 0.00000
1628184921171216 0.55940 -0.82889 0.00000 -120.72292 -0.82889 -0.55940 0.00000 72.86532 -0.00000 -0.00000 -1.00000 0.00000
1628184921421217 0.56985 -0.82175 0.00000 -123.82940 -0.82175 -0.56985 0.00000 71.32817 -0.00000 -0.00000 -1.00000 0.00000
1628184921671221 0.58164 -0.81344 0.00000 -126.61175 -0.81344 -0.58164 0.00000 69.54471 -0.00000 -0.00000 -1.00000 0.00000
1628184921921225 0.60484 -0.79635 -0.00000 -130.34426 -0.79635 -0.60484 0.00000 65.75864 -0.00000 -0.00000 -1.00000 0.00000
1628184922171781 0.62103 -0.78379 0.00000 -133.47803 -0.78379 -0.62103 0.00000 63.09823 -0.00000 -0.00000 -1.00000 0.00000
1628184922421235 0.65227 -0.75799 -0.00000 -137.64605 -0.75799 -0.65227 0.00000 57.62528 -0.00000 -0.00000 -1.00000 0.00000
1628184922671861 0.67281 -0.73981 0.00000 -140.78380 -0.73981 -0.67281 0.00000 53.85002 -0.00000 -0.00000 -1.00000 0.00000
1628184922921865 0.70924 -0.70496 0.00000 -144.82898 -0.70496 -0.70924 0.00000 46.71367 -0.00000 -0.00000 -1.00000 0.00000
1628184923171243 0.75315 -0.65785 0.00000 -148.97508 -0.65785 -0.75315 0.00000 37.25746 -0.00000 -0.00000 -1.00000 0.00000
1628184923421250 0.80988 -0.58660 0.00000 -153.20138 -0.58660 -0.80988 0.00000 23.46783 -0.00000 -0.00000 -1.00000 0.00000
1628184923671256 0.86095 -0.50869 0.00000 -155.95024 -0.50869 -0.86095 0.00000 9.16738 -0.00000 -0.00000 -1.00000 0.00000
1628184923921256 0.91202 -0.41015 0.00000 -157.26877 -0.41015 -0.91202 0.00000 -8.31878 -0.00000 -0.00000 -1.00000 -0.00000
1628184924171263 0.95440 -0.29852 0.00000 -156.16915 -0.29852 -0.95440 0.00000 -26.94956 -0.00000 -0.00000 -1.00000 -0.00000
1628184924421272 0.98658 -0.16329 0.00000 -151.86515 -0.16329 -0.98658 0.00000 -48.42096 -0.00000 -0.00000 -1.00000 -0.00000
1628184924671273 0.99997 -0.00711 0.00000 -143.36343 -0.00711 -0.99997 0.00000 -71.50066 -0.00000 -0.00000 -1.00000 -0.00000
1628184924921277 0.98625 0.16528 -0.00000 -129.79542 0.16528 -0.98625 0.00000 -95.15371 0.00000 -0.00000 -1.00000 -0.00000
1628184925171283 0.94027 0.34043 0.00000 -111.46147 0.34043 -0.94027 0.00000 -116.95539 0.00000 -0.00000 -1.00000 -0.00000
1628184925421911 0.85448 0.51949 -0.00000 -86.92131 0.51949 -0.85448 0.00000 -136.53327 0.00000 -0.00000 -1.00000 -0.00000
1628184925671928 0.74111 0.67139 0.00000 -60.48107 0.67139 -0.74111 0.00000 -150.41447 0.00000 -0.00000 -1.00000 -0.00000
1628184925921917 0.60137 0.79897 0.00000 -31.95478 0.79897 -0.60137 0.00000 -159.04446 0.00000 -0.00000 -1.00000 -0.00000
1628184926171924 0.44798 0.89404 0.00000 -3.68411 0.89404 -0.44798 0.00000 -162.10517 0.00000 -0.00000 -1.00000 -0.00000
1628184926421300 0.27727 0.96079 0.00000 25.14130 0.96079 -0.27727 0.00000 -160.01047 0.00000 -0.00000 -1.00000 -0.00000
1628184926670679 0.09003 0.99594 -0.00000 54.19764 0.99594 -0.09003 0.00000 -152.29397 0.00000 -0.00000 -1.00000 -0.00000
1628184926920687 -0.10196 0.99479 0.00000 81.46080 0.99479 0.10196 0.00000 -139.09853 0.00000 0.00000 -1.00000 -0.00000
1628184927170691 -0.29747 0.95473 0.00000 106.57949 0.95473 0.29747 0.00000 -120.10271 0.00000 0.00000 -1.00000 -0.00000
1628184927420692 -0.48817 0.87275 0.00000 128.09749 0.87275 0.48817 0.00000 -95.44950 0.00000 0.00000 -1.00000 -0.00000
1628184927670698 -0.65283 0.75751 0.00000 143.57146 0.75751 0.65283 0.00000 -67.92192 0.00000 0.00000 -1.00000 -0.00000
1628184927921957 -0.77025 0.63775 0.00000 151.80788 0.63775 0.77025 0.00000 -42.90643 0.00000 0.00000 -1.00000 -0.00000
1628184928172585 -0.84799 0.53002 0.00000 155.11121 0.53002 0.84799 0.00000 -22.34758 0.00000 0.00000 -1.00000 -0.00000
1628184928422588 -0.89513 0.44582 0.00000 155.20243 0.44582 0.89513 0.00000 -7.34400 0.00000 0.00000 -1.00000 -0.00000
1628184928673221 -0.91819 0.39615 -0.00000 154.09519 0.39615 0.91819 0.00000 1.36543 0.00000 0.00000 -1.00000 0.00000
1628184928922596 -0.92766 0.37343 -0.00000 152.79083 0.37343 0.92766 0.00000 5.12344 0.00000 0.00000 -1.00000 0.00000
1628184929171977 -0.92859 0.37111 -0.00000 151.29671 0.37111 0.92859 0.00000 5.59166 0.00000 0.00000 -1.00000 0.00000
1628184929421360 -0.91837 0.39572 -0.00000 149.99067 0.39572 0.91837 0.00000 1.49741 0.00000 0.00000 -1.00000 0.00000
1628184929670113 -0.90205 0.43164 0.00000 148.50129 0.43164 0.90205 0.00000 -4.30305 0.00000 0.00000 -1.00000 -0.00000
1628184929919487 -0.88107 0.47298 -0.00000 146.58726 0.47298 0.88107 0.00000 -11.32885 0.00000 0.00000 -1.00000 -0.00000
1628184930169495 -0.85347 0.52114 0.00000 144.09304 0.52114 0.85347 0.00000 -19.41316 0.00000 0.00000 -1.00000 -0.00000
1628184930419502 -0.81909 0.57367 0.00000 140.96419 0.57367 0.81909 0.00000 -28.51027 0.00000 0.00000 -1.00000 -0.00000
1628184930669506 -0.78263 0.62249 0.00000 137.21936 0.62249 0.78263 0.00000 -36.98876 0.00000 0.00000 -1.00000 -0.00000
1628184930919516 -0.74867 0.66295 0.00000 133.30744 0.66295 0.74867 0.00000 -44.19171 0.00000 0.00000 -1.00000 -0.00000
1628184931169511 -0.71158 0.70260 0.00000 128.82429 0.70260 0.71158 0.00000 -51.38183 0.00000 0.00000 -1.00000 -0.00000
1628184931419514 -0.67889 0.73424 0.00000 124.43659 0.73424 0.67889 0.00000 -57.27128 0.00000 0.00000 -1.00000 -0.00000
1628184931669514 -0.63740 0.77053 0.00000 119.12812 0.77053 0.63740 0.00000 -64.09780 0.00000 0.00000 -1.00000 -0.00000
1628184931919528 -0.59382 0.80459 0.00000 113.48758 0.80459 0.59382 0.00000 -70.50934 0.00000 0.00000 -1.00000 -0.00000
1628184932169543 -0.54930 0.83563 0.00000 107.45986 0.83563 0.54930 0.00000 -76.62454 0.00000 0.00000 -1.00000 -0.00000
1628184932419538 -0.50340 0.86405 0.00000 101.20755 0.86405 0.50340 0.00000 -82.23357 0.00000 0.00000 -1.00000 -0.00000
1628184932668915 -0.46634 0.88461 0.00000 95.58456 0.88461 0.46634 0.00000 -86.48797 0.00000 0.00000 -1.00000 -0.00000
1628184932919544 -0.43246 0.90166 0.00000 90.09562 0.90166 0.43246 0.00000 -90.03784 0.00000 0.00000 -1.00000 -0.00000
1628184933169552 -0.40802 0.91297 0.00000 85.62520 0.91297 0.40802 0.00000 -92.58377 0.00000 0.00000 -1.00000 -0.00000
1628184933419553 -0.39029 0.92069 0.00000 81.60483 0.92069 0.39029 0.00000 -94.24547 0.00000 0.00000 -1.00000 -0.00000
1628184933669567 -0.37381 0.92750 0.00000 77.83781 0.92750 0.37381 0.00000 -95.85416 0.00000 0.00000 -1.00000 -0.00000
1628184933919560 -0.35681 0.93418 0.00000 73.95820 0.93418 0.35681 0.00000 -97.23923 0.00000 0.00000 -1.00000 -0.00000
1628184934169570 -0.34199 0.93970 -0.00000 70.25559 0.93970 0.34199 0.00000 -98.39167 0.00000 0.00000 -1.00000 -0.00000
1628184934419573 -0.33632 0.94175 0.00000 67.53124 0.94175 0.33632 0.00000 -98.76292 0.00000 0.00000 -1.00000 -0.00000
1628184934669574 -0.33741 0.94136 0.00000 65.49789 0.94136 0.33741 0.00000 -98.71820 0.00000 0.00000 -1.00000 -0.00000
1628184934919580 -0.34489 0.93864 0.00000 64.21789 0.93864 0.34489 0.00000 -98.27477 0.00000 0.00000 -1.00000 -0.00000
1628184935169586 -0.37290 0.92787 0.00000 65.05581 0.92787 0.37290 0.00000 -96.46434 0.00000 0.00000 -1.00000 -0.00000
1628184935420214 -0.40397 0.91477 0.00000 66.21099 0.91477 0.40397 0.00000 -94.17239 0.00000 0.00000 -1.00000 -0.00000
1628184935670218 -0.45060 0.89272 -0.00000 68.94800 0.89272 0.45060 0.00000 -90.85476 0.00000 0.00000 -1.00000 -0.00000
1628184935920226 -0.49783 0.86727 0.00000 71.66874 0.86727 0.49783 0.00000 -87.11860 0.00000 0.00000 -1.00000 -0.00000
1628184936170228 -0.54688 0.83721 0.00000 74.57351 0.83721 0.54688 0.00000 -82.77111 0.00000 0.00000 -1.00000 -0.00000
1628184936420234 -0.60576 0.79565 0.00000 78.49631 0.79565 0.60576 0.00000 -77.47273 0.00000 0.00000 -1.00000 -0.00000
1628184936670237 -0.66720 0.74488 0.00000 82.40297 0.74488 0.66720 0.00000 -71.07072 0.00000 0.00000 -1.00000 -0.00000
1628184936920871 -0.72101 0.69292 0.00000 85.42289 0.69292 0.72101 0.00000 -64.63870 0.00000 0.00000 -1.00000 -0.00000
1628184937170869 -0.77423 0.63290 0.00000 88.42706 0.63290 0.77423 0.00000 -57.85203 0.00000 0.00000 -1.00000 -0.00000
1628184937421498 -0.81531 0.57903 0.00000 90.17263 0.57903 0.81531 0.00000 -51.65970 0.00000 0.00000 -1.00000 -0.00000
1628184937670876 -0.85901 0.51197 0.00000 92.29734 0.51197 0.85901 0.00000 -44.53276 0.00000 0.00000 -1.00000 -0.00000
1628184937921506 -0.89082 0.45436 0.00000 92.98086 0.45436 0.89082 0.00000 -38.20024 0.00000 0.00000 -1.00000 -0.00000
1628184938171511 -0.92453 0.38112 0.00000 93.73310 0.38112 0.92453 0.00000 -30.67638 0.00000 0.00000 -1.00000 -0.00000
1628184938421514 -0.94544 0.32581 0.00000 93.40934 0.32581 0.94544 0.00000 -25.08004 0.00000 0.00000 -1.00000 -0.00000
1628184938671516 -0.96352 0.26765 0.00000 92.70948 0.26765 0.96352 0.00000 -19.38784 0.00000 0.00000 -1.00000 -0.00000
1628184938921528 -0.97797 0.20877 0.00000 91.69846 0.20877 0.97797 0.00000 -13.79535 0.00000 0.00000 -1.00000 -0.00000
1628184939171530 -0.98612 0.16604 0.00000 90.09874 0.16604 0.98612 0.00000 -9.82899 0.00000 0.00000 -1.00000 -0.00000
1628184939421535 -0.99148 0.13023 -0.00000 88.19679 0.13023 0.99148 0.00000 -6.65740 0.00000 0.00000 -1.00000 -0.00000
1628184939671540 -0.99555 0.09427 0.00000 86.14129 0.09427 0.99555 0.00000 -3.40480 0.00000 0.00000 -1.00000 -0.00000
1628184939922164 -0.99758 0.06947 0.00000 83.97824 0.06947 0.99758 0.00000 -1.35497 0.00000 0.00000 -1.00000 -0.00000
1628184940172182 -0.99860 0.05295 0.00000 81.63250 0.05295 0.99860 0.00000 -0.02590 0.00000 0.00000 -1.00000 -0.00000
1628184940421557 -0.99940 0.03452 0.00000 79.29480 0.03452 0.99940 0.00000 1.43236 0.00000 0.00000 -1.00000 0.00000
1628184940671559 -0.99976 0.02213 0.00000 77.00997 0.02213 0.99976 0.00000 2.43272 0.00000 0.00000 -1.00000 0.00000
1628184940921561 -0.99982 0.01902 0.00000 74.58920 0.01902 0.99982 0.00000 2.60068 0.00000 0.00000 -1.00000 0.00000
1628184941171565 -0.99987 0.01623 -0.00000 72.17142 0.01623 0.99987 0.00000 2.79459 0.00000 0.00000 -1.00000 0.00000
1628184941421574 -0.99995 0.00953 0.00000 69.71669 0.00953 0.99995 0.00000 3.23491 0.00000 0.00000 -1.00000 0.00000
1628184941671580 -1.00000 0.00236 0.00000 67.32994 0.00236 1.00000 0.00000 3.55611 0.00000 0.00000 -1.00000 0.00000
1628184941922202 -0.99997 0.00710 0.00000 65.07897 0.00710 0.99997 0.00000 3.32218 0.00000 0.00000 -1.00000 0.00000
1628184942172204 -1.00000 -0.00076 0.00000 62.65454 -0.00076 1.00000 0.00000 3.78182 -0.00000 0.00000 -1.00000 0.00000
1628184942422210 -0.99994 -0.01082 0.00000 60.39476 -0.01082 0.99994 0.00000 4.31262 -0.00000 0.00000 -1.00000 0.00000
1628184942671598 -0.99982 -0.01901 0.00000 57.92251 -0.01901 0.99982 0.00000 4.74344 -0.00000 0.00000 -1.00000 0.00000
1628184942921600 -0.99944 -0.03342 0.00000 55.64709 -0.03342 0.99944 0.00000 5.58791 -0.00000 0.00000 -1.00000 0.00000
1628184943172225 -0.99898 -0.04509 -0.00000 53.36780 -0.04509 0.99898 0.00000 6.21899 -0.00000 0.00000 -1.00000 0.00000
1628184943421607 -0.99872 -0.05062 0.00000 51.06948 -0.05062 0.99872 0.00000 6.46142 -0.00000 0.00000 -1.00000 0.00000
1628184943671612 -0.99873 -0.05032 0.00000 48.90873 -0.05032 0.99873 0.00000 6.31609 -0.00000 0.00000 -1.00000 0.00000
1628184943921613 -0.99910 -0.04238 0.00000 46.76153 -0.04238 0.99910 0.00000 6.03473 -0.00000 0.00000 -1.00000 0.00000
1628184944171622 -0.99972 -0.02349 0.00000 44.72543 -0.02349 0.99972 0.00000 5.12678 -0.00000 0.00000 -1.00000 0.00000
1628184944422245 -0.99996 0.00864 0.00000 42.69829 0.00864 0.99996 0.00000 3.66151 0.00000 0.00000 -1.00000 0.00000
1628184944671624 -0.99952 0.03091 -0.00000 40.67487 0.03091 0.99952 0.00000 2.71452 0.00000 0.00000 -1.00000 0.00000
1628184944921632 -0.99830 0.05822 0.00000 38.65823 0.05822 0.99830 0.00000 1.45889 0.00000 0.00000 -1.00000 0.00000
1628184945172261 -0.99679 0.08009 0.00000 36.51884 0.08009 0.99679 0.00000 0.62601 0.00000 0.00000 -1.00000 0.00000
1628184945421642 -0.99535 0.09628 0.00000 34.53168 0.09628 0.99535 0.00000 -0.07031 0.00000 0.00000 -1.00000 -0.00000
1628184945672270 -0.99370 0.11211 -0.00000 32.44938 0.11211 0.99370 0.00000 -0.63274 0.00000 0.00000 -1.00000 -0.00000
1628184945921648 -0.99389 0.11039 0.00000 30.36496 0.11039 0.99389 0.00000 -0.70942 0.00000 0.00000 -1.00000 -0.00000
1628184946171657 -0.99382 0.11099 0.00000 28.29285 0.11099 0.99382 0.00000 -0.66778 0.00000 0.00000 -1.00000 -0.00000
1628184946421655 -0.99403 0.10915 0.00000 26.22456 0.10915 0.99403 0.00000 -0.66487 0.00000 0.00000 -1.00000 -0.00000
1628184946671658 -0.99420 0.10759 0.00000 24.16946 0.10759 0.99420 0.00000 -0.67981 0.00000 0.00000 -1.00000 -0.00000
1628184946921667 -0.99409 0.10854 0.00000 22.06504 0.10854 0.99409 0.00000 -0.76636 0.00000 0.00000 -1.00000 -0.00000
1628184947171673 -0.99425 0.10707 0.00000 20.03315 0.10707 0.99425 0.00000 -0.79326 0.00000 0.00000 -1.00000 -0.00000
1628184947421679 -0.99441 0.10559 0.00000 17.97139 0.10559 0.99441 0.00000 -0.73917 0.00000 0.00000 -1.00000 -0.00000
1628184947672312 -0.99428 0.10683 0.00000 15.93966 0.10683 0.99428 0.00000 -0.65845 0.00000 0.00000 -1.00000 -0.00000
1628184947921689 -0.99484 0.10144 0.00000 13.78846 0.10144 0.99484 0.00000 -0.71238 0.00000 0.00000 -1.00000 -0.00000
1628184948172322 -0.99431 0.10648 0.00000 11.75995 0.10648 0.99431 0.00000 -0.80665 0.00000 0.00000 -1.00000 -0.00000
1628184948422318 -0.99592 0.09027 -0.00000 9.64614 0.09027 0.99592 0.00000 -0.59850 0.00000 0.00000 -1.00000 -0.00000
1628184948672327 -0.99598 0.08955 0.00000 7.57219 0.08955 0.99598 0.00000 -0.60703 0.00000 0.00000 -1.00000 -0.00000
1628184948922329 -0.99587 0.09084 0.00000 5.50733 0.09084 0.99587 0.00000 -0.69511 0.00000 0.00000 -1.00000 -0.00000
1628184949171710 -0.99694 0.07821 -0.00000 3.48371 0.07821 0.99694 0.00000 -0.70702 0.00000 0.00000 -1.00000 -0.00000
1628184949421715 -0.99660 0.08237 0.00000 1.39195 0.08237 0.99660 0.00000 -0.63648 0.00000 0.00000 -1.00000 -0.00000
1628184949671097 -0.99742 0.07185 0.00000 -0.65934 0.07185 0.99742 0.00000 -0.79432 0.00000 0.00000 -1.00000 -0.00000
1628184949921094 -0.99776 0.06686 0.00000 -2.76349 0.06686 0.99776 0.00000 -0.78922 0.00000 0.00000 -1.00000 -0.00000
1628184950171725 -0.99717 0.07512 0.00000 -4.89269 0.07512 0.99717 0.00000 -0.81791 0.00000 0.00000 -1.00000 -0.00000
1628184950421727 -0.99735 0.07282 0.00000 -7.13418 0.07282 0.99735 0.00000 -0.92667 0.00000 0.00000 -1.00000 -0.00000
1628184950671730 -0.99765 0.06844 -0.00000 -9.37260 0.06844 0.99765 0.00000 -1.04049 0.00000 0.00000 -1.00000 -0.00000
1628184950921740 -0.99810 0.06154 0.00000 -11.64931 0.06154 0.99810 0.00000 -1.07242 0.00000 0.00000 -1.00000 -0.00000
1628184951171744 -0.99832 0.05787 0.00000 -13.99633 0.05787 0.99832 0.00000 -0.94754 0.00000 0.00000 -1.00000 -0.00000
1628184951421746 -0.99828 0.05864 0.00000 -16.19495 0.05864 0.99828 0.00000 -1.00726 0.00000 0.00000 -1.00000 -0.00000
1628184951671751 -0.99868 0.05128 0.00000 -18.55905 0.05128 0.99868 0.00000 -1.29927 0.00000 0.00000 -1.00000 -0.00000
1628184951921755 -0.99849 0.05498 0.00000 -20.91283 0.05498 0.99849 0.00000 -1.26857 0.00000 0.00000 -1.00000 -0.00000
1628184952172391 -0.99841 0.05635 0.00000 -23.16618 0.05635 0.99841 0.00000 -1.22886 0.00000 0.00000 -1.00000 -0.00000
1628184952422388 -0.99895 0.04586 0.00000 -25.51844 0.04586 0.99895 0.00000 -1.54624 0.00000 0.00000 -1.00000 -0.00000
1628184952672393 -0.99908 0.04295 0.00000 -27.95284 0.04295 0.99908 0.00000 -1.58374 0.00000 0.00000 -1.00000 -0.00000
1628184952922399 -0.99930 0.03738 0.00000 -30.04108 0.03738 0.99930 0.00000 -1.72229 0.00000 0.00000 -1.00000 -0.00000
1628184953171777 -0.99935 0.03594 -0.00000 -32.48109 0.03594 0.99935 0.00000 -1.73025 0.00000 0.00000 -1.00000 -0.00000
1628184953421164 -0.99944 0.03336 0.00000 -34.69512 0.03336 0.99944 0.00000 -1.92508 0.00000 0.00000 -1.00000 -0.00000
1628184953670542 -0.99958 0.02900 0.00000 -36.99433 0.02900 0.99958 0.00000 -2.22046 0.00000 0.00000 -1.00000 -0.00000
1628184953921169 -0.99977 0.02139 0.00000 -39.21858 0.02139 0.99977 0.00000 -2.42954 0.00000 0.00000 -1.00000 -0.00000
1628184954171174 -0.99964 0.02683 -0.00000 -41.46534 0.02683 0.99964 0.00000 -2.19261 0.00000 0.00000 -1.00000 -0.00000
1628184954421176 -0.99985 0.01707 0.00000 -43.52279 0.01707 0.99985 0.00000 -2.65041 0.00000 0.00000 -1.00000 -0.00000
1628184954671806 -0.99983 0.01856 0.00000 -45.73571 0.01856 0.99983 0.00000 -2.60867 0.00000 0.00000 -1.00000 -0.00000
1628184954921807 -0.99993 0.01154 0.00000 -47.74290 0.01154 0.99993 0.00000 -3.01431 0.00000 0.00000 -1.00000 -0.00000
1628184955171814 -0.99988 0.01517 0.00000 -49.67558 0.01517 0.99988 0.00000 -2.92107 0.00000 0.00000 -1.00000 -0.00000
1628184955421818 -0.99970 0.02452 0.00000 -51.61762 0.02452 0.99970 0.00000 -2.34993 0.00000 0.00000 -1.00000 -0.00000
1628184955671822 -0.99973 0.02306 -0.00000 -53.46448 0.02306 0.99973 0.00000 -2.54993 0.00000 0.00000 -1.00000 -0.00000
1628184955921830 -0.99935 0.03611 0.00000 -55.21278 0.03611 0.99935 0.00000 -1.92335 0.00000 0.00000 -1.00000 -0.00000
1628184956172466 -0.99825 0.05916 0.00000 -56.93770 0.05916 0.99825 0.00000 -0.53357 0.00000 0.00000 -1.00000 -0.00000
1628184956422462 -0.99616 0.08750 0.00000 -58.43398 0.08750 0.99616 0.00000 1.06333 0.00000 0.00000 -1.00000 0.00000
1628184956671838 -0.99364 0.11264 0.00000 -59.85611 0.11264 0.99364 0.00000 2.44294 0.00000 0.00000 -1.00000 0.00000
1628184956921844 -0.98768 0.15647 0.00000 -61.06516 0.15647 0.98768 0.00000 5.08120 0.00000 0.00000 -1.00000 0.00000
1628184957171853 -0.97890 0.20432 0.00000 -62.05449 0.20432 0.97890 0.00000 8.04520 0.00000 0.00000 -1.00000 0.00000
1628184957421854 -0.96044 0.27847 0.00000 -62.37004 0.27847 0.96044 0.00000 12.66158 0.00000 0.00000 -1.00000 0.00000
1628184957671864 -0.93838 0.34560 -0.00000 -62.43994 0.34560 0.93838 0.00000 17.12090 0.00000 0.00000 -1.00000 0.00000
1628184957921863 -0.90521 0.42496 0.00000 -61.97035 0.42496 0.90521 0.00000 22.38498 0.00000 0.00000 -1.00000 0.00000
1628184958171865 -0.85229 0.52306 -0.00000 -60.22954 0.52306 0.85229 0.00000 28.98098 0.00000 0.00000 -1.00000 0.00000
1628184958421871 -0.78538 0.61901 0.00000 -57.41448 0.61901 0.78538 0.00000 35.81385 0.00000 0.00000 -1.00000 0.00000
1628184958671252 -0.71525 0.69887 0.00000 -54.38983 0.69887 0.71525 0.00000 41.66099 0.00000 0.00000 -1.00000 0.00000
1628184958921255 -0.63744 0.77050 0.00000 -50.74353 0.77050 0.63744 0.00000 47.08594 0.00000 0.00000 -1.00000 0.00000
1628184959171255 -0.54548 0.83812 0.00000 -46.12196 0.83812 0.54548 0.00000 52.54844 0.00000 0.00000 -1.00000 0.00000
1628184959421272 -0.44753 0.89427 0.00000 -41.00131 0.89427 0.44753 0.00000 57.43562 0.00000 0.00000 -1.00000 0.00000
1628184959671264 -0.35562 0.93463 0.00000 -36.12659 0.93463 0.35562 0.00000 61.17504 0.00000 0.00000 -1.00000 0.00000
1628184959921276 -0.26513 0.96421 0.00000 -31.36692 0.96421 0.26513 0.00000 64.32476 0.00000 0.00000 -1.00000 0.00000
1628184960171274 -0.17442 0.98467 -0.00000 -26.39321 0.98467 0.17442 0.00000 66.97772 0.00000 0.00000 -1.00000 0.00000
1628184960421284 -0.12022 0.99275 0.00000 -23.95266 0.99275 0.12022 0.00000 68.23755 0.00000 0.00000 -1.00000 0.00000
1628184960671292 -0.08606 0.99629 0.00000 -22.93673 0.99629 0.08606 0.00000 69.02937 0.00000 0.00000 -1.00000 0.00000
1628184960921292 -0.05884 0.99827 0.00000 -22.50625 0.99827 0.05884 0.00000 69.52618 0.00000 0.00000 -1.00000 0.00000
1628184961170669 -0.04837 0.99883 0.00000 -23.20807 0.99883 0.04837 0.00000 69.75947 0.00000 0.00000 -1.00000 0.00000
1628184961421299 -0.03181 0.99949 0.00000 -23.55120 0.99949 0.03181 0.00000 70.00641 0.00000 0.00000 -1.00000 0.00000
1628184961670682 -0.02428 0.99971 0.00000 -24.61616 0.99971 0.02428 0.00000 70.26768 0.00000 0.00000 -1.00000 0.00000
1628184961920682 -0.00805 0.99997 0.00000 -25.08443 0.99997 0.00805 0.00000 70.76364 0.00000 0.00000 -1.00000 0.00000
1628184962170690 -0.00158 1.00000 0.00000 -26.35328 1.00000 0.00158 0.00000 70.81682 0.00000 0.00000 -1.00000 0.00000
1628184962420694 0.01377 0.99991 0.00000 -27.03933 0.99991 -0.01377 0.00000 71.14296 0.00000 -0.00000 -1.00000 0.00000
1628184962670698 0.02844 0.99960 0.00000 -27.78167 0.99960 -0.02844 0.00000 71.36908 0.00000 -0.00000 -1.00000 0.00000
1628184962921333 0.05306 0.99859 0.00000 -27.74969 0.99859 -0.05306 0.00000 72.22632 0.00000 -0.00000 -1.00000 0.00000
1628184963171331 0.06602 0.99782 0.00000 -28.60616 0.99782 -0.06602 0.00000 72.45095 0.00000 -0.00000 -1.00000 0.00000
1628184963420710 0.08569 0.99632 0.00000 -28.92489 0.99632 -0.08569 0.00000 72.97376 0.00000 -0.00000 -1.00000 0.00000
1628184963670717 0.11352 0.99354 0.00000 -28.71753 0.99354 -0.11352 0.00000 73.76618 0.00000 -0.00000 -1.00000 0.00000
1628184963920722 0.15284 0.98825 0.00000 -27.47818 0.98825 -0.15284 0.00000 74.83494 0.00000 -0.00000 -1.00000 0.00000
1628184964170738 0.18774 0.98222 0.00000 -26.60738 0.98222 -0.18774 0.00000 75.80156 0.00000 -0.00000 -1.00000 0.00000
1628184964421358 0.19982 0.97983 -0.00000 -27.43872 0.97983 -0.19982 0.00000 76.00446 0.00000 -0.00000 -1.00000 0.00000
1628184964670734 0.21060 0.97757 0.00000 -28.39676 0.97757 -0.21060 0.00000 76.07183 0.00000 -0.00000 -1.00000 0.00000
1628184964920742 0.20536 0.97869 0.00000 -30.56010 0.97869 -0.20536 0.00000 75.94312 0.00000 -0.00000 -1.00000 0.00000
1628184965171367 0.19448 0.98091 0.00000 -33.18408 0.98091 -0.19448 0.00000 75.55470 0.00000 -0.00000 -1.00000 0.00000
1628184965420748 0.16252 0.98671 0.00000 -37.54473 0.98671 -0.16252 0.00000 74.41764 0.00000 -0.00000 -1.00000 0.00000
1628184965670763 0.14120 0.98998 0.00000 -40.93646 0.98998 -0.14120 0.00000 73.55347 0.00000 -0.00000 -1.00000 0.00000
1628184965920753 0.11427 0.99345 0.00000 -44.74582 0.99345 -0.11427 0.00000 72.44182 0.00000 -0.00000 -1.00000 0.00000
1628184966170758 0.07852 0.99691 0.00000 -49.27337 0.99691 -0.07852 0.00000 70.70802 0.00000 -0.00000 -1.00000 0.00000
1628184966420763 0.05272 0.99861 -0.00000 -53.06544 0.99861 -0.05272 0.00000 69.37807 0.00000 -0.00000 -1.00000 0.00000
1628184966671391 0.03766 0.99929 -0.00000 -56.22637 0.99929 -0.03766 0.00000 68.61497 0.00000 -0.00000 -1.00000 0.00000
1628184966921403 0.03292 0.99946 0.00000 -58.54163 0.99946 -0.03292 0.00000 68.24250 0.00000 -0.00000 -1.00000 0.00000
1628184967171403 0.02614 0.99966 -0.00000 -61.08383 0.99966 -0.02614 0.00000 67.83526 0.00000 -0.00000 -1.00000 0.00000
1628184967420787 0.02328 0.99973 0.00000 -63.31995 0.99973 -0.02328 0.00000 67.56745 0.00000 -0.00000 -1.00000 0.00000
1628184967670787 0.02612 0.99966 0.00000 -65.20629 0.99966 -0.02612 0.00000 67.79962 0.00000 -0.00000 -1.00000 0.00000
1628184967921416 0.02878 0.99959 -0.00000 -67.00453 0.99959 -0.02878 0.00000 67.95596 0.00000 -0.00000 -1.00000 0.00000
1628184968171425 0.03124 0.99951 0.00000 -68.86022 0.99951 -0.03124 0.00000 68.05081 0.00000 -0.00000 -1.00000 0.00000
1628184968421427 0.02555 0.99967 -0.00000 -71.24548 0.99967 -0.02555 0.00000 67.53700 0.00000 -0.00000 -1.00000 0.00000
1628184968671430 0.02596 0.99966 0.00000 -73.17073 0.99966 -0.02596 0.00000 67.60454 0.00000 -0.00000 -1.00000 0.00000
1628184968922065 0.03543 0.99937 0.00000 -74.38220 0.99937 -0.03543 0.00000 68.25887 0.00000 -0.00000 -1.00000 0.00000
1628184969171438 0.02531 0.99968 0.00000 -76.78015 0.99968 -0.02531 0.00000 67.43189 0.00000 -0.00000 -1.00000 0.00000
1628184969421447 0.01038 0.99995 0.00000 -79.63003 0.99995 -0.01038 0.00000 66.12265 0.00000 -0.00000 -1.00000 0.00000
