1631021758432249 1.00000 0.00000 0.00000 -0.00000 0.00000 -1.00000 0.00000 0.00000 0.00000 -0.00000 -1.00000 0.00000
1631021758681622 1.00000 0.00180 0.00000 0.07968 0.00180 -1.00000 0.00000 -0.03247 0.00000 -0.00000 -1.00000 -0.00000
1631021758931638 1.00000 0.00128 -0.00000 -0.01017 0.00128 -1.00000 0.00000 0.00934 0.00000 -0.00000 -1.00000 0.00000
1631021759182895 1.00000 0.00187 0.00000 0.02887 0.00187 -1.00000 0.00000 0.03711 0.00000 -0.00000 -1.00000 0.00000
1631021759433532 1.00000 -0.00065 0.00000 0.06249 -0.00065 -1.00000 0.00000 -0.00976 -0.00000 -0.00000 -1.00000 -0.00000
1631021759684166 1.00000 0.00076 0.00000 0.06993 0.00076 -1.00000 0.00000 0.00078 0.00000 -0.00000 -1.00000 0.00000
1631021759934179 0.99999 0.00473 0.00000 0.05237 0.00473 -0.99999 0.00000 -0.00071 0.00000 -0.00000 -1.00000 -0.00000
1631021760184189 1.00000 -0.00182 0.00000 -0.00498 -0.00182 -1.00000 0.00000 0.01014 -0.00000 -0.00000 -1.00000 0.00000
1631021760433573 1.00000 0.00137 0.00000 0.05641 0.00137 -1.00000 0.00000 -0.03407 0.00000 -0.00000 -1.00000 -0.00000
1631021760682976 1.00000 0.00031 0.00000 0.05683 0.00031 -1.00000 0.00000 -0.01615 0.00000 -0.00000 -1.00000 -0.00000
1631021760932347 1.00000 -0.00064 0.00000 -0.00343 -0.00064 -1.00000 0.00000 0.01690 -0.00000 -0.00000 -1.00000 0.00000
1631021761182359 0.99999 -0.00342 0.00000 0.03417 -0.00342 -0.99999 0.00000 0.02451 -0.00000 -0.00000 -1.00000 0.00000
1631021761432363 1.00000 -0.00238 0.00000 0.05912 -0.00238 -1.00000 0.00000 0.02808 -0.00000 -0.00000 -1.00000 0.00000
1631021761683001 1.00000 0.00117 0.00000 0.00757 0.00117 -1.00000 0.00000 0.05300 0.00000 -0.00000 -1.00000 0.00000
1631021761933640 1.00000 -0.00020 0.00000 0.02591 -0.00020 -1.00000 0.00000 -0.00830 -0.00000 -0.00000 -1.00000 -0.00000
1631021762184277 1.00000 0.00050 0.00000 0.01387 0.00050 -1.00000 0.00000 -0.02947 0.00000 -0.00000 -1.00000 -0.00000
1631021762434917 0.99999 -0.00395 0.00000 0.01100 -0.00395 -0.99999 0.00000 0.04917 -0.00000 -0.00000 -1.00000 0.00000
1631021762684925 0.99997 -0.00826 -0.00000 -0.06603 -0.00826 -0.99997 0.00000 0.04216 -0.00000 -0.00000 -1.00000 0.00000
1631021762934310 0.99992 -0.01295 -0.00000 -0.19259 -0.01295 -0.99992 0.00000 0.00150 -0.00000 -0.00000 -1.00000 0.00000
1631021763183695 0.99972 -0.02368 -0.00000 -0.32170 -0.02368 -0.99972 0.00000 -0.03496 -0.00000 -0.00000 -1.00000 -0.00000
1631021763433083 0.99903 -0.04409 0.00000 -0.48820 -0.04409 -0.99903 0.00000 -0.01682 -0.00000 -0.00000 -1.00000 -0.00000
1631021763682466 0.99801 -0.06309 0.00000 -0.69748 -0.06309 -0.99801 0.00000 -0.02433 -0.00000 -0.00000 -1.00000 -0.00000
1631021763932478 0.99643 -0.08444 0.00000 -1.03079 -0.08444 -0.99643 0.00000 -0.00313 -0.00000 -0.00000 -1.00000 -0.00000
1631021764182517 0.99313 -0.11700 0.00000 -1.43163 -0.11700 -0.99313 0.00000 -0.03015 -0.00000 -0.00000 -1.00000 -0.00000
1631021764433768 0.98780 -0.15576 0.00000 -1.91185 -0.15576 -0.98780 0.00000 0.08979 -0.00000 -0.00000 -1.00000 0.00000
1631021764684427 0.98423 -0.17690 -0.00000 -2.59477 -0.17690 -0.98423 0.00000 0.19301 -0.00000 -0.00000 -1.00000 0.00000
1631021764934427 0.98313 -0.18289 0.00000 -3.25439 -0.18289 -0.98313 0.00000 0.07660 -0.00000 -0.00000 -1.00000 0.00000
1631021765184436 0.98209 -0.18843 0.00000 -4.04543 -0.18843 -0.98209 0.00000 0.08078 -0.00000 -0.00000 -1.00000 0.00000
1631021765434447 0.98162 -0.19084 0.00000 -4.85003 -0.19084 -0.98162 0.00000 0.05135 -0.00000 -0.00000 -1.00000 0.00000
1631021765683851 0.98201 -0.18881 0.00000 -5.80505 -0.18881 -0.98201 0.00000 -0.00697 -0.00000 -0.00000 -1.00000 -0.00000
1631021765933197 0.98310 -0.18309 0.00000 -6.84636 -0.18309 -0.98310 0.00000 -0.05628 -0.00000 -0.00000 -1.00000 -0.00000
1631021766182578 0.98483 -0.17353 0.00000 -7.89529 -0.17353 -0.98483 0.00000 -0.01211 -0.00000 -0.00000 -1.00000 -0.00000
1631021766431977 0.98635 -0.16465 0.00000 -9.02382 -0.16465 -0.98635 0.00000 -0.06259 -0.00000 -0.00000 -1.00000 -0.00000
1631021766682619 0.98716 -0.15976 0.00000 -10.12853 -0.15976 -0.98716 0.00000 -0.10533 -0.00000 -0.00000 -1.00000 -0.00000
1631021766932619 0.98905 -0.14761 0.00000 -11.35870 -0.14761 -0.98905 0.00000 -0.31111 -0.00000 -0.00000 -1.00000 -0.00000
1631021767183877 0.99071 -0.13601 0.00000 -12.62493 -0.13601 -0.99071 0.00000 -0.42581 -0.00000 -0.00000 -1.00000 -0.00000
1631021767433886 0.99326 -0.11595 0.00000 -14.04896 -0.11595 -0.99326 0.00000 -0.73236 -0.00000 -0.00000 -1.00000 -0.00000
1631021767685153 0.99375 -0.11167 0.00000 -15.47432 -0.11167 -0.99375 0.00000 -0.74313 -0.00000 -0.00000 -1.00000 -0.00000
1631021767935163 0.99470 -0.10286 0.00000 -16.90080 -0.10286 -0.99470 0.00000 -1.02339 -0.00000 -0.00000 -1.00000 -0.00000
1631021768185173 0.99646 -0.08403 0.00000 -18.41521 -0.08403 -0.99646 0.00000 -1.23647 -0.00000 -0.00000 -1.00000 -0.00000
1631021768434556 0.99732 -0.07316 0.00000 -20.00360 -0.07316 -0.99732 0.00000 -1.56189 -0.00000 -0.00000 -1.00000 -0.00000
1631021768683314 0.99768 -0.06814 0.00000 -21.59639 -0.06814 -0.99768 0.00000 -1.61837 -0.00000 -0.00000 -1.00000 -0.00000
1631021768932707 0.99834 -0.05754 0.00000 -23.19889 -0.05754 -0.99834 0.00000 -1.94412 -0.00000 -0.00000 -1.00000 -0.00000
1631021769182723 0.99874 -0.05019 0.00000 -24.94010 -0.05019 -0.99874 0.00000 -2.10862 -0.00000 -0.00000 -1.00000 -0.00000
1631021769432729 0.99889 -0.04706 0.00000 -26.67445 -0.04706 -0.99889 0.00000 -2.08949 -0.00000 -0.00000 -1.00000 -0.00000
1631021769683365 0.99918 -0.04043 -0.00000 -28.48638 -0.04043 -0.99918 0.00000 -2.31212 -0.00000 -0.00000 -1.00000 -0.00000
1631021769933999 0.99907 -0.04302 0.00000 -30.34064 -0.04302 -0.99907 0.00000 -2.41357 -0.00000 -0.00000 -1.00000 -0.00000
1631021770185264 0.99889 -0.04710 0.00000 -32.08005 -0.04710 -0.99889 0.00000 -2.26434 -0.00000 -0.00000 -1.00000 -0.00000
1631021770435898 0.99909 -0.04270 0.00000 -33.84503 -0.04270 -0.99909 0.00000 -2.40518 -0.00000 -0.00000 -1.00000 -0.00000
1631021770685280 0.99955 -0.03014 0.00000 -35.59890 -0.03014 -0.99955 0.00000 -3.06826 -0.00000 -0.00000 -1.00000 -0.00000
1631021770935295 0.99998 -0.00677 0.00000 -37.34983 -0.00677 -0.99998 0.00000 -3.80157 -0.00000 -0.00000 -1.00000 -0.00000
1631021771185307 1.00000 0.00087 0.00000 -39.19095 0.00087 -1.00000 0.00000 -4.00287 0.00000 -0.00000 -1.00000 -0.00000
1631021771434695 0.99984 0.01775 0.00000 -40.93788 0.01775 -0.99984 0.00000 -4.84135 0.00000 -0.00000 -1.00000 -0.00000
1631021771683453 0.99954 0.03035 0.00000 -42.71892 0.03035 -0.99954 0.00000 -5.40108 0.00000 -0.00000 -1.00000 -0.00000
1631021771934087 0.99953 0.03065 0.00000 -44.71772 0.03065 -0.99953 0.00000 -5.29461 0.00000 -0.00000 -1.00000 -0.00000
1631021772183474 0.99950 0.03168 0.00000 -46.63717 0.03168 -0.99950 0.00000 -5.41666 0.00000 -0.00000 -1.00000 -0.00000
1631021772432859 0.99944 0.03335 0.00000 -48.62993 0.03335 -0.99944 0.00000 -5.62422 0.00000 -0.00000 -1.00000 -0.00000
1631021772683491 0.99964 0.02674 0.00000 -50.67217 0.02674 -0.99964 0.00000 -5.30573 0.00000 -0.00000 -1.00000 -0.00000
1631021772933514 0.99952 0.03100 -0.00000 -52.72282 0.03100 -0.99952 0.00000 -5.59902 0.00000 -0.00000 -1.00000 -0.00000
1631021773184143 0.99966 0.02621 0.00000 -54.90527 0.02621 -0.99966 0.00000 -5.52013 0.00000 -0.00000 -1.00000 -0.00000
1631021773434782 0.99970 0.02462 0.00000 -57.04110 0.02462 -0.99970 0.00000 -5.39937 0.00000 -0.00000 -1.00000 -0.00000
1631021773684792 0.99949 0.03199 -0.00000 -59.10370 0.03199 -0.99949 0.00000 -5.77344 0.00000 -0.00000 -1.00000 -0.00000
1631021773934180 0.99942 0.03410 0.00000 -61.33499 0.03410 -0.99942 0.00000 -6.05973 0.00000 -0.00000 -1.00000 -0.00000
1631021774183568 0.99941 0.03438 0.00000 -63.53273 0.03438 -0.99941 0.00000 -6.15088 0.00000 -0.00000 -1.00000 -0.00000
1631021774432960 0.99951 0.03123 0.00000 -65.75751 0.03123 -0.99951 0.00000 -6.00634 0.00000 -0.00000 -1.00000 -0.00000
1631021774682331 0.99956 0.02968 0.00000 -67.99556 0.02968 -0.99956 0.00000 -5.84141 0.00000 -0.00000 -1.00000 -0.00000
1631021774932974 0.99955 0.03009 0.00000 -70.12243 0.03009 -0.99955 0.00000 -5.78726 0.00000 -0.00000 -1.00000 -0.00000
1631021775182981 0.99978 0.02117 0.00000 -72.35067 0.02117 -0.99978 0.00000 -5.22797 0.00000 -0.00000 -1.00000 -0.00000
1631021775433619 0.99990 0.01440 0.00000 -74.55650 0.01440 -0.99990 0.00000 -4.73301 0.00000 -0.00000 -1.00000 -0.00000
1631021775684252 0.99999 -0.00488 0.00000 -76.81039 -0.00488 -0.99999 0.00000 -3.31315 -0.00000 -0.00000 -1.00000 -0.00000
1631021775934883 0.99978 -0.02074 0.00000 -78.98713 -0.02074 -0.99978 0.00000 -2.08050 -0.00000 -0.00000 -1.00000 -0.00000
1631021776185511 0.99923 -0.03936 0.00000 -81.22874 -0.03936 -0.99923 0.00000 -0.63002 -0.00000 -0.00000 -1.00000 -0.00000
1631021776436151 0.99762 -0.06894 0.00000 -83.30012 -0.06894 -0.99762 0.00000 1.76516 -0.00000 -0.00000 -1.00000 0.00000
1631021776685532 0.99619 -0.08722 -0.00000 -85.39105 -0.08722 -0.99619 0.00000 3.28986 -0.00000 -0.00000 -1.00000 0.00000
1631021776934297 0.99297 -0.11834 0.00000 -87.36596 -0.11834 -0.99297 0.00000 5.97088 -0.00000 -0.00000 -1.00000 0.00000
1631021777183682 0.98679 -0.16202 0.00000 -89.07289 -0.16202 -0.98679 0.00000 9.83287 -0.00000 -0.00000 -1.00000 0.00000
1631021777433687 0.97753 -0.21080 0.00000 -90.61586 -0.21080 -0.97753 0.00000 14.16382 -0.00000 -0.00000 -1.00000 0.00000
1631021777683073 0.96517 -0.26163 0.00000 -91.83871 -0.26163 -0.96517 0.00000 18.86789 -0.00000 -0.00000 -1.00000 0.00000
1631021777933083 0.94814 -0.31785 0.00000 -92.56492 -0.31785 -0.94814 0.00000 24.19343 -0.00000 -0.00000 -1.00000 0.00000
1631021778183716 0.92656 -0.37614 0.00000 -92.88770 -0.37614 -0.92656 0.00000 29.85671 -0.00000 -0.00000 -1.00000 0.00000
1631021778434348 0.90529 -0.42479 0.00000 -93.29482 -0.42479 -0.90529 0.00000 34.82351 -0.00000 -0.00000 -1.00000 0.00000
1631021778684353 0.88134 -0.47249 0.00000 -93.29204 -0.47249 -0.88134 0.00000 39.85882 -0.00000 -0.00000 -1.00000 0.00000
1631021778934367 0.84492 -0.53489 0.00000 -92.27906 -0.53489 -0.84492 0.00000 46.47063 -0.00000 -0.00000 -1.00000 0.00000
1631021779183751 0.80214 -0.59714 0.00000 -90.52857 -0.59714 -0.80214 0.00000 53.32319 -0.00000 -0.00000 -1.00000 0.00000
1631021779433134 0.75497 -0.65576 -0.00000 -88.22000 -0.65576 -0.75497 0.00000 59.93969 -0.00000 -0.00000 -1.00000 0.00000
1631021779682518 0.69688 -0.71719 0.00000 -84.81478 -0.71719 -0.69688 0.00000 67.13050 -0.00000 -0.00000 -1.00000 0.00000
1631021779932526 0.63938 -0.76889 0.00000 -81.35924 -0.76889 -0.63938 0.00000 73.59759 -0.00000 -0.00000 -1.00000 0.00000
1631021780183161 0.57099 -0.82095 -0.00000 -76.65594 -0.82095 -0.57099 0.00000 80.38263 -0.00000 -0.00000 -1.00000 0.00000
1631021780433790 0.50947 -0.86049 -0.00000 -72.40236 -0.86049 -0.50947 0.00000 85.73389 -0.00000 -0.00000 -1.00000 0.00000
1631021780684422 0.46082 -0.88749 -0.00000 -69.56232 -0.88749 -0.46082 0.00000 89.70997 -0.00000 -0.00000 -1.00000 0.00000
1631021780935060 0.42940 -0.90311 -0.00000 -68.35729 -0.90311 -0.42940 0.00000 91.88388 -0.00000 -0.00000 -1.00000 0.00000
1631021781185084 0.40732 -0.91328 -0.00000 -68.06693 -0.91328 -0.40732 0.00000 93.39455 -0.00000 -0.00000 -1.00000 0.00000
1631021781435080 0.39245 -0.91977 0.00000 -68.55457 -0.91977 -0.39245 0.00000 94.41369 -0.00000 -0.00000 -1.00000 0.00000
1631021781685091 0.38298 -0.92376 0.00000 -69.61340 -0.92376 -0.38298 0.00000 95.27936 -0.00000 -0.00000 -1.00000 0.00000
1631021781934473 0.37312 -0.92778 0.00000 -70.66221 -0.92778 -0.37312 0.00000 95.95788 -0.00000 -0.00000 -1.00000 0.00000
1631021782183851 0.37599 -0.92662 -0.00000 -72.96792 -0.92662 -0.37599 0.00000 95.83352 -0.00000 -0.00000 -1.00000 0.00000
1631021782433252 0.38623 -0.92240 0.00000 -76.08894 -0.92240 -0.38623 0.00000 94.87122 -0.00000 -0.00000 -1.00000 0.00000
1631021782683248 0.39837 -0.91722 0.00000 -79.45680 -0.91722 -0.39837 0.00000 93.93271 -0.00000 -0.00000 -1.00000 0.00000
1631021782933258 0.41745 -0.90870 0.00000 -83.43126 -0.90870 -0.41745 0.00000 92.09270 -0.00000 -0.00000 -1.00000 0.00000
1631021783183892 0.43419 -0.90082 0.00000 -87.21084 -0.90082 -0.43419 0.00000 90.44534 -0.00000 -0.00000 -1.00000 0.00000
1631021783435154 0.44987 -0.89309 0.00000 -90.99760 -0.89309 -0.44987 0.00000 88.94718 -0.00000 -0.00000 -1.00000 0.00000
1631021783685163 0.46873 -0.88334 0.00000 -94.94462 -0.88334 -0.46873 0.00000 86.83292 -0.00000 -0.00000 -1.00000 0.00000
1631021783935174 0.48359 -0.87530 0.00000 -98.47563 -0.87530 -0.48359 0.00000 85.18730 -0.00000 -0.00000 -1.00000 0.00000
1631021784185183 0.50518 -0.86301 -0.00000 -102.68364 -0.86301 -0.50518 0.00000 82.70634 -0.00000 -0.00000 -1.00000 0.00000
1631021784434564 0.52797 -0.84926 -0.00000 -107.07507 -0.84926 -0.52797 0.00000 79.92646 -0.00000 -0.00000 -1.00000 0.00000
1631021784683943 0.54887 -0.83591 0.00000 -111.16628 -0.83591 -0.54887 0.00000 77.14982 -0.00000 -0.00000 -1.00000 0.00000
1631021784933331 0.56975 -0.82182 -0.00000 -115.17017 -0.82182 -0.56975 0.00000 74.30417 -0.00000 -0.00000 -1.00000 0.00000
1631021785182722 0.58995 -0.80744 0.00000 -119.08184 -0.80744 -0.58995 0.00000 71.35294 -0.00000 -0.00000 -1.00000 0.00000
1631021785432729 0.60506 -0.79618 -0.00000 -122.64964 -0.79618 -0.60506 0.00000 69.00407 -0.00000 -0.00000 -1.00000 0.00000
1631021785683360 0.61845 -0.78582 0.00000 -125.79238 -0.78582 -0.61845 0.00000 66.98105 -0.00000 -0.00000 -1.00000 0.00000
1631021785934613 0.62538 -0.78032 0.00000 -128.61753 -0.78032 -0.62538 0.00000 65.92269 -0.00000 -0.00000 -1.00000 0.00000
1631021786184631 0.64140 -0.76720 0.00000 -132.00366 -0.76720 -0.64140 0.00000 63.01238 -0.00000 -0.00000 -1.00000 0.00000
1631021786435265 0.65340 -0.75701 0.00000 -135.05512 -0.75701 -0.65340 0.00000 60.92347 -0.00000 -0.00000 -1.00000 0.00000
1631021786685265 0.66658 -0.74543 0.00000 -138.16534 -0.74543 -0.66658 0.00000 58.43866 -0.00000 -0.00000 -1.00000 0.00000
1631021786935287 0.67345 -0.73923 -0.00000 -140.68952 -0.73923 -0.67345 0.00000 57.36268 -0.00000 -0.00000 -1.00000 0.00000
1631021787184663 0.68336 -0.73008 -0.00000 -143.48965 -0.73008 -0.68336 0.00000 55.39538 -0.00000 -0.00000 -1.00000 0.00000
1631021787434051 0.69582 -0.71821 0.00000 -146.31263 -0.71821 -0.69582 0.00000 52.94505 -0.00000 -0.00000 -1.00000 0.00000
1631021787683437 0.71233 -0.70184 0.00000 -149.29944 -0.70184 -0.71233 0.00000 49.57750 -0.00000 -0.00000 -1.00000 0.00000
1631021787932816 0.74691 -0.66493 0.00000 -153.42937 -0.66493 -0.74691 0.00000 41.79378 -0.00000 -0.00000 -1.00000 0.00000
1631021788182823 0.78871 -0.61477 0.00000 -157.48450 -0.61477 -0.78871 0.00000 31.56755 -0.00000 -0.00000 -1.00000 0.00000
1631021788433454 0.83762 -0.54626 0.00000 -161.18615 -0.54626 -0.83762 0.00000 18.21511 -0.00000 -0.00000 -1.00000 0.00000
1631021788684716 0.88946 -0.45702 -0.00000 -163.64469 -0.45702 -0.88946 0.00000 1.53168 -0.00000 -0.00000 -1.00000 0.00000
1631021788935357 0.93778 -0.34722 0.00000 -163.97478 -0.34722 -0.93778 0.00000 -18.11706 -0.00000 -0.00000 -1.00000 -0.00000
1631021789185991 0.97430 -0.22525 -0.00000 -161.61317 -0.22525 -0.97430 0.00000 -38.95087 -0.00000 -0.00000 -1.00000 -0.00000
1631021789435993 0.99664 -0.08194 -0.00000 -155.42964 -0.08194 -0.99664 0.00000 -61.78743 -0.00000 -0.00000 -1.00000 -0.00000
1631021789686005 0.99798 0.06350 0.00000 -145.92122 0.06350 -0.99798 0.00000 -83.64683 0.00000 -0.00000 -1.00000 -0.00000
1631021789935395 0.97406 0.22631 0.00000 -131.30071 0.22631 -0.97406 0.00000 -106.44512 0.00000 -0.00000 -1.00000 -0.00000
1631021790184773 0.91859 0.39522 0.00000 -111.53004 0.39522 -0.91859 0.00000 -128.02570 0.00000 -0.00000 -1.00000 -0.00000
1631021790434168 0.83517 0.54998 0.00000 -88.35920 0.54998 -0.83517 0.00000 -145.51605 0.00000 -0.00000 -1.00000 -0.00000
1631021790683540 0.72128 0.69264 0.00000 -61.41441 0.69264 -0.72128 0.00000 -159.12223 0.00000 -0.00000 -1.00000 -0.00000
1631021790932923 0.57988 0.81470 0.00000 -31.70347 0.81470 -0.57988 0.00000 -167.69720 0.00000 -0.00000 -1.00000 -0.00000
1631021791183563 0.41872 0.90811 0.00000 -1.15727 0.90811 -0.41872 0.00000 -170.76024 0.00000 -0.00000 -1.00000 -0.00000
1631021791434823 0.23019 0.97314 0.00000 31.80406 0.97314 -0.23019 0.00000 -167.49655 0.00000 -0.00000 -1.00000 -0.00000
1631021791685456 0.02909 0.99958 0.00000 63.88908 0.99958 -0.02909 0.00000 -157.62291 0.00000 -0.00000 -1.00000 -0.00000
1631021791936094 -0.17850 0.98394 0.00000 94.09968 0.98394 0.17850 0.00000 -140.85153 0.00000 0.00000 -1.00000 -0.00000
1631021792186716 -0.37125 0.92853 0.00000 119.24681 0.92853 0.37125 0.00000 -119.31297 0.00000 0.00000 -1.00000 -0.00000
1631021792436734 -0.54312 0.83965 0.00000 138.88578 0.83965 0.54312 0.00000 -94.07810 0.00000 0.00000 -1.00000 -0.00000
1631021792686738 -0.68226 0.73111 0.00000 152.13963 0.73111 0.68226 0.00000 -68.11731 0.00000 0.00000 -1.00000 -0.00000
1631021792936122 -0.79116 0.61160 0.00000 160.00127 0.61160 0.79116 0.00000 -42.66652 0.00000 0.00000 -1.00000 -0.00000
1631021793185509 -0.86512 0.50156 0.00000 162.95683 0.50156 0.86512 0.00000 -21.28399 0.00000 0.00000 -1.00000 -0.00000
1631021793434896 -0.91478 0.40396 0.00000 162.98010 0.40396 0.91478 0.00000 -3.32908 0.00000 0.00000 -1.00000 -0.00000
1631021793684907 -0.93819 0.34613 0.00000 161.50597 0.34613 0.93819 0.00000 6.95415 0.00000 0.00000 -1.00000 0.00000
1631021793933665 -0.95264 0.30409 0.00000 159.58986 0.30409 0.95264 0.00000 13.98768 0.00000 0.00000 -1.00000 0.00000
1631021794183051 -0.96010 0.27967 0.00000 157.60735 0.27967 0.96010 0.00000 18.30766 0.00000 0.00000 -1.00000 0.00000
1631021794432429 -0.96065 0.27777 0.00000 156.09950 0.27777 0.96065 0.00000 18.49477 0.00000 0.00000 -1.00000 0.00000
1631021794682439 -0.95878 0.28414 0.00000 154.69407 0.28414 0.95878 0.00000 17.42588 0.00000 0.00000 -1.00000 0.00000
1631021794933068 -0.95475 0.29740 0.00000 153.14857 0.29740 0.95475 0.00000 15.42574 0.00000 0.00000 -1.00000 0.00000
1631021795183711 -0.94366 0.33092 0.00000 151.87211 0.33092 0.94366 0.00000 9.81849 0.00000 0.00000 -1.00000 0.00000
1631021795433716 -0.92632 0.37673 0.00000 150.46913 0.37673 0.92632 0.00000 2.46505 0.00000 0.00000 -1.00000 0.00000
1631021795684354 -0.90475 0.42594 0.00000 148.54496 0.42594 0.90475 0.00000 -5.68843 0.00000 0.00000 -1.00000 -0.00000
1631021795934986 -0.87662 0.48119 -0.00000 146.19956 0.48119 0.87662 0.00000 -14.89655 0.00000 0.00000 -1.00000 -0.00000
1631021796185625 -0.84583 0.53345 -0.00000 143.29995 0.53345 0.84583 0.00000 -23.78728 0.00000 0.00000 -1.00000 -0.00000
1631021796435631 -0.80608 0.59181 0.00000 139.27063 0.59181 0.80608 0.00000 -33.81657 0.00000 0.00000 -1.00000 -0.00000
1631021796684390 -0.77239 0.63514 0.00000 135.30717 0.63514 0.77239 0.00000 -41.47902 0.00000 0.00000 -1.00000 -0.00000
1631021796933769 -0.73650 0.67644 0.00000 130.88805 0.67644 0.73650 0.00000 -48.80629 0.00000 0.00000 -1.00000 -0.00000
1631021797183165 -0.69592 0.71812 0.00000 125.87113 0.71812 0.69592 0.00000 -56.25944 0.00000 0.00000 -1.00000 -0.00000
1631021797433173 -0.65263 0.75767 -0.00000 120.25970 0.75767 0.65263 0.00000 -63.60608 0.00000 0.00000 -1.00000 -0.00000
1631021797683183 -0.61481 0.78867 0.00000 114.90261 0.78867 0.61481 0.00000 -69.40870 0.00000 0.00000 -1.00000 -0.00000
1631021797933809 -0.56898 0.82235 0.00000 108.66894 0.82235 0.56898 0.00000 -75.65958 0.00000 0.00000 -1.00000 -0.00000
1631021798184442 -0.52930 0.84843 -0.00000 102.94767 0.84843 0.52930 0.00000 -80.85764 0.00000 0.00000 -1.00000 -0.00000
1631021798434470 -0.49163 0.87080 0.00000 97.16713 0.87080 0.49163 0.00000 -85.27711 0.00000 0.00000 -1.00000 -0.00000
1631021798685095 -0.45628 0.88984 0.00000 91.62364 0.88984 0.45628 0.00000 -89.23706 0.00000 0.00000 -1.00000 -0.00000
1631021798935730 -0.42243 0.90640 0.00000 86.08712 0.90640 0.42243 0.00000 -92.58561 0.00000 0.00000 -1.00000 -0.00000
1631021799185733 -0.40353 0.91497 -0.00000 82.05804 0.91497 0.40353 0.00000 -94.30548 0.00000 0.00000 -1.00000 -0.00000
1631021799434500 -0.38360 0.92350 0.00000 77.88970 0.92350 0.38360 0.00000 -96.21385 0.00000 0.00000 -1.00000 -0.00000
1631021799683887 -0.37094 0.92866 0.00000 74.46750 0.92866 0.37094 0.00000 -97.25247 0.00000 0.00000 -1.00000 -0.00000
1631021799933267 -0.35538 0.93472 -0.00000 70.80347 0.93472 0.35538 0.00000 -98.63197 0.00000 0.00000 -1.00000 -0.00000
1631021800183274 -0.35573 0.93459 0.00000 68.73022 0.93459 0.35573 0.00000 -98.46131 0.00000 0.00000 -1.00000 -0.00000
1631021800433285 -0.35778 0.93381 0.00000 66.86284 0.93381 0.35778 0.00000 -98.28998 0.00000 0.00000 -1.00000 -0.00000
1631021800683291 -0.37545 0.92684 0.00000 66.63219 0.92684 0.37545 0.00000 -97.10618 0.00000 0.00000 -1.00000 -0.00000
1631021800934552 -0.39892 0.91699 0.00000 66.97543 0.91699 0.39892 0.00000 -95.30637 0.00000 0.00000 -1.00000 -0.00000
1631021801185189 -0.43282 0.90148 0.00000 68.41755 0.90148 0.43282 0.00000 -92.91862 0.00000 0.00000 -1.00000 -0.00000
1631021801435822 -0.47384 0.88061 0.00000 70.58863 0.88061 0.47384 0.00000 -89.87779 0.00000 0.00000 -1.00000 -0.00000
1631021801686456 -0.52267 0.85254 0.00000 73.39671 0.85254 0.52267 0.00000 -85.67056 0.00000 0.00000 -1.00000 -0.00000
1631021801936460 -0.56803 0.82301 0.00000 75.93053 0.82301 0.56803 0.00000 -81.65591 0.00000 0.00000 -1.00000 -0.00000
1631021802186481 -0.62021 0.78443 -0.00000 79.10665 0.78443 0.62021 0.00000 -76.44757 0.00000 0.00000 -1.00000 -0.00000
1631021802435235 -0.67649 0.73645 -0.00000 82.43522 0.73645 0.67649 0.00000 -70.69253 0.00000 0.00000 -1.00000 -0.00000
1631021802685245 -0.72974 0.68372 0.00000 85.42612 0.68372 0.72974 0.00000 -64.14874 0.00000 0.00000 -1.00000 -0.00000
1631021802934624 -0.77841 0.62775 0.00000 87.88574 0.62775 0.77841 0.00000 -57.76148 0.00000 0.00000 -1.00000 -0.00000
1631021803184016 -0.82297 0.56809 0.00000 89.88848 0.56809 0.82297 0.00000 -51.15223 0.00000 0.00000 -1.00000 -0.00000
1631021803434020 -0.86121 0.50826 -0.00000 91.23824 0.50826 0.86121 0.00000 -44.72016 0.00000 0.00000 -1.00000 -0.00000
1631021803684040 -0.89693 0.44217 0.00000 92.25604 0.44217 0.89693 0.00000 -37.79571 0.00000 0.00000 -1.00000 -0.00000
1631021803935292 -0.92971 0.36830 0.00000 92.83608 0.36830 0.92971 0.00000 -30.24661 0.00000 0.00000 -1.00000 -0.00000
1631021804185930 -0.95321 0.30230 0.00000 92.64671 0.30230 0.95321 0.00000 -23.66322 0.00000 0.00000 -1.00000 -0.00000
1631021804436563 -0.97120 0.23827 0.00000 91.93934 0.23827 0.97120 0.00000 -17.52461 0.00000 0.00000 -1.00000 -0.00000
1631021804687196 -0.98306 0.18327 -0.00000 90.58180 0.18327 0.98306 0.00000 -12.38698 0.00000 0.00000 -1.00000 -0.00000
1631021804936584 -0.99082 0.13520 0.00000 89.01295 0.13520 0.99082 0.00000 -8.01636 0.00000 0.00000 -1.00000 -0.00000
1631021805185966 -0.99490 0.10087 -0.00000 86.98926 0.10087 0.99490 0.00000 -4.95721 0.00000 0.00000 -1.00000 -0.00000
1631021805435357 -0.99799 0.06330 0.00000 84.95954 0.06330 0.99799 0.00000 -1.69371 0.00000 0.00000 -1.00000 -0.00000
1631021805684742 -0.99895 0.04586 0.00000 82.75583 0.04586 0.99895 0.00000 -0.29859 0.00000 0.00000 -1.00000 -0.00000
1631021805934746 -0.99953 0.03061 0.00000 80.52031 0.03061 0.99953 0.00000 1.06294 0.00000 0.00000 -1.00000 0.00000
1631021806184758 -0.99973 0.02328 -0.00000 78.28673 0.02328 0.99973 0.00000 1.63699 0.00000 0.00000 -1.00000 0.00000
1631021806434777 -0.99981 0.01925 0.00000 76.02154 0.01925 0.99981 0.00000 1.88198 0.00000 0.00000 -1.00000 0.00000
1631021806685401 -0.99992 0.01302 0.00000 73.73087 0.01302 0.99992 0.00000 2.27744 0.00000 0.00000 -1.00000 0.00000
1631021806936033 -1.00000 0.00101 0.00000 71.47222 0.00101 1.00000 0.00000 3.08924 0.00000 0.00000 -1.00000 0.00000
1631021807186043 -0.99980 -0.02000 0.00000 69.11130 -0.02000 0.99980 0.00000 4.56287 -0.00000 0.00000 -1.00000 0.00000
1631021807436057 -0.99967 -0.02564 -0.00000 66.87535 -0.02564 0.99967 0.00000 4.91338 -0.00000 0.00000 -1.00000 0.00000
1631021807685436 -0.99942 -0.03406 0.00000 64.70215 -0.03406 0.99942 0.00000 5.45573 -0.00000 0.00000 -1.00000 0.00000
1631021807934192 -0.99896 -0.04559 0.00000 62.41271 -0.04559 0.99896 0.00000 6.19086 -0.00000 0.00000 -1.00000 0.00000
1631021808184206 -0.99896 -0.04552 -0.00000 60.19382 -0.04552 0.99896 0.00000 6.16812 -0.00000 0.00000 -1.00000 0.00000
1631021808434216 -0.99915 -0.04125 -0.00000 57.96010 -0.04125 0.99915 0.00000 5.80938 -0.00000 0.00000 -1.00000 0.00000
1631021808684227 -0.99914 -0.04144 0.00000 55.80672 -0.04144 0.99914 0.00000 5.76120 -0.00000 0.00000 -1.00000 0.00000
1631021808934856 -0.99902 -0.04418 0.00000 53.55323 -0.04418 0.99902 0.00000 6.05920 -0.00000 0.00000 -1.00000 0.00000
1631021809185503 -0.99928 -0.03790 -0.00000 51.41199 -0.03790 0.99928 0.00000 5.71358 -0.00000 0.00000 -1.00000 0.00000
1631021809436136 -0.99959 -0.02877 0.00000 49.26909 -0.02877 0.99959 0.00000 5.08842 -0.00000 0.00000 -1.00000 0.00000
1631021809686769 -0.99987 -0.01613 0.00000 47.16399 -0.01613 0.99987 0.00000 4.50732 -0.00000 0.00000 -1.00000 0.00000
1631021809936778 -0.99999 -0.00394 -0.00000 45.05260 -0.00394 0.99999 0.00000 3.81659 -0.00000 0.00000 -1.00000 0.00000
1631021810186157 -0.99999 0.00350 0.00000 42.97509 0.00350 0.99999 0.00000 3.46922 0.00000 0.00000 -1.00000 0.00000
1631021810436176 -0.99979 0.02043 0.00000 40.89603 0.02043 0.99979 0.00000 2.74345 0.00000 0.00000 -1.00000 0.00000
1631021810686181 -0.99914 0.04138 0.00000 38.93659 0.04138 0.99914 0.00000 1.89593 0.00000 0.00000 -1.00000 0.00000
1631021810934945 -0.99872 0.05049 0.00000 36.78772 0.05049 0.99872 0.00000 1.46936 0.00000 0.00000 -1.00000 0.00000
1631021811184324 -0.99835 0.05735 -0.00000 34.65297 0.05735 0.99835 0.00000 1.19461 0.00000 0.00000 -1.00000 0.00000
1631021811434339 -0.99770 0.06776 0.00000 32.59407 0.06776 0.99770 0.00000 0.75821 0.00000 0.00000 -1.00000 0.00000
1631021811684976 -0.99663 0.08203 -0.00000 30.37809 0.08203 0.99663 0.00000 0.24979 0.00000 0.00000 -1.00000 0.00000
1631021811934974 -0.99631 0.08587 -0.00000 28.40442 0.08587 0.99631 0.00000 0.04994 0.00000 0.00000 -1.00000 0.00000
1631021812186242 -0.99637 0.08507 -0.00000 26.33146 0.08507 0.99637 0.00000 0.14877 0.00000 0.00000 -1.00000 0.00000
1631021812436875 -0.99606 0.08866 -0.00000 24.23842 0.08866 0.99606 0.00000 0.00935 0.00000 0.00000 -1.00000 0.00000
1631021812686881 -0.99525 0.09739 0.00000 22.15043 0.09739 0.99525 0.00000 -0.27046 0.00000 0.00000 -1.00000 -0.00000
1631021812936271 -0.99528 0.09708 -0.00000 20.09708 0.09708 0.99528 0.00000 -0.35632 0.00000 0.00000 -1.00000 -0.00000
1631021813185651 -0.99534 0.09640 0.00000 18.03656 0.09640 0.99534 0.00000 -0.40210 0.00000 0.00000 -1.00000 -0.00000
1631021813435050 -0.99587 0.09081 0.00000 15.99359 0.09081 0.99587 0.00000 -0.24464 0.00000 0.00000 -1.00000 -0.00000
1631021813684425 -0.99551 0.09462 0.00000 13.94553 0.09462 0.99551 0.00000 -0.38948 0.00000 0.00000 -1.00000 -0.00000
1631021813933818 -0.99635 0.08534 0.00000 11.95600 0.08534 0.99635 0.00000 -0.21831 0.00000 0.00000 -1.00000 -0.00000
1631021814184441 -0.99600 0.08938 0.00000 9.80792 0.08938 0.99600 0.00000 -0.23780 0.00000 0.00000 -1.00000 -0.00000
1631021814435087 -0.99621 0.08694 0.00000 7.76269 0.08694 0.99621 0.00000 -0.15454 0.00000 0.00000 -1.00000 -0.00000
1631021814685709 -0.99687 0.07912 0.00000 5.66470 0.07912 0.99687 0.00000 -0.25762 0.00000 0.00000 -1.00000 -0.00000
1631021814936343 -0.99715 0.07548 0.00000 3.55865 0.07548 0.99715 0.00000 -0.28300 0.00000 0.00000 -1.00000 -0.00000
1631021815186357 -0.99744 0.07150 0.00000 1.52541 0.07150 0.99744 0.00000 -0.19560 0.00000 0.00000 -1.00000 -0.00000
1631021815435751 -0.99770 0.06778 0.00000 -0.58894 0.06778 0.99770 0.00000 -0.20560 0.00000 0.00000 -1.00000 -0.00000
1631021815685134 -0.99808 0.06198 0.00000 -2.65409 0.06198 0.99808 0.00000 -0.24547 0.00000 0.00000 -1.00000 -0.00000
1631021815934514 -0.99842 0.05614 0.00000 -4.77395 0.05614 0.99842 0.00000 -0.28126 0.00000 0.00000 -1.00000 -0.00000
1631021816184523 -0.99849 0.05497 -0.00000 -6.85877 0.05497 0.99849 0.00000 -0.39367 0.00000 0.00000 -1.00000 -0.00000
1631021816434540 -0.99899 0.04483 0.00000 -9.07924 0.04483 0.99899 0.00000 -0.48156 0.00000 0.00000 -1.00000 -0.00000
1631021816685168 -0.99947 0.03251 0.00000 -11.10663 0.03251 0.99947 0.00000 -0.62354 0.00000 0.00000 -1.00000 -0.00000
1631021816935811 -0.99941 0.03447 -0.00000 -13.28753 0.03447 0.99941 0.00000 -0.62015 0.00000 0.00000 -1.00000 -0.00000
1631021817186444 -0.99923 0.03911 0.00000 -15.43788 0.03911 0.99923 0.00000 -0.51428 0.00000 0.00000 -1.00000 -0.00000
1631021817436449 -0.99939 0.03499 0.00000 -17.63443 0.03499 0.99939 0.00000 -0.62645 0.00000 0.00000 -1.00000 -0.00000
1631021817686460 -0.99919 0.04022 0.00000 -19.81872 0.04022 0.99919 0.00000 -0.48901 0.00000 0.00000 -1.00000 -0.00000
1631021817935220 -0.99913 0.04160 0.00000 -22.06758 0.04160 0.99913 0.00000 -0.68068 0.00000 0.00000 -1.00000 -0.00000
1631021818184603 -0.99925 0.03861 -0.00000 -24.32089 0.03861 0.99925 0.00000 -0.83417 0.00000 0.00000 -1.00000 -0.00000
1631021818434611 -0.99931 0.03724 0.00000 -26.48292 0.03724 0.99931 0.00000 -0.73063 0.00000 0.00000 -1.00000 -0.00000
1631021818685259 -0.99941 0.03433 0.00000 -28.82168 0.03433 0.99941 0.00000 -0.87692 0.00000 0.00000 -1.00000 -0.00000
1631021818935880 -0.99948 0.03210 0.00000 -31.12715 0.03210 0.99948 0.00000 -0.91949 0.00000 0.00000 -1.00000 -0.00000
1631021819186521 -0.99957 0.02940 0.00000 -33.33778 0.02940 0.99957 0.00000 -0.90807 0.00000 0.00000 -1.00000 -0.00000
1631021819437150 -0.99964 0.02700 0.00000 -35.54139 0.02700 0.99964 0.00000 -0.92632 0.00000 0.00000 -1.00000 -0.00000
1631021819686538 -0.99991 0.01329 0.00000 -37.75446 0.01329 0.99991 0.00000 -1.58000 0.00000 0.00000 -1.00000 -0.00000
1631021819935925 -0.99993 0.01173 0.00000 -39.92898 0.01173 0.99993 0.00000 -1.71303 0.00000 0.00000 -1.00000 -0.00000
1631021820185311 -0.99997 0.00753 0.00000 -42.05293 0.00753 0.99997 0.00000 -1.73617 0.00000 0.00000 -1.00000 -0.00000
1631021820434696 -0.99999 -0.00400 0.00000 -44.18373 -0.00400 0.99999 0.00000 -2.37076 -0.00000 0.00000 -1.00000 -0.00000
1631021820684701 -0.99996 -0.00897 0.00000 -46.32063 -0.00897 0.99996 0.00000 -2.60695 -0.00000 0.00000 -1.00000 -0.00000
1631021820934710 -0.99987 -0.01636 0.00000 -48.25663 -0.01636 0.99987 0.00000 -3.07771 -0.00000 0.00000 -1.00000 -0.00000
1631021821185343 -0.99987 -0.01601 0.00000 -50.26459 -0.01601 0.99987 0.00000 -3.10734 -0.00000 0.00000 -1.00000 -0.00000
1631021821435990 -0.99989 -0.01495 -0.00000 -52.30920 -0.01495 0.99989 0.00000 -3.10973 -0.00000 0.00000 -1.00000 -0.00000
1631021821687247 -1.00000 -0.00191 0.00000 -54.21976 -0.00191 1.00000 0.00000 -2.35107 -0.00000 0.00000 -1.00000 -0.00000
1631021821936633 -1.00000 -0.00269 0.00000 -55.95324 -0.00269 1.00000 0.00000 -2.40686 -0.00000 0.00000 -1.00000 -0.00000
1631021822186655 -0.99976 0.02170 0.00000 -57.75702 0.02170 0.99976 0.00000 -1.05035 0.00000 0.00000 -1.00000 -0.00000
1631021822435408 -0.99887 0.04756 0.00000 -59.38528 0.04756 0.99887 0.00000 0.35273 0.00000 0.00000 -1.00000 0.00000
1631021822684779 -0.99601 0.08928 -0.00000 -60.83393 0.08928 0.99601 0.00000 2.76472 0.00000 0.00000 -1.00000 0.00000
1631021822934163 -0.99107 0.13338 0.00000 -62.07993 0.13338 0.99107 0.00000 5.50454 0.00000 0.00000 -1.00000 0.00000
1631021823184179 -0.98144 0.19178 0.00000 -63.00224 0.19178 0.98144 0.00000 9.20328 0.00000 0.00000 -1.00000 0.00000
1631021823434809 -0.96401 0.26585 0.00000 -63.27574 0.26585 0.96401 0.00000 13.95140 0.00000 0.00000 -1.00000 0.00000
1631021823685448 -0.93894 0.34408 -0.00000 -63.17185 0.34408 0.93894 0.00000 19.02270 0.00000 0.00000 -1.00000 0.00000
1631021823935460 -0.90344 0.42871 -0.00000 -62.28890 0.42871 0.90344 0.00000 24.53976 0.00000 0.00000 -1.00000 0.00000
1631021824186098 -0.84998 0.52682 0.00000 -60.29421 0.52682 0.84998 0.00000 31.29824 0.00000 0.00000 -1.00000 0.00000
1631021824436732 -0.77798 0.62829 -0.00000 -57.02361 0.62829 0.77798 0.00000 38.60947 0.00000 0.00000 -1.00000 0.00000
1631021824686110 -0.69642 0.71763 0.00000 -53.13289 0.71763 0.69642 0.00000 45.08428 0.00000 0.00000 -1.00000 0.00000
1631021824935501 -0.59519 0.80359 0.00000 -47.75824 0.80359 0.59519 0.00000 51.70244 0.00000 0.00000 -1.00000 0.00000
1631021825184267 -0.49958 0.86626 0.00000 -42.55685 0.86626 0.49958 0.00000 56.70687 0.00000 0.00000 -1.00000 0.00000
1631021825434266 -0.39925 0.91684 0.00000 -36.98337 0.91684 0.39925 0.00000 61.12435 0.00000 0.00000 -1.00000 0.00000
1631021825684283 -0.30900 0.95106 0.00000 -32.01746 0.95106 0.30900 0.00000 64.36679 0.00000 0.00000 -1.00000 0.00000
1631021825934286 -0.22975 0.97325 -0.00000 -27.87993 0.97325 0.22975 0.00000 66.75795 0.00000 0.00000 -1.00000 0.00000
1631021826184930 -0.15577 0.98779 0.00000 -23.96719 0.98779 0.15577 0.00000 68.76199 0.00000 0.00000 -1.00000 0.00000
1631021826435564 -0.11281 0.99362 0.00000 -22.24871 0.99362 0.11281 0.00000 69.57427 0.00000 0.00000 -1.00000 0.00000
1631021826685568 -0.08287 0.99656 0.00000 -21.63149 0.99656 0.08287 0.00000 70.22106 0.00000 0.00000 -1.00000 0.00000
1631021826936201 -0.05958 0.99822 -0.00000 -21.37361 0.99822 0.05958 0.00000 70.70150 0.00000 0.00000 -1.00000 0.00000
1631021827186219 -0.05044 0.99873 -0.00000 -22.16349 0.99873 0.05044 0.00000 70.85500 0.00000 0.00000 -1.00000 0.00000
1631021827436228 -0.04246 0.99910 0.00000 -23.14598 0.99910 0.04246 0.00000 70.90207 0.00000 0.00000 -1.00000 0.00000
1631021827685611 -0.02818 0.99960 0.00000 -23.73408 0.99960 0.02818 0.00000 71.23310 0.00000 0.00000 -1.00000 0.00000
1631021827934993 -0.01121 0.99994 0.00000 -24.15997 0.99994 0.01121 0.00000 71.56237 0.00000 0.00000 -1.00000 0.00000
1631021828185003 -0.00153 1.00000 0.00000 -25.20217 1.00000 0.00153 0.00000 71.91202 0.00000 0.00000 -1.00000 0.00000
1631021828434396 0.01106 0.99994 0.00000 -26.01620 0.99994 -0.01106 0.00000 72.07569 0.00000 -0.00000 -1.00000 0.00000
1631021828685026 0.01942 0.99981 -0.00000 -27.21934 0.99981 -0.01942 0.00000 72.37774 0.00000 -0.00000 -1.00000 0.00000
1631021828935663 0.02759 0.99962 0.00000 -28.49783 0.99962 -0.02759 0.00000 72.65280 0.00000 -0.00000 -1.00000 0.00000
1631021829186297 0.03669 0.99933 0.00000 -29.66745 0.99933 -0.03669 0.00000 72.75813 0.00000 -0.00000 -1.00000 0.00000
1631021829436933 0.05203 0.99865 0.00000 -30.43001 0.99865 -0.05203 0.00000 73.20581 0.00000 -0.00000 -1.00000 0.00000
1631021829687572 0.07864 0.99690 0.00000 -30.45179 0.99690 -0.07864 0.00000 73.96900 0.00000 -0.00000 -1.00000 0.00000
1631021829937573 0.10393 0.99458 0.00000 -30.42503 0.99458 -0.10393 0.00000 74.69967 0.00000 -0.00000 -1.00000 0.00000
1631021830187588 0.13588 0.99073 -0.00000 -29.89835 0.99073 -0.13588 0.00000 75.55279 0.00000 -0.00000 -1.00000 0.00000
1631021830436351 0.14522 0.98940 0.00000 -31.05024 0.98940 -0.14522 0.00000 75.66817 0.00000 -0.00000 -1.00000 0.00000
1631021830686356 0.15715 0.98758 0.00000 -32.02875 0.98758 -0.15715 0.00000 76.05956 0.00000 -0.00000 -1.00000 0.00000
1631021830935115 0.14494 0.98944 0.00000 -34.88221 0.98944 -0.14494 0.00000 75.57500 0.00000 -0.00000 -1.00000 0.00000
1631021831185131 0.13406 0.99097 0.00000 -37.75030 0.99097 -0.13406 0.00000 75.19164 0.00000 -0.00000 -1.00000 0.00000
1631021831434513 0.11809 0.99300 0.00000 -40.85225 0.99300 -0.11809 0.00000 74.54176 0.00000 -0.00000 -1.00000 0.00000
1631021831684525 0.10036 0.99495 0.00000 -44.03753 0.99495 -0.10036 0.00000 73.69248 0.00000 -0.00000 -1.00000 0.00000
1631021831935163 0.08229 0.99661 -0.00000 -47.38206 0.99661 -0.08229 0.00000 72.84405 0.00000 -0.00000 -1.00000 0.00000
1631021832185792 0.06028 0.99818 0.00000 -51.05182 0.99818 -0.06028 0.00000 71.71116 0.00000 -0.00000 -1.00000 0.00000
1631021832437056 0.04483 0.99899 0.00000 -54.20933 0.99899 -0.04483 0.00000 70.99136 0.00000 -0.00000 -1.00000 0.00000
1631021832687063 0.03040 0.99954 0.00000 -57.27041 0.99954 -0.03040 0.00000 70.10154 0.00000 -0.00000 -1.00000 0.00000
1631021832937077 0.01420 0.99990 0.00000 -60.43441 0.99990 -0.01420 0.00000 69.06521 0.00000 -0.00000 -1.00000 0.00000
1631021833187091 0.00918 0.99996 -0.00000 -62.92459 0.99996 -0.00918 0.00000 68.80422 0.00000 -0.00000 -1.00000 0.00000
1631021833436474 0.01149 0.99993 0.00000 -64.88359 0.99993 -0.01149 0.00000 68.90667 0.00000 -0.00000 -1.00000 0.00000
1631021833685859 0.02211 0.99976 -0.00000 -66.13198 0.99976 -0.02211 0.00000 69.45102 0.00000 -0.00000 -1.00000 0.00000
1631021833935241 0.02460 0.99970 0.00000 -67.92144 0.99970 -0.02460 0.00000 69.65622 0.00000 -0.00000 -1.00000 0.00000
1631021834185255 0.02510 0.99968 0.00000 -70.00287 0.99968 -0.02510 0.00000 69.65079 0.00000 -0.00000 -1.00000 0.00000
1631021834435271 0.03333 0.99944 0.00000 -71.48229 0.99944 -0.03333 0.00000 70.22713 0.00000 -0.00000 -1.00000 0.00000
1631021834685894 0.02695 0.99964 -0.00000 -73.87620 0.99964 -0.02695 0.00000 69.72749 0.00000 -0.00000 -1.00000 0.00000
1631021834936536 0.00482 0.99999 0.00000 -77.25646 0.99999 -0.00482 0.00000 68.10688 0.00000 -0.00000 -1.00000 0.00000
1631021835187169 -0.02843 0.99960 -0.00000 -81.43394 0.99960 0.02843 0.00000 65.49676 0.00000 0.00000 -1.00000 0.00000
1631021835436553 -0.08611 0.99629 0.00000 -86.79164 0.99629 0.08611 0.00000 60.59287 0.00000 0.00000 -1.00000 0.00000
1631021835686570 -0.13899 0.99029 0.00000 -91.67257 0.99029 0.13899 0.00000 55.94242 0.00000 0.00000 -1.00000 0.00000
1631021835935956 -0.20372 0.97903 -0.00000 -96.81752 0.97903 0.20372 0.00000 49.56339 0.00000 0.00000 -1.00000 0.00000
1631021836185333 -0.27885 0.96033 0.00000 -102.09091 0.96033 0.27885 0.00000 41.96615 0.00000 0.00000 -1.00000 0.00000
1631021836435973 -0.34391 0.93900 0.00000 -106.27435 0.93900 0.34391 0.00000 34.82942 0.00000 0.00000 -1.00000 0.00000
1631021836685978 -0.42744 0.90404 -0.00000 -110.46450 0.90404 0.42744 0.00000 24.99658 0.00000 0.00000 -1.00000 0.00000
1631021836937244 -0.49880 0.86671 0.00000 -113.69755 0.86671 0.49880 0.00000 15.99461 0.00000 0.00000 -1.00000 0.00000
1631021837187258 -0.58067 0.81414 0.00000 -116.22974 0.81414 0.58067 0.00000 4.85955 0.00000 0.00000 -1.00000 0.00000
1631021837437263 -0.65366 0.75679 0.00000 -117.76477 0.75679 0.65366 0.00000 -5.98885 0.00000 0.00000 -1.00000 -0.00000
1631021837687271 -0.72956 0.68391 0.00000 -117.93370 0.68391 0.72956 0.00000 -18.28778 0.00000 0.00000 -1.00000 -0.00000
1631021837937300 -0.78883 0.61461 0.00000 -117.32396 0.61461 0.78883 0.00000 -29.07131 0.00000 0.00000 -1.00000 -0.00000
1631021838186039 -0.84455 0.53547 -0.00000 -115.46577 0.53547 0.84455 0.00000 -40.32118 0.00000 0.00000 -1.00000 -0.00000
1631021838435437 -0.89125 0.45352 0.00000 -112.63666 0.45352 0.89125 0.00000 -51.07639 0.00000 0.00000 -1.00000 -0.00000
1631021838685437 -0.92669 0.37582 0.00000 -109.31122 0.37582 0.92669 0.00000 -60.52611 0.00000 0.00000 -1.00000 -0.00000
1631021838936068 -0.94901 0.31524 -0.00000 -106.70759 0.31524 0.94901 0.00000 -67.46224 0.00000 0.00000 -1.00000 -0.00000
1631021839186714 -0.96358 0.26741 0.00000 -104.77335 0.26741 0.96358 0.00000 -72.69832 0.00000 0.00000 -1.00000 -0.00000
1631021839437969 -0.97213 0.23444 0.00000 -103.80030 0.23444 0.97213 0.00000 -76.12597 0.00000 0.00000 -1.00000 -0.00000
1631021839687355 -0.97624 0.21669 0.00000 -103.98321 0.21669 0.97624 0.00000 -78.17369 0.00000 0.00000 -1.00000 -0.00000
1631021839937364 -0.97410 0.22614 0.00000 -106.34120 0.22614 0.97410 0.00000 -77.04451 0.00000 0.00000 -1.00000 -0.00000
1631021840186744 -0.97037 0.24160 0.00000 -109.20912 0.24160 0.97037 0.00000 -75.40636 0.00000 0.00000 -1.00000 -0.00000
1631021840436136 -0.96025 0.27916 0.00000 -113.76680 0.27916 0.96025 0.00000 -71.00311 0.00000 0.00000 -1.00000 -0.00000
1631021840685519 -0.94681 0.32179 0.00000 -118.51576 0.32179 0.94681 0.00000 -65.89069 0.00000 0.00000 -1.00000 -0.00000
1631021840935532 -0.92906 0.36992 0.00000 -123.43489 0.36992 0.92906 0.00000 -59.79817 0.00000 0.00000 -1.00000 -0.00000
1631021841184923 -0.90654 0.42213 -0.00000 -128.43331 0.42213 0.90654 0.00000 -52.73593 0.00000 0.00000 -1.00000 -0.00000
1631021841436173 -0.88129 0.47257 0.00000 -133.02871 0.47257 0.88129 0.00000 -45.39783 0.00000 0.00000 -1.00000 -0.00000
