1. 0. 0. 0. 0. -1. -0. 0. 0. 0. -1. 0.
1. -0.001 -0. -0.001 -0.001 -1. -0. -0.003 0. 0. -1. 0.
1. 0.000 0. 0.001 0.000 -1. -0. -0.003 0. 0. -1. 0.
1. 0.000 0. 0.010 0.000 -1. -0. -0.004 0. 0. -1. 0.
1. -0. -0. 0.001 -0. -1. -0. -0.001 0. 0. -1. 0.
1. 0.000 0. 0.002 0.000 -1. -0. -0.009 0. 0. -1. 0.
1. 0. 0. 0.003 0. -1. -0. -0.003 0. 0. -1. 0.
1. 0.000 0. 0.005 0.000 -1. -0. -0.003 0. 0. -1. 0.
1. -0.000 -0. 0.007 -0.000 -1. -0. -0.001 0. 0. -1. 0.
1. -0.000 -0. -0.002 -0.000 -1. -0. -0.005 0. 0. -1. 0.
1. 0. 0. 0.001 0. -1. -0. -0.004 0. 0. -1. 0.
1. 0. 0. 0.002 0. -1. -0. -0.006 0. 0. -1. 0.
1. 0. 0. 0.002 0. -1. -0. -0.005 0. 0. -1. 0.
1. -0. -0. 0.001 -0. -1. -0. -0.003 0. 0. -1. 0.
1. 0.000 0. 0. 0.000 -1. -0. 0.001 0. 0. -1. 0.
1. -0. -0. 0.007 -0. -1. -0. -0.003 0. 0. -1. 0.
1. -0.001 -0. 0.003 -0.001 -1. -0. 0.002 0. 0. -1. 0.
1. -0.001 -0. 0.001 -0.001 -1. -0. 0.003 0. 0. -1. 0.
1. -0.000 -0. 0.006 -0.000 -1. -0. -0.002 0. 0. -1. 0.
1. -0.001 -0. 0.002 -0.001 -1. -0. -0.003 0. 0. -1. 0.
1. -0.001 -0. -0.004 -0.001 -1. -0. -0.001 0. 0. -1. 0.
1. -0.001 -0. 0.000 -0.001 -1. -0. 0.004 0. 0. -1. 0.
1. -0.000 -0. 0.006 -0.000 -1. -0. 0.003 0. 0. -1. 0.
1. -0.001 -0. 0.002 -0.001 -1. -0. 0.005 0. 0. -1. 0.
1. -0.001 -0. 0.001 -0.001 -1. -0. -0.003 0. 0. -1. 0.
1. -0.001 -0. 0.001 -0.001 -1. -0. 0.000 0. 0. -1. 0.
1. -0.001 -0. 0.008 -0.001 -1. -0. -0.006 0. 0. -1. 0.
1. -0.004 -0. 0.033 -0.004 -1. -0. -0.003 0. 0. -1. 0.
1. -0.008 -0. 0.050 -0.008 -1. -0. -0.015 0. 0. -1. 0.
1. -0.009 -0. 0.106 -0.009 -1. -0. -0.004 0. 0. -1. 0.
1. -0.014 -0. 0.161 -0.014 -1. -0. -0.000 0. 0. -1. 0.
1.000 -0.020 -0. 0.193 -0.020 -1.000 -0. 0.002 0. 0. -1. 0.
1.000 -0.026 -0. 0.257 -0.026 -1.000 -0. -0.035 0. 0. -1. 0.
0.999 -0.032 -0. 0.346 -0.032 -0.999 -0. -0.050 0. 0. -1. 0.
0.999 -0.042 -0. 0.452 -0.042 -0.999 -0. -0.081 0. 0. -1. 0.
0.999 -0.052 -0. 0.497 -0.052 -0.999 -0. -0.122 0. 0. -1. 0.
0.998 -0.060 -0. 0.639 -0.060 -0.998 -0. -0.091 0. 0. -1. 0.
0.997 -0.073 -0. 0.733 -0.073 -0.997 -0. -0.128 0. 0. -1. 0.
0.995 -0.095 -0. 1.022 -0.095 -0.995 -0. -0.155 0. 0. -1. 0.
0.993 -0.121 -0. 1.270 -0.121 -0.993 -0. -0.191 0. 0. -1. 0.
0.989 -0.151 -0. 1.637 -0.151 -0.989 -0. -0.244 0. 0. -1. 0.
0.984 -0.177 -0. 2.011 -0.177 -0.984 -0. -0.356 0. 0. -1. 0.
0.979 -0.204 -0. 2.467 -0.204 -0.979 -0. -0.489 0. 0. -1. 0.
0.974 -0.225 -0. 2.989 -0.225 -0.974 -0. -0.658 0. 0. -1. 0.
0.970 -0.242 -0. 3.682 -0.242 -0.970 -0. -0.847 0. 0. -1. 0.
0.966 -0.257 -0. 4.449 -0.257 -0.966 -0. -1.053 0. 0. -1. 0.
0.965 -0.264 -0. 5.283 -0.264 -0.965 -0. -1.281 0. 0. -1. 0.
0.963 -0.268 -0. 6.203 -0.268 -0.963 -0. -1.598 0. 0. -1. 0.
0.962 -0.271 -0. 7.217 -0.271 -0.962 -0. -1.881 0. 0. -1. 0.
0.964 -0.265 -0. 8.338 -0.265 -0.964 -0. -2.233 0. 0. -1. 0.
0.967 -0.253 -0. 9.567 -0.253 -0.967 -0. -2.565 0. 0. -1. 0.
0.970 -0.241 -0. 10.870 -0.241 -0.970 -0. -2.932 0. 0. -1. 0.
0.973 -0.233 -0. 12.157 -0.233 -0.973 -0. -3.276 0. 0. -1. 0.
0.975 -0.222 -0. 13.624 -0.222 -0.975 -0. -3.624 0. 0. -1. 0.
0.978 -0.206 -0. 15.062 -0.206 -0.978 -0. -3.949 0. 0. -1. 0.
0.982 -0.191 -0. 16.694 -0.191 -0.982 -0. -4.221 0. 0. -1. 0.
0.985 -0.175 -0. 18.342 -0.175 -0.985 -0. -4.525 0. 0. -1. 0.
0.988 -0.157 -0. 20.106 -0.157 -0.988 -0. -4.852 0. 0. -1. 0.
0.990 -0.140 -0. 22.065 -0.140 -0.990 -0. -5.117 0. 0. -1. 0.
0.993 -0.122 -0. 24.013 -0.122 -0.993 -0. -5.474 0. 0. -1. 0.
0.994 -0.106 -0. 26.097 -0.106 -0.994 -0. -5.717 0. 0. -1. 0.
0.996 -0.092 -0. 28.250 -0.092 -0.996 -0. -5.940 0. 0. -1. 0.
0.997 -0.077 -0. 30.429 -0.077 -0.997 -0. -6.203 0. 0. -1. 0.
0.998 -0.062 -0. 32.561 -0.062 -0.998 -0. -6.391 0. 0. -1. 0.
0.999 -0.043 -0. 34.682 -0.043 -0.999 -0. -6.517 0. 0. -1. 0.
1.000 -0.026 -0. 36.886 -0.026 -1.000 -0. -6.591 0. 0. -1. 0.
1.000 -0.018 -0. 39.026 -0.018 -1.000 -0. -6.761 0. 0. -1. 0.
1.000 -0.017 -0. 41.077 -0.017 -1.000 -0. -6.773 0. 0. -1. 0.
1.000 -0.023 -0. 43.252 -0.023 -1.000 -0. -6.855 0. 0. -1. 0.
1.000 -0.023 -0. 45.208 -0.023 -1.000 -0. -6.910 0. 0. -1. 0.
1.000 -0.023 -0. 47.229 -0.023 -1.000 -0. -6.892 0. 0. -1. 0.
1.000 -0.027 -0. 49.265 -0.027 -1.000 -0. -7.055 0. 0. -1. 0.
0.999 -0.034 -0. 51.283 -0.034 -0.999 -0. -7.163 0. 0. -1. 0.
0.999 -0.038 -0. 53.416 -0.038 -0.999 -0. -7.325 0. 0. -1. 0.
0.999 -0.035 -0. 55.546 -0.035 -0.999 -0. -7.387 0. 0. -1. 0.
1.000 -0.029 -0. 57.778 -0.029 -1.000 -0. -7.551 0. 0. -1. 0.
1.000 -0.020 -0. 60.011 -0.020 -1.000 -0. -7.604 0. 0. -1. 0.
1.000 -0.019 -0. 62.298 -0.019 -1.000 -0. -7.705 0. 0. -1. 0.
1.000 -0.021 -0. 64.626 -0.021 -1.000 -0. -7.841 0. 0. -1. 0.
1.000 -0.021 -0. 66.918 -0.021 -1.000 -0. -7.923 0. 0. -1. 0.
1.000 -0.026 -0. 69.247 -0.026 -1.000 -0. -7.981 0. 0. -1. 0.
1.000 -0.031 -0. 71.507 -0.031 -1.000 -0. -8.029 0. 0. -1. 0.
0.999 -0.039 -0. 73.834 -0.039 -0.999 -0. -8.155 0. 0. -1. 0.
0.999 -0.042 -0. 76.148 -0.042 -0.999 -0. -8.289 0. 0. -1. 0.
0.999 -0.049 -0. 78.479 -0.049 -0.999 -0. -8.436 0. 0. -1. 0.
0.999 -0.053 -0. 80.810 -0.053 -0.999 -0. -8.564 0. 0. -1. 0.
0.998 -0.067 -0. 83.084 -0.067 -0.998 -0. -8.655 0. 0. -1. 0.
0.995 -0.098 -0. 85.370 -0.098 -0.995 -0. -8.982 0. 0. -1. 0.
0.991 -0.133 -0. 87.579 -0.133 -0.991 -0. -9.280 0. 0. -1. 0.
0.986 -0.166 -0. 89.748 -0.166 -0.986 -0. -9.608 0. 0. -1. 0.
0.978 -0.207 -0. 91.947 -0.207 -0.978 -0. -10.086 0. 0. -1. 0.
0.965 -0.261 -0. 94.055 -0.261 -0.965 -0. -10.668 0. 0. -1. 0.
0.950 -0.314 -0. 96.104 -0.314 -0.950 -0. -11.330 0. 0. -1. 0.
0.931 -0.365 -0. 98.045 -0.365 -0.931 -0. -12.112 0. 0. -1. 0.
0.908 -0.418 -0. 99.997 -0.418 -0.908 -0. -12.978 0. 0. -1. 0.
0.881 -0.473 -0. 101.879 -0.473 -0.881 -0. -13.965 0. 0. -1. 0.
0.847 -0.532 -0. 103.648 -0.532 -0.847 -0. -15.142 0. 0. -1. 0.
0.809 -0.588 -0. 105.408 -0.588 -0.809 -0. -16.364 0. 0. -1. 0.
0.764 -0.645 -0. 107.177 -0.645 -0.764 -0. -17.671 0. 0. -1. 0.
0.710 -0.704 -0. 108.639 -0.704 -0.710 -0. -19.142 0. 0. -1. 0.
0.651 -0.759 -0. 109.935 -0.759 -0.651 -0. -20.732 0. 0. -1. 0.
0.588 -0.809 -0. 111.088 -0.809 -0.588 -0. -22.379 0. 0. -1. 0.
0.521 -0.853 -0. 112.101 -0.853 -0.521 -0. -24.105 0. 0. -1. 0.
0.457 -0.890 -0. 113.065 -0.890 -0.457 -0. -25.918 0. 0. -1. 0.
0.402 -0.915 -0. 113.780 -0.915 -0.402 -0. -27.875 0. 0. -1. 0.
0.370 -0.929 -0. 114.584 -0.929 -0.370 -0. -29.724 0. 0. -1. 0.
0.349 -0.937 -0. 115.283 -0.937 -0.349 -0. -31.683 0. 0. -1. 0.
0.335 -0.942 -0. 116.048 -0.942 -0.335 -0. -33.597 0. 0. -1. 0.
0.324 -0.946 -0. 116.748 -0.946 -0.324 -0. -35.575 0. 0. -1. 0.
0.319 -0.948 -0. 117.334 -0.948 -0.319 -0. -37.527 0. 0. -1. 0.
0.318 -0.948 -0. 117.861 -0.948 -0.318 -0. -39.497 0. 0. -1. 0.
0.319 -0.948 -0. 118.402 -0.948 -0.319 -0. -41.416 0. 0. -1. 0.
0.325 -0.946 -0. 118.914 -0.946 -0.325 -0. -43.270 0. 0. -1. 0.
0.337 -0.942 -0. 119.538 -0.942 -0.337 -0. -44.996 0. 0. -1. 0.
0.356 -0.934 -0. 120.193 -0.934 -0.356 -0. -46.629 0. 0. -1. 0.
0.376 -0.927 -0. 120.860 -0.927 -0.376 -0. -48.224 0. 0. -1. 0.
0.394 -0.919 -0. 121.520 -0.919 -0.394 -0. -49.691 0. 0. -1. 0.
0.411 -0.911 -0. 122.125 -0.911 -0.411 -0. -51.031 0. 0. -1. 0.
0.426 -0.905 -0. 122.718 -0.905 -0.426 -0. -52.139 0. 0. -1. 0.
0.439 -0.898 -0. 123.116 -0.898 -0.439 -0. -53.103 0. 0. -1. 0.
0.446 -0.895 -0. 123.545 -0.895 -0.446 -0. -53.977 0. 0. -1. 0.
0.455 -0.891 -0. 123.820 -0.891 -0.455 -0. -54.637 0. 0. -1. 0.
0.462 -0.887 -0. 124.154 -0.887 -0.462 -0. -55.110 0. 0. -1. 0.
0.467 -0.884 -0. 124.348 -0.884 -0.467 -0. -55.493 0. 0. -1. 0.
0.472 -0.882 -0. 124.441 -0.882 -0.472 -0. -55.805 0. 0. -1. 0.
0.475 -0.880 -0. 124.593 -0.880 -0.475 -0. -56.136 0. 0. -1. 0.
0.479 -0.878 -0. 124.889 -0.878 -0.479 -0. -56.468 0. 0. -1. 0.
0.483 -0.875 -0. 125.041 -0.875 -0.483 -0. -56.847 0. 0. -1. 0.
0.487 -0.873 -0. 125.233 -0.873 -0.487 -0. -57.323 0. 0. -1. 0.
0.494 -0.870 -0. 125.471 -0.870 -0.494 -0. -57.751 0. 0. -1. 0.
0.500 -0.866 -0. 125.854 -0.866 -0.500 -0. -58.360 0. 0. -1. 0.
0.512 -0.859 -0. 126.205 -0.859 -0.512 -0. -59.066 0. 0. -1. 0.
0.528 -0.849 -0. 126.761 -0.849 -0.528 -0. -59.882 0. 0. -1. 0.
0.543 -0.840 -0. 127.333 -0.840 -0.543 -0. -60.796 0. 0. -1. 0.
0.558 -0.830 -0. 127.994 -0.830 -0.558 -0. -61.792 0. 0. -1. 0.
0.577 -0.817 -0. 128.638 -0.817 -0.577 -0. -62.852 0. 0. -1. 0.
0.592 -0.806 -0. 129.408 -0.806 -0.592 -0. -63.929 0. 0. -1. 0.
0.605 -0.796 -0. 130.347 -0.796 -0.605 -0. -65.061 0. 0. -1. 0.
0.613 -0.790 -0. 131.148 -0.790 -0.613 -0. -66.138 0. 0. -1. 0.
0.618 -0.786 -0. 131.938 -0.786 -0.618 -0. -67.198 0. 0. -1. 0.
0.622 -0.783 -0. 132.801 -0.783 -0.622 -0. -68.261 0. 0. -1. 0.
0.626 -0.780 -0. 133.655 -0.780 -0.626 -0. -69.374 0. 0. -1. 0.
0.626 -0.780 -0. 134.490 -0.780 -0.626 -0. -70.530 0. 0. -1. 0.
0.628 -0.778 -0. 135.364 -0.778 -0.628 -0. -71.649 0. 0. -1. 0.
0.631 -0.775 -0. 136.294 -0.775 -0.631 -0. -72.795 0. 0. -1. 0.
0.633 -0.774 -0. 137.192 -0.774 -0.633 -0. -73.947 0. 0. -1. 0.
0.640 -0.768 -0. 138.185 -0.768 -0.640 -0. -75.006 0. 0. -1. 0.
0.651 -0.759 -0. 139.060 -0.759 -0.651 -0. -76.084 0. 0. -1. 0.
0.670 -0.743 -0. 139.919 -0.743 -0.670 -0. -77.084 0. 0. -1. 0.
0.691 -0.723 -0. 140.798 -0.723 -0.691 -0. -77.988 0. 0. -1. 0.
0.727 -0.686 -0. 141.602 -0.686 -0.727 -0. -78.774 0. 0. -1. 0.
0.779 -0.627 -0. 142.467 -0.627 -0.779 -0. -79.528 0. 0. -1. 0.
0.834 -0.551 -0. 143.389 -0.551 -0.834 -0. -80.233 0. 0. -1. 0.
0.890 -0.456 -0. 144.340 -0.456 -0.890 -0. -80.766 0. 0. -1. 0.
0.939 -0.344 -0. 145.359 -0.344 -0.939 -0. -81.083 0. 0. -1. 0.
0.978 -0.206 -0. 146.327 -0.206 -0.978 -0. -81.369 0. 0. -1. 0.
0.998 -0.056 -0. 147.306 -0.056 -0.998 -0. -81.390 0. 0. -1. 0.
0.994 0.105 0. 148.354 0.105 -0.994 -0. -81.225 0. 0. -1. 0.
0.963 0.269 0. 149.241 0.269 -0.963 -0. -80.976 0. 0. -1. 0.
0.904 0.427 0. 150.120 0.427 -0.904 -0. -80.533 0. 0. -1. 0.
0.819 0.574 0. 150.820 0.574 -0.819 -0. -80.009 0. 0. -1. 0.
0.709 0.706 0. 151.474 0.706 -0.709 -0. -79.334 0. 0. -1. 0.
0.581 0.814 0. 151.925 0.814 -0.581 -0. -78.552 0. 0. -1. 0.
0.433 0.901 0. 152.334 0.901 -0.433 -0. -77.781 0. 0. -1. 0.
0.280 0.960 0. 152.606 0.960 -0.280 -0. -76.908 0. 0. -1. 0.
0.115 0.993 0. 152.624 0.993 -0.115 -0. -75.970 0. 0. -1. 0.
-0.050 0.999 0. 152.618 0.999 0.050 0. -75.049 0. 0. -1. 0.
-0.214 0.977 0. 152.317 0.977 0.214 0. -74.132 0. 0. -1. 0.
-0.364 0.931 0. 151.932 0.931 0.364 0. -73.091 0. 0. -1. 0.
-0.502 0.865 0. 151.331 0.865 0.502 0. -72.062 0. 0. -1. 0.
-0.621 0.784 0. 150.670 0.784 0.621 0. -71.115 0. 0. -1. 0.
-0.712 0.702 0. 149.666 0.702 0.712 0. -70.258 0. 0. -1. 0.
-0.773 0.635 0. 148.693 0.635 0.773 0. -69.379 0. 0. -1. 0.
-0.823 0.568 0. 147.548 0.568 0.823 0. -68.632 0. 0. -1. 0.
-0.866 0.501 0. 146.346 0.501 0.866 0. -67.937 0. 0. -1. 0.
-0.899 0.437 0. 145.037 0.437 0.899 0. -67.232 0. 0. -1. 0.
-0.923 0.385 0. 143.636 0.385 0.923 0. -66.692 0. 0. -1. 0.
-0.937 0.350 0. 142.198 0.350 0.937 0. -66.111 0. 0. -1. 0.
-0.946 0.325 0. 140.715 0.325 0.946 0. -65.641 0. 0. -1. 0.
-0.949 0.317 0. 139.176 0.317 0.949 0. -65.075 0. 0. -1. 0.
-0.945 0.326 0. 137.586 0.326 0.945 0. -64.499 0. 0. -1. 0.
-0.931 0.366 0. 136.070 0.366 0.931 0. -63.931 0. 0. -1. 0.
-0.910 0.415 0. 134.537 0.415 0.910 0. -63.291 0. 0. -1. 0.
-0.877 0.480 0. 133.060 0.480 0.877 0. -62.399 0. 0. -1. 0.
-0.840 0.542 0. 131.598 0.542 0.840 0. -61.535 0. 0. -1. 0.
-0.796 0.606 0. 130.232 0.606 0.796 0. -60.429 0. 0. -1. 0.
-0.747 0.665 0. 128.873 0.665 0.747 0. -59.203 0. 0. -1. 0.
-0.694 0.720 0. 127.604 0.720 0.694 0. -57.916 0. 0. -1. 0.
-0.638 0.770 0. 126.423 0.770 0.638 0. -56.475 0. 0. -1. 0.
-0.583 0.813 0. 125.358 0.813 0.583 0. -54.936 0. 0. -1. 0.
-0.528 0.849 0. 124.353 0.849 0.528 0. -53.246 0. 0. -1. 0.
-0.470 0.883 0. 123.420 0.883 0.470 0. -51.555 0. 0. -1. 0.
-0.426 0.905 0. 122.544 0.905 0.426 0. -49.740 0. 0. -1. 0.
-0.385 0.923 0. 121.778 0.923 0.385 0. -47.803 0. 0. -1. 0.
-0.358 0.934 0. 121.140 0.934 0.358 0. -45.934 0. 0. -1. 0.
-0.339 0.941 0. 120.456 0.941 0.339 0. -43.897 0. 0. -1. 0.
-0.321 0.947 0. 119.860 0.947 0.321 0. -41.888 0. 0. -1. 0.
-0.308 0.951 0. 119.083 0.951 0.308 0. -39.873 0. 0. -1. 0.
-0.301 0.953 0. 118.456 0.953 0.301 0. -37.769 0. 0. -1. 0.
-0.304 0.953 0. 117.882 0.953 0.304 0. -35.673 0. 0. -1. 0.
-0.312 0.950 0. 117.328 0.950 0.312 0. -33.658 0. 0. -1. 0.
-0.321 0.947 0. 116.638 0.947 0.321 0. -31.557 0. 0. -1. 0.
-0.344 0.939 0. 115.953 0.939 0.344 0. -29.541 0. 0. -1. 0.
-0.374 0.928 0. 115.190 0.928 0.374 0. -27.542 0. 0. -1. 0.
-0.415 0.910 0. 114.414 0.910 0.415 0. -25.582 0. 0. -1. 0.
-0.469 0.883 0. 113.536 0.883 0.469 0. -23.719 0. 0. -1. 0.
-0.523 0.853 0. 112.510 0.853 0.523 0. -21.954 0. 0. -1. 0.
-0.575 0.818 0. 111.457 0.818 0.575 0. -20.257 0. 0. -1. 0.
-0.627 0.779 0. 110.362 0.779 0.627 0. -18.643 0. 0. -1. 0.
-0.676 0.737 0. 109.024 0.737 0.676 0. -17.161 0. 0. -1. 0.
-0.728 0.685 0. 107.613 0.685 0.728 0. -15.803 0. 0. -1. 0.
-0.777 0.630 0. 106.111 0.630 0.777 0. -14.504 0. 0. -1. 0.
-0.819 0.574 0. 104.520 0.574 0.819 0. -13.313 0. 0. -1. 0.
-0.858 0.514 0. 102.848 0.514 0.858 0. -12.278 0. 0. -1. 0.
-0.891 0.454 0. 101.044 0.454 0.891 0. -11.340 0. 0. -1. 0.
-0.917 0.399 0. 99.229 0.399 0.917 0. -10.469 0. 0. -1. 0.
-0.941 0.339 0. 97.300 0.339 0.941 0. -9.706 0. 0. -1. 0.
-0.959 0.283 0. 95.315 0.283 0.959 0. -9.067 0. 0. -1. 0.
-0.973 0.232 0. 93.339 0.232 0.973 0. -8.640 0. 0. -1. 0.
-0.982 0.188 0. 91.290 0.188 0.982 0. -8.192 0. 0. -1. 0.
-0.989 0.148 0. 89.211 0.148 0.989 0. -7.860 0. 0. -1. 0.
-0.993 0.114 0. 87.184 0.114 0.993 0. -7.588 0. 0. -1. 0.
-0.996 0.088 0. 85.151 0.088 0.996 0. -7.363 0. 0. -1. 0.
-0.998 0.067 0. 83.032 0.067 0.998 0. -7.240 0. 0. -1. 0.
-0.999 0.043 0. 80.939 0.043 0.999 0. -7.098 0. 0. -1. 0.
-1.000 0.021 0. 78.797 0.021 1.000 0. -6.990 0. 0. -1. 0.
-1. -0.001 -0. 76.589 -0.001 1. 0. -7.005 0. 0. -1. 0.
-1.000 -0.016 -0. 74.449 -0.016 1.000 0. -6.932 0. 0. -1. 0.
-0.999 -0.032 -0. 72.263 -0.032 0.999 0. -6.946 0. 0. -1. 0.
-0.999 -0.039 -0. 70.111 -0.039 0.999 0. -7.026 0. 0. -1. 0.
-0.999 -0.036 -0. 68.017 -0.036 0.999 0. -7.123 0. 0. -1. 0.
-1.000 -0.031 -0. 65.903 -0.031 1.000 0. -7.133 0. 0. -1. 0.
-1.000 -0.023 -0. 63.689 -0.023 1.000 0. -7.128 0. 0. -1. 0.
-1. -0.014 -0. 61.516 -0.014 1. 0. -7.102 0. 0. -1. 0.
-1. -0.006 -0. 59.295 -0.006 1. 0. -7.072 0. 0. -1. 0.
-1. 0.003 0. 57.087 0.003 1. 0. -7.141 0. 0. -1. 0.
-1. 0.012 0. 54.866 0.012 1. 0. -7.104 0. 0. -1. 0.
-1.000 0.023 0. 52.636 0.023 1.000 0. -6.957 0. 0. -1. 0.
-1.000 0.023 0. 50.499 0.023 1.000 0. -6.853 0. 0. -1. 0.
-1.000 0.019 0. 48.255 0.019 1.000 0. -6.831 0. 0. -1. 0.
-1.000 0.027 0. 46.089 0.027 1.000 0. -6.788 0. 0. -1. 0.
-0.999 0.049 0. 43.939 0.049 0.999 0. -6.713 0. 0. -1. 0.
-0.997 0.072 0. 41.806 0.072 0.997 0. -6.506 0. 0. -1. 0.
-0.996 0.088 0. 39.596 0.088 0.996 0. -6.152 0. 0. -1. 0.
-0.995 0.102 0. 37.527 0.102 0.995 0. -5.970 0. 0. -1. 0.
-0.994 0.111 0. 35.469 0.111 0.994 0. -5.697 0. 0. -1. 0.
-0.993 0.118 0. 33.244 0.118 0.993 0. -5.320 0. 0. -1. 0.
-0.993 0.121 0. 31.244 0.121 0.993 0. -5.103 0. 0. -1. 0.
-0.993 0.122 0. 29.145 0.122 0.993 0. -4.827 0. 0. -1. 0.
-0.993 0.121 0. 27.104 0.121 0.993 0. -4.504 0. 0. -1. 0.
-0.993 0.121 0. 24.954 0.121 0.993 0. -4.197 0. 0. -1. 0.
-0.992 0.123 0. 22.877 0.123 0.992 0. -3.965 0. 0. -1. 0.
-0.992 0.125 0. 20.738 0.125 0.992 0. -3.709 0. 0. -1. 0.
-0.992 0.127 0. 18.723 0.127 0.992 0. -3.416 0. 0. -1. 0.
-0.991 0.130 0. 16.591 0.130 0.991 0. -3.100 0. 0. -1. 0.
-0.991 0.132 0. 14.622 0.132 0.991 0. -2.811 0. 0. -1. 0.
-0.991 0.131 0. 12.643 0.131 0.991 0. -2.557 0. 0. -1. 0.
-0.990 0.138 0. 10.748 0.138 0.990 0. -2.301 0. 0. -1. 0.
-0.990 0.141 0. 8.837 0.141 0.990 0. -1.992 0. 0. -1. 0.
-0.990 0.144 0. 6.927 0.144 0.990 0. -1.713 0. 0. -1. 0.
-0.990 0.144 0. 5.130 0.144 0.990 0. -1.438 0. 0. -1. 0.
-0.989 0.149 0. 3.268 0.149 0.989 0. -1.097 0. 0. -1. 0.
-0.988 0.153 0. 1.525 0.153 0.988 0. -0.799 0. 0. -1. 0.
-0.987 0.160 0. -0.114 0.160 0.987 0. -0.512 0. 0. -1. 0.
-0.986 0.167 0. -1.699 0.167 0.986 0. -0.263 0. 0. -1. 0.
-0.988 0.156 0. -3.200 0.156 0.988 0. 0.062 0. 0. -1. 0.
-0.989 0.147 0. -4.667 0.147 0.989 0. 0.273 0. 0. -1. 0.
-0.991 0.136 0. -5.895 0.136 0.991 0. 0.484 0. 0. -1. 0.
-0.992 0.127 0. -6.977 0.127 0.992 0. 0.705 0. 0. -1. 0.
-0.993 0.116 0. -7.942 0.116 0.993 0. 0.866 0. 0. -1. 0.
-0.994 0.106 0. -8.774 0.106 0.994 0. 1.037 0. 0. -1. 0.
-0.995 0.098 0. -9.490 0.098 0.995 0. 1.065 0. 0. -1. 0.
-0.996 0.092 0. -9.963 0.092 0.996 0. 1.196 0. 0. -1. 0.
-0.996 0.086 0. -10.398 0.086 0.996 0. 1.252 0. 0. -1. 0.
-0.997 0.083 0. -10.728 0.083 0.997 0. 1.265 0. 0. -1. 0.
-0.997 0.082 0. -11.111 0.082 0.997 0. 1.258 0. 0. -1. 0.
-0.997 0.082 0. -11.514 0.082 0.997 0. 1.278 0. 0. -1. 0.
-0.996 0.085 0. -11.984 0.085 0.996 0. 1.220 0. 0. -1. 0.
-0.996 0.087 0. -12.387 0.087 0.996 0. 1.324 0. 0. -1. 0.
-0.996 0.087 0. -12.911 0.087 0.996 0. 1.378 0. 0. -1. 0.
-0.996 0.089 0. -13.620 0.089 0.996 0. 1.463 0. 0. -1. 0.
-0.996 0.089 0. -14.354 0.089 0.996 0. 1.559 0. 0. -1. 0.
-0.996 0.093 0. -15.178 0.093 0.996 0. 1.650 0. 0. -1. 0.
-0.996 0.093 0. -16.112 0.093 0.996 0. 1.734 0. 0. -1. 0.
-0.996 0.094 0. -17.155 0.094 0.996 0. 1.858 0. 0. -1. 0.
-0.996 0.094 0. -18.277 0.094 0.996 0. 2.001 0. 0. -1. 0.
-0.995 0.095 0. -19.533 0.095 0.995 0. 2.121 0. 0. -1. 0.
-0.996 0.094 0. -20.781 0.094 0.996 0. 2.285 0. 0. -1. 0.
-0.996 0.090 0. -22.200 0.090 0.996 0. 2.425 0. 0. -1. 0.
-0.997 0.081 0. -23.665 0.081 0.997 0. 2.579 0. 0. -1. 0.
-0.997 0.077 0. -25.252 0.077 0.997 0. 2.668 0. 0. -1. 0.
-0.997 0.072 0. -26.982 0.072 0.997 0. 2.807 0. 0. -1. 0.
-0.998 0.067 0. -28.575 0.067 0.998 0. 2.932 0. 0. -1. 0.
-0.998 0.061 0. -30.499 0.061 0.998 0. 3.035 0. 0. -1. 0.
-0.998 0.058 0. -32.333 0.058 0.998 0. 3.142 0. 0. -1. 0.
-0.999 0.054 0. -34.113 0.054 0.999 0. 3.279 0. 0. -1. 0.
-0.999 0.048 0. -36.186 0.048 0.999 0. 3.402 0. 0. -1. 0.
-0.999 0.045 0. -38.191 0.045 0.999 0. 3.506 0. 0. -1. 0.
-0.999 0.042 0. -40.272 0.042 0.999 0. 3.698 0. 0. -1. 0.
-0.999 0.040 0. -42.383 0.040 0.999 0. 3.802 0. 0. -1. 0.
-0.999 0.044 0. -44.500 0.044 0.999 0. 3.926 0. 0. -1. 0.
-0.999 0.051 0. -46.651 0.051 0.999 0. 4.020 0. 0. -1. 0.
-0.998 0.060 0. -48.801 0.060 0.998 0. 4.181 0. 0. -1. 0.
-0.997 0.077 0. -50.870 0.077 0.997 0. 4.324 0. 0. -1. 0.
-0.995 0.101 0. -52.836 0.101 0.995 0. 4.505 0. 0. -1. 0.
-0.992 0.125 0. -54.688 0.125 0.992 0. 4.782 0. 0. -1. 0.
-0.988 0.157 0. -56.353 0.157 0.988 0. 5.109 0. 0. -1. 0.
-0.980 0.200 0. -57.919 0.200 0.980 0. 5.431 0. 0. -1. 0.
-0.969 0.249 0. -59.361 0.249 0.969 0. 5.812 0. 0. -1. 0.
-0.952 0.307 0. -60.641 0.307 0.952 0. 6.330 0. 0. -1. 0.
-0.925 0.381 0. -61.824 0.381 0.925 0. 6.720 0. 0. -1. 0.
-0.886 0.464 0. -62.905 0.464 0.886 0. 7.400 0. 0. -1. 0.
-0.838 0.546 0. -63.921 0.546 0.838 0. 8.003 0. 0. -1. 0.
-0.773 0.634 0. -64.871 0.634 0.773 0. 8.798 0. 0. -1. 0.
-0.687 0.727 0. -65.662 0.727 0.687 0. 9.659 0. 0. -1. 0.
-0.584 0.812 0. -66.241 0.812 0.584 0. 10.589 0. 0. -1. 0.
-0.466 0.885 0. -66.761 0.885 0.466 0. 11.591 0. 0. -1. 0.
-0.343 0.939 0. -67.173 0.939 0.343 0. 12.581 0. 0. -1. 0.
-0.232 0.973 0. -67.338 0.973 0.232 0. 13.658 0. 0. -1. 0.
-0.137 0.991 0. -67.466 0.991 0.137 0. 14.790 0. 0. -1. 0.
-0.067 0.998 0. -67.635 0.998 0.067 0. 16.000 0. 0. -1. 0.
-0.028 1.000 0. -67.644 1.000 0.028 0. 17.297 0. 0. -1. 0.
-0.012 1. 0. -67.577 1. 0.012 0. 18.678 0. 0. -1. 0.
-0.002 1. 0. -67.496 1. 0.002 0. 20.156 0. 0. -1. 0.
0.005 1. 0. -67.404 1. -0.005 -0. 21.637 0. 0. -1. 0.
0.009 1. 0. -67.299 1. -0.009 -0. 23.207 0. 0. -1. 0.
0.016 1.000 0. -67.281 1.000 -0.016 -0. 24.867 0. 0. -1. 0.
0.024 1.000 0. -67.197 1.000 -0.024 -0. 26.636 0. 0. -1. 0.
0.037 0.999 0. -67.145 0.999 -0.037 -0. 28.492 0. 0. -1. 0.
0.049 0.999 0. -67.083 0.999 -0.049 -0. 30.373 0. 0. -1. 0.
0.047 0.999 0. -66.916 0.999 -0.047 -0. 32.216 0. 0. -1. 0.
0.054 0.999 0. -66.640 0.999 -0.054 -0. 34.150 0. 0. -1. 0.
0.073 0.997 0. -66.532 0.997 -0.073 -0. 36.044 0. 0. -1. 0.
0.098 0.995 0. -66.395 0.995 -0.098 -0. 37.967 0. 0. -1. 0.
0.125 0.992 0. -66.144 0.992 -0.125 -0. 39.789 0. 0. -1. 0.
0.149 0.989 0. -65.800 0.989 -0.149 -0. 41.757 0. 0. -1. 0.
0.169 0.986 0. -65.507 0.986 -0.169 -0. 43.638 0. 0. -1. 0.
0.179 0.984 0. -65.032 0.984 -0.179 -0. 45.477 0. 0. -1. 0.
0.185 0.983 0. -64.728 0.983 -0.185 -0. 47.369 0. 0. -1. 0.
0.188 0.982 0. -64.225 0.982 -0.188 -0. 49.481 0. 0. -1. 0.
0.187 0.982 0. -63.799 0.982 -0.187 -0. 51.160 0. 0. -1. 0.
0.195 0.981 0. -63.522 0.981 -0.195 -0. 53.138 0. 0. -1. 0.
0.187 0.982 0. -63.084 0.982 -0.187 -0. 55.034 0. 0. -1. 0.
0.169 0.986 0. -62.685 0.986 -0.169 -0. 57.007 0. 0. -1. 0.
0.146 0.989 0. -62.385 0.989 -0.146 -0. 59.010 0. 0. -1. 0.
0.127 0.992 0. -62.077 0.992 -0.127 -0. 60.931 0. 0. -1. 0.
0.108 0.994 0. -61.741 0.994 -0.108 -0. 62.919 0. 0. -1. 0.
0.089 0.996 0. -61.582 0.996 -0.089 -0. 64.923 0. 0. -1. 0.
0.082 0.997 0. -61.357 0.997 -0.082 -0. 66.823 0. 0. -1. 0.
0.068 0.998 0. -61.191 0.998 -0.068 -0. 68.730 0. 0. -1. 0.
0.055 0.998 0. -61.043 0.998 -0.055 -0. 70.684 0. 0. -1. 0.
0.050 0.999 0. -60.885 0.999 -0.050 -0. 72.606 0. 0. -1. 0.
0.048 0.999 0. -60.699 0.999 -0.048 -0. 74.515 0. 0. -1. 0.
0.046 0.999 0. -60.693 0.999 -0.046 -0. 76.356 0. 0. -1. 0.
0.044 0.999 0. -60.526 0.999 -0.044 -0. 78.240 0. 0. -1. 0.
0.045 0.999 0. -60.388 0.999 -0.045 -0. 80.070 0. 0. -1. 0.
0.045 0.999 0. -60.311 0.999 -0.045 -0. 81.904 0. 0. -1. 0.
0.045 0.999 0. -60.195 0.999 -0.045 -0. 83.640 0. 0. -1. 0.
0.036 0.999 0. -60.098 0.999 -0.036 -0. 85.307 0. 0. -1. 0.
0.019 1.000 0. -59.995 1.000 -0.019 -0. 86.948 0. 0. -1. 0.
-0.023 1.000 0. -59.956 1.000 0.023 0. 88.459 0. 0. -1. 0.
-0.091 0.996 0. -59.987 0.996 0.091 0. 90.001 0. 0. -1. 0.
-0.187 0.982 0. -60.260 0.982 0.187 0. 91.544 0. 0. -1. 0.
-0.293 0.956 0. -60.725 0.956 0.293 0. 92.991 0. 0. -1. 0.
-0.394 0.919 0. -61.173 0.919 0.394 0. 94.390 0. 0. -1. 0.
-0.492 0.871 0. -61.873 0.871 0.492 0. 95.608 0. 0. -1. 0.
-0.579 0.815 0. -62.672 0.815 0.579 0. 96.856 0. 0. -1. 0.
-0.665 0.746 0. -63.622 0.746 0.665 0. 97.966 0. 0. -1. 0.
-0.741 0.672 0. -64.672 0.672 0.741 0. 99.006 0. 0. -1. 0.
-0.812 0.584 0. -65.922 0.584 0.812 0. 99.919 0. 0. -1. 0.
-0.870 0.493 0. -67.254 0.493 0.870 0. 100.697 0. 0. -1. 0.
-0.917 0.399 0. -68.595 0.399 0.917 0. 101.417 0. 0. -1. 0.
-0.951 0.311 0. -70.249 0.311 0.951 0. 101.932 0. 0. -1. 0.
-0.968 0.252 0. -71.919 0.252 0.968 0. 102.376 0. 0. -1. 0.
-0.979 0.203 0. -73.453 0.203 0.979 0. 102.777 0. 0. -1. 0.
-0.985 0.172 0. -75.100 0.172 0.985 0. 103.050 0. 0. -1. 0.
-0.987 0.162 0. -76.752 0.162 0.987 0. 103.246 0. 0. -1. 0.
-0.983 0.184 0. -78.435 0.184 0.983 0. 103.569 0. 0. -1. 0.
-0.976 0.217 0. -80.069 0.217 0.976 0. 103.987 0. 0. -1. 0.
-0.964 0.264 0. -81.622 0.264 0.964 0. 104.451 0. 0. -1. 0.
-0.947 0.320 0. -83.206 0.320 0.947 0. 104.908 0. 0. -1. 0.
-0.922 0.388 0. -84.716 0.388 0.922 0. 105.603 0. 0. -1. 0.
-0.890 0.455 0. -86.181 0.455 0.890 0. 106.472 0. 0. -1. 0.
-0.855 0.519 0. -87.561 0.519 0.855 0. 107.354 0. 0. -1. 0.
-0.816 0.578 0. -88.967 0.578 0.816 0. 108.338 0. 0. -1. 0.
-0.776 0.631 0. -90.313 0.631 0.776 0. 109.414 0. 0. -1. 0.
-0.747 0.665 0. -91.655 0.665 0.747 0. 110.581 0. 0. -1. 0.
-0.723 0.690 0. -92.916 0.690 0.723 0. 111.847 0. 0. -1. 0.
-0.708 0.706 0. -94.188 0.706 0.708 0. 113.092 0. 0. -1. 0.
-0.699 0.715 0. -95.500 0.715 0.699 0. 114.448 0. 0. -1. 0.
-0.694 0.720 0. -96.755 0.720 0.694 0. 115.818 0. 0. -1. 0.
-0.689 0.725 0. -98.070 0.725 0.689 0. 117.222 0. 0. -1. 0.
-0.688 0.726 0. -99.366 0.726 0.688 0. 118.653 0. 0. -1. 0.
-0.687 0.727 0. -100.675 0.727 0.687 0. 120.165 0. 0. -1. 0.
-0.687 0.727 0. -102.074 0.727 0.687 0. 121.626 0. 0. -1. 0.
-0.683 0.731 0. -103.481 0.731 0.683 0. 123.052 0. 0. -1. 0.
-0.677 0.736 0. -104.837 0.736 0.677 0. 124.701 0. 0. -1. 0.
-0.667 0.745 0. -106.165 0.745 0.667 0. 126.204 0. 0. -1. 0.
-0.661 0.750 0. -107.555 0.750 0.661 0. 127.624 0. 0. -1. 0.
-0.657 0.754 0. -108.911 0.754 0.657 0. 129.187 0. 0. -1. 0.
-0.657 0.754 0. -110.221 0.754 0.657 0. 130.710 0. 0. -1. 0.
-0.654 0.757 0. -111.456 0.757 0.654 0. 132.378 0. 0. -1. 0.
-0.655 0.756 0. -112.847 0.756 0.655 0. 133.892 0. 0. -1. 0.
-0.655 0.756 0. -114.095 0.756 0.655 0. 135.492 0. 0. -1. 0.
-0.656 0.755 0. -115.445 0.755 0.656 0. 137.090 0. 0. -1. 0.
-0.657 0.754 0. -116.761 0.754 0.657 0. 138.711 0. 0. -1. 0.
-0.656 0.754 0. -118.194 0.754 0.656 0. 140.292 0. 0. -1. 0.
-0.656 0.755 0. -119.484 0.755 0.656 0. 141.941 0. 0. -1. 0.
-0.655 0.756 0. -120.928 0.756 0.655 0. 143.583 0. 0. -1. 0.
-0.653 0.758 0. -122.250 0.758 0.653 0. 145.280 0. 0. -1. 0.
-0.649 0.761 0. -123.650 0.761 0.649 0. 147.049 0. 0. -1. 0.
-0.641 0.768 0. -124.974 0.768 0.641 0. 148.751 0. 0. -1. 0.
-0.631 0.776 0. -126.442 0.776 0.631 0. 150.542 0. 0. -1. 0.
-0.624 0.781 0. -127.726 0.781 0.624 0. 152.285 0. 0. -1. 0.
-0.619 0.786 0. -129.152 0.786 0.619 0. 154.015 0. 0. -1. 0.
-0.617 0.787 0. -130.480 0.787 0.617 0. 155.821 0. 0. -1. 0.
-0.613 0.790 0. -131.854 0.790 0.613 0. 157.653 0. 0. -1. 0.
-0.607 0.794 0. -133.233 0.794 0.607 0. 159.476 0. 0. -1. 0.
-0.599 0.801 0. -134.492 0.801 0.599 0. 161.340 0. 0. -1. 0.
-0.591 0.807 0. -135.852 0.807 0.591 0. 163.252 0. 0. -1. 0.
-0.578 0.816 0. -137.166 0.816 0.578 0. 165.112 0. 0. -1. 0.
-0.561 0.828 0. -138.389 0.828 0.561 0. 167.028 0. 0. -1. 0.
-0.541 0.841 0. -139.626 0.841 0.541 0. 168.984 0. 0. -1. 0.
-0.521 0.854 0. -140.700 0.854 0.521 0. 170.936 0. 0. -1. 0.
-0.499 0.867 0. -141.818 0.867 0.499 0. 172.987 0. 0. -1. 0.
-0.471 0.882 0. -142.876 0.882 0.471 0. 174.932 0. 0. -1. 0.
-0.439 0.899 0. -143.899 0.899 0.439 0. 177.006 0. 0. -1. 0.
-0.403 0.915 0. -144.810 0.915 0.403 0. 179.117 0. 0. -1. 0.
-0.366 0.931 0. -145.619 0.931 0.366 0. 181.220 0. 0. -1. 0.
-0.328 0.945 0. -146.356 0.945 0.328 0. 183.380 0. 0. -1. 0.
-0.293 0.956 0. -147.113 0.956 0.293 0. 185.557 0. 0. -1. 0.
-0.257 0.966 0. -147.587 0.966 0.257 0. 187.747 0. 0. -1. 0.
-0.222 0.975 0. -148.087 0.975 0.222 0. 189.942 0. 0. -1. 0.
-0.189 0.982 0. -148.469 0.982 0.189 0. 192.135 0. 0. -1. 0.
-0.156 0.988 0. -148.906 0.988 0.156 0. 194.361 0. 0. -1. 0.
-0.124 0.992 0. -149.151 0.992 0.124 0. 196.581 0. 0. -1. 0.
-0.091 0.996 0. -149.335 0.996 0.091 0. 198.853 0. 0. -1. 0.
-0.062 0.998 0. -149.508 0.998 0.062 0. 201.075 0. 0. -1. 0.
-0.046 0.999 0. -149.570 0.999 0.046 0. 203.376 0. 0. -1. 0.
-0.047 0.999 0. -149.530 0.999 0.047 0. 205.664 0. 0. -1. 0.
-0.054 0.999 0. -149.529 0.999 0.054 0. 207.962 0. 0. -1. 0.
-0.061 0.998 0. -149.603 0.998 0.061 0. 210.265 0. 0. -1. 0.
-0.068 0.998 0. -149.699 0.998 0.068 0. 212.550 0. 0. -1. 0.
-0.076 0.997 0. -149.870 0.997 0.076 0. 214.826 0. 0. -1. 0.
-0.092 0.996 0. -150.062 0.996 0.092 0. 217.137 0. 0. -1. 0.
-0.114 0.993 0. -150.217 0.993 0.114 0. 219.433 0. 0. -1. 0.
-0.136 0.991 0. -150.469 0.991 0.136 0. 221.660 0. 0. -1. 0.
-0.165 0.986 0. -150.862 0.986 0.165 0. 223.873 0. 0. -1. 0.
-0.199 0.980 0. -151.181 0.980 0.199 0. 226.128 0. 0. -1. 0.
-0.244 0.970 0. -151.660 0.970 0.244 0. 228.360 0. 0. -1. 0.
-0.305 0.952 0. -152.136 0.952 0.305 0. 230.479 0. 0. -1. 0.
-0.370 0.929 0. -153.018 0.929 0.370 0. 232.435 0. 0. -1. 0.
-0.428 0.904 0. -154.055 0.904 0.428 0. 234.405 0. 0. -1. 0.
-0.489 0.872 0. -154.957 0.872 0.489 0. 236.282 0. 0. -1. 0.
-0.563 0.826 0. -155.998 0.826 0.563 0. 238.050 0. 0. -1. 0.
-0.643 0.766 0. -157.365 0.766 0.643 0. 239.745 0. 0. -1. 0.
-0.714 0.700 0. -158.944 0.700 0.714 0. 241.239 0. 0. -1. 0.
-0.773 0.634 0. -160.575 0.634 0.773 0. 242.597 0. 0. -1. 0.
-0.822 0.570 0. -162.248 0.570 0.822 0. 243.871 0. 0. -1. 0.
-0.862 0.506 0. -164.096 0.506 0.862 0. 244.990 0. 0. -1. 0.
-0.894 0.447 0. -165.979 0.447 0.894 0. 246.064 0. 0. -1. 0.
-0.918 0.396 0. -167.971 0.396 0.918 0. 246.941 0. 0. -1. 0.
-0.936 0.353 0. -169.911 0.353 0.936 0. 247.774 0. 0. -1. 0.
-0.947 0.322 0. -172.011 0.322 0.947 0. 248.476 0. 0. -1. 0.
-0.952 0.306 0. -174.163 0.306 0.952 0. 249.132 0. 0. -1. 0.
-0.955 0.297 0. -176.282 0.297 0.955 0. 249.887 0. 0. -1. 0.
-0.957 0.291 0. -178.436 0.291 0.957 0. 250.638 0. 0. -1. 0.
-0.958 0.287 0. -180.614 0.287 0.958 0. 251.337 0. 0. -1. 0.
-0.958 0.287 0. -182.915 0.287 0.958 0. 251.999 0. 0. -1. 0.
-0.958 0.287 0. -185.092 0.287 0.958 0. 252.755 0. 0. -1. 0.
-0.957 0.290 0. -187.344 0.290 0.957 0. 253.452 0. 0. -1. 0.
-0.956 0.294 0. -189.581 0.294 0.956 0. 254.143 0. 0. -1. 0.
-0.954 0.300 0. -191.842 0.300 0.954 0. 254.922 0. 0. -1. 0.
-0.952 0.306 0. -194.092 0.306 0.952 0. 255.661 0. 0. -1. 0.
-0.950 0.311 0. -196.307 0.311 0.950 0. 256.406 0. 0. -1. 0.
-0.949 0.314 0. -198.481 0.314 0.949 0. 257.195 0. 0. -1. 0.
-0.948 0.320 0. -200.705 0.320 0.948 0. 257.892 0. 0. -1. 0.
-0.945 0.327 0. -202.907 0.327 0.945 0. 258.653 0. 0. -1. 0.
-0.941 0.338 0. -204.987 0.338 0.941 0. 259.449 0. 0. -1. 0.
-0.937 0.350 0. -207.025 0.350 0.937 0. 260.305 0. 0. -1. 0.
-0.933 0.361 0. -209.132 0.361 0.933 0. 261.104 0. 0. -1. 0.
-0.926 0.377 0. -211.158 0.377 0.926 0. 261.944 0. 0. -1. 0.
-0.918 0.396 0. -213.154 0.396 0.918 0. 262.845 0. 0. -1. 0.
-0.909 0.417 0. -215.057 0.417 0.909 0. 263.762 0. 0. -1. 0.
-0.900 0.437 0. -216.865 0.437 0.900 0. 264.671 0. 0. -1. 0.
-0.891 0.453 0. -218.572 0.453 0.891 0. 265.609 0. 0. -1. 0.
-0.882 0.471 0. -220.187 0.471 0.882 0. 266.488 0. 0. -1. 0.
-0.876 0.482 0. -221.645 0.482 0.876 0. 267.371 0. 0. -1. 0.
-0.872 0.489 0. -223.052 0.489 0.872 0. 268.130 0. 0. -1. 0.
-0.871 0.492 0. -224.439 0.492 0.871 0. 268.973 0. 0. -1. 0.
-0.869 0.494 0. -225.642 0.494 0.869 0. 269.713 0. 0. -1. 0.
-0.865 0.502 0. -226.808 0.502 0.865 0. 270.460 0. 0. -1. 0.
-0.860 0.511 0. -227.790 0.511 0.860 0. 271.029 0. 0. -1. 0.
-0.855 0.519 0. -228.680 0.519 0.855 0. 271.634 0. 0. -1. 0.
-0.854 0.520 0. -229.535 0.520 0.854 0. 272.137 0. 0. -1. 0.
-0.856 0.517 0. -230.223 0.517 0.856 0. 272.545 0. 0. -1. 0.
-0.856 0.516 0. -230.870 0.516 0.856 0. 273.066 0. 0. -1. 0.
-0.856 0.516 0. -231.393 0.516 0.856 0. 273.375 0. 0. -1. 0.
-0.857 0.515 0. -231.855 0.515 0.857 0. 273.636 0. 0. -1. 0.
-0.857 0.515 0. -232.269 0.515 0.857 0. 273.893 0. 0. -1. 0.
-0.857 0.515 0. -232.544 0.515 0.857 0. 274.010 0. 0. -1. 0.
-0.857 0.516 0. -232.736 0.516 0.857 0. 274.188 0. 0. -1. 0.
-0.856 0.516 0. -232.889 0.516 0.856 0. 274.291 0. 0. -1. 0.
-0.856 0.517 0. -232.961 0.517 0.856 0. 274.314 0. 0. -1. 0.
-0.856 0.516 0. -232.969 0.516 0.856 0. 274.293 0. 0. -1. 0.
-0.856 0.517 0. -232.982 0.517 0.856 0. 274.296 0. 0. -1. 0.
-0.856 0.517 0. -232.988 0.517 0.856 0. 274.317 0. 0. -1. 0.
-0.856 0.517 0. -233.020 0.517 0.856 0. 274.301 0. 0. -1. 0.
-0.856 0.517 0. -233.013 0.517 0.856 0. 274.329 0. 0. -1. 0.
-0.857 0.516 0. -233.022 0.516 0.857 0. 274.313 0. 0. -1. 0.
-0.855 0.519 0. -233.056 0.519 0.855 0. 274.345 0. 0. -1. 0.
-0.855 0.519 0. -233.030 0.519 0.855 0. 274.366 0. 0. -1. 0.
-0.857 0.516 0. -233.066 0.516 0.857 0. 274.366 0. 0. -1. 0.
-0.857 0.515 0. -233.101 0.515 0.857 0. 274.414 0. 0. -1. 0.
-0.857 0.516 0. -233.181 0.516 0.857 0. 274.434 0. 0. -1. 0.
-0.856 0.516 0. -233.236 0.516 0.856 0. 274.468 0. 0. -1. 0.
-0.856 0.517 0. -233.284 0.517 0.856 0. 274.489 0. 0. -1. 0.
-0.856 0.516 0. -233.329 0.516 0.856 0. 274.543 0. 0. -1. 0.
-0.856 0.517 0. -233.401 0.517 0.856 0. 274.562 0. 0. -1. 0.
-0.856 0.517 0. -233.448 0.517 0.856 0. 274.588 0. 0. -1. 0.
-0.856 0.517 0. -233.505 0.517 0.856 0. 274.645 0. 0. -1. 0.
-0.855 0.518 0. -233.525 0.518 0.855 0. 274.672 0. 0. -1. 0.
-0.855 0.519 0. -233.584 0.519 0.855 0. 274.678 0. 0. -1. 0.
-0.855 0.519 0. -233.604 0.519 0.855 0. 274.684 0. 0. -1. 0.
-0.854 0.521 0. -233.660 0.521 0.854 0. 274.752 0. 0. -1. 0.
-0.853 0.522 0. -233.745 0.522 0.853 0. 274.791 0. 0. -1. 0.
-0.852 0.523 0. -233.837 0.523 0.852 0. 274.844 0. 0. -1. 0.
-0.852 0.524 0. -233.894 0.524 0.852 0. 274.857 0. 0. -1. 0.
-0.851 0.525 0. -233.936 0.525 0.851 0. 274.909 0. 0. -1. 0.
-0.851 0.526 0. -233.951 0.526 0.851 0. 274.908 0. 0. -1. 0.
-0.850 0.527 0. -233.965 0.527 0.850 0. 274.917 0. 0. -1. 0.
-0.849 0.528 0. -233.973 0.528 0.849 0. 274.944 0. 0. -1. 0.
-0.849 0.529 0. -233.985 0.529 0.849 0. 274.928 0. 0. -1. 0.
-0.848 0.530 0. -234.010 0.530 0.848 0. 274.968 0. 0. -1. 0.
-0.846 0.533 0. -234.052 0.533 0.846 0. 275.012 0. 0. -1. 0.
-0.844 0.536 0. -234.128 0.536 0.844 0. 274.997 0. 0. -1. 0.
-0.841 0.542 0. -234.171 0.542 0.841 0. 275.043 0. 0. -1. 0.
-0.837 0.547 0. -234.176 0.547 0.837 0. 275.109 0. 0. -1. 0.
-0.835 0.551 0. -234.301 0.551 0.835 0. 275.083 0. 0. -1. 0.
-0.830 0.557 0. -234.341 0.557 0.830 0. 275.140 0. 0. -1. 0.
-0.825 0.565 0. -234.385 0.565 0.825 0. 275.236 0. 0. -1. 0.
-0.818 0.575 0. -234.492 0.575 0.818 0. 275.297 0. 0. -1. 0.
-0.811 0.585 0. -234.594 0.585 0.811 0. 275.352 0. 0. -1. 0.
-0.801 0.598 0. -234.645 0.598 0.801 0. 275.474 0. 0. -1. 0.
-0.790 0.614 0. -234.747 0.614 0.790 0. 275.540 0. 0. -1. 0.
-0.777 0.630 0. -234.877 0.630 0.777 0. 275.596 0. 0. -1. 0.
-0.767 0.642 0. -234.950 0.642 0.767 0. 275.696 0. 0. -1. 0.
-0.761 0.649 0. -234.983 0.649 0.761 0. 275.719 0. 0. -1. 0.
-0.761 0.649 0. -234.993 0.649 0.761 0. 275.730 0. 0. -1. 0.
-0.761 0.649 0. -234.999 0.649 0.761 0. 275.758 0. 0. -1. 0.
-0.761 0.649 0. -235.000 0.649 0.761 0. 275.765 0. 0. -1. 0.
-0.761 0.649 0. -234.992 0.649 0.761 0. 275.753 0. 0. -1. 0.
-0.761 0.649 0. -235.003 0.649 0.761 0. 275.757 0. 0. -1. 0.
-0.761 0.649 0. -234.992 0.649 0.761 0. 275.750 0. 0. -1. 0.
-0.761 0.648 0. -235.007 0.648 0.761 0. 275.744 0. 0. -1. 0.
-0.761 0.649 0. -234.998 0.649 0.761 0. 275.741 0. 0. -1. 0.
-0.761 0.649 0. -234.992 0.649 0.761 0. 275.741 0. 0. -1. 0.
-0.761 0.649 0. -234.995 0.649 0.761 0. 275.759 0. 0. -1. 0.
-0.760 0.650 0. -235.012 0.650 0.760 0. 275.756 0. 0. -1. 0.
-0.756 0.654 0. -235.021 0.654 0.756 0. 275.808 0. 0. -1. 0.
-0.752 0.659 0. -235.061 0.659 0.752 0. 275.818 0. 0. -1. 0.
-0.746 0.666 0. -235.099 0.666 0.746 0. 275.861 0. 0. -1. 0.
-0.738 0.674 0. -235.172 0.674 0.738 0. 275.939 0. 0. -1. 0.
-0.723 0.691 0. -235.316 0.691 0.723 0. 276.101 0. 0. -1. 0.
-0.694 0.720 0. -235.540 0.720 0.694 0. 276.399 0. 0. -1. 0.
-0.648 0.762 0. -235.819 0.762 0.648 0. 276.818 0. 0. -1. 0.
-0.591 0.807 0. -236.138 0.807 0.591 0. 277.184 0. 0. -1. 0.
-0.530 0.848 0. -236.491 0.848 0.530 0. 277.824 0. 0. -1. 0.
-0.474 0.881 0. -236.893 0.881 0.474 0. 278.515 0. 0. -1. 0.
-0.434 0.901 0. -237.251 0.901 0.434 0. 279.462 0. 0. -1. 0.
-0.404 0.915 0. -237.768 0.915 0.404 0. 280.567 0. 0. -1. 0.
-0.353 0.935 0. -238.280 0.935 0.353 0. 281.862 0. 0. -1. 0.
-0.274 0.962 0. -238.591 0.962 0.274 0. 283.214 0. 0. -1. 0.
-0.162 0.987 0. -238.775 0.987 0.162 0. 284.527 0. 0. -1. 0.
-0.036 0.999 0. -238.750 0.999 0.036 0. 285.989 0. 0. -1. 0.
0.125 0.992 0. -238.469 0.992 -0.125 -0. 287.349 0. 0. -1. 0.
0.252 0.968 0. -238.019 0.968 -0.252 -0. 288.648 0. 0. -1. 0.
0.322 0.947 0. -237.390 0.947 -0.322 -0. 289.977 0. 0. -1. 0.
0.334 0.943 0. -236.846 0.943 -0.334 -0. 291.510 0. 0. -1. 0.
0.307 0.952 0. -236.310 0.952 -0.307 -0. 293.284 0. 0. -1. 0.
0.294 0.956 0. -235.895 0.956 -0.294 -0. 295.020 0. 0. -1. 0.
0.288 0.958 0. -235.309 0.958 -0.288 -0. 296.818 0. 0. -1. 0.
0.277 0.961 0. -234.770 0.961 -0.277 -0. 298.741 0. 0. -1. 0.
0.278 0.961 0. -234.180 0.961 -0.278 -0. 300.731 0. 0. -1. 0.
0.282 0.959 0. -233.487 0.959 -0.282 -0. 302.807 0. 0. -1. 0.
0.285 0.958 0. -232.822 0.958 -0.285 -0. 304.992 0. 0. -1. 0.
0.289 0.957 0. -232.072 0.957 -0.289 -0. 307.240 0. 0. -1. 0.
0.291 0.957 0. -231.358 0.957 -0.291 -0. 309.563 0. 0. -1. 0.
0.293 0.956 0. -230.585 0.956 -0.293 -0. 311.941 0. 0. -1. 0.
0.297 0.955 0. -229.735 0.955 -0.297 -0. 314.364 0. 0. -1. 0.
0.303 0.953 0. -228.969 0.953 -0.303 -0. 316.822 0. 0. -1. 0.
0.303 0.953 0. -228.006 0.953 -0.303 -0. 319.311 0. 0. -1. 0.
0.303 0.953 0. -227.227 0.953 -0.303 -0. 321.899 0. 0. -1. 0.
0.301 0.954 0. -226.327 0.954 -0.301 -0. 324.504 0. 0. -1. 0.
0.299 0.954 0. -225.417 0.954 -0.299 -0. 327.156 0. 0. -1. 0.
0.299 0.954 0. -224.575 0.954 -0.299 -0. 329.815 0. 0. -1. 0.
0.294 0.956 0. -223.697 0.956 -0.294 -0. 332.493 0. 0. -1. 0.
0.296 0.955 0. -222.838 0.955 -0.296 -0. 335.200 0. 0. -1. 0.
0.293 0.956 0. -221.920 0.956 -0.293 -0. 337.955 0. 0. -1. 0.
0.291 0.957 0. -221.104 0.957 -0.291 -0. 340.765 0. 0. -1. 0.
0.290 0.957 0. -220.116 0.957 -0.290 -0. 343.598 0. 0. -1. 0.
0.287 0.958 0. -219.243 0.958 -0.287 -0. 346.475 0. 0. -1. 0.
0.289 0.957 0. -218.325 0.957 -0.289 -0. 349.377 0. 0. -1. 0.
0.288 0.958 0. -217.430 0.958 -0.288 -0. 352.319 0. 0. -1. 0.
0.293 0.956 0. -216.463 0.956 -0.293 -0. 355.322 0. 0. -1. 0.
0.298 0.955 0. -215.443 0.955 -0.298 -0. 358.343 0. 0. -1. 0.
0.299 0.954 0. -214.421 0.954 -0.299 -0. 361.363 0. 0. -1. 0.
0.298 0.955 0. -213.410 0.955 -0.298 -0. 364.462 0. 0. -1. 0.
0.295 0.955 0. -212.375 0.955 -0.295 -0. 367.579 0. 0. -1. 0.
0.297 0.955 0. -211.338 0.955 -0.297 -0. 370.749 0. 0. -1. 0.
0.302 0.953 0. -210.245 0.953 -0.302 -0. 373.854 0. 0. -1. 0.
0.303 0.953 0. -209.273 0.953 -0.303 -0. 376.933 0. 0. -1. 0.
0.302 0.953 0. -208.254 0.953 -0.302 -0. 380.044 0. 0. -1. 0.
0.302 0.953 0. -207.251 0.953 -0.302 -0. 383.182 0. 0. -1. 0.
0.303 0.953 0. -206.219 0.953 -0.303 -0. 386.340 0. 0. -1. 0.
0.301 0.954 0. -205.165 0.954 -0.301 -0. 389.472 0. 0. -1. 0.
0.299 0.954 0. -204.067 0.954 -0.299 -0. 392.668 0. 0. -1. 0.
0.297 0.955 0. -202.981 0.955 -0.297 -0. 395.825 0. 0. -1. 0.
0.297 0.955 0. -201.958 0.955 -0.297 -0. 399.049 0. 0. -1. 0.
0.301 0.953 0. -200.877 0.953 -0.301 -0. 402.232 0. 0. -1. 0.
0.302 0.953 0. -199.821 0.953 -0.302 -0. 405.473 0. 0. -1. 0.
0.303 0.953 0. -198.728 0.953 -0.303 -0. 408.717 0. 0. -1. 0.
0.302 0.953 0. -197.593 0.953 -0.302 -0. 411.945 0. 0. -1. 0.
0.298 0.954 0. -196.642 0.954 -0.298 -0. 415.232 0. 0. -1. 0.
0.296 0.955 0. -195.528 0.955 -0.296 -0. 418.482 0. 0. -1. 0.
0.295 0.955 0. -194.471 0.955 -0.295 -0. 421.757 0. 0. -1. 0.
0.294 0.956 0. -193.435 0.956 -0.294 -0. 425.050 0. 0. -1. 0.
0.295 0.955 0. -192.366 0.955 -0.295 -0. 428.299 0. 0. -1. 0.
0.295 0.956 0. -191.294 0.956 -0.295 -0. 431.524 0. 0. -1. 0.
0.295 0.956 0. -190.219 0.956 -0.295 -0. 434.753 0. 0. -1. 0.
0.296 0.955 0. -189.125 0.955 -0.296 -0. 437.963 0. 0. -1. 0.
0.298 0.955 0. -188.045 0.955 -0.298 -0. 441.127 0. 0. -1. 0.
0.300 0.954 0. -187.009 0.954 -0.300 -0. 444.338 0. 0. -1. 0.
0.303 0.953 0. -185.951 0.953 -0.303 -0. 447.511 0. 0. -1. 0.
0.303 0.953 0. -184.884 0.953 -0.303 -0. 450.698 0. 0. -1. 0.
0.305 0.952 0. -183.793 0.952 -0.305 -0. 453.886 0. 0. -1. 0.
0.303 0.953 0. -182.696 0.953 -0.303 -0. 457.064 0. 0. -1. 0.
0.299 0.954 0. -181.737 0.954 -0.299 -0. 460.236 0. 0. -1. 0.
0.297 0.955 0. -180.584 0.955 -0.297 -0. 463.400 0. 0. -1. 0.
0.297 0.955 0. -179.581 0.955 -0.297 -0. 466.554 0. 0. -1. 0.
0.295 0.956 0. -178.617 0.956 -0.295 -0. 469.671 0. 0. -1. 0.
0.295 0.956 0. -177.530 0.956 -0.295 -0. 472.826 0. 0. -1. 0.
0.296 0.955 0. -176.458 0.955 -0.296 -0. 476.008 0. 0. -1. 0.
0.298 0.955 0. -175.427 0.955 -0.298 -0. 479.203 0. 0. -1. 0.
0.302 0.953 0. -174.320 0.953 -0.302 -0. 482.366 0. 0. -1. 0.
0.304 0.953 0. -173.236 0.953 -0.304 -0. 485.595 0. 0. -1. 0.
0.309 0.951 0. -172.200 0.951 -0.309 -0. 488.798 0. 0. -1. 0.
0.308 0.951 0. -171.086 0.951 -0.308 -0. 491.980 0. 0. -1. 0.
0.305 0.952 0. -169.928 0.952 -0.305 -0. 495.235 0. 0. -1. 0.
0.302 0.953 0. -168.908 0.953 -0.302 -0. 498.530 0. 0. -1. 0.
0.301 0.954 0. -167.838 0.954 -0.301 -0. 501.709 0. 0. -1. 0.
0.305 0.952 0. -166.808 0.952 -0.305 -0. 504.932 0. 0. -1. 0.
0.308 0.951 0. -165.711 0.951 -0.308 -0. 508.035 0. 0. -1. 0.
0.304 0.953 0. -164.638 0.953 -0.304 -0. 511.146 0. 0. -1. 0.
0.300 0.954 0. -163.652 0.954 -0.300 -0. 514.263 0. 0. -1. 0.
0.304 0.953 0. -162.616 0.953 -0.304 -0. 517.255 0. 0. -1. 0.
0.303 0.953 0. -161.630 0.953 -0.303 -0. 520.285 0. 0. -1. 0.
0.305 0.952 0. -160.630 0.952 -0.305 -0. 523.263 0. 0. -1. 0.
0.309 0.951 0. -159.654 0.951 -0.309 -0. 526.287 0. 0. -1. 0.
0.313 0.950 0. -158.637 0.950 -0.313 -0. 529.212 0. 0. -1. 0.
0.318 0.948 0. -157.589 0.948 -0.318 -0. 532.178 0. 0. -1. 0.
0.318 0.948 0. -156.511 0.948 -0.318 -0. 535.138 0. 0. -1. 0.
