0.976 0.218 0. -0.454 0.218 -0.976 0. 0.812 0. 0. -1. 0.
0.976 0.218 0. -0.454 0.218 -0.976 0. 0.812 0. 0. -1. 0.
0.976 0.218 0. -0.454 0.218 -0.976 0. 0.812 0. 0. -1. 0.
0.976 0.218 0. -0.454 0.218 -0.976 0. 0.812 0. 0. -1. 0.
0.976 0.218 0. -0.454 0.218 -0.976 0. 0.812 0. 0. -1. 0.
0.976 0.218 0. -0.454 0.218 -0.976 0. 0.812 0. 0. -1. 0.
0.976 0.218 0. -0.454 0.218 -0.976 0. 0.812 0. 0. -1. 0.
0.976 0.218 0. -0.454 0.218 -0.976 0. 0.812 0. 0. -1. 0.
0.976 0.218 0. -0.454 0.218 -0.976 0. 0.812 0. 0. -1. 0.
0.976 0.218 0. -0.454 0.218 -0.976 0. 0.812 0. 0. -1. 0.
0.976 0.218 0. -0.454 0.218 -0.976 0. 0.812 0. 0. -1. 0.
0.976 0.218 0. -0.454 0.218 -0.976 0. 0.812 0. 0. -1. 0.
0.976 0.218 0. -0.454 0.218 -0.976 0. 0.812 0. 0. -1. 0.
0.976 0.218 0. -0.454 0.218 -0.976 0. 0.812 0. 0. -1. 0.
0.976 0.218 0. -0.454 0.218 -0.976 0. 0.812 0. 0. -1. 0.
0.976 0.218 0. -0.454 0.218 -0.976 0. 0.812 0. 0. -1. 0.
0.976 0.217 0. -0.454 0.217 -0.976 0. 0.813 0. 0. -1. 0.
0.976 0.217 0. -0.454 0.217 -0.976 0. 0.813 0. 0. -1. 0.
0.976 0.217 0. -0.454 0.217 -0.976 0. 0.813 0. 0. -1. 0.
0.976 0.216 0. -0.455 0.216 -0.976 0. 0.813 0. 0. -1. 0.
0.977 0.215 0. -0.454 0.215 -0.977 0. 0.812 0. 0. -1. 0.
0.977 0.214 0. -0.446 0.214 -0.977 0. 0.814 0. 0. -1. 0.
0.978 0.210 0. -0.426 0.210 -0.978 0. 0.817 0. 0. -1. 0.
0.979 0.203 0. -0.379 0.203 -0.979 0. 0.822 0. 0. -1. 0.
0.983 0.186 0. -0.286 0.186 -0.983 0. 0.831 0. 0. -1. 0.
0.987 0.158 0. -0.105 0.158 -0.987 0. 0.840 0. 0. -1. 0.
0.993 0.120 0. 0.169 0.120 -0.993 0. 0.850 0. 0. -1. 0.
0.997 0.079 0. 0.523 0.079 -0.997 0. 0.849 0. 0. -1. 0.
0.999 0.042 0. 0.976 0.042 -0.999 0. 0.849 0. 0. -1. 0.
1. 0.012 0. 1.527 0.012 -1. 0. 0.833 0. 0. -1. 0.
1. -0.004 0. 2.186 -0.004 -1. -0. 0.817 0. 0. -1. 0.
1. -0.007 0. 2.942 -0.007 -1. -0. 0.804 0. 0. -1. 0.
1. -0.005 0. 3.796 -0.005 -1. -0. 0.801 0. 0. -1. 0.
1. -0.001 0. 4.728 -0.001 -1. -0. 0.797 0. 0. -1. 0.
1. 0.003 0. 5.731 0.003 -1. 0. 0.784 0. 0. -1. 0.
1. 0.006 0. 6.786 0.006 -1. 0. 0.780 0. 0. -1. 0.
1. 0.011 0. 7.893 0.011 -1. 0. 0.776 0. 0. -1. 0.
1.000 0.020 0. 9.027 0.020 -1.000 0. 0.771 0. 0. -1. 0.
0.999 0.033 0. 10.200 0.033 -0.999 0. 0.783 0. 0. -1. 0.
0.999 0.049 0. 11.432 0.049 -0.999 0. 0.814 0. 0. -1. 0.
0.998 0.066 0. 12.751 0.066 -0.998 0. 0.883 0. 0. -1. 0.
0.996 0.086 0. 14.080 0.086 -0.996 0. 0.972 0. 0. -1. 0.
0.994 0.108 0. 15.473 0.108 -0.994 0. 1.102 0. 0. -1. 0.
0.992 0.130 0. 16.977 0.130 -0.992 0. 1.283 0. 0. -1. 0.
0.989 0.149 0. 18.491 0.149 -0.989 0. 1.472 0. 0. -1. 0.
0.986 0.166 0. 20.065 0.166 -0.986 0. 1.705 0. 0. -1. 0.
0.983 0.181 0. 21.679 0.181 -0.983 0. 1.958 0. 0. -1. 0.
0.981 0.194 0. 23.315 0.194 -0.981 0. 2.246 0. 0. -1. 0.
0.979 0.206 0. 24.954 0.206 -0.979 0. 2.547 0. 0. -1. 0.
0.976 0.217 0. 26.612 0.217 -0.976 0. 2.886 0. 0. -1. 0.
0.974 0.226 0. 28.285 0.226 -0.974 0. 3.223 0. 0. -1. 0.
0.972 0.235 0. 29.978 0.235 -0.972 0. 3.584 0. 0. -1. 0.
0.970 0.244 0. 31.734 0.244 -0.970 0. 4.005 0. 0. -1. 0.
0.968 0.250 0. 33.458 0.250 -0.968 0. 4.421 0. 0. -1. 0.
0.966 0.258 0. 35.293 0.258 -0.966 0. 4.912 0. 0. -1. 0.
0.965 0.261 0. 37.165 0.261 -0.965 0. 5.346 0. 0. -1. 0.
0.965 0.264 0. 39.007 0.264 -0.965 0. 5.834 0. 0. -1. 0.
0.964 0.265 0. 40.987 0.265 -0.964 0. 6.336 0. 0. -1. 0.
0.964 0.265 0. 42.982 0.265 -0.964 0. 6.847 0. 0. -1. 0.
0.964 0.264 0. 45.037 0.264 -0.964 0. 7.365 0. 0. -1. 0.
0.965 0.264 0. 47.162 0.264 -0.965 0. 7.905 0. 0. -1. 0.
0.964 0.264 0. 49.315 0.264 -0.964 0. 8.459 0. 0. -1. 0.
0.965 0.264 0. 51.523 0.264 -0.965 0. 9.008 0. 0. -1. 0.
0.964 0.265 0. 53.708 0.265 -0.964 0. 9.560 0. 0. -1. 0.
0.964 0.265 0. 55.921 0.265 -0.964 0. 10.120 0. 0. -1. 0.
0.964 0.265 0. 58.132 0.265 -0.964 0. 10.667 0. 0. -1. 0.
0.965 0.264 0. 60.329 0.264 -0.965 0. 11.211 0. 0. -1. 0.
0.965 0.263 0. 62.511 0.263 -0.965 0. 11.773 0. 0. -1. 0.
0.965 0.261 0. 64.692 0.261 -0.965 0. 12.343 0. 0. -1. 0.
0.966 0.257 0. 66.860 0.257 -0.966 0. 12.888 0. 0. -1. 0.
0.968 0.253 0. 69.047 0.253 -0.968 0. 13.411 0. 0. -1. 0.
0.969 0.245 0. 71.220 0.245 -0.969 0. 13.935 0. 0. -1. 0.
0.973 0.230 0. 73.365 0.230 -0.973 0. 14.421 0. 0. -1. 0.
0.979 0.206 0. 75.509 0.206 -0.979 0. 14.848 0. 0. -1. 0.
0.984 0.176 0. 77.607 0.176 -0.984 0. 15.225 0. 0. -1. 0.
0.990 0.138 0. 79.708 0.138 -0.990 0. 15.525 0. 0. -1. 0.
0.995 0.098 0. 81.801 0.098 -0.995 0. 15.720 0. 0. -1. 0.
0.999 0.052 0. 83.831 0.052 -0.999 0. 15.828 0. 0. -1. 0.
1. 0.001 0. 85.878 0.001 -1. 0. 15.829 0. 0. -1. 0.
0.998 -0.056 0. 87.918 -0.056 -0.998 -0. 15.725 0. 0. -1. 0.
0.994 -0.110 0. 89.923 -0.110 -0.994 -0. 15.495 0. 0. -1. 0.
0.987 -0.161 0. 91.893 -0.161 -0.987 -0. 15.172 0. 0. -1. 0.
0.978 -0.211 0. 93.866 -0.211 -0.978 -0. 14.750 0. 0. -1. 0.
0.965 -0.263 0. 95.795 -0.263 -0.965 -0. 14.233 0. 0. -1. 0.
0.949 -0.316 0. 97.700 -0.316 -0.949 -0. 13.597 0. 0. -1. 0.
0.929 -0.371 0. 99.565 -0.371 -0.929 -0. 12.876 0. 0. -1. 0.
0.901 -0.433 0. 101.388 -0.433 -0.901 -0. 12.024 0. 0. -1. 0.
0.865 -0.502 0. 103.094 -0.502 -0.865 -0. 11.062 0. 0. -1. 0.
0.820 -0.572 0. 104.696 -0.572 -0.820 -0. 9.956 0. 0. -1. 0.
0.770 -0.638 0. 106.206 -0.638 -0.770 -0. 8.725 0. 0. -1. 0.
0.718 -0.696 0. 107.615 -0.696 -0.718 -0. 7.394 0. 0. -1. 0.
0.669 -0.743 0. 108.924 -0.743 -0.669 -0. 5.917 0. 0. -1. 0.
0.631 -0.776 0. 110.196 -0.776 -0.631 -0. 4.318 0. 0. -1. 0.
0.602 -0.798 0. 111.409 -0.798 -0.602 -0. 2.667 0. 0. -1. 0.
0.580 -0.814 0. 112.621 -0.814 -0.580 -0. 0.947 0. 0. -1. 0.
0.565 -0.825 0. 113.821 -0.825 -0.565 -0. -0.818 0. 0. -1. 0.
0.557 -0.830 0. 115.039 -0.830 -0.557 -0. -2.644 0. 0. -1. 0.
0.553 -0.833 0. 116.258 -0.833 -0.553 -0. -4.521 0. 0. -1. 0.
0.555 -0.832 0. 117.481 -0.832 -0.555 -0. -6.434 0. 0. -1. 0.
0.560 -0.828 0. 118.735 -0.828 -0.560 -0. -8.377 0. 0. -1. 0.
0.570 -0.821 0. 120.022 -0.821 -0.570 -0. -10.341 0. 0. -1. 0.
0.591 -0.807 0. 121.377 -0.807 -0.591 -0. -12.291 0. 0. -1. 0.
0.613 -0.790 0. 122.765 -0.790 -0.613 -0. -14.187 0. 0. -1. 0.
0.635 -0.773 0. 124.203 -0.773 -0.635 -0. -16.059 0. 0. -1. 0.
0.655 -0.756 0. 125.695 -0.756 -0.655 -0. -17.886 0. 0. -1. 0.
0.672 -0.740 0. 127.191 -0.740 -0.672 -0. -19.634 0. 0. -1. 0.
0.687 -0.727 0. 128.737 -0.727 -0.687 -0. -21.354 0. 0. -1. 0.
0.699 -0.715 0. 130.279 -0.715 -0.699 -0. -22.995 0. 0. -1. 0.
0.710 -0.704 0. 131.812 -0.704 -0.710 -0. -24.591 0. 0. -1. 0.
0.720 -0.694 0. 133.359 -0.694 -0.720 -0. -26.168 0. 0. -1. 0.
0.731 -0.682 0. 134.871 -0.682 -0.731 -0. -27.649 0. 0. -1. 0.
0.739 -0.673 0. 136.440 -0.673 -0.739 -0. -29.142 0. 0. -1. 0.
0.748 -0.664 0. 137.970 -0.664 -0.748 -0. -30.571 0. 0. -1. 0.
0.757 -0.654 0. 139.500 -0.654 -0.757 -0. -31.948 0. 0. -1. 0.
0.767 -0.642 0. 141.036 -0.642 -0.767 -0. -33.303 0. 0. -1. 0.
0.786 -0.618 0. 142.559 -0.618 -0.786 -0. -34.584 0. 0. -1. 0.
0.808 -0.589 0. 144.108 -0.589 -0.808 -0. -35.775 0. 0. -1. 0.
0.833 -0.553 0. 145.677 -0.553 -0.833 -0. -36.893 0. 0. -1. 0.
0.863 -0.505 0. 147.251 -0.505 -0.863 -0. -37.900 0. 0. -1. 0.
0.896 -0.445 0. 148.845 -0.445 -0.896 -0. -38.761 0. 0. -1. 0.
0.929 -0.370 0. 150.440 -0.370 -0.929 -0. -39.470 0. 0. -1. 0.
0.961 -0.277 0. 152.013 -0.277 -0.961 -0. -39.998 0. 0. -1. 0.
0.986 -0.165 0. 153.573 -0.165 -0.986 -0. -40.326 0. 0. -1. 0.
0.999 -0.039 0. 155.068 -0.039 -0.999 -0. -40.460 0. 0. -1. 0.
0.995 0.098 0. 156.483 0.098 -0.995 0. -40.388 0. 0. -1. 0.
0.971 0.241 0. 157.781 0.241 -0.971 0. -40.109 0. 0. -1. 0.
0.923 0.385 0. 158.933 0.385 -0.923 0. -39.674 0. 0. -1. 0.
0.848 0.530 0. 159.931 0.530 -0.848 0. -39.095 0. 0. -1. 0.
0.736 0.677 0. 160.773 0.677 -0.736 0. -38.365 0. 0. -1. 0.
0.587 0.809 0. 161.437 0.809 -0.587 0. -37.493 0. 0. -1. 0.
0.408 0.913 0. 161.893 0.913 -0.408 0. -36.518 0. 0. -1. 0.
0.200 0.980 0. 162.121 0.980 -0.200 0. -35.498 0. 0. -1. 0.
-0.024 1.000 0. 162.108 1.000 0.024 0. -34.464 0. 0. -1. 0.
-0.253 0.967 0. 161.856 0.967 0.253 0. -33.472 0. 0. -1. 0.
-0.474 0.881 0. 161.382 0.881 0.474 0. -32.535 0. 0. -1. 0.
-0.667 0.745 0. 160.676 0.745 0.667 0. -31.716 0. 0. -1. 0.
-0.812 0.584 0. 159.748 0.584 0.812 0. -31.047 0. 0. -1. 0.
-0.902 0.431 0. 158.668 0.431 0.902 0. -30.493 0. 0. -1. 0.
-0.955 0.296 0. 157.465 0.296 0.955 0. -30.091 0. 0. -1. 0.
-0.982 0.188 0. 156.155 0.188 0.982 0. -29.828 0. 0. -1. 0.
-0.993 0.119 0. 154.727 0.119 0.993 0. -29.627 0. 0. -1. 0.
-0.997 0.083 0. 153.242 0.083 0.997 0. -29.480 0. 0. -1. 0.
-0.998 0.071 0. 151.696 0.071 0.998 0. -29.341 0. 0. -1. 0.
-0.997 0.074 0. 150.041 0.074 0.997 0. -29.199 0. 0. -1. 0.
-0.995 0.097 0. 148.328 0.097 0.995 0. -29.017 0. 0. -1. 0.
-0.992 0.128 0. 146.574 0.128 0.992 0. -28.772 0. 0. -1. 0.
-0.985 0.175 0. 144.740 0.175 0.985 0. -28.449 0. 0. -1. 0.
-0.973 0.230 0. 142.834 0.230 0.973 0. -27.999 0. 0. -1. 0.
-0.957 0.291 0. 140.936 0.291 0.957 0. -27.424 0. 0. -1. 0.
-0.936 0.353 0. 139.006 0.353 0.936 0. -26.699 0. 0. -1. 0.
-0.909 0.418 0. 137.089 0.418 0.909 0. -25.823 0. 0. -1. 0.
-0.878 0.479 0. 135.198 0.479 0.878 0. -24.790 0. 0. -1. 0.
-0.841 0.540 0. 133.353 0.540 0.841 0. -23.615 0. 0. -1. 0.
-0.803 0.597 0. 131.541 0.597 0.803 0. -22.272 0. 0. -1. 0.
-0.762 0.648 0. 129.787 0.648 0.762 0. -20.785 0. 0. -1. 0.
-0.720 0.694 0. 128.089 0.694 0.720 0. -19.147 0. 0. -1. 0.
-0.677 0.736 0. 126.477 0.736 0.677 0. -17.411 0. 0. -1. 0.
-0.640 0.769 0. 124.929 0.769 0.640 0. -15.550 0. 0. -1. 0.
-0.609 0.793 0. 123.429 0.793 0.609 0. -13.577 0. 0. -1. 0.
-0.589 0.808 0. 122.007 0.808 0.589 0. -11.563 0. 0. -1. 0.
-0.571 0.821 0. 120.615 0.821 0.571 0. -9.488 0. 0. -1. 0.
-0.555 0.832 0. 119.266 0.832 0.555 0. -7.410 0. 0. -1. 0.
-0.541 0.841 0. 117.958 0.841 0.541 0. -5.308 0. 0. -1. 0.
-0.533 0.846 0. 116.685 0.846 0.533 0. -3.199 0. 0. -1. 0.
-0.531 0.847 0. 115.426 0.847 0.531 0. -1.079 0. 0. -1. 0.
-0.545 0.838 0. 114.163 0.838 0.545 0. 1.017 0. 0. -1. 0.
-0.576 0.817 0. 112.844 0.817 0.576 0. 3.061 0. 0. -1. 0.
-0.621 0.784 0. 111.426 0.784 0.621 0. 5.039 0. 0. -1. 0.
-0.671 0.741 0. 109.894 0.741 0.671 0. 6.917 0. 0. -1. 0.
-0.722 0.692 0. 108.261 0.692 0.722 0. 8.635 0. 0. -1. 0.
-0.772 0.635 0. 106.511 0.635 0.772 0. 10.225 0. 0. -1. 0.
-0.821 0.570 0. 104.677 0.570 0.821 0. 11.658 0. 0. -1. 0.
-0.864 0.503 0. 102.775 0.503 0.864 0. 12.902 0. 0. -1. 0.
-0.902 0.431 0. 100.772 0.431 0.902 0. 13.980 0. 0. -1. 0.
-0.935 0.354 0. 98.684 0.354 0.935 0. 14.899 0. 0. -1. 0.
-0.963 0.271 0. 96.554 0.271 0.963 0. 15.605 0. 0. -1. 0.
-0.983 0.185 0. 94.387 0.185 0.983 0. 16.136 0. 0. -1. 0.
-0.995 0.099 0. 92.167 0.099 0.995 0. 16.474 0. 0. -1. 0.
-1.000 0.022 0. 89.922 0.022 1.000 0. 16.642 0. 0. -1. 0.
-0.999 -0.052 0. 87.653 -0.052 0.999 0. 16.629 -0. 0. -1. 0.
-0.993 -0.116 0. 85.349 -0.116 0.993 0. 16.435 -0. 0. -1. 0.
-0.986 -0.168 0. 83.050 -0.168 0.986 0. 16.116 -0. 0. -1. 0.
-0.978 -0.210 0. 80.779 -0.210 0.978 0. 15.696 -0. 0. -1. 0.
-0.971 -0.239 0. 78.464 -0.239 0.971 0. 15.193 -0. 0. -1. 0.
-0.966 -0.259 0. 76.182 -0.259 0.966 0. 14.613 -0. 0. -1. 0.
-0.964 -0.267 0. 73.873 -0.267 0.964 0. 14.014 -0. 0. -1. 0.
-0.963 -0.270 0. 71.523 -0.270 0.963 0. 13.398 -0. 0. -1. 0.
-0.964 -0.266 0. 69.157 -0.266 0.964 0. 12.781 -0. 0. -1. 0.
-0.965 -0.263 0. 66.749 -0.263 0.965 0. 12.175 -0. 0. -1. 0.
-0.966 -0.260 0. 64.343 -0.260 0.966 0. 11.562 -0. 0. -1. 0.
-0.967 -0.256 0. 61.939 -0.256 0.967 0. 10.951 -0. 0. -1. 0.
-0.968 -0.252 0. 59.531 -0.252 0.968 0. 10.363 -0. 0. -1. 0.
-0.969 -0.246 0. 57.132 -0.246 0.969 0. 9.805 -0. 0. -1. 0.
-0.970 -0.242 0. 54.733 -0.242 0.970 0. 9.266 -0. 0. -1. 0.
-0.971 -0.238 0. 52.376 -0.238 0.971 0. 8.731 -0. 0. -1. 0.
-0.972 -0.234 0. 50.045 -0.234 0.972 0. 8.232 -0. 0. -1. 0.
-0.972 -0.233 0. 47.725 -0.233 0.972 0. 7.729 -0. 0. -1. 0.
-0.973 -0.230 0. 45.474 -0.230 0.973 0. 7.234 -0. 0. -1. 0.
-0.973 -0.229 0. 43.238 -0.229 0.973 0. 6.765 -0. 0. -1. 0.
-0.973 -0.231 0. 41.037 -0.231 0.973 0. 6.294 -0. 0. -1. 0.
-0.972 -0.234 0. 38.856 -0.234 0.972 0. 5.803 -0. 0. -1. 0.
-0.972 -0.233 0. 36.707 -0.233 0.972 0. 5.339 -0. 0. -1. 0.
-0.973 -0.232 0. 34.565 -0.232 0.973 0. 4.858 -0. 0. -1. 0.
-0.973 -0.231 0. 32.415 -0.231 0.973 0. 4.353 -0. 0. -1. 0.
-0.974 -0.228 0. 30.311 -0.228 0.974 0. 3.917 -0. 0. -1. 0.
-0.975 -0.222 0. 28.137 -0.222 0.975 0. 3.462 -0. 0. -1. 0.
-0.977 -0.213 0. 26.050 -0.213 0.977 0. 3.049 -0. 0. -1. 0.
-0.979 -0.204 0. 23.899 -0.204 0.979 0. 2.635 -0. 0. -1. 0.
-0.981 -0.193 0. 21.757 -0.193 0.981 0. 2.249 -0. 0. -1. 0.
-0.984 -0.178 0. 19.591 -0.178 0.984 0. 1.893 -0. 0. -1. 0.
-0.986 -0.165 0. 17.424 -0.165 0.986 0. 1.564 -0. 0. -1. 0.
-0.988 -0.155 0. 15.226 -0.155 0.988 0. 1.238 -0. 0. -1. 0.
-0.989 -0.146 0. 13.063 -0.146 0.989 0. 0.949 -0. 0. -1. 0.
-0.990 -0.141 0. 10.854 -0.141 0.990 0. 0.666 -0. 0. -1. 0.
-0.990 -0.140 0. 8.653 -0.140 0.990 0. 0.388 -0. 0. -1. 0.
-0.990 -0.138 0. 6.457 -0.138 0.990 0. 0.106 -0. 0. -1. 0.
-0.990 -0.140 0. 4.267 -0.140 0.990 0. -0.164 -0. 0. -1. 0.
-0.989 -0.146 0. 2.043 -0.146 0.989 0. -0.459 -0. 0. -1. 0.
-0.988 -0.156 0. -0.155 -0.156 0.988 0. -0.780 -0. 0. -1. 0.
-0.986 -0.165 0. -2.385 -0.165 0.986 0. -1.115 -0. 0. -1. 0.
-0.985 -0.173 0. -4.607 -0.173 0.985 0. -1.461 -0. 0. -1. 0.
-0.984 -0.177 0. -6.830 -0.177 0.984 0. -1.820 -0. 0. -1. 0.
-0.984 -0.180 0. -9.090 -0.180 0.984 0. -2.178 -0. 0. -1. 0.
-0.983 -0.184 0. -11.391 -0.184 0.983 0. -2.593 -0. 0. -1. 0.
-0.982 -0.186 0. -13.661 -0.186 0.982 0. -3.001 -0. 0. -1. 0.
-0.982 -0.190 0. -16.046 -0.190 0.982 0. -3.395 -0. 0. -1. 0.
-0.981 -0.194 0. -18.425 -0.194 0.981 0. -3.810 -0. 0. -1. 0.
-0.980 -0.199 0. -20.852 -0.199 0.980 0. -4.242 -0. 0. -1. 0.
-0.979 -0.203 0. -23.301 -0.203 0.979 0. -4.675 -0. 0. -1. 0.
-0.978 -0.207 0. -25.738 -0.207 0.978 0. -5.116 -0. 0. -1. 0.
-0.978 -0.211 0. -28.177 -0.211 0.978 0. -5.583 -0. 0. -1. 0.
-0.977 -0.215 0. -30.598 -0.215 0.977 0. -6.091 -0. 0. -1. 0.
-0.976 -0.218 0. -32.982 -0.218 0.976 0. -6.600 -0. 0. -1. 0.
-0.975 -0.222 0. -35.375 -0.222 0.975 0. -7.110 -0. 0. -1. 0.
-0.974 -0.225 0. -37.697 -0.225 0.974 0. -7.614 -0. 0. -1. 0.
-0.973 -0.230 0. -40.033 -0.230 0.973 0. -8.127 -0. 0. -1. 0.
-0.972 -0.234 0. -42.331 -0.234 0.972 0. -8.637 -0. 0. -1. 0.
-0.971 -0.239 0. -44.560 -0.239 0.971 0. -9.118 -0. 0. -1. 0.
-0.970 -0.243 0. -46.768 -0.243 0.970 0. -9.618 -0. 0. -1. 0.
-0.969 -0.247 0. -48.885 -0.247 0.969 0. -10.115 -0. 0. -1. 0.
-0.968 -0.249 0. -50.980 -0.249 0.968 0. -10.598 -0. 0. -1. 0.
-0.968 -0.251 0. -53.002 -0.251 0.968 0. -11.072 -0. 0. -1. 0.
-0.968 -0.250 0. -54.929 -0.250 0.968 0. -11.530 -0. 0. -1. 0.
-0.969 -0.245 0. -56.759 -0.245 0.969 0. -11.979 -0. 0. -1. 0.
-0.974 -0.227 0. -58.502 -0.227 0.974 0. -12.370 -0. 0. -1. 0.
-0.979 -0.203 0. -60.139 -0.203 0.979 0. -12.689 -0. 0. -1. 0.
-0.986 -0.168 0. -61.679 -0.168 0.986 0. -12.942 -0. 0. -1. 0.
-0.992 -0.123 0. -63.122 -0.123 0.992 0. -13.099 -0. 0. -1. 0.
-0.998 -0.067 0. -64.455 -0.067 0.998 0. -13.195 -0. 0. -1. 0.
-1. -0. 0. -65.694 -0. 1. 0. -13.200 -0. 0. -1. 0.
-0.997 0.081 0. -66.839 0.081 0.997 0. -13.092 0. 0. -1. 0.
-0.984 0.176 0. -67.921 0.176 0.984 0. -12.919 0. 0. -1. 0.
-0.958 0.287 0. -68.926 0.287 0.958 0. -12.603 0. 0. -1. 0.
-0.915 0.404 0. -69.866 0.404 0.915 0. -12.193 0. 0. -1. 0.
-0.855 0.518 0. -70.714 0.518 0.855 0. -11.633 0. 0. -1. 0.
-0.779 0.627 0. -71.474 0.627 0.779 0. -11.002 0. 0. -1. 0.
-0.693 0.721 0. -72.153 0.721 0.693 0. -10.274 0. 0. -1. 0.
-0.602 0.799 0. -72.735 0.799 0.602 0. -9.460 0. 0. -1. 0.
-0.508 0.861 0. -73.244 0.861 0.508 0. -8.545 0. 0. -1. 0.
-0.424 0.906 0. -73.697 0.906 0.424 0. -7.531 0. 0. -1. 0.
-0.365 0.931 0. -74.090 0.931 0.365 0. -6.412 0. 0. -1. 0.
-0.330 0.944 0. -74.469 0.944 0.330 0. -5.212 0. 0. -1. 0.
-0.308 0.951 0. -74.858 0.951 0.308 0. -3.931 0. 0. -1. 0.
-0.297 0.955 0. -75.245 0.955 0.297 0. -2.556 0. 0. -1. 0.
-0.291 0.957 0. -75.667 0.957 0.291 0. -1.110 0. 0. -1. 0.
-0.286 0.958 0. -76.099 0.958 0.286 0. 0.428 0. 0. -1. 0.
-0.280 0.960 0. -76.543 0.960 0.280 0. 2.057 0. 0. -1. 0.
-0.273 0.962 0. -76.983 0.962 0.273 0. 3.767 0. 0. -1. 0.
-0.265 0.964 0. -77.440 0.964 0.265 0. 5.587 0. 0. -1. 0.
-0.256 0.967 0. -77.903 0.967 0.256 0. 7.462 0. 0. -1. 0.
-0.245 0.969 0. -78.349 0.969 0.245 0. 9.345 0. 0. -1. 0.
-0.232 0.973 0. -78.777 0.973 0.232 0. 11.285 0. 0. -1. 0.
-0.218 0.976 0. -79.196 0.976 0.218 0. 13.279 0. 0. -1. 0.
-0.198 0.980 0. -79.584 0.980 0.198 0. 15.272 0. 0. -1. 0.
-0.176 0.984 0. -79.921 0.984 0.176 0. 17.302 0. 0. -1. 0.
-0.151 0.989 0. -80.227 0.989 0.151 0. 19.342 0. 0. -1. 0.
-0.123 0.992 0. -80.458 0.992 0.123 0. 21.414 0. 0. -1. 0.
-0.100 0.995 0. -80.602 0.995 0.100 0. 23.468 0. 0. -1. 0.
-0.086 0.996 0. -80.737 0.996 0.086 0. 25.483 0. 0. -1. 0.
-0.079 0.997 0. -80.865 0.997 0.079 0. 27.573 0. 0. -1. 0.
-0.078 0.997 0. -80.970 0.997 0.078 0. 29.611 0. 0. -1. 0.
-0.084 0.996 0. -81.091 0.996 0.084 0. 31.563 0. 0. -1. 0.
-0.094 0.996 0. -81.229 0.996 0.094 0. 33.610 0. 0. -1. 0.
-0.112 0.994 0. -81.420 0.994 0.112 0. 35.672 0. 0. -1. 0.
-0.131 0.991 0. -81.644 0.991 0.131 0. 37.709 0. 0. -1. 0.
-0.151 0.989 0. -81.905 0.989 0.151 0. 39.754 0. 0. -1. 0.
-0.171 0.985 0. -82.200 0.985 0.171 0. 41.783 0. 0. -1. 0.
-0.190 0.982 0. -82.541 0.982 0.190 0. 43.826 0. 0. -1. 0.
-0.208 0.978 0. -82.915 0.978 0.208 0. 45.877 0. 0. -1. 0.
-0.227 0.974 0. -83.352 0.974 0.227 0. 47.856 0. 0. -1. 0.
-0.243 0.970 0. -83.813 0.970 0.243 0. 49.860 0. 0. -1. 0.
-0.259 0.966 0. -84.286 0.966 0.259 0. 51.835 0. 0. -1. 0.
-0.279 0.960 0. -84.791 0.960 0.279 0. 53.769 0. 0. -1. 0.
-0.301 0.954 0. -85.352 0.954 0.301 0. 55.665 0. 0. -1. 0.
-0.326 0.945 0. -85.936 0.945 0.326 0. 57.527 0. 0. -1. 0.
-0.359 0.933 0. -86.543 0.933 0.359 0. 59.351 0. 0. -1. 0.
-0.396 0.918 0. -87.217 0.918 0.396 0. 61.120 0. 0. -1. 0.
-0.436 0.900 0. -87.999 0.900 0.436 0. 62.816 0. 0. -1. 0.
-0.476 0.879 0. -88.792 0.879 0.476 0. 64.442 0. 0. -1. 0.
-0.525 0.851 0. -89.696 0.851 0.525 0. 65.973 0. 0. -1. 0.
-0.583 0.813 0. -90.646 0.813 0.583 0. 67.460 0. 0. -1. 0.
-0.646 0.764 0. -91.683 0.764 0.646 0. 68.807 0. 0. -1. 0.
-0.709 0.705 0. -92.799 0.705 0.709 0. 70.016 0. 0. -1. 0.
-0.775 0.631 0. -94.018 0.631 0.775 0. 71.111 0. 0. -1. 0.
-0.835 0.551 0. -95.344 0.551 0.835 0. 72.053 0. 0. -1. 0.
-0.890 0.455 0. -96.716 0.455 0.890 0. 72.848 0. 0. -1. 0.
-0.936 0.353 0. -98.183 0.353 0.936 0. 73.455 0. 0. -1. 0.
-0.970 0.244 0. -99.664 0.244 0.970 0. 73.904 0. 0. -1. 0.
-0.990 0.139 0. -101.182 0.139 0.990 0. 74.166 0. 0. -1. 0.
-0.999 0.053 0. -102.713 0.053 0.999 0. 74.279 0. 0. -1. 0.
-1. -0.004 0. -104.270 -0.004 1. 0. 74.310 -0. 0. -1. 0.
-0.999 -0.040 0. -105.834 -0.040 0.999 0. 74.294 -0. 0. -1. 0.
-0.998 -0.059 0. -107.407 -0.059 0.998 0. 74.202 -0. 0. -1. 0.
-0.998 -0.059 0. -108.960 -0.059 0.998 0. 74.142 -0. 0. -1. 0.
-0.999 -0.051 0. -110.591 -0.051 0.999 0. 74.059 -0. 0. -1. 0.
-1.000 -0.023 0. -112.241 -0.023 1.000 0. 74.025 -0. 0. -1. 0.
-1.000 0.020 0. -113.934 0.020 1.000 0. 74.059 0. 0. -1. 0.
-0.997 0.077 0. -115.669 0.077 0.997 0. 74.193 0. 0. -1. 0.
-0.989 0.147 0. -117.387 0.147 0.989 0. 74.453 0. 0. -1. 0.
-0.976 0.216 0. -119.168 0.216 0.976 0. 74.884 0. 0. -1. 0.
-0.958 0.287 0. -120.940 0.287 0.958 0. 75.410 0. 0. -1. 0.
-0.938 0.347 0. -122.708 0.347 0.938 0. 76.066 0. 0. -1. 0.
-0.917 0.398 0. -124.492 0.398 0.917 0. 76.846 0. 0. -1. 0.
-0.899 0.437 0. -126.271 0.437 0.899 0. 77.713 0. 0. -1. 0.
-0.885 0.465 0. -128.072 0.465 0.885 0. 78.680 0. 0. -1. 0.
-0.874 0.485 0. -129.886 0.485 0.874 0. 79.715 0. 0. -1. 0.
-0.868 0.496 0. -131.744 0.496 0.868 0. 80.812 0. 0. -1. 0.
-0.865 0.503 0. -133.646 0.503 0.865 0. 81.946 0. 0. -1. 0.
-0.862 0.508 0. -135.571 0.508 0.862 0. 83.127 0. 0. -1. 0.
-0.859 0.512 0. -137.533 0.512 0.859 0. 84.350 0. 0. -1. 0.
-0.858 0.513 0. -139.541 0.513 0.858 0. 85.599 0. 0. -1. 0.
-0.858 0.514 0. -141.613 0.514 0.858 0. 86.887 0. 0. -1. 0.
-0.857 0.516 0. -143.684 0.516 0.857 0. 88.196 0. 0. -1. 0.
-0.857 0.516 0. -145.816 0.516 0.857 0. 89.543 0. 0. -1. 0.
-0.857 0.515 0. -147.976 0.515 0.857 0. 90.887 0. 0. -1. 0.
-0.858 0.514 0. -150.146 0.514 0.858 0. 92.245 0. 0. -1. 0.
-0.857 0.515 0. -152.295 0.515 0.857 0. 93.592 0. 0. -1. 0.
-0.858 0.514 0. -154.452 0.514 0.858 0. 94.938 0. 0. -1. 0.
-0.857 0.515 0. -156.588 0.515 0.857 0. 96.283 0. 0. -1. 0.
-0.857 0.516 0. -158.728 0.516 0.857 0. 97.642 0. 0. -1. 0.
-0.856 0.516 0. -160.862 0.516 0.856 0. 98.999 0. 0. -1. 0.
-0.857 0.515 0. -162.988 0.515 0.857 0. 100.336 0. 0. -1. 0.
-0.857 0.515 0. -165.140 0.515 0.857 0. 101.687 0. 0. -1. 0.
-0.857 0.514 0. -167.285 0.514 0.857 0. 103.040 0. 0. -1. 0.
-0.857 0.515 0. -169.455 0.515 0.857 0. 104.421 0. 0. -1. 0.
-0.858 0.514 0. -171.628 0.514 0.858 0. 105.803 0. 0. -1. 0.
-0.857 0.515 0. -173.846 0.515 0.857 0. 107.172 0. 0. -1. 0.
-0.854 0.520 0. -176.053 0.520 0.854 0. 108.529 0. 0. -1. 0.
-0.848 0.530 0. -178.243 0.530 0.848 0. 109.935 0. 0. -1. 0.
-0.840 0.543 0. -180.397 0.543 0.840 0. 111.368 0. 0. -1. 0.
-0.830 0.558 0. -182.532 0.558 0.830 0. 112.835 0. 0. -1. 0.
-0.816 0.578 0. -184.632 0.578 0.816 0. 114.338 0. 0. -1. 0.
-0.797 0.604 0. -186.664 0.604 0.797 0. 115.902 0. 0. -1. 0.
-0.777 0.630 0. -188.631 0.630 0.777 0. 117.526 0. 0. -1. 0.
-0.751 0.660 0. -190.535 0.660 0.751 0. 119.203 0. 0. -1. 0.
-0.722 0.692 0. -192.334 0.692 0.722 0. 120.945 0. 0. -1. 0.
-0.688 0.726 0. -194.049 0.726 0.688 0. 122.753 0. 0. -1. 0.
-0.647 0.763 0. -195.690 0.763 0.647 0. 124.636 0. 0. -1. 0.
-0.603 0.798 0. -197.194 0.798 0.603 0. 126.592 0. 0. -1. 0.
-0.558 0.830 0. -198.572 0.830 0.558 0. 128.625 0. 0. -1. 0.
-0.513 0.859 0. -199.839 0.859 0.513 0. 130.744 0. 0. -1. 0.
-0.471 0.882 0. -200.971 0.882 0.471 0. 132.908 0. 0. -1. 0.
-0.436 0.900 0. -202.035 0.900 0.436 0. 135.139 0. 0. -1. 0.
-0.404 0.915 0. -203.016 0.915 0.404 0. 137.390 0. 0. -1. 0.
-0.381 0.925 0. -203.927 0.925 0.381 0. 139.682 0. 0. -1. 0.
-0.368 0.930 0. -204.804 0.930 0.368 0. 141.997 0. 0. -1. 0.
-0.361 0.933 0. -205.662 0.933 0.361 0. 144.309 0. 0. -1. 0.
-0.356 0.935 0. -206.496 0.935 0.356 0. 146.626 0. 0. -1. 0.
-0.353 0.936 0. -207.317 0.936 0.353 0. 148.934 0. 0. -1. 0.
-0.348 0.937 0. -208.126 0.937 0.348 0. 151.250 0. 0. -1. 0.
-0.345 0.939 0. -208.908 0.939 0.345 0. 153.522 0. 0. -1. 0.
-0.341 0.940 0. -209.683 0.940 0.341 0. 155.797 0. 0. -1. 0.
-0.345 0.939 0. -210.441 0.939 0.345 0. 158.046 0. 0. -1. 0.
-0.357 0.934 0. -211.212 0.934 0.357 0. 160.265 0. 0. -1. 0.
-0.374 0.927 0. -212.024 0.927 0.374 0. 162.446 0. 0. -1. 0.
-0.399 0.917 0. -212.864 0.917 0.399 0. 164.574 0. 0. -1. 0.
-0.434 0.901 0. -213.772 0.901 0.434 0. 166.628 0. 0. -1. 0.
-0.471 0.882 0. -214.758 0.882 0.471 0. 168.616 0. 0. -1. 0.
-0.512 0.859 0. -215.792 0.859 0.512 0. 170.492 0. 0. -1. 0.
-0.555 0.832 0. -216.933 0.832 0.555 0. 172.305 0. 0. -1. 0.
-0.600 0.800 0. -218.098 0.800 0.600 0. 174.020 0. 0. -1. 0.
-0.650 0.760 0. -219.364 0.760 0.650 0. 175.635 0. 0. -1. 0.
-0.699 0.715 0. -220.762 0.715 0.699 0. 177.163 0. 0. -1. 0.
-0.748 0.664 0. -222.248 0.664 0.748 0. 178.556 0. 0. -1. 0.
-0.792 0.610 0. -223.784 0.610 0.792 0. 179.852 0. 0. -1. 0.
-0.840 0.543 0. -225.424 0.543 0.840 0. 181.024 0. 0. -1. 0.
-0.881 0.473 0. -227.172 0.473 0.881 0. 182.077 0. 0. -1. 0.
-0.917 0.400 0. -228.997 0.400 0.917 0. 182.981 0. 0. -1. 0.
-0.946 0.325 0. -230.904 0.325 0.946 0. 183.728 0. 0. -1. 0.
-0.969 0.249 0. -232.860 0.249 0.969 0. 184.329 0. 0. -1. 0.
-0.984 0.176 0. -234.886 0.176 0.984 0. 184.791 0. 0. -1. 0.
-0.993 0.116 0. -236.988 0.116 0.993 0. 185.117 0. 0. -1. 0.
-0.997 0.074 0. -239.125 0.074 0.997 0. 185.344 0. 0. -1. 0.
-0.999 0.048 0. -241.316 0.048 0.999 0. 185.496 0. 0. -1. 0.
-0.999 0.037 0. -243.557 0.037 0.999 0. 185.613 0. 0. -1. 0.
-1.000 0.030 0. -245.860 0.030 1.000 0. 185.722 0. 0. -1. 0.
-1.000 0.029 0. -248.182 0.029 1.000 0. 185.830 0. 0. -1. 0.
-1.000 0.029 0. -250.591 0.029 1.000 0. 185.953 0. 0. -1. 0.
-1.000 0.028 0. -253.045 0.028 1.000 0. 186.068 0. 0. -1. 0.
-1.000 0.029 0. -255.509 0.029 1.000 0. 186.167 0. 0. -1. 0.
-0.999 0.034 0. -257.994 0.034 0.999 0. 186.307 0. 0. -1. 0.
-0.999 0.037 0. -260.453 0.037 0.999 0. 186.456 0. 0. -1. 0.
-0.999 0.041 0. -262.928 0.041 0.999 0. 186.603 0. 0. -1. 0.
-0.999 0.041 0. -265.399 0.041 0.999 0. 186.757 0. 0. -1. 0.
-0.999 0.039 0. -267.840 0.039 0.999 0. 186.894 0. 0. -1. 0.
-0.999 0.039 0. -270.267 0.039 0.999 0. 187.029 0. 0. -1. 0.
-0.999 0.041 0. -272.653 0.041 0.999 0. 187.180 0. 0. -1. 0.
-0.999 0.042 0. -274.981 0.042 0.999 0. 187.332 0. 0. -1. 0.
-0.999 0.044 0. -277.242 0.044 0.999 0. 187.478 0. 0. -1. 0.
-0.999 0.046 0. -279.449 0.046 0.999 0. 187.635 0. 0. -1. 0.
-0.999 0.048 0. -281.586 0.048 0.999 0. 187.789 0. 0. -1. 0.
-0.999 0.051 0. -283.665 0.051 0.999 0. 187.934 0. 0. -1. 0.
-0.998 0.060 0. -285.665 0.060 0.998 0. 188.087 0. 0. -1. 0.
-0.997 0.079 0. -287.615 0.079 0.997 0. 188.275 0. 0. -1. 0.
-0.994 0.106 0. -289.482 0.106 0.994 0. 188.512 0. 0. -1. 0.
-0.992 0.130 0. -291.210 0.130 0.992 0. 188.769 0. 0. -1. 0.
-0.988 0.155 0. -292.889 0.155 0.988 0. 189.066 0. 0. -1. 0.
-0.984 0.176 0. -294.470 0.176 0.984 0. 189.350 0. 0. -1. 0.
-0.982 0.189 0. -295.939 0.189 0.982 0. 189.696 0. 0. -1. 0.
-0.982 0.191 0. -297.348 0.191 0.982 0. 189.980 0. 0. -1. 0.
-0.981 0.193 0. -298.705 0.193 0.981 0. 190.277 0. 0. -1. 0.
-0.981 0.194 0. -299.935 0.194 0.981 0. 190.539 0. 0. -1. 0.
-0.981 0.195 0. -301.068 0.195 0.981 0. 190.818 0. 0. -1. 0.
-0.982 0.189 0. -302.132 0.189 0.982 0. 191.019 0. 0. -1. 0.
-0.984 0.179 0. -303.104 0.179 0.984 0. 191.218 0. 0. -1. 0.
-0.985 0.173 0. -303.988 0.173 0.985 0. 191.446 0. 0. -1. 0.
-0.986 0.168 0. -304.824 0.168 0.986 0. 191.539 0. 0. -1. 0.
-0.987 0.164 0. -305.506 0.164 0.987 0. 191.714 0. 0. -1. 0.
-0.987 0.162 0. -306.086 0.162 0.987 0. 191.859 0. 0. -1. 0.
-0.987 0.158 0. -306.566 0.158 0.987 0. 191.899 0. 0. -1. 0.
-0.987 0.161 0. -306.913 0.161 0.987 0. 191.984 0. 0. -1. 0.
-0.987 0.160 0. -307.220 0.160 0.987 0. 192.011 0. 0. -1. 0.
-0.987 0.160 0. -307.466 0.160 0.987 0. 192.065 0. 0. -1. 0.
-0.987 0.160 0. -307.650 0.160 0.987 0. 192.110 0. 0. -1. 0.
-0.987 0.159 0. -307.781 0.159 0.987 0. 192.121 0. 0. -1. 0.
-0.987 0.160 0. -307.852 0.160 0.987 0. 192.139 0. 0. -1. 0.
-0.987 0.160 0. -307.862 0.160 0.987 0. 192.142 0. 0. -1. 0.
-0.987 0.159 0. -307.856 0.159 0.987 0. 192.139 0. 0. -1. 0.
-0.987 0.159 0. -307.856 0.159 0.987 0. 192.139 0. 0. -1. 0.
-0.987 0.159 0. -307.856 0.159 0.987 0. 192.139 0. 0. -1. 0.
-0.987 0.159 0. -307.856 0.159 0.987 0. 192.139 0. 0. -1. 0.
-0.987 0.159 0. -307.856 0.159 0.987 0. 192.139 0. 0. -1. 0.
-0.987 0.159 0. -307.856 0.159 0.987 0. 192.139 0. 0. -1. 0.
-0.987 0.159 0. -307.856 0.159 0.987 0. 192.139 0. 0. -1. 0.
-0.987 0.159 0. -307.856 0.159 0.987 0. 192.139 0. 0. -1. 0.
-0.987 0.159 0. -307.856 0.159 0.987 0. 192.139 0. 0. -1. 0.
-0.987 0.159 0. -307.856 0.159 0.987 0. 192.139 0. 0. -1. 0.
-0.987 0.159 0. -307.856 0.159 0.987 0. 192.139 0. 0. -1. 0.
-0.987 0.159 0. -307.856 0.159 0.987 0. 192.139 0. 0. -1. 0.
-0.987 0.159 0. -307.857 0.159 0.987 0. 192.139 0. 0. -1. 0.
-0.987 0.159 0. -307.857 0.159 0.987 0. 192.139 0. 0. -1. 0.
-0.987 0.159 0. -307.857 0.159 0.987 0. 192.139 0. 0. -1. 0.
-0.987 0.159 0. -307.857 0.159 0.987 0. 192.139 0. 0. -1. 0.
-0.987 0.159 0. -307.857 0.159 0.987 0. 192.139 0. 0. -1. 0.
-0.987 0.159 0. -307.857 0.159 0.987 0. 192.139 0. 0. -1. 0.
-0.987 0.159 0. -307.857 0.159 0.987 0. 192.139 0. 0. -1. 0.
-0.987 0.159 0. -307.857 0.159 0.987 0. 192.139 0. 0. -1. 0.
-0.987 0.159 0. -307.857 0.159 0.987 0. 192.139 0. 0. -1. 0.
-0.987 0.159 0. -307.857 0.159 0.987 0. 192.139 0. 0. -1. 0.
-0.987 0.159 0. -307.857 0.159 0.987 0. 192.139 0. 0. -1. 0.
-0.987 0.159 0. -307.857 0.159 0.987 0. 192.139 0. 0. -1. 0.
-0.987 0.159 0. -307.857 0.159 0.987 0. 192.139 0. 0. -1. 0.
-0.987 0.159 0. -307.857 0.159 0.987 0. 192.139 0. 0. -1. 0.
-0.987 0.159 0. -307.857 0.159 0.987 0. 192.139 0. 0. -1. 0.
-0.987 0.159 0. -307.857 0.159 0.987 0. 192.139 0. 0. -1. 0.
-0.987 0.159 0. -307.857 0.159 0.987 0. 192.139 0. 0. -1. 0.
-0.987 0.159 0. -307.857 0.159 0.987 0. 192.139 0. 0. -1. 0.
-0.987 0.159 0. -307.857 0.159 0.987 0. 192.139 0. 0. -1. 0.
-0.987 0.159 0. -307.857 0.159 0.987 0. 192.139 0. 0. -1. 0.
-0.987 0.159 0. -307.857 0.159 0.987 0. 192.139 0. 0. -1. 0.
-0.987 0.159 0. -307.857 0.159 0.987 0. 192.139 0. 0. -1. 0.
-0.987 0.159 0. -307.857 0.159 0.987 0. 192.139 0. 0. -1. 0.
-0.987 0.159 0. -307.857 0.159 0.987 0. 192.139 0. 0. -1. 0.
-0.987 0.159 0. -307.857 0.159 0.987 0. 192.139 0. 0. -1. 0.
-0.987 0.159 0. -307.857 0.159 0.987 0. 192.139 0. 0. -1. 0.
-0.987 0.159 0. -307.857 0.159 0.987 0. 192.139 0. 0. -1. 0.
-0.987 0.159 0. -307.857 0.159 0.987 0. 192.139 0. 0. -1. 0.
-0.987 0.159 0. -307.857 0.159 0.987 0. 192.139 0. 0. -1. 0.
-0.987 0.159 0. -307.857 0.159 0.987 0. 192.139 0. 0. -1. 0.
-0.987 0.159 0. -307.857 0.159 0.987 0. 192.139 0. 0. -1. 0.
-0.987 0.159 0. -307.857 0.159 0.987 0. 192.139 0. 0. -1. 0.
-0.987 0.159 0. -307.857 0.159 0.987 0. 192.139 0. 0. -1. 0.
-0.987 0.159 0. -307.857 0.159 0.987 0. 192.139 0. 0. -1. 0.
-0.987 0.159 0. -307.857 0.159 0.987 0. 192.139 0. 0. -1. 0.
-0.987 0.159 0. -307.857 0.159 0.987 0. 192.139 0. 0. -1. 0.
-0.987 0.159 0. -307.857 0.159 0.987 0. 192.139 0. 0. -1. 0.
-0.987 0.159 0. -307.857 0.159 0.987 0. 192.139 0. 0. -1. 0.
-0.987 0.159 0. -307.857 0.159 0.987 0. 192.139 0. 0. -1. 0.
-0.987 0.159 0. -307.857 0.159 0.987 0. 192.139 0. 0. -1. 0.
-0.987 0.159 0. -307.857 0.159 0.987 0. 192.139 0. 0. -1. 0.
-0.987 0.159 0. -307.857 0.159 0.987 0. 192.139 0. 0. -1. 0.
-0.987 0.159 0. -307.857 0.159 0.987 0. 192.139 0. 0. -1. 0.
-0.987 0.159 0. -307.857 0.159 0.987 0. 192.139 0. 0. -1. 0.
-0.987 0.159 0. -307.857 0.159 0.987 0. 192.139 0. 0. -1. 0.
-0.987 0.159 0. -307.857 0.159 0.987 0. 192.139 0. 0. -1. 0.
-0.987 0.159 0. -307.857 0.159 0.987 0. 192.139 0. 0. -1. 0.
-0.987 0.159 0. -307.857 0.159 0.987 0. 192.139 0. 0. -1. 0.
-0.987 0.159 0. -307.857 0.159 0.987 0. 192.139 0. 0. -1. 0.
-0.987 0.159 0. -307.857 0.159 0.987 0. 192.139 0. 0. -1. 0.
-0.987 0.159 0. -307.857 0.159 0.987 0. 192.139 0. 0. -1. 0.
-0.987 0.159 0. -307.857 0.159 0.987 0. 192.139 0. 0. -1. 0.
-0.987 0.159 0. -307.857 0.159 0.987 0. 192.139 0. 0. -1. 0.
-0.987 0.159 0. -307.857 0.159 0.987 0. 192.139 0. 0. -1. 0.
-0.987 0.159 0. -307.857 0.159 0.987 0. 192.139 0. 0. -1. 0.
-0.987 0.159 0. -307.857 0.159 0.987 0. 192.139 0. 0. -1. 0.
-0.987 0.159 0. -307.857 0.159 0.987 0. 192.139 0. 0. -1. 0.
-0.987 0.159 0. -307.857 0.159 0.987 0. 192.139 0. 0. -1. 0.
-0.987 0.159 0. -307.857 0.159 0.987 0. 192.139 0. 0. -1. 0.
-0.987 0.159 0. -307.857 0.159 0.987 0. 192.139 0. 0. -1. 0.
-0.987 0.159 0. -307.857 0.159 0.987 0. 192.139 0. 0. -1. 0.
-0.987 0.159 0. -307.857 0.159 0.987 0. 192.139 0. 0. -1. 0.
-0.987 0.159 0. -307.857 0.159 0.987 0. 192.139 0. 0. -1. 0.
-0.987 0.159 0. -307.857 0.159 0.987 0. 192.139 0. 0. -1. 0.
-0.987 0.159 0. -307.857 0.159 0.987 0. 192.139 0. 0. -1. 0.
-0.987 0.159 0. -307.857 0.159 0.987 0. 192.139 0. 0. -1. 0.
-0.987 0.159 0. -307.857 0.159 0.987 0. 192.139 0. 0. -1. 0.
-0.987 0.159 0. -307.857 0.159 0.987 0. 192.139 0. 0. -1. 0.
-0.987 0.159 0. -307.857 0.159 0.987 0. 192.139 0. 0. -1. 0.
-0.987 0.159 0. -307.857 0.159 0.987 0. 192.139 0. 0. -1. 0.
-0.987 0.159 0. -307.857 0.159 0.987 0. 192.139 0. 0. -1. 0.
-0.987 0.159 0. -307.857 0.159 0.987 0. 192.139 0. 0. -1. 0.
-0.987 0.159 0. -307.857 0.159 0.987 0. 192.139 0. 0. -1. 0.
-0.987 0.159 0. -307.857 0.159 0.987 0. 192.139 0. 0. -1. 0.
-0.987 0.159 0. -307.857 0.159 0.987 0. 192.139 0. 0. -1. 0.
-0.987 0.159 0. -307.857 0.159 0.987 0. 192.139 0. 0. -1. 0.
-0.987 0.159 0. -307.857 0.159 0.987 0. 192.139 0. 0. -1. 0.
-0.987 0.159 0. -307.857 0.159 0.987 0. 192.139 0. 0. -1. 0.
-0.987 0.159 0. -307.857 0.159 0.987 0. 192.139 0. 0. -1. 0.
-0.987 0.159 0. -307.857 0.159 0.987 0. 192.139 0. 0. -1. 0.
-0.987 0.159 0. -307.857 0.159 0.987 0. 192.139 0. 0. -1. 0.
-0.987 0.159 0. -307.857 0.159 0.987 0. 192.139 0. 0. -1. 0.
-0.987 0.159 0. -307.857 0.159 0.987 0. 192.139 0. 0. -1. 0.
-0.987 0.159 0. -307.857 0.159 0.987 0. 192.139 0. 0. -1. 0.
-0.987 0.159 0. -307.857 0.159 0.987 0. 192.139 0. 0. -1. 0.
-0.987 0.159 0. -307.857 0.159 0.987 0. 192.139 0. 0. -1. 0.
-0.987 0.159 0. -307.857 0.159 0.987 0. 192.139 0. 0. -1. 0.
-0.987 0.159 0. -307.857 0.159 0.987 0. 192.139 0. 0. -1. 0.
-0.987 0.159 0. -307.857 0.159 0.987 0. 192.139 0. 0. -1. 0.
-0.987 0.159 0. -307.857 0.159 0.987 0. 192.139 0. 0. -1. 0.
-0.987 0.159 0. -307.857 0.159 0.987 0. 192.139 0. 0. -1. 0.
-0.987 0.159 0. -307.857 0.159 0.987 0. 192.139 0. 0. -1. 0.
-0.987 0.159 0. -307.857 0.159 0.987 0. 192.139 0. 0. -1. 0.
-0.987 0.159 0. -307.857 0.159 0.987 0. 192.139 0. 0. -1. 0.
-0.987 0.159 0. -307.857 0.159 0.987 0. 192.139 0. 0. -1. 0.
-0.987 0.159 0. -307.857 0.159 0.987 0. 192.139 0. 0. -1. 0.
-0.987 0.159 0. -307.857 0.159 0.987 0. 192.139 0. 0. -1. 0.
-0.987 0.159 0. -307.857 0.159 0.987 0. 192.139 0. 0. -1. 0.
-0.987 0.159 0. -307.857 0.159 0.987 0. 192.139 0. 0. -1. 0.
-0.987 0.159 0. -307.857 0.159 0.987 0. 192.139 0. 0. -1. 0.
-0.987 0.159 0. -307.857 0.159 0.987 0. 192.139 0. 0. -1. 0.
-0.987 0.159 0. -307.857 0.159 0.987 0. 192.139 0. 0. -1. 0.
-0.987 0.159 0. -307.857 0.159 0.987 0. 192.139 0. 0. -1. 0.
-0.987 0.159 0. -307.857 0.159 0.987 0. 192.139 0. 0. -1. 0.
-0.987 0.159 0. -307.857 0.159 0.987 0. 192.139 0. 0. -1. 0.
-0.987 0.159 0. -307.857 0.159 0.987 0. 192.139 0. 0. -1. 0.
-0.987 0.159 0. -307.857 0.159 0.987 0. 192.139 0. 0. -1. 0.
-0.987 0.159 0. -307.857 0.159 0.987 0. 192.139 0. 0. -1. 0.
-0.987 0.159 0. -307.857 0.159 0.987 0. 192.139 0. 0. -1. 0.
-0.987 0.159 0. -307.857 0.159 0.987 0. 192.139 0. 0. -1. 0.
-0.987 0.159 0. -307.857 0.159 0.987 0. 192.139 0. 0. -1. 0.
-0.987 0.159 0. -307.857 0.159 0.987 0. 192.139 0. 0. -1. 0.
-0.987 0.159 0. -307.857 0.159 0.987 0. 192.139 0. 0. -1. 0.
-0.987 0.159 0. -307.857 0.159 0.987 0. 192.139 0. 0. -1. 0.
-0.987 0.159 0. -307.857 0.159 0.987 0. 192.139 0. 0. -1. 0.
-0.987 0.159 0. -307.857 0.159 0.987 0. 192.139 0. 0. -1. 0.
-0.987 0.159 0. -307.857 0.159 0.987 0. 192.139 0. 0. -1. 0.
-0.987 0.159 0. -307.857 0.159 0.987 0. 192.139 0. 0. -1. 0.
-0.987 0.159 0. -307.857 0.159 0.987 0. 192.139 0. 0. -1. 0.
-0.987 0.159 0. -307.857 0.159 0.987 0. 192.139 0. 0. -1. 0.
-0.987 0.159 0. -307.857 0.159 0.987 0. 192.139 0. 0. -1. 0.
-0.987 0.159 0. -307.857 0.159 0.987 0. 192.139 0. 0. -1. 0.
-0.987 0.159 0. -307.857 0.159 0.987 0. 192.139 0. 0. -1. 0.
-0.987 0.159 0. -307.857 0.159 0.987 0. 192.139 0. 0. -1. 0.
-0.987 0.159 0. -307.857 0.159 0.987 0. 192.139 0. 0. -1. 0.
-0.987 0.159 0. -307.857 0.159 0.987 0. 192.139 0. 0. -1. 0.
-0.987 0.159 0. -307.856 0.159 0.987 0. 192.138 0. 0. -1. 0.
-0.987 0.159 0. -307.856 0.159 0.987 0. 192.138 0. 0. -1. 0.
-0.987 0.159 0. -307.866 0.159 0.987 0. 192.140 0. 0. -1. 0.
-0.987 0.159 0. -307.889 0.159 0.987 0. 192.145 0. 0. -1. 0.
-0.987 0.159 0. -307.938 0.159 0.987 0. 192.154 0. 0. -1. 0.
-0.987 0.159 0. -308.028 0.159 0.987 0. 192.171 0. 0. -1. 0.
-0.987 0.158 0. -308.152 0.158 0.987 0. 192.194 0. 0. -1. 0.
-0.988 0.156 0. -308.312 0.156 0.988 0. 192.212 0. 0. -1. 0.
-0.988 0.153 0. -308.491 0.153 0.988 0. 192.236 0. 0. -1. 0.
-0.989 0.149 0. -308.686 0.149 0.989 0. 192.270 0. 0. -1. 0.
-0.989 0.145 0. -308.906 0.145 0.989 0. 192.298 0. 0. -1. 0.
-0.990 0.141 0. -309.136 0.141 0.990 0. 192.333 0. 0. -1. 0.
-0.990 0.138 0. -309.386 0.138 0.990 0. 192.364 0. 0. -1. 0.
-0.991 0.137 0. -309.707 0.137 0.991 0. 192.398 0. 0. -1. 0.
-0.991 0.137 0. -310.146 0.137 0.991 0. 192.452 0. 0. -1. 0.
-0.989 0.148 0. -310.675 0.148 0.989 0. 192.541 0. 0. -1. 0.
-0.986 0.169 0. -311.225 0.169 0.986 0. 192.637 0. 0. -1. 0.
-0.979 0.203 0. -311.817 0.203 0.979 0. 192.770 0. 0. -1. 0.
-0.969 0.248 0. -312.390 0.248 0.969 0. 192.962 0. 0. -1. 0.
-0.953 0.302 0. -312.988 0.302 0.953 0. 193.098 0. 0. -1. 0.
-0.930 0.368 0. -313.595 0.368 0.930 0. 193.416 0. 0. -1. 0.
-0.898 0.441 0. -314.255 0.441 0.898 0. 193.711 0. 0. -1. 0.
-0.864 0.504 0. -314.961 0.504 0.864 0. 194.117 0. 0. -1. 0.
-0.816 0.578 0. -315.563 0.578 0.816 0. 194.667 0. 0. -1. 0.
-0.763 0.647 0. -316.145 0.647 0.763 0. 195.257 0. 0. -1. 0.
-0.696 0.718 0. -316.814 0.718 0.696 0. 195.828 0. 0. -1. 0.
-0.634 0.773 0. -317.361 0.773 0.634 0. 196.666 0. 0. -1. 0.
-0.565 0.825 0. -317.860 0.825 0.565 0. 197.554 0. 0. -1. 0.
-0.499 0.867 0. -318.442 0.867 0.499 0. 198.501 0. 0. -1. 0.
-0.432 0.902 0. -318.884 0.902 0.432 0. 199.567 0. 0. -1. 0.
-0.374 0.928 0. -319.323 0.928 0.374 0. 200.692 0. 0. -1. 0.
-0.319 0.948 0. -319.726 0.948 0.319 0. 201.897 0. 0. -1. 0.
-0.268 0.963 0. -320.034 0.963 0.268 0. 203.172 0. 0. -1. 0.
-0.220 0.976 0. -320.329 0.976 0.220 0. 204.465 0. 0. -1. 0.
-0.177 0.984 0. -320.532 0.984 0.177 0. 205.776 0. 0. -1. 0.
-0.139 0.990 0. -320.696 0.990 0.139 0. 207.085 0. 0. -1. 0.
-0.109 0.994 0. -320.809 0.994 0.109 0. 208.357 0. 0. -1. 0.
-0.090 0.996 0. -320.884 0.996 0.090 0. 209.566 0. 0. -1. 0.
-0.073 0.997 0. -320.954 0.997 0.073 0. 210.701 0. 0. -1. 0.
-0.061 0.998 0. -320.983 0.998 0.061 0. 211.754 0. 0. -1. 0.
-0.052 0.999 0. -321.013 0.999 0.052 0. 212.737 0. 0. -1. 0.
-0.046 0.999 0. -321.038 0.999 0.046 0. 213.637 0. 0. -1. 0.
-0.043 0.999 0. -321.047 0.999 0.043 0. 214.455 0. 0. -1. 0.
-0.041 0.999 0. -321.064 0.999 0.041 0. 215.174 0. 0. -1. 0.
-0.036 0.999 0. -321.071 0.999 0.036 0. 215.807 0. 0. -1. 0.
-0.029 1.000 0. -321.074 1.000 0.029 0. 216.359 0. 0. -1. 0.
-0.023 1.000 0. -321.074 1.000 0.023 0. 216.831 0. 0. -1. 0.
-0.018 1.000 0. -321.065 1.000 0.018 0. 217.228 0. 0. -1. 0.
-0.015 1.000 0. -321.063 1.000 0.015 0. 217.561 0. 0. -1. 0.
-0.013 1. 0. -321.058 1. 0.013 0. 217.834 0. 0. -1. 0.
-0.012 1. 0. -321.055 1. 0.012 0. 218.052 0. 0. -1. 0.
-0.010 1. 0. -321.053 1. 0.010 0. 218.231 0. 0. -1. 0.
-0.010 1. 0. -321.051 1. 0.010 0. 218.372 0. 0. -1. 0.
-0.010 1. 0. -321.051 1. 0.010 0. 218.477 0. 0. -1. 0.
-0.010 1. 0. -321.049 1. 0.010 0. 218.546 0. 0. -1. 0.
-0.011 1. 0. -321.048 1. 0.011 0. 218.576 0. 0. -1. 0.
-0.011 1. 0. -321.048 1. 0.011 0. 218.576 0. 0. -1. 0.
-0.010 1. 0. -321.048 1. 0.010 0. 218.576 0. 0. -1. 0.
-0.010 1. 0. -321.048 1. 0.010 0. 218.576 0. 0. -1. 0.
-0.010 1. 0. -321.048 1. 0.010 0. 218.576 0. 0. -1. 0.
-0.011 1. 0. -321.048 1. 0.011 0. 218.576 0. 0. -1. 0.
-0.011 1. 0. -321.048 1. 0.011 0. 218.576 0. 0. -1. 0.
-0.011 1. 0. -321.048 1. 0.011 0. 218.576 0. 0. -1. 0.
-0.011 1. 0. -321.048 1. 0.011 0. 218.576 0. 0. -1. 0.
-0.011 1. 0. -321.048 1. 0.011 0. 218.576 0. 0. -1. 0.
-0.011 1. 0. -321.048 1. 0.011 0. 218.576 0. 0. -1. 0.
-0.011 1. 0. -321.048 1. 0.011 0. 218.576 0. 0. -1. 0.
-0.011 1. 0. -321.048 1. 0.011 0. 218.576 0. 0. -1. 0.
-0.011 1. 0. -321.048 1. 0.011 0. 218.576 0. 0. -1. 0.
-0.011 1. 0. -321.048 1. 0.011 0. 218.576 0. 0. -1. 0.
-0.011 1. 0. -321.048 1. 0.011 0. 218.576 0. 0. -1. 0.
-0.010 1. 0. -321.048 1. 0.010 0. 218.576 0. 0. -1. 0.
-0.010 1. 0. -321.048 1. 0.010 0. 218.576 0. 0. -1. 0.
-0.010 1. 0. -321.048 1. 0.010 0. 218.576 0. 0. -1. 0.
-0.010 1. 0. -321.048 1. 0.010 0. 218.576 0. 0. -1. 0.
-0.011 1. 0. -321.048 1. 0.011 0. 218.576 0. 0. -1. 0.
-0.011 1. 0. -321.048 1. 0.011 0. 218.576 0. 0. -1. 0.
-0.011 1. 0. -321.048 1. 0.011 0. 218.576 0. 0. -1. 0.
-0.011 1. 0. -321.048 1. 0.011 0. 218.576 0. 0. -1. 0.
-0.011 1. 0. -321.049 1. 0.011 0. 218.576 0. 0. -1. 0.
-0.011 1. 0. -321.048 1. 0.011 0. 218.576 0. 0. -1. 0.
-0.011 1. 0. -321.049 1. 0.011 0. 218.576 0. 0. -1. 0.
-0.011 1. 0. -321.048 1. 0.011 0. 218.576 0. 0. -1. 0.
-0.010 1. 0. -321.048 1. 0.010 0. 218.576 0. 0. -1. 0.
-0.010 1. 0. -321.048 1. 0.010 0. 218.576 0. 0. -1. 0.
-0.010 1. 0. -321.049 1. 0.010 0. 218.576 0. 0. -1. 0.
-0.010 1. 0. -321.048 1. 0.010 0. 218.576 0. 0. -1. 0.
-0.010 1. 0. -321.048 1. 0.010 0. 218.576 0. 0. -1. 0.
-0.010 1. 0. -321.048 1. 0.010 0. 218.576 0. 0. -1. 0.
-0.010 1. 0. -321.049 1. 0.010 0. 218.576 0. 0. -1. 0.
-0.010 1. 0. -321.049 1. 0.010 0. 218.576 0. 0. -1. 0.
-0.010 1. 0. -321.048 1. 0.010 0. 218.576 0. 0. -1. 0.
-0.010 1. 0. -321.048 1. 0.010 0. 218.576 0. 0. -1. 0.
