1. 0. 0. 0. 0. -1. -0. 0. 0. 0. -1. 0.
1. -0.003 -0. -0.006 -0.003 -1. -0. -0.015 0. 0. -1. 0.
1. 0.004 0. -0.005 0.004 -1. -0. -0.014 0. 0. -1. 0.
1. -0. -0. 0.012 -0. -1. -0. 0.009 0. 0. -1. 0.
1. 0.003 0. -0.036 0.003 -1. -0. -0.041 0. 0. -1. 0.
1. 0.002 0. -0.007 0.002 -1. -0. -0.011 0. 0. -1. 0.
1. 0.003 0. -0.002 0.003 -1. -0. -0.030 0. 0. -1. 0.
1. -0.005 -0. -0.028 -0.005 -1. -0. 0.002 0. 0. -1. 0.
1. -0.003 -0. -0.009 -0.003 -1. -0. -0.001 0. 0. -1. 0.
1. -0.001 -0. 0.030 -0.001 -1. -0. 0.020 0. 0. -1. 0.
1. -0.005 -0. -0.010 -0.005 -1. -0. -0.008 0. 0. -1. 0.
1. -0.002 -0. -0.005 -0.002 -1. -0. 0.006 0. 0. -1. 0.
1. 0.001 0. -0.004 0.001 -1. -0. -0.008 0. 0. -1. 0.
1. -0.003 -0. -0.001 -0.003 -1. -0. 0.003 0. 0. -1. 0.
1. 0.002 0. -0.043 0.002 -1. -0. -0.035 0. 0. -1. 0.
1. 0.002 0. -0.001 0.002 -1. -0. 0.005 0. 0. -1. 0.
1. 0.002 0. -0.004 0.002 -1. -0. -0.017 0. 0. -1. 0.
1. 0.001 0. -0.017 0.001 -1. -0. -0.028 0. 0. -1. 0.
1. -0.002 -0. -0.034 -0.002 -1. -0. 0.010 0. 0. -1. 0.
1. -0.001 -0. 0.002 -0.001 -1. -0. 0.016 0. 0. -1. 0.
1. -0.001 -0. 0.035 -0.001 -1. -0. 0.016 0. 0. -1. 0.
1. -0.001 -0. -0.029 -0.001 -1. -0. -0.046 0. 0. -1. 0.
1. 0.001 0. -0.001 0.001 -1. -0. 0.008 0. 0. -1. 0.
1. -0.003 -0. -0.001 -0.003 -1. -0. -0.002 0. 0. -1. 0.
1. -0.007 -0. -0.025 -0.007 -1. -0. -0.011 0. 0. -1. 0.
1. 0.003 0. -0.019 0.003 -1. -0. -0.003 0. 0. -1. 0.
1. 0.003 0. 0.022 0.003 -1. -0. 0.010 0. 0. -1. 0.
1. 0.000 0. -0.044 0.000 -1. -0. -0.025 0. 0. -1. 0.
1. -0.005 -0. -0.011 -0.005 -1. -0. 0.013 0. 0. -1. 0.
1. -0.006 -0. -0.038 -0.006 -1. -0. -0.003 0. 0. -1. 0.
1. -0.001 -0. 0.008 -0.001 -1. -0. 0.006 0. 0. -1. 0.
1. 0.001 0. 0.059 0.001 -1. -0. -0.005 0. 0. -1. 0.
1. -0.002 -0. 0.076 -0.002 -1. -0. 0.015 0. 0. -1. 0.
1. -0.003 -0. 0.143 -0.003 -1. -0. -0.028 0. 0. -1. 0.
1. -0.010 -0. 0.190 -0.010 -1. -0. -0.084 0. 0. -1. 0.
1.000 -0.020 -0. 0.373 -0.020 -1.000 -0. -0.028 0. 0. -1. 0.
0.999 -0.036 -0. 0.636 -0.036 -0.999 -0. -0.027 0. 0. -1. 0.
0.998 -0.058 -0. 1.008 -0.058 -0.998 -0. -0.099 0. 0. -1. 0.
0.997 -0.078 -0. 1.311 -0.078 -0.997 -0. -0.226 0. 0. -1. 0.
0.995 -0.099 -0. 1.770 -0.099 -0.995 -0. -0.227 0. 0. -1. 0.
0.992 -0.124 -0. 2.296 -0.124 -0.992 -0. -0.345 0. 0. -1. 0.
0.992 -0.128 -0. 2.945 -0.128 -0.992 -0. -0.414 0. 0. -1. 0.
0.991 -0.133 -0. 3.723 -0.133 -0.991 -0. -0.538 0. 0. -1. 0.
0.989 -0.146 -0. 4.542 -0.146 -0.989 -0. -0.619 0. 0. -1. 0.
0.990 -0.144 -0. 5.331 -0.144 -0.990 -0. -0.862 0. 0. -1. 0.
0.990 -0.142 -0. 6.318 -0.142 -0.990 -0. -0.880 0. 0. -1. 0.
0.991 -0.135 -0. 7.219 -0.135 -0.991 -0. -1.166 0. 0. -1. 0.
0.991 -0.133 -0. 8.284 -0.133 -0.991 -0. -1.260 0. 0. -1. 0.
0.992 -0.129 -0. 9.360 -0.129 -0.992 -0. -1.327 0. 0. -1. 0.
0.991 -0.135 -0. 10.453 -0.135 -0.991 -0. -1.519 0. 0. -1. 0.
0.989 -0.147 -0. 11.624 -0.147 -0.989 -0. -1.713 0. 0. -1. 0.
0.987 -0.158 -0. 12.837 -0.158 -0.987 -0. -1.955 0. 0. -1. 0.
0.987 -0.158 -0. 14.081 -0.158 -0.987 -0. -2.269 0. 0. -1. 0.
0.988 -0.157 -0. 15.442 -0.157 -0.988 -0. -2.360 0. 0. -1. 0.
0.988 -0.153 -0. 16.863 -0.153 -0.988 -0. -2.579 0. 0. -1. 0.
0.990 -0.142 -0. 18.240 -0.142 -0.990 -0. -2.807 0. 0. -1. 0.
0.992 -0.124 -0. 19.738 -0.124 -0.992 -0. -3.122 0. 0. -1. 0.
0.994 -0.111 -0. 21.176 -0.111 -0.994 -0. -3.275 0. 0. -1. 0.
0.996 -0.094 -0. 22.714 -0.094 -0.996 -0. -3.461 0. 0. -1. 0.
0.997 -0.078 -0. 24.148 -0.078 -0.997 -0. -3.569 0. 0. -1. 0.
0.999 -0.052 -0. 25.723 -0.052 -0.999 -0. -3.581 0. 0. -1. 0.
1.000 -0.024 -0. 27.256 -0.024 -1.000 -0. -3.655 0. 0. -1. 0.
1. -0.014 -0. 28.766 -0.014 -1. -0. -3.709 0. 0. -1. 0.
1. -0.006 -0. 30.251 -0.006 -1. -0. -3.766 0. 0. -1. 0.
1. -0.003 -0. 31.761 -0.003 -1. -0. -3.826 0. 0. -1. 0.
1. -0.002 -0. 33.249 -0.002 -1. -0. -3.938 0. 0. -1. 0.
1. -0.014 -0. 34.987 -0.014 -1. -0. -3.971 0. 0. -1. 0.
1.000 -0.020 -0. 36.630 -0.020 -1.000 -0. -4.020 0. 0. -1. 0.
1.000 -0.026 -0. 38.224 -0.026 -1.000 -0. -4.023 0. 0. -1. 0.
1.000 -0.016 -0. 40.008 -0.016 -1.000 -0. -4.135 0. 0. -1. 0.
1. -0.014 -0. 41.765 -0.014 -1. -0. -4.190 0. 0. -1. 0.
1. -0.010 -0. 43.326 -0.010 -1. -0. -4.212 0. 0. -1. 0.
1. -0.014 -0. 45.157 -0.014 -1. -0. -4.186 0. 0. -1. 0.
1.000 -0.018 -0. 46.890 -0.018 -1.000 -0. -4.258 0. 0. -1. 0.
1.000 -0.028 -0. 48.612 -0.028 -1.000 -0. -4.308 0. 0. -1. 0.
1.000 -0.030 -0. 50.368 -0.030 -1.000 -0. -4.480 0. 0. -1. 0.
0.999 -0.036 -0. 52.224 -0.036 -0.999 -0. -4.378 0. 0. -1. 0.
0.999 -0.043 -0. 53.975 -0.043 -0.999 -0. -4.525 0. 0. -1. 0.
0.999 -0.039 -0. 55.778 -0.039 -0.999 -0. -4.655 0. 0. -1. 0.
1.000 -0.022 -0. 57.611 -0.022 -1.000 -0. -4.827 0. 0. -1. 0.
1.000 -0.016 -0. 59.475 -0.016 -1.000 -0. -4.749 0. 0. -1. 0.
1. -0.003 -0. 61.392 -0.003 -1. -0. -4.925 0. 0. -1. 0.
1. 0.006 0. 63.291 0.006 -1. -0. -4.948 0. 0. -1. 0.
1.000 0.018 0. 65.211 0.018 -1.000 -0. -4.940 0. 0. -1. 0.
0.999 0.042 0. 67.176 0.042 -0.999 -0. -4.884 0. 0. -1. 0.
0.999 0.049 0. 69.157 0.049 -0.999 -0. -4.650 0. 0. -1. 0.
0.998 0.056 0. 71.167 0.056 -0.998 -0. -4.689 0. 0. -1. 0.
0.999 0.055 0. 73.197 0.055 -0.999 -0. -4.535 0. 0. -1. 0.
0.998 0.055 0. 75.239 0.055 -0.998 -0. -4.381 0. 0. -1. 0.
0.999 0.049 0. 77.295 0.049 -0.999 -0. -4.449 0. 0. -1. 0.
0.999 0.037 0. 79.301 0.037 -0.999 -0. -4.367 0. 0. -1. 0.
1.000 0.020 0. 81.304 0.020 -1.000 -0. -4.387 0. 0. -1. 0.
1. 0.002 0. 83.381 0.002 -1. -0. -4.381 0. 0. -1. 0.
1.000 -0.025 -0. 85.387 -0.025 -1.000 -0. -4.501 0. 0. -1. 0.
0.998 -0.063 -0. 87.447 -0.063 -0.998 -0. -4.557 0. 0. -1. 0.
0.994 -0.110 -0. 89.324 -0.110 -0.994 -0. -4.771 0. 0. -1. 0.
0.986 -0.168 -0. 91.328 -0.168 -0.986 -0. -5.060 0. 0. -1. 0.
0.974 -0.227 -0. 93.267 -0.227 -0.974 -0. -5.580 0. 0. -1. 0.
0.961 -0.276 -0. 95.081 -0.276 -0.961 -0. -6.001 0. 0. -1. 0.
0.946 -0.325 -0. 96.905 -0.325 -0.946 -0. -6.695 0. 0. -1. 0.
0.923 -0.385 -0. 98.755 -0.385 -0.923 -0. -7.495 0. 0. -1. 0.
0.897 -0.442 -0. 100.421 -0.442 -0.897 -0. -8.498 0. 0. -1. 0.
0.867 -0.498 -0. 102.161 -0.498 -0.867 -0. -9.347 0. 0. -1. 0.
0.833 -0.553 -0. 103.783 -0.553 -0.833 -0. -10.454 0. 0. -1. 0.
0.795 -0.607 -0. 105.357 -0.607 -0.795 -0. -11.612 0. 0. -1. 0.
0.752 -0.660 -0. 106.998 -0.660 -0.752 -0. -12.907 0. 0. -1. 0.
0.704 -0.711 -0. 108.229 -0.711 -0.704 -0. -14.369 0. 0. -1. 0.
0.644 -0.765 -0. 109.493 -0.765 -0.644 -0. -15.794 0. 0. -1. 0.
0.587 -0.809 -0. 110.587 -0.809 -0.587 -0. -17.444 0. 0. -1. 0.
0.531 -0.847 -0. 111.723 -0.847 -0.531 -0. -19.009 0. 0. -1. 0.
0.478 -0.878 -0. 112.371 -0.878 -0.478 -0. -20.831 0. 0. -1. 0.
0.433 -0.901 -0. 113.477 -0.901 -0.433 -0. -22.644 0. 0. -1. 0.
0.405 -0.914 -0. 114.197 -0.914 -0.405 -0. -24.633 0. 0. -1. 0.
0.375 -0.927 -0. 115.040 -0.927 -0.375 -0. -26.603 0. 0. -1. 0.
0.350 -0.937 -0. 115.791 -0.937 -0.350 -0. -28.557 0. 0. -1. 0.
0.346 -0.938 -0. 116.443 -0.938 -0.346 -0. -30.623 0. 0. -1. 0.
0.345 -0.939 -0. 117.187 -0.939 -0.345 -0. -32.795 0. 0. -1. 0.
0.352 -0.936 -0. 117.785 -0.936 -0.352 -0. -34.815 0. 0. -1. 0.
0.359 -0.934 -0. 118.756 -0.934 -0.359 -0. -36.893 0. 0. -1. 0.
0.371 -0.929 -0. 119.149 -0.929 -0.371 -0. -39.035 0. 0. -1. 0.
0.386 -0.922 -0. 120.175 -0.922 -0.386 -0. -41.101 0. 0. -1. 0.
0.396 -0.918 -0. 121.088 -0.918 -0.396 -0. -43.236 0. 0. -1. 0.
0.423 -0.906 -0. 121.967 -0.906 -0.423 -0. -45.217 0. 0. -1. 0.
0.439 -0.898 -0. 122.994 -0.898 -0.439 -0. -47.196 0. 0. -1. 0.
0.458 -0.889 -0. 123.822 -0.889 -0.458 -0. -49.113 0. 0. -1. 0.
0.474 -0.881 -0. 124.766 -0.881 -0.474 -0. -51.075 0. 0. -1. 0.
0.482 -0.876 -0. 125.852 -0.876 -0.482 -0. -53.024 0. 0. -1. 0.
0.496 -0.868 -0. 126.743 -0.868 -0.496 -0. -54.776 0. 0. -1. 0.
0.511 -0.860 -0. 127.901 -0.860 -0.511 -0. -56.638 0. 0. -1. 0.
0.525 -0.851 -0. 128.869 -0.851 -0.525 -0. -58.395 0. 0. -1. 0.
0.526 -0.850 -0. 129.964 -0.850 -0.526 -0. -60.188 0. 0. -1. 0.
0.529 -0.848 -0. 131.090 -0.848 -0.529 -0. -61.933 0. 0. -1. 0.
0.533 -0.846 -0. 132.081 -0.846 -0.533 -0. -63.587 0. 0. -1. 0.
0.528 -0.849 -0. 133.150 -0.849 -0.528 -0. -65.268 0. 0. -1. 0.
0.532 -0.847 -0. 134.159 -0.847 -0.532 -0. -66.888 0. 0. -1. 0.
0.546 -0.838 -0. 134.984 -0.838 -0.546 -0. -68.374 0. 0. -1. 0.
0.569 -0.822 -0. 136.132 -0.822 -0.569 -0. -69.957 0. 0. -1. 0.
0.602 -0.798 -0. 137.233 -0.798 -0.602 -0. -71.334 0. 0. -1. 0.
0.657 -0.754 -0. 138.254 -0.754 -0.657 -0. -72.610 0. 0. -1. 0.
0.715 -0.699 -0. 139.388 -0.699 -0.715 -0. -73.911 0. 0. -1. 0.
0.779 -0.627 -0. 140.581 -0.627 -0.779 -0. -74.938 0. 0. -1. 0.
0.842 -0.539 -0. 141.856 -0.539 -0.842 -0. -75.736 0. 0. -1. 0.
0.904 -0.428 -0. 143.158 -0.428 -0.904 -0. -76.335 0. 0. -1. 0.
0.951 -0.309 -0. 144.548 -0.309 -0.951 -0. -76.810 0. 0. -1. 0.
0.984 -0.176 -0. 145.871 -0.176 -0.984 -0. -77.196 0. 0. -1. 0.
0.999 -0.039 -0. 147.148 -0.039 -0.999 -0. -77.230 0. 0. -1. 0.
0.994 0.113 0. 148.316 0.113 -0.994 -0. -77.055 0. 0. -1. 0.
0.963 0.269 0. 149.466 0.269 -0.963 -0. -76.639 0. 0. -1. 0.
0.906 0.423 0. 150.490 0.423 -0.906 -0. -76.190 0. 0. -1. 0.
0.818 0.575 0. 151.430 0.575 -0.818 -0. -75.584 0. 0. -1. 0.
0.705 0.709 0. 152.226 0.709 -0.705 -0. -74.779 0. 0. -1. 0.
0.549 0.836 0. 152.807 0.836 -0.549 -0. -73.858 0. 0. -1. 0.
0.387 0.922 0. 153.246 0.922 -0.387 -0. -72.790 0. 0. -1. 0.
0.203 0.979 0. 153.321 0.979 -0.203 -0. -71.826 0. 0. -1. 0.
0.008 1. 0. 153.366 1. -0.008 -0. -70.761 0. 0. -1. 0.
-0.188 0.982 0. 153.146 0.982 0.188 0. -69.735 0. 0. -1. 0.
-0.382 0.924 0. 152.681 0.924 0.382 0. -68.673 0. 0. -1. 0.
-0.542 0.840 0. 152.041 0.840 0.542 0. -67.695 0. 0. -1. 0.
-0.658 0.753 0. 151.194 0.753 0.658 0. -66.689 0. 0. -1. 0.
-0.749 0.662 0. 150.183 0.662 0.749 0. -65.953 0. 0. -1. 0.
-0.817 0.577 0. 149.243 0.577 0.817 0. -65.200 0. 0. -1. 0.
-0.866 0.499 0. 148.028 0.499 0.866 0. -64.518 0. 0. -1. 0.
-0.901 0.434 0. 146.683 0.434 0.901 0. -63.856 0. 0. -1. 0.
-0.917 0.399 0. 145.367 0.399 0.917 0. -63.268 0. 0. -1. 0.
-0.925 0.381 0. 143.936 0.381 0.925 0. -62.744 0. 0. -1. 0.
-0.924 0.381 0. 142.445 0.381 0.924 0. -62.179 0. 0. -1. 0.
-0.918 0.397 0. 140.933 0.397 0.918 0. -61.508 0. 0. -1. 0.
-0.903 0.430 0. 139.516 0.430 0.903 0. -60.866 0. 0. -1. 0.
-0.881 0.474 0. 137.974 0.474 0.881 0. -60.048 0. 0. -1. 0.
-0.863 0.506 0. 136.659 0.506 0.863 0. -59.060 0. 0. -1. 0.
-0.833 0.553 0. 135.091 0.553 0.833 0. -58.032 0. 0. -1. 0.
-0.807 0.591 0. 133.800 0.591 0.807 0. -56.989 0. 0. -1. 0.
-0.777 0.630 0. 132.306 0.630 0.777 0. -55.859 0. 0. -1. 0.
-0.742 0.671 0. 131.029 0.671 0.742 0. -54.589 0. 0. -1. 0.
-0.699 0.715 0. 129.536 0.715 0.699 0. -53.205 0. 0. -1. 0.
-0.660 0.751 0. 128.340 0.751 0.660 0. -51.638 0. 0. -1. 0.
-0.615 0.789 0. 126.984 0.789 0.615 0. -50.090 0. 0. -1. 0.
-0.571 0.821 0. 125.956 0.821 0.571 0. -48.356 0. 0. -1. 0.
-0.530 0.848 0. 124.751 0.848 0.530 0. -46.644 0. 0. -1. 0.
-0.496 0.868 0. 123.872 0.868 0.496 0. -44.829 0. 0. -1. 0.
-0.465 0.885 0. 122.923 0.885 0.465 0. -42.936 0. 0. -1. 0.
-0.431 0.902 0. 122.037 0.902 0.431 0. -41.000 0. 0. -1. 0.
-0.403 0.915 0. 121.065 0.915 0.403 0. -39.049 0. 0. -1. 0.
-0.384 0.923 0. 120.454 0.923 0.384 0. -37.001 0. 0. -1. 0.
-0.369 0.929 0. 119.607 0.929 0.369 0. -34.916 0. 0. -1. 0.
-0.353 0.936 0. 118.973 0.936 0.353 0. -32.871 0. 0. -1. 0.
-0.339 0.941 0. 118.222 0.941 0.339 0. -30.722 0. 0. -1. 0.
-0.337 0.942 0. 117.421 0.942 0.337 0. -28.660 0. 0. -1. 0.
-0.344 0.939 0. 116.876 0.939 0.344 0. -26.635 0. 0. -1. 0.
-0.359 0.933 0. 115.907 0.933 0.359 0. -24.570 0. 0. -1. 0.
-0.400 0.917 0. 115.109 0.917 0.400 0. -22.528 0. 0. -1. 0.
-0.438 0.899 0. 114.363 0.899 0.438 0. -20.564 0. 0. -1. 0.
-0.484 0.875 0. 113.321 0.875 0.484 0. -18.591 0. 0. -1. 0.
-0.538 0.843 0. 112.349 0.843 0.538 0. -16.814 0. 0. -1. 0.
-0.595 0.803 0. 111.206 0.803 0.595 0. -15.048 0. 0. -1. 0.
-0.658 0.753 0. 109.911 0.753 0.658 0. -13.418 0. 0. -1. 0.
-0.717 0.697 0. 108.529 0.697 0.717 0. -11.915 0. 0. -1. 0.
-0.769 0.640 0. 106.931 0.640 0.769 0. -10.522 0. 0. -1. 0.
-0.815 0.580 0. 105.398 0.580 0.815 0. -9.357 0. 0. -1. 0.
-0.853 0.521 0. 103.600 0.521 0.853 0. -8.305 0. 0. -1. 0.
-0.885 0.465 0. 101.879 0.465 0.885 0. -7.386 0. 0. -1. 0.
-0.913 0.407 0. 100.190 0.407 0.913 0. -6.536 0. 0. -1. 0.
-0.936 0.352 0. 98.414 0.352 0.936 0. -5.822 0. 0. -1. 0.
-0.956 0.294 0. 96.625 0.294 0.956 0. -5.145 0. 0. -1. 0.
-0.973 0.232 0. 94.741 0.232 0.973 0. -4.665 0. 0. -1. 0.
-0.985 0.172 0. 92.850 0.172 0.985 0. -4.311 0. 0. -1. 0.
-0.993 0.120 0. 90.943 0.120 0.993 0. -4.082 0. 0. -1. 0.
-0.997 0.073 0. 88.900 0.073 0.997 0. -3.956 0. 0. -1. 0.
-0.999 0.040 0. 86.956 0.040 0.999 0. -3.850 0. 0. -1. 0.
-1.000 0.021 0. 85.015 0.021 1.000 0. -3.932 0. 0. -1. 0.
-1. -0.002 -0. 83.065 -0.002 1. 0. -3.790 0. 0. -1. 0.
-1. -0.010 -0. 81.021 -0.010 1. 0. -3.814 0. 0. -1. 0.
-1. -0.013 -0. 79.036 -0.013 1. 0. -3.837 0. 0. -1. 0.
-1.000 -0.027 -0. 77.055 -0.027 1.000 0. -3.835 0. 0. -1. 0.
-1.000 -0.030 -0. 74.970 -0.030 1.000 0. -3.931 0. 0. -1. 0.
-0.999 -0.033 -0. 73.124 -0.033 0.999 0. -3.974 0. 0. -1. 0.
-1.000 -0.031 -0. 70.950 -0.031 1.000 0. -4.071 0. 0. -1. 0.
-1.000 -0.024 -0. 68.895 -0.024 1.000 0. -4.012 0. 0. -1. 0.
-1.000 -0.018 -0. 66.801 -0.018 1.000 0. -3.915 0. 0. -1. 0.
-1. -0.010 -0. 64.656 -0.010 1. 0. -4.026 0. 0. -1. 0.
-1. 0.007 0. 62.578 0.007 1. 0. -3.951 0. 0. -1. 0.
-1.000 0.019 0. 60.472 0.019 1.000 0. -3.813 0. 0. -1. 0.
-1.000 0.029 0. 58.296 0.029 1.000 0. -3.675 0. 0. -1. 0.
-0.999 0.034 0. 56.157 0.034 0.999 0. -3.585 0. 0. -1. 0.
-0.999 0.036 0. 54.009 0.036 0.999 0. -3.576 0. 0. -1. 0.
-0.999 0.037 0. 51.816 0.037 0.999 0. -3.504 0. 0. -1. 0.
-0.999 0.040 0. 49.710 0.040 0.999 0. -3.341 0. 0. -1. 0.
-0.999 0.045 0. 47.510 0.045 0.999 0. -3.153 0. 0. -1. 0.
-0.999 0.047 0. 45.428 0.047 0.999 0. -2.825 0. 0. -1. 0.
-0.999 0.054 0. 43.209 0.054 0.999 0. -2.714 0. 0. -1. 0.
-0.999 0.050 0. 41.095 0.050 0.999 0. -2.565 0. 0. -1. 0.
-0.999 0.052 0. 38.883 0.052 0.999 0. -2.426 0. 0. -1. 0.
-0.999 0.050 0. 36.730 0.050 0.999 0. -2.330 0. 0. -1. 0.
-0.999 0.047 0. 34.620 0.047 0.999 0. -2.261 0. 0. -1. 0.
-0.999 0.049 0. 32.397 0.049 0.999 0. -1.980 0. 0. -1. 0.
-0.999 0.051 0. 30.307 0.051 0.999 0. -1.966 0. 0. -1. 0.
-0.998 0.056 0. 28.123 0.056 0.998 0. -1.948 0. 0. -1. 0.
-0.998 0.060 0. 25.979 0.060 0.998 0. -1.677 0. 0. -1. 0.
-0.998 0.060 0. 23.828 0.060 0.998 0. -1.409 0. 0. -1. 0.
-0.997 0.072 0. 21.640 0.072 0.997 0. -1.281 0. 0. -1. 0.
-0.997 0.071 0. 19.541 0.071 0.997 0. -1.096 0. 0. -1. 0.
-0.997 0.071 0. 17.364 0.071 0.997 0. -0.967 0. 0. -1. 0.
-0.997 0.083 0. 15.149 0.083 0.997 0. -0.791 0. 0. -1. 0.
-0.996 0.088 0. 13.030 0.088 0.996 0. -0.547 0. 0. -1. 0.
-0.996 0.084 0. 10.845 0.084 0.996 0. -0.295 0. 0. -1. 0.
-0.996 0.093 0. 8.629 0.093 0.996 0. -0.140 0. 0. -1. 0.
-0.995 0.096 0. 6.413 0.096 0.995 0. 0.093 0. 0. -1. 0.
-0.996 0.091 0. 4.240 0.091 0.996 0. 0.388 0. 0. -1. 0.
-0.996 0.095 0. 2.048 0.095 0.996 0. 0.635 0. 0. -1. 0.
-0.996 0.088 0. -0.146 0.088 0.996 0. 0.848 0. 0. -1. 0.
-0.996 0.085 0. -2.320 0.085 0.996 0. 1.134 0. 0. -1. 0.
-0.996 0.091 0. -4.571 0.091 0.996 0. 1.273 0. 0. -1. 0.
-0.997 0.084 0. -6.829 0.084 0.997 0. 1.603 0. 0. -1. 0.
-0.997 0.080 0. -8.891 0.080 0.997 0. 1.774 0. 0. -1. 0.
-0.997 0.081 0. -11.195 0.081 0.997 0. 1.995 0. 0. -1. 0.
-0.997 0.073 0. -13.354 0.073 0.997 0. 2.069 0. 0. -1. 0.
-0.997 0.078 0. -15.518 0.078 0.997 0. 2.342 0. 0. -1. 0.
-0.998 0.069 0. -17.819 0.069 0.998 0. 2.624 0. 0. -1. 0.
-0.998 0.066 0. -20.011 0.066 0.998 0. 2.850 0. 0. -1. 0.
-0.998 0.064 0. -22.296 0.064 0.998 0. 2.951 0. 0. -1. 0.
-0.998 0.064 0. -24.457 0.064 0.998 0. 3.176 0. 0. -1. 0.
-0.998 0.057 0. -26.723 0.057 0.998 0. 3.366 0. 0. -1. 0.
-0.998 0.056 0. -28.855 0.056 0.998 0. 3.399 0. 0. -1. 0.
-0.999 0.049 0. -31.178 0.049 0.999 0. 3.511 0. 0. -1. 0.
-0.999 0.038 0. -33.253 0.038 0.999 0. 3.663 0. 0. -1. 0.
-0.999 0.038 0. -35.487 0.038 0.999 0. 3.767 0. 0. -1. 0.
-0.999 0.033 0. -37.658 0.033 0.999 0. 3.812 0. 0. -1. 0.
-1.000 0.026 0. -39.849 0.026 1.000 0. 3.959 0. 0. -1. 0.
-1.000 0.021 0. -41.916 0.021 1.000 0. 4.105 0. 0. -1. 0.
-1.000 0.025 0. -44.003 0.025 1.000 0. 4.132 0. 0. -1. 0.
-1. 0.014 0. -45.975 0.014 1. 0. 4.236 0. 0. -1. 0.
-1.000 0.024 0. -48.032 0.024 1.000 0. 4.280 0. 0. -1. 0.
-1. 0.012 0. -49.907 0.012 1. 0. 4.312 0. 0. -1. 0.
-1.000 0.019 0. -51.797 0.019 1.000 0. 4.331 0. 0. -1. 0.
-1.000 0.016 0. -53.518 0.016 1.000 0. 4.417 0. 0. -1. 0.
-0.999 0.035 0. -55.220 0.035 0.999 0. 4.504 0. 0. -1. 0.
-0.999 0.051 0. -56.760 0.051 0.999 0. 4.628 0. 0. -1. 0.
-0.997 0.078 0. -58.277 0.078 0.997 0. 4.673 0. 0. -1. 0.
-0.992 0.130 0. -59.636 0.130 0.992 0. 4.966 0. 0. -1. 0.
-0.985 0.173 0. -60.870 0.173 0.985 0. 5.162 0. 0. -1. 0.
-0.967 0.253 0. -62.073 0.253 0.967 0. 5.556 0. 0. -1. 0.
-0.946 0.325 0. -63.148 0.325 0.946 0. 5.891 0. 0. -1. 0.
-0.905 0.426 0. -64.136 0.426 0.905 0. 6.353 0. 0. -1. 0.
-0.852 0.523 0. -65.003 0.523 0.852 0. 6.903 0. 0. -1. 0.
-0.786 0.619 0. -65.837 0.619 0.786 0. 7.570 0. 0. -1. 0.
-0.698 0.716 0. -66.632 0.716 0.698 0. 8.288 0. 0. -1. 0.
-0.604 0.797 0. -67.119 0.797 0.604 0. 9.091 0. 0. -1. 0.
-0.508 0.862 0. -67.558 0.862 0.508 0. 10.076 0. 0. -1. 0.
-0.414 0.910 0. -67.962 0.910 0.414 0. 11.008 0. 0. -1. 0.
-0.322 0.947 0. -68.241 0.947 0.322 0. 11.959 0. 0. -1. 0.
-0.240 0.971 0. -68.563 0.971 0.240 0. 13.053 0. 0. -1. 0.
-0.172 0.985 0. -68.601 0.985 0.172 0. 14.157 0. 0. -1. 0.
-0.117 0.993 0. -68.924 0.993 0.117 0. 15.326 0. 0. -1. 0.
-0.073 0.997 0. -68.684 0.997 0.073 0. 16.571 0. 0. -1. 0.
-0.046 0.999 0. -69.105 0.999 0.046 0. 17.908 0. 0. -1. 0.
-0.021 1.000 0. -69.006 1.000 0.021 0. 19.157 0. 0. -1. 0.
-0.021 1.000 0. -68.839 1.000 0.021 0. 20.658 0. 0. -1. 0.
-0.017 1.000 0. -68.738 1.000 0.017 0. 22.117 0. 0. -1. 0.
-0.009 1. 0. -68.752 1. 0.009 0. 23.625 0. 0. -1. 0.
0.001 1. 0. -68.751 1. -0.001 -0. 25.175 0. 0. -1. 0.
0.014 1.000 0. -68.700 1.000 -0.014 -0. 26.790 0. 0. -1. 0.
0.011 1. 0. -68.645 1. -0.011 -0. 28.403 0. 0. -1. 0.
0.035 0.999 0. -68.526 0.999 -0.035 -0. 30.063 0. 0. -1. 0.
0.044 0.999 0. -68.723 0.999 -0.044 -0. 31.739 0. 0. -1. 0.
0.056 0.998 0. -68.299 0.998 -0.056 -0. 33.492 0. 0. -1. 0.
0.065 0.998 0. -68.303 0.998 -0.065 -0. 35.258 0. 0. -1. 0.
0.094 0.996 0. -67.947 0.996 -0.094 -0. 37.071 0. 0. -1. 0.
0.116 0.993 0. -67.913 0.993 -0.116 -0. 38.883 0. 0. -1. 0.
0.140 0.990 0. -67.581 0.990 -0.140 -0. 40.730 0. 0. -1. 0.
0.161 0.987 0. -67.157 0.987 -0.161 -0. 42.543 0. 0. -1. 0.
0.180 0.984 0. -66.882 0.984 -0.180 -0. 44.318 0. 0. -1. 0.
0.182 0.983 0. -66.422 0.983 -0.182 -0. 46.157 0. 0. -1. 0.
0.190 0.982 0. -66.082 0.982 -0.190 -0. 48.034 0. 0. -1. 0.
0.178 0.984 0. -65.723 0.984 -0.178 -0. 49.889 0. 0. -1. 0.
0.158 0.987 0. -65.349 0.987 -0.158 -0. 51.725 0. 0. -1. 0.
0.134 0.991 0. -65.039 0.991 -0.134 -0. 53.626 0. 0. -1. 0.
0.118 0.993 0. -64.875 0.993 -0.118 -0. 55.659 0. 0. -1. 0.
0.092 0.996 0. -64.649 0.996 -0.092 -0. 57.548 0. 0. -1. 0.
0.071 0.997 0. -64.392 0.997 -0.071 -0. 59.545 0. 0. -1. 0.
0.057 0.998 0. -64.307 0.998 -0.057 -0. 61.477 0. 0. -1. 0.
0.040 0.999 0. -64.127 0.999 -0.040 -0. 63.402 0. 0. -1. 0.
0.031 1.000 0. -64.024 1.000 -0.031 -0. 65.358 0. 0. -1. 0.
0.023 1.000 0. -63.901 1.000 -0.023 -0. 67.260 0. 0. -1. 0.
0.025 1.000 0. -63.892 1.000 -0.025 -0. 69.147 0. 0. -1. 0.
0.027 1.000 0. -63.843 1.000 -0.027 -0. 70.981 0. 0. -1. 0.
0.036 0.999 0. -63.712 0.999 -0.036 -0. 72.901 0. 0. -1. 0.
0.046 0.999 0. -63.654 0.999 -0.046 -0. 74.590 0. 0. -1. 0.
0.058 0.998 0. -63.585 0.998 -0.058 -0. 76.484 0. 0. -1. 0.
0.062 0.998 0. -63.361 0.998 -0.062 -0. 78.183 0. 0. -1. 0.
0.059 0.998 0. -63.236 0.998 -0.059 -0. 79.941 0. 0. -1. 0.
0.040 0.999 0. -63.056 0.999 -0.040 -0. 81.668 0. 0. -1. 0.
-0.009 1. 0. -63.135 1. 0.009 0. 83.324 0. 0. -1. 0.
-0.058 0.998 0. -63.128 0.998 0.058 0. 85.023 0. 0. -1. 0.
-0.129 0.992 0. -63.176 0.992 0.129 0. 86.510 0. 0. -1. 0.
-0.211 0.977 0. -63.602 0.977 0.211 0. 88.084 0. 0. -1. 0.
-0.299 0.954 0. -63.948 0.954 0.299 0. 89.562 0. 0. -1. 0.
-0.395 0.919 0. -64.488 0.919 0.395 0. 90.999 0. 0. -1. 0.
-0.479 0.878 0. -65.190 0.878 0.479 0. 92.384 0. 0. -1. 0.
-0.559 0.829 0. -66.036 0.829 0.559 0. 93.488 0. 0. -1. 0.
-0.639 0.770 0. -66.879 0.770 0.639 0. 94.745 0. 0. -1. 0.
-0.714 0.700 0. -67.924 0.700 0.714 0. 95.758 0. 0. -1. 0.
-0.789 0.614 0. -69.050 0.614 0.789 0. 96.690 0. 0. -1. 0.
-0.846 0.533 0. -70.365 0.533 0.846 0. 97.525 0. 0. -1. 0.
-0.890 0.457 0. -71.774 0.457 0.890 0. 98.253 0. 0. -1. 0.
-0.923 0.384 0. -73.092 0.384 0.923 0. 98.808 0. 0. -1. 0.
-0.951 0.310 0. -74.519 0.310 0.951 0. 99.349 0. 0. -1. 0.
-0.969 0.247 0. -76.071 0.247 0.969 0. 99.636 0. 0. -1. 0.
-0.979 0.206 0. -77.653 0.206 0.979 0. 99.953 0. 0. -1. 0.
-0.983 0.181 0. -79.154 0.181 0.983 0. 100.339 0. 0. -1. 0.
-0.983 0.185 0. -80.731 0.185 0.983 0. 100.673 0. 0. -1. 0.
-0.979 0.204 0. -82.274 0.204 0.979 0. 100.975 0. 0. -1. 0.
-0.971 0.241 0. -83.889 0.241 0.971 0. 101.398 0. 0. -1. 0.
-0.958 0.286 0. -85.424 0.286 0.958 0. 101.817 0. 0. -1. 0.
-0.944 0.331 0. -86.973 0.331 0.944 0. 102.484 0. 0. -1. 0.
-0.920 0.393 0. -88.571 0.393 0.920 0. 103.121 0. 0. -1. 0.
-0.892 0.452 0. -89.982 0.452 0.892 0. 104.008 0. 0. -1. 0.
-0.861 0.509 0. -91.558 0.509 0.861 0. 104.929 0. 0. -1. 0.
-0.834 0.552 0. -93.001 0.552 0.834 0. 105.906 0. 0. -1. 0.
-0.802 0.598 0. -94.437 0.598 0.802 0. 107.016 0. 0. -1. 0.
-0.778 0.628 0. -95.914 0.628 0.778 0. 108.151 0. 0. -1. 0.
-0.750 0.662 0. -97.377 0.662 0.750 0. 109.396 0. 0. -1. 0.
-0.735 0.678 0. -98.763 0.678 0.735 0. 110.825 0. 0. -1. 0.
-0.719 0.695 0. -100.191 0.695 0.719 0. 112.190 0. 0. -1. 0.
-0.710 0.704 0. -101.703 0.704 0.710 0. 113.493 0. 0. -1. 0.
-0.709 0.705 0. -103.097 0.705 0.709 0. 115.175 0. 0. -1. 0.
-0.704 0.710 0. -104.591 0.710 0.704 0. 116.579 0. 0. -1. 0.
-0.700 0.714 0. -106.062 0.714 0.700 0. 118.135 0. 0. -1. 0.
-0.705 0.709 0. -107.526 0.709 0.705 0. 119.750 0. 0. -1. 0.
-0.705 0.709 0. -109.141 0.709 0.705 0. 121.308 0. 0. -1. 0.
-0.702 0.712 0. -110.596 0.712 0.702 0. 122.973 0. 0. -1. 0.
-0.701 0.713 0. -112.331 0.713 0.701 0. 124.635 0. 0. -1. 0.
-0.703 0.711 0. -113.848 0.711 0.703 0. 126.463 0. 0. -1. 0.
-0.701 0.713 0. -115.547 0.713 0.701 0. 128.181 0. 0. -1. 0.
-0.700 0.714 0. -117.178 0.714 0.700 0. 129.986 0. 0. -1. 0.
-0.702 0.712 0. -118.863 0.712 0.702 0. 131.745 0. 0. -1. 0.
-0.695 0.719 0. -120.578 0.719 0.695 0. 133.582 0. 0. -1. 0.
-0.693 0.721 0. -122.252 0.721 0.693 0. 135.351 0. 0. -1. 0.
-0.691 0.722 0. -123.948 0.722 0.691 0. 137.289 0. 0. -1. 0.
-0.688 0.725 0. -125.596 0.725 0.688 0. 139.095 0. 0. -1. 0.
-0.687 0.726 0. -127.355 0.726 0.687 0. 141.069 0. 0. -1. 0.
-0.688 0.725 0. -128.971 0.725 0.688 0. 142.857 0. 0. -1. 0.
-0.687 0.727 0. -130.693 0.727 0.687 0. 144.733 0. 0. -1. 0.
-0.681 0.732 0. -132.457 0.732 0.681 0. 146.686 0. 0. -1. 0.
-0.681 0.732 0. -134.059 0.732 0.681 0. 148.582 0. 0. -1. 0.
-0.680 0.733 0. -135.818 0.733 0.680 0. 150.465 0. 0. -1. 0.
-0.677 0.736 0. -137.563 0.736 0.677 0. 152.234 0. 0. -1. 0.
-0.673 0.739 0. -139.235 0.739 0.673 0. 154.155 0. 0. -1. 0.
-0.665 0.747 0. -140.816 0.747 0.665 0. 156.032 0. 0. -1. 0.
-0.649 0.761 0. -142.546 0.761 0.649 0. 157.929 0. 0. -1. 0.
-0.632 0.775 0. -143.978 0.775 0.632 0. 159.959 0. 0. -1. 0.
-0.604 0.797 0. -145.596 0.797 0.604 0. 161.881 0. 0. -1. 0.
-0.572 0.820 0. -146.901 0.820 0.572 0. 163.991 0. 0. -1. 0.
-0.538 0.843 0. -148.102 0.843 0.538 0. 166.134 0. 0. -1. 0.
-0.501 0.865 0. -149.446 0.865 0.501 0. 168.226 0. 0. -1. 0.
-0.462 0.887 0. -150.461 0.887 0.462 0. 170.480 0. 0. -1. 0.
-0.413 0.911 0. -151.517 0.911 0.413 0. 172.763 0. 0. -1. 0.
-0.367 0.930 0. -152.368 0.930 0.367 0. 175.087 0. 0. -1. 0.
-0.332 0.943 0. -153.143 0.943 0.332 0. 177.443 0. 0. -1. 0.
-0.296 0.955 0. -153.883 0.955 0.296 0. 179.892 0. 0. -1. 0.
-0.255 0.967 0. -154.446 0.967 0.255 0. 182.285 0. 0. -1. 0.
-0.214 0.977 0. -154.890 0.977 0.214 0. 184.729 0. 0. -1. 0.
-0.180 0.984 0. -155.461 0.984 0.180 0. 187.200 0. 0. -1. 0.
-0.158 0.987 0. -155.992 0.987 0.158 0. 189.732 0. 0. -1. 0.
-0.142 0.990 0. -156.141 0.990 0.142 0. 192.252 0. 0. -1. 0.
-0.127 0.992 0. -156.403 0.992 0.127 0. 194.765 0. 0. -1. 0.
-0.118 0.993 0. -156.707 0.993 0.118 0. 197.273 0. 0. -1. 0.
-0.106 0.994 0. -156.868 0.994 0.106 0. 199.806 0. 0. -1. 0.
-0.100 0.995 0. -157.029 0.995 0.100 0. 202.331 0. 0. -1. 0.
-0.098 0.995 0. -157.192 0.995 0.098 0. 204.814 0. 0. -1. 0.
-0.098 0.995 0. -157.502 0.995 0.098 0. 207.303 0. 0. -1. 0.
-0.103 0.995 0. -157.671 0.995 0.103 0. 209.811 0. 0. -1. 0.
-0.118 0.993 0. -157.829 0.993 0.118 0. 212.273 0. 0. -1. 0.
-0.138 0.990 0. -158.096 0.990 0.138 0. 214.696 0. 0. -1. 0.
-0.166 0.986 0. -158.433 0.986 0.166 0. 217.062 0. 0. -1. 0.
-0.204 0.979 0. -159.052 0.979 0.204 0. 219.455 0. 0. -1. 0.
-0.249 0.968 0. -159.337 0.968 0.249 0. 221.705 0. 0. -1. 0.
-0.300 0.954 0. -160.012 0.954 0.300 0. 223.959 0. 0. -1. 0.
-0.356 0.934 0. -160.896 0.934 0.356 0. 226.109 0. 0. -1. 0.
-0.429 0.903 0. -161.696 0.903 0.429 0. 228.213 0. 0. -1. 0.
-0.500 0.866 0. -162.757 0.866 0.500 0. 230.208 0. 0. -1. 0.
-0.575 0.818 0. -163.973 0.818 0.575 0. 232.129 0. 0. -1. 0.
-0.644 0.765 0. -165.364 0.765 0.644 0. 233.683 0. 0. -1. 0.
-0.704 0.710 0. -166.839 0.710 0.704 0. 235.317 0. 0. -1. 0.
-0.765 0.644 0. -168.553 0.644 0.765 0. 236.731 0. 0. -1. 0.
-0.820 0.572 0. -170.392 0.572 0.820 0. 238.032 0. 0. -1. 0.
-0.865 0.502 0. -172.378 0.502 0.865 0. 239.091 0. 0. -1. 0.
-0.900 0.437 0. -174.234 0.437 0.900 0. 240.098 0. 0. -1. 0.
-0.922 0.387 0. -176.272 0.387 0.922 0. 241.115 0. 0. -1. 0.
-0.937 0.350 0. -178.462 0.350 0.937 0. 242.025 0. 0. -1. 0.
-0.946 0.324 0. -180.566 0.324 0.946 0. 242.815 0. 0. -1. 0.
-0.953 0.304 0. -182.811 0.304 0.953 0. 243.555 0. 0. -1. 0.
-0.956 0.293 0. -185.096 0.293 0.956 0. 244.337 0. 0. -1. 0.
-0.956 0.293 0. -187.386 0.293 0.956 0. 245.063 0. 0. -1. 0.
-0.955 0.297 0. -189.730 0.297 0.955 0. 245.841 0. 0. -1. 0.
-0.956 0.294 0. -192.138 0.294 0.956 0. 246.651 0. 0. -1. 0.
-0.958 0.287 0. -194.636 0.287 0.958 0. 247.387 0. 0. -1. 0.
-0.960 0.280 0. -197.075 0.280 0.960 0. 248.168 0. 0. -1. 0.
-0.958 0.285 0. -199.468 0.285 0.958 0. 248.975 0. 0. -1. 0.
-0.958 0.288 0. -201.915 0.288 0.958 0. 249.634 0. 0. -1. 0.
-0.959 0.285 0. -204.271 0.285 0.959 0. 250.400 0. 0. -1. 0.
-0.959 0.283 0. -206.865 0.283 0.959 0. 251.033 0. 0. -1. 0.
-0.959 0.282 0. -209.078 0.282 0.959 0. 251.934 0. 0. -1. 0.
-0.960 0.281 0. -211.410 0.281 0.960 0. 252.682 0. 0. -1. 0.
-0.960 0.281 0. -213.820 0.281 0.960 0. 253.290 0. 0. -1. 0.
-0.961 0.277 0. -215.923 0.277 0.961 0. 254.064 0. 0. -1. 0.
-0.961 0.276 0. -218.194 0.276 0.961 0. 254.600 0. 0. -1. 0.
-0.962 0.272 0. -220.388 0.272 0.962 0. 255.157 0. 0. -1. 0.
-0.961 0.276 0. -222.383 0.276 0.961 0. 255.849 0. 0. -1. 0.
-0.957 0.290 0. -224.383 0.290 0.957 0. 256.476 0. 0. -1. 0.
-0.950 0.312 0. -226.197 0.312 0.950 0. 257.141 0. 0. -1. 0.
-0.936 0.352 0. -228.031 0.352 0.936 0. 257.792 0. 0. -1. 0.
-0.921 0.389 0. -229.502 0.389 0.921 0. 258.552 0. 0. -1. 0.
-0.906 0.424 0. -230.950 0.424 0.906 0. 259.205 0. 0. -1. 0.
-0.889 0.458 0. -232.329 0.458 0.889 0. 259.946 0. 0. -1. 0.
-0.875 0.484 0. -233.568 0.484 0.875 0. 260.661 0. 0. -1. 0.
-0.868 0.496 0. -234.761 0.496 0.868 0. 261.307 0. 0. -1. 0.
-0.872 0.490 0. -235.914 0.490 0.872 0. 262.021 0. 0. -1. 0.
-0.879 0.477 0. -236.873 0.477 0.879 0. 262.675 0. 0. -1. 0.
-0.885 0.465 0. -237.897 0.465 0.885 0. 263.138 0. 0. -1. 0.
-0.894 0.448 0. -238.788 0.448 0.894 0. 263.578 0. 0. -1. 0.
-0.902 0.432 0. -239.617 0.432 0.902 0. 264.061 0. 0. -1. 0.
-0.905 0.424 0. -240.471 0.424 0.905 0. 264.348 0. 0. -1. 0.
-0.909 0.416 0. -240.994 0.416 0.909 0. 264.632 0. 0. -1. 0.
-0.914 0.406 0. -241.639 0.406 0.914 0. 265.079 0. 0. -1. 0.
-0.916 0.401 0. -242.096 0.401 0.916 0. 265.142 0. 0. -1. 0.
-0.917 0.398 0. -242.444 0.398 0.917 0. 265.390 0. 0. -1. 0.
-0.920 0.392 0. -242.793 0.392 0.920 0. 265.476 0. 0. -1. 0.
-0.920 0.391 0. -243.076 0.391 0.920 0. 265.654 0. 0. -1. 0.
-0.918 0.397 0. -243.310 0.397 0.918 0. 265.618 0. 0. -1. 0.
-0.920 0.391 0. -243.515 0.391 0.920 0. 265.799 0. 0. -1. 0.
-0.920 0.391 0. -243.686 0.391 0.920 0. 265.886 0. 0. -1. 0.
-0.920 0.393 0. -243.711 0.393 0.920 0. 265.808 0. 0. -1. 0.
-0.920 0.393 0. -243.792 0.393 0.920 0. 265.926 0. 0. -1. 0.
-0.918 0.397 0. -243.776 0.397 0.918 0. 265.882 0. 0. -1. 0.
-0.917 0.399 0. -243.800 0.399 0.917 0. 265.917 0. 0. -1. 0.
-0.920 0.392 0. -243.780 0.392 0.920 0. 265.983 0. 0. -1. 0.
-0.920 0.391 0. -243.839 0.391 0.920 0. 265.944 0. 0. -1. 0.
-0.919 0.393 0. -243.783 0.393 0.919 0. 265.959 0. 0. -1. 0.
-0.917 0.399 0. -243.729 0.399 0.917 0. 265.882 0. 0. -1. 0.
-0.918 0.398 0. -243.763 0.398 0.918 0. 265.829 0. 0. -1. 0.
-0.918 0.397 0. -243.816 0.397 0.918 0. 265.853 0. 0. -1. 0.
-0.921 0.391 0. -243.776 0.391 0.921 0. 265.889 0. 0. -1. 0.
-0.920 0.392 0. -243.808 0.392 0.920 0. 265.960 0. 0. -1. 0.
-0.917 0.398 0. -243.809 0.398 0.917 0. 265.931 0. 0. -1. 0.
-0.920 0.393 0. -243.733 0.393 0.920 0. 265.962 0. 0. -1. 0.
-0.919 0.395 0. -243.846 0.395 0.919 0. 265.972 0. 0. -1. 0.
-0.919 0.394 0. -243.740 0.394 0.919 0. 266.020 0. 0. -1. 0.
-0.919 0.395 0. -243.782 0.395 0.919 0. 265.856 0. 0. -1. 0.
-0.920 0.393 0. -243.776 0.393 0.920 0. 265.916 0. 0. -1. 0.
-0.921 0.391 0. -243.798 0.391 0.921 0. 265.900 0. 0. -1. 0.
-0.918 0.396 0. -243.821 0.396 0.918 0. 265.823 0. 0. -1. 0.
-0.918 0.396 0. -243.768 0.396 0.918 0. 265.830 0. 0. -1. 0.
-0.918 0.397 0. -243.750 0.397 0.918 0. 265.872 0. 0. -1. 0.
-0.921 0.390 0. -243.782 0.390 0.921 0. 265.926 0. 0. -1. 0.
-0.919 0.395 0. -243.849 0.395 0.919 0. 265.975 0. 0. -1. 0.
-0.918 0.397 0. -243.735 0.397 0.918 0. 265.884 0. 0. -1. 0.
-0.918 0.397 0. -243.866 0.397 0.918 0. 265.998 0. 0. -1. 0.
-0.920 0.393 0. -243.804 0.393 0.920 0. 265.981 0. 0. -1. 0.
-0.917 0.398 0. -243.850 0.398 0.917 0. 265.940 0. 0. -1. 0.
-0.919 0.394 0. -243.746 0.394 0.919 0. 266.020 0. 0. -1. 0.
-0.919 0.393 0. -243.863 0.393 0.919 0. 265.985 0. 0. -1. 0.
-0.918 0.397 0. -243.823 0.397 0.918 0. 265.866 0. 0. -1. 0.
-0.916 0.400 0. -244.039 0.400 0.916 0. 266.029 0. 0. -1. 0.
-0.918 0.396 0. -244.208 0.396 0.918 0. 266.152 0. 0. -1. 0.
-0.919 0.395 0. -244.516 0.395 0.919 0. 266.309 0. 0. -1. 0.
-0.918 0.396 0. -244.744 0.396 0.918 0. 266.343 0. 0. -1. 0.
-0.915 0.403 0. -245.191 0.403 0.915 0. 266.522 0. 0. -1. 0.
-0.916 0.401 0. -245.575 0.401 0.916 0. 266.661 0. 0. -1. 0.
-0.914 0.407 0. -246.205 0.407 0.914 0. 266.991 0. 0. -1. 0.
-0.909 0.418 0. -246.763 0.418 0.909 0. 267.188 0. 0. -1. 0.
-0.902 0.432 0. -247.440 0.432 0.902 0. 267.495 0. 0. -1. 0.
-0.889 0.458 0. -248.030 0.458 0.889 0. 267.755 0. 0. -1. 0.
-0.867 0.499 0. -248.520 0.499 0.867 0. 268.195 0. 0. -1. 0.
-0.835 0.550 0. -249.022 0.550 0.835 0. 268.592 0. 0. -1. 0.
-0.796 0.606 0. -249.527 0.606 0.796 0. 268.870 0. 0. -1. 0.
-0.749 0.662 0. -250.133 0.662 0.749 0. 269.502 0. 0. -1. 0.
-0.693 0.721 0. -250.297 0.721 0.693 0. 269.902 0. 0. -1. 0.
-0.627 0.779 0. -250.806 0.779 0.627 0. 270.591 0. 0. -1. 0.
-0.542 0.840 0. -251.117 0.840 0.542 0. 270.986 0. 0. -1. 0.
-0.458 0.889 0. -251.308 0.889 0.458 0. 271.842 0. 0. -1. 0.
-0.354 0.935 0. -251.575 0.935 0.354 0. 272.690 0. 0. -1. 0.
-0.253 0.967 0. -251.846 0.967 0.253 0. 273.602 0. 0. -1. 0.
-0.156 0.988 0. -251.908 0.988 0.156 0. 274.556 0. 0. -1. 0.
-0.076 0.997 0. -251.911 0.997 0.076 0. 275.655 0. 0. -1. 0.
-0.008 1. 0. -251.846 1. 0.008 0. 276.791 0. 0. -1. 0.
0.046 0.999 0. -251.842 0.999 -0.046 -0. 278.032 0. 0. -1. 0.
0.077 0.997 0. -251.610 0.997 -0.077 -0. 279.280 0. 0. -1. 0.
0.100 0.995 0. -251.506 0.995 -0.100 -0. 280.628 0. 0. -1. 0.
0.123 0.992 0. -251.325 0.992 -0.123 -0. 282.138 0. 0. -1. 0.
0.149 0.989 0. -251.047 0.989 -0.149 -0. 283.651 0. 0. -1. 0.
0.173 0.985 0. -250.636 0.985 -0.173 -0. 285.187 0. 0. -1. 0.
0.193 0.981 0. -250.328 0.981 -0.193 -0. 286.878 0. 0. -1. 0.
0.206 0.979 0. -249.977 0.979 -0.206 -0. 288.714 0. 0. -1. 0.
0.209 0.978 0. -249.503 0.978 -0.209 -0. 290.581 0. 0. -1. 0.
0.222 0.975 0. -249.152 0.975 -0.222 -0. 292.565 0. 0. -1. 0.
0.228 0.974 0. -248.564 0.974 -0.228 -0. 294.501 0. 0. -1. 0.
0.229 0.973 0. -247.991 0.973 -0.229 -0. 296.578 0. 0. -1. 0.
0.234 0.972 0. -247.394 0.972 -0.234 -0. 298.697 0. 0. -1. 0.
0.237 0.972 0. -246.842 0.972 -0.237 -0. 300.819 0. 0. -1. 0.
0.241 0.970 0. -246.341 0.970 -0.241 -0. 303.023 0. 0. -1. 0.
0.244 0.970 0. -245.731 0.970 -0.244 -0. 305.291 0. 0. -1. 0.
0.243 0.970 0. -245.105 0.970 -0.243 -0. 307.689 0. 0. -1. 0.
0.250 0.968 0. -244.457 0.968 -0.250 -0. 310.056 0. 0. -1. 0.
0.253 0.968 0. -243.685 0.968 -0.253 -0. 312.502 0. 0. -1. 0.
0.253 0.967 0. -242.937 0.967 -0.253 -0. 315.033 0. 0. -1. 0.
0.254 0.967 0. -242.269 0.967 -0.254 -0. 317.598 0. 0. -1. 0.
0.262 0.965 0. -241.594 0.965 -0.262 -0. 320.253 0. 0. -1. 0.
0.259 0.966 0. -240.813 0.966 -0.259 -0. 322.922 0. 0. -1. 0.
0.257 0.966 0. -240.008 0.966 -0.257 -0. 325.691 0. 0. -1. 0.
0.255 0.967 0. -239.243 0.967 -0.255 -0. 328.532 0. 0. -1. 0.
0.260 0.966 0. -238.388 0.966 -0.260 -0. 331.354 0. 0. -1. 0.
0.259 0.966 0. -237.488 0.966 -0.259 -0. 334.279 0. 0. -1. 0.
0.264 0.965 0. -236.716 0.965 -0.264 -0. 337.248 0. 0. -1. 0.
0.260 0.966 0. -235.820 0.966 -0.260 -0. 340.276 0. 0. -1. 0.
0.265 0.964 0. -234.999 0.964 -0.265 -0. 343.358 0. 0. -1. 0.
0.266 0.964 0. -234.109 0.964 -0.266 -0. 346.459 0. 0. -1. 0.
0.265 0.964 0. -233.224 0.964 -0.265 -0. 349.563 0. 0. -1. 0.
0.266 0.964 0. -232.332 0.964 -0.266 -0. 352.726 0. 0. -1. 0.
0.259 0.966 0. -231.376 0.966 -0.259 -0. 355.921 0. 0. -1. 0.
0.259 0.966 0. -230.497 0.966 -0.259 -0. 359.149 0. 0. -1. 0.
0.268 0.963 0. -229.462 0.963 -0.268 -0. 362.386 0. 0. -1. 0.
0.262 0.965 0. -228.485 0.965 -0.262 -0. 365.607 0. 0. -1. 0.
0.263 0.965 0. -227.492 0.965 -0.263 -0. 368.858 0. 0. -1. 0.
0.261 0.965 0. -226.606 0.965 -0.261 -0. 372.152 0. 0. -1. 0.
0.268 0.963 0. -225.709 0.963 -0.268 -0. 375.446 0. 0. -1. 0.
0.265 0.964 0. -224.635 0.964 -0.265 -0. 378.670 0. 0. -1. 0.
0.266 0.964 0. -223.882 0.964 -0.266 -0. 382.052 0. 0. -1. 0.
0.263 0.965 0. -222.825 0.965 -0.263 -0. 385.350 0. 0. -1. 0.
0.263 0.965 0. -221.824 0.965 -0.263 -0. 388.668 0. 0. -1. 0.
0.266 0.964 0. -220.864 0.964 -0.266 -0. 392.032 0. 0. -1. 0.
0.264 0.965 0. -219.775 0.965 -0.264 -0. 395.367 0. 0. -1. 0.
0.265 0.964 0. -218.907 0.964 -0.265 -0. 398.793 0. 0. -1. 0.
0.265 0.964 0. -217.905 0.964 -0.265 -0. 402.234 0. 0. -1. 0.
0.265 0.964 0. -216.834 0.964 -0.265 -0. 405.610 0. 0. -1. 0.
0.261 0.965 0. -215.873 0.965 -0.261 -0. 409.094 0. 0. -1. 0.
0.263 0.965 0. -214.970 0.965 -0.263 -0. 412.472 0. 0. -1. 0.
0.263 0.965 0. -213.928 0.965 -0.263 -0. 415.869 0. 0. -1. 0.
0.264 0.965 0. -212.999 0.965 -0.264 -0. 419.231 0. 0. -1. 0.
0.258 0.966 0. -211.936 0.966 -0.258 -0. 422.495 0. 0. -1. 0.
0.254 0.967 0. -211.120 0.967 -0.254 -0. 425.892 0. 0. -1. 0.
0.256 0.967 0. -210.059 0.967 -0.256 -0. 429.194 0. 0. -1. 0.
0.260 0.966 0. -209.148 0.966 -0.260 -0. 432.507 0. 0. -1. 0.
0.258 0.966 0. -208.111 0.966 -0.258 -0. 435.756 0. 0. -1. 0.
0.259 0.966 0. -207.227 0.966 -0.259 -0. 439.109 0. 0. -1. 0.
0.259 0.966 0. -206.293 0.966 -0.259 -0. 442.419 0. 0. -1. 0.
0.259 0.966 0. -205.283 0.966 -0.259 -0. 445.734 0. 0. -1. 0.
0.259 0.966 0. -204.300 0.966 -0.259 -0. 449.116 0. 0. -1. 0.
0.265 0.964 0. -203.192 0.964 -0.265 -0. 452.437 0. 0. -1. 0.
0.264 0.964 0. -202.328 0.964 -0.264 -0. 455.870 0. 0. -1. 0.
0.262 0.965 0. -201.427 0.965 -0.262 -0. 459.326 0. 0. -1. 0.
0.262 0.965 0. -200.367 0.965 -0.262 -0. 462.777 0. 0. -1. 0.
0.263 0.965 0. -199.320 0.965 -0.263 -0. 466.200 0. 0. -1. 0.
0.262 0.965 0. -198.308 0.965 -0.262 -0. 469.579 0. 0. -1. 0.
0.265 0.964 0. -197.261 0.964 -0.265 -0. 472.993 0. 0. -1. 0.
0.266 0.964 0. -196.253 0.964 -0.266 -0. 476.400 0. 0. -1. 0.
0.266 0.964 0. -195.324 0.964 -0.266 -0. 479.917 0. 0. -1. 0.
0.268 0.963 0. -194.396 0.963 -0.268 -0. 483.410 0. 0. -1. 0.
0.268 0.963 0. -193.416 0.963 -0.268 -0. 486.883 0. 0. -1. 0.
0.272 0.962 0. -192.257 0.962 -0.272 -0. 490.361 0. 0. -1. 0.
0.270 0.963 0. -191.199 0.963 -0.270 -0. 493.887 0. 0. -1. 0.
0.270 0.963 0. -190.178 0.963 -0.270 -0. 497.456 0. 0. -1. 0.
0.266 0.964 0. -189.030 0.964 -0.266 -0. 501.052 0. 0. -1. 0.
0.272 0.962 0. -187.972 0.962 -0.272 -0. 504.659 0. 0. -1. 0.
0.264 0.965 0. -186.755 0.965 -0.264 -0. 508.309 0. 0. -1. 0.
0.264 0.965 0. -185.842 0.965 -0.264 -0. 511.985 0. 0. -1. 0.
0.263 0.965 0. -184.561 0.965 -0.263 -0. 515.626 0. 0. -1. 0.
0.263 0.965 0. -183.534 0.965 -0.263 -0. 519.354 0. 0. -1. 0.
0.262 0.965 0. -182.497 0.965 -0.262 -0. 522.994 0. 0. -1. 0.
0.262 0.965 0. -181.518 0.965 -0.262 -0. 526.706 0. 0. -1. 0.
0.263 0.965 0. -180.560 0.965 -0.263 -0. 530.321 0. 0. -1. 0.
0.262 0.965 0. -179.506 0.965 -0.262 -0. 534.056 0. 0. -1. 0.
0.259 0.966 0. -178.309 0.966 -0.259 -0. 537.702 0. 0. -1. 0.
0.265 0.964 0. -177.344 0.964 -0.265 -0. 541.468 0. 0. -1. 0.
0.263 0.965 0. -176.223 0.965 -0.263 -0. 545.148 0. 0. -1. 0.
0.254 0.967 0. -175.231 0.967 -0.254 -0. 548.899 0. 0. -1. 0.
0.251 0.968 0. -174.300 0.968 -0.251 -0. 552.708 0. 0. -1. 0.
0.249 0.969 0. -173.090 0.969 -0.249 -0. 556.396 0. 0. -1. 0.
0.249 0.969 0. -172.144 0.969 -0.249 -0. 560.165 0. 0. -1. 0.
0.244 0.970 0. -171.095 0.970 -0.244 -0. 563.879 0. 0. -1. 0.
0.246 0.969 0. -170.164 0.969 -0.246 -0. 567.634 0. 0. -1. 0.
0.234 0.972 0. -169.102 0.972 -0.234 -0. 571.341 0. 0. -1. 0.
0.227 0.974 0. -168.138 0.974 -0.227 -0. 575.027 0. 0. -1. 0.
0.217 0.976 0. -167.370 0.976 -0.217 -0. 578.972 0. 0. -1. 0.
0.214 0.977 0. -166.433 0.977 -0.214 -0. 582.823 0. 0. -1. 0.
0.213 0.977 0. -165.533 0.977 -0.213 -0. 586.642 0. 0. -1. 0.
0.202 0.979 0. -164.667 0.979 -0.202 -0. 590.479 0. 0. -1. 0.
0.192 0.981 0. -163.800 0.981 -0.192 -0. 594.411 0. 0. -1. 0.
0.194 0.981 0. -163.105 0.981 -0.194 -0. 598.289 0. 0. -1. 0.
0.192 0.981 0. -162.260 0.981 -0.192 -0. 602.177 0. 0. -1. 0.
0.183 0.983 0. -161.504 0.983 -0.183 -0. 606.034 0. 0. -1. 0.
0.179 0.984 0. -160.724 0.984 -0.179 -0. 609.872 0. 0. -1. 0.
0.170 0.985 0. -159.951 0.985 -0.170 -0. 613.678 0. 0. -1. 0.
0.160 0.987 0. -159.386 0.987 -0.160 -0. 617.645 0. 0. -1. 0.
0.151 0.988 0. -158.590 0.988 -0.151 -0. 621.543 0. 0. -1. 0.
0.140 0.990 0. -157.950 0.990 -0.140 -0. 625.406 0. 0. -1. 0.
0.133 0.991 0. -157.401 0.991 -0.133 -0. 629.374 0. 0. -1. 0.
0.119 0.993 0. -156.844 0.993 -0.119 -0. 633.352 0. 0. -1. 0.
0.108 0.994 0. -156.266 0.994 -0.108 -0. 637.356 0. 0. -1. 0.
0.098 0.995 0. -155.665 0.995 -0.098 -0. 641.402 0. 0. -1. 0.
0.091 0.996 0. -155.248 0.996 -0.091 -0. 645.600 0. 0. -1. 0.
0.082 0.997 0. -154.798 0.997 -0.082 -0. 649.633 0. 0. -1. 0.
0.075 0.997 0. -154.353 0.997 -0.075 -0. 653.667 0. 0. -1. 0.
0.072 0.997 0. -154.122 0.997 -0.072 -0. 657.893 0. 0. -1. 0.
0.072 0.997 0. -153.799 0.997 -0.072 -0. 662.052 0. 0. -1. 0.
0.065 0.998 0. -153.288 0.998 -0.065 -0. 666.237 0. 0. -1. 0.
0.068 0.998 0. -153.123 0.998 -0.068 -0. 670.439 0. 0. -1. 0.
0.065 0.998 0. -152.760 0.998 -0.065 -0. 674.595 0. 0. -1. 0.
0.061 0.998 0. -152.381 0.998 -0.061 -0. 678.865 0. 0. -1. 0.
0.061 0.998 0. -152.085 0.998 -0.061 -0. 683.168 0. 0. -1. 0.
0.066 0.998 0. -151.701 0.998 -0.066 -0. 687.517 0. 0. -1. 0.
0.063 0.998 0. -151.325 0.998 -0.063 -0. 691.738 0. 0. -1. 0.
0.066 0.998 0. -150.996 0.998 -0.066 -0. 696.056 0. 0. -1. 0.
0.068 0.998 0. -150.625 0.998 -0.068 -0. 700.353 0. 0. -1. 0.
0.064 0.998 0. -150.166 0.998 -0.064 -0. 704.654 0. 0. -1. 0.
0.062 0.998 0. -149.882 0.998 -0.062 -0. 708.921 0. 0. -1. 0.
0.063 0.998 0. -149.473 0.998 -0.063 -0. 713.227 0. 0. -1. 0.
0.065 0.998 0. -149.069 0.998 -0.065 -0. 717.475 0. 0. -1. 0.
0.069 0.998 0. -148.760 0.998 -0.069 -0. 721.764 0. 0. -1. 0.
0.062 0.998 0. -148.323 0.998 -0.062 -0. 726.075 0. 0. -1. 0.
0.055 0.998 0. -148.044 0.998 -0.055 -0. 730.345 0. 0. -1. 0.
0.056 0.998 0. -147.760 0.998 -0.056 -0. 734.697 0. 0. -1. 0.
0.055 0.998 0. -147.404 0.998 -0.055 -0. 738.958 0. 0. -1. 0.
0.050 0.999 0. -147.026 0.999 -0.050 -0. 743.279 0. 0. -1. 0.
0.051 0.999 0. -146.700 0.999 -0.051 -0. 747.552 0. 0. -1. 0.
