1610731064202404 1.00000 0.00000 0.00000 -0.00000 0.00000 -1.00000 0.00000 0.00000 0.00000 -0.00000 -1.00000 0.00000
1610731064451781 1.00000 -0.00049 0.00000 -0.00590 -0.00049 -1.00000 0.00000 0.01404 -0.00000 -0.00000 -1.00000 0.00000
1610731064701159 1.00000 -0.00042 0.00000 -0.00630 -0.00042 -1.00000 0.00000 -0.00622 -0.00000 -0.00000 -1.00000 -0.00000
1610731064951160 1.00000 0.00004 0.00000 -0.02220 0.00004 -1.00000 0.00000 -0.01036 0.00000 -0.00000 -1.00000 -0.00000
1610731065201796 1.00000 0.00042 0.00000 -0.00065 0.00042 -1.00000 0.00000 0.02865 0.00000 -0.00000 -1.00000 0.00000
1610731065451793 1.00000 0.00004 0.00000 -0.00045 0.00004 -1.00000 0.00000 -0.00706 0.00000 -0.00000 -1.00000 -0.00000
1610731065702438 1.00000 -0.00107 0.00000 0.00717 -0.00107 -1.00000 0.00000 0.03225 -0.00000 -0.00000 -1.00000 0.00000
1610731065952419 1.00000 -0.00149 -0.00000 0.00490 -0.00149 -1.00000 0.00000 -0.00813 -0.00000 -0.00000 -1.00000 -0.00000
1610731066203056 1.00000 -0.00229 0.00000 0.01514 -0.00229 -1.00000 0.00000 0.03159 -0.00000 -0.00000 -1.00000 0.00000
1610731066453063 1.00000 -0.00067 0.00000 -0.00398 -0.00067 -1.00000 0.00000 -0.01268 -0.00000 -0.00000 -1.00000 -0.00000
1610731066703685 0.99999 -0.00420 0.00000 -0.00757 -0.00420 -0.99999 0.00000 0.03775 -0.00000 -0.00000 -1.00000 0.00000
1610731066953694 1.00000 -0.00225 0.00000 -0.01348 -0.00225 -1.00000 0.00000 0.06502 -0.00000 -0.00000 -1.00000 0.00000
1610731067202442 1.00000 -0.00021 0.00000 -0.00508 -0.00021 -1.00000 0.00000 -0.01214 -0.00000 -0.00000 -1.00000 -0.00000
1610731067451821 1.00000 -0.00128 0.00000 0.00230 -0.00128 -1.00000 0.00000 0.01866 -0.00000 -0.00000 -1.00000 0.00000
1610731067700573 1.00000 0.00017 0.00000 0.01681 0.00017 -1.00000 0.00000 0.01622 0.00000 -0.00000 -1.00000 0.00000
1610731067950576 1.00000 -0.00034 0.00000 -0.00492 -0.00034 -1.00000 0.00000 0.03817 -0.00000 -0.00000 -1.00000 0.00000
1610731068200579 1.00000 0.00048 0.00000 0.00930 0.00048 -1.00000 0.00000 0.04378 0.00000 -0.00000 -1.00000 0.00000
1610731068450578 0.99998 -0.00649 0.00000 -0.03835 -0.00649 -0.99998 0.00000 0.00774 -0.00000 -0.00000 -1.00000 0.00000
1610731068701210 0.99999 -0.00373 0.00000 0.01201 -0.00373 -0.99999 0.00000 0.02440 -0.00000 -0.00000 -1.00000 0.00000
1610731068951216 1.00000 0.00006 -0.00000 -0.01097 0.00006 -1.00000 0.00000 -0.00653 0.00000 -0.00000 -1.00000 -0.00000
1610731069201845 1.00000 -0.00302 -0.00000 -0.00430 -0.00302 -1.00000 0.00000 0.03998 -0.00000 -0.00000 -1.00000 0.00000
1610731069451854 1.00000 0.00014 0.00000 0.01250 0.00014 -1.00000 0.00000 0.03608 0.00000 -0.00000 -1.00000 0.00000
1610731069701843 1.00000 -0.00000 0.00000 -0.00577 -0.00000 -1.00000 0.00000 -0.00582 -0.00000 -0.00000 -1.00000 -0.00000
1610731069952474 1.00000 -0.00286 0.00000 -0.00495 -0.00286 -1.00000 0.00000 0.04667 -0.00000 -0.00000 -1.00000 0.00000
1610731070202487 1.00000 -0.00258 0.00000 0.01145 -0.00258 -1.00000 0.00000 -0.01740 -0.00000 -0.00000 -1.00000 -0.00000
1610731070453110 0.99997 -0.00714 0.00000 -0.00913 -0.00714 -0.99997 0.00000 0.03492 -0.00000 -0.00000 -1.00000 0.00000
1610731070702486 1.00000 -0.00263 0.00000 0.00935 -0.00263 -1.00000 0.00000 -0.09098 -0.00000 -0.00000 -1.00000 -0.00000
1610731070953114 0.99999 -0.00387 0.00000 -0.00627 -0.00387 -0.99999 0.00000 0.05928 -0.00000 -0.00000 -1.00000 0.00000
1610731071203123 0.99999 -0.00432 0.00000 -0.01977 -0.00432 -0.99999 0.00000 -0.00266 -0.00000 -0.00000 -1.00000 -0.00000
1610731071453123 1.00000 -0.00105 0.00000 0.00517 -0.00105 -1.00000 0.00000 0.01599 -0.00000 -0.00000 -1.00000 0.00000
1610731071702502 1.00000 0.00184 0.00000 0.00897 0.00184 -1.00000 0.00000 -0.00196 0.00000 -0.00000 -1.00000 -0.00000
1610731071952500 0.99999 -0.00325 0.00000 -0.00666 -0.00325 -0.99999 0.00000 0.03510 -0.00000 -0.00000 -1.00000 0.00000
1610731072201883 1.00000 -0.00110 0.00000 0.02672 -0.00110 -1.00000 0.00000 -0.01136 -0.00000 -0.00000 -1.00000 -0.00000
1610731072451889 1.00000 0.00023 0.00000 0.00085 0.00023 -1.00000 0.00000 -0.00782 0.00000 -0.00000 -1.00000 -0.00000
1610731072701894 1.00000 -0.00264 0.00000 -0.00548 -0.00264 -1.00000 0.00000 -0.02032 -0.00000 -0.00000 -1.00000 -0.00000
1610731072952514 1.00000 -0.00297 -0.00000 0.02101 -0.00297 -1.00000 0.00000 0.03274 -0.00000 -0.00000 -1.00000 0.00000
1610731073202533 1.00000 0.00028 -0.00000 0.00292 0.00028 -1.00000 0.00000 -0.01243 0.00000 -0.00000 -1.00000 -0.00000
1610731073453145 1.00000 -0.00268 0.00000 -0.00252 -0.00268 -1.00000 0.00000 0.03645 -0.00000 -0.00000 -1.00000 0.00000
1610731073703155 1.00000 0.00099 0.00000 0.00990 0.00099 -1.00000 0.00000 0.03161 0.00000 -0.00000 -1.00000 0.00000
1610731073953147 1.00000 -0.00023 0.00000 -0.00929 -0.00023 -1.00000 0.00000 -0.00066 -0.00000 -0.00000 -1.00000 -0.00000
1610731074203156 1.00000 0.00033 0.00000 0.02709 0.00033 -1.00000 0.00000 -0.01403 0.00000 -0.00000 -1.00000 -0.00000
1610731074453166 1.00000 -0.00144 0.00000 -0.00438 -0.00144 -1.00000 0.00000 0.04847 -0.00000 -0.00000 -1.00000 0.00000
1610731074701915 1.00000 0.00001 0.00000 0.00400 0.00001 -1.00000 0.00000 -0.00737 0.00000 -0.00000 -1.00000 -0.00000
1610731074951297 1.00000 -0.00310 0.00000 -0.01238 -0.00310 -1.00000 0.00000 0.01983 -0.00000 -0.00000 -1.00000 0.00000
1610731075201297 0.99998 -0.00681 0.00000 0.00148 -0.00681 -0.99998 0.00000 0.03594 -0.00000 -0.00000 -1.00000 0.00000
1610731075450674 1.00000 -0.00253 0.00000 0.00913 -0.00253 -1.00000 0.00000 -0.05656 -0.00000 -0.00000 -1.00000 -0.00000
1610731075700681 0.99999 -0.00349 0.00000 -0.01455 -0.00349 -0.99999 0.00000 0.02388 -0.00000 -0.00000 -1.00000 0.00000
1610731075951302 1.00000 0.00054 0.00000 0.00842 0.00054 -1.00000 0.00000 0.03129 0.00000 -0.00000 -1.00000 0.00000
1610731076201307 1.00000 0.00025 -0.00000 -0.00171 0.00025 -1.00000 0.00000 0.02134 0.00000 -0.00000 -1.00000 0.00000
1610731076451941 0.99999 -0.00395 0.00000 0.00466 -0.00395 -0.99999 0.00000 0.03905 -0.00000 -0.00000 -1.00000 0.00000
1610731076701944 1.00000 0.00011 0.00000 -0.00001 0.00011 -1.00000 0.00000 -0.00420 0.00000 -0.00000 -1.00000 -0.00000
1610731076951946 0.99999 -0.00417 0.00000 -0.01878 -0.00417 -0.99999 0.00000 -0.00208 -0.00000 -0.00000 -1.00000 -0.00000
1610731077202573 1.00000 -0.00258 -0.00000 0.02575 -0.00258 -1.00000 0.00000 0.02894 -0.00000 -0.00000 -1.00000 0.00000
1610731077452590 1.00000 0.00020 0.00000 -0.00206 0.00020 -1.00000 0.00000 0.01155 0.00000 -0.00000 -1.00000 0.00000
1610731077703206 1.00000 -0.00247 0.00000 -0.01543 -0.00247 -1.00000 0.00000 0.02949 -0.00000 -0.00000 -1.00000 0.00000
1610731077952579 1.00000 -0.00247 0.00000 -0.00860 -0.00247 -1.00000 0.00000 0.00222 -0.00000 -0.00000 -1.00000 0.00000
1610731078202579 1.00000 -0.00140 0.00000 -0.01242 -0.00140 -1.00000 0.00000 -0.05851 -0.00000 -0.00000 -1.00000 -0.00000
1610731078453210 1.00000 -0.00006 -0.00000 0.00499 -0.00006 -1.00000 0.00000 0.02795 -0.00000 -0.00000 -1.00000 0.00000
1610731078703222 0.99999 -0.00359 0.00000 -0.00102 -0.00359 -0.99999 0.00000 0.00672 -0.00000 -0.00000 -1.00000 0.00000
1610731078952594 0.99999 -0.00439 0.00000 -0.01801 -0.00439 -0.99999 0.00000 0.01689 -0.00000 -0.00000 -1.00000 0.00000
1610731079203263 1.00000 -0.00146 0.00000 -0.00133 -0.00146 -1.00000 0.00000 0.02439 -0.00000 -0.00000 -1.00000 0.00000
1610731079452600 1.00000 0.00009 -0.00000 0.00062 0.00009 -1.00000 0.00000 0.00577 0.00000 -0.00000 -1.00000 0.00000
1610731079701984 1.00000 0.00010 0.00000 0.00181 0.00010 -1.00000 0.00000 0.00361 0.00000 -0.00000 -1.00000 0.00000
1610731079951987 0.99999 -0.00372 0.00000 0.00678 -0.00372 -0.99999 0.00000 0.04363 -0.00000 -0.00000 -1.00000 0.00000
1610731080201365 0.99999 -0.00445 0.00000 -0.00574 -0.00445 -0.99999 0.00000 0.01865 -0.00000 -0.00000 -1.00000 0.00000
1610731080451988 1.00000 -0.00076 0.00000 0.00854 -0.00076 -1.00000 0.00000 0.02926 -0.00000 -0.00000 -1.00000 0.00000
1610731080702617 1.00000 -0.00112 0.00000 -0.03040 -0.00112 -1.00000 0.00000 0.06775 -0.00000 -0.00000 -1.00000 0.00000
1610731080952620 1.00000 0.00157 0.00000 -0.04804 0.00157 -1.00000 0.00000 0.02359 0.00000 -0.00000 -1.00000 0.00000
1610731081202620 0.99999 0.00385 0.00000 -0.11490 0.00385 -0.99999 0.00000 0.05324 0.00000 -0.00000 -1.00000 0.00000
1610731081453260 0.99998 0.00666 0.00000 -0.16296 0.00666 -0.99998 0.00000 0.01813 0.00000 -0.00000 -1.00000 0.00000
1610731081703259 0.99977 0.02153 -0.00000 -0.27913 0.02153 -0.99977 0.00000 -0.00374 0.00000 -0.00000 -1.00000 -0.00000
1610731081953255 0.99901 0.04438 0.00000 -0.50718 0.04438 -0.99901 0.00000 0.03469 0.00000 -0.00000 -1.00000 0.00000
1610731082202641 0.99727 0.07386 0.00000 -0.82367 0.07386 -0.99727 0.00000 -0.00631 0.00000 -0.00000 -1.00000 -0.00000
1610731082452020 0.99551 0.09464 0.00000 -1.27475 0.09464 -0.99551 0.00000 0.00912 0.00000 -0.00000 -1.00000 0.00000
1610731082701396 0.99303 0.11788 0.00000 -1.68648 0.11788 -0.99303 0.00000 -0.06859 0.00000 -0.00000 -1.00000 -0.00000
1610731082952023 0.98924 0.14633 0.00000 -2.24363 0.14633 -0.98924 0.00000 -0.06192 0.00000 -0.00000 -1.00000 -0.00000
1610731083202022 0.98536 0.17049 0.00000 -2.86351 0.17049 -0.98536 0.00000 -0.05254 0.00000 -0.00000 -1.00000 -0.00000
1610731083452029 0.98394 0.17852 0.00000 -3.48670 0.17852 -0.98394 0.00000 -0.13683 0.00000 -0.00000 -1.00000 -0.00000
1610731083702657 0.98323 0.18238 0.00000 -4.22569 0.18238 -0.98323 0.00000 -0.11937 0.00000 -0.00000 -1.00000 -0.00000
1610731083952656 0.98184 0.18970 0.00000 -4.94224 0.18970 -0.98184 0.00000 -0.10376 0.00000 -0.00000 -1.00000 -0.00000
1610731084202661 0.98255 0.18600 0.00000 -5.71118 0.18600 -0.98255 0.00000 -0.09405 0.00000 -0.00000 -1.00000 -0.00000
1610731084452670 0.98332 0.18186 -0.00000 -6.59310 0.18186 -0.98332 0.00000 -0.11516 0.00000 -0.00000 -1.00000 -0.00000
1610731084703293 0.98575 0.16822 0.00000 -7.53337 0.16822 -0.98575 0.00000 -0.00408 0.00000 -0.00000 -1.00000 -0.00000
1610731084953298 0.98672 0.16243 0.00000 -8.49089 0.16243 -0.98672 0.00000 -0.07028 0.00000 -0.00000 -1.00000 -0.00000
1610731085203298 0.98871 0.14984 0.00000 -9.51379 0.14984 -0.98871 0.00000 0.01595 0.00000 -0.00000 -1.00000 0.00000
1610731085453306 0.99092 0.13444 -0.00000 -10.60199 0.13444 -0.99092 0.00000 0.16808 0.00000 -0.00000 -1.00000 0.00000
1610731085702687 0.99181 0.12774 0.00000 -11.65825 0.12774 -0.99181 0.00000 0.28664 0.00000 -0.00000 -1.00000 0.00000
1610731085952061 0.99185 0.12743 0.00000 -12.70025 0.12743 -0.99185 0.00000 0.31472 0.00000 -0.00000 -1.00000 0.00000
1610731086201442 0.99230 0.12383 0.00000 -13.91923 0.12383 -0.99230 0.00000 0.33011 0.00000 -0.00000 -1.00000 0.00000
1610731086451441 0.99197 0.12648 0.00000 -15.08095 0.12648 -0.99197 0.00000 0.25224 0.00000 -0.00000 -1.00000 0.00000
1610731086702066 0.99201 0.12619 0.00000 -16.44745 0.12619 -0.99201 0.00000 0.26143 0.00000 -0.00000 -1.00000 0.00000
1610731086952075 0.99119 0.13243 0.00000 -17.89175 0.13243 -0.99119 0.00000 0.06624 0.00000 -0.00000 -1.00000 0.00000
1610731087202734 0.99216 0.12499 0.00000 -19.34249 0.12499 -0.99216 0.00000 0.19621 0.00000 -0.00000 -1.00000 0.00000
1610731087453334 0.99242 0.12291 0.00000 -20.81644 0.12291 -0.99242 0.00000 0.24317 0.00000 -0.00000 -1.00000 0.00000
1610731087703335 0.99198 0.12637 -0.00000 -22.33619 0.12637 -0.99198 0.00000 0.11603 0.00000 -0.00000 -1.00000 0.00000
1610731087953339 0.99109 0.13319 -0.00000 -23.90319 0.13319 -0.99109 0.00000 -0.01902 0.00000 -0.00000 -1.00000 -0.00000
1610731088203345 0.99027 0.13915 0.00000 -25.45980 0.13915 -0.99027 0.00000 -0.30345 0.00000 -0.00000 -1.00000 -0.00000
1610731088453349 0.98988 0.14192 0.00000 -26.98750 0.14192 -0.98988 0.00000 -0.34157 0.00000 -0.00000 -1.00000 -0.00000
1610731088703347 0.99013 0.14012 0.00000 -28.56946 0.14012 -0.99013 0.00000 -0.30786 0.00000 -0.00000 -1.00000 -0.00000
1610731088952722 0.98920 0.14657 -0.00000 -30.01225 0.14657 -0.98920 0.00000 -0.55571 0.00000 -0.00000 -1.00000 -0.00000
1610731089201476 0.98899 0.14800 0.00000 -31.45498 0.14800 -0.98899 0.00000 -0.57937 0.00000 -0.00000 -1.00000 -0.00000
1610731089450854 0.98821 0.15309 0.00000 -32.99284 0.15309 -0.98821 0.00000 -0.73753 0.00000 -0.00000 -1.00000 -0.00000
1610731089701483 0.98851 0.15115 0.00000 -34.53035 0.15115 -0.98851 0.00000 -0.67821 0.00000 -0.00000 -1.00000 -0.00000
1610731089951483 0.98654 0.16355 0.00000 -35.99159 0.16355 -0.98654 0.00000 -1.17252 0.00000 -0.00000 -1.00000 -0.00000
1610731090201487 0.98406 0.17782 0.00000 -37.56925 0.17782 -0.98406 0.00000 -1.69369 0.00000 -0.00000 -1.00000 -0.00000
1610731090452120 0.98547 0.16985 0.00000 -39.06627 0.16985 -0.98547 0.00000 -1.35256 0.00000 -0.00000 -1.00000 -0.00000
1610731090702120 0.98338 0.18158 0.00000 -40.62739 0.18158 -0.98338 0.00000 -1.89047 0.00000 -0.00000 -1.00000 -0.00000
1610731090952132 0.98310 0.18305 -0.00000 -42.15985 0.18305 -0.98310 0.00000 -2.04118 0.00000 -0.00000 -1.00000 -0.00000
1610731091202752 0.98368 0.17991 0.00000 -43.78772 0.17991 -0.98368 0.00000 -1.88781 0.00000 -0.00000 -1.00000 -0.00000
1610731091452128 0.98174 0.19023 0.00000 -45.33128 0.19023 -0.98174 0.00000 -2.45841 0.00000 -0.00000 -1.00000 -0.00000
1610731091702766 0.98157 0.19110 -0.00000 -46.95956 0.19110 -0.98157 0.00000 -2.47985 0.00000 -0.00000 -1.00000 -0.00000
1610731091952771 0.98066 0.19569 -0.00000 -48.55481 0.19569 -0.98066 0.00000 -2.73584 0.00000 -0.00000 -1.00000 -0.00000
1610731092203397 0.98101 0.19393 0.00000 -50.25404 0.19393 -0.98101 0.00000 -2.58754 0.00000 -0.00000 -1.00000 -0.00000
1610731092453398 0.98146 0.19168 0.00000 -51.97291 0.19168 -0.98146 0.00000 -2.45553 0.00000 -0.00000 -1.00000 -0.00000
1610731092703401 0.98316 0.18276 0.00000 -53.74326 0.18276 -0.98316 0.00000 -1.97085 0.00000 -0.00000 -1.00000 -0.00000
1610731092953406 0.98470 0.17428 0.00000 -55.60440 0.17428 -0.98470 0.00000 -1.52864 0.00000 -0.00000 -1.00000 -0.00000
1610731093202151 0.98492 0.17303 0.00000 -57.43205 0.17303 -0.98492 0.00000 -1.66663 0.00000 -0.00000 -1.00000 -0.00000
1610731093451540 0.98593 0.16713 0.00000 -59.28072 0.16713 -0.98593 0.00000 -1.30195 0.00000 -0.00000 -1.00000 -0.00000
1610731093700907 0.98632 0.16485 0.00000 -61.09157 0.16485 -0.98632 0.00000 -1.27205 0.00000 -0.00000 -1.00000 -0.00000
1610731093951540 0.98712 0.16000 -0.00000 -63.10188 0.16000 -0.98712 0.00000 -0.81278 0.00000 -0.00000 -1.00000 -0.00000
1610731094201546 0.98765 0.15671 0.00000 -64.93066 0.15671 -0.98765 0.00000 -0.62208 0.00000 -0.00000 -1.00000 -0.00000
1610731094451549 0.98918 0.14673 0.00000 -66.83323 0.14673 -0.98918 0.00000 0.10180 0.00000 -0.00000 -1.00000 0.00000
1610731094701550 0.98915 0.14689 -0.00000 -68.74321 0.14689 -0.98915 0.00000 -0.03317 0.00000 -0.00000 -1.00000 -0.00000
1610731094952179 0.99088 0.13474 -0.00000 -70.64780 0.13474 -0.99088 0.00000 0.87543 0.00000 -0.00000 -1.00000 0.00000
1610731095202188 0.99102 0.13372 -0.00000 -72.54611 0.13372 -0.99102 0.00000 0.83663 0.00000 -0.00000 -1.00000 0.00000
1610731095452181 0.99317 0.11667 0.00000 -74.42591 0.11667 -0.99317 0.00000 2.08164 0.00000 -0.00000 -1.00000 0.00000
1610731095702817 0.99543 0.09544 -0.00000 -76.24048 0.09544 -0.99543 0.00000 3.66996 0.00000 -0.00000 -1.00000 0.00000
1610731095953439 0.99791 0.06456 0.00000 -78.02279 0.06456 -0.99791 0.00000 6.08567 0.00000 -0.00000 -1.00000 0.00000
1610731096203440 0.99943 0.03383 0.00000 -79.72122 0.03383 -0.99943 0.00000 8.49401 0.00000 -0.00000 -1.00000 0.00000
1610731096453438 0.99993 -0.01224 0.00000 -81.14942 -0.01224 -0.99993 0.00000 12.13953 -0.00000 -0.00000 -1.00000 0.00000
1610731096702821 0.99874 -0.05028 0.00000 -82.47071 -0.05028 -0.99874 0.00000 15.18417 -0.00000 -0.00000 -1.00000 0.00000
1610731096952203 0.99550 -0.09479 0.00000 -83.63147 -0.09479 -0.99550 0.00000 18.93227 -0.00000 -0.00000 -1.00000 0.00000
1610731097202205 0.98808 -0.15392 0.00000 -84.19566 -0.15392 -0.98808 0.00000 23.89672 -0.00000 -0.00000 -1.00000 0.00000
1610731097451586 0.98130 -0.19250 -0.00000 -85.08855 -0.19250 -0.98130 0.00000 27.07762 -0.00000 -0.00000 -1.00000 0.00000
1610731097702215 0.96953 -0.24498 0.00000 -85.42885 -0.24498 -0.96953 0.00000 31.58450 -0.00000 -0.00000 -1.00000 0.00000
1610731097952220 0.95735 -0.28893 0.00000 -85.88575 -0.28893 -0.95735 0.00000 35.52727 -0.00000 -0.00000 -1.00000 0.00000
1610731098202227 0.94169 -0.33649 0.00000 -85.83393 -0.33649 -0.94169 0.00000 39.61900 -0.00000 -0.00000 -1.00000 0.00000
1610731098452224 0.92289 -0.38506 0.00000 -85.58713 -0.38506 -0.92289 0.00000 44.26651 -0.00000 -0.00000 -1.00000 0.00000
1610731098702850 0.89231 -0.45142 0.00000 -84.06500 -0.45142 -0.89231 0.00000 50.42016 -0.00000 -0.00000 -1.00000 0.00000
1610731098952857 0.85938 -0.51134 0.00000 -82.33760 -0.51134 -0.85938 0.00000 55.96765 -0.00000 -0.00000 -1.00000 0.00000
1610731099203484 0.82074 -0.57130 0.00000 -80.02280 -0.57130 -0.82074 0.00000 61.71861 -0.00000 -0.00000 -1.00000 0.00000
1610731099453485 0.78151 -0.62389 0.00000 -77.70893 -0.62389 -0.78151 0.00000 66.82057 -0.00000 -0.00000 -1.00000 0.00000
1610731099703486 0.73696 -0.67593 0.00000 -74.86309 -0.67593 -0.73696 0.00000 72.05276 -0.00000 -0.00000 -1.00000 0.00000
1610731099953495 0.68794 -0.72576 0.00000 -71.47706 -0.72576 -0.68794 0.00000 77.14111 -0.00000 -0.00000 -1.00000 0.00000
1610731100202250 0.63712 -0.77076 0.00000 -67.94342 -0.77076 -0.63712 0.00000 81.74473 -0.00000 -0.00000 -1.00000 0.00000
1610731100450375 0.58488 -0.81112 0.00000 -64.24957 -0.81112 -0.58488 0.00000 86.04165 -0.00000 -0.00000 -1.00000 0.00000
1610731100699748 0.54661 -0.83739 0.00000 -62.09220 -0.83739 -0.54661 0.00000 88.68571 -0.00000 -0.00000 -1.00000 0.00000
1610731100949757 0.52009 -0.85411 -0.00000 -61.16052 -0.85411 -0.52009 0.00000 90.56268 -0.00000 -0.00000 -1.00000 0.00000
1610731101199759 0.49816 -0.86709 0.00000 -60.69075 -0.86709 -0.49816 0.00000 92.17932 -0.00000 -0.00000 -1.00000 0.00000
1610731101449774 0.47700 -0.87890 0.00000 -60.31678 -0.87890 -0.47700 0.00000 93.63298 -0.00000 -0.00000 -1.00000 0.00000
1610731101700392 0.46502 -0.88530 0.00000 -60.90878 -0.88530 -0.46502 0.00000 94.36128 -0.00000 -0.00000 -1.00000 0.00000
1610731101950397 0.46492 -0.88535 0.00000 -62.83285 -0.88535 -0.46492 0.00000 94.26351 -0.00000 -0.00000 -1.00000 0.00000
1610731102201024 0.46274 -0.88649 0.00000 -64.49966 -0.88649 -0.46274 0.00000 94.60330 -0.00000 -0.00000 -1.00000 0.00000
1610731102451029 0.46818 -0.88363 -0.00000 -66.85479 -0.88363 -0.46818 0.00000 94.07710 -0.00000 -0.00000 -1.00000 0.00000
1610731102701033 0.47398 -0.88053 0.00000 -69.32421 -0.88053 -0.47398 0.00000 93.52279 -0.00000 -0.00000 -1.00000 0.00000
1610731102951656 0.47283 -0.88116 -0.00000 -71.03843 -0.88116 -0.47283 0.00000 93.62451 -0.00000 -0.00000 -1.00000 0.00000
1610731103201667 0.47663 -0.87910 0.00000 -73.23120 -0.87910 -0.47663 0.00000 93.31543 -0.00000 -0.00000 -1.00000 0.00000
1610731103451663 0.48869 -0.87246 0.00000 -76.21771 -0.87246 -0.48869 0.00000 92.38321 -0.00000 -0.00000 -1.00000 0.00000
1610731103702295 0.49721 -0.86763 -0.00000 -78.67997 -0.86763 -0.49721 0.00000 91.56082 -0.00000 -0.00000 -1.00000 0.00000
1610731103952295 0.51683 -0.85609 -0.00000 -82.31239 -0.85609 -0.51683 0.00000 89.67037 -0.00000 -0.00000 -1.00000 0.00000
1610731104202302 0.54375 -0.83924 0.00000 -86.60092 -0.83924 -0.54375 0.00000 86.93351 -0.00000 -0.00000 -1.00000 0.00000
1610731104452303 0.56224 -0.82698 0.00000 -89.83271 -0.82698 -0.56224 0.00000 84.82360 -0.00000 -0.00000 -1.00000 0.00000
1610731104702930 0.57587 -0.81754 0.00000 -92.43613 -0.81754 -0.57587 0.00000 83.46676 -0.00000 -0.00000 -1.00000 0.00000
1610731104952935 0.59641 -0.80268 0.00000 -95.46300 -0.80268 -0.59641 0.00000 80.93494 -0.00000 -0.00000 -1.00000 0.00000
1610731105203557 0.60598 -0.79548 0.00000 -97.28147 -0.79548 -0.60598 0.00000 79.83112 -0.00000 -0.00000 -1.00000 0.00000
1610731105453561 0.61242 -0.79053 -0.00000 -98.64696 -0.79053 -0.61242 0.00000 79.10437 -0.00000 -0.00000 -1.00000 0.00000
1610731105703568 0.61909 -0.78532 -0.00000 -99.87505 -0.78532 -0.61909 0.00000 78.16287 -0.00000 -0.00000 -1.00000 0.00000
1610731105952950 0.62612 -0.77973 0.00000 -101.07404 -0.77973 -0.62612 0.00000 77.28453 -0.00000 -0.00000 -1.00000 0.00000
1610731106202322 0.63354 -0.77371 0.00000 -102.21845 -0.77371 -0.63354 0.00000 76.39725 -0.00000 -0.00000 -1.00000 0.00000
1610731106451078 0.64257 -0.76623 0.00000 -103.53110 -0.76623 -0.64257 0.00000 75.16688 -0.00000 -0.00000 -1.00000 0.00000
1610731106701077 0.64516 -0.76405 0.00000 -104.32522 -0.76405 -0.64516 0.00000 74.86731 -0.00000 -0.00000 -1.00000 0.00000
1610731106951081 0.64701 -0.76248 0.00000 -105.11385 -0.76248 -0.64701 0.00000 74.66125 -0.00000 -0.00000 -1.00000 0.00000
1610731107201711 0.65289 -0.75745 0.00000 -106.37561 -0.75745 -0.65289 0.00000 73.78343 -0.00000 -0.00000 -1.00000 0.00000
1610731107452343 0.66062 -0.75072 0.00000 -107.76874 -0.75072 -0.66062 0.00000 72.60509 -0.00000 -0.00000 -1.00000 0.00000
1610731107702347 0.66612 -0.74585 0.00000 -109.25121 -0.74585 -0.66612 0.00000 71.87079 -0.00000 -0.00000 -1.00000 0.00000
1610731107952351 0.67794 -0.73512 0.00000 -111.31181 -0.73512 -0.67794 0.00000 69.99013 -0.00000 -0.00000 -1.00000 0.00000
1610731108202970 0.68450 -0.72902 0.00000 -113.02664 -0.72902 -0.68450 0.00000 69.03373 -0.00000 -0.00000 -1.00000 0.00000
1610731108452986 0.69304 -0.72090 0.00000 -114.96568 -0.72090 -0.69304 0.00000 67.66519 -0.00000 -0.00000 -1.00000 0.00000
1610731108702986 0.70357 -0.71063 0.00000 -117.20957 -0.71063 -0.70357 0.00000 65.85958 -0.00000 -0.00000 -1.00000 0.00000
1610731108953612 0.71492 -0.69921 0.00000 -119.82655 -0.69921 -0.71492 0.00000 64.11654 -0.00000 -0.00000 -1.00000 0.00000
1610731109203594 0.72736 -0.68625 0.00000 -122.42603 -0.68625 -0.72736 0.00000 61.84595 -0.00000 -0.00000 -1.00000 0.00000
1610731109453628 0.73895 -0.67376 0.00000 -125.04847 -0.67376 -0.73895 0.00000 59.84545 -0.00000 -0.00000 -1.00000 0.00000
1610731109703629 0.75767 -0.65264 -0.00000 -128.29908 -0.65264 -0.75767 0.00000 56.13907 -0.00000 -0.00000 -1.00000 0.00000
1610731109953628 0.77560 -0.63123 0.00000 -131.41720 -0.63123 -0.77560 0.00000 52.55568 -0.00000 -0.00000 -1.00000 0.00000
1610731110203624 0.78855 -0.61497 0.00000 -134.14668 -0.61497 -0.78855 0.00000 49.76646 -0.00000 -0.00000 -1.00000 0.00000
1610731110453002 0.80623 -0.59160 0.00000 -137.12337 -0.59160 -0.80623 0.00000 45.77787 -0.00000 -0.00000 -1.00000 0.00000
1610731110702387 0.81604 -0.57800 0.00000 -139.52994 -0.57800 -0.81604 0.00000 43.39982 -0.00000 -0.00000 -1.00000 0.00000
1610731110952389 0.82312 -0.56787 0.00000 -141.67850 -0.56787 -0.82312 0.00000 41.78097 -0.00000 -0.00000 -1.00000 0.00000
1610731111202425 0.83022 -0.55744 -0.00000 -143.85627 -0.55744 -0.83022 0.00000 39.99143 -0.00000 -0.00000 -1.00000 0.00000
1610731111452393 0.83709 -0.54707 0.00000 -146.05186 -0.54707 -0.83709 0.00000 38.05486 -0.00000 -0.00000 -1.00000 0.00000
1610731111703018 0.84292 -0.53803 0.00000 -148.06703 -0.53803 -0.84292 0.00000 36.57887 -0.00000 -0.00000 -1.00000 0.00000
1610731111953027 0.84760 -0.53063 -0.00000 -150.02280 -0.53063 -0.84760 0.00000 35.31328 -0.00000 -0.00000 -1.00000 0.00000
1610731112203033 0.85426 -0.51985 -0.00000 -152.07210 -0.51985 -0.85426 0.00000 33.35581 -0.00000 -0.00000 -1.00000 0.00000
1610731112453032 0.86188 -0.50710 0.00000 -154.24435 -0.50710 -0.86188 0.00000 30.98143 -0.00000 -0.00000 -1.00000 0.00000
1610731112703659 0.86905 -0.49473 0.00000 -156.31525 -0.49473 -0.86905 0.00000 28.79585 -0.00000 -0.00000 -1.00000 0.00000
1610731112953660 0.88399 -0.46750 -0.00000 -158.77480 -0.46750 -0.88399 0.00000 23.94473 -0.00000 -0.00000 -1.00000 0.00000
1610731113203043 0.90324 -0.42914 0.00000 -161.24810 -0.42914 -0.90324 0.00000 17.01914 -0.00000 -0.00000 -1.00000 0.00000
1610731113453042 0.92454 -0.38109 0.00000 -163.55982 -0.38109 -0.92454 0.00000 8.45410 -0.00000 -0.00000 -1.00000 0.00000
1610731113703047 0.94599 -0.32421 0.00000 -165.33748 -0.32421 -0.94599 0.00000 -1.51766 -0.00000 -0.00000 -1.00000 -0.00000
1610731113953051 0.96914 -0.24652 0.00000 -166.24272 -0.24652 -0.96914 0.00000 -14.89117 -0.00000 -0.00000 -1.00000 -0.00000
1610731114203051 0.98855 -0.15092 0.00000 -165.51952 -0.15092 -0.98855 0.00000 -31.01341 -0.00000 -0.00000 -1.00000 -0.00000
1610731114453059 0.99992 -0.01288 0.00000 -161.01190 -0.01288 -0.99992 0.00000 -53.72374 -0.00000 -0.00000 -1.00000 -0.00000
1610731114703058 0.99341 0.11458 0.00000 -154.37679 0.11458 -0.99341 0.00000 -73.68897 0.00000 -0.00000 -1.00000 -0.00000
1610731114953687 0.96386 0.26641 0.00000 -142.50200 0.26641 -0.96386 0.00000 -96.63690 0.00000 -0.00000 -1.00000 -0.00000
1610731115203694 0.90658 0.42202 0.00000 -125.88413 0.42202 -0.90658 0.00000 -118.80927 0.00000 -0.00000 -1.00000 -0.00000
1610731115454323 0.82018 0.57210 0.00000 -104.93865 0.57210 -0.82018 0.00000 -138.82390 0.00000 -0.00000 -1.00000 -0.00000
1610731115704324 0.70264 0.71154 0.00000 -79.22698 0.71154 -0.70264 0.00000 -155.54598 0.00000 -0.00000 -1.00000 -0.00000
1610731115953706 0.56282 0.82658 0.00000 -51.06840 0.82658 -0.56282 0.00000 -167.19253 0.00000 -0.00000 -1.00000 -0.00000
1610731116203078 0.40696 0.91345 0.00000 -21.80063 0.91345 -0.40696 0.00000 -173.65485 0.00000 -0.00000 -1.00000 -0.00000
1610731116452455 0.22856 0.97353 -0.00000 9.87797 0.97353 -0.22856 0.00000 -174.59796 0.00000 -0.00000 -1.00000 -0.00000
1610731116702459 0.04706 0.99889 0.00000 40.46494 0.99889 -0.04706 0.00000 -169.83865 0.00000 -0.00000 -1.00000 -0.00000
1610731116952466 -0.13566 0.99076 -0.00000 69.51746 0.99076 0.13566 0.00000 -159.57054 0.00000 0.00000 -1.00000 -0.00000
1610731117203095 -0.31967 0.94753 0.00000 97.16048 0.94753 0.31967 0.00000 -143.65278 0.00000 0.00000 -1.00000 -0.00000
1610731117453099 -0.48581 0.87407 0.00000 120.30611 0.87407 0.48581 0.00000 -123.64941 0.00000 0.00000 -1.00000 -0.00000
1610731117703721 -0.63804 0.77001 0.00000 139.75837 0.77001 0.63804 0.00000 -99.45541 0.00000 0.00000 -1.00000 -0.00000
1610731117954359 -0.74892 0.66266 0.00000 152.02736 0.66266 0.74892 0.00000 -76.73987 0.00000 0.00000 -1.00000 -0.00000
1610731118204353 -0.83487 0.55045 0.00000 159.95664 0.55045 0.83487 0.00000 -54.48547 0.00000 0.00000 -1.00000 -0.00000
1610731118453742 -0.88963 0.45669 -0.00000 163.41827 0.45669 0.88963 0.00000 -36.78482 0.00000 0.00000 -1.00000 -0.00000
1610731118703110 -0.92644 0.37645 0.00000 164.64014 0.37645 0.92644 0.00000 -22.24938 0.00000 0.00000 -1.00000 -0.00000
1610731118952491 -0.95220 0.30547 -0.00000 164.30392 0.30547 0.95220 0.00000 -9.73892 0.00000 0.00000 -1.00000 -0.00000
1610731119202538 -0.97087 0.23960 0.00000 163.04968 0.23960 0.97087 0.00000 1.48032 0.00000 0.00000 -1.00000 0.00000
1610731119453123 -0.98236 0.18698 0.00000 161.12158 0.18698 0.98236 0.00000 10.26075 0.00000 0.00000 -1.00000 0.00000
1610731119703125 -0.99013 0.14017 0.00000 158.75253 0.14017 0.99013 0.00000 17.79721 0.00000 0.00000 -1.00000 0.00000
1610731119953754 -0.99328 0.11572 0.00000 156.56520 0.11572 0.99328 0.00000 21.69105 0.00000 0.00000 -1.00000 0.00000
1610731120203763 -0.99559 0.09380 0.00000 154.41454 0.09380 0.99559 0.00000 25.15685 0.00000 0.00000 -1.00000 0.00000
1610731120453768 -0.99627 0.08627 0.00000 152.42371 0.08627 0.99627 0.00000 26.33805 0.00000 0.00000 -1.00000 0.00000
1610731120703769 -0.99699 0.07755 0.00000 150.47703 0.07755 0.99699 0.00000 27.61196 0.00000 0.00000 -1.00000 0.00000
1610731120953140 -0.99667 0.08151 0.00000 148.81467 0.08151 0.99667 0.00000 26.90955 0.00000 0.00000 -1.00000 0.00000
1610731121203146 -0.99549 0.09489 0.00000 147.32306 0.09489 0.99549 0.00000 24.99328 0.00000 0.00000 -1.00000 0.00000
1610731121452522 -0.99347 0.11413 0.00000 146.12019 0.11413 0.99347 0.00000 22.11183 0.00000 0.00000 -1.00000 0.00000
1610731121702533 -0.98960 0.14388 0.00000 144.93248 0.14388 0.98960 0.00000 17.74844 0.00000 0.00000 -1.00000 0.00000
1610731121952531 -0.98372 0.17974 0.00000 143.77583 0.17974 0.98372 0.00000 12.52002 0.00000 0.00000 -1.00000 0.00000
1610731122202537 -0.97497 0.22235 -0.00000 142.37996 0.22235 0.97497 0.00000 6.16632 0.00000 0.00000 -1.00000 0.00000
1610731122452533 -0.96187 0.27352 0.00000 140.67584 0.27352 0.96187 0.00000 -1.47275 0.00000 0.00000 -1.00000 -0.00000
1610731122702542 -0.94725 0.32049 -0.00000 138.76737 0.32049 0.94725 0.00000 -8.35055 0.00000 0.00000 -1.00000 -0.00000
1610731122953171 -0.92494 0.38012 0.00000 136.02358 0.38012 0.92494 0.00000 -17.25319 0.00000 0.00000 -1.00000 -0.00000
1610731123203171 -0.89968 0.43654 0.00000 132.89749 0.43654 0.89968 0.00000 -25.62510 0.00000 0.00000 -1.00000 -0.00000
1610731123453178 -0.86681 0.49863 0.00000 128.99779 0.49863 0.86681 0.00000 -34.95312 0.00000 0.00000 -1.00000 -0.00000
1610731123703176 -0.83244 0.55412 0.00000 124.59292 0.55412 0.83244 0.00000 -43.36957 0.00000 0.00000 -1.00000 -0.00000
1610731123953181 -0.79609 0.60518 0.00000 119.70565 0.60518 0.79609 0.00000 -51.06208 0.00000 0.00000 -1.00000 -0.00000
1610731124203809 -0.75429 0.65654 0.00000 114.17979 0.65654 0.75429 0.00000 -58.93129 0.00000 0.00000 -1.00000 -0.00000
1610731124453821 -0.70899 0.70522 0.00000 108.12784 0.70522 0.70899 0.00000 -66.36536 0.00000 0.00000 -1.00000 -0.00000
1610731124703193 -0.66868 0.74355 0.00000 102.43586 0.74355 0.66868 0.00000 -72.39910 0.00000 0.00000 -1.00000 -0.00000
1610731124952572 -0.63450 0.77292 0.00000 97.23605 0.77292 0.63450 0.00000 -76.93654 0.00000 0.00000 -1.00000 -0.00000
1610731125202532 -0.59508 0.80366 0.00000 91.40467 0.80366 0.59508 0.00000 -81.59278 0.00000 0.00000 -1.00000 -0.00000
1610731125451962 -0.56930 0.82213 -0.00000 86.91973 0.82213 0.56930 0.00000 -84.66544 0.00000 0.00000 -1.00000 -0.00000
1610731125702580 -0.53080 0.84750 0.00000 81.03161 0.84750 0.53080 0.00000 -88.43516 0.00000 0.00000 -1.00000 -0.00000
1610731125952581 -0.50174 0.86502 0.00000 76.10914 0.86502 0.50174 0.00000 -91.08923 0.00000 0.00000 -1.00000 -0.00000
1610731126202596 -0.47554 0.87970 -0.00000 71.44441 0.87970 0.47554 0.00000 -93.56473 0.00000 0.00000 -1.00000 -0.00000
1610731126452593 -0.45699 0.88947 0.00000 67.57050 0.88947 0.45699 0.00000 -94.95302 0.00000 0.00000 -1.00000 -0.00000
1610731126703217 -0.44104 0.89749 -0.00000 64.00351 0.89749 0.44104 0.00000 -96.29083 0.00000 0.00000 -1.00000 -0.00000
1610731126953217 -0.42540 0.90500 0.00000 60.41841 0.90500 0.42540 0.00000 -97.55386 0.00000 0.00000 -1.00000 -0.00000
1610731127203886 -0.41787 0.90851 0.00000 57.74489 0.90851 0.41787 0.00000 -97.96011 0.00000 0.00000 -1.00000 -0.00000
1610731127453856 -0.42396 0.90568 0.00000 56.51735 0.90568 0.42396 0.00000 -97.53263 0.00000 0.00000 -1.00000 -0.00000
1610731127703857 -0.43647 0.89972 0.00000 56.01202 0.89972 0.43647 0.00000 -96.82248 0.00000 0.00000 -1.00000 -0.00000
1610731127953233 -0.46217 0.88679 0.00000 56.91974 0.88679 0.46217 0.00000 -95.15730 0.00000 0.00000 -1.00000 -0.00000
1610731128203236 -0.48535 0.87432 0.00000 57.56255 0.87432 0.48535 0.00000 -93.61368 0.00000 0.00000 -1.00000 -0.00000
1610731128453241 -0.51859 0.85502 0.00000 59.30962 0.85502 0.51859 0.00000 -91.50315 0.00000 0.00000 -1.00000 -0.00000
1610731128703248 -0.55474 0.83202 0.00000 61.29256 0.83202 0.55474 0.00000 -88.94718 0.00000 0.00000 -1.00000 -0.00000
1610731128953876 -0.60232 0.79825 0.00000 64.57918 0.79825 0.60232 0.00000 -85.16550 0.00000 0.00000 -1.00000 -0.00000
1610731129203876 -0.64812 0.76154 0.00000 67.70889 0.76154 0.64812 0.00000 -81.61457 0.00000 0.00000 -1.00000 -0.00000
1610731129453876 -0.69652 0.71753 0.00000 71.15569 0.71753 0.69652 0.00000 -77.06098 0.00000 0.00000 -1.00000 -0.00000
1610731129703881 -0.73809 0.67471 0.00000 73.87383 0.67471 0.73809 0.00000 -72.76140 0.00000 0.00000 -1.00000 -0.00000
1610731129953264 -0.77888 0.62717 0.00000 76.50832 0.62717 0.77888 0.00000 -67.95700 0.00000 0.00000 -1.00000 -0.00000
1610731130202639 -0.81895 0.57386 0.00000 79.11699 0.57386 0.81895 0.00000 -62.73411 0.00000 0.00000 -1.00000 -0.00000
1610731130452642 -0.85230 0.52305 -0.00000 80.91650 0.52305 0.85230 0.00000 -57.80895 0.00000 0.00000 -1.00000 -0.00000
1610731130702644 -0.88134 0.47248 0.00000 82.37381 0.47248 0.88134 0.00000 -53.05051 0.00000 0.00000 -1.00000 -0.00000
1610731130953274 -0.90322 0.42918 0.00000 83.13424 0.42918 0.90322 0.00000 -48.95143 0.00000 0.00000 -1.00000 -0.00000
1610731131203274 -0.92913 0.36975 0.00000 84.43003 0.36975 0.92913 0.00000 -43.54325 0.00000 0.00000 -1.00000 -0.00000
1610731131453903 -0.94735 0.32020 0.00000 84.78544 0.32020 0.94735 0.00000 -38.99893 0.00000 0.00000 -1.00000 -0.00000
1610731131703906 -0.96588 0.25901 0.00000 85.46879 0.25901 0.96588 0.00000 -33.62846 0.00000 0.00000 -1.00000 -0.00000
1610731131953912 -0.97810 0.20813 0.00000 85.25892 0.20813 0.97810 0.00000 -29.14926 0.00000 0.00000 -1.00000 -0.00000
1610731132203910 -0.98724 0.15925 0.00000 84.83109 0.15925 0.98724 0.00000 -24.91473 0.00000 0.00000 -1.00000 -0.00000
1610731132453296 -0.99451 0.10469 -0.00000 84.29572 0.10469 0.99451 0.00000 -20.31352 0.00000 0.00000 -1.00000 -0.00000
1610731132702666 -0.99823 0.05947 0.00000 83.33293 0.05947 0.99823 0.00000 -16.38304 0.00000 0.00000 -1.00000 -0.00000
1610731132952671 -0.99994 0.01093 0.00000 82.15475 0.01093 0.99994 0.00000 -12.33044 0.00000 0.00000 -1.00000 -0.00000
1610731133203308 -0.99990 -0.01388 0.00000 80.61810 -0.01388 0.99990 0.00000 -10.32522 -0.00000 0.00000 -1.00000 -0.00000
1610731133453320 -0.99862 -0.05251 0.00000 79.15857 -0.05251 0.99862 0.00000 -7.21194 -0.00000 0.00000 -1.00000 -0.00000
1610731133703310 -0.99750 -0.07070 -0.00000 77.46070 -0.07070 0.99750 0.00000 -5.77236 -0.00000 0.00000 -1.00000 -0.00000
1610731133953315 -0.99562 -0.09354 0.00000 75.67000 -0.09354 0.99562 0.00000 -4.03789 -0.00000 0.00000 -1.00000 -0.00000
1610731134203939 -0.99441 -0.10562 0.00000 73.88068 -0.10562 0.99441 0.00000 -3.12200 -0.00000 0.00000 -1.00000 -0.00000
1610731134453943 -0.99414 -0.10806 0.00000 71.98318 -0.10806 0.99414 0.00000 -2.90545 -0.00000 0.00000 -1.00000 -0.00000
1610731134703947 -0.99364 -0.11262 -0.00000 70.16016 -0.11262 0.99364 0.00000 -2.61866 -0.00000 0.00000 -1.00000 -0.00000
1610731134953324 -0.99353 -0.11354 0.00000 68.26113 -0.11354 0.99353 0.00000 -2.54665 -0.00000 0.00000 -1.00000 -0.00000
1610731135202085 -0.99177 -0.12806 -0.00000 66.41684 -0.12806 0.99177 0.00000 -1.65217 -0.00000 0.00000 -1.00000 -0.00000
1610731135452081 -0.99239 -0.12310 -0.00000 64.55509 -0.12310 0.99239 0.00000 -1.93931 -0.00000 0.00000 -1.00000 -0.00000
1610731135701462 -0.99129 -0.13172 -0.00000 62.66552 -0.13172 0.99129 0.00000 -1.40136 -0.00000 0.00000 -1.00000 -0.00000
1610731135952090 -0.98974 -0.14285 0.00000 60.79709 -0.14285 0.98974 0.00000 -0.74795 -0.00000 0.00000 -1.00000 -0.00000
1610731136202723 -0.98941 -0.14513 0.00000 58.87370 -0.14513 0.98941 0.00000 -0.59577 -0.00000 0.00000 -1.00000 -0.00000
1610731136452721 -0.98817 -0.15339 -0.00000 56.98331 -0.15339 0.98817 0.00000 -0.15874 -0.00000 0.00000 -1.00000 -0.00000
1610731136702721 -0.98583 -0.16773 0.00000 55.05967 -0.16773 0.98583 0.00000 0.58057 -0.00000 0.00000 -1.00000 0.00000
1610731136952728 -0.98361 -0.18029 0.00000 53.04009 -0.18029 0.98361 0.00000 1.19369 -0.00000 0.00000 -1.00000 0.00000
1610731137203365 -0.98313 -0.18290 0.00000 51.06015 -0.18290 0.98313 0.00000 1.38942 -0.00000 0.00000 -1.00000 0.00000
1610731137452737 -0.98144 -0.19176 0.00000 49.19716 -0.19176 0.98144 0.00000 1.61527 -0.00000 0.00000 -1.00000 0.00000
1610731137703358 -0.98060 -0.19604 0.00000 47.13462 -0.19604 0.98060 0.00000 1.94203 -0.00000 0.00000 -1.00000 0.00000
1610731137953989 -0.97930 -0.20241 0.00000 45.14871 -0.20241 0.97930 0.00000 2.28317 -0.00000 0.00000 -1.00000 0.00000
1610731138203993 -0.97873 -0.20516 -0.00000 43.13103 -0.20516 0.97873 0.00000 2.42382 -0.00000 0.00000 -1.00000 0.00000
1610731138453995 -0.97859 -0.20580 0.00000 41.09456 -0.20580 0.97859 0.00000 2.29388 -0.00000 0.00000 -1.00000 0.00000
1610731138703375 -0.97839 -0.20677 0.00000 39.15879 -0.20677 0.97839 0.00000 2.28150 -0.00000 0.00000 -1.00000 0.00000
1610731138952750 -0.97940 -0.20191 0.00000 37.13629 -0.20191 0.97940 0.00000 2.10460 -0.00000 0.00000 -1.00000 0.00000
1610731139202755 -0.98330 -0.18201 -0.00000 35.14412 -0.18201 0.98330 0.00000 1.36914 -0.00000 0.00000 -1.00000 0.00000
1610731139452763 -0.98627 -0.16517 0.00000 33.11456 -0.16517 0.98627 0.00000 0.89848 -0.00000 0.00000 -1.00000 0.00000
1610731139702765 -0.98903 -0.14769 0.00000 31.04236 -0.14769 0.98903 0.00000 0.13250 -0.00000 0.00000 -1.00000 0.00000
1610731139953387 -0.99235 -0.12349 -0.00000 29.03360 -0.12349 0.99235 0.00000 -0.51097 -0.00000 0.00000 -1.00000 -0.00000
1610731140203387 -0.99483 -0.10152 0.00000 26.96801 -0.10152 0.99483 0.00000 -1.18756 -0.00000 0.00000 -1.00000 -0.00000
1610731140454025 -0.99619 -0.08726 0.00000 24.81874 -0.08726 0.99619 0.00000 -1.65662 -0.00000 0.00000 -1.00000 -0.00000
1610731140704032 -0.99775 -0.06709 0.00000 22.69018 -0.06709 0.99775 0.00000 -2.21100 -0.00000 0.00000 -1.00000 -0.00000
1610731140954022 -0.99836 -0.05732 0.00000 20.60951 -0.05732 0.99836 0.00000 -2.38494 -0.00000 0.00000 -1.00000 -0.00000
1610731141204035 -0.99851 -0.05460 -0.00000 18.52249 -0.05460 0.99851 0.00000 -2.49067 -0.00000 0.00000 -1.00000 -0.00000
1610731141454041 -0.99895 -0.04591 0.00000 16.42219 -0.04591 0.99895 0.00000 -2.65543 -0.00000 0.00000 -1.00000 -0.00000
1610731141703418 -0.99919 -0.04018 0.00000 14.38913 -0.04018 0.99919 0.00000 -2.83384 -0.00000 0.00000 -1.00000 -0.00000
1610731141952795 -0.99929 -0.03780 0.00000 12.35438 -0.03780 0.99929 0.00000 -2.85318 -0.00000 0.00000 -1.00000 -0.00000
1610731142202169 -0.99930 -0.03744 -0.00000 10.36507 -0.03744 0.99930 0.00000 -2.92610 -0.00000 0.00000 -1.00000 -0.00000
1610731142452169 -0.99943 -0.03389 0.00000 8.28890 -0.03389 0.99943 0.00000 -2.88110 -0.00000 0.00000 -1.00000 -0.00000
1610731142702797 -0.99945 -0.03307 0.00000 6.35377 -0.03307 0.99945 0.00000 -2.96770 -0.00000 0.00000 -1.00000 -0.00000
1610731142952182 -0.99937 -0.03538 0.00000 4.20520 -0.03538 0.99937 0.00000 -3.02392 -0.00000 0.00000 -1.00000 -0.00000
1610731143202851 -0.99933 -0.03667 0.00000 2.30116 -0.03667 0.99933 0.00000 -2.95109 -0.00000 0.00000 -1.00000 -0.00000
1610731143452810 -0.99900 -0.04465 -0.00000 0.28434 -0.04465 0.99900 0.00000 -3.00854 -0.00000 0.00000 -1.00000 -0.00000
1610731143702816 -0.99875 -0.04997 0.00000 -1.66918 -0.04997 0.99875 0.00000 -3.04649 -0.00000 0.00000 -1.00000 -0.00000
1610731143952819 -0.99855 -0.05383 0.00000 -3.68682 -0.05383 0.99855 0.00000 -3.01200 -0.00000 0.00000 -1.00000 -0.00000
1610731144203448 -0.99878 -0.04940 0.00000 -5.70706 -0.04940 0.99878 0.00000 -3.02144 -0.00000 0.00000 -1.00000 -0.00000
1610731144453447 -0.99838 -0.05694 0.00000 -7.62950 -0.05694 0.99838 0.00000 -3.07143 -0.00000 0.00000 -1.00000 -0.00000
1610731144704075 -0.99846 -0.05545 0.00000 -9.55526 -0.05545 0.99846 0.00000 -3.07784 -0.00000 0.00000 -1.00000 -0.00000
1610731144954081 -0.99821 -0.05986 0.00000 -11.55334 -0.05986 0.99821 0.00000 -3.15134 -0.00000 0.00000 -1.00000 -0.00000
1610731145204085 -0.99834 -0.05753 0.00000 -13.60042 -0.05753 0.99834 0.00000 -3.19691 -0.00000 0.00000 -1.00000 -0.00000
1610731145454087 -0.99783 -0.06583 0.00000 -15.49466 -0.06583 0.99783 0.00000 -3.21012 -0.00000 0.00000 -1.00000 -0.00000
1610731145703465 -0.99730 -0.07338 -0.00000 -17.41345 -0.07338 0.99730 0.00000 -3.43247 -0.00000 0.00000 -1.00000 -0.00000
1610731145953469 -0.99775 -0.06700 0.00000 -19.41879 -0.06700 0.99775 0.00000 -3.34440 -0.00000 0.00000 -1.00000 -0.00000
1610731146203474 -0.99776 -0.06694 0.00000 -21.37621 -0.06694 0.99776 0.00000 -3.36723 -0.00000 0.00000 -1.00000 -0.00000
1610731146453475 -0.99761 -0.06908 0.00000 -23.52112 -0.06908 0.99761 0.00000 -3.56224 -0.00000 0.00000 -1.00000 -0.00000
1610731146704101 -0.99773 -0.06738 -0.00000 -25.40751 -0.06738 0.99773 0.00000 -3.35924 -0.00000 0.00000 -1.00000 -0.00000
1610731146954113 -0.99752 -0.07038 0.00000 -27.49387 -0.07038 0.99752 0.00000 -3.64713 -0.00000 0.00000 -1.00000 -0.00000
