1. 0. 0. 0. 0. -1. -0. 0. 0. 0. -1. 0.
1. -0.001 -0. -0.026 -0.001 -1. -0. 0.045 0. 0. -1. 0.
1. -0.002 -0. -0.041 -0.002 -1. -0. 0.078 0. 0. -1. 0.
1. -0.001 -0. -0.028 -0.001 -1. -0. 0.070 0. 0. -1. 0.
1. 0.000 0. -0.027 0.000 -1. -0. 0.011 0. 0. -1. 0.
1. -0.003 -0. -0.029 -0.003 -1. -0. 0.063 0. 0. -1. 0.
1. -0.000 -0. -0.013 -0.000 -1. -0. 0.097 0. 0. -1. 0.
1. 0.001 0. -0.015 0.001 -1. -0. 0.084 0. 0. -1. 0.
1. -0.001 -0. -0.044 -0.001 -1. -0. 0.115 0. 0. -1. 0.
1. 0.000 0. -0.003 0.000 -1. -0. 0.032 0. 0. -1. 0.
1. -0.001 -0. 0.001 -0.001 -1. -0. 0.036 0. 0. -1. 0.
1. -0.000 -0. -0.034 -0.000 -1. -0. 0.072 0. 0. -1. 0.
1. -0.002 -0. -0.029 -0.002 -1. -0. 0.069 0. 0. -1. 0.
1. -0. -0. -0.032 -0. -1. -0. -0.006 0. 0. -1. 0.
1. -0.001 -0. -0.015 -0.001 -1. -0. 0.045 0. 0. -1. 0.
1. -0.001 -0. -0.035 -0.001 -1. -0. 0.070 0. 0. -1. 0.
1. -0.003 -0. -0.047 -0.003 -1. -0. 0.067 0. 0. -1. 0.
1. -0.006 -0. -0.032 -0.006 -1. -0. 0.068 0. 0. -1. 0.
1. -0.001 -0. -0.001 -0.001 -1. -0. 0.036 0. 0. -1. 0.
1. 0.001 0. 0.047 0.001 -1. -0. 0.067 0. 0. -1. 0.
1. 0.001 0. 0.062 0.001 -1. -0. 0.080 0. 0. -1. 0.
1. -0.002 -0. 0.129 -0.002 -1. -0. 0.052 0. 0. -1. 0.
1. -0.002 -0. 0.182 -0.002 -1. -0. 0.066 0. 0. -1. 0.
1. -0.011 -0. 0.334 -0.011 -1. -0. 0.144 0. 0. -1. 0.
1.000 -0.016 -0. 0.443 -0.016 -1.000 -0. 0.070 0. 0. -1. 0.
1.000 -0.019 -0. 0.753 -0.019 -1.000 -0. 0.066 0. 0. -1. 0.
0.999 -0.042 -0. 1.106 -0.042 -0.999 -0. 0.069 0. 0. -1. 0.
0.998 -0.056 -0. 1.550 -0.056 -0.998 -0. -0.030 0. 0. -1. 0.
0.997 -0.071 -0. 2.017 -0.071 -0.997 -0. -0.005 0. 0. -1. 0.
0.996 -0.090 -0. 2.557 -0.090 -0.996 -0. -0.143 0. 0. -1. 0.
0.994 -0.111 -0. 3.219 -0.111 -0.994 -0. -0.259 0. 0. -1. 0.
0.992 -0.124 -0. 3.846 -0.124 -0.992 -0. -0.289 0. 0. -1. 0.
0.991 -0.136 -0. 4.551 -0.136 -0.991 -0. -0.398 0. 0. -1. 0.
0.990 -0.143 -0. 5.313 -0.143 -0.990 -0. -0.498 0. 0. -1. 0.
0.990 -0.143 -0. 6.183 -0.143 -0.990 -0. -0.596 0. 0. -1. 0.
0.990 -0.138 -0. 6.953 -0.138 -0.990 -0. -0.941 0. 0. -1. 0.
0.991 -0.132 -0. 7.923 -0.132 -0.991 -0. -1.060 0. 0. -1. 0.
0.992 -0.129 -0. 8.917 -0.129 -0.992 -0. -1.183 0. 0. -1. 0.
0.994 -0.114 -0. 9.934 -0.114 -0.994 -0. -1.260 0. 0. -1. 0.
0.994 -0.106 -0. 11.001 -0.106 -0.994 -0. -1.279 0. 0. -1. 0.
0.995 -0.103 -0. 12.006 -0.103 -0.995 -0. -1.379 0. 0. -1. 0.
0.995 -0.098 -0. 13.148 -0.098 -0.995 -0. -1.573 0. 0. -1. 0.
0.996 -0.086 -0. 14.304 -0.086 -0.996 -0. -1.705 0. 0. -1. 0.
0.997 -0.076 -0. 15.496 -0.076 -0.997 -0. -1.774 0. 0. -1. 0.
0.998 -0.071 -0. 16.756 -0.071 -0.998 -0. -1.892 0. 0. -1. 0.
0.998 -0.065 -0. 18.012 -0.065 -0.998 -0. -1.912 0. 0. -1. 0.
0.998 -0.060 -0. 19.268 -0.060 -0.998 -0. -2.083 0. 0. -1. 0.
0.999 -0.052 -0. 20.717 -0.052 -0.999 -0. -2.162 0. 0. -1. 0.
0.999 -0.052 -0. 22.047 -0.052 -0.999 -0. -2.265 0. 0. -1. 0.
0.999 -0.044 -0. 23.526 -0.044 -0.999 -0. -2.319 0. 0. -1. 0.
0.999 -0.047 -0. 24.969 -0.047 -0.999 -0. -2.418 0. 0. -1. 0.
0.999 -0.046 -0. 26.494 -0.046 -0.999 -0. -2.542 0. 0. -1. 0.
0.999 -0.039 -0. 28.043 -0.039 -0.999 -0. -2.618 0. 0. -1. 0.
0.999 -0.036 -0. 29.643 -0.036 -0.999 -0. -2.713 0. 0. -1. 0.
0.999 -0.035 -0. 31.288 -0.035 -0.999 -0. -2.752 0. 0. -1. 0.
1.000 -0.026 -0. 32.778 -0.026 -1.000 -0. -2.951 0. 0. -1. 0.
1.000 -0.018 -0. 34.560 -0.018 -1.000 -0. -2.923 0. 0. -1. 0.
1. -0.011 -0. 36.145 -0.011 -1. -0. -2.914 0. 0. -1. 0.
1. 0.001 0. 37.731 0.001 -1. -0. -2.938 0. 0. -1. 0.
1. 0.014 0. 39.403 0.014 -1. -0. -2.939 0. 0. -1. 0.
1.000 0.019 0. 41.181 0.019 -1.000 -0. -2.930 0. 0. -1. 0.
0.999 0.033 0. 42.746 0.033 -0.999 -0. -3.004 0. 0. -1. 0.
0.999 0.040 0. 44.460 0.040 -0.999 -0. -2.929 0. 0. -1. 0.
0.999 0.048 0. 46.218 0.048 -0.999 -0. -2.867 0. 0. -1. 0.
0.999 0.050 0. 47.948 0.050 -0.999 -0. -2.753 0. 0. -1. 0.
0.999 0.053 0. 49.682 0.053 -0.999 -0. -2.738 0. 0. -1. 0.
0.999 0.053 0. 51.453 0.053 -0.999 -0. -2.657 0. 0. -1. 0.
0.999 0.049 0. 53.252 0.049 -0.999 -0. -2.588 0. 0. -1. 0.
0.999 0.048 0. 54.959 0.048 -0.999 -0. -2.535 0. 0. -1. 0.
0.999 0.053 0. 56.843 0.053 -0.999 -0. -2.462 0. 0. -1. 0.
0.998 0.059 0. 58.596 0.059 -0.998 -0. -2.428 0. 0. -1. 0.
0.998 0.056 0. 60.484 0.056 -0.998 -0. -2.328 0. 0. -1. 0.
0.999 0.054 0. 62.327 0.054 -0.999 -0. -2.224 0. 0. -1. 0.
0.998 0.059 0. 64.079 0.059 -0.998 -0. -2.013 0. 0. -1. 0.
0.998 0.060 0. 65.994 0.060 -0.998 -0. -2.012 0. 0. -1. 0.
0.998 0.059 0. 67.809 0.059 -0.998 -0. -1.960 0. 0. -1. 0.
0.999 0.054 0. 69.600 0.054 -0.999 -0. -1.857 0. 0. -1. 0.
0.999 0.049 0. 71.398 0.049 -0.999 -0. -1.694 0. 0. -1. 0.
0.999 0.046 0. 73.215 0.046 -0.999 -0. -1.567 0. 0. -1. 0.
0.999 0.040 0. 75.036 0.040 -0.999 -0. -1.632 0. 0. -1. 0.
0.999 0.043 0. 76.791 0.043 -0.999 -0. -1.524 0. 0. -1. 0.
0.999 0.034 0. 78.618 0.034 -0.999 -0. -1.613 0. 0. -1. 0.
1.000 0.029 0. 80.332 0.029 -1.000 -0. -1.593 0. 0. -1. 0.
1. 0.013 0. 82.093 0.013 -1. -0. -1.561 0. 0. -1. 0.
1. 0.001 0. 83.879 0.001 -1. -0. -1.438 0. 0. -1. 0.
1.000 -0.021 -0. 85.720 -0.021 -1.000 -0. -1.650 0. 0. -1. 0.
0.999 -0.052 -0. 87.395 -0.052 -0.999 -0. -1.664 0. 0. -1. 0.
0.996 -0.086 -0. 89.118 -0.086 -0.996 -0. -1.876 0. 0. -1. 0.
0.991 -0.134 -0. 90.873 -0.134 -0.991 -0. -2.087 0. 0. -1. 0.
0.985 -0.173 -0. 92.527 -0.173 -0.985 -0. -2.450 0. 0. -1. 0.
0.974 -0.228 -0. 94.344 -0.228 -0.974 -0. -2.684 0. 0. -1. 0.
0.963 -0.271 -0. 95.919 -0.271 -0.963 -0. -3.248 0. 0. -1. 0.
0.948 -0.317 -0. 97.699 -0.317 -0.948 -0. -3.885 0. 0. -1. 0.
0.927 -0.375 -0. 99.391 -0.375 -0.927 -0. -4.521 0. 0. -1. 0.
0.906 -0.424 -0. 100.975 -0.424 -0.906 -0. -5.285 0. 0. -1. 0.
0.885 -0.465 -0. 102.654 -0.465 -0.885 -0. -6.146 0. 0. -1. 0.
0.856 -0.517 -0. 104.242 -0.517 -0.856 -0. -7.051 0. 0. -1. 0.
0.817 -0.576 -0. 105.785 -0.576 -0.817 -0. -8.152 0. 0. -1. 0.
0.771 -0.637 -0. 107.227 -0.637 -0.771 -0. -9.329 0. 0. -1. 0.
0.726 -0.688 -0. 108.487 -0.688 -0.726 -0. -10.618 0. 0. -1. 0.
0.673 -0.739 -0. 109.679 -0.739 -0.673 -0. -11.972 0. 0. -1. 0.
0.615 -0.789 -0. 110.933 -0.789 -0.615 -0. -13.321 0. 0. -1. 0.
0.552 -0.834 -0. 111.883 -0.834 -0.552 -0. -14.869 0. 0. -1. 0.
0.496 -0.869 -0. 112.554 -0.869 -0.496 -0. -16.517 0. 0. -1. 0.
0.445 -0.896 -0. 113.514 -0.896 -0.445 -0. -18.188 0. 0. -1. 0.
0.403 -0.915 -0. 114.237 -0.915 -0.403 -0. -19.916 0. 0. -1. 0.
0.371 -0.929 -0. 114.874 -0.929 -0.371 -0. -21.693 0. 0. -1. 0.
0.364 -0.931 -0. 115.586 -0.931 -0.364 -0. -23.494 0. 0. -1. 0.
0.364 -0.932 -0. 116.287 -0.932 -0.364 -0. -25.339 0. 0. -1. 0.
0.364 -0.931 -0. 117.115 -0.931 -0.364 -0. -27.138 0. 0. -1. 0.
0.370 -0.929 -0. 117.701 -0.929 -0.370 -0. -28.956 0. 0. -1. 0.
0.383 -0.924 -0. 118.569 -0.924 -0.383 -0. -30.783 0. 0. -1. 0.
0.390 -0.921 -0. 119.174 -0.921 -0.390 -0. -32.689 0. 0. -1. 0.
0.403 -0.915 -0. 119.986 -0.915 -0.403 -0. -34.509 0. 0. -1. 0.
0.413 -0.911 -0. 120.845 -0.911 -0.413 -0. -36.331 0. 0. -1. 0.
0.425 -0.905 -0. 121.605 -0.905 -0.425 -0. -38.147 0. 0. -1. 0.
0.430 -0.903 -0. 122.503 -0.903 -0.430 -0. -39.948 0. 0. -1. 0.
0.448 -0.894 -0. 123.307 -0.894 -0.448 -0. -41.758 0. 0. -1. 0.
0.473 -0.881 -0. 124.243 -0.881 -0.473 -0. -43.490 0. 0. -1. 0.
0.494 -0.870 -0. 125.132 -0.870 -0.494 -0. -45.252 0. 0. -1. 0.
0.513 -0.858 -0. 126.084 -0.858 -0.513 -0. -46.952 0. 0. -1. 0.
0.524 -0.852 -0. 127.196 -0.852 -0.524 -0. -48.613 0. 0. -1. 0.
0.541 -0.841 -0. 128.097 -0.841 -0.541 -0. -50.199 0. 0. -1. 0.
0.555 -0.832 -0. 129.123 -0.832 -0.555 -0. -51.795 0. 0. -1. 0.
0.567 -0.824 -0. 130.229 -0.824 -0.567 -0. -53.420 0. 0. -1. 0.
0.582 -0.813 -0. 131.246 -0.813 -0.582 -0. -54.776 0. 0. -1. 0.
0.592 -0.806 -0. 132.407 -0.806 -0.592 -0. -56.427 0. 0. -1. 0.
0.610 -0.792 -0. 133.401 -0.792 -0.610 -0. -57.902 0. 0. -1. 0.
0.621 -0.784 -0. 134.570 -0.784 -0.621 -0. -59.365 0. 0. -1. 0.
0.628 -0.778 -0. 135.675 -0.778 -0.628 -0. -60.777 0. 0. -1. 0.
0.643 -0.766 -0. 136.859 -0.766 -0.643 -0. -62.114 0. 0. -1. 0.
0.649 -0.761 -0. 137.940 -0.761 -0.649 -0. -63.420 0. 0. -1. 0.
0.663 -0.749 -0. 138.936 -0.749 -0.663 -0. -64.627 0. 0. -1. 0.
0.681 -0.733 -0. 140.103 -0.733 -0.681 -0. -65.979 0. 0. -1. 0.
0.702 -0.712 -0. 141.230 -0.712 -0.702 -0. -67.058 0. 0. -1. 0.
0.731 -0.683 -0. 142.275 -0.683 -0.731 -0. -68.045 0. 0. -1. 0.
0.770 -0.639 -0. 143.450 -0.639 -0.770 -0. -68.896 0. 0. -1. 0.
0.814 -0.581 -0. 144.550 -0.581 -0.814 -0. -69.768 0. 0. -1. 0.
0.863 -0.505 -0. 145.601 -0.505 -0.863 -0. -70.330 0. 0. -1. 0.
0.911 -0.413 -0. 146.777 -0.413 -0.911 -0. -70.994 0. 0. -1. 0.
0.952 -0.306 -0. 147.905 -0.306 -0.952 -0. -71.269 0. 0. -1. 0.
0.984 -0.180 -0. 148.919 -0.180 -0.984 -0. -71.465 0. 0. -1. 0.
0.999 -0.042 -0. 149.914 -0.042 -0.999 -0. -71.478 0. 0. -1. 0.
0.994 0.108 0. 150.915 0.108 -0.994 -0. -71.357 0. 0. -1. 0.
0.961 0.275 0. 151.819 0.275 -0.961 -0. -71.000 0. 0. -1. 0.
0.903 0.430 0. 152.595 0.430 -0.903 -0. -70.655 0. 0. -1. 0.
0.814 0.580 0. 153.214 0.580 -0.814 -0. -70.162 0. 0. -1. 0.
0.702 0.712 0. 153.930 0.712 -0.702 -0. -69.380 0. 0. -1. 0.
0.564 0.826 0. 154.385 0.826 -0.564 -0. -68.682 0. 0. -1. 0.
0.411 0.912 0. 154.695 0.912 -0.411 -0. -67.963 0. 0. -1. 0.
0.247 0.969 0. 154.846 0.969 -0.247 -0. -67.148 0. 0. -1. 0.
0.082 0.997 0. 154.873 0.997 -0.082 -0. -66.316 0. 0. -1. 0.
-0.084 0.996 0. 154.769 0.996 0.084 0. -65.446 0. 0. -1. 0.
-0.245 0.970 0. 154.637 0.970 0.245 0. -64.645 0. 0. -1. 0.
-0.403 0.915 0. 154.061 0.915 0.403 0. -63.810 0. 0. -1. 0.
-0.549 0.836 0. 153.532 0.836 0.549 0. -62.949 0. 0. -1. 0.
-0.658 0.753 0. 152.785 0.753 0.658 0. -62.122 0. 0. -1. 0.
-0.756 0.655 0. 151.939 0.655 0.756 0. -61.426 0. 0. -1. 0.
-0.825 0.565 0. 150.826 0.565 0.825 0. -60.638 0. 0. -1. 0.
-0.873 0.487 0. 149.641 0.487 0.873 0. -60.018 0. 0. -1. 0.
-0.899 0.437 0. 148.507 0.437 0.899 0. -59.311 0. 0. -1. 0.
-0.913 0.408 0. 147.295 0.408 0.913 0. -59.006 0. 0. -1. 0.
-0.925 0.381 0. 146.018 0.381 0.925 0. -58.439 0. 0. -1. 0.
-0.929 0.370 0. 144.642 0.370 0.929 0. -57.897 0. 0. -1. 0.
-0.931 0.366 0. 143.281 0.366 0.931 0. -57.357 0. 0. -1. 0.
-0.924 0.382 0. 141.798 0.382 0.924 0. -56.800 0. 0. -1. 0.
-0.923 0.385 0. 140.383 0.385 0.923 0. -56.290 0. 0. -1. 0.
-0.912 0.411 0. 138.865 0.411 0.912 0. -55.420 0. 0. -1. 0.
-0.901 0.434 0. 137.378 0.434 0.901 0. -54.740 0. 0. -1. 0.
-0.879 0.476 0. 135.879 0.476 0.879 0. -53.839 0. 0. -1. 0.
-0.855 0.518 0. 134.318 0.518 0.855 0. -52.890 0. 0. -1. 0.
-0.824 0.566 0. 132.883 0.566 0.824 0. -51.913 0. 0. -1. 0.
-0.786 0.619 0. 131.506 0.619 0.786 0. -50.810 0. 0. -1. 0.
-0.743 0.670 0. 130.217 0.670 0.743 0. -49.607 0. 0. -1. 0.
-0.690 0.724 0. 128.911 0.724 0.690 0. -48.223 0. 0. -1. 0.
-0.635 0.772 0. 127.812 0.772 0.635 0. -46.701 0. 0. -1. 0.
-0.578 0.816 0. 126.649 0.816 0.578 0. -45.093 0. 0. -1. 0.
-0.515 0.857 0. 125.801 0.857 0.515 0. -43.523 0. 0. -1. 0.
-0.463 0.886 0. 124.833 0.886 0.463 0. -41.898 0. 0. -1. 0.
-0.423 0.906 0. 123.992 0.906 0.423 0. -40.095 0. 0. -1. 0.
-0.401 0.916 0. 123.297 0.916 0.401 0. -38.343 0. 0. -1. 0.
-0.380 0.925 0. 122.585 0.925 0.380 0. -36.529 0. 0. -1. 0.
-0.373 0.928 0. 121.902 0.928 0.373 0. -34.623 0. 0. -1. 0.
-0.359 0.933 0. 121.256 0.933 0.359 0. -32.796 0. 0. -1. 0.
-0.370 0.929 0. 120.511 0.929 0.370 0. -30.966 0. 0. -1. 0.
-0.374 0.927 0. 119.875 0.927 0.374 0. -29.022 0. 0. -1. 0.
-0.384 0.923 0. 119.173 0.923 0.384 0. -27.154 0. 0. -1. 0.
-0.398 0.917 0. 118.362 0.917 0.398 0. -25.243 0. 0. -1. 0.
-0.409 0.912 0. 117.413 0.912 0.409 0. -23.446 0. 0. -1. 0.
-0.430 0.903 0. 116.627 0.903 0.430 0. -21.573 0. 0. -1. 0.
-0.455 0.890 0. 115.809 0.890 0.455 0. -19.722 0. 0. -1. 0.
-0.488 0.873 0. 114.925 0.873 0.488 0. -17.867 0. 0. -1. 0.
-0.522 0.853 0. 113.877 0.853 0.522 0. -16.128 0. 0. -1. 0.
-0.558 0.830 0. 112.726 0.830 0.558 0. -14.596 0. 0. -1. 0.
-0.596 0.803 0. 111.558 0.803 0.596 0. -13.035 0. 0. -1. 0.
-0.638 0.770 0. 110.390 0.770 0.638 0. -11.416 0. 0. -1. 0.
-0.691 0.722 0. 109.250 0.722 0.691 0. -10.097 0. 0. -1. 0.
-0.740 0.672 0. 107.767 0.672 0.740 0. -8.726 0. 0. -1. 0.
-0.794 0.608 0. 106.367 0.608 0.794 0. -7.526 0. 0. -1. 0.
-0.832 0.555 0. 104.749 0.555 0.832 0. -6.330 0. 0. -1. 0.
-0.863 0.505 0. 103.153 0.505 0.863 0. -5.356 0. 0. -1. 0.
-0.895 0.446 0. 101.436 0.446 0.895 0. -4.475 0. 0. -1. 0.
-0.923 0.385 0. 99.634 0.385 0.923 0. -3.789 0. 0. -1. 0.
-0.945 0.328 0. 97.839 0.328 0.945 0. -3.027 0. 0. -1. 0.
-0.962 0.274 0. 95.838 0.274 0.962 0. -2.436 0. 0. -1. 0.
-0.974 0.228 0. 93.851 0.228 0.974 0. -1.930 0. 0. -1. 0.
-0.985 0.171 0. 91.784 0.171 0.985 0. -1.592 0. 0. -1. 0.
-0.991 0.134 0. 89.666 0.134 0.991 0. -1.306 0. 0. -1. 0.
-0.996 0.085 0. 87.719 0.085 0.996 0. -1.068 0. 0. -1. 0.
-0.998 0.056 0. 85.548 0.056 0.998 0. -0.916 0. 0. -1. 0.
-1. 0.013 0. 83.503 0.013 1. 0. -0.855 0. 0. -1. 0.
-1. -0.007 -0. 81.382 -0.007 1. 0. -0.849 0. 0. -1. 0.
-1.000 -0.025 -0. 79.289 -0.025 1.000 0. -0.894 0. 0. -1. 0.
-0.999 -0.038 -0. 77.228 -0.038 0.999 0. -0.941 0. 0. -1. 0.
-0.999 -0.049 -0. 75.102 -0.049 0.999 0. -0.893 0. 0. -1. 0.
-0.999 -0.055 -0. 72.960 -0.055 0.999 0. -1.109 0. 0. -1. 0.
-0.998 -0.055 -0. 70.823 -0.055 0.998 0. -1.135 0. 0. -1. 0.
-0.998 -0.056 -0. 68.702 -0.056 0.998 0. -1.299 0. 0. -1. 0.
-0.999 -0.046 -0. 66.575 -0.046 0.999 0. -1.390 0. 0. -1. 0.
-0.999 -0.036 -0. 64.439 -0.036 0.999 0. -1.375 0. 0. -1. 0.
-0.999 -0.037 -0. 62.288 -0.037 0.999 0. -1.283 0. 0. -1. 0.
-0.999 -0.039 -0. 60.116 -0.039 0.999 0. -1.352 0. 0. -1. 0.
-0.999 -0.034 -0. 57.984 -0.034 0.999 0. -1.481 0. 0. -1. 0.
-1.000 -0.030 -0. 55.852 -0.030 1.000 0. -1.463 0. 0. -1. 0.
-1.000 -0.028 -0. 53.688 -0.028 1.000 0. -1.410 0. 0. -1. 0.
-1.000 -0.028 -0. 51.692 -0.028 1.000 0. -1.540 0. 0. -1. 0.
-1.000 -0.022 -0. 49.603 -0.022 1.000 0. -1.528 0. 0. -1. 0.
-1.000 -0.021 -0. 47.511 -0.021 1.000 0. -1.525 0. 0. -1. 0.
-1. -0.014 -0. 45.450 -0.014 1. 0. -1.494 0. 0. -1. 0.
-1. -0.010 -0. 43.437 -0.010 1. 0. -1.457 0. 0. -1. 0.
-1. -0.001 -0. 41.387 -0.001 1. 0. -1.547 0. 0. -1. 0.
-1. 0.008 0. 39.372 0.008 1. 0. -1.443 0. 0. -1. 0.
-1.000 0.024 0. 37.288 0.024 1.000 0. -1.418 0. 0. -1. 0.
-1.000 0.025 0. 35.321 0.025 1.000 0. -1.315 0. 0. -1. 0.
-0.999 0.032 0. 33.193 0.032 0.999 0. -1.208 0. 0. -1. 0.
-0.999 0.043 0. 31.106 0.043 0.999 0. -1.101 0. 0. -1. 0.
-0.999 0.053 0. 28.998 0.053 0.999 0. -1.030 0. 0. -1. 0.
-0.998 0.056 0. 26.976 0.056 0.998 0. -0.758 0. 0. -1. 0.
-0.998 0.063 0. 24.813 0.063 0.998 0. -0.798 0. 0. -1. 0.
-0.998 0.069 0. 22.683 0.069 0.998 0. -0.547 0. 0. -1. 0.
-0.997 0.082 0. 20.561 0.082 0.997 0. -0.352 0. 0. -1. 0.
-0.996 0.084 0. 18.466 0.084 0.996 0. -0.073 0. 0. -1. 0.
-0.996 0.092 0. 16.364 0.092 0.996 0. 0.074 0. 0. -1. 0.
-0.996 0.085 0. 14.293 0.085 0.996 0. 0.359 0. 0. -1. 0.
-0.996 0.091 0. 12.201 0.091 0.996 0. 0.614 0. 0. -1. 0.
-0.996 0.092 0. 10.096 0.092 0.996 0. 0.704 0. 0. -1. 0.
-0.996 0.094 0. 7.995 0.094 0.996 0. 0.920 0. 0. -1. 0.
-0.996 0.084 0. 5.906 0.084 0.996 0. 1.212 0. 0. -1. 0.
-0.996 0.084 0. 3.811 0.084 0.996 0. 1.392 0. 0. -1. 0.
-0.996 0.085 0. 1.688 0.085 0.996 0. 1.587 0. 0. -1. 0.
-0.997 0.071 0. -0.367 0.071 0.997 0. 1.709 0. 0. -1. 0.
-0.998 0.064 0. -2.452 0.064 0.998 0. 1.860 0. 0. -1. 0.
-0.998 0.059 0. -4.484 0.059 0.998 0. 2.100 0. 0. -1. 0.
-0.998 0.057 0. -6.669 0.057 0.998 0. 2.161 0. 0. -1. 0.
-0.998 0.055 0. -8.608 0.055 0.998 0. 2.345 0. 0. -1. 0.
-0.999 0.054 0. -10.748 0.054 0.999 0. 2.440 0. 0. -1. 0.
-0.999 0.054 0. -12.788 0.054 0.999 0. 2.553 0. 0. -1. 0.
-0.999 0.053 0. -14.765 0.053 0.999 0. 2.638 0. 0. -1. 0.
-0.999 0.049 0. -16.847 0.049 0.999 0. 2.717 0. 0. -1. 0.
-0.999 0.039 0. -18.889 0.039 0.999 0. 3.066 0. 0. -1. 0.
-0.999 0.033 0. -20.979 0.033 0.999 0. 3.125 0. 0. -1. 0.
-0.999 0.034 0. -23.102 0.034 0.999 0. 3.106 0. 0. -1. 0.
-0.999 0.036 0. -25.215 0.036 0.999 0. 3.193 0. 0. -1. 0.
-1.000 0.023 0. -27.127 0.023 1.000 0. 3.337 0. 0. -1. 0.
-1.000 0.023 0. -29.277 0.023 1.000 0. 3.234 0. 0. -1. 0.
-1.000 0.021 0. -31.366 0.021 1.000 0. 3.258 0. 0. -1. 0.
-1.000 0.016 0. -33.434 0.016 1.000 0. 3.253 0. 0. -1. 0.
-1. 0.010 0. -35.481 0.010 1. 0. 3.351 0. 0. -1. 0.
-1. 0.007 0. -37.562 0.007 1. 0. 3.452 0. 0. -1. 0.
-1. -0.002 -0. -39.651 -0.002 1. 0. 3.413 0. 0. -1. 0.
-1. -0.003 -0. -41.606 -0.003 1. 0. 3.460 0. 0. -1. 0.
-1. -0.011 -0. -43.536 -0.011 1. 0. 3.532 0. 0. -1. 0.
-1. -0.012 -0. -45.504 -0.012 1. 0. 3.485 0. 0. -1. 0.
-1.000 -0.018 -0. -47.351 -0.018 1.000 0. 3.565 0. 0. -1. 0.
-1.000 -0.019 -0. -49.227 -0.019 1.000 0. 3.477 0. 0. -1. 0.
-1. -0.011 -0. -51.032 -0.011 1. 0. 3.569 0. 0. -1. 0.
-1. 0.004 0. -52.749 0.004 1. 0. 3.501 0. 0. -1. 0.
-1.000 0.025 0. -54.331 0.025 1.000 0. 3.534 0. 0. -1. 0.
-0.999 0.049 0. -55.924 0.049 0.999 0. 3.693 0. 0. -1. 0.
-0.997 0.076 0. -57.366 0.076 0.997 0. 3.784 0. 0. -1. 0.
-0.992 0.124 0. -58.897 0.124 0.992 0. 3.896 0. 0. -1. 0.
-0.985 0.170 0. -60.142 0.170 0.985 0. 4.261 0. 0. -1. 0.
-0.972 0.234 0. -61.357 0.234 0.972 0. 4.640 0. 0. -1. 0.
-0.951 0.310 0. -62.442 0.310 0.951 0. 4.906 0. 0. -1. 0.
-0.922 0.386 0. -63.474 0.386 0.922 0. 5.280 0. 0. -1. 0.
-0.888 0.460 0. -64.416 0.460 0.888 0. 5.848 0. 0. -1. 0.
-0.839 0.544 0. -65.307 0.544 0.839 0. 6.481 0. 0. -1. 0.
-0.777 0.630 0. -66.069 0.630 0.777 0. 7.161 0. 0. -1. 0.
-0.707 0.707 0. -66.811 0.707 0.707 0. 7.882 0. 0. -1. 0.
-0.625 0.780 0. -67.411 0.780 0.625 0. 8.698 0. 0. -1. 0.
-0.540 0.842 0. -67.806 0.842 0.540 0. 9.667 0. 0. -1. 0.
-0.451 0.893 0. -68.288 0.893 0.451 0. 10.544 0. 0. -1. 0.
-0.361 0.932 0. -68.610 0.932 0.361 0. 11.521 0. 0. -1. 0.
-0.263 0.965 0. -69.025 0.965 0.263 0. 12.586 0. 0. -1. 0.
-0.188 0.982 0. -69.043 0.982 0.188 0. 13.833 0. 0. -1. 0.
-0.123 0.992 0. -69.233 0.992 0.123 0. 15.062 0. 0. -1. 0.
-0.074 0.997 0. -69.476 0.997 0.074 0. 16.414 0. 0. -1. 0.
-0.043 0.999 0. -69.263 0.999 0.043 0. 17.806 0. 0. -1. 0.
-0.025 1.000 0. -69.348 1.000 0.025 0. 19.320 0. 0. -1. 0.
0.004 1. 0. -69.314 1. -0.004 -0. 20.811 0. 0. -1. 0.
0.001 1. 0. -69.287 1. -0.001 -0. 22.399 0. 0. -1. 0.
0.021 1.000 0. -69.229 1.000 -0.021 -0. 23.910 0. 0. -1. 0.
0.011 1. 0. -69.203 1. -0.011 -0. 25.658 0. 0. -1. 0.
0.016 1.000 0. -69.045 1.000 -0.016 -0. 27.365 0. 0. -1. 0.
0.017 1.000 0. -68.982 1.000 -0.017 -0. 28.979 0. 0. -1. 0.
0.025 1.000 0. -68.972 1.000 -0.025 -0. 30.639 0. 0. -1. 0.
0.036 0.999 0. -68.866 0.999 -0.036 -0. 32.404 0. 0. -1. 0.
0.043 0.999 0. -68.693 0.999 -0.043 -0. 34.081 0. 0. -1. 0.
0.054 0.999 0. -68.641 0.999 -0.054 -0. 35.708 0. 0. -1. 0.
0.067 0.998 0. -68.414 0.998 -0.067 -0. 37.383 0. 0. -1. 0.
0.088 0.996 0. -68.354 0.996 -0.088 -0. 39.069 0. 0. -1. 0.
0.115 0.993 0. -68.066 0.993 -0.115 -0. 40.680 0. 0. -1. 0.
0.133 0.991 0. -67.865 0.991 -0.133 -0. 42.314 0. 0. -1. 0.
0.152 0.988 0. -67.468 0.988 -0.152 -0. 43.849 0. 0. -1. 0.
0.158 0.987 0. -67.249 0.987 -0.158 -0. 45.444 0. 0. -1. 0.
0.171 0.985 0. -66.918 0.985 -0.171 -0. 46.976 0. 0. -1. 0.
0.168 0.986 0. -66.653 0.986 -0.168 -0. 48.662 0. 0. -1. 0.
0.153 0.988 0. -66.297 0.988 -0.153 -0. 50.192 0. 0. -1. 0.
0.137 0.991 0. -66.104 0.991 -0.137 -0. 51.853 0. 0. -1. 0.
0.117 0.993 0. -65.839 0.993 -0.117 -0. 53.517 0. 0. -1. 0.
0.092 0.996 0. -65.709 0.996 -0.092 -0. 55.168 0. 0. -1. 0.
0.079 0.997 0. -65.499 0.997 -0.079 -0. 56.879 0. 0. -1. 0.
0.063 0.998 0. -65.405 0.998 -0.063 -0. 58.571 0. 0. -1. 0.
0.037 0.999 0. -65.269 0.999 -0.037 -0. 60.224 0. 0. -1. 0.
0.024 1.000 0. -65.265 1.000 -0.024 -0. 61.870 0. 0. -1. 0.
0.015 1.000 0. -65.259 1.000 -0.015 -0. 63.478 0. 0. -1. 0.
-0.007 1. 0. -65.176 1. 0.007 0. 65.053 0. 0. -1. 0.
-0.013 1. 0. -65.216 1. 0.013 0. 66.713 0. 0. -1. 0.
-0.028 1.000 0. -65.252 1.000 0.028 0. 68.195 0. 0. -1. 0.
-0.040 0.999 0. -65.295 0.999 0.040 0. 69.703 0. 0. -1. 0.
-0.044 0.999 0. -65.366 0.999 0.044 0. 71.315 0. 0. -1. 0.
-0.048 0.999 0. -65.264 0.999 0.048 0. 72.841 0. 0. -1. 0.
-0.048 0.999 0. -65.368 0.999 0.048 0. 74.522 0. 0. -1. 0.
-0.057 0.998 0. -65.465 0.998 0.057 0. 76.067 0. 0. -1. 0.
-0.066 0.998 0. -65.439 0.998 0.066 0. 77.782 0. 0. -1. 0.
-0.077 0.997 0. -65.613 0.997 0.077 0. 79.343 0. 0. -1. 0.
-0.082 0.997 0. -65.644 0.997 0.082 0. 81.112 0. 0. -1. 0.
-0.103 0.995 0. -65.904 0.995 0.103 0. 82.626 0. 0. -1. 0.
-0.126 0.992 0. -66.077 0.992 0.126 0. 84.250 0. 0. -1. 0.
-0.167 0.986 0. -66.252 0.986 0.167 0. 85.722 0. 0. -1. 0.
-0.212 0.977 0. -66.640 0.977 0.212 0. 87.295 0. 0. -1. 0.
-0.263 0.965 0. -66.947 0.965 0.263 0. 88.794 0. 0. -1. 0.
-0.320 0.947 0. -67.285 0.947 0.320 0. 90.190 0. 0. -1. 0.
-0.376 0.927 0. -67.898 0.927 0.376 0. 91.470 0. 0. -1. 0.
-0.448 0.894 0. -68.508 0.894 0.448 0. 92.630 0. 0. -1. 0.
-0.516 0.856 0. -69.199 0.856 0.516 0. 93.978 0. 0. -1. 0.
-0.585 0.811 0. -70.015 0.811 0.585 0. 95.049 0. 0. -1. 0.
-0.667 0.745 0. -70.836 0.745 0.667 0. 96.074 0. 0. -1. 0.
-0.732 0.681 0. -71.828 0.681 0.732 0. 97.092 0. 0. -1. 0.
-0.795 0.606 0. -72.836 0.606 0.795 0. 97.785 0. 0. -1. 0.
-0.853 0.522 0. -73.845 0.522 0.853 0. 98.634 0. 0. -1. 0.
-0.896 0.444 0. -74.931 0.444 0.896 0. 99.074 0. 0. -1. 0.
-0.931 0.364 0. -76.130 0.364 0.931 0. 99.512 0. 0. -1. 0.
-0.957 0.292 0. -77.355 0.292 0.957 0. 99.952 0. 0. -1. 0.
-0.972 0.235 0. -78.657 0.235 0.972 0. 100.146 0. 0. -1. 0.
-0.980 0.197 0. -80.028 0.197 0.980 0. 100.540 0. 0. -1. 0.
-0.984 0.179 0. -81.347 0.179 0.984 0. 100.749 0. 0. -1. 0.
-0.986 0.164 0. -82.794 0.164 0.986 0. 101.078 0. 0. -1. 0.
-0.986 0.167 0. -84.286 0.167 0.986 0. 101.382 0. 0. -1. 0.
-0.983 0.185 0. -85.810 0.185 0.983 0. 101.629 0. 0. -1. 0.
-0.973 0.231 0. -87.314 0.231 0.973 0. 101.847 0. 0. -1. 0.
-0.957 0.289 0. -88.812 0.289 0.957 0. 102.418 0. 0. -1. 0.
-0.939 0.345 0. -90.212 0.345 0.939 0. 103.075 0. 0. -1. 0.
-0.912 0.411 0. -91.706 0.411 0.912 0. 103.815 0. 0. -1. 0.
-0.878 0.479 0. -93.102 0.479 0.878 0. 104.605 0. 0. -1. 0.
-0.842 0.539 0. -94.484 0.539 0.842 0. 105.531 0. 0. -1. 0.
-0.807 0.590 0. -95.905 0.590 0.807 0. 106.523 0. 0. -1. 0.
-0.775 0.633 0. -97.330 0.633 0.775 0. 107.632 0. 0. -1. 0.
-0.750 0.662 0. -98.694 0.662 0.750 0. 108.770 0. 0. -1. 0.
-0.727 0.687 0. -100.072 0.687 0.727 0. 110.139 0. 0. -1. 0.
-0.711 0.704 0. -101.416 0.704 0.711 0. 111.628 0. 0. -1. 0.
-0.696 0.718 0. -102.974 0.718 0.696 0. 112.932 0. 0. -1. 0.
-0.692 0.721 0. -104.442 0.721 0.692 0. 114.398 0. 0. -1. 0.
-0.700 0.714 0. -105.890 0.714 0.700 0. 116.226 0. 0. -1. 0.
-0.695 0.719 0. -107.344 0.719 0.695 0. 117.792 0. 0. -1. 0.
-0.696 0.718 0. -108.848 0.718 0.696 0. 119.437 0. 0. -1. 0.
-0.703 0.712 0. -110.515 0.712 0.703 0. 121.041 0. 0. -1. 0.
-0.703 0.711 0. -112.010 0.711 0.703 0. 122.796 0. 0. -1. 0.
-0.701 0.713 0. -113.771 0.713 0.701 0. 124.267 0. 0. -1. 0.
-0.700 0.714 0. -115.367 0.714 0.700 0. 126.111 0. 0. -1. 0.
-0.700 0.715 0. -117.022 0.715 0.700 0. 127.800 0. 0. -1. 0.
-0.693 0.721 0. -118.640 0.721 0.693 0. 129.527 0. 0. -1. 0.
-0.699 0.715 0. -120.195 0.715 0.699 0. 131.261 0. 0. -1. 0.
-0.693 0.721 0. -121.913 0.721 0.693 0. 133.061 0. 0. -1. 0.
-0.691 0.723 0. -123.493 0.723 0.691 0. 134.796 0. 0. -1. 0.
-0.693 0.721 0. -125.231 0.721 0.693 0. 136.597 0. 0. -1. 0.
-0.693 0.721 0. -126.819 0.721 0.693 0. 138.538 0. 0. -1. 0.
-0.695 0.719 0. -128.634 0.719 0.695 0. 140.189 0. 0. -1. 0.
-0.699 0.715 0. -130.217 0.715 0.699 0. 141.998 0. 0. -1. 0.
-0.703 0.711 0. -131.838 0.711 0.703 0. 143.800 0. 0. -1. 0.
-0.702 0.712 0. -133.554 0.712 0.702 0. 145.603 0. 0. -1. 0.
-0.700 0.714 0. -135.085 0.714 0.700 0. 147.370 0. 0. -1. 0.
-0.701 0.713 0. -136.843 0.713 0.701 0. 149.078 0. 0. -1. 0.
-0.695 0.719 0. -138.455 0.719 0.695 0. 150.773 0. 0. -1. 0.
-0.683 0.730 0. -140.013 0.730 0.683 0. 152.477 0. 0. -1. 0.
-0.668 0.744 0. -141.553 0.744 0.668 0. 154.192 0. 0. -1. 0.
-0.650 0.760 0. -143.039 0.760 0.650 0. 155.936 0. 0. -1. 0.
-0.633 0.774 0. -144.412 0.774 0.633 0. 157.726 0. 0. -1. 0.
-0.621 0.783 0. -145.901 0.783 0.621 0. 159.586 0. 0. -1. 0.
-0.596 0.803 0. -147.205 0.803 0.596 0. 161.434 0. 0. -1. 0.
-0.569 0.823 0. -148.399 0.823 0.569 0. 163.339 0. 0. -1. 0.
-0.540 0.842 0. -149.616 0.842 0.540 0. 165.258 0. 0. -1. 0.
-0.505 0.863 0. -150.850 0.863 0.505 0. 167.242 0. 0. -1. 0.
-0.472 0.881 0. -151.669 0.881 0.472 0. 169.370 0. 0. -1. 0.
-0.434 0.901 0. -152.754 0.901 0.434 0. 171.462 0. 0. -1. 0.
-0.398 0.918 0. -153.714 0.918 0.398 0. 173.546 0. 0. -1. 0.
-0.352 0.936 0. -154.595 0.936 0.352 0. 175.687 0. 0. -1. 0.
-0.320 0.947 0. -155.167 0.947 0.320 0. 177.885 0. 0. -1. 0.
-0.280 0.960 0. -155.925 0.960 0.280 0. 180.068 0. 0. -1. 0.
-0.245 0.969 0. -156.413 0.969 0.245 0. 182.262 0. 0. -1. 0.
-0.216 0.976 0. -156.860 0.976 0.216 0. 184.506 0. 0. -1. 0.
-0.193 0.981 0. -157.158 0.981 0.193 0. 186.746 0. 0. -1. 0.
-0.168 0.986 0. -157.833 0.986 0.168 0. 188.949 0. 0. -1. 0.
-0.158 0.987 0. -157.810 0.987 0.158 0. 191.244 0. 0. -1. 0.
-0.144 0.990 0. -158.264 0.990 0.144 0. 193.457 0. 0. -1. 0.
-0.129 0.992 0. -158.565 0.992 0.129 0. 195.673 0. 0. -1. 0.
-0.117 0.993 0. -158.794 0.993 0.117 0. 197.769 0. 0. -1. 0.
-0.114 0.993 0. -158.959 0.993 0.114 0. 199.993 0. 0. -1. 0.
-0.105 0.995 0. -159.293 0.995 0.105 0. 202.063 0. 0. -1. 0.
-0.105 0.994 0. -159.271 0.994 0.105 0. 204.203 0. 0. -1. 0.
-0.105 0.994 0. -159.591 0.994 0.105 0. 206.318 0. 0. -1. 0.
-0.109 0.994 0. -159.648 0.994 0.109 0. 208.349 0. 0. -1. 0.
-0.113 0.994 0. -159.792 0.994 0.113 0. 210.396 0. 0. -1. 0.
-0.130 0.991 0. -160.006 0.991 0.130 0. 212.428 0. 0. -1. 0.
-0.146 0.989 0. -160.351 0.989 0.146 0. 214.415 0. 0. -1. 0.
-0.167 0.986 0. -160.576 0.986 0.167 0. 216.385 0. 0. -1. 0.
-0.189 0.982 0. -161.117 0.982 0.189 0. 218.309 0. 0. -1. 0.
-0.228 0.974 0. -161.374 0.974 0.228 0. 220.197 0. 0. -1. 0.
-0.270 0.963 0. -161.917 0.963 0.270 0. 222.050 0. 0. -1. 0.
-0.323 0.947 0. -162.483 0.947 0.323 0. 223.884 0. 0. -1. 0.
-0.374 0.928 0. -163.127 0.928 0.374 0. 225.634 0. 0. -1. 0.
-0.429 0.903 0. -163.882 0.903 0.429 0. 227.301 0. 0. -1. 0.
-0.481 0.877 0. -164.748 0.877 0.481 0. 228.999 0. 0. -1. 0.
-0.533 0.846 0. -165.630 0.846 0.533 0. 230.529 0. 0. -1. 0.
-0.583 0.812 0. -166.847 0.812 0.583 0. 231.950 0. 0. -1. 0.
-0.636 0.771 0. -167.889 0.771 0.636 0. 233.358 0. 0. -1. 0.
-0.697 0.717 0. -169.043 0.717 0.697 0. 234.741 0. 0. -1. 0.
-0.747 0.665 0. -170.502 0.665 0.747 0. 235.923 0. 0. -1. 0.
-0.791 0.612 0. -171.947 0.612 0.791 0. 237.024 0. 0. -1. 0.
-0.833 0.554 0. -173.506 0.554 0.833 0. 238.093 0. 0. -1. 0.
-0.869 0.494 0. -175.177 0.494 0.869 0. 239.058 0. 0. -1. 0.
-0.897 0.441 0. -176.844 0.441 0.897 0. 239.979 0. 0. -1. 0.
-0.917 0.398 0. -178.520 0.398 0.917 0. 240.834 0. 0. -1. 0.
-0.934 0.358 0. -180.367 0.358 0.934 0. 241.619 0. 0. -1. 0.
-0.947 0.320 0. -182.238 0.320 0.947 0. 242.248 0. 0. -1. 0.
-0.956 0.292 0. -184.216 0.292 0.956 0. 242.921 0. 0. -1. 0.
-0.959 0.282 0. -186.169 0.282 0.959 0. 243.618 0. 0. -1. 0.
-0.959 0.282 0. -188.253 0.282 0.959 0. 244.221 0. 0. -1. 0.
-0.960 0.281 0. -190.251 0.281 0.960 0. 244.874 0. 0. -1. 0.
-0.962 0.274 0. -192.412 0.274 0.962 0. 245.488 0. 0. -1. 0.
-0.962 0.272 0. -194.711 0.272 0.962 0. 246.184 0. 0. -1. 0.
-0.962 0.271 0. -196.815 0.271 0.962 0. 246.824 0. 0. -1. 0.
-0.964 0.267 0. -198.993 0.267 0.964 0. 247.476 0. 0. -1. 0.
-0.964 0.266 0. -201.195 0.266 0.964 0. 248.084 0. 0. -1. 0.
-0.963 0.268 0. -203.327 0.268 0.963 0. 248.688 0. 0. -1. 0.
-0.964 0.268 0. -205.490 0.268 0.964 0. 249.349 0. 0. -1. 0.
-0.963 0.269 0. -207.670 0.269 0.963 0. 250.052 0. 0. -1. 0.
-0.963 0.270 0. -209.672 0.270 0.963 0. 250.660 0. 0. -1. 0.
-0.964 0.265 0. -211.767 0.265 0.964 0. 251.193 0. 0. -1. 0.
-0.967 0.255 0. -214.011 0.255 0.967 0. 251.771 0. 0. -1. 0.
-0.967 0.253 0. -215.996 0.253 0.967 0. 252.404 0. 0. -1. 0.
-0.967 0.255 0. -217.940 0.255 0.967 0. 252.900 0. 0. -1. 0.
-0.968 0.253 0. -220.140 0.253 0.968 0. 253.484 0. 0. -1. 0.
-0.965 0.261 0. -222.083 0.261 0.965 0. 254.070 0. 0. -1. 0.
-0.961 0.276 0. -223.877 0.276 0.961 0. 254.683 0. 0. -1. 0.
-0.959 0.285 0. -225.939 0.285 0.959 0. 255.186 0. 0. -1. 0.
-0.954 0.298 0. -227.769 0.298 0.954 0. 255.814 0. 0. -1. 0.
-0.950 0.311 0. -229.610 0.311 0.950 0. 256.500 0. 0. -1. 0.
-0.942 0.337 0. -231.284 0.337 0.942 0. 257.085 0. 0. -1. 0.
-0.932 0.362 0. -232.860 0.362 0.932 0. 257.655 0. 0. -1. 0.
-0.924 0.383 0. -234.406 0.383 0.924 0. 258.324 0. 0. -1. 0.
-0.914 0.405 0. -235.618 0.405 0.914 0. 258.925 0. 0. -1. 0.
-0.903 0.429 0. -236.983 0.429 0.903 0. 259.619 0. 0. -1. 0.
-0.897 0.443 0. -238.112 0.443 0.897 0. 260.275 0. 0. -1. 0.
-0.893 0.451 0. -239.347 0.451 0.893 0. 260.810 0. 0. -1. 0.
-0.888 0.459 0. -240.303 0.459 0.888 0. 261.424 0. 0. -1. 0.
-0.884 0.467 0. -241.221 0.467 0.884 0. 261.873 0. 0. -1. 0.
-0.878 0.479 0. -242.212 0.479 0.878 0. 262.305 0. 0. -1. 0.
-0.878 0.479 0. -242.952 0.479 0.878 0. 262.778 0. 0. -1. 0.
-0.872 0.490 0. -243.690 0.490 0.872 0. 263.322 0. 0. -1. 0.
-0.869 0.495 0. -244.315 0.495 0.869 0. 263.693 0. 0. -1. 0.
-0.864 0.503 0. -244.879 0.503 0.864 0. 263.953 0. 0. -1. 0.
-0.864 0.504 0. -245.333 0.504 0.864 0. 264.256 0. 0. -1. 0.
-0.861 0.508 0. -245.789 0.508 0.861 0. 264.690 0. 0. -1. 0.
-0.860 0.511 0. -246.078 0.511 0.860 0. 264.760 0. 0. -1. 0.
-0.856 0.517 0. -246.421 0.517 0.856 0. 265.016 0. 0. -1. 0.
-0.855 0.518 0. -246.662 0.518 0.855 0. 265.049 0. 0. -1. 0.
-0.856 0.517 0. -246.996 0.517 0.856 0. 265.306 0. 0. -1. 0.
-0.853 0.521 0. -247.140 0.521 0.853 0. 265.471 0. 0. -1. 0.
-0.850 0.527 0. -247.285 0.527 0.850 0. 265.520 0. 0. -1. 0.
-0.848 0.530 0. -247.409 0.530 0.848 0. 265.594 0. 0. -1. 0.
-0.847 0.532 0. -247.531 0.532 0.847 0. 265.748 0. 0. -1. 0.
-0.850 0.527 0. -247.766 0.527 0.850 0. 265.850 0. 0. -1. 0.
-0.847 0.531 0. -247.990 0.531 0.847 0. 265.953 0. 0. -1. 0.
-0.846 0.534 0. -248.066 0.534 0.846 0. 265.907 0. 0. -1. 0.
-0.845 0.534 0. -248.330 0.534 0.845 0. 266.260 0. 0. -1. 0.
-0.842 0.540 0. -248.588 0.540 0.842 0. 266.483 0. 0. -1. 0.
-0.837 0.547 0. -249.029 0.547 0.837 0. 266.709 0. 0. -1. 0.
-0.831 0.556 0. -249.455 0.556 0.831 0. 267.031 0. 0. -1. 0.
-0.821 0.571 0. -249.905 0.571 0.821 0. 267.294 0. 0. -1. 0.
-0.808 0.589 0. -250.380 0.589 0.808 0. 267.566 0. 0. -1. 0.
-0.790 0.613 0. -250.786 0.613 0.790 0. 268.120 0. 0. -1. 0.
-0.762 0.647 0. -251.398 0.647 0.762 0. 268.549 0. 0. -1. 0.
-0.724 0.690 0. -252.131 0.690 0.724 0. 269.022 0. 0. -1. 0.
-0.667 0.745 0. -252.571 0.745 0.667 0. 269.752 0. 0. -1. 0.
-0.608 0.794 0. -252.995 0.794 0.608 0. 270.539 0. 0. -1. 0.
-0.539 0.842 0. -253.546 0.842 0.539 0. 271.221 0. 0. -1. 0.
-0.467 0.884 0. -253.770 0.884 0.467 0. 272.197 0. 0. -1. 0.
-0.382 0.924 0. -254.166 0.924 0.382 0. 273.303 0. 0. -1. 0.
-0.287 0.958 0. -254.427 0.958 0.287 0. 274.260 0. 0. -1. 0.
-0.191 0.982 0. -254.723 0.982 0.191 0. 275.476 0. 0. -1. 0.
-0.103 0.995 0. -254.795 0.995 0.103 0. 276.717 0. 0. -1. 0.
-0.015 1.000 0. -254.763 1.000 0.015 0. 278.190 0. 0. -1. 0.
0.073 0.997 0. -254.702 0.997 -0.073 -0. 279.708 0. 0. -1. 0.
0.135 0.991 0. -254.369 0.991 -0.135 -0. 281.237 0. 0. -1. 0.
0.167 0.986 0. -253.974 0.986 -0.167 -0. 283.086 0. 0. -1. 0.
0.190 0.982 0. -253.685 0.982 -0.190 -0. 285.118 0. 0. -1. 0.
0.206 0.978 0. -253.219 0.978 -0.206 -0. 287.033 0. 0. -1. 0.
0.219 0.976 0. -252.841 0.976 -0.219 -0. 289.262 0. 0. -1. 0.
0.232 0.973 0. -252.166 0.973 -0.232 -0. 291.484 0. 0. -1. 0.
0.236 0.972 0. -251.484 0.972 -0.236 -0. 293.781 0. 0. -1. 0.
0.245 0.970 0. -250.994 0.970 -0.245 -0. 296.195 0. 0. -1. 0.
0.255 0.967 0. -250.335 0.967 -0.255 -0. 298.560 0. 0. -1. 0.
0.262 0.965 0. -249.495 0.965 -0.262 -0. 301.082 0. 0. -1. 0.
0.261 0.965 0. -248.823 0.965 -0.261 -0. 303.652 0. 0. -1. 0.
0.266 0.964 0. -248.088 0.964 -0.266 -0. 306.270 0. 0. -1. 0.
0.267 0.964 0. -247.270 0.964 -0.267 -0. 308.990 0. 0. -1. 0.
0.265 0.964 0. -246.450 0.964 -0.265 -0. 311.754 0. 0. -1. 0.
0.271 0.963 0. -245.627 0.963 -0.271 -0. 314.570 0. 0. -1. 0.
0.264 0.965 0. -244.659 0.965 -0.264 -0. 317.479 0. 0. -1. 0.
0.264 0.964 0. -243.902 0.964 -0.264 -0. 320.480 0. 0. -1. 0.
0.267 0.964 0. -242.986 0.964 -0.267 -0. 323.512 0. 0. -1. 0.
0.269 0.963 0. -242.031 0.963 -0.269 -0. 326.673 0. 0. -1. 0.
0.276 0.961 0. -241.111 0.961 -0.276 -0. 329.853 0. 0. -1. 0.
0.271 0.963 0. -240.010 0.963 -0.271 -0. 333.037 0. 0. -1. 0.
0.274 0.962 0. -239.166 0.962 -0.274 -0. 336.461 0. 0. -1. 0.
0.270 0.963 0. -238.035 0.963 -0.270 -0. 339.874 0. 0. -1. 0.
0.272 0.962 0. -237.043 0.962 -0.272 -0. 343.287 0. 0. -1. 0.
0.270 0.963 0. -236.096 0.963 -0.270 -0. 346.736 0. 0. -1. 0.
0.265 0.964 0. -234.898 0.964 -0.265 -0. 350.223 0. 0. -1. 0.
0.270 0.963 0. -234.075 0.963 -0.270 -0. 353.774 0. 0. -1. 0.
0.269 0.963 0. -232.988 0.963 -0.269 -0. 357.255 0. 0. -1. 0.
0.265 0.964 0. -231.916 0.964 -0.265 -0. 360.786 0. 0. -1. 0.
0.270 0.963 0. -230.882 0.963 -0.270 -0. 364.208 0. 0. -1. 0.
0.261 0.965 0. -229.842 0.965 -0.261 -0. 367.742 0. 0. -1. 0.
0.263 0.965 0. -228.835 0.965 -0.263 -0. 371.164 0. 0. -1. 0.
0.267 0.964 0. -227.923 0.964 -0.267 -0. 374.646 0. 0. -1. 0.
0.270 0.963 0. -226.981 0.963 -0.270 -0. 378.030 0. 0. -1. 0.
0.273 0.962 0. -225.969 0.962 -0.273 -0. 381.474 0. 0. -1. 0.
0.269 0.963 0. -224.682 0.963 -0.269 -0. 384.868 0. 0. -1. 0.
0.275 0.961 0. -223.881 0.961 -0.275 -0. 388.342 0. 0. -1. 0.
0.270 0.963 0. -222.717 0.963 -0.270 -0. 391.628 0. 0. -1. 0.
0.276 0.961 0. -221.785 0.961 -0.276 -0. 395.201 0. 0. -1. 0.
0.270 0.963 0. -220.743 0.963 -0.270 -0. 398.554 0. 0. -1. 0.
0.270 0.963 0. -219.729 0.963 -0.270 -0. 401.989 0. 0. -1. 0.
0.275 0.962 0. -218.728 0.962 -0.275 -0. 405.375 0. 0. -1. 0.
0.264 0.965 0. -217.644 0.965 -0.264 -0. 408.725 0. 0. -1. 0.
0.267 0.964 0. -216.667 0.964 -0.267 -0. 412.236 0. 0. -1. 0.
0.263 0.965 0. -215.658 0.965 -0.263 -0. 415.594 0. 0. -1. 0.
0.259 0.966 0. -214.661 0.966 -0.259 -0. 419.024 0. 0. -1. 0.
0.259 0.966 0. -213.722 0.966 -0.259 -0. 422.395 0. 0. -1. 0.
0.262 0.965 0. -212.738 0.965 -0.262 -0. 425.804 0. 0. -1. 0.
0.265 0.964 0. -211.698 0.964 -0.265 -0. 429.125 0. 0. -1. 0.
0.259 0.966 0. -210.742 0.966 -0.259 -0. 432.454 0. 0. -1. 0.
0.261 0.965 0. -209.810 0.965 -0.261 -0. 435.856 0. 0. -1. 0.
0.262 0.965 0. -208.843 0.965 -0.262 -0. 439.162 0. 0. -1. 0.
0.261 0.965 0. -207.903 0.965 -0.261 -0. 442.467 0. 0. -1. 0.
0.261 0.965 0. -206.942 0.965 -0.261 -0. 445.777 0. 0. -1. 0.
0.262 0.965 0. -206.045 0.965 -0.262 -0. 449.115 0. 0. -1. 0.
0.262 0.965 0. -205.065 0.965 -0.262 -0. 452.336 0. 0. -1. 0.
0.261 0.965 0. -204.105 0.965 -0.261 -0. 455.597 0. 0. -1. 0.
0.263 0.965 0. -203.237 0.965 -0.263 -0. 458.874 0. 0. -1. 0.
0.264 0.964 0. -202.228 0.964 -0.264 -0. 462.129 0. 0. -1. 0.
0.265 0.964 0. -201.330 0.964 -0.265 -0. 465.348 0. 0. -1. 0.
0.268 0.963 0. -200.217 0.963 -0.268 -0. 468.450 0. 0. -1. 0.
0.266 0.964 0. -199.349 0.964 -0.266 -0. 471.683 0. 0. -1. 0.
0.262 0.965 0. -198.431 0.965 -0.262 -0. 474.861 0. 0. -1. 0.
0.262 0.965 0. -197.496 0.965 -0.262 -0. 477.922 0. 0. -1. 0.
0.268 0.964 0. -196.610 0.964 -0.268 -0. 481.119 0. 0. -1. 0.
0.269 0.963 0. -195.713 0.963 -0.269 -0. 484.213 0. 0. -1. 0.
0.266 0.964 0. -194.767 0.964 -0.266 -0. 487.276 0. 0. -1. 0.
0.262 0.965 0. -193.885 0.965 -0.262 -0. 490.306 0. 0. -1. 0.
0.262 0.965 0. -193.077 0.965 -0.262 -0. 493.354 0. 0. -1. 0.
0.266 0.964 0. -192.127 0.964 -0.266 -0. 496.314 0. 0. -1. 0.
0.263 0.965 0. -191.344 0.965 -0.263 -0. 499.214 0. 0. -1. 0.
0.260 0.966 0. -190.481 0.966 -0.260 -0. 502.260 0. 0. -1. 0.
0.261 0.965 0. -189.637 0.965 -0.261 -0. 505.247 0. 0. -1. 0.
0.262 0.965 0. -188.840 0.965 -0.262 -0. 508.102 0. 0. -1. 0.
0.257 0.966 0. -188.019 0.966 -0.257 -0. 510.978 0. 0. -1. 0.
0.259 0.966 0. -187.202 0.966 -0.259 -0. 513.721 0. 0. -1. 0.
0.260 0.966 0. -186.430 0.966 -0.260 -0. 516.430 0. 0. -1. 0.
0.261 0.965 0. -185.676 0.965 -0.261 -0. 519.148 0. 0. -1. 0.
0.265 0.964 0. -184.929 0.964 -0.265 -0. 521.692 0. 0. -1. 0.
0.258 0.966 0. -184.169 0.966 -0.258 -0. 524.205 0. 0. -1. 0.
0.265 0.964 0. -183.522 0.964 -0.265 -0. 526.776 0. 0. -1. 0.
0.269 0.963 0. -182.765 0.963 -0.269 -0. 529.077 0. 0. -1. 0.
0.275 0.961 0. -182.074 0.961 -0.275 -0. 531.518 0. 0. -1. 0.
0.271 0.962 0. -181.337 0.962 -0.271 -0. 533.696 0. 0. -1. 0.
0.279 0.960 0. -180.728 0.960 -0.279 -0. 536.037 0. 0. -1. 0.
0.288 0.958 0. -180.053 0.958 -0.288 -0. 538.244 0. 0. -1. 0.
0.288 0.958 0. -179.345 0.958 -0.288 -0. 540.301 0. 0. -1. 0.
0.290 0.957 0. -178.730 0.957 -0.290 -0. 542.320 0. 0. -1. 0.
0.292 0.956 0. -178.011 0.956 -0.292 -0. 544.212 0. 0. -1. 0.
0.292 0.956 0. -177.458 0.956 -0.292 -0. 546.131 0. 0. -1. 0.
0.291 0.957 0. -177.003 0.957 -0.291 -0. 547.950 0. 0. -1. 0.
0.291 0.957 0. -176.409 0.957 -0.291 -0. 549.694 0. 0. -1. 0.
0.292 0.957 0. -175.866 0.957 -0.292 -0. 551.269 0. 0. -1. 0.
0.292 0.956 0. -175.361 0.956 -0.292 -0. 552.791 0. 0. -1. 0.
0.295 0.956 0. -174.944 0.956 -0.295 -0. 554.225 0. 0. -1. 0.
0.293 0.956 0. -174.467 0.956 -0.293 -0. 555.534 0. 0. -1. 0.
0.289 0.957 0. -174.095 0.957 -0.289 -0. 556.893 0. 0. -1. 0.
0.285 0.958 0. -173.784 0.958 -0.285 -0. 558.052 0. 0. -1. 0.
0.274 0.962 0. -173.458 0.962 -0.274 -0. 559.092 0. 0. -1. 0.
0.267 0.964 0. -173.132 0.964 -0.267 -0. 560.137 0. 0. -1. 0.
0.262 0.965 0. -172.909 0.965 -0.262 -0. 560.944 0. 0. -1. 0.
0.256 0.967 0. -172.678 0.967 -0.256 -0. 561.732 0. 0. -1. 0.
0.252 0.968 0. -172.517 0.968 -0.252 -0. 562.413 0. 0. -1. 0.
0.249 0.969 0. -172.338 0.969 -0.249 -0. 563.016 0. 0. -1. 0.
0.244 0.970 0. -172.196 0.970 -0.244 -0. 563.479 0. 0. -1. 0.
0.243 0.970 0. -172.070 0.970 -0.243 -0. 563.945 0. 0. -1. 0.
0.238 0.971 0. -171.984 0.971 -0.238 -0. 564.059 0. 0. -1. 0.
0.234 0.972 0. -171.906 0.972 -0.234 -0. 564.521 0. 0. -1. 0.
0.234 0.972 0. -171.899 0.972 -0.234 -0. 564.753 0. 0. -1. 0.
0.235 0.972 0. -171.856 0.972 -0.235 -0. 564.833 0. 0. -1. 0.
0.238 0.971 0. -171.858 0.971 -0.238 -0. 564.974 0. 0. -1. 0.
0.239 0.971 0. -171.817 0.971 -0.239 -0. 565.060 0. 0. -1. 0.
0.237 0.971 0. -171.607 0.971 -0.237 -0. 564.976 0. 0. -1. 0.
0.237 0.971 0. -171.667 0.971 -0.237 -0. 565.111 0. 0. -1. 0.
0.231 0.973 0. -171.795 0.973 -0.231 -0. 565.060 0. 0. -1. 0.
0.232 0.973 0. -171.751 0.973 -0.232 -0. 565.129 0. 0. -1. 0.
0.237 0.971 0. -171.786 0.971 -0.237 -0. 565.079 0. 0. -1. 0.
0.240 0.971 0. -171.807 0.971 -0.240 -0. 565.008 0. 0. -1. 0.
0.232 0.973 0. -171.766 0.973 -0.232 -0. 565.108 0. 0. -1. 0.
0.236 0.972 0. -171.764 0.972 -0.236 -0. 565.103 0. 0. -1. 0.
0.239 0.971 0. -171.766 0.971 -0.239 -0. 565.079 0. 0. -1. 0.
0.232 0.973 0. -171.755 0.973 -0.232 -0. 565.050 0. 0. -1. 0.
0.235 0.972 0. -171.731 0.972 -0.235 -0. 565.231 0. 0. -1. 0.
0.234 0.972 0. -171.670 0.972 -0.234 -0. 565.076 0. 0. -1. 0.
0.236 0.972 0. -171.695 0.972 -0.236 -0. 565.072 0. 0. -1. 0.
0.234 0.972 0. -171.750 0.972 -0.234 -0. 565.109 0. 0. -1. 0.
0.236 0.972 0. -171.785 0.972 -0.236 -0. 565.143 0. 0. -1. 0.
0.233 0.972 0. -171.768 0.972 -0.233 -0. 565.137 0. 0. -1. 0.
0.239 0.971 0. -171.800 0.971 -0.239 -0. 565.082 0. 0. -1. 0.
0.239 0.971 0. -171.796 0.971 -0.239 -0. 565.016 0. 0. -1. 0.
0.231 0.973 0. -171.757 0.973 -0.231 -0. 565.132 0. 0. -1. 0.
0.236 0.972 0. -171.773 0.972 -0.236 -0. 565.122 0. 0. -1. 0.
0.237 0.972 0. -171.788 0.972 -0.237 -0. 565.112 0. 0. -1. 0.
0.239 0.971 0. -171.768 0.971 -0.239 -0. 565.204 0. 0. -1. 0.
0.231 0.973 0. -171.688 0.973 -0.231 -0. 565.292 0. 0. -1. 0.
0.237 0.972 0. -171.679 0.972 -0.237 -0. 565.493 0. 0. -1. 0.
0.239 0.971 0. -171.704 0.971 -0.239 -0. 565.531 0. 0. -1. 0.
0.231 0.973 0. -171.568 0.973 -0.231 -0. 565.745 0. 0. -1. 0.
0.235 0.972 0. -171.519 0.972 -0.235 -0. 566.068 0. 0. -1. 0.
0.236 0.972 0. -171.482 0.972 -0.236 -0. 566.306 0. 0. -1. 0.
0.238 0.971 0. -171.388 0.971 -0.238 -0. 566.767 0. 0. -1. 0.
0.235 0.972 0. -171.241 0.972 -0.235 -0. 567.255 0. 0. -1. 0.
0.231 0.973 0. -171.070 0.973 -0.231 -0. 567.999 0. 0. -1. 0.
0.232 0.973 0. -170.758 0.973 -0.232 -0. 568.893 0. 0. -1. 0.
0.230 0.973 0. -170.538 0.973 -0.230 -0. 569.748 0. 0. -1. 0.
0.231 0.973 0. -170.351 0.973 -0.231 -0. 570.751 0. 0. -1. 0.
0.228 0.974 0. -170.031 0.974 -0.228 -0. 571.906 0. 0. -1. 0.
0.231 0.973 0. -169.767 0.973 -0.231 -0. 573.164 0. 0. -1. 0.
