1547731605240998 1.00000 0.00000 0.00000 -0.00000 0.00000 1.00000 0.00000 -0.00000 0.00000 0.00000 1.00000 -0.00000
1547731605493170 1.00000 0.00000 -0.00000 -0.00002 -0.00000 1.00000 0.00000 0.00001 0.00000 -0.00000 1.00000 -0.00000
1547731605745805 1.00000 0.00000 -0.00000 -0.00002 -0.00000 1.00000 0.00000 0.00002 0.00000 -0.00000 1.00000 -0.00000
1547731605997687 1.00000 -0.00000 -0.00000 0.00004 0.00000 1.00000 0.00000 0.00002 0.00000 -0.00000 1.00000 0.00000
1547731606248605 1.00000 -0.00000 -0.00000 -0.00006 0.00000 1.00000 0.00000 0.00003 0.00000 -0.00000 1.00000 -0.00000
1547731606497708 1.00000 -0.00000 -0.00000 -0.00008 0.00000 1.00000 0.00000 0.00003 0.00000 -0.00000 1.00000 -0.00000
1547731606745579 1.00000 -0.00001 -0.00000 -0.00006 0.00001 1.00000 0.00000 0.00003 0.00000 -0.00000 1.00000 -0.00000
1547731606993362 1.00000 -0.00001 -0.00000 -0.00004 0.00001 1.00000 0.00000 -0.00001 0.00000 -0.00000 1.00000 0.00000
1547731607241156 1.00000 -0.00001 -0.00000 -0.00004 0.00001 1.00000 0.00000 0.00001 0.00000 -0.00000 1.00000 -0.00000
1547731607488282 1.00000 -0.00001 -0.00000 -0.00005 0.00001 1.00000 0.00000 0.00001 0.00000 -0.00000 1.00000 -0.00000
1547731607736270 1.00000 -0.00001 -0.00000 -0.00008 0.00001 1.00000 0.00000 0.00002 0.00000 -0.00000 1.00000 -0.00000
1547731607985843 1.00000 -0.00000 -0.00000 -0.00003 0.00000 1.00000 0.00000 0.00007 0.00000 -0.00000 1.00000 -0.00000
1547731608236490 1.00000 -0.00000 -0.00000 -0.00002 0.00000 1.00000 0.00000 0.00010 0.00000 -0.00000 1.00000 -0.00000
1547731608487623 1.00000 -0.00000 -0.00000 0.00004 0.00000 1.00000 0.00000 0.00011 0.00000 -0.00000 1.00000 0.00000
1547731608738358 1.00000 0.00000 -0.00000 0.00005 -0.00000 1.00000 0.00000 0.00014 0.00000 -0.00000 1.00000 0.00000
1547731608988724 1.00000 0.00000 -0.00000 0.00007 -0.00000 1.00000 0.00000 0.00016 0.00000 -0.00000 1.00000 0.00000
1547731609238981 1.00000 -0.00001 -0.00000 0.00010 0.00001 1.00000 0.00000 0.00015 0.00000 -0.00000 1.00000 0.00000
1547731609488976 1.00000 -0.00000 -0.00000 0.00014 0.00000 1.00000 0.00000 0.00020 0.00000 -0.00000 1.00000 0.00000
1547731609740142 1.00000 -0.00000 -0.00000 0.00019 0.00000 1.00000 0.00000 0.00022 0.00000 -0.00000 1.00000 0.00000
1547731609992588 1.00000 0.00000 -0.00000 0.00023 -0.00000 1.00000 0.00000 0.00026 0.00000 -0.00000 1.00000 0.00000
1547731610245219 1.00000 -0.00001 -0.00000 0.00030 0.00001 1.00000 0.00000 0.00025 0.00000 -0.00000 1.00000 0.00000
1547731610497344 1.00000 -0.00001 -0.00000 0.00027 0.00001 1.00000 0.00000 0.00026 0.00000 -0.00000 1.00000 0.00000
1547731610749090 1.00000 -0.00002 -0.00000 0.00028 0.00002 1.00000 0.00000 0.00027 0.00000 -0.00000 1.00000 0.00000
1547731611000001 1.00000 -0.00002 -0.00000 0.00028 0.00002 1.00000 0.00000 0.00026 0.00000 -0.00000 1.00000 0.00000
1547731611249768 1.00000 -0.00002 -0.00000 0.00022 0.00002 1.00000 0.00000 0.00028 0.00000 -0.00000 1.00000 0.00000
1547731611498847 1.00000 -0.00002 -0.00000 0.00023 0.00002 1.00000 0.00000 0.00029 0.00000 -0.00000 1.00000 0.00000
1547731611747714 1.00000 -0.00002 -0.00000 0.00028 0.00002 1.00000 0.00000 0.00032 0.00000 -0.00000 1.00000 0.00000
1547731611996527 1.00000 -0.00002 -0.00000 0.00027 0.00002 1.00000 0.00000 0.00034 0.00000 -0.00000 1.00000 0.00000
1547731612245305 1.00000 -0.00003 -0.00000 0.00023 0.00003 1.00000 0.00000 0.00031 0.00000 -0.00000 1.00000 0.00000
1547731612494921 1.00000 -0.00003 -0.00000 0.00026 0.00003 1.00000 0.00000 0.00035 0.00000 -0.00000 1.00000 0.00000
1547731612745773 1.00000 -0.00004 -0.00000 0.00026 0.00004 1.00000 0.00000 0.00037 0.00000 -0.00000 1.00000 0.00000
1547731612997342 1.00000 -0.00004 -0.00000 0.00028 0.00004 1.00000 0.00000 0.00039 0.00000 -0.00000 1.00000 0.00000
1547731613248394 1.00000 -0.00004 -0.00000 0.00027 0.00004 1.00000 0.00000 0.00041 0.00000 -0.00000 1.00000 0.00000
1547731613499036 1.00000 -0.00005 -0.00000 0.00021 0.00005 1.00000 0.00000 0.00036 0.00000 -0.00000 1.00000 0.00000
1547731613749130 1.00000 -0.00004 -0.00000 0.00021 0.00004 1.00000 0.00000 0.00043 0.00000 -0.00000 1.00000 0.00000
1547731613998572 1.00000 -0.00005 -0.00000 0.00027 0.00005 1.00000 0.00000 0.00044 0.00000 -0.00000 1.00000 0.00000
1547731614247921 1.00000 -0.00005 -0.00000 0.00038 0.00005 1.00000 0.00000 0.00041 0.00000 -0.00000 1.00000 0.00000
1547731614497181 1.00000 -0.00005 -0.00000 0.00038 0.00005 1.00000 0.00000 0.00042 0.00000 -0.00000 1.00000 0.00000
1547731614745831 1.00000 -0.00006 -0.00000 0.00035 0.00006 1.00000 0.00000 0.00040 0.00000 -0.00000 1.00000 0.00000
1547731614994307 1.00000 -0.00007 -0.00000 0.00033 0.00007 1.00000 0.00000 0.00042 0.00000 -0.00000 1.00000 0.00000
1547731615242597 1.00000 -0.00007 -0.00000 0.00032 0.00007 1.00000 0.00000 0.00042 0.00000 -0.00000 1.00000 0.00000
1547731615490758 1.00000 -0.00007 -0.00000 0.00034 0.00007 1.00000 0.00000 0.00041 0.00000 -0.00000 1.00000 0.00000
1547731615738861 1.00000 -0.00008 -0.00000 0.00041 0.00008 1.00000 0.00000 0.00041 0.00000 -0.00000 1.00000 0.00000
1547731615986993 1.00000 -0.00008 -0.00000 0.00041 0.00008 1.00000 0.00000 0.00042 0.00000 -0.00000 1.00000 0.00000
1547731616234648 1.00000 -0.00008 -0.00000 0.00043 0.00008 1.00000 0.00000 0.00044 0.00000 -0.00000 1.00000 0.00000
1547731616482673 1.00000 -0.00008 -0.00000 0.00047 0.00008 1.00000 0.00000 0.00043 0.00000 -0.00000 1.00000 0.00000
1547731616732301 1.00000 -0.00008 -0.00000 0.00051 0.00008 1.00000 0.00000 0.00046 0.00000 -0.00000 1.00000 0.00000
1547731616983309 1.00000 -0.00008 -0.00000 0.00058 0.00008 1.00000 0.00000 0.00047 0.00000 -0.00000 1.00000 0.00000
1547731617235790 1.00000 -0.00009 -0.00000 0.00060 0.00009 1.00000 0.00000 0.00047 0.00000 -0.00000 1.00000 0.00000
1547731617488409 1.00000 -0.00009 -0.00000 0.00058 0.00009 1.00000 0.00000 0.00049 0.00000 -0.00000 1.00000 0.00000
1547731617740397 1.00000 -0.00010 -0.00000 0.00053 0.00010 1.00000 0.00000 0.00051 0.00000 -0.00000 1.00000 0.00000
1547731617992229 1.00000 -0.00010 -0.00000 0.00052 0.00010 1.00000 0.00000 0.00050 0.00000 -0.00000 1.00000 0.00000
1547731618243117 1.00000 -0.00009 -0.00000 0.00052 0.00009 1.00000 0.00000 0.00053 0.00000 -0.00000 1.00000 0.00000
1547731618492862 1.00000 -0.00008 -0.00000 0.00049 0.00008 1.00000 0.00000 0.00056 0.00000 -0.00000 1.00000 0.00000
1547731618741813 1.00000 -0.00008 -0.00000 0.00048 0.00008 1.00000 0.00000 0.00056 0.00000 -0.00000 1.00000 0.00000
1547731618990858 1.00000 -0.00008 -0.00000 0.00043 0.00008 1.00000 0.00000 0.00056 0.00000 -0.00000 1.00000 0.00000
1547731619239701 1.00000 -0.00010 -0.00000 0.00034 0.00010 1.00000 0.00000 0.00054 0.00000 -0.00000 1.00000 0.00000
1547731619488595 1.00000 -0.00009 -0.00000 0.00022 0.00009 1.00000 0.00000 0.00054 0.00000 -0.00000 1.00000 0.00000
1547731619738670 1.00000 -0.00011 -0.00000 0.00021 0.00011 1.00000 0.00000 0.00050 0.00000 -0.00000 1.00000 0.00000
1547731619989727 1.00000 -0.00011 -0.00000 0.00009 0.00011 1.00000 0.00000 0.00053 0.00000 -0.00000 1.00000 0.00000
1547731620240839 1.00000 -0.00012 -0.00000 -0.00002 0.00012 1.00000 0.00000 0.00054 0.00000 -0.00000 1.00000 -0.00000
1547731620491808 1.00000 -0.00013 -0.00000 0.00006 0.00013 1.00000 0.00000 0.00055 0.00000 -0.00000 1.00000 0.00000
1547731620742141 1.00000 -0.00013 -0.00000 -0.00002 0.00013 1.00000 0.00000 0.00055 0.00000 -0.00000 1.00000 -0.00000
1547731620991883 1.00000 -0.00013 -0.00000 -0.00002 0.00013 1.00000 0.00000 0.00055 0.00000 -0.00000 1.00000 -0.00000
1547731621240957 1.00000 -0.00013 -0.00000 0.00005 0.00013 1.00000 0.00000 0.00059 0.00000 -0.00000 1.00000 0.00000
1547731621489973 1.00000 -0.00013 -0.00000 0.00006 0.00013 1.00000 0.00000 0.00058 0.00000 -0.00000 1.00000 0.00000
1547731621738930 1.00000 -0.00014 -0.00000 0.00007 0.00014 1.00000 0.00000 0.00064 0.00000 -0.00000 1.00000 0.00000
1547731621987612 1.00000 -0.00014 -0.00000 0.00015 0.00014 1.00000 0.00000 0.00062 0.00000 -0.00000 1.00000 0.00000
1547731622236203 1.00000 -0.00014 -0.00000 0.00018 0.00014 1.00000 0.00000 0.00066 0.00000 -0.00000 1.00000 0.00000
1547731622484158 1.00000 -0.00015 -0.00000 0.00025 0.00015 1.00000 0.00000 0.00061 0.00000 -0.00000 1.00000 0.00000
1547731622731861 1.00000 -0.00015 -0.00000 0.00014 0.00015 1.00000 0.00000 0.00066 0.00000 -0.00000 1.00000 0.00000
1547731622979765 1.00000 -0.00015 -0.00000 0.00014 0.00015 1.00000 0.00000 0.00066 0.00000 -0.00000 1.00000 0.00000
1547731623227929 1.00000 -0.00015 -0.00000 0.00028 0.00015 1.00000 0.00000 0.00062 0.00000 -0.00000 1.00000 0.00000
1547731623476352 1.00000 -0.00014 -0.00000 0.00026 0.00014 1.00000 0.00000 0.00062 0.00000 -0.00000 1.00000 0.00000
1547731623726047 1.00000 -0.00015 -0.00000 0.00026 0.00015 1.00000 0.00000 0.00062 0.00000 -0.00000 1.00000 0.00000
1547731623976092 1.00000 -0.00015 -0.00000 0.00016 0.00015 1.00000 0.00000 0.00063 0.00000 -0.00000 1.00000 0.00000
1547731624226890 1.00000 -0.00015 -0.00000 0.00005 0.00015 1.00000 0.00000 0.00073 0.00000 -0.00000 1.00000 0.00000
1547731624479440 1.00000 -0.00015 -0.00000 0.00008 0.00015 1.00000 0.00000 0.00074 0.00000 -0.00000 1.00000 0.00000
1547731624732083 1.00000 -0.00015 -0.00000 0.00007 0.00015 1.00000 0.00000 0.00077 0.00000 -0.00000 1.00000 0.00000
1547731624984313 1.00000 -0.00016 -0.00000 0.00009 0.00016 1.00000 0.00000 0.00079 0.00000 -0.00000 1.00000 0.00000
1547731625236037 1.00000 -0.00017 -0.00000 0.00007 0.00017 1.00000 0.00000 0.00078 0.00000 -0.00000 1.00000 0.00000
1547731625486973 1.00000 -0.00017 -0.00000 0.00010 0.00017 1.00000 0.00000 0.00080 0.00000 -0.00000 1.00000 0.00000
1547731625736490 1.00000 -0.00016 -0.00000 0.00010 0.00016 1.00000 0.00000 0.00083 0.00000 -0.00000 1.00000 0.00000
1547731625985264 1.00000 -0.00017 -0.00000 0.00010 0.00017 1.00000 0.00000 0.00080 0.00000 -0.00000 1.00000 0.00000
1547731626234481 1.00000 -0.00017 -0.00000 0.00007 0.00017 1.00000 0.00000 0.00081 0.00000 -0.00000 1.00000 0.00000
1547731626484751 1.00000 -0.00018 -0.00000 0.00011 0.00018 1.00000 0.00000 0.00078 0.00000 -0.00000 1.00000 0.00000
1547731626735910 1.00000 -0.00019 -0.00000 0.00013 0.00019 1.00000 0.00000 0.00081 0.00000 -0.00000 1.00000 0.00000
1547731626987030 1.00000 -0.00020 -0.00000 0.00011 0.00020 1.00000 0.00000 0.00080 0.00000 -0.00000 1.00000 0.00000
1547731627237843 1.00000 -0.00019 -0.00000 0.00010 0.00019 1.00000 0.00000 0.00086 0.00000 -0.00000 1.00000 0.00000
1547731627487843 1.00000 -0.00019 -0.00000 0.00000 0.00019 1.00000 0.00000 0.00084 0.00000 -0.00000 1.00000 0.00000
1547731627737253 1.00000 -0.00007 -0.00000 -0.00082 0.00007 1.00000 0.00000 0.00084 0.00000 -0.00000 1.00000 -0.00000
1547731627986701 1.00000 0.00011 -0.00000 -0.00746 -0.00011 1.00000 0.00000 0.00179 0.00000 -0.00000 1.00000 -0.00000
1547731628235812 1.00000 0.00058 -0.00000 -0.02184 -0.00058 1.00000 0.00000 0.00076 0.00000 -0.00000 1.00000 -0.00000
1547731628484900 1.00000 0.00213 -0.00000 -0.02975 -0.00213 1.00000 0.00000 0.00337 0.00000 -0.00000 1.00000 -0.00000
1547731628733649 0.99999 0.00530 -0.00000 -0.10521 -0.00530 0.99999 0.00000 0.00601 0.00000 -0.00000 1.00000 -0.00000
1547731628982156 0.99992 0.01233 -0.00000 -0.15945 -0.01233 0.99992 0.00000 0.01830 0.00000 -0.00000 1.00000 -0.00000
1547731629230338 0.99978 0.02103 -0.00000 -0.37217 -0.02103 0.99978 0.00000 0.01554 0.00000 -0.00000 1.00000 -0.00000
1547731629478429 0.99938 0.03511 -0.00000 -0.65340 -0.03511 0.99938 0.00000 0.01170 0.00000 -0.00000 1.00000 0.00000
1547731629726006 0.99856 0.05356 -0.00000 -1.00369 -0.05356 0.99856 0.00000 0.01395 0.00000 -0.00000 1.00000 0.00000
1547731629973783 0.99712 0.07580 -0.00000 -1.42910 -0.07580 0.99712 0.00000 0.02476 0.00000 -0.00000 1.00000 0.00000
1547731630222171 0.99489 0.10096 -0.00000 -1.92901 -0.10096 0.99489 0.00000 0.05005 0.00000 -0.00000 1.00000 0.00000
1547731630471411 0.99207 0.12567 -0.00000 -2.51497 -0.12567 0.99207 0.00000 0.08720 0.00000 -0.00000 1.00000 0.00000
1547731630721551 0.98913 0.14705 -0.00000 -3.21710 -0.14705 0.98913 0.00000 0.13348 0.00000 -0.00000 1.00000 0.00000
1547731630972615 0.98581 0.16786 -0.00000 -4.03504 -0.16786 0.98581 0.00000 0.20329 0.00000 -0.00000 1.00000 0.00000
1547731631224261 0.98360 0.18038 -0.00000 -4.96998 -0.18038 0.98360 0.00000 0.25367 0.00000 -0.00000 1.00000 0.00000
1547731631476301 0.98366 0.18006 -0.00000 -6.02200 -0.18006 0.98366 0.00000 0.25802 0.00000 -0.00000 1.00000 0.00000
1547731631728127 0.98379 0.17934 -0.00000 -7.18003 -0.17934 0.98379 0.00000 0.27036 0.00000 -0.00000 1.00000 0.00000
1547731631980422 0.98391 0.17867 -0.00000 -8.40980 -0.17867 0.98391 0.00000 0.27633 0.00000 -0.00000 1.00000 0.00000
1547731632232192 0.98402 0.17803 -0.00000 -9.71481 -0.17803 0.98402 0.00000 0.28980 0.00000 -0.00000 1.00000 0.00000
1547731632482283 0.98463 0.17465 -0.00000 -10.75032 -0.17465 0.98463 0.00000 0.26773 0.00000 -0.00000 1.00000 0.00000
1547731632732244 0.98553 0.16951 -0.00000 -12.19283 -0.16951 0.98553 0.00000 0.23317 0.00000 -0.00000 1.00000 0.00000
1547731632982359 0.98737 0.15842 -0.00000 -13.68715 -0.15842 0.98737 0.00000 0.11419 0.00000 -0.00000 1.00000 0.00000
1547731633232212 0.98977 0.14270 -0.00000 -15.25446 -0.14270 0.98977 0.00000 -0.08634 0.00000 -0.00000 1.00000 0.00000
1547731633481863 0.99185 0.12741 -0.00000 -16.86940 -0.12741 0.99185 0.00000 -0.29693 0.00000 -0.00000 1.00000 0.00000
1547731633731385 0.99394 0.10988 -0.00000 -18.51528 -0.10988 0.99394 0.00000 -0.57984 0.00000 -0.00000 1.00000 0.00000
1547731633982171 0.99564 0.09325 -0.00000 -20.21426 -0.09325 0.99564 0.00000 -0.87052 0.00000 -0.00000 1.00000 0.00000
1547731634232968 0.99699 0.07747 -0.00000 -21.96602 -0.07747 0.99699 0.00000 -1.16917 0.00000 -0.00000 1.00000 0.00000
1547731634484468 0.99793 0.06436 -0.00000 -23.73230 -0.06436 0.99793 0.00000 -1.44207 0.00000 -0.00000 1.00000 0.00000
1547731634736968 0.99862 0.05259 -0.00000 -25.47019 -0.05259 0.99862 0.00000 -1.70504 0.00000 -0.00000 1.00000 0.00000
1547731634988729 0.99910 0.04243 -0.00000 -27.19883 -0.04243 0.99910 0.00000 -1.95144 0.00000 -0.00000 1.00000 0.00000
1547731635239475 0.99934 0.03620 -0.00000 -28.98595 -0.03620 0.99934 0.00000 -2.10136 0.00000 -0.00000 1.00000 0.00000
1547731635488655 0.99951 0.03121 -0.00000 -30.78057 -0.03121 0.99951 0.00000 -2.22901 0.00000 -0.00000 1.00000 0.00000
1547731635737473 0.99962 0.02752 -0.00000 -32.57252 -0.02752 0.99962 0.00000 -2.32772 0.00000 -0.00000 1.00000 0.00000
1547731635986357 0.99958 0.02905 -0.00000 -34.40127 -0.02905 0.99958 0.00000 -2.25470 0.00000 -0.00000 1.00000 0.00000
1547731636234826 0.99957 0.02948 -0.00000 -36.24671 -0.02948 0.99957 0.00000 -2.22640 0.00000 -0.00000 1.00000 0.00000
1547731636483275 0.99955 0.02988 -0.00000 -38.11246 -0.02988 0.99955 0.00000 -2.20194 0.00000 -0.00000 1.00000 0.00000
1547731636731563 0.99956 0.02963 -0.00000 -39.96575 -0.02963 0.99956 0.00000 -2.19835 0.00000 -0.00000 1.00000 0.00000
1547731636979334 0.99958 0.02895 -0.00000 -41.83672 -0.02895 0.99958 0.00000 -2.21464 0.00000 -0.00000 1.00000 0.00000
1547731637227195 0.99959 0.02878 -0.00000 -43.72265 -0.02878 0.99959 0.00000 -2.20784 0.00000 -0.00000 1.00000 0.00000
1547731637475855 0.99958 0.02905 -0.00000 -45.61450 -0.02905 0.99958 0.00000 -2.18605 0.00000 -0.00000 1.00000 0.00000
1547731637725487 0.99960 0.02843 -0.00000 -47.49090 -0.02843 0.99960 0.00000 -2.20643 0.00000 -0.00000 1.00000 0.00000
1547731637975662 0.99958 0.02890 -0.00000 -49.34813 -0.02890 0.99958 0.00000 -2.17161 0.00000 -0.00000 1.00000 0.00000
1547731638225817 0.99960 0.02819 -0.00000 -51.21662 -0.02819 0.99960 0.00000 -2.19524 0.00000 -0.00000 1.00000 0.00000
1547731638475770 0.99966 0.02624 -0.00000 -53.09488 -0.02624 0.99966 0.00000 -2.29079 0.00000 -0.00000 1.00000 0.00000
1547731638725725 0.99972 0.02377 -0.00000 -54.93441 -0.02377 0.99972 0.00000 -2.40564 0.00000 -0.00000 1.00000 0.00000
1547731638976821 0.99981 0.01950 -0.00000 -56.77737 -0.01950 0.99981 0.00000 -2.62810 0.00000 -0.00000 1.00000 0.00000
1547731639229233 0.99986 0.01647 -0.00000 -58.65049 -0.01647 0.99986 0.00000 -2.78588 0.00000 -0.00000 1.00000 0.00000
1547731639481434 0.99989 0.01469 -0.00000 -60.50658 -0.01469 0.99989 0.00000 -2.87730 0.00000 -0.00000 1.00000 0.00000
1547731639732835 0.99992 0.01302 -0.00000 -62.33766 -0.01302 0.99992 0.00000 -2.96936 0.00000 -0.00000 1.00000 0.00000
1547731639984112 0.99994 0.01093 -0.00000 -64.15030 -0.01093 0.99994 0.00000 -3.09143 0.00000 -0.00000 1.00000 0.00000
1547731640235990 0.99995 0.01019 -0.00000 -65.94159 -0.01019 0.99995 0.00000 -3.13235 0.00000 -0.00000 1.00000 0.00000
1547731640487747 0.99996 0.00838 -0.00000 -67.70910 -0.00838 0.99996 0.00000 -3.24203 0.00000 -0.00000 1.00000 0.00000
1547731640739110 0.99997 0.00812 -0.00000 -69.46855 -0.00812 0.99997 0.00000 -3.25262 0.00000 -0.00000 1.00000 0.00000
1547731640990047 0.99998 0.00706 -0.00000 -71.21703 -0.00706 0.99998 0.00000 -3.31482 0.00000 -0.00000 1.00000 0.00000
1547731641241411 0.99999 0.00526 -0.00000 -72.96537 -0.00526 0.99999 0.00000 -3.43424 0.00000 -0.00000 1.00000 0.00000
1547731641494251 0.99999 0.00376 -0.00000 -74.72316 -0.00376 0.99999 0.00000 -3.52787 0.00000 -0.00000 1.00000 0.00000
1547731641747956 1.00000 0.00082 -0.00000 -76.46882 -0.00082 1.00000 0.00000 -3.73781 0.00000 -0.00000 1.00000 0.00000
1547731642000457 1.00000 -0.00235 -0.00000 -78.21417 0.00235 1.00000 0.00000 -3.97471 0.00000 -0.00000 1.00000 0.00000
1547731642250194 0.99999 -0.00460 -0.00000 -79.95239 0.00460 0.99999 0.00000 -4.14392 0.00000 -0.00000 1.00000 0.00000
1547731642498169 0.99999 -0.00490 -0.00000 -81.67363 0.00490 0.99999 0.00000 -4.16767 0.00000 -0.00000 1.00000 0.00000
1547731642746283 0.99997 -0.00725 -0.00000 -83.37321 0.00725 0.99997 0.00000 -4.35609 0.00000 -0.00000 1.00000 0.00000
1547731642994103 0.99995 -0.01032 -0.00000 -85.07422 0.01032 0.99995 0.00000 -4.60701 0.00000 -0.00000 1.00000 0.00000
1547731643241744 0.99990 -0.01420 -0.00000 -86.76515 0.01420 0.99990 0.00000 -4.93052 0.00000 -0.00000 1.00000 0.00000
1547731643490026 0.99983 -0.01845 -0.00000 -88.45709 0.01845 0.99983 0.00000 -5.29227 0.00000 -0.00000 1.00000 0.00000
1547731643739685 0.99981 -0.01954 -0.00000 -90.16869 0.01954 0.99981 0.00000 -5.37983 0.00000 -0.00000 1.00000 0.00000
1547731643990530 0.99984 -0.01801 -0.00000 -91.90668 0.01801 0.99984 0.00000 -5.22775 0.00000 -0.00000 1.00000 0.00000
1547731644241138 0.99990 -0.01439 -0.00000 -93.66163 0.01439 0.99990 0.00000 -4.88373 0.00000 -0.00000 1.00000 0.00000
1547731644491988 0.99996 -0.00873 -0.00000 -95.41542 0.00873 0.99996 0.00000 -4.34630 0.00000 -0.00000 1.00000 0.00000
1547731644742624 1.00000 -0.00267 -0.00000 -97.18722 0.00267 1.00000 0.00000 -3.75743 0.00000 -0.00000 1.00000 0.00000
1547731644993294 0.99999 0.00544 -0.00000 -99.08006 -0.00544 0.99999 0.00000 -2.95947 0.00000 -0.00000 1.00000 0.00000
1547731645243964 0.99991 0.01329 -0.00000 -100.97251 -0.01329 0.99991 0.00000 -2.17707 0.00000 -0.00000 1.00000 0.00000
1547731645493834 0.99974 0.02277 -0.00000 -102.87519 -0.02277 0.99974 0.00000 -1.21270 0.00000 -0.00000 1.00000 0.00000
1547731645744009 0.99946 0.03276 -0.00000 -104.78957 -0.03276 0.99946 0.00000 -0.16992 0.00000 -0.00000 1.00000 0.00000
1547731645995233 0.99911 0.04225 -0.00000 -106.70517 -0.04225 0.99911 0.00000 0.83740 0.00000 -0.00000 1.00000 0.00000
1547731646247143 0.99868 0.05127 -0.00000 -108.64360 -0.05127 0.99868 0.00000 1.80778 0.00000 -0.00000 1.00000 0.00000
1547731646499021 0.99837 0.05711 -0.00000 -110.58446 -0.05711 0.99837 0.00000 2.44486 0.00000 -0.00000 1.00000 0.00000
1547731646750962 0.99803 0.06277 -0.00000 -112.52545 -0.06277 0.99803 0.00000 3.08433 0.00000 -0.00000 1.00000 0.00000
1547731647002300 0.99774 0.06715 -0.00000 -114.47270 -0.06715 0.99774 0.00000 3.58838 0.00000 -0.00000 1.00000 0.00000
1547731647253011 0.99763 0.06880 -0.00000 -116.45249 -0.06880 0.99763 0.00000 3.78750 0.00000 -0.00000 1.00000 0.00000
1547731647503426 0.99764 0.06861 -0.00000 -118.41212 -0.06861 0.99764 0.00000 3.77177 0.00000 -0.00000 1.00000 0.00000
1547731647753669 0.99766 0.06844 -0.00000 -120.33616 -0.06844 0.99766 0.00000 3.75524 0.00000 -0.00000 1.00000 0.00000
1547731648003679 0.99773 0.06729 -0.00000 -122.26629 -0.06729 0.99773 0.00000 3.62781 0.00000 -0.00000 1.00000 0.00000
1547731648253590 0.99783 0.06579 -0.00000 -124.20347 -0.06579 0.99783 0.00000 3.45831 0.00000 -0.00000 1.00000 0.00000
1547731648502827 0.99789 0.06499 -0.00000 -126.11995 -0.06499 0.99789 0.00000 3.36233 0.00000 -0.00000 1.00000 0.00000
1547731648752705 0.99799 0.06331 -0.00000 -128.03360 -0.06331 0.99799 0.00000 3.15628 0.00000 -0.00000 1.00000 0.00000
1547731649003515 0.99804 0.06256 -0.00000 -129.99531 -0.06256 0.99804 0.00000 3.06298 0.00000 -0.00000 1.00000 0.00000
1547731649254849 0.99812 0.06134 -0.00000 -131.95906 -0.06134 0.99812 0.00000 2.90766 0.00000 -0.00000 1.00000 0.00000
1547731649507133 0.99822 0.05969 -0.00000 -133.92584 -0.05969 0.99822 0.00000 2.70014 0.00000 -0.00000 1.00000 0.00000
1547731649759449 0.99838 0.05685 -0.00000 -135.90682 -0.05685 0.99838 0.00000 2.32049 0.00000 -0.00000 1.00000 0.00000
1547731650011182 0.99859 0.05308 -0.00000 -137.89627 -0.05308 0.99859 0.00000 1.80201 0.00000 -0.00000 1.00000 0.00000
1547731650262170 0.99874 0.05018 -0.00000 -139.92516 -0.05018 0.99874 0.00000 1.39260 0.00000 -0.00000 1.00000 0.00000
1547731650512486 0.99881 0.04872 -0.00000 -141.96866 -0.04872 0.99881 0.00000 1.20105 0.00000 -0.00000 1.00000 0.00000
1547731650762051 0.99885 0.04801 -0.00000 -143.98849 -0.04801 0.99885 0.00000 1.11543 0.00000 -0.00000 1.00000 0.00000
1547731651010699 0.99889 0.04703 -0.00000 -146.00451 -0.04703 0.99889 0.00000 0.98429 0.00000 -0.00000 1.00000 0.00000
1547731651259056 0.99894 0.04597 -0.00000 -148.00360 -0.04597 0.99894 0.00000 0.83847 0.00000 -0.00000 1.00000 0.00000
1547731651507724 0.99896 0.04563 -0.00000 -150.01735 -0.04563 0.99896 0.00000 0.80239 0.00000 -0.00000 1.00000 0.00000
1547731651756309 0.99901 0.04450 -0.00000 -152.02179 -0.04450 0.99901 0.00000 0.63708 0.00000 -0.00000 1.00000 0.00000
1547731652004590 0.99909 0.04266 -0.00000 -154.03629 -0.04266 0.99909 0.00000 0.35612 0.00000 -0.00000 1.00000 0.00000
1547731652252743 0.99915 0.04120 -0.00000 -156.06838 -0.04120 0.99915 0.00000 0.12921 0.00000 -0.00000 1.00000 0.00000
1547731652500714 0.99917 0.04079 -0.00000 -158.16593 -0.04079 0.99917 0.00000 0.07384 0.00000 -0.00000 1.00000 0.00000
1547731652748481 0.99920 0.03987 -0.00000 -160.35711 -0.03987 0.99920 0.00000 -0.06577 0.00000 -0.00000 1.00000 0.00000
1547731652995974 0.99925 0.03878 -0.00000 -162.51654 -0.03878 0.99925 0.00000 -0.24109 0.00000 -0.00000 1.00000 0.00000
1547731653244364 0.99925 0.03870 -0.00000 -164.68633 -0.03870 0.99925 0.00000 -0.24738 0.00000 -0.00000 1.00000 0.00000
1547731653494223 0.99925 0.03864 -0.00000 -166.88295 -0.03864 0.99925 0.00000 -0.24847 0.00000 -0.00000 1.00000 0.00000
1547731653746300 0.99923 0.03932 -0.00000 -169.05872 -0.03932 0.99923 0.00000 -0.12234 0.00000 -0.00000 1.00000 0.00000
1547731653998859 0.99914 0.04139 -0.00000 -171.21397 -0.04139 0.99914 0.00000 0.24366 0.00000 -0.00000 1.00000 0.00000
1547731654250838 0.99896 0.04562 -0.00000 -173.31656 -0.04562 0.99896 0.00000 0.97898 0.00000 -0.00000 1.00000 0.00000
1547731654502640 0.99879 0.04927 -0.00000 -175.39183 -0.04927 0.99879 0.00000 1.62296 0.00000 -0.00000 1.00000 0.00000
1547731654753611 0.99859 0.05316 -0.00000 -177.38890 -0.05316 0.99859 0.00000 2.31579 0.00000 -0.00000 1.00000 0.00000
1547731655002882 0.99844 0.05580 -0.00000 -179.32882 -0.05580 0.99844 0.00000 2.79257 0.00000 -0.00000 1.00000 0.00000
1547731655251691 0.99828 0.05858 -0.00000 -181.38366 -0.05858 0.99828 0.00000 3.29930 0.00000 -0.00000 1.00000 0.00000
1547731655500233 0.99821 0.05986 -0.00000 -183.41264 -0.05986 0.99821 0.00000 3.53814 0.00000 -0.00000 1.00000 0.00000
1547731655748771 0.99823 0.05939 -0.00000 -185.42252 -0.05939 0.99823 0.00000 3.45712 0.00000 -0.00000 1.00000 0.00000
1547731655997325 0.99829 0.05844 -0.00000 -187.36777 -0.05844 0.99829 0.00000 3.28883 0.00000 -0.00000 1.00000 0.00000
1547731656245699 0.99834 0.05765 -0.00000 -189.28407 -0.05765 0.99834 0.00000 3.14200 0.00000 -0.00000 1.00000 0.00000
1547731656494193 0.99833 0.05776 -0.00000 -191.16098 -0.05776 0.99833 0.00000 3.17187 0.00000 -0.00000 1.00000 0.00000
1547731656742345 0.99827 0.05873 -0.00000 -192.99407 -0.05873 0.99827 0.00000 3.36616 0.00000 -0.00000 1.00000 0.00000
1547731656991225 0.99823 0.05955 -0.00000 -194.80014 -0.05955 0.99823 0.00000 3.52999 0.00000 -0.00000 1.00000 0.00000
1547731657241480 0.99817 0.06050 -0.00000 -196.59044 -0.06050 0.99817 0.00000 3.72580 0.00000 -0.00000 1.00000 0.00000
1547731657492414 0.99808 0.06186 -0.00000 -198.37779 -0.06186 0.99808 0.00000 4.01527 0.00000 -0.00000 1.00000 0.00000
1547731657743697 0.99802 0.06290 -0.00000 -200.12032 -0.06290 0.99802 0.00000 4.23762 0.00000 -0.00000 1.00000 0.00000
1547731657993870 0.99798 0.06357 -0.00000 -201.85470 -0.06357 0.99798 0.00000 4.38392 0.00000 -0.00000 1.00000 0.00000
1547731658243664 0.99797 0.06375 -0.00000 -203.57807 -0.06375 0.99797 0.00000 4.42538 0.00000 -0.00000 1.00000 0.00000
1547731658493632 0.99802 0.06285 -0.00000 -205.27252 -0.06285 0.99802 0.00000 4.24782 0.00000 -0.00000 1.00000 0.00000
1547731658743530 0.99815 0.06083 -0.00000 -206.91611 -0.06083 0.99815 0.00000 3.83895 0.00000 -0.00000 1.00000 0.00000
1547731658992974 0.99832 0.05791 -0.00000 -208.54259 -0.05791 0.99832 0.00000 3.24071 0.00000 -0.00000 1.00000 0.00000
1547731659241825 0.99848 0.05512 -0.00000 -210.11869 -0.05512 0.99848 0.00000 2.65840 0.00000 -0.00000 1.00000 0.00000
1547731659490484 0.99861 0.05269 -0.00000 -211.64805 -0.05269 0.99861 0.00000 2.14951 0.00000 -0.00000 1.00000 0.00000
1547731659738625 0.99869 0.05125 -0.00000 -213.13039 -0.05125 0.99869 0.00000 1.84335 0.00000 -0.00000 1.00000 0.00000
1547731659986294 0.99870 0.05105 -0.00000 -214.57782 -0.05105 0.99870 0.00000 1.80529 0.00000 -0.00000 1.00000 0.00000
1547731660234584 0.99868 0.05146 -0.00000 -216.00481 -0.05146 0.99868 0.00000 1.89692 0.00000 -0.00000 1.00000 0.00000
1547731660483330 0.99863 0.05227 -0.00000 -217.40069 -0.05227 0.99863 0.00000 2.07169 0.00000 -0.00000 1.00000 0.00000
1547731660732283 0.99862 0.05250 -0.00000 -218.79453 -0.05250 0.99862 0.00000 2.12243 0.00000 -0.00000 1.00000 0.00000
1547731660980825 0.99863 0.05233 -0.00000 -220.19982 -0.05233 0.99863 0.00000 2.07923 0.00000 -0.00000 1.00000 0.00000
1547731661229321 0.99860 0.05287 -0.00000 -221.59817 -0.05287 0.99860 0.00000 2.19597 0.00000 -0.00000 1.00000 0.00000
1547731661479094 0.99856 0.05360 -0.00000 -222.99468 -0.05360 0.99856 0.00000 2.35489 0.00000 -0.00000 1.00000 0.00000
1547731661730029 0.99841 0.05636 -0.00000 -224.36887 -0.05636 0.99841 0.00000 2.97280 0.00000 -0.00000 1.00000 0.00000
1547731661980751 0.99797 0.06369 -0.00000 -225.71318 -0.06369 0.99797 0.00000 4.62241 0.00000 -0.00000 1.00000 0.00000
1547731662230871 0.99708 0.07635 -0.00000 -227.00451 -0.07635 0.99708 0.00000 7.48896 0.00000 -0.00000 1.00000 0.00000
1547731662480761 0.99596 0.08977 -0.00000 -228.24873 -0.08977 0.99596 0.00000 10.54069 0.00000 -0.00000 1.00000 0.00000
1547731662730681 0.99457 0.10404 -0.00000 -229.44843 -0.10404 0.99457 0.00000 13.81559 0.00000 -0.00000 1.00000 0.00000
1547731662980500 0.99281 0.11967 -0.00000 -230.60053 -0.11967 0.99281 0.00000 17.42223 0.00000 -0.00000 1.00000 0.00000
1547731663230384 0.99047 0.13770 -0.00000 -231.68494 -0.13770 0.99047 0.00000 21.61384 0.00000 -0.00000 1.00000 0.00000
1547731663480802 0.98829 0.15260 -0.00000 -232.80849 -0.15260 0.98829 0.00000 25.09859 0.00000 -0.00000 1.00000 0.00000
1547731663730387 0.98624 0.16530 -0.00000 -233.98152 -0.16530 0.98624 0.00000 28.09460 0.00000 -0.00000 1.00000 0.00000
1547731663979351 0.98478 0.17378 -0.00000 -235.28584 -0.17378 0.98478 0.00000 30.11384 0.00000 -0.00000 1.00000 0.00000
1547731664229391 0.98418 0.17716 -0.00000 -236.78432 -0.17716 0.98418 0.00000 30.91795 0.00000 -0.00000 1.00000 0.00000
1547731664480647 0.98387 0.17887 -0.00000 -238.39036 -0.17887 0.98387 0.00000 31.33576 0.00000 -0.00000 1.00000 0.00000
1547731664732954 0.98339 0.18149 -0.00000 -240.01402 -0.18149 0.98339 0.00000 31.97671 0.00000 -0.00000 1.00000 0.00000
1547731664985527 0.98252 0.18615 -0.00000 -241.61524 -0.18615 0.98252 0.00000 33.11419 0.00000 -0.00000 1.00000 0.00000
1547731665237149 0.98182 0.18981 -0.00000 -243.25675 -0.18981 0.98182 0.00000 34.01808 0.00000 -0.00000 1.00000 0.00000
1547731665487418 0.98114 0.19330 -0.00000 -244.92825 -0.19330 0.98114 0.00000 34.88924 0.00000 -0.00000 1.00000 0.00000
1547731665736943 0.98063 0.19586 -0.00000 -246.66391 -0.19586 0.98063 0.00000 35.53589 0.00000 -0.00000 1.00000 0.00000
1547731665986525 0.98047 0.19665 -0.00000 -248.47571 -0.19665 0.98047 0.00000 35.73411 0.00000 -0.00000 1.00000 0.00000
1547731666235799 0.98083 0.19487 -0.00000 -250.40077 -0.19487 0.98083 0.00000 35.28161 0.00000 -0.00000 1.00000 0.00000
1547731666484555 0.98131 0.19245 -0.00000 -252.36053 -0.19245 0.98131 0.00000 34.66850 0.00000 -0.00000 1.00000 0.00000
1547731666732717 0.98209 0.18839 -0.00000 -254.37865 -0.18839 0.98209 0.00000 33.62813 0.00000 -0.00000 1.00000 0.00000
1547731666980922 0.98306 0.18326 -0.00000 -256.44434 -0.18326 0.98306 0.00000 32.30505 0.00000 -0.00000 1.00000 0.00000
1547731667229245 0.98411 0.17755 -0.00000 -258.54624 -0.17755 0.98411 0.00000 30.81779 0.00000 -0.00000 1.00000 0.00000
1547731667477453 0.98510 0.17197 -0.00000 -260.65343 -0.17197 0.98510 0.00000 29.34964 0.00000 -0.00000 1.00000 0.00000
1547731667725383 0.98596 0.16697 -0.00000 -262.74092 -0.16697 0.98596 0.00000 28.02898 0.00000 -0.00000 1.00000 0.00000
1547731667973026 0.98674 0.16229 -0.00000 -264.83618 -0.16229 0.98674 0.00000 26.78055 0.00000 -0.00000 1.00000 0.00000
1547731668221333 0.98730 0.15886 -0.00000 -266.91652 -0.15886 0.98730 0.00000 25.86504 0.00000 -0.00000 1.00000 0.00000
1547731668470916 0.98763 0.15680 -0.00000 -268.98744 -0.15680 0.98763 0.00000 25.31412 0.00000 -0.00000 1.00000 0.00000
1547731668722199 0.98778 0.15584 -0.00000 -271.05116 -0.15584 0.98778 0.00000 25.06184 0.00000 -0.00000 1.00000 0.00000
1547731668974514 0.98798 0.15459 -0.00000 -273.13900 -0.15459 0.98798 0.00000 24.72703 0.00000 -0.00000 1.00000 0.00000
1547731669226511 0.98809 0.15388 -0.00000 -275.19930 -0.15388 0.98809 0.00000 24.53584 0.00000 -0.00000 1.00000 0.00000
1547731669478133 0.98807 0.15397 -0.00000 -277.19193 -0.15397 0.98807 0.00000 24.56643 0.00000 -0.00000 1.00000 0.00000
1547731669729731 0.98798 0.15457 -0.00000 -279.17544 -0.15457 0.98798 0.00000 24.73836 0.00000 -0.00000 1.00000 0.00000
1547731669980443 0.98789 0.15515 -0.00000 -281.16371 -0.15515 0.98789 0.00000 24.90539 0.00000 -0.00000 1.00000 0.00000
1547731670230432 0.98791 0.15503 -0.00000 -283.17848 -0.15503 0.98791 0.00000 24.87339 0.00000 -0.00000 1.00000 0.00000
1547731670480300 0.98843 0.15168 -0.00000 -285.26914 -0.15168 0.98843 0.00000 23.91206 0.00000 -0.00000 1.00000 0.00000
1547731670730073 0.98901 0.14782 -0.00000 -287.32592 -0.14782 0.98901 0.00000 22.80370 0.00000 -0.00000 1.00000 0.00000
1547731670980109 0.98975 0.14280 -0.00000 -289.34979 -0.14280 0.98975 0.00000 21.34902 0.00000 -0.00000 1.00000 0.00000
1547731671230793 0.99031 0.13888 -0.00000 -291.37548 -0.13888 0.99031 0.00000 20.20613 0.00000 -0.00000 1.00000 0.00000
1547731671483083 0.99091 0.13454 -0.00000 -293.40105 -0.13454 0.99091 0.00000 18.93549 0.00000 -0.00000 1.00000 0.00000
1547731671735841 0.99135 0.13124 -0.00000 -295.38860 -0.13124 0.99135 0.00000 17.96952 0.00000 -0.00000 1.00000 0.00000
1547731671988260 0.99131 0.13153 -0.00000 -297.29548 -0.13153 0.99131 0.00000 18.06630 0.00000 -0.00000 1.00000 0.00000
1547731672240147 0.99093 0.13437 -0.00000 -299.16885 -0.13437 0.99093 0.00000 18.93456 0.00000 -0.00000 1.00000 0.00000
1547731672489758 0.99042 0.13810 -0.00000 -301.04577 -0.13810 0.99042 0.00000 20.07033 0.00000 -0.00000 1.00000 0.00000
1547731672737545 0.98972 0.14303 -0.00000 -302.88544 -0.14303 0.98972 0.00000 21.57877 0.00000 -0.00000 1.00000 0.00000
1547731672985260 0.98902 0.14781 -0.00000 -304.73010 -0.14781 0.98902 0.00000 23.04899 0.00000 -0.00000 1.00000 0.00000
1547731673233069 0.98811 0.15378 -0.00000 -306.54866 -0.15378 0.98811 0.00000 24.90265 0.00000 -0.00000 1.00000 0.00000
1547731673480823 0.98692 0.16123 -0.00000 -308.32556 -0.16123 0.98692 0.00000 27.22888 0.00000 -0.00000 1.00000 0.00000
1547731673729017 0.98575 0.16823 -0.00000 -310.10823 -0.16823 0.98575 0.00000 29.42893 0.00000 -0.00000 1.00000 0.00000
1547731673977973 0.98461 0.17474 -0.00000 -311.91145 -0.17474 0.98461 0.00000 31.48692 0.00000 -0.00000 1.00000 0.00000
1547731674227596 0.98369 0.17986 -0.00000 -313.76239 -0.17986 0.98369 0.00000 33.11994 0.00000 -0.00000 1.00000 0.00000
1547731674477082 0.98315 0.18280 -0.00000 -315.68657 -0.18280 0.98315 0.00000 34.05972 0.00000 -0.00000 1.00000 0.00000
1547731674726320 0.98299 0.18368 -0.00000 -317.67623 -0.18368 0.98299 0.00000 34.34982 0.00000 -0.00000 1.00000 0.00000
1547731674975577 0.98307 0.18321 -0.00000 -319.71527 -0.18321 0.98307 0.00000 34.20168 0.00000 -0.00000 1.00000 0.00000
1547731675224364 0.98354 0.18070 -0.00000 -321.81141 -0.18070 0.98354 0.00000 33.38318 0.00000 -0.00000 1.00000 0.00000
1547731675473009 0.98393 0.17854 -0.00000 -323.85555 -0.17854 0.98393 0.00000 32.68287 0.00000 -0.00000 1.00000 0.00000
1547731675721693 0.98444 0.17573 -0.00000 -325.88808 -0.17573 0.98444 0.00000 31.76342 0.00000 -0.00000 1.00000 0.00000
1547731675971007 0.98511 0.17195 -0.00000 -327.94099 -0.17195 0.98511 0.00000 30.51553 0.00000 -0.00000 1.00000 0.00000
1547731676221960 0.98595 0.16703 -0.00000 -330.03252 -0.16703 0.98595 0.00000 28.88478 0.00000 -0.00000 1.00000 0.00000
1547731676473381 0.98695 0.16102 -0.00000 -332.13820 -0.16102 0.98695 0.00000 26.87610 0.00000 -0.00000 1.00000 0.00000
1547731676723259 0.98822 0.15303 -0.00000 -334.26147 -0.15303 0.98822 0.00000 24.19262 0.00000 -0.00000 1.00000 0.00000
1547731676973097 0.99008 0.14051 -0.00000 -336.46068 -0.14051 0.99008 0.00000 19.95844 0.00000 -0.00000 1.00000 0.00000
1547731677223937 0.99241 0.12297 -0.00000 -338.71675 -0.12297 0.99241 0.00000 14.00465 0.00000 -0.00000 1.00000 0.00000
1547731677474720 0.99481 0.10173 -0.00000 -340.89369 -0.10173 0.99481 0.00000 6.75808 0.00000 -0.00000 1.00000 0.00000
1547731677725049 0.99693 0.07827 -0.00000 -342.92333 -0.07827 0.99693 0.00000 -1.27907 0.00000 -0.00000 1.00000 0.00000
1547731677974973 0.99848 0.05511 -0.00000 -344.78798 -0.05511 0.99848 0.00000 -9.24119 0.00000 -0.00000 1.00000 0.00000
1547731678224451 0.99945 0.03325 -0.00000 -346.50569 -0.03325 0.99945 0.00000 -16.78043 0.00000 -0.00000 1.00000 0.00000
1547731678474653 0.99991 0.01365 -0.00000 -348.11141 -0.01365 0.99991 0.00000 -23.55732 0.00000 -0.00000 1.00000 0.00000
1547731678725608 1.00000 -0.00235 -0.00000 -349.71319 0.00235 1.00000 0.00000 -29.11530 0.00000 -0.00000 1.00000 0.00000
1547731678977551 0.99989 -0.01480 -0.00000 -351.35599 0.01480 0.99989 0.00000 -33.45789 0.00000 -0.00000 1.00000 0.00000
1547731679229901 0.99978 -0.02109 -0.00000 -353.18512 0.02109 0.99978 0.00000 -35.65766 0.00000 -0.00000 1.00000 0.00000
1547731679481245 0.99973 -0.02310 -0.00000 -355.15382 0.02310 0.99973 0.00000 -36.36113 0.00000 -0.00000 1.00000 0.00000
1547731679731894 0.99971 -0.02415 -0.00000 -357.14903 0.02415 0.99971 0.00000 -36.72502 0.00000 -0.00000 1.00000 0.00000
1547731679982362 0.99970 -0.02444 -0.00000 -359.17604 0.02444 0.99970 0.00000 -36.81849 0.00000 -0.00000 1.00000 0.00000
1547731680232811 0.99971 -0.02397 -0.00000 -361.25143 0.02397 0.99971 0.00000 -36.63692 0.00000 -0.00000 1.00000 0.00000
1547731680483129 0.99972 -0.02377 -0.00000 -363.33246 0.02377 0.99972 0.00000 -36.56198 0.00000 -0.00000 1.00000 0.00000
1547731680733433 0.99974 -0.02287 -0.00000 -365.41619 0.02287 0.99974 0.00000 -36.23107 0.00000 -0.00000 1.00000 0.00000
1547731680983191 0.99976 -0.02200 -0.00000 -367.48841 0.02200 0.99976 0.00000 -35.90503 0.00000 -0.00000 1.00000 0.00000
1547731681232326 0.99979 -0.02058 -0.00000 -369.57726 0.02058 0.99979 0.00000 -35.38722 0.00000 -0.00000 1.00000 0.00000
1547731681481647 0.99982 -0.01910 -0.00000 -371.66738 0.01910 0.99982 0.00000 -34.83668 0.00000 -0.00000 1.00000 0.00000
1547731681731368 0.99987 -0.01621 -0.00000 -373.81055 0.01621 0.99987 0.00000 -33.75376 0.00000 -0.00000 1.00000 0.00000
1547731681980981 0.99992 -0.01301 -0.00000 -375.98363 0.01301 0.99992 0.00000 -32.54082 0.00000 -0.00000 1.00000 0.00000
1547731682230083 0.99996 -0.00910 -0.00000 -378.18055 0.00910 0.99996 0.00000 -31.05495 0.00000 -0.00000 1.00000 0.00000
1547731682479136 0.99999 -0.00545 -0.00000 -380.33526 0.00545 0.99999 0.00000 -29.65874 0.00000 -0.00000 1.00000 0.00000
1547731682727958 1.00000 -0.00272 -0.00000 -382.45658 0.00272 1.00000 0.00000 -28.61012 0.00000 -0.00000 1.00000 0.00000
1547731682976634 1.00000 -0.00189 -0.00000 -384.53727 0.00189 1.00000 0.00000 -28.28996 0.00000 -0.00000 1.00000 0.00000
1547731683225131 1.00000 -0.00270 -0.00000 -386.56347 0.00270 1.00000 0.00000 -28.58986 0.00000 -0.00000 1.00000 0.00000
1547731683474175 1.00000 -0.00255 -0.00000 -388.60538 0.00255 1.00000 0.00000 -28.52678 0.00000 -0.00000 1.00000 0.00000
1547731683724551 1.00000 -0.00165 -0.00000 -390.67989 0.00165 1.00000 0.00000 -28.16811 0.00000 -0.00000 1.00000 0.00000
1547731683975531 1.00000 0.00121 -0.00000 -392.82450 -0.00121 1.00000 0.00000 -27.04586 0.00000 -0.00000 1.00000 0.00000
1547731684225944 0.99999 0.00412 -0.00000 -394.98736 -0.00412 0.99999 0.00000 -25.89247 0.00000 -0.00000 1.00000 0.00000
1547731684475872 0.99997 0.00710 -0.00000 -397.14191 -0.00710 0.99997 0.00000 -24.71036 0.00000 -0.00000 1.00000 0.00000
1547731684725732 0.99994 0.01109 -0.00000 -399.30660 -0.01109 0.99994 0.00000 -23.11823 0.00000 -0.00000 1.00000 0.00000
1547731684975574 0.99987 0.01604 -0.00000 -401.51363 -0.01604 0.99987 0.00000 -21.12737 0.00000 -0.00000 1.00000 0.00000
1547731685225878 0.99976 0.02210 -0.00000 -403.73577 -0.02210 0.99976 0.00000 -18.67693 0.00000 -0.00000 1.00000 0.00000
1547731685475534 0.99963 0.02730 -0.00000 -405.95541 -0.02730 0.99963 0.00000 -16.56357 0.00000 -0.00000 1.00000 0.00000
1547731685724756 0.99944 0.03356 -0.00000 -408.18382 -0.03356 0.99944 0.00000 -14.00959 0.00000 -0.00000 1.00000 0.00000
1547731685974340 0.99931 0.03707 -0.00000 -410.42992 -0.03707 0.99931 0.00000 -12.56500 0.00000 -0.00000 1.00000 0.00000
1547731686224473 0.99923 0.03923 -0.00000 -412.50222 -0.03923 0.99923 0.00000 -11.66724 0.00000 -0.00000 1.00000 0.00000
1547731686475555 0.99916 0.04088 -0.00000 -414.58502 -0.04088 0.99916 0.00000 -10.97016 0.00000 -0.00000 1.00000 0.00000
1547731686727523 0.99905 0.04360 -0.00000 -416.76117 -0.04360 0.99905 0.00000 -9.81993 0.00000 -0.00000 1.00000 0.00000
1547731686979868 0.99894 0.04610 -0.00000 -418.94931 -0.04610 0.99894 0.00000 -8.76679 0.00000 -0.00000 1.00000 0.00000
1547731687232023 0.99882 0.04867 -0.00000 -421.13707 -0.04867 0.99882 0.00000 -7.67944 0.00000 -0.00000 1.00000 0.00000
1547731687483194 0.99869 0.05109 -0.00000 -423.34123 -0.05109 0.99869 0.00000 -6.62713 0.00000 -0.00000 1.00000 0.00000
1547731687732923 0.99853 0.05428 -0.00000 -425.50490 -0.05428 0.99853 0.00000 -5.25578 0.00000 -0.00000 1.00000 0.00000
1547731687982121 0.99838 0.05682 -0.00000 -427.69819 -0.05682 0.99838 0.00000 -4.15028 0.00000 -0.00000 1.00000 0.00000
1547731688231151 0.99833 0.05773 -0.00000 -429.82193 -0.05773 0.99833 0.00000 -3.74064 0.00000 -0.00000 1.00000 0.00000
1547731688479863 0.99832 0.05792 -0.00000 -431.90883 -0.05792 0.99832 0.00000 -3.64277 0.00000 -0.00000 1.00000 0.00000
1547731688728487 0.99830 0.05830 -0.00000 -433.98573 -0.05830 0.99830 0.00000 -3.45548 0.00000 -0.00000 1.00000 0.00000
1547731688976851 0.99818 0.06030 -0.00000 -436.07247 -0.06030 0.99818 0.00000 -2.56763 0.00000 -0.00000 1.00000 0.00000
1547731689224946 0.99800 0.06323 -0.00000 -438.11382 -0.06323 0.99800 0.00000 -1.27363 0.00000 -0.00000 1.00000 0.00000
