1623966755105770 1.00000 0.00000 0.00000 -0.00000 0.00000 -1.00000 0.00000 0.00000 0.00000 -0.00000 -1.00000 0.00000
1623966755356401 1.00000 -0.00169 -0.00000 -0.01601 -0.00169 -1.00000 0.00000 0.05679 -0.00000 -0.00000 -1.00000 0.00000
1623966755606404 0.99999 0.00404 0.00000 -0.01457 0.00404 -0.99999 0.00000 0.05970 0.00000 -0.00000 -1.00000 0.00000
1623966755857034 1.00000 0.00191 0.00000 -0.01601 0.00191 -1.00000 0.00000 0.05224 0.00000 -0.00000 -1.00000 0.00000
1623966756107661 0.99999 -0.00381 0.00000 -0.03619 -0.00381 -0.99999 0.00000 0.06727 -0.00000 -0.00000 -1.00000 0.00000
1623966756357040 1.00000 -0.00282 0.00000 -0.03031 -0.00282 -1.00000 0.00000 0.01739 -0.00000 -0.00000 -1.00000 0.00000
1623966756606427 1.00000 -0.00015 0.00000 -0.03246 -0.00015 -1.00000 0.00000 0.05978 -0.00000 -0.00000 -1.00000 0.00000
1623966756856439 1.00000 0.00161 0.00000 -0.00557 0.00161 -1.00000 0.00000 0.06758 0.00000 -0.00000 -1.00000 0.00000
1623966757106434 1.00000 0.00214 0.00000 -0.01652 0.00214 -1.00000 0.00000 0.06590 0.00000 -0.00000 -1.00000 0.00000
1623966757355808 1.00000 0.00015 0.00000 -0.00281 0.00015 -1.00000 0.00000 0.00065 0.00000 -0.00000 -1.00000 0.00000
1623966757606439 1.00000 -0.00085 0.00000 -0.01214 -0.00085 -1.00000 0.00000 0.03256 -0.00000 -0.00000 -1.00000 0.00000
1623966757857079 0.99999 -0.00350 0.00000 -0.02709 -0.00350 -0.99999 0.00000 0.06962 -0.00000 -0.00000 -1.00000 0.00000
1623966758107075 1.00000 0.00240 0.00000 -0.02312 0.00240 -1.00000 0.00000 0.05303 0.00000 -0.00000 -1.00000 0.00000
1623966758357708 1.00000 0.00225 0.00000 -0.01102 0.00225 -1.00000 0.00000 0.07836 0.00000 -0.00000 -1.00000 0.00000
1623966758607709 1.00000 0.00204 0.00000 -0.00714 0.00204 -1.00000 0.00000 0.06768 0.00000 -0.00000 -1.00000 0.00000
1623966758857086 1.00000 0.00039 0.00000 -0.00353 0.00039 -1.00000 0.00000 0.02008 0.00000 -0.00000 -1.00000 0.00000
1623966759107090 0.99998 0.00557 0.00000 -0.03839 0.00557 -0.99998 0.00000 0.09478 0.00000 -0.00000 -1.00000 0.00000
1623966759356481 0.99999 0.00336 0.00000 0.00139 0.00336 -0.99999 0.00000 0.05465 0.00000 -0.00000 -1.00000 0.00000
1623966759606483 1.00000 -0.00063 0.00000 -0.02294 -0.00063 -1.00000 0.00000 0.07497 -0.00000 -0.00000 -1.00000 0.00000
1623966759856481 0.99999 -0.00352 -0.00000 -0.03840 -0.00352 -0.99999 0.00000 0.06681 -0.00000 -0.00000 -1.00000 0.00000
1623966760105865 1.00000 -0.00196 0.00000 -0.01753 -0.00196 -1.00000 0.00000 0.02004 -0.00000 -0.00000 -1.00000 0.00000
1623966760356489 1.00000 -0.00149 0.00000 -0.03752 -0.00149 -1.00000 0.00000 0.09554 -0.00000 -0.00000 -1.00000 0.00000
1623966760607116 1.00000 -0.00063 0.00000 -0.05761 -0.00063 -1.00000 0.00000 0.07229 -0.00000 -0.00000 -1.00000 0.00000
1623966760857748 0.99997 -0.00830 0.00000 -0.13544 -0.00830 -0.99997 0.00000 0.11821 -0.00000 -0.00000 -1.00000 0.00000
1623966761107757 0.99964 -0.02681 -0.00000 -0.23563 -0.02681 -0.99964 0.00000 0.04947 -0.00000 -0.00000 -1.00000 0.00000
1623966761357755 0.99848 -0.05509 0.00000 -0.43214 -0.05509 -0.99848 0.00000 0.04586 -0.00000 -0.00000 -1.00000 0.00000
1623966761607764 0.99536 -0.09620 0.00000 -0.69034 -0.09620 -0.99536 0.00000 -0.00045 -0.00000 -0.00000 -1.00000 -0.00000
1623966761857769 0.98984 -0.14220 0.00000 -1.11245 -0.14220 -0.98984 0.00000 0.08742 -0.00000 -0.00000 -1.00000 0.00000
1623966762107144 0.98513 -0.17181 0.00000 -1.54991 -0.17181 -0.98513 0.00000 0.01717 -0.00000 -0.00000 -1.00000 0.00000
1623966762356523 0.97922 -0.20280 0.00000 -2.11508 -0.20280 -0.97922 0.00000 -0.02934 -0.00000 -0.00000 -1.00000 -0.00000
1623966762606529 0.97510 -0.22176 0.00000 -2.76676 -0.22176 -0.97510 0.00000 0.06784 -0.00000 -0.00000 -1.00000 0.00000
1623966762856534 0.97413 -0.22598 0.00000 -3.58577 -0.22598 -0.97413 0.00000 0.09381 -0.00000 -0.00000 -1.00000 0.00000
1623966763106537 0.97510 -0.22177 0.00000 -4.48365 -0.22177 -0.97510 0.00000 0.04527 -0.00000 -0.00000 -1.00000 0.00000
1623966763356542 0.97660 -0.21505 0.00000 -5.44255 -0.21505 -0.97660 0.00000 -0.06581 -0.00000 -0.00000 -1.00000 -0.00000
1623966763607798 0.97610 -0.21732 0.00000 -6.43795 -0.21732 -0.97610 0.00000 -0.03007 -0.00000 -0.00000 -1.00000 -0.00000
1623966763857826 0.97622 -0.21679 0.00000 -7.46894 -0.21679 -0.97622 0.00000 -0.02066 -0.00000 -0.00000 -1.00000 -0.00000
1623966764107182 0.97782 -0.20946 0.00000 -8.48458 -0.20946 -0.97782 0.00000 -0.10231 -0.00000 -0.00000 -1.00000 -0.00000
1623966764357183 0.98007 -0.19866 -0.00000 -9.74413 -0.19866 -0.98007 0.00000 -0.17379 -0.00000 -0.00000 -1.00000 -0.00000
1623966764607186 0.98092 -0.19441 0.00000 -10.91128 -0.19441 -0.98092 0.00000 -0.19565 -0.00000 -0.00000 -1.00000 -0.00000
1623966764856576 0.98508 -0.17211 0.00000 -12.12964 -0.17211 -0.98508 0.00000 -0.50817 -0.00000 -0.00000 -1.00000 -0.00000
1623966765106570 0.98674 -0.16230 0.00000 -13.49298 -0.16230 -0.98674 0.00000 -0.62627 -0.00000 -0.00000 -1.00000 -0.00000
1623966765355946 0.99040 -0.13825 -0.00000 -14.79378 -0.13825 -0.99040 0.00000 -1.09550 -0.00000 -0.00000 -1.00000 -0.00000
1623966765606575 0.99319 -0.11648 0.00000 -16.20482 -0.11648 -0.99319 0.00000 -1.32032 -0.00000 -0.00000 -1.00000 -0.00000
1623966765857871 0.99532 -0.09668 0.00000 -17.67610 -0.09668 -0.99532 0.00000 -1.56235 -0.00000 -0.00000 -1.00000 -0.00000
1623966766107836 0.99712 -0.07585 0.00000 -19.15805 -0.07585 -0.99712 0.00000 -1.98487 -0.00000 -0.00000 -1.00000 -0.00000
1623966766357841 0.99807 -0.06208 0.00000 -20.79030 -0.06208 -0.99807 0.00000 -2.25656 -0.00000 -0.00000 -1.00000 -0.00000
1623966766607224 0.99908 -0.04297 0.00000 -22.35303 -0.04297 -0.99908 0.00000 -2.70925 -0.00000 -0.00000 -1.00000 -0.00000
1623966766857242 0.99946 -0.03281 0.00000 -24.02302 -0.03281 -0.99946 0.00000 -2.94361 -0.00000 -0.00000 -1.00000 -0.00000
1623966767106602 0.99984 -0.01764 0.00000 -25.70744 -0.01764 -0.99984 0.00000 -3.45783 -0.00000 -0.00000 -1.00000 -0.00000
1623966767356614 0.99994 -0.01094 0.00000 -27.39554 -0.01094 -0.99994 0.00000 -3.54534 -0.00000 -0.00000 -1.00000 -0.00000
1623966767606617 1.00000 0.00261 -0.00000 -29.05692 0.00261 -1.00000 0.00000 -4.02422 0.00000 -0.00000 -1.00000 -0.00000
1623966767856618 0.99987 0.01635 0.00000 -30.79794 0.01635 -0.99987 0.00000 -4.40042 0.00000 -0.00000 -1.00000 -0.00000
1623966768107247 0.99971 0.02406 0.00000 -32.50669 0.02406 -0.99971 0.00000 -4.67692 0.00000 -0.00000 -1.00000 -0.00000
1623966768357253 0.99957 0.02915 0.00000 -34.35843 0.02915 -0.99957 0.00000 -4.85139 0.00000 -0.00000 -1.00000 -0.00000
1623966768607884 0.99954 0.03024 0.00000 -36.28431 0.03024 -0.99954 0.00000 -4.82479 0.00000 -0.00000 -1.00000 -0.00000
1623966768858231 0.99937 0.03552 0.00000 -38.12667 0.03552 -0.99937 0.00000 -5.09894 0.00000 -0.00000 -1.00000 -0.00000
1623966769107263 0.99904 0.04375 0.00000 -40.04671 0.04375 -0.99904 0.00000 -5.43971 0.00000 -0.00000 -1.00000 -0.00000
1623966769357268 0.99905 0.04361 0.00000 -42.14005 0.04361 -0.99905 0.00000 -5.46604 0.00000 -0.00000 -1.00000 -0.00000
1623966769606647 0.99892 0.04637 -0.00000 -44.21174 0.04637 -0.99892 0.00000 -5.63715 0.00000 -0.00000 -1.00000 -0.00000
1623966769856652 0.99906 0.04332 0.00000 -46.34922 0.04332 -0.99906 0.00000 -5.36496 0.00000 -0.00000 -1.00000 -0.00000
1623966770106656 0.99912 0.04187 0.00000 -48.55656 0.04187 -0.99912 0.00000 -5.39823 0.00000 -0.00000 -1.00000 -0.00000
1623966770356658 0.99908 0.04279 0.00000 -50.79893 0.04279 -0.99908 0.00000 -5.41695 0.00000 -0.00000 -1.00000 -0.00000
1623966770607290 0.99908 0.04300 0.00000 -53.09440 0.04300 -0.99908 0.00000 -5.41644 0.00000 -0.00000 -1.00000 -0.00000
1623966770857922 0.99901 0.04446 0.00000 -55.39438 0.04446 -0.99901 0.00000 -5.53338 0.00000 -0.00000 -1.00000 -0.00000
1623966771107923 0.99894 0.04606 0.00000 -57.66406 0.04606 -0.99894 0.00000 -5.80466 0.00000 -0.00000 -1.00000 -0.00000
1623966771357924 0.99909 0.04266 0.00000 -60.00572 0.04266 -0.99909 0.00000 -5.51877 0.00000 -0.00000 -1.00000 -0.00000
1623966771607306 0.99910 0.04231 0.00000 -62.19739 0.04231 -0.99910 0.00000 -5.64493 0.00000 -0.00000 -1.00000 -0.00000
1623966771857314 0.99914 0.04145 0.00000 -64.51897 0.04145 -0.99914 0.00000 -5.53709 0.00000 -0.00000 -1.00000 -0.00000
1623966772106692 0.99926 0.03837 0.00000 -66.80719 0.03837 -0.99926 0.00000 -5.28115 0.00000 -0.00000 -1.00000 -0.00000
1623966772356076 0.99954 0.03035 -0.00000 -68.98384 0.03035 -0.99954 0.00000 -4.75979 0.00000 -0.00000 -1.00000 -0.00000
1623966772606081 0.99934 0.03624 0.00000 -71.25896 0.03624 -0.99934 0.00000 -5.23474 0.00000 -0.00000 -1.00000 -0.00000
1623966772856715 0.99980 0.02020 0.00000 -73.55485 0.02020 -0.99980 0.00000 -4.03434 0.00000 -0.00000 -1.00000 -0.00000
1623966773106709 0.99992 0.01236 0.00000 -75.74032 0.01236 -0.99992 0.00000 -3.49809 0.00000 -0.00000 -1.00000 -0.00000
1623966773357342 0.99990 -0.01386 0.00000 -78.08573 -0.01386 -0.99990 0.00000 -1.53074 -0.00000 -0.00000 -1.00000 -0.00000
1623966773607342 0.99897 -0.04540 0.00000 -80.17808 -0.04540 -0.99897 0.00000 0.89405 -0.00000 -0.00000 -1.00000 0.00000
1623966773857351 0.99659 -0.08253 -0.00000 -82.30311 -0.08253 -0.99659 0.00000 3.96555 -0.00000 -0.00000 -1.00000 0.00000
1623966774107352 0.99165 -0.12897 0.00000 -84.08927 -0.12897 -0.99165 0.00000 7.68907 -0.00000 -0.00000 -1.00000 0.00000
1623966774356730 0.98587 -0.16749 0.00000 -85.72344 -0.16749 -0.98587 0.00000 10.95195 -0.00000 -0.00000 -1.00000 0.00000
1623966774606117 0.97611 -0.21729 0.00000 -87.13523 -0.21729 -0.97611 0.00000 15.30965 -0.00000 -0.00000 -1.00000 0.00000
1623966774856117 0.96140 -0.27514 0.00000 -88.06044 -0.27514 -0.96140 0.00000 20.55187 -0.00000 -0.00000 -1.00000 0.00000
1623966775105493 0.94543 -0.32583 0.00000 -88.91548 -0.32583 -0.94543 0.00000 25.02141 -0.00000 -0.00000 -1.00000 0.00000
1623966775356123 0.92529 -0.37926 0.00000 -89.25148 -0.37926 -0.92529 0.00000 30.08571 -0.00000 -0.00000 -1.00000 0.00000
1623966775606127 0.90695 -0.42124 -0.00000 -89.81817 -0.42124 -0.90695 0.00000 34.13768 -0.00000 -0.00000 -1.00000 0.00000
1623966775856134 0.88101 -0.47310 0.00000 -89.69638 -0.47310 -0.88101 0.00000 39.38402 -0.00000 -0.00000 -1.00000 0.00000
1623966776106134 0.85371 -0.52075 0.00000 -89.47445 -0.52075 -0.85371 0.00000 44.13306 -0.00000 -0.00000 -1.00000 0.00000
1623966776356764 0.82278 -0.56837 0.00000 -88.98580 -0.56837 -0.82278 0.00000 49.17234 -0.00000 -0.00000 -1.00000 0.00000
1623966776607394 0.78647 -0.61763 0.00000 -87.70256 -0.61763 -0.78647 0.00000 54.69878 -0.00000 -0.00000 -1.00000 0.00000
1623966776858025 0.73511 -0.67795 -0.00000 -85.08612 -0.67795 -0.73511 0.00000 61.53302 -0.00000 -0.00000 -1.00000 0.00000
1623966777108025 0.67291 -0.73973 -0.00000 -81.35714 -0.73973 -0.67291 0.00000 68.78411 -0.00000 -0.00000 -1.00000 0.00000
1623966777357409 0.60412 -0.79689 0.00000 -76.78794 -0.79689 -0.60412 0.00000 75.61466 -0.00000 -0.00000 -1.00000 0.00000
1623966777606785 0.53827 -0.84277 0.00000 -72.45512 -0.84277 -0.53827 0.00000 81.27716 -0.00000 -0.00000 -1.00000 0.00000
1623966777856167 0.47975 -0.87740 0.00000 -68.71995 -0.87740 -0.47975 0.00000 86.06108 -0.00000 -0.00000 -1.00000 0.00000
1623966778106172 0.43518 -0.90034 0.00000 -66.33537 -0.90034 -0.43518 0.00000 89.49207 -0.00000 -0.00000 -1.00000 0.00000
1623966778355554 0.40457 -0.91451 0.00000 -65.33972 -0.91451 -0.40457 0.00000 91.48861 -0.00000 -0.00000 -1.00000 0.00000
1623966778606183 0.37637 -0.92647 0.00000 -64.62334 -0.92647 -0.37637 0.00000 93.56773 -0.00000 -0.00000 -1.00000 0.00000
1623966778856185 0.36416 -0.93134 0.00000 -65.59317 -0.93134 -0.36416 0.00000 94.33526 -0.00000 -0.00000 -1.00000 0.00000
1623966779106816 0.35667 -0.93423 0.00000 -67.01667 -0.93423 -0.35667 0.00000 94.94928 -0.00000 -0.00000 -1.00000 0.00000
1623966779357448 0.34725 -0.93777 0.00000 -68.29881 -0.93777 -0.34725 0.00000 95.66424 -0.00000 -0.00000 -1.00000 0.00000
1623966779607448 0.34866 -0.93725 0.00000 -70.70263 -0.93725 -0.34866 0.00000 95.34635 -0.00000 -0.00000 -1.00000 0.00000
1623966779856825 0.35394 -0.93527 0.00000 -73.57664 -0.93527 -0.35394 0.00000 94.91181 -0.00000 -0.00000 -1.00000 0.00000
1623966780106827 0.35916 -0.93328 0.00000 -76.48939 -0.93328 -0.35916 0.00000 94.61220 -0.00000 -0.00000 -1.00000 0.00000
1623966780356838 0.38198 -0.92417 0.00000 -81.13388 -0.92417 -0.38198 0.00000 92.65025 -0.00000 -0.00000 -1.00000 0.00000
1623966780606842 0.40714 -0.91337 0.00000 -86.02025 -0.91337 -0.40714 0.00000 90.27861 -0.00000 -0.00000 -1.00000 0.00000
1623966780856849 0.43776 -0.89909 0.00000 -91.40348 -0.89909 -0.43776 0.00000 87.19280 -0.00000 -0.00000 -1.00000 0.00000
1623966781108095 0.46280 -0.88646 0.00000 -96.22959 -0.88646 -0.46280 0.00000 84.78542 -0.00000 -0.00000 -1.00000 0.00000
1623966781358100 0.48434 -0.87488 0.00000 -100.48636 -0.87488 -0.48434 0.00000 82.23947 -0.00000 -0.00000 -1.00000 0.00000
1623966781608105 0.49575 -0.86846 0.00000 -103.93690 -0.86846 -0.49575 0.00000 80.85622 -0.00000 -0.00000 -1.00000 0.00000
1623966781857495 0.51175 -0.85913 -0.00000 -107.53071 -0.85913 -0.51175 0.00000 78.79151 -0.00000 -0.00000 -1.00000 0.00000
1623966782107487 0.52622 -0.85035 0.00000 -111.14013 -0.85035 -0.52622 0.00000 76.94167 -0.00000 -0.00000 -1.00000 0.00000
1623966782356867 0.53708 -0.84353 -0.00000 -114.35434 -0.84353 -0.53708 0.00000 75.50388 -0.00000 -0.00000 -1.00000 0.00000
1623966782606245 0.55522 -0.83170 0.00000 -117.91025 -0.83170 -0.55522 0.00000 72.78960 -0.00000 -0.00000 -1.00000 0.00000
1623966782856251 0.56125 -0.82765 -0.00000 -120.75512 -0.82765 -0.56125 0.00000 71.95559 -0.00000 -0.00000 -1.00000 0.00000
1623966783106879 0.57051 -0.82129 0.00000 -123.52434 -0.82129 -0.57051 0.00000 70.66255 -0.00000 -0.00000 -1.00000 0.00000
1623966783356884 0.58203 -0.81316 0.00000 -126.55905 -0.81316 -0.58203 0.00000 68.94957 -0.00000 -0.00000 -1.00000 0.00000
1623966783606890 0.59713 -0.80215 0.00000 -129.95006 -0.80215 -0.59713 0.00000 66.53404 -0.00000 -0.00000 -1.00000 0.00000
1623966783857518 0.61616 -0.78762 0.00000 -133.40348 -0.78762 -0.61616 0.00000 63.35470 -0.00000 -0.00000 -1.00000 0.00000
1623966784108150 0.64791 -0.76172 0.00000 -137.97936 -0.76172 -0.64791 0.00000 57.83240 -0.00000 -0.00000 -1.00000 0.00000
1623966784358155 0.68223 -0.73114 -0.00000 -142.40906 -0.73114 -0.68223 0.00000 51.32350 -0.00000 -0.00000 -1.00000 0.00000
1623966784608163 0.71974 -0.69425 0.00000 -146.78550 -0.69425 -0.71974 0.00000 43.75606 -0.00000 -0.00000 -1.00000 0.00000
1623966784857534 0.76883 -0.63946 0.00000 -151.33486 -0.63946 -0.76883 0.00000 32.72612 -0.00000 -0.00000 -1.00000 0.00000
1623966785107543 0.81278 -0.58257 0.00000 -155.11929 -0.58257 -0.81278 0.00000 21.81327 -0.00000 -0.00000 -1.00000 0.00000
1623966785356921 0.86921 -0.49444 -0.00000 -158.14166 -0.49444 -0.86921 0.00000 5.34172 -0.00000 -0.00000 -1.00000 0.00000
1623966785606925 0.91905 -0.39415 0.00000 -159.42373 -0.39415 -0.91905 0.00000 -12.27099 -0.00000 -0.00000 -1.00000 -0.00000
1623966785856930 0.96111 -0.27618 -0.00000 -158.03228 -0.27618 -0.96111 0.00000 -32.25674 -0.00000 -0.00000 -1.00000 -0.00000
1623966786106936 0.98957 -0.14407 0.00000 -153.68371 -0.14407 -0.98957 0.00000 -53.27456 -0.00000 -0.00000 -1.00000 -0.00000
1623966786357566 0.99999 0.00439 -0.00000 -145.34992 0.00439 -0.99999 0.00000 -75.45258 0.00000 -0.00000 -1.00000 -0.00000
1623966786608196 0.98884 0.14897 0.00000 -134.14853 0.14897 -0.98884 0.00000 -95.68404 0.00000 -0.00000 -1.00000 -0.00000
1623966786857573 0.94959 0.31350 0.00000 -117.23401 0.31350 -0.94959 0.00000 -116.88116 0.00000 -0.00000 -1.00000 -0.00000
1623966787107585 0.87583 0.48262 0.00000 -94.93865 0.48262 -0.87583 0.00000 -136.46159 0.00000 -0.00000 -1.00000 -0.00000
1623966787357580 0.76737 0.64120 0.00000 -68.09168 0.64120 -0.76737 0.00000 -152.06876 0.00000 -0.00000 -1.00000 -0.00000
1623966787606961 0.61287 0.79018 0.00000 -35.13472 0.79018 -0.61287 0.00000 -163.10477 0.00000 -0.00000 -1.00000 -0.00000
1623966787856966 0.43094 0.90238 0.00000 -0.84210 0.90238 -0.43094 0.00000 -166.80026 0.00000 -0.00000 -1.00000 -0.00000
1623966788106964 0.21595 0.97640 -0.00000 35.87479 0.97640 -0.21595 0.00000 -162.65637 0.00000 -0.00000 -1.00000 -0.00000
1623966788357599 -0.01669 0.99986 -0.00000 71.50928 0.99986 0.01669 0.00000 -149.83733 0.00000 0.00000 -1.00000 -0.00000
1623966788608226 -0.24966 0.96833 0.00000 103.50508 0.96833 0.24966 0.00000 -129.01022 0.00000 0.00000 -1.00000 -0.00000
1623966788858864 -0.47102 0.88212 0.00000 129.96327 0.88212 0.47102 0.00000 -100.93472 0.00000 0.00000 -1.00000 -0.00000
1623966789109483 -0.64931 0.76052 0.00000 147.31730 0.76052 0.64931 0.00000 -70.60211 0.00000 0.00000 -1.00000 -0.00000
1623966789359487 -0.77395 0.63325 0.00000 156.13913 0.63325 0.77395 0.00000 -43.31924 0.00000 0.00000 -1.00000 -0.00000
1623966789608866 -0.85522 0.51826 0.00000 159.49588 0.51826 0.85522 0.00000 -20.93086 0.00000 0.00000 -1.00000 -0.00000
1623966789858884 -0.90775 0.41951 -0.00000 159.41943 0.41951 0.90775 0.00000 -3.00174 0.00000 0.00000 -1.00000 -0.00000
1623966790108876 -0.93527 0.35394 -0.00000 157.75844 0.35394 0.93527 0.00000 8.38837 0.00000 0.00000 -1.00000 0.00000
1623966790358254 -0.94662 0.32235 -0.00000 155.80784 0.32235 0.94662 0.00000 13.70142 0.00000 0.00000 -1.00000 0.00000
1623966790607634 -0.95590 0.29370 0.00000 153.79872 0.29370 0.95590 0.00000 18.45460 0.00000 0.00000 -1.00000 0.00000
1623966790857639 -0.95143 0.30785 0.00000 152.33433 0.30785 0.95143 0.00000 16.12247 0.00000 0.00000 -1.00000 0.00000
1623966791107017 -0.94562 0.32526 -0.00000 150.87767 0.32526 0.94562 0.00000 13.37026 0.00000 0.00000 -1.00000 0.00000
1623966791356396 -0.93746 0.34808 0.00000 149.42103 0.34808 0.93746 0.00000 9.76760 0.00000 0.00000 -1.00000 0.00000
1623966791606403 -0.92015 0.39155 0.00000 147.82529 0.39155 0.92015 0.00000 2.77740 0.00000 0.00000 -1.00000 0.00000
1623966791856409 -0.89586 0.44433 -0.00000 145.84065 0.44433 0.89586 0.00000 -5.69795 0.00000 0.00000 -1.00000 -0.00000
1623966792106408 -0.86818 0.49624 0.00000 143.16178 0.49624 0.86818 0.00000 -14.39320 0.00000 0.00000 -1.00000 -0.00000
1623966792357039 -0.83329 0.55283 0.00000 139.83262 0.55283 0.83329 0.00000 -23.79655 0.00000 0.00000 -1.00000 -0.00000
1623966792607045 -0.79283 0.60945 -0.00000 135.68351 0.60945 0.79283 0.00000 -33.59743 0.00000 0.00000 -1.00000 -0.00000
1623966792857671 -0.74822 0.66345 0.00000 130.90677 0.66345 0.74822 0.00000 -42.98088 0.00000 0.00000 -1.00000 -0.00000
1623966793108303 -0.69874 0.71538 0.00000 125.27824 0.71538 0.69874 0.00000 -52.23396 0.00000 0.00000 -1.00000 -0.00000
1623966793357678 -0.65122 0.75889 0.00000 119.32552 0.75889 0.65122 0.00000 -60.25769 0.00000 0.00000 -1.00000 -0.00000
1623966793607687 -0.60116 0.79913 -0.00000 112.94594 0.79913 0.60116 0.00000 -67.85251 0.00000 0.00000 -1.00000 -0.00000
1623966793857690 -0.54058 0.84129 0.00000 105.19367 0.84129 0.54058 0.00000 -75.79993 0.00000 0.00000 -1.00000 -0.00000
1623966794107070 -0.49704 0.86773 -0.00000 98.94216 0.86773 0.49704 0.00000 -81.19016 0.00000 0.00000 -1.00000 -0.00000
1623966794356451 -0.45483 0.89058 0.00000 92.38358 0.89058 0.45483 0.00000 -85.78615 0.00000 0.00000 -1.00000 -0.00000
1623966794606458 -0.41906 0.90796 -0.00000 86.47980 0.90796 0.41906 0.00000 -89.41559 0.00000 0.00000 -1.00000 -0.00000
1623966794856457 -0.38579 0.92259 0.00000 80.71919 0.92259 0.38579 0.00000 -92.48631 0.00000 0.00000 -1.00000 -0.00000
1623966795106460 -0.37383 0.92750 -0.00000 77.01068 0.92750 0.37383 0.00000 -93.65552 0.00000 0.00000 -1.00000 -0.00000
1623966795357089 -0.35301 0.93562 0.00000 72.47799 0.93562 0.35301 0.00000 -95.33433 0.00000 0.00000 -1.00000 -0.00000
1623966795607727 -0.33284 0.94298 0.00000 67.88257 0.94298 0.33284 0.00000 -96.87669 0.00000 0.00000 -1.00000 -0.00000
1623966795857726 -0.32775 0.94477 0.00000 64.97016 0.94477 0.32775 0.00000 -97.40646 0.00000 0.00000 -1.00000 -0.00000
1623966796108354 -0.32446 0.94590 0.00000 62.09564 0.94590 0.32446 0.00000 -97.59634 0.00000 0.00000 -1.00000 -0.00000
1623966796357733 -0.34431 0.93886 0.00000 61.75556 0.93886 0.34431 0.00000 -96.35761 0.00000 0.00000 -1.00000 -0.00000
1623966796607115 -0.38113 0.92452 0.00000 62.98234 0.92452 0.38113 0.00000 -93.89246 0.00000 0.00000 -1.00000 -0.00000
1623966796857130 -0.42740 0.90406 0.00000 65.32394 0.90406 0.42740 0.00000 -90.68921 0.00000 0.00000 -1.00000 -0.00000
1623966797107122 -0.48283 0.87571 -0.00000 68.35909 0.87571 0.48283 0.00000 -86.55520 0.00000 0.00000 -1.00000 -0.00000
1623966797357125 -0.53965 0.84189 0.00000 71.56618 0.84189 0.53965 0.00000 -82.04824 0.00000 0.00000 -1.00000 -0.00000
1623966797608380 -0.60312 0.79765 0.00000 75.44513 0.79765 0.60312 0.00000 -76.27490 0.00000 0.00000 -1.00000 -0.00000
1623966797858419 -0.67025 0.74214 0.00000 79.39014 0.74214 0.67025 0.00000 -69.71712 0.00000 0.00000 -1.00000 -0.00000
1623966798108392 -0.72349 0.69034 0.00000 81.99348 0.69034 0.72349 0.00000 -63.71883 0.00000 0.00000 -1.00000 -0.00000
1623966798357770 -0.77716 0.62930 0.00000 84.72188 0.62930 0.77716 0.00000 -56.96321 0.00000 0.00000 -1.00000 -0.00000
1623966798607774 -0.82534 0.56463 -0.00000 86.64826 0.56463 0.82534 0.00000 -50.06315 0.00000 0.00000 -1.00000 -0.00000
1623966798857778 -0.87181 0.48984 -0.00000 88.54076 0.48984 0.87181 0.00000 -42.30542 0.00000 0.00000 -1.00000 -0.00000
1623966799107161 -0.90905 0.41669 -0.00000 89.44802 0.41669 0.90905 0.00000 -35.03634 0.00000 0.00000 -1.00000 -0.00000
1623966799356538 -0.94294 0.33295 0.00000 90.01238 0.33295 0.94294 0.00000 -26.87449 0.00000 0.00000 -1.00000 -0.00000
1623966799607170 -0.96478 0.26306 -0.00000 89.49909 0.26306 0.96478 0.00000 -20.10902 0.00000 0.00000 -1.00000 -0.00000
1623966799856548 -0.98206 0.18859 0.00000 88.40328 0.18859 0.98206 0.00000 -13.33200 0.00000 0.00000 -1.00000 -0.00000
1623966800107171 -0.99220 0.12467 0.00000 86.87964 0.12467 0.99220 0.00000 -7.69265 0.00000 0.00000 -1.00000 -0.00000
1623966800357800 -0.99723 0.07436 0.00000 84.77154 0.07436 0.99723 0.00000 -3.31766 0.00000 0.00000 -1.00000 -0.00000
1623966800608431 -0.99934 0.03621 0.00000 82.46027 0.03621 0.99934 0.00000 -0.05362 0.00000 0.00000 -1.00000 -0.00000
1623966800858429 -0.99998 0.00685 0.00000 80.05030 0.00685 0.99998 0.00000 2.33760 0.00000 0.00000 -1.00000 0.00000
1623966801107812 -0.99992 -0.01294 0.00000 77.48816 -0.01294 0.99992 0.00000 3.87139 -0.00000 0.00000 -1.00000 0.00000
1623966801357822 -0.99972 -0.02351 -0.00000 75.02100 -0.02351 0.99972 0.00000 4.75533 -0.00000 0.00000 -1.00000 0.00000
1623966801607202 -0.99966 -0.02597 0.00000 72.55476 -0.02597 0.99966 0.00000 4.83785 -0.00000 0.00000 -1.00000 0.00000
1623966801856580 -0.99972 -0.02381 -0.00000 70.12242 -0.02381 0.99972 0.00000 4.69686 -0.00000 0.00000 -1.00000 0.00000
1623966802106580 -0.99980 -0.01988 0.00000 67.64482 -0.01988 0.99980 0.00000 4.41440 -0.00000 0.00000 -1.00000 0.00000
1623966802356586 -0.99984 -0.01799 0.00000 65.12822 -0.01799 0.99984 0.00000 4.23058 -0.00000 0.00000 -1.00000 0.00000
1623966802606590 -0.99988 -0.01560 0.00000 62.70458 -0.01560 0.99988 0.00000 4.08070 -0.00000 0.00000 -1.00000 0.00000
1623966802857222 -0.99991 -0.01343 0.00000 60.18142 -0.01343 0.99991 0.00000 4.04020 -0.00000 0.00000 -1.00000 0.00000
1623966803107224 -0.99995 -0.01007 0.00000 57.76644 -0.01007 0.99995 0.00000 3.63949 -0.00000 0.00000 -1.00000 0.00000
1623966803357856 -0.99999 0.00457 -0.00000 55.34348 0.00457 0.99999 0.00000 2.78723 0.00000 0.00000 -1.00000 0.00000
1623966803607861 -1.00000 0.00313 0.00000 52.94742 0.00313 1.00000 0.00000 2.69730 0.00000 0.00000 -1.00000 0.00000
1623966803858486 -0.99996 0.00870 -0.00000 50.50955 0.00870 0.99996 0.00000 2.45814 0.00000 0.00000 -1.00000 0.00000
1623966804108493 -0.99994 0.01067 0.00000 48.19715 0.01067 0.99994 0.00000 2.27963 0.00000 0.00000 -1.00000 0.00000
1623966804358494 -0.99991 0.01313 0.00000 45.93860 0.01313 0.99991 0.00000 2.18144 0.00000 0.00000 -1.00000 0.00000
1623966804607877 -0.99993 0.01156 0.00000 43.68295 0.01156 0.99993 0.00000 2.16634 0.00000 0.00000 -1.00000 0.00000
1623966804857886 -0.99992 0.01252 0.00000 41.31705 0.01252 0.99992 0.00000 2.18356 0.00000 0.00000 -1.00000 0.00000
1623966805107259 -0.99997 0.00814 0.00000 39.14588 0.00814 0.99997 0.00000 2.07726 0.00000 0.00000 -1.00000 0.00000
1623966805357892 -0.99997 0.00813 -0.00000 36.97269 0.00813 0.99997 0.00000 2.25073 0.00000 0.00000 -1.00000 0.00000
1623966805607268 -0.99997 0.00817 0.00000 34.71934 0.00817 0.99997 0.00000 2.26514 0.00000 0.00000 -1.00000 0.00000
1623966805857278 -0.99988 0.01543 0.00000 32.52107 0.01543 0.99988 0.00000 2.05562 0.00000 0.00000 -1.00000 0.00000
1623966806107273 -0.99984 0.01813 0.00000 30.37245 0.01813 0.99984 0.00000 1.78468 0.00000 0.00000 -1.00000 0.00000
1623966806357283 -0.99968 0.02539 0.00000 28.07692 0.02539 0.99968 0.00000 1.60748 0.00000 0.00000 -1.00000 0.00000
1623966806607287 -0.99951 0.03116 -0.00000 25.98727 0.03116 0.99951 0.00000 1.37815 0.00000 0.00000 -1.00000 0.00000
1623966806857917 -0.99915 0.04114 0.00000 23.80446 0.04114 0.99915 0.00000 1.00499 0.00000 0.00000 -1.00000 0.00000
1623966807107918 -0.99861 0.05269 -0.00000 21.60521 0.05269 0.99861 0.00000 0.71012 0.00000 0.00000 -1.00000 0.00000
1623966807357925 -0.99773 0.06735 0.00000 19.46258 0.06735 0.99773 0.00000 0.52299 0.00000 0.00000 -1.00000 0.00000
1623966807607306 -0.99691 0.07851 0.00000 17.30750 0.07851 0.99691 0.00000 0.10868 0.00000 0.00000 -1.00000 0.00000
1623966807857309 -0.99604 0.08887 0.00000 14.97817 0.08887 0.99604 0.00000 0.04242 0.00000 0.00000 -1.00000 0.00000
1623966808107305 -0.99483 0.10155 0.00000 12.88579 0.10155 0.99483 0.00000 -0.16574 0.00000 0.00000 -1.00000 -0.00000
1623966808356689 -0.99502 0.09967 0.00000 10.61434 0.09967 0.99502 0.00000 -0.14240 0.00000 0.00000 -1.00000 -0.00000
1623966808607321 -0.99435 0.10612 0.00000 8.38670 0.10612 0.99435 0.00000 -0.20591 0.00000 0.00000 -1.00000 -0.00000
1623966808857325 -0.99432 0.10641 -0.00000 6.23024 0.10641 0.99432 0.00000 -0.19575 0.00000 0.00000 -1.00000 -0.00000
1623966809107348 -0.99516 0.09822 0.00000 3.98545 0.09822 0.99516 0.00000 -0.18832 0.00000 0.00000 -1.00000 -0.00000
1623966809357958 -0.99516 0.09830 0.00000 1.72837 0.09830 0.99516 0.00000 -0.21480 0.00000 0.00000 -1.00000 -0.00000
1623966809607965 -0.99680 0.07989 0.00000 -0.52153 0.07989 0.99680 0.00000 -0.23220 0.00000 0.00000 -1.00000 -0.00000
1623966809858586 -0.99654 0.08312 0.00000 -2.79347 0.08312 0.99654 0.00000 -0.21305 0.00000 0.00000 -1.00000 -0.00000
1623966810107966 -0.99794 0.06411 0.00000 -4.96787 0.06411 0.99794 0.00000 -0.33340 0.00000 0.00000 -1.00000 -0.00000
1623966810357971 -0.99786 0.06535 0.00000 -7.26681 0.06535 0.99786 0.00000 -0.28072 0.00000 0.00000 -1.00000 -0.00000
1623966810607976 -0.99786 0.06546 0.00000 -9.62837 0.06546 0.99786 0.00000 -0.29668 0.00000 0.00000 -1.00000 -0.00000
1623966810857359 -0.99818 0.06037 0.00000 -11.94440 0.06037 0.99818 0.00000 -0.39939 0.00000 0.00000 -1.00000 -0.00000
1623966811107367 -0.99798 0.06356 0.00000 -14.24837 0.06356 0.99798 0.00000 -0.41610 0.00000 0.00000 -1.00000 -0.00000
1623966811356739 -0.99888 0.04728 0.00000 -16.66918 0.04728 0.99888 0.00000 -0.64826 0.00000 0.00000 -1.00000 -0.00000
1623966811606743 -0.99886 0.04773 0.00000 -19.01542 0.04773 0.99886 0.00000 -0.61137 0.00000 0.00000 -1.00000 -0.00000
1623966811856753 -0.99904 0.04383 0.00000 -21.52815 0.04383 0.99904 0.00000 -0.79429 0.00000 0.00000 -1.00000 -0.00000
1623966812107381 -0.99914 0.04145 -0.00000 -24.14634 0.04145 0.99914 0.00000 -0.85499 0.00000 0.00000 -1.00000 -0.00000
1623966812358010 -0.99928 0.03798 0.00000 -26.65590 0.03798 0.99928 0.00000 -0.98728 0.00000 0.00000 -1.00000 -0.00000
1623966812608637 -0.99947 0.03258 0.00000 -29.08838 0.03258 0.99947 0.00000 -1.14769 0.00000 0.00000 -1.00000 -0.00000
1623966812858649 -0.99971 0.02396 0.00000 -31.51247 0.02396 0.99971 0.00000 -1.42913 0.00000 0.00000 -1.00000 -0.00000
1623966813108647 -0.99965 0.02654 -0.00000 -34.10339 0.02654 0.99965 0.00000 -1.17652 0.00000 0.00000 -1.00000 -0.00000
1623966813358020 -0.99963 0.02716 0.00000 -36.39230 0.02716 0.99963 0.00000 -1.23098 0.00000 0.00000 -1.00000 -0.00000
1623966813607403 -0.99993 0.01192 0.00000 -38.76745 0.01192 0.99993 0.00000 -1.81613 0.00000 0.00000 -1.00000 -0.00000
1623966813857451 -0.99986 0.01684 0.00000 -41.26255 0.01684 0.99986 0.00000 -1.63064 0.00000 0.00000 -1.00000 -0.00000
1623966814107414 -0.99995 0.01036 -0.00000 -43.49393 0.01036 0.99995 0.00000 -1.93847 0.00000 0.00000 -1.00000 -0.00000
1623966814357419 -0.99996 0.00941 0.00000 -45.84836 0.00941 0.99996 0.00000 -2.03979 0.00000 0.00000 -1.00000 -0.00000
1623966814607420 -1.00000 -0.00120 0.00000 -48.06351 -0.00120 1.00000 0.00000 -2.59031 -0.00000 0.00000 -1.00000 -0.00000
1623966814858052 -1.00000 -0.00256 -0.00000 -50.25569 -0.00256 1.00000 0.00000 -2.66268 -0.00000 0.00000 -1.00000 -0.00000
1623966815108058 -0.99997 -0.00774 -0.00000 -52.30766 -0.00774 0.99997 0.00000 -3.00596 -0.00000 0.00000 -1.00000 -0.00000
1623966815358058 -0.99995 -0.00978 0.00000 -54.45192 -0.00978 0.99995 0.00000 -3.18430 -0.00000 0.00000 -1.00000 -0.00000
1623966815608061 -0.99999 -0.00500 0.00000 -56.40996 -0.00500 0.99999 0.00000 -2.95051 -0.00000 0.00000 -1.00000 -0.00000
1623966815857440 -1.00000 -0.00199 0.00000 -58.27749 -0.00199 1.00000 0.00000 -2.81091 -0.00000 0.00000 -1.00000 -0.00000
1623966816107453 -0.99964 0.02665 0.00000 -60.16019 0.02665 0.99964 0.00000 -1.11023 0.00000 0.00000 -1.00000 -0.00000
1623966816356826 -0.99908 0.04294 0.00000 -61.71598 0.04294 0.99908 0.00000 -0.23896 0.00000 0.00000 -1.00000 -0.00000
1623966816606829 -0.99698 0.07771 0.00000 -63.34235 0.07771 0.99698 0.00000 1.90718 0.00000 0.00000 -1.00000 0.00000
1623966816857456 -0.99110 0.13311 0.00000 -64.50951 0.13311 0.99110 0.00000 5.47732 0.00000 0.00000 -1.00000 0.00000
1623966817107460 -0.98248 0.18635 0.00000 -65.50486 0.18635 0.98248 0.00000 8.82464 0.00000 0.00000 -1.00000 0.00000
1623966817357474 -0.96976 0.24406 0.00000 -66.10252 0.24406 0.96976 0.00000 12.65194 0.00000 0.00000 -1.00000 0.00000
1623966817608099 -0.94396 0.33006 0.00000 -65.84760 0.33006 0.94396 0.00000 18.45620 0.00000 0.00000 -1.00000 0.00000
1623966817858104 -0.91087 0.41269 0.00000 -64.96817 0.41269 0.91087 0.00000 24.19787 0.00000 0.00000 -1.00000 0.00000
1623966818108108 -0.85812 0.51345 -0.00000 -62.90680 0.51345 0.85812 0.00000 31.33854 0.00000 0.00000 -1.00000 0.00000
1623966818358112 -0.78620 0.61797 0.00000 -59.40953 0.61797 0.78620 0.00000 39.06283 0.00000 0.00000 -1.00000 0.00000
1623966818607491 -0.70201 0.71217 0.00000 -55.10876 0.71217 0.70201 0.00000 46.17492 0.00000 0.00000 -1.00000 0.00000
1623966818857494 -0.59742 0.80192 0.00000 -49.23410 0.80192 0.59742 0.00000 53.38152 0.00000 0.00000 -1.00000 0.00000
1623966819106873 -0.49265 0.87023 -0.00000 -43.08950 0.87023 0.49265 0.00000 58.99973 0.00000 0.00000 -1.00000 0.00000
1623966819356873 -0.37630 0.92650 0.00000 -36.19689 0.92650 0.37630 0.00000 64.17778 0.00000 0.00000 -1.00000 0.00000
1623966819606252 -0.27926 0.96022 0.00000 -30.53179 0.96022 0.27926 0.00000 67.37677 0.00000 0.00000 -1.00000 0.00000
1623966819856261 -0.18797 0.98218 0.00000 -25.28690 0.98218 0.18797 0.00000 70.01787 0.00000 0.00000 -1.00000 0.00000
1623966820106265 -0.11721 0.99311 0.00000 -21.35454 0.99311 0.11721 0.00000 71.63476 0.00000 0.00000 -1.00000 0.00000
1623966820356266 -0.08706 0.99620 0.00000 -20.57529 0.99620 0.08706 0.00000 72.15742 0.00000 0.00000 -1.00000 0.00000
1623966820606898 -0.06184 0.99809 0.00000 -20.03332 0.99809 0.06184 0.00000 72.62222 0.00000 0.00000 -1.00000 0.00000
1623966820857538 -0.05019 0.99874 -0.00000 -20.72781 0.99874 0.05019 0.00000 72.76364 0.00000 0.00000 -1.00000 0.00000
1623966821108158 -0.04384 0.99904 0.00000 -21.76622 0.99904 0.04384 0.00000 72.84654 0.00000 0.00000 -1.00000 0.00000
1623966821358791 -0.03280 0.99946 0.00000 -22.57974 0.99946 0.03280 0.00000 73.12463 0.00000 0.00000 -1.00000 0.00000
1623966821608794 -0.02448 0.99970 0.00000 -23.67794 0.99970 0.02448 0.00000 73.31403 0.00000 0.00000 -1.00000 0.00000
1623966821858180 -0.01805 0.99984 -0.00000 -24.98625 0.99984 0.01805 0.00000 73.41609 0.00000 0.00000 -1.00000 0.00000
1623966822107552 -0.01581 0.99988 0.00000 -26.62772 0.99988 0.01581 0.00000 73.33970 0.00000 0.00000 -1.00000 0.00000
1623966822357556 -0.00565 0.99998 0.00000 -27.94878 0.99998 0.00565 0.00000 73.62560 0.00000 0.00000 -1.00000 0.00000
1623966822606934 0.01265 0.99992 0.00000 -28.56451 0.99992 -0.01265 0.00000 74.07336 0.00000 -0.00000 -1.00000 0.00000
1623966822856939 0.02260 0.99974 0.00000 -29.78209 0.99974 -0.02260 0.00000 74.36950 0.00000 -0.00000 -1.00000 0.00000
1623966823107566 0.03694 0.99932 -0.00000 -30.87521 0.99932 -0.03694 0.00000 74.77274 0.00000 -0.00000 -1.00000 0.00000
1623966823357573 0.05707 0.99837 0.00000 -31.28736 0.99837 -0.05707 0.00000 75.29362 0.00000 -0.00000 -1.00000 0.00000
1623966823608198 0.09099 0.99585 0.00000 -30.86584 0.99585 -0.09099 0.00000 76.37139 0.00000 -0.00000 -1.00000 0.00000
1623966823858206 0.10027 0.99496 0.00000 -32.28152 0.99496 -0.10027 0.00000 76.56401 0.00000 -0.00000 -1.00000 0.00000
1623966824108212 0.13059 0.99144 0.00000 -32.04398 0.99144 -0.13059 0.00000 77.51121 0.00000 -0.00000 -1.00000 0.00000
1623966824357587 0.14821 0.98896 0.00000 -32.55147 0.98896 -0.14821 0.00000 78.00351 0.00000 -0.00000 -1.00000 0.00000
1623966824607592 0.16951 0.98553 -0.00000 -32.99002 0.98553 -0.16951 0.00000 78.70794 0.00000 -0.00000 -1.00000 0.00000
1623966824857592 0.17492 0.98458 0.00000 -34.68555 0.98458 -0.17492 0.00000 78.84422 0.00000 -0.00000 -1.00000 0.00000
1623966825106973 0.17186 0.98512 -0.00000 -36.86615 0.98512 -0.17186 0.00000 78.64158 0.00000 -0.00000 -1.00000 0.00000
1623966825356976 0.17362 0.98481 0.00000 -38.55050 0.98481 -0.17362 0.00000 78.72568 0.00000 -0.00000 -1.00000 0.00000
1623966825607608 0.15905 0.98727 0.00000 -41.91030 0.98727 -0.15905 0.00000 78.19526 0.00000 -0.00000 -1.00000 0.00000
1623966825858238 0.15145 0.98847 0.00000 -44.48952 0.98847 -0.15145 0.00000 77.84975 0.00000 -0.00000 -1.00000 0.00000
1623966826108246 0.13046 0.99145 0.00000 -48.23640 0.99145 -0.13046 0.00000 76.78554 0.00000 -0.00000 -1.00000 0.00000
1623966826358247 0.10151 0.99483 0.00000 -52.48958 0.99483 -0.10151 0.00000 75.29136 0.00000 -0.00000 -1.00000 0.00000
1623966826608251 0.08732 0.99618 0.00000 -55.69872 0.99618 -0.08732 0.00000 74.45563 0.00000 -0.00000 -1.00000 0.00000
1623966826858254 0.07243 0.99737 0.00000 -58.81256 0.99737 -0.07243 0.00000 73.57070 0.00000 -0.00000 -1.00000 0.00000
1623966827107640 0.05024 0.99874 0.00000 -62.46453 0.99874 -0.05024 0.00000 72.18337 0.00000 -0.00000 -1.00000 0.00000
1623966827357640 0.03123 0.99951 0.00000 -65.89359 0.99951 -0.03123 0.00000 71.00430 0.00000 -0.00000 -1.00000 0.00000
1623966827607644 0.01736 0.99985 0.00000 -68.91221 0.99985 -0.01736 0.00000 70.06849 0.00000 -0.00000 -1.00000 0.00000
1623966827857647 -0.00447 0.99999 0.00000 -72.52759 0.99999 0.00447 0.00000 68.33416 0.00000 0.00000 -1.00000 0.00000
1623966828108278 -0.02913 0.99958 0.00000 -76.22160 0.99958 0.02913 0.00000 66.47484 0.00000 0.00000 -1.00000 0.00000
1623966828358907 -0.04114 0.99915 0.00000 -78.94035 0.99915 0.04114 0.00000 65.66404 0.00000 0.00000 -1.00000 0.00000
1623966828608287 -0.07943 0.99684 0.00000 -83.27316 0.99684 0.07943 0.00000 62.53515 0.00000 0.00000 -1.00000 0.00000
1623966828857678 -0.11107 0.99381 0.00000 -87.19659 0.99381 0.11107 0.00000 59.79170 0.00000 0.00000 -1.00000 0.00000
1623966829107675 -0.15134 0.98848 0.00000 -91.45375 0.98848 0.15134 0.00000 56.19905 0.00000 0.00000 -1.00000 0.00000
1623966829357676 -0.19147 0.98150 -0.00000 -95.60094 0.98150 0.19147 0.00000 52.38730 0.00000 0.00000 -1.00000 0.00000
1623966829607678 -0.23997 0.97078 -0.00000 -99.81483 0.97078 0.23997 0.00000 47.56221 0.00000 0.00000 -1.00000 0.00000
1623966829858359 -0.28973 0.95711 0.00000 -103.96591 0.95711 0.28973 0.00000 42.33106 0.00000 0.00000 -1.00000 0.00000
1623966830108939 -0.35573 0.93459 0.00000 -108.37293 0.93459 0.35573 0.00000 34.85891 0.00000 0.00000 -1.00000 0.00000
1623966830358319 -0.43025 0.90271 0.00000 -112.56705 0.90271 0.43025 0.00000 25.90652 0.00000 0.00000 -1.00000 0.00000
1623966830608324 -0.50833 0.86116 -0.00000 -115.95031 0.86116 0.50833 0.00000 15.71685 0.00000 0.00000 -1.00000 0.00000
1623966830858321 -0.58118 0.81377 0.00000 -118.62251 0.81377 0.58118 0.00000 5.62946 0.00000 0.00000 -1.00000 0.00000
1623966831108329 -0.66547 0.74643 0.00000 -120.15675 0.74643 0.66547 0.00000 -7.23684 0.00000 0.00000 -1.00000 -0.00000
1623966831357084 -0.74202 0.67038 0.00000 -120.32578 0.67038 0.74202 0.00000 -20.29632 0.00000 0.00000 -1.00000 -0.00000
1623966831607088 -0.81627 0.57766 0.00000 -118.66596 0.57766 0.81627 0.00000 -34.41225 0.00000 0.00000 -1.00000 -0.00000
1623966831857093 -0.87200 0.48950 -0.00000 -116.07312 0.48950 0.87200 0.00000 -46.70663 0.00000 0.00000 -1.00000 -0.00000
1623966832107105 -0.92109 0.38935 0.00000 -111.68677 0.38935 0.92109 0.00000 -59.49974 0.00000 0.00000 -1.00000 -0.00000
1623966832358350 -0.95140 0.30796 0.00000 -107.71824 0.30796 0.95140 0.00000 -68.77128 0.00000 0.00000 -1.00000 -0.00000
1623966832608978 -0.96842 0.24934 0.00000 -104.84589 0.24934 0.96842 0.00000 -75.17501 0.00000 0.00000 -1.00000 -0.00000
1623966832859608 -0.97709 0.21281 0.00000 -103.52296 0.21281 0.97709 0.00000 -79.06094 0.00000 0.00000 -1.00000 -0.00000
1623966833109616 -0.98052 0.19642 -0.00000 -103.76019 0.19642 0.98052 0.00000 -80.73213 0.00000 0.00000 -1.00000 -0.00000
1623966833358999 -0.98033 0.19739 0.00000 -105.44124 0.19739 0.98033 0.00000 -80.74207 0.00000 0.00000 -1.00000 -0.00000
1623966833608376 -0.97949 0.20147 -0.00000 -107.32022 0.20147 0.97949 0.00000 -80.27186 0.00000 0.00000 -1.00000 -0.00000
1623966833858381 -0.97348 0.22876 0.00000 -111.35534 0.22876 0.97348 0.00000 -77.17488 0.00000 0.00000 -1.00000 -0.00000
1623966834107758 -0.96252 0.27120 0.00000 -116.29401 0.27120 0.96252 0.00000 -72.24572 0.00000 0.00000 -1.00000 -0.00000
1623966834357134 -0.94343 0.33158 0.00000 -122.42378 0.33158 0.94343 0.00000 -64.76189 0.00000 0.00000 -1.00000 -0.00000
1623966834607136 -0.92127 0.38893 0.00000 -127.86785 0.38893 0.92127 0.00000 -57.23247 0.00000 0.00000 -1.00000 -0.00000
1623966834857140 -0.88850 0.45888 0.00000 -133.78686 0.45888 0.88850 0.00000 -47.19265 0.00000 0.00000 -1.00000 -0.00000
1623966835107145 -0.85257 0.52262 0.00000 -138.75097 0.52262 0.85257 0.00000 -37.33582 0.00000 0.00000 -1.00000 -0.00000
1623966835357155 -0.82139 0.57036 0.00000 -142.59020 0.57036 0.82139 0.00000 -29.41286 0.00000 0.00000 -1.00000 -0.00000
1623966835607789 -0.78906 0.61431 0.00000 -145.91588 0.61431 0.78906 0.00000 -21.58992 0.00000 0.00000 -1.00000 -0.00000
1623966835858417 -0.75647 0.65403 0.00000 -148.83125 0.65403 0.75647 0.00000 -13.86870 0.00000 0.00000 -1.00000 -0.00000
1623966836108417 -0.73689 0.67601 0.00000 -151.25670 0.67601 0.73689 0.00000 -9.56899 0.00000 0.00000 -1.00000 -0.00000
1623966836358422 -0.72345 0.69038 0.00000 -153.52373 0.69038 0.72345 0.00000 -6.55034 0.00000 0.00000 -1.00000 -0.00000
1623966836608424 -0.71566 0.69845 0.00000 -155.89250 0.69845 0.71566 0.00000 -4.99914 0.00000 0.00000 -1.00000 -0.00000
1623966836859066 -0.70735 0.70686 0.00000 -158.00457 0.70686 0.70735 0.00000 -3.08350 0.00000 0.00000 -1.00000 -0.00000
1623966837108434 -0.70858 0.70563 0.00000 -160.30035 0.70563 0.70858 0.00000 -3.44935 0.00000 0.00000 -1.00000 -0.00000
1623966837358442 -0.70167 0.71250 0.00000 -162.68200 0.71250 0.70167 0.00000 -1.93618 0.00000 0.00000 -1.00000 -0.00000
1623966837607817 -0.70507 0.70914 0.00000 -165.04313 0.70914 0.70507 0.00000 -2.65475 0.00000 0.00000 -1.00000 -0.00000
1623966837857865 -0.70151 0.71266 0.00000 -167.55978 0.71266 0.70151 0.00000 -1.88939 0.00000 0.00000 -1.00000 -0.00000
1623966838107822 -0.69776 0.71633 0.00000 -170.01153 0.71633 0.69776 0.00000 -1.02376 0.00000 0.00000 -1.00000 -0.00000
