1. 0. 0. 0. 0. -1. -0. 0. 0. 0. -1. 0.
1. 0.004 0. -0.009 0.004 -1. -0. -0.023 0. 0. -1. 0.
1. 0.001 0. 0.008 0.001 -1. -0. -0.006 0. 0. -1. 0.
1. 0.004 0. 0.009 0.004 -1. -0. -0.021 0. 0. -1. 0.
1. 0.011 0. -0.017 0.011 -1. -0. -0.039 0. 0. -1. 0.
1. 0.004 0. 0.011 0.004 -1. -0. -0.003 0. 0. -1. 0.
1. 0.007 0. -0.024 0.007 -1. -0. -0.042 0. 0. -1. 0.
1. 0.005 0. -0.008 0.005 -1. -0. -0.045 0. 0. -1. 0.
1. 0.004 0. -0.020 0.004 -1. -0. -0.056 0. 0. -1. 0.
1. 0.004 0. -0.009 0.004 -1. -0. -0.000 0. 0. -1. 0.
1. 0.003 0. 0.002 0.003 -1. -0. 0.008 0. 0. -1. 0.
1. 0.004 0. 0.025 0.004 -1. -0. -0.017 0. 0. -1. 0.
1. 0.001 0. -0.011 0.001 -1. -0. -0.057 0. 0. -1. 0.
1. 0.002 0. -0.007 0.002 -1. -0. -0.008 0. 0. -1. 0.
1. 0.005 0. 0.004 0.005 -1. -0. -0.012 0. 0. -1. 0.
1. 0.007 0. 0.055 0.007 -1. -0. -0.008 0. 0. -1. 0.
1. 0.004 0. -0.002 0.004 -1. -0. -0.030 0. 0. -1. 0.
1. -0.001 -0. -0.014 -0.001 -1. -0. -0.015 0. 0. -1. 0.
1. 0.008 0. -0.008 0.008 -1. -0. -0.039 0. 0. -1. 0.
1. 0.005 0. 0.049 0.005 -1. -0. 0.019 0. 0. -1. 0.
1. 0.001 0. -0.019 0.001 -1. -0. -0.086 0. 0. -1. 0.
1. 0.003 0. -0.051 0.003 -1. -0. -0.068 0. 0. -1. 0.
1. 0.002 0. 0.016 0.002 -1. -0. 0.029 0. 0. -1. 0.
1. 0. 0. 0.002 0. -1. -0. -0.012 0. 0. -1. 0.
1. 0.005 0. -0.023 0.005 -1. -0. -0.032 0. 0. -1. 0.
1. 0.001 0. 0.012 0.001 -1. -0. 0.008 0. 0. -1. 0.
1. 0.005 0. -0.026 0.005 -1. -0. -0.034 0. 0. -1. 0.
1. 0.002 0. 0.003 0.002 -1. -0. -0.003 0. 0. -1. 0.
1. 0.007 0. -0.011 0.007 -1. -0. -0.041 0. 0. -1. 0.
1. 0.002 0. -0. 0.002 -1. -0. -0.021 0. 0. -1. 0.
1. 0.000 0. -0.047 0.000 -1. -0. -0.054 0. 0. -1. 0.
1. 0.002 0. -0.010 0.002 -1. -0. -0.004 0. 0. -1. 0.
1. 0.003 0. -0.017 0.003 -1. -0. -0.006 0. 0. -1. 0.
1. 0.005 0. -0.058 0.005 -1. -0. -0.029 0. 0. -1. 0.
1. 0.004 0. 0.011 0.004 -1. -0. 0.015 0. 0. -1. 0.
1. -0.000 -0. -0.028 -0.000 -1. -0. -0.016 0. 0. -1. 0.
1. 0.003 0. -0.020 0.003 -1. -0. -0.034 0. 0. -1. 0.
1. 0.002 0. -0.020 0.002 -1. -0. -0.098 0. 0. -1. 0.
1. 0.001 0. -0.008 0.001 -1. -0. -0.008 0. 0. -1. 0.
1. 0.006 0. -0.032 0.006 -1. -0. -0.047 0. 0. -1. 0.
1. 0.003 0. -0.002 0.003 -1. -0. -0.014 0. 0. -1. 0.
1. 0.007 0. -0.024 0.007 -1. -0. -0.045 0. 0. -1. 0.
1. 0.001 0. -0.007 0.001 -1. -0. -0.016 0. 0. -1. 0.
1. 0.002 0. -0.038 0.002 -1. -0. -0.103 0. 0. -1. 0.
1. 0.000 0. -0.023 0.000 -1. -0. -0.023 0. 0. -1. 0.
1. 0.005 0. -0.017 0.005 -1. -0. -0.034 0. 0. -1. 0.
1. 0.002 0. 0.015 0.002 -1. -0. -0.020 0. 0. -1. 0.
1. 0.002 0. 0.028 0.002 -1. -0. -0.032 0. 0. -1. 0.
1. 0.007 0. -0.015 0.007 -1. -0. -0.034 0. 0. -1. 0.
1. 0.001 0. 0.005 0.001 -1. -0. 0.001 0. 0. -1. 0.
1. 0.003 0. -0.020 0.003 -1. -0. -0.038 0. 0. -1. 0.
1. -0.001 -0. -0.018 -0.001 -1. -0. -0.007 0. 0. -1. 0.
1. 0.002 0. 0.007 0.002 -1. -0. -0.029 0. 0. -1. 0.
1. 0.001 0. 0.087 0.001 -1. -0. -0.028 0. 0. -1. 0.
1. 0.001 0. 0.112 0.001 -1. -0. -0.030 0. 0. -1. 0.
1. -0.009 -0. 0.317 -0.009 -1. -0. -0.045 0. 0. -1. 0.
1.000 -0.028 -0. 0.513 -0.028 -1.000 -0. -0.024 0. 0. -1. 0.
0.999 -0.049 -0. 0.847 -0.049 -0.999 -0. -0.134 0. 0. -1. 0.
0.997 -0.075 -0. 1.277 -0.075 -0.997 -0. -0.097 0. 0. -1. 0.
0.993 -0.115 -0. 1.707 -0.115 -0.993 -0. -0.283 0. 0. -1. 0.
0.990 -0.144 -0. 2.241 -0.144 -0.990 -0. -0.397 0. 0. -1. 0.
0.985 -0.171 -0. 2.928 -0.171 -0.985 -0. -0.450 0. 0. -1. 0.
0.983 -0.186 -0. 3.707 -0.186 -0.983 -0. -0.600 0. 0. -1. 0.
0.981 -0.193 -0. 4.473 -0.193 -0.981 -0. -0.833 0. 0. -1. 0.
0.981 -0.195 -0. 5.377 -0.195 -0.981 -0. -0.893 0. 0. -1. 0.
0.982 -0.191 -0. 6.310 -0.191 -0.982 -0. -1.298 0. 0. -1. 0.
0.982 -0.191 -0. 7.388 -0.191 -0.982 -0. -1.465 0. 0. -1. 0.
0.983 -0.185 -0. 8.403 -0.185 -0.983 -0. -1.672 0. 0. -1. 0.
0.985 -0.171 -0. 9.481 -0.171 -0.985 -0. -1.941 0. 0. -1. 0.
0.986 -0.167 -0. 10.648 -0.167 -0.986 -0. -2.045 0. 0. -1. 0.
0.986 -0.165 -0. 11.896 -0.165 -0.986 -0. -2.226 0. 0. -1. 0.
0.989 -0.151 -0. 13.011 -0.151 -0.989 -0. -2.455 0. 0. -1. 0.
0.991 -0.136 -0. 14.423 -0.136 -0.991 -0. -2.677 0. 0. -1. 0.
0.993 -0.119 -0. 15.891 -0.119 -0.993 -0. -2.835 0. 0. -1. 0.
0.994 -0.110 -0. 17.283 -0.110 -0.994 -0. -3.055 0. 0. -1. 0.
0.995 -0.097 -0. 18.751 -0.097 -0.995 -0. -3.130 0. 0. -1. 0.
0.997 -0.079 -0. 20.355 -0.079 -0.997 -0. -3.300 0. 0. -1. 0.
0.998 -0.065 -0. 21.909 -0.065 -0.998 -0. -3.490 0. 0. -1. 0.
0.998 -0.059 -0. 23.536 -0.059 -0.998 -0. -3.491 0. 0. -1. 0.
0.999 -0.047 -0. 25.123 -0.047 -0.999 -0. -3.690 0. 0. -1. 0.
1.000 -0.031 -0. 26.793 -0.031 -1.000 -0. -3.807 0. 0. -1. 0.
1. -0.012 -0. 28.489 -0.012 -1. -0. -3.818 0. 0. -1. 0.
1. 0.005 0. 30.098 0.005 -1. -0. -3.885 0. 0. -1. 0.
1.000 0.020 0. 31.862 0.020 -1.000 -0. -3.839 0. 0. -1. 0.
1.000 0.028 0. 33.694 0.028 -1.000 -0. -3.764 0. 0. -1. 0.
0.999 0.041 0. 35.461 0.041 -0.999 -0. -3.892 0. 0. -1. 0.
0.999 0.045 0. 37.273 0.045 -0.999 -0. -3.767 0. 0. -1. 0.
0.999 0.052 0. 39.224 0.052 -0.999 -0. -3.606 0. 0. -1. 0.
0.999 0.055 0. 41.100 0.055 -0.999 -0. -3.601 0. 0. -1. 0.
0.998 0.057 0. 43.032 0.057 -0.998 -0. -3.456 0. 0. -1. 0.
0.999 0.052 0. 45.006 0.052 -0.999 -0. -3.340 0. 0. -1. 0.
0.999 0.049 0. 47.032 0.049 -0.999 -0. -3.323 0. 0. -1. 0.
0.999 0.049 0. 49.137 0.049 -0.999 -0. -3.337 0. 0. -1. 0.
0.999 0.047 0. 51.139 0.047 -0.999 -0. -3.158 0. 0. -1. 0.
0.999 0.048 0. 53.242 0.048 -0.999 -0. -3.089 0. 0. -1. 0.
0.999 0.049 0. 55.383 0.049 -0.999 -0. -3.101 0. 0. -1. 0.
0.998 0.057 0. 57.415 0.057 -0.998 -0. -3.038 0. 0. -1. 0.
0.998 0.059 0. 59.445 0.059 -0.998 -0. -2.816 0. 0. -1. 0.
0.999 0.052 0. 61.625 0.052 -0.999 -0. -2.726 0. 0. -1. 0.
0.998 0.066 0. 63.641 0.066 -0.998 -0. -2.709 0. 0. -1. 0.
0.998 0.058 0. 65.664 0.058 -0.998 -0. -2.529 0. 0. -1. 0.
0.998 0.066 0. 67.680 0.066 -0.998 -0. -2.502 0. 0. -1. 0.
0.998 0.058 0. 69.710 0.058 -0.998 -0. -2.264 0. 0. -1. 0.
0.999 0.054 0. 71.701 0.054 -0.999 -0. -2.236 0. 0. -1. 0.
0.998 0.056 0. 73.737 0.056 -0.998 -0. -2.137 0. 0. -1. 0.
0.999 0.047 0. 75.679 0.047 -0.999 -0. -2.142 0. 0. -1. 0.
0.999 0.034 0. 77.702 0.034 -0.999 -0. -1.918 0. 0. -1. 0.
1.000 0.017 0. 79.716 0.017 -1.000 -0. -1.971 0. 0. -1. 0.
1. -0.006 -0. 81.682 -0.006 -1. -0. -2.108 0. 0. -1. 0.
0.999 -0.035 -0. 83.707 -0.035 -0.999 -0. -2.098 0. 0. -1. 0.
0.998 -0.065 -0. 85.562 -0.065 -0.998 -0. -2.215 0. 0. -1. 0.
0.995 -0.096 -0. 87.554 -0.096 -0.995 -0. -2.378 0. 0. -1. 0.
0.989 -0.145 -0. 89.424 -0.145 -0.989 -0. -2.816 0. 0. -1. 0.
0.980 -0.200 -0. 91.440 -0.200 -0.980 -0. -3.097 0. 0. -1. 0.
0.966 -0.257 -0. 93.315 -0.257 -0.966 -0. -3.487 0. 0. -1. 0.
0.948 -0.319 -0. 95.041 -0.319 -0.948 -0. -4.209 0. 0. -1. 0.
0.930 -0.368 -0. 96.816 -0.368 -0.930 -0. -5.006 0. 0. -1. 0.
0.909 -0.418 -0. 98.684 -0.418 -0.909 -0. -5.779 0. 0. -1. 0.
0.881 -0.473 -0. 100.385 -0.473 -0.881 -0. -6.651 0. 0. -1. 0.
0.853 -0.522 -0. 101.959 -0.522 -0.853 -0. -7.773 0. 0. -1. 0.
0.817 -0.577 -0. 103.568 -0.577 -0.817 -0. -8.770 0. 0. -1. 0.
0.777 -0.629 -0. 104.926 -0.629 -0.777 -0. -10.162 0. 0. -1. 0.
0.736 -0.677 -0. 106.417 -0.677 -0.736 -0. -11.320 0. 0. -1. 0.
0.689 -0.724 -0. 107.594 -0.724 -0.689 -0. -12.741 0. 0. -1. 0.
0.641 -0.768 -0. 108.844 -0.768 -0.641 -0. -14.122 0. 0. -1. 0.
0.584 -0.812 -0. 109.899 -0.812 -0.584 -0. -15.581 0. 0. -1. 0.
0.530 -0.848 -0. 110.841 -0.848 -0.530 -0. -17.112 0. 0. -1. 0.
0.477 -0.879 -0. 111.699 -0.879 -0.477 -0. -18.811 0. 0. -1. 0.
0.435 -0.901 -0. 112.658 -0.901 -0.435 -0. -20.538 0. 0. -1. 0.
0.397 -0.918 -0. 113.267 -0.918 -0.397 -0. -22.322 0. 0. -1. 0.
0.374 -0.927 -0. 113.920 -0.927 -0.374 -0. -24.156 0. 0. -1. 0.
0.363 -0.932 -0. 114.539 -0.932 -0.363 -0. -26.051 0. 0. -1. 0.
0.356 -0.934 -0. 115.381 -0.934 -0.356 -0. -27.859 0. 0. -1. 0.
0.361 -0.933 -0. 115.921 -0.933 -0.361 -0. -29.793 0. 0. -1. 0.
0.360 -0.933 -0. 116.760 -0.933 -0.360 -0. -31.634 0. 0. -1. 0.
0.377 -0.926 -0. 117.334 -0.926 -0.377 -0. -33.557 0. 0. -1. 0.
0.388 -0.922 -0. 118.233 -0.922 -0.388 -0. -35.410 0. 0. -1. 0.
0.404 -0.915 -0. 119.046 -0.915 -0.404 -0. -37.250 0. 0. -1. 0.
0.421 -0.907 -0. 119.759 -0.907 -0.421 -0. -39.109 0. 0. -1. 0.
0.437 -0.900 -0. 120.568 -0.900 -0.437 -0. -40.904 0. 0. -1. 0.
0.457 -0.889 -0. 121.428 -0.889 -0.457 -0. -42.730 0. 0. -1. 0.
0.485 -0.875 -0. 122.310 -0.875 -0.485 -0. -44.377 0. 0. -1. 0.
0.508 -0.861 -0. 123.163 -0.861 -0.508 -0. -46.163 0. 0. -1. 0.
0.532 -0.847 -0. 124.208 -0.847 -0.532 -0. -47.856 0. 0. -1. 0.
0.556 -0.831 -0. 125.311 -0.831 -0.556 -0. -49.461 0. 0. -1. 0.
0.578 -0.816 -0. 126.483 -0.816 -0.578 -0. -51.003 0. 0. -1. 0.
0.597 -0.802 -0. 127.544 -0.802 -0.597 -0. -52.663 0. 0. -1. 0.
0.617 -0.787 -0. 128.756 -0.787 -0.617 -0. -54.135 0. 0. -1. 0.
0.638 -0.770 -0. 129.851 -0.770 -0.638 -0. -55.677 0. 0. -1. 0.
0.657 -0.754 -0. 131.079 -0.754 -0.657 -0. -57.205 0. 0. -1. 0.
0.671 -0.742 -0. 132.484 -0.742 -0.671 -0. -58.554 0. 0. -1. 0.
0.684 -0.730 -0. 133.745 -0.730 -0.684 -0. -59.960 0. 0. -1. 0.
0.695 -0.719 -0. 134.936 -0.719 -0.695 -0. -61.367 0. 0. -1. 0.
0.703 -0.712 -0. 136.289 -0.712 -0.703 -0. -62.630 0. 0. -1. 0.
0.707 -0.707 -0. 137.470 -0.707 -0.707 -0. -64.008 0. 0. -1. 0.
0.714 -0.700 -0. 138.803 -0.700 -0.714 -0. -65.242 0. 0. -1. 0.
0.725 -0.689 -0. 140.057 -0.689 -0.725 -0. -66.590 0. 0. -1. 0.
0.728 -0.685 -0. 141.336 -0.685 -0.728 -0. -67.720 0. 0. -1. 0.
0.734 -0.679 -0. 142.609 -0.679 -0.734 -0. -68.923 0. 0. -1. 0.
0.745 -0.668 -0. 143.825 -0.668 -0.745 -0. -70.102 0. 0. -1. 0.
0.753 -0.659 -0. 145.109 -0.659 -0.753 -0. -71.153 0. 0. -1. 0.
0.777 -0.630 -0. 146.276 -0.630 -0.777 -0. -72.182 0. 0. -1. 0.
0.810 -0.587 -0. 147.540 -0.587 -0.810 -0. -73.120 0. 0. -1. 0.
0.845 -0.535 -0. 148.695 -0.535 -0.845 -0. -73.970 0. 0. -1. 0.
0.880 -0.474 -0. 149.912 -0.474 -0.880 -0. -74.737 0. 0. -1. 0.
0.918 -0.396 -0. 151.089 -0.396 -0.918 -0. -75.196 0. 0. -1. 0.
0.954 -0.300 -0. 152.295 -0.300 -0.954 -0. -75.568 0. 0. -1. 0.
0.983 -0.184 -0. 153.421 -0.184 -0.983 -0. -75.796 0. 0. -1. 0.
0.998 -0.061 -0. 154.542 -0.061 -0.998 -0. -75.900 0. 0. -1. 0.
0.996 0.084 0. 155.630 0.084 -0.996 -0. -75.715 0. 0. -1. 0.
0.968 0.250 0. 156.680 0.250 -0.968 -0. -75.457 0. 0. -1. 0.
0.917 0.400 0. 157.652 0.400 -0.917 -0. -74.972 0. 0. -1. 0.
0.833 0.553 0. 158.547 0.553 -0.833 -0. -74.439 0. 0. -1. 0.
0.724 0.690 0. 159.183 0.690 -0.724 -0. -73.740 0. 0. -1. 0.
0.592 0.806 0. 159.718 0.806 -0.592 -0. -72.920 0. 0. -1. 0.
0.443 0.897 0. 160.164 0.897 -0.443 -0. -71.994 0. 0. -1. 0.
0.270 0.963 0. 160.361 0.963 -0.270 -0. -71.102 0. 0. -1. 0.
0.095 0.995 0. 160.371 0.995 -0.095 -0. -70.091 0. 0. -1. 0.
-0.085 0.996 0. 160.311 0.996 0.085 0. -69.179 0. 0. -1. 0.
-0.259 0.966 0. 160.015 0.966 0.259 0. -68.307 0. 0. -1. 0.
-0.421 0.907 0. 159.576 0.907 0.421 0. -67.418 0. 0. -1. 0.
-0.569 0.822 0. 158.962 0.822 0.569 0. -66.605 0. 0. -1. 0.
-0.689 0.724 0. 158.196 0.724 0.689 0. -65.869 0. 0. -1. 0.
-0.787 0.617 0. 157.360 0.617 0.787 0. -65.178 0. 0. -1. 0.
-0.850 0.527 0. 156.310 0.527 0.850 0. -64.536 0. 0. -1. 0.
-0.899 0.439 0. 155.309 0.439 0.899 0. -64.040 0. 0. -1. 0.
-0.923 0.384 0. 154.075 0.384 0.923 0. -63.511 0. 0. -1. 0.
-0.945 0.327 0. 152.958 0.327 0.945 0. -63.186 0. 0. -1. 0.
-0.952 0.307 0. 151.616 0.307 0.952 0. -62.674 0. 0. -1. 0.
-0.956 0.292 0. 150.364 0.292 0.956 0. -62.405 0. 0. -1. 0.
-0.954 0.298 0. 148.886 0.298 0.954 0. -61.907 0. 0. -1. 0.
-0.952 0.306 0. 147.554 0.306 0.952 0. -61.417 0. 0. -1. 0.
-0.949 0.315 0. 146.045 0.315 0.949 0. -60.905 0. 0. -1. 0.
-0.938 0.346 0. 144.536 0.346 0.938 0. -60.340 0. 0. -1. 0.
-0.930 0.367 0. 143.004 0.367 0.930 0. -59.788 0. 0. -1. 0.
-0.920 0.392 0. 141.451 0.392 0.920 0. -59.090 0. 0. -1. 0.
-0.906 0.423 0. 139.957 0.423 0.906 0. -58.418 0. 0. -1. 0.
-0.889 0.459 0. 138.368 0.459 0.889 0. -57.560 0. 0. -1. 0.
-0.869 0.495 0. 136.826 0.495 0.869 0. -56.616 0. 0. -1. 0.
-0.846 0.534 0. 135.368 0.534 0.846 0. -55.613 0. 0. -1. 0.
-0.821 0.570 0. 133.865 0.570 0.821 0. -54.381 0. 0. -1. 0.
-0.797 0.604 0. 132.285 0.604 0.797 0. -53.334 0. 0. -1. 0.
-0.765 0.644 0. 130.838 0.644 0.765 0. -52.114 0. 0. -1. 0.
-0.732 0.682 0. 129.416 0.682 0.732 0. -50.857 0. 0. -1. 0.
-0.699 0.715 0. 128.160 0.715 0.699 0. -49.334 0. 0. -1. 0.
-0.671 0.741 0. 126.857 0.741 0.671 0. -47.872 0. 0. -1. 0.
-0.638 0.770 0. 125.539 0.770 0.638 0. -46.386 0. 0. -1. 0.
-0.605 0.796 0. 124.512 0.796 0.605 0. -44.841 0. 0. -1. 0.
-0.567 0.824 0. 123.425 0.824 0.567 0. -43.348 0. 0. -1. 0.
-0.525 0.851 0. 122.446 0.851 0.525 0. -41.693 0. 0. -1. 0.
-0.481 0.877 0. 121.463 0.877 0.481 0. -40.030 0. 0. -1. 0.
-0.438 0.899 0. 120.613 0.899 0.438 0. -38.312 0. 0. -1. 0.
-0.393 0.920 0. 119.925 0.920 0.393 0. -36.529 0. 0. -1. 0.
-0.365 0.931 0. 119.316 0.931 0.365 0. -34.660 0. 0. -1. 0.
-0.339 0.941 0. 118.588 0.941 0.339 0. -32.849 0. 0. -1. 0.
-0.324 0.946 0. 118.158 0.946 0.324 0. -30.918 0. 0. -1. 0.
-0.319 0.948 0. 117.529 0.948 0.319 0. -29.126 0. 0. -1. 0.
-0.322 0.947 0. 116.944 0.947 0.322 0. -27.279 0. 0. -1. 0.
-0.325 0.946 0. 116.311 0.946 0.325 0. -25.548 0. 0. -1. 0.
-0.343 0.939 0. 115.653 0.939 0.343 0. -23.755 0. 0. -1. 0.
-0.365 0.931 0. 114.840 0.931 0.365 0. -22.021 0. 0. -1. 0.
-0.396 0.918 0. 114.363 0.918 0.396 0. -20.236 0. 0. -1. 0.
-0.427 0.904 0. 113.710 0.904 0.427 0. -18.582 0. 0. -1. 0.
-0.470 0.883 0. 112.917 0.883 0.470 0. -16.890 0. 0. -1. 0.
-0.508 0.861 0. 111.788 0.861 0.508 0. -15.393 0. 0. -1. 0.
-0.559 0.829 0. 110.881 0.829 0.559 0. -13.874 0. 0. -1. 0.
-0.607 0.795 0. 109.857 0.795 0.607 0. -12.376 0. 0. -1. 0.
-0.665 0.747 0. 108.830 0.747 0.665 0. -10.908 0. 0. -1. 0.
-0.711 0.704 0. 107.419 0.704 0.711 0. -9.690 0. 0. -1. 0.
-0.756 0.654 0. 106.060 0.654 0.756 0. -8.444 0. 0. -1. 0.
-0.798 0.602 0. 104.669 0.602 0.798 0. -7.254 0. 0. -1. 0.
-0.835 0.550 0. 103.182 0.550 0.835 0. -6.211 0. 0. -1. 0.
-0.868 0.497 0. 101.475 0.497 0.868 0. -5.318 0. 0. -1. 0.
-0.902 0.432 0. 99.858 0.432 0.902 0. -4.400 0. 0. -1. 0.
-0.923 0.384 0. 98.174 0.384 0.923 0. -3.677 0. 0. -1. 0.
-0.945 0.328 0. 96.399 0.328 0.945 0. -3.013 0. 0. -1. 0.
-0.961 0.275 0. 94.644 0.275 0.961 0. -2.412 0. 0. -1. 0.
-0.975 0.223 0. 92.796 0.223 0.975 0. -1.937 0. 0. -1. 0.
-0.982 0.189 0. 91.012 0.189 0.982 0. -1.635 0. 0. -1. 0.
-0.989 0.146 0. 89.078 0.146 0.989 0. -1.363 0. 0. -1. 0.
-0.993 0.119 0. 87.114 0.119 0.993 0. -1.049 0. 0. -1. 0.
-0.995 0.098 0. 85.380 0.098 0.995 0. -0.858 0. 0. -1. 0.
-0.997 0.080 0. 83.552 0.080 0.997 0. -0.725 0. 0. -1. 0.
-0.998 0.063 0. 81.780 0.063 0.998 0. -0.620 0. 0. -1. 0.
-0.999 0.045 0. 79.925 0.045 0.999 0. -0.461 0. 0. -1. 0.
-0.999 0.044 0. 78.175 0.044 0.999 0. -0.446 0. 0. -1. 0.
-1.000 0.029 0. 76.491 0.029 1.000 0. -0.338 0. 0. -1. 0.
-1.000 0.019 0. 74.796 0.019 1.000 0. -0.243 0. 0. -1. 0.
-1. 0.014 0. 73.079 0.014 1. 0. -0.230 0. 0. -1. 0.
-1. 0.007 0. 71.486 0.007 1. 0. -0.152 0. 0. -1. 0.
-1. -0.005 -0. 69.886 -0.005 1. 0. -0.119 0. 0. -1. 0.
-1. -0.008 -0. 68.331 -0.008 1. 0. -0.197 0. 0. -1. 0.
-1.000 -0.017 -0. 66.774 -0.017 1.000 0. -0.255 0. 0. -1. 0.
-1.000 -0.014 -0. 65.209 -0.014 1.000 0. -0.195 0. 0. -1. 0.
-1.000 -0.021 -0. 63.732 -0.021 1.000 0. -0.170 0. 0. -1. 0.
-1.000 -0.019 -0. 62.299 -0.019 1.000 0. -0.194 0. 0. -1. 0.
-1.000 -0.022 -0. 60.949 -0.022 1.000 0. -0.156 0. 0. -1. 0.
-1.000 -0.018 -0. 59.637 -0.018 1.000 0. -0.065 0. 0. -1. 0.
-1.000 -0.017 -0. 58.370 -0.017 1.000 0. -0.087 0. 0. -1. 0.
-1. -0.009 -0. 57.136 -0.009 1. 0. -0.146 0. 0. -1. 0.
-1. -0.012 -0. 56.049 -0.012 1. 0. -0.111 0. 0. -1. 0.
-1. -0.012 -0. 54.812 -0.012 1. 0. -0.137 0. 0. -1. 0.
-1. -0.014 -0. 53.720 -0.014 1. 0. -0.169 0. 0. -1. 0.
-1.000 -0.025 -0. 52.569 -0.025 1.000 0. -0.100 0. 0. -1. 0.
-0.999 -0.039 -0. 51.436 -0.039 0.999 0. -0.302 0. 0. -1. 0.
-0.998 -0.061 -0. 50.246 -0.061 0.998 0. -0.217 0. 0. -1. 0.
-0.997 -0.081 -0. 48.961 -0.081 0.997 0. -0.275 0. 0. -1. 0.
-0.995 -0.098 -0. 47.598 -0.098 0.995 0. -0.319 0. 0. -1. 0.
-0.994 -0.105 -0. 46.232 -0.105 0.994 0. -0.475 0. 0. -1. 0.
-0.994 -0.112 -0. 44.837 -0.112 0.994 0. -0.633 0. 0. -1. 0.
-0.994 -0.113 -0. 43.334 -0.113 0.994 0. -0.770 0. 0. -1. 0.
-0.995 -0.097 -0. 41.757 -0.097 0.995 0. -0.830 0. 0. -1. 0.
-0.997 -0.079 -0. 40.255 -0.079 0.997 0. -1.006 0. 0. -1. 0.
-0.998 -0.060 -0. 38.636 -0.060 0.998 0. -1.165 0. 0. -1. 0.
-0.999 -0.045 -0. 36.936 -0.045 0.999 0. -1.183 0. 0. -1. 0.
-1.000 -0.026 -0. 35.296 -0.026 1.000 0. -1.330 0. 0. -1. 0.
-1. -0.006 -0. 33.485 -0.006 1. 0. -1.188 0. 0. -1. 0.
-1. 0.013 0. 31.656 0.013 1. 0. -1.072 0. 0. -1. 0.
-1.000 0.032 0. 29.911 0.032 1.000 0. -1.006 0. 0. -1. 0.
-0.999 0.051 0. 27.944 0.051 0.999 0. -0.961 0. 0. -1. 0.
-0.998 0.061 0. 26.014 0.061 0.998 0. -0.801 0. 0. -1. 0.
-0.998 0.068 0. 24.166 0.068 0.998 0. -0.528 0. 0. -1. 0.
-0.996 0.085 0. 22.077 0.085 0.996 0. -0.356 0. 0. -1. 0.
-0.996 0.089 0. 20.105 0.089 0.996 0. -0.135 0. 0. -1. 0.
-0.996 0.090 0. 18.021 0.090 0.996 0. 0.034 0. 0. -1. 0.
-0.996 0.093 0. 16.064 0.093 0.996 0. 0.195 0. 0. -1. 0.
-0.995 0.095 0. 13.950 0.095 0.995 0. 0.515 0. 0. -1. 0.
-0.995 0.096 0. 11.919 0.096 0.995 0. 0.736 0. 0. -1. 0.
-0.995 0.104 0. 9.862 0.104 0.995 0. 0.935 0. 0. -1. 0.
-0.995 0.100 0. 7.842 0.100 0.995 0. 1.117 0. 0. -1. 0.
-0.995 0.098 0. 5.730 0.098 0.995 0. 1.351 0. 0. -1. 0.
-0.995 0.099 0. 3.730 0.099 0.995 0. 1.541 0. 0. -1. 0.
-0.995 0.098 0. 1.722 0.098 0.995 0. 1.760 0. 0. -1. 0.
-0.995 0.100 0. -0.247 0.100 0.995 0. 1.960 0. 0. -1. 0.
-0.996 0.090 0. -2.263 0.090 0.996 0. 2.168 0. 0. -1. 0.
-0.997 0.081 0. -4.271 0.081 0.997 0. 2.475 0. 0. -1. 0.
-0.997 0.079 0. -6.287 0.079 0.997 0. 2.680 0. 0. -1. 0.
-0.997 0.080 0. -8.242 0.080 0.997 0. 2.888 0. 0. -1. 0.
-0.997 0.080 0. -10.113 0.080 0.997 0. 2.965 0. 0. -1. 0.
-0.997 0.080 0. -12.176 0.080 0.997 0. 3.174 0. 0. -1. 0.
-0.997 0.081 0. -14.180 0.081 0.997 0. 3.380 0. 0. -1. 0.
-0.997 0.080 0. -16.047 0.080 0.997 0. 3.719 0. 0. -1. 0.
-0.995 0.100 0. -18.129 0.100 0.995 0. 3.803 0. 0. -1. 0.
-0.995 0.098 0. -20.053 0.098 0.995 0. 4.016 0. 0. -1. 0.
-0.994 0.110 0. -22.039 0.110 0.994 0. 4.422 0. 0. -1. 0.
-0.994 0.110 0. -24.117 0.110 0.994 0. 4.628 0. 0. -1. 0.
-0.995 0.103 0. -26.135 0.103 0.995 0. 4.804 0. 0. -1. 0.
-0.996 0.088 0. -28.123 0.088 0.996 0. 5.120 0. 0. -1. 0.
-0.997 0.081 0. -30.204 0.081 0.997 0. 5.243 0. 0. -1. 0.
-0.998 0.069 0. -32.163 0.069 0.998 0. 5.218 0. 0. -1. 0.
-0.999 0.048 0. -34.100 0.048 0.999 0. 5.416 0. 0. -1. 0.
-0.999 0.034 0. -36.068 0.034 0.999 0. 5.498 0. 0. -1. 0.
-1. 0.011 0. -38.010 0.011 1. 0. 5.521 0. 0. -1. 0.
-1. -0.005 -0. -39.963 -0.005 1. 0. 5.514 0. 0. -1. 0.
-1.000 -0.018 -0. -41.818 -0.018 1.000 0. 5.536 0. 0. -1. 0.
-0.999 -0.043 -0. -43.739 -0.043 0.999 0. 5.524 0. 0. -1. 0.
-0.998 -0.057 -0. -45.619 -0.057 0.998 0. 5.361 0. 0. -1. 0.
-0.998 -0.063 -0. -47.408 -0.063 0.998 0. 5.269 0. 0. -1. 0.
-0.997 -0.082 -0. -49.037 -0.082 0.997 0. 5.186 0. 0. -1. 0.
-0.996 -0.085 -0. -50.811 -0.085 0.996 0. 5.077 0. 0. -1. 0.
-0.996 -0.093 -0. -52.404 -0.093 0.996 0. 4.980 0. 0. -1. 0.
-0.996 -0.089 -0. -53.977 -0.089 0.996 0. 4.852 0. 0. -1. 0.
-0.997 -0.076 -0. -55.622 -0.076 0.997 0. 4.885 0. 0. -1. 0.
-0.998 -0.056 -0. -57.056 -0.056 0.998 0. 4.765 0. 0. -1. 0.
-0.999 -0.036 -0. -58.509 -0.036 0.999 0. 4.688 0. 0. -1. 0.
-1. 0.001 0. -59.793 0.001 1. 0. 4.762 0. 0. -1. 0.
-0.998 0.059 0. -61.074 0.059 0.998 0. 4.759 0. 0. -1. 0.
-0.993 0.117 0. -62.155 0.117 0.993 0. 4.918 0. 0. -1. 0.
-0.982 0.186 0. -63.210 0.186 0.982 0. 5.221 0. 0. -1. 0.
-0.965 0.263 0. -64.253 0.263 0.965 0. 5.482 0. 0. -1. 0.
-0.938 0.346 0. -65.218 0.346 0.938 0. 5.885 0. 0. -1. 0.
-0.902 0.433 0. -66.204 0.433 0.902 0. 6.321 0. 0. -1. 0.
-0.853 0.522 0. -66.968 0.522 0.853 0. 6.878 0. 0. -1. 0.
-0.785 0.619 0. -67.715 0.619 0.785 0. 7.440 0. 0. -1. 0.
-0.717 0.697 0. -68.315 0.697 0.717 0. 8.300 0. 0. -1. 0.
-0.633 0.774 0. -68.972 0.774 0.633 0. 9.068 0. 0. -1. 0.
-0.546 0.838 0. -69.527 0.838 0.546 0. 9.929 0. 0. -1. 0.
-0.451 0.893 0. -70.028 0.893 0.451 0. 10.836 0. 0. -1. 0.
-0.359 0.933 0. -70.282 0.933 0.359 0. 11.740 0. 0. -1. 0.
-0.270 0.963 0. -70.627 0.963 0.270 0. 12.776 0. 0. -1. 0.
-0.202 0.979 0. -70.779 0.979 0.202 0. 13.917 0. 0. -1. 0.
-0.140 0.990 0. -70.935 0.990 0.140 0. 15.066 0. 0. -1. 0.
-0.100 0.995 0. -71.046 0.995 0.100 0. 16.185 0. 0. -1. 0.
-0.082 0.997 0. -71.103 0.997 0.082 0. 17.502 0. 0. -1. 0.
-0.066 0.998 0. -71.025 0.998 0.066 0. 18.805 0. 0. -1. 0.
-0.052 0.999 0. -71.203 0.999 0.052 0. 20.154 0. 0. -1. 0.
-0.044 0.999 0. -71.188 0.999 0.044 0. 21.435 0. 0. -1. 0.
-0.046 0.999 0. -71.231 0.999 0.046 0. 22.745 0. 0. -1. 0.
-0.041 0.999 0. -71.326 0.999 0.041 0. 24.229 0. 0. -1. 0.
-0.037 0.999 0. -71.346 0.999 0.037 0. 25.585 0. 0. -1. 0.
-0.039 0.999 0. -71.378 0.999 0.039 0. 27.018 0. 0. -1. 0.
-0.023 1.000 0. -71.376 1.000 0.023 0. 28.520 0. 0. -1. 0.
-0.026 1.000 0. -71.448 1.000 0.026 0. 29.999 0. 0. -1. 0.
-0.003 1. 0. -71.312 1. 0.003 0. 31.438 0. 0. -1. 0.
0.001 1. 0. -71.350 1. -0.001 -0. 32.968 0. 0. -1. 0.
0.028 1.000 0. -71.304 1.000 -0.028 -0. 34.406 0. 0. -1. 0.
0.039 0.999 0. -71.151 0.999 -0.039 -0. 35.851 0. 0. -1. 0.
0.069 0.998 0. -71.111 0.998 -0.069 -0. 37.316 0. 0. -1. 0.
0.092 0.996 0. -71.037 0.996 -0.092 -0. 38.712 0. 0. -1. 0.
0.115 0.993 0. -70.818 0.993 -0.115 -0. 40.291 0. 0. -1. 0.
0.145 0.989 0. -70.549 0.989 -0.145 -0. 41.721 0. 0. -1. 0.
0.163 0.987 0. -70.144 0.987 -0.163 -0. 43.227 0. 0. -1. 0.
0.186 0.983 0. -69.843 0.983 -0.186 -0. 44.758 0. 0. -1. 0.
0.198 0.980 0. -69.572 0.980 -0.198 -0. 46.283 0. 0. -1. 0.
0.207 0.978 0. -69.178 0.978 -0.207 -0. 47.967 0. 0. -1. 0.
0.202 0.979 0. -68.778 0.979 -0.202 -0. 49.572 0. 0. -1. 0.
0.184 0.983 0. -68.437 0.983 -0.184 -0. 51.190 0. 0. -1. 0.
0.163 0.987 0. -68.165 0.987 -0.163 -0. 52.851 0. 0. -1. 0.
0.131 0.991 0. -67.863 0.991 -0.131 -0. 54.626 0. 0. -1. 0.
0.101 0.995 0. -67.606 0.995 -0.101 -0. 56.400 0. 0. -1. 0.
0.072 0.997 0. -67.491 0.997 -0.072 -0. 58.164 0. 0. -1. 0.
0.045 0.999 0. -67.391 0.999 -0.045 -0. 60.000 0. 0. -1. 0.
0.028 1.000 0. -67.324 1.000 -0.028 -0. 61.772 0. 0. -1. 0.
0.000 1. 0. -67.333 1. -0.000 -0. 63.515 0. 0. -1. 0.
-0.005 1. 0. -67.293 1. 0.005 0. 65.381 0. 0. -1. 0.
-0.030 1.000 0. -67.291 1.000 0.030 0. 67.062 0. 0. -1. 0.
-0.026 1.000 0. -67.424 1.000 0.026 0. 68.821 0. 0. -1. 0.
-0.034 0.999 0. -67.461 0.999 0.034 0. 70.462 0. 0. -1. 0.
-0.047 0.999 0. -67.468 0.999 0.047 0. 72.259 0. 0. -1. 0.
-0.047 0.999 0. -67.347 0.999 0.047 0. 73.885 0. 0. -1. 0.
-0.053 0.999 0. -67.484 0.999 0.053 0. 75.499 0. 0. -1. 0.
-0.058 0.998 0. -67.565 0.998 0.058 0. 77.071 0. 0. -1. 0.
-0.060 0.998 0. -67.641 0.998 0.060 0. 78.750 0. 0. -1. 0.
-0.062 0.998 0. -67.688 0.998 0.062 0. 80.245 0. 0. -1. 0.
-0.079 0.997 0. -67.769 0.997 0.079 0. 81.833 0. 0. -1. 0.
-0.098 0.995 0. -67.912 0.995 0.098 0. 83.407 0. 0. -1. 0.
-0.133 0.991 0. -68.112 0.991 0.133 0. 84.860 0. 0. -1. 0.
-0.159 0.987 0. -68.254 0.987 0.159 0. 86.432 0. 0. -1. 0.
-0.213 0.977 0. -68.633 0.977 0.213 0. 87.786 0. 0. -1. 0.
-0.264 0.964 0. -68.940 0.964 0.264 0. 89.226 0. 0. -1. 0.
-0.317 0.948 0. -69.301 0.948 0.317 0. 90.655 0. 0. -1. 0.
-0.387 0.922 0. -69.897 0.922 0.387 0. 91.852 0. 0. -1. 0.
-0.457 0.889 0. -70.384 0.889 0.457 0. 93.071 0. 0. -1. 0.
-0.535 0.845 0. -71.137 0.845 0.535 0. 94.305 0. 0. -1. 0.
-0.612 0.791 0. -72.028 0.791 0.612 0. 95.397 0. 0. -1. 0.
-0.700 0.715 0. -72.927 0.715 0.700 0. 96.338 0. 0. -1. 0.
-0.771 0.637 0. -73.905 0.637 0.771 0. 97.333 0. 0. -1. 0.
-0.840 0.542 0. -74.905 0.542 0.840 0. 97.976 0. 0. -1. 0.
-0.890 0.457 0. -76.037 0.457 0.890 0. 98.627 0. 0. -1. 0.
-0.927 0.374 0. -77.248 0.374 0.927 0. 99.114 0. 0. -1. 0.
-0.952 0.307 0. -78.454 0.307 0.952 0. 99.475 0. 0. -1. 0.
-0.969 0.248 0. -79.756 0.248 0.969 0. 99.777 0. 0. -1. 0.
-0.977 0.212 0. -81.057 0.212 0.977 0. 100.036 0. 0. -1. 0.
-0.982 0.187 0. -82.447 0.187 0.982 0. 100.311 0. 0. -1. 0.
-0.985 0.174 0. -83.691 0.174 0.985 0. 100.556 0. 0. -1. 0.
-0.985 0.174 0. -85.196 0.174 0.985 0. 100.793 0. 0. -1. 0.
-0.982 0.186 0. -86.558 0.186 0.982 0. 101.162 0. 0. -1. 0.
-0.974 0.224 0. -88.154 0.224 0.974 0. 101.435 0. 0. -1. 0.
-0.964 0.267 0. -89.568 0.267 0.964 0. 101.711 0. 0. -1. 0.
-0.950 0.312 0. -91.105 0.312 0.950 0. 102.289 0. 0. -1. 0.
-0.932 0.363 0. -92.533 0.363 0.932 0. 103.060 0. 0. -1. 0.
-0.911 0.413 0. -93.959 0.413 0.911 0. 103.662 0. 0. -1. 0.
-0.882 0.472 0. -95.411 0.472 0.882 0. 104.550 0. 0. -1. 0.
-0.851 0.525 0. -96.738 0.525 0.851 0. 105.447 0. 0. -1. 0.
-0.814 0.581 0. -98.138 0.581 0.814 0. 106.459 0. 0. -1. 0.
-0.781 0.624 0. -99.494 0.624 0.781 0. 107.564 0. 0. -1. 0.
-0.755 0.656 0. -100.806 0.656 0.755 0. 108.638 0. 0. -1. 0.
-0.735 0.678 0. -102.095 0.678 0.735 0. 109.872 0. 0. -1. 0.
-0.716 0.698 0. -103.475 0.698 0.716 0. 111.119 0. 0. -1. 0.
-0.715 0.699 0. -104.753 0.699 0.715 0. 112.421 0. 0. -1. 0.
-0.708 0.706 0. -106.212 0.706 0.708 0. 113.754 0. 0. -1. 0.
-0.705 0.709 0. -107.583 0.709 0.705 0. 115.214 0. 0. -1. 0.
-0.708 0.706 0. -108.928 0.706 0.708 0. 116.614 0. 0. -1. 0.
-0.712 0.702 0. -110.285 0.702 0.712 0. 118.081 0. 0. -1. 0.
-0.712 0.702 0. -111.785 0.702 0.712 0. 119.548 0. 0. -1. 0.
-0.711 0.703 0. -113.249 0.703 0.711 0. 121.102 0. 0. -1. 0.
-0.711 0.703 0. -114.779 0.703 0.711 0. 122.593 0. 0. -1. 0.
-0.714 0.700 0. -116.254 0.700 0.714 0. 124.083 0. 0. -1. 0.
-0.715 0.699 0. -117.774 0.699 0.715 0. 125.695 0. 0. -1. 0.
-0.711 0.703 0. -119.405 0.703 0.711 0. 127.305 0. 0. -1. 0.
-0.709 0.705 0. -120.799 0.705 0.709 0. 128.838 0. 0. -1. 0.
-0.708 0.706 0. -122.451 0.706 0.708 0. 130.426 0. 0. -1. 0.
-0.710 0.704 0. -124.043 0.704 0.710 0. 132.054 0. 0. -1. 0.
-0.703 0.711 0. -125.630 0.711 0.703 0. 133.732 0. 0. -1. 0.
-0.704 0.710 0. -127.175 0.710 0.704 0. 135.388 0. 0. -1. 0.
-0.703 0.711 0. -128.728 0.711 0.703 0. 137.157 0. 0. -1. 0.
-0.705 0.710 0. -130.245 0.710 0.705 0. 138.871 0. 0. -1. 0.
-0.701 0.713 0. -131.903 0.713 0.701 0. 140.486 0. 0. -1. 0.
-0.702 0.712 0. -133.416 0.712 0.702 0. 142.161 0. 0. -1. 0.
-0.700 0.714 0. -135.056 0.714 0.700 0. 143.722 0. 0. -1. 0.
-0.697 0.717 0. -136.547 0.717 0.697 0. 145.504 0. 0. -1. 0.
-0.696 0.718 0. -138.044 0.718 0.696 0. 147.137 0. 0. -1. 0.
-0.690 0.724 0. -139.564 0.724 0.690 0. 148.858 0. 0. -1. 0.
-0.690 0.724 0. -141.112 0.724 0.690 0. 150.489 0. 0. -1. 0.
-0.689 0.725 0. -142.673 0.725 0.689 0. 152.123 0. 0. -1. 0.
-0.680 0.733 0. -144.180 0.733 0.680 0. 153.735 0. 0. -1. 0.
-0.673 0.739 0. -145.560 0.739 0.673 0. 155.446 0. 0. -1. 0.
-0.670 0.743 0. -146.960 0.743 0.670 0. 157.061 0. 0. -1. 0.
-0.653 0.758 0. -148.429 0.758 0.653 0. 158.755 0. 0. -1. 0.
-0.640 0.769 0. -149.697 0.769 0.640 0. 160.468 0. 0. -1. 0.
-0.618 0.786 0. -151.106 0.786 0.618 0. 162.148 0. 0. -1. 0.
-0.595 0.804 0. -152.281 0.804 0.595 0. 163.916 0. 0. -1. 0.
-0.561 0.828 0. -153.623 0.828 0.561 0. 165.626 0. 0. -1. 0.
-0.526 0.851 0. -154.548 0.851 0.526 0. 167.586 0. 0. -1. 0.
-0.486 0.874 0. -155.683 0.874 0.486 0. 169.409 0. 0. -1. 0.
-0.445 0.895 0. -156.553 0.895 0.445 0. 171.476 0. 0. -1. 0.
-0.400 0.917 0. -157.522 0.917 0.400 0. 173.363 0. 0. -1. 0.
-0.354 0.935 0. -158.068 0.935 0.354 0. 175.483 0. 0. -1. 0.
-0.312 0.950 0. -158.753 0.950 0.312 0. 177.539 0. 0. -1. 0.
-0.262 0.965 0. -159.387 0.965 0.262 0. 179.673 0. 0. -1. 0.
-0.229 0.974 0. -159.736 0.974 0.229 0. 181.829 0. 0. -1. 0.
-0.193 0.981 0. -160.205 0.981 0.193 0. 183.997 0. 0. -1. 0.
-0.172 0.985 0. -160.467 0.985 0.172 0. 186.155 0. 0. -1. 0.
-0.146 0.989 0. -160.960 0.989 0.146 0. 188.375 0. 0. -1. 0.
-0.126 0.992 0. -161.079 0.992 0.126 0. 190.617 0. 0. -1. 0.
-0.121 0.993 0. -161.370 0.993 0.121 0. 192.810 0. 0. -1. 0.
-0.103 0.995 0. -161.570 0.995 0.103 0. 195.130 0. 0. -1. 0.
-0.104 0.995 0. -161.701 0.995 0.104 0. 197.445 0. 0. -1. 0.
-0.093 0.996 0. -161.812 0.996 0.093 0. 199.817 0. 0. -1. 0.
-0.097 0.995 0. -162.042 0.995 0.097 0. 202.068 0. 0. -1. 0.
-0.097 0.995 0. -162.184 0.995 0.097 0. 204.436 0. 0. -1. 0.
-0.101 0.995 0. -162.321 0.995 0.101 0. 206.735 0. 0. -1. 0.
-0.120 0.993 0. -162.593 0.993 0.120 0. 209.038 0. 0. -1. 0.
-0.131 0.991 0. -162.848 0.991 0.131 0. 211.374 0. 0. -1. 0.
-0.155 0.988 0. -163.002 0.988 0.155 0. 213.573 0. 0. -1. 0.
-0.172 0.985 0. -163.587 0.985 0.172 0. 215.787 0. 0. -1. 0.
-0.203 0.979 0. -163.817 0.979 0.203 0. 217.976 0. 0. -1. 0.
-0.236 0.972 0. -164.312 0.972 0.236 0. 220.055 0. 0. -1. 0.
-0.284 0.959 0. -164.772 0.959 0.284 0. 222.050 0. 0. -1. 0.
-0.336 0.942 0. -165.462 0.942 0.336 0. 224.119 0. 0. -1. 0.
-0.394 0.919 0. -166.188 0.919 0.394 0. 225.954 0. 0. -1. 0.
-0.459 0.888 0. -167.104 0.888 0.459 0. 227.761 0. 0. -1. 0.
-0.525 0.851 0. -168.099 0.851 0.525 0. 229.377 0. 0. -1. 0.
-0.587 0.810 0. -169.321 0.810 0.587 0. 230.959 0. 0. -1. 0.
-0.644 0.765 0. -170.619 0.765 0.644 0. 232.453 0. 0. -1. 0.
-0.698 0.716 0. -171.793 0.716 0.698 0. 233.898 0. 0. -1. 0.
-0.747 0.665 0. -173.322 0.665 0.747 0. 235.230 0. 0. -1. 0.
-0.794 0.608 0. -174.791 0.608 0.794 0. 236.417 0. 0. -1. 0.
-0.835 0.550 0. -176.538 0.550 0.835 0. 237.494 0. 0. -1. 0.
-0.869 0.494 0. -178.169 0.494 0.869 0. 238.541 0. 0. -1. 0.
-0.894 0.448 0. -179.911 0.448 0.894 0. 239.480 0. 0. -1. 0.
-0.917 0.399 0. -181.739 0.399 0.917 0. 240.278 0. 0. -1. 0.
-0.933 0.360 0. -183.445 0.360 0.933 0. 241.206 0. 0. -1. 0.
-0.943 0.332 0. -185.443 0.332 0.943 0. 241.995 0. 0. -1. 0.
-0.950 0.313 0. -187.391 0.313 0.950 0. 242.732 0. 0. -1. 0.
-0.954 0.298 0. -189.416 0.298 0.954 0. 243.350 0. 0. -1. 0.
-0.958 0.287 0. -191.490 0.287 0.958 0. 244.044 0. 0. -1. 0.
-0.960 0.279 0. -193.676 0.279 0.960 0. 244.683 0. 0. -1. 0.
-0.962 0.272 0. -195.834 0.272 0.962 0. 245.389 0. 0. -1. 0.
-0.962 0.273 0. -197.987 0.273 0.962 0. 246.025 0. 0. -1. 0.
-0.965 0.264 0. -200.249 0.264 0.965 0. 246.626 0. 0. -1. 0.
-0.965 0.260 0. -202.457 0.260 0.965 0. 247.324 0. 0. -1. 0.
-0.965 0.261 0. -204.649 0.261 0.965 0. 247.960 0. 0. -1. 0.
-0.967 0.253 0. -206.853 0.253 0.967 0. 248.587 0. 0. -1. 0.
-0.967 0.253 0. -208.965 0.253 0.967 0. 249.173 0. 0. -1. 0.
-0.967 0.254 0. -211.210 0.254 0.967 0. 249.757 0. 0. -1. 0.
-0.967 0.254 0. -213.210 0.254 0.967 0. 250.360 0. 0. -1. 0.
-0.967 0.255 0. -215.301 0.255 0.967 0. 250.886 0. 0. -1. 0.
-0.967 0.254 0. -217.328 0.254 0.967 0. 251.515 0. 0. -1. 0.
-0.966 0.258 0. -219.257 0.258 0.966 0. 251.974 0. 0. -1. 0.
-0.964 0.266 0. -221.187 0.266 0.964 0. 252.505 0. 0. -1. 0.
-0.962 0.272 0. -222.896 0.272 0.962 0. 253.141 0. 0. -1. 0.
-0.959 0.282 0. -224.827 0.282 0.959 0. 253.769 0. 0. -1. 0.
-0.957 0.289 0. -226.474 0.289 0.957 0. 254.278 0. 0. -1. 0.
-0.953 0.304 0. -228.108 0.304 0.953 0. 254.735 0. 0. -1. 0.
-0.947 0.321 0. -229.713 0.321 0.947 0. 255.417 0. 0. -1. 0.
-0.941 0.337 0. -231.226 0.337 0.941 0. 255.973 0. 0. -1. 0.
-0.935 0.355 0. -232.680 0.355 0.935 0. 256.544 0. 0. -1. 0.
-0.926 0.377 0. -234.030 0.377 0.926 0. 257.160 0. 0. -1. 0.
-0.913 0.408 0. -235.440 0.408 0.913 0. 257.818 0. 0. -1. 0.
-0.901 0.434 0. -236.619 0.434 0.901 0. 258.361 0. 0. -1. 0.
-0.887 0.462 0. -237.670 0.462 0.887 0. 259.060 0. 0. -1. 0.
-0.879 0.478 0. -238.665 0.478 0.879 0. 259.588 0. 0. -1. 0.
-0.874 0.486 0. -239.724 0.486 0.874 0. 260.130 0. 0. -1. 0.
-0.874 0.485 0. -240.764 0.485 0.874 0. 260.711 0. 0. -1. 0.
-0.876 0.482 0. -241.686 0.482 0.876 0. 261.304 0. 0. -1. 0.
-0.879 0.477 0. -242.565 0.477 0.879 0. 261.794 0. 0. -1. 0.
-0.883 0.470 0. -243.421 0.470 0.883 0. 262.341 0. 0. -1. 0.
-0.884 0.467 0. -244.248 0.467 0.884 0. 262.683 0. 0. -1. 0.
-0.882 0.471 0. -244.904 0.471 0.882 0. 263.075 0. 0. -1. 0.
-0.883 0.470 0. -245.610 0.470 0.883 0. 263.378 0. 0. -1. 0.
-0.882 0.472 0. -246.250 0.472 0.882 0. 263.737 0. 0. -1. 0.
-0.882 0.471 0. -246.815 0.471 0.882 0. 264.253 0. 0. -1. 0.
-0.884 0.468 0. -247.240 0.468 0.884 0. 264.410 0. 0. -1. 0.
-0.882 0.472 0. -247.762 0.472 0.882 0. 264.628 0. 0. -1. 0.
-0.882 0.471 0. -248.091 0.471 0.882 0. 264.800 0. 0. -1. 0.
-0.885 0.466 0. -248.426 0.466 0.885 0. 265.061 0. 0. -1. 0.
-0.885 0.467 0. -248.805 0.467 0.885 0. 265.192 0. 0. -1. 0.
-0.885 0.466 0. -248.927 0.466 0.885 0. 265.388 0. 0. -1. 0.
-0.886 0.464 0. -249.105 0.464 0.886 0. 265.408 0. 0. -1. 0.
-0.886 0.464 0. -249.308 0.464 0.886 0. 265.477 0. 0. -1. 0.
-0.885 0.465 0. -249.429 0.465 0.885 0. 265.581 0. 0. -1. 0.
-0.885 0.465 0. -249.346 0.465 0.885 0. 265.527 0. 0. -1. 0.
-0.884 0.467 0. -249.485 0.467 0.884 0. 265.713 0. 0. -1. 0.
-0.885 0.465 0. -249.304 0.465 0.885 0. 265.480 0. 0. -1. 0.
-0.883 0.469 0. -249.443 0.469 0.883 0. 265.633 0. 0. -1. 0.
-0.886 0.463 0. -249.352 0.463 0.886 0. 265.569 0. 0. -1. 0.
-0.885 0.466 0. -249.537 0.466 0.885 0. 265.712 0. 0. -1. 0.
-0.882 0.470 0. -249.390 0.470 0.882 0. 265.592 0. 0. -1. 0.
-0.884 0.467 0. -249.441 0.467 0.884 0. 265.598 0. 0. -1. 0.
-0.886 0.463 0. -249.403 0.463 0.886 0. 265.679 0. 0. -1. 0.
-0.884 0.468 0. -249.478 0.468 0.884 0. 265.613 0. 0. -1. 0.
-0.884 0.468 0. -249.413 0.468 0.884 0. 265.539 0. 0. -1. 0.
-0.885 0.467 0. -249.432 0.467 0.885 0. 265.594 0. 0. -1. 0.
-0.887 0.463 0. -249.362 0.463 0.887 0. 265.683 0. 0. -1. 0.
-0.887 0.462 0. -249.430 0.462 0.887 0. 265.625 0. 0. -1. 0.
-0.885 0.465 0. -249.454 0.465 0.885 0. 265.743 0. 0. -1. 0.
-0.884 0.468 0. -249.338 0.468 0.884 0. 265.648 0. 0. -1. 0.
-0.883 0.469 0. -249.423 0.469 0.883 0. 265.661 0. 0. -1. 0.
-0.886 0.464 0. -249.353 0.464 0.886 0. 265.579 0. 0. -1. 0.
-0.884 0.468 0. -249.448 0.468 0.884 0. 265.604 0. 0. -1. 0.
-0.887 0.461 0. -249.332 0.461 0.887 0. 265.633 0. 0. -1. 0.
-0.883 0.469 0. -249.494 0.469 0.883 0. 265.638 0. 0. -1. 0.
-0.886 0.463 0. -249.289 0.463 0.886 0. 265.577 0. 0. -1. 0.
-0.886 0.463 0. -249.454 0.463 0.886 0. 265.629 0. 0. -1. 0.
-0.885 0.465 0. -249.344 0.465 0.885 0. 265.518 0. 0. -1. 0.
-0.884 0.468 0. -249.468 0.468 0.884 0. 265.716 0. 0. -1. 0.
-0.885 0.466 0. -249.292 0.466 0.885 0. 265.495 0. 0. -1. 0.
-0.884 0.468 0. -249.479 0.468 0.884 0. 265.582 0. 0. -1. 0.
-0.886 0.464 0. -249.401 0.464 0.886 0. 265.624 0. 0. -1. 0.
-0.884 0.467 0. -249.504 0.467 0.884 0. 265.784 0. 0. -1. 0.
-0.887 0.462 0. -249.354 0.462 0.887 0. 265.648 0. 0. -1. 0.
-0.885 0.466 0. -249.413 0.466 0.885 0. 265.531 0. 0. -1. 0.
-0.885 0.466 0. -249.350 0.466 0.885 0. 265.500 0. 0. -1. 0.
-0.884 0.467 0. -249.354 0.467 0.884 0. 265.477 0. 0. -1. 0.
-0.883 0.470 0. -249.441 0.470 0.883 0. 265.622 0. 0. -1. 0.
-0.885 0.466 0. -249.415 0.466 0.885 0. 265.613 0. 0. -1. 0.
-0.886 0.463 0. -249.423 0.463 0.886 0. 265.674 0. 0. -1. 0.
-0.884 0.467 0. -249.405 0.467 0.884 0. 265.592 0. 0. -1. 0.
-0.885 0.466 0. -249.316 0.466 0.885 0. 265.444 0. 0. -1. 0.
-0.886 0.463 0. -249.480 0.463 0.886 0. 265.666 0. 0. -1. 0.
-0.885 0.466 0. -249.405 0.466 0.885 0. 265.574 0. 0. -1. 0.
-0.886 0.463 0. -249.420 0.463 0.886 0. 265.475 0. 0. -1. 0.
-0.885 0.465 0. -249.458 0.465 0.885 0. 265.581 0. 0. -1. 0.
-0.884 0.468 0. -249.414 0.468 0.884 0. 265.598 0. 0. -1. 0.
-0.884 0.468 0. -249.435 0.468 0.884 0. 265.592 0. 0. -1. 0.
-0.884 0.467 0. -249.421 0.467 0.884 0. 265.578 0. 0. -1. 0.
-0.887 0.462 0. -249.409 0.462 0.887 0. 265.682 0. 0. -1. 0.
-0.885 0.466 0. -249.445 0.466 0.885 0. 265.605 0. 0. -1. 0.
-0.885 0.465 0. -249.381 0.465 0.885 0. 265.663 0. 0. -1. 0.
-0.886 0.463 0. -249.424 0.463 0.886 0. 265.682 0. 0. -1. 0.
-0.885 0.466 0. -249.428 0.466 0.885 0. 265.518 0. 0. -1. 0.
-0.885 0.465 0. -249.442 0.465 0.885 0. 265.679 0. 0. -1. 0.
-0.885 0.465 0. -249.425 0.465 0.885 0. 265.647 0. 0. -1. 0.
-0.885 0.465 0. -249.468 0.465 0.885 0. 265.649 0. 0. -1. 0.
-0.886 0.463 0. -249.382 0.463 0.886 0. 265.611 0. 0. -1. 0.
-0.886 0.464 0. -249.454 0.464 0.886 0. 265.646 0. 0. -1. 0.
-0.886 0.464 0. -249.368 0.464 0.886 0. 265.674 0. 0. -1. 0.
-0.883 0.469 0. -249.484 0.469 0.883 0. 265.519 0. 0. -1. 0.
-0.883 0.469 0. -249.432 0.469 0.883 0. 265.532 0. 0. -1. 0.
-0.885 0.466 0. -249.434 0.466 0.885 0. 265.547 0. 0. -1. 0.
-0.885 0.466 0. -249.415 0.466 0.885 0. 265.563 0. 0. -1. 0.
-0.884 0.467 0. -249.439 0.467 0.884 0. 265.681 0. 0. -1. 0.
-0.884 0.467 0. -249.339 0.467 0.884 0. 265.493 0. 0. -1. 0.
-0.884 0.468 0. -249.511 0.468 0.884 0. 265.641 0. 0. -1. 0.
-0.885 0.466 0. -249.411 0.466 0.885 0. 265.700 0. 0. -1. 0.
-0.884 0.467 0. -249.405 0.467 0.884 0. 265.584 0. 0. -1. 0.
-0.885 0.466 0. -249.341 0.466 0.885 0. 265.489 0. 0. -1. 0.
-0.885 0.466 0. -249.380 0.466 0.885 0. 265.458 0. 0. -1. 0.
-0.884 0.467 0. -249.445 0.467 0.884 0. 265.518 0. 0. -1. 0.
-0.884 0.468 0. -249.418 0.468 0.884 0. 265.596 0. 0. -1. 0.
-0.884 0.468 0. -249.437 0.468 0.884 0. 265.696 0. 0. -1. 0.
-0.885 0.466 0. -249.417 0.466 0.885 0. 265.614 0. 0. -1. 0.
-0.885 0.466 0. -249.403 0.466 0.885 0. 265.542 0. 0. -1. 0.
-0.885 0.466 0. -249.451 0.466 0.885 0. 265.636 0. 0. -1. 0.
-0.885 0.466 0. -249.439 0.466 0.885 0. 265.680 0. 0. -1. 0.
-0.885 0.465 0. -249.428 0.465 0.885 0. 265.712 0. 0. -1. 0.
-0.885 0.466 0. -249.339 0.466 0.885 0. 265.480 0. 0. -1. 0.
-0.885 0.466 0. -249.523 0.466 0.885 0. 265.718 0. 0. -1. 0.
-0.883 0.470 0. -249.438 0.470 0.883 0. 265.594 0. 0. -1. 0.
-0.884 0.468 0. -249.450 0.468 0.884 0. 265.611 0. 0. -1. 0.
-0.885 0.466 0. -249.441 0.466 0.885 0. 265.596 0. 0. -1. 0.
-0.882 0.470 0. -249.452 0.470 0.882 0. 265.602 0. 0. -1. 0.
-0.884 0.467 0. -249.401 0.467 0.884 0. 265.610 0. 0. -1. 0.
-0.885 0.466 0. -249.435 0.466 0.885 0. 265.659 0. 0. -1. 0.
-0.887 0.462 0. -249.371 0.462 0.887 0. 265.664 0. 0. -1. 0.
-0.886 0.464 0. -249.412 0.464 0.886 0. 265.554 0. 0. -1. 0.
-0.886 0.464 0. -249.395 0.464 0.886 0. 265.493 0. 0. -1. 0.
-0.883 0.469 0. -249.419 0.469 0.883 0. 265.590 0. 0. -1. 0.
-0.883 0.469 0. -249.415 0.469 0.883 0. 265.676 0. 0. -1. 0.
-0.884 0.467 0. -249.352 0.467 0.884 0. 265.541 0. 0. -1. 0.
-0.884 0.468 0. -249.444 0.468 0.884 0. 265.612 0. 0. -1. 0.
-0.887 0.462 0. -249.375 0.462 0.887 0. 265.646 0. 0. -1. 0.
-0.883 0.470 0. -249.493 0.470 0.883 0. 265.657 0. 0. -1. 0.
-0.886 0.463 0. -249.343 0.463 0.886 0. 265.553 0. 0. -1. 0.
-0.883 0.470 0. -249.495 0.470 0.883 0. 265.645 0. 0. -1. 0.
-0.885 0.465 0. -249.344 0.465 0.885 0. 265.594 0. 0. -1. 0.
-0.883 0.469 0. -249.485 0.469 0.883 0. 265.668 0. 0. -1. 0.
-0.885 0.465 0. -249.357 0.465 0.885 0. 265.573 0. 0. -1. 0.
-0.885 0.466 0. -249.402 0.466 0.885 0. 265.543 0. 0. -1. 0.
-0.883 0.469 0. -249.439 0.469 0.883 0. 265.621 0. 0. -1. 0.
-0.884 0.467 0. -249.361 0.467 0.884 0. 265.606 0. 0. -1. 0.
-0.883 0.470 0. -249.448 0.470 0.883 0. 265.740 0. 0. -1. 0.
-0.884 0.467 0. -249.433 0.467 0.884 0. 265.687 0. 0. -1. 0.
-0.882 0.471 0. -249.425 0.471 0.882 0. 265.628 0. 0. -1. 0.
-0.885 0.465 0. -249.359 0.465 0.885 0. 265.650 0. 0. -1. 0.
-0.885 0.466 0. -249.411 0.466 0.885 0. 265.493 0. 0. -1. 0.
-0.883 0.470 0. -249.444 0.470 0.883 0. 265.595 0. 0. -1. 0.
-0.886 0.463 0. -249.358 0.463 0.886 0. 265.585 0. 0. -1. 0.
-0.885 0.466 0. -249.433 0.466 0.885 0. 265.521 0. 0. -1. 0.
-0.884 0.468 0. -249.415 0.468 0.884 0. 265.586 0. 0. -1. 0.
-0.886 0.465 0. -249.414 0.465 0.886 0. 265.591 0. 0. -1. 0.
-0.884 0.467 0. -249.434 0.467 0.884 0. 265.589 0. 0. -1. 0.
-0.885 0.466 0. -249.380 0.466 0.885 0. 265.602 0. 0. -1. 0.
-0.884 0.467 0. -249.521 0.467 0.884 0. 265.693 0. 0. -1. 0.
-0.886 0.463 0. -249.502 0.463 0.886 0. 265.651 0. 0. -1. 0.
-0.885 0.466 0. -249.757 0.466 0.885 0. 265.836 0. 0. -1. 0.
-0.884 0.467 0. -249.855 0.467 0.884 0. 265.965 0. 0. -1. 0.
-0.884 0.467 0. -250.148 0.467 0.884 0. 265.982 0. 0. -1. 0.
-0.884 0.468 0. -250.397 0.468 0.884 0. 266.121 0. 0. -1. 0.
-0.882 0.472 0. -250.807 0.472 0.882 0. 266.434 0. 0. -1. 0.
-0.882 0.471 0. -251.256 0.471 0.882 0. 266.593 0. 0. -1. 0.
-0.873 0.488 0. -251.832 0.488 0.873 0. 266.857 0. 0. -1. 0.
-0.864 0.503 0. -252.397 0.503 0.864 0. 267.287 0. 0. -1. 0.
-0.847 0.532 0. -252.981 0.532 0.847 0. 267.689 0. 0. -1. 0.
-0.818 0.576 0. -253.630 0.576 0.818 0. 268.116 0. 0. -1. 0.
-0.780 0.626 0. -254.269 0.626 0.780 0. 268.501 0. 0. -1. 0.
-0.726 0.688 0. -254.593 0.688 0.726 0. 269.154 0. 0. -1. 0.
-0.675 0.738 0. -255.088 0.738 0.675 0. 269.648 0. 0. -1. 0.
-0.619 0.785 0. -255.600 0.785 0.619 0. 270.248 0. 0. -1. 0.
