1611086935960000 1.00000 0.00000 0.00000 -0.00000 0.00000 -1.00000 0.00000 0.00000 0.00000 -0.00000 -1.00000 0.00000
1611086936210638 0.99994 -0.01052 0.00000 -0.00953 -0.01052 -0.99994 0.00000 -0.01062 -0.00000 -0.00000 -1.00000 -0.00000
1611086936460638 0.99995 -0.01043 0.00000 0.00740 -0.01043 -0.99995 0.00000 -0.01643 -0.00000 -0.00000 -1.00000 -0.00000
1611086936710016 0.99998 -0.00548 0.00000 0.03641 -0.00548 -0.99998 0.00000 -0.00851 -0.00000 -0.00000 -1.00000 -0.00000
1611086936960028 1.00000 0.00158 0.00000 -0.02359 0.00158 -1.00000 0.00000 0.00725 0.00000 -0.00000 -1.00000 0.00000
1611086937210644 0.99996 -0.00852 0.00000 -0.05150 -0.00852 -0.99996 0.00000 0.01519 -0.00000 -0.00000 -1.00000 0.00000
1611086937460645 0.99994 -0.01052 0.00000 0.00488 -0.01052 -0.99994 0.00000 -0.00559 -0.00000 -0.00000 -1.00000 -0.00000
1611086937710656 0.99994 -0.01106 0.00000 0.00014 -0.01106 -0.99994 0.00000 -0.01185 -0.00000 -0.00000 -1.00000 -0.00000
1611086937960658 0.99994 -0.01085 0.00000 0.00111 -0.01085 -0.99994 0.00000 -0.00414 -0.00000 -0.00000 -1.00000 -0.00000
1611086938210656 0.99996 -0.00945 -0.00000 -0.00625 -0.00945 -0.99996 0.00000 0.01143 -0.00000 -0.00000 -1.00000 0.00000
1611086938460656 0.99996 -0.00937 0.00000 -0.01703 -0.00937 -0.99996 0.00000 0.01465 -0.00000 -0.00000 -1.00000 0.00000
1611086938710664 0.99997 -0.00788 0.00000 -0.01222 -0.00788 -0.99997 0.00000 0.01284 -0.00000 -0.00000 -1.00000 0.00000
1611086938960666 0.99998 -0.00640 -0.00000 0.03144 -0.00640 -0.99998 0.00000 0.01100 -0.00000 -0.00000 -1.00000 0.00000
1611086939210041 1.00000 -0.00191 0.00000 -0.00989 -0.00191 -1.00000 0.00000 0.00569 -0.00000 -0.00000 -1.00000 0.00000
1611086939460043 1.00000 -0.00290 -0.00000 -0.02140 -0.00290 -1.00000 0.00000 0.02456 -0.00000 -0.00000 -1.00000 0.00000
1611086939710064 0.99999 -0.00463 0.00000 -0.00102 -0.00463 -0.99999 0.00000 0.00212 -0.00000 -0.00000 -1.00000 0.00000
1611086939960058 0.99998 -0.00665 0.00000 -0.00092 -0.00665 -0.99998 0.00000 0.00488 -0.00000 -0.00000 -1.00000 0.00000
1611086940210063 0.99998 -0.00677 -0.00000 0.01507 -0.00677 -0.99998 0.00000 -0.00065 -0.00000 -0.00000 -1.00000 -0.00000
1611086940460064 0.99999 -0.00394 -0.00000 -0.01196 -0.00394 -0.99999 0.00000 0.01292 -0.00000 -0.00000 -1.00000 0.00000
1611086940710062 0.99997 -0.00720 0.00000 -0.02336 -0.00720 -0.99997 0.00000 0.02395 -0.00000 -0.00000 -1.00000 0.00000
1611086940960061 0.99994 -0.01067 0.00000 0.00303 -0.01067 -0.99994 0.00000 0.00055 -0.00000 -0.00000 -1.00000 0.00000
1611086941210074 0.99995 -0.00972 -0.00000 -0.00866 -0.00972 -0.99995 0.00000 0.00375 -0.00000 -0.00000 -1.00000 0.00000
1611086941460071 0.99998 -0.00690 0.00000 0.00225 -0.00690 -0.99998 0.00000 0.00100 -0.00000 -0.00000 -1.00000 0.00000
1611086941710074 1.00000 -0.00310 0.00000 -0.00565 -0.00310 -1.00000 0.00000 -0.00012 -0.00000 -0.00000 -1.00000 -0.00000
1611086941960073 0.99999 -0.00342 0.00000 -0.00108 -0.00342 -0.99999 0.00000 0.00876 -0.00000 -0.00000 -1.00000 0.00000
1611086942210088 0.99996 -0.00840 0.00000 -0.01133 -0.00840 -0.99996 0.00000 0.02180 -0.00000 -0.00000 -1.00000 0.00000
1611086942460088 0.99993 -0.01190 -0.00000 0.00269 -0.01190 -0.99993 0.00000 0.05676 -0.00000 -0.00000 -1.00000 0.00000
1611086942710089 0.99994 -0.01131 0.00000 -0.02144 -0.01131 -0.99994 0.00000 0.02398 -0.00000 -0.00000 -1.00000 0.00000
1611086942960088 0.99996 -0.00870 0.00000 -0.01156 -0.00870 -0.99996 0.00000 0.04808 -0.00000 -0.00000 -1.00000 0.00000
1611086943209465 1.00000 0.00107 0.00000 -0.01195 0.00107 -1.00000 0.00000 -0.00045 0.00000 -0.00000 -1.00000 -0.00000
1611086943460094 0.99996 -0.00859 0.00000 -0.04482 -0.00859 -0.99996 0.00000 0.07883 -0.00000 -0.00000 -1.00000 0.00000
1611086943710098 0.99996 -0.00896 0.00000 0.00761 -0.00896 -0.99996 0.00000 0.02385 -0.00000 -0.00000 -1.00000 0.00000
1611086943960100 0.99997 -0.00810 0.00000 -0.00917 -0.00810 -0.99997 0.00000 0.05284 -0.00000 -0.00000 -1.00000 0.00000
1611086944209476 1.00000 -0.00176 0.00000 -0.01320 -0.00176 -1.00000 0.00000 0.03383 -0.00000 -0.00000 -1.00000 0.00000
1611086944459479 1.00000 0.00040 0.00000 -0.02757 0.00040 -1.00000 0.00000 0.01139 0.00000 -0.00000 -1.00000 0.00000
1611086944709494 1.00000 -0.00010 0.00000 -0.02359 -0.00010 -1.00000 0.00000 0.01274 -0.00000 -0.00000 -1.00000 0.00000
1611086944959501 1.00000 -0.00145 0.00000 -0.00415 -0.00145 -1.00000 0.00000 0.01464 -0.00000 -0.00000 -1.00000 0.00000
1611086945209492 1.00000 -0.00153 0.00000 -0.01365 -0.00153 -1.00000 0.00000 0.02077 -0.00000 -0.00000 -1.00000 0.00000
1611086945459496 1.00000 -0.00194 0.00000 -0.00597 -0.00194 -1.00000 0.00000 0.00574 -0.00000 -0.00000 -1.00000 0.00000
1611086945709498 1.00000 -0.00196 0.00000 -0.00115 -0.00196 -1.00000 0.00000 0.00399 -0.00000 -0.00000 -1.00000 0.00000
1611086945959510 0.99999 -0.00367 0.00000 -0.00846 -0.00367 -0.99999 0.00000 0.01027 -0.00000 -0.00000 -1.00000 0.00000
1611086946209506 1.00000 -0.00304 -0.00000 0.00497 -0.00304 -1.00000 0.00000 0.00493 -0.00000 -0.00000 -1.00000 0.00000
1611086946459511 1.00000 -0.00030 0.00000 -0.00108 -0.00030 -1.00000 0.00000 0.00546 -0.00000 -0.00000 -1.00000 0.00000
1611086946709515 0.99999 -0.00473 0.00000 -0.03900 -0.00473 -0.99999 0.00000 0.02788 -0.00000 -0.00000 -1.00000 0.00000
1611086946959522 0.99998 -0.00550 -0.00000 0.00073 -0.00550 -0.99998 0.00000 0.00630 -0.00000 -0.00000 -1.00000 0.00000
1611086947209518 0.99997 -0.00770 -0.00000 -0.01574 -0.00770 -0.99997 0.00000 0.01737 -0.00000 -0.00000 -1.00000 0.00000
1611086947459527 0.99999 -0.00435 0.00000 0.00696 -0.00435 -0.99999 0.00000 -0.00753 -0.00000 -0.00000 -1.00000 -0.00000
1611086947709526 0.99999 -0.00474 0.00000 -0.03254 -0.00474 -0.99999 0.00000 0.03217 -0.00000 -0.00000 -1.00000 0.00000
1611086947959527 0.99996 -0.00871 0.00000 -0.01502 -0.00871 -0.99996 0.00000 0.01266 -0.00000 -0.00000 -1.00000 0.00000
1611086948209534 0.99996 -0.00941 0.00000 -0.00590 -0.00941 -0.99996 0.00000 0.01492 -0.00000 -0.00000 -1.00000 0.00000
1611086948459538 1.00000 -0.00314 0.00000 -0.00290 -0.00314 -1.00000 0.00000 0.03667 -0.00000 -0.00000 -1.00000 0.00000
1611086948708919 1.00000 0.00064 0.00000 -0.03551 0.00064 -1.00000 0.00000 0.03265 0.00000 -0.00000 -1.00000 0.00000
1611086948958915 0.99999 -0.00372 -0.00000 -0.01853 -0.00372 -0.99999 0.00000 0.01883 -0.00000 -0.00000 -1.00000 0.00000
1611086949208914 1.00000 -0.00302 0.00000 -0.00070 -0.00302 -1.00000 0.00000 0.00371 -0.00000 -0.00000 -1.00000 0.00000
1611086949458925 0.99999 -0.00481 0.00000 -0.00677 -0.00481 -0.99999 0.00000 0.01625 -0.00000 -0.00000 -1.00000 0.00000
1611086949708926 1.00000 -0.00297 0.00000 -0.00514 -0.00297 -1.00000 0.00000 0.00468 -0.00000 -0.00000 -1.00000 0.00000
1611086949958934 0.99999 -0.00397 0.00000 -0.00828 -0.00397 -0.99999 0.00000 0.02698 -0.00000 -0.00000 -1.00000 0.00000
1611086950208940 1.00000 -0.00099 0.00000 0.00199 -0.00099 -1.00000 0.00000 -0.00961 -0.00000 -0.00000 -1.00000 -0.00000
1611086950458935 1.00000 -0.00123 0.00000 -0.01892 -0.00123 -1.00000 0.00000 0.01351 -0.00000 -0.00000 -1.00000 0.00000
1611086950708942 0.99998 -0.00650 0.00000 -0.01310 -0.00650 -0.99998 0.00000 0.02742 -0.00000 -0.00000 -1.00000 0.00000
1611086950958935 0.99998 -0.00639 0.00000 0.01662 -0.00639 -0.99998 0.00000 0.00930 -0.00000 -0.00000 -1.00000 0.00000
1611086951208940 1.00000 -0.00211 0.00000 0.00309 -0.00211 -1.00000 0.00000 0.00658 -0.00000 -0.00000 -1.00000 0.00000
1611086951458941 1.00000 -0.00192 0.00000 -0.00898 -0.00192 -1.00000 0.00000 0.01694 -0.00000 -0.00000 -1.00000 0.00000
1611086951708949 1.00000 -0.00077 -0.00000 0.00220 -0.00077 -1.00000 0.00000 -0.01026 -0.00000 -0.00000 -1.00000 -0.00000
1611086951958957 1.00000 -0.00177 0.00000 -0.01780 -0.00177 -1.00000 0.00000 0.03541 -0.00000 -0.00000 -1.00000 0.00000
1611086952208957 0.99997 -0.00797 0.00000 -0.00437 -0.00797 -0.99997 0.00000 0.01306 -0.00000 -0.00000 -1.00000 0.00000
1611086952458952 0.99997 -0.00831 0.00000 0.00551 -0.00831 -0.99997 0.00000 0.01100 -0.00000 -0.00000 -1.00000 0.00000
1611086952708959 0.99996 -0.00905 0.00000 -0.02260 -0.00905 -0.99996 0.00000 0.04852 -0.00000 -0.00000 -1.00000 0.00000
1611086952958353 1.00000 0.00083 0.00000 -0.00669 0.00083 -1.00000 0.00000 0.00507 0.00000 -0.00000 -1.00000 0.00000
1611086953208353 1.00000 -0.00053 0.00000 -0.03884 -0.00053 -1.00000 0.00000 0.04338 -0.00000 -0.00000 -1.00000 0.00000
1611086953458348 0.99998 -0.00666 0.00000 -0.01428 -0.00666 -0.99998 0.00000 0.02268 -0.00000 -0.00000 -1.00000 0.00000
1611086953708353 0.99996 -0.00846 0.00000 0.01055 -0.00846 -0.99996 0.00000 -0.00609 -0.00000 -0.00000 -1.00000 -0.00000
1611086953958354 0.99995 -0.00959 0.00000 -0.01607 -0.00959 -0.99995 0.00000 0.01312 -0.00000 -0.00000 -1.00000 0.00000
1611086954208357 0.99998 -0.00699 0.00000 -0.00459 -0.00699 -0.99998 0.00000 0.00633 -0.00000 -0.00000 -1.00000 0.00000
1611086954458360 0.99999 -0.00504 -0.00000 -0.00689 -0.00504 -0.99999 0.00000 0.02015 -0.00000 -0.00000 -1.00000 0.00000
1611086954708363 0.99993 -0.01149 -0.00000 -0.03253 -0.01149 -0.99993 0.00000 0.01255 -0.00000 -0.00000 -1.00000 0.00000
1611086954958362 0.99999 -0.00488 -0.00000 0.02992 -0.00488 -0.99999 0.00000 -0.05143 -0.00000 -0.00000 -1.00000 -0.00000
1611086955208998 0.99999 -0.00527 0.00000 0.00430 -0.00527 -0.99999 0.00000 0.00381 -0.00000 -0.00000 -1.00000 0.00000
1611086955459621 1.00000 -0.00077 0.00000 -0.04374 -0.00077 -1.00000 0.00000 0.05118 -0.00000 -0.00000 -1.00000 0.00000
1611086955709625 1.00000 -0.00097 -0.00000 0.00906 -0.00097 -1.00000 0.00000 -0.01378 -0.00000 -0.00000 -1.00000 -0.00000
1611086955959631 1.00000 0.00078 0.00000 -0.00935 0.00078 -1.00000 0.00000 0.00978 0.00000 -0.00000 -1.00000 0.00000
1611086956209628 0.99999 -0.00398 0.00000 -0.01532 -0.00398 -0.99999 0.00000 0.02657 -0.00000 -0.00000 -1.00000 0.00000
1611086956459633 0.99998 -0.00608 0.00000 0.00527 -0.00608 -0.99998 0.00000 0.01036 -0.00000 -0.00000 -1.00000 0.00000
1611086956709636 0.99998 -0.00569 -0.00000 -0.00789 -0.00569 -0.99998 0.00000 0.01937 -0.00000 -0.00000 -1.00000 0.00000
1611086956959012 1.00000 -0.00276 0.00000 0.01349 -0.00276 -1.00000 0.00000 -0.04685 -0.00000 -0.00000 -1.00000 -0.00000
1611086957209017 0.99999 -0.00331 0.00000 -0.01792 -0.00331 -0.99999 0.00000 0.02976 -0.00000 -0.00000 -1.00000 0.00000
1611086957459018 1.00000 0.00030 0.00000 -0.00484 0.00030 -1.00000 0.00000 -0.00920 0.00000 -0.00000 -1.00000 -0.00000
1611086957709649 0.99996 -0.00886 0.00000 -0.08286 -0.00886 -0.99996 0.00000 0.00731 -0.00000 -0.00000 -1.00000 0.00000
1611086957959650 0.99994 -0.01127 -0.00000 -0.00015 -0.01127 -0.99994 0.00000 -0.00562 -0.00000 -0.00000 -1.00000 -0.00000
1611086958209666 0.99994 -0.01067 0.00000 -0.03625 -0.01067 -0.99994 0.00000 0.03694 -0.00000 -0.00000 -1.00000 0.00000
1611086958459656 0.99997 -0.00807 0.00000 -0.02370 -0.00807 -0.99997 0.00000 0.04754 -0.00000 -0.00000 -1.00000 0.00000
1611086958709036 1.00000 0.00096 0.00000 -0.01229 0.00096 -1.00000 0.00000 0.00870 0.00000 -0.00000 -1.00000 0.00000
1611086958959666 0.99998 -0.00675 0.00000 -0.05372 -0.00675 -0.99998 0.00000 0.06478 -0.00000 -0.00000 -1.00000 0.00000
1611086959209671 1.00000 -0.00173 0.00000 -0.04338 -0.00173 -1.00000 0.00000 0.04634 -0.00000 -0.00000 -1.00000 0.00000
1611086959459047 1.00000 -0.00218 0.00000 -0.04066 -0.00218 -1.00000 0.00000 0.02196 -0.00000 -0.00000 -1.00000 0.00000
1611086959709047 0.99995 -0.00974 0.00000 -0.03336 -0.00974 -0.99995 0.00000 0.04715 -0.00000 -0.00000 -1.00000 0.00000
1611086959959050 0.99995 -0.00978 0.00000 0.00623 -0.00978 -0.99995 0.00000 0.00610 -0.00000 -0.00000 -1.00000 0.00000
1611086960209054 0.99996 -0.00841 0.00000 -0.02519 -0.00841 -0.99996 0.00000 0.04314 -0.00000 -0.00000 -1.00000 0.00000
1611086960458435 1.00000 0.00092 -0.00000 -0.03754 0.00092 -1.00000 0.00000 0.01633 0.00000 -0.00000 -1.00000 0.00000
1611086960709064 0.99995 -0.00952 0.00000 -0.02715 -0.00952 -0.99995 0.00000 0.02436 -0.00000 -0.00000 -1.00000 0.00000
1611086960959072 0.99997 -0.00820 0.00000 0.00339 -0.00820 -0.99997 0.00000 0.00304 -0.00000 -0.00000 -1.00000 0.00000
1611086961209072 0.99995 -0.01024 0.00000 -0.02833 -0.01024 -0.99995 0.00000 0.00611 -0.00000 -0.00000 -1.00000 0.00000
1611086961459074 0.99998 -0.00676 0.00000 -0.02416 -0.00676 -0.99998 0.00000 -0.00856 -0.00000 -0.00000 -1.00000 -0.00000
1611086961709073 1.00000 -0.00263 0.00000 -0.07302 -0.00263 -1.00000 0.00000 -0.00142 -0.00000 -0.00000 -1.00000 -0.00000
1611086961959075 0.99997 -0.00772 0.00000 -0.18418 -0.00772 -0.99997 0.00000 -0.00490 -0.00000 -0.00000 -1.00000 -0.00000
1611086962209081 0.99992 -0.01272 0.00000 -0.33864 -0.01272 -0.99992 0.00000 -0.11090 -0.00000 -0.00000 -1.00000 -0.00000
1611086962459089 0.99986 -0.01686 0.00000 -0.55114 -0.01686 -0.99986 0.00000 -0.04285 -0.00000 -0.00000 -1.00000 -0.00000
1611086962709090 0.99963 -0.02728 0.00000 -0.83796 -0.02728 -0.99963 0.00000 -0.00668 -0.00000 -0.00000 -1.00000 -0.00000
1611086962959090 0.99889 -0.04701 -0.00000 -1.25051 -0.04701 -0.99889 0.00000 0.00063 -0.00000 -0.00000 -1.00000 0.00000
1611086963209103 0.99771 -0.06761 0.00000 -1.74184 -0.06761 -0.99771 0.00000 0.01992 -0.00000 -0.00000 -1.00000 0.00000
1611086963459099 0.99622 -0.08685 0.00000 -2.30445 -0.08685 -0.99622 0.00000 0.02310 -0.00000 -0.00000 -1.00000 0.00000
1611086963709723 0.99373 -0.11180 -0.00000 -2.96485 -0.11180 -0.99373 0.00000 0.13807 -0.00000 -0.00000 -1.00000 0.00000
1611086963959729 0.99159 -0.12941 0.00000 -3.68468 -0.12941 -0.99159 0.00000 0.23032 -0.00000 -0.00000 -1.00000 0.00000
1611086964209101 0.99008 -0.14053 0.00000 -4.43452 -0.14053 -0.99008 0.00000 0.15292 -0.00000 -0.00000 -1.00000 0.00000
1611086964459106 0.98782 -0.15561 0.00000 -5.34589 -0.15561 -0.98782 0.00000 0.14070 -0.00000 -0.00000 -1.00000 0.00000
1611086964709110 0.98742 -0.15815 0.00000 -6.21676 -0.15815 -0.98742 0.00000 0.16596 -0.00000 -0.00000 -1.00000 0.00000
1611086964958488 0.98884 -0.14900 0.00000 -7.23757 -0.14900 -0.98884 0.00000 0.09835 -0.00000 -0.00000 -1.00000 0.00000
1611086965208492 0.99015 -0.14000 -0.00000 -8.23482 -0.14000 -0.99015 0.00000 0.04675 -0.00000 -0.00000 -1.00000 0.00000
1611086965458493 0.99151 -0.13002 0.00000 -9.35449 -0.13002 -0.99151 0.00000 0.01256 -0.00000 -0.00000 -1.00000 0.00000
1611086965708496 0.99232 -0.12369 -0.00000 -10.39429 -0.12369 -0.99232 0.00000 -0.07063 -0.00000 -0.00000 -1.00000 -0.00000
1611086965958506 0.99261 -0.12136 0.00000 -11.49971 -0.12136 -0.99261 0.00000 -0.12755 -0.00000 -0.00000 -1.00000 -0.00000
1611086966208512 0.99329 -0.11568 0.00000 -12.72113 -0.11568 -0.99329 0.00000 -0.25514 -0.00000 -0.00000 -1.00000 -0.00000
1611086966458506 0.99472 -0.10263 0.00000 -13.91938 -0.10263 -0.99472 0.00000 -0.32005 -0.00000 -0.00000 -1.00000 -0.00000
1611086966708508 0.99582 -0.09138 -0.00000 -15.22849 -0.09138 -0.99582 0.00000 -0.50728 -0.00000 -0.00000 -1.00000 -0.00000
1611086966958512 0.99620 -0.08706 0.00000 -16.47554 -0.08706 -0.99620 0.00000 -0.62301 -0.00000 -0.00000 -1.00000 -0.00000
1611086967209146 0.99649 -0.08371 0.00000 -17.79643 -0.08371 -0.99649 0.00000 -0.69925 -0.00000 -0.00000 -1.00000 -0.00000
1611086967459148 0.99701 -0.07722 0.00000 -19.10810 -0.07722 -0.99701 0.00000 -0.88226 -0.00000 -0.00000 -1.00000 -0.00000
1611086967709150 0.99739 -0.07223 -0.00000 -20.53553 -0.07223 -0.99739 0.00000 -0.95710 -0.00000 -0.00000 -1.00000 -0.00000
1611086967959151 0.99813 -0.06116 0.00000 -21.95150 -0.06116 -0.99813 0.00000 -1.17737 -0.00000 -0.00000 -1.00000 -0.00000
1611086968209165 0.99805 -0.06238 0.00000 -23.38322 -0.06238 -0.99805 0.00000 -1.16743 -0.00000 -0.00000 -1.00000 -0.00000
1611086968459151 0.99805 -0.06237 0.00000 -24.89241 -0.06237 -0.99805 0.00000 -1.22095 -0.00000 -0.00000 -1.00000 -0.00000
1611086968709157 0.99828 -0.05867 0.00000 -26.30668 -0.05867 -0.99828 0.00000 -1.37803 -0.00000 -0.00000 -1.00000 -0.00000
1611086968958551 0.99912 -0.04195 -0.00000 -27.79237 -0.04195 -0.99912 0.00000 -1.84040 -0.00000 -0.00000 -1.00000 -0.00000
1611086969208539 0.99948 -0.03231 0.00000 -29.19603 -0.03231 -0.99948 0.00000 -2.19200 -0.00000 -0.00000 -1.00000 -0.00000
1611086969459162 0.99947 -0.03270 -0.00000 -30.75041 -0.03270 -0.99947 0.00000 -2.13773 -0.00000 -0.00000 -1.00000 -0.00000
1611086969709168 0.99968 -0.02530 0.00000 -32.18598 -0.02530 -0.99968 0.00000 -2.40951 -0.00000 -0.00000 -1.00000 -0.00000
1611086969959171 0.99987 -0.01639 0.00000 -33.63459 -0.01639 -0.99987 0.00000 -2.74928 -0.00000 -0.00000 -1.00000 -0.00000
1611086970209172 0.99999 -0.00345 0.00000 -35.11598 -0.00345 -0.99999 0.00000 -3.23535 -0.00000 -0.00000 -1.00000 -0.00000
1611086970459805 1.00000 -0.00249 0.00000 -36.59221 -0.00249 -1.00000 0.00000 -3.17036 -0.00000 -0.00000 -1.00000 -0.00000
1611086970709810 0.99996 0.00853 -0.00000 -38.06415 0.00853 -0.99996 0.00000 -3.69931 0.00000 -0.00000 -1.00000 -0.00000
1611086970959815 0.99999 0.00417 0.00000 -39.67480 0.00417 -0.99999 0.00000 -3.56016 0.00000 -0.00000 -1.00000 -0.00000
1611086971209810 0.99994 0.01110 -0.00000 -41.07897 0.01110 -0.99994 0.00000 -3.92388 0.00000 -0.00000 -1.00000 -0.00000
1611086971459815 0.99998 0.00612 0.00000 -42.62190 0.00612 -0.99998 0.00000 -3.68076 0.00000 -0.00000 -1.00000 -0.00000
1611086971709815 0.99995 0.00953 0.00000 -44.17472 0.00953 -0.99995 0.00000 -3.90263 0.00000 -0.00000 -1.00000 -0.00000
1611086971960443 0.99999 0.00543 0.00000 -45.75819 0.00543 -0.99999 0.00000 -3.66476 0.00000 -0.00000 -1.00000 -0.00000
1611086972210452 0.99998 0.00612 -0.00000 -47.38692 0.00612 -0.99998 0.00000 -3.81735 0.00000 -0.00000 -1.00000 -0.00000
1611086972461078 1.00000 0.00201 0.00000 -49.08517 0.00201 -1.00000 0.00000 -3.51780 0.00000 -0.00000 -1.00000 -0.00000
1611086972710450 0.99997 0.00835 0.00000 -50.75442 0.00835 -0.99997 0.00000 -3.96753 0.00000 -0.00000 -1.00000 -0.00000
1611086972961081 1.00000 0.00254 0.00000 -52.51501 0.00254 -1.00000 0.00000 -3.61634 0.00000 -0.00000 -1.00000 -0.00000
1611086973210460 0.99997 0.00715 0.00000 -54.24550 0.00715 -0.99997 0.00000 -3.93980 0.00000 -0.00000 -1.00000 -0.00000
1611086973460469 1.00000 0.00097 0.00000 -56.03127 0.00097 -1.00000 0.00000 -3.56182 0.00000 -0.00000 -1.00000 -0.00000
1611086973710469 0.99999 0.00453 0.00000 -57.86791 0.00453 -0.99999 0.00000 -3.89381 0.00000 -0.00000 -1.00000 -0.00000
1611086973960474 0.99999 0.00319 0.00000 -59.72294 0.00319 -0.99999 0.00000 -3.83759 0.00000 -0.00000 -1.00000 -0.00000
1611086974210475 1.00000 -0.00300 0.00000 -61.68063 -0.00300 -1.00000 0.00000 -3.49857 -0.00000 -0.00000 -1.00000 -0.00000
1611086974460479 1.00000 -0.00285 0.00000 -63.62811 -0.00285 -1.00000 0.00000 -3.60589 -0.00000 -0.00000 -1.00000 -0.00000
1611086974710484 0.99999 -0.00414 0.00000 -65.59873 -0.00414 -0.99999 0.00000 -3.56057 -0.00000 -0.00000 -1.00000 -0.00000
1611086974960484 0.99999 -0.00535 0.00000 -67.52318 -0.00535 -0.99999 0.00000 -3.48546 -0.00000 -0.00000 -1.00000 -0.00000
1611086975210484 0.99999 -0.00542 0.00000 -69.46396 -0.00542 -0.99999 0.00000 -3.39336 -0.00000 -0.00000 -1.00000 -0.00000
1611086975460491 0.99999 -0.00422 0.00000 -71.42192 -0.00422 -0.99999 0.00000 -3.48836 -0.00000 -0.00000 -1.00000 -0.00000
1611086975710491 0.99997 -0.00740 0.00000 -73.38734 -0.00740 -0.99997 0.00000 -3.30506 -0.00000 -0.00000 -1.00000 -0.00000
1611086975960498 0.99991 -0.01363 0.00000 -75.37898 -0.01363 -0.99991 0.00000 -2.84780 -0.00000 -0.00000 -1.00000 -0.00000
1611086976210508 0.99982 -0.01882 -0.00000 -77.32512 -0.01882 -0.99982 0.00000 -2.47259 -0.00000 -0.00000 -1.00000 -0.00000
1611086976460498 0.99965 -0.02646 0.00000 -79.26687 -0.02646 -0.99965 0.00000 -1.79260 -0.00000 -0.00000 -1.00000 -0.00000
1611086976710501 0.99920 -0.03995 0.00000 -81.21439 -0.03995 -0.99920 0.00000 -0.78707 -0.00000 -0.00000 -1.00000 -0.00000
1611086976959903 0.99901 -0.04457 0.00000 -83.15054 -0.04457 -0.99901 0.00000 -0.39699 -0.00000 -0.00000 -1.00000 -0.00000
1611086977210517 0.99718 -0.07506 0.00000 -85.05959 -0.07506 -0.99718 0.00000 2.24578 -0.00000 -0.00000 -1.00000 0.00000
1611086977460515 0.99509 -0.09900 0.00000 -86.84718 -0.09900 -0.99509 0.00000 4.21618 -0.00000 -0.00000 -1.00000 0.00000
1611086977711147 0.98918 -0.14673 0.00000 -88.38963 -0.14673 -0.98918 0.00000 8.37243 -0.00000 -0.00000 -1.00000 0.00000
1611086977961771 0.98025 -0.19776 -0.00000 -89.73193 -0.19776 -0.98025 0.00000 12.98044 -0.00000 -0.00000 -1.00000 0.00000
1611086978211782 0.96913 -0.24656 0.00000 -90.80082 -0.24656 -0.96913 0.00000 17.42163 -0.00000 -0.00000 -1.00000 0.00000
1611086978461154 0.95454 -0.29807 -0.00000 -91.60520 -0.29807 -0.95454 0.00000 22.22886 -0.00000 -0.00000 -1.00000 0.00000
1611086978711159 0.94025 -0.34048 0.00000 -92.35724 -0.34048 -0.94025 0.00000 26.27585 -0.00000 -0.00000 -1.00000 0.00000
1611086978961162 0.91977 -0.39246 0.00000 -92.54319 -0.39246 -0.91977 0.00000 31.54962 -0.00000 -0.00000 -1.00000 0.00000
1611086979211163 0.89623 -0.44359 0.00000 -92.47129 -0.44359 -0.89623 0.00000 36.64890 -0.00000 -0.00000 -1.00000 0.00000
1611086979461165 0.86868 -0.49537 0.00000 -91.95663 -0.49537 -0.86868 0.00000 41.93200 -0.00000 -0.00000 -1.00000 0.00000
1611086979711170 0.83863 -0.54471 0.00000 -91.15657 -0.54471 -0.83863 0.00000 47.23353 -0.00000 -0.00000 -1.00000 0.00000
1611086979960549 0.81000 -0.58643 0.00000 -90.47732 -0.58643 -0.81000 0.00000 51.75858 -0.00000 -0.00000 -1.00000 0.00000
1611086980211179 0.76730 -0.64129 0.00000 -88.50886 -0.64129 -0.76730 0.00000 58.00201 -0.00000 -0.00000 -1.00000 0.00000
1611086980461180 0.72441 -0.68937 0.00000 -86.34575 -0.68937 -0.72441 0.00000 63.57481 -0.00000 -0.00000 -1.00000 0.00000
1611086980711188 0.67536 -0.73749 0.00000 -83.51875 -0.73749 -0.67536 0.00000 69.26317 -0.00000 -0.00000 -1.00000 0.00000
1611086980960566 0.63054 -0.77616 0.00000 -81.00502 -0.77616 -0.63054 0.00000 74.03667 -0.00000 -0.00000 -1.00000 0.00000
1611086981210560 0.58279 -0.81263 0.00000 -78.18503 -0.81263 -0.58279 0.00000 78.85135 -0.00000 -0.00000 -1.00000 0.00000
1611086981460563 0.53646 -0.84392 0.00000 -75.36928 -0.84392 -0.53646 0.00000 83.09237 -0.00000 -0.00000 -1.00000 0.00000
1611086981710573 0.48843 -0.87260 -0.00000 -72.32164 -0.87260 -0.48843 0.00000 87.02643 -0.00000 -0.00000 -1.00000 0.00000
1611086981960572 0.45244 -0.89179 0.00000 -70.50700 -0.89179 -0.45244 0.00000 89.82836 -0.00000 -0.00000 -1.00000 0.00000
1611086982210582 0.42753 -0.90400 0.00000 -69.72178 -0.90400 -0.42753 0.00000 91.65842 -0.00000 -0.00000 -1.00000 0.00000
1611086982459949 0.41133 -0.91149 0.00000 -69.85583 -0.91149 -0.41133 0.00000 93.01035 -0.00000 -0.00000 -1.00000 0.00000
1611086982709952 0.38672 -0.92220 0.00000 -69.15145 -0.92220 -0.38672 0.00000 94.82345 -0.00000 -0.00000 -1.00000 0.00000
1611086982959964 0.36414 -0.93134 0.00000 -68.59426 -0.93134 -0.36414 0.00000 96.46755 -0.00000 -0.00000 -1.00000 0.00000
1611086983209966 0.36190 -0.93222 0.00000 -70.27423 -0.93222 -0.36190 0.00000 96.65837 -0.00000 -0.00000 -1.00000 0.00000
1611086983459966 0.36390 -0.93144 0.00000 -72.33370 -0.93144 -0.36390 0.00000 96.54780 -0.00000 -0.00000 -1.00000 0.00000
1611086983709975 0.36624 -0.93052 0.00000 -74.50420 -0.93052 -0.36624 0.00000 96.32203 -0.00000 -0.00000 -1.00000 0.00000
1611086983959973 0.36375 -0.93150 0.00000 -76.18236 -0.93150 -0.36375 0.00000 96.55472 -0.00000 -0.00000 -1.00000 0.00000
1611086984209981 0.36671 -0.93034 -0.00000 -78.35741 -0.93034 -0.36671 0.00000 96.21613 -0.00000 -0.00000 -1.00000 0.00000
1611086984459980 0.36880 -0.92951 0.00000 -80.50153 -0.92951 -0.36880 0.00000 96.08812 -0.00000 -0.00000 -1.00000 0.00000
1611086984709985 0.38136 -0.92443 -0.00000 -83.76202 -0.92443 -0.38136 0.00000 95.09014 -0.00000 -0.00000 -1.00000 0.00000
1611086984959991 0.39001 -0.92081 0.00000 -86.67604 -0.92081 -0.39001 0.00000 94.10258 -0.00000 -0.00000 -1.00000 0.00000
1611086985209984 0.41043 -0.91189 0.00000 -90.73482 -0.91189 -0.41043 0.00000 92.04507 -0.00000 -0.00000 -1.00000 0.00000
1611086985459994 0.41818 -0.90836 0.00000 -93.48320 -0.90836 -0.41818 0.00000 91.26663 -0.00000 -0.00000 -1.00000 0.00000
1611086985709994 0.43469 -0.90058 0.00000 -97.10001 -0.90058 -0.43469 0.00000 89.67366 -0.00000 -0.00000 -1.00000 0.00000
1611086985959997 0.45931 -0.88828 0.00000 -101.51135 -0.88828 -0.45931 0.00000 86.73469 -0.00000 -0.00000 -1.00000 0.00000
1611086986210000 0.47924 -0.87768 0.00000 -105.47324 -0.87768 -0.47924 0.00000 84.45858 -0.00000 -0.00000 -1.00000 0.00000
1611086986460627 0.48992 -0.87177 0.00000 -108.47060 -0.87177 -0.48992 0.00000 83.17522 -0.00000 -0.00000 -1.00000 0.00000
1611086986710632 0.50720 -0.86183 0.00000 -111.99934 -0.86183 -0.50720 0.00000 81.04289 -0.00000 -0.00000 -1.00000 0.00000
1611086986960009 0.53059 -0.84763 -0.00000 -116.18143 -0.84763 -0.53059 0.00000 77.78507 -0.00000 -0.00000 -1.00000 0.00000
1611086987210638 0.53741 -0.84332 0.00000 -118.68396 -0.84332 -0.53741 0.00000 76.77884 -0.00000 -0.00000 -1.00000 0.00000
1611086987460640 0.55707 -0.83047 0.00000 -122.39486 -0.83047 -0.55707 0.00000 74.07257 -0.00000 -0.00000 -1.00000 0.00000
1611086987710645 0.56986 -0.82175 0.00000 -125.40395 -0.82175 -0.56986 0.00000 71.97659 -0.00000 -0.00000 -1.00000 0.00000
1611086987960644 0.59009 -0.80734 0.00000 -129.01224 -0.80734 -0.59009 0.00000 68.85631 -0.00000 -0.00000 -1.00000 0.00000
1611086988210654 0.60644 -0.79513 0.00000 -132.25700 -0.79513 -0.60644 0.00000 66.23060 -0.00000 -0.00000 -1.00000 0.00000
1611086988460648 0.62595 -0.77986 0.00000 -135.75358 -0.77986 -0.62595 0.00000 63.00622 -0.00000 -0.00000 -1.00000 0.00000
1611086988710028 0.65348 -0.75694 0.00000 -139.70792 -0.75694 -0.65348 0.00000 57.88844 -0.00000 -0.00000 -1.00000 0.00000
1611086988960659 0.66492 -0.74691 0.00000 -142.52224 -0.74691 -0.66492 0.00000 55.74053 -0.00000 -0.00000 -1.00000 0.00000
1611086989210664 0.68878 -0.72497 0.00000 -145.86986 -0.72497 -0.68878 0.00000 51.16656 -0.00000 -0.00000 -1.00000 0.00000
1611086989460663 0.70836 -0.70585 0.00000 -149.00742 -0.70585 -0.70836 0.00000 47.06055 -0.00000 -0.00000 -1.00000 0.00000
1611086989710666 0.73173 -0.68160 0.00000 -152.25658 -0.68160 -0.73173 0.00000 41.96938 -0.00000 -0.00000 -1.00000 0.00000
1611086989960674 0.76262 -0.64685 0.00000 -155.64782 -0.64685 -0.76262 0.00000 34.90859 -0.00000 -0.00000 -1.00000 0.00000
1611086990211304 0.79985 -0.60020 0.00000 -159.03820 -0.60020 -0.79985 0.00000 25.52922 -0.00000 -0.00000 -1.00000 0.00000
1611086990460684 0.84832 -0.52948 -0.00000 -162.17477 -0.52948 -0.84832 0.00000 11.72485 -0.00000 -0.00000 -1.00000 0.00000
1611086990710680 0.89504 -0.44599 -0.00000 -164.01972 -0.44599 -0.89504 0.00000 -3.83959 -0.00000 -0.00000 -1.00000 -0.00000
1611086990960683 0.93977 -0.34179 -0.00000 -163.83505 -0.34179 -0.93977 0.00000 -22.44779 -0.00000 -0.00000 -1.00000 -0.00000
1611086991211312 0.97505 -0.22200 0.00000 -161.01742 -0.22200 -0.97505 0.00000 -42.65532 -0.00000 -0.00000 -1.00000 -0.00000
1611086991461318 0.99625 -0.08649 0.00000 -154.80949 -0.08649 -0.99625 0.00000 -64.28621 -0.00000 -0.00000 -1.00000 -0.00000
1611086991711318 0.99771 0.06769 0.00000 -144.19912 0.06769 -0.99771 0.00000 -87.30603 0.00000 -0.00000 -1.00000 -0.00000
1611086991961322 0.97475 0.22329 0.00000 -129.79259 0.22329 -0.97475 0.00000 -108.82363 0.00000 -0.00000 -1.00000 -0.00000
1611086992211950 0.92436 0.38152 -0.00000 -111.03198 0.38152 -0.92436 0.00000 -128.70995 0.00000 -0.00000 -1.00000 -0.00000
1611086992461323 0.83749 0.54646 0.00000 -86.23220 0.54646 -0.83749 0.00000 -147.12201 0.00000 -0.00000 -1.00000 -0.00000
1611086992711961 0.72771 0.68589 0.00000 -59.85403 0.68589 -0.72771 0.00000 -160.03357 0.00000 -0.00000 -1.00000 -0.00000
1611086992962579 0.59016 0.80729 0.00000 -30.58000 0.80729 -0.59016 0.00000 -168.17567 0.00000 -0.00000 -1.00000 -0.00000
1611086993212583 0.42601 0.90472 0.00000 1.02285 0.90472 -0.42601 0.00000 -170.87507 0.00000 -0.00000 -1.00000 -0.00000
1611086993462589 0.24282 0.97007 0.00000 33.13540 0.97007 -0.24282 0.00000 -167.43060 0.00000 -0.00000 -1.00000 -0.00000
1611086993713217 0.06245 0.99805 0.00000 62.06482 0.99805 -0.06245 0.00000 -158.56139 0.00000 -0.00000 -1.00000 -0.00000
1611086993963227 -0.12247 0.99247 0.00000 89.27700 0.99247 0.12247 0.00000 -144.32040 0.00000 0.00000 -1.00000 -0.00000
1611086994213850 -0.29684 0.95493 0.00000 112.46388 0.95493 0.29684 0.00000 -126.27228 0.00000 0.00000 -1.00000 -0.00000
1611086994463851 -0.44813 0.89397 0.00000 130.45025 0.89397 0.44813 0.00000 -106.21097 0.00000 0.00000 -1.00000 -0.00000
1611086994713856 -0.58780 0.80901 0.00000 144.96664 0.80901 0.58780 0.00000 -83.55304 0.00000 0.00000 -1.00000 -0.00000
1611086994964483 -0.69605 0.71799 0.00000 154.10064 0.71799 0.69605 0.00000 -62.26025 0.00000 0.00000 -1.00000 -0.00000
1611086995214482 -0.79086 0.61200 0.00000 160.16525 0.61200 0.79086 0.00000 -39.76070 0.00000 0.00000 -1.00000 -0.00000
1611086995465110 -0.85220 0.52322 -0.00000 162.23206 0.52322 0.85220 0.00000 -22.30643 0.00000 0.00000 -1.00000 -0.00000
1611086995715739 -0.89248 0.45108 0.00000 162.37326 0.45108 0.89248 0.00000 -8.77169 0.00000 0.00000 -1.00000 -0.00000
1611086995965754 -0.91868 0.39501 0.00000 161.14409 0.39501 0.91868 0.00000 1.30848 0.00000 0.00000 -1.00000 0.00000
1611086996215751 -0.93016 0.36714 0.00000 159.78032 0.36714 0.93016 0.00000 6.14104 0.00000 0.00000 -1.00000 0.00000
1611086996465747 -0.94026 0.34047 0.00000 158.11608 0.34047 0.94026 0.00000 10.70424 0.00000 0.00000 -1.00000 0.00000
1611086996715754 -0.94075 0.33909 0.00000 156.65637 0.33909 0.94075 0.00000 10.84086 0.00000 0.00000 -1.00000 0.00000
1611086996966378 -0.93713 0.34898 0.00000 155.21394 0.34898 0.93713 0.00000 9.21833 0.00000 0.00000 -1.00000 0.00000
1611086997216383 -0.92799 0.37259 -0.00000 153.84940 0.37259 0.92799 0.00000 5.35754 0.00000 0.00000 -1.00000 0.00000
1611086997466386 -0.91470 0.40413 -0.00000 152.43068 0.40413 0.91470 0.00000 0.10778 0.00000 0.00000 -1.00000 0.00000
1611086997716388 -0.89580 0.44446 0.00000 150.69273 0.44446 0.89580 0.00000 -6.61913 0.00000 0.00000 -1.00000 -0.00000
1611086997965768 -0.88271 0.46992 -0.00000 148.77568 0.46992 0.88271 0.00000 -11.02955 0.00000 0.00000 -1.00000 -0.00000
1611086998215771 -0.85819 0.51334 0.00000 146.26299 0.51334 0.85819 0.00000 -18.49353 0.00000 0.00000 -1.00000 -0.00000
1611086998465770 -0.83733 0.54669 -0.00000 143.86931 0.54669 0.83733 0.00000 -24.27623 0.00000 0.00000 -1.00000 -0.00000
1611086998715785 -0.80258 0.59655 0.00000 140.24854 0.59655 0.80258 0.00000 -32.96528 0.00000 0.00000 -1.00000 -0.00000
1611086998965150 -0.77694 0.62958 -0.00000 136.99264 0.62958 0.77694 0.00000 -38.92051 0.00000 0.00000 -1.00000 -0.00000
1611086999215779 -0.74206 0.67033 0.00000 132.83040 0.67033 0.74206 0.00000 -46.10814 0.00000 0.00000 -1.00000 -0.00000
1611086999465780 -0.70614 0.70807 0.00000 128.50029 0.70807 0.70614 0.00000 -53.05213 0.00000 0.00000 -1.00000 -0.00000
1611086999715785 -0.66419 0.74756 0.00000 123.32979 0.74756 0.66419 0.00000 -60.41056 0.00000 0.00000 -1.00000 -0.00000
1611086999965173 -0.62429 0.78119 0.00000 118.12980 0.78119 0.62429 0.00000 -66.84724 0.00000 0.00000 -1.00000 -0.00000
1611087000215176 -0.58203 0.81317 0.00000 112.53891 0.81317 0.58203 0.00000 -72.86049 0.00000 0.00000 -1.00000 -0.00000
1611087000465168 -0.54012 0.84159 0.00000 106.83297 0.84159 0.54012 0.00000 -78.45013 0.00000 0.00000 -1.00000 -0.00000
1611087000714549 -0.50633 0.86234 0.00000 101.83607 0.86234 0.50633 0.00000 -82.72716 0.00000 0.00000 -1.00000 -0.00000
1611087000963927 -0.47452 0.88025 0.00000 96.90065 0.88025 0.47452 0.00000 -86.41939 0.00000 0.00000 -1.00000 -0.00000
1611087001214559 -0.44178 0.89713 0.00000 91.82000 0.89713 0.44178 0.00000 -89.85406 0.00000 0.00000 -1.00000 -0.00000
1611087001464555 -0.41754 0.90866 0.00000 87.54466 0.90866 0.41754 0.00000 -92.43571 0.00000 0.00000 -1.00000 -0.00000
1611087001714560 -0.40009 0.91648 0.00000 83.90600 0.91648 0.40009 0.00000 -94.12155 0.00000 0.00000 -1.00000 -0.00000
1611087001964566 -0.39199 0.91997 -0.00000 81.26673 0.91997 0.39199 0.00000 -94.96469 0.00000 0.00000 -1.00000 -0.00000
1611087002214574 -0.38134 0.92443 0.00000 78.32340 0.92443 0.38134 0.00000 -95.96459 0.00000 0.00000 -1.00000 -0.00000
1611087002464577 -0.37413 0.92738 0.00000 75.71285 0.92738 0.37413 0.00000 -96.67039 0.00000 0.00000 -1.00000 -0.00000
1611087002714574 -0.36230 0.93206 0.00000 72.52141 0.93206 0.36230 0.00000 -97.68315 0.00000 0.00000 -1.00000 -0.00000
1611087002964579 -0.36589 0.93066 0.00000 70.91177 0.93066 0.36589 0.00000 -97.41789 0.00000 0.00000 -1.00000 -0.00000
1611087003214581 -0.37385 0.92749 0.00000 69.83273 0.92749 0.37385 0.00000 -96.76892 0.00000 0.00000 -1.00000 -0.00000
1611087003464585 -0.38269 0.92387 0.00000 68.78304 0.92387 0.38269 0.00000 -96.12277 0.00000 0.00000 -1.00000 -0.00000
1611087003714593 -0.41052 0.91185 0.00000 69.66612 0.91185 0.41052 0.00000 -93.77766 0.00000 0.00000 -1.00000 -0.00000
1611087003964597 -0.44275 0.89664 0.00000 71.11974 0.89664 0.44275 0.00000 -91.62246 0.00000 0.00000 -1.00000 -0.00000
1611087004215229 -0.47063 0.88233 0.00000 72.00692 0.88233 0.47063 0.00000 -89.33714 0.00000 0.00000 -1.00000 -0.00000
1611087004465226 -0.50599 0.86254 0.00000 73.68324 0.86254 0.50599 0.00000 -86.43354 0.00000 0.00000 -1.00000 -0.00000
1611087004715229 -0.54613 0.83770 0.00000 75.83881 0.83770 0.54613 0.00000 -82.88063 0.00000 0.00000 -1.00000 -0.00000
1611087004965229 -0.58409 0.81169 0.00000 77.70624 0.81169 0.58409 0.00000 -79.22522 0.00000 0.00000 -1.00000 -0.00000
1611087005215857 -0.62172 0.78324 0.00000 79.51051 0.78324 0.62172 0.00000 -75.55623 0.00000 0.00000 -1.00000 -0.00000
1611087005466484 -0.66508 0.74677 0.00000 81.90209 0.74677 0.66508 0.00000 -70.96062 0.00000 0.00000 -1.00000 -0.00000
1611087005716494 -0.70756 0.70665 0.00000 84.13729 0.70665 0.70756 0.00000 -66.23281 0.00000 0.00000 -1.00000 -0.00000
1611087005967116 -0.75101 0.66029 0.00000 86.36331 0.66029 0.75101 0.00000 -60.64552 0.00000 0.00000 -1.00000 -0.00000
1611087006216491 -0.79847 0.60204 0.00000 88.86836 0.60204 0.79847 0.00000 -54.09249 0.00000 0.00000 -1.00000 -0.00000
1611087006467117 -0.83142 0.55565 0.00000 89.96617 0.55565 0.83142 0.00000 -48.99258 0.00000 0.00000 -1.00000 -0.00000
1611087006717140 -0.86752 0.49740 0.00000 91.29773 0.49740 0.86752 0.00000 -42.75187 0.00000 0.00000 -1.00000 -0.00000
1611087006967753 -0.89653 0.44299 0.00000 91.83845 0.44299 0.89653 0.00000 -37.03412 0.00000 0.00000 -1.00000 -0.00000
1611087007217762 -0.92235 0.38637 0.00000 92.15481 0.38637 0.92235 0.00000 -31.36958 0.00000 0.00000 -1.00000 -0.00000
1611087007468383 -0.94247 0.33428 0.00000 91.80995 0.33428 0.94247 0.00000 -26.10061 0.00000 0.00000 -1.00000 -0.00000
1611087007718389 -0.95874 0.28428 0.00000 91.09000 0.28428 0.95874 0.00000 -21.17961 0.00000 0.00000 -1.00000 -0.00000
1611087007969022 -0.97178 0.23587 0.00000 90.10453 0.23587 0.97178 0.00000 -16.69708 0.00000 0.00000 -1.00000 -0.00000
1611087008219650 -0.98096 0.19421 0.00000 88.79129 0.19421 0.98096 0.00000 -12.83307 0.00000 0.00000 -1.00000 -0.00000
1611087008469647 -0.98639 0.16441 0.00000 87.11579 0.16441 0.98639 0.00000 -10.17670 0.00000 0.00000 -1.00000 -0.00000
1611087008719651 -0.99041 0.13817 0.00000 85.37035 0.13817 0.99041 0.00000 -7.81683 0.00000 0.00000 -1.00000 -0.00000
1611087008969023 -0.99461 0.10370 0.00000 83.61177 0.10370 0.99461 0.00000 -4.89267 0.00000 0.00000 -1.00000 -0.00000
1611087009217783 -0.99683 0.07962 0.00000 81.67639 0.07962 0.99683 0.00000 -2.98593 0.00000 0.00000 -1.00000 -0.00000
1611087009467784 -0.99826 0.05904 0.00000 79.65686 0.05904 0.99826 0.00000 -1.27897 0.00000 0.00000 -1.00000 -0.00000
1611087009717788 -0.99912 0.04193 -0.00000 77.60863 0.04193 0.99912 0.00000 0.15111 0.00000 0.00000 -1.00000 0.00000
1611087009967168 -0.99966 0.02589 0.00000 75.58304 0.02589 0.99966 0.00000 1.22326 0.00000 0.00000 -1.00000 0.00000
1611087010217169 -0.99989 0.01465 0.00000 73.48692 0.01465 0.99989 0.00000 2.07054 0.00000 0.00000 -1.00000 0.00000
1611087010467173 -0.99997 0.00748 0.00000 71.44724 0.00748 0.99997 0.00000 2.58432 0.00000 0.00000 -1.00000 0.00000
1611087010717803 -0.99996 0.00913 0.00000 69.44860 0.00913 0.99996 0.00000 2.49395 0.00000 0.00000 -1.00000 0.00000
1611087010967803 -1.00000 -0.00054 0.00000 67.44135 -0.00054 1.00000 0.00000 3.17819 -0.00000 0.00000 -1.00000 0.00000
1611087011217808 -1.00000 0.00147 -0.00000 65.49684 0.00147 1.00000 0.00000 3.01696 0.00000 0.00000 -1.00000 0.00000
1611087011467811 -0.99998 -0.00566 0.00000 63.43818 -0.00566 0.99998 0.00000 3.44798 -0.00000 0.00000 -1.00000 0.00000
1611087011718455 -1.00000 0.00095 0.00000 61.57169 0.00095 1.00000 0.00000 2.89206 0.00000 0.00000 -1.00000 0.00000
1611087011968456 -1.00000 -0.00054 0.00000 59.67096 -0.00054 1.00000 0.00000 2.90495 -0.00000 0.00000 -1.00000 0.00000
1611087012218441 -1.00000 -0.00040 0.00000 57.80147 -0.00040 1.00000 0.00000 2.88987 -0.00000 0.00000 -1.00000 0.00000
1611087012468444 -1.00000 0.00168 0.00000 56.03406 0.00168 1.00000 0.00000 2.79334 0.00000 0.00000 -1.00000 0.00000
1611087012718451 -1.00000 -0.00226 -0.00000 54.16552 -0.00226 1.00000 0.00000 2.90410 -0.00000 0.00000 -1.00000 0.00000
1611087012967828 -0.99998 -0.00688 0.00000 52.36271 -0.00688 0.99998 0.00000 3.16030 -0.00000 0.00000 -1.00000 0.00000
1611087013217834 -0.99994 -0.01114 -0.00000 50.57695 -0.01114 0.99994 0.00000 3.33632 -0.00000 0.00000 -1.00000 0.00000
1611087013467835 -0.99998 -0.00586 0.00000 48.77820 -0.00586 0.99998 0.00000 3.07505 -0.00000 0.00000 -1.00000 0.00000
1611087013717840 -0.99995 -0.00971 0.00000 46.99555 -0.00971 0.99995 0.00000 3.22965 -0.00000 0.00000 -1.00000 0.00000
1611087013967842 -0.99993 -0.01179 0.00000 45.13686 -0.01179 0.99993 0.00000 3.31037 -0.00000 0.00000 -1.00000 0.00000
1611087014218467 -0.99998 -0.00656 0.00000 43.26741 -0.00656 0.99998 0.00000 3.03852 -0.00000 0.00000 -1.00000 0.00000
1611087014467845 -0.99997 -0.00834 0.00000 41.39460 -0.00834 0.99997 0.00000 3.02524 -0.00000 0.00000 -1.00000 0.00000
1611087014718483 -0.99998 0.00631 0.00000 39.54446 0.00631 0.99998 0.00000 2.52900 0.00000 0.00000 -1.00000 0.00000
1611087014969101 -0.99993 0.01221 0.00000 37.63256 0.01221 0.99993 0.00000 2.23414 0.00000 0.00000 -1.00000 0.00000
1611087015219741 -0.99978 0.02087 -0.00000 35.68209 0.02087 0.99978 0.00000 1.83863 0.00000 0.00000 -1.00000 0.00000
1611087015469114 -0.99977 0.02140 0.00000 33.82704 0.02140 0.99977 0.00000 1.79426 0.00000 0.00000 -1.00000 0.00000
1611087015719115 -0.99939 0.03480 -0.00000 31.80031 0.03480 0.99939 0.00000 1.34143 0.00000 0.00000 -1.00000 0.00000
1611087015969113 -0.99890 0.04697 -0.00000 29.95821 0.04697 0.99890 0.00000 0.98852 0.00000 0.00000 -1.00000 0.00000
1611087016218489 -0.99887 0.04760 -0.00000 28.00466 0.04760 0.99887 0.00000 0.88052 0.00000 0.00000 -1.00000 0.00000
1611087016468499 -0.99843 0.05600 -0.00000 26.06148 0.05600 0.99843 0.00000 0.68554 0.00000 0.00000 -1.00000 0.00000
1611087016717873 -0.99816 0.06065 -0.00000 24.17331 0.06065 0.99816 0.00000 0.48347 0.00000 0.00000 -1.00000 0.00000
1611087016967876 -0.99790 0.06470 0.00000 22.24267 0.06470 0.99790 0.00000 0.37015 0.00000 0.00000 -1.00000 0.00000
1611087017217881 -0.99743 0.07160 0.00000 20.32222 0.07160 0.99743 0.00000 0.12978 0.00000 0.00000 -1.00000 0.00000
1611087017467258 -0.99717 0.07523 0.00000 18.38857 0.07523 0.99717 0.00000 -0.09727 0.00000 0.00000 -1.00000 -0.00000
1611087017717888 -0.99641 0.08472 0.00000 16.50341 0.08472 0.99641 0.00000 -0.15176 0.00000 0.00000 -1.00000 -0.00000
1611087017967889 -0.99559 0.09382 0.00000 14.60448 0.09382 0.99559 0.00000 -0.27421 0.00000 0.00000 -1.00000 -0.00000
1611087018217889 -0.99543 0.09546 0.00000 12.69271 0.09546 0.99543 0.00000 -0.28313 0.00000 0.00000 -1.00000 -0.00000
1611087018467890 -0.99466 0.10321 0.00000 10.68684 0.10321 0.99466 0.00000 -0.38323 0.00000 0.00000 -1.00000 -0.00000
1611087018717276 -0.99548 0.09494 0.00000 8.77362 0.09494 0.99548 0.00000 -0.33092 0.00000 0.00000 -1.00000 -0.00000
