1. 0. 0. 0. 0. -1. -0. 0. 0. 0. -1. 0.
1. 0.001 0. -0.029 0.001 -1. -0. -0.014 0. 0. -1. 0.
1. 0.001 0. 0.005 0.001 -1. -0. -0.013 0. 0. -1. 0.
1. -0.001 -0. 0.004 -0.001 -1. -0. 0.013 0. 0. -1. 0.
1. -0.000 -0. -0.010 -0.000 -1. -0. -0.003 0. 0. -1. 0.
1. -0.001 -0. 0.007 -0.001 -1. -0. 0.010 0. 0. -1. 0.
1. 0.010 0. 0.005 0.010 -1. -0. -0.018 0. 0. -1. 0.
1. -0.000 -0. 0.023 -0.000 -1. -0. 0.005 0. 0. -1. 0.
1. 0.000 0. -0.029 0.000 -1. -0. -0.005 0. 0. -1. 0.
1. 0.001 0. -0.027 0.001 -1. -0. -0.002 0. 0. -1. 0.
1. 0.004 0. 0.023 0.004 -1. -0. 0.004 0. 0. -1. 0.
1. 0.001 0. 0.005 0.001 -1. -0. -0.023 0. 0. -1. 0.
1. 0.001 0. -0.040 0.001 -1. -0. -0.019 0. 0. -1. 0.
1. 0.003 0. -0.017 0.003 -1. -0. -0.008 0. 0. -1. 0.
1. 0. 0. 0.005 0. -1. -0. -0.005 0. 0. -1. 0.
1. 0.007 0. 0.051 0.007 -1. -0. 0.034 0. 0. -1. 0.
1. 0.008 0. 0.016 0.008 -1. -0. -0.007 0. 0. -1. 0.
1. 0.003 0. -0.027 0.003 -1. -0. -0.004 0. 0. -1. 0.
1. 0.005 0. -0.024 0.005 -1. -0. -0.016 0. 0. -1. 0.
1. 0.003 0. 0.006 0.003 -1. -0. 0.006 0. 0. -1. 0.
1. 0.005 0. 0.087 0.005 -1. -0. -0.013 0. 0. -1. 0.
1. 0.005 0. 0.085 0.005 -1. -0. 0.020 0. 0. -1. 0.
1. 0.004 0. 0.254 0.004 -1. -0. 0.012 0. 0. -1. 0.
1. -0.002 -0. 0.356 -0.002 -1. -0. 0.012 0. 0. -1. 0.
1. 0.002 0. 0.576 0.002 -1. -0. 0.013 0. 0. -1. 0.
1. 0.000 0. 0.913 0.000 -1. -0. 0.011 0. 0. -1. 0.
1. -0.012 -0. 1.361 -0.012 -1. -0. 0.011 0. 0. -1. 0.
1.000 -0.020 -0. 1.870 -0.020 -1.000 -0. -0.004 0. 0. -1. 0.
0.999 -0.034 -0. 2.412 -0.034 -0.999 -0. -0.045 0. 0. -1. 0.
0.999 -0.046 -0. 3.139 -0.046 -0.999 -0. -0.073 0. 0. -1. 0.
0.998 -0.056 -0. 3.858 -0.056 -0.998 -0. -0.118 0. 0. -1. 0.
0.998 -0.066 -0. 4.678 -0.066 -0.998 -0. -0.136 0. 0. -1. 0.
0.997 -0.079 -0. 5.489 -0.079 -0.997 -0. -0.263 0. 0. -1. 0.
0.996 -0.088 -0. 6.426 -0.088 -0.996 -0. -0.349 0. 0. -1. 0.
0.996 -0.094 -0. 7.411 -0.094 -0.996 -0. -0.485 0. 0. -1. 0.
0.996 -0.093 -0. 8.424 -0.093 -0.996 -0. -0.567 0. 0. -1. 0.
0.996 -0.088 -0. 9.513 -0.088 -0.996 -0. -0.609 0. 0. -1. 0.
0.997 -0.076 -0. 10.603 -0.076 -0.997 -0. -0.759 0. 0. -1. 0.
0.997 -0.071 -0. 11.828 -0.071 -0.997 -0. -0.915 0. 0. -1. 0.
0.998 -0.068 -0. 12.991 -0.068 -0.998 -0. -0.977 0. 0. -1. 0.
0.998 -0.058 -0. 14.253 -0.058 -0.998 -0. -0.919 0. 0. -1. 0.
0.999 -0.054 -0. 15.614 -0.054 -0.999 -0. -1.070 0. 0. -1. 0.
0.999 -0.048 -0. 16.945 -0.048 -0.999 -0. -1.202 0. 0. -1. 0.
0.999 -0.043 -0. 18.441 -0.043 -0.999 -0. -1.172 0. 0. -1. 0.
1.000 -0.030 -0. 19.762 -0.030 -1.000 -0. -1.361 0. 0. -1. 0.
1.000 -0.019 -0. 21.246 -0.019 -1.000 -0. -1.421 0. 0. -1. 0.
1. -0.004 -0. 22.875 -0.004 -1. -0. -1.488 0. 0. -1. 0.
1. 0.004 0. 24.347 0.004 -1. -0. -1.476 0. 0. -1. 0.
1.000 0.015 0. 25.987 0.015 -1.000 -0. -1.429 0. 0. -1. 0.
1.000 0.021 0. 27.605 0.021 -1.000 -0. -1.363 0. 0. -1. 0.
1.000 0.029 0. 29.201 0.029 -1.000 -0. -1.371 0. 0. -1. 0.
1.000 0.026 0. 30.827 0.026 -1.000 -0. -1.328 0. 0. -1. 0.
0.999 0.034 0. 32.459 0.034 -0.999 -0. -1.428 0. 0. -1. 0.
0.999 0.033 0. 34.218 0.033 -0.999 -0. -1.242 0. 0. -1. 0.
0.999 0.037 0. 35.945 0.037 -0.999 -0. -1.182 0. 0. -1. 0.
0.999 0.036 0. 37.719 0.036 -0.999 -0. -1.258 0. 0. -1. 0.
0.999 0.040 0. 39.379 0.040 -0.999 -0. -1.254 0. 0. -1. 0.
0.999 0.044 0. 41.227 0.044 -0.999 -0. -1.011 0. 0. -1. 0.
0.998 0.056 0. 43.060 0.056 -0.998 -0. -1.078 0. 0. -1. 0.
0.998 0.063 0. 44.885 0.063 -0.998 -0. -1.001 0. 0. -1. 0.
0.997 0.073 0. 46.744 0.073 -0.997 -0. -0.928 0. 0. -1. 0.
0.997 0.074 0. 48.541 0.074 -0.997 -0. -0.820 0. 0. -1. 0.
0.998 0.070 0. 50.380 0.070 -0.998 -0. -0.650 0. 0. -1. 0.
0.998 0.066 0. 52.200 0.066 -0.998 -0. -0.513 0. 0. -1. 0.
0.997 0.073 0. 54.137 0.073 -0.997 -0. -0.487 0. 0. -1. 0.
0.998 0.065 0. 56.045 0.065 -0.998 -0. -0.301 0. 0. -1. 0.
0.997 0.073 0. 57.987 0.073 -0.997 -0. -0.222 0. 0. -1. 0.
0.997 0.076 0. 59.965 0.076 -0.997 -0. -0.233 0. 0. -1. 0.
0.998 0.069 0. 61.937 0.069 -0.998 -0. 0.108 0. 0. -1. 0.
0.998 0.064 0. 63.906 0.064 -0.998 -0. 0.170 0. 0. -1. 0.
0.998 0.064 0. 65.877 0.064 -0.998 -0. 0.111 0. 0. -1. 0.
0.998 0.060 0. 67.840 0.060 -0.998 -0. 0.205 0. 0. -1. 0.
0.998 0.063 0. 69.735 0.063 -0.998 -0. 0.320 0. 0. -1. 0.
0.998 0.061 0. 71.640 0.061 -0.998 -0. 0.422 0. 0. -1. 0.
0.998 0.060 0. 73.500 0.060 -0.998 -0. 0.585 0. 0. -1. 0.
0.999 0.054 0. 75.477 0.054 -0.999 -0. 0.704 0. 0. -1. 0.
0.999 0.054 0. 77.383 0.054 -0.999 -0. 0.781 0. 0. -1. 0.
0.998 0.063 0. 79.200 0.063 -0.998 -0. 0.784 0. 0. -1. 0.
0.999 0.052 0. 81.092 0.052 -0.999 -0. 0.947 0. 0. -1. 0.
0.998 0.059 0. 82.923 0.059 -0.998 -0. 0.860 0. 0. -1. 0.
0.999 0.055 0. 84.797 0.055 -0.999 -0. 1.117 0. 0. -1. 0.
0.999 0.043 0. 86.640 0.043 -0.999 -0. 1.143 0. 0. -1. 0.
1.000 0.016 0. 88.468 0.016 -1.000 -0. 1.225 0. 0. -1. 0.
1. -0.012 -0. 90.183 -0.012 -1. -0. 1.078 0. 0. -1. 0.
0.998 -0.064 -0. 92.043 -0.064 -0.998 -0. 1.056 0. 0. -1. 0.
0.994 -0.111 -0. 93.669 -0.111 -0.994 -0. 0.895 0. 0. -1. 0.
0.985 -0.174 -0. 95.484 -0.174 -0.985 -0. 0.601 0. 0. -1. 0.
0.975 -0.220 -0. 97.119 -0.220 -0.975 -0. 0.182 0. 0. -1. 0.
0.960 -0.281 -0. 98.740 -0.281 -0.960 -0. -0.247 0. 0. -1. 0.
0.941 -0.337 -0. 100.273 -0.337 -0.941 -0. -0.854 0. 0. -1. 0.
0.919 -0.393 -0. 101.897 -0.393 -0.919 -0. -1.558 0. 0. -1. 0.
0.892 -0.453 -0. 103.394 -0.453 -0.892 -0. -2.261 0. 0. -1. 0.
0.861 -0.509 -0. 104.811 -0.509 -0.861 -0. -3.107 0. 0. -1. 0.
0.819 -0.574 -0. 106.169 -0.574 -0.819 -0. -4.119 0. 0. -1. 0.
0.773 -0.634 -0. 107.447 -0.634 -0.773 -0. -5.213 0. 0. -1. 0.
0.723 -0.691 -0. 108.740 -0.691 -0.723 -0. -6.358 0. 0. -1. 0.
0.671 -0.742 -0. 109.926 -0.742 -0.671 -0. -7.690 0. 0. -1. 0.
0.618 -0.786 -0. 111.101 -0.786 -0.618 -0. -9.042 0. 0. -1. 0.
0.569 -0.822 -0. 112.094 -0.822 -0.569 -0. -10.602 0. 0. -1. 0.
0.528 -0.849 -0. 113.070 -0.849 -0.528 -0. -12.210 0. 0. -1. 0.
0.495 -0.869 -0. 113.956 -0.869 -0.495 -0. -13.929 0. 0. -1. 0.
0.470 -0.883 -0. 114.878 -0.883 -0.470 -0. -15.690 0. 0. -1. 0.
0.462 -0.887 -0. 115.659 -0.887 -0.462 -0. -17.570 0. 0. -1. 0.
0.465 -0.885 -0. 116.636 -0.885 -0.465 -0. -19.403 0. 0. -1. 0.
0.457 -0.889 -0. 117.662 -0.889 -0.457 -0. -21.219 0. 0. -1. 0.
0.456 -0.890 -0. 118.606 -0.890 -0.456 -0. -23.059 0. 0. -1. 0.
0.455 -0.891 -0. 119.588 -0.891 -0.455 -0. -24.914 0. 0. -1. 0.
0.448 -0.894 -0. 120.552 -0.894 -0.448 -0. -26.731 0. 0. -1. 0.
0.446 -0.895 -0. 121.323 -0.895 -0.446 -0. -28.599 0. 0. -1. 0.
0.455 -0.891 -0. 122.118 -0.891 -0.455 -0. -30.515 0. 0. -1. 0.
0.455 -0.891 -0. 123.137 -0.891 -0.455 -0. -32.285 0. 0. -1. 0.
0.453 -0.891 -0. 124.027 -0.891 -0.453 -0. -34.062 0. 0. -1. 0.
0.456 -0.890 -0. 124.815 -0.890 -0.456 -0. -35.855 0. 0. -1. 0.
0.467 -0.884 -0. 125.642 -0.884 -0.467 -0. -37.588 0. 0. -1. 0.
0.471 -0.882 -0. 126.651 -0.882 -0.471 -0. -39.347 0. 0. -1. 0.
0.481 -0.877 -0. 127.497 -0.877 -0.481 -0. -41.036 0. 0. -1. 0.
0.483 -0.876 -0. 128.421 -0.876 -0.483 -0. -42.779 0. 0. -1. 0.
0.482 -0.876 -0. 129.429 -0.876 -0.482 -0. -44.378 0. 0. -1. 0.
0.486 -0.874 -0. 130.235 -0.874 -0.486 -0. -46.064 0. 0. -1. 0.
0.492 -0.870 -0. 131.033 -0.870 -0.492 -0. -47.752 0. 0. -1. 0.
0.487 -0.873 -0. 132.026 -0.873 -0.487 -0. -49.430 0. 0. -1. 0.
0.494 -0.869 -0. 132.750 -0.869 -0.494 -0. -50.981 0. 0. -1. 0.
0.498 -0.867 -0. 133.628 -0.867 -0.498 -0. -52.519 0. 0. -1. 0.
0.497 -0.868 -0. 134.718 -0.868 -0.497 -0. -54.152 0. 0. -1. 0.
0.506 -0.862 -0. 135.466 -0.862 -0.506 -0. -55.572 0. 0. -1. 0.
0.527 -0.850 -0. 136.369 -0.850 -0.527 -0. -57.067 0. 0. -1. 0.
0.557 -0.830 -0. 137.234 -0.830 -0.557 -0. -58.522 0. 0. -1. 0.
0.583 -0.812 -0. 138.273 -0.812 -0.583 -0. -59.949 0. 0. -1. 0.
0.625 -0.781 -0. 139.126 -0.781 -0.625 -0. -61.084 0. 0. -1. 0.
0.663 -0.749 -0. 140.140 -0.749 -0.663 -0. -62.271 0. 0. -1. 0.
0.701 -0.713 -0. 141.297 -0.713 -0.701 -0. -63.475 0. 0. -1. 0.
0.745 -0.667 -0. 142.304 -0.667 -0.745 -0. -64.407 0. 0. -1. 0.
0.799 -0.602 -0. 143.457 -0.602 -0.799 -0. -65.163 0. 0. -1. 0.
0.853 -0.522 -0. 144.611 -0.522 -0.853 -0. -65.911 0. 0. -1. 0.
0.896 -0.443 -0. 145.780 -0.443 -0.896 -0. -66.577 0. 0. -1. 0.
0.938 -0.347 -0. 146.882 -0.347 -0.938 -0. -66.950 0. 0. -1. 0.
0.971 -0.240 -0. 147.966 -0.240 -0.971 -0. -67.269 0. 0. -1. 0.
0.992 -0.130 -0. 149.009 -0.130 -0.992 -0. -67.337 0. 0. -1. 0.
1. -0.008 -0. 150.012 -0.008 -1. -0. -67.361 0. 0. -1. 0.
0.992 0.126 0. 151.018 0.126 -0.992 -0. -67.137 0. 0. -1. 0.
0.961 0.275 0. 151.842 0.275 -0.961 -0. -66.869 0. 0. -1. 0.
0.908 0.419 0. 152.772 0.419 -0.908 -0. -66.449 0. 0. -1. 0.
0.827 0.562 0. 153.408 0.562 -0.827 -0. -65.853 0. 0. -1. 0.
0.718 0.696 0. 154.081 0.696 -0.718 -0. -65.312 0. 0. -1. 0.
0.588 0.809 0. 154.559 0.809 -0.588 -0. -64.633 0. 0. -1. 0.
0.447 0.894 0. 154.911 0.894 -0.447 -0. -63.753 0. 0. -1. 0.
0.282 0.960 0. 155.138 0.960 -0.282 -0. -62.946 0. 0. -1. 0.
0.113 0.994 0. 155.156 0.994 -0.113 -0. -62.040 0. 0. -1. 0.
-0.063 0.998 0. 155.087 0.998 0.063 0. -61.252 0. 0. -1. 0.
-0.237 0.971 0. 154.791 0.971 0.237 0. -60.428 0. 0. -1. 0.
-0.404 0.915 0. 154.427 0.915 0.404 0. -59.605 0. 0. -1. 0.
-0.561 0.828 0. 153.837 0.828 0.561 0. -58.978 0. 0. -1. 0.
-0.682 0.732 0. 153.104 0.732 0.682 0. -58.217 0. 0. -1. 0.
-0.778 0.628 0. 152.308 0.628 0.778 0. -57.629 0. 0. -1. 0.
-0.846 0.534 0. 151.398 0.534 0.846 0. -57.048 0. 0. -1. 0.
-0.892 0.452 0. 150.454 0.452 0.892 0. -56.560 0. 0. -1. 0.
-0.916 0.401 0. 149.250 0.401 0.916 0. -56.060 0. 0. -1. 0.
-0.934 0.356 0. 148.117 0.356 0.934 0. -55.560 0. 0. -1. 0.
-0.939 0.344 0. 146.807 0.344 0.939 0. -55.184 0. 0. -1. 0.
-0.939 0.343 0. 145.578 0.343 0.939 0. -54.666 0. 0. -1. 0.
-0.937 0.348 0. 144.241 0.348 0.937 0. -54.251 0. 0. -1. 0.
-0.927 0.376 0. 142.837 0.376 0.927 0. -53.609 0. 0. -1. 0.
-0.914 0.407 0. 141.547 0.407 0.914 0. -53.038 0. 0. -1. 0.
-0.895 0.447 0. 140.168 0.447 0.895 0. -52.373 0. 0. -1. 0.
-0.869 0.494 0. 138.857 0.494 0.869 0. -51.542 0. 0. -1. 0.
-0.839 0.543 0. 137.439 0.543 0.839 0. -50.662 0. 0. -1. 0.
-0.805 0.594 0. 136.123 0.594 0.805 0. -49.687 0. 0. -1. 0.
-0.772 0.636 0. 134.852 0.636 0.772 0. -48.530 0. 0. -1. 0.
-0.727 0.687 0. 133.609 0.687 0.727 0. -47.385 0. 0. -1. 0.
-0.683 0.730 0. 132.421 0.730 0.683 0. -46.022 0. 0. -1. 0.
-0.642 0.767 0. 131.265 0.767 0.642 0. -44.615 0. 0. -1. 0.
-0.603 0.798 0. 130.188 0.798 0.603 0. -43.028 0. 0. -1. 0.
-0.557 0.830 0. 129.094 0.830 0.557 0. -41.493 0. 0. -1. 0.
-0.522 0.853 0. 128.141 0.853 0.522 0. -39.858 0. 0. -1. 0.
-0.498 0.867 0. 127.157 0.867 0.498 0. -38.114 0. 0. -1. 0.
-0.474 0.880 0. 126.059 0.880 0.474 0. -36.298 0. 0. -1. 0.
-0.451 0.893 0. 125.195 0.893 0.451 0. -34.432 0. 0. -1. 0.
-0.444 0.896 0. 124.404 0.896 0.444 0. -32.520 0. 0. -1. 0.
-0.432 0.902 0. 123.519 0.902 0.432 0. -30.704 0. 0. -1. 0.
-0.432 0.902 0. 122.698 0.902 0.432 0. -28.802 0. 0. -1. 0.
-0.426 0.905 0. 121.809 0.905 0.426 0. -26.963 0. 0. -1. 0.
-0.425 0.905 0. 121.019 0.905 0.425 0. -25.071 0. 0. -1. 0.
-0.426 0.905 0. 120.071 0.905 0.426 0. -23.233 0. 0. -1. 0.
-0.426 0.905 0. 119.122 0.905 0.426 0. -21.448 0. 0. -1. 0.
-0.435 0.901 0. 118.404 0.901 0.435 0. -19.643 0. 0. -1. 0.
-0.449 0.894 0. 117.608 0.894 0.449 0. -17.878 0. 0. -1. 0.
-0.466 0.885 0. 116.733 0.885 0.466 0. -16.137 0. 0. -1. 0.
-0.500 0.866 0. 115.892 0.866 0.500 0. -14.512 0. 0. -1. 0.
-0.521 0.854 0. 114.884 0.854 0.521 0. -12.861 0. 0. -1. 0.
-0.557 0.831 0. 113.860 0.831 0.557 0. -11.359 0. 0. -1. 0.
-0.593 0.805 0. 113.039 0.805 0.593 0. -9.758 0. 0. -1. 0.
-0.633 0.774 0. 111.771 0.774 0.633 0. -8.524 0. 0. -1. 0.
-0.672 0.740 0. 110.713 0.740 0.672 0. -7.195 0. 0. -1. 0.
-0.712 0.702 0. 109.649 0.702 0.712 0. -6.035 0. 0. -1. 0.
-0.752 0.659 0. 108.504 0.659 0.752 0. -4.831 0. 0. -1. 0.
-0.789 0.615 0. 107.172 0.615 0.789 0. -3.822 0. 0. -1. 0.
-0.826 0.564 0. 106.020 0.564 0.826 0. -2.871 0. 0. -1. 0.
-0.857 0.515 0. 104.509 0.515 0.857 0. -2.098 0. 0. -1. 0.
-0.887 0.463 0. 103.099 0.463 0.887 0. -1.422 0. 0. -1. 0.
-0.910 0.415 0. 101.763 0.415 0.910 0. -0.718 0. 0. -1. 0.
-0.936 0.352 0. 100.336 0.352 0.936 0. -0.217 0. 0. -1. 0.
-0.955 0.298 0. 98.797 0.298 0.955 0. 0.352 0. 0. -1. 0.
-0.972 0.235 0. 97.468 0.235 0.972 0. 0.875 0. 0. -1. 0.
-0.982 0.187 0. 95.772 0.187 0.982 0. 1.200 0. 0. -1. 0.
-0.992 0.125 0. 94.089 0.125 0.992 0. 1.431 0. 0. -1. 0.
-0.997 0.076 0. 92.402 0.076 0.997 0. 1.476 0. 0. -1. 0.
-0.999 0.037 0. 90.612 0.037 0.999 0. 1.546 0. 0. -1. 0.
-1. 0.013 0. 88.724 0.013 1. 0. 1.559 0. 0. -1. 0.
-1. -0.008 -0. 86.996 -0.008 1. 0. 1.682 0. 0. -1. 0.
-1. -0.003 -0. 85.227 -0.003 1. 0. 1.555 0. 0. -1. 0.
-1. -0.008 -0. 83.339 -0.008 1. 0. 1.564 0. 0. -1. 0.
-1. -0.012 -0. 81.568 -0.012 1. 0. 1.506 0. 0. -1. 0.
-1.000 -0.020 -0. 79.776 -0.020 1.000 0. 1.572 0. 0. -1. 0.
-1.000 -0.019 -0. 77.978 -0.019 1.000 0. 1.563 0. 0. -1. 0.
-1.000 -0.026 -0. 76.292 -0.026 1.000 0. 1.501 0. 0. -1. 0.
-1.000 -0.023 -0. 74.442 -0.023 1.000 0. 1.529 0. 0. -1. 0.
-1.000 -0.029 -0. 72.728 -0.029 1.000 0. 1.496 0. 0. -1. 0.
-1.000 -0.031 -0. 70.958 -0.031 1.000 0. 1.504 0. 0. -1. 0.
-1.000 -0.030 -0. 69.212 -0.030 1.000 0. 1.326 0. 0. -1. 0.
-0.999 -0.039 -0. 67.449 -0.039 0.999 0. 1.372 0. 0. -1. 0.
-0.999 -0.053 -0. 65.624 -0.053 0.999 0. 1.348 0. 0. -1. 0.
-0.998 -0.070 -0. 63.859 -0.070 0.998 0. 1.359 0. 0. -1. 0.
-0.997 -0.077 -0. 62.052 -0.077 0.997 0. 1.162 0. 0. -1. 0.
-0.996 -0.088 -0. 60.242 -0.088 0.996 0. 1.016 0. 0. -1. 0.
-0.995 -0.095 -0. 58.486 -0.095 0.995 0. 0.919 0. 0. -1. 0.
-0.996 -0.092 -0. 56.643 -0.092 0.996 0. 0.794 0. 0. -1. 0.
-0.996 -0.093 -0. 54.825 -0.093 0.996 0. 0.671 0. 0. -1. 0.
-0.996 -0.085 -0. 52.949 -0.085 0.996 0. 0.509 0. 0. -1. 0.
-0.996 -0.084 -0. 51.054 -0.084 0.996 0. 0.366 0. 0. -1. 0.
-0.997 -0.074 -0. 49.204 -0.074 0.997 0. 0.216 0. 0. -1. 0.
-0.998 -0.064 -0. 47.277 -0.064 0.998 0. 0.231 0. 0. -1. 0.
-0.998 -0.056 -0. 45.316 -0.056 0.998 0. 0.095 0. 0. -1. 0.
-0.999 -0.043 -0. 43.418 -0.043 0.999 0. 0.060 0. 0. -1. 0.
-0.999 -0.036 -0. 41.496 -0.036 0.999 0. -0.062 0. 0. -1. 0.
-1.000 -0.030 -0. 39.476 -0.030 1.000 0. -0.154 0. 0. -1. 0.
-1.000 -0.022 -0. 37.490 -0.022 1.000 0. -0.146 0. 0. -1. 0.
-1.000 -0.020 -0. 35.440 -0.020 1.000 0. 0.073 0. 0. -1. 0.
-1.000 -0.027 -0. 33.372 -0.027 1.000 0. -0.017 0. 0. -1. 0.
-1.000 -0.019 -0. 31.255 -0.019 1.000 0. -0.093 0. 0. -1. 0.
-1. -0.011 -0. 29.208 -0.011 1. 0. -0.023 0. 0. -1. 0.
-1. -0.011 -0. 27.060 -0.011 1. 0. -0.040 0. 0. -1. 0.
-1. -0.004 -0. 24.944 -0.004 1. 0. -0.069 0. 0. -1. 0.
-1. 0.009 0. 22.850 0.009 1. 0. -0.039 0. 0. -1. 0.
-1. 0.013 0. 20.662 0.013 1. 0. 0.027 0. 0. -1. 0.
-1.000 0.019 0. 18.537 0.019 1.000 0. 0.063 0. 0. -1. 0.
-1.000 0.030 0. 16.262 0.030 1.000 0. 0.152 0. 0. -1. 0.
-0.999 0.033 0. 14.167 0.033 0.999 0. 0.201 0. 0. -1. 0.
-1.000 0.028 0. 11.873 0.028 1.000 0. 0.327 0. 0. -1. 0.
-0.999 0.039 0. 9.661 0.039 0.999 0. 0.425 0. 0. -1. 0.
-0.999 0.038 0. 7.356 0.038 0.999 0. 0.527 0. 0. -1. 0.
-0.999 0.032 0. 5.156 0.032 0.999 0. 0.652 0. 0. -1. 0.
-0.999 0.036 0. 2.872 0.036 0.999 0. 0.821 0. 0. -1. 0.
-0.999 0.038 0. 0.597 0.038 0.999 0. 0.947 0. 0. -1. 0.
-0.999 0.039 0. -1.606 0.039 0.999 0. 1.063 0. 0. -1. 0.
-0.999 0.044 0. -3.893 0.044 0.999 0. 1.185 0. 0. -1. 0.
-0.999 0.034 0. -6.103 0.034 0.999 0. 1.287 0. 0. -1. 0.
-0.999 0.035 0. -8.282 0.035 0.999 0. 1.324 0. 0. -1. 0.
-0.999 0.038 0. -10.543 0.038 0.999 0. 1.312 0. 0. -1. 0.
-1.000 0.029 0. -12.731 0.029 1.000 0. 1.584 0. 0. -1. 0.
-1.000 0.027 0. -14.949 0.027 1.000 0. 1.629 0. 0. -1. 0.
-1.000 0.023 0. -17.154 0.023 1.000 0. 1.727 0. 0. -1. 0.
-1.000 0.020 0. -19.463 0.020 1.000 0. 1.942 0. 0. -1. 0.
-1.000 0.021 0. -21.656 0.021 1.000 0. 1.891 0. 0. -1. 0.
-1. 0.005 0. -23.889 0.005 1. 0. 2.036 0. 0. -1. 0.
-1. -0.002 -0. -26.092 -0.002 1. 0. 1.979 0. 0. -1. 0.
-1. -0.011 -0. -28.321 -0.011 1. 0. 2.023 0. 0. -1. 0.
-1. -0.012 -0. -30.646 -0.012 1. 0. 1.967 0. 0. -1. 0.
-1.000 -0.016 -0. -32.748 -0.016 1.000 0. 1.915 0. 0. -1. 0.
-0.999 -0.036 -0. -34.915 -0.036 0.999 0. 1.933 0. 0. -1. 0.
-0.999 -0.033 -0. -37.048 -0.033 0.999 0. 1.829 0. 0. -1. 0.
-0.999 -0.042 -0. -39.111 -0.042 0.999 0. 1.730 0. 0. -1. 0.
-0.999 -0.053 -0. -41.245 -0.053 0.999 0. 1.603 0. 0. -1. 0.
-0.998 -0.058 -0. -43.111 -0.058 0.998 0. 1.511 0. 0. -1. 0.
-0.999 -0.052 -0. -45.062 -0.052 0.999 0. 1.569 0. 0. -1. 0.
-0.999 -0.052 -0. -46.911 -0.052 0.999 0. 1.456 0. 0. -1. 0.
-0.999 -0.052 -0. -48.619 -0.052 0.999 0. 1.425 0. 0. -1. 0.
-0.999 -0.049 -0. -50.333 -0.049 0.999 0. 1.325 0. 0. -1. 0.
-0.999 -0.033 -0. -51.876 -0.033 0.999 0. 1.247 0. 0. -1. 0.
-1.000 -0.023 -0. -53.375 -0.023 1.000 0. 1.324 0. 0. -1. 0.
-1. -0.005 -0. -54.808 -0.005 1. 0. 1.259 0. 0. -1. 0.
-1.000 0.031 0. -56.090 0.031 1.000 0. 1.360 0. 0. -1. 0.
-0.999 0.050 0. -57.375 0.050 0.999 0. 1.444 0. 0. -1. 0.
-0.996 0.090 0. -58.566 0.090 0.996 0. 1.521 0. 0. -1. 0.
-0.991 0.135 0. -59.630 0.135 0.991 0. 1.764 0. 0. -1. 0.
-0.981 0.192 0. -60.686 0.192 0.981 0. 1.948 0. 0. -1. 0.
-0.968 0.249 0. -61.726 0.249 0.968 0. 2.301 0. 0. -1. 0.
-0.945 0.327 0. -62.780 0.327 0.945 0. 2.519 0. 0. -1. 0.
-0.911 0.412 0. -63.700 0.412 0.911 0. 3.029 0. 0. -1. 0.
-0.867 0.498 0. -64.497 0.498 0.867 0. 3.600 0. 0. -1. 0.
-0.809 0.588 0. -65.302 0.588 0.809 0. 4.198 0. 0. -1. 0.
-0.730 0.683 0. -66.038 0.683 0.730 0. 4.930 0. 0. -1. 0.
-0.640 0.768 0. -66.575 0.768 0.640 0. 5.811 0. 0. -1. 0.
-0.531 0.847 0. -67.303 0.847 0.531 0. 6.597 0. 0. -1. 0.
-0.414 0.910 0. -67.799 0.910 0.414 0. 7.554 0. 0. -1. 0.
-0.307 0.952 0. -68.064 0.952 0.307 0. 8.597 0. 0. -1. 0.
-0.229 0.974 0. -68.305 0.974 0.229 0. 9.709 0. 0. -1. 0.
-0.161 0.987 0. -68.501 0.987 0.161 0. 10.885 0. 0. -1. 0.
-0.130 0.992 0. -68.654 0.992 0.130 0. 12.040 0. 0. -1. 0.
-0.092 0.996 0. -68.579 0.996 0.092 0. 13.484 0. 0. -1. 0.
-0.089 0.996 0. -68.759 0.996 0.089 0. 14.763 0. 0. -1. 0.
-0.067 0.998 0. -68.495 0.998 0.067 0. 16.274 0. 0. -1. 0.
-0.062 0.998 0. -68.899 0.998 0.062 0. 17.589 0. 0. -1. 0.
-0.058 0.998 0. -68.667 0.998 0.058 0. 19.179 0. 0. -1. 0.
-0.062 0.998 0. -69.038 0.998 0.062 0. 20.722 0. 0. -1. 0.
-0.055 0.998 0. -68.860 0.998 0.055 0. 22.276 0. 0. -1. 0.
-0.067 0.998 0. -69.043 0.998 0.067 0. 23.991 0. 0. -1. 0.
-0.045 0.999 0. -69.063 0.999 0.045 0. 25.460 0. 0. -1. 0.
-0.041 0.999 0. -69.141 0.999 0.041 0. 27.207 0. 0. -1. 0.
-0.023 1.000 0. -68.957 1.000 0.023 0. 28.779 0. 0. -1. 0.
-0.013 1. 0. -69.156 1. 0.013 0. 30.493 0. 0. -1. 0.
0.016 1.000 0. -68.811 1.000 -0.016 -0. 32.139 0. 0. -1. 0.
0.048 0.999 0. -69.011 0.999 -0.048 -0. 33.834 0. 0. -1. 0.
0.080 0.997 0. -68.748 0.997 -0.080 -0. 35.507 0. 0. -1. 0.
0.116 0.993 0. -68.597 0.993 -0.116 -0. 37.219 0. 0. -1. 0.
0.125 0.992 0. -68.262 0.992 -0.125 -0. 38.863 0. 0. -1. 0.
0.145 0.989 0. -67.947 0.989 -0.145 -0. 40.580 0. 0. -1. 0.
0.134 0.991 0. -67.717 0.991 -0.134 -0. 42.283 0. 0. -1. 0.
0.129 0.992 0. -67.443 0.992 -0.129 -0. 44.048 0. 0. -1. 0.
0.106 0.994 0. -67.170 0.994 -0.106 -0. 45.954 0. 0. -1. 0.
0.094 0.996 0. -66.998 0.996 -0.094 -0. 47.751 0. 0. -1. 0.
0.067 0.998 0. -66.793 0.998 -0.067 -0. 49.670 0. 0. -1. 0.
0.045 0.999 0. -66.691 0.999 -0.045 -0. 51.628 0. 0. -1. 0.
0.032 0.999 0. -66.577 0.999 -0.032 -0. 53.538 0. 0. -1. 0.
0.010 1. 0. -66.528 1. -0.010 -0. 55.547 0. 0. -1. 0.
-0.002 1. 0. -66.445 1. 0.002 0. 57.557 0. 0. -1. 0.
-0.009 1. 0. -66.458 1. 0.009 0. 59.467 0. 0. -1. 0.
-0.015 1.000 0. -66.462 1.000 0.015 0. 61.457 0. 0. -1. 0.
-0.024 1.000 0. -66.505 1.000 0.024 0. 63.422 0. 0. -1. 0.
-0.032 0.999 0. -66.567 0.999 0.032 0. 65.300 0. 0. -1. 0.
-0.032 0.999 0. -66.587 0.999 0.032 0. 67.360 0. 0. -1. 0.
-0.038 0.999 0. -66.576 0.999 0.038 0. 69.226 0. 0. -1. 0.
-0.034 0.999 0. -66.615 0.999 0.034 0. 71.115 0. 0. -1. 0.
-0.035 0.999 0. -66.685 0.999 0.035 0. 72.938 0. 0. -1. 0.
-0.045 0.999 0. -66.748 0.999 0.045 0. 74.716 0. 0. -1. 0.
-0.061 0.998 0. -66.765 0.998 0.061 0. 76.523 0. 0. -1. 0.
-0.082 0.997 0. -66.824 0.997 0.082 0. 78.276 0. 0. -1. 0.
-0.126 0.992 0. -67.080 0.992 0.126 0. 79.866 0. 0. -1. 0.
-0.163 0.987 0. -67.223 0.987 0.163 0. 81.525 0. 0. -1. 0.
-0.227 0.974 0. -67.589 0.974 0.227 0. 82.989 0. 0. -1. 0.
-0.288 0.958 0. -67.925 0.958 0.288 0. 84.540 0. 0. -1. 0.
-0.359 0.933 0. -68.533 0.933 0.359 0. 85.869 0. 0. -1. 0.
-0.431 0.902 0. -68.999 0.902 0.431 0. 87.198 0. 0. -1. 0.
-0.507 0.862 0. -69.683 0.862 0.507 0. 88.425 0. 0. -1. 0.
-0.581 0.814 0. -70.462 0.814 0.581 0. 89.634 0. 0. -1. 0.
-0.660 0.751 0. -71.348 0.751 0.660 0. 90.638 0. 0. -1. 0.
-0.732 0.681 0. -72.260 0.681 0.732 0. 91.580 0. 0. -1. 0.
-0.802 0.598 0. -73.327 0.598 0.802 0. 92.366 0. 0. -1. 0.
-0.861 0.509 0. -74.482 0.509 0.861 0. 93.084 0. 0. -1. 0.
-0.905 0.426 0. -75.715 0.426 0.905 0. 93.715 0. 0. -1. 0.
-0.938 0.346 0. -76.992 0.346 0.938 0. 94.055 0. 0. -1. 0.
-0.963 0.269 0. -78.322 0.269 0.963 0. 94.303 0. 0. -1. 0.
-0.976 0.219 0. -79.672 0.219 0.976 0. 94.708 0. 0. -1. 0.
-0.984 0.176 0. -81.162 0.176 0.984 0. 95.041 0. 0. -1. 0.
-0.989 0.151 0. -82.603 0.151 0.989 0. 95.399 0. 0. -1. 0.
-0.990 0.141 0. -84.241 0.141 0.990 0. 95.378 0. 0. -1. 0.
-0.988 0.154 0. -85.723 0.154 0.988 0. 95.791 0. 0. -1. 0.
-0.983 0.181 0. -87.344 0.181 0.983 0. 96.142 0. 0. -1. 0.
-0.974 0.227 0. -88.796 0.227 0.974 0. 96.607 0. 0. -1. 0.
-0.961 0.276 0. -90.348 0.276 0.961 0. 97.012 0. 0. -1. 0.
-0.944 0.329 0. -92.019 0.329 0.944 0. 97.555 0. 0. -1. 0.
-0.927 0.375 0. -93.539 0.375 0.927 0. 98.183 0. 0. -1. 0.
-0.901 0.434 0. -95.032 0.434 0.901 0. 99.074 0. 0. -1. 0.
-0.873 0.488 0. -96.548 0.488 0.873 0. 99.975 0. 0. -1. 0.
-0.845 0.535 0. -98.110 0.535 0.845 0. 100.864 0. 0. -1. 0.
-0.823 0.568 0. -99.589 0.568 0.823 0. 101.893 0. 0. -1. 0.
-0.794 0.608 0. -101.103 0.608 0.794 0. 103.050 0. 0. -1. 0.
-0.782 0.623 0. -102.609 0.623 0.782 0. 104.131 0. 0. -1. 0.
-0.767 0.642 0. -104.042 0.642 0.767 0. 105.517 0. 0. -1. 0.
-0.763 0.646 0. -105.570 0.646 0.763 0. 106.804 0. 0. -1. 0.
-0.753 0.658 0. -107.052 0.658 0.753 0. 108.147 0. 0. -1. 0.
-0.754 0.656 0. -108.587 0.656 0.754 0. 109.599 0. 0. -1. 0.
-0.747 0.664 0. -110.225 0.664 0.747 0. 110.803 0. 0. -1. 0.
-0.749 0.662 0. -111.681 0.662 0.749 0. 112.357 0. 0. -1. 0.
-0.753 0.658 0. -113.228 0.658 0.753 0. 113.879 0. 0. -1. 0.
-0.750 0.662 0. -114.852 0.662 0.750 0. 115.305 0. 0. -1. 0.
-0.743 0.669 0. -116.448 0.669 0.743 0. 116.637 0. 0. -1. 0.
-0.744 0.669 0. -118.084 0.669 0.744 0. 118.145 0. 0. -1. 0.
-0.736 0.677 0. -119.671 0.677 0.736 0. 119.721 0. 0. -1. 0.
-0.738 0.675 0. -121.337 0.675 0.738 0. 121.235 0. 0. -1. 0.
-0.737 0.676 0. -122.993 0.676 0.737 0. 122.807 0. 0. -1. 0.
-0.737 0.676 0. -124.637 0.676 0.737 0. 124.416 0. 0. -1. 0.
-0.732 0.681 0. -126.381 0.681 0.732 0. 126.009 0. 0. -1. 0.
-0.736 0.677 0. -127.980 0.677 0.736 0. 127.605 0. 0. -1. 0.
-0.735 0.679 0. -129.687 0.679 0.735 0. 129.266 0. 0. -1. 0.
-0.733 0.681 0. -131.360 0.681 0.733 0. 130.911 0. 0. -1. 0.
-0.732 0.682 0. -133.110 0.682 0.732 0. 132.474 0. 0. -1. 0.
-0.733 0.680 0. -134.806 0.680 0.733 0. 134.236 0. 0. -1. 0.
-0.731 0.683 0. -136.541 0.683 0.731 0. 135.892 0. 0. -1. 0.
-0.728 0.685 0. -138.227 0.685 0.728 0. 137.572 0. 0. -1. 0.
-0.726 0.688 0. -139.941 0.688 0.726 0. 139.240 0. 0. -1. 0.
-0.725 0.689 0. -141.621 0.689 0.725 0. 140.892 0. 0. -1. 0.
-0.721 0.693 0. -143.427 0.693 0.721 0. 142.641 0. 0. -1. 0.
-0.707 0.707 0. -145.081 0.707 0.707 0. 144.320 0. 0. -1. 0.
-0.694 0.720 0. -146.629 0.720 0.694 0. 146.054 0. 0. -1. 0.
-0.683 0.731 0. -148.291 0.731 0.683 0. 147.775 0. 0. -1. 0.
-0.665 0.747 0. -149.732 0.747 0.665 0. 149.560 0. 0. -1. 0.
-0.643 0.766 0. -151.275 0.766 0.643 0. 151.294 0. 0. -1. 0.
-0.622 0.783 0. -152.591 0.783 0.622 0. 153.137 0. 0. -1. 0.
-0.607 0.795 0. -153.859 0.795 0.607 0. 155.042 0. 0. -1. 0.
-0.580 0.815 0. -155.180 0.815 0.580 0. 156.767 0. 0. -1. 0.
-0.555 0.832 0. -156.463 0.832 0.555 0. 158.683 0. 0. -1. 0.
-0.527 0.850 0. -157.589 0.850 0.527 0. 160.552 0. 0. -1. 0.
-0.495 0.869 0. -158.666 0.869 0.495 0. 162.487 0. 0. -1. 0.
-0.464 0.886 0. -159.599 0.886 0.464 0. 164.519 0. 0. -1. 0.
-0.430 0.903 0. -160.519 0.903 0.430 0. 166.565 0. 0. -1. 0.
-0.388 0.922 0. -161.255 0.922 0.388 0. 168.732 0. 0. -1. 0.
-0.353 0.936 0. -162.150 0.936 0.353 0. 170.830 0. 0. -1. 0.
-0.310 0.951 0. -162.900 0.951 0.310 0. 172.986 0. 0. -1. 0.
-0.287 0.958 0. -163.645 0.958 0.287 0. 175.211 0. 0. -1. 0.
-0.254 0.967 0. -164.243 0.967 0.254 0. 177.397 0. 0. -1. 0.
-0.229 0.973 0. -164.655 0.973 0.229 0. 179.772 0. 0. -1. 0.
-0.211 0.977 0. -165.051 0.977 0.211 0. 182.081 0. 0. -1. 0.
-0.193 0.981 0. -165.585 0.981 0.193 0. 184.394 0. 0. -1. 0.
-0.175 0.985 0. -165.860 0.985 0.175 0. 186.706 0. 0. -1. 0.
-0.166 0.986 0. -166.040 0.986 0.166 0. 189.090 0. 0. -1. 0.
-0.159 0.987 0. -166.585 0.987 0.159 0. 191.350 0. 0. -1. 0.
-0.158 0.987 0. -166.772 0.987 0.158 0. 193.614 0. 0. -1. 0.
-0.146 0.989 0. -167.138 0.989 0.146 0. 195.917 0. 0. -1. 0.
-0.154 0.988 0. -167.251 0.988 0.154 0. 198.155 0. 0. -1. 0.
-0.156 0.988 0. -167.700 0.988 0.156 0. 200.351 0. 0. -1. 0.
-0.165 0.986 0. -167.959 0.986 0.165 0. 202.546 0. 0. -1. 0.
-0.188 0.982 0. -168.257 0.982 0.188 0. 204.672 0. 0. -1. 0.
-0.215 0.977 0. -168.699 0.977 0.215 0. 206.822 0. 0. -1. 0.
-0.238 0.971 0. -169.176 0.971 0.238 0. 208.889 0. 0. -1. 0.
-0.279 0.960 0. -169.579 0.960 0.279 0. 210.899 0. 0. -1. 0.
-0.328 0.945 0. -170.255 0.945 0.328 0. 212.906 0. 0. -1. 0.
-0.378 0.926 0. -170.952 0.926 0.378 0. 214.789 0. 0. -1. 0.
-0.428 0.904 0. -171.857 0.904 0.428 0. 216.656 0. 0. -1. 0.
-0.478 0.878 0. -172.652 0.878 0.478 0. 218.467 0. 0. -1. 0.
-0.533 0.846 0. -173.808 0.846 0.533 0. 220.213 0. 0. -1. 0.
-0.588 0.809 0. -174.829 0.809 0.588 0. 221.779 0. 0. -1. 0.
-0.643 0.766 0. -176.182 0.766 0.643 0. 223.313 0. 0. -1. 0.
-0.696 0.718 0. -177.488 0.718 0.696 0. 224.787 0. 0. -1. 0.
-0.750 0.661 0. -178.905 0.661 0.750 0. 226.060 0. 0. -1. 0.
-0.804 0.594 0. -180.568 0.594 0.804 0. 227.247 0. 0. -1. 0.
-0.850 0.526 0. -182.442 0.526 0.850 0. 228.229 0. 0. -1. 0.
-0.886 0.463 0. -184.119 0.463 0.886 0. 229.219 0. 0. -1. 0.
-0.917 0.400 0. -185.798 0.400 0.917 0. 230.120 0. 0. -1. 0.
-0.939 0.345 0. -187.836 0.345 0.939 0. 230.773 0. 0. -1. 0.
-0.955 0.298 0. -189.767 0.298 0.955 0. 231.550 0. 0. -1. 0.
-0.964 0.267 0. -191.804 0.267 0.964 0. 232.202 0. 0. -1. 0.
-0.968 0.251 0. -193.869 0.251 0.968 0. 232.873 0. 0. -1. 0.
-0.969 0.248 0. -196.051 0.248 0.969 0. 233.399 0. 0. -1. 0.
-0.969 0.247 0. -198.214 0.247 0.969 0. 233.968 0. 0. -1. 0.
-0.969 0.246 0. -200.396 0.246 0.969 0. 234.464 0. 0. -1. 0.
-0.972 0.236 0. -202.560 0.236 0.972 0. 235.098 0. 0. -1. 0.
-0.971 0.238 0. -204.812 0.238 0.971 0. 235.654 0. 0. -1. 0.
-0.970 0.243 0. -206.853 0.243 0.970 0. 236.296 0. 0. -1. 0.
-0.969 0.249 0. -208.983 0.249 0.969 0. 236.815 0. 0. -1. 0.
-0.969 0.247 0. -211.097 0.247 0.969 0. 237.385 0. 0. -1. 0.
-0.970 0.244 0. -213.319 0.244 0.970 0. 237.820 0. 0. -1. 0.
-0.971 0.241 0. -215.365 0.241 0.971 0. 238.474 0. 0. -1. 0.
-0.972 0.237 0. -217.550 0.237 0.972 0. 238.965 0. 0. -1. 0.
-0.971 0.238 0. -219.631 0.238 0.971 0. 239.451 0. 0. -1. 0.
-0.970 0.242 0. -221.562 0.242 0.970 0. 240.048 0. 0. -1. 0.
-0.971 0.238 0. -223.559 0.238 0.971 0. 240.610 0. 0. -1. 0.
-0.972 0.237 0. -225.786 0.237 0.972 0. 241.019 0. 0. -1. 0.
-0.971 0.240 0. -227.599 0.240 0.971 0. 241.585 0. 0. -1. 0.
-0.971 0.240 0. -229.523 0.240 0.971 0. 242.102 0. 0. -1. 0.
-0.970 0.244 0. -231.340 0.244 0.970 0. 242.615 0. 0. -1. 0.
-0.968 0.251 0. -233.064 0.251 0.968 0. 242.993 0. 0. -1. 0.
-0.966 0.260 0. -234.743 0.260 0.966 0. 243.429 0. 0. -1. 0.
-0.964 0.268 0. -236.326 0.268 0.964 0. 243.905 0. 0. -1. 0.
-0.959 0.283 0. -237.890 0.283 0.959 0. 244.434 0. 0. -1. 0.
-0.953 0.303 0. -239.339 0.303 0.953 0. 244.917 0. 0. -1. 0.
-0.943 0.334 0. -240.665 0.334 0.943 0. 245.351 0. 0. -1. 0.
-0.931 0.365 0. -241.865 0.365 0.931 0. 245.916 0. 0. -1. 0.
-0.918 0.398 0. -242.981 0.398 0.918 0. 246.460 0. 0. -1. 0.
-0.903 0.430 0. -244.073 0.430 0.903 0. 247.037 0. 0. -1. 0.
-0.889 0.458 0. -245.012 0.458 0.889 0. 247.424 0. 0. -1. 0.
-0.882 0.471 0. -245.895 0.471 0.882 0. 247.885 0. 0. -1. 0.
-0.883 0.470 0. -246.776 0.470 0.883 0. 248.496 0. 0. -1. 0.
-0.887 0.461 0. -247.665 0.461 0.887 0. 248.887 0. 0. -1. 0.
-0.897 0.441 0. -248.444 0.441 0.897 0. 249.438 0. 0. -1. 0.
-0.905 0.424 0. -249.261 0.424 0.905 0. 249.811 0. 0. -1. 0.
-0.918 0.396 0. -249.897 0.396 0.918 0. 250.112 0. 0. -1. 0.
-0.928 0.372 0. -250.564 0.372 0.928 0. 250.369 0. 0. -1. 0.
-0.935 0.354 0. -251.093 0.354 0.935 0. 250.439 0. 0. -1. 0.
-0.943 0.334 0. -251.520 0.334 0.943 0. 250.719 0. 0. -1. 0.
-0.946 0.324 0. -251.862 0.324 0.946 0. 250.751 0. 0. -1. 0.
-0.950 0.313 0. -252.188 0.313 0.950 0. 250.821 0. 0. -1. 0.
-0.953 0.302 0. -252.485 0.302 0.953 0. 250.965 0. 0. -1. 0.
-0.956 0.294 0. -252.894 0.294 0.956 0. 251.044 0. 0. -1. 0.
-0.957 0.289 0. -253.036 0.289 0.957 0. 251.204 0. 0. -1. 0.
-0.958 0.285 0. -253.358 0.285 0.958 0. 251.262 0. 0. -1. 0.
-0.956 0.292 0. -253.483 0.292 0.956 0. 251.203 0. 0. -1. 0.
-0.959 0.284 0. -253.572 0.284 0.959 0. 251.297 0. 0. -1. 0.
-0.958 0.287 0. -253.683 0.287 0.958 0. 251.345 0. 0. -1. 0.
-0.957 0.292 0. -253.688 0.292 0.957 0. 251.414 0. 0. -1. 0.
-0.957 0.290 0. -253.704 0.290 0.957 0. 251.379 0. 0. -1. 0.
-0.956 0.292 0. -253.715 0.292 0.956 0. 251.391 0. 0. -1. 0.
-0.956 0.294 0. -253.695 0.294 0.956 0. 251.393 0. 0. -1. 0.
-0.958 0.287 0. -253.656 0.287 0.958 0. 251.536 0. 0. -1. 0.
-0.958 0.286 0. -253.712 0.286 0.958 0. 251.462 0. 0. -1. 0.
-0.957 0.290 0. -253.689 0.290 0.957 0. 251.408 0. 0. -1. 0.
-0.956 0.293 0. -253.689 0.293 0.956 0. 251.416 0. 0. -1. 0.
-0.955 0.297 0. -253.684 0.297 0.955 0. 251.438 0. 0. -1. 0.
-0.955 0.297 0. -253.684 0.297 0.955 0. 251.449 0. 0. -1. 0.
-0.955 0.295 0. -253.670 0.295 0.955 0. 251.454 0. 0. -1. 0.
-0.958 0.288 0. -253.657 0.288 0.958 0. 251.375 0. 0. -1. 0.
-0.957 0.289 0. -253.782 0.289 0.957 0. 251.612 0. 0. -1. 0.
-0.955 0.297 0. -253.733 0.297 0.955 0. 251.557 0. 0. -1. 0.
-0.957 0.292 0. -253.790 0.292 0.957 0. 251.680 0. 0. -1. 0.
-0.956 0.295 0. -253.696 0.295 0.956 0. 251.468 0. 0. -1. 0.
-0.956 0.295 0. -253.702 0.295 0.956 0. 251.491 0. 0. -1. 0.
-0.956 0.294 0. -253.742 0.294 0.956 0. 251.538 0. 0. -1. 0.
-0.955 0.296 0. -253.716 0.296 0.955 0. 251.504 0. 0. -1. 0.
-0.957 0.290 0. -253.793 0.290 0.957 0. 251.652 0. 0. -1. 0.
-0.958 0.288 0. -253.809 0.288 0.958 0. 251.642 0. 0. -1. 0.
-0.956 0.293 0. -253.730 0.293 0.956 0. 251.557 0. 0. -1. 0.
-0.957 0.291 0. -253.840 0.291 0.957 0. 251.722 0. 0. -1. 0.
-0.956 0.293 0. -253.670 0.293 0.956 0. 251.447 0. 0. -1. 0.
-0.958 0.288 0. -253.705 0.288 0.958 0. 251.466 0. 0. -1. 0.
-0.957 0.290 0. -253.738 0.290 0.957 0. 251.677 0. 0. -1. 0.
-0.957 0.289 0. -253.747 0.289 0.957 0. 251.460 0. 0. -1. 0.
-0.958 0.288 0. -253.692 0.288 0.958 0. 251.391 0. 0. -1. 0.
-0.958 0.288 0. -253.694 0.288 0.958 0. 251.486 0. 0. -1. 0.
-0.955 0.297 0. -253.749 0.297 0.955 0. 251.472 0. 0. -1. 0.
-0.958 0.286 0. -253.665 0.286 0.958 0. 251.474 0. 0. -1. 0.
-0.957 0.289 0. -253.760 0.289 0.957 0. 251.555 0. 0. -1. 0.
-0.958 0.287 0. -253.680 0.287 0.958 0. 251.409 0. 0. -1. 0.
-0.958 0.286 0. -253.711 0.286 0.958 0. 251.443 0. 0. -1. 0.
-0.958 0.286 0. -253.684 0.286 0.958 0. 251.428 0. 0. -1. 0.
-0.958 0.287 0. -253.702 0.287 0.958 0. 251.454 0. 0. -1. 0.
-0.957 0.291 0. -253.678 0.291 0.957 0. 251.452 0. 0. -1. 0.
-0.956 0.294 0. -253.652 0.294 0.956 0. 251.413 0. 0. -1. 0.
-0.957 0.290 0. -253.675 0.290 0.957 0. 251.426 0. 0. -1. 0.
-0.958 0.286 0. -253.707 0.286 0.958 0. 251.557 0. 0. -1. 0.
-0.958 0.288 0. -253.706 0.288 0.958 0. 251.428 0. 0. -1. 0.
-0.958 0.287 0. -253.721 0.287 0.958 0. 251.418 0. 0. -1. 0.
-0.958 0.287 0. -253.751 0.287 0.958 0. 251.546 0. 0. -1. 0.
-0.958 0.286 0. -253.694 0.286 0.958 0. 251.504 0. 0. -1. 0.
-0.957 0.290 0. -253.726 0.290 0.957 0. 251.421 0. 0. -1. 0.
-0.956 0.292 0. -253.673 0.292 0.956 0. 251.369 0. 0. -1. 0.
-0.958 0.288 0. -253.686 0.288 0.958 0. 251.483 0. 0. -1. 0.
-0.956 0.293 0. -253.716 0.293 0.956 0. 251.424 0. 0. -1. 0.
-0.955 0.296 0. -253.681 0.296 0.955 0. 251.411 0. 0. -1. 0.
-0.956 0.294 0. -253.690 0.294 0.956 0. 251.418 0. 0. -1. 0.
-0.958 0.288 0. -253.685 0.288 0.958 0. 251.428 0. 0. -1. 0.
-0.957 0.291 0. -253.701 0.291 0.957 0. 251.415 0. 0. -1. 0.
-0.957 0.291 0. -253.721 0.291 0.957 0. 251.631 0. 0. -1. 0.
-0.958 0.287 0. -253.693 0.287 0.958 0. 251.605 0. 0. -1. 0.
-0.958 0.286 0. -253.746 0.286 0.958 0. 251.556 0. 0. -1. 0.
-0.957 0.290 0. -253.697 0.290 0.957 0. 251.654 0. 0. -1. 0.
-0.957 0.290 0. -253.710 0.290 0.957 0. 251.648 0. 0. -1. 0.
-0.957 0.290 0. -253.746 0.290 0.957 0. 251.669 0. 0. -1. 0.
-0.957 0.291 0. -253.728 0.291 0.957 0. 251.706 0. 0. -1. 0.
-0.958 0.287 0. -253.723 0.287 0.958 0. 251.572 0. 0. -1. 0.
-0.958 0.286 0. -253.745 0.286 0.958 0. 251.552 0. 0. -1. 0.
-0.957 0.290 0. -253.706 0.290 0.957 0. 251.599 0. 0. -1. 0.
-0.957 0.290 0. -253.694 0.290 0.957 0. 251.621 0. 0. -1. 0.
-0.957 0.289 0. -253.741 0.289 0.957 0. 251.590 0. 0. -1. 0.
-0.956 0.293 0. -253.681 0.293 0.956 0. 251.390 0. 0. -1. 0.
-0.957 0.290 0. -253.730 0.290 0.957 0. 251.527 0. 0. -1. 0.
-0.957 0.290 0. -253.744 0.290 0.957 0. 251.598 0. 0. -1. 0.
-0.955 0.296 0. -253.701 0.296 0.955 0. 251.447 0. 0. -1. 0.
-0.956 0.294 0. -253.662 0.294 0.956 0. 251.373 0. 0. -1. 0.
-0.956 0.294 0. -253.744 0.294 0.956 0. 251.497 0. 0. -1. 0.
-0.957 0.290 0. -253.727 0.290 0.957 0. 251.694 0. 0. -1. 0.
-0.957 0.290 0. -253.728 0.290 0.957 0. 251.720 0. 0. -1. 0.
-0.955 0.295 0. -253.710 0.295 0.955 0. 251.482 0. 0. -1. 0.
-0.955 0.296 0. -253.713 0.296 0.955 0. 251.398 0. 0. -1. 0.
-0.955 0.295 0. -253.692 0.295 0.955 0. 251.404 0. 0. -1. 0.
-0.955 0.296 0. -253.713 0.296 0.955 0. 251.455 0. 0. -1. 0.
-0.956 0.293 0. -253.688 0.293 0.956 0. 251.426 0. 0. -1. 0.
-0.957 0.290 0. -253.712 0.290 0.957 0. 251.450 0. 0. -1. 0.
-0.956 0.293 0. -253.727 0.293 0.956 0. 251.377 0. 0. -1. 0.
-0.958 0.286 0. -253.669 0.286 0.958 0. 251.410 0. 0. -1. 0.
-0.958 0.287 0. -253.681 0.287 0.958 0. 251.465 0. 0. -1. 0.
-0.958 0.286 0. -253.700 0.286 0.958 0. 251.533 0. 0. -1. 0.
-0.958 0.286 0. -253.701 0.286 0.958 0. 251.414 0. 0. -1. 0.
-0.958 0.285 0. -253.682 0.285 0.958 0. 251.450 0. 0. -1. 0.
-0.958 0.286 0. -253.673 0.286 0.958 0. 251.449 0. 0. -1. 0.
-0.958 0.288 0. -253.725 0.288 0.958 0. 251.580 0. 0. -1. 0.
-0.955 0.296 0. -253.715 0.296 0.955 0. 251.446 0. 0. -1. 0.
-0.956 0.294 0. -253.658 0.294 0.956 0. 251.441 0. 0. -1. 0.
-0.957 0.292 0. -253.713 0.292 0.957 0. 251.378 0. 0. -1. 0.
-0.957 0.291 0. -253.694 0.291 0.957 0. 251.345 0. 0. -1. 0.
-0.956 0.294 0. -253.707 0.294 0.956 0. 251.422 0. 0. -1. 0.
-0.955 0.296 0. -253.735 0.296 0.955 0. 251.519 0. 0. -1. 0.
-0.958 0.287 0. -253.691 0.287 0.958 0. 251.581 0. 0. -1. 0.
-0.958 0.288 0. -253.741 0.288 0.958 0. 251.535 0. 0. -1. 0.
-0.958 0.287 0. -253.730 0.287 0.958 0. 251.543 0. 0. -1. 0.
-0.955 0.297 0. -253.722 0.297 0.955 0. 251.530 0. 0. -1. 0.
-0.958 0.287 0. -253.682 0.287 0.958 0. 251.386 0. 0. -1. 0.
-0.958 0.285 0. -253.736 0.285 0.958 0. 251.495 0. 0. -1. 0.
-0.957 0.290 0. -253.705 0.290 0.957 0. 251.424 0. 0. -1. 0.
-0.955 0.296 0. -253.717 0.296 0.955 0. 251.399 0. 0. -1. 0.
-0.956 0.295 0. -253.733 0.295 0.956 0. 251.575 0. 0. -1. 0.
-0.956 0.295 0. -253.675 0.295 0.956 0. 251.391 0. 0. -1. 0.
-0.958 0.288 0. -253.715 0.288 0.958 0. 251.533 0. 0. -1. 0.
-0.958 0.287 0. -253.685 0.287 0.958 0. 251.512 0. 0. -1. 0.
-0.956 0.293 0. -253.697 0.293 0.956 0. 251.398 0. 0. -1. 0.
-0.956 0.292 0. -253.639 0.292 0.956 0. 251.394 0. 0. -1. 0.
-0.956 0.293 0. -253.728 0.293 0.956 0. 251.433 0. 0. -1. 0.
-0.955 0.296 0. -253.680 0.296 0.955 0. 251.440 0. 0. -1. 0.
-0.955 0.297 0. -253.716 0.297 0.955 0. 251.538 0. 0. -1. 0.
-0.958 0.288 0. -253.657 0.288 0.958 0. 251.492 0. 0. -1. 0.
-0.958 0.286 0. -253.756 0.286 0.958 0. 251.567 0. 0. -1. 0.
-0.957 0.290 0. -253.721 0.290 0.957 0. 251.487 0. 0. -1. 0.
-0.958 0.287 0. -253.694 0.287 0.958 0. 251.524 0. 0. -1. 0.
-0.959 0.284 0. -253.689 0.284 0.959 0. 251.436 0. 0. -1. 0.
-0.958 0.286 0. -253.696 0.286 0.958 0. 251.439 0. 0. -1. 0.
-0.958 0.288 0. -253.696 0.288 0.958 0. 251.403 0. 0. -1. 0.
-0.958 0.287 0. -253.678 0.287 0.958 0. 251.437 0. 0. -1. 0.
-0.957 0.289 0. -253.685 0.289 0.957 0. 251.421 0. 0. -1. 0.
-0.957 0.290 0. -253.704 0.290 0.957 0. 251.512 0. 0. -1. 0.
-0.957 0.289 0. -253.746 0.289 0.957 0. 251.553 0. 0. -1. 0.
-0.958 0.288 0. -253.739 0.288 0.958 0. 251.615 0. 0. -1. 0.
-0.958 0.286 0. -253.686 0.286 0.958 0. 251.481 0. 0. -1. 0.
-0.958 0.288 0. -253.741 0.288 0.958 0. 251.587 0. 0. -1. 0.
-0.956 0.295 0. -253.722 0.295 0.956 0. 251.445 0. 0. -1. 0.
-0.956 0.294 0. -253.717 0.294 0.956 0. 251.592 0. 0. -1. 0.
-0.957 0.290 0. -253.707 0.290 0.957 0. 251.680 0. 0. -1. 0.
-0.957 0.289 0. -253.709 0.289 0.957 0. 251.660 0. 0. -1. 0.
-0.956 0.294 0. -253.658 0.294 0.956 0. 251.415 0. 0. -1. 0.
-0.956 0.293 0. -253.677 0.293 0.956 0. 251.351 0. 0. -1. 0.
-0.956 0.294 0. -253.687 0.294 0.956 0. 251.374 0. 0. -1. 0.
-0.955 0.295 0. -253.726 0.295 0.955 0. 251.396 0. 0. -1. 0.
-0.957 0.290 0. -253.751 0.290 0.957 0. 251.715 0. 0. -1. 0.
-0.957 0.289 0. -253.741 0.289 0.957 0. 251.716 0. 0. -1. 0.
-0.957 0.291 0. -253.726 0.291 0.957 0. 251.672 0. 0. -1. 0.
-0.958 0.287 0. -253.690 0.287 0.958 0. 251.528 0. 0. -1. 0.
-0.958 0.286 0. -253.682 0.286 0.958 0. 251.455 0. 0. -1. 0.
-0.958 0.287 0. -253.676 0.287 0.958 0. 251.423 0. 0. -1. 0.
-0.956 0.294 0. -253.721 0.294 0.956 0. 251.462 0. 0. -1. 0.
-0.958 0.286 0. -253.651 0.286 0.958 0. 251.371 0. 0. -1. 0.
-0.957 0.289 0. -253.772 0.289 0.957 0. 251.398 0. 0. -1. 0.
-0.958 0.287 0. -253.671 0.287 0.958 0. 251.377 0. 0. -1. 0.
-0.958 0.286 0. -253.710 0.286 0.958 0. 251.464 0. 0. -1. 0.
-0.959 0.285 0. -253.674 0.285 0.959 0. 251.431 0. 0. -1. 0.
-0.958 0.287 0. -253.739 0.287 0.958 0. 251.547 0. 0. -1. 0.
-0.956 0.293 0. -253.679 0.293 0.956 0. 251.463 0. 0. -1. 0.
-0.958 0.287 0. -253.703 0.287 0.958 0. 251.501 0. 0. -1. 0.
-0.956 0.292 0. -253.733 0.292 0.956 0. 251.636 0. 0. -1. 0.
-0.954 0.298 0. -253.716 0.298 0.954 0. 251.476 0. 0. -1. 0.
-0.956 0.293 0. -253.675 0.293 0.956 0. 251.469 0. 0. -1. 0.
-0.957 0.291 0. -253.720 0.291 0.957 0. 251.720 0. 0. -1. 0.
-0.955 0.295 0. -253.684 0.295 0.955 0. 251.461 0. 0. -1. 0.
-0.957 0.290 0. -253.697 0.290 0.957 0. 251.470 0. 0. -1. 0.
-0.958 0.288 0. -253.714 0.288 0.958 0. 251.593 0. 0. -1. 0.
-0.956 0.292 0. -253.712 0.292 0.956 0. 251.534 0. 0. -1. 0.
-0.956 0.292 0. -253.676 0.292 0.956 0. 251.400 0. 0. -1. 0.
-0.957 0.289 0. -253.688 0.289 0.957 0. 251.395 0. 0. -1. 0.
-0.956 0.295 0. -253.729 0.295 0.956 0. 251.498 0. 0. -1. 0.
-0.958 0.287 0. -253.675 0.287 0.958 0. 251.482 0. 0. -1. 0.
-0.958 0.286 0. -253.693 0.286 0.958 0. 251.416 0. 0. -1. 0.
-0.958 0.287 0. -253.690 0.287 0.958 0. 251.380 0. 0. -1. 0.
-0.958 0.286 0. -253.685 0.286 0.958 0. 251.403 0. 0. -1. 0.
-0.958 0.286 0. -253.734 0.286 0.958 0. 251.521 0. 0. -1. 0.
-0.958 0.286 0. -253.659 0.286 0.958 0. 251.492 0. 0. -1. 0.
-0.958 0.287 0. -253.677 0.287 0.958 0. 251.401 0. 0. -1. 0.
-0.958 0.287 0. -253.679 0.287 0.958 0. 251.421 0. 0. -1. 0.
-0.957 0.289 0. -253.698 0.289 0.957 0. 251.446 0. 0. -1. 0.
-0.956 0.293 0. -253.673 0.293 0.956 0. 251.367 0. 0. -1. 0.
-0.957 0.291 0. -253.683 0.291 0.957 0. 251.413 0. 0. -1. 0.
-0.957 0.289 0. -253.668 0.289 0.957 0. 251.371 0. 0. -1. 0.
-0.958 0.287 0. -253.671 0.287 0.958 0. 251.446 0. 0. -1. 0.
-0.958 0.288 0. -253.715 0.288 0.958 0. 251.543 0. 0. -1. 0.
-0.958 0.286 0. -253.687 0.286 0.958 0. 251.544 0. 0. -1. 0.
-0.958 0.286 0. -253.696 0.286 0.958 0. 251.442 0. 0. -1. 0.
-0.958 0.288 0. -253.709 0.288 0.958 0. 251.395 0. 0. -1. 0.
-0.957 0.291 0. -253.707 0.291 0.957 0. 251.357 0. 0. -1. 0.
-0.955 0.295 0. -253.678 0.295 0.955 0. 251.414 0. 0. -1. 0.
-0.955 0.296 0. -253.691 0.296 0.955 0. 251.462 0. 0. -1. 0.
-0.956 0.295 0. -253.658 0.295 0.956 0. 251.416 0. 0. -1. 0.
-0.957 0.289 0. -253.752 0.289 0.957 0. 251.621 0. 0. -1. 0.
