1. 0. 0. 0. 0. -1. -0. 0. 0. 0. -1. 0.
1. 0.002 0. -0.065 0.002 -1. -0. -0.032 0. 0. -1. 0.
1. -0.000 -0. 0.015 -0.000 -1. -0. 0.007 0. 0. -1. 0.
1. 0.001 0. -0.020 0.001 -1. -0. 0.019 0. 0. -1. 0.
1. -0.001 -0. -0.049 -0.001 -1. -0. -0.011 0. 0. -1. 0.
1. 0.001 0. -0.053 0.001 -1. -0. -0.002 0. 0. -1. 0.
1. 0.003 0. -0.048 0.003 -1. -0. -0.006 0. 0. -1. 0.
1. -0.002 -0. -0.005 -0.002 -1. -0. 0.004 0. 0. -1. 0.
1. 0.002 0. -0.038 0.002 -1. -0. -0.017 0. 0. -1. 0.
1. -0.000 -0. -0.052 -0.000 -1. -0. -0.018 0. 0. -1. 0.
1. -0.001 -0. -0.000 -0.001 -1. -0. 0.017 0. 0. -1. 0.
1. -0.003 -0. -0.028 -0.003 -1. -0. 0.017 0. 0. -1. 0.
1. -0.002 -0. -0.039 -0.002 -1. -0. 0.027 0. 0. -1. 0.
1. 0. 0. -0.005 0. -1. -0. 0.026 0. 0. -1. 0.
1. -0.001 -0. -0.030 -0.001 -1. -0. -0.007 0. 0. -1. 0.
1. 0.001 0. -0.007 0.001 -1. -0. -0.027 0. 0. -1. 0.
1. -0.004 -0. 0.010 -0.004 -1. -0. 0.039 0. 0. -1. 0.
1. -0.010 -0. 0.077 -0.010 -1. -0. 0.021 0. 0. -1. 0.
1. -0.013 -0. 0.197 -0.013 -1. -0. -0.003 0. 0. -1. 0.
1.000 -0.023 -0. 0.324 -0.023 -1.000 -0. -0.037 0. 0. -1. 0.
0.999 -0.044 -0. 0.491 -0.044 -0.999 -0. -0.047 0. 0. -1. 0.
0.998 -0.065 -0. 0.700 -0.065 -0.998 -0. -0.067 0. 0. -1. 0.
0.996 -0.085 -0. 1.023 -0.085 -0.996 -0. -0.086 0. 0. -1. 0.
0.993 -0.118 -0. 1.413 -0.118 -0.993 -0. -0.206 0. 0. -1. 0.
0.988 -0.156 -0. 1.895 -0.156 -0.988 -0. -0.251 0. 0. -1. 0.
0.984 -0.177 -0. 2.575 -0.177 -0.984 -0. -0.300 0. 0. -1. 0.
0.983 -0.184 -0. 3.217 -0.184 -0.983 -0. -0.564 0. 0. -1. 0.
0.982 -0.191 -0. 3.973 -0.191 -0.982 -0. -0.732 0. 0. -1. 0.
0.981 -0.193 -0. 4.784 -0.193 -0.981 -0. -0.911 0. 0. -1. 0.
0.982 -0.190 -0. 5.706 -0.190 -0.982 -0. -1.122 0. 0. -1. 0.
0.983 -0.184 -0. 6.714 -0.184 -0.983 -0. -1.310 0. 0. -1. 0.
0.984 -0.176 -0. 7.779 -0.176 -0.984 -0. -1.427 0. 0. -1. 0.
0.986 -0.167 -0. 8.908 -0.167 -0.986 -0. -1.586 0. 0. -1. 0.
0.987 -0.161 -0. 10.006 -0.161 -0.987 -0. -1.776 0. 0. -1. 0.
0.989 -0.150 -0. 11.221 -0.150 -0.989 -0. -2.037 0. 0. -1. 0.
0.990 -0.138 -0. 12.449 -0.138 -0.990 -0. -2.184 0. 0. -1. 0.
0.993 -0.118 -0. 13.915 -0.118 -0.993 -0. -2.398 0. 0. -1. 0.
0.993 -0.114 -0. 15.356 -0.114 -0.993 -0. -2.534 0. 0. -1. 0.
0.995 -0.104 -0. 16.723 -0.104 -0.995 -0. -2.790 0. 0. -1. 0.
0.996 -0.087 -0. 18.319 -0.087 -0.996 -0. -2.858 0. 0. -1. 0.
0.997 -0.076 -0. 19.919 -0.076 -0.997 -0. -3.103 0. 0. -1. 0.
0.998 -0.070 -0. 21.491 -0.070 -0.998 -0. -3.148 0. 0. -1. 0.
0.998 -0.060 -0. 23.118 -0.060 -0.998 -0. -3.334 0. 0. -1. 0.
0.999 -0.052 -0. 24.894 -0.052 -0.999 -0. -3.446 0. 0. -1. 0.
0.999 -0.049 -0. 26.634 -0.049 -0.999 -0. -3.391 0. 0. -1. 0.
0.999 -0.044 -0. 28.425 -0.044 -0.999 -0. -3.548 0. 0. -1. 0.
0.999 -0.046 -0. 30.251 -0.046 -0.999 -0. -3.775 0. 0. -1. 0.
0.999 -0.049 -0. 32.001 -0.049 -0.999 -0. -3.822 0. 0. -1. 0.
0.999 -0.045 -0. 33.750 -0.045 -0.999 -0. -3.923 0. 0. -1. 0.
1.000 -0.029 -0. 35.521 -0.029 -1.000 -0. -4.134 0. 0. -1. 0.
1. -0.009 -0. 37.332 -0.009 -1. -0. -4.108 0. 0. -1. 0.
1. -0.001 -0. 39.210 -0.001 -1. -0. -4.044 0. 0. -1. 0.
1.000 0.017 0. 41.024 0.017 -1.000 -0. -4.126 0. 0. -1. 0.
1.000 0.028 0. 42.895 0.028 -1.000 -0. -4.158 0. 0. -1. 0.
1.000 0.027 0. 44.863 0.027 -1.000 -0. -4.015 0. 0. -1. 0.
1.000 0.029 0. 46.783 0.029 -1.000 -0. -4.021 0. 0. -1. 0.
1.000 0.031 0. 48.791 0.031 -1.000 -0. -4.074 0. 0. -1. 0.
1.000 0.023 0. 50.800 0.023 -1.000 -0. -4.042 0. 0. -1. 0.
1.000 0.027 0. 52.869 0.027 -1.000 -0. -4.051 0. 0. -1. 0.
1.000 0.024 0. 55.004 0.024 -1.000 -0. -4.166 0. 0. -1. 0.
1.000 0.021 0. 57.144 0.021 -1.000 -0. -4.092 0. 0. -1. 0.
1.000 0.029 0. 59.252 0.029 -1.000 -0. -4.001 0. 0. -1. 0.
0.999 0.032 0. 61.473 0.032 -0.999 -0. -4.066 0. 0. -1. 0.
0.999 0.032 0. 63.661 0.032 -0.999 -0. -4.078 0. 0. -1. 0.
1.000 0.030 0. 65.870 0.030 -1.000 -0. -4.093 0. 0. -1. 0.
1.000 0.028 0. 68.152 0.028 -1.000 -0. -3.944 0. 0. -1. 0.
1.000 0.027 0. 70.216 0.027 -1.000 -0. -3.776 0. 0. -1. 0.
1.000 0.019 0. 72.391 0.019 -1.000 -0. -3.783 0. 0. -1. 0.
1. 0.011 0. 74.581 0.011 -1. -0. -3.761 0. 0. -1. 0.
1. -0.007 -0. 76.774 -0.007 -1. -0. -3.789 0. 0. -1. 0.
1.000 -0.023 -0. 78.903 -0.023 -1.000 -0. -3.802 0. 0. -1. 0.
0.999 -0.041 -0. 81.112 -0.041 -0.999 -0. -3.920 0. 0. -1. 0.
0.997 -0.071 -0. 83.190 -0.071 -0.997 -0. -4.089 0. 0. -1. 0.
0.996 -0.089 -0. 85.315 -0.089 -0.996 -0. -4.269 0. 0. -1. 0.
0.993 -0.121 -0. 87.424 -0.121 -0.993 -0. -4.542 0. 0. -1. 0.
0.987 -0.164 -0. 89.452 -0.164 -0.987 -0. -4.872 0. 0. -1. 0.
0.977 -0.212 -0. 91.531 -0.212 -0.977 -0. -5.368 0. 0. -1. 0.
0.965 -0.263 -0. 93.529 -0.263 -0.965 -0. -5.951 0. 0. -1. 0.
0.948 -0.320 -0. 95.403 -0.320 -0.948 -0. -6.579 0. 0. -1. 0.
0.926 -0.378 -0. 97.242 -0.378 -0.926 -0. -7.383 0. 0. -1. 0.
0.905 -0.426 -0. 99.192 -0.426 -0.905 -0. -8.214 0. 0. -1. 0.
0.881 -0.474 -0. 101.013 -0.474 -0.881 -0. -9.053 0. 0. -1. 0.
0.843 -0.537 -0. 102.769 -0.537 -0.843 -0. -10.189 0. 0. -1. 0.
0.801 -0.599 -0. 104.412 -0.599 -0.801 -0. -11.364 0. 0. -1. 0.
0.754 -0.656 -0. 105.878 -0.656 -0.754 -0. -12.673 0. 0. -1. 0.
0.697 -0.717 -0. 107.226 -0.717 -0.697 -0. -14.089 0. 0. -1. 0.
0.638 -0.770 -0. 108.538 -0.770 -0.638 -0. -15.555 0. 0. -1. 0.
0.569 -0.823 -0. 109.695 -0.823 -0.569 -0. -17.116 0. 0. -1. 0.
0.507 -0.862 -0. 110.561 -0.862 -0.507 -0. -18.707 0. 0. -1. 0.
0.459 -0.888 -0. 111.624 -0.888 -0.459 -0. -20.462 0. 0. -1. 0.
0.430 -0.903 -0. 112.206 -0.903 -0.430 -0. -22.348 0. 0. -1. 0.
0.405 -0.914 -0. 112.914 -0.914 -0.405 -0. -24.212 0. 0. -1. 0.
0.391 -0.920 -0. 113.640 -0.920 -0.391 -0. -26.087 0. 0. -1. 0.
0.382 -0.924 -0. 114.612 -0.924 -0.382 -0. -27.886 0. 0. -1. 0.
0.373 -0.928 -0. 115.321 -0.928 -0.373 -0. -29.844 0. 0. -1. 0.
0.376 -0.927 -0. 116.150 -0.927 -0.376 -0. -31.656 0. 0. -1. 0.
0.386 -0.922 -0. 116.799 -0.922 -0.386 -0. -33.590 0. 0. -1. 0.
0.399 -0.917 -0. 117.757 -0.917 -0.399 -0. -35.512 0. 0. -1. 0.
0.418 -0.909 -0. 118.429 -0.909 -0.418 -0. -37.436 0. 0. -1. 0.
0.436 -0.900 -0. 119.277 -0.900 -0.436 -0. -39.334 0. 0. -1. 0.
0.451 -0.892 -0. 120.344 -0.892 -0.451 -0. -41.279 0. 0. -1. 0.
0.471 -0.882 -0. 121.195 -0.882 -0.471 -0. -43.185 0. 0. -1. 0.
0.486 -0.874 -0. 122.140 -0.874 -0.486 -0. -45.054 0. 0. -1. 0.
0.506 -0.863 -0. 123.187 -0.863 -0.506 -0. -46.919 0. 0. -1. 0.
0.529 -0.849 -0. 124.343 -0.849 -0.529 -0. -48.769 0. 0. -1. 0.
0.550 -0.835 -0. 125.477 -0.835 -0.550 -0. -50.615 0. 0. -1. 0.
0.571 -0.821 -0. 126.640 -0.821 -0.571 -0. -52.355 0. 0. -1. 0.
0.592 -0.806 -0. 127.862 -0.806 -0.592 -0. -54.108 0. 0. -1. 0.
0.606 -0.795 -0. 129.112 -0.795 -0.606 -0. -55.927 0. 0. -1. 0.
0.620 -0.784 -0. 130.396 -0.784 -0.620 -0. -57.464 0. 0. -1. 0.
0.626 -0.780 -0. 131.811 -0.780 -0.626 -0. -59.185 0. 0. -1. 0.
0.642 -0.766 -0. 132.987 -0.766 -0.642 -0. -60.860 0. 0. -1. 0.
0.654 -0.756 -0. 134.318 -0.756 -0.654 -0. -62.468 0. 0. -1. 0.
0.668 -0.744 -0. 135.658 -0.744 -0.668 -0. -64.028 0. 0. -1. 0.
0.674 -0.739 -0. 137.140 -0.739 -0.674 -0. -65.363 0. 0. -1. 0.
0.684 -0.729 -0. 138.479 -0.729 -0.684 -0. -66.894 0. 0. -1. 0.
0.697 -0.717 -0. 139.812 -0.717 -0.697 -0. -68.207 0. 0. -1. 0.
0.713 -0.701 -0. 141.154 -0.701 -0.713 -0. -69.437 0. 0. -1. 0.
0.748 -0.664 -0. 142.386 -0.664 -0.748 -0. -70.766 0. 0. -1. 0.
0.790 -0.614 -0. 143.619 -0.614 -0.790 -0. -71.876 0. 0. -1. 0.
0.838 -0.546 -0. 144.965 -0.546 -0.838 -0. -72.706 0. 0. -1. 0.
0.890 -0.456 -0. 146.266 -0.456 -0.890 -0. -73.330 0. 0. -1. 0.
0.938 -0.345 -0. 147.492 -0.345 -0.938 -0. -73.789 0. 0. -1. 0.
0.975 -0.223 -0. 148.685 -0.223 -0.975 -0. -74.206 0. 0. -1. 0.
0.997 -0.081 -0. 149.837 -0.081 -0.997 -0. -74.200 0. 0. -1. 0.
0.998 0.065 0. 150.917 0.065 -0.998 -0. -74.073 0. 0. -1. 0.
0.974 0.228 0. 151.968 0.228 -0.974 -0. -73.802 0. 0. -1. 0.
0.918 0.397 0. 153.006 0.397 -0.918 -0. -73.353 0. 0. -1. 0.
0.833 0.553 0. 153.784 0.553 -0.833 -0. -72.772 0. 0. -1. 0.
0.720 0.694 0. 154.490 0.694 -0.720 -0. -72.061 0. 0. -1. 0.
0.579 0.815 0. 154.987 0.815 -0.579 -0. -71.237 0. 0. -1. 0.
0.416 0.909 0. 155.488 0.909 -0.416 -0. -70.289 0. 0. -1. 0.
0.231 0.973 0. 155.647 0.973 -0.231 -0. -69.294 0. 0. -1. 0.
0.027 1.000 0. 155.642 1.000 -0.027 -0. -68.265 0. 0. -1. 0.
-0.181 0.984 0. 155.338 0.984 0.181 0. -67.253 0. 0. -1. 0.
-0.374 0.927 0. 154.977 0.927 0.374 0. -66.260 0. 0. -1. 0.
-0.545 0.838 0. 154.329 0.838 0.545 0. -65.317 0. 0. -1. 0.
-0.683 0.730 0. 153.508 0.730 0.683 0. -64.583 0. 0. -1. 0.
-0.792 0.610 0. 152.577 0.610 0.792 0. -63.915 0. 0. -1. 0.
-0.867 0.498 0. 151.560 0.498 0.867 0. -63.189 0. 0. -1. 0.
-0.916 0.401 0. 150.334 0.401 0.916 0. -62.671 0. 0. -1. 0.
-0.939 0.344 0. 149.016 0.344 0.939 0. -62.295 0. 0. -1. 0.
-0.954 0.301 0. 147.680 0.301 0.954 0. -61.712 0. 0. -1. 0.
-0.961 0.277 0. 146.113 0.277 0.961 0. -61.545 0. 0. -1. 0.
-0.962 0.274 0. 144.726 0.274 0.962 0. -61.009 0. 0. -1. 0.
-0.960 0.281 0. 143.258 0.281 0.960 0. -60.511 0. 0. -1. 0.
-0.956 0.293 0. 141.527 0.293 0.956 0. -60.167 0. 0. -1. 0.
-0.945 0.327 0. 139.980 0.327 0.945 0. -59.415 0. 0. -1. 0.
-0.928 0.373 0. 138.358 0.373 0.928 0. -58.830 0. 0. -1. 0.
-0.906 0.422 0. 136.726 0.422 0.906 0. -58.012 0. 0. -1. 0.
-0.879 0.476 0. 135.220 0.476 0.879 0. -57.173 0. 0. -1. 0.
-0.849 0.529 0. 133.777 0.529 0.849 0. -56.208 0. 0. -1. 0.
-0.810 0.587 0. 132.188 0.587 0.810 0. -55.040 0. 0. -1. 0.
-0.777 0.630 0. 130.757 0.630 0.777 0. -53.796 0. 0. -1. 0.
-0.740 0.672 0. 129.310 0.672 0.740 0. -52.468 0. 0. -1. 0.
-0.701 0.714 0. 127.883 0.714 0.701 0. -51.128 0. 0. -1. 0.
-0.657 0.754 0. 126.560 0.754 0.657 0. -49.514 0. 0. -1. 0.
-0.619 0.785 0. 125.261 0.785 0.619 0. -47.865 0. 0. -1. 0.
-0.573 0.820 0. 123.980 0.820 0.573 0. -46.234 0. 0. -1. 0.
-0.534 0.846 0. 122.964 0.846 0.534 0. -44.461 0. 0. -1. 0.
-0.497 0.868 0. 121.891 0.868 0.497 0. -42.614 0. 0. -1. 0.
-0.461 0.887 0. 121.047 0.887 0.461 0. -40.730 0. 0. -1. 0.
-0.427 0.904 0. 120.153 0.904 0.427 0. -38.852 0. 0. -1. 0.
-0.407 0.913 0. 119.272 0.913 0.407 0. -36.963 0. 0. -1. 0.
-0.388 0.922 0. 118.589 0.922 0.388 0. -34.977 0. 0. -1. 0.
-0.375 0.927 0. 117.813 0.927 0.375 0. -33.011 0. 0. -1. 0.
-0.359 0.933 0. 117.197 0.933 0.359 0. -31.104 0. 0. -1. 0.
-0.359 0.933 0. 116.314 0.933 0.359 0. -29.156 0. 0. -1. 0.
-0.362 0.932 0. 115.528 0.932 0.362 0. -27.232 0. 0. -1. 0.
-0.378 0.926 0. 114.839 0.926 0.378 0. -25.272 0. 0. -1. 0.
-0.403 0.915 0. 113.887 0.915 0.403 0. -23.386 0. 0. -1. 0.
-0.435 0.900 0. 113.206 0.900 0.435 0. -21.444 0. 0. -1. 0.
-0.476 0.879 0. 112.344 0.879 0.476 0. -19.584 0. 0. -1. 0.
-0.526 0.851 0. 111.179 0.851 0.526 0. -17.806 0. 0. -1. 0.
-0.571 0.821 0. 110.098 0.821 0.571 0. -16.122 0. 0. -1. 0.
-0.623 0.782 0. 108.767 0.782 0.623 0. -14.600 0. 0. -1. 0.
-0.679 0.735 0. 107.565 0.735 0.679 0. -12.894 0. 0. -1. 0.
-0.733 0.681 0. 105.901 0.681 0.733 0. -11.636 0. 0. -1. 0.
-0.780 0.626 0. 104.399 0.626 0.780 0. -10.230 0. 0. -1. 0.
-0.824 0.567 0. 102.768 0.567 0.824 0. -9.022 0. 0. -1. 0.
-0.862 0.506 0. 101.034 0.506 0.862 0. -7.904 0. 0. -1. 0.
-0.898 0.441 0. 99.184 0.441 0.898 0. -6.958 0. 0. -1. 0.
-0.931 0.366 0. 97.198 0.366 0.931 0. -6.120 0. 0. -1. 0.
-0.954 0.300 0. 95.222 0.300 0.954 0. -5.521 0. 0. -1. 0.
-0.972 0.236 0. 93.249 0.236 0.972 0. -4.969 0. 0. -1. 0.
-0.983 0.182 0. 91.092 0.182 0.983 0. -4.536 0. 0. -1. 0.
-0.991 0.134 0. 89.049 0.134 0.991 0. -4.212 0. 0. -1. 0.
-0.995 0.101 0. 86.851 0.101 0.995 0. -3.958 0. 0. -1. 0.
-0.998 0.060 0. 84.692 0.060 0.998 0. -3.828 0. 0. -1. 0.
-0.999 0.044 0. 82.493 0.044 0.999 0. -3.627 0. 0. -1. 0.
-1.000 0.029 0. 80.267 0.029 1.000 0. -3.687 0. 0. -1. 0.
-1.000 0.021 0. 78.043 0.021 1.000 0. -3.585 0. 0. -1. 0.
-1.000 0.017 0. 75.752 0.017 1.000 0. -3.503 0. 0. -1. 0.
-1. 0.011 0. 73.501 0.011 1. 0. -3.397 0. 0. -1. 0.
-1. -0.002 -0. 71.274 -0.002 1. 0. -3.346 0. 0. -1. 0.
-1.000 -0.022 -0. 68.991 -0.022 1.000 0. -3.350 0. 0. -1. 0.
-1.000 -0.028 -0. 66.773 -0.028 1.000 0. -3.353 0. 0. -1. 0.
-0.999 -0.037 -0. 64.633 -0.037 0.999 0. -3.426 0. 0. -1. 0.
-0.999 -0.047 -0. 62.423 -0.047 0.999 0. -3.483 0. 0. -1. 0.
-0.999 -0.047 -0. 60.210 -0.047 0.999 0. -3.565 0. 0. -1. 0.
-0.999 -0.044 -0. 57.977 -0.044 0.999 0. -3.550 0. 0. -1. 0.
-0.999 -0.044 -0. 55.801 -0.044 0.999 0. -3.596 0. 0. -1. 0.
-0.999 -0.046 -0. 53.571 -0.046 0.999 0. -3.835 0. 0. -1. 0.
-0.999 -0.039 -0. 51.394 -0.039 0.999 0. -3.917 0. 0. -1. 0.
-1.000 -0.031 -0. 49.213 -0.031 1.000 0. -3.834 0. 0. -1. 0.
-1.000 -0.019 -0. 47.040 -0.019 1.000 0. -3.924 0. 0. -1. 0.
-1. -0.006 -0. 44.879 -0.006 1. 0. -3.794 0. 0. -1. 0.
-1. -0.000 -0. 42.774 -0.000 1. 0. -3.842 0. 0. -1. 0.
-1.000 0.019 0. 40.672 0.019 1.000 0. -3.739 0. 0. -1. 0.
-0.999 0.040 0. 38.645 0.040 0.999 0. -3.708 0. 0. -1. 0.
-0.999 0.048 0. 36.495 0.048 0.999 0. -3.562 0. 0. -1. 0.
-0.999 0.054 0. 34.350 0.054 0.999 0. -3.394 0. 0. -1. 0.
-0.998 0.064 0. 32.308 0.064 0.998 0. -3.240 0. 0. -1. 0.
-0.997 0.079 0. 30.145 0.079 0.997 0. -2.986 0. 0. -1. 0.
-0.997 0.083 0. 28.118 0.083 0.997 0. -2.747 0. 0. -1. 0.
-0.997 0.082 0. 26.082 0.082 0.997 0. -2.635 0. 0. -1. 0.
-0.996 0.085 0. 23.972 0.085 0.996 0. -2.431 0. 0. -1. 0.
-0.996 0.094 0. 21.929 0.094 0.996 0. -2.130 0. 0. -1. 0.
-0.996 0.093 0. 19.872 0.093 0.996 0. -1.839 0. 0. -1. 0.
-0.996 0.094 0. 17.855 0.094 0.996 0. -1.622 0. 0. -1. 0.
-0.996 0.088 0. 15.795 0.088 0.996 0. -1.460 0. 0. -1. 0.
-0.996 0.092 0. 13.761 0.092 0.996 0. -1.219 0. 0. -1. 0.
-0.997 0.083 0. 11.768 0.083 0.997 0. -1.070 0. 0. -1. 0.
-0.996 0.087 0. 9.648 0.087 0.996 0. -0.888 0. 0. -1. 0.
-0.997 0.083 0. 7.596 0.083 0.997 0. -0.792 0. 0. -1. 0.
-0.997 0.075 0. 5.522 0.075 0.997 0. -0.462 0. 0. -1. 0.
-0.997 0.071 0. 3.415 0.071 0.997 0. -0.274 0. 0. -1. 0.
-0.998 0.069 0. 1.412 0.069 0.998 0. -0.211 0. 0. -1. 0.
-0.998 0.063 0. -0.706 0.063 0.998 0. -0.062 0. 0. -1. 0.
-0.998 0.057 0. -2.787 0.057 0.998 0. 0.065 0. 0. -1. 0.
-0.999 0.051 0. -4.886 0.051 0.999 0. 0.219 0. 0. -1. 0.
-0.999 0.049 0. -6.987 0.049 0.999 0. 0.430 0. 0. -1. 0.
-0.999 0.038 0. -9.128 0.038 0.999 0. 0.569 0. 0. -1. 0.
-1.000 0.028 0. -11.233 0.028 1.000 0. 0.667 0. 0. -1. 0.
-1.000 0.030 0. -13.373 0.030 1.000 0. 0.728 0. 0. -1. 0.
-0.999 0.034 0. -15.541 0.034 0.999 0. 0.736 0. 0. -1. 0.
-1.000 0.028 0. -17.704 0.028 1.000 0. 0.867 0. 0. -1. 0.
-0.999 0.035 0. -19.944 0.035 0.999 0. 0.903 0. 0. -1. 0.
-0.999 0.035 0. -22.126 0.035 0.999 0. 1.201 0. 0. -1. 0.
-0.999 0.033 0. -24.382 0.033 0.999 0. 1.366 0. 0. -1. 0.
-1.000 0.031 0. -26.543 0.031 1.000 0. 1.277 0. 0. -1. 0.
-1.000 0.029 0. -28.842 0.029 1.000 0. 1.478 0. 0. -1. 0.
-1.000 0.026 0. -31.128 0.026 1.000 0. 1.477 0. 0. -1. 0.
-1.000 0.024 0. -33.372 0.024 1.000 0. 1.435 0. 0. -1. 0.
-1.000 0.020 0. -35.565 0.020 1.000 0. 1.393 0. 0. -1. 0.
-1. 0.007 0. -37.803 0.007 1. 0. 1.578 0. 0. -1. 0.
-1. 0.005 0. -39.993 0.005 1. 0. 1.693 0. 0. -1. 0.
-1. 0.002 0. -42.117 0.002 1. 0. 1.554 0. 0. -1. 0.
-1. -0.011 -0. -44.258 -0.011 1. 0. 1.650 0. 0. -1. 0.
-1.000 -0.016 -0. -46.415 -0.016 1.000 0. 1.638 0. 0. -1. 0.
-1.000 -0.023 -0. -48.376 -0.023 1.000 0. 1.709 0. 0. -1. 0.
-1.000 -0.023 -0. -50.383 -0.023 1.000 0. 1.680 0. 0. -1. 0.
-1.000 -0.022 -0. -52.405 -0.022 1.000 0. 1.676 0. 0. -1. 0.
-1. -0.010 -0. -54.296 -0.010 1. 0. 1.614 0. 0. -1. 0.
-1. -0.010 -0. -56.047 -0.010 1. 0. 1.647 0. 0. -1. 0.
-1.000 0.015 0. -57.796 0.015 1.000 0. 1.659 0. 0. -1. 0.
-0.999 0.042 0. -59.400 0.042 0.999 0. 1.821 0. 0. -1. 0.
-0.997 0.081 0. -60.929 0.081 0.997 0. 2.013 0. 0. -1. 0.
-0.992 0.127 0. -62.319 0.127 0.992 0. 2.160 0. 0. -1. 0.
-0.983 0.183 0. -63.668 0.183 0.983 0. 2.386 0. 0. -1. 0.
-0.966 0.258 0. -64.820 0.258 0.966 0. 2.701 0. 0. -1. 0.
-0.942 0.336 0. -65.959 0.336 0.942 0. 3.195 0. 0. -1. 0.
-0.908 0.420 0. -66.908 0.420 0.908 0. 3.800 0. 0. -1. 0.
-0.855 0.519 0. -67.859 0.519 0.855 0. 4.412 0. 0. -1. 0.
-0.784 0.621 0. -68.711 0.621 0.784 0. 5.083 0. 0. -1. 0.
-0.703 0.711 0. -69.459 0.711 0.703 0. 5.966 0. 0. -1. 0.
-0.603 0.798 0. -70.076 0.798 0.603 0. 6.815 0. 0. -1. 0.
-0.508 0.862 0. -70.471 0.862 0.508 0. 7.764 0. 0. -1. 0.
-0.408 0.913 0. -70.929 0.913 0.408 0. 8.728 0. 0. -1. 0.
-0.318 0.948 0. -71.199 0.948 0.318 0. 9.777 0. 0. -1. 0.
-0.239 0.971 0. -71.489 0.971 0.239 0. 11.004 0. 0. -1. 0.
-0.165 0.986 0. -71.802 0.986 0.165 0. 12.168 0. 0. -1. 0.
-0.122 0.993 0. -71.697 0.993 0.122 0. 13.480 0. 0. -1. 0.
-0.093 0.996 0. -71.941 0.996 0.093 0. 14.940 0. 0. -1. 0.
-0.069 0.998 0. -72.077 0.998 0.069 0. 16.354 0. 0. -1. 0.
-0.059 0.998 0. -72.056 0.998 0.059 0. 17.791 0. 0. -1. 0.
-0.052 0.999 0. -72.017 0.999 0.052 0. 19.358 0. 0. -1. 0.
-0.042 0.999 0. -72.129 0.999 0.042 0. 20.972 0. 0. -1. 0.
-0.023 1.000 0. -72.036 1.000 0.023 0. 22.626 0. 0. -1. 0.
-0.015 1.000 0. -72.204 1.000 0.015 0. 24.353 0. 0. -1. 0.
-0.007 1. 0. -71.988 1. 0.007 0. 26.064 0. 0. -1. 0.
0.004 1. 0. -72.084 1. -0.004 -0. 27.888 0. 0. -1. 0.
0.013 1. 0. -72.080 1. -0.013 -0. 29.764 0. 0. -1. 0.
0.020 1.000 0. -71.905 1.000 -0.020 -0. 31.571 0. 0. -1. 0.
0.035 0.999 0. -71.814 0.999 -0.035 -0. 33.481 0. 0. -1. 0.
0.063 0.998 0. -71.679 0.998 -0.063 -0. 35.436 0. 0. -1. 0.
0.087 0.996 0. -71.484 0.996 -0.087 -0. 37.320 0. 0. -1. 0.
0.122 0.993 0. -71.213 0.993 -0.122 -0. 39.130 0. 0. -1. 0.
0.133 0.991 0. -70.796 0.991 -0.133 -0. 40.986 0. 0. -1. 0.
0.139 0.990 0. -70.540 0.990 -0.139 -0. 42.904 0. 0. -1. 0.
0.129 0.992 0. -70.219 0.992 -0.129 -0. 44.770 0. 0. -1. 0.
0.116 0.993 0. -69.989 0.993 -0.116 -0. 46.780 0. 0. -1. 0.
0.101 0.995 0. -69.750 0.995 -0.101 -0. 48.635 0. 0. -1. 0.
0.080 0.997 0. -69.512 0.997 -0.080 -0. 50.495 0. 0. -1. 0.
0.064 0.998 0. -69.300 0.998 -0.064 -0. 52.556 0. 0. -1. 0.
0.041 0.999 0. -69.173 0.999 -0.041 -0. 54.586 0. 0. -1. 0.
0.026 1.000 0. -69.184 1.000 -0.026 -0. 56.617 0. 0. -1. 0.
0.013 1. 0. -69.022 1. -0.013 -0. 58.706 0. 0. -1. 0.
-0.005 1. 0. -68.948 1. 0.005 0. 60.733 0. 0. -1. 0.
-0.010 1. 0. -69.020 1. 0.010 0. 62.880 0. 0. -1. 0.
-0.008 1. 0. -69.018 1. 0.008 0. 64.982 0. 0. -1. 0.
0.002 1. 0. -68.877 1. -0.002 -0. 66.962 0. 0. -1. 0.
0.004 1. 0. -68.858 1. -0.004 -0. 68.948 0. 0. -1. 0.
0.005 1. 0. -68.850 1. -0.005 -0. 71.049 0. 0. -1. 0.
0.012 1. 0. -68.841 1. -0.012 -0. 73.109 0. 0. -1. 0.
0.006 1. 0. -68.771 1. -0.006 -0. 75.045 0. 0. -1. 0.
-0.015 1.000 0. -68.805 1.000 0.015 0. 76.907 0. 0. -1. 0.
-0.049 0.999 0. -68.918 0.999 0.049 0. 78.824 0. 0. -1. 0.
-0.105 0.994 0. -68.996 0.994 0.105 0. 80.540 0. 0. -1. 0.
-0.159 0.987 0. -69.317 0.987 0.159 0. 82.293 0. 0. -1. 0.
-0.223 0.975 0. -69.503 0.975 0.223 0. 83.979 0. 0. -1. 0.
-0.298 0.954 0. -70.044 0.954 0.298 0. 85.590 0. 0. -1. 0.
-0.361 0.932 0. -70.572 0.932 0.361 0. 87.018 0. 0. -1. 0.
-0.445 0.896 0. -71.156 0.896 0.445 0. 88.418 0. 0. -1. 0.
-0.516 0.857 0. -71.957 0.857 0.516 0. 89.766 0. 0. -1. 0.
-0.596 0.803 0. -72.805 0.803 0.596 0. 90.987 0. 0. -1. 0.
-0.668 0.744 0. -73.844 0.744 0.668 0. 92.202 0. 0. -1. 0.
-0.743 0.670 0. -74.936 0.670 0.743 0. 93.118 0. 0. -1. 0.
-0.801 0.599 0. -76.161 0.599 0.801 0. 94.097 0. 0. -1. 0.
-0.855 0.519 0. -77.405 0.519 0.855 0. 94.966 0. 0. -1. 0.
-0.900 0.435 0. -78.709 0.435 0.900 0. 95.642 0. 0. -1. 0.
-0.934 0.356 0. -80.046 0.356 0.934 0. 96.178 0. 0. -1. 0.
-0.956 0.295 0. -81.492 0.295 0.956 0. 96.605 0. 0. -1. 0.
-0.969 0.246 0. -83.039 0.246 0.969 0. 96.979 0. 0. -1. 0.
-0.977 0.215 0. -84.580 0.215 0.977 0. 97.191 0. 0. -1. 0.
-0.981 0.195 0. -86.087 0.195 0.981 0. 97.649 0. 0. -1. 0.
-0.979 0.205 0. -87.708 0.205 0.979 0. 97.913 0. 0. -1. 0.
-0.975 0.220 0. -89.292 0.220 0.975 0. 98.287 0. 0. -1. 0.
-0.966 0.258 0. -90.920 0.258 0.966 0. 98.646 0. 0. -1. 0.
-0.953 0.302 0. -92.542 0.302 0.953 0. 99.195 0. 0. -1. 0.
-0.937 0.350 0. -94.140 0.350 0.937 0. 99.866 0. 0. -1. 0.
-0.915 0.403 0. -95.726 0.403 0.915 0. 100.623 0. 0. -1. 0.
-0.891 0.454 0. -97.380 0.454 0.891 0. 101.400 0. 0. -1. 0.
-0.863 0.506 0. -98.945 0.506 0.863 0. 102.415 0. 0. -1. 0.
-0.836 0.549 0. -100.508 0.549 0.836 0. 103.534 0. 0. -1. 0.
-0.808 0.590 0. -102.096 0.590 0.808 0. 104.716 0. 0. -1. 0.
-0.783 0.623 0. -103.692 0.623 0.783 0. 105.870 0. 0. -1. 0.
-0.763 0.646 0. -105.206 0.646 0.763 0. 107.289 0. 0. -1. 0.
-0.752 0.659 0. -106.759 0.659 0.752 0. 108.633 0. 0. -1. 0.
-0.747 0.665 0. -108.349 0.665 0.747 0. 110.098 0. 0. -1. 0.
-0.736 0.677 0. -109.928 0.677 0.736 0. 111.613 0. 0. -1. 0.
-0.734 0.679 0. -111.633 0.679 0.734 0. 113.150 0. 0. -1. 0.
-0.739 0.673 0. -113.193 0.673 0.739 0. 114.865 0. 0. -1. 0.
-0.737 0.676 0. -114.986 0.676 0.737 0. 116.241 0. 0. -1. 0.
-0.740 0.673 0. -116.627 0.673 0.740 0. 117.861 0. 0. -1. 0.
-0.737 0.675 0. -118.444 0.675 0.737 0. 119.506 0. 0. -1. 0.
-0.736 0.676 0. -120.091 0.676 0.736 0. 121.106 0. 0. -1. 0.
-0.737 0.676 0. -121.864 0.676 0.737 0. 122.887 0. 0. -1. 0.
-0.737 0.676 0. -123.692 0.676 0.737 0. 124.334 0. 0. -1. 0.
-0.735 0.678 0. -125.328 0.678 0.735 0. 126.133 0. 0. -1. 0.
-0.733 0.681 0. -127.244 0.681 0.733 0. 127.729 0. 0. -1. 0.
-0.734 0.679 0. -128.893 0.679 0.734 0. 129.502 0. 0. -1. 0.
-0.733 0.680 0. -130.784 0.680 0.733 0. 131.269 0. 0. -1. 0.
-0.731 0.683 0. -132.509 0.683 0.731 0. 133.011 0. 0. -1. 0.
-0.727 0.687 0. -134.363 0.687 0.727 0. 134.586 0. 0. -1. 0.
-0.726 0.688 0. -136.045 0.688 0.726 0. 136.421 0. 0. -1. 0.
-0.723 0.691 0. -137.759 0.691 0.723 0. 138.295 0. 0. -1. 0.
-0.721 0.693 0. -139.567 0.693 0.721 0. 139.913 0. 0. -1. 0.
-0.718 0.696 0. -141.163 0.696 0.718 0. 141.773 0. 0. -1. 0.
-0.714 0.700 0. -143.033 0.700 0.714 0. 143.421 0. 0. -1. 0.
-0.709 0.705 0. -144.695 0.705 0.709 0. 145.182 0. 0. -1. 0.
-0.705 0.709 0. -146.580 0.709 0.705 0. 146.972 0. 0. -1. 0.
-0.688 0.726 0. -148.184 0.726 0.688 0. 148.706 0. 0. -1. 0.
-0.673 0.739 0. -149.762 0.739 0.673 0. 150.481 0. 0. -1. 0.
-0.655 0.756 0. -151.277 0.756 0.655 0. 152.399 0. 0. -1. 0.
-0.631 0.776 0. -152.822 0.776 0.631 0. 154.259 0. 0. -1. 0.
-0.605 0.796 0. -154.246 0.796 0.605 0. 156.233 0. 0. -1. 0.
-0.582 0.813 0. -155.551 0.813 0.582 0. 158.152 0. 0. -1. 0.
-0.557 0.830 0. -156.800 0.830 0.557 0. 160.108 0. 0. -1. 0.
-0.527 0.850 0. -158.122 0.850 0.527 0. 162.185 0. 0. -1. 0.
-0.496 0.868 0. -159.369 0.868 0.496 0. 164.237 0. 0. -1. 0.
-0.461 0.887 0. -160.329 0.887 0.461 0. 166.225 0. 0. -1. 0.
-0.431 0.903 0. -161.415 0.903 0.431 0. 168.342 0. 0. -1. 0.
-0.405 0.914 0. -162.294 0.914 0.405 0. 170.484 0. 0. -1. 0.
-0.376 0.927 0. -163.212 0.927 0.376 0. 172.533 0. 0. -1. 0.
-0.343 0.939 0. -163.925 0.939 0.343 0. 174.620 0. 0. -1. 0.
-0.313 0.950 0. -164.680 0.950 0.313 0. 176.767 0. 0. -1. 0.
-0.281 0.960 0. -165.110 0.960 0.281 0. 178.999 0. 0. -1. 0.
-0.246 0.969 0. -165.562 0.969 0.246 0. 181.108 0. 0. -1. 0.
-0.215 0.977 0. -166.055 0.977 0.215 0. 183.168 0. 0. -1. 0.
-0.187 0.982 0. -166.675 0.982 0.187 0. 185.200 0. 0. -1. 0.
-0.170 0.985 0. -167.003 0.985 0.170 0. 187.455 0. 0. -1. 0.
-0.154 0.988 0. -167.251 0.988 0.154 0. 189.636 0. 0. -1. 0.
-0.150 0.989 0. -167.656 0.989 0.150 0. 191.857 0. 0. -1. 0.
-0.133 0.991 0. -168.023 0.991 0.133 0. 194.094 0. 0. -1. 0.
-0.124 0.992 0. -168.226 0.992 0.124 0. 196.405 0. 0. -1. 0.
-0.123 0.992 0. -168.165 0.992 0.123 0. 198.786 0. 0. -1. 0.
-0.120 0.993 0. -168.618 0.993 0.120 0. 201.033 0. 0. -1. 0.
-0.126 0.992 0. -168.749 0.992 0.126 0. 203.212 0. 0. -1. 0.
-0.140 0.990 0. -168.980 0.990 0.140 0. 205.455 0. 0. -1. 0.
-0.157 0.988 0. -169.497 0.988 0.157 0. 207.627 0. 0. -1. 0.
-0.185 0.983 0. -169.965 0.983 0.185 0. 209.704 0. 0. -1. 0.
-0.215 0.977 0. -170.281 0.977 0.215 0. 211.866 0. 0. -1. 0.
-0.258 0.966 0. -170.760 0.966 0.258 0. 213.890 0. 0. -1. 0.
-0.301 0.954 0. -171.362 0.954 0.301 0. 215.932 0. 0. -1. 0.
-0.349 0.937 0. -172.031 0.937 0.349 0. 217.899 0. 0. -1. 0.
-0.401 0.916 0. -172.813 0.916 0.401 0. 219.792 0. 0. -1. 0.
-0.460 0.888 0. -173.677 0.888 0.460 0. 221.673 0. 0. -1. 0.
-0.517 0.856 0. -174.694 0.856 0.517 0. 223.365 0. 0. -1. 0.
-0.573 0.820 0. -175.892 0.820 0.573 0. 224.999 0. 0. -1. 0.
-0.628 0.778 0. -177.077 0.778 0.628 0. 226.605 0. 0. -1. 0.
-0.687 0.727 0. -178.461 0.727 0.687 0. 228.074 0. 0. -1. 0.
-0.745 0.667 0. -179.865 0.667 0.745 0. 229.634 0. 0. -1. 0.
-0.795 0.607 0. -181.529 0.607 0.795 0. 230.715 0. 0. -1. 0.
-0.841 0.542 0. -183.264 0.542 0.841 0. 231.845 0. 0. -1. 0.
-0.881 0.473 0. -184.950 0.473 0.881 0. 232.927 0. 0. -1. 0.
-0.915 0.403 0. -186.828 0.403 0.915 0. 233.947 0. 0. -1. 0.
-0.941 0.338 0. -188.925 0.338 0.941 0. 234.675 0. 0. -1. 0.
-0.957 0.291 0. -190.912 0.291 0.957 0. 235.331 0. 0. -1. 0.
-0.966 0.260 0. -193.091 0.260 0.966 0. 235.898 0. 0. -1. 0.
-0.970 0.242 0. -195.253 0.242 0.970 0. 236.467 0. 0. -1. 0.
-0.972 0.233 0. -197.346 0.233 0.972 0. 237.052 0. 0. -1. 0.
-0.972 0.233 0. -199.687 0.233 0.972 0. 237.578 0. 0. -1. 0.
-0.971 0.238 0. -201.936 0.238 0.971 0. 238.220 0. 0. -1. 0.
-0.971 0.240 0. -204.182 0.240 0.971 0. 238.831 0. 0. -1. 0.
-0.971 0.238 0. -206.514 0.238 0.971 0. 239.451 0. 0. -1. 0.
-0.971 0.239 0. -208.905 0.239 0.971 0. 239.988 0. 0. -1. 0.
-0.969 0.248 0. -211.184 0.248 0.969 0. 240.659 0. 0. -1. 0.
-0.966 0.258 0. -213.418 0.258 0.966 0. 241.293 0. 0. -1. 0.
-0.966 0.257 0. -215.703 0.257 0.966 0. 241.949 0. 0. -1. 0.
-0.967 0.256 0. -217.917 0.256 0.967 0. 242.623 0. 0. -1. 0.
-0.967 0.255 0. -220.227 0.255 0.967 0. 243.205 0. 0. -1. 0.
-0.967 0.256 0. -222.384 0.256 0.967 0. 243.919 0. 0. -1. 0.
-0.966 0.259 0. -224.599 0.259 0.966 0. 244.431 0. 0. -1. 0.
-0.967 0.254 0. -226.728 0.254 0.967 0. 244.993 0. 0. -1. 0.
-0.969 0.247 0. -229.006 0.247 0.969 0. 245.692 0. 0. -1. 0.
-0.969 0.248 0. -231.243 0.248 0.969 0. 246.287 0. 0. -1. 0.
-0.968 0.253 0. -233.442 0.253 0.968 0. 246.955 0. 0. -1. 0.
-0.967 0.256 0. -235.716 0.256 0.967 0. 247.498 0. 0. -1. 0.
-0.965 0.261 0. -237.998 0.261 0.965 0. 248.099 0. 0. -1. 0.
-0.958 0.285 0. -240.269 0.285 0.958 0. 248.784 0. 0. -1. 0.
-0.946 0.323 0. -242.315 0.323 0.946 0. 249.607 0. 0. -1. 0.
-0.934 0.356 0. -244.281 0.356 0.934 0. 250.390 0. 0. -1. 0.
-0.927 0.375 0. -246.284 0.375 0.927 0. 251.198 0. 0. -1. 0.
-0.921 0.390 0. -248.127 0.390 0.921 0. 251.954 0. 0. -1. 0.
-0.916 0.401 0. -249.996 0.401 0.916 0. 252.732 0. 0. -1. 0.
-0.912 0.410 0. -251.621 0.410 0.912 0. 253.464 0. 0. -1. 0.
-0.910 0.414 0. -253.165 0.414 0.910 0. 254.279 0. 0. -1. 0.
-0.903 0.431 0. -254.620 0.431 0.903 0. 255.216 0. 0. -1. 0.
-0.892 0.451 0. -255.930 0.451 0.892 0. 255.751 0. 0. -1. 0.
-0.884 0.468 0. -256.981 0.468 0.884 0. 256.431 0. 0. -1. 0.
-0.870 0.493 0. -258.203 0.493 0.870 0. 257.087 0. 0. -1. 0.
-0.854 0.520 0. -259.273 0.520 0.854 0. 257.623 0. 0. -1. 0.
-0.832 0.555 0. -260.191 0.555 0.832 0. 258.283 0. 0. -1. 0.
-0.793 0.609 0. -261.036 0.609 0.793 0. 259.108 0. 0. -1. 0.
-0.745 0.667 0. -261.812 0.667 0.745 0. 259.666 0. 0. -1. 0.
-0.690 0.724 0. -262.572 0.724 0.690 0. 260.472 0. 0. -1. 0.
-0.626 0.780 0. -263.253 0.780 0.626 0. 261.382 0. 0. -1. 0.
-0.555 0.832 0. -263.614 0.832 0.555 0. 262.266 0. 0. -1. 0.
-0.477 0.879 0. -264.132 0.879 0.477 0. 263.090 0. 0. -1. 0.
-0.408 0.913 0. -264.404 0.913 0.408 0. 264.127 0. 0. -1. 0.
-0.330 0.944 0. -264.717 0.944 0.330 0. 265.223 0. 0. -1. 0.
-0.252 0.968 0. -264.982 0.968 0.252 0. 266.291 0. 0. -1. 0.
-0.172 0.985 0. -265.194 0.985 0.172 0. 267.611 0. 0. -1. 0.
-0.098 0.995 0. -265.314 0.995 0.098 0. 268.951 0. 0. -1. 0.
-0.036 0.999 0. -265.438 0.999 0.036 0. 270.424 0. 0. -1. 0.
0.022 1.000 0. -265.355 1.000 -0.022 -0. 272.000 0. 0. -1. 0.
0.074 0.997 0. -265.187 0.997 -0.074 -0. 273.684 0. 0. -1. 0.
0.107 0.994 0. -264.874 0.994 -0.107 -0. 275.541 0. 0. -1. 0.
0.141 0.990 0. -264.570 0.990 -0.141 -0. 277.552 0. 0. -1. 0.
0.171 0.985 0. -264.168 0.985 -0.171 -0. 279.594 0. 0. -1. 0.
0.188 0.982 0. -263.832 0.982 -0.188 -0. 281.790 0. 0. -1. 0.
0.200 0.980 0. -263.197 0.980 -0.200 -0. 284.081 0. 0. -1. 0.
0.208 0.978 0. -262.642 0.978 -0.208 -0. 286.493 0. 0. -1. 0.
0.215 0.977 0. -262.019 0.977 -0.215 -0. 289.070 0. 0. -1. 0.
0.225 0.974 0. -261.289 0.974 -0.225 -0. 291.669 0. 0. -1. 0.
0.235 0.972 0. -260.691 0.972 -0.235 -0. 294.314 0. 0. -1. 0.
0.233 0.972 0. -259.947 0.972 -0.233 -0. 296.975 0. 0. -1. 0.
0.234 0.972 0. -259.269 0.972 -0.234 -0. 299.785 0. 0. -1. 0.
0.237 0.971 0. -258.452 0.971 -0.237 -0. 302.579 0. 0. -1. 0.
0.240 0.971 0. -257.807 0.971 -0.240 -0. 305.561 0. 0. -1. 0.
0.239 0.971 0. -256.981 0.971 -0.239 -0. 308.554 0. 0. -1. 0.
0.241 0.971 0. -256.201 0.971 -0.241 -0. 311.687 0. 0. -1. 0.
0.240 0.971 0. -255.198 0.971 -0.240 -0. 314.805 0. 0. -1. 0.
0.242 0.970 0. -254.377 0.970 -0.242 -0. 318.051 0. 0. -1. 0.
0.244 0.970 0. -253.614 0.970 -0.244 -0. 321.385 0. 0. -1. 0.
0.239 0.971 0. -252.546 0.971 -0.239 -0. 324.724 0. 0. -1. 0.
0.250 0.968 0. -251.700 0.968 -0.250 -0. 328.221 0. 0. -1. 0.
0.246 0.969 0. -250.856 0.969 -0.246 -0. 331.800 0. 0. -1. 0.
0.245 0.969 0. -249.921 0.969 -0.245 -0. 335.407 0. 0. -1. 0.
0.245 0.970 0. -249.011 0.970 -0.245 -0. 339.081 0. 0. -1. 0.
0.242 0.970 0. -247.976 0.970 -0.242 -0. 342.825 0. 0. -1. 0.
0.247 0.969 0. -246.942 0.969 -0.247 -0. 346.751 0. 0. -1. 0.
0.246 0.969 0. -245.929 0.969 -0.246 -0. 350.497 0. 0. -1. 0.
0.247 0.969 0. -244.924 0.969 -0.247 -0. 354.524 0. 0. -1. 0.
0.246 0.969 0. -243.738 0.969 -0.246 -0. 358.495 0. 0. -1. 0.
0.244 0.970 0. -242.515 0.970 -0.244 -0. 362.547 0. 0. -1. 0.
0.241 0.971 0. -241.566 0.971 -0.241 -0. 366.599 0. 0. -1. 0.
0.247 0.969 0. -240.455 0.969 -0.247 -0. 370.699 0. 0. -1. 0.
0.246 0.969 0. -239.361 0.969 -0.246 -0. 374.934 0. 0. -1. 0.
0.243 0.970 0. -238.251 0.970 -0.243 -0. 379.185 0. 0. -1. 0.
0.245 0.970 0. -236.968 0.970 -0.245 -0. 383.435 0. 0. -1. 0.
0.245 0.970 0. -235.802 0.970 -0.245 -0. 387.748 0. 0. -1. 0.
0.245 0.970 0. -234.535 0.970 -0.245 -0. 392.099 0. 0. -1. 0.
0.247 0.969 0. -233.493 0.969 -0.247 -0. 396.593 0. 0. -1. 0.
0.245 0.970 0. -232.254 0.970 -0.245 -0. 400.879 0. 0. -1. 0.
0.244 0.970 0. -231.167 0.970 -0.244 -0. 405.206 0. 0. -1. 0.
0.242 0.970 0. -229.967 0.970 -0.242 -0. 409.492 0. 0. -1. 0.
0.241 0.971 0. -228.958 0.971 -0.241 -0. 413.824 0. 0. -1. 0.
0.236 0.972 0. -227.681 0.972 -0.236 -0. 417.966 0. 0. -1. 0.
0.241 0.971 0. -226.654 0.971 -0.241 -0. 422.277 0. 0. -1. 0.
0.238 0.971 0. -225.471 0.971 -0.238 -0. 426.396 0. 0. -1. 0.
0.239 0.971 0. -224.390 0.971 -0.239 -0. 430.618 0. 0. -1. 0.
0.239 0.971 0. -223.341 0.971 -0.239 -0. 434.687 0. 0. -1. 0.
0.241 0.970 0. -222.218 0.970 -0.241 -0. 438.669 0. 0. -1. 0.
0.241 0.971 0. -221.205 0.971 -0.241 -0. 442.613 0. 0. -1. 0.
0.240 0.971 0. -220.211 0.971 -0.240 -0. 446.245 0. 0. -1. 0.
0.242 0.970 0. -219.256 0.970 -0.242 -0. 449.990 0. 0. -1. 0.
0.242 0.970 0. -218.124 0.970 -0.242 -0. 453.647 0. 0. -1. 0.
0.242 0.970 0. -217.051 0.970 -0.242 -0. 457.195 0. 0. -1. 0.
0.241 0.971 0. -216.257 0.971 -0.241 -0. 460.870 0. 0. -1. 0.
0.241 0.971 0. -215.216 0.971 -0.241 -0. 464.382 0. 0. -1. 0.
0.241 0.970 0. -214.310 0.970 -0.241 -0. 467.890 0. 0. -1. 0.
0.244 0.970 0. -213.447 0.970 -0.244 -0. 471.404 0. 0. -1. 0.
0.245 0.970 0. -212.631 0.970 -0.245 -0. 474.825 0. 0. -1. 0.
0.245 0.969 0. -211.696 0.969 -0.245 -0. 478.302 0. 0. -1. 0.
0.247 0.969 0. -210.650 0.969 -0.247 -0. 481.663 0. 0. -1. 0.
0.251 0.968 0. -209.805 0.968 -0.251 -0. 485.021 0. 0. -1. 0.
0.254 0.967 0. -208.720 0.967 -0.254 -0. 488.418 0. 0. -1. 0.
0.251 0.968 0. -207.830 0.968 -0.251 -0. 491.744 0. 0. -1. 0.
0.252 0.968 0. -206.853 0.968 -0.252 -0. 495.092 0. 0. -1. 0.
0.258 0.966 0. -205.953 0.966 -0.258 -0. 498.375 0. 0. -1. 0.
0.263 0.965 0. -204.936 0.965 -0.263 -0. 501.606 0. 0. -1. 0.
0.259 0.966 0. -204.052 0.966 -0.259 -0. 504.916 0. 0. -1. 0.
0.258 0.966 0. -202.928 0.966 -0.258 -0. 508.161 0. 0. -1. 0.
0.259 0.966 0. -202.084 0.966 -0.259 -0. 511.404 0. 0. -1. 0.
0.255 0.967 0. -201.131 0.967 -0.255 -0. 514.636 0. 0. -1. 0.
0.261 0.965 0. -200.309 0.965 -0.261 -0. 517.976 0. 0. -1. 0.
0.258 0.966 0. -199.377 0.966 -0.258 -0. 521.069 0. 0. -1. 0.
0.257 0.966 0. -198.489 0.966 -0.257 -0. 524.238 0. 0. -1. 0.
0.255 0.967 0. -197.632 0.967 -0.255 -0. 527.403 0. 0. -1. 0.
0.253 0.968 0. -196.709 0.968 -0.253 -0. 530.586 0. 0. -1. 0.
0.250 0.968 0. -195.868 0.968 -0.250 -0. 533.643 0. 0. -1. 0.
0.248 0.969 0. -194.952 0.969 -0.248 -0. 536.734 0. 0. -1. 0.
0.242 0.970 0. -194.251 0.970 -0.242 -0. 539.890 0. 0. -1. 0.
0.241 0.971 0. -193.449 0.971 -0.241 -0. 542.985 0. 0. -1. 0.
0.231 0.973 0. -192.628 0.973 -0.231 -0. 545.999 0. 0. -1. 0.
0.226 0.974 0. -192.055 0.974 -0.226 -0. 549.174 0. 0. -1. 0.
0.217 0.976 0. -191.261 0.976 -0.217 -0. 552.115 0. 0. -1. 0.
0.215 0.977 0. -190.373 0.977 -0.215 -0. 555.014 0. 0. -1. 0.
0.211 0.978 0. -189.725 0.978 -0.211 -0. 557.962 0. 0. -1. 0.
0.208 0.978 0. -189.157 0.978 -0.208 -0. 560.769 0. 0. -1. 0.
0.199 0.980 0. -188.511 0.980 -0.199 -0. 563.497 0. 0. -1. 0.
0.201 0.980 0. -187.933 0.980 -0.201 -0. 566.186 0. 0. -1. 0.
0.194 0.981 0. -187.319 0.981 -0.194 -0. 568.730 0. 0. -1. 0.
0.189 0.982 0. -186.742 0.982 -0.189 -0. 571.255 0. 0. -1. 0.
0.183 0.983 0. -186.270 0.983 -0.183 -0. 573.673 0. 0. -1. 0.
0.184 0.983 0. -185.886 0.983 -0.184 -0. 575.966 0. 0. -1. 0.
0.180 0.984 0. -185.425 0.984 -0.180 -0. 578.140 0. 0. -1. 0.
0.174 0.985 0. -184.991 0.985 -0.174 -0. 580.281 0. 0. -1. 0.
0.172 0.985 0. -184.675 0.985 -0.172 -0. 582.307 0. 0. -1. 0.
0.169 0.986 0. -184.228 0.986 -0.169 -0. 584.259 0. 0. -1. 0.
0.166 0.986 0. -183.960 0.986 -0.166 -0. 586.072 0. 0. -1. 0.
0.165 0.986 0. -183.622 0.986 -0.165 -0. 587.801 0. 0. -1. 0.
0.160 0.987 0. -183.288 0.987 -0.160 -0. 589.417 0. 0. -1. 0.
0.160 0.987 0. -183.069 0.987 -0.160 -0. 590.756 0. 0. -1. 0.
0.161 0.987 0. -182.957 0.987 -0.161 -0. 591.892 0. 0. -1. 0.
0.159 0.987 0. -182.705 0.987 -0.159 -0. 592.910 0. 0. -1. 0.
0.154 0.988 0. -182.521 0.988 -0.154 -0. 593.892 0. 0. -1. 0.
0.151 0.989 0. -182.416 0.989 -0.151 -0. 594.497 0. 0. -1. 0.
0.149 0.989 0. -182.296 0.989 -0.149 -0. 595.155 0. 0. -1. 0.
0.148 0.989 0. -182.223 0.989 -0.148 -0. 595.606 0. 0. -1. 0.
0.147 0.989 0. -182.204 0.989 -0.147 -0. 595.964 0. 0. -1. 0.
0.148 0.989 0. -182.244 0.989 -0.148 -0. 596.214 0. 0. -1. 0.
0.149 0.989 0. -182.216 0.989 -0.149 -0. 596.434 0. 0. -1. 0.
0.147 0.989 0. -182.208 0.989 -0.147 -0. 596.552 0. 0. -1. 0.
0.146 0.989 0. -182.068 0.989 -0.146 -0. 596.701 0. 0. -1. 0.
0.146 0.989 0. -182.085 0.989 -0.146 -0. 596.733 0. 0. -1. 0.
0.147 0.989 0. -182.190 0.989 -0.147 -0. 596.728 0. 0. -1. 0.
0.144 0.990 0. -182.019 0.990 -0.144 -0. 596.754 0. 0. -1. 0.
0.148 0.989 0. -182.135 0.989 -0.148 -0. 596.711 0. 0. -1. 0.
0.140 0.990 0. -182.104 0.990 -0.140 -0. 596.738 0. 0. -1. 0.
0.139 0.990 0. -182.050 0.990 -0.139 -0. 596.787 0. 0. -1. 0.
0.144 0.990 0. -182.032 0.990 -0.144 -0. 596.749 0. 0. -1. 0.
0.144 0.990 0. -182.033 0.990 -0.144 -0. 596.745 0. 0. -1. 0.
0.146 0.989 0. -182.078 0.989 -0.146 -0. 596.724 0. 0. -1. 0.
0.143 0.990 0. -182.131 0.990 -0.143 -0. 596.733 0. 0. -1. 0.
0.147 0.989 0. -182.138 0.989 -0.147 -0. 596.729 0. 0. -1. 0.
0.146 0.989 0. -182.074 0.989 -0.146 -0. 596.733 0. 0. -1. 0.
0.144 0.990 0. -182.197 0.990 -0.144 -0. 596.747 0. 0. -1. 0.
0.145 0.989 0. -182.183 0.989 -0.145 -0. 596.775 0. 0. -1. 0.
0.142 0.990 0. -182.073 0.990 -0.142 -0. 596.806 0. 0. -1. 0.
0.145 0.990 0. -182.055 0.990 -0.145 -0. 596.749 0. 0. -1. 0.
0.145 0.989 0. -182.097 0.989 -0.145 -0. 596.789 0. 0. -1. 0.
0.147 0.989 0. -182.207 0.989 -0.147 -0. 596.741 0. 0. -1. 0.
0.145 0.989 0. -182.107 0.989 -0.145 -0. 596.733 0. 0. -1. 0.
0.145 0.989 0. -182.073 0.989 -0.145 -0. 596.812 0. 0. -1. 0.
0.145 0.989 0. -182.087 0.989 -0.145 -0. 596.748 0. 0. -1. 0.
0.145 0.989 0. -182.182 0.989 -0.145 -0. 596.747 0. 0. -1. 0.
0.147 0.989 0. -182.203 0.989 -0.147 -0. 596.709 0. 0. -1. 0.
0.147 0.989 0. -182.143 0.989 -0.147 -0. 596.755 0. 0. -1. 0.
0.145 0.989 0. -182.081 0.989 -0.145 -0. 596.740 0. 0. -1. 0.
0.144 0.990 0. -182.077 0.990 -0.144 -0. 596.716 0. 0. -1. 0.
0.148 0.989 0. -182.083 0.989 -0.148 -0. 596.709 0. 0. -1. 0.
0.147 0.989 0. -182.017 0.989 -0.147 -0. 596.746 0. 0. -1. 0.
0.145 0.989 0. -182.087 0.989 -0.145 -0. 596.718 0. 0. -1. 0.
0.141 0.990 0. -182.066 0.990 -0.141 -0. 596.787 0. 0. -1. 0.
0.146 0.989 0. -182.196 0.989 -0.146 -0. 596.720 0. 0. -1. 0.
0.146 0.989 0. -182.178 0.989 -0.146 -0. 596.742 0. 0. -1. 0.
0.146 0.989 0. -182.095 0.989 -0.146 -0. 596.816 0. 0. -1. 0.
0.142 0.990 0. -182.114 0.990 -0.142 -0. 596.777 0. 0. -1. 0.
0.147 0.989 0. -182.156 0.989 -0.147 -0. 596.752 0. 0. -1. 0.
0.146 0.989 0. -182.052 0.989 -0.146 -0. 596.733 0. 0. -1. 0.
0.144 0.990 0. -182.053 0.990 -0.144 -0. 596.731 0. 0. -1. 0.
0.144 0.990 0. -182.129 0.990 -0.144 -0. 596.780 0. 0. -1. 0.
0.142 0.990 0. -182.028 0.990 -0.142 -0. 596.789 0. 0. -1. 0.
0.149 0.989 0. -182.157 0.989 -0.149 -0. 596.705 0. 0. -1. 0.
0.146 0.989 0. -182.193 0.989 -0.146 -0. 596.729 0. 0. -1. 0.
0.146 0.989 0. -182.190 0.989 -0.146 -0. 596.735 0. 0. -1. 0.
0.147 0.989 0. -182.194 0.989 -0.147 -0. 596.776 0. 0. -1. 0.
0.142 0.990 0. -182.144 0.990 -0.142 -0. 596.786 0. 0. -1. 0.
0.148 0.989 0. -182.151 0.989 -0.148 -0. 596.721 0. 0. -1. 0.
0.148 0.989 0. -182.037 0.989 -0.148 -0. 596.733 0. 0. -1. 0.
0.147 0.989 0. -182.156 0.989 -0.147 -0. 596.735 0. 0. -1. 0.
0.144 0.990 0. -182.117 0.990 -0.144 -0. 596.734 0. 0. -1. 0.
0.143 0.990 0. -182.072 0.990 -0.143 -0. 596.839 0. 0. -1. 0.
0.152 0.988 0. -182.056 0.988 -0.152 -0. 596.737 0. 0. -1. 0.
0.144 0.990 0. -181.985 0.990 -0.144 -0. 596.763 0. 0. -1. 0.
0.142 0.990 0. -181.982 0.990 -0.142 -0. 596.783 0. 0. -1. 0.
0.145 0.989 0. -182.009 0.989 -0.145 -0. 596.805 0. 0. -1. 0.
0.142 0.990 0. -182.020 0.990 -0.142 -0. 596.776 0. 0. -1. 0.
0.146 0.989 0. -182.160 0.989 -0.146 -0. 596.720 0. 0. -1. 0.
0.147 0.989 0. -182.249 0.989 -0.147 -0. 596.670 0. 0. -1. 0.
0.150 0.989 0. -182.132 0.989 -0.150 -0. 596.774 0. 0. -1. 0.
0.144 0.990 0. -182.051 0.990 -0.144 -0. 596.759 0. 0. -1. 0.
0.145 0.989 0. -182.172 0.989 -0.145 -0. 596.757 0. 0. -1. 0.
0.145 0.989 0. -182.187 0.989 -0.145 -0. 596.708 0. 0. -1. 0.
0.140 0.990 0. -182.088 0.990 -0.140 -0. 596.754 0. 0. -1. 0.
0.143 0.990 0. -182.069 0.990 -0.143 -0. 596.823 0. 0. -1. 0.
0.149 0.989 0. -182.157 0.989 -0.149 -0. 596.659 0. 0. -1. 0.
0.150 0.989 0. -182.138 0.989 -0.150 -0. 596.646 0. 0. -1. 0.
0.147 0.989 0. -182.176 0.989 -0.147 -0. 596.672 0. 0. -1. 0.
0.147 0.989 0. -182.180 0.989 -0.147 -0. 596.677 0. 0. -1. 0.
0.148 0.989 0. -182.171 0.989 -0.148 -0. 596.788 0. 0. -1. 0.
0.143 0.990 0. -182.033 0.990 -0.143 -0. 596.774 0. 0. -1. 0.
0.146 0.989 0. -182.194 0.989 -0.146 -0. 596.744 0. 0. -1. 0.
0.146 0.989 0. -182.044 0.989 -0.146 -0. 596.743 0. 0. -1. 0.
0.145 0.989 0. -182.078 0.989 -0.145 -0. 596.771 0. 0. -1. 0.
0.148 0.989 0. -182.114 0.989 -0.148 -0. 596.714 0. 0. -1. 0.
0.145 0.989 0. -182.027 0.989 -0.145 -0. 596.808 0. 0. -1. 0.
0.143 0.990 0. -182.196 0.990 -0.143 -0. 596.803 0. 0. -1. 0.
0.145 0.989 0. -182.097 0.989 -0.145 -0. 596.806 0. 0. -1. 0.
0.143 0.990 0. -182.041 0.990 -0.143 -0. 596.738 0. 0. -1. 0.
0.144 0.990 0. -182.055 0.990 -0.144 -0. 596.731 0. 0. -1. 0.
0.145 0.989 0. -182.031 0.989 -0.145 -0. 596.744 0. 0. -1. 0.
0.144 0.990 0. -182.042 0.990 -0.144 -0. 596.746 0. 0. -1. 0.
0.142 0.990 0. -182.070 0.990 -0.142 -0. 596.777 0. 0. -1. 0.
0.143 0.990 0. -182.047 0.990 -0.143 -0. 596.837 0. 0. -1. 0.
0.148 0.989 0. -182.184 0.989 -0.148 -0. 596.683 0. 0. -1. 0.
0.147 0.989 0. -182.194 0.989 -0.147 -0. 596.709 0. 0. -1. 0.
0.147 0.989 0. -182.185 0.989 -0.147 -0. 596.728 0. 0. -1. 0.
0.145 0.989 0. -182.072 0.989 -0.145 -0. 596.815 0. 0. -1. 0.
0.146 0.989 0. -181.974 0.989 -0.146 -0. 596.801 0. 0. -1. 0.
0.142 0.990 0. -182.117 0.990 -0.142 -0. 596.773 0. 0. -1. 0.
0.143 0.990 0. -182.081 0.990 -0.143 -0. 596.863 0. 0. -1. 0.
0.142 0.990 0. -182.059 0.990 -0.142 -0. 596.753 0. 0. -1. 0.
0.147 0.989 0. -182.180 0.989 -0.147 -0. 596.758 0. 0. -1. 0.
0.146 0.989 0. -181.995 0.989 -0.146 -0. 596.777 0. 0. -1. 0.
0.142 0.990 0. -182.045 0.990 -0.142 -0. 596.732 0. 0. -1. 0.
0.145 0.989 0. -182.098 0.989 -0.145 -0. 596.805 0. 0. -1. 0.
0.145 0.989 0. -182.007 0.989 -0.145 -0. 596.786 0. 0. -1. 0.
