1. 0. 0. 0. 0. -1. -0. 0. 0. 0. -1. 0.
1. 0.001 0. -0.022 0.001 -1. -0. -0.026 0. 0. -1. 0.
1. -0.002 -0. 0.003 -0.002 -1. -0. -0.002 0. 0. -1. 0.
1. -0.002 -0. -0.004 -0.002 -1. -0. -0.019 0. 0. -1. 0.
1. -0.001 -0. -0.003 -0.001 -1. -0. -0.008 0. 0. -1. 0.
1. -0.001 -0. 0.010 -0.001 -1. -0. -0.003 0. 0. -1. 0.
1. -0.006 -0. 0.006 -0.006 -1. -0. 0.001 0. 0. -1. 0.
1. -0.006 -0. -0.031 -0.006 -1. -0. -0.018 0. 0. -1. 0.
1. 0.001 0. -0.020 0.001 -1. -0. -0.032 0. 0. -1. 0.
1. -0.008 -0. 0.016 -0.008 -1. -0. 0.002 0. 0. -1. 0.
1. -0.004 -0. -0.050 -0.004 -1. -0. -0.136 0. 0. -1. 0.
1. 0.000 0. 0.034 0.000 -1. -0. -0.012 0. 0. -1. 0.
1. -0.003 -0. -0.001 -0.003 -1. -0. -0.035 0. 0. -1. 0.
1. -0.003 -0. -0.012 -0.003 -1. -0. -0.010 0. 0. -1. 0.
1. -0.005 -0. 0.003 -0.005 -1. -0. -0.009 0. 0. -1. 0.
1. -0.007 -0. -0.020 -0.007 -1. -0. -0.004 0. 0. -1. 0.
1. -0.006 -0. -0.014 -0.006 -1. -0. -0.020 0. 0. -1. 0.
1. -0.004 -0. -0.008 -0.004 -1. -0. -0.006 0. 0. -1. 0.
1. 0.001 0. -0.011 0.001 -1. -0. -0.031 0. 0. -1. 0.
1. 0.001 0. 0.007 0.001 -1. -0. -0.003 0. 0. -1. 0.
1. 0.000 0. -0.005 0.000 -1. -0. -0.012 0. 0. -1. 0.
1. 0.000 0. -0.017 0.000 -1. -0. -0.041 0. 0. -1. 0.
1. -0.006 -0. -0.029 -0.006 -1. -0. -0.107 0. 0. -1. 0.
1. 0.000 0. -0.016 0.000 -1. -0. -0.021 0. 0. -1. 0.
1. 0.002 0. 0.001 0.002 -1. -0. -0.007 0. 0. -1. 0.
1. 0.001 0. -0.010 0.001 -1. -0. -0.060 0. 0. -1. 0.
1. 0.001 0. -0.011 0.001 -1. -0. -0.033 0. 0. -1. 0.
1. 0.001 0. -0.009 0.001 -1. -0. -0.042 0. 0. -1. 0.
1. 0.001 0. 0.002 0.001 -1. -0. -0.013 0. 0. -1. 0.
1. -0.005 -0. 0.015 -0.005 -1. -0. 0.009 0. 0. -1. 0.
1. -0.006 -0. -0.036 -0.006 -1. -0. -0.117 0. 0. -1. 0.
1. -0.005 -0. 0.003 -0.005 -1. -0. -0.093 0. 0. -1. 0.
1. -0.009 -0. -0.014 -0.009 -1. -0. -0.032 0. 0. -1. 0.
1. -0.003 -0. -0.022 -0.003 -1. -0. -0.077 0. 0. -1. 0.
1. 0.002 0. 0.003 0.002 -1. -0. -0.017 0. 0. -1. 0.
1. -0.004 -0. -0.016 -0.004 -1. -0. -0.017 0. 0. -1. 0.
1. -0.001 -0. -0.027 -0.001 -1. -0. -0.066 0. 0. -1. 0.
1. -0.008 -0. -0.009 -0.008 -1. -0. -0.006 0. 0. -1. 0.
1. -0.006 -0. -0.019 -0.006 -1. -0. -0.013 0. 0. -1. 0.
1. 0. 0. -0.015 0. -1. -0. -0.047 0. 0. -1. 0.
1. 0.001 0. 0.010 0.001 -1. -0. -0.041 0. 0. -1. 0.
1. 0.001 0. -0.004 0.001 -1. -0. -0.017 0. 0. -1. 0.
1. -0.000 -0. -0.026 -0.000 -1. -0. -0.053 0. 0. -1. 0.
1. -0.008 -0. -0.028 -0.008 -1. -0. -0.020 0. 0. -1. 0.
1. -0.006 -0. -0.036 -0.006 -1. -0. -0.114 0. 0. -1. 0.
1. -0.007 -0. -0.022 -0.007 -1. -0. -0.011 0. 0. -1. 0.
1. -0.005 -0. -0.015 -0.005 -1. -0. -0.003 0. 0. -1. 0.
1. -0.005 -0. 0.008 -0.005 -1. -0. -0.003 0. 0. -1. 0.
1. -0.004 -0. -0.019 -0.004 -1. -0. -0.012 0. 0. -1. 0.
1. -0.000 -0. -0.010 -0.000 -1. -0. -0.022 0. 0. -1. 0.
1. -0.004 -0. 0.014 -0.004 -1. -0. 0.005 0. 0. -1. 0.
1. -0.010 -0. -0.006 -0.010 -1. -0. -0.023 0. 0. -1. 0.
1. -0.003 -0. -0.017 -0.003 -1. -0. -0.079 0. 0. -1. 0.
1. 0.003 0. -0.010 0.003 -1. -0. -0.027 0. 0. -1. 0.
1. -0.004 -0. -0.042 -0.004 -1. -0. -0.024 0. 0. -1. 0.
1. -0.002 -0. -0.038 -0.002 -1. -0. -0.013 0. 0. -1. 0.
1. 0.005 0. -0.019 0.005 -1. -0. -0.018 0. 0. -1. 0.
1.000 0.017 0. 0.060 0.017 -1.000 -0. -0.004 0. 0. -1. 0.
0.999 0.034 0. 0.130 0.034 -0.999 -0. -0.002 0. 0. -1. 0.
0.997 0.072 0. 0.215 0.072 -0.997 -0. -0.030 0. 0. -1. 0.
0.994 0.113 0. 0.449 0.113 -0.994 -0. 0.101 0. 0. -1. 0.
0.986 0.169 0. 0.646 0.169 -0.986 -0. 0.145 0. 0. -1. 0.
0.973 0.230 0. 1.019 0.230 -0.973 -0. 0.277 0. 0. -1. 0.
0.958 0.286 0. 1.401 0.286 -0.958 -0. 0.336 0. 0. -1. 0.
0.951 0.309 0. 1.755 0.309 -0.951 -0. 0.548 0. 0. -1. 0.
0.943 0.332 0. 2.216 0.332 -0.943 -0. 0.580 0. 0. -1. 0.
0.942 0.336 0. 2.747 0.336 -0.942 -0. 0.825 0. 0. -1. 0.
0.947 0.321 0. 3.344 0.321 -0.947 -0. 0.982 0. 0. -1. 0.
0.958 0.288 0. 3.922 0.288 -0.958 -0. 1.237 0. 0. -1. 0.
0.969 0.249 0. 4.578 0.249 -0.969 -0. 1.305 0. 0. -1. 0.
0.977 0.215 0. 5.353 0.215 -0.977 -0. 1.389 0. 0. -1. 0.
0.985 0.171 0. 6.103 0.171 -0.985 -0. 1.554 0. 0. -1. 0.
0.992 0.130 0. 6.934 0.130 -0.992 -0. 1.657 0. 0. -1. 0.
0.997 0.083 0. 7.883 0.083 -0.997 -0. 1.624 0. 0. -1. 0.
0.999 0.040 0. 8.852 0.040 -0.999 -0. 1.684 0. 0. -1. 0.
1. 0.003 0. 9.901 0.003 -1. -0. 1.760 0. 0. -1. 0.
1.000 -0.018 -0. 10.900 -0.018 -1.000 -0. 1.621 0. 0. -1. 0.
0.999 -0.044 -0. 12.152 -0.044 -0.999 -0. 1.677 0. 0. -1. 0.
0.999 -0.051 -0. 13.322 -0.051 -0.999 -0. 1.424 0. 0. -1. 0.
0.998 -0.063 -0. 14.647 -0.063 -0.998 -0. 1.428 0. 0. -1. 0.
0.998 -0.062 -0. 15.872 -0.062 -0.998 -0. 1.307 0. 0. -1. 0.
0.998 -0.059 -0. 17.366 -0.059 -0.998 -0. 1.204 0. 0. -1. 0.
0.998 -0.061 -0. 18.838 -0.061 -0.998 -0. 1.108 0. 0. -1. 0.
0.998 -0.058 -0. 20.377 -0.058 -0.998 -0. 1.063 0. 0. -1. 0.
0.999 -0.053 -0. 21.984 -0.053 -0.999 -0. 0.888 0. 0. -1. 0.
0.999 -0.042 -0. 23.656 -0.042 -0.999 -0. 0.696 0. 0. -1. 0.
0.999 -0.043 -0. 25.348 -0.043 -0.999 -0. 0.664 0. 0. -1. 0.
0.999 -0.033 -0. 27.125 -0.033 -0.999 -0. 0.524 0. 0. -1. 0.
0.999 -0.032 -0. 28.850 -0.032 -0.999 -0. 0.471 0. 0. -1. 0.
1.000 -0.027 -0. 30.464 -0.027 -1.000 -0. 0.429 0. 0. -1. 0.
1.000 -0.017 -0. 32.275 -0.017 -1.000 -0. 0.384 0. 0. -1. 0.
1. -0.013 -0. 34.043 -0.013 -1. -0. 0.259 0. 0. -1. 0.
1. -0.000 -0. 35.890 -0.000 -1. -0. 0.354 0. 0. -1. 0.
1. 0.014 0. 37.746 0.014 -1. -0. 0.273 0. 0. -1. 0.
1.000 0.016 0. 39.631 0.016 -1.000 -0. 0.303 0. 0. -1. 0.
1. 0.013 0. 41.385 0.013 -1. -0. 0.335 0. 0. -1. 0.
1. 0.011 0. 43.325 0.011 -1. -0. 0.276 0. 0. -1. 0.
1. 0.010 0. 45.303 0.010 -1. -0. 0.204 0. 0. -1. 0.
1. 0.004 0. 47.213 0.004 -1. -0. 0.284 0. 0. -1. 0.
1. 0.004 0. 49.235 0.004 -1. -0. 0.254 0. 0. -1. 0.
1. 0.010 0. 51.284 0.010 -1. -0. 0.191 0. 0. -1. 0.
1. 0.006 0. 53.387 0.006 -1. -0. 0.085 0. 0. -1. 0.
1. 0.009 0. 55.429 0.009 -1. -0. 0.043 0. 0. -1. 0.
1. 0.012 0. 57.539 0.012 -1. -0. 0.048 0. 0. -1. 0.
1. 0.007 0. 59.622 0.007 -1. -0. 0.187 0. 0. -1. 0.
1. 0.009 0. 61.636 0.009 -1. -0. 0.197 0. 0. -1. 0.
1. 0.004 0. 63.652 0.004 -1. -0. 0.175 0. 0. -1. 0.
1. -0.004 -0. 65.729 -0.004 -1. -0. 0.149 0. 0. -1. 0.
1. -0.014 -0. 67.792 -0.014 -1. -0. 0.185 0. 0. -1. 0.
1.000 -0.022 -0. 69.828 -0.022 -1.000 -0. 0.078 0. 0. -1. 0.
0.999 -0.034 -0. 71.889 -0.034 -0.999 -0. 0.040 0. 0. -1. 0.
0.999 -0.043 -0. 73.897 -0.043 -0.999 -0. -0.109 0. 0. -1. 0.
0.998 -0.064 -0. 75.964 -0.064 -0.998 -0. -0.363 0. 0. -1. 0.
0.996 -0.090 -0. 78.052 -0.090 -0.996 -0. -0.473 0. 0. -1. 0.
0.993 -0.121 -0. 80.015 -0.121 -0.993 -0. -0.696 0. 0. -1. 0.
0.986 -0.166 -0. 81.984 -0.166 -0.986 -0. -0.985 0. 0. -1. 0.
0.975 -0.223 -0. 83.977 -0.223 -0.975 -0. -1.440 0. 0. -1. 0.
0.962 -0.273 -0. 85.805 -0.273 -0.962 -0. -1.901 0. 0. -1. 0.
0.944 -0.330 -0. 87.597 -0.330 -0.944 -0. -2.591 0. 0. -1. 0.
0.924 -0.383 -0. 89.511 -0.383 -0.924 -0. -3.465 0. 0. -1. 0.
0.900 -0.435 -0. 91.449 -0.435 -0.900 -0. -4.190 0. 0. -1. 0.
0.877 -0.480 -0. 93.058 -0.480 -0.877 -0. -5.174 0. 0. -1. 0.
0.842 -0.540 -0. 94.783 -0.540 -0.842 -0. -6.265 0. 0. -1. 0.
0.802 -0.598 -0. 96.321 -0.598 -0.802 -0. -7.513 0. 0. -1. 0.
0.757 -0.654 -0. 97.921 -0.654 -0.757 -0. -8.797 0. 0. -1. 0.
0.706 -0.708 -0. 99.321 -0.708 -0.706 -0. -10.285 0. 0. -1. 0.
0.653 -0.757 -0. 100.593 -0.757 -0.653 -0. -11.706 0. 0. -1. 0.
0.595 -0.804 -0. 101.815 -0.804 -0.595 -0. -13.219 0. 0. -1. 0.
0.533 -0.846 -0. 102.854 -0.846 -0.533 -0. -14.909 0. 0. -1. 0.
0.470 -0.883 -0. 103.717 -0.883 -0.470 -0. -16.596 0. 0. -1. 0.
0.419 -0.908 -0. 104.461 -0.908 -0.419 -0. -18.475 0. 0. -1. 0.
0.377 -0.926 -0. 105.005 -0.926 -0.377 -0. -20.324 0. 0. -1. 0.
0.349 -0.937 -0. 105.592 -0.937 -0.349 -0. -22.159 0. 0. -1. 0.
0.329 -0.944 -0. 106.420 -0.944 -0.329 -0. -23.894 0. 0. -1. 0.
0.330 -0.944 -0. 106.866 -0.944 -0.330 -0. -25.756 0. 0. -1. 0.
0.321 -0.947 -0. 107.644 -0.947 -0.321 -0. -27.592 0. 0. -1. 0.
0.318 -0.948 -0. 108.231 -0.948 -0.318 -0. -29.415 0. 0. -1. 0.
0.325 -0.946 -0. 108.581 -0.946 -0.325 -0. -31.318 0. 0. -1. 0.
0.334 -0.942 -0. 109.258 -0.942 -0.334 -0. -33.131 0. 0. -1. 0.
0.341 -0.940 -0. 110.036 -0.940 -0.341 -0. -34.960 0. 0. -1. 0.
0.362 -0.932 -0. 110.592 -0.932 -0.362 -0. -36.794 0. 0. -1. 0.
0.383 -0.924 -0. 111.309 -0.924 -0.383 -0. -38.675 0. 0. -1. 0.
0.404 -0.915 -0. 112.163 -0.915 -0.404 -0. -40.429 0. 0. -1. 0.
0.425 -0.905 -0. 112.814 -0.905 -0.425 -0. -42.245 0. 0. -1. 0.
0.449 -0.894 -0. 113.750 -0.894 -0.449 -0. -43.964 0. 0. -1. 0.
0.478 -0.879 -0. 114.645 -0.879 -0.478 -0. -45.635 0. 0. -1. 0.
0.504 -0.864 -0. 115.569 -0.864 -0.504 -0. -47.370 0. 0. -1. 0.
0.525 -0.851 -0. 116.592 -0.851 -0.525 -0. -49.086 0. 0. -1. 0.
0.545 -0.838 -0. 117.613 -0.838 -0.545 -0. -50.672 0. 0. -1. 0.
0.562 -0.827 -0. 118.671 -0.827 -0.562 -0. -52.375 0. 0. -1. 0.
0.581 -0.814 -0. 119.811 -0.814 -0.581 -0. -53.972 0. 0. -1. 0.
0.593 -0.805 -0. 120.820 -0.805 -0.593 -0. -55.588 0. 0. -1. 0.
0.607 -0.795 -0. 122.140 -0.795 -0.607 -0. -57.238 0. 0. -1. 0.
0.616 -0.788 -0. 123.351 -0.788 -0.616 -0. -58.892 0. 0. -1. 0.
0.634 -0.774 -0. 124.529 -0.774 -0.634 -0. -60.410 0. 0. -1. 0.
0.647 -0.762 -0. 125.923 -0.762 -0.647 -0. -62.024 0. 0. -1. 0.
0.663 -0.749 -0. 127.139 -0.749 -0.663 -0. -63.701 0. 0. -1. 0.
0.671 -0.741 -0. 128.607 -0.741 -0.671 -0. -65.162 0. 0. -1. 0.
0.684 -0.730 -0. 130.013 -0.730 -0.684 -0. -66.691 0. 0. -1. 0.
0.696 -0.718 -0. 131.353 -0.718 -0.696 -0. -68.130 0. 0. -1. 0.
0.710 -0.704 -0. 132.825 -0.704 -0.710 -0. -69.617 0. 0. -1. 0.
0.726 -0.687 -0. 134.197 -0.687 -0.726 -0. -71.106 0. 0. -1. 0.
0.738 -0.674 -0. 135.665 -0.674 -0.738 -0. -72.458 0. 0. -1. 0.
0.747 -0.665 -0. 137.136 -0.665 -0.747 -0. -73.736 0. 0. -1. 0.
0.756 -0.654 -0. 138.572 -0.654 -0.756 -0. -75.093 0. 0. -1. 0.
0.774 -0.634 -0. 140.048 -0.634 -0.774 -0. -76.178 0. 0. -1. 0.
0.804 -0.595 -0. 141.324 -0.595 -0.804 -0. -77.453 0. 0. -1. 0.
0.836 -0.549 -0. 142.887 -0.549 -0.836 -0. -78.510 0. 0. -1. 0.
0.881 -0.473 -0. 144.308 -0.473 -0.881 -0. -79.375 0. 0. -1. 0.
0.922 -0.387 -0. 145.911 -0.387 -0.922 -0. -79.967 0. 0. -1. 0.
0.959 -0.282 -0. 147.399 -0.282 -0.959 -0. -80.479 0. 0. -1. 0.
0.988 -0.154 -0. 148.848 -0.154 -0.988 -0. -80.790 0. 0. -1. 0.
1.000 -0.023 -0. 150.388 -0.023 -1.000 -0. -80.715 0. 0. -1. 0.
0.992 0.126 0. 151.777 0.126 -0.992 -0. -80.572 0. 0. -1. 0.
0.961 0.278 0. 152.953 0.278 -0.961 -0. -80.240 0. 0. -1. 0.
0.907 0.422 0. 154.147 0.422 -0.907 -0. -79.617 0. 0. -1. 0.
0.827 0.562 0. 155.159 0.562 -0.827 -0. -78.983 0. 0. -1. 0.
0.725 0.689 0. 156.027 0.689 -0.725 -0. -78.200 0. 0. -1. 0.
0.595 0.803 0. 156.623 0.803 -0.595 -0. -77.248 0. 0. -1. 0.
0.442 0.897 0. 157.145 0.897 -0.442 -0. -76.257 0. 0. -1. 0.
0.284 0.959 0. 157.378 0.959 -0.284 -0. -75.178 0. 0. -1. 0.
0.095 0.995 0. 157.431 0.995 -0.095 -0. -74.032 0. 0. -1. 0.
-0.089 0.996 0. 157.305 0.996 0.089 0. -72.898 0. 0. -1. 0.
-0.268 0.963 0. 156.995 0.963 0.268 0. -71.693 0. 0. -1. 0.
-0.435 0.900 0. 156.400 0.900 0.435 0. -70.585 0. 0. -1. 0.
-0.573 0.820 0. 155.603 0.820 0.573 0. -69.523 0. 0. -1. 0.
-0.682 0.731 0. 154.628 0.731 0.682 0. -68.518 0. 0. -1. 0.
-0.761 0.649 0. 153.517 0.649 0.761 0. -67.496 0. 0. -1. 0.
-0.815 0.579 0. 152.279 0.579 0.815 0. -66.719 0. 0. -1. 0.
-0.843 0.538 0. 151.033 0.538 0.843 0. -65.919 0. 0. -1. 0.
-0.871 0.491 0. 149.787 0.491 0.871 0. -65.137 0. 0. -1. 0.
-0.890 0.456 0. 148.319 0.456 0.890 0. -64.417 0. 0. -1. 0.
-0.911 0.413 0. 146.869 0.413 0.911 0. -63.694 0. 0. -1. 0.
-0.927 0.374 0. 145.275 0.374 0.927 0. -63.004 0. 0. -1. 0.
-0.941 0.339 0. 143.735 0.339 0.941 0. -62.369 0. 0. -1. 0.
-0.950 0.313 0. 142.103 0.313 0.950 0. -61.775 0. 0. -1. 0.
-0.956 0.293 0. 140.256 0.293 0.956 0. -61.265 0. 0. -1. 0.
-0.957 0.289 0. 138.647 0.289 0.957 0. -60.580 0. 0. -1. 0.
-0.963 0.271 0. 136.895 0.271 0.963 0. -60.261 0. 0. -1. 0.
-0.961 0.276 0. 135.157 0.276 0.961 0. -59.559 0. 0. -1. 0.
-0.962 0.275 0. 133.457 0.275 0.962 0. -59.129 0. 0. -1. 0.
-0.957 0.289 0. 131.728 0.289 0.957 0. -58.620 0. 0. -1. 0.
-0.951 0.308 0. 130.038 0.308 0.951 0. -57.937 0. 0. -1. 0.
-0.939 0.343 0. 128.450 0.343 0.939 0. -57.457 0. 0. -1. 0.
-0.919 0.395 0. 126.878 0.395 0.919 0. -56.782 0. 0. -1. 0.
-0.889 0.457 0. 125.363 0.457 0.889 0. -55.850 0. 0. -1. 0.
-0.853 0.522 0. 124.011 0.522 0.853 0. -55.078 0. 0. -1. 0.
-0.816 0.579 0. 122.741 0.579 0.816 0. -54.022 0. 0. -1. 0.
-0.769 0.639 0. 121.250 0.639 0.769 0. -52.914 0. 0. -1. 0.
-0.720 0.694 0. 120.144 0.694 0.720 0. -51.691 0. 0. -1. 0.
-0.664 0.748 0. 118.789 0.748 0.664 0. -50.367 0. 0. -1. 0.
-0.607 0.795 0. 117.968 0.795 0.607 0. -48.888 0. 0. -1. 0.
-0.557 0.830 0. 116.790 0.830 0.557 0. -47.389 0. 0. -1. 0.
-0.516 0.857 0. 115.977 0.857 0.516 0. -45.752 0. 0. -1. 0.
-0.488 0.873 0. 115.049 0.873 0.488 0. -44.179 0. 0. -1. 0.
-0.462 0.887 0. 114.100 0.887 0.462 0. -42.589 0. 0. -1. 0.
-0.435 0.900 0. 113.390 0.900 0.435 0. -40.774 0. 0. -1. 0.
-0.404 0.915 0. 112.612 0.915 0.404 0. -39.104 0. 0. -1. 0.
-0.370 0.929 0. 112.046 0.929 0.370 0. -37.361 0. 0. -1. 0.
-0.351 0.936 0. 111.339 0.936 0.351 0. -35.497 0. 0. -1. 0.
-0.331 0.944 0. 110.842 0.944 0.331 0. -33.702 0. 0. -1. 0.
-0.315 0.949 0. 110.168 0.949 0.315 0. -31.845 0. 0. -1. 0.
-0.307 0.952 0. 109.580 0.952 0.307 0. -30.030 0. 0. -1. 0.
-0.307 0.952 0. 109.112 0.952 0.307 0. -28.132 0. 0. -1. 0.
-0.317 0.948 0. 108.513 0.948 0.317 0. -26.271 0. 0. -1. 0.
-0.331 0.944 0. 108.032 0.944 0.331 0. -24.411 0. 0. -1. 0.
-0.344 0.939 0. 107.309 0.939 0.344 0. -22.558 0. 0. -1. 0.
-0.375 0.927 0. 106.770 0.927 0.375 0. -20.735 0. 0. -1. 0.
-0.401 0.916 0. 105.956 0.916 0.401 0. -18.994 0. 0. -1. 0.
-0.449 0.894 0. 105.405 0.894 0.449 0. -17.211 0. 0. -1. 0.
-0.491 0.871 0. 104.326 0.871 0.491 0. -15.639 0. 0. -1. 0.
-0.550 0.835 0. 103.461 0.835 0.550 0. -14.121 0. 0. -1. 0.
-0.608 0.794 0. 102.303 0.794 0.608 0. -12.578 0. 0. -1. 0.
-0.664 0.748 0. 101.178 0.748 0.664 0. -11.040 0. 0. -1. 0.
-0.709 0.706 0. 99.907 0.706 0.709 0. -9.829 0. 0. -1. 0.
-0.749 0.662 0. 98.551 0.662 0.749 0. -8.604 0. 0. -1. 0.
-0.790 0.613 0. 97.161 0.613 0.790 0. -7.466 0. 0. -1. 0.
-0.814 0.580 0. 95.580 0.580 0.814 0. -6.327 0. 0. -1. 0.
-0.838 0.545 0. 94.032 0.545 0.838 0. -5.375 0. 0. -1. 0.
-0.860 0.511 0. 92.678 0.511 0.860 0. -4.306 0. 0. -1. 0.
-0.892 0.451 0. 90.970 0.451 0.892 0. -3.592 0. 0. -1. 0.
-0.919 0.393 0. 89.386 0.393 0.919 0. -2.648 0. 0. -1. 0.
-0.940 0.340 0. 87.441 0.340 0.940 0. -1.923 0. 0. -1. 0.
-0.955 0.298 0. 85.769 0.298 0.955 0. -1.454 0. 0. -1. 0.
-0.969 0.249 0. 83.903 0.249 0.969 0. -1.014 0. 0. -1. 0.
-0.978 0.206 0. 81.975 0.206 0.978 0. -0.558 0. 0. -1. 0.
-0.987 0.162 0. 79.978 0.162 0.987 0. -0.223 0. 0. -1. 0.
-0.992 0.127 0. 78.130 0.127 0.992 0. 0.020 0. 0. -1. 0.
-0.996 0.093 0. 75.961 0.093 0.996 0. 0.288 0. 0. -1. 0.
-0.998 0.070 0. 73.879 0.070 0.998 0. 0.499 0. 0. -1. 0.
-0.999 0.051 0. 71.866 0.051 0.999 0. 0.538 0. 0. -1. 0.
-1.000 0.029 0. 69.877 0.029 1.000 0. 0.615 0. 0. -1. 0.
-1. 0.013 0. 67.841 0.013 1. 0. 0.706 0. 0. -1. 0.
-1. 0.010 0. 65.737 0.010 1. 0. 0.711 0. 0. -1. 0.
-1. -0.002 -0. 63.686 -0.002 1. 0. 0.853 0. 0. -1. 0.
-1. -0.004 -0. 61.633 -0.004 1. 0. 0.689 0. 0. -1. 0.
-1. -0.009 -0. 59.548 -0.009 1. 0. 0.713 0. 0. -1. 0.
-1.000 -0.015 -0. 57.427 -0.015 1.000 0. 0.750 0. 0. -1. 0.
-1.000 -0.015 -0. 55.414 -0.015 1.000 0. 0.818 0. 0. -1. 0.
-1. -0.004 -0. 53.347 -0.004 1. 0. 0.834 0. 0. -1. 0.
-1. -0.005 -0. 51.231 -0.005 1. 0. 0.887 0. 0. -1. 0.
-1. -0.004 -0. 49.297 -0.004 1. 0. 0.826 0. 0. -1. 0.
-1. -0.004 -0. 47.318 -0.004 1. 0. 0.926 0. 0. -1. 0.
-1. -0.013 -0. 45.259 -0.013 1. 0. 1.020 0. 0. -1. 0.
-1. -0.013 -0. 43.242 -0.013 1. 0. 1.016 0. 0. -1. 0.
-1. -0.011 -0. 41.362 -0.011 1. 0. 0.923 0. 0. -1. 0.
-1.000 -0.016 -0. 39.483 -0.016 1.000 0. 1.010 0. 0. -1. 0.
-1. -0.006 -0. 37.469 -0.006 1. 0. 1.057 0. 0. -1. 0.
-1.000 0.016 0. 35.474 0.016 1.000 0. 1.127 0. 0. -1. 0.
-0.999 0.040 0. 33.652 0.040 0.999 0. 1.104 0. 0. -1. 0.
-0.998 0.060 0. 31.715 0.060 0.998 0. 1.232 0. 0. -1. 0.
-0.997 0.081 0. 29.746 0.081 0.997 0. 1.433 0. 0. -1. 0.
-0.996 0.087 0. 27.806 0.087 0.996 0. 1.669 0. 0. -1. 0.
-0.995 0.099 0. 25.926 0.099 0.995 0. 1.790 0. 0. -1. 0.
-0.995 0.101 0. 23.986 0.101 0.995 0. 2.085 0. 0. -1. 0.
-0.994 0.107 0. 22.042 0.107 0.994 0. 2.372 0. 0. -1. 0.
-0.994 0.113 0. 20.108 0.113 0.994 0. 2.561 0. 0. -1. 0.
-0.994 0.114 0. 18.203 0.114 0.994 0. 2.837 0. 0. -1. 0.
-0.993 0.116 0. 16.289 0.116 0.993 0. 3.099 0. 0. -1. 0.
-0.993 0.120 0. 14.326 0.120 0.993 0. 3.326 0. 0. -1. 0.
-0.993 0.118 0. 12.441 0.118 0.993 0. 3.670 0. 0. -1. 0.
-0.993 0.116 0. 10.483 0.116 0.993 0. 3.845 0. 0. -1. 0.
-0.993 0.118 0. 8.621 0.118 0.993 0. 4.068 0. 0. -1. 0.
-0.992 0.124 0. 6.712 0.124 0.992 0. 4.361 0. 0. -1. 0.
-0.993 0.120 0. 4.868 0.120 0.993 0. 4.549 0. 0. -1. 0.
-0.992 0.126 0. 2.990 0.126 0.992 0. 4.836 0. 0. -1. 0.
-0.993 0.116 0. 1.158 0.116 0.993 0. 5.132 0. 0. -1. 0.
-0.994 0.110 0. -0.827 0.110 0.994 0. 5.369 0. 0. -1. 0.
-0.994 0.109 0. -2.635 0.109 0.994 0. 5.513 0. 0. -1. 0.
-0.995 0.104 0. -4.540 0.104 0.995 0. 5.636 0. 0. -1. 0.
-0.995 0.098 0. -6.345 0.098 0.995 0. 5.863 0. 0. -1. 0.
-0.996 0.091 0. -8.217 0.091 0.996 0. 6.066 0. 0. -1. 0.
-0.996 0.089 0. -10.014 0.089 0.996 0. 6.297 0. 0. -1. 0.
-0.996 0.094 0. -11.774 0.094 0.996 0. 6.599 0. 0. -1. 0.
-0.995 0.104 0. -13.508 0.104 0.995 0. 6.656 0. 0. -1. 0.
-0.995 0.100 0. -15.103 0.100 0.995 0. 6.822 0. 0. -1. 0.
-0.995 0.100 0. -16.796 0.100 0.995 0. 7.102 0. 0. -1. 0.
-0.994 0.106 0. -18.378 0.106 0.994 0. 7.186 0. 0. -1. 0.
-0.995 0.101 0. -19.930 0.101 0.995 0. 7.493 0. 0. -1. 0.
-0.994 0.113 0. -21.476 0.113 0.994 0. 7.763 0. 0. -1. 0.
-0.992 0.126 0. -23.107 0.126 0.992 0. 8.002 0. 0. -1. 0.
-0.990 0.142 0. -24.683 0.142 0.990 0. 8.273 0. 0. -1. 0.
-0.989 0.145 0. -26.241 0.145 0.989 0. 8.457 0. 0. -1. 0.
-0.988 0.155 0. -27.926 0.155 0.988 0. 8.796 0. 0. -1. 0.
-0.986 0.164 0. -29.634 0.164 0.986 0. 9.030 0. 0. -1. 0.
-0.987 0.160 0. -31.334 0.160 0.987 0. 9.360 0. 0. -1. 0.
-0.989 0.150 0. -33.149 0.150 0.989 0. 9.639 0. 0. -1. 0.
-0.991 0.135 0. -35.073 0.135 0.991 0. 9.907 0. 0. -1. 0.
-0.994 0.110 0. -36.932 0.110 0.994 0. 10.239 0. 0. -1. 0.
-0.996 0.095 0. -38.903 0.095 0.996 0. 10.283 0. 0. -1. 0.
-0.997 0.077 0. -40.849 0.077 0.997 0. 10.467 0. 0. -1. 0.
-0.998 0.060 0. -42.748 0.060 0.998 0. 10.689 0. 0. -1. 0.
-0.999 0.045 0. -44.795 0.045 0.999 0. 10.695 0. 0. -1. 0.
-0.999 0.040 0. -46.761 0.040 0.999 0. 10.825 0. 0. -1. 0.
-1.000 0.028 0. -48.639 0.028 1.000 0. 10.902 0. 0. -1. 0.
-1.000 0.015 0. -50.585 0.015 1.000 0. 10.915 0. 0. -1. 0.
-1.000 0.015 0. -52.529 0.015 1.000 0. 11.030 0. 0. -1. 0.
-1.000 0.020 0. -54.438 0.020 1.000 0. 11.078 0. 0. -1. 0.
-1. 0.011 0. -56.275 0.011 1. 0. 11.152 0. 0. -1. 0.
-1. 0.013 0. -58.148 0.013 1. 0. 11.205 0. 0. -1. 0.
-1. 0.014 0. -60.043 0.014 1. 0. 11.258 0. 0. -1. 0.
-1.000 0.017 0. -61.880 0.017 1.000 0. 11.277 0. 0. -1. 0.
-1.000 0.021 0. -63.609 0.021 1.000 0. 11.317 0. 0. -1. 0.
-0.999 0.039 0. -65.342 0.039 0.999 0. 11.435 0. 0. -1. 0.
-0.998 0.059 0. -67.101 0.059 0.998 0. 11.520 0. 0. -1. 0.
-0.998 0.069 0. -68.739 0.069 0.998 0. 11.711 0. 0. -1. 0.
-0.996 0.092 0. -70.490 0.092 0.996 0. 11.851 0. 0. -1. 0.
-0.993 0.116 0. -72.137 0.116 0.993 0. 12.105 0. 0. -1. 0.
-0.990 0.143 0. -73.833 0.143 0.990 0. 12.415 0. 0. -1. 0.
-0.986 0.167 0. -75.445 0.167 0.986 0. 12.725 0. 0. -1. 0.
-0.981 0.192 0. -77.173 0.192 0.981 0. 13.036 0. 0. -1. 0.
-0.977 0.214 0. -78.834 0.214 0.977 0. 13.435 0. 0. -1. 0.
-0.972 0.236 0. -80.470 0.236 0.972 0. 13.905 0. 0. -1. 0.
-0.964 0.267 0. -82.036 0.267 0.964 0. 14.414 0. 0. -1. 0.
-0.956 0.293 0. -83.545 0.293 0.956 0. 14.992 0. 0. -1. 0.
-0.944 0.329 0. -84.973 0.329 0.944 0. 15.510 0. 0. -1. 0.
-0.922 0.387 0. -86.353 0.387 0.922 0. 16.102 0. 0. -1. 0.
-0.897 0.441 0. -87.612 0.441 0.897 0. 16.770 0. 0. -1. 0.
-0.872 0.489 0. -88.833 0.489 0.872 0. 17.540 0. 0. -1. 0.
-0.832 0.555 0. -89.780 0.555 0.832 0. 18.112 0. 0. -1. 0.
-0.788 0.615 0. -90.632 0.615 0.788 0. 19.070 0. 0. -1. 0.
-0.729 0.684 0. -91.626 0.684 0.729 0. 19.882 0. 0. -1. 0.
-0.646 0.763 0. -92.418 0.763 0.646 0. 20.818 0. 0. -1. 0.
-0.560 0.828 0. -93.068 0.828 0.560 0. 21.840 0. 0. -1. 0.
-0.469 0.883 0. -93.511 0.883 0.469 0. 22.846 0. 0. -1. 0.
-0.367 0.930 0. -93.931 0.930 0.367 0. 24.054 0. 0. -1. 0.
-0.276 0.961 0. -94.283 0.961 0.276 0. 25.223 0. 0. -1. 0.
-0.210 0.978 0. -94.442 0.978 0.210 0. 26.550 0. 0. -1. 0.
-0.145 0.989 0. -94.652 0.989 0.145 0. 27.886 0. 0. -1. 0.
-0.079 0.997 0. -94.647 0.997 0.079 0. 29.311 0. 0. -1. 0.
-0.028 1.000 0. -94.764 1.000 0.028 0. 30.813 0. 0. -1. 0.
0.009 1. 0. -94.700 1. -0.009 -0. 32.301 0. 0. -1. 0.
0.022 1.000 0. -94.615 1.000 -0.022 -0. 33.866 0. 0. -1. 0.
0.031 1.000 0. -94.600 1.000 -0.031 -0. 35.459 0. 0. -1. 0.
0.036 0.999 0. -94.542 0.999 -0.036 -0. 37.111 0. 0. -1. 0.
0.031 1.000 0. -94.382 1.000 -0.031 -0. 38.746 0. 0. -1. 0.
0.037 0.999 0. -94.420 0.999 -0.037 -0. 40.470 0. 0. -1. 0.
0.035 0.999 0. -94.359 0.999 -0.035 -0. 42.168 0. 0. -1. 0.
0.031 1.000 0. -94.281 1.000 -0.031 -0. 43.820 0. 0. -1. 0.
0.027 1.000 0. -94.195 1.000 -0.027 -0. 45.776 0. 0. -1. 0.
0.022 1.000 0. -94.215 1.000 -0.022 -0. 47.587 0. 0. -1. 0.
0.021 1.000 0. -94.092 1.000 -0.021 -0. 49.483 0. 0. -1. 0.
0.017 1.000 0. -94.005 1.000 -0.017 -0. 51.398 0. 0. -1. 0.
0.018 1.000 0. -94.039 1.000 -0.018 -0. 53.366 0. 0. -1. 0.
0.022 1.000 0. -94.069 1.000 -0.022 -0. 55.340 0. 0. -1. 0.
0.027 1.000 0. -94.007 1.000 -0.027 -0. 57.331 0. 0. -1. 0.
0.022 1.000 0. -93.934 1.000 -0.022 -0. 59.305 0. 0. -1. 0.
0.019 1.000 0. -93.849 1.000 -0.019 -0. 61.297 0. 0. -1. 0.
0.029 1.000 0. -93.754 1.000 -0.029 -0. 63.359 0. 0. -1. 0.
0.039 0.999 0. -93.629 0.999 -0.039 -0. 65.150 0. 0. -1. 0.
0.048 0.999 0. -93.543 0.999 -0.048 -0. 67.267 0. 0. -1. 0.
0.057 0.998 0. -93.467 0.998 -0.057 -0. 69.215 0. 0. -1. 0.
0.057 0.998 0. -93.313 0.998 -0.057 -0. 71.136 0. 0. -1. 0.
0.051 0.999 0. -93.218 0.999 -0.051 -0. 73.095 0. 0. -1. 0.
0.051 0.999 0. -93.123 0.999 -0.051 -0. 74.999 0. 0. -1. 0.
0.047 0.999 0. -93.009 0.999 -0.047 -0. 76.902 0. 0. -1. 0.
0.045 0.999 0. -92.954 0.999 -0.045 -0. 78.728 0. 0. -1. 0.
0.037 0.999 0. -92.823 0.999 -0.037 -0. 80.580 0. 0. -1. 0.
0.034 0.999 0. -92.782 0.999 -0.034 -0. 82.557 0. 0. -1. 0.
0.036 0.999 0. -92.606 0.999 -0.036 -0. 84.305 0. 0. -1. 0.
0.038 0.999 0. -92.609 0.999 -0.038 -0. 86.135 0. 0. -1. 0.
0.031 1.000 0. -92.494 1.000 -0.031 -0. 87.905 0. 0. -1. 0.
0.026 1.000 0. -92.469 1.000 -0.026 -0. 89.735 0. 0. -1. 0.
0.014 1. 0. -92.447 1. -0.014 -0. 91.343 0. 0. -1. 0.
-0.009 1. 0. -92.417 1. 0.009 0. 93.055 0. 0. -1. 0.
-0.040 0.999 0. -92.415 0.999 0.040 0. 94.758 0. 0. -1. 0.
-0.085 0.996 0. -92.647 0.996 0.085 0. 96.278 0. 0. -1. 0.
-0.140 0.990 0. -92.655 0.990 0.140 0. 97.988 0. 0. -1. 0.
-0.195 0.981 0. -93.074 0.981 0.195 0. 99.474 0. 0. -1. 0.
-0.240 0.971 0. -93.353 0.971 0.240 0. 101.134 0. 0. -1. 0.
-0.290 0.957 0. -93.800 0.957 0.290 0. 102.696 0. 0. -1. 0.
-0.349 0.937 0. -94.260 0.937 0.349 0. 104.315 0. 0. -1. 0.
-0.408 0.913 0. -94.866 0.913 0.408 0. 105.951 0. 0. -1. 0.
-0.461 0.887 0. -95.617 0.887 0.461 0. 107.434 0. 0. -1. 0.
-0.513 0.858 0. -96.464 0.858 0.513 0. 108.869 0. 0. -1. 0.
-0.564 0.825 0. -97.435 0.825 0.564 0. 110.468 0. 0. -1. 0.
-0.609 0.793 0. -98.511 0.793 0.609 0. 111.986 0. 0. -1. 0.
-0.638 0.770 0. -99.584 0.770 0.638 0. 113.364 0. 0. -1. 0.
-0.660 0.752 0. -100.882 0.752 0.660 0. 114.770 0. 0. -1. 0.
-0.667 0.745 0. -102.195 0.745 0.667 0. 116.237 0. 0. -1. 0.
-0.677 0.736 0. -103.540 0.736 0.677 0. 117.558 0. 0. -1. 0.
-0.682 0.731 0. -104.894 0.731 0.682 0. 118.954 0. 0. -1. 0.
-0.677 0.736 0. -106.178 0.736 0.677 0. 120.448 0. 0. -1. 0.
-0.679 0.734 0. -107.623 0.734 0.679 0. 121.953 0. 0. -1. 0.
-0.677 0.736 0. -108.947 0.736 0.677 0. 123.432 0. 0. -1. 0.
-0.678 0.735 0. -110.362 0.735 0.678 0. 124.816 0. 0. -1. 0.
-0.681 0.733 0. -111.594 0.733 0.681 0. 126.489 0. 0. -1. 0.
-0.686 0.727 0. -113.011 0.727 0.686 0. 128.040 0. 0. -1. 0.
-0.684 0.730 0. -114.465 0.730 0.684 0. 129.560 0. 0. -1. 0.
-0.677 0.736 0. -115.838 0.736 0.677 0. 131.039 0. 0. -1. 0.
-0.678 0.735 0. -117.323 0.735 0.678 0. 132.558 0. 0. -1. 0.
-0.667 0.745 0. -118.778 0.745 0.667 0. 134.136 0. 0. -1. 0.
-0.662 0.749 0. -120.139 0.749 0.662 0. 135.852 0. 0. -1. 0.
-0.656 0.755 0. -121.599 0.755 0.656 0. 137.537 0. 0. -1. 0.
-0.649 0.761 0. -123.070 0.761 0.649 0. 139.230 0. 0. -1. 0.
-0.644 0.765 0. -124.458 0.765 0.644 0. 141.005 0. 0. -1. 0.
-0.639 0.769 0. -125.894 0.769 0.639 0. 142.782 0. 0. -1. 0.
-0.641 0.768 0. -127.221 0.768 0.641 0. 144.592 0. 0. -1. 0.
-0.642 0.767 0. -128.678 0.767 0.642 0. 146.385 0. 0. -1. 0.
-0.643 0.766 0. -130.098 0.766 0.643 0. 148.209 0. 0. -1. 0.
-0.643 0.766 0. -131.601 0.766 0.643 0. 150.038 0. 0. -1. 0.
-0.645 0.765 0. -132.976 0.765 0.645 0. 151.836 0. 0. -1. 0.
-0.648 0.762 0. -134.538 0.762 0.648 0. 153.705 0. 0. -1. 0.
-0.647 0.763 0. -135.994 0.763 0.647 0. 155.560 0. 0. -1. 0.
-0.650 0.760 0. -137.482 0.760 0.650 0. 157.362 0. 0. -1. 0.
-0.648 0.762 0. -138.916 0.762 0.648 0. 159.185 0. 0. -1. 0.
-0.649 0.761 0. -140.500 0.761 0.649 0. 161.021 0. 0. -1. 0.
-0.647 0.762 0. -141.911 0.762 0.647 0. 162.885 0. 0. -1. 0.
-0.634 0.773 0. -143.528 0.773 0.634 0. 164.658 0. 0. -1. 0.
-0.623 0.782 0. -144.896 0.782 0.623 0. 166.571 0. 0. -1. 0.
-0.610 0.792 0. -146.429 0.792 0.610 0. 168.460 0. 0. -1. 0.
-0.592 0.806 0. -147.675 0.806 0.592 0. 170.405 0. 0. -1. 0.
-0.566 0.824 0. -149.115 0.824 0.566 0. 172.370 0. 0. -1. 0.
-0.537 0.844 0. -150.418 0.844 0.537 0. 174.361 0. 0. -1. 0.
-0.511 0.860 0. -151.407 0.860 0.511 0. 176.501 0. 0. -1. 0.
-0.485 0.874 0. -152.675 0.874 0.485 0. 178.649 0. 0. -1. 0.
-0.459 0.888 0. -153.750 0.888 0.459 0. 180.799 0. 0. -1. 0.
-0.436 0.900 0. -154.807 0.900 0.436 0. 183.020 0. 0. -1. 0.
-0.409 0.913 0. -155.861 0.913 0.409 0. 185.225 0. 0. -1. 0.
-0.373 0.928 0. -156.628 0.928 0.373 0. 187.580 0. 0. -1. 0.
-0.325 0.946 0. -157.635 0.946 0.325 0. 189.853 0. 0. -1. 0.
-0.279 0.960 0. -158.397 0.960 0.279 0. 192.097 0. 0. -1. 0.
-0.240 0.971 0. -158.806 0.971 0.240 0. 194.575 0. 0. -1. 0.
-0.195 0.981 0. -159.311 0.981 0.195 0. 196.938 0. 0. -1. 0.
-0.145 0.989 0. -159.791 0.989 0.145 0. 199.360 0. 0. -1. 0.
-0.103 0.995 0. -159.878 0.995 0.103 0. 201.722 0. 0. -1. 0.
-0.082 0.997 0. -159.909 0.997 0.082 0. 204.201 0. 0. -1. 0.
-0.063 0.998 0. -159.895 0.998 0.063 0. 206.652 0. 0. -1. 0.
-0.049 0.999 0. -160.206 0.999 0.049 0. 209.025 0. 0. -1. 0.
-0.042 0.999 0. -160.112 0.999 0.042 0. 211.540 0. 0. -1. 0.
-0.034 0.999 0. -160.207 0.999 0.034 0. 213.974 0. 0. -1. 0.
-0.034 0.999 0. -160.133 0.999 0.034 0. 216.404 0. 0. -1. 0.
-0.031 1.000 0. -160.310 1.000 0.031 0. 218.837 0. 0. -1. 0.
-0.039 0.999 0. -160.299 0.999 0.039 0. 221.232 0. 0. -1. 0.
-0.056 0.998 0. -160.451 0.998 0.056 0. 223.624 0. 0. -1. 0.
-0.089 0.996 0. -160.634 0.996 0.089 0. 225.991 0. 0. -1. 0.
-0.136 0.991 0. -160.752 0.991 0.136 0. 228.379 0. 0. -1. 0.
-0.175 0.985 0. -161.165 0.985 0.175 0. 230.696 0. 0. -1. 0.
-0.231 0.973 0. -161.546 0.973 0.231 0. 232.917 0. 0. -1. 0.
-0.290 0.957 0. -162.068 0.957 0.290 0. 235.203 0. 0. -1. 0.
-0.353 0.936 0. -162.826 0.936 0.353 0. 237.329 0. 0. -1. 0.
-0.414 0.910 0. -163.835 0.910 0.414 0. 239.388 0. 0. -1. 0.
-0.477 0.879 0. -164.637 0.879 0.477 0. 241.361 0. 0. -1. 0.
-0.543 0.840 0. -165.918 0.840 0.543 0. 243.307 0. 0. -1. 0.
-0.610 0.792 0. -167.181 0.792 0.610 0. 245.101 0. 0. -1. 0.
-0.675 0.738 0. -168.760 0.738 0.675 0. 246.770 0. 0. -1. 0.
-0.740 0.673 0. -170.529 0.673 0.740 0. 248.218 0. 0. -1. 0.
-0.797 0.604 0. -172.246 0.604 0.797 0. 249.650 0. 0. -1. 0.
-0.839 0.543 0. -174.166 0.543 0.839 0. 250.854 0. 0. -1. 0.
-0.875 0.485 0. -176.013 0.485 0.875 0. 252.083 0. 0. -1. 0.
-0.906 0.424 0. -177.975 0.424 0.906 0. 253.096 0. 0. -1. 0.
-0.926 0.377 0. -180.027 0.377 0.926 0. 254.008 0. 0. -1. 0.
-0.938 0.347 0. -182.096 0.347 0.938 0. 254.915 0. 0. -1. 0.
-0.945 0.327 0. -184.133 0.327 0.945 0. 255.602 0. 0. -1. 0.
-0.950 0.312 0. -186.233 0.312 0.950 0. 256.371 0. 0. -1. 0.
-0.952 0.305 0. -188.340 0.305 0.952 0. 257.062 0. 0. -1. 0.
-0.955 0.296 0. -190.206 0.296 0.955 0. 257.786 0. 0. -1. 0.
-0.959 0.284 0. -192.356 0.284 0.959 0. 258.354 0. 0. -1. 0.
-0.961 0.278 0. -194.576 0.278 0.961 0. 259.048 0. 0. -1. 0.
-0.958 0.287 0. -196.742 0.287 0.958 0. 259.719 0. 0. -1. 0.
-0.954 0.299 0. -198.726 0.299 0.954 0. 260.444 0. 0. -1. 0.
-0.952 0.307 0. -200.985 0.307 0.952 0. 261.119 0. 0. -1. 0.
-0.949 0.314 0. -203.129 0.314 0.949 0. 261.908 0. 0. -1. 0.
-0.948 0.319 0. -205.278 0.319 0.948 0. 262.695 0. 0. -1. 0.
-0.947 0.320 0. -207.567 0.320 0.947 0. 263.443 0. 0. -1. 0.
-0.945 0.326 0. -209.739 0.326 0.945 0. 264.274 0. 0. -1. 0.
-0.944 0.331 0. -211.898 0.331 0.944 0. 264.986 0. 0. -1. 0.
-0.942 0.335 0. -214.008 0.335 0.942 0. 265.798 0. 0. -1. 0.
-0.939 0.343 0. -216.129 0.343 0.939 0. 266.581 0. 0. -1. 0.
-0.935 0.355 0. -218.160 0.355 0.935 0. 267.391 0. 0. -1. 0.
-0.931 0.366 0. -220.091 0.366 0.931 0. 268.269 0. 0. -1. 0.
-0.927 0.375 0. -221.971 0.375 0.927 0. 268.977 0. 0. -1. 0.
-0.922 0.388 0. -223.897 0.388 0.922 0. 269.810 0. 0. -1. 0.
-0.915 0.404 0. -225.676 0.404 0.915 0. 270.749 0. 0. -1. 0.
-0.906 0.424 0. -227.326 0.424 0.906 0. 271.545 0. 0. -1. 0.
-0.900 0.437 0. -228.906 0.437 0.900 0. 272.269 0. 0. -1. 0.
-0.889 0.458 0. -230.455 0.458 0.889 0. 273.171 0. 0. -1. 0.
-0.886 0.464 0. -231.923 0.464 0.886 0. 273.887 0. 0. -1. 0.
-0.878 0.478 0. -233.379 0.478 0.878 0. 274.703 0. 0. -1. 0.
-0.880 0.475 0. -234.662 0.475 0.880 0. 275.391 0. 0. -1. 0.
-0.873 0.487 0. -235.930 0.487 0.873 0. 276.158 0. 0. -1. 0.
-0.873 0.488 0. -237.045 0.488 0.873 0. 276.940 0. 0. -1. 0.
-0.869 0.494 0. -238.149 0.494 0.869 0. 277.599 0. 0. -1. 0.
-0.865 0.502 0. -239.037 0.502 0.865 0. 278.131 0. 0. -1. 0.
-0.859 0.511 0. -240.019 0.511 0.859 0. 278.638 0. 0. -1. 0.
-0.857 0.516 0. -240.916 0.516 0.857 0. 279.129 0. 0. -1. 0.
-0.857 0.516 0. -241.495 0.516 0.857 0. 279.559 0. 0. -1. 0.
-0.855 0.518 0. -242.227 0.518 0.855 0. 280.059 0. 0. -1. 0.
-0.854 0.520 0. -242.633 0.520 0.854 0. 280.286 0. 0. -1. 0.
-0.853 0.521 0. -243.163 0.521 0.853 0. 280.620 0. 0. -1. 0.
-0.851 0.526 0. -243.453 0.526 0.851 0. 280.759 0. 0. -1. 0.
-0.849 0.528 0. -243.873 0.528 0.849 0. 281.059 0. 0. -1. 0.
-0.848 0.529 0. -244.107 0.529 0.848 0. 281.337 0. 0. -1. 0.
-0.848 0.530 0. -244.267 0.530 0.848 0. 281.420 0. 0. -1. 0.
-0.846 0.533 0. -244.431 0.533 0.846 0. 281.611 0. 0. -1. 0.
-0.842 0.539 0. -244.469 0.539 0.842 0. 281.477 0. 0. -1. 0.
-0.840 0.542 0. -244.497 0.542 0.840 0. 281.531 0. 0. -1. 0.
-0.839 0.543 0. -244.511 0.543 0.839 0. 281.552 0. 0. -1. 0.
-0.840 0.543 0. -244.518 0.543 0.840 0. 281.559 0. 0. -1. 0.
-0.840 0.542 0. -244.513 0.542 0.840 0. 281.552 0. 0. -1. 0.
-0.844 0.536 0. -244.453 0.536 0.844 0. 281.559 0. 0. -1. 0.
-0.845 0.535 0. -244.576 0.535 0.845 0. 281.678 0. 0. -1. 0.
-0.842 0.539 0. -244.484 0.539 0.842 0. 281.507 0. 0. -1. 0.
-0.843 0.538 0. -244.499 0.538 0.843 0. 281.514 0. 0. -1. 0.
-0.845 0.535 0. -244.550 0.535 0.845 0. 281.584 0. 0. -1. 0.
-0.846 0.533 0. -244.562 0.533 0.846 0. 281.636 0. 0. -1. 0.
-0.844 0.536 0. -244.622 0.536 0.844 0. 281.674 0. 0. -1. 0.
-0.838 0.546 0. -244.635 0.546 0.838 0. 281.626 0. 0. -1. 0.
-0.838 0.546 0. -244.652 0.546 0.838 0. 281.667 0. 0. -1. 0.
-0.839 0.544 0. -244.782 0.544 0.839 0. 281.705 0. 0. -1. 0.
-0.839 0.544 0. -244.826 0.544 0.839 0. 281.694 0. 0. -1. 0.
-0.839 0.545 0. -244.972 0.545 0.839 0. 281.866 0. 0. -1. 0.
-0.840 0.542 0. -244.966 0.542 0.840 0. 282.002 0. 0. -1. 0.
-0.837 0.547 0. -245.216 0.547 0.837 0. 281.988 0. 0. -1. 0.
-0.838 0.546 0. -245.187 0.546 0.838 0. 282.017 0. 0. -1. 0.
-0.838 0.546 0. -245.452 0.546 0.838 0. 282.177 0. 0. -1. 0.
-0.835 0.550 0. -245.629 0.550 0.835 0. 282.370 0. 0. -1. 0.
-0.829 0.560 0. -245.780 0.560 0.829 0. 282.417 0. 0. -1. 0.
-0.826 0.563 0. -246.053 0.563 0.826 0. 282.584 0. 0. -1. 0.
-0.827 0.562 0. -246.392 0.562 0.827 0. 282.678 0. 0. -1. 0.
-0.823 0.568 0. -246.974 0.568 0.823 0. 283.121 0. 0. -1. 0.
-0.812 0.584 0. -247.347 0.584 0.812 0. 283.549 0. 0. -1. 0.
-0.797 0.604 0. -247.931 0.604 0.797 0. 283.930 0. 0. -1. 0.
-0.776 0.631 0. -248.502 0.631 0.776 0. 284.368 0. 0. -1. 0.
-0.749 0.662 0. -249.023 0.662 0.749 0. 284.940 0. 0. -1. 0.
-0.711 0.703 0. -249.805 0.703 0.711 0. 285.619 0. 0. -1. 0.
-0.640 0.769 0. -250.361 0.769 0.640 0. 286.567 0. 0. -1. 0.
-0.539 0.842 0. -250.884 0.842 0.539 0. 287.172 0. 0. -1. 0.
-0.442 0.897 0. -251.008 0.897 0.442 0. 288.047 0. 0. -1. 0.
-0.322 0.947 0. -251.447 0.947 0.322 0. 289.194 0. 0. -1. 0.
-0.203 0.979 0. -251.527 0.979 0.203 0. 290.264 0. 0. -1. 0.
-0.090 0.996 0. -251.603 0.996 0.090 0. 291.394 0. 0. -1. 0.
0.003 1. 0. -251.578 1. -0.003 -0. 292.663 0. 0. -1. 0.
0.064 0.998 0. -251.215 0.998 -0.064 -0. 294.077 0. 0. -1. 0.
0.106 0.994 0. -251.252 0.994 -0.106 -0. 295.790 0. 0. -1. 0.
0.147 0.989 0. -251.023 0.989 -0.147 -0. 297.411 0. 0. -1. 0.
0.188 0.982 0. -250.714 0.982 -0.188 -0. 299.147 0. 0. -1. 0.
0.220 0.976 0. -250.171 0.976 -0.220 -0. 300.959 0. 0. -1. 0.
0.246 0.969 0. -249.654 0.969 -0.246 -0. 303.035 0. 0. -1. 0.
0.255 0.967 0. -249.069 0.967 -0.255 -0. 305.085 0. 0. -1. 0.
0.261 0.965 0. -248.355 0.965 -0.261 -0. 307.345 0. 0. -1. 0.
0.276 0.961 0. -247.710 0.961 -0.276 -0. 309.680 0. 0. -1. 0.
0.285 0.958 0. -246.888 0.958 -0.285 -0. 311.941 0. 0. -1. 0.
0.284 0.959 0. -246.126 0.959 -0.284 -0. 314.441 0. 0. -1. 0.
0.284 0.959 0. -245.305 0.959 -0.284 -0. 316.976 0. 0. -1. 0.
0.293 0.956 0. -244.513 0.956 -0.293 -0. 319.514 0. 0. -1. 0.
0.291 0.957 0. -243.728 0.957 -0.291 -0. 322.094 0. 0. -1. 0.
0.292 0.956 0. -242.840 0.956 -0.292 -0. 324.775 0. 0. -1. 0.
0.293 0.956 0. -241.879 0.956 -0.293 -0. 327.551 0. 0. -1. 0.
0.296 0.955 0. -240.980 0.955 -0.296 -0. 330.361 0. 0. -1. 0.
0.300 0.954 0. -240.073 0.954 -0.300 -0. 333.226 0. 0. -1. 0.
0.305 0.952 0. -239.105 0.952 -0.305 -0. 336.079 0. 0. -1. 0.
0.309 0.951 0. -238.098 0.951 -0.309 -0. 338.909 0. 0. -1. 0.
0.302 0.953 0. -237.037 0.953 -0.302 -0. 341.868 0. 0. -1. 0.
0.305 0.952 0. -236.116 0.952 -0.305 -0. 344.817 0. 0. -1. 0.
0.305 0.952 0. -235.068 0.952 -0.305 -0. 347.806 0. 0. -1. 0.
0.308 0.951 0. -234.005 0.951 -0.308 -0. 350.823 0. 0. -1. 0.
0.311 0.950 0. -232.935 0.950 -0.311 -0. 353.910 0. 0. -1. 0.
0.312 0.950 0. -231.801 0.950 -0.312 -0. 356.961 0. 0. -1. 0.
0.310 0.951 0. -230.738 0.951 -0.310 -0. 360.111 0. 0. -1. 0.
0.316 0.949 0. -229.735 0.949 -0.316 -0. 363.152 0. 0. -1. 0.
0.314 0.949 0. -228.664 0.949 -0.314 -0. 366.283 0. 0. -1. 0.
0.316 0.949 0. -227.639 0.949 -0.316 -0. 369.326 0. 0. -1. 0.
0.318 0.948 0. -226.504 0.948 -0.318 -0. 372.399 0. 0. -1. 0.
0.314 0.949 0. -225.365 0.949 -0.314 -0. 375.581 0. 0. -1. 0.
0.314 0.949 0. -224.264 0.949 -0.314 -0. 378.610 0. 0. -1. 0.
0.312 0.950 0. -223.228 0.950 -0.312 -0. 381.719 0. 0. -1. 0.
0.304 0.953 0. -222.035 0.953 -0.304 -0. 384.895 0. 0. -1. 0.
0.303 0.953 0. -221.140 0.953 -0.303 -0. 387.971 0. 0. -1. 0.
0.311 0.950 0. -219.987 0.950 -0.311 -0. 391.158 0. 0. -1. 0.
0.305 0.952 0. -218.930 0.952 -0.305 -0. 394.129 0. 0. -1. 0.
0.312 0.950 0. -217.850 0.950 -0.312 -0. 397.327 0. 0. -1. 0.
0.313 0.950 0. -216.767 0.950 -0.313 -0. 400.350 0. 0. -1. 0.
0.318 0.948 0. -215.690 0.948 -0.318 -0. 403.463 0. 0. -1. 0.
0.312 0.950 0. -214.483 0.950 -0.312 -0. 406.472 0. 0. -1. 0.
0.316 0.949 0. -213.519 0.949 -0.316 -0. 409.565 0. 0. -1. 0.
0.314 0.950 0. -212.433 0.950 -0.314 -0. 412.611 0. 0. -1. 0.
0.321 0.947 0. -211.396 0.947 -0.321 -0. 415.684 0. 0. -1. 0.
0.317 0.949 0. -210.293 0.949 -0.317 -0. 418.692 0. 0. -1. 0.
0.310 0.951 0. -209.159 0.951 -0.310 -0. 421.749 0. 0. -1. 0.
0.306 0.952 0. -208.178 0.952 -0.306 -0. 424.829 0. 0. -1. 0.
0.301 0.954 0. -207.174 0.954 -0.301 -0. 427.822 0. 0. -1. 0.
0.301 0.954 0. -206.117 0.954 -0.301 -0. 430.988 0. 0. -1. 0.
0.296 0.955 0. -205.066 0.955 -0.296 -0. 433.896 0. 0. -1. 0.
0.301 0.954 0. -204.104 0.954 -0.301 -0. 437.003 0. 0. -1. 0.
0.304 0.953 0. -203.120 0.953 -0.304 -0. 439.948 0. 0. -1. 0.
0.305 0.952 0. -202.121 0.952 -0.305 -0. 443.055 0. 0. -1. 0.
0.304 0.953 0. -201.092 0.953 -0.304 -0. 446.031 0. 0. -1. 0.
0.308 0.951 0. -199.975 0.951 -0.308 -0. 449.126 0. 0. -1. 0.
0.315 0.949 0. -198.981 0.949 -0.315 -0. 451.994 0. 0. -1. 0.
0.311 0.951 0. -197.952 0.951 -0.311 -0. 454.898 0. 0. -1. 0.
0.310 0.951 0. -196.968 0.951 -0.310 -0. 457.937 0. 0. -1. 0.
0.309 0.951 0. -195.815 0.951 -0.309 -0. 460.820 0. 0. -1. 0.
0.315 0.949 0. -194.896 0.949 -0.315 -0. 463.746 0. 0. -1. 0.
0.308 0.951 0. -193.856 0.951 -0.308 -0. 466.607 0. 0. -1. 0.
0.309 0.951 0. -192.906 0.951 -0.309 -0. 469.575 0. 0. -1. 0.
0.308 0.951 0. -191.781 0.951 -0.308 -0. 472.244 0. 0. -1. 0.
0.306 0.952 0. -190.830 0.952 -0.306 -0. 475.186 0. 0. -1. 0.
0.313 0.950 0. -189.927 0.950 -0.313 -0. 477.999 0. 0. -1. 0.
0.313 0.950 0. -188.959 0.950 -0.313 -0. 480.810 0. 0. -1. 0.
0.315 0.949 0. -188.070 0.949 -0.315 -0. 483.585 0. 0. -1. 0.
0.316 0.949 0. -187.091 0.949 -0.316 -0. 486.319 0. 0. -1. 0.
0.315 0.949 0. -186.151 0.949 -0.315 -0. 489.020 0. 0. -1. 0.
0.313 0.950 0. -185.189 0.950 -0.313 -0. 491.786 0. 0. -1. 0.
0.312 0.950 0. -184.274 0.950 -0.312 -0. 494.461 0. 0. -1. 0.
0.309 0.951 0. -183.350 0.951 -0.309 -0. 497.114 0. 0. -1. 0.
0.308 0.951 0. -182.417 0.951 -0.308 -0. 499.791 0. 0. -1. 0.
0.316 0.949 0. -181.550 0.949 -0.316 -0. 502.388 0. 0. -1. 0.
0.311 0.951 0. -180.655 0.951 -0.311 -0. 504.994 0. 0. -1. 0.
0.308 0.952 0. -179.679 0.952 -0.308 -0. 507.651 0. 0. -1. 0.
0.310 0.951 0. -178.817 0.951 -0.310 -0. 510.134 0. 0. -1. 0.
0.310 0.951 0. -178.024 0.951 -0.310 -0. 512.682 0. 0. -1. 0.
0.299 0.954 0. -177.227 0.954 -0.299 -0. 515.187 0. 0. -1. 0.
0.304 0.953 0. -176.373 0.953 -0.304 -0. 517.600 0. 0. -1. 0.
0.304 0.953 0. -175.588 0.953 -0.304 -0. 519.905 0. 0. -1. 0.
0.297 0.955 0. -174.671 0.955 -0.297 -0. 522.050 0. 0. -1. 0.
0.292 0.957 0. -174.083 0.957 -0.292 -0. 524.289 0. 0. -1. 0.
0.287 0.958 0. -173.490 0.958 -0.287 -0. 526.266 0. 0. -1. 0.
0.289 0.957 0. -172.915 0.957 -0.289 -0. 528.206 0. 0. -1. 0.
0.288 0.957 0. -172.326 0.957 -0.288 -0. 529.889 0. 0. -1. 0.
0.289 0.957 0. -171.836 0.957 -0.289 -0. 531.552 0. 0. -1. 0.
0.293 0.956 0. -171.347 0.956 -0.293 -0. 532.964 0. 0. -1. 0.
0.295 0.955 0. -170.947 0.955 -0.295 -0. 534.348 0. 0. -1. 0.
0.295 0.956 0. -170.531 0.956 -0.295 -0. 535.530 0. 0. -1. 0.
0.294 0.956 0. -170.119 0.956 -0.294 -0. 536.711 0. 0. -1. 0.
0.301 0.954 0. -169.842 0.954 -0.301 -0. 537.680 0. 0. -1. 0.
0.305 0.952 0. -169.536 0.952 -0.305 -0. 538.432 0. 0. -1. 0.
0.306 0.952 0. -169.336 0.952 -0.306 -0. 539.159 0. 0. -1. 0.
0.301 0.954 0. -169.128 0.954 -0.301 -0. 539.715 0. 0. -1. 0.
0.296 0.955 0. -168.963 0.955 -0.296 -0. 540.226 0. 0. -1. 0.
0.296 0.955 0. -168.814 0.955 -0.296 -0. 540.673 0. 0. -1. 0.
0.296 0.955 0. -168.726 0.955 -0.296 -0. 540.936 0. 0. -1. 0.
0.295 0.956 0. -168.672 0.956 -0.295 -0. 541.213 0. 0. -1. 0.
0.297 0.955 0. -168.564 0.955 -0.297 -0. 541.473 0. 0. -1. 0.
0.295 0.955 0. -168.370 0.955 -0.295 -0. 541.593 0. 0. -1. 0.
0.295 0.956 0. -168.231 0.956 -0.295 -0. 541.715 0. 0. -1. 0.
0.302 0.953 0. -168.324 0.953 -0.302 -0. 542.039 0. 0. -1. 0.
0.300 0.954 0. -168.270 0.954 -0.300 -0. 542.295 0. 0. -1. 0.
0.299 0.954 0. -168.168 0.954 -0.299 -0. 542.589 0. 0. -1. 0.
0.298 0.955 0. -168.021 0.955 -0.298 -0. 542.814 0. 0. -1. 0.
0.300 0.954 0. -167.822 0.954 -0.300 -0. 543.017 0. 0. -1. 0.
0.300 0.954 0. -167.795 0.954 -0.300 -0. 543.207 0. 0. -1. 0.
0.300 0.954 0. -167.851 0.954 -0.300 -0. 543.494 0. 0. -1. 0.
0.302 0.953 0. -167.828 0.953 -0.302 -0. 543.618 0. 0. -1. 0.
0.302 0.953 0. -167.723 0.953 -0.302 -0. 543.637 0. 0. -1. 0.
0.307 0.952 0. -167.751 0.952 -0.307 -0. 543.697 0. 0. -1. 0.
0.308 0.951 0. -167.810 0.951 -0.308 -0. 543.673 0. 0. -1. 0.
0.309 0.951 0. -167.809 0.951 -0.309 -0. 543.696 0. 0. -1. 0.
0.301 0.953 0. -167.759 0.953 -0.301 -0. 543.641 0. 0. -1. 0.
0.300 0.954 0. -167.799 0.954 -0.300 -0. 543.704 0. 0. -1. 0.
