1630597331060159 1.00000 0.00000 0.00000 -0.00000 0.00000 -1.00000 0.00000 0.00000 0.00000 -0.00000 -1.00000 0.00000
1630597331310779 0.99999 -0.00329 0.00000 -0.03318 -0.00329 -0.99999 0.00000 0.01281 -0.00000 -0.00000 -1.00000 0.00000
1630597331560759 0.99999 -0.00451 0.00000 -0.02250 -0.00451 -0.99999 0.00000 -0.04586 -0.00000 -0.00000 -1.00000 -0.00000
1630597331811377 1.00000 -0.00140 0.00000 -0.01388 -0.00140 -1.00000 0.00000 0.00423 -0.00000 -0.00000 -1.00000 0.00000
1630597332061990 1.00000 -0.00162 0.00000 -0.02029 -0.00162 -1.00000 0.00000 -0.00939 -0.00000 -0.00000 -1.00000 -0.00000
1630597332311983 1.00000 0.00218 0.00000 -0.00086 0.00218 -1.00000 0.00000 -0.05520 0.00000 -0.00000 -1.00000 -0.00000
1630597332561965 1.00000 0.00228 0.00000 -0.02561 0.00228 -1.00000 0.00000 -0.05377 0.00000 -0.00000 -1.00000 -0.00000
1630597332811958 0.99999 -0.00472 0.00000 -0.00953 -0.00472 -0.99999 0.00000 -0.02078 -0.00000 -0.00000 -1.00000 -0.00000
1630597333060688 1.00000 0.00232 0.00000 -0.01135 0.00232 -1.00000 0.00000 -0.06124 0.00000 -0.00000 -1.00000 -0.00000
1630597333310682 1.00000 -0.00314 -0.00000 -0.00834 -0.00314 -1.00000 0.00000 0.00890 -0.00000 -0.00000 -1.00000 0.00000
1630597333560044 1.00000 -0.00030 0.00000 -0.01076 -0.00030 -1.00000 0.00000 -0.03286 -0.00000 -0.00000 -1.00000 -0.00000
1630597333809407 0.99999 0.00327 -0.00000 -0.01880 0.00327 -0.99999 0.00000 -0.04032 0.00000 -0.00000 -1.00000 -0.00000
1630597334060017 1.00000 -0.00181 0.00000 -0.01655 -0.00181 -1.00000 0.00000 0.00677 -0.00000 -0.00000 -1.00000 0.00000
1630597334310677 1.00000 -0.00240 0.00000 -0.00397 -0.00240 -1.00000 0.00000 0.00021 -0.00000 -0.00000 -1.00000 0.00000
1630597334560616 1.00000 -0.00208 -0.00000 -0.01882 -0.00208 -1.00000 0.00000 -0.05999 -0.00000 -0.00000 -1.00000 -0.00000
1630597334811232 1.00000 0.00256 -0.00000 -0.00182 0.00256 -1.00000 0.00000 -0.02705 0.00000 -0.00000 -1.00000 -0.00000
1630597335061214 0.99999 0.00336 0.00000 -0.02875 0.00336 -0.99999 0.00000 -0.06445 0.00000 -0.00000 -1.00000 -0.00000
1630597335311212 1.00000 0.00005 -0.00000 -0.02669 0.00005 -1.00000 0.00000 -0.04849 0.00000 -0.00000 -1.00000 -0.00000
1630597335561193 0.99998 -0.00659 0.00000 -0.04646 -0.00659 -0.99998 0.00000 -0.00004 -0.00000 -0.00000 -1.00000 -0.00000
1630597335810560 0.99999 -0.00389 0.00000 -0.05189 -0.00389 -0.99999 0.00000 -0.07510 -0.00000 -0.00000 -1.00000 -0.00000
1630597336059931 0.99999 -0.00393 0.00000 -0.14199 -0.00393 -0.99999 0.00000 -0.01917 -0.00000 -0.00000 -1.00000 -0.00000
1630597336309290 0.99984 -0.01779 0.00000 -0.15784 -0.01779 -0.99984 0.00000 -0.10665 -0.00000 -0.00000 -1.00000 -0.00000
1630597336559901 0.99961 -0.02793 -0.00000 -0.30110 -0.02793 -0.99961 0.00000 -0.08581 -0.00000 -0.00000 -1.00000 -0.00000
1630597336809891 0.99925 -0.03878 0.00000 -0.51610 -0.03878 -0.99925 0.00000 -0.11756 -0.00000 -0.00000 -1.00000 -0.00000
1630597337060502 0.99760 -0.06928 0.00000 -0.74271 -0.06928 -0.99760 0.00000 -0.12466 -0.00000 -0.00000 -1.00000 -0.00000
1630597337311760 0.99387 -0.11056 0.00000 -1.00590 -0.11056 -0.99387 0.00000 -0.04604 -0.00000 -0.00000 -1.00000 -0.00000
1630597337561754 0.98989 -0.14185 0.00000 -1.31326 -0.14185 -0.98989 0.00000 -0.10663 -0.00000 -0.00000 -1.00000 -0.00000
1630597337811741 0.98450 -0.17540 0.00000 -1.74424 -0.17540 -0.98450 0.00000 0.00246 -0.00000 -0.00000 -1.00000 0.00000
1630597338061110 0.97726 -0.21204 0.00000 -2.21033 -0.21204 -0.97726 0.00000 0.06746 -0.00000 -0.00000 -1.00000 0.00000
1630597338309847 0.97335 -0.22932 0.00000 -2.71853 -0.22932 -0.97335 0.00000 0.00450 -0.00000 -0.00000 -1.00000 0.00000
1630597338559211 0.96950 -0.24509 0.00000 -3.23757 -0.24509 -0.96950 0.00000 0.04520 -0.00000 -0.00000 -1.00000 0.00000
1630597338809175 0.96799 -0.25099 0.00000 -3.77268 -0.25099 -0.96799 0.00000 0.11601 -0.00000 -0.00000 -1.00000 0.00000
1630597339058531 0.96873 -0.24813 0.00000 -4.41630 -0.24813 -0.96873 0.00000 0.06385 -0.00000 -0.00000 -1.00000 0.00000
1630597339309150 0.96709 -0.25442 0.00000 -5.11447 -0.25442 -0.96709 0.00000 0.12286 -0.00000 -0.00000 -1.00000 0.00000
1630597339559766 0.96816 -0.25035 0.00000 -5.80998 -0.25035 -0.96816 0.00000 0.09166 -0.00000 -0.00000 -1.00000 0.00000
1630597339810383 0.96826 -0.24995 -0.00000 -6.54595 -0.24995 -0.96826 0.00000 0.07270 -0.00000 -0.00000 -1.00000 0.00000
1630597340060370 0.97240 -0.23333 0.00000 -7.33243 -0.23333 -0.97240 0.00000 -0.14379 -0.00000 -0.00000 -1.00000 -0.00000
1630597340310995 0.97404 -0.22636 -0.00000 -8.15708 -0.22636 -0.97404 0.00000 -0.16109 -0.00000 -0.00000 -1.00000 -0.00000
1630597340561597 0.97460 -0.22397 0.00000 -9.03837 -0.22397 -0.97460 0.00000 -0.16976 -0.00000 -0.00000 -1.00000 -0.00000
1630597340811583 0.97731 -0.21181 0.00000 -9.86664 -0.21181 -0.97731 0.00000 -0.38394 -0.00000 -0.00000 -1.00000 -0.00000
1630597341061570 0.97819 -0.20772 -0.00000 -10.73626 -0.20772 -0.97819 0.00000 -0.35494 -0.00000 -0.00000 -1.00000 -0.00000
1630597341310937 0.97913 -0.20326 0.00000 -11.64522 -0.20326 -0.97913 0.00000 -0.34284 -0.00000 -0.00000 -1.00000 -0.00000
1630597341560298 0.98015 -0.19825 0.00000 -12.54925 -0.19825 -0.98015 0.00000 -0.48852 -0.00000 -0.00000 -1.00000 -0.00000
1630597341809669 0.98016 -0.19821 0.00000 -13.47028 -0.19821 -0.98016 0.00000 -0.41836 -0.00000 -0.00000 -1.00000 -0.00000
1630597342059027 0.98062 -0.19590 0.00000 -14.48255 -0.19590 -0.98062 0.00000 -0.55210 -0.00000 -0.00000 -1.00000 -0.00000
1630597342309029 0.98280 -0.18469 0.00000 -15.40812 -0.18469 -0.98280 0.00000 -0.67374 -0.00000 -0.00000 -1.00000 -0.00000
1630597342559015 0.98514 -0.17177 0.00000 -16.42581 -0.17177 -0.98514 0.00000 -1.04238 -0.00000 -0.00000 -1.00000 -0.00000
1630597342810251 0.98694 -0.16111 0.00000 -17.47755 -0.16111 -0.98694 0.00000 -1.05359 -0.00000 -0.00000 -1.00000 -0.00000
1630597343060862 0.98815 -0.15346 0.00000 -18.47670 -0.15346 -0.98815 0.00000 -1.27145 -0.00000 -0.00000 -1.00000 -0.00000
1630597343310853 0.98975 -0.14280 0.00000 -19.45089 -0.14280 -0.98975 0.00000 -1.59073 -0.00000 -0.00000 -1.00000 -0.00000
1630597343561465 0.99203 -0.12603 0.00000 -20.38631 -0.12603 -0.99203 0.00000 -1.94010 -0.00000 -0.00000 -1.00000 -0.00000
1630597343811456 0.99177 -0.12804 0.00000 -21.43226 -0.12804 -0.99177 0.00000 -1.78714 -0.00000 -0.00000 -1.00000 -0.00000
1630597344060817 0.99276 -0.12011 0.00000 -22.26610 -0.12011 -0.99276 0.00000 -2.12683 -0.00000 -0.00000 -1.00000 -0.00000
1630597344310189 0.99436 -0.10603 -0.00000 -23.19943 -0.10603 -0.99436 0.00000 -2.41284 -0.00000 -0.00000 -1.00000 -0.00000
1630597344559552 0.99523 -0.09758 -0.00000 -24.11365 -0.09758 -0.99523 0.00000 -2.60579 -0.00000 -0.00000 -1.00000 -0.00000
1630597344809540 0.99502 -0.09968 0.00000 -25.04446 -0.09968 -0.99502 0.00000 -2.52208 -0.00000 -0.00000 -1.00000 -0.00000
1630597345059530 0.99584 -0.09111 0.00000 -26.03930 -0.09111 -0.99584 0.00000 -2.71305 -0.00000 -0.00000 -1.00000 -0.00000
1630597345309519 0.99659 -0.08251 -0.00000 -27.04382 -0.08251 -0.99659 0.00000 -3.00755 -0.00000 -0.00000 -1.00000 -0.00000
1630597345560133 0.99659 -0.08249 0.00000 -27.99707 -0.08249 -0.99659 0.00000 -2.98997 -0.00000 -0.00000 -1.00000 -0.00000
1630597345810746 0.99647 -0.08393 0.00000 -29.04022 -0.08393 -0.99647 0.00000 -2.82388 -0.00000 -0.00000 -1.00000 -0.00000
1630597346061361 0.99631 -0.08584 -0.00000 -30.06177 -0.08584 -0.99631 0.00000 -2.88299 -0.00000 -0.00000 -1.00000 -0.00000
1630597346311356 0.99654 -0.08306 0.00000 -31.03577 -0.08306 -0.99654 0.00000 -3.05929 -0.00000 -0.00000 -1.00000 -0.00000
1630597346561342 0.99634 -0.08547 0.00000 -32.04877 -0.08547 -0.99634 0.00000 -2.94502 -0.00000 -0.00000 -1.00000 -0.00000
1630597346811331 0.99629 -0.08607 0.00000 -33.01861 -0.08607 -0.99629 0.00000 -3.02188 -0.00000 -0.00000 -1.00000 -0.00000
1630597347060700 0.99625 -0.08653 0.00000 -33.88364 -0.08653 -0.99625 0.00000 -2.99589 -0.00000 -0.00000 -1.00000 -0.00000
1630597347310065 0.99624 -0.08661 0.00000 -34.82244 -0.08661 -0.99624 0.00000 -2.96927 -0.00000 -0.00000 -1.00000 -0.00000
1630597347559432 0.99652 -0.08333 0.00000 -35.79100 -0.08333 -0.99652 0.00000 -3.11823 -0.00000 -0.00000 -1.00000 -0.00000
1630597347808792 0.99620 -0.08712 0.00000 -36.72857 -0.08712 -0.99620 0.00000 -3.06354 -0.00000 -0.00000 -1.00000 -0.00000
1630597348058156 0.99619 -0.08718 0.00000 -37.48771 -0.08718 -0.99619 0.00000 -2.98603 -0.00000 -0.00000 -1.00000 -0.00000
1630597348308783 0.99638 -0.08504 0.00000 -38.31041 -0.08504 -0.99638 0.00000 -3.16712 -0.00000 -0.00000 -1.00000 -0.00000
1630597348559391 0.99618 -0.08729 -0.00000 -39.26298 -0.08729 -0.99618 0.00000 -3.11188 -0.00000 -0.00000 -1.00000 -0.00000
1630597348809999 0.99580 -0.09153 0.00000 -40.12346 -0.09153 -0.99580 0.00000 -2.88755 -0.00000 -0.00000 -1.00000 -0.00000
1630597349060617 0.99557 -0.09402 -0.00000 -41.10445 -0.09402 -0.99557 0.00000 -2.76745 -0.00000 -0.00000 -1.00000 -0.00000
1630597349310619 0.99576 -0.09195 0.00000 -41.98744 -0.09195 -0.99576 0.00000 -3.04196 -0.00000 -0.00000 -1.00000 -0.00000
1630597349561223 0.99476 -0.10223 0.00000 -42.86549 -0.10223 -0.99476 0.00000 -2.50827 -0.00000 -0.00000 -1.00000 -0.00000
1630597349810586 0.99513 -0.09862 0.00000 -43.70546 -0.09862 -0.99513 0.00000 -2.66645 -0.00000 -0.00000 -1.00000 -0.00000
1630597350059951 0.99545 -0.09529 0.00000 -44.60567 -0.09529 -0.99545 0.00000 -2.93463 -0.00000 -0.00000 -1.00000 -0.00000
1630597350309947 0.99505 -0.09941 0.00000 -45.60996 -0.09941 -0.99505 0.00000 -2.66783 -0.00000 -0.00000 -1.00000 -0.00000
1630597350559303 0.99472 -0.10266 0.00000 -46.53639 -0.10266 -0.99472 0.00000 -2.53296 -0.00000 -0.00000 -1.00000 -0.00000
1630597350808671 0.99488 -0.10105 0.00000 -47.46685 -0.10105 -0.99488 0.00000 -2.73693 -0.00000 -0.00000 -1.00000 -0.00000
1630597351059288 0.99411 -0.10834 0.00000 -48.45171 -0.10834 -0.99411 0.00000 -2.25009 -0.00000 -0.00000 -1.00000 -0.00000
1630597351309905 0.99386 -0.11060 0.00000 -49.42934 -0.11060 -0.99386 0.00000 -2.16996 -0.00000 -0.00000 -1.00000 -0.00000
1630597351559890 0.99309 -0.11732 -0.00000 -50.39972 -0.11732 -0.99309 0.00000 -1.91946 -0.00000 -0.00000 -1.00000 -0.00000
1630597351811131 0.99204 -0.12593 -0.00000 -51.37629 -0.12593 -0.99204 0.00000 -1.43730 -0.00000 -0.00000 -1.00000 -0.00000
1630597352061119 0.99186 -0.12733 -0.00000 -52.27692 -0.12733 -0.99186 0.00000 -1.49651 -0.00000 -0.00000 -1.00000 -0.00000
1630597352310487 0.99123 -0.13214 -0.00000 -53.20362 -0.13214 -0.99123 0.00000 -1.27895 -0.00000 -0.00000 -1.00000 -0.00000
1630597352559854 0.99103 -0.13364 0.00000 -54.04333 -0.13364 -0.99103 0.00000 -1.18793 -0.00000 -0.00000 -1.00000 -0.00000
1630597352809845 0.99074 -0.13574 -0.00000 -54.82300 -0.13574 -0.99074 0.00000 -1.03957 -0.00000 -0.00000 -1.00000 -0.00000
1630597353059212 0.99258 -0.12161 -0.00000 -55.63016 -0.12161 -0.99258 0.00000 -1.83996 -0.00000 -0.00000 -1.00000 -0.00000
1630597353309202 0.99295 -0.11856 -0.00000 -56.32419 -0.11856 -0.99295 0.00000 -2.05653 -0.00000 -0.00000 -1.00000 -0.00000
1630597353559813 0.99304 -0.11780 0.00000 -57.12369 -0.11780 -0.99304 0.00000 -2.12108 -0.00000 -0.00000 -1.00000 -0.00000
1630597353809807 0.99351 -0.11373 -0.00000 -57.78153 -0.11373 -0.99351 0.00000 -2.40726 -0.00000 -0.00000 -1.00000 -0.00000
1630597354060421 0.99460 -0.10383 0.00000 -58.55509 -0.10383 -0.99460 0.00000 -2.95936 -0.00000 -0.00000 -1.00000 -0.00000
1630597354311033 0.99583 -0.09121 0.00000 -59.22494 -0.09121 -0.99583 0.00000 -3.66930 -0.00000 -0.00000 -1.00000 -0.00000
1630597354561026 0.99713 -0.07574 0.00000 -59.93461 -0.07574 -0.99713 0.00000 -4.69518 -0.00000 -0.00000 -1.00000 -0.00000
1630597354810390 0.99827 -0.05882 0.00000 -60.62410 -0.05882 -0.99827 0.00000 -5.74451 -0.00000 -0.00000 -1.00000 -0.00000
1630597355060381 0.99857 -0.05341 -0.00000 -61.46773 -0.05341 -0.99857 0.00000 -6.03150 -0.00000 -0.00000 -1.00000 -0.00000
1630597355309747 0.99929 -0.03757 0.00000 -62.29456 -0.03757 -0.99929 0.00000 -7.00506 -0.00000 -0.00000 -1.00000 -0.00000
1630597355559113 0.99963 -0.02718 0.00000 -63.23385 -0.02718 -0.99963 0.00000 -7.58194 -0.00000 -0.00000 -1.00000 -0.00000
1630597355809107 0.99989 -0.01498 0.00000 -64.22213 -0.01498 -0.99989 0.00000 -8.39170 -0.00000 -0.00000 -1.00000 -0.00000
1630597356059098 0.99993 -0.01196 0.00000 -65.32112 -0.01196 -0.99993 0.00000 -8.59603 -0.00000 -0.00000 -1.00000 -0.00000
1630597356309111 1.00000 0.00089 0.00000 -66.28116 0.00089 -1.00000 0.00000 -9.42983 0.00000 -0.00000 -1.00000 -0.00000
1630597356559076 0.99985 0.01752 0.00000 -67.25262 0.01752 -0.99985 0.00000 -10.67383 0.00000 -0.00000 -1.00000 -0.00000
1630597356809695 0.99944 0.03338 0.00000 -68.25037 0.03338 -0.99944 0.00000 -11.61170 0.00000 -0.00000 -1.00000 -0.00000
1630597357060316 0.99889 0.04702 -0.00000 -69.29771 0.04702 -0.99889 0.00000 -12.42382 0.00000 -0.00000 -1.00000 -0.00000
1630597357310919 0.99845 0.05564 0.00000 -70.42780 0.05564 -0.99845 0.00000 -13.07446 0.00000 -0.00000 -1.00000 -0.00000
1630597357560914 0.99743 0.07160 0.00000 -71.38718 0.07160 -0.99743 0.00000 -14.20585 0.00000 -0.00000 -1.00000 -0.00000
1630597357810283 0.99631 0.08579 0.00000 -72.39528 0.08579 -0.99631 0.00000 -15.25078 0.00000 -0.00000 -1.00000 -0.00000
1630597358059649 0.99566 0.09307 -0.00000 -73.47242 0.09307 -0.99566 0.00000 -15.82418 0.00000 -0.00000 -1.00000 -0.00000
1630597358309647 0.99631 0.08585 0.00000 -74.85638 0.08585 -0.99631 0.00000 -15.18822 0.00000 -0.00000 -1.00000 -0.00000
1630597358559017 0.99643 0.08438 -0.00000 -76.17684 0.08438 -0.99643 0.00000 -15.01566 0.00000 -0.00000 -1.00000 -0.00000
1630597358808993 0.99710 0.07611 0.00000 -77.66558 0.07611 -0.99710 0.00000 -14.40092 0.00000 -0.00000 -1.00000 -0.00000
1630597359058990 0.99792 0.06448 -0.00000 -79.20170 0.06448 -0.99792 0.00000 -13.64310 0.00000 -0.00000 -1.00000 -0.00000
1630597359308976 0.99915 0.04120 0.00000 -80.88663 0.04120 -0.99915 0.00000 -11.72264 0.00000 -0.00000 -1.00000 -0.00000
1630597359559597 0.99995 0.01005 -0.00000 -82.67348 0.01005 -0.99995 0.00000 -9.29082 0.00000 -0.00000 -1.00000 -0.00000
1630597359810208 0.99972 -0.02349 -0.00000 -84.39775 -0.02349 -0.99972 0.00000 -6.39077 -0.00000 -0.00000 -1.00000 -0.00000
1630597360060822 0.99863 -0.05235 -0.00000 -86.06108 -0.05235 -0.99863 0.00000 -4.05914 -0.00000 -0.00000 -1.00000 -0.00000
1630597360310812 0.99681 -0.07981 0.00000 -87.69740 -0.07981 -0.99681 0.00000 -1.71931 -0.00000 -0.00000 -1.00000 -0.00000
1630597360560178 0.99377 -0.11146 0.00000 -89.29592 -0.11146 -0.99377 0.00000 1.14873 -0.00000 -0.00000 -1.00000 0.00000
1630597360809549 0.98968 -0.14328 0.00000 -90.89456 -0.14328 -0.98968 0.00000 3.87302 -0.00000 -0.00000 -1.00000 0.00000
1630597361060164 0.98409 -0.17767 0.00000 -92.26791 -0.17767 -0.98409 0.00000 7.11105 -0.00000 -0.00000 -1.00000 0.00000
1630597361309530 0.97520 -0.22133 0.00000 -93.53342 -0.22133 -0.97520 0.00000 11.07632 -0.00000 -0.00000 -1.00000 0.00000
1630597361559516 0.96105 -0.27636 -0.00000 -94.48596 -0.27636 -0.96105 0.00000 16.39761 -0.00000 -0.00000 -1.00000 0.00000
1630597361809511 0.94515 -0.32664 0.00000 -95.07720 -0.32664 -0.94515 0.00000 21.29606 -0.00000 -0.00000 -1.00000 0.00000
1630597362060125 0.92739 -0.37409 0.00000 -95.54771 -0.37409 -0.92739 0.00000 26.08653 -0.00000 -0.00000 -1.00000 0.00000
1630597362310745 0.90410 -0.42732 0.00000 -95.61554 -0.42732 -0.90410 0.00000 31.65742 -0.00000 -0.00000 -1.00000 0.00000
1630597362560112 0.88444 -0.46665 0.00000 -95.73575 -0.46665 -0.88444 0.00000 35.71254 -0.00000 -0.00000 -1.00000 0.00000
1630597362810101 0.85568 -0.51751 0.00000 -95.16864 -0.51751 -0.85568 0.00000 41.34029 -0.00000 -0.00000 -1.00000 0.00000
1630597363059468 0.82892 -0.55937 0.00000 -94.65360 -0.55937 -0.82892 0.00000 46.01512 -0.00000 -0.00000 -1.00000 0.00000
1630597363308835 0.79533 -0.60617 0.00000 -93.55723 -0.60617 -0.79533 0.00000 51.36587 -0.00000 -0.00000 -1.00000 0.00000
1630597363558825 0.74900 -0.66257 0.00000 -91.25669 -0.66257 -0.74900 0.00000 58.16478 -0.00000 -0.00000 -1.00000 0.00000
1630597363808191 0.70019 -0.71395 0.00000 -88.54758 -0.71395 -0.70019 0.00000 64.39289 -0.00000 -0.00000 -1.00000 0.00000
1630597364058182 0.64642 -0.76298 -0.00000 -85.34715 -0.76298 -0.64642 0.00000 70.62247 -0.00000 -0.00000 -1.00000 0.00000
1630597364308177 0.59063 -0.80694 0.00000 -81.85072 -0.80694 -0.59063 0.00000 76.52199 -0.00000 -0.00000 -1.00000 0.00000
1630597364558161 0.53062 -0.84761 0.00000 -77.98535 -0.84761 -0.53062 0.00000 82.05735 -0.00000 -0.00000 -1.00000 0.00000
1630597364808779 0.47182 -0.88169 -0.00000 -73.98209 -0.88169 -0.47182 0.00000 87.12876 -0.00000 -0.00000 -1.00000 0.00000
1630597365058772 0.43467 -0.90059 0.00000 -72.19619 -0.90059 -0.43467 0.00000 90.06383 -0.00000 -0.00000 -1.00000 0.00000
1630597365308764 0.40994 -0.91211 0.00000 -71.57768 -0.91211 -0.40994 0.00000 92.07771 -0.00000 -0.00000 -1.00000 0.00000
1630597365559381 0.37904 -0.92538 -0.00000 -70.31647 -0.92538 -0.37904 0.00000 94.58599 -0.00000 -0.00000 -1.00000 0.00000
1630597365809370 0.35563 -0.93463 0.00000 -69.97997 -0.93463 -0.35563 0.00000 96.37970 -0.00000 -0.00000 -1.00000 0.00000
1630597366059986 0.33895 -0.94081 -0.00000 -70.30649 -0.94081 -0.33895 0.00000 97.61898 -0.00000 -0.00000 -1.00000 0.00000
1630597366309983 0.32578 -0.94545 0.00000 -70.98202 -0.94545 -0.32578 0.00000 98.42292 -0.00000 -0.00000 -1.00000 0.00000
1630597366559971 0.31571 -0.94886 0.00000 -72.01601 -0.94886 -0.31571 0.00000 99.16542 -0.00000 -0.00000 -1.00000 0.00000
1630597366809336 0.32060 -0.94721 -0.00000 -74.53174 -0.94721 -0.32060 0.00000 98.61036 -0.00000 -0.00000 -1.00000 0.00000
1630597367058701 0.33430 -0.94247 0.00000 -77.98093 -0.94247 -0.33430 0.00000 97.41854 -0.00000 -0.00000 -1.00000 0.00000
1630597367308697 0.35076 -0.93647 0.00000 -81.78090 -0.93647 -0.35076 0.00000 96.10960 -0.00000 -0.00000 -1.00000 0.00000
1630597367558686 0.36793 -0.92985 0.00000 -85.54071 -0.92985 -0.36793 0.00000 94.56570 -0.00000 -0.00000 -1.00000 0.00000
1630597367809303 0.39031 -0.92068 0.00000 -89.96044 -0.92068 -0.39031 0.00000 92.60684 -0.00000 -0.00000 -1.00000 0.00000
1630597368059293 0.41359 -0.91046 0.00000 -94.26010 -0.91046 -0.41359 0.00000 90.13429 -0.00000 -0.00000 -1.00000 0.00000
1630597368309907 0.43023 -0.90272 0.00000 -97.92782 -0.90272 -0.43023 0.00000 88.37323 -0.00000 -0.00000 -1.00000 0.00000
1630597368559906 0.44917 -0.89345 0.00000 -101.73311 -0.89345 -0.44917 0.00000 86.25466 -0.00000 -0.00000 -1.00000 0.00000
1630597368809890 0.46651 -0.88452 0.00000 -105.37460 -0.88452 -0.46651 0.00000 84.06532 -0.00000 -0.00000 -1.00000 0.00000
1630597369059263 0.48375 -0.87520 0.00000 -109.01982 -0.87520 -0.48375 0.00000 82.11552 -0.00000 -0.00000 -1.00000 0.00000
1630597369308626 0.50605 -0.86251 0.00000 -112.93801 -0.86251 -0.50605 0.00000 79.25686 -0.00000 -0.00000 -1.00000 0.00000
1630597369558623 0.52566 -0.85070 0.00000 -116.70033 -0.85070 -0.52566 0.00000 76.53039 -0.00000 -0.00000 -1.00000 0.00000
1630597369808614 0.54217 -0.84027 0.00000 -120.07538 -0.84027 -0.54217 0.00000 74.27510 -0.00000 -0.00000 -1.00000 0.00000
1630597370059227 0.56116 -0.82771 0.00000 -123.59880 -0.82771 -0.56116 0.00000 71.38892 -0.00000 -0.00000 -1.00000 0.00000
1630597370309845 0.57866 -0.81557 0.00000 -127.06099 -0.81557 -0.57866 0.00000 68.59880 -0.00000 -0.00000 -1.00000 0.00000
1630597370560462 0.59207 -0.80588 0.00000 -130.14729 -0.80588 -0.59207 0.00000 66.56197 -0.00000 -0.00000 -1.00000 0.00000
1630597370810452 0.60922 -0.79300 0.00000 -133.33526 -0.79300 -0.60922 0.00000 63.99073 -0.00000 -0.00000 -1.00000 0.00000
1630597371059819 0.62668 -0.77927 0.00000 -136.65989 -0.77927 -0.62668 0.00000 60.78579 -0.00000 -0.00000 -1.00000 0.00000
1630597371309194 0.64507 -0.76413 0.00000 -139.84743 -0.76413 -0.64507 0.00000 57.49917 -0.00000 -0.00000 -1.00000 0.00000
1630597371558561 0.65745 -0.75350 0.00000 -142.64809 -0.75350 -0.65745 0.00000 55.13382 -0.00000 -0.00000 -1.00000 0.00000
1630597371807929 0.67599 -0.73691 0.00000 -145.76156 -0.73691 -0.67599 0.00000 51.62664 -0.00000 -0.00000 -1.00000 0.00000
1630597372057918 0.68771 -0.72599 0.00000 -148.41359 -0.72599 -0.68771 0.00000 49.31216 -0.00000 -0.00000 -1.00000 0.00000
1630597372307923 0.70964 -0.70456 0.00000 -151.54848 -0.70456 -0.70964 0.00000 44.59863 -0.00000 -0.00000 -1.00000 0.00000
1630597372558525 0.72576 -0.68794 0.00000 -154.19100 -0.68794 -0.72576 0.00000 41.02360 -0.00000 -0.00000 -1.00000 0.00000
1630597372809144 0.74581 -0.66615 0.00000 -156.88972 -0.66615 -0.74581 0.00000 36.45564 -0.00000 -0.00000 -1.00000 0.00000
1630597373059134 0.77671 -0.62985 0.00000 -159.96545 -0.62985 -0.77671 0.00000 29.00014 -0.00000 -0.00000 -1.00000 0.00000
1630597373309758 0.81583 -0.57829 0.00000 -162.93535 -0.57829 -0.81583 0.00000 18.66259 -0.00000 -0.00000 -1.00000 0.00000
1630597373560370 0.85863 -0.51259 0.00000 -165.18594 -0.51259 -0.85863 0.00000 5.66663 -0.00000 -0.00000 -1.00000 0.00000
1630597373810365 0.90434 -0.42681 0.00000 -166.21033 -0.42681 -0.90434 0.00000 -10.43176 -0.00000 -0.00000 -1.00000 -0.00000
1630597374060354 0.94457 -0.32831 0.00000 -165.28472 -0.32831 -0.94457 0.00000 -28.04846 -0.00000 -0.00000 -1.00000 -0.00000
1630597374310355 0.97274 -0.23190 -0.00000 -162.63579 -0.23190 -0.97274 0.00000 -44.42042 -0.00000 -0.00000 -1.00000 -0.00000
1630597374559717 0.99397 -0.10969 0.00000 -156.79628 -0.10969 -0.99397 0.00000 -64.17026 -0.00000 -0.00000 -1.00000 -0.00000
1630597374809086 0.99984 0.01816 0.00000 -148.25343 0.01816 -0.99984 0.00000 -83.57410 0.00000 -0.00000 -1.00000 -0.00000
1630597375058450 0.98806 0.15404 0.00000 -136.22977 0.15404 -0.98806 0.00000 -103.06341 0.00000 -0.00000 -1.00000 -0.00000
1630597375308444 0.95685 0.29059 0.00000 -121.23714 0.29059 -0.95685 0.00000 -121.01982 0.00000 -0.00000 -1.00000 -0.00000
1630597375558434 0.90124 0.43333 0.00000 -102.20108 0.43333 -0.90124 0.00000 -138.06454 0.00000 -0.00000 -1.00000 -0.00000
1630597375808430 0.81877 0.57412 0.00000 -79.07121 0.57412 -0.81877 0.00000 -152.85161 0.00000 -0.00000 -1.00000 -0.00000
1630597376059670 0.71680 0.69728 0.00000 -54.48661 0.69728 -0.71680 0.00000 -163.38331 0.00000 -0.00000 -1.00000 -0.00000
1630597376310287 0.59793 0.80155 0.00000 -28.78997 0.80155 -0.59793 0.00000 -169.84017 0.00000 -0.00000 -1.00000 -0.00000
1630597376560283 0.45822 0.88884 0.00000 -1.19325 0.88884 -0.45822 0.00000 -172.25997 0.00000 -0.00000 -1.00000 -0.00000
1630597376810276 0.31326 0.94967 0.00000 25.10784 0.94967 -0.31326 0.00000 -170.21619 0.00000 -0.00000 -1.00000 -0.00000
1630597377060266 0.15673 0.98764 0.00000 51.36761 0.98764 -0.15673 0.00000 -163.90016 0.00000 -0.00000 -1.00000 -0.00000
1630597377309638 -0.02086 0.99978 0.00000 78.93419 0.99978 0.02086 0.00000 -152.17596 0.00000 0.00000 -1.00000 -0.00000
1630597377559004 -0.19035 0.98172 0.00000 102.86712 0.98172 0.19035 0.00000 -136.51913 0.00000 0.00000 -1.00000 -0.00000
1630597377808365 -0.36295 0.93181 0.00000 124.83737 0.93181 0.36295 0.00000 -115.82282 0.00000 0.00000 -1.00000 -0.00000
1630597378057737 -0.52068 0.85375 0.00000 142.29689 0.85375 0.52068 0.00000 -92.21030 0.00000 0.00000 -1.00000 -0.00000
1630597378308358 -0.64632 0.76307 0.00000 153.71002 0.76307 0.64632 0.00000 -69.07036 0.00000 0.00000 -1.00000 -0.00000
1630597378558973 -0.74837 0.66328 0.00000 160.94343 0.66328 0.74837 0.00000 -46.44527 0.00000 0.00000 -1.00000 -0.00000
1630597378810214 -0.82338 0.56749 0.00000 164.18682 0.56749 0.82338 0.00000 -26.49110 0.00000 0.00000 -1.00000 -0.00000
1630597379060831 -0.87427 0.48545 0.00000 164.94526 0.48545 0.87427 0.00000 -10.64303 0.00000 0.00000 -1.00000 -0.00000
1630597379311451 -0.90707 0.42099 0.00000 163.89317 0.42099 0.90707 0.00000 1.42825 0.00000 0.00000 -1.00000 0.00000
1630597379560820 -0.92709 0.37484 0.00000 162.32407 0.37484 0.92709 0.00000 9.59297 0.00000 0.00000 -1.00000 0.00000
1630597379810189 -0.93758 0.34778 0.00000 160.62348 0.34778 0.93758 0.00000 14.42235 0.00000 0.00000 -1.00000 0.00000
1630597380059559 -0.94079 0.33899 0.00000 159.16509 0.33899 0.94079 0.00000 15.87291 0.00000 0.00000 -1.00000 0.00000
1630597380308934 -0.94121 0.33781 0.00000 157.68231 0.33781 0.94121 0.00000 16.13755 0.00000 0.00000 -1.00000 0.00000
1630597380558291 -0.93475 0.35532 0.00000 156.37484 0.35532 0.93475 0.00000 13.20553 0.00000 0.00000 -1.00000 0.00000
1630597380807657 -0.92603 0.37746 -0.00000 155.25798 0.37746 0.92603 0.00000 9.42314 0.00000 0.00000 -1.00000 0.00000
1630597381057648 -0.91288 0.40822 -0.00000 153.88569 0.40822 0.91288 0.00000 4.20305 0.00000 0.00000 -1.00000 0.00000
1630597381308271 -0.89283 0.45040 0.00000 152.38221 0.45040 0.89283 0.00000 -2.94773 0.00000 0.00000 -1.00000 -0.00000
1630597381558888 -0.86954 0.49387 -0.00000 150.40820 0.49387 0.86954 0.00000 -10.43951 0.00000 0.00000 -1.00000 -0.00000
1630597381808877 -0.84514 0.53455 0.00000 148.07733 0.53455 0.84514 0.00000 -17.74038 0.00000 0.00000 -1.00000 -0.00000
1630597382059503 -0.81875 0.57415 0.00000 145.49315 0.57415 0.81875 0.00000 -24.73412 0.00000 0.00000 -1.00000 -0.00000
1630597382309499 -0.78686 0.61713 0.00000 142.09765 0.61713 0.78686 0.00000 -32.54064 0.00000 0.00000 -1.00000 -0.00000
1630597382559485 -0.75493 0.65580 0.00000 138.69176 0.65580 0.75493 0.00000 -39.69783 0.00000 0.00000 -1.00000 -0.00000
1630597382808850 -0.71734 0.69672 0.00000 134.55653 0.69672 0.71734 0.00000 -47.34302 0.00000 0.00000 -1.00000 -0.00000
1630597383058223 -0.68213 0.73123 0.00000 130.35273 0.73123 0.68213 0.00000 -53.97994 0.00000 0.00000 -1.00000 -0.00000
1630597383308212 -0.63625 0.77148 0.00000 125.05434 0.77148 0.63625 0.00000 -61.77196 0.00000 0.00000 -1.00000 -0.00000
1630597383558203 -0.59979 0.80015 0.00000 120.29081 0.80015 0.59979 0.00000 -67.51730 0.00000 0.00000 -1.00000 -0.00000
1630597383808197 -0.56238 0.82688 0.00000 115.25267 0.82688 0.56238 0.00000 -72.98558 0.00000 0.00000 -1.00000 -0.00000
1630597384058814 -0.52472 0.85127 0.00000 110.08017 0.85127 0.52472 0.00000 -78.12841 0.00000 0.00000 -1.00000 -0.00000
1630597384310060 -0.48213 0.87610 0.00000 104.44944 0.87610 0.48213 0.00000 -83.38062 0.00000 0.00000 -1.00000 -0.00000
1630597384560055 -0.44990 0.89308 0.00000 99.60597 0.89308 0.44990 0.00000 -87.19201 0.00000 0.00000 -1.00000 -0.00000
1630597384810044 -0.41123 0.91153 0.00000 94.03073 0.91153 0.41123 0.00000 -91.36533 0.00000 0.00000 -1.00000 -0.00000
1630597385059412 -0.39358 0.91929 0.00000 90.52757 0.91929 0.39358 0.00000 -93.20253 0.00000 0.00000 -1.00000 -0.00000
1630597385309422 -0.35941 0.93318 0.00000 85.35325 0.93318 0.35941 0.00000 -96.57625 0.00000 0.00000 -1.00000 -0.00000
1630597385558777 -0.34928 0.93702 0.00000 82.63152 0.93702 0.34928 0.00000 -97.54654 0.00000 0.00000 -1.00000 -0.00000
1630597385808145 -0.33207 0.94325 0.00000 79.16067 0.94325 0.33207 0.00000 -99.13227 0.00000 0.00000 -1.00000 -0.00000
1630597386057513 -0.32557 0.94552 0.00000 76.86956 0.94552 0.32557 0.00000 -99.63699 0.00000 0.00000 -1.00000 -0.00000
1630597386307507 -0.32216 0.94669 0.00000 74.88739 0.94669 0.32216 0.00000 -99.89842 0.00000 0.00000 -1.00000 -0.00000
1630597386558124 -0.32121 0.94701 0.00000 73.20336 0.94701 0.32121 0.00000 -100.21236 0.00000 0.00000 -1.00000 -0.00000
1630597386808742 -0.32374 0.94614 0.00000 71.81016 0.94614 0.32374 0.00000 -100.06828 0.00000 0.00000 -1.00000 -0.00000
1630597387059360 -0.32647 0.94521 0.00000 70.52324 0.94521 0.32647 0.00000 -99.91727 0.00000 0.00000 -1.00000 -0.00000
1630597387309977 -0.33485 0.94227 0.00000 69.75720 0.94227 0.33485 0.00000 -99.17969 0.00000 0.00000 -1.00000 -0.00000
1630597387559973 -0.34061 0.94021 0.00000 68.78207 0.94021 0.34061 0.00000 -98.95944 0.00000 0.00000 -1.00000 -0.00000
1630597387809967 -0.34557 0.93839 0.00000 67.64193 0.93839 0.34557 0.00000 -98.37691 0.00000 0.00000 -1.00000 -0.00000
1630597388059333 -0.36330 0.93167 0.00000 67.93147 0.93167 0.36330 0.00000 -97.03307 0.00000 0.00000 -1.00000 -0.00000
1630597388308711 -0.38395 0.92335 0.00000 68.46290 0.92335 0.38395 0.00000 -95.65530 0.00000 0.00000 -1.00000 -0.00000
1630597388558073 -0.40955 0.91229 0.00000 69.53500 0.91229 0.40955 0.00000 -93.72505 0.00000 0.00000 -1.00000 -0.00000
1630597388807440 -0.44560 0.89523 0.00000 71.57969 0.89523 0.44560 0.00000 -90.85943 0.00000 0.00000 -1.00000 -0.00000
1630597389057434 -0.48153 0.87643 0.00000 73.69307 0.87643 0.48153 0.00000 -87.96283 0.00000 0.00000 -1.00000 -0.00000
1630597389307430 -0.52687 0.84994 0.00000 76.62986 0.84994 0.52687 0.00000 -83.94530 0.00000 0.00000 -1.00000 -0.00000
1630597389558044 -0.57475 0.81833 0.00000 79.78125 0.81833 0.57475 0.00000 -79.59686 0.00000 0.00000 -1.00000 -0.00000
1630597389808662 -0.62762 0.77852 0.00000 83.39505 0.77852 0.62762 0.00000 -74.25809 0.00000 0.00000 -1.00000 -0.00000
1630597390059283 -0.67751 0.73552 0.00000 86.61979 0.73552 0.67751 0.00000 -68.48086 0.00000 0.00000 -1.00000 -0.00000
1630597390309947 -0.73106 0.68231 0.00000 90.07272 0.68231 0.73106 0.00000 -61.73258 0.00000 0.00000 -1.00000 -0.00000
1630597390559269 -0.77434 0.63277 0.00000 92.30844 0.63277 0.77434 0.00000 -55.65860 0.00000 0.00000 -1.00000 -0.00000
1630597390809262 -0.81157 0.58425 0.00000 94.05728 0.58425 0.81157 0.00000 -49.92376 0.00000 0.00000 -1.00000 -0.00000
1630597391058629 -0.84270 0.53838 -0.00000 95.23250 0.53838 0.84270 0.00000 -44.61014 0.00000 0.00000 -1.00000 -0.00000
1630597391308005 -0.87016 0.49277 0.00000 95.96204 0.49277 0.87016 0.00000 -39.57579 0.00000 0.00000 -1.00000 -0.00000
1630597391557992 -0.89438 0.44731 0.00000 96.42570 0.44731 0.89438 0.00000 -34.65493 0.00000 0.00000 -1.00000 -0.00000
1630597391808617 -0.91562 0.40204 -0.00000 96.55253 0.40204 0.91562 0.00000 -29.89599 0.00000 0.00000 -1.00000 -0.00000
1630597392059231 -0.93355 0.35845 0.00000 96.28222 0.35845 0.93355 0.00000 -25.19246 0.00000 0.00000 -1.00000 -0.00000
1630597392309851 -0.95013 0.31185 0.00000 96.00990 0.31185 0.95013 0.00000 -20.40504 0.00000 0.00000 -1.00000 -0.00000
1630597392559845 -0.96443 0.26434 0.00000 95.40137 0.26434 0.96443 0.00000 -15.67328 0.00000 0.00000 -1.00000 -0.00000
1630597392809840 -0.97568 0.21922 0.00000 94.55152 0.21922 0.97568 0.00000 -11.12884 0.00000 0.00000 -1.00000 -0.00000
1630597393058578 -0.98519 0.17146 0.00000 93.55505 0.17146 0.98519 0.00000 -6.58760 0.00000 0.00000 -1.00000 -0.00000
1630597393307950 -0.99234 0.12355 0.00000 92.24643 0.12355 0.99234 0.00000 -2.08740 0.00000 0.00000 -1.00000 -0.00000
1630597393557320 -0.99673 0.08081 -0.00000 90.76764 0.08081 0.99673 0.00000 1.83492 0.00000 0.00000 -1.00000 0.00000
1630597393807315 -0.99901 0.04438 0.00000 89.22265 0.04438 0.99901 0.00000 5.25060 0.00000 0.00000 -1.00000 0.00000
1630597394057926 -0.99994 0.01113 0.00000 87.33378 0.01113 0.99994 0.00000 8.20613 0.00000 0.00000 -1.00000 0.00000
1630597394308547 -0.99995 -0.01043 0.00000 85.83340 -0.01043 0.99995 0.00000 10.11680 -0.00000 0.00000 -1.00000 0.00000
1630597394559165 -0.99970 -0.02459 0.00000 84.30467 -0.02459 0.99970 0.00000 11.36539 -0.00000 0.00000 -1.00000 0.00000
1630597394809782 -0.99958 -0.02894 0.00000 82.90684 -0.02894 0.99958 0.00000 11.65092 -0.00000 0.00000 -1.00000 0.00000
1630597395060408 -0.99944 -0.03333 0.00000 81.32425 -0.03333 0.99944 0.00000 12.03835 -0.00000 0.00000 -1.00000 0.00000
1630597395309777 -0.99927 -0.03818 0.00000 79.80372 -0.03818 0.99927 0.00000 12.33381 -0.00000 0.00000 -1.00000 0.00000
1630597395559770 -0.99902 -0.04419 0.00000 78.25539 -0.04419 0.99902 0.00000 12.85856 -0.00000 0.00000 -1.00000 0.00000
1630597395809134 -0.99905 -0.04347 0.00000 76.90641 -0.04347 0.99905 0.00000 12.71396 -0.00000 0.00000 -1.00000 0.00000
1630597396058506 -0.99927 -0.03817 -0.00000 75.59679 -0.03817 0.99927 0.00000 12.40132 -0.00000 0.00000 -1.00000 0.00000
1630597396307890 -0.99949 -0.03196 0.00000 74.44397 -0.03196 0.99949 0.00000 11.85762 -0.00000 0.00000 -1.00000 0.00000
1630597396557868 -0.99984 -0.01813 0.00000 73.51709 -0.01813 0.99984 0.00000 10.84580 -0.00000 0.00000 -1.00000 0.00000
1630597396807862 -0.99991 -0.01313 0.00000 72.53041 -0.01313 0.99991 0.00000 10.42028 -0.00000 0.00000 -1.00000 0.00000
1630597397058482 -0.99996 -0.00912 0.00000 71.57801 -0.00912 0.99996 0.00000 10.15015 -0.00000 0.00000 -1.00000 0.00000
1630597397309106 -0.99997 -0.00707 -0.00000 70.67849 -0.00707 0.99997 0.00000 9.92143 -0.00000 0.00000 -1.00000 0.00000
1630597397559719 -0.99999 -0.00384 0.00000 69.77488 -0.00384 0.99999 0.00000 9.72822 -0.00000 0.00000 -1.00000 0.00000
1630597397809721 -0.99999 -0.00457 0.00000 68.97583 -0.00457 0.99999 0.00000 9.69752 -0.00000 0.00000 -1.00000 0.00000
1630597398059705 -1.00000 0.00107 0.00000 68.19505 0.00107 1.00000 0.00000 9.41530 0.00000 0.00000 -1.00000 0.00000
1630597398309078 -1.00000 0.00068 -0.00000 67.30346 0.00068 1.00000 0.00000 9.53416 0.00000 0.00000 -1.00000 0.00000
1630597398558444 -0.99995 0.01004 -0.00000 66.64003 0.01004 0.99995 0.00000 8.81933 0.00000 0.00000 -1.00000 0.00000
1630597398807816 -0.99991 0.01347 0.00000 65.82095 0.01347 0.99991 0.00000 8.56455 0.00000 0.00000 -1.00000 0.00000
1630597399057184 -0.99979 0.02039 0.00000 65.20499 0.02039 0.99979 0.00000 8.19152 0.00000 0.00000 -1.00000 0.00000
1630597399305929 -0.99967 0.02563 0.00000 64.40021 0.02563 0.99967 0.00000 7.67844 0.00000 0.00000 -1.00000 0.00000
1630597399556549 -0.99970 0.02461 -0.00000 63.65243 0.02461 0.99970 0.00000 7.79660 0.00000 0.00000 -1.00000 0.00000
1630597399806540 -0.99934 0.03641 -0.00000 63.01922 0.03641 0.99934 0.00000 7.05690 0.00000 0.00000 -1.00000 0.00000
1630597400057159 -0.99925 0.03875 0.00000 62.25128 0.03875 0.99925 0.00000 6.82836 0.00000 0.00000 -1.00000 0.00000
1630597400307152 -0.99879 0.04918 0.00000 61.54329 0.04918 0.99879 0.00000 6.17468 0.00000 0.00000 -1.00000 0.00000
1630597400557145 -0.99837 0.05704 0.00000 60.74330 0.05704 0.99837 0.00000 5.63187 0.00000 0.00000 -1.00000 0.00000
1630597400807763 -0.99692 0.07837 0.00000 59.93941 0.07837 0.99692 0.00000 4.38474 0.00000 0.00000 -1.00000 0.00000
1630597401057761 -0.99534 0.09641 0.00000 59.08742 0.09641 0.99534 0.00000 3.25070 0.00000 0.00000 -1.00000 0.00000
1630597401308383 -0.99306 0.11762 0.00000 58.07861 0.11762 0.99306 0.00000 1.95470 0.00000 0.00000 -1.00000 0.00000
1630597401557753 -0.99298 0.11830 0.00000 56.97711 0.11830 0.99298 0.00000 1.85467 0.00000 0.00000 -1.00000 0.00000
1630597401807746 -0.99224 0.12434 0.00000 55.74721 0.12434 0.99224 0.00000 1.51244 0.00000 0.00000 -1.00000 0.00000
1630597402058367 -0.99183 0.12756 0.00000 54.52191 0.12756 0.99183 0.00000 1.33439 0.00000 0.00000 -1.00000 0.00000
1630597402307737 -0.99305 0.11773 0.00000 53.19836 0.11773 0.99305 0.00000 1.75228 0.00000 0.00000 -1.00000 0.00000
1630597402558357 -0.99341 0.11465 0.00000 51.81734 0.11465 0.99341 0.00000 1.97430 0.00000 0.00000 -1.00000 0.00000
1630597402808361 -0.99385 0.11070 0.00000 50.50497 0.11070 0.99385 0.00000 2.22039 0.00000 0.00000 -1.00000 0.00000
1630597403057723 -0.99515 0.09833 0.00000 48.96814 0.09833 0.99515 0.00000 2.70758 0.00000 0.00000 -1.00000 0.00000
1630597403307717 -0.99594 0.09004 0.00000 47.47916 0.09004 0.99594 0.00000 3.09840 0.00000 0.00000 -1.00000 0.00000
1630597403557715 -0.99659 0.08254 0.00000 45.90883 0.08254 0.99659 0.00000 3.48089 0.00000 0.00000 -1.00000 0.00000
1630597403808330 -0.99593 0.09009 0.00000 44.42437 0.09009 0.99593 0.00000 3.18463 0.00000 0.00000 -1.00000 0.00000
1630597404058326 -0.99554 0.09430 0.00000 42.90334 0.09430 0.99554 0.00000 2.89943 0.00000 0.00000 -1.00000 0.00000
1630597404308330 -0.99439 0.10574 0.00000 41.29555 0.10574 0.99439 0.00000 2.47819 0.00000 0.00000 -1.00000 0.00000
1630597404558315 -0.99319 0.11649 0.00000 39.70335 0.11649 0.99319 0.00000 1.86184 0.00000 0.00000 -1.00000 0.00000
1630597404808310 -0.99206 0.12574 0.00000 38.08895 0.12574 0.99206 0.00000 1.51829 0.00000 0.00000 -1.00000 0.00000
1630597405058307 -0.99167 0.12884 0.00000 36.48542 0.12884 0.99167 0.00000 1.33304 0.00000 0.00000 -1.00000 0.00000
1630597405308301 -0.99062 0.13667 -0.00000 34.76106 0.13667 0.99062 0.00000 1.03989 0.00000 0.00000 -1.00000 0.00000
1630597405558295 -0.98997 0.14126 0.00000 33.04443 0.14126 0.98997 0.00000 0.69202 0.00000 0.00000 -1.00000 0.00000
1630597405808290 -0.99032 0.13880 0.00000 31.46245 0.13880 0.99032 0.00000 0.86307 0.00000 0.00000 -1.00000 0.00000
1630597406058288 -0.99128 0.13179 0.00000 29.75790 0.13179 0.99128 0.00000 0.95890 0.00000 0.00000 -1.00000 0.00000
1630597406308322 -0.99318 0.11656 0.00000 27.96991 0.11656 0.99318 0.00000 1.38413 0.00000 0.00000 -1.00000 0.00000
1630597406558276 -0.99346 0.11415 -0.00000 26.22016 0.11415 0.99346 0.00000 1.49143 0.00000 0.00000 -1.00000 0.00000
1630597406808901 -0.99325 0.11602 0.00000 24.48541 0.11602 0.99325 0.00000 1.36714 0.00000 0.00000 -1.00000 0.00000
1630597407058906 -0.99329 0.11568 -0.00000 22.74646 0.11568 0.99329 0.00000 1.33908 0.00000 0.00000 -1.00000 0.00000
1630597407308264 -0.99335 0.11512 0.00000 21.00542 0.11512 0.99335 0.00000 1.20572 0.00000 0.00000 -1.00000 0.00000
1630597407557632 -0.99358 0.11317 -0.00000 19.20676 0.11317 0.99358 0.00000 1.31867 0.00000 0.00000 -1.00000 0.00000
1630597407807003 -0.99372 0.11186 -0.00000 17.64455 0.11186 0.99372 0.00000 1.29457 0.00000 0.00000 -1.00000 0.00000
1630597408056998 -0.99263 0.12115 0.00000 15.98868 0.12115 0.99263 0.00000 1.19802 0.00000 0.00000 -1.00000 0.00000
1630597408306994 -0.99338 0.11490 0.00000 14.49561 0.11490 0.99338 0.00000 1.28254 0.00000 0.00000 -1.00000 0.00000
1630597408556988 -0.99358 0.11314 0.00000 12.94287 0.11314 0.99358 0.00000 1.29529 0.00000 0.00000 -1.00000 0.00000
1630597408807172 -0.99365 0.11254 0.00000 11.41846 0.11254 0.99365 0.00000 1.31140 0.00000 0.00000 -1.00000 0.00000
1630597409056977 -0.99393 0.10997 0.00000 9.96177 0.10997 0.99393 0.00000 1.34877 0.00000 0.00000 -1.00000 0.00000
1630597409307596 -0.99262 0.12126 0.00000 8.50663 0.12126 0.99262 0.00000 1.13754 0.00000 0.00000 -1.00000 0.00000
1630597409557595 -0.99382 0.11097 -0.00000 7.04105 0.11097 0.99382 0.00000 1.30308 0.00000 0.00000 -1.00000 0.00000
1630597409807600 -0.99458 0.10398 0.00000 5.62237 0.10398 0.99458 0.00000 1.20831 0.00000 0.00000 -1.00000 0.00000
1630597410057585 -0.99443 0.10544 0.00000 4.25689 0.10544 0.99443 0.00000 1.21379 0.00000 0.00000 -1.00000 0.00000
1630597410307581 -0.99380 0.11118 0.00000 2.80795 0.11118 0.99380 0.00000 1.07606 0.00000 0.00000 -1.00000 0.00000
1630597410558197 -0.99331 0.11545 -0.00000 1.44244 0.11545 0.99331 0.00000 1.10880 0.00000 0.00000 -1.00000 0.00000
1630597410808192 -0.99405 0.10893 -0.00000 0.10134 0.10893 0.99405 0.00000 1.06764 0.00000 0.00000 -1.00000 0.00000
1630597411058815 -0.99418 0.10772 0.00000 -1.27859 0.10772 0.99418 0.00000 1.11721 0.00000 0.00000 -1.00000 0.00000
1630597411308187 -0.99468 0.10303 0.00000 -2.69244 0.10303 0.99468 0.00000 1.01950 0.00000 0.00000 -1.00000 0.00000
1630597411558182 -0.99497 0.10021 0.00000 -4.08455 0.10021 0.99497 0.00000 0.99800 0.00000 0.00000 -1.00000 0.00000
1630597411808178 -0.99509 0.09893 0.00000 -5.58935 0.09893 0.99509 0.00000 1.08872 0.00000 0.00000 -1.00000 0.00000
1630597412058173 -0.99522 0.09769 -0.00000 -7.10974 0.09769 0.99522 0.00000 0.99724 0.00000 0.00000 -1.00000 0.00000
1630597412308177 -0.99589 0.09057 0.00000 -8.62389 0.09057 0.99589 0.00000 0.98047 0.00000 0.00000 -1.00000 0.00000
1630597412558163 -0.99642 0.08453 0.00000 -10.29330 0.08453 0.99642 0.00000 0.88495 0.00000 0.00000 -1.00000 0.00000
1630597412808784 -0.99591 0.09034 0.00000 -11.93342 0.09034 0.99591 0.00000 1.00335 0.00000 0.00000 -1.00000 0.00000
1630597413058777 -0.99572 0.09243 0.00000 -13.56115 0.09243 0.99572 0.00000 0.92407 0.00000 0.00000 -1.00000 0.00000
1630597413308775 -0.99586 0.09090 0.00000 -15.28599 0.09090 0.99586 0.00000 0.79558 0.00000 0.00000 -1.00000 0.00000
1630597413558773 -0.99654 0.08308 0.00000 -17.03106 0.08308 0.99654 0.00000 0.67389 0.00000 0.00000 -1.00000 0.00000
1630597413808767 -0.99624 0.08660 0.00000 -18.80867 0.08660 0.99624 0.00000 0.82644 0.00000 0.00000 -1.00000 0.00000
