1547820889039724 1.00000 0.00000 0.00000 -0.00000 0.00000 1.00000 0.00000 -0.00000 0.00000 0.00000 1.00000 -0.00000
1547820889287537 1.00000 0.00013 -0.00000 -0.00165 -0.00013 1.00000 0.00000 0.00287 0.00000 -0.00000 1.00000 -0.00000
1547820889536894 1.00000 0.00029 -0.00000 -0.00001 -0.00029 1.00000 0.00000 0.00525 0.00000 -0.00000 1.00000 -0.00000
1547820889787535 1.00000 0.00029 -0.00000 0.00058 -0.00029 1.00000 0.00000 0.00443 0.00000 -0.00000 1.00000 0.00000
1547820890038201 1.00000 -0.00003 0.00000 -0.00635 0.00003 1.00000 -0.00000 -0.00320 -0.00000 0.00000 1.00000 0.00000
1547820890288613 1.00000 0.00012 -0.00000 -0.00115 -0.00012 1.00000 0.00000 -0.00225 0.00000 -0.00000 1.00000 0.00000
1547820890538490 1.00000 -0.00009 0.00000 -0.00400 0.00009 1.00000 -0.00000 -0.00117 -0.00000 0.00000 1.00000 0.00000
1547820890788163 1.00000 -0.00001 0.00000 -0.00281 0.00001 1.00000 -0.00000 -0.00567 -0.00000 0.00000 1.00000 0.00000
1547820891038124 1.00000 0.00004 -0.00000 -0.00163 -0.00004 1.00000 0.00000 0.00358 0.00000 -0.00000 1.00000 -0.00000
1547820891287827 1.00000 0.00000 -0.00000 0.00344 -0.00000 1.00000 0.00000 0.00172 0.00000 -0.00000 1.00000 0.00000
1547820891538072 1.00000 0.00026 -0.00000 0.00090 -0.00026 1.00000 0.00000 0.00353 0.00000 -0.00000 1.00000 0.00000
1547820891789654 1.00000 -0.00029 0.00000 -0.00240 0.00029 1.00000 -0.00000 -0.00204 -0.00000 0.00000 1.00000 0.00000
1547820892042114 1.00000 -0.00013 0.00000 0.00162 0.00013 1.00000 -0.00000 -0.00135 -0.00000 0.00000 1.00000 -0.00000
1547820892294765 1.00000 -0.00012 0.00000 -0.00235 0.00012 1.00000 -0.00000 -0.00451 -0.00000 0.00000 1.00000 0.00000
1547820892546632 1.00000 -0.00009 0.00000 -0.00143 0.00009 1.00000 -0.00000 -0.00167 -0.00000 0.00000 1.00000 0.00000
1547820892797269 1.00000 -0.00006 0.00000 -0.00228 0.00006 1.00000 -0.00000 0.00010 -0.00000 0.00000 1.00000 0.00000
1547820893046834 1.00000 0.00009 -0.00000 -0.00078 -0.00009 1.00000 0.00000 0.00348 0.00000 -0.00000 1.00000 -0.00000
1547820893295797 1.00000 0.00003 -0.00000 0.00018 -0.00003 1.00000 0.00000 0.00140 0.00000 -0.00000 1.00000 0.00000
1547820893544467 1.00000 -0.00012 0.00000 0.00198 0.00012 1.00000 -0.00000 0.00177 -0.00000 0.00000 1.00000 0.00000
1547820893792594 1.00000 0.00010 -0.00000 -0.00156 -0.00010 1.00000 0.00000 0.00208 0.00000 -0.00000 1.00000 -0.00000
1547820894040926 1.00000 0.00000 -0.00000 -0.00076 -0.00000 1.00000 0.00000 0.00618 0.00000 -0.00000 1.00000 -0.00000
1547820894289856 1.00000 0.00001 -0.00000 0.00021 -0.00001 1.00000 0.00000 0.00706 0.00000 -0.00000 1.00000 0.00000
1547820894538252 1.00000 0.00008 -0.00000 -0.00030 -0.00008 1.00000 0.00000 0.00557 0.00000 -0.00000 1.00000 -0.00000
1547820894785934 1.00000 -0.00000 0.00000 -0.00089 0.00000 1.00000 -0.00000 0.00159 -0.00000 0.00000 1.00000 0.00000
1547820895033592 1.00000 0.00007 -0.00000 -0.00119 -0.00007 1.00000 0.00000 0.00506 0.00000 -0.00000 1.00000 -0.00000
1547820895281210 1.00000 0.00009 -0.00000 -0.00292 -0.00009 1.00000 0.00000 0.00590 0.00000 -0.00000 1.00000 -0.00000
1547820895529403 1.00000 -0.00002 0.00000 0.00081 0.00002 1.00000 -0.00000 0.00195 -0.00000 0.00000 1.00000 0.00000
1547820895779778 1.00000 0.00011 -0.00000 -0.00121 -0.00011 1.00000 0.00000 0.00284 0.00000 -0.00000 1.00000 -0.00000
1547820896031546 1.00000 0.00012 -0.00000 0.00240 -0.00012 1.00000 0.00000 0.00968 0.00000 -0.00000 1.00000 0.00000
1547820896283312 1.00000 0.00041 -0.00000 -0.00043 -0.00041 1.00000 0.00000 0.01114 0.00000 -0.00000 1.00000 -0.00000
1547820896535200 1.00000 0.00013 -0.00000 0.00174 -0.00013 1.00000 0.00000 -0.00131 0.00000 -0.00000 1.00000 0.00000
1547820896786725 1.00000 -0.00009 0.00000 -0.00636 0.00009 1.00000 -0.00000 0.00041 -0.00000 0.00000 1.00000 0.00000
1547820897037688 1.00000 -0.00008 0.00000 -0.00127 0.00008 1.00000 -0.00000 0.00319 -0.00000 0.00000 1.00000 0.00000
1547820897287668 1.00000 0.00016 -0.00000 -0.00539 -0.00016 1.00000 0.00000 -0.00152 0.00000 -0.00000 1.00000 0.00000
1547820897537405 1.00000 0.00016 -0.00000 0.00105 -0.00016 1.00000 0.00000 -0.00066 0.00000 -0.00000 1.00000 0.00000
1547820897787272 1.00000 0.00017 -0.00000 -0.00341 -0.00017 1.00000 0.00000 0.00839 0.00000 -0.00000 1.00000 -0.00000
1547820898038158 1.00000 0.00005 -0.00000 -0.00425 -0.00005 1.00000 0.00000 0.00374 0.00000 -0.00000 1.00000 -0.00000
1547820898290376 1.00000 -0.00010 0.00000 -0.00174 0.00010 1.00000 -0.00000 0.00412 -0.00000 0.00000 1.00000 0.00000
1547820898542927 1.00000 -0.00017 0.00000 -0.00503 0.00017 1.00000 -0.00000 0.00858 -0.00000 0.00000 1.00000 0.00000
1547820898794645 1.00000 -0.00014 0.00000 -0.00256 0.00014 1.00000 -0.00000 0.00548 -0.00000 0.00000 1.00000 0.00000
1547820899045087 1.00000 -0.00009 0.00000 0.00094 0.00009 1.00000 -0.00000 0.00786 -0.00000 0.00000 1.00000 0.00000
1547820899293855 1.00000 0.00020 -0.00000 -0.00348 -0.00020 1.00000 0.00000 0.01109 0.00000 -0.00000 1.00000 -0.00000
1547820899541721 1.00000 0.00024 -0.00000 -0.00305 -0.00024 1.00000 0.00000 0.00714 0.00000 -0.00000 1.00000 -0.00000
1547820899789284 1.00000 -0.00012 0.00000 -0.00285 0.00012 1.00000 -0.00000 -0.00084 -0.00000 0.00000 1.00000 0.00000
1547820900036999 1.00000 -0.00013 0.00000 0.00184 0.00013 1.00000 -0.00000 0.00216 -0.00000 0.00000 1.00000 0.00000
1547820900285089 1.00000 0.00042 -0.00000 -0.00257 -0.00042 1.00000 0.00000 0.00770 0.00000 -0.00000 1.00000 -0.00000
1547820900534082 1.00000 -0.00018 0.00000 -0.00248 0.00018 1.00000 -0.00000 0.00267 -0.00000 0.00000 1.00000 0.00000
1547820900784508 1.00000 -0.00010 0.00000 -0.00312 0.00010 1.00000 -0.00000 0.00697 -0.00000 0.00000 1.00000 0.00000
1547820901035269 1.00000 -0.00006 0.00000 -0.00076 0.00006 1.00000 -0.00000 0.00354 -0.00000 0.00000 1.00000 0.00000
1547820901285629 1.00000 -0.00002 0.00000 -0.00427 0.00002 1.00000 -0.00000 -0.00040 -0.00000 0.00000 1.00000 0.00000
1547820901535690 1.00000 0.00018 -0.00000 -0.00369 -0.00018 1.00000 0.00000 0.01145 0.00000 -0.00000 1.00000 -0.00000
1547820901786144 1.00000 0.00001 -0.00000 -0.00159 -0.00001 1.00000 0.00000 0.00623 0.00000 -0.00000 1.00000 -0.00000
1547820902037964 1.00000 -0.00040 0.00000 -0.00112 0.00040 1.00000 -0.00000 0.00625 -0.00000 0.00000 1.00000 0.00000
1547820902290465 1.00000 0.00008 -0.00000 -0.00237 -0.00008 1.00000 0.00000 0.01494 0.00000 -0.00000 1.00000 -0.00000
1547820902542749 1.00000 -0.00005 0.00000 -0.00169 0.00005 1.00000 -0.00000 0.00316 -0.00000 0.00000 1.00000 0.00000
1547820902794836 1.00000 -0.00025 0.00000 0.00065 0.00025 1.00000 -0.00000 0.00646 -0.00000 0.00000 1.00000 0.00000
1547820903045370 1.00000 -0.00016 0.00000 0.00274 0.00016 1.00000 -0.00000 0.00603 -0.00000 0.00000 1.00000 0.00000
1547820903294670 1.00000 -0.00022 0.00000 -0.00008 0.00022 1.00000 -0.00000 -0.00615 -0.00000 0.00000 1.00000 0.00000
1547820903543538 1.00000 0.00009 -0.00000 -0.00420 -0.00009 1.00000 0.00000 0.00236 0.00000 -0.00000 1.00000 -0.00000
1547820903792083 1.00000 -0.00005 0.00000 0.00217 0.00005 1.00000 -0.00000 0.01117 -0.00000 0.00000 1.00000 0.00000
1547820904040539 1.00000 0.00028 -0.00000 0.00712 -0.00028 1.00000 0.00000 0.01445 0.00000 -0.00000 1.00000 0.00000
1547820904289230 1.00000 0.00022 -0.00000 0.00272 -0.00022 1.00000 0.00000 0.01461 0.00000 -0.00000 1.00000 0.00000
1547820904539134 1.00000 0.00017 -0.00000 -0.00381 -0.00017 1.00000 0.00000 0.00877 0.00000 -0.00000 1.00000 -0.00000
1547820904789922 1.00000 -0.00022 0.00000 -0.00407 0.00022 1.00000 -0.00000 0.00958 -0.00000 0.00000 1.00000 0.00000
1547820905040590 1.00000 -0.00028 0.00000 -0.00274 0.00028 1.00000 -0.00000 0.00937 -0.00000 0.00000 1.00000 0.00000
1547820905290743 1.00000 -0.00019 0.00000 -0.00454 0.00019 1.00000 -0.00000 0.00150 -0.00000 0.00000 1.00000 0.00000
1547820905540441 1.00000 -0.00001 0.00000 -0.00307 0.00001 1.00000 -0.00000 0.00429 -0.00000 0.00000 1.00000 0.00000
1547820905789676 1.00000 -0.00017 0.00000 -0.00345 0.00017 1.00000 -0.00000 0.00088 -0.00000 0.00000 1.00000 0.00000
1547820906038827 1.00000 -0.00004 0.00000 -0.00450 0.00004 1.00000 -0.00000 0.00712 -0.00000 0.00000 1.00000 0.00000
1547820906287729 1.00000 -0.00000 0.00000 -0.00231 0.00000 1.00000 -0.00000 0.01105 -0.00000 0.00000 1.00000 0.00000
1547820906536488 1.00000 0.00003 -0.00000 -0.00783 -0.00003 1.00000 0.00000 0.01043 0.00000 -0.00000 1.00000 -0.00000
1547820906785027 1.00000 0.00003 -0.00000 -0.00361 -0.00003 1.00000 0.00000 0.00605 0.00000 -0.00000 1.00000 -0.00000
1547820907033081 1.00000 -0.00026 0.00000 -0.00241 0.00026 1.00000 -0.00000 0.01396 -0.00000 0.00000 1.00000 0.00000
1547820907281060 1.00000 -0.00009 0.00000 0.00084 0.00009 1.00000 -0.00000 0.01372 -0.00000 0.00000 1.00000 0.00000
1547820907529254 1.00000 -0.00006 0.00000 0.00165 0.00006 1.00000 -0.00000 0.01064 -0.00000 0.00000 1.00000 0.00000
1547820907777753 1.00000 0.00008 -0.00000 -0.00225 -0.00008 1.00000 0.00000 0.00550 0.00000 -0.00000 1.00000 -0.00000
1547820908026396 1.00000 -0.00002 0.00000 -0.00083 0.00002 1.00000 -0.00000 0.00720 -0.00000 0.00000 1.00000 0.00000
1547820908275063 1.00000 0.00003 -0.00000 0.00057 -0.00003 1.00000 0.00000 0.01227 0.00000 -0.00000 1.00000 0.00000
1547820908524038 1.00000 -0.00020 0.00000 0.00334 0.00020 1.00000 -0.00000 0.00895 -0.00000 0.00000 1.00000 0.00000
1547820908774450 1.00000 -0.00022 0.00000 0.00176 0.00022 1.00000 -0.00000 0.00943 -0.00000 0.00000 1.00000 0.00000
1547820909025439 1.00000 0.00018 -0.00000 0.00218 -0.00018 1.00000 0.00000 0.01006 0.00000 -0.00000 1.00000 0.00000
1547820909275585 1.00000 0.00010 -0.00000 0.00042 -0.00010 1.00000 0.00000 -0.00114 0.00000 -0.00000 1.00000 0.00000
1547820909525691 1.00000 0.00001 -0.00000 -0.00387 -0.00001 1.00000 0.00000 0.00500 0.00000 -0.00000 1.00000 -0.00000
1547820909775868 1.00000 0.00028 -0.00000 -0.00048 -0.00028 1.00000 0.00000 0.01694 0.00000 -0.00000 1.00000 -0.00000
1547820910025926 1.00000 -0.00002 0.00000 0.00062 0.00002 1.00000 -0.00000 0.01079 -0.00000 0.00000 1.00000 0.00000
1547820910275856 1.00000 -0.00019 0.00000 -0.00226 0.00019 1.00000 -0.00000 0.00452 -0.00000 0.00000 1.00000 0.00000
1547820910526081 1.00000 0.00018 -0.00000 -0.00337 -0.00018 1.00000 0.00000 0.00999 0.00000 -0.00000 1.00000 -0.00000
1547820910777460 1.00000 -0.00013 0.00000 -0.00594 0.00013 1.00000 -0.00000 0.00288 -0.00000 0.00000 1.00000 0.00000
1547820911029695 1.00000 -0.00006 0.00000 0.00168 0.00006 1.00000 -0.00000 0.01170 -0.00000 0.00000 1.00000 0.00000
1547820911282104 1.00000 -0.00036 0.00000 -0.00055 0.00036 1.00000 -0.00000 0.00295 -0.00000 0.00000 1.00000 0.00000
1547820911533699 1.00000 -0.00015 0.00000 -0.00140 0.00015 1.00000 -0.00000 0.00752 -0.00000 0.00000 1.00000 0.00000
1547820911784159 1.00000 -0.00014 0.00000 -0.00085 0.00014 1.00000 -0.00000 0.00758 -0.00000 0.00000 1.00000 0.00000
1547820912033495 1.00000 0.00036 -0.00000 0.00053 -0.00036 1.00000 0.00000 0.01092 0.00000 -0.00000 1.00000 0.00000
1547820912282849 1.00000 0.00023 -0.00000 -0.00177 -0.00023 1.00000 0.00000 0.00415 0.00000 -0.00000 1.00000 -0.00000
1547820912531940 1.00000 -0.00027 0.00000 0.00299 0.00027 1.00000 -0.00000 0.00878 -0.00000 0.00000 1.00000 0.00000
1547820912780584 1.00000 -0.00031 0.00000 -0.00172 0.00031 1.00000 -0.00000 0.00599 -0.00000 0.00000 1.00000 0.00000
1547820913029000 1.00000 -0.00026 0.00000 0.00097 0.00026 1.00000 -0.00000 0.00248 -0.00000 0.00000 1.00000 0.00000
1547820913277254 1.00000 0.00028 -0.00000 0.00085 -0.00028 1.00000 0.00000 0.00963 0.00000 -0.00000 1.00000 0.00000
1547820913525368 1.00000 -0.00014 0.00000 0.00367 0.00014 1.00000 -0.00000 0.00294 -0.00000 0.00000 1.00000 0.00000
1547820913773556 1.00000 -0.00002 0.00000 -0.00413 0.00002 1.00000 -0.00000 0.01235 -0.00000 0.00000 1.00000 0.00000
1547820914021071 1.00000 0.00008 -0.00000 -0.00528 -0.00008 1.00000 0.00000 0.00955 0.00000 -0.00000 1.00000 -0.00000
1547820914268376 1.00000 0.00038 -0.00000 -0.00689 -0.00038 1.00000 0.00000 0.01499 0.00000 -0.00000 1.00000 -0.00000
1547820914516381 1.00000 0.00030 -0.00000 -0.00025 -0.00030 1.00000 0.00000 0.01005 0.00000 -0.00000 1.00000 -0.00000
1547820914766385 1.00000 0.00001 -0.00000 -0.00104 -0.00001 1.00000 0.00000 0.00944 0.00000 -0.00000 1.00000 -0.00000
1547820915019040 1.00000 -0.00003 0.00000 0.00529 0.00003 1.00000 -0.00000 0.00257 -0.00000 0.00000 1.00000 0.00000
1547820915272892 1.00000 0.00036 -0.00000 -0.00735 -0.00036 1.00000 0.00000 0.01677 0.00000 -0.00000 1.00000 -0.00000
1547820915526278 1.00000 0.00017 -0.00000 -0.00108 -0.00017 1.00000 0.00000 0.01058 0.00000 -0.00000 1.00000 -0.00000
1547820915778490 1.00000 0.00021 -0.00000 -0.00060 -0.00021 1.00000 0.00000 0.00778 0.00000 -0.00000 1.00000 -0.00000
1547820916029086 1.00000 0.00011 -0.00000 -0.00064 -0.00011 1.00000 0.00000 0.00418 0.00000 -0.00000 1.00000 -0.00000
1547820916278291 1.00000 0.00037 -0.00000 -0.00006 -0.00037 1.00000 0.00000 0.01378 0.00000 -0.00000 1.00000 -0.00000
1547820916526839 1.00000 0.00011 -0.00000 -0.00031 -0.00011 1.00000 0.00000 0.00992 0.00000 -0.00000 1.00000 -0.00000
1547820916775402 1.00000 -0.00003 0.00000 -0.00132 0.00003 1.00000 -0.00000 0.00824 -0.00000 0.00000 1.00000 0.00000
1547820917026524 1.00000 -0.00001 0.00000 0.00094 0.00001 1.00000 -0.00000 0.00524 -0.00000 0.00000 1.00000 0.00000
1547820917276453 1.00000 0.00003 -0.00000 -0.00178 -0.00003 1.00000 0.00000 0.00594 0.00000 -0.00000 1.00000 -0.00000
1547820917525494 1.00000 0.00001 -0.00000 -0.00345 -0.00001 1.00000 0.00000 0.00470 0.00000 -0.00000 1.00000 -0.00000
1547820917776519 1.00000 -0.00003 0.00000 -0.00522 0.00003 1.00000 -0.00000 0.00902 -0.00000 0.00000 1.00000 0.00000
1547820918026778 1.00000 -0.00014 0.00000 -0.00443 0.00014 1.00000 -0.00000 0.00357 -0.00000 0.00000 1.00000 0.00000
1547820918276858 1.00000 -0.00001 0.00000 -0.00344 0.00001 1.00000 -0.00000 0.00708 -0.00000 0.00000 1.00000 0.00000
1547820918526251 1.00000 -0.00015 0.00000 -0.00048 0.00015 1.00000 -0.00000 0.00392 -0.00000 0.00000 1.00000 0.00000
1547820918775149 1.00000 -0.00011 0.00000 0.00150 0.00011 1.00000 -0.00000 0.00529 -0.00000 0.00000 1.00000 0.00000
1547820919024183 1.00000 0.00018 -0.00000 -0.00697 -0.00018 1.00000 0.00000 0.00662 0.00000 -0.00000 1.00000 -0.00000
1547820919272742 1.00000 0.00011 -0.00000 -0.00298 -0.00011 1.00000 0.00000 0.00684 0.00000 -0.00000 1.00000 -0.00000
1547820919521076 1.00000 0.00023 -0.00000 -0.00112 -0.00023 1.00000 0.00000 0.01163 0.00000 -0.00000 1.00000 -0.00000
1547820919769349 1.00000 -0.00006 0.00000 0.00102 0.00006 1.00000 -0.00000 0.00711 -0.00000 0.00000 1.00000 0.00000
1547820920017425 1.00000 -0.00032 0.00000 -0.00707 0.00032 1.00000 -0.00000 0.00021 -0.00000 0.00000 1.00000 0.00000
1547820920265131 1.00000 -0.00007 0.00000 -0.00064 0.00007 1.00000 -0.00000 0.00463 -0.00000 0.00000 1.00000 0.00000
1547820920513034 1.00000 0.00000 -0.00000 -0.00129 -0.00000 1.00000 0.00000 0.00972 0.00000 -0.00000 1.00000 -0.00000
1547820920761493 1.00000 -0.00008 0.00000 0.00153 0.00008 1.00000 -0.00000 0.01230 -0.00000 0.00000 1.00000 0.00000
1547820921010852 1.00000 -0.00011 0.00000 0.00440 0.00011 1.00000 -0.00000 0.01040 -0.00000 0.00000 1.00000 0.00000
1547820921260824 1.00000 -0.00015 0.00000 -0.00011 0.00015 1.00000 -0.00000 0.00698 -0.00000 0.00000 1.00000 0.00000
1547820921511678 1.00000 -0.00029 0.00000 -0.00463 0.00029 1.00000 -0.00000 -0.00075 -0.00000 0.00000 1.00000 0.00000
1547820921764141 1.00000 -0.00042 0.00000 -0.00100 0.00042 1.00000 -0.00000 0.00167 -0.00000 0.00000 1.00000 0.00000
1547820922016670 1.00000 -0.00020 0.00000 0.00068 0.00020 1.00000 -0.00000 0.00177 -0.00000 0.00000 1.00000 0.00000
1547820922268174 1.00000 -0.00030 0.00000 -0.00531 0.00030 1.00000 -0.00000 -0.00392 -0.00000 0.00000 1.00000 0.00000
1547820922519804 1.00000 0.00012 -0.00000 -0.00235 -0.00012 1.00000 0.00000 0.00967 0.00000 -0.00000 1.00000 -0.00000
1547820922770703 1.00000 0.00000 -0.00000 0.00305 -0.00000 1.00000 0.00000 0.00439 0.00000 -0.00000 1.00000 0.00000
1547820923020499 1.00000 0.00022 -0.00000 0.00132 -0.00022 1.00000 0.00000 0.00881 0.00000 -0.00000 1.00000 0.00000
1547820923270340 1.00000 -0.00026 0.00000 0.00147 0.00026 1.00000 -0.00000 0.00303 -0.00000 0.00000 1.00000 0.00000
1547820923520849 1.00000 0.00005 -0.00000 0.00446 -0.00005 1.00000 0.00000 0.00764 0.00000 -0.00000 1.00000 0.00000
1547820923772273 1.00000 -0.00010 0.00000 0.00222 0.00010 1.00000 -0.00000 0.00269 -0.00000 0.00000 1.00000 0.00000
1547820924024393 1.00000 -0.00030 0.00000 0.00431 0.00030 1.00000 -0.00000 0.00438 -0.00000 0.00000 1.00000 0.00000
1547820924276827 1.00000 -0.00020 0.00000 0.00568 0.00020 1.00000 -0.00000 0.00824 -0.00000 0.00000 1.00000 0.00000
1547820924528599 1.00000 0.00001 -0.00000 0.00201 -0.00001 1.00000 0.00000 0.00450 0.00000 -0.00000 1.00000 0.00000
1547820924778698 1.00000 0.00018 -0.00000 0.00444 -0.00018 1.00000 0.00000 0.00551 0.00000 -0.00000 1.00000 0.00000
1547820925028018 1.00000 0.00019 -0.00000 0.00742 -0.00019 1.00000 0.00000 0.00719 0.00000 -0.00000 1.00000 0.00000
1547820925277584 1.00000 0.00001 -0.00000 0.00613 -0.00001 1.00000 0.00000 0.01183 0.00000 -0.00000 1.00000 0.00000
1547820925526556 1.00000 0.00016 -0.00000 0.00219 -0.00016 1.00000 0.00000 0.00535 0.00000 -0.00000 1.00000 0.00000
1547820925775094 1.00000 0.00002 -0.00000 0.00120 -0.00002 1.00000 0.00000 0.00150 0.00000 -0.00000 1.00000 0.00000
1547820926023354 1.00000 0.00004 -0.00000 0.00410 -0.00004 1.00000 0.00000 0.00631 0.00000 -0.00000 1.00000 0.00000
1547820926271369 1.00000 -0.00010 0.00000 -0.00026 0.00010 1.00000 -0.00000 0.00231 -0.00000 0.00000 1.00000 0.00000
1547820926519303 1.00000 -0.00021 0.00000 0.00251 0.00021 1.00000 -0.00000 0.00305 -0.00000 0.00000 1.00000 0.00000
1547820926767105 1.00000 -0.00022 0.00000 0.00486 0.00022 1.00000 -0.00000 0.00434 -0.00000 0.00000 1.00000 0.00000
1547820927015984 1.00000 -0.00023 0.00000 0.00076 0.00023 1.00000 -0.00000 0.00023 -0.00000 0.00000 1.00000 0.00000
1547820927264748 1.00000 -0.00036 0.00000 0.00415 0.00036 1.00000 -0.00000 0.00531 -0.00000 0.00000 1.00000 0.00000
1547820927512840 1.00000 -0.00020 0.00000 -0.00088 0.00020 1.00000 -0.00000 0.00360 -0.00000 0.00000 1.00000 0.00000
1547820927761636 1.00000 -0.00027 0.00000 -0.00244 0.00027 1.00000 -0.00000 0.00253 -0.00000 0.00000 1.00000 0.00000
1547820928012094 1.00000 -0.00009 0.00000 0.00057 0.00009 1.00000 -0.00000 0.00137 -0.00000 0.00000 1.00000 0.00000
1547820928263359 1.00000 -0.00023 0.00000 -0.00333 0.00023 1.00000 -0.00000 -0.00014 -0.00000 0.00000 1.00000 0.00000
1547820928513988 1.00000 -0.00004 0.00000 -0.00126 0.00004 1.00000 -0.00000 0.00422 -0.00000 0.00000 1.00000 0.00000
1547820928764173 1.00000 -0.00005 0.00000 -0.00130 0.00005 1.00000 -0.00000 -0.00172 -0.00000 0.00000 1.00000 0.00000
1547820929014482 1.00000 0.00018 -0.00000 -0.00358 -0.00018 1.00000 0.00000 0.00085 0.00000 -0.00000 1.00000 -0.00000
1547820929264511 1.00000 -0.00019 0.00000 -0.00724 0.00019 1.00000 -0.00000 -0.00051 -0.00000 0.00000 1.00000 0.00000
1547820929514436 1.00000 -0.00013 0.00000 -0.00308 0.00013 1.00000 -0.00000 0.00228 -0.00000 0.00000 1.00000 0.00000
1547820929764852 1.00000 -0.00005 0.00000 -0.00058 0.00005 1.00000 -0.00000 0.00748 -0.00000 0.00000 1.00000 0.00000
1547820930016262 1.00000 -0.00031 0.00000 0.00100 0.00031 1.00000 -0.00000 0.00217 -0.00000 0.00000 1.00000 0.00000
1547820930268357 1.00000 -0.00042 0.00000 -0.00342 0.00042 1.00000 -0.00000 0.00060 -0.00000 0.00000 1.00000 0.00000
1547820930520591 1.00000 0.00008 -0.00000 0.00244 -0.00008 1.00000 0.00000 0.01050 0.00000 -0.00000 1.00000 0.00000
1547820930772645 1.00000 0.00005 -0.00000 -0.00103 -0.00005 1.00000 0.00000 0.01212 0.00000 -0.00000 1.00000 -0.00000
1547820931023607 1.00000 -0.00004 0.00000 -0.00273 0.00004 1.00000 -0.00000 0.00492 -0.00000 0.00000 1.00000 0.00000
1547820931273355 1.00000 -0.00008 0.00000 -0.00176 0.00008 1.00000 -0.00000 0.01182 -0.00000 0.00000 1.00000 0.00000
1547820931522173 1.00000 -0.00013 0.00000 0.00043 0.00013 1.00000 -0.00000 0.00326 -0.00000 0.00000 1.00000 0.00000
1547820931770749 1.00000 -0.00008 0.00000 -0.00168 0.00008 1.00000 -0.00000 0.00455 -0.00000 0.00000 1.00000 0.00000
1547820932019190 1.00000 -0.00001 0.00000 -0.00008 0.00001 1.00000 -0.00000 0.00056 -0.00000 0.00000 1.00000 0.00000
1547820932267518 1.00000 0.00009 -0.00000 -0.00468 -0.00009 1.00000 0.00000 0.00672 0.00000 -0.00000 1.00000 -0.00000
1547820932515574 1.00000 -0.00000 0.00000 0.00352 0.00000 1.00000 -0.00000 0.00865 -0.00000 0.00000 1.00000 0.00000
1547820932763416 1.00000 -0.00024 0.00000 0.00809 0.00024 1.00000 -0.00000 0.01038 -0.00000 0.00000 1.00000 0.00000
1547820933011413 1.00000 -0.00010 0.00000 0.00862 0.00010 1.00000 -0.00000 0.00804 -0.00000 0.00000 1.00000 0.00000
1547820933260386 1.00000 -0.00031 0.00000 0.00067 0.00031 1.00000 -0.00000 0.00547 -0.00000 0.00000 1.00000 0.00000
1547820933510040 1.00000 -0.00019 0.00000 0.00710 0.00019 1.00000 -0.00000 0.00972 -0.00000 0.00000 1.00000 0.00000
1547820933760281 1.00000 -0.00002 0.00000 -0.00289 0.00002 1.00000 -0.00000 0.01148 -0.00000 0.00000 1.00000 0.00000
1547820934011382 1.00000 0.00010 -0.00000 -0.00252 -0.00010 1.00000 0.00000 0.00945 0.00000 -0.00000 1.00000 -0.00000
1547820934263773 1.00000 -0.00000 0.00000 -0.00443 0.00000 1.00000 -0.00000 0.00624 -0.00000 0.00000 1.00000 0.00000
1547820934516092 1.00000 -0.00028 0.00000 0.00296 0.00028 1.00000 -0.00000 -0.00227 -0.00000 0.00000 1.00000 -0.00000
1547820934767699 1.00000 -0.00035 0.00000 0.00333 0.00035 1.00000 -0.00000 0.00390 -0.00000 0.00000 1.00000 0.00000
1547820935019613 1.00000 -0.00008 0.00000 0.00422 0.00008 1.00000 -0.00000 -0.00061 -0.00000 0.00000 1.00000 -0.00000
1547820935270207 1.00000 0.00005 -0.00000 0.00219 -0.00005 1.00000 0.00000 0.00880 0.00000 -0.00000 1.00000 0.00000
1547820935519179 1.00000 -0.00010 0.00000 0.00039 0.00010 1.00000 -0.00000 0.00798 -0.00000 0.00000 1.00000 0.00000
1547820935767591 1.00000 0.00004 -0.00000 0.00051 -0.00004 1.00000 0.00000 0.00464 0.00000 -0.00000 1.00000 0.00000
1547820936016418 1.00000 -0.00019 0.00000 0.00250 0.00019 1.00000 -0.00000 -0.00085 -0.00000 0.00000 1.00000 -0.00000
1547820936266135 1.00000 -0.00038 0.00000 0.00382 0.00038 1.00000 -0.00000 0.00002 -0.00000 0.00000 1.00000 0.00000
1547820936516968 1.00000 -0.00033 0.00000 0.00374 0.00033 1.00000 -0.00000 0.00151 -0.00000 0.00000 1.00000 0.00000
1547820936768143 1.00000 -0.00028 0.00000 0.00478 0.00028 1.00000 -0.00000 0.00958 -0.00000 0.00000 1.00000 0.00000
1547820937018707 1.00000 -0.00003 0.00000 0.00251 0.00003 1.00000 -0.00000 0.00730 -0.00000 0.00000 1.00000 0.00000
1547820937268575 1.00000 0.00014 -0.00000 -0.00405 -0.00014 1.00000 0.00000 0.00896 0.00000 -0.00000 1.00000 -0.00000
1547820937517652 1.00000 0.00041 -0.00000 -0.03177 -0.00041 1.00000 0.00000 -0.00335 0.00000 -0.00000 1.00000 0.00000
1547820937766742 1.00000 0.00092 -0.00000 -0.08175 -0.00092 1.00000 0.00000 0.00421 0.00000 -0.00000 1.00000 -0.00000
1547820938015723 1.00000 0.00164 -0.00000 -0.14997 -0.00164 1.00000 0.00000 -0.01281 0.00000 -0.00000 1.00000 0.00000
1547820938264329 1.00000 0.00202 -0.00000 -0.23405 -0.00202 1.00000 0.00000 -0.01436 0.00000 -0.00000 1.00000 0.00000
1547820938512866 0.99998 0.00617 -0.00000 -0.34032 -0.00617 0.99998 0.00000 0.01147 0.00000 -0.00000 1.00000 -0.00000
1547820938761428 0.99991 0.01326 -0.00000 -0.48398 -0.01326 0.99991 0.00000 0.01135 0.00000 -0.00000 1.00000 -0.00000
1547820939009685 0.99979 0.02062 -0.00000 -0.69814 -0.02062 0.99979 0.00000 -0.02897 0.00000 -0.00000 1.00000 0.00000
1547820939257657 0.99940 0.03465 -0.00000 -0.93560 -0.03465 0.99940 0.00000 -0.01116 0.00000 -0.00000 1.00000 0.00000
1547820939505057 0.99882 0.04852 -0.00000 -1.28161 -0.04852 0.99882 0.00000 -0.01604 0.00000 -0.00000 1.00000 0.00000
1547820939752470 0.99825 0.05918 -0.00000 -1.60722 -0.05918 0.99825 0.00000 0.02961 0.00000 -0.00000 1.00000 0.00000
1547820940000583 0.99718 0.07505 -0.00000 -2.07732 -0.07505 0.99718 0.00000 0.00153 0.00000 -0.00000 1.00000 0.00000
1547820940250046 0.99606 0.08867 -0.00000 -2.61458 -0.08867 0.99606 0.00000 0.07368 0.00000 -0.00000 1.00000 0.00000
1547820940501358 0.99472 0.10267 -0.00000 -3.25359 -0.10267 0.99472 0.00000 0.10055 0.00000 -0.00000 1.00000 0.00000
1547820940754163 0.99378 0.11134 -0.00000 -3.91240 -0.11134 0.99378 0.00000 0.11093 0.00000 -0.00000 1.00000 0.00000
1547820941007080 0.99278 0.11998 -0.00000 -4.71633 -0.11998 0.99278 0.00000 0.14197 0.00000 -0.00000 1.00000 0.00000
1547820941259855 0.99230 0.12389 -0.00000 -5.57351 -0.12389 0.99230 0.00000 0.14276 0.00000 -0.00000 1.00000 0.00000
1547820941511941 0.99209 0.12551 -0.00000 -6.48745 -0.12551 0.99209 0.00000 0.17518 0.00000 -0.00000 1.00000 0.00000
1547820941762507 0.99229 0.12394 -0.00000 -7.51649 -0.12394 0.99229 0.00000 0.13630 0.00000 -0.00000 1.00000 0.00000
1547820942011393 0.99245 0.12261 -0.00000 -8.55954 -0.12261 0.99245 0.00000 0.14659 0.00000 -0.00000 1.00000 0.00000
1547820942259756 0.99258 0.12158 -0.00000 -9.67164 -0.12158 0.99258 0.00000 0.13571 0.00000 -0.00000 1.00000 0.00000
1547820942507873 0.99288 0.11912 -0.00000 -10.85485 -0.11912 0.99288 0.00000 0.09297 0.00000 -0.00000 1.00000 0.00000
1547820942756056 0.99320 0.11646 -0.00000 -12.07341 -0.11646 0.99320 0.00000 0.08154 0.00000 -0.00000 1.00000 0.00000
1547820943004857 0.99364 0.11258 -0.00000 -13.30774 -0.11258 0.99364 0.00000 0.03081 0.00000 -0.00000 1.00000 0.00000
1547820943254606 0.99392 0.11013 -0.00000 -14.55937 -0.11013 0.99392 0.00000 0.04069 0.00000 -0.00000 1.00000 0.00000
1547820943505223 0.99423 0.10726 -0.00000 -15.81416 -0.10726 0.99423 0.00000 0.01220 0.00000 -0.00000 1.00000 0.00000
1547820943755975 0.99488 0.10107 -0.00000 -17.12211 -0.10107 0.99488 0.00000 -0.05657 0.00000 -0.00000 1.00000 0.00000
1547820944006012 0.99523 0.09757 -0.00000 -18.42401 -0.09757 0.99523 0.00000 -0.12908 0.00000 -0.00000 1.00000 0.00000
1547820944255465 0.99583 0.09120 -0.00000 -19.76102 -0.09120 0.99583 0.00000 -0.18952 0.00000 -0.00000 1.00000 0.00000
1547820944504647 0.99654 0.08313 -0.00000 -21.09707 -0.08313 0.99654 0.00000 -0.37103 0.00000 -0.00000 1.00000 0.00000
1547820944754085 0.99731 0.07336 -0.00000 -22.45914 -0.07336 0.99731 0.00000 -0.53371 0.00000 -0.00000 1.00000 0.00000
1547820945002952 0.99767 0.06826 -0.00000 -23.81539 -0.06826 0.99767 0.00000 -0.66863 0.00000 -0.00000 1.00000 0.00000
1547820945251517 0.99795 0.06407 -0.00000 -25.16273 -0.06407 0.99795 0.00000 -0.70259 0.00000 -0.00000 1.00000 0.00000
1547820945499475 0.99803 0.06275 -0.00000 -26.53982 -0.06275 0.99803 0.00000 -0.73533 0.00000 -0.00000 1.00000 0.00000
1547820945747337 0.99811 0.06148 -0.00000 -27.95069 -0.06148 0.99811 0.00000 -0.71790 0.00000 -0.00000 1.00000 0.00000
1547820945995219 0.99827 0.05888 -0.00000 -29.38462 -0.05888 0.99827 0.00000 -0.84132 0.00000 -0.00000 1.00000 0.00000
1547820946242839 0.99831 0.05817 -0.00000 -30.91112 -0.05817 0.99831 0.00000 -0.79126 0.00000 -0.00000 1.00000 0.00000
1547820946491533 0.99838 0.05686 -0.00000 -32.45768 -0.05686 0.99838 0.00000 -0.80473 0.00000 -0.00000 1.00000 0.00000
1547820946741455 0.99840 0.05656 -0.00000 -34.08027 -0.05656 0.99840 0.00000 -0.80004 0.00000 -0.00000 1.00000 0.00000
1547820946991027 0.99853 0.05413 -0.00000 -35.76003 -0.05413 0.99853 0.00000 -0.83415 0.00000 -0.00000 1.00000 0.00000
1547820947240890 0.99854 0.05399 -0.00000 -37.48679 -0.05399 0.99854 0.00000 -0.83951 0.00000 -0.00000 1.00000 0.00000
1547820947491714 0.99868 0.05137 -0.00000 -39.27729 -0.05137 0.99868 0.00000 -0.91762 0.00000 -0.00000 1.00000 0.00000
1547820947743412 0.99905 0.04368 -0.00000 -41.10586 -0.04368 0.99905 0.00000 -1.20187 0.00000 -0.00000 1.00000 0.00000
1547820947994910 0.99925 0.03869 -0.00000 -42.95227 -0.03869 0.99925 0.00000 -1.37698 0.00000 -0.00000 1.00000 0.00000
1547820948246254 0.99939 0.03482 -0.00000 -44.81419 -0.03482 0.99939 0.00000 -1.54668 0.00000 -0.00000 1.00000 0.00000
1547820948497349 0.99949 0.03196 -0.00000 -46.73603 -0.03196 0.99949 0.00000 -1.70019 0.00000 -0.00000 1.00000 0.00000
1547820948748169 0.99969 0.02486 -0.00000 -48.66028 -0.02486 0.99969 0.00000 -1.97417 0.00000 -0.00000 1.00000 0.00000
1547820948999212 0.99983 0.01862 -0.00000 -50.61055 -0.01862 0.99983 0.00000 -2.26690 0.00000 -0.00000 1.00000 0.00000
1547820949250771 0.99991 0.01319 -0.00000 -52.57550 -0.01319 0.99991 0.00000 -2.50131 0.00000 -0.00000 1.00000 0.00000
1547820949503725 1.00000 0.00298 -0.00000 -54.53200 -0.00298 1.00000 0.00000 -3.07066 0.00000 -0.00000 1.00000 0.00000
1547820949757505 0.99997 -0.00816 0.00000 -56.51780 0.00816 0.99997 -0.00000 -3.67112 -0.00000 0.00000 1.00000 0.00000
1547820950009721 0.99987 -0.01626 0.00000 -58.51586 0.01626 0.99987 -0.00000 -4.08089 -0.00000 0.00000 1.00000 0.00000
1547820950260174 0.99968 -0.02546 0.00000 -60.45972 0.02546 0.99968 -0.00000 -4.56525 -0.00000 0.00000 1.00000 0.00000
1547820950508373 0.99963 -0.02707 0.00000 -62.43768 0.02707 0.99963 -0.00000 -4.63409 -0.00000 0.00000 1.00000 0.00000
1547820950755254 0.99983 -0.01828 0.00000 -64.47281 0.01828 0.99983 -0.00000 -4.02901 -0.00000 0.00000 1.00000 0.00000
1547820951002070 0.99997 -0.00767 0.00000 -66.51918 0.00767 0.99997 -0.00000 -3.34970 -0.00000 0.00000 1.00000 0.00000
1547820951248627 1.00000 0.00260 -0.00000 -68.58092 -0.00260 1.00000 0.00000 -2.60802 0.00000 -0.00000 1.00000 0.00000
1547820951496269 0.99989 0.01491 -0.00000 -70.64180 -0.01491 0.99989 0.00000 -1.82227 0.00000 -0.00000 1.00000 0.00000
1547820951745695 0.99968 0.02547 -0.00000 -72.74203 -0.02547 0.99968 0.00000 -1.07737 0.00000 -0.00000 1.00000 0.00000
1547820951995970 0.99934 0.03623 -0.00000 -74.84289 -0.03623 0.99934 0.00000 -0.26962 0.00000 -0.00000 1.00000 0.00000
1547820952247071 0.99888 0.04728 -0.00000 -76.95150 -0.04728 0.99888 0.00000 0.52794 0.00000 -0.00000 1.00000 0.00000
1547820952497121 0.99840 0.05651 -0.00000 -79.05171 -0.05651 0.99840 0.00000 1.31790 0.00000 -0.00000 1.00000 0.00000
1547820952746211 0.99813 0.06105 -0.00000 -81.16932 -0.06105 0.99813 0.00000 1.68457 0.00000 -0.00000 1.00000 0.00000
1547820952996165 0.99812 0.06129 -0.00000 -83.32817 -0.06129 0.99812 0.00000 1.66088 0.00000 -0.00000 1.00000 0.00000
1547820953246699 0.99822 0.05967 -0.00000 -85.51238 -0.05967 0.99822 0.00000 1.52506 0.00000 -0.00000 1.00000 0.00000
1547820953497991 0.99824 0.05938 -0.00000 -87.72604 -0.05938 0.99824 0.00000 1.55068 0.00000 -0.00000 1.00000 0.00000
1547820953749588 0.99821 0.05978 -0.00000 -89.91521 -0.05978 0.99821 0.00000 1.58199 0.00000 -0.00000 1.00000 0.00000
1547820954001121 0.99826 0.05893 -0.00000 -92.12138 -0.05893 0.99826 0.00000 1.51635 0.00000 -0.00000 1.00000 0.00000
1547820954252720 0.99834 0.05759 -0.00000 -94.38717 -0.05759 0.99834 0.00000 1.43357 0.00000 -0.00000 1.00000 0.00000
1547820954504539 0.99864 0.05220 -0.00000 -96.65154 -0.05220 0.99864 0.00000 0.88456 0.00000 -0.00000 1.00000 0.00000
1547820954755618 0.99885 0.04803 -0.00000 -98.94168 -0.04803 0.99885 0.00000 0.50992 0.00000 -0.00000 1.00000 0.00000
1547820955006846 0.99905 0.04351 -0.00000 -101.24457 -0.04351 0.99905 0.00000 0.10972 0.00000 -0.00000 1.00000 0.00000
1547820955258641 0.99923 0.03916 -0.00000 -103.54852 -0.03916 0.99923 0.00000 -0.37513 0.00000 -0.00000 1.00000 0.00000
1547820955510540 0.99937 0.03545 -0.00000 -105.86420 -0.03545 0.99937 0.00000 -0.76662 0.00000 -0.00000 1.00000 0.00000
1547820955762650 0.99947 0.03265 -0.00000 -108.24631 -0.03265 0.99947 0.00000 -1.00215 0.00000 -0.00000 1.00000 0.00000
1547820956016056 0.99957 0.02944 -0.00000 -110.63833 -0.02944 0.99957 0.00000 -1.30671 0.00000 -0.00000 1.00000 0.00000
1547820956269148 0.99955 0.03000 -0.00000 -113.04921 -0.03000 0.99955 0.00000 -1.19578 0.00000 -0.00000 1.00000 0.00000
1547820956519540 0.99961 0.02800 -0.00000 -115.43425 -0.02800 0.99961 0.00000 -1.40771 0.00000 -0.00000 1.00000 0.00000
1547820956767543 0.99956 0.02959 -0.00000 -117.87080 -0.02959 0.99956 0.00000 -1.18362 0.00000 -0.00000 1.00000 0.00000
1547820957015081 0.99952 0.03083 -0.00000 -120.28301 -0.03083 0.99952 0.00000 -1.03581 0.00000 -0.00000 1.00000 0.00000
1547820957262315 0.99948 0.03234 -0.00000 -122.69876 -0.03234 0.99948 0.00000 -0.83347 0.00000 -0.00000 1.00000 0.00000
1547820957509607 0.99948 0.03209 -0.00000 -125.12275 -0.03209 0.99948 0.00000 -0.86848 0.00000 -0.00000 1.00000 0.00000
1547820957757729 0.99949 0.03200 -0.00000 -127.58547 -0.03200 0.99949 0.00000 -0.86993 0.00000 -0.00000 1.00000 0.00000
1547820958006973 0.99953 0.03053 -0.00000 -130.06954 -0.03053 0.99953 0.00000 -1.06141 0.00000 -0.00000 1.00000 0.00000
1547820958257647 0.99954 0.03033 -0.00000 -132.58325 -0.03033 0.99954 0.00000 -1.07520 0.00000 -0.00000 1.00000 0.00000
1547820958508389 0.99947 0.03264 -0.00000 -135.12125 -0.03264 0.99947 0.00000 -0.76011 0.00000 -0.00000 1.00000 0.00000
1547820958759351 0.99950 0.03153 -0.00000 -137.64672 -0.03153 0.99950 0.00000 -0.92177 0.00000 -0.00000 1.00000 0.00000
1547820959009893 0.99951 0.03140 -0.00000 -140.18696 -0.03140 0.99951 0.00000 -0.87389 0.00000 -0.00000 1.00000 0.00000
1547820959260015 0.99949 0.03181 -0.00000 -142.67476 -0.03181 0.99949 0.00000 -0.75600 0.00000 -0.00000 1.00000 0.00000
1547820959510286 0.99946 0.03300 -0.00000 -145.21378 -0.03300 0.99946 0.00000 -0.52800 0.00000 -0.00000 1.00000 0.00000
1547820959760494 0.99935 0.03611 -0.00000 -147.74817 -0.03611 0.99935 0.00000 -0.05276 0.00000 -0.00000 1.00000 0.00000
1547820960010416 0.99939 0.03506 -0.00000 -150.23411 -0.03506 0.99939 0.00000 -0.18933 0.00000 -0.00000 1.00000 0.00000
1547820960261598 0.99934 0.03643 -0.00000 -152.69237 -0.03643 0.99934 0.00000 0.06823 0.00000 -0.00000 1.00000 0.00000
1547820960513967 0.99935 0.03607 -0.00000 -155.13887 -0.03607 0.99935 0.00000 0.02176 0.00000 -0.00000 1.00000 0.00000
1547820960765841 0.99935 0.03594 -0.00000 -157.56090 -0.03594 0.99935 0.00000 0.01331 0.00000 -0.00000 1.00000 0.00000
1547820961017359 0.99937 0.03560 -0.00000 -159.96164 -0.03560 0.99937 0.00000 -0.00219 0.00000 -0.00000 1.00000 0.00000
1547820961268537 0.99931 0.03712 -0.00000 -162.31508 -0.03712 0.99931 0.00000 0.28827 0.00000 -0.00000 1.00000 0.00000
1547820961519764 0.99923 0.03936 -0.00000 -164.63318 -0.03936 0.99923 0.00000 0.65478 0.00000 -0.00000 1.00000 0.00000
1547820961771425 0.99924 0.03897 -0.00000 -166.94293 -0.03897 0.99924 0.00000 0.64248 0.00000 -0.00000 1.00000 0.00000
1547820962022885 0.99912 0.04183 -0.00000 -169.24021 -0.04183 0.99912 0.00000 1.11385 0.00000 -0.00000 1.00000 0.00000
1547820962274092 0.99908 0.04288 -0.00000 -171.49026 -0.04288 0.99908 0.00000 1.25932 0.00000 -0.00000 1.00000 0.00000
1547820962524959 0.99904 0.04383 -0.00000 -173.70127 -0.04383 0.99904 0.00000 1.49667 0.00000 -0.00000 1.00000 0.00000
1547820962776097 0.99886 0.04777 -0.00000 -175.86968 -0.04777 0.99886 0.00000 2.17731 0.00000 -0.00000 1.00000 0.00000
1547820963027594 0.99876 0.04970 -0.00000 -178.05771 -0.04970 0.99876 0.00000 2.47371 0.00000 -0.00000 1.00000 0.00000
1547820963278976 0.99869 0.05109 -0.00000 -180.20484 -0.05109 0.99869 0.00000 2.73860 0.00000 -0.00000 1.00000 0.00000
1547820963531446 0.99858 0.05321 -0.00000 -182.31490 -0.05321 0.99858 0.00000 3.14845 0.00000 -0.00000 1.00000 0.00000
1547820963785125 0.99848 0.05514 -0.00000 -184.46376 -0.05514 0.99848 0.00000 3.47529 0.00000 -0.00000 1.00000 0.00000
1547820964037846 0.99834 0.05767 -0.00000 -186.52844 -0.05767 0.99834 0.00000 3.88901 0.00000 -0.00000 1.00000 0.00000
1547820964287988 0.99826 0.05892 -0.00000 -188.56500 -0.05892 0.99826 0.00000 4.15397 0.00000 -0.00000 1.00000 0.00000
1547820964536256 0.99810 0.06154 -0.00000 -190.52844 -0.06154 0.99810 0.00000 4.68113 0.00000 -0.00000 1.00000 0.00000
1547820964784060 0.99767 0.06827 -0.00000 -192.43159 -0.06827 0.99767 0.00000 5.98139 0.00000 -0.00000 1.00000 0.00000
1547820965031668 0.99712 0.07584 -0.00000 -194.33583 -0.07584 0.99712 0.00000 7.46549 0.00000 -0.00000 1.00000 0.00000
1547820965278727 0.99630 0.08599 -0.00000 -196.11495 -0.08599 0.99630 0.00000 9.43936 0.00000 -0.00000 1.00000 0.00000
1547820965526557 0.99549 0.09484 -0.00000 -197.85690 -0.09484 0.99549 0.00000 11.18737 0.00000 -0.00000 1.00000 0.00000
1547820965775640 0.99457 0.10409 -0.00000 -199.51340 -0.10409 0.99457 0.00000 13.09388 0.00000 -0.00000 1.00000 0.00000
1547820966026015 0.99339 0.11479 -0.00000 -201.15212 -0.11479 0.99339 0.00000 15.24184 0.00000 -0.00000 1.00000 0.00000
1547820966276803 0.99282 0.11965 -0.00000 -202.84142 -0.11965 0.99282 0.00000 16.19346 0.00000 -0.00000 1.00000 0.00000
1547820966527025 0.99242 0.12293 -0.00000 -204.50880 -0.12293 0.99242 0.00000 16.88228 0.00000 -0.00000 1.00000 0.00000
1547820966776998 0.99214 0.12516 -0.00000 -206.16121 -0.12516 0.99214 0.00000 17.36637 0.00000 -0.00000 1.00000 0.00000
1547820967027446 0.99147 0.13032 -0.00000 -207.77065 -0.13032 0.99147 0.00000 18.37964 0.00000 -0.00000 1.00000 0.00000
1547820967277890 0.99165 0.12894 -0.00000 -209.45637 -0.12894 0.99165 0.00000 18.11308 0.00000 -0.00000 1.00000 0.00000
1547820967527678 0.99099 0.13391 -0.00000 -211.03948 -0.13391 0.99099 0.00000 19.16110 0.00000 -0.00000 1.00000 0.00000
1547820967778283 0.99075 0.13572 -0.00000 -212.61009 -0.13572 0.99075 0.00000 19.55149 0.00000 -0.00000 1.00000 0.00000
1547820968030538 0.99056 0.13710 -0.00000 -214.24286 -0.13710 0.99056 0.00000 19.81303 0.00000 -0.00000 1.00000 0.00000
1547820968283018 0.99008 0.14051 -0.00000 -215.79847 -0.14051 0.99008 0.00000 20.57491 0.00000 -0.00000 1.00000 0.00000
1547820968534959 0.98941 0.14516 -0.00000 -217.30295 -0.14516 0.98941 0.00000 21.61412 0.00000 -0.00000 1.00000 0.00000
1547820968786053 0.98870 0.14991 -0.00000 -218.75585 -0.14991 0.98870 0.00000 22.64370 0.00000 -0.00000 1.00000 0.00000
1547820969036366 0.98825 0.15282 -0.00000 -220.23931 -0.15282 0.98825 0.00000 23.27183 0.00000 -0.00000 1.00000 0.00000
1547820969286652 0.98829 0.15257 -0.00000 -221.79689 -0.15257 0.98829 0.00000 23.22540 0.00000 -0.00000 1.00000 0.00000
1547820969536591 0.98823 0.15301 -0.00000 -223.21514 -0.15301 0.98823 0.00000 23.34064 0.00000 -0.00000 1.00000 0.00000
1547820969786535 0.98843 0.15169 -0.00000 -224.67060 -0.15169 0.98843 0.00000 23.04008 0.00000 -0.00000 1.00000 0.00000
1547820970036968 0.98860 0.15056 -0.00000 -226.09933 -0.15056 0.98860 0.00000 22.76758 0.00000 -0.00000 1.00000 0.00000
1547820970288225 0.98870 0.14993 -0.00000 -227.45004 -0.14993 0.98870 0.00000 22.63707 0.00000 -0.00000 1.00000 0.00000
1547820970540626 0.98878 0.14937 -0.00000 -228.80545 -0.14937 0.98878 0.00000 22.50661 0.00000 -0.00000 1.00000 0.00000
1547820970793181 0.98847 0.15145 -0.00000 -230.03011 -0.15145 0.98847 0.00000 22.99303 0.00000 -0.00000 1.00000 0.00000
1547820971044836 0.98871 0.14982 -0.00000 -231.30740 -0.14982 0.98871 0.00000 22.65725 0.00000 -0.00000 1.00000 0.00000
1547820971295046 0.98841 0.15180 -0.00000 -232.50197 -0.15180 0.98841 0.00000 23.15537 0.00000 -0.00000 1.00000 0.00000
1547820971544229 0.98816 0.15346 -0.00000 -233.67259 -0.15346 0.98816 0.00000 23.54498 0.00000 -0.00000 1.00000 0.00000
1547820971793653 0.98766 0.15663 -0.00000 -234.82291 -0.15663 0.98766 0.00000 24.32079 0.00000 -0.00000 1.00000 0.00000
1547820972042293 0.98689 0.16138 -0.00000 -235.89949 -0.16138 0.98689 0.00000 25.42436 0.00000 -0.00000 1.00000 0.00000
1547820972290585 0.98698 0.16087 -0.00000 -237.06564 -0.16087 0.98698 0.00000 25.31565 0.00000 -0.00000 1.00000 0.00000
1547820972539086 0.98723 0.15929 -0.00000 -238.26648 -0.15929 0.98723 0.00000 24.92407 0.00000 -0.00000 1.00000 0.00000
1547820972787153 0.98738 0.15839 -0.00000 -239.43262 -0.15839 0.98738 0.00000 24.69319 0.00000 -0.00000 1.00000 0.00000
1547820973035243 0.98800 0.15448 -0.00000 -240.70945 -0.15448 0.98800 0.00000 23.76708 0.00000 -0.00000 1.00000 0.00000
1547820973284197 0.98904 0.14764 -0.00000 -242.06843 -0.14764 0.98904 0.00000 22.15861 0.00000 -0.00000 1.00000 0.00000
1547820973533201 0.98928 0.14603 -0.00000 -243.35257 -0.14603 0.98928 0.00000 21.67139 0.00000 -0.00000 1.00000 0.00000
