1. 0. 0. 0. 0. -1. -0. 0. 0. 0. -1. 0.
1. 0.001 0. -0.022 0.001 -1. -0. 0.000 0. 0. -1. 0.
1. -0.001 -0. -0.024 -0.001 -1. -0. 0.002 0. 0. -1. 0.
1. 0.002 0. 0.020 0.002 -1. -0. 0.040 0. 0. -1. 0.
1. 0.003 0. -0.014 0.003 -1. -0. 0.029 0. 0. -1. 0.
1. 0.000 0. -0.022 0.000 -1. -0. -0.007 0. 0. -1. 0.
1. 0.004 0. 0.008 0.004 -1. -0. -0.003 0. 0. -1. 0.
1. -0.000 -0. 0.026 -0.000 -1. -0. 0.035 0. 0. -1. 0.
1. 0.001 0. 0.013 0.001 -1. -0. 0.023 0. 0. -1. 0.
1. 0.004 0. 0.014 0.004 -1. -0. 0.012 0. 0. -1. 0.
1. 0.003 0. 0.022 0.003 -1. -0. 0.000 0. 0. -1. 0.
1. 0.001 0. 0.006 0.001 -1. -0. 0.041 0. 0. -1. 0.
1. 0.004 0. -0.004 0.004 -1. -0. 0.013 0. 0. -1. 0.
1. 0.001 0. 0.026 0.001 -1. -0. 0.028 0. 0. -1. 0.
1. 0.002 0. -0.016 0.002 -1. -0. -0.014 0. 0. -1. 0.
1. 0.003 0. -0.011 0.003 -1. -0. 0.028 0. 0. -1. 0.
1. -0.001 -0. 0.019 -0.001 -1. -0. -0.018 0. 0. -1. 0.
1. -0.000 -0. -0.021 -0.000 -1. -0. -0.010 0. 0. -1. 0.
1. -0.000 -0. -0.020 -0.000 -1. -0. -0.022 0. 0. -1. 0.
1. 0.001 0. 0.002 0.001 -1. -0. -0.001 0. 0. -1. 0.
1. 0.001 0. 0.007 0.001 -1. -0. 0.001 0. 0. -1. 0.
1. 0.005 0. 0.020 0.005 -1. -0. 0.031 0. 0. -1. 0.
1. 0.003 0. 0.008 0.003 -1. -0. -0.003 0. 0. -1. 0.
1. 0.002 0. -0.010 0.002 -1. -0. -0.004 0. 0. -1. 0.
1. 0.001 0. -0.010 0.001 -1. -0. -0.032 0. 0. -1. 0.
1. -0.000 -0. -0.018 -0.000 -1. -0. -0.001 0. 0. -1. 0.
1. 0.002 0. -0.010 0.002 -1. -0. -0.007 0. 0. -1. 0.
1. 0.001 0. 0.012 0.001 -1. -0. 0.026 0. 0. -1. 0.
1. 0.002 0. -0.023 0.002 -1. -0. -0.002 0. 0. -1. 0.
1. 0.002 0. 0.015 0.002 -1. -0. 0.093 0. 0. -1. 0.
1. 0.005 0. 0.015 0.005 -1. -0. -0.007 0. 0. -1. 0.
1. -0.001 -0. 0.009 -0.001 -1. -0. -0.007 0. 0. -1. 0.
1. -0.000 -0. -0.029 -0.000 -1. -0. -0.024 0. 0. -1. 0.
1. 0.005 0. 0.024 0.005 -1. -0. -0.011 0. 0. -1. 0.
1. 0.001 0. 0.021 0.001 -1. -0. -0.000 0. 0. -1. 0.
1. -0.004 -0. -0.017 -0.004 -1. -0. -0.004 0. 0. -1. 0.
1. 0.002 0. 0.005 0.002 -1. -0. 0.029 0. 0. -1. 0.
1. 0.003 0. 0.042 0.003 -1. -0. 0.008 0. 0. -1. 0.
1. 0.003 0. -0.017 0.003 -1. -0. -0.003 0. 0. -1. 0.
1. 0.001 0. -0.025 0.001 -1. -0. -0.010 0. 0. -1. 0.
1. 0.003 0. -0.007 0.003 -1. -0. 0.011 0. 0. -1. 0.
1. -0.000 -0. 0.007 -0.000 -1. -0. 0.020 0. 0. -1. 0.
1. 0.002 0. -0.014 0.002 -1. -0. -0.022 0. 0. -1. 0.
1. -0.001 -0. 0.000 -0.001 -1. -0. 0.020 0. 0. -1. 0.
1. -0.000 -0. 0.010 -0.000 -1. -0. 0.020 0. 0. -1. 0.
1. 0.001 0. 0.010 0.001 -1. -0. 0.007 0. 0. -1. 0.
1. -0.003 -0. 0.007 -0.003 -1. -0. 0.027 0. 0. -1. 0.
1. 0.003 0. 0.033 0.003 -1. -0. -0.007 0. 0. -1. 0.
1. 0.000 0. -0.014 0.000 -1. -0. -0.021 0. 0. -1. 0.
1. -0.000 -0. 0.010 -0.000 -1. -0. -0.019 0. 0. -1. 0.
1. -0.001 -0. 0.025 -0.001 -1. -0. -0.018 0. 0. -1. 0.
1. -0.001 -0. -0.006 -0.001 -1. -0. -0.013 0. 0. -1. 0.
1. 0.001 0. -0.004 0.001 -1. -0. -0.015 0. 0. -1. 0.
1. -0.001 -0. -0.006 -0.001 -1. -0. 0.020 0. 0. -1. 0.
1. -0.001 -0. -0.022 -0.001 -1. -0. 0.006 0. 0. -1. 0.
1. -0.002 -0. 0.012 -0.002 -1. -0. 0.029 0. 0. -1. 0.
1. 0.004 0. 0.010 0.004 -1. -0. 0.000 0. 0. -1. 0.
1. 0.005 0. -0.005 0.005 -1. -0. -0.005 0. 0. -1. 0.
1. 0.002 0. 0.006 0.002 -1. -0. 0.029 0. 0. -1. 0.
1. 0.002 0. -0.018 0.002 -1. -0. -0.007 0. 0. -1. 0.
1. -0.001 -0. 0.012 -0.001 -1. -0. 0.024 0. 0. -1. 0.
1. -0.001 -0. -0.016 -0.001 -1. -0. -0.012 0. 0. -1. 0.
1. 0.003 0. -0.020 0.003 -1. -0. -0.026 0. 0. -1. 0.
1. 0.001 0. 0.017 0.001 -1. -0. 0.003 0. 0. -1. 0.
1. 0.002 0. -0.010 0.002 -1. -0. -0.044 0. 0. -1. 0.
1. -0. -0. -0.011 -0. -1. -0. -0.037 0. 0. -1. 0.
1. -0.002 -0. 0.007 -0.002 -1. -0. 0.021 0. 0. -1. 0.
1. 0.004 0. 0.016 0.004 -1. -0. -0.001 0. 0. -1. 0.
1. 0.002 0. 0.001 0.002 -1. -0. -0.004 0. 0. -1. 0.
1. 0.002 0. -0.035 0.002 -1. -0. -0.006 0. 0. -1. 0.
1. 0.000 0. 0.036 0.000 -1. -0. 0.033 0. 0. -1. 0.
1. -0.000 -0. 0.017 -0.000 -1. -0. -0.006 0. 0. -1. 0.
1. 0.002 0. -0.015 0.002 -1. -0. -0.002 0. 0. -1. 0.
1. 0.004 0. 0.009 0.004 -1. -0. -0.012 0. 0. -1. 0.
1. 0.001 0. 0.030 0.001 -1. -0. 0.038 0. 0. -1. 0.
1. 0.001 0. -0.018 0.001 -1. -0. -0.005 0. 0. -1. 0.
1. -0.002 -0. -0.001 -0.002 -1. -0. 0.010 0. 0. -1. 0.
1. 0.005 0. 0.013 0.005 -1. -0. -0.008 0. 0. -1. 0.
1. 0.002 0. 0.023 0.002 -1. -0. 0.015 0. 0. -1. 0.
1. 0.001 0. -0.013 0.001 -1. -0. -0.005 0. 0. -1. 0.
1. 0.003 0. -0.018 0.003 -1. -0. 0.024 0. 0. -1. 0.
1. 0.001 0. 0.011 0.001 -1. -0. 0.023 0. 0. -1. 0.
1. 0.003 0. -0.001 0.003 -1. -0. -0.007 0. 0. -1. 0.
1. 0.002 0. -0.010 0.002 -1. -0. -0.047 0. 0. -1. 0.
1. -0.003 -0. 0.004 -0.003 -1. -0. -0.024 0. 0. -1. 0.
1. 0.003 0. 0.014 0.003 -1. -0. 0.006 0. 0. -1. 0.
1. 0.002 0. 0.027 0.002 -1. -0. -0.025 0. 0. -1. 0.
1. 0.001 0. -0.003 0.001 -1. -0. -0.025 0. 0. -1. 0.
1. 0.002 0. 0.008 0.002 -1. -0. -0.023 0. 0. -1. 0.
1. 0.000 0. -0.016 0.000 -1. -0. -0.029 0. 0. -1. 0.
1. -0.001 -0. -0.005 -0.001 -1. -0. -0.004 0. 0. -1. 0.
1. 0.001 0. -0.017 0.001 -1. -0. -0.037 0. 0. -1. 0.
1. -0. -0. -0.015 -0. -1. -0. -0.048 0. 0. -1. 0.
1. -0.001 -0. 0.018 -0.001 -1. -0. 0.016 0. 0. -1. 0.
1. 0.002 0. 0.005 0.002 -1. -0. -0.002 0. 0. -1. 0.
1. 0.000 0. 0.003 0.000 -1. -0. -0.002 0. 0. -1. 0.
1. -0.003 -0. -0.006 -0.003 -1. -0. 0.022 0. 0. -1. 0.
1. -0.002 -0. -0.001 -0.002 -1. -0. 0.032 0. 0. -1. 0.
1. -0.000 -0. 0.015 -0.000 -1. -0. 0.039 0. 0. -1. 0.
1. 0.003 0. 0.017 0.003 -1. -0. 0.028 0. 0. -1. 0.
1. 0.005 0. 0.025 0.005 -1. -0. 0.011 0. 0. -1. 0.
1. 0.003 0. 0.013 0.003 -1. -0. -0.012 0. 0. -1. 0.
1. -0. -0. 0.044 -0. -1. -0. -0.033 0. 0. -1. 0.
1. -0.003 -0. 0.072 -0.003 -1. -0. 0.010 0. 0. -1. 0.
1. 0.001 0. 0.124 0.001 -1. -0. -0.071 0. 0. -1. 0.
1. -0.002 -0. 0.152 -0.002 -1. -0. -0.061 0. 0. -1. 0.
1. -0.004 -0. 0.217 -0.004 -1. -0. -0.059 0. 0. -1. 0.
1. -0.002 -0. 0.250 -0.002 -1. -0. -0.040 0. 0. -1. 0.
1. -0.004 -0. 0.353 -0.004 -1. -0. 0.004 0. 0. -1. 0.
1.000 -0.015 -0. 0.409 -0.015 -1.000 -0. -0.070 0. 0. -1. 0.
1. -0.013 -0. 0.439 -0.013 -1. -0. -0.022 0. 0. -1. 0.
1.000 -0.018 -0. 0.574 -0.018 -1.000 -0. -0.026 0. 0. -1. 0.
1.000 -0.028 -0. 0.692 -0.028 -1.000 -0. -0.040 0. 0. -1. 0.
1.000 -0.026 -0. 0.888 -0.026 -1.000 -0. -0.052 0. 0. -1. 0.
1.000 -0.025 -0. 0.959 -0.025 -1.000 -0. -0.017 0. 0. -1. 0.
1.000 -0.020 -0. 1.070 -0.020 -1.000 -0. -0.084 0. 0. -1. 0.
1.000 -0.020 -0. 1.253 -0.020 -1.000 -0. -0.100 0. 0. -1. 0.
1.000 -0.028 -0. 1.469 -0.028 -1.000 -0. -0.066 0. 0. -1. 0.
1.000 -0.021 -0. 1.623 -0.021 -1.000 -0. -0.060 0. 0. -1. 0.
1.000 -0.020 -0. 1.799 -0.020 -1.000 -0. -0.084 0. 0. -1. 0.
1.000 -0.020 -0. 1.940 -0.020 -1.000 -0. -0.046 0. 0. -1. 0.
1.000 -0.028 -0. 2.173 -0.028 -1.000 -0. 0.011 0. 0. -1. 0.
1.000 -0.020 -0. 2.374 -0.020 -1.000 -0. -0.080 0. 0. -1. 0.
1.000 -0.028 -0. 2.594 -0.028 -1.000 -0. -0.069 0. 0. -1. 0.
1.000 -0.030 -0. 2.801 -0.030 -1.000 -0. -0.083 0. 0. -1. 0.
0.999 -0.036 -0. 2.978 -0.036 -0.999 -0. -0.095 0. 0. -1. 0.
0.999 -0.039 -0. 3.046 -0.039 -0.999 -0. -0.113 0. 0. -1. 0.
0.999 -0.042 -0. 3.192 -0.042 -0.999 -0. -0.156 0. 0. -1. 0.
0.999 -0.041 -0. 3.259 -0.041 -0.999 -0. -0.199 0. 0. -1. 0.
0.999 -0.039 -0. 3.311 -0.039 -0.999 -0. -0.173 0. 0. -1. 0.
0.999 -0.042 -0. 3.364 -0.042 -0.999 -0. -0.132 0. 0. -1. 0.
0.999 -0.044 -0. 3.373 -0.044 -0.999 -0. -0.126 0. 0. -1. 0.
0.999 -0.044 -0. 3.391 -0.044 -0.999 -0. -0.091 0. 0. -1. 0.
0.999 -0.044 -0. 3.395 -0.044 -0.999 -0. -0.099 0. 0. -1. 0.
0.999 -0.040 -0. 3.373 -0.040 -0.999 -0. -0.093 0. 0. -1. 0.
0.999 -0.038 -0. 3.381 -0.038 -0.999 -0. -0.038 0. 0. -1. 0.
0.999 -0.035 -0. 3.376 -0.035 -0.999 -0. -0.092 0. 0. -1. 0.
0.999 -0.037 -0. 3.398 -0.037 -0.999 -0. -0.085 0. 0. -1. 0.
0.999 -0.040 -0. 3.381 -0.040 -0.999 -0. -0.179 0. 0. -1. 0.
0.999 -0.043 -0. 3.412 -0.043 -0.999 -0. -0.117 0. 0. -1. 0.
0.999 -0.039 -0. 3.469 -0.039 -0.999 -0. -0.069 0. 0. -1. 0.
0.999 -0.034 -0. 3.465 -0.034 -0.999 -0. -0.101 0. 0. -1. 0.
0.999 -0.034 -0. 3.496 -0.034 -0.999 -0. -0.120 0. 0. -1. 0.
1.000 -0.031 -0. 3.532 -0.031 -1.000 -0. -0.126 0. 0. -1. 0.
1.000 -0.026 -0. 3.572 -0.026 -1.000 -0. -0.095 0. 0. -1. 0.
1.000 -0.020 -0. 3.582 -0.020 -1.000 -0. -0.091 0. 0. -1. 0.
1.000 -0.031 -0. 3.616 -0.031 -1.000 -0. -0.080 0. 0. -1. 0.
1.000 -0.023 -0. 3.609 -0.023 -1.000 -0. -0.112 0. 0. -1. 0.
1.000 -0.019 -0. 3.622 -0.019 -1.000 -0. -0.075 0. 0. -1. 0.
1.000 -0.019 -0. 3.652 -0.019 -1.000 -0. -0.115 0. 0. -1. 0.
1.000 -0.031 -0. 3.621 -0.031 -1.000 -0. -0.093 0. 0. -1. 0.
0.999 -0.033 -0. 3.612 -0.033 -0.999 -0. -0.139 0. 0. -1. 0.
1.000 -0.025 -0. 3.631 -0.025 -1.000 -0. -0.142 0. 0. -1. 0.
1.000 -0.026 -0. 3.621 -0.026 -1.000 -0. -0.108 0. 0. -1. 0.
1.000 -0.031 -0. 3.620 -0.031 -1.000 -0. -0.130 0. 0. -1. 0.
0.999 -0.033 -0. 3.632 -0.033 -0.999 -0. -0.100 0. 0. -1. 0.
1.000 -0.024 -0. 3.613 -0.024 -1.000 -0. -0.198 0. 0. -1. 0.
1.000 -0.026 -0. 3.614 -0.026 -1.000 -0. -0.175 0. 0. -1. 0.
1.000 -0.028 -0. 3.645 -0.028 -1.000 -0. -0.072 0. 0. -1. 0.
1.000 -0.022 -0. 3.625 -0.022 -1.000 -0. -0.159 0. 0. -1. 0.
1.000 -0.024 -0. 3.642 -0.024 -1.000 -0. -0.121 0. 0. -1. 0.
0.999 -0.035 -0. 3.634 -0.035 -0.999 -0. -0.109 0. 0. -1. 0.
0.999 -0.039 -0. 3.804 -0.039 -0.999 -0. -0.109 0. 0. -1. 0.
0.999 -0.046 -0. 4.004 -0.046 -0.999 -0. -0.082 0. 0. -1. 0.
0.998 -0.059 -0. 4.289 -0.059 -0.998 -0. -0.175 0. 0. -1. 0.
0.997 -0.083 -0. 4.596 -0.083 -0.997 -0. -0.199 0. 0. -1. 0.
0.994 -0.108 -0. 4.959 -0.108 -0.994 -0. -0.264 0. 0. -1. 0.
0.992 -0.126 -0. 5.376 -0.126 -0.992 -0. -0.392 0. 0. -1. 0.
0.990 -0.141 -0. 5.855 -0.141 -0.990 -0. -0.467 0. 0. -1. 0.
0.987 -0.160 -0. 6.394 -0.160 -0.987 -0. -0.610 0. 0. -1. 0.
0.985 -0.172 -0. 7.092 -0.172 -0.985 -0. -0.665 0. 0. -1. 0.
0.985 -0.172 -0. 7.731 -0.172 -0.985 -0. -0.776 0. 0. -1. 0.
0.984 -0.177 -0. 8.430 -0.177 -0.984 -0. -0.990 0. 0. -1. 0.
0.984 -0.181 -0. 9.064 -0.181 -0.984 -0. -1.173 0. 0. -1. 0.
0.983 -0.183 -0. 9.843 -0.183 -0.983 -0. -1.243 0. 0. -1. 0.
0.983 -0.186 -0. 10.628 -0.186 -0.983 -0. -1.397 0. 0. -1. 0.
0.981 -0.192 -0. 11.498 -0.192 -0.981 -0. -1.568 0. 0. -1. 0.
0.981 -0.196 -0. 12.321 -0.196 -0.981 -0. -1.754 0. 0. -1. 0.
0.980 -0.197 -0. 13.201 -0.197 -0.980 -0. -1.886 0. 0. -1. 0.
0.982 -0.190 -0. 14.116 -0.190 -0.982 -0. -2.085 0. 0. -1. 0.
0.982 -0.191 -0. 15.092 -0.191 -0.982 -0. -2.258 0. 0. -1. 0.
0.982 -0.188 -0. 16.017 -0.188 -0.982 -0. -2.584 0. 0. -1. 0.
0.985 -0.170 -0. 17.062 -0.170 -0.985 -0. -2.683 0. 0. -1. 0.
0.987 -0.159 -0. 18.015 -0.159 -0.987 -0. -2.858 0. 0. -1. 0.
0.988 -0.152 -0. 19.023 -0.152 -0.988 -0. -3.033 0. 0. -1. 0.
0.990 -0.143 -0. 20.102 -0.143 -0.990 -0. -3.199 0. 0. -1. 0.
0.991 -0.133 -0. 21.220 -0.133 -0.991 -0. -3.370 0. 0. -1. 0.
0.993 -0.120 -0. 22.424 -0.120 -0.993 -0. -3.519 0. 0. -1. 0.
0.994 -0.108 -0. 23.595 -0.108 -0.994 -0. -3.709 0. 0. -1. 0.
0.995 -0.097 -0. 24.756 -0.097 -0.995 -0. -3.874 0. 0. -1. 0.
0.997 -0.075 -0. 26.063 -0.075 -0.997 -0. -3.965 0. 0. -1. 0.
0.998 -0.057 -0. 27.326 -0.057 -0.998 -0. -4.014 0. 0. -1. 0.
0.999 -0.040 -0. 28.534 -0.040 -0.999 -0. -4.087 0. 0. -1. 0.
0.999 -0.033 -0. 29.892 -0.033 -0.999 -0. -4.161 0. 0. -1. 0.
1.000 -0.027 -0. 31.208 -0.027 -1.000 -0. -4.328 0. 0. -1. 0.
1.000 -0.025 -0. 32.520 -0.025 -1.000 -0. -4.327 0. 0. -1. 0.
1.000 -0.021 -0. 33.860 -0.021 -1.000 -0. -4.242 0. 0. -1. 0.
1.000 -0.017 -0. 35.156 -0.017 -1.000 -0. -4.413 0. 0. -1. 0.
1. -0.011 -0. 36.364 -0.011 -1. -0. -4.461 0. 0. -1. 0.
1. -0.002 -0. 37.645 -0.002 -1. -0. -4.357 0. 0. -1. 0.
1. 0. 0. 38.935 0. -1. -0. -4.462 0. 0. -1. 0.
1. -0.012 -0. 40.178 -0.012 -1. -0. -4.456 0. 0. -1. 0.
1. -0.010 -0. 41.307 -0.010 -1. -0. -4.548 0. 0. -1. 0.
1. -0.005 -0. 42.442 -0.005 -1. -0. -4.492 0. 0. -1. 0.
1. 0.000 0. 43.637 0.000 -1. -0. -4.619 0. 0. -1. 0.
1. 0.002 0. 44.757 0.002 -1. -0. -4.592 0. 0. -1. 0.
1. 0.002 0. 45.860 0.002 -1. -0. -4.726 0. 0. -1. 0.
1. -0.001 -0. 46.889 -0.001 -1. -0. -4.641 0. 0. -1. 0.
1. 0.009 0. 47.990 0.009 -1. -0. -4.672 0. 0. -1. 0.
1. 0.014 0. 49.009 0.014 -1. -0. -4.683 0. 0. -1. 0.
1. 0.009 0. 50.015 0.009 -1. -0. -4.658 0. 0. -1. 0.
1. 0.009 0. 51.043 0.009 -1. -0. -4.643 0. 0. -1. 0.
1. 0.007 0. 52.104 0.007 -1. -0. -4.633 0. 0. -1. 0.
1. 0.004 0. 53.118 0.004 -1. -0. -4.626 0. 0. -1. 0.
1. -0.003 -0. 54.213 -0.003 -1. -0. -4.641 0. 0. -1. 0.
1. -0.006 -0. 55.384 -0.006 -1. -0. -4.653 0. 0. -1. 0.
1. -0.005 -0. 56.546 -0.005 -1. -0. -4.730 0. 0. -1. 0.
1. -0.006 -0. 57.781 -0.006 -1. -0. -4.679 0. 0. -1. 0.
1.000 -0.017 -0. 58.976 -0.017 -1.000 -0. -4.723 0. 0. -1. 0.
1.000 -0.028 -0. 60.357 -0.028 -1.000 -0. -4.753 0. 0. -1. 0.
1.000 -0.021 -0. 61.701 -0.021 -1.000 -0. -4.875 0. 0. -1. 0.
1.000 -0.019 -0. 63.143 -0.019 -1.000 -0. -5.002 0. 0. -1. 0.
1.000 -0.021 -0. 64.488 -0.021 -1.000 -0. -5.104 0. 0. -1. 0.
1.000 -0.023 -0. 66.052 -0.023 -1.000 -0. -5.134 0. 0. -1. 0.
1.000 -0.027 -0. 67.516 -0.027 -1.000 -0. -5.070 0. 0. -1. 0.
1.000 -0.023 -0. 69.056 -0.023 -1.000 -0. -5.154 0. 0. -1. 0.
1.000 -0.019 -0. 70.600 -0.019 -1.000 -0. -5.177 0. 0. -1. 0.
1.000 -0.016 -0. 72.076 -0.016 -1.000 -0. -5.279 0. 0. -1. 0.
1.000 -0.019 -0. 73.603 -0.019 -1.000 -0. -5.297 0. 0. -1. 0.
1.000 -0.018 -0. 75.118 -0.018 -1.000 -0. -5.367 0. 0. -1. 0.
1.000 -0.022 -0. 76.606 -0.022 -1.000 -0. -5.401 0. 0. -1. 0.
1.000 -0.029 -0. 78.157 -0.029 -1.000 -0. -5.423 0. 0. -1. 0.
0.999 -0.039 -0. 79.639 -0.039 -0.999 -0. -5.534 0. 0. -1. 0.
0.999 -0.046 -0. 81.069 -0.046 -0.999 -0. -5.648 0. 0. -1. 0.
0.999 -0.054 -0. 82.525 -0.054 -0.999 -0. -5.656 0. 0. -1. 0.
0.997 -0.074 -0. 83.988 -0.074 -0.997 -0. -5.720 0. 0. -1. 0.
0.997 -0.082 -0. 85.414 -0.082 -0.997 -0. -5.857 0. 0. -1. 0.
0.994 -0.107 -0. 86.839 -0.107 -0.994 -0. -6.101 0. 0. -1. 0.
0.990 -0.144 -0. 88.197 -0.144 -0.990 -0. -6.211 0. 0. -1. 0.
0.984 -0.176 -0. 89.563 -0.176 -0.984 -0. -6.553 0. 0. -1. 0.
0.978 -0.209 -0. 90.914 -0.209 -0.978 -0. -6.922 0. 0. -1. 0.
0.969 -0.249 -0. 92.274 -0.249 -0.969 -0. -7.192 0. 0. -1. 0.
0.959 -0.285 -0. 93.588 -0.285 -0.959 -0. -7.640 0. 0. -1. 0.
0.950 -0.311 -0. 94.987 -0.311 -0.950 -0. -8.053 0. 0. -1. 0.
0.933 -0.360 -0. 96.286 -0.360 -0.933 -0. -8.527 0. 0. -1. 0.
0.916 -0.401 -0. 97.531 -0.401 -0.916 -0. -9.231 0. 0. -1. 0.
0.895 -0.445 -0. 98.792 -0.445 -0.895 -0. -9.885 0. 0. -1. 0.
0.875 -0.484 -0. 99.951 -0.484 -0.875 -0. -10.499 0. 0. -1. 0.
0.856 -0.517 -0. 101.106 -0.517 -0.856 -0. -11.195 0. 0. -1. 0.
0.828 -0.561 -0. 102.257 -0.561 -0.828 -0. -11.915 0. 0. -1. 0.
0.802 -0.597 -0. 103.305 -0.597 -0.802 -0. -12.734 0. 0. -1. 0.
0.775 -0.632 -0. 104.357 -0.632 -0.775 -0. -13.593 0. 0. -1. 0.
0.744 -0.668 -0. 105.414 -0.668 -0.744 -0. -14.546 0. 0. -1. 0.
0.714 -0.701 -0. 106.294 -0.701 -0.714 -0. -15.557 0. 0. -1. 0.
0.683 -0.730 -0. 107.350 -0.730 -0.683 -0. -16.633 0. 0. -1. 0.
0.639 -0.769 -0. 108.399 -0.769 -0.639 -0. -17.662 0. 0. -1. 0.
0.600 -0.800 -0. 109.041 -0.800 -0.600 -0. -18.898 0. 0. -1. 0.
0.558 -0.830 -0. 109.878 -0.830 -0.558 -0. -20.145 0. 0. -1. 0.
0.511 -0.860 -0. 110.528 -0.860 -0.511 -0. -21.461 0. 0. -1. 0.
0.461 -0.888 -0. 111.388 -0.888 -0.461 -0. -22.710 0. 0. -1. 0.
0.417 -0.909 -0. 111.988 -0.909 -0.417 -0. -24.090 0. 0. -1. 0.
0.389 -0.921 -0. 112.521 -0.921 -0.389 -0. -25.559 0. 0. -1. 0.
0.370 -0.929 -0. 113.024 -0.929 -0.370 -0. -27.046 0. 0. -1. 0.
0.351 -0.936 -0. 113.650 -0.936 -0.351 -0. -28.490 0. 0. -1. 0.
0.346 -0.938 -0. 114.115 -0.938 -0.346 -0. -29.952 0. 0. -1. 0.
0.348 -0.937 -0. 114.723 -0.937 -0.348 -0. -31.448 0. 0. -1. 0.
0.349 -0.937 -0. 115.263 -0.937 -0.349 -0. -33.018 0. 0. -1. 0.
0.350 -0.937 -0. 115.902 -0.937 -0.350 -0. -34.548 0. 0. -1. 0.
0.350 -0.937 -0. 116.331 -0.937 -0.350 -0. -36.170 0. 0. -1. 0.
0.347 -0.938 -0. 116.979 -0.938 -0.347 -0. -37.745 0. 0. -1. 0.
0.347 -0.938 -0. 117.694 -0.938 -0.347 -0. -39.348 0. 0. -1. 0.
0.356 -0.934 -0. 118.067 -0.934 -0.356 -0. -41.031 0. 0. -1. 0.
0.363 -0.932 -0. 118.731 -0.932 -0.363 -0. -42.793 0. 0. -1. 0.
0.376 -0.927 -0. 119.251 -0.927 -0.376 -0. -44.427 0. 0. -1. 0.
0.389 -0.921 -0. 120.112 -0.921 -0.389 -0. -46.079 0. 0. -1. 0.
0.407 -0.913 -0. 120.630 -0.913 -0.407 -0. -47.767 0. 0. -1. 0.
0.422 -0.906 -0. 121.443 -0.906 -0.422 -0. -49.372 0. 0. -1. 0.
0.439 -0.898 -0. 122.243 -0.898 -0.439 -0. -50.907 0. 0. -1. 0.
0.460 -0.888 -0. 122.905 -0.888 -0.460 -0. -52.507 0. 0. -1. 0.
0.479 -0.878 -0. 123.763 -0.878 -0.479 -0. -54.065 0. 0. -1. 0.
0.503 -0.864 -0. 124.549 -0.864 -0.503 -0. -55.463 0. 0. -1. 0.
0.520 -0.854 -0. 125.474 -0.854 -0.520 -0. -56.982 0. 0. -1. 0.
0.546 -0.837 -0. 126.315 -0.837 -0.546 -0. -58.246 0. 0. -1. 0.
0.565 -0.825 -0. 127.184 -0.825 -0.565 -0. -59.651 0. 0. -1. 0.
0.582 -0.813 -0. 127.954 -0.813 -0.582 -0. -60.947 0. 0. -1. 0.
0.603 -0.798 -0. 128.913 -0.798 -0.603 -0. -62.245 0. 0. -1. 0.
0.617 -0.787 -0. 129.971 -0.787 -0.617 -0. -63.581 0. 0. -1. 0.
0.637 -0.771 -0. 130.734 -0.771 -0.637 -0. -64.702 0. 0. -1. 0.
0.648 -0.761 -0. 131.909 -0.761 -0.648 -0. -65.696 0. 0. -1. 0.
0.665 -0.747 -0. 132.754 -0.747 -0.665 -0. -66.904 0. 0. -1. 0.
0.677 -0.736 -0. 133.671 -0.736 -0.677 -0. -67.990 0. 0. -1. 0.
0.689 -0.725 -0. 134.609 -0.725 -0.689 -0. -68.983 0. 0. -1. 0.
0.692 -0.722 -0. 135.605 -0.722 -0.692 -0. -69.928 0. 0. -1. 0.
0.701 -0.713 -0. 136.509 -0.713 -0.701 -0. -70.835 0. 0. -1. 0.
0.701 -0.714 -0. 137.512 -0.714 -0.701 -0. -71.725 0. 0. -1. 0.
0.704 -0.710 -0. 138.219 -0.710 -0.704 -0. -72.678 0. 0. -1. 0.
0.709 -0.705 -0. 139.132 -0.705 -0.709 -0. -73.448 0. 0. -1. 0.
0.714 -0.700 -0. 139.902 -0.700 -0.714 -0. -74.288 0. 0. -1. 0.
0.726 -0.688 -0. 140.601 -0.688 -0.726 -0. -75.080 0. 0. -1. 0.
0.740 -0.673 -0. 141.405 -0.673 -0.740 -0. -75.745 0. 0. -1. 0.
0.764 -0.645 -0. 142.007 -0.645 -0.764 -0. -76.374 0. 0. -1. 0.
0.795 -0.607 -0. 142.869 -0.607 -0.795 -0. -76.900 0. 0. -1. 0.
0.832 -0.555 -0. 143.630 -0.555 -0.832 -0. -77.388 0. 0. -1. 0.
0.875 -0.484 -0. 144.251 -0.484 -0.875 -0. -77.847 0. 0. -1. 0.
0.909 -0.417 -0. 145.064 -0.417 -0.909 -0. -78.165 0. 0. -1. 0.
0.938 -0.346 -0. 145.825 -0.346 -0.938 -0. -78.359 0. 0. -1. 0.
0.962 -0.273 -0. 146.458 -0.273 -0.962 -0. -78.646 0. 0. -1. 0.
0.984 -0.179 -0. 147.142 -0.179 -0.984 -0. -78.644 0. 0. -1. 0.
0.996 -0.085 -0. 147.849 -0.085 -0.996 -0. -78.649 0. 0. -1. 0.
1.000 0.021 0. 148.535 0.021 -1.000 -0. -78.596 0. 0. -1. 0.
0.992 0.124 0. 149.208 0.124 -0.992 -0. -78.554 0. 0. -1. 0.
0.973 0.229 0. 149.755 0.229 -0.973 -0. -78.362 0. 0. -1. 0.
0.944 0.331 0. 150.313 0.331 -0.944 -0. -78.152 0. 0. -1. 0.
0.902 0.432 0. 150.802 0.432 -0.902 -0. -77.811 0. 0. -1. 0.
0.843 0.537 0. 151.342 0.537 -0.843 -0. -77.450 0. 0. -1. 0.
0.778 0.629 0. 151.722 0.629 -0.778 -0. -77.056 0. 0. -1. 0.
0.706 0.709 0. 152.145 0.709 -0.706 -0. -76.625 0. 0. -1. 0.
0.608 0.794 0. 152.474 0.794 -0.608 -0. -76.132 0. 0. -1. 0.
0.514 0.858 0. 152.761 0.858 -0.514 -0. -75.567 0. 0. -1. 0.
0.403 0.915 0. 152.954 0.915 -0.403 -0. -75.009 0. 0. -1. 0.
0.293 0.956 0. 153.091 0.956 -0.293 -0. -74.426 0. 0. -1. 0.
0.176 0.984 0. 153.125 0.984 -0.176 -0. -73.889 0. 0. -1. 0.
0.061 0.998 0. 153.109 0.998 -0.061 -0. -73.291 0. 0. -1. 0.
-0.057 0.998 0. 153.131 0.998 0.057 0. -72.711 0. 0. -1. 0.
-0.180 0.984 0. 152.951 0.984 0.180 0. -72.160 0. 0. -1. 0.
-0.292 0.957 0. 152.674 0.957 0.292 0. -71.652 0. 0. -1. 0.
-0.409 0.913 0. 152.491 0.913 0.409 0. -71.221 0. 0. -1. 0.
-0.505 0.863 0. 152.106 0.863 0.505 0. -70.707 0. 0. -1. 0.
-0.600 0.800 0. 151.788 0.800 0.600 0. -70.384 0. 0. -1. 0.
-0.682 0.732 0. 151.365 0.732 0.682 0. -69.893 0. 0. -1. 0.
-0.751 0.660 0. 150.918 0.660 0.751 0. -69.642 0. 0. -1. 0.
-0.802 0.597 0. 150.469 0.597 0.802 0. -69.246 0. 0. -1. 0.
-0.852 0.523 0. 149.990 0.523 0.852 0. -69.161 0. 0. -1. 0.
-0.883 0.469 0. 149.396 0.469 0.883 0. -68.677 0. 0. -1. 0.
-0.914 0.405 0. 148.885 0.405 0.914 0. -68.628 0. 0. -1. 0.
-0.929 0.370 0. 148.275 0.370 0.929 0. -68.262 0. 0. -1. 0.
-0.941 0.338 0. 147.659 0.338 0.941 0. -68.120 0. 0. -1. 0.
-0.951 0.310 0. 146.970 0.310 0.951 0. -67.919 0. 0. -1. 0.
-0.955 0.295 0. 146.213 0.295 0.955 0. -67.705 0. 0. -1. 0.
-0.959 0.283 0. 145.545 0.283 0.959 0. -67.389 0. 0. -1. 0.
-0.961 0.277 0. 144.740 0.277 0.961 0. -67.305 0. 0. -1. 0.
-0.960 0.280 0. 143.943 0.280 0.960 0. -66.852 0. 0. -1. 0.
-0.960 0.281 0. 143.123 0.281 0.960 0. -66.808 0. 0. -1. 0.
-0.957 0.288 0. 142.273 0.288 0.957 0. -66.406 0. 0. -1. 0.
-0.954 0.301 0. 141.282 0.301 0.954 0. -66.058 0. 0. -1. 0.
-0.948 0.319 0. 140.405 0.319 0.948 0. -65.738 0. 0. -1. 0.
-0.942 0.337 0. 139.556 0.337 0.942 0. -65.595 0. 0. -1. 0.
-0.927 0.374 0. 138.621 0.374 0.927 0. -65.092 0. 0. -1. 0.
-0.919 0.394 0. 137.680 0.394 0.919 0. -64.716 0. 0. -1. 0.
-0.903 0.429 0. 136.715 0.429 0.903 0. -64.191 0. 0. -1. 0.
-0.891 0.455 0. 135.765 0.455 0.891 0. -63.670 0. 0. -1. 0.
-0.870 0.494 0. 134.781 0.494 0.870 0. -63.128 0. 0. -1. 0.
-0.850 0.526 0. 133.883 0.526 0.850 0. -62.484 0. 0. -1. 0.
-0.830 0.558 0. 132.847 0.558 0.830 0. -61.715 0. 0. -1. 0.
-0.808 0.589 0. 131.918 0.589 0.808 0. -61.044 0. 0. -1. 0.
-0.779 0.627 0. 130.877 0.627 0.779 0. -60.151 0. 0. -1. 0.
-0.751 0.661 0. 130.008 0.661 0.751 0. -59.354 0. 0. -1. 0.
-0.724 0.689 0. 129.091 0.689 0.724 0. -58.417 0. 0. -1. 0.
-0.697 0.717 0. 128.267 0.717 0.697 0. -57.446 0. 0. -1. 0.
-0.662 0.749 0. 127.296 0.749 0.662 0. -56.385 0. 0. -1. 0.
-0.630 0.776 0. 126.370 0.776 0.630 0. -55.337 0. 0. -1. 0.
-0.595 0.804 0. 125.546 0.804 0.595 0. -54.063 0. 0. -1. 0.
-0.559 0.829 0. 124.764 0.829 0.559 0. -52.797 0. 0. -1. 0.
-0.523 0.852 0. 123.855 0.852 0.523 0. -51.536 0. 0. -1. 0.
-0.490 0.872 0. 123.252 0.872 0.490 0. -50.134 0. 0. -1. 0.
-0.451 0.893 0. 122.494 0.893 0.451 0. -48.805 0. 0. -1. 0.
-0.421 0.907 0. 121.929 0.907 0.421 0. -47.383 0. 0. -1. 0.
-0.400 0.917 0. 121.098 0.917 0.400 0. -46.020 0. 0. -1. 0.
-0.379 0.925 0. 120.839 0.925 0.379 0. -44.417 0. 0. -1. 0.
-0.363 0.932 0. 120.145 0.932 0.363 0. -42.951 0. 0. -1. 0.
-0.344 0.939 0. 119.786 0.939 0.344 0. -41.369 0. 0. -1. 0.
-0.329 0.944 0. 119.186 0.944 0.329 0. -39.822 0. 0. -1. 0.
-0.317 0.949 0. 118.672 0.949 0.317 0. -38.173 0. 0. -1. 0.
-0.310 0.951 0. 118.177 0.951 0.310 0. -36.617 0. 0. -1. 0.
-0.301 0.954 0. 117.581 0.954 0.301 0. -35.003 0. 0. -1. 0.
-0.294 0.956 0. 117.237 0.956 0.294 0. -33.420 0. 0. -1. 0.
-0.298 0.955 0. 116.626 0.955 0.298 0. -31.856 0. 0. -1. 0.
-0.306 0.952 0. 116.209 0.952 0.306 0. -30.361 0. 0. -1. 0.
-0.313 0.950 0. 115.787 0.950 0.313 0. -28.813 0. 0. -1. 0.
-0.320 0.948 0. 115.421 0.948 0.320 0. -27.343 0. 0. -1. 0.
-0.338 0.941 0. 114.797 0.941 0.338 0. -25.963 0. 0. -1. 0.
-0.344 0.939 0. 114.328 0.939 0.344 0. -24.603 0. 0. -1. 0.
-0.360 0.933 0. 113.990 0.933 0.360 0. -23.252 0. 0. -1. 0.
-0.378 0.926 0. 113.467 0.926 0.378 0. -21.931 0. 0. -1. 0.
-0.401 0.916 0. 112.939 0.916 0.401 0. -20.675 0. 0. -1. 0.
-0.428 0.904 0. 112.488 0.904 0.428 0. -19.488 0. 0. -1. 0.
-0.455 0.890 0. 111.880 0.890 0.455 0. -18.352 0. 0. -1. 0.
-0.480 0.877 0. 111.137 0.877 0.480 0. -17.280 0. 0. -1. 0.
-0.508 0.861 0. 110.523 0.861 0.508 0. -16.219 0. 0. -1. 0.
-0.535 0.845 0. 109.813 0.845 0.535 0. -15.234 0. 0. -1. 0.
-0.561 0.827 0. 109.391 0.827 0.561 0. -14.258 0. 0. -1. 0.
-0.584 0.812 0. 108.665 0.812 0.584 0. -13.404 0. 0. -1. 0.
-0.612 0.791 0. 108.069 0.791 0.612 0. -12.490 0. 0. -1. 0.
-0.651 0.759 0. 107.389 0.759 0.651 0. -11.659 0. 0. -1. 0.
-0.683 0.730 0. 106.447 0.730 0.683 0. -10.810 0. 0. -1. 0.
-0.728 0.685 0. 105.857 0.685 0.728 0. -10.042 0. 0. -1. 0.
-0.761 0.648 0. 104.988 0.648 0.761 0. -9.354 0. 0. -1. 0.
-0.799 0.602 0. 103.979 0.602 0.799 0. -8.665 0. 0. -1. 0.
-0.825 0.565 0. 103.060 0.565 0.825 0. -8.052 0. 0. -1. 0.
-0.852 0.524 0. 102.091 0.524 0.852 0. -7.350 0. 0. -1. 0.
-0.881 0.473 0. 101.038 0.473 0.881 0. -6.808 0. 0. -1. 0.
-0.913 0.408 0. 99.959 0.408 0.913 0. -6.293 0. 0. -1. 0.
-0.939 0.344 0. 98.822 0.344 0.939 0. -5.829 0. 0. -1. 0.
-0.959 0.282 0. 97.704 0.282 0.959 0. -5.456 0. 0. -1. 0.
-0.975 0.223 0. 96.475 0.223 0.975 0. -5.238 0. 0. -1. 0.
-0.985 0.174 0. 95.319 0.174 0.985 0. -5.038 0. 0. -1. 0.
-0.988 0.152 0. 94.181 0.152 0.988 0. -4.877 0. 0. -1. 0.
-0.991 0.133 0. 93.080 0.133 0.991 0. -4.677 0. 0. -1. 0.
-0.994 0.113 0. 91.877 0.113 0.994 0. -4.586 0. 0. -1. 0.
-0.995 0.097 0. 90.651 0.097 0.995 0. -4.487 0. 0. -1. 0.
-0.997 0.075 0. 89.385 0.075 0.997 0. -4.290 0. 0. -1. 0.
-0.998 0.065 0. 87.954 0.065 0.998 0. -4.319 0. 0. -1. 0.
-0.999 0.051 0. 86.692 0.051 0.999 0. -4.161 0. 0. -1. 0.
-0.999 0.046 0. 85.227 0.046 0.999 0. -4.074 0. 0. -1. 0.
-0.999 0.042 0. 83.808 0.042 0.999 0. -3.968 0. 0. -1. 0.
-0.999 0.034 0. 82.379 0.034 0.999 0. -3.955 0. 0. -1. 0.
-0.999 0.033 0. 80.930 0.033 0.999 0. -3.981 0. 0. -1. 0.
-1.000 0.031 0. 79.424 0.031 1.000 0. -3.770 0. 0. -1. 0.
-1.000 0.032 0. 77.975 0.032 1.000 0. -3.790 0. 0. -1. 0.
-1.000 0.024 0. 76.519 0.024 1.000 0. -3.616 0. 0. -1. 0.
-1.000 0.020 0. 75.058 0.020 1.000 0. -3.656 0. 0. -1. 0.
-1.000 0.022 0. 73.623 0.022 1.000 0. -3.594 0. 0. -1. 0.
-1. 0.013 0. 72.198 0.013 1. 0. -3.602 0. 0. -1. 0.
-1. 0.009 0. 70.763 0.009 1. 0. -3.637 0. 0. -1. 0.
-1. 0.001 0. 69.255 0.001 1. 0. -3.611 0. 0. -1. 0.
-1. -0.003 -0. 67.689 -0.003 1. 0. -3.583 0. 0. -1. 0.
-1. -0.010 -0. 66.188 -0.010 1. 0. -3.533 0. 0. -1. 0.
-1. -0.010 -0. 64.514 -0.010 1. 0. -3.503 0. 0. -1. 0.
-1. -0.007 -0. 62.937 -0.007 1. 0. -3.550 0. 0. -1. 0.
-1. -0.007 -0. 61.285 -0.007 1. 0. -3.415 0. 0. -1. 0.
-1. -0.002 -0. 59.628 -0.002 1. 0. -3.311 0. 0. -1. 0.
-1. 0.005 0. 57.991 0.005 1. 0. -3.327 0. 0. -1. 0.
-1. 0.013 0. 56.332 0.013 1. 0. -3.303 0. 0. -1. 0.
-1.000 0.024 0. 54.658 0.024 1.000 0. -3.131 0. 0. -1. 0.
-1.000 0.030 0. 52.981 0.030 1.000 0. -2.999 0. 0. -1. 0.
-0.999 0.040 0. 51.369 0.040 0.999 0. -3.170 0. 0. -1. 0.
-0.999 0.046 0. 49.717 0.046 0.999 0. -3.130 0. 0. -1. 0.
-0.999 0.054 0. 48.126 0.054 0.999 0. -3.006 0. 0. -1. 0.
-0.998 0.057 0. 46.563 0.057 0.998 0. -2.877 0. 0. -1. 0.
-0.998 0.058 0. 44.910 0.058 0.998 0. -2.666 0. 0. -1. 0.
-0.998 0.058 0. 43.387 0.058 0.998 0. -2.477 0. 0. -1. 0.
-0.998 0.059 0. 41.733 0.059 0.998 0. -2.414 0. 0. -1. 0.
-0.999 0.054 0. 40.175 0.054 0.999 0. -2.348 0. 0. -1. 0.
-0.998 0.056 0. 38.521 0.056 0.998 0. -2.180 0. 0. -1. 0.
-0.999 0.052 0. 36.946 0.052 0.999 0. -2.117 0. 0. -1. 0.
-0.998 0.061 0. 35.308 0.061 0.998 0. -2.104 0. 0. -1. 0.
-0.998 0.061 0. 33.720 0.061 0.998 0. -1.956 0. 0. -1. 0.
-0.998 0.061 0. 32.160 0.061 0.998 0. -1.801 0. 0. -1. 0.
-0.998 0.067 0. 30.439 0.067 0.998 0. -1.643 0. 0. -1. 0.
-0.998 0.068 0. 28.780 0.068 0.998 0. -1.439 0. 0. -1. 0.
-0.997 0.075 0. 27.229 0.075 0.997 0. -1.359 0. 0. -1. 0.
-0.997 0.082 0. 25.486 0.082 0.997 0. -1.263 0. 0. -1. 0.
-0.997 0.083 0. 23.805 0.083 0.997 0. -1.074 0. 0. -1. 0.
-0.995 0.096 0. 22.215 0.096 0.995 0. -0.936 0. 0. -1. 0.
-0.995 0.100 0. 20.546 0.100 0.995 0. -0.636 0. 0. -1. 0.
-0.994 0.109 0. 18.942 0.109 0.994 0. -0.521 0. 0. -1. 0.
-0.994 0.107 0. 17.337 0.107 0.994 0. -0.321 0. 0. -1. 0.
-0.992 0.125 0. 15.645 0.125 0.992 0. -0.055 0. 0. -1. 0.
-0.992 0.124 0. 14.073 0.124 0.992 0. 0.191 0. 0. -1. 0.
-0.993 0.120 0. 12.450 0.120 0.993 0. 0.389 0. 0. -1. 0.
-0.993 0.120 0. 10.852 0.120 0.993 0. 0.606 0. 0. -1. 0.
-0.993 0.120 0. 9.275 0.120 0.993 0. 0.869 0. 0. -1. 0.
-0.992 0.125 0. 7.638 0.125 0.992 0. 1.087 0. 0. -1. 0.
-0.992 0.127 0. 6.084 0.127 0.992 0. 1.283 0. 0. -1. 0.
-0.992 0.129 0. 4.465 0.129 0.992 0. 1.395 0. 0. -1. 0.
-0.993 0.121 0. 2.819 0.121 0.993 0. 1.692 0. 0. -1. 0.
-0.992 0.128 0. 1.152 0.128 0.992 0. 1.896 0. 0. -1. 0.
-0.993 0.115 0. -0.479 0.115 0.993 0. 2.146 0. 0. -1. 0.
-0.993 0.115 0. -2.191 0.115 0.993 0. 2.312 0. 0. -1. 0.
-0.993 0.117 0. -3.904 0.117 0.993 0. 2.503 0. 0. -1. 0.
-0.993 0.118 0. -5.583 0.118 0.993 0. 2.759 0. 0. -1. 0.
-0.994 0.110 0. -7.417 0.110 0.994 0. 2.953 0. 0. -1. 0.
-0.995 0.100 0. -9.111 0.100 0.995 0. 3.190 0. 0. -1. 0.
-0.994 0.110 0. -10.937 0.110 0.994 0. 3.348 0. 0. -1. 0.
-0.994 0.106 0. -12.720 0.106 0.994 0. 3.614 0. 0. -1. 0.
-0.995 0.102 0. -14.530 0.102 0.995 0. 3.787 0. 0. -1. 0.
-0.995 0.097 0. -16.445 0.097 0.995 0. 4.005 0. 0. -1. 0.
-0.996 0.095 0. -18.323 0.095 0.996 0. 4.219 0. 0. -1. 0.
-0.995 0.098 0. -20.212 0.098 0.995 0. 4.462 0. 0. -1. 0.
-0.996 0.094 0. -22.099 0.094 0.996 0. 4.740 0. 0. -1. 0.
-0.996 0.089 0. -24.022 0.089 0.996 0. 4.836 0. 0. -1. 0.
-0.996 0.087 0. -26.009 0.087 0.996 0. 5.038 0. 0. -1. 0.
-0.997 0.082 0. -27.888 0.082 0.997 0. 5.286 0. 0. -1. 0.
-0.997 0.083 0. -29.925 0.083 0.997 0. 5.410 0. 0. -1. 0.
-0.997 0.073 0. -31.845 0.073 0.997 0. 5.601 0. 0. -1. 0.
-0.997 0.076 0. -33.857 0.076 0.997 0. 5.717 0. 0. -1. 0.
-0.998 0.069 0. -35.746 0.069 0.998 0. 5.910 0. 0. -1. 0.
-0.998 0.069 0. -37.762 0.069 0.998 0. 6.032 0. 0. -1. 0.
-0.998 0.061 0. -39.612 0.061 0.998 0. 6.173 0. 0. -1. 0.
-0.998 0.061 0. -41.604 0.061 0.998 0. 6.312 0. 0. -1. 0.
-0.999 0.053 0. -43.465 0.053 0.999 0. 6.444 0. 0. -1. 0.
-0.999 0.052 0. -45.275 0.052 0.999 0. 6.584 0. 0. -1. 0.
-0.999 0.050 0. -47.098 0.050 0.999 0. 6.662 0. 0. -1. 0.
-0.999 0.039 0. -48.910 0.039 0.999 0. 6.759 0. 0. -1. 0.
-0.999 0.042 0. -50.663 0.042 0.999 0. 6.877 0. 0. -1. 0.
-0.999 0.050 0. -52.395 0.050 0.999 0. 6.932 0. 0. -1. 0.
-0.999 0.049 0. -54.152 0.049 0.999 0. 6.993 0. 0. -1. 0.
-0.999 0.050 0. -55.637 0.050 0.999 0. 7.092 0. 0. -1. 0.
-0.998 0.061 0. -57.119 0.061 0.998 0. 7.215 0. 0. -1. 0.
-0.998 0.056 0. -58.593 0.056 0.998 0. 7.356 0. 0. -1. 0.
-0.997 0.078 0. -59.928 0.078 0.997 0. 7.464 0. 0. -1. 0.
-0.996 0.088 0. -61.144 0.088 0.996 0. 7.580 0. 0. -1. 0.
-0.994 0.114 0. -62.306 0.114 0.994 0. 7.726 0. 0. -1. 0.
-0.991 0.131 0. -63.329 0.131 0.991 0. 7.872 0. 0. -1. 0.
-0.988 0.152 0. -64.298 0.152 0.988 0. 8.085 0. 0. -1. 0.
-0.985 0.170 0. -65.253 0.170 0.985 0. 8.255 0. 0. -1. 0.
-0.984 0.178 0. -66.053 0.178 0.984 0. 8.551 0. 0. -1. 0.
-0.983 0.181 0. -66.995 0.181 0.983 0. 8.608 0. 0. -1. 0.
-0.980 0.197 0. -67.922 0.197 0.980 0. 8.789 0. 0. -1. 0.
-0.979 0.202 0. -68.816 0.202 0.979 0. 8.989 0. 0. -1. 0.
-0.978 0.210 0. -69.681 0.210 0.978 0. 9.204 0. 0. -1. 0.
-0.973 0.230 0. -70.670 0.230 0.973 0. 9.455 0. 0. -1. 0.
-0.970 0.242 0. -71.454 0.242 0.970 0. 9.723 0. 0. -1. 0.
-0.961 0.276 0. -72.394 0.276 0.961 0. 9.977 0. 0. -1. 0.
-0.955 0.295 0. -73.220 0.295 0.955 0. 10.342 0. 0. -1. 0.
-0.946 0.324 0. -74.185 0.324 0.946 0. 10.649 0. 0. -1. 0.
-0.933 0.359 0. -75.094 0.359 0.933 0. 10.953 0. 0. -1. 0.
-0.919 0.394 0. -75.931 0.394 0.919 0. 11.397 0. 0. -1. 0.
-0.907 0.422 0. -76.844 0.422 0.907 0. 11.857 0. 0. -1. 0.
-0.887 0.462 0. -77.672 0.462 0.887 0. 12.365 0. 0. -1. 0.
-0.860 0.511 0. -78.575 0.511 0.860 0. 12.854 0. 0. -1. 0.
-0.838 0.546 0. -79.381 0.546 0.838 0. 13.607 0. 0. -1. 0.
-0.805 0.594 0. -80.201 0.594 0.805 0. 14.135 0. 0. -1. 0.
-0.759 0.651 0. -80.898 0.651 0.759 0. 14.714 0. 0. -1. 0.
-0.722 0.691 0. -81.591 0.691 0.722 0. 15.400 0. 0. -1. 0.
-0.685 0.729 0. -82.137 0.729 0.685 0. 16.183 0. 0. -1. 0.
-0.621 0.784 0. -82.763 0.784 0.621 0. 16.889 0. 0. -1. 0.
-0.570 0.822 0. -83.175 0.822 0.570 0. 17.713 0. 0. -1. 0.
-0.516 0.857 0. -83.540 0.857 0.516 0. 18.564 0. 0. -1. 0.
-0.459 0.889 0. -83.982 0.889 0.459 0. 19.230 0. 0. -1. 0.
-0.402 0.916 0. -84.184 0.916 0.402 0. 20.035 0. 0. -1. 0.
-0.349 0.937 0. -84.507 0.937 0.349 0. 20.938 0. 0. -1. 0.
-0.300 0.954 0. -84.981 0.954 0.300 0. 21.875 0. 0. -1. 0.
-0.256 0.967 0. -85.056 0.967 0.256 0. 22.835 0. 0. -1. 0.
-0.205 0.979 0. -85.149 0.979 0.205 0. 23.837 0. 0. -1. 0.
-0.162 0.987 0. -85.395 0.987 0.162 0. 24.907 0. 0. -1. 0.
-0.122 0.993 0. -85.555 0.993 0.122 0. 25.992 0. 0. -1. 0.
-0.083 0.997 0. -85.507 0.997 0.083 0. 27.080 0. 0. -1. 0.
-0.043 0.999 0. -85.599 0.999 0.043 0. 28.209 0. 0. -1. 0.
-0.010 1. 0. -85.495 1. 0.010 0. 29.373 0. 0. -1. 0.
0.006 1. 0. -85.420 1. -0.006 -0. 30.645 0. 0. -1. 0.
0.020 1.000 0. -85.591 1.000 -0.020 -0. 31.904 0. 0. -1. 0.
0.018 1.000 0. -85.531 1.000 -0.018 -0. 33.116 0. 0. -1. 0.
0.031 1.000 0. -85.468 1.000 -0.031 -0. 34.359 0. 0. -1. 0.
0.049 0.999 0. -85.430 0.999 -0.049 -0. 35.774 0. 0. -1. 0.
0.046 0.999 0. -85.354 0.999 -0.046 -0. 37.125 0. 0. -1. 0.
0.048 0.999 0. -85.226 0.999 -0.048 -0. 38.428 0. 0. -1. 0.
0.048 0.999 0. -85.163 0.999 -0.048 -0. 39.782 0. 0. -1. 0.
0.054 0.999 0. -84.964 0.999 -0.054 -0. 41.169 0. 0. -1. 0.
0.052 0.999 0. -84.935 0.999 -0.052 -0. 42.480 0. 0. -1. 0.
0.055 0.998 0. -84.814 0.998 -0.055 -0. 43.881 0. 0. -1. 0.
0.045 0.999 0. -84.753 0.999 -0.045 -0. 45.283 0. 0. -1. 0.
0.040 0.999 0. -84.764 0.999 -0.040 -0. 46.641 0. 0. -1. 0.
0.043 0.999 0. -84.704 0.999 -0.043 -0. 48.077 0. 0. -1. 0.
0.042 0.999 0. -84.527 0.999 -0.042 -0. 49.535 0. 0. -1. 0.
0.036 0.999 0. -84.508 0.999 -0.036 -0. 50.962 0. 0. -1. 0.
0.036 0.999 0. -84.440 0.999 -0.036 -0. 52.422 0. 0. -1. 0.
0.036 0.999 0. -84.349 0.999 -0.036 -0. 53.893 0. 0. -1. 0.
0.032 0.999 0. -84.362 0.999 -0.032 -0. 55.389 0. 0. -1. 0.
0.035 0.999 0. -84.281 0.999 -0.035 -0. 56.905 0. 0. -1. 0.
0.035 0.999 0. -84.140 0.999 -0.035 -0. 58.408 0. 0. -1. 0.
0.029 1.000 0. -84.073 1.000 -0.029 -0. 59.844 0. 0. -1. 0.
0.032 1.000 0. -84.109 1.000 -0.032 -0. 61.383 0. 0. -1. 0.
0.036 0.999 0. -84.025 0.999 -0.036 -0. 62.963 0. 0. -1. 0.
0.038 0.999 0. -83.888 0.999 -0.038 -0. 64.400 0. 0. -1. 0.
0.044 0.999 0. -83.856 0.999 -0.044 -0. 65.913 0. 0. -1. 0.
0.044 0.999 0. -83.717 0.999 -0.044 -0. 67.373 0. 0. -1. 0.
0.039 0.999 0. -83.648 0.999 -0.039 -0. 68.877 0. 0. -1. 0.
0.036 0.999 0. -83.581 0.999 -0.036 -0. 70.341 0. 0. -1. 0.
0.040 0.999 0. -83.539 0.999 -0.040 -0. 71.796 0. 0. -1. 0.
0.037 0.999 0. -83.383 0.999 -0.037 -0. 73.238 0. 0. -1. 0.
0.038 0.999 0. -83.398 0.999 -0.038 -0. 74.669 0. 0. -1. 0.
0.036 0.999 0. -83.287 0.999 -0.036 -0. 76.116 0. 0. -1. 0.
0.033 0.999 0. -83.215 0.999 -0.033 -0. 77.542 0. 0. -1. 0.
0.029 1.000 0. -83.158 1.000 -0.029 -0. 78.883 0. 0. -1. 0.
0.030 1.000 0. -83.101 1.000 -0.030 -0. 80.247 0. 0. -1. 0.
0.015 1.000 0. -83.015 1.000 -0.015 -0. 81.543 0. 0. -1. 0.
0.012 1. 0. -82.932 1. -0.012 -0. 82.888 0. 0. -1. 0.
0.007 1. 0. -83.084 1. -0.007 -0. 84.067 0. 0. -1. 0.
-0.003 1. 0. -82.848 1. 0.003 0. 85.401 0. 0. -1. 0.
-0.009 1. 0. -83.004 1. 0.009 0. 86.571 0. 0. -1. 0.
-0.035 0.999 0. -83.059 0.999 0.035 0. 87.769 0. 0. -1. 0.
-0.056 0.998 0. -83.047 0.998 0.056 0. 89.105 0. 0. -1. 0.
-0.086 0.996 0. -83.195 0.996 0.086 0. 90.192 0. 0. -1. 0.
-0.110 0.994 0. -83.365 0.994 0.110 0. 91.511 0. 0. -1. 0.
-0.149 0.989 0. -83.295 0.989 0.149 0. 92.779 0. 0. -1. 0.
-0.186 0.983 0. -83.715 0.983 0.186 0. 93.801 0. 0. -1. 0.
-0.225 0.974 0. -84.100 0.974 0.225 0. 94.985 0. 0. -1. 0.
-0.257 0.966 0. -84.270 0.966 0.257 0. 96.241 0. 0. -1. 0.
-0.298 0.954 0. -84.526 0.954 0.298 0. 97.374 0. 0. -1. 0.
-0.336 0.942 0. -84.892 0.942 0.336 0. 98.474 0. 0. -1. 0.
-0.380 0.925 0. -85.350 0.925 0.380 0. 99.559 0. 0. -1. 0.
-0.426 0.905 0. -85.740 0.905 0.426 0. 100.682 0. 0. -1. 0.
-0.467 0.884 0. -86.234 0.884 0.467 0. 101.695 0. 0. -1. 0.
-0.506 0.862 0. -86.810 0.862 0.506 0. 102.732 0. 0. -1. 0.
-0.545 0.839 0. -87.496 0.839 0.545 0. 103.674 0. 0. -1. 0.
-0.572 0.820 0. -88.123 0.820 0.572 0. 104.718 0. 0. -1. 0.
-0.605 0.796 0. -88.922 0.796 0.605 0. 105.625 0. 0. -1. 0.
-0.628 0.778 0. -89.671 0.778 0.628 0. 106.612 0. 0. -1. 0.
-0.651 0.759 0. -90.343 0.759 0.651 0. 107.599 0. 0. -1. 0.
-0.665 0.746 0. -91.185 0.746 0.665 0. 108.579 0. 0. -1. 0.
-0.679 0.734 0. -92.008 0.734 0.679 0. 109.518 0. 0. -1. 0.
-0.678 0.735 0. -93.032 0.735 0.678 0. 110.394 0. 0. -1. 0.
-0.677 0.736 0. -93.861 0.736 0.677 0. 111.383 0. 0. -1. 0.
-0.680 0.733 0. -94.768 0.733 0.680 0. 112.374 0. 0. -1. 0.
-0.678 0.735 0. -95.712 0.735 0.678 0. 113.387 0. 0. -1. 0.
-0.679 0.734 0. -96.628 0.734 0.679 0. 114.388 0. 0. -1. 0.
-0.683 0.730 0. -97.554 0.730 0.683 0. 115.475 0. 0. -1. 0.
-0.678 0.735 0. -98.584 0.735 0.678 0. 116.476 0. 0. -1. 0.
-0.678 0.735 0. -99.519 0.735 0.678 0. 117.552 0. 0. -1. 0.
-0.687 0.727 0. -100.467 0.727 0.687 0. 118.609 0. 0. -1. 0.
-0.678 0.735 0. -101.484 0.735 0.678 0. 119.728 0. 0. -1. 0.
-0.682 0.731 0. -102.502 0.731 0.682 0. 120.730 0. 0. -1. 0.
-0.675 0.738 0. -103.545 0.738 0.675 0. 121.881 0. 0. -1. 0.
-0.677 0.736 0. -104.494 0.736 0.677 0. 123.064 0. 0. -1. 0.
-0.679 0.734 0. -105.440 0.734 0.679 0. 124.317 0. 0. -1. 0.
-0.676 0.737 0. -106.595 0.737 0.676 0. 125.304 0. 0. -1. 0.
-0.678 0.735 0. -107.484 0.735 0.678 0. 126.633 0. 0. -1. 0.
-0.675 0.738 0. -108.659 0.738 0.675 0. 127.633 0. 0. -1. 0.
-0.674 0.739 0. -109.656 0.739 0.674 0. 128.871 0. 0. -1. 0.
-0.678 0.735 0. -110.799 0.735 0.678 0. 130.079 0. 0. -1. 0.
-0.675 0.738 0. -111.786 0.738 0.675 0. 131.437 0. 0. -1. 0.
-0.676 0.737 0. -112.957 0.737 0.676 0. 132.549 0. 0. -1. 0.
-0.672 0.740 0. -114.050 0.740 0.672 0. 133.793 0. 0. -1. 0.
-0.670 0.743 0. -115.142 0.743 0.670 0. 135.114 0. 0. -1. 0.
-0.668 0.744 0. -116.254 0.744 0.668 0. 136.372 0. 0. -1. 0.
-0.669 0.743 0. -117.424 0.743 0.669 0. 137.648 0. 0. -1. 0.
-0.667 0.745 0. -118.475 0.745 0.667 0. 139.036 0. 0. -1. 0.
-0.670 0.742 0. -119.590 0.742 0.670 0. 140.338 0. 0. -1. 0.
-0.667 0.745 0. -120.697 0.745 0.667 0. 141.710 0. 0. -1. 0.
-0.668 0.744 0. -121.863 0.744 0.668 0. 142.977 0. 0. -1. 0.
-0.669 0.743 0. -122.990 0.743 0.669 0. 144.241 0. 0. -1. 0.
-0.664 0.748 0. -124.195 0.748 0.664 0. 145.581 0. 0. -1. 0.
-0.664 0.748 0. -125.255 0.748 0.664 0. 146.934 0. 0. -1. 0.
-0.665 0.747 0. -126.346 0.747 0.665 0. 148.256 0. 0. -1. 0.
-0.666 0.746 0. -127.487 0.746 0.666 0. 149.494 0. 0. -1. 0.
-0.662 0.750 0. -128.622 0.750 0.662 0. 150.843 0. 0. -1. 0.
-0.662 0.750 0. -129.670 0.750 0.662 0. 152.123 0. 0. -1. 0.
-0.663 0.749 0. -130.776 0.749 0.663 0. 153.400 0. 0. -1. 0.
-0.660 0.751 0. -131.869 0.751 0.660 0. 154.733 0. 0. -1. 0.
-0.660 0.751 0. -132.953 0.751 0.660 0. 155.968 0. 0. -1. 0.
-0.653 0.757 0. -134.130 0.757 0.653 0. 157.284 0. 0. -1. 0.
-0.647 0.762 0. -135.209 0.762 0.647 0. 158.558 0. 0. -1. 0.
-0.642 0.767 0. -136.251 0.767 0.642 0. 159.928 0. 0. -1. 0.
-0.628 0.778 0. -137.347 0.778 0.628 0. 161.236 0. 0. -1. 0.
-0.615 0.788 0. -138.421 0.788 0.615 0. 162.590 0. 0. -1. 0.
-0.599 0.801 0. -139.407 0.801 0.599 0. 164.021 0. 0. -1. 0.
-0.586 0.811 0. -140.349 0.811 0.586 0. 165.426 0. 0. -1. 0.
-0.570 0.822 0. -141.211 0.822 0.570 0. 166.879 0. 0. -1. 0.
-0.551 0.835 0. -142.149 0.835 0.551 0. 168.316 0. 0. -1. 0.
-0.532 0.846 0. -143.052 0.846 0.532 0. 169.845 0. 0. -1. 0.
-0.508 0.862 0. -143.948 0.862 0.508 0. 171.290 0. 0. -1. 0.
-0.481 0.877 0. -144.737 0.877 0.481 0. 172.856 0. 0. -1. 0.
-0.455 0.890 0. -145.429 0.890 0.455 0. 174.460 0. 0. -1. 0.
-0.434 0.901 0. -146.105 0.901 0.434 0. 176.092 0. 0. -1. 0.
-0.408 0.913 0. -146.855 0.913 0.408 0. 177.646 0. 0. -1. 0.
-0.377 0.926 0. -147.513 0.926 0.377 0. 179.306 0. 0. -1. 0.
-0.345 0.939 0. -148.322 0.939 0.345 0. 180.937 0. 0. -1. 0.
-0.320 0.948 0. -148.663 0.948 0.320 0. 182.675 0. 0. -1. 0.
-0.292 0.956 0. -149.183 0.956 0.292 0. 184.421 0. 0. -1. 0.
-0.262 0.965 0. -149.535 0.965 0.262 0. 186.133 0. 0. -1. 0.
-0.229 0.973 0. -150.011 0.973 0.229 0. 187.838 0. 0. -1. 0.
-0.197 0.980 0. -150.330 0.980 0.197 0. 189.540 0. 0. -1. 0.
-0.170 0.985 0. -150.584 0.985 0.170 0. 191.315 0. 0. -1. 0.
-0.149 0.989 0. -150.708 0.989 0.149 0. 193.145 0. 0. -1. 0.
-0.125 0.992 0. -150.772 0.992 0.125 0. 194.943 0. 0. -1. 0.
-0.109 0.994 0. -151.125 0.994 0.109 0. 196.673 0. 0. -1. 0.
-0.088 0.996 0. -151.365 0.996 0.088 0. 198.452 0. 0. -1. 0.
-0.071 0.997 0. -151.251 0.997 0.071 0. 200.290 0. 0. -1. 0.
-0.060 0.998 0. -151.296 0.998 0.060 0. 202.127 0. 0. -1. 0.
-0.050 0.999 0. -151.391 0.999 0.050 0. 203.909 0. 0. -1. 0.
-0.049 0.999 0. -151.208 0.999 0.049 0. 205.729 0. 0. -1. 0.
-0.041 0.999 0. -151.391 0.999 0.041 0. 207.568 0. 0. -1. 0.
-0.040 0.999 0. -151.685 0.999 0.040 0. 209.342 0. 0. -1. 0.
-0.045 0.999 0. -151.523 0.999 0.045 0. 211.194 0. 0. -1. 0.
-0.050 0.999 0. -151.613 0.999 0.050 0. 212.961 0. 0. -1. 0.
-0.069 0.998 0. -151.462 0.998 0.069 0. 214.816 0. 0. -1. 0.
-0.082 0.997 0. -151.641 0.997 0.082 0. 216.579 0. 0. -1. 0.
-0.091 0.996 0. -151.838 0.996 0.091 0. 218.368 0. 0. -1. 0.
