0.975 0.222 0. -0.955 0.222 -0.975 0. 0.865 0. 0. -1. 0.
0.975 0.222 0. -0.955 0.222 -0.975 0. 0.865 0. 0. -1. 0.
0.975 0.222 0. -0.955 0.222 -0.975 0. 0.865 0. 0. -1. 0.
0.975 0.222 0. -0.955 0.222 -0.975 0. 0.865 0. 0. -1. 0.
0.975 0.222 0. -0.955 0.222 -0.975 0. 0.865 0. 0. -1. 0.
0.975 0.222 0. -0.955 0.222 -0.975 0. 0.865 0. 0. -1. 0.
0.975 0.222 0. -0.955 0.222 -0.975 0. 0.865 0. 0. -1. 0.
0.975 0.222 0. -0.951 0.222 -0.975 0. 0.865 0. 0. -1. 0.
0.975 0.222 0. -0.929 0.222 -0.975 0. 0.870 0. 0. -1. 0.
0.975 0.221 0. -0.892 0.221 -0.975 0. 0.878 0. 0. -1. 0.
0.976 0.219 0. -0.841 0.219 -0.976 0. 0.888 0. 0. -1. 0.
0.977 0.215 0. -0.772 0.215 -0.977 0. 0.900 0. 0. -1. 0.
0.978 0.207 0. -0.666 0.207 -0.978 0. 0.917 0. 0. -1. 0.
0.981 0.195 0. -0.506 0.195 -0.981 0. 0.940 0. 0. -1. 0.
0.984 0.177 0. -0.280 0.177 -0.984 0. 0.966 0. 0. -1. 0.
0.988 0.154 0. 0.013 0.154 -0.988 0. 0.999 0. 0. -1. 0.
0.992 0.130 0. 0.369 0.130 -0.992 0. 1.027 0. 0. -1. 0.
0.994 0.107 0. 0.791 0.107 -0.994 0. 1.051 0. 0. -1. 0.
0.996 0.091 0. 1.275 0.091 -0.996 0. 1.073 0. 0. -1. 0.
0.997 0.079 0. 1.814 0.079 -0.997 0. 1.110 0. 0. -1. 0.
0.998 0.071 0. 2.405 0.071 -0.998 0. 1.140 0. 0. -1. 0.
0.998 0.069 0. 3.051 0.069 -0.998 0. 1.174 0. 0. -1. 0.
0.997 0.072 0. 3.738 0.072 -0.997 0. 1.213 0. 0. -1. 0.
0.997 0.075 0. 4.457 0.075 -0.997 0. 1.279 0. 0. -1. 0.
0.997 0.079 0. 5.212 0.079 -0.997 0. 1.334 0. 0. -1. 0.
0.996 0.084 0. 5.999 0.084 -0.996 0. 1.388 0. 0. -1. 0.
0.996 0.091 0. 6.843 0.091 -0.996 0. 1.481 0. 0. -1. 0.
0.995 0.099 0. 7.726 0.099 -0.995 0. 1.570 0. 0. -1. 0.
0.994 0.106 0. 8.658 0.106 -0.994 0. 1.647 0. 0. -1. 0.
0.994 0.111 0. 9.626 0.111 -0.994 0. 1.762 0. 0. -1. 0.
0.993 0.115 0. 10.639 0.115 -0.993 0. 1.862 0. 0. -1. 0.
0.993 0.116 0. 11.700 0.116 -0.993 0. 1.965 0. 0. -1. 0.
0.993 0.116 0. 12.822 0.116 -0.993 0. 2.065 0. 0. -1. 0.
0.993 0.116 0. 13.932 0.116 -0.993 0. 2.170 0. 0. -1. 0.
0.993 0.117 0. 15.123 0.117 -0.993 0. 2.269 0. 0. -1. 0.
0.993 0.119 0. 16.427 0.119 -0.993 0. 2.392 0. 0. -1. 0.
0.993 0.121 0. 17.768 0.121 -0.993 0. 2.521 0. 0. -1. 0.
0.992 0.125 0. 19.186 0.125 -0.992 0. 2.672 0. 0. -1. 0.
0.992 0.128 0. 20.681 0.128 -0.992 0. 2.836 0. 0. -1. 0.
0.991 0.132 0. 22.233 0.132 -0.991 0. 3.005 0. 0. -1. 0.
0.991 0.137 0. 23.837 0.137 -0.991 0. 3.196 0. 0. -1. 0.
0.990 0.143 0. 25.489 0.143 -0.990 0. 3.394 0. 0. -1. 0.
0.989 0.147 0. 27.192 0.147 -0.989 0. 3.603 0. 0. -1. 0.
0.988 0.152 0. 28.917 0.152 -0.988 0. 3.808 0. 0. -1. 0.
0.987 0.161 0. 30.702 0.161 -0.987 0. 4.054 0. 0. -1. 0.
0.984 0.175 0. 32.459 0.175 -0.984 0. 4.335 0. 0. -1. 0.
0.982 0.187 0. 34.226 0.187 -0.982 0. 4.638 0. 0. -1. 0.
0.980 0.200 0. 36.081 0.200 -0.980 0. 5.003 0. 0. -1. 0.
0.977 0.211 0. 37.922 0.211 -0.977 0. 5.336 0. 0. -1. 0.
0.975 0.222 0. 39.808 0.222 -0.975 0. 5.723 0. 0. -1. 0.
0.973 0.230 0. 41.776 0.230 -0.973 0. 6.146 0. 0. -1. 0.
0.972 0.237 0. 43.739 0.237 -0.972 0. 6.569 0. 0. -1. 0.
0.970 0.243 0. 45.759 0.243 -0.970 0. 7.027 0. 0. -1. 0.
0.969 0.247 0. 47.792 0.247 -0.969 0. 7.511 0. 0. -1. 0.
0.969 0.248 0. 49.871 0.248 -0.969 0. 7.989 0. 0. -1. 0.
0.969 0.249 0. 51.995 0.249 -0.969 0. 8.481 0. 0. -1. 0.
0.968 0.252 0. 54.102 0.252 -0.968 0. 8.964 0. 0. -1. 0.
0.968 0.253 0. 56.260 0.253 -0.968 0. 9.474 0. 0. -1. 0.
0.967 0.254 0. 58.414 0.254 -0.967 0. 9.979 0. 0. -1. 0.
0.967 0.254 0. 60.541 0.254 -0.967 0. 10.495 0. 0. -1. 0.
0.967 0.253 0. 62.677 0.253 -0.967 0. 11.017 0. 0. -1. 0.
0.968 0.253 0. 64.807 0.253 -0.968 0. 11.537 0. 0. -1. 0.
0.968 0.251 0. 66.930 0.251 -0.968 0. 12.038 0. 0. -1. 0.
0.968 0.250 0. 69.048 0.250 -0.968 0. 12.538 0. 0. -1. 0.
0.970 0.245 0. 71.156 0.245 -0.970 0. 13.036 0. 0. -1. 0.
0.972 0.235 0. 73.257 0.235 -0.972 0. 13.511 0. 0. -1. 0.
0.976 0.218 0. 75.353 0.218 -0.976 0. 13.957 0. 0. -1. 0.
0.981 0.192 0. 77.431 0.192 -0.981 0. 14.357 0. 0. -1. 0.
0.988 0.157 0. 79.530 0.157 -0.988 0. 14.683 0. 0. -1. 0.
0.993 0.115 0. 81.633 0.115 -0.993 0. 14.919 0. 0. -1. 0.
0.998 0.071 0. 83.711 0.071 -0.998 0. 15.063 0. 0. -1. 0.
1.000 0.019 0. 85.796 0.019 -1.000 0. 15.102 0. 0. -1. 0.
0.999 -0.036 0. 87.887 -0.036 -0.999 -0. 15.024 0. 0. -1. 0.
0.996 -0.089 0. 89.938 -0.089 -0.996 -0. 14.836 0. 0. -1. 0.
0.990 -0.142 0. 91.942 -0.142 -0.990 -0. 14.545 0. 0. -1. 0.
0.981 -0.195 0. 93.954 -0.195 -0.981 -0. 14.148 0. 0. -1. 0.
0.968 -0.250 0. 95.914 -0.250 -0.968 -0. 13.640 0. 0. -1. 0.
0.951 -0.308 0. 97.845 -0.308 -0.951 -0. 13.022 0. 0. -1. 0.
0.930 -0.367 0. 99.728 -0.367 -0.930 -0. 12.294 0. 0. -1. 0.
0.905 -0.425 0. 101.563 -0.425 -0.905 -0. 11.436 0. 0. -1. 0.
0.874 -0.486 0. 103.282 -0.486 -0.874 -0. 10.494 0. 0. -1. 0.
0.836 -0.549 0. 104.926 -0.549 -0.836 -0. 9.413 0. 0. -1. 0.
0.792 -0.611 0. 106.494 -0.611 -0.792 -0. 8.236 0. 0. -1. 0.
0.745 -0.667 0. 107.933 -0.667 -0.745 -0. 6.959 0. 0. -1. 0.
0.694 -0.720 0. 109.270 -0.720 -0.694 -0. 5.563 0. 0. -1. 0.
0.645 -0.764 0. 110.503 -0.764 -0.645 -0. 4.087 0. 0. -1. 0.
0.600 -0.800 0. 111.634 -0.800 -0.600 -0. 2.552 0. 0. -1. 0.
0.566 -0.824 0. 112.698 -0.824 -0.566 -0. 0.971 0. 0. -1. 0.
0.548 -0.837 0. 113.731 -0.837 -0.548 -0. -0.640 0. 0. -1. 0.
0.542 -0.840 0. 114.773 -0.840 -0.542 -0. -2.271 0. 0. -1. 0.
0.543 -0.840 0. 115.813 -0.840 -0.543 -0. -3.923 0. 0. -1. 0.
0.550 -0.835 0. 116.864 -0.835 -0.550 -0. -5.586 0. 0. -1. 0.
0.558 -0.830 0. 117.930 -0.830 -0.558 -0. -7.254 0. 0. -1. 0.
0.569 -0.823 0. 119.023 -0.823 -0.569 -0. -8.928 0. 0. -1. 0.
0.584 -0.812 0. 120.154 -0.812 -0.584 -0. -10.597 0. 0. -1. 0.
0.602 -0.799 0. 121.357 -0.799 -0.602 -0. -12.260 0. 0. -1. 0.
0.621 -0.784 0. 122.575 -0.784 -0.621 -0. -13.898 0. 0. -1. 0.
0.642 -0.766 0. 123.854 -0.766 -0.642 -0. -15.527 0. 0. -1. 0.
0.664 -0.748 0. 125.191 -0.748 -0.664 -0. -17.137 0. 0. -1. 0.
0.685 -0.728 0. 126.558 -0.728 -0.685 -0. -18.681 0. 0. -1. 0.
0.708 -0.707 0. 127.974 -0.707 -0.708 -0. -20.189 0. 0. -1. 0.
0.731 -0.682 0. 129.455 -0.682 -0.731 -0. -21.664 0. 0. -1. 0.
0.753 -0.658 0. 130.947 -0.658 -0.753 -0. -23.040 0. 0. -1. 0.
0.774 -0.634 0. 132.483 -0.634 -0.774 -0. -24.380 0. 0. -1. 0.
0.792 -0.610 0. 134.044 -0.610 -0.792 -0. -25.669 0. 0. -1. 0.
0.809 -0.588 0. 135.620 -0.588 -0.809 -0. -26.871 0. 0. -1. 0.
0.822 -0.570 0. 137.244 -0.570 -0.822 -0. -28.071 0. 0. -1. 0.
0.834 -0.552 0. 138.853 -0.552 -0.834 -0. -29.198 0. 0. -1. 0.
0.843 -0.538 0. 140.481 -0.538 -0.843 -0. -30.303 0. 0. -1. 0.
0.852 -0.523 0. 142.123 -0.523 -0.852 -0. -31.370 0. 0. -1. 0.
0.860 -0.510 0. 143.752 -0.510 -0.860 -0. -32.401 0. 0. -1. 0.
0.865 -0.503 0. 145.411 -0.503 -0.865 -0. -33.389 0. 0. -1. 0.
0.863 -0.505 0. 147.043 -0.505 -0.863 -0. -34.375 0. 0. -1. 0.
0.860 -0.510 0. 148.629 -0.510 -0.860 -0. -35.343 0. 0. -1. 0.
0.857 -0.515 0. 150.167 -0.515 -0.857 -0. -36.304 0. 0. -1. 0.
0.854 -0.520 0. 151.647 -0.520 -0.854 -0. -37.234 0. 0. -1. 0.
0.855 -0.518 0. 153.044 -0.518 -0.855 -0. -38.126 0. 0. -1. 0.
0.864 -0.503 0. 154.388 -0.503 -0.864 -0. -38.960 0. 0. -1. 0.
0.886 -0.464 0. 155.675 -0.464 -0.886 -0. -39.695 0. 0. -1. 0.
0.918 -0.397 0. 156.928 -0.397 -0.918 -0. -40.306 0. 0. -1. 0.
0.952 -0.305 0. 158.122 -0.305 -0.952 -0. -40.724 0. 0. -1. 0.
0.981 -0.193 0. 159.253 -0.193 -0.981 -0. -40.977 0. 0. -1. 0.
0.998 -0.061 0. 160.374 -0.061 -0.998 -0. -41.075 0. 0. -1. 0.
0.996 0.084 0. 161.480 0.084 -0.996 0. -41.006 0. 0. -1. 0.
0.972 0.236 0. 162.521 0.236 -0.972 0. -40.762 0. 0. -1. 0.
0.922 0.388 0. 163.466 0.388 -0.922 0. -40.380 0. 0. -1. 0.
0.846 0.533 0. 164.322 0.533 -0.846 0. -39.845 0. 0. -1. 0.
0.746 0.665 0. 165.085 0.665 -0.746 0. -39.196 0. 0. -1. 0.
0.621 0.784 0. 165.710 0.784 -0.621 0. -38.430 0. 0. -1. 0.
0.469 0.883 0. 166.184 0.883 -0.469 0. -37.559 0. 0. -1. 0.
0.291 0.957 0. 166.511 0.957 -0.291 0. -36.565 0. 0. -1. 0.
0.097 0.995 0. 166.648 0.995 -0.097 0. -35.473 0. 0. -1. 0.
-0.107 0.994 0. 166.563 0.994 0.107 0. -34.338 0. 0. -1. 0.
-0.309 0.951 0. 166.232 0.951 0.309 0. -33.203 0. 0. -1. 0.
-0.495 0.869 0. 165.660 0.869 0.495 0. -32.123 0. 0. -1. 0.
-0.656 0.755 0. 164.861 0.755 0.656 0. -31.132 0. 0. -1. 0.
-0.784 0.621 0. 163.849 0.621 0.784 0. -30.281 0. 0. -1. 0.
-0.876 0.482 0. 162.686 0.482 0.876 0. -29.577 0. 0. -1. 0.
-0.935 0.355 0. 161.372 0.355 0.935 0. -29.034 0. 0. -1. 0.
-0.968 0.252 0. 159.940 0.252 0.968 0. -28.601 0. 0. -1. 0.
-0.986 0.166 0. 158.431 0.166 0.986 0. -28.295 0. 0. -1. 0.
-0.994 0.109 0. 156.878 0.109 0.994 0. -28.100 0. 0. -1. 0.
-0.997 0.082 0. 155.238 0.082 0.997 0. -27.944 0. 0. -1. 0.
-0.998 0.069 0. 153.561 0.069 0.998 0. -27.790 0. 0. -1. 0.
-0.998 0.061 0. 151.895 0.061 0.998 0. -27.642 0. 0. -1. 0.
-0.998 0.060 0. 150.173 0.060 0.998 0. -27.524 0. 0. -1. 0.
-0.998 0.069 0. 148.416 0.069 0.998 0. -27.387 0. 0. -1. 0.
-0.996 0.091 0. 146.651 0.091 0.996 0. -27.231 0. 0. -1. 0.
-0.991 0.133 0. 144.839 0.133 0.991 0. -26.976 0. 0. -1. 0.
-0.983 0.181 0. 143.025 0.181 0.983 0. -26.610 0. 0. -1. 0.
-0.972 0.235 0. 141.224 0.235 0.972 0. -26.164 0. 0. -1. 0.
-0.956 0.292 0. 139.424 0.292 0.956 0. -25.602 0. 0. -1. 0.
-0.937 0.351 0. 137.633 0.351 0.937 0. -24.916 0. 0. -1. 0.
-0.913 0.408 0. 135.858 0.408 0.913 0. -24.118 0. 0. -1. 0.
-0.885 0.465 0. 134.123 0.465 0.885 0. -23.203 0. 0. -1. 0.
-0.852 0.524 0. 132.420 0.524 0.852 0. -22.163 0. 0. -1. 0.
-0.814 0.581 0. 130.783 0.581 0.814 0. -20.977 0. 0. -1. 0.
-0.772 0.636 0. 129.229 0.636 0.772 0. -19.687 0. 0. -1. 0.
-0.727 0.687 0. 127.746 0.687 0.727 0. -18.288 0. 0. -1. 0.
-0.682 0.732 0. 126.366 0.732 0.682 0. -16.812 0. 0. -1. 0.
-0.641 0.767 0. 125.046 0.767 0.641 0. -15.241 0. 0. -1. 0.
-0.604 0.797 0. 123.794 0.797 0.604 0. -13.587 0. 0. -1. 0.
-0.576 0.817 0. 122.649 0.817 0.576 0. -11.893 0. 0. -1. 0.
-0.559 0.829 0. 121.529 0.829 0.559 0. -10.134 0. 0. -1. 0.
-0.548 0.837 0. 120.416 0.837 0.548 0. -8.366 0. 0. -1. 0.
-0.540 0.841 0. 119.325 0.841 0.540 0. -6.591 0. 0. -1. 0.
-0.539 0.842 0. 118.234 0.842 0.539 0. -4.800 0. 0. -1. 0.
-0.544 0.839 0. 117.141 0.839 0.544 0. -3.022 0. 0. -1. 0.
-0.553 0.833 0. 116.043 0.833 0.553 0. -1.255 0. 0. -1. 0.
-0.567 0.824 0. 114.920 0.824 0.567 0. 0.481 0. 0. -1. 0.
-0.584 0.812 0. 113.775 0.812 0.584 0. 2.179 0. 0. -1. 0.
-0.606 0.795 0. 112.601 0.795 0.606 0. 3.830 0. 0. -1. 0.
-0.634 0.773 0. 111.384 0.773 0.634 0. 5.432 0. 0. -1. 0.
-0.671 0.742 0. 110.106 0.742 0.671 0. 6.974 0. 0. -1. 0.
-0.714 0.700 0. 108.757 0.700 0.714 0. 8.402 0. 0. -1. 0.
-0.761 0.648 0. 107.336 0.648 0.761 0. 9.723 0. 0. -1. 0.
-0.810 0.586 0. 105.813 0.586 0.810 0. 10.939 0. 0. -1. 0.
-0.856 0.517 0. 104.232 0.517 0.856 0. 11.994 0. 0. -1. 0.
-0.895 0.445 0. 102.580 0.445 0.895 0. 12.919 0. 0. -1. 0.
-0.928 0.372 0. 100.843 0.372 0.928 0. 13.704 0. 0. -1. 0.
-0.954 0.299 0. 99.018 0.299 0.954 0. 14.361 0. 0. -1. 0.
-0.974 0.228 0. 97.143 0.228 0.974 0. 14.878 0. 0. -1. 0.
-0.987 0.161 0. 95.219 0.161 0.987 0. 15.266 0. 0. -1. 0.
-0.995 0.100 0. 93.266 0.100 0.995 0. 15.533 0. 0. -1. 0.
-0.999 0.043 0. 91.283 0.043 0.999 0. 15.686 0. 0. -1. 0.
-1. -0.008 0. 89.290 -0.008 1. 0. 15.729 -0. 0. -1. 0.
-0.998 -0.057 0. 87.250 -0.057 0.998 0. 15.685 -0. 0. -1. 0.
-0.995 -0.105 0. 85.191 -0.105 0.995 0. 15.529 -0. 0. -1. 0.
-0.989 -0.145 0. 83.121 -0.145 0.989 0. 15.290 -0. 0. -1. 0.
-0.985 -0.174 0. 81.041 -0.174 0.985 0. 14.977 -0. 0. -1. 0.
-0.981 -0.194 0. 78.907 -0.194 0.981 0. 14.607 -0. 0. -1. 0.
-0.978 -0.211 0. 76.771 -0.211 0.978 0. 14.186 -0. 0. -1. 0.
-0.975 -0.222 0. 74.641 -0.222 0.975 0. 13.749 -0. 0. -1. 0.
-0.973 -0.232 0. 72.495 -0.232 0.973 0. 13.287 -0. 0. -1. 0.
-0.971 -0.241 0. 70.352 -0.241 0.971 0. 12.809 -0. 0. -1. 0.
-0.969 -0.248 0. 68.226 -0.248 0.969 0. 12.306 -0. 0. -1. 0.
-0.967 -0.253 0. 66.098 -0.253 0.967 0. 11.806 -0. 0. -1. 0.
-0.967 -0.257 0. 63.992 -0.257 0.967 0. 11.283 -0. 0. -1. 0.
-0.966 -0.257 0. 61.884 -0.257 0.966 0. 10.758 -0. 0. -1. 0.
-0.966 -0.258 0. 59.784 -0.258 0.966 0. 10.240 -0. 0. -1. 0.
-0.966 -0.259 0. 57.681 -0.259 0.966 0. 9.729 -0. 0. -1. 0.
-0.966 -0.260 0. 55.590 -0.260 0.966 0. 9.223 -0. 0. -1. 0.
-0.965 -0.261 0. 53.522 -0.261 0.965 0. 8.712 -0. 0. -1. 0.
-0.965 -0.263 0. 51.493 -0.263 0.965 0. 8.218 -0. 0. -1. 0.
-0.965 -0.263 0. 49.462 -0.263 0.965 0. 7.713 -0. 0. -1. 0.
-0.964 -0.265 0. 47.469 -0.265 0.964 0. 7.197 -0. 0. -1. 0.
-0.965 -0.263 0. 45.496 -0.263 0.965 0. 6.682 -0. 0. -1. 0.
-0.966 -0.258 0. 43.519 -0.258 0.966 0. 6.213 -0. 0. -1. 0.
-0.968 -0.252 0. 41.570 -0.252 0.968 0. 5.741 -0. 0. -1. 0.
-0.971 -0.241 0. 39.612 -0.241 0.971 0. 5.274 -0. 0. -1. 0.
-0.974 -0.227 0. 37.681 -0.227 0.974 0. 4.850 -0. 0. -1. 0.
-0.977 -0.212 0. 35.735 -0.212 0.977 0. 4.463 -0. 0. -1. 0.
-0.980 -0.199 0. 33.731 -0.199 0.980 0. 4.099 -0. 0. -1. 0.
-0.982 -0.188 0. 31.776 -0.188 0.982 0. 3.740 -0. 0. -1. 0.
-0.984 -0.176 0. 29.762 -0.176 0.984 0. 3.430 -0. 0. -1. 0.
-0.986 -0.168 0. 27.749 -0.168 0.986 0. 3.133 -0. 0. -1. 0.
-0.987 -0.162 0. 25.751 -0.162 0.987 0. 2.860 -0. 0. -1. 0.
-0.988 -0.158 0. 23.707 -0.158 0.988 0. 2.570 -0. 0. -1. 0.
-0.988 -0.155 0. 21.661 -0.155 0.988 0. 2.300 -0. 0. -1. 0.
-0.988 -0.152 0. 19.585 -0.152 0.988 0. 2.025 -0. 0. -1. 0.
-0.989 -0.150 0. 17.499 -0.150 0.989 0. 1.750 -0. 0. -1. 0.
-0.989 -0.148 0. 15.389 -0.148 0.989 0. 1.470 -0. 0. -1. 0.
-0.989 -0.147 0. 13.302 -0.147 0.989 0. 1.194 -0. 0. -1. 0.
-0.990 -0.144 0. 11.176 -0.144 0.990 0. 0.919 -0. 0. -1. 0.
-0.990 -0.143 0. 9.059 -0.143 0.990 0. 0.649 -0. 0. -1. 0.
-0.990 -0.140 0. 6.965 -0.140 0.990 0. 0.377 -0. 0. -1. 0.
-0.990 -0.140 0. 4.913 -0.140 0.990 0. 0.116 -0. 0. -1. 0.
-0.990 -0.139 0. 2.897 -0.139 0.990 0. -0.148 -0. 0. -1. 0.
-0.990 -0.139 0. 0.937 -0.139 0.990 0. -0.401 -0. 0. -1. 0.
-0.990 -0.142 0. -0.976 -0.142 0.990 0. -0.639 -0. 0. -1. 0.
-0.989 -0.146 0. -2.887 -0.146 0.989 0. -0.881 -0. 0. -1. 0.
-0.989 -0.151 0. -4.755 -0.151 0.989 0. -1.128 -0. 0. -1. 0.
-0.988 -0.155 0. -6.616 -0.155 0.988 0. -1.373 -0. 0. -1. 0.
-0.987 -0.160 0. -8.470 -0.160 0.987 0. -1.626 -0. 0. -1. 0.
-0.986 -0.166 0. -10.323 -0.166 0.986 0. -1.910 -0. 0. -1. 0.
-0.985 -0.171 0. -12.135 -0.171 0.985 0. -2.215 -0. 0. -1. 0.
-0.984 -0.177 0. -13.952 -0.177 0.984 0. -2.525 -0. 0. -1. 0.
-0.984 -0.180 0. -15.793 -0.180 0.984 0. -2.823 -0. 0. -1. 0.
-0.983 -0.185 0. -17.598 -0.185 0.983 0. -3.112 -0. 0. -1. 0.
-0.982 -0.190 0. -19.413 -0.190 0.982 0. -3.403 -0. 0. -1. 0.
-0.981 -0.192 0. -21.233 -0.192 0.981 0. -3.716 -0. 0. -1. 0.
-0.981 -0.194 0. -23.045 -0.194 0.981 0. -4.002 -0. 0. -1. 0.
-0.981 -0.196 0. -24.863 -0.196 0.981 0. -4.303 -0. 0. -1. 0.
-0.980 -0.200 0. -26.696 -0.200 0.980 0. -4.622 -0. 0. -1. 0.
-0.979 -0.203 0. -28.571 -0.203 0.979 0. -4.961 -0. 0. -1. 0.
-0.979 -0.205 0. -30.468 -0.205 0.979 0. -5.344 -0. 0. -1. 0.
-0.978 -0.208 0. -32.406 -0.208 0.978 0. -5.736 -0. 0. -1. 0.
-0.978 -0.211 0. -34.380 -0.211 0.978 0. -6.145 -0. 0. -1. 0.
-0.977 -0.213 0. -36.359 -0.213 0.977 0. -6.546 -0. 0. -1. 0.
-0.977 -0.215 0. -38.315 -0.215 0.977 0. -6.936 -0. 0. -1. 0.
-0.976 -0.217 0. -40.307 -0.217 0.976 0. -7.335 -0. 0. -1. 0.
-0.976 -0.220 0. -42.289 -0.220 0.976 0. -7.742 -0. 0. -1. 0.
-0.974 -0.224 0. -44.233 -0.224 0.974 0. -8.122 -0. 0. -1. 0.
-0.973 -0.232 0. -46.172 -0.232 0.973 0. -8.534 -0. 0. -1. 0.
-0.971 -0.238 0. -48.021 -0.238 0.971 0. -8.949 -0. 0. -1. 0.
-0.970 -0.244 0. -49.822 -0.244 0.970 0. -9.356 -0. 0. -1. 0.
-0.968 -0.250 0. -51.564 -0.250 0.968 0. -9.766 -0. 0. -1. 0.
-0.967 -0.255 0. -53.217 -0.255 0.967 0. -10.155 -0. 0. -1. 0.
-0.966 -0.260 0. -54.804 -0.260 0.966 0. -10.549 -0. 0. -1. 0.
-0.965 -0.262 0. -56.326 -0.262 0.965 0. -10.940 -0. 0. -1. 0.
-0.966 -0.259 0. -57.787 -0.259 0.966 0. -11.308 -0. 0. -1. 0.
-0.969 -0.246 0. -59.177 -0.246 0.969 0. -11.640 -0. 0. -1. 0.
-0.975 -0.222 0. -60.510 -0.222 0.975 0. -11.922 -0. 0. -1. 0.
-0.982 -0.189 0. -61.781 -0.189 0.982 0. -12.141 -0. 0. -1. 0.
-0.989 -0.148 0. -62.989 -0.148 0.989 0. -12.306 -0. 0. -1. 0.
-0.996 -0.094 0. -64.161 -0.094 0.996 0. -12.415 -0. 0. -1. 0.
-1.000 -0.028 0. -65.304 -0.028 1.000 0. -12.437 -0. 0. -1. 0.
-0.999 0.051 0. -66.425 0.051 0.999 0. -12.369 0. 0. -1. 0.
-0.989 0.146 0. -67.532 0.146 0.989 0. -12.205 0. 0. -1. 0.
-0.967 0.254 0. -68.584 0.254 0.967 0. -11.907 0. 0. -1. 0.
-0.930 0.369 0. -69.573 0.369 0.930 0. -11.525 0. 0. -1. 0.
-0.874 0.486 0. -70.484 0.486 0.874 0. -10.991 0. 0. -1. 0.
-0.801 0.599 0. -71.323 0.599 0.801 0. -10.345 0. 0. -1. 0.
-0.712 0.702 0. -72.117 0.702 0.712 0. -9.567 0. 0. -1. 0.
-0.613 0.790 0. -72.818 0.790 0.613 0. -8.635 0. 0. -1. 0.
-0.512 0.859 0. -73.424 0.859 0.512 0. -7.578 0. 0. -1. 0.
-0.428 0.904 0. -73.948 0.904 0.428 0. -6.400 0. 0. -1. 0.
-0.366 0.931 0. -74.416 0.931 0.366 0. -5.107 0. 0. -1. 0.
-0.321 0.947 0. -74.856 0.947 0.321 0. -3.719 0. 0. -1. 0.
-0.288 0.958 0. -75.271 0.958 0.288 0. -2.231 0. 0. -1. 0.
-0.267 0.964 0. -75.683 0.964 0.267 0. -0.667 0. 0. -1. 0.
-0.255 0.967 0. -76.092 0.967 0.255 0. 0.975 0. 0. -1. 0.
-0.250 0.968 0. -76.487 0.968 0.250 0. 2.661 0. 0. -1. 0.
-0.247 0.969 0. -76.881 0.969 0.247 0. 4.389 0. 0. -1. 0.
-0.244 0.970 0. -77.282 0.970 0.244 0. 6.181 0. 0. -1. 0.
-0.242 0.970 0. -77.695 0.970 0.242 0. 7.973 0. 0. -1. 0.
-0.237 0.972 0. -78.098 0.972 0.237 0. 9.777 0. 0. -1. 0.
-0.227 0.974 0. -78.501 0.974 0.227 0. 11.622 0. 0. -1. 0.
-0.215 0.977 0. -78.878 0.977 0.215 0. 13.480 0. 0. -1. 0.
-0.201 0.980 0. -79.233 0.980 0.201 0. 15.331 0. 0. -1. 0.
-0.182 0.983 0. -79.545 0.983 0.182 0. 17.191 0. 0. -1. 0.
-0.163 0.987 0. -79.832 0.987 0.163 0. 19.056 0. 0. -1. 0.
-0.145 0.989 0. -80.071 0.989 0.145 0. 20.942 0. 0. -1. 0.
-0.131 0.991 0. -80.250 0.991 0.131 0. 22.818 0. 0. -1. 0.
-0.128 0.992 0. -80.416 0.992 0.128 0. 24.632 0. 0. -1. 0.
-0.132 0.991 0. -80.618 0.991 0.132 0. 26.486 0. 0. -1. 0.
-0.141 0.990 0. -80.849 0.990 0.141 0. 28.361 0. 0. -1. 0.
-0.152 0.988 0. -81.072 0.988 0.152 0. 30.185 0. 0. -1. 0.
-0.165 0.986 0. -81.335 0.986 0.165 0. 31.986 0. 0. -1. 0.
-0.178 0.984 0. -81.628 0.984 0.178 0. 33.900 0. 0. -1. 0.
-0.191 0.981 0. -81.970 0.981 0.191 0. 35.794 0. 0. -1. 0.
-0.201 0.980 0. -82.304 0.980 0.201 0. 37.704 0. 0. -1. 0.
-0.211 0.978 0. -82.674 0.978 0.211 0. 39.612 0. 0. -1. 0.
-0.219 0.976 0. -83.060 0.976 0.219 0. 41.515 0. 0. -1. 0.
-0.227 0.974 0. -83.470 0.974 0.227 0. 43.419 0. 0. -1. 0.
-0.234 0.972 0. -83.902 0.972 0.234 0. 45.335 0. 0. -1. 0.
-0.240 0.971 0. -84.321 0.971 0.240 0. 47.206 0. 0. -1. 0.
-0.244 0.970 0. -84.735 0.970 0.244 0. 49.070 0. 0. -1. 0.
-0.249 0.969 0. -85.159 0.969 0.249 0. 50.933 0. 0. -1. 0.
-0.254 0.967 0. -85.591 0.967 0.254 0. 52.748 0. 0. -1. 0.
-0.259 0.966 0. -86.045 0.966 0.259 0. 54.542 0. 0. -1. 0.
-0.264 0.965 0. -86.482 0.965 0.264 0. 56.300 0. 0. -1. 0.
-0.269 0.963 0. -86.926 0.963 0.269 0. 58.053 0. 0. -1. 0.
-0.277 0.961 0. -87.356 0.961 0.277 0. 59.773 0. 0. -1. 0.
-0.297 0.955 0. -87.846 0.955 0.297 0. 61.457 0. 0. -1. 0.
-0.323 0.946 0. -88.367 0.946 0.323 0. 63.094 0. 0. -1. 0.
-0.365 0.931 0. -88.895 0.931 0.365 0. 64.670 0. 0. -1. 0.
-0.425 0.905 0. -89.555 0.905 0.425 0. 66.171 0. 0. -1. 0.
-0.495 0.869 0. -90.301 0.869 0.495 0. 67.626 0. 0. -1. 0.
-0.570 0.822 0. -91.142 0.822 0.570 0. 68.964 0. 0. -1. 0.
-0.650 0.760 0. -92.074 0.760 0.650 0. 70.211 0. 0. -1. 0.
-0.731 0.683 0. -93.154 0.683 0.731 0. 71.316 0. 0. -1. 0.
-0.806 0.591 0. -94.331 0.591 0.806 0. 72.265 0. 0. -1. 0.
-0.872 0.490 0. -95.606 0.490 0.872 0. 73.022 0. 0. -1. 0.
-0.923 0.384 0. -96.951 0.384 0.923 0. 73.620 0. 0. -1. 0.
-0.959 0.283 0. -98.333 0.283 0.959 0. 74.079 0. 0. -1. 0.
-0.982 0.191 0. -99.734 0.191 0.982 0. 74.379 0. 0. -1. 0.
-0.993 0.115 0. -101.135 0.115 0.993 0. 74.602 0. 0. -1. 0.
-0.999 0.052 0. -102.567 0.052 0.999 0. 74.694 0. 0. -1. 0.
-1. -0.006 0. -104.005 -0.006 1. 0. 74.755 -0. 0. -1. 0.
-0.999 -0.046 0. -105.474 -0.046 0.999 0. 74.732 -0. 0. -1. 0.
-0.998 -0.068 0. -107.007 -0.068 0.998 0. 74.609 -0. 0. -1. 0.
-0.998 -0.068 0. -108.532 -0.068 0.998 0. 74.564 -0. 0. -1. 0.
-0.999 -0.054 0. -110.135 -0.054 0.999 0. 74.455 -0. 0. -1. 0.
-1.000 -0.025 0. -111.793 -0.025 1.000 0. 74.439 -0. 0. -1. 0.
-1.000 0.021 0. -113.482 0.021 1.000 0. 74.470 0. 0. -1. 0.
-0.997 0.082 0. -115.236 0.082 0.997 0. 74.605 0. 0. -1. 0.
-0.988 0.156 0. -116.973 0.156 0.988 0. 74.894 0. 0. -1. 0.
-0.974 0.226 0. -118.754 0.226 0.974 0. 75.338 0. 0. -1. 0.
-0.957 0.290 0. -120.535 0.290 0.957 0. 75.883 0. 0. -1. 0.
-0.940 0.342 0. -122.295 0.342 0.940 0. 76.541 0. 0. -1. 0.
-0.922 0.386 0. -124.073 0.386 0.922 0. 77.296 0. 0. -1. 0.
-0.908 0.420 0. -125.843 0.420 0.908 0. 78.139 0. 0. -1. 0.
-0.895 0.447 0. -127.614 0.447 0.895 0. 79.043 0. 0. -1. 0.
-0.885 0.466 0. -129.393 0.466 0.885 0. 80.008 0. 0. -1. 0.
-0.877 0.481 0. -131.177 0.481 0.877 0. 81.010 0. 0. -1. 0.
-0.869 0.494 0. -132.983 0.494 0.869 0. 82.061 0. 0. -1. 0.
-0.864 0.503 0. -134.807 0.503 0.864 0. 83.168 0. 0. -1. 0.
-0.860 0.510 0. -136.653 0.510 0.860 0. 84.314 0. 0. -1. 0.
-0.857 0.515 0. -138.524 0.515 0.857 0. 85.501 0. 0. -1. 0.
-0.857 0.515 0. -140.446 0.515 0.857 0. 86.715 0. 0. -1. 0.
-0.857 0.516 0. -142.379 0.516 0.857 0. 87.936 0. 0. -1. 0.
-0.856 0.516 0. -144.347 0.516 0.856 0. 89.193 0. 0. -1. 0.
-0.856 0.516 0. -146.362 0.516 0.856 0. 90.468 0. 0. -1. 0.
-0.857 0.516 0. -148.405 0.516 0.857 0. 91.752 0. 0. -1. 0.
-0.857 0.516 0. -150.473 0.516 0.857 0. 93.084 0. 0. -1. 0.
-0.857 0.515 0. -152.561 0.515 0.857 0. 94.411 0. 0. -1. 0.
-0.858 0.514 0. -154.689 0.514 0.858 0. 95.741 0. 0. -1. 0.
-0.858 0.514 0. -156.825 0.514 0.858 0. 97.090 0. 0. -1. 0.
-0.858 0.514 0. -158.984 0.514 0.858 0. 98.466 0. 0. -1. 0.
-0.858 0.514 0. -161.147 0.514 0.858 0. 99.832 0. 0. -1. 0.
-0.858 0.514 0. -163.318 0.514 0.858 0. 101.191 0. 0. -1. 0.
-0.858 0.514 0. -165.492 0.514 0.858 0. 102.556 0. 0. -1. 0.
-0.857 0.515 0. -167.645 0.515 0.857 0. 103.916 0. 0. -1. 0.
-0.857 0.515 0. -169.807 0.515 0.857 0. 105.291 0. 0. -1. 0.
-0.857 0.516 0. -171.943 0.516 0.857 0. 106.649 0. 0. -1. 0.
-0.855 0.518 0. -174.102 0.518 0.855 0. 107.986 0. 0. -1. 0.
-0.851 0.526 0. -176.234 0.526 0.851 0. 109.316 0. 0. -1. 0.
-0.845 0.534 0. -178.328 0.534 0.845 0. 110.692 0. 0. -1. 0.
-0.839 0.544 0. -180.385 0.544 0.839 0. 112.084 0. 0. -1. 0.
-0.831 0.556 0. -182.410 0.556 0.831 0. 113.487 0. 0. -1. 0.
-0.816 0.578 0. -184.401 0.578 0.816 0. 114.916 0. 0. -1. 0.
-0.796 0.606 0. -186.307 0.606 0.796 0. 116.411 0. 0. -1. 0.
-0.775 0.631 0. -188.148 0.631 0.775 0. 117.962 0. 0. -1. 0.
-0.751 0.660 0. -189.939 0.660 0.751 0. 119.541 0. 0. -1. 0.
-0.722 0.692 0. -191.649 0.692 0.722 0. 121.189 0. 0. -1. 0.
-0.689 0.725 0. -193.267 0.725 0.689 0. 122.909 0. 0. -1. 0.
-0.652 0.758 0. -194.817 0.758 0.652 0. 124.695 0. 0. -1. 0.
-0.613 0.790 0. -196.261 0.790 0.613 0. 126.552 0. 0. -1. 0.
-0.572 0.820 0. -197.589 0.820 0.572 0. 128.471 0. 0. -1. 0.
-0.531 0.848 0. -198.821 0.848 0.531 0. 130.459 0. 0. -1. 0.
-0.488 0.873 0. -199.946 0.873 0.488 0. 132.493 0. 0. -1. 0.
-0.449 0.894 0. -200.964 0.894 0.449 0. 134.573 0. 0. -1. 0.
-0.417 0.909 0. -201.907 0.909 0.417 0. 136.703 0. 0. -1. 0.
-0.391 0.921 0. -202.793 0.921 0.391 0. 138.846 0. 0. -1. 0.
-0.373 0.928 0. -203.637 0.928 0.373 0. 141.055 0. 0. -1. 0.
-0.363 0.932 0. -204.460 0.932 0.363 0. 143.275 0. 0. -1. 0.
-0.356 0.934 0. -205.272 0.934 0.356 0. 145.529 0. 0. -1. 0.
-0.353 0.935 0. -206.066 0.935 0.353 0. 147.787 0. 0. -1. 0.
-0.352 0.936 0. -206.865 0.936 0.352 0. 150.074 0. 0. -1. 0.
-0.354 0.935 0. -207.663 0.935 0.354 0. 152.361 0. 0. -1. 0.
-0.357 0.934 0. -208.469 0.934 0.357 0. 154.632 0. 0. -1. 0.
-0.359 0.933 0. -209.285 0.933 0.359 0. 156.903 0. 0. -1. 0.
-0.367 0.930 0. -210.096 0.930 0.367 0. 159.141 0. 0. -1. 0.
-0.383 0.924 0. -210.943 0.924 0.383 0. 161.364 0. 0. -1. 0.
-0.404 0.915 0. -211.830 0.915 0.404 0. 163.536 0. 0. -1. 0.
-0.429 0.903 0. -212.762 0.903 0.429 0. 165.651 0. 0. -1. 0.
-0.457 0.890 0. -213.758 0.890 0.457 0. 167.726 0. 0. -1. 0.
-0.488 0.873 0. -214.793 0.873 0.488 0. 169.728 0. 0. -1. 0.
-0.529 0.848 0. -215.900 0.848 0.529 0. 171.669 0. 0. -1. 0.
-0.577 0.817 0. -217.117 0.817 0.577 0. 173.524 0. 0. -1. 0.
-0.632 0.775 0. -218.385 0.775 0.632 0. 175.263 0. 0. -1. 0.
-0.690 0.724 0. -219.805 0.724 0.690 0. 176.898 0. 0. -1. 0.
-0.744 0.668 0. -221.339 0.668 0.744 0. 178.378 0. 0. -1. 0.
-0.794 0.608 0. -222.962 0.608 0.794 0. 179.724 0. 0. -1. 0.
-0.839 0.544 0. -224.670 0.544 0.839 0. 180.939 0. 0. -1. 0.
-0.880 0.475 0. -226.472 0.475 0.880 0. 182.041 0. 0. -1. 0.
-0.915 0.404 0. -228.360 0.404 0.915 0. 182.987 0. 0. -1. 0.
-0.943 0.334 0. -230.327 0.334 0.943 0. 183.785 0. 0. -1. 0.
-0.964 0.266 0. -232.377 0.266 0.964 0. 184.441 0. 0. -1. 0.
-0.979 0.205 0. -234.486 0.205 0.979 0. 184.979 0. 0. -1. 0.
-0.988 0.152 0. -236.660 0.152 0.988 0. 185.410 0. 0. -1. 0.
-0.994 0.108 0. -238.875 0.108 0.994 0. 185.727 0. 0. -1. 0.
-0.997 0.075 0. -241.124 0.075 0.997 0. 185.953 0. 0. -1. 0.
-0.999 0.050 0. -243.402 0.050 0.999 0. 186.123 0. 0. -1. 0.
-0.999 0.034 0. -245.727 0.034 0.999 0. 186.253 0. 0. -1. 0.
-1.000 0.022 0. -248.049 0.022 1.000 0. 186.359 0. 0. -1. 0.
-1. 0.013 0. -250.434 0.013 1. 0. 186.447 0. 0. -1. 0.
-1. 0.009 0. -252.840 0.009 1. 0. 186.512 0. 0. -1. 0.
-1. 0.008 0. -255.257 0.008 1. 0. 186.572 0. 0. -1. 0.
-1. 0.010 0. -257.715 0.010 1. 0. 186.657 0. 0. -1. 0.
-1. 0.011 0. -260.154 0.011 1. 0. 186.738 0. 0. -1. 0.
-1. 0.013 0. -262.599 0.013 1. 0. 186.814 0. 0. -1. 0.
-1. 0.014 0. -265.046 0.014 1. 0. 186.895 0. 0. -1. 0.
-1.000 0.016 0. -267.454 0.016 1.000 0. 186.972 0. 0. -1. 0.
-1.000 0.018 0. -269.855 0.018 1.000 0. 187.050 0. 0. -1. 0.
-1.000 0.021 0. -272.230 0.021 1.000 0. 187.153 0. 0. -1. 0.
-1.000 0.023 0. -274.577 0.023 1.000 0. 187.265 0. 0. -1. 0.
-1.000 0.027 0. -276.878 0.027 1.000 0. 187.375 0. 0. -1. 0.
-1.000 0.031 0. -279.136 0.031 1.000 0. 187.503 0. 0. -1. 0.
-0.999 0.038 0. -281.309 0.038 0.999 0. 187.634 0. 0. -1. 0.
-0.999 0.047 0. -283.399 0.047 0.999 0. 187.772 0. 0. -1. 0.
-0.998 0.056 0. -285.386 0.056 0.998 0. 187.924 0. 0. -1. 0.
-0.998 0.069 0. -287.275 0.069 0.998 0. 188.086 0. 0. -1. 0.
-0.996 0.088 0. -289.067 0.088 0.996 0. 188.274 0. 0. -1. 0.
-0.993 0.114 0. -290.696 0.114 0.993 0. 188.472 0. 0. -1. 0.
-0.989 0.146 0. -292.248 0.146 0.989 0. 188.754 0. 0. -1. 0.
-0.984 0.179 0. -293.683 0.179 0.984 0. 189.021 0. 0. -1. 0.
-0.979 0.205 0. -295.016 0.205 0.979 0. 189.366 0. 0. -1. 0.
-0.975 0.221 0. -296.275 0.221 0.975 0. 189.661 0. 0. -1. 0.
-0.974 0.228 0. -297.498 0.228 0.974 0. 189.979 0. 0. -1. 0.
-0.973 0.230 0. -298.699 0.230 0.973 0. 190.297 0. 0. -1. 0.
-0.975 0.222 0. -299.833 0.222 0.975 0. 190.569 0. 0. -1. 0.
-0.978 0.209 0. -300.925 0.209 0.978 0. 190.860 0. 0. -1. 0.
-0.981 0.192 0. -301.982 0.192 0.981 0. 191.053 0. 0. -1. 0.
-0.984 0.178 0. -302.967 0.178 0.984 0. 191.245 0. 0. -1. 0.
-0.985 0.171 0. -303.904 0.171 0.985 0. 191.492 0. 0. -1. 0.
-0.986 0.168 0. -304.838 0.168 0.986 0. 191.600 0. 0. -1. 0.
-0.986 0.165 0. -305.655 0.165 0.986 0. 191.810 0. 0. -1. 0.
-0.986 0.166 0. -306.384 0.166 0.986 0. 191.979 0. 0. -1. 0.
-0.986 0.166 0. -307.023 0.166 0.986 0. 192.040 0. 0. -1. 0.
-0.986 0.166 0. -307.602 0.166 0.986 0. 192.172 0. 0. -1. 0.
-0.986 0.169 0. -308.139 0.169 0.986 0. 192.280 0. 0. -1. 0.
-0.985 0.170 0. -308.616 0.170 0.985 0. 192.347 0. 0. -1. 0.
-0.985 0.171 0. -309.041 0.171 0.985 0. 192.435 0. 0. -1. 0.
-0.985 0.174 0. -309.382 0.174 0.985 0. 192.498 0. 0. -1. 0.
-0.985 0.175 0. -309.662 0.175 0.985 0. 192.539 0. 0. -1. 0.
-0.984 0.176 0. -309.902 0.176 0.984 0. 192.582 0. 0. -1. 0.
-0.984 0.180 0. -310.161 0.180 0.984 0. 192.629 0. 0. -1. 0.
-0.983 0.185 0. -310.432 0.185 0.983 0. 192.689 0. 0. -1. 0.
-0.981 0.193 0. -310.715 0.193 0.981 0. 192.747 0. 0. -1. 0.
-0.978 0.208 0. -311.087 0.208 0.978 0. 192.827 0. 0. -1. 0.
-0.973 0.229 0. -311.612 0.229 0.973 0. 192.935 0. 0. -1. 0.
-0.964 0.264 0. -312.210 0.264 0.964 0. 193.157 0. 0. -1. 0.
-0.952 0.305 0. -312.869 0.305 0.952 0. 193.334 0. 0. -1. 0.
-0.932 0.362 0. -313.615 0.362 0.932 0. 193.637 0. 0. -1. 0.
-0.903 0.429 0. -314.401 0.429 0.903 0. 193.993 0. 0. -1. 0.
-0.862 0.507 0. -315.216 0.507 0.862 0. 194.454 0. 0. -1. 0.
-0.806 0.591 0. -315.865 0.591 0.806 0. 195.146 0. 0. -1. 0.
-0.733 0.680 0. -316.550 0.680 0.733 0. 195.711 0. 0. -1. 0.
-0.665 0.747 0. -317.210 0.747 0.665 0. 196.467 0. 0. -1. 0.
-0.580 0.814 0. -317.694 0.814 0.580 0. 197.398 0. 0. -1. 0.
-0.489 0.872 0. -318.259 0.872 0.489 0. 198.355 0. 0. -1. 0.
-0.397 0.918 0. -318.723 0.918 0.397 0. 199.475 0. 0. -1. 0.
-0.310 0.951 0. -319.075 0.951 0.310 0. 200.718 0. 0. -1. 0.
-0.243 0.970 0. -319.430 0.970 0.243 0. 202.084 0. 0. -1. 0.
-0.191 0.982 0. -319.680 0.982 0.191 0. 203.579 0. 0. -1. 0.
-0.145 0.989 0. -319.910 0.989 0.145 0. 205.200 0. 0. -1. 0.
-0.104 0.995 0. -320.076 0.995 0.104 0. 206.949 0. 0. -1. 0.
-0.071 0.997 0. -320.175 0.997 0.071 0. 208.813 0. 0. -1. 0.
-0.047 0.999 0. -320.243 0.999 0.047 0. 210.783 0. 0. -1. 0.
-0.033 0.999 0. -320.264 0.999 0.033 0. 212.849 0. 0. -1. 0.
-0.027 1.000 0. -320.278 1.000 0.027 0. 215.018 0. 0. -1. 0.
-0.023 1.000 0. -320.287 1.000 0.023 0. 217.274 0. 0. -1. 0.
-0.020 1.000 0. -320.282 1.000 0.020 0. 219.636 0. 0. -1. 0.
-0.020 1.000 0. -320.277 1.000 0.020 0. 222.106 0. 0. -1. 0.
-0.019 1.000 0. -320.268 1.000 0.019 0. 224.651 0. 0. -1. 0.
-0.018 1.000 0. -320.257 1.000 0.018 0. 227.250 0. 0. -1. 0.
-0.016 1.000 0. -320.243 1.000 0.016 0. 229.924 0. 0. -1. 0.
-0.015 1.000 0. -320.226 1.000 0.015 0. 232.676 0. 0. -1. 0.
-0.014 1. 0. -320.203 1. 0.014 0. 235.506 0. 0. -1. 0.
-0.012 1. 0. -320.176 1. 0.012 0. 238.432 0. 0. -1. 0.
-0.010 1. 0. -320.147 1. 0.010 0. 241.431 0. 0. -1. 0.
-0.006 1. 0. -320.100 1. 0.006 0. 244.517 0. 0. -1. 0.
-0.003 1. 0. -320.044 1. 0.003 0. 247.673 0. 0. -1. 0.
-0. 1. 0. -319.975 1. 0. 0. 250.916 0. 0. -1. 0.
0.002 1. 0. -319.895 1. -0.002 0. 254.242 0. 0. -1. 0.
0.003 1. 0. -319.810 1. -0.003 0. 257.649 0. 0. -1. 0.
0.004 1. 0. -319.722 1. -0.004 0. 261.133 0. 0. -1. 0.
0.004 1. 0. -319.623 1. -0.004 0. 264.705 0. 0. -1. 0.
0.005 1. 0. -319.527 1. -0.005 0. 268.350 0. 0. -1. 0.
0.005 1. 0. -319.425 1. -0.005 0. 272.074 0. 0. -1. 0.
0.005 1. 0. -319.325 1. -0.005 0. 275.869 0. 0. -1. 0.
0.005 1. 0. -319.220 1. -0.005 0. 279.751 0. 0. -1. 0.
0.005 1. 0. -319.117 1. -0.005 0. 283.705 0. 0. -1. 0.
0.005 1. 0. -319.013 1. -0.005 0. 287.736 0. 0. -1. 0.
0.006 1. 0. -318.907 1. -0.006 0. 291.826 0. 0. -1. 0.
0.007 1. 0. -318.788 1. -0.007 0. 295.983 0. 0. -1. 0.
0.007 1. 0. -318.664 1. -0.007 0. 300.203 0. 0. -1. 0.
0.007 1. 0. -318.542 1. -0.007 0. 304.464 0. 0. -1. 0.
0.007 1. 0. -318.425 1. -0.007 0. 308.757 0. 0. -1. 0.
0.007 1. 0. -318.296 1. -0.007 0. 313.073 0. 0. -1. 0.
0.008 1. 0. -318.178 1. -0.008 0. 317.396 0. 0. -1. 0.
0.009 1. 0. -318.046 1. -0.009 0. 321.701 0. 0. -1. 0.
0.009 1. 0. -317.898 1. -0.009 0. 325.984 0. 0. -1. 0.
0.007 1. 0. -317.766 1. -0.007 0. 330.246 0. 0. -1. 0.
0.005 1. 0. -317.649 1. -0.005 0. 334.490 0. 0. -1. 0.
0.002 1. 0. -317.543 1. -0.002 0. 338.721 0. 0. -1. 0.
0.000 1. 0. -317.453 1. -0.000 0. 342.921 0. 0. -1. 0.
-0.001 1. 0. -317.367 1. 0.001 0. 347.093 0. 0. -1. 0.
-0.002 1. 0. -317.276 1. 0.002 0. 351.247 0. 0. -1. 0.
-0.002 1. 0. -317.201 1. 0.002 0. 355.354 0. 0. -1. 0.
-0.002 1. 0. -317.124 1. 0.002 0. 359.448 0. 0. -1. 0.
-0.002 1. 0. -317.040 1. 0.002 0. 363.518 0. 0. -1. 0.
-0.002 1. 0. -316.961 1. 0.002 0. 367.558 0. 0. -1. 0.
-0.003 1. 0. -316.885 1. 0.003 0. 371.571 0. 0. -1. 0.
-0.003 1. 0. -316.811 1. 0.003 0. 375.556 0. 0. -1. 0.
-0.002 1. 0. -316.728 1. 0.002 0. 379.532 0. 0. -1. 0.
-0.002 1. 0. -316.640 1. 0.002 0. 383.470 0. 0. -1. 0.
-0.001 1. 0. -316.573 1. 0.001 0. 387.380 0. 0. -1. 0.
0. 1. 0. -316.486 1. -0. 0. 391.288 0. 0. -1. 0.
0.001 1. 0. -316.394 1. -0.001 0. 395.163 0. 0. -1. 0.
0.003 1. 0. -316.302 1. -0.003 0. 399.020 0. 0. -1. 0.
0.004 1. 0. -316.207 1. -0.004 0. 402.862 0. 0. -1. 0.
0.005 1. 0. -316.112 1. -0.005 0. 406.681 0. 0. -1. 0.
0.006 1. 0. -316.006 1. -0.006 0. 410.470 0. 0. -1. 0.
0.004 1. 0. -315.893 1. -0.004 0. 414.229 0. 0. -1. 0.
0.004 1. 0. -315.797 1. -0.004 0. 417.943 0. 0. -1. 0.
0.002 1. 0. -315.708 1. -0.002 0. 421.602 0. 0. -1. 0.
0.002 1. 0. -315.642 1. -0.002 0. 425.211 0. 0. -1. 0.
0.002 1. 0. -315.554 1. -0.002 0. 428.767 0. 0. -1. 0.
0.002 1. 0. -315.472 1. -0.002 0. 432.274 0. 0. -1. 0.
0.003 1. 0. -315.395 1. -0.003 0. 435.710 0. 0. -1. 0.
0.003 1. 0. -315.311 1. -0.003 0. 439.102 0. 0. -1. 0.
0.005 1. 0. -315.226 1. -0.005 0. 442.434 0. 0. -1. 0.
0.006 1. 0. -315.131 1. -0.006 0. 445.716 0. 0. -1. 0.
0.007 1. 0. -315.033 1. -0.007 0. 448.940 0. 0. -1. 0.
0.009 1. 0. -314.946 1. -0.009 0. 452.107 0. 0. -1. 0.
0.010 1. 0. -314.855 1. -0.010 0. 455.220 0. 0. -1. 0.
0.010 1. 0. -314.757 1. -0.010 0. 458.283 0. 0. -1. 0.
0.011 1. 0. -314.659 1. -0.011 0. 461.282 0. 0. -1. 0.
0.011 1. 0. -314.559 1. -0.011 0. 464.207 0. 0. -1. 0.
0.011 1. 0. -314.468 1. -0.011 0. 467.026 0. 0. -1. 0.
0.012 1. 0. -314.379 1. -0.012 0. 469.740 0. 0. -1. 0.
0.012 1. 0. -314.290 1. -0.012 0. 472.340 0. 0. -1. 0.
0.013 1. 0. -314.201 1. -0.013 0. 474.828 0. 0. -1. 0.
0.012 1. 0. -314.121 1. -0.012 0. 477.196 0. 0. -1. 0.
0.011 1. 0. -314.048 1. -0.011 0. 479.407 0. 0. -1. 0.
0.010 1. 0. -313.986 1. -0.010 0. 481.469 0. 0. -1. 0.
0.008 1. 0. -313.934 1. -0.008 0. 483.373 0. 0. -1. 0.
0.005 1. 0. -313.890 1. -0.005 0. 485.110 0. 0. -1. 0.
0.003 1. 0. -313.853 1. -0.003 0. 486.683 0. 0. -1. 0.
0.001 1. 0. -313.820 1. -0.001 0. 488.092 0. 0. -1. 0.
-0.001 1. 0. -313.794 1. 0.001 0. 489.344 0. 0. -1. 0.
-0.004 1. 0. -313.776 1. 0.004 0. 490.430 0. 0. -1. 0.
-0.006 1. 0. -313.762 1. 0.006 0. 491.370 0. 0. -1. 0.
-0.008 1. 0. -313.747 1. 0.008 0. 492.206 0. 0. -1. 0.
-0.010 1. 0. -313.741 1. 0.010 0. 492.940 0. 0. -1. 0.
-0.012 1. 0. -313.734 1. 0.012 0. 493.572 0. 0. -1. 0.
-0.014 1. 0. -313.729 1. 0.014 0. 494.096 0. 0. -1. 0.
-0.015 1.000 0. -313.727 1.000 0.015 0. 494.524 0. 0. -1. 0.
-0.017 1.000 0. -313.726 1.000 0.017 0. 494.875 0. 0. -1. 0.
-0.018 1.000 0. -313.720 1.000 0.018 0. 495.169 0. 0. -1. 0.
-0.018 1.000 0. -313.720 1.000 0.018 0. 495.424 0. 0. -1. 0.
-0.019 1.000 0. -313.719 1.000 0.019 0. 495.638 0. 0. -1. 0.
-0.020 1.000 0. -313.719 1.000 0.020 0. 495.818 0. 0. -1. 0.
-0.020 1.000 0. -313.719 1.000 0.020 0. 495.963 0. 0. -1. 0.
-0.020 1.000 0. -313.719 1.000 0.020 0. 496.073 0. 0. -1. 0.
-0.021 1.000 0. -313.719 1.000 0.021 0. 496.148 0. 0. -1. 0.
-0.021 1.000 0. -313.719 1.000 0.021 0. 496.191 0. 0. -1. 0.
-0.021 1.000 0. -313.719 1.000 0.021 0. 496.199 0. 0. -1. 0.
-0.021 1.000 0. -313.719 1.000 0.021 0. 496.199 0. 0. -1. 0.
-0.021 1.000 0. -313.719 1.000 0.021 0. 496.198 0. 0. -1. 0.
-0.021 1.000 0. -313.719 1.000 0.021 0. 496.198 0. 0. -1. 0.
-0.021 1.000 0. -313.719 1.000 0.021 0. 496.198 0. 0. -1. 0.
-0.021 1.000 0. -313.719 1.000 0.021 0. 496.198 0. 0. -1. 0.
-0.021 1.000 0. -313.719 1.000 0.021 0. 496.198 0. 0. -1. 0.
-0.021 1.000 0. -313.719 1.000 0.021 0. 496.198 0. 0. -1. 0.
-0.021 1.000 0. -313.719 1.000 0.021 0. 496.198 0. 0. -1. 0.
-0.021 1.000 0. -313.719 1.000 0.021 0. 496.198 0. 0. -1. 0.
-0.021 1.000 0. -313.719 1.000 0.021 0. 496.198 0. 0. -1. 0.
-0.021 1.000 0. -313.719 1.000 0.021 0. 496.198 0. 0. -1. 0.
-0.021 1.000 0. -313.719 1.000 0.021 0. 496.198 0. 0. -1. 0.
-0.021 1.000 0. -313.719 1.000 0.021 0. 496.198 0. 0. -1. 0.
-0.021 1.000 0. -313.719 1.000 0.021 0. 496.198 0. 0. -1. 0.
-0.021 1.000 0. -313.719 1.000 0.021 0. 496.198 0. 0. -1. 0.
-0.021 1.000 0. -313.719 1.000 0.021 0. 496.199 0. 0. -1. 0.
-0.021 1.000 0. -313.719 1.000 0.021 0. 496.198 0. 0. -1. 0.
-0.021 1.000 0. -313.719 1.000 0.021 0. 496.199 0. 0. -1. 0.
-0.021 1.000 0. -313.719 1.000 0.021 0. 496.199 0. 0. -1. 0.
-0.021 1.000 0. -313.719 1.000 0.021 0. 496.199 0. 0. -1. 0.
-0.021 1.000 0. -313.719 1.000 0.021 0. 496.199 0. 0. -1. 0.
-0.021 1.000 0. -313.719 1.000 0.021 0. 496.199 0. 0. -1. 0.
-0.021 1.000 0. -313.719 1.000 0.021 0. 496.199 0. 0. -1. 0.
-0.021 1.000 0. -313.719 1.000 0.021 0. 496.199 0. 0. -1. 0.
-0.021 1.000 0. -313.719 1.000 0.021 0. 496.199 0. 0. -1. 0.
-0.021 1.000 0. -313.719 1.000 0.021 0. 496.199 0. 0. -1. 0.
-0.021 1.000 0. -313.719 1.000 0.021 0. 496.199 0. 0. -1. 0.
-0.021 1.000 0. -313.719 1.000 0.021 0. 496.199 0. 0. -1. 0.
-0.021 1.000 0. -313.719 1.000 0.021 0. 496.199 0. 0. -1. 0.
-0.021 1.000 0. -313.719 1.000 0.021 0. 496.199 0. 0. -1. 0.
-0.021 1.000 0. -313.719 1.000 0.021 0. 496.199 0. 0. -1. 0.
-0.021 1.000 0. -313.719 1.000 0.021 0. 496.199 0. 0. -1. 0.
-0.021 1.000 0. -313.719 1.000 0.021 0. 496.199 0. 0. -1. 0.
-0.021 1.000 0. -313.719 1.000 0.021 0. 496.199 0. 0. -1. 0.
-0.021 1.000 0. -313.719 1.000 0.021 0. 496.199 0. 0. -1. 0.
-0.021 1.000 0. -313.719 1.000 0.021 0. 496.199 0. 0. -1. 0.
-0.021 1.000 0. -313.719 1.000 0.021 0. 496.199 0. 0. -1. 0.
-0.021 1.000 0. -313.719 1.000 0.021 0. 496.199 0. 0. -1. 0.
-0.021 1.000 0. -313.719 1.000 0.021 0. 496.199 0. 0. -1. 0.
-0.021 1.000 0. -313.719 1.000 0.021 0. 496.199 0. 0. -1. 0.
-0.021 1.000 0. -313.719 1.000 0.021 0. 496.199 0. 0. -1. 0.
-0.021 1.000 0. -313.719 1.000 0.021 0. 496.199 0. 0. -1. 0.
-0.021 1.000 0. -313.719 1.000 0.021 0. 496.199 0. 0. -1. 0.
-0.021 1.000 0. -313.719 1.000 0.021 0. 496.199 0. 0. -1. 0.
-0.021 1.000 0. -313.719 1.000 0.021 0. 496.199 0. 0. -1. 0.
-0.021 1.000 0. -313.719 1.000 0.021 0. 496.199 0. 0. -1. 0.
-0.021 1.000 0. -313.719 1.000 0.021 0. 496.199 0. 0. -1. 0.
-0.021 1.000 0. -313.719 1.000 0.021 0. 496.199 0. 0. -1. 0.
-0.021 1.000 0. -313.719 1.000 0.021 0. 496.199 0. 0. -1. 0.
-0.021 1.000 0. -313.719 1.000 0.021 0. 496.199 0. 0. -1. 0.
-0.021 1.000 0. -313.719 1.000 0.021 0. 496.199 0. 0. -1. 0.
-0.021 1.000 0. -313.719 1.000 0.021 0. 496.199 0. 0. -1. 0.
-0.021 1.000 0. -313.719 1.000 0.021 0. 496.199 0. 0. -1. 0.
-0.021 1.000 0. -313.719 1.000 0.021 0. 496.199 0. 0. -1. 0.
-0.021 1.000 0. -313.719 1.000 0.021 0. 496.199 0. 0. -1. 0.
-0.021 1.000 0. -313.719 1.000 0.021 0. 496.199 0. 0. -1. 0.
-0.021 1.000 0. -313.719 1.000 0.021 0. 496.199 0. 0. -1. 0.
-0.021 1.000 0. -313.719 1.000 0.021 0. 496.199 0. 0. -1. 0.
-0.021 1.000 0. -313.719 1.000 0.021 0. 496.199 0. 0. -1. 0.
-0.021 1.000 0. -313.719 1.000 0.021 0. 496.199 0. 0. -1. 0.
-0.021 1.000 0. -313.719 1.000 0.021 0. 496.199 0. 0. -1. 0.
-0.021 1.000 0. -313.719 1.000 0.021 0. 496.199 0. 0. -1. 0.
-0.021 1.000 0. -313.719 1.000 0.021 0. 496.199 0. 0. -1. 0.
-0.021 1.000 0. -313.719 1.000 0.021 0. 496.199 0. 0. -1. 0.
-0.021 1.000 0. -313.719 1.000 0.021 0. 496.199 0. 0. -1. 0.
-0.021 1.000 0. -313.719 1.000 0.021 0. 496.199 0. 0. -1. 0.
-0.021 1.000 0. -313.719 1.000 0.021 0. 496.199 0. 0. -1. 0.
-0.021 1.000 0. -313.719 1.000 0.021 0. 496.199 0. 0. -1. 0.
-0.021 1.000 0. -313.719 1.000 0.021 0. 496.199 0. 0. -1. 0.
-0.021 1.000 0. -313.719 1.000 0.021 0. 496.199 0. 0. -1. 0.
-0.021 1.000 0. -313.719 1.000 0.021 0. 496.199 0. 0. -1. 0.
-0.021 1.000 0. -313.719 1.000 0.021 0. 496.199 0. 0. -1. 0.
-0.021 1.000 0. -313.719 1.000 0.021 0. 496.199 0. 0. -1. 0.
-0.021 1.000 0. -313.719 1.000 0.021 0. 496.199 0. 0. -1. 0.
-0.021 1.000 0. -313.719 1.000 0.021 0. 496.199 0. 0. -1. 0.
-0.021 1.000 0. -313.719 1.000 0.021 0. 496.199 0. 0. -1. 0.
-0.021 1.000 0. -313.719 1.000 0.021 0. 496.199 0. 0. -1. 0.
-0.021 1.000 0. -313.719 1.000 0.021 0. 496.199 0. 0. -1. 0.
-0.021 1.000 0. -313.719 1.000 0.021 0. 496.199 0. 0. -1. 0.
-0.021 1.000 0. -313.719 1.000 0.021 0. 496.198 0. 0. -1. 0.
-0.021 1.000 0. -313.719 1.000 0.021 0. 496.200 0. 0. -1. 0.
-0.021 1.000 0. -313.720 1.000 0.021 0. 496.217 0. 0. -1. 0.
-0.021 1.000 0. -313.720 1.000 0.021 0. 496.256 0. 0. -1. 0.
-0.022 1.000 0. -313.721 1.000 0.022 0. 496.326 0. 0. -1. 0.
-0.022 1.000 0. -313.722 1.000 0.022 0. 496.430 0. 0. -1. 0.
-0.023 1.000 0. -313.723 1.000 0.023 0. 496.558 0. 0. -1. 0.
-0.024 1.000 0. -313.725 1.000 0.024 0. 496.710 0. 0. -1. 0.
-0.025 1.000 0. -313.726 1.000 0.025 0. 496.883 0. 0. -1. 0.
-0.026 1.000 0. -313.727 1.000 0.026 0. 497.078 0. 0. -1. 0.
-0.028 1.000 0. -313.728 1.000 0.028 0. 497.293 0. 0. -1. 0.
