1. 0. 0. 0. 0. -1. -0. 0. 0. 0. -1. 0.
1. -0.003 -0. 0.033 -0.003 -1. -0. 0.013 0. 0. -1. 0.
1. -0.005 -0. 0.022 -0.005 -1. -0. -0.046 0. 0. -1. 0.
1. -0.001 -0. 0.014 -0.001 -1. -0. 0.004 0. 0. -1. 0.
1. -0.002 -0. 0.020 -0.002 -1. -0. -0.009 0. 0. -1. 0.
1. 0.002 0. 0.001 0.002 -1. -0. -0.055 0. 0. -1. 0.
1. 0.002 0. 0.026 0.002 -1. -0. -0.054 0. 0. -1. 0.
1. -0.005 -0. 0.009 -0.005 -1. -0. -0.021 0. 0. -1. 0.
1. 0.002 0. 0.011 0.002 -1. -0. -0.061 0. 0. -1. 0.
1. -0.003 -0. 0.008 -0.003 -1. -0. 0.009 0. 0. -1. 0.
1. -0.000 -0. 0.011 -0.000 -1. -0. -0.033 0. 0. -1. 0.
1. 0.003 0. 0.019 0.003 -1. -0. -0.040 0. 0. -1. 0.
1. -0.002 -0. 0.017 -0.002 -1. -0. 0.007 0. 0. -1. 0.
1. -0.002 -0. 0.004 -0.002 -1. -0. 0.000 0. 0. -1. 0.
1. -0.002 -0. 0.019 -0.002 -1. -0. -0.060 0. 0. -1. 0.
1. 0.003 0. 0.002 0.003 -1. -0. -0.027 0. 0. -1. 0.
1. 0.003 0. 0.029 0.003 -1. -0. -0.064 0. 0. -1. 0.
1. 0. 0. 0.027 0. -1. -0. -0.048 0. 0. -1. 0.
1. -0.007 -0. 0.046 -0.007 -1. -0. -0.000 0. 0. -1. 0.
1. -0.004 -0. 0.052 -0.004 -1. -0. -0.075 0. 0. -1. 0.
1. -0.004 -0. 0.142 -0.004 -1. -0. -0.020 0. 0. -1. 0.
1.000 -0.018 -0. 0.156 -0.018 -1.000 -0. -0.109 0. 0. -1. 0.
1.000 -0.028 -0. 0.299 -0.028 -1.000 -0. -0.094 0. 0. -1. 0.
0.999 -0.039 -0. 0.511 -0.039 -0.999 -0. -0.137 0. 0. -1. 0.
0.998 -0.069 -0. 0.732 -0.069 -0.998 -0. -0.176 0. 0. -1. 0.
0.994 -0.111 -0. 0.995 -0.111 -0.994 -0. -0.157 0. 0. -1. 0.
0.990 -0.142 -0. 1.285 -0.142 -0.990 -0. -0.292 0. 0. -1. 0.
0.984 -0.175 -0. 1.718 -0.175 -0.984 -0. -0.304 0. 0. -1. 0.
0.977 -0.212 -0. 2.174 -0.212 -0.977 -0. -0.403 0. 0. -1. 0.
0.973 -0.229 -0. 2.647 -0.229 -0.973 -0. -0.619 0. 0. -1. 0.
0.969 -0.245 -0. 3.150 -0.245 -0.969 -0. -0.750 0. 0. -1. 0.
0.968 -0.251 -0. 3.681 -0.251 -0.968 -0. -0.835 0. 0. -1. 0.
0.969 -0.248 -0. 4.294 -0.248 -0.969 -0. -1.034 0. 0. -1. 0.
0.967 -0.254 -0. 4.977 -0.254 -0.967 -0. -1.182 0. 0. -1. 0.
0.968 -0.250 -0. 5.648 -0.250 -0.968 -0. -1.366 0. 0. -1. 0.
0.968 -0.250 -0. 6.353 -0.250 -0.968 -0. -1.560 0. 0. -1. 0.
0.972 -0.233 -0. 7.094 -0.233 -0.972 -0. -1.834 0. 0. -1. 0.
0.974 -0.226 -0. 7.912 -0.226 -0.974 -0. -1.992 0. 0. -1. 0.
0.975 -0.224 -0. 8.776 -0.224 -0.975 -0. -2.179 0. 0. -1. 0.
0.977 -0.212 -0. 9.573 -0.212 -0.977 -0. -2.473 0. 0. -1. 0.
0.978 -0.209 -0. 10.427 -0.209 -0.978 -0. -2.586 0. 0. -1. 0.
0.979 -0.205 -0. 11.350 -0.205 -0.979 -0. -2.738 0. 0. -1. 0.
0.980 -0.199 -0. 12.226 -0.199 -0.980 -0. -2.985 0. 0. -1. 0.
0.980 -0.199 -0. 13.125 -0.199 -0.980 -0. -3.104 0. 0. -1. 0.
0.980 -0.197 -0. 14.098 -0.197 -0.980 -0. -3.399 0. 0. -1. 0.
0.983 -0.185 -0. 15.086 -0.185 -0.983 -0. -3.518 0. 0. -1. 0.
0.985 -0.175 -0. 16.046 -0.175 -0.985 -0. -3.877 0. 0. -1. 0.
0.986 -0.164 -0. 17.069 -0.164 -0.986 -0. -3.910 0. 0. -1. 0.
0.988 -0.156 -0. 18.074 -0.156 -0.988 -0. -4.159 0. 0. -1. 0.
0.989 -0.145 -0. 19.043 -0.145 -0.989 -0. -4.396 0. 0. -1. 0.
0.992 -0.127 -0. 20.013 -0.127 -0.992 -0. -4.497 0. 0. -1. 0.
0.991 -0.132 -0. 21.030 -0.132 -0.991 -0. -4.627 0. 0. -1. 0.
0.993 -0.117 -0. 21.876 -0.117 -0.993 -0. -4.736 0. 0. -1. 0.
0.994 -0.106 -0. 22.794 -0.106 -0.994 -0. -4.886 0. 0. -1. 0.
0.995 -0.099 -0. 23.734 -0.099 -0.995 -0. -4.992 0. 0. -1. 0.
0.995 -0.101 -0. 24.699 -0.101 -0.995 -0. -5.055 0. 0. -1. 0.
0.996 -0.091 -0. 25.731 -0.091 -0.996 -0. -5.125 0. 0. -1. 0.
0.997 -0.083 -0. 26.734 -0.083 -0.997 -0. -5.260 0. 0. -1. 0.
0.997 -0.083 -0. 27.689 -0.083 -0.997 -0. -5.304 0. 0. -1. 0.
0.997 -0.084 -0. 28.711 -0.084 -0.997 -0. -5.278 0. 0. -1. 0.
0.996 -0.087 -0. 29.742 -0.087 -0.996 -0. -5.482 0. 0. -1. 0.
0.996 -0.084 -0. 30.696 -0.084 -0.996 -0. -5.636 0. 0. -1. 0.
0.996 -0.087 -0. 31.722 -0.087 -0.996 -0. -5.700 0. 0. -1. 0.
0.996 -0.086 -0. 32.632 -0.086 -0.996 -0. -5.814 0. 0. -1. 0.
0.997 -0.083 -0. 33.574 -0.083 -0.997 -0. -5.894 0. 0. -1. 0.
0.996 -0.087 -0. 34.459 -0.087 -0.996 -0. -5.965 0. 0. -1. 0.
0.996 -0.084 -0. 35.416 -0.084 -0.996 -0. -6.103 0. 0. -1. 0.
0.996 -0.086 -0. 36.335 -0.086 -0.996 -0. -6.180 0. 0. -1. 0.
0.996 -0.084 -0. 37.081 -0.084 -0.996 -0. -6.232 0. 0. -1. 0.
0.996 -0.084 -0. 37.931 -0.084 -0.996 -0. -6.402 0. 0. -1. 0.
0.996 -0.085 -0. 38.830 -0.085 -0.996 -0. -6.492 0. 0. -1. 0.
0.996 -0.090 -0. 39.694 -0.090 -0.996 -0. -6.494 0. 0. -1. 0.
0.996 -0.093 -0. 40.648 -0.093 -0.996 -0. -6.592 0. 0. -1. 0.
0.996 -0.091 -0. 41.501 -0.091 -0.996 -0. -6.823 0. 0. -1. 0.
0.995 -0.099 -0. 42.395 -0.099 -0.995 -0. -6.826 0. 0. -1. 0.
0.995 -0.096 -0. 43.255 -0.096 -0.995 -0. -6.943 0. 0. -1. 0.
0.996 -0.093 -0. 44.166 -0.093 -0.996 -0. -7.088 0. 0. -1. 0.
0.995 -0.098 -0. 45.147 -0.098 -0.995 -0. -7.161 0. 0. -1. 0.
0.995 -0.100 -0. 46.050 -0.100 -0.995 -0. -7.256 0. 0. -1. 0.
0.995 -0.099 -0. 46.926 -0.099 -0.995 -0. -7.418 0. 0. -1. 0.
0.995 -0.105 -0. 47.955 -0.105 -0.995 -0. -7.411 0. 0. -1. 0.
0.994 -0.107 -0. 48.926 -0.107 -0.994 -0. -7.589 0. 0. -1. 0.
0.993 -0.114 -0. 49.874 -0.114 -0.993 -0. -7.765 0. 0. -1. 0.
0.993 -0.122 -0. 50.812 -0.122 -0.993 -0. -7.826 0. 0. -1. 0.
0.992 -0.123 -0. 51.714 -0.123 -0.992 -0. -8.055 0. 0. -1. 0.
0.992 -0.128 -0. 52.615 -0.128 -0.992 -0. -8.250 0. 0. -1. 0.
0.991 -0.130 -0. 53.432 -0.130 -0.991 -0. -8.322 0. 0. -1. 0.
0.991 -0.132 -0. 54.204 -0.132 -0.991 -0. -8.385 0. 0. -1. 0.
0.993 -0.119 -0. 55.001 -0.119 -0.993 -0. -8.513 0. 0. -1. 0.
0.993 -0.116 -0. 55.713 -0.116 -0.993 -0. -8.624 0. 0. -1. 0.
0.993 -0.115 -0. 56.479 -0.115 -0.993 -0. -8.717 0. 0. -1. 0.
0.994 -0.110 -0. 57.157 -0.110 -0.994 -0. -8.807 0. 0. -1. 0.
0.995 -0.101 -0. 57.952 -0.101 -0.995 -0. -8.915 0. 0. -1. 0.
0.996 -0.089 -0. 58.632 -0.089 -0.996 -0. -8.946 0. 0. -1. 0.
0.997 -0.072 -0. 59.427 -0.072 -0.997 -0. -9.097 0. 0. -1. 0.
0.998 -0.055 -0. 60.213 -0.055 -0.998 -0. -9.192 0. 0. -1. 0.
0.999 -0.048 -0. 61.104 -0.048 -0.999 -0. -9.164 0. 0. -1. 0.
0.999 -0.034 -0. 61.996 -0.034 -0.999 -0. -9.249 0. 0. -1. 0.
1.000 -0.023 -0. 63.002 -0.023 -1.000 -0. -9.198 0. 0. -1. 0.
1. -0.013 -0. 64.059 -0.013 -1. -0. -9.196 0. 0. -1. 0.
1. -0.007 -0. 65.224 -0.007 -1. -0. -9.209 0. 0. -1. 0.
1. 0.006 0. 66.302 0.006 -1. -0. -9.152 0. 0. -1. 0.
1.000 0.025 0. 67.463 0.025 -1.000 -0. -9.259 0. 0. -1. 0.
0.999 0.040 0. 68.642 0.040 -0.999 -0. -9.119 0. 0. -1. 0.
0.999 0.051 0. 69.856 0.051 -0.999 -0. -8.975 0. 0. -1. 0.
0.998 0.059 0. 71.038 0.059 -0.998 -0. -8.991 0. 0. -1. 0.
0.997 0.076 0. 72.221 0.076 -0.997 -0. -8.917 0. 0. -1. 0.
0.996 0.090 0. 73.495 0.090 -0.996 -0. -8.841 0. 0. -1. 0.
0.995 0.097 0. 74.658 0.097 -0.995 -0. -8.766 0. 0. -1. 0.
0.996 0.092 0. 75.946 0.092 -0.996 -0. -8.520 0. 0. -1. 0.
0.996 0.090 0. 77.185 0.090 -0.996 -0. -8.356 0. 0. -1. 0.
0.997 0.079 0. 78.559 0.079 -0.997 -0. -8.276 0. 0. -1. 0.
0.998 0.067 0. 79.954 0.067 -0.998 -0. -8.254 0. 0. -1. 0.
0.999 0.044 0. 81.358 0.044 -0.999 -0. -8.225 0. 0. -1. 0.
1.000 0.016 0. 82.783 0.016 -1.000 -0. -8.205 0. 0. -1. 0.
1. -0.014 -0. 84.255 -0.014 -1. -0. -8.171 0. 0. -1. 0.
0.999 -0.041 -0. 85.706 -0.041 -0.999 -0. -8.245 0. 0. -1. 0.
0.997 -0.072 -0. 87.281 -0.072 -0.997 -0. -8.440 0. 0. -1. 0.
0.994 -0.105 -0. 88.840 -0.105 -0.994 -0. -8.530 0. 0. -1. 0.
0.991 -0.136 -0. 90.477 -0.136 -0.991 -0. -8.917 0. 0. -1. 0.
0.985 -0.172 -0. 92.070 -0.172 -0.985 -0. -9.124 0. 0. -1. 0.
0.977 -0.215 -0. 93.671 -0.215 -0.977 -0. -9.606 0. 0. -1. 0.
0.963 -0.268 -0. 95.294 -0.268 -0.963 -0. -10.032 0. 0. -1. 0.
0.948 -0.317 -0. 96.807 -0.317 -0.948 -0. -10.599 0. 0. -1. 0.
0.931 -0.366 -0. 98.392 -0.366 -0.931 -0. -11.213 0. 0. -1. 0.
0.908 -0.419 -0. 99.940 -0.419 -0.908 -0. -11.910 0. 0. -1. 0.
0.889 -0.458 -0. 101.338 -0.458 -0.889 -0. -12.720 0. 0. -1. 0.
0.861 -0.509 -0. 102.877 -0.509 -0.861 -0. -13.491 0. 0. -1. 0.
0.833 -0.553 -0. 104.217 -0.553 -0.833 -0. -14.413 0. 0. -1. 0.
0.801 -0.598 -0. 105.595 -0.598 -0.801 -0. -15.430 0. 0. -1. 0.
0.756 -0.654 -0. 106.903 -0.654 -0.756 -0. -16.485 0. 0. -1. 0.
0.708 -0.707 -0. 108.020 -0.707 -0.708 -0. -17.692 0. 0. -1. 0.
0.654 -0.756 -0. 109.106 -0.756 -0.654 -0. -19.022 0. 0. -1. 0.
0.599 -0.801 -0. 110.173 -0.801 -0.599 -0. -20.413 0. 0. -1. 0.
0.537 -0.843 -0. 111.019 -0.843 -0.537 -0. -22.007 0. 0. -1. 0.
0.480 -0.877 -0. 111.828 -0.877 -0.480 -0. -23.649 0. 0. -1. 0.
0.444 -0.896 -0. 112.577 -0.896 -0.444 -0. -25.358 0. 0. -1. 0.
0.420 -0.908 -0. 113.422 -0.908 -0.420 -0. -27.031 0. 0. -1. 0.
0.389 -0.921 -0. 114.306 -0.921 -0.389 -0. -28.799 0. 0. -1. 0.
0.362 -0.932 -0. 114.961 -0.932 -0.362 -0. -30.698 0. 0. -1. 0.
0.348 -0.938 -0. 115.754 -0.938 -0.348 -0. -32.659 0. 0. -1. 0.
0.337 -0.942 -0. 116.393 -0.942 -0.337 -0. -34.562 0. 0. -1. 0.
0.327 -0.945 -0. 117.087 -0.945 -0.327 -0. -36.528 0. 0. -1. 0.
0.332 -0.943 -0. 117.557 -0.943 -0.332 -0. -38.500 0. 0. -1. 0.
0.344 -0.939 -0. 118.190 -0.939 -0.344 -0. -40.450 0. 0. -1. 0.
0.360 -0.933 -0. 118.986 -0.933 -0.360 -0. -42.377 0. 0. -1. 0.
0.378 -0.926 -0. 119.638 -0.926 -0.378 -0. -44.253 0. 0. -1. 0.
0.400 -0.916 -0. 120.585 -0.916 -0.400 -0. -46.204 0. 0. -1. 0.
0.422 -0.907 -0. 121.284 -0.907 -0.422 -0. -48.100 0. 0. -1. 0.
0.439 -0.898 -0. 122.190 -0.898 -0.439 -0. -49.880 0. 0. -1. 0.
0.459 -0.888 -0. 123.087 -0.888 -0.459 -0. -51.614 0. 0. -1. 0.
0.474 -0.881 -0. 123.863 -0.881 -0.474 -0. -53.497 0. 0. -1. 0.
0.495 -0.869 -0. 124.961 -0.869 -0.495 -0. -55.141 0. 0. -1. 0.
0.514 -0.858 -0. 125.860 -0.858 -0.514 -0. -56.820 0. 0. -1. 0.
0.533 -0.846 -0. 126.822 -0.846 -0.533 -0. -58.539 0. 0. -1. 0.
0.553 -0.833 -0. 127.925 -0.833 -0.553 -0. -60.110 0. 0. -1. 0.
0.570 -0.822 -0. 128.862 -0.822 -0.570 -0. -61.703 0. 0. -1. 0.
0.587 -0.809 -0. 129.902 -0.809 -0.587 -0. -63.373 0. 0. -1. 0.
0.601 -0.799 -0. 131.141 -0.799 -0.601 -0. -64.911 0. 0. -1. 0.
0.618 -0.786 -0. 132.404 -0.786 -0.618 -0. -66.195 0. 0. -1. 0.
0.636 -0.772 -0. 133.514 -0.772 -0.636 -0. -67.828 0. 0. -1. 0.
0.655 -0.756 -0. 134.658 -0.756 -0.655 -0. -69.179 0. 0. -1. 0.
0.666 -0.746 -0. 135.840 -0.746 -0.666 -0. -70.682 0. 0. -1. 0.
0.685 -0.729 -0. 137.099 -0.729 -0.685 -0. -71.898 0. 0. -1. 0.
0.695 -0.719 -0. 138.403 -0.719 -0.695 -0. -73.191 0. 0. -1. 0.
0.717 -0.697 -0. 139.551 -0.697 -0.717 -0. -74.469 0. 0. -1. 0.
0.733 -0.681 -0. 140.713 -0.681 -0.733 -0. -75.651 0. 0. -1. 0.
0.753 -0.658 -0. 141.865 -0.658 -0.753 -0. -76.650 0. 0. -1. 0.
0.783 -0.622 -0. 143.082 -0.622 -0.783 -0. -77.551 0. 0. -1. 0.
0.822 -0.569 -0. 144.290 -0.569 -0.822 -0. -78.300 0. 0. -1. 0.
0.864 -0.503 -0. 145.331 -0.503 -0.864 -0. -79.080 0. 0. -1. 0.
0.910 -0.415 -0. 146.450 -0.415 -0.910 -0. -79.599 0. 0. -1. 0.
0.948 -0.317 -0. 147.490 -0.317 -0.948 -0. -79.990 0. 0. -1. 0.
0.975 -0.221 -0. 148.499 -0.221 -0.975 -0. -80.157 0. 0. -1. 0.
0.995 -0.098 -0. 149.415 -0.098 -0.995 -0. -80.194 0. 0. -1. 0.
1.000 0.030 0. 150.351 0.030 -1.000 -0. -80.086 0. 0. -1. 0.
0.986 0.165 0. 151.069 0.165 -0.986 -0. -80.041 0. 0. -1. 0.
0.953 0.302 0. 151.791 0.302 -0.953 -0. -79.772 0. 0. -1. 0.
0.895 0.447 0. 152.592 0.447 -0.895 -0. -79.310 0. 0. -1. 0.
0.812 0.583 0. 153.131 0.583 -0.812 -0. -78.939 0. 0. -1. 0.
0.708 0.706 0. 153.626 0.706 -0.708 -0. -78.301 0. 0. -1. 0.
0.589 0.808 0. 153.977 0.808 -0.589 -0. -77.645 0. 0. -1. 0.
0.449 0.894 0. 154.274 0.894 -0.449 -0. -77.051 0. 0. -1. 0.
0.303 0.953 0. 154.423 0.953 -0.303 -0. -76.320 0. 0. -1. 0.
0.146 0.989 0. 154.443 0.989 -0.146 -0. -75.565 0. 0. -1. 0.
-0.028 1.000 0. 154.388 1.000 0.028 0. -74.899 0. 0. -1. 0.
-0.202 0.979 0. 154.204 0.979 0.202 0. -74.191 0. 0. -1. 0.
-0.372 0.928 0. 153.822 0.928 0.372 0. -73.426 0. 0. -1. 0.
-0.528 0.849 0. 153.382 0.849 0.528 0. -72.621 0. 0. -1. 0.
-0.653 0.758 0. 152.626 0.758 0.653 0. -71.801 0. 0. -1. 0.
-0.754 0.657 0. 151.825 0.657 0.754 0. -71.136 0. 0. -1. 0.
-0.828 0.560 0. 150.771 0.560 0.828 0. -70.521 0. 0. -1. 0.
-0.878 0.479 0. 149.880 0.479 0.878 0. -69.900 0. 0. -1. 0.
-0.913 0.408 0. 148.523 0.408 0.913 0. -69.476 0. 0. -1. 0.
-0.929 0.370 0. 147.441 0.370 0.929 0. -68.838 0. 0. -1. 0.
-0.942 0.336 0. 146.063 0.336 0.942 0. -68.577 0. 0. -1. 0.
-0.943 0.333 0. 144.866 0.333 0.943 0. -68.039 0. 0. -1. 0.
-0.945 0.328 0. 143.421 0.328 0.945 0. -67.635 0. 0. -1. 0.
-0.939 0.345 0. 141.915 0.345 0.939 0. -67.100 0. 0. -1. 0.
-0.930 0.368 0. 140.657 0.368 0.930 0. -66.562 0. 0. -1. 0.
-0.916 0.401 0. 139.226 0.401 0.916 0. -65.882 0. 0. -1. 0.
-0.898 0.440 0. 137.799 0.440 0.898 0. -65.272 0. 0. -1. 0.
-0.875 0.485 0. 136.349 0.485 0.875 0. -64.429 0. 0. -1. 0.
-0.849 0.528 0. 135.074 0.528 0.849 0. -63.440 0. 0. -1. 0.
-0.824 0.567 0. 133.747 0.567 0.824 0. -62.511 0. 0. -1. 0.
-0.793 0.610 0. 132.289 0.610 0.793 0. -61.372 0. 0. -1. 0.
-0.761 0.648 0. 131.144 0.648 0.761 0. -60.272 0. 0. -1. 0.
-0.724 0.690 0. 129.885 0.690 0.724 0. -59.096 0. 0. -1. 0.
-0.689 0.725 0. 128.767 0.725 0.689 0. -57.795 0. 0. -1. 0.
-0.643 0.765 0. 127.575 0.765 0.643 0. -56.489 0. 0. -1. 0.
-0.606 0.796 0. 126.499 0.796 0.606 0. -55.095 0. 0. -1. 0.
-0.569 0.823 0. 125.418 0.823 0.569 0. -53.588 0. 0. -1. 0.
-0.533 0.846 0. 124.554 0.846 0.533 0. -52.057 0. 0. -1. 0.
-0.490 0.872 0. 123.649 0.872 0.490 0. -50.620 0. 0. -1. 0.
-0.457 0.889 0. 122.892 0.889 0.457 0. -49.090 0. 0. -1. 0.
-0.419 0.908 0. 122.120 0.908 0.419 0. -47.528 0. 0. -1. 0.
-0.401 0.916 0. 121.461 0.916 0.401 0. -45.938 0. 0. -1. 0.
-0.366 0.931 0. 120.919 0.931 0.366 0. -44.362 0. 0. -1. 0.
-0.357 0.934 0. 120.369 0.934 0.357 0. -42.752 0. 0. -1. 0.
-0.339 0.941 0. 119.916 0.941 0.339 0. -41.131 0. 0. -1. 0.
-0.334 0.943 0. 119.369 0.943 0.334 0. -39.617 0. 0. -1. 0.
-0.328 0.945 0. 118.847 0.945 0.328 0. -38.102 0. 0. -1. 0.
-0.329 0.944 0. 118.531 0.944 0.329 0. -36.518 0. 0. -1. 0.
-0.333 0.943 0. 118.115 0.943 0.333 0. -34.937 0. 0. -1. 0.
-0.333 0.943 0. 117.528 0.943 0.333 0. -33.452 0. 0. -1. 0.
-0.343 0.939 0. 116.917 0.939 0.343 0. -31.925 0. 0. -1. 0.
-0.349 0.937 0. 116.517 0.937 0.349 0. -30.368 0. 0. -1. 0.
-0.354 0.935 0. 115.804 0.935 0.354 0. -28.878 0. 0. -1. 0.
-0.374 0.927 0. 115.223 0.927 0.374 0. -27.406 0. 0. -1. 0.
-0.393 0.920 0. 114.749 0.920 0.393 0. -25.836 0. 0. -1. 0.
-0.420 0.908 0. 114.026 0.908 0.420 0. -24.438 0. 0. -1. 0.
-0.453 0.891 0. 113.354 0.891 0.453 0. -22.981 0. 0. -1. 0.
-0.489 0.872 0. 112.562 0.872 0.489 0. -21.666 0. 0. -1. 0.
-0.535 0.845 0. 111.783 0.845 0.535 0. -20.308 0. 0. -1. 0.
-0.581 0.814 0. 110.925 0.814 0.581 0. -19.009 0. 0. -1. 0.
-0.634 0.774 0. 110.072 0.774 0.634 0. -17.790 0. 0. -1. 0.
-0.685 0.729 0. 108.926 0.729 0.685 0. -16.765 0. 0. -1. 0.
-0.737 0.676 0. 107.860 0.676 0.737 0. -15.785 0. 0. -1. 0.
-0.781 0.624 0. 106.671 0.624 0.781 0. -14.762 0. 0. -1. 0.
-0.817 0.577 0. 105.431 0.577 0.817 0. -13.934 0. 0. -1. 0.
-0.847 0.531 0. 104.212 0.531 0.847 0. -13.125 0. 0. -1. 0.
-0.874 0.486 0. 102.921 0.486 0.874 0. -12.357 0. 0. -1. 0.
-0.899 0.439 0. 101.619 0.439 0.899 0. -11.654 0. 0. -1. 0.
-0.919 0.394 0. 100.365 0.394 0.919 0. -10.942 0. 0. -1. 0.
-0.938 0.348 0. 98.834 0.348 0.938 0. -10.516 0. 0. -1. 0.
-0.953 0.302 0. 97.484 0.302 0.953 0. -10.065 0. 0. -1. 0.
-0.968 0.252 0. 96.072 0.252 0.968 0. -9.624 0. 0. -1. 0.
-0.978 0.208 0. 94.580 0.208 0.978 0. -9.421 0. 0. -1. 0.
-0.988 0.157 0. 93.152 0.157 0.988 0. -9.105 0. 0. -1. 0.
-0.994 0.108 0. 91.676 0.108 0.994 0. -8.918 0. 0. -1. 0.
-0.998 0.066 0. 90.176 0.066 0.998 0. -8.810 0. 0. -1. 0.
-1.000 0.027 0. 88.795 0.027 1.000 0. -8.828 0. 0. -1. 0.
-1. -0.001 -0. 87.236 -0.001 1. 0. -8.759 0. 0. -1. 0.
-1.000 -0.021 -0. 85.849 -0.021 1.000 0. -8.854 0. 0. -1. 0.
-0.999 -0.035 -0. 84.514 -0.035 0.999 0. -8.919 0. 0. -1. 0.
-0.999 -0.041 -0. 83.090 -0.041 0.999 0. -8.923 0. 0. -1. 0.
-0.999 -0.040 -0. 81.595 -0.040 0.999 0. -8.982 0. 0. -1. 0.
-0.999 -0.050 -0. 80.127 -0.050 0.999 0. -9.008 0. 0. -1. 0.
-0.998 -0.057 -0. 78.691 -0.057 0.998 0. -9.129 0. 0. -1. 0.
-0.998 -0.056 -0. 77.289 -0.056 0.998 0. -9.161 0. 0. -1. 0.
-0.999 -0.049 -0. 75.959 -0.049 0.999 0. -9.245 0. 0. -1. 0.
-0.999 -0.044 -0. 74.734 -0.044 0.999 0. -9.308 0. 0. -1. 0.
-1.000 -0.031 -0. 73.624 -0.031 1.000 0. -9.309 0. 0. -1. 0.
-1.000 -0.026 -0. 72.619 -0.026 1.000 0. -9.316 0. 0. -1. 0.
-1.000 -0.022 -0. 71.619 -0.022 1.000 0. -9.327 0. 0. -1. 0.
-1.000 -0.020 -0. 70.689 -0.020 1.000 0. -9.302 0. 0. -1. 0.
-1.000 -0.015 -0. 69.769 -0.015 1.000 0. -9.325 0. 0. -1. 0.
-1.000 -0.015 -0. 68.954 -0.015 1.000 0. -9.260 0. 0. -1. 0.
-1. -0.010 -0. 68.106 -0.010 1. 0. -9.358 0. 0. -1. 0.
-1. -0.010 -0. 67.252 -0.010 1. 0. -9.462 0. 0. -1. 0.
-1. -0.001 -0. 66.477 -0.001 1. 0. -9.380 0. 0. -1. 0.
-1. 0.001 0. 65.644 0.001 1. 0. -9.392 0. 0. -1. 0.
-1. 0.011 0. 64.957 0.011 1. 0. -9.427 0. 0. -1. 0.
-1.000 0.021 0. 64.082 0.021 1.000 0. -9.348 0. 0. -1. 0.
-1.000 0.020 0. 63.374 0.020 1.000 0. -9.324 0. 0. -1. 0.
-1.000 0.025 0. 62.662 0.025 1.000 0. -9.303 0. 0. -1. 0.
-1.000 0.031 0. 61.877 0.031 1.000 0. -9.213 0. 0. -1. 0.
-0.999 0.044 0. 61.095 0.044 0.999 0. -9.159 0. 0. -1. 0.
-0.999 0.052 0. 60.217 0.052 0.999 0. -9.043 0. 0. -1. 0.
-0.997 0.074 0. 59.322 0.074 0.997 0. -8.996 0. 0. -1. 0.
-0.996 0.089 0. 58.378 0.089 0.996 0. -8.893 0. 0. -1. 0.
-0.994 0.109 0. 57.301 0.109 0.994 0. -8.729 0. 0. -1. 0.
-0.994 0.112 0. 56.218 0.112 0.994 0. -8.588 0. 0. -1. 0.
-0.993 0.118 0. 54.993 0.118 0.993 0. -8.416 0. 0. -1. 0.
-0.993 0.120 0. 53.742 0.120 0.993 0. -8.314 0. 0. -1. 0.
-0.994 0.111 0. 52.461 0.111 0.994 0. -8.026 0. 0. -1. 0.
-0.994 0.108 0. 51.103 0.108 0.994 0. -7.915 0. 0. -1. 0.
-0.995 0.102 0. 49.793 0.102 0.995 0. -7.815 0. 0. -1. 0.
-0.996 0.090 0. 48.299 0.090 0.996 0. -7.571 0. 0. -1. 0.
-0.997 0.082 0. 46.827 0.082 0.997 0. -7.438 0. 0. -1. 0.
-0.997 0.076 0. 45.302 0.076 0.997 0. -7.327 0. 0. -1. 0.
-0.997 0.082 0. 43.772 0.082 0.997 0. -7.232 0. 0. -1. 0.
-0.996 0.086 0. 42.250 0.086 0.996 0. -7.033 0. 0. -1. 0.
-0.995 0.098 0. 40.625 0.098 0.995 0. -6.926 0. 0. -1. 0.
-0.994 0.109 0. 39.044 0.109 0.994 0. -6.623 0. 0. -1. 0.
-0.993 0.118 0. 37.400 0.118 0.993 0. -6.462 0. 0. -1. 0.
-0.993 0.121 0. 35.810 0.121 0.993 0. -6.238 0. 0. -1. 0.
-0.992 0.129 0. 34.060 0.129 0.992 0. -5.990 0. 0. -1. 0.
-0.991 0.133 0. 32.377 0.133 0.991 0. -5.558 0. 0. -1. 0.
-0.992 0.129 0. 30.781 0.129 0.992 0. -5.446 0. 0. -1. 0.
-0.992 0.123 0. 29.087 0.123 0.992 0. -5.090 0. 0. -1. 0.
-0.994 0.109 0. 27.359 0.109 0.994 0. -4.906 0. 0. -1. 0.
-0.994 0.112 0. 25.615 0.112 0.994 0. -4.713 0. 0. -1. 0.
-0.994 0.112 0. 23.912 0.112 0.994 0. -4.466 0. 0. -1. 0.
-0.994 0.110 0. 22.176 0.110 0.994 0. -4.231 0. 0. -1. 0.
-0.994 0.107 0. 20.460 0.107 0.994 0. -3.907 0. 0. -1. 0.
-0.994 0.107 0. 18.666 0.107 0.994 0. -3.764 0. 0. -1. 0.
-0.994 0.106 0. 17.102 0.106 0.994 0. -3.575 0. 0. -1. 0.
-0.993 0.114 0. 15.459 0.114 0.993 0. -3.425 0. 0. -1. 0.
-0.994 0.109 0. 13.943 0.109 0.994 0. -3.283 0. 0. -1. 0.
-0.994 0.107 0. 12.393 0.107 0.994 0. -3.118 0. 0. -1. 0.
-0.994 0.106 0. 10.871 0.106 0.994 0. -2.985 0. 0. -1. 0.
-0.995 0.103 0. 9.429 0.103 0.995 0. -2.833 0. 0. -1. 0.
-0.993 0.115 0. 7.970 0.115 0.993 0. -2.560 0. 0. -1. 0.
-0.994 0.106 0. 6.516 0.106 0.994 0. -2.402 0. 0. -1. 0.
-0.995 0.101 0. 5.149 0.101 0.995 0. -2.178 0. 0. -1. 0.
-0.995 0.099 0. 3.774 0.099 0.995 0. -2.095 0. 0. -1. 0.
-0.995 0.105 0. 2.331 0.105 0.995 0. -1.853 0. 0. -1. 0.
-0.994 0.109 0. 0.958 0.109 0.994 0. -1.724 0. 0. -1. 0.
-0.995 0.104 0. -0.372 0.104 0.995 0. -1.510 0. 0. -1. 0.
-0.995 0.102 0. -1.744 0.102 0.995 0. -1.448 0. 0. -1. 0.
-0.995 0.097 0. -3.143 0.097 0.995 0. -1.201 0. 0. -1. 0.
-0.995 0.095 0. -4.502 0.095 0.995 0. -1.040 0. 0. -1. 0.
-0.995 0.095 0. -6.038 0.095 0.995 0. -0.968 0. 0. -1. 0.
-0.996 0.093 0. -7.501 0.093 0.996 0. -0.811 0. 0. -1. 0.
-0.996 0.087 0. -9.039 0.087 0.996 0. -0.709 0. 0. -1. 0.
-0.997 0.080 0. -10.692 0.080 0.997 0. -0.551 0. 0. -1. 0.
-0.996 0.086 0. -12.344 0.086 0.996 0. -0.409 0. 0. -1. 0.
-0.996 0.089 0. -13.955 0.089 0.996 0. -0.129 0. 0. -1. 0.
-0.996 0.088 0. -15.652 0.088 0.996 0. 0.129 0. 0. -1. 0.
-0.997 0.079 0. -17.406 0.079 0.997 0. 0.228 0. 0. -1. 0.
-0.996 0.085 0. -19.196 0.085 0.996 0. 0.340 0. 0. -1. 0.
-0.997 0.078 0. -20.940 0.078 0.997 0. 0.472 0. 0. -1. 0.
-0.997 0.071 0. -22.809 0.071 0.997 0. 0.673 0. 0. -1. 0.
-0.998 0.069 0. -24.700 0.069 0.998 0. 0.816 0. 0. -1. 0.
-0.998 0.060 0. -26.618 0.060 0.998 0. 0.911 0. 0. -1. 0.
-0.999 0.050 0. -28.534 0.050 0.999 0. 1.018 0. 0. -1. 0.
-0.999 0.045 0. -30.432 0.045 0.999 0. 1.081 0. 0. -1. 0.
-0.999 0.047 0. -32.490 0.047 0.999 0. 1.123 0. 0. -1. 0.
-0.999 0.047 0. -34.386 0.047 0.999 0. 1.342 0. 0. -1. 0.
-0.999 0.045 0. -36.353 0.045 0.999 0. 1.385 0. 0. -1. 0.
-0.999 0.045 0. -38.278 0.045 0.999 0. 1.466 0. 0. -1. 0.
-0.999 0.038 0. -40.257 0.038 0.999 0. 1.653 0. 0. -1. 0.
-0.999 0.040 0. -42.170 0.040 0.999 0. 1.781 0. 0. -1. 0.
-1.000 0.026 0. -44.059 0.026 1.000 0. 1.841 0. 0. -1. 0.
-1.000 0.021 0. -45.789 0.021 1.000 0. 1.824 0. 0. -1. 0.
-1.000 0.015 0. -47.770 0.015 1.000 0. 2.005 0. 0. -1. 0.
-1. 0.009 0. -49.658 0.009 1. 0. 2.021 0. 0. -1. 0.
-1.000 0.015 0. -51.363 0.015 1.000 0. 2.065 0. 0. -1. 0.
-1. 0.014 0. -53.029 0.014 1. 0. 2.092 0. 0. -1. 0.
-1.000 0.027 0. -54.627 0.027 1.000 0. 2.247 0. 0. -1. 0.
-0.999 0.046 0. -56.216 0.046 0.999 0. 2.364 0. 0. -1. 0.
-0.997 0.076 0. -57.597 0.076 0.997 0. 2.390 0. 0. -1. 0.
-0.994 0.108 0. -58.980 0.108 0.994 0. 2.632 0. 0. -1. 0.
-0.988 0.155 0. -60.236 0.155 0.988 0. 2.739 0. 0. -1. 0.
-0.979 0.205 0. -61.366 0.205 0.979 0. 3.208 0. 0. -1. 0.
-0.964 0.266 0. -62.427 0.266 0.964 0. 3.560 0. 0. -1. 0.
-0.944 0.331 0. -63.554 0.331 0.944 0. 3.827 0. 0. -1. 0.
-0.915 0.404 0. -64.496 0.404 0.915 0. 4.323 0. 0. -1. 0.
-0.867 0.498 0. -65.469 0.498 0.867 0. 4.882 0. 0. -1. 0.
-0.806 0.592 0. -66.269 0.592 0.806 0. 5.629 0. 0. -1. 0.
-0.730 0.683 0. -67.013 0.683 0.730 0. 6.377 0. 0. -1. 0.
-0.642 0.767 0. -67.653 0.767 0.642 0. 7.189 0. 0. -1. 0.
-0.550 0.835 0. -68.203 0.835 0.550 0. 8.121 0. 0. -1. 0.
-0.447 0.895 0. -68.668 0.895 0.447 0. 9.286 0. 0. -1. 0.
-0.333 0.943 0. -68.956 0.943 0.333 0. 10.164 0. 0. -1. 0.
-0.230 0.973 0. -69.261 0.973 0.230 0. 11.320 0. 0. -1. 0.
-0.138 0.990 0. -69.435 0.990 0.138 0. 12.473 0. 0. -1. 0.
-0.080 0.997 0. -69.475 0.997 0.080 0. 13.721 0. 0. -1. 0.
-0.029 1.000 0. -69.538 1.000 0.029 0. 15.026 0. 0. -1. 0.
-0.011 1. 0. -69.602 1. 0.011 0. 16.378 0. 0. -1. 0.
-0.005 1. 0. -69.247 1. 0.005 0. 17.857 0. 0. -1. 0.
0.008 1. 0. -69.409 1. -0.008 -0. 19.285 0. 0. -1. 0.
0.008 1. 0. -69.271 1. -0.008 -0. 20.777 0. 0. -1. 0.
0.019 1.000 0. -69.368 1.000 -0.019 -0. 22.373 0. 0. -1. 0.
0.031 1.000 0. -69.234 1.000 -0.031 -0. 24.001 0. 0. -1. 0.
0.043 0.999 0. -69.095 0.999 -0.043 -0. 25.589 0. 0. -1. 0.
0.053 0.999 0. -68.912 0.999 -0.053 -0. 27.316 0. 0. -1. 0.
0.059 0.998 0. -68.813 0.998 -0.059 -0. 29.007 0. 0. -1. 0.
0.064 0.998 0. -68.788 0.998 -0.064 -0. 30.640 0. 0. -1. 0.
0.071 0.997 0. -68.537 0.997 -0.071 -0. 32.381 0. 0. -1. 0.
0.080 0.997 0. -68.453 0.997 -0.080 -0. 34.047 0. 0. -1. 0.
0.096 0.995 0. -68.276 0.995 -0.096 -0. 35.685 0. 0. -1. 0.
0.112 0.994 0. -68.089 0.994 -0.112 -0. 37.294 0. 0. -1. 0.
0.138 0.990 0. -68.010 0.990 -0.138 -0. 39.040 0. 0. -1. 0.
0.155 0.988 0. -67.682 0.988 -0.155 -0. 40.625 0. 0. -1. 0.
0.180 0.984 0. -67.216 0.984 -0.180 -0. 42.283 0. 0. -1. 0.
0.198 0.980 0. -66.805 0.980 -0.198 -0. 43.852 0. 0. -1. 0.
0.209 0.978 0. -66.428 0.978 -0.209 -0. 45.348 0. 0. -1. 0.
0.206 0.978 0. -66.052 0.978 -0.206 -0. 47.053 0. 0. -1. 0.
0.191 0.982 0. -65.796 0.982 -0.191 -0. 48.599 0. 0. -1. 0.
0.171 0.985 0. -65.483 0.985 -0.171 -0. 50.310 0. 0. -1. 0.
0.159 0.987 0. -65.248 0.987 -0.159 -0. 51.847 0. 0. -1. 0.
0.121 0.993 0. -65.088 0.993 -0.121 -0. 53.684 0. 0. -1. 0.
0.109 0.994 0. -64.792 0.994 -0.109 -0. 55.526 0. 0. -1. 0.
0.096 0.995 0. -64.666 0.995 -0.096 -0. 57.330 0. 0. -1. 0.
0.083 0.997 0. -64.325 0.997 -0.083 -0. 59.118 0. 0. -1. 0.
0.075 0.997 0. -64.242 0.997 -0.075 -0. 61.100 0. 0. -1. 0.
0.070 0.998 0. -63.989 0.998 -0.070 -0. 62.937 0. 0. -1. 0.
0.070 0.998 0. -63.827 0.998 -0.070 -0. 64.698 0. 0. -1. 0.
0.063 0.998 0. -63.789 0.998 -0.063 -0. 66.565 0. 0. -1. 0.
0.071 0.997 0. -63.521 0.997 -0.071 -0. 68.427 0. 0. -1. 0.
0.063 0.998 0. -63.318 0.998 -0.063 -0. 70.109 0. 0. -1. 0.
0.071 0.997 0. -63.330 0.997 -0.071 -0. 71.991 0. 0. -1. 0.
0.062 0.998 0. -63.182 0.998 -0.062 -0. 73.657 0. 0. -1. 0.
0.058 0.998 0. -63.010 0.998 -0.058 -0. 75.557 0. 0. -1. 0.
0.047 0.999 0. -62.917 0.999 -0.047 -0. 77.113 0. 0. -1. 0.
0.049 0.999 0. -62.808 0.999 -0.049 -0. 78.786 0. 0. -1. 0.
0.025 1.000 0. -62.759 1.000 -0.025 -0. 80.465 0. 0. -1. 0.
-0.006 1. 0. -62.694 1. 0.006 0. 82.059 0. 0. -1. 0.
-0.049 0.999 0. -62.810 0.999 0.049 0. 83.607 0. 0. -1. 0.
-0.107 0.994 0. -62.913 0.994 0.107 0. 85.158 0. 0. -1. 0.
-0.176 0.984 0. -63.030 0.984 0.176 0. 86.608 0. 0. -1. 0.
-0.246 0.969 0. -63.331 0.969 0.246 0. 88.055 0. 0. -1. 0.
-0.327 0.945 0. -63.791 0.945 0.327 0. 89.447 0. 0. -1. 0.
-0.418 0.909 0. -64.329 0.909 0.418 0. 90.646 0. 0. -1. 0.
-0.504 0.864 0. -65.066 0.864 0.504 0. 91.931 0. 0. -1. 0.
-0.595 0.804 0. -65.734 0.804 0.595 0. 93.098 0. 0. -1. 0.
-0.671 0.742 0. -66.665 0.742 0.671 0. 94.093 0. 0. -1. 0.
-0.744 0.668 0. -67.594 0.668 0.744 0. 95.087 0. 0. -1. 0.
-0.803 0.596 0. -68.549 0.596 0.803 0. 95.870 0. 0. -1. 0.
-0.863 0.506 0. -69.765 0.506 0.863 0. 96.485 0. 0. -1. 0.
-0.907 0.421 0. -71.000 0.421 0.907 0. 97.047 0. 0. -1. 0.
-0.940 0.340 0. -72.242 0.340 0.940 0. 97.458 0. 0. -1. 0.
-0.961 0.277 0. -73.629 0.277 0.961 0. 97.613 0. 0. -1. 0.
-0.975 0.223 0. -74.816 0.223 0.975 0. 98.040 0. 0. -1. 0.
-0.983 0.186 0. -76.165 0.186 0.983 0. 98.265 0. 0. -1. 0.
-0.986 0.166 0. -77.436 0.166 0.986 0. 98.640 0. 0. -1. 0.
-0.987 0.160 0. -78.846 0.160 0.987 0. 98.862 0. 0. -1. 0.
-0.985 0.173 0. -80.307 0.173 0.985 0. 99.200 0. 0. -1. 0.
-0.980 0.199 0. -81.761 0.199 0.980 0. 99.335 0. 0. -1. 0.
-0.974 0.228 0. -83.224 0.228 0.974 0. 99.892 0. 0. -1. 0.
-0.964 0.265 0. -84.712 0.265 0.964 0. 100.221 0. 0. -1. 0.
-0.951 0.309 0. -86.218 0.309 0.951 0. 100.724 0. 0. -1. 0.
-0.932 0.363 0. -87.856 0.363 0.932 0. 101.321 0. 0. -1. 0.
-0.904 0.426 0. -89.305 0.426 0.904 0. 102.043 0. 0. -1. 0.
-0.875 0.484 0. -90.706 0.484 0.875 0. 102.836 0. 0. -1. 0.
-0.844 0.536 0. -91.992 0.536 0.844 0. 103.783 0. 0. -1. 0.
-0.813 0.582 0. -93.396 0.582 0.813 0. 104.762 0. 0. -1. 0.
-0.789 0.614 0. -94.719 0.614 0.789 0. 105.897 0. 0. -1. 0.
-0.772 0.636 0. -96.086 0.636 0.772 0. 107.011 0. 0. -1. 0.
-0.761 0.649 0. -97.456 0.649 0.761 0. 108.232 0. 0. -1. 0.
-0.752 0.659 0. -98.842 0.659 0.752 0. 109.623 0. 0. -1. 0.
-0.746 0.666 0. -100.273 0.666 0.746 0. 110.837 0. 0. -1. 0.
-0.739 0.674 0. -101.749 0.674 0.739 0. 112.191 0. 0. -1. 0.
-0.737 0.676 0. -103.198 0.676 0.737 0. 113.649 0. 0. -1. 0.
-0.727 0.687 0. -104.670 0.687 0.727 0. 115.175 0. 0. -1. 0.
-0.715 0.699 0. -106.216 0.699 0.715 0. 116.510 0. 0. -1. 0.
-0.712 0.702 0. -107.690 0.702 0.712 0. 118.188 0. 0. -1. 0.
-0.707 0.707 0. -109.293 0.707 0.707 0. 119.701 0. 0. -1. 0.
-0.696 0.718 0. -110.790 0.718 0.696 0. 121.260 0. 0. -1. 0.
-0.701 0.713 0. -112.385 0.713 0.701 0. 122.810 0. 0. -1. 0.
-0.696 0.718 0. -113.912 0.718 0.696 0. 124.440 0. 0. -1. 0.
-0.695 0.719 0. -115.465 0.719 0.695 0. 126.190 0. 0. -1. 0.
-0.693 0.721 0. -117.004 0.721 0.693 0. 127.816 0. 0. -1. 0.
-0.689 0.725 0. -118.586 0.725 0.689 0. 129.462 0. 0. -1. 0.
-0.692 0.722 0. -120.139 0.722 0.692 0. 131.203 0. 0. -1. 0.
-0.688 0.726 0. -121.731 0.726 0.688 0. 132.870 0. 0. -1. 0.
-0.690 0.724 0. -123.230 0.724 0.690 0. 134.585 0. 0. -1. 0.
-0.688 0.726 0. -124.763 0.726 0.688 0. 136.323 0. 0. -1. 0.
-0.687 0.727 0. -126.235 0.727 0.687 0. 138.102 0. 0. -1. 0.
-0.687 0.727 0. -127.855 0.727 0.687 0. 139.794 0. 0. -1. 0.
-0.684 0.729 0. -129.412 0.729 0.684 0. 141.440 0. 0. -1. 0.
-0.685 0.728 0. -130.933 0.728 0.685 0. 143.165 0. 0. -1. 0.
-0.684 0.730 0. -132.469 0.730 0.684 0. 144.854 0. 0. -1. 0.
-0.682 0.732 0. -133.894 0.732 0.682 0. 146.783 0. 0. -1. 0.
-0.683 0.730 0. -135.518 0.730 0.683 0. 148.401 0. 0. -1. 0.
-0.677 0.736 0. -137.122 0.736 0.677 0. 150.136 0. 0. -1. 0.
-0.667 0.745 0. -138.689 0.745 0.667 0. 151.835 0. 0. -1. 0.
-0.658 0.753 0. -140.123 0.753 0.658 0. 153.602 0. 0. -1. 0.
-0.640 0.768 0. -141.630 0.768 0.640 0. 155.541 0. 0. -1. 0.
-0.627 0.779 0. -142.976 0.779 0.627 0. 157.371 0. 0. -1. 0.
-0.604 0.797 0. -144.521 0.797 0.604 0. 159.302 0. 0. -1. 0.
-0.580 0.815 0. -145.712 0.815 0.580 0. 161.191 0. 0. -1. 0.
-0.562 0.827 0. -147.135 0.827 0.562 0. 163.150 0. 0. -1. 0.
-0.537 0.844 0. -148.243 0.844 0.537 0. 165.161 0. 0. -1. 0.
-0.510 0.860 0. -149.404 0.860 0.510 0. 167.272 0. 0. -1. 0.
-0.473 0.881 0. -150.528 0.881 0.473 0. 169.297 0. 0. -1. 0.
-0.434 0.901 0. -151.369 0.901 0.434 0. 171.503 0. 0. -1. 0.
-0.393 0.920 0. -152.257 0.920 0.393 0. 173.769 0. 0. -1. 0.
-0.347 0.938 0. -153.182 0.938 0.347 0. 175.811 0. 0. -1. 0.
-0.309 0.951 0. -153.779 0.951 0.309 0. 178.057 0. 0. -1. 0.
-0.273 0.962 0. -154.489 0.962 0.273 0. 180.295 0. 0. -1. 0.
-0.233 0.972 0. -155.076 0.972 0.233 0. 182.558 0. 0. -1. 0.
-0.193 0.981 0. -155.399 0.981 0.193 0. 184.843 0. 0. -1. 0.
-0.159 0.987 0. -155.807 0.987 0.159 0. 187.176 0. 0. -1. 0.
-0.133 0.991 0. -156.087 0.991 0.133 0. 189.426 0. 0. -1. 0.
-0.113 0.994 0. -156.200 0.994 0.113 0. 191.772 0. 0. -1. 0.
-0.098 0.995 0. -156.518 0.995 0.098 0. 194.148 0. 0. -1. 0.
-0.094 0.996 0. -156.659 0.996 0.094 0. 196.387 0. 0. -1. 0.
-0.090 0.996 0. -156.756 0.996 0.090 0. 198.772 0. 0. -1. 0.
-0.086 0.996 0. -156.946 0.996 0.086 0. 201.090 0. 0. -1. 0.
-0.079 0.997 0. -156.922 0.997 0.079 0. 203.470 0. 0. -1. 0.
-0.075 0.997 0. -157.111 0.997 0.075 0. 205.691 0. 0. -1. 0.
-0.075 0.997 0. -157.324 0.997 0.075 0. 207.871 0. 0. -1. 0.
-0.087 0.996 0. -157.374 0.996 0.087 0. 210.121 0. 0. -1. 0.
-0.098 0.995 0. -157.534 0.995 0.098 0. 212.447 0. 0. -1. 0.
-0.108 0.994 0. -157.780 0.994 0.108 0. 214.607 0. 0. -1. 0.
-0.134 0.991 0. -157.988 0.991 0.134 0. 216.736 0. 0. -1. 0.
-0.160 0.987 0. -158.250 0.987 0.160 0. 218.903 0. 0. -1. 0.
-0.194 0.981 0. -158.640 0.981 0.194 0. 220.933 0. 0. -1. 0.
-0.244 0.970 0. -159.213 0.970 0.244 0. 222.986 0. 0. -1. 0.
-0.302 0.953 0. -159.642 0.953 0.302 0. 225.016 0. 0. -1. 0.
-0.365 0.931 0. -160.394 0.931 0.365 0. 227.015 0. 0. -1. 0.
-0.433 0.901 0. -161.103 0.901 0.433 0. 228.828 0. 0. -1. 0.
-0.501 0.866 0. -162.299 0.866 0.501 0. 230.678 0. 0. -1. 0.
-0.573 0.820 0. -163.320 0.820 0.573 0. 232.194 0. 0. -1. 0.
-0.642 0.767 0. -164.635 0.767 0.642 0. 233.748 0. 0. -1. 0.
-0.706 0.708 0. -166.001 0.708 0.706 0. 235.112 0. 0. -1. 0.
-0.765 0.644 0. -167.520 0.644 0.765 0. 236.459 0. 0. -1. 0.
-0.812 0.583 0. -169.148 0.583 0.812 0. 237.584 0. 0. -1. 0.
-0.855 0.519 0. -170.746 0.519 0.855 0. 238.669 0. 0. -1. 0.
-0.889 0.458 0. -172.535 0.458 0.889 0. 239.746 0. 0. -1. 0.
-0.917 0.399 0. -174.386 0.399 0.917 0. 240.720 0. 0. -1. 0.
-0.936 0.351 0. -176.307 0.351 0.936 0. 241.392 0. 0. -1. 0.
-0.951 0.308 0. -178.279 0.308 0.951 0. 241.950 0. 0. -1. 0.
-0.959 0.283 0. -180.262 0.283 0.959 0. 242.692 0. 0. -1. 0.
-0.963 0.271 0. -182.378 0.271 0.963 0. 243.392 0. 0. -1. 0.
-0.965 0.264 0. -184.505 0.264 0.965 0. 243.974 0. 0. -1. 0.
-0.963 0.268 0. -186.711 0.268 0.963 0. 244.592 0. 0. -1. 0.
-0.962 0.272 0. -188.844 0.272 0.962 0. 245.265 0. 0. -1. 0.
-0.962 0.271 0. -191.173 0.271 0.962 0. 245.953 0. 0. -1. 0.
-0.962 0.272 0. -193.343 0.272 0.962 0. 246.631 0. 0. -1. 0.
-0.962 0.274 0. -195.687 0.274 0.962 0. 247.328 0. 0. -1. 0.
-0.961 0.277 0. -197.977 0.277 0.961 0. 248.023 0. 0. -1. 0.
-0.958 0.287 0. -200.274 0.287 0.958 0. 248.700 0. 0. -1. 0.
-0.957 0.290 0. -202.569 0.290 0.957 0. 249.431 0. 0. -1. 0.
-0.956 0.293 0. -204.728 0.293 0.956 0. 250.144 0. 0. -1. 0.
-0.956 0.292 0. -207.110 0.292 0.956 0. 250.845 0. 0. -1. 0.
-0.956 0.292 0. -209.328 0.292 0.956 0. 251.605 0. 0. -1. 0.
-0.957 0.292 0. -211.529 0.292 0.957 0. 252.223 0. 0. -1. 0.
-0.957 0.290 0. -213.671 0.290 0.957 0. 253.043 0. 0. -1. 0.
-0.957 0.289 0. -215.822 0.289 0.957 0. 253.772 0. 0. -1. 0.
-0.956 0.294 0. -217.863 0.294 0.956 0. 254.419 0. 0. -1. 0.
-0.956 0.294 0. -219.907 0.294 0.956 0. 255.157 0. 0. -1. 0.
-0.954 0.299 0. -221.833 0.299 0.954 0. 255.734 0. 0. -1. 0.
-0.948 0.317 0. -223.757 0.317 0.948 0. 256.367 0. 0. -1. 0.
-0.941 0.339 0. -225.531 0.339 0.941 0. 257.117 0. 0. -1. 0.
-0.928 0.372 0. -227.327 0.372 0.928 0. 257.798 0. 0. -1. 0.
-0.914 0.405 0. -228.833 0.405 0.914 0. 258.463 0. 0. -1. 0.
-0.905 0.426 0. -230.319 0.426 0.905 0. 259.183 0. 0. -1. 0.
-0.897 0.443 0. -231.762 0.443 0.897 0. 259.998 0. 0. -1. 0.
-0.894 0.448 0. -232.961 0.448 0.894 0. 260.659 0. 0. -1. 0.
-0.892 0.451 0. -234.242 0.451 0.892 0. 261.279 0. 0. -1. 0.
-0.890 0.455 0. -235.417 0.455 0.890 0. 261.964 0. 0. -1. 0.
-0.890 0.456 0. -236.475 0.456 0.890 0. 262.485 0. 0. -1. 0.
-0.891 0.453 0. -237.426 0.453 0.891 0. 263.039 0. 0. -1. 0.
-0.889 0.458 0. -238.344 0.458 0.889 0. 263.549 0. 0. -1. 0.
-0.890 0.455 0. -239.078 0.455 0.890 0. 264.063 0. 0. -1. 0.
-0.892 0.453 0. -239.830 0.453 0.892 0. 264.374 0. 0. -1. 0.
-0.891 0.455 0. -240.580 0.455 0.891 0. 264.592 0. 0. -1. 0.
-0.891 0.454 0. -240.975 0.454 0.891 0. 265.151 0. 0. -1. 0.
-0.889 0.458 0. -241.560 0.458 0.889 0. 265.290 0. 0. -1. 0.
-0.889 0.458 0. -241.896 0.458 0.889 0. 265.562 0. 0. -1. 0.
-0.888 0.461 0. -242.281 0.461 0.888 0. 265.629 0. 0. -1. 0.
-0.886 0.465 0. -242.654 0.465 0.886 0. 265.969 0. 0. -1. 0.
-0.886 0.463 0. -242.967 0.463 0.886 0. 266.078 0. 0. -1. 0.
-0.883 0.470 0. -243.324 0.470 0.883 0. 266.385 0. 0. -1. 0.
-0.878 0.479 0. -243.572 0.479 0.878 0. 266.427 0. 0. -1. 0.
-0.879 0.477 0. -243.797 0.477 0.879 0. 266.507 0. 0. -1. 0.
-0.879 0.477 0. -244.006 0.477 0.879 0. 266.661 0. 0. -1. 0.
-0.877 0.480 0. -244.240 0.480 0.877 0. 266.775 0. 0. -1. 0.
-0.876 0.483 0. -244.306 0.483 0.876 0. 266.906 0. 0. -1. 0.
-0.877 0.481 0. -244.469 0.481 0.877 0. 266.964 0. 0. -1. 0.
-0.872 0.489 0. -244.666 0.489 0.872 0. 266.955 0. 0. -1. 0.
-0.873 0.488 0. -244.739 0.488 0.873 0. 267.051 0. 0. -1. 0.
-0.873 0.489 0. -244.857 0.489 0.873 0. 267.164 0. 0. -1. 0.
-0.870 0.494 0. -244.966 0.494 0.870 0. 267.211 0. 0. -1. 0.
-0.872 0.490 0. -245.067 0.490 0.872 0. 267.219 0. 0. -1. 0.
-0.872 0.490 0. -245.131 0.490 0.872 0. 267.281 0. 0. -1. 0.
-0.869 0.494 0. -245.240 0.494 0.869 0. 267.370 0. 0. -1. 0.
-0.867 0.498 0. -245.218 0.498 0.867 0. 267.363 0. 0. -1. 0.
-0.869 0.495 0. -245.283 0.495 0.869 0. 267.376 0. 0. -1. 0.
-0.868 0.497 0. -245.403 0.497 0.868 0. 267.479 0. 0. -1. 0.
-0.867 0.499 0. -245.362 0.499 0.867 0. 267.467 0. 0. -1. 0.
-0.865 0.502 0. -245.450 0.502 0.865 0. 267.452 0. 0. -1. 0.
-0.866 0.500 0. -245.431 0.500 0.866 0. 267.519 0. 0. -1. 0.
-0.864 0.504 0. -245.507 0.504 0.864 0. 267.540 0. 0. -1. 0.
-0.865 0.502 0. -245.557 0.502 0.865 0. 267.597 0. 0. -1. 0.
-0.867 0.498 0. -245.597 0.498 0.867 0. 267.642 0. 0. -1. 0.
-0.866 0.500 0. -245.659 0.500 0.866 0. 267.650 0. 0. -1. 0.
-0.866 0.500 0. -245.670 0.500 0.866 0. 267.644 0. 0. -1. 0.
-0.862 0.506 0. -245.780 0.506 0.862 0. 267.660 0. 0. -1. 0.
-0.861 0.508 0. -245.770 0.508 0.861 0. 267.677 0. 0. -1. 0.
-0.861 0.509 0. -245.842 0.509 0.861 0. 267.691 0. 0. -1. 0.
-0.863 0.506 0. -245.842 0.506 0.863 0. 267.691 0. 0. -1. 0.
-0.861 0.509 0. -245.899 0.509 0.861 0. 267.701 0. 0. -1. 0.
-0.863 0.504 0. -245.841 0.504 0.863 0. 267.728 0. 0. -1. 0.
-0.864 0.504 0. -245.919 0.504 0.864 0. 267.818 0. 0. -1. 0.
-0.860 0.510 0. -245.845 0.510 0.860 0. 267.723 0. 0. -1. 0.
-0.860 0.510 0. -245.838 0.510 0.860 0. 267.668 0. 0. -1. 0.
-0.862 0.507 0. -245.860 0.507 0.862 0. 267.680 0. 0. -1. 0.
-0.864 0.503 0. -245.887 0.503 0.864 0. 267.756 0. 0. -1. 0.
-0.864 0.503 0. -245.926 0.503 0.864 0. 267.776 0. 0. -1. 0.
-0.859 0.512 0. -245.923 0.512 0.859 0. 267.747 0. 0. -1. 0.
-0.859 0.512 0. -245.918 0.512 0.859 0. 267.779 0. 0. -1. 0.
-0.859 0.511 0. -245.952 0.511 0.859 0. 267.760 0. 0. -1. 0.
-0.862 0.506 0. -245.981 0.506 0.862 0. 267.779 0. 0. -1. 0.
-0.863 0.505 0. -246.033 0.505 0.863 0. 267.821 0. 0. -1. 0.
-0.859 0.511 0. -245.965 0.511 0.859 0. 267.781 0. 0. -1. 0.
-0.863 0.505 0. -245.977 0.505 0.863 0. 267.777 0. 0. -1. 0.
-0.863 0.506 0. -246.008 0.506 0.863 0. 267.793 0. 0. -1. 0.
-0.860 0.510 0. -246.028 0.510 0.860 0. 267.768 0. 0. -1. 0.
-0.859 0.512 0. -246.022 0.512 0.859 0. 267.783 0. 0. -1. 0.
-0.860 0.511 0. -246.041 0.511 0.860 0. 267.720 0. 0. -1. 0.
-0.860 0.510 0. -246.048 0.510 0.860 0. 267.688 0. 0. -1. 0.
-0.860 0.510 0. -246.017 0.510 0.860 0. 267.785 0. 0. -1. 0.
-0.861 0.509 0. -245.986 0.509 0.861 0. 267.771 0. 0. -1. 0.
-0.862 0.507 0. -246.112 0.507 0.862 0. 267.844 0. 0. -1. 0.
-0.859 0.512 0. -246.217 0.512 0.859 0. 267.919 0. 0. -1. 0.
-0.858 0.514 0. -246.476 0.514 0.858 0. 268.060 0. 0. -1. 0.
-0.849 0.528 0. -246.814 0.528 0.849 0. 268.520 0. 0. -1. 0.
-0.837 0.548 0. -247.170 0.548 0.837 0. 268.668 0. 0. -1. 0.
-0.815 0.579 0. -247.670 0.579 0.815 0. 268.912 0. 0. -1. 0.
-0.772 0.636 0. -248.263 0.636 0.772 0. 269.398 0. 0. -1. 0.
-0.714 0.700 0. -248.705 0.700 0.714 0. 269.847 0. 0. -1. 0.
-0.642 0.766 0. -249.428 0.766 0.642 0. 270.490 0. 0. -1. 0.
-0.552 0.834 0. -249.539 0.834 0.552 0. 271.314 0. 0. -1. 0.
-0.440 0.898 0. -249.945 0.898 0.440 0. 272.204 0. 0. -1. 0.
-0.313 0.950 0. -250.307 0.950 0.313 0. 273.033 0. 0. -1. 0.
-0.202 0.979 0. -250.302 0.979 0.202 0. 274.108 0. 0. -1. 0.
-0.079 0.997 0. -250.423 0.997 0.079 0. 275.119 0. 0. -1. 0.
0.015 1.000 0. -250.343 1.000 -0.015 -0. 276.210 0. 0. -1. 0.
0.106 0.994 0. -250.162 0.994 -0.106 -0. 277.450 0. 0. -1. 0.
0.164 0.986 0. -249.805 0.986 -0.164 -0. 278.718 0. 0. -1. 0.
0.196 0.981 0. -249.647 0.981 -0.196 -0. 280.153 0. 0. -1. 0.
0.225 0.974 0. -249.175 0.974 -0.225 -0. 281.905 0. 0. -1. 0.
0.248 0.969 0. -248.740 0.969 -0.248 -0. 283.415 0. 0. -1. 0.
0.259 0.966 0. -248.222 0.966 -0.259 -0. 285.093 0. 0. -1. 0.
0.261 0.965 0. -247.707 0.965 -0.261 -0. 287.040 0. 0. -1. 0.
0.266 0.964 0. -247.151 0.964 -0.266 -0. 288.946 0. 0. -1. 0.
0.264 0.965 0. -246.494 0.965 -0.264 -0. 291.035 0. 0. -1. 0.
0.258 0.966 0. -245.894 0.966 -0.258 -0. 293.161 0. 0. -1. 0.
0.248 0.969 0. -245.223 0.969 -0.248 -0. 295.479 0. 0. -1. 0.
0.244 0.970 0. -244.656 0.970 -0.244 -0. 297.711 0. 0. -1. 0.
0.223 0.975 0. -244.028 0.975 -0.223 -0. 300.180 0. 0. -1. 0.
0.211 0.977 0. -243.546 0.977 -0.211 -0. 302.610 0. 0. -1. 0.
0.212 0.977 0. -242.964 0.977 -0.212 -0. 305.079 0. 0. -1. 0.
0.205 0.979 0. -242.367 0.979 -0.205 -0. 307.592 0. 0. -1. 0.
0.206 0.978 0. -241.803 0.978 -0.206 -0. 310.269 0. 0. -1. 0.
0.203 0.979 0. -241.117 0.979 -0.203 -0. 312.935 0. 0. -1. 0.
0.214 0.977 0. -240.478 0.977 -0.214 -0. 315.715 0. 0. -1. 0.
0.211 0.978 0. -239.810 0.978 -0.211 -0. 318.494 0. 0. -1. 0.
0.208 0.978 0. -239.174 0.978 -0.208 -0. 321.481 0. 0. -1. 0.
0.209 0.978 0. -238.522 0.978 -0.209 -0. 324.588 0. 0. -1. 0.
0.218 0.976 0. -237.721 0.976 -0.218 -0. 327.448 0. 0. -1. 0.
0.221 0.975 0. -237.020 0.975 -0.221 -0. 330.636 0. 0. -1. 0.
0.224 0.974 0. -236.257 0.974 -0.224 -0. 333.829 0. 0. -1. 0.
0.234 0.972 0. -235.417 0.972 -0.234 -0. 336.962 0. 0. -1. 0.
0.240 0.971 0. -234.648 0.971 -0.240 -0. 340.149 0. 0. -1. 0.
0.247 0.969 0. -233.828 0.969 -0.247 -0. 343.434 0. 0. -1. 0.
0.253 0.968 0. -232.863 0.968 -0.253 -0. 346.681 0. 0. -1. 0.
0.263 0.965 0. -231.972 0.965 -0.263 -0. 349.873 0. 0. -1. 0.
0.258 0.966 0. -231.067 0.966 -0.258 -0. 353.142 0. 0. -1. 0.
0.266 0.964 0. -230.041 0.964 -0.266 -0. 356.431 0. 0. -1. 0.
0.270 0.963 0. -229.159 0.963 -0.270 -0. 359.749 0. 0. -1. 0.
0.267 0.964 0. -228.143 0.964 -0.267 -0. 362.951 0. 0. -1. 0.
0.267 0.964 0. -227.169 0.964 -0.267 -0. 366.265 0. 0. -1. 0.
0.268 0.963 0. -226.234 0.963 -0.268 -0. 369.552 0. 0. -1. 0.
0.268 0.963 0. -225.267 0.963 -0.268 -0. 372.703 0. 0. -1. 0.
0.274 0.962 0. -224.249 0.962 -0.274 -0. 375.988 0. 0. -1. 0.
0.267 0.964 0. -223.344 0.964 -0.267 -0. 379.188 0. 0. -1. 0.
0.266 0.964 0. -222.323 0.964 -0.266 -0. 382.432 0. 0. -1. 0.
0.270 0.963 0. -221.339 0.963 -0.270 -0. 385.575 0. 0. -1. 0.
