1566533811912499 0.02137 0.99977 -0.00000 -4033403.92164 -0.99977 0.02137 0.00000 269515.42913 0.00000 -0.00000 1.00000 0.00000
1566533812163785 0.02133 0.99977 -0.00000 -4033395.86790 -0.99977 0.02133 0.00000 269641.66036 0.00000 -0.00000 1.00000 0.00000
1566533812414742 0.02155 0.99977 -0.00000 -4033454.90577 -0.99977 0.02155 0.00000 268763.47791 0.00000 -0.00000 1.00000 0.00000
1566533812667090 0.02145 0.99977 -0.00000 -4033426.80152 -0.99977 0.02145 0.00000 269191.80868 0.00000 -0.00000 1.00000 0.00000
1566533812916977 0.02144 0.99977 -0.00000 -4033424.65579 -0.99977 0.02144 0.00000 269231.07578 0.00000 -0.00000 1.00000 0.00000
1566533813167536 0.02141 0.99977 -0.00000 -4033418.67443 -0.99977 0.02141 0.00000 269327.99852 0.00000 -0.00000 1.00000 0.00000
1566533813418282 0.02148 0.99977 -0.00000 -4033438.24715 -0.99977 0.02148 0.00000 269042.23102 0.00000 -0.00000 1.00000 0.00000
1566533813669102 0.02134 0.99977 -0.00000 -4033399.85791 -0.99977 0.02134 0.00000 269624.83683 0.00000 -0.00000 1.00000 0.00000
1566533813920578 0.02107 0.99978 -0.00000 -4033328.40079 -0.99978 0.02107 0.00000 270699.52526 0.00000 -0.00000 1.00000 0.00000
1566533814171172 0.02077 0.99978 -0.00000 -4033245.69033 -0.99978 0.02077 0.00000 271937.04427 0.00000 -0.00000 1.00000 0.00000
1566533814421982 0.02029 0.99979 -0.00000 -4033116.83195 -0.99979 0.02029 0.00000 273849.43955 0.00000 -0.00000 1.00000 0.00000
1566533814673737 0.01925 0.99981 -0.00000 -4032830.34865 -0.99981 0.01925 0.00000 278044.25453 0.00000 -0.00000 1.00000 0.00000
1566533814924107 0.01802 0.99984 -0.00000 -4032484.77176 -0.99984 0.01802 0.00000 283019.64356 0.00000 -0.00000 1.00000 0.00000
1566533815173974 0.01709 0.99985 -0.00000 -4032220.40223 -0.99985 0.01709 0.00000 286769.09041 0.00000 -0.00000 1.00000 0.00000
1566533815425113 0.01485 0.99989 -0.00000 -4031568.29633 -0.99989 0.01485 0.00000 295802.81786 0.00000 -0.00000 1.00000 0.00000
1566533815676307 0.01228 0.99992 -0.00000 -4030795.91202 -0.99992 0.01228 0.00000 306155.04415 0.00000 -0.00000 1.00000 0.00000
1566533815926887 0.00947 0.99996 -0.00000 -4029919.24725 -0.99996 0.00947 0.00000 317492.97110 0.00000 -0.00000 1.00000 0.00000
1566533816177745 0.00724 0.99997 -0.00000 -4029203.11168 -0.99997 0.00724 0.00000 326462.09446 0.00000 -0.00000 1.00000 0.00000
1566533816432179 0.00513 0.99999 -0.00000 -4028503.96116 -0.99999 0.00513 0.00000 334985.57947 0.00000 -0.00000 1.00000 0.00000
1566533816681033 0.00290 1.00000 -0.00000 -4027748.81838 -1.00000 0.00290 0.00000 343952.21055 0.00000 -0.00000 1.00000 0.00000
1566533816931605 0.00048 1.00000 -0.00000 -4026903.62561 -1.00000 0.00048 0.00000 353715.99729 0.00000 -0.00000 1.00000 0.00000
1566533817182729 -0.00192 1.00000 0.00000 -4026045.00165 -1.00000 -0.00192 0.00000 363364.26769 0.00000 0.00000 1.00000 -0.00000
1566533817433592 -0.00408 0.99999 0.00000 -4025250.77391 -0.99999 -0.00408 0.00000 372064.79907 0.00000 0.00000 1.00000 -0.00000
1566533817684089 -0.00635 0.99998 0.00000 -4024396.50398 -0.99998 -0.00635 0.00000 381199.11255 0.00000 0.00000 1.00000 -0.00000
1566533817934790 -0.00861 0.99996 0.00000 -4023526.02770 -0.99996 -0.00861 0.00000 390284.74276 0.00000 0.00000 1.00000 -0.00000
1566533818185225 -0.01030 0.99995 0.00000 -4022862.51480 -0.99995 -0.01030 0.00000 397070.37939 0.00000 0.00000 1.00000 -0.00000
1566533818436279 -0.01069 0.99994 0.00000 -4022707.00599 -0.99994 -0.01069 0.00000 398647.52143 0.00000 0.00000 1.00000 -0.00000
1566533818687182 -0.01094 0.99994 0.00000 -4022606.12242 -0.99994 -0.01094 0.00000 399668.91064 0.00000 0.00000 1.00000 -0.00000
1566533818938772 -0.01134 0.99994 0.00000 -4022448.02065 -0.99994 -0.01134 0.00000 401261.66146 0.00000 0.00000 1.00000 -0.00000
1566533819191166 -0.01173 0.99993 0.00000 -4022290.93745 -0.99993 -0.01173 0.00000 402837.85488 0.00000 0.00000 1.00000 -0.00000
1566533819441011 -0.01251 0.99992 0.00000 -4021973.63529 -0.99992 -0.01251 0.00000 405997.83672 0.00000 0.00000 1.00000 -0.00000
1566533819691826 -0.01414 0.99990 0.00000 -4021307.86003 -0.99990 -0.01414 0.00000 412543.79614 0.00000 0.00000 1.00000 -0.00000
1566533819943282 -0.01709 0.99985 0.00000 -4020073.98833 -0.99985 -0.01709 0.00000 424402.30466 0.00000 0.00000 1.00000 -0.00000
1566533820194168 -0.02086 0.99978 0.00000 -4018447.62339 -0.99978 -0.02086 0.00000 439537.87930 0.00000 0.00000 1.00000 -0.00000
1566533820444428 -0.02610 0.99966 0.00000 -4016088.58094 -0.99966 -0.02610 0.00000 460597.19255 0.00000 0.00000 1.00000 -0.00000
1566533820696329 -0.03242 0.99947 0.00000 -4013095.96701 -0.99947 -0.03242 0.00000 485983.96207 0.00000 0.00000 1.00000 -0.00000
1566533820947074 -0.03962 0.99921 0.00000 -4009488.07728 -0.99921 -0.03962 0.00000 514905.23683 0.00000 0.00000 1.00000 -0.00000
1566533821198674 -0.04782 0.99886 0.00000 -4005130.50344 -0.99886 -0.04782 0.00000 547771.93695 0.00000 0.00000 1.00000 -0.00000
1566533821448682 -0.05674 0.99839 0.00000 -4000075.09801 -0.99839 -0.05674 0.00000 583546.13918 0.00000 0.00000 1.00000 -0.00000
1566533821699747 -0.06631 0.99780 0.00000 -3994297.86440 -0.99780 -0.06631 0.00000 621863.30605 0.00000 0.00000 1.00000 -0.00000
1566533821951128 -0.07782 0.99697 0.00000 -3986859.05940 -0.99697 -0.07782 0.00000 667897.35496 0.00000 0.00000 1.00000 -0.00000
1566533822201891 -0.09075 0.99587 0.00000 -3977855.79549 -0.99587 -0.09075 0.00000 719581.96038 0.00000 0.00000 1.00000 -0.00000
1566533822452790 -0.10538 0.99443 0.00000 -3966847.30993 -0.99443 -0.10538 0.00000 777984.91886 0.00000 0.00000 1.00000 -0.00000
1566533822704012 -0.12038 0.99273 0.00000 -3954650.66110 -0.99273 -0.12038 0.00000 837782.63375 0.00000 0.00000 1.00000 -0.00000
1566533822956019 -0.13733 0.99053 0.00000 -3939754.92837 -0.99053 -0.13733 0.00000 905249.42850 0.00000 0.00000 1.00000 -0.00000
1566533823205655 -0.15556 0.98783 0.00000 -3922402.99586 -0.98783 -0.15556 0.00000 977703.61360 0.00000 0.00000 1.00000 -0.00000
1566533823456630 -0.17527 0.98452 0.00000 -3902079.07335 -0.98452 -0.17527 0.00000 1055903.93710 0.00000 0.00000 1.00000 -0.00000
1566533823707751 -0.19660 0.98048 0.00000 -3878237.20910 -0.98048 -0.19660 0.00000 1140366.31267 0.00000 0.00000 1.00000 -0.00000
1566533823960026 -0.21976 0.97555 0.00000 -3850156.68489 -0.97555 -0.21976 0.00000 1231851.45000 0.00000 0.00000 1.00000 -0.00000
1566533824210769 -0.24337 0.96993 0.00000 -3819125.85288 -0.96993 -0.24337 0.00000 1324933.13780 0.00000 0.00000 1.00000 -0.00000
1566533824461676 -0.26819 0.96337 0.00000 -3783860.26821 -0.96337 -0.26819 0.00000 1422525.03079 0.00000 0.00000 1.00000 -0.00000
1566533824712720 -0.29149 0.95657 0.00000 -3748219.08727 -0.95657 -0.29149 0.00000 1513947.11501 0.00000 0.00000 1.00000 -0.00000
1566533824963602 -0.30974 0.95082 0.00000 -3718563.57434 -0.95082 -0.30974 0.00000 1585393.82554 0.00000 0.00000 1.00000 -0.00000
1566533825215277 -0.32189 0.94678 0.00000 -3697969.26822 -0.94678 -0.32189 0.00000 1632855.97862 0.00000 0.00000 1.00000 -0.00000
1566533825466007 -0.32839 0.94454 0.00000 -3686643.19424 -0.94454 -0.32839 0.00000 1658271.44374 0.00000 0.00000 1.00000 -0.00000
1566533825717016 -0.32623 0.94529 0.00000 -3690427.46846 -0.94529 -0.32623 0.00000 1649834.67766 0.00000 0.00000 1.00000 -0.00000
1566533825968043 -0.31468 0.94920 0.00000 -3710272.26651 -0.94920 -0.31468 0.00000 1604710.70346 0.00000 0.00000 1.00000 -0.00000
1566533826218612 -0.29728 0.95479 0.00000 -3738977.13347 -0.95479 -0.29728 0.00000 1536643.86731 0.00000 0.00000 1.00000 -0.00000
1566533826472859 -0.27602 0.96115 0.00000 -3772159.80758 -0.96115 -0.27602 0.00000 1453286.89727 0.00000 0.00000 1.00000 -0.00000
1566533826720808 -0.25209 0.96770 0.00000 -3807055.66268 -0.96770 -0.25209 0.00000 1359252.63073 0.00000 0.00000 1.00000 -0.00000
1566533826970654 -0.22478 0.97441 0.00000 -3843777.72471 -0.97441 -0.22478 0.00000 1251647.62255 0.00000 0.00000 1.00000 -0.00000
1566533827222025 -0.19649 0.98051 0.00000 -3878384.43592 -0.98051 -0.19649 0.00000 1139908.71192 0.00000 0.00000 1.00000 -0.00000
1566533827474940 -0.16656 0.98603 0.00000 -3911273.88907 -0.98603 -0.16656 0.00000 1021373.28029 0.00000 0.00000 1.00000 -0.00000
1566533827723153 -0.13773 0.99047 0.00000 -3939401.88462 -0.99047 -0.13773 0.00000 906856.58765 0.00000 0.00000 1.00000 -0.00000
1566533827974823 -0.10969 0.99397 0.00000 -3963452.73214 -0.99397 -0.10969 0.00000 795190.69067 0.00000 0.00000 1.00000 -0.00000
1566533828225504 -0.08487 0.99639 0.00000 -3982054.21403 -0.99639 -0.08487 0.00000 696089.11094 0.00000 0.00000 1.00000 -0.00000
1566533828476424 -0.06712 0.99775 0.00000 -3993815.55314 -0.99775 -0.06712 0.00000 625094.73765 0.00000 0.00000 1.00000 -0.00000
1566533828726694 -0.05255 0.99862 0.00000 -4002513.31426 -0.99862 -0.05255 0.00000 566748.47727 0.00000 0.00000 1.00000 -0.00000
1566533828977875 -0.04211 0.99911 0.00000 -4008219.53032 -0.99911 -0.04211 0.00000 524884.55552 0.00000 0.00000 1.00000 -0.00000
1566533829229036 -0.03649 0.99933 0.00000 -4011108.97184 -0.99933 -0.03649 0.00000 502338.17614 0.00000 0.00000 1.00000 -0.00000
1566533829479449 -0.03421 0.99941 0.00000 -4012248.12169 -0.99941 -0.03421 0.00000 493168.63015 0.00000 0.00000 1.00000 -0.00000
1566533829729889 -0.03497 0.99939 0.00000 -4011874.55733 -0.99939 -0.03497 0.00000 496209.97297 0.00000 0.00000 1.00000 -0.00000
1566533829980516 -0.03687 0.99932 0.00000 -4010924.82590 -0.99932 -0.03687 0.00000 503840.64720 0.00000 0.00000 1.00000 -0.00000
1566533830231197 -0.03870 0.99925 0.00000 -4009994.15558 -0.99925 -0.03870 0.00000 511206.28557 0.00000 0.00000 1.00000 -0.00000
1566533830481744 -0.04044 0.99918 0.00000 -4009103.11973 -0.99918 -0.04044 0.00000 518159.07960 0.00000 0.00000 1.00000 -0.00000
1566533830732078 -0.04197 0.99912 0.00000 -4008304.66680 -0.99912 -0.04197 0.00000 524311.06405 0.00000 0.00000 1.00000 -0.00000
1566533830982761 -0.04377 0.99904 0.00000 -4007353.15876 -0.99904 -0.04377 0.00000 531545.77883 0.00000 0.00000 1.00000 -0.00000
1566533831233578 -0.04504 0.99899 0.00000 -4006677.74328 -0.99899 -0.04504 0.00000 536624.35114 0.00000 0.00000 1.00000 -0.00000
1566533831484455 -0.04622 0.99893 0.00000 -4006041.13935 -0.99893 -0.04622 0.00000 541367.43022 0.00000 0.00000 1.00000 -0.00000
1566533831734959 -0.04748 0.99887 0.00000 -4005359.53157 -0.99887 -0.04748 0.00000 546398.61748 0.00000 0.00000 1.00000 -0.00000
1566533831985723 -0.04893 0.99880 0.00000 -4004560.71434 -0.99880 -0.04893 0.00000 552233.77674 0.00000 0.00000 1.00000 -0.00000
1566533832236873 -0.05275 0.99861 0.00000 -4002421.78774 -0.99861 -0.05275 0.00000 567539.25181 0.00000 0.00000 1.00000 -0.00000
1566533832488106 -0.06056 0.99816 0.00000 -3997859.43779 -0.99816 -0.06056 0.00000 598843.25339 0.00000 0.00000 1.00000 -0.00000
1566533832739659 -0.06959 0.99758 0.00000 -3992282.70707 -0.99758 -0.06959 0.00000 634968.12736 0.00000 0.00000 1.00000 -0.00000
1566533833000067 -0.08127 0.99669 0.00000 -3984569.69417 -0.99669 -0.08127 0.00000 681705.87654 0.00000 0.00000 1.00000 -0.00000
1566533833240549 -0.09295 0.99567 0.00000 -3976303.28449 -0.99567 -0.09295 0.00000 728383.45001 0.00000 0.00000 1.00000 -0.00000
1566533833490745 -0.10633 0.99433 0.00000 -3966150.95060 -0.99433 -0.10633 0.00000 781785.74960 0.00000 0.00000 1.00000 -0.00000
1566533833741190 -0.12213 0.99251 0.00000 -3953220.52215 -0.99251 -0.12213 0.00000 844749.53617 0.00000 0.00000 1.00000 -0.00000
1566533833996089 -0.13827 0.99039 0.00000 -3938947.17667 -0.99039 -0.13827 0.00000 908989.24352 0.00000 0.00000 1.00000 -0.00000
1566533834242664 -0.15403 0.98807 0.00000 -3923968.28785 -0.98807 -0.15403 0.00000 971622.70932 0.00000 0.00000 1.00000 -0.00000
1566533834493504 -0.16971 0.98549 0.00000 -3908038.36580 -0.98549 -0.16971 0.00000 1033840.18097 0.00000 0.00000 1.00000 -0.00000
1566533834744476 -0.18527 0.98269 0.00000 -3891196.77939 -0.98269 -0.18527 0.00000 1095531.10569 0.00000 0.00000 1.00000 -0.00000
1566533834996649 -0.20043 0.97971 0.00000 -3873807.75292 -0.97971 -0.20043 0.00000 1155519.59302 0.00000 0.00000 1.00000 -0.00000
1566533835246185 -0.21556 0.97649 0.00000 -3855478.65390 -0.97649 -0.21556 0.00000 1215280.76120 0.00000 0.00000 1.00000 -0.00000
1566533835496506 -0.23102 0.97295 0.00000 -3835717.13364 -0.97295 -0.23102 0.00000 1276286.73074 0.00000 0.00000 1.00000 -0.00000
1566533835746881 -0.24680 0.96907 0.00000 -3814469.31008 -0.96907 -0.24680 0.00000 1338457.38269 0.00000 0.00000 1.00000 -0.00000
1566533836000654 -0.26366 0.96461 0.00000 -3790553.69884 -0.96461 -0.26366 0.00000 1404762.38865 0.00000 0.00000 1.00000 -0.00000
1566533836249094 -0.27969 0.96009 0.00000 -3766641.27042 -0.96009 -0.27969 0.00000 1467677.84780 0.00000 0.00000 1.00000 -0.00000
1566533836499594 -0.29595 0.95520 0.00000 -3741173.28885 -0.95520 -0.29595 0.00000 1531436.26035 0.00000 0.00000 1.00000 -0.00000
1566533836750160 -0.31244 0.94994 0.00000 -3714116.29956 -0.94994 -0.31244 0.00000 1595939.97961 0.00000 0.00000 1.00000 -0.00000
1566533837000610 -0.33217 0.94322 0.00000 -3680041.22123 -0.94322 -0.33217 0.00000 1673018.35563 0.00000 0.00000 1.00000 -0.00000
1566533837251350 -0.35170 0.93611 0.00000 -3644483.56281 -0.93611 -0.35170 0.00000 1749126.24112 0.00000 0.00000 1.00000 -0.00000
1566533837501602 -0.37223 0.92814 0.00000 -3605088.18486 -0.92814 -0.37223 0.00000 1828948.11708 0.00000 0.00000 1.00000 -0.00000
1566533837752528 -0.39368 0.91925 0.00000 -3561643.60852 -0.91925 -0.39368 0.00000 1912175.63579 0.00000 0.00000 1.00000 -0.00000
1566533838003604 -0.41452 0.91004 0.00000 -3517160.65470 -0.91004 -0.41452 0.00000 1992814.67166 0.00000 0.00000 1.00000 -0.00000
1566533838253918 -0.43577 0.90006 0.00000 -3469407.83350 -0.90006 -0.43577 0.00000 2074836.59841 0.00000 0.00000 1.00000 -0.00000
1566533838504739 -0.45821 0.88884 0.00000 -3416255.54200 -0.88884 -0.45821 0.00000 2161236.60365 0.00000 0.00000 1.00000 -0.00000
1566533838755452 -0.48097 0.87674 0.00000 -3359416.47327 -0.87674 -0.48097 0.00000 2248571.59623 0.00000 0.00000 1.00000 -0.00000
1566533839006351 -0.50236 0.86466 0.00000 -3303165.31600 -0.86466 -0.50236 0.00000 2330420.48464 0.00000 0.00000 1.00000 -0.00000
1566533839257232 -0.52323 0.85219 0.00000 -3245565.26628 -0.85219 -0.52323 0.00000 2409994.62852 0.00000 0.00000 1.00000 -0.00000
1566533839507285 -0.54613 0.83770 0.00000 -3179052.97734 -0.83770 -0.54613 0.00000 2497077.72815 0.00000 0.00000 1.00000 -0.00000
1566533839758321 -0.57188 0.82033 0.00000 -3099970.72295 -0.82033 -0.57188 0.00000 2594602.72939 0.00000 0.00000 1.00000 -0.00000
1566533840009451 -0.59812 0.80141 0.00000 -3014431.25913 -0.80141 -0.59812 0.00000 2693509.33919 0.00000 0.00000 1.00000 -0.00000
1566533840259895 -0.62286 0.78233 0.00000 -2928805.87623 -0.78233 -0.62286 0.00000 2786375.93706 0.00000 0.00000 1.00000 -0.00000
1566533840510289 -0.64620 0.76317 0.00000 -2843363.32352 -0.76317 -0.64620 0.00000 2873514.54868 0.00000 0.00000 1.00000 -0.00000
1566533840760913 -0.66317 0.74847 0.00000 -2778141.99907 -0.74847 -0.66317 0.00000 2936619.45551 0.00000 0.00000 1.00000 -0.00000
1566533841011815 -0.67325 0.73941 0.00000 -2738071.68988 -0.73941 -0.67325 0.00000 2974016.80203 0.00000 0.00000 1.00000 -0.00000
1566533841262605 -0.68039 0.73285 0.00000 -2709091.54897 -0.73285 -0.68039 0.00000 3000440.10553 0.00000 0.00000 1.00000 -0.00000
1566533841513326 -0.68408 0.72940 0.00000 -2693920.84738 -0.72940 -0.68408 0.00000 3014069.18162 0.00000 0.00000 1.00000 -0.00000
1566533841764322 -0.68417 0.72933 0.00000 -2693579.70012 -0.72933 -0.68417 0.00000 3014374.73917 0.00000 0.00000 1.00000 -0.00000
1566533842014181 -0.68299 0.73042 0.00000 -2698411.72915 -0.73042 -0.68299 0.00000 3010050.56154 0.00000 0.00000 1.00000 -0.00000
1566533842265754 -0.68155 0.73177 0.00000 -2704354.51573 -0.73177 -0.68155 0.00000 3004712.97943 0.00000 0.00000 1.00000 -0.00000
1566533842516067 -0.68020 0.73303 0.00000 -2709901.50323 -0.73303 -0.68020 0.00000 2999711.66947 0.00000 0.00000 1.00000 -0.00000
1566533842766668 -0.67889 0.73424 0.00000 -2715233.10166 -0.73424 -0.67889 0.00000 2994886.98355 0.00000 0.00000 1.00000 -0.00000
1566533843017788 -0.67693 0.73604 0.00000 -2723201.05799 -0.73604 -0.67693 0.00000 2987644.10719 0.00000 0.00000 1.00000 -0.00000
1566533843268134 -0.67599 0.73691 0.00000 -2727038.41591 -0.73691 -0.67599 0.00000 2984142.29209 0.00000 0.00000 1.00000 -0.00000
1566533843520033 -0.67403 0.73870 0.00000 -2734943.40640 -0.73870 -0.67403 0.00000 2976899.51106 0.00000 0.00000 1.00000 -0.00000
1566533843770453 -0.67208 0.74048 0.00000 -2742773.20208 -0.74048 -0.67208 0.00000 2969687.47889 0.00000 0.00000 1.00000 -0.00000
1566533844021285 -0.66996 0.74240 0.00000 -2751270.42003 -0.74240 -0.66996 0.00000 2961817.37691 0.00000 0.00000 1.00000 -0.00000
1566533844272311 -0.66781 0.74433 0.00000 -2759834.83638 -0.74433 -0.66781 0.00000 2953839.09871 0.00000 0.00000 1.00000 -0.00000
1566533844522470 -0.66582 0.74611 0.00000 -2767688.97844 -0.74611 -0.66582 0.00000 2946481.66480 0.00000 0.00000 1.00000 -0.00000
1566533844773337 -0.66385 0.74787 0.00000 -2775469.29081 -0.74787 -0.66385 0.00000 2939154.56660 0.00000 0.00000 1.00000 -0.00000
1566533845025344 -0.66227 0.74926 0.00000 -2781654.57994 -0.74926 -0.66227 0.00000 2933301.92847 0.00000 0.00000 1.00000 -0.00000
1566533845275479 -0.66047 0.75085 0.00000 -2788681.79858 -0.75085 -0.66047 0.00000 2926622.53710 0.00000 0.00000 1.00000 -0.00000
1566533845526513 -0.65880 0.75232 0.00000 -2795187.32376 -0.75232 -0.65880 0.00000 2920410.40737 0.00000 0.00000 1.00000 -0.00000
1566533845776669 -0.65740 0.75354 0.00000 -2800624.11378 -0.75354 -0.65740 0.00000 2915197.65794 0.00000 0.00000 1.00000 -0.00000
1566533846028182 -0.65647 0.75435 0.00000 -2804193.27999 -0.75435 -0.65647 0.00000 2911765.25029 0.00000 0.00000 1.00000 -0.00000
1566533846278961 -0.65555 0.75515 0.00000 -2807747.06987 -0.75515 -0.65555 0.00000 2908339.30069 0.00000 0.00000 1.00000 -0.00000
1566533846530127 -0.65433 0.75620 0.00000 -2812432.03782 -0.75620 -0.65433 0.00000 2903809.83808 0.00000 0.00000 1.00000 -0.00000
1566533846780862 -0.65310 0.75727 0.00000 -2817179.51116 -0.75727 -0.65310 0.00000 2899205.00970 0.00000 0.00000 1.00000 -0.00000
1566533847031286 -0.65228 0.75798 0.00000 -2820290.82109 -0.75798 -0.65228 0.00000 2896179.27059 0.00000 0.00000 1.00000 -0.00000
1566533847282469 -0.65163 0.75854 0.00000 -2822779.56758 -0.75854 -0.65163 0.00000 2893754.46480 0.00000 0.00000 1.00000 -0.00000
1566533847533299 -0.65151 0.75864 0.00000 -2823256.53090 -0.75864 -0.65151 0.00000 2893289.95215 0.00000 0.00000 1.00000 -0.00000
1566533847784146 -0.65252 0.75777 0.00000 -2819388.40622 -0.75777 -0.65252 0.00000 2897060.25127 0.00000 0.00000 1.00000 -0.00000
1566533848035074 -0.65369 0.75676 0.00000 -2814921.09444 -0.75676 -0.65369 0.00000 2901401.96020 0.00000 0.00000 1.00000 -0.00000
1566533848285975 -0.65470 0.75589 0.00000 -2811033.89981 -0.75589 -0.65470 0.00000 2905169.12915 0.00000 0.00000 1.00000 -0.00000
1566533848536456 -0.65569 0.75503 0.00000 -2807221.15426 -0.75503 -0.65569 0.00000 2908854.40433 0.00000 0.00000 1.00000 -0.00000
1566533848788097 -0.65700 0.75389 0.00000 -2802172.72134 -0.75389 -0.65700 0.00000 2913718.94850 0.00000 0.00000 1.00000 -0.00000
1566533849039133 -0.65790 0.75311 0.00000 -2798706.98152 -0.75311 -0.65790 0.00000 2917049.01737 0.00000 0.00000 1.00000 -0.00000
1566533849290181 -0.65918 0.75198 0.00000 -2793717.24415 -0.75198 -0.65918 0.00000 2921829.14088 0.00000 0.00000 1.00000 -0.00000
1566533849540813 -0.66045 0.75087 0.00000 -2788792.86562 -0.75087 -0.66045 0.00000 2926530.69407 0.00000 0.00000 1.00000 -0.00000
1566533849791366 -0.66025 0.75104 0.00000 -2789559.46497 -0.75104 -0.66025 0.00000 2925801.03130 0.00000 0.00000 1.00000 -0.00000
1566533850041492 -0.65903 0.75212 0.00000 -2794321.41554 -0.75212 -0.65903 0.00000 2921254.48161 0.00000 0.00000 1.00000 -0.00000
1566533850293162 -0.65677 0.75409 0.00000 -2803059.97657 -0.75409 -0.65677 0.00000 2912871.62498 0.00000 0.00000 1.00000 -0.00000
1566533850543720 -0.65410 0.75641 0.00000 -2813363.78736 -0.75641 -0.65410 0.00000 2902922.16002 0.00000 0.00000 1.00000 -0.00000
1566533850794131 -0.65075 0.75929 0.00000 -2826146.66204 -0.75929 -0.65075 0.00000 2890479.97895 0.00000 0.00000 1.00000 -0.00000
1566533851045713 -0.64691 0.76256 0.00000 -2840693.86723 -0.76256 -0.64691 0.00000 2876185.76221 0.00000 0.00000 1.00000 -0.00000
1566533851295520 -0.64229 0.76646 0.00000 -2858048.00160 -0.76646 -0.64229 0.00000 2858942.91558 0.00000 0.00000 1.00000 -0.00000
1566533851545869 -0.63762 0.77035 0.00000 -2875371.05632 -0.77035 -0.63762 0.00000 2841520.93233 0.00000 0.00000 1.00000 -0.00000
1566533851796953 -0.63315 0.77403 0.00000 -2891746.97497 -0.77403 -0.63315 0.00000 2824855.13736 0.00000 0.00000 1.00000 -0.00000
1566533852048254 -0.62795 0.77826 0.00000 -2910639.00473 -0.77826 -0.62795 0.00000 2805386.80858 0.00000 0.00000 1.00000 -0.00000
1566533852298879 -0.62055 0.78417 0.00000 -2937063.89930 -0.78417 -0.62055 0.00000 2777710.90652 0.00000 0.00000 1.00000 -0.00000
1566533852549761 -0.61271 0.79031 0.00000 -2964596.48790 -0.79031 -0.61271 0.00000 2748308.15543 0.00000 0.00000 1.00000 -0.00000
1566533852800850 -0.60479 0.79638 0.00000 -2991869.46022 -0.79638 -0.60479 0.00000 2718594.33052 0.00000 0.00000 1.00000 -0.00000
1566533853051800 -0.59575 0.80317 0.00000 -3022428.83528 -0.80317 -0.59575 0.00000 2684580.04430 0.00000 0.00000 1.00000 -0.00000
1566533853302152 -0.58608 0.81026 0.00000 -3054386.91712 -0.81026 -0.58608 0.00000 2648164.42860 0.00000 0.00000 1.00000 -0.00000
1566533853552910 -0.57601 0.81744 0.00000 -3086916.57962 -0.81744 -0.57601 0.00000 2610174.06693 0.00000 0.00000 1.00000 -0.00000
1566533853803467 -0.56436 0.82553 0.00000 -3123610.15358 -0.82553 -0.56436 0.00000 2566150.94533 0.00000 0.00000 1.00000 -0.00000
1566533854054624 -0.55036 0.83493 0.00000 -3166444.92768 -0.83493 -0.55036 0.00000 2513106.85244 0.00000 0.00000 1.00000 -0.00000
1566533854305407 -0.53523 0.84471 0.00000 -3211213.45987 -0.84471 -0.53523 0.00000 2455645.75753 0.00000 0.00000 1.00000 -0.00000
1566533854556166 -0.51927 0.85461 0.00000 -3256757.29728 -0.85461 -0.51927 0.00000 2394917.18607 0.00000 0.00000 1.00000 -0.00000
1566533854807192 -0.50168 0.86505 0.00000 -3305060.34749 -0.86505 -0.50168 0.00000 2327806.03688 0.00000 0.00000 1.00000 -0.00000
1566533855057695 -0.48701 0.87339 0.00000 -3343871.72703 -0.87339 -0.48701 0.00000 2271703.11386 0.00000 0.00000 1.00000 -0.00000
1566533855308340 -0.47278 0.88118 0.00000 -3380296.93540 -0.88118 -0.47278 0.00000 2217140.94521 0.00000 0.00000 1.00000 -0.00000
1566533855558748 -0.45716 0.88938 0.00000 -3418878.69882 -0.88938 -0.45716 0.00000 2157173.56401 0.00000 0.00000 1.00000 -0.00000
1566533855809785 -0.44262 0.89671 0.00000 -3453552.88663 -0.89671 -0.44262 0.00000 2101216.24682 0.00000 0.00000 1.00000 -0.00000
1566533856060483 -0.42913 0.90324 0.00000 -3484644.69764 -0.90324 -0.42913 0.00000 2049242.83650 0.00000 0.00000 1.00000 -0.00000
1566533856310788 -0.42170 0.90673 0.00000 -3501354.15607 -0.90673 -0.42170 0.00000 2020562.06680 0.00000 0.00000 1.00000 -0.00000
1566533856561406 -0.41711 0.90885 0.00000 -3511527.73215 -0.90885 -0.41711 0.00000 2002830.86206 0.00000 0.00000 1.00000 -0.00000
1566533856811616 -0.41299 0.91073 0.00000 -3520565.72240 -0.91073 -0.41299 0.00000 1986902.41875 0.00000 0.00000 1.00000 -0.00000
1566533857062813 -0.40939 0.91236 0.00000 -3528393.03191 -0.91236 -0.40939 0.00000 1972970.36357 0.00000 0.00000 1.00000 -0.00000
1566533857313562 -0.40757 0.91317 0.00000 -3532312.90841 -0.91317 -0.40757 0.00000 1965945.01989 0.00000 0.00000 1.00000 -0.00000
1566533857564005 -0.40682 0.91351 0.00000 -3533923.28033 -0.91351 -0.40682 0.00000 1963049.94909 0.00000 0.00000 1.00000 -0.00000
1566533857814751 -0.40670 0.91356 0.00000 -3534196.78409 -0.91356 -0.40670 0.00000 1962558.59812 0.00000 0.00000 1.00000 -0.00000
1566533858066191 -0.40717 0.91335 0.00000 -3533173.31597 -0.91335 -0.40717 0.00000 1964401.59027 0.00000 0.00000 1.00000 -0.00000
1566533858316499 -0.41040 0.91191 0.00000 -3526207.79911 -0.91191 -0.41040 0.00000 1976878.80511 0.00000 0.00000 1.00000 -0.00000
1566533858568058 -0.41578 0.90947 0.00000 -3514474.31150 -0.90947 -0.41578 0.00000 1997664.99800 0.00000 0.00000 1.00000 -0.00000
1566533858818761 -0.42418 0.90558 0.00000 -3495823.44705 -0.90558 -0.42418 0.00000 2030127.41589 0.00000 0.00000 1.00000 -0.00000
1566533859069715 -0.43394 0.90094 0.00000 -3473690.89554 -0.90094 -0.43394 0.00000 2067770.35797 0.00000 0.00000 1.00000 -0.00000
1566533859320834 -0.44323 0.89641 0.00000 -3452115.91917 -0.89641 -0.44323 0.00000 2103592.72846 0.00000 0.00000 1.00000 -0.00000
1566533859572464 -0.44872 0.89367 0.00000 -3439153.16905 -0.89367 -0.44872 0.00000 2124720.31511 0.00000 0.00000 1.00000 -0.00000
1566533859823312 -0.44764 0.89422 0.00000 -3441736.24110 -0.89422 -0.44764 0.00000 2120534.62770 0.00000 0.00000 1.00000 -0.00000
1566533860074312 -0.43897 0.89850 0.00000 -3462071.82876 -0.89850 -0.43897 0.00000 2087170.09470 0.00000 0.00000 1.00000 -0.00000
1566533860325563 -0.42382 0.90575 0.00000 -3496636.89205 -0.90575 -0.42382 0.00000 2028732.63371 0.00000 0.00000 1.00000 -0.00000
1566533860576634 -0.40197 0.91565 0.00000 -3544305.86275 -0.91565 -0.40197 0.00000 1944254.96445 0.00000 0.00000 1.00000 -0.00000
1566533860826956 -0.37656 0.92639 0.00000 -3596573.02149 -0.92639 -0.37656 0.00000 1845779.02531 0.00000 0.00000 1.00000 -0.00000
1566533861076533 -0.34983 0.93681 0.00000 -3648048.73688 -0.93681 -0.34983 0.00000 1741833.78084 0.00000 0.00000 1.00000 -0.00000
1566533861328418 -0.32069 0.94718 0.00000 -3700175.98032 -0.94718 -0.32069 0.00000 1628173.71086 0.00000 0.00000 1.00000 -0.00000
1566533861579763 -0.28940 0.95721 0.00000 -3751676.24252 -0.95721 -0.28940 0.00000 1505717.50355 0.00000 0.00000 1.00000 -0.00000
1566533861829851 -0.25945 0.96576 0.00000 -3796741.00541 -0.96576 -0.25945 0.00000 1388173.62118 0.00000 0.00000 1.00000 -0.00000
1566533862079955 -0.22838 0.97357 0.00000 -3839257.69145 -0.97357 -0.22838 0.00000 1265850.57927 0.00000 0.00000 1.00000 -0.00000
1566533862330937 -0.19620 0.98056 0.00000 -3878859.64590 -0.98056 -0.19620 0.00000 1138742.58362 0.00000 0.00000 1.00000 -0.00000
1566533862581136 -0.16648 0.98604 0.00000 -3911499.15171 -0.98604 -0.16648 0.00000 1021014.83211 0.00000 0.00000 1.00000 -0.00000
1566533862831768 -0.14414 0.98956 0.00000 -3933595.21716 -0.98956 -0.14414 0.00000 932274.69084 0.00000 0.00000 1.00000 -0.00000
1566533863082738 -0.13124 0.99135 0.00000 -3945402.99003 -0.99135 -0.13124 0.00000 880973.09318 0.00000 0.00000 1.00000 -0.00000
1566533863333222 -0.12614 0.99201 0.00000 -3949880.21813 -0.99201 -0.12614 0.00000 860683.35155 0.00000 0.00000 1.00000 -0.00000
1566533863583857 -0.12159 0.99258 0.00000 -3953789.04563 -0.99258 -0.12159 0.00000 842551.60865 0.00000 0.00000 1.00000 -0.00000
1566533863836727 -0.11751 0.99307 0.00000 -3957216.55170 -0.99307 -0.11751 0.00000 826311.03703 0.00000 0.00000 1.00000 -0.00000
1566533864087242 -0.11427 0.99345 0.00000 -3959897.10451 -0.99345 -0.11427 0.00000 813375.40631 0.00000 0.00000 1.00000 -0.00000
1566533864338034 -0.11090 0.99383 0.00000 -3962629.27720 -0.99383 -0.11090 0.00000 799966.23888 0.00000 0.00000 1.00000 -0.00000
1566533864589145 -0.10756 0.99420 0.00000 -3965294.66334 -0.99420 -0.10756 0.00000 786655.87329 0.00000 0.00000 1.00000 -0.00000
1566533864839819 -0.10385 0.99459 0.00000 -3968204.95808 -0.99459 -0.10385 0.00000 771849.32639 0.00000 0.00000 1.00000 -0.00000
1566533865090911 -0.09949 0.99504 0.00000 -3971552.13753 -0.99504 -0.09949 0.00000 754445.91402 0.00000 0.00000 1.00000 -0.00000
1566533865341669 -0.09299 0.99567 0.00000 -3976400.21501 -0.99567 -0.09299 0.00000 728470.79209 0.00000 0.00000 1.00000 -0.00000
1566533865591741 -0.08517 0.99637 0.00000 -3981997.12831 -0.99637 -0.08517 0.00000 697238.02417 0.00000 0.00000 1.00000 -0.00000
1566533865842381 -0.07595 0.99711 0.00000 -3988279.33733 -0.99711 -0.07595 0.00000 660366.47962 0.00000 0.00000 1.00000 -0.00000
1566533866093355 -0.06570 0.99784 0.00000 -3994856.56592 -0.99784 -0.06570 0.00000 619347.46882 0.00000 0.00000 1.00000 -0.00000
1566533866344191 -0.05314 0.99859 0.00000 -4002333.39218 -0.99859 -0.05314 0.00000 569045.07798 0.00000 0.00000 1.00000 -0.00000
1566533866595422 -0.03634 0.99934 0.00000 -4011335.25075 -0.99934 -0.03634 0.00000 501686.39444 0.00000 0.00000 1.00000 -0.00000
1566533866846215 -0.01544 0.99988 0.00000 -4020952.17760 -0.99988 -0.01544 0.00000 417682.07228 0.00000 0.00000 1.00000 -0.00000
1566533867096263 0.00658 0.99998 -0.00000 -4029173.47978 -0.99998 0.00658 0.00000 329076.05304 0.00000 -0.00000 1.00000 0.00000
1566533867347167 0.02247 0.99975 -0.00000 -4033897.20732 -0.99975 0.02247 0.00000 264988.08955 0.00000 -0.00000 1.00000 0.00000
1566533867598236 0.03775 0.99929 -0.00000 -4037479.26465 -0.99929 0.03775 0.00000 203278.95671 0.00000 -0.00000 1.00000 0.00000
1566533867848970 0.05221 0.99864 -0.00000 -4040000.33383 -0.99864 0.05221 0.00000 144825.01872 0.00000 -0.00000 1.00000 0.00000
1566533868098803 0.06596 0.99782 -0.00000 -4041613.70025 -0.99782 0.06596 0.00000 89172.23185 0.00000 -0.00000 1.00000 0.00000
1566533868349652 0.08000 0.99680 -0.00000 -4042470.40631 -0.99680 0.08000 0.00000 32282.98303 0.00000 -0.00000 1.00000 0.00000
1566533868599885 0.09445 0.99553 -0.00000 -4042515.26083 -0.99553 0.09445 0.00000 -26379.61011 0.00000 -0.00000 1.00000 0.00000
1566533868850453 0.10690 0.99427 -0.00000 -4041871.21950 -0.99427 0.10690 0.00000 -76935.88759 0.00000 -0.00000 1.00000 0.00000
1566533869101021 0.11715 0.99311 -0.00000 -4040863.70846 -0.99311 0.11715 0.00000 -118655.85309 0.00000 -0.00000 1.00000 0.00000
1566533869351685 0.12749 0.99184 -0.00000 -4039411.80077 -0.99184 0.12749 0.00000 -160710.46712 0.00000 -0.00000 1.00000 0.00000
1566533869602754 0.13807 0.99042 -0.00000 -4037467.50238 -0.99042 0.13807 0.00000 -203834.52372 0.00000 -0.00000 1.00000 0.00000
1566533869853135 0.14845 0.98892 -0.00000 -4035109.52700 -0.98892 0.14845 0.00000 -246170.90523 0.00000 -0.00000 1.00000 0.00000
1566533870103359 0.16000 0.98712 -0.00000 -4031959.69199 -0.98712 0.16000 0.00000 -293303.14603 0.00000 -0.00000 1.00000 0.00000
1566533870353786 0.17193 0.98511 -0.00000 -4028115.11346 -0.98511 0.17193 0.00000 -342097.90946 0.00000 -0.00000 1.00000 0.00000
1566533870604053 0.18550 0.98264 -0.00000 -4023016.37647 -0.98264 0.18550 0.00000 -397615.62769 0.00000 -0.00000 1.00000 0.00000
1566533870855011 0.20068 0.97966 -0.00000 -4016387.75064 -0.97966 0.20068 0.00000 -459788.02027 0.00000 -0.00000 1.00000 0.00000
1566533871105466 0.21729 0.97611 -0.00000 -4008003.27801 -0.97611 0.21729 0.00000 -527922.22732 0.00000 -0.00000 1.00000 0.00000
1566533871356115 0.23445 0.97213 -0.00000 -3998081.68543 -0.97213 0.23445 0.00000 -598457.65501 0.00000 -0.00000 1.00000 0.00000
1566533871606515 0.25420 0.96715 -0.00000 -3985065.87383 -0.96715 0.25420 0.00000 -679761.15224 0.00000 -0.00000 1.00000 0.00000
1566533871856980 0.27462 0.96155 -0.00000 -3969785.34378 -0.96155 0.27462 0.00000 -763967.30123 0.00000 -0.00000 1.00000 0.00000
1566533872107814 0.29579 0.95525 -0.00000 -3951946.02448 -0.95525 0.29579 0.00000 -851458.03583 0.00000 -0.00000 1.00000 0.00000
1566533872357964 0.31733 0.94832 -0.00000 -3931667.86358 -0.94832 0.31733 0.00000 -940671.22311 0.00000 -0.00000 1.00000 0.00000
1566533872607661 0.33990 0.94046 -0.00000 -3908070.54779 -0.94046 0.33990 0.00000 -1034347.73786 0.00000 -0.00000 1.00000 0.00000
1566533872857518 0.36240 0.93202 -0.00000 -3882081.49211 -0.93202 0.36240 0.00000 -1127984.94742 0.00000 -0.00000 1.00000 0.00000
1566533873108051 0.38560 0.92267 -0.00000 -3852658.89766 -0.92267 0.38560 0.00000 -1224721.25138 0.00000 -0.00000 1.00000 0.00000
1566533873357807 0.40832 0.91284 -0.00000 -3821160.27905 -0.91284 0.40832 0.00000 -1319724.49145 0.00000 -0.00000 1.00000 0.00000
1566533873607811 0.43146 0.90213 -0.00000 -3786284.81898 -0.90213 0.43146 0.00000 -1416686.86198 0.00000 -0.00000 1.00000 0.00000
1566533873858041 0.45592 0.89002 -0.00000 -3746200.55647 -0.89002 0.45592 0.00000 -1519523.43374 0.00000 -0.00000 1.00000 0.00000
1566533874108382 0.48048 0.87701 -0.00000 -3702538.94896 -0.87701 0.48048 0.00000 -1623019.08387 0.00000 -0.00000 1.00000 0.00000
1566533874358688 0.50224 0.86473 -0.00000 -3660833.47996 -0.86473 0.50224 0.00000 -1715021.63360 0.00000 -0.00000 1.00000 0.00000
1566533874608707 0.52305 0.85230 -0.00000 -3618187.00634 -0.85230 0.52305 0.00000 -1803257.86634 0.00000 -0.00000 1.00000 0.00000
1566533874858953 0.54385 0.83918 -0.00000 -3572753.40605 -0.83918 0.54385 0.00000 -1891682.92381 0.00000 -0.00000 1.00000 0.00000
1566533875108577 0.56413 0.82569 -0.00000 -3525629.67967 -0.82569 0.56413 0.00000 -1978125.71743 0.00000 -0.00000 1.00000 0.00000
1566533875358583 0.58302 0.81246 -0.00000 -3479077.72979 -0.81246 0.58302 0.00000 -2058902.32934 0.00000 -0.00000 1.00000 0.00000
1566533875608261 0.60024 0.79982 -0.00000 -3434290.30657 -0.79982 0.60024 0.00000 -2132774.06197 0.00000 -0.00000 1.00000 0.00000
1566533875858710 0.61604 0.78771 -0.00000 -3391167.04216 -0.78771 0.61604 0.00000 -2200698.87844 0.00000 -0.00000 1.00000 0.00000
1566533876109162 0.63094 0.77583 -0.00000 -3348627.99935 -0.77583 0.63094 0.00000 -2264904.89462 0.00000 -0.00000 1.00000 0.00000
1566533876359034 0.64526 0.76397 -0.00000 -3305932.80531 -0.76397 0.64526 0.00000 -2326784.46344 0.00000 -0.00000 1.00000 0.00000
1566533876609621 0.65929 0.75188 -0.00000 -3262274.91858 -0.75188 0.65929 0.00000 -2387612.58914 0.00000 -0.00000 1.00000 0.00000
1566533876859674 0.67154 0.74097 -0.00000 -3222668.93559 -0.74097 0.67154 0.00000 -2440809.30959 0.00000 -0.00000 1.00000 0.00000
1566533877108833 0.68353 0.72992 -0.00000 -3182442.98933 -0.72992 0.68353 0.00000 -2493033.34391 0.00000 -0.00000 1.00000 0.00000
1566533877359572 0.69512 0.71890 -0.00000 -3142171.03697 -0.71890 0.69512 0.00000 -2543606.33499 0.00000 -0.00000 1.00000 0.00000
1566533877609023 0.70590 0.70831 -0.00000 -3103369.30362 -0.70831 0.70590 0.00000 -2590807.61807 0.00000 -0.00000 1.00000 0.00000
1566533877859972 0.71572 0.69839 -0.00000 -3066930.82744 -0.69839 0.71572 0.00000 -2633843.87075 0.00000 -0.00000 1.00000 0.00000
1566533878109000 0.72401 0.68979 -0.00000 -3035238.28805 -0.68979 0.72401 0.00000 -2670307.02952 0.00000 -0.00000 1.00000 0.00000
1566533878358944 0.73209 0.68121 -0.00000 -3003552.11959 -0.68121 0.73209 0.00000 -2705900.69888 0.00000 -0.00000 1.00000 0.00000
1566533878609673 0.73969 0.67295 -0.00000 -2973004.11701 -0.67295 0.73969 0.00000 -2739431.18175 0.00000 -0.00000 1.00000 0.00000
1566533878859408 0.74540 0.66662 -0.00000 -2949534.69903 -0.66662 0.74540 0.00000 -2764687.01749 0.00000 -0.00000 1.00000 0.00000
1566533879109234 0.74612 0.66581 -0.00000 -2946542.83397 -0.66581 0.74612 0.00000 -2767877.71102 0.00000 -0.00000 1.00000 0.00000
1566533879359083 0.74271 0.66961 -0.00000 -2960633.64611 -0.66961 0.74271 0.00000 -2752802.66529 0.00000 -0.00000 1.00000 0.00000
1566533879609192 0.73416 0.67897 -0.00000 -2995305.16229 -0.67897 0.73416 0.00000 -2715038.39862 0.00000 -0.00000 1.00000 0.00000
1566533879859013 0.72447 0.68930 -0.00000 -3033468.56780 -0.68930 0.72447 0.00000 -2672333.71794 0.00000 -0.00000 1.00000 0.00000
1566533880109047 0.71207 0.70211 -0.00000 -3080624.71144 -0.70211 0.71207 0.00000 -2617835.57783 0.00000 -0.00000 1.00000 0.00000
1566533880359415 0.69741 0.71667 -0.00000 -3134052.26057 -0.71667 0.69741 0.00000 -2553632.91167 0.00000 -0.00000 1.00000 0.00000
1566533880610752 0.68094 0.73234 -0.00000 -3191284.49847 -0.73234 0.68094 0.00000 -2481741.52884 0.00000 -0.00000 1.00000 0.00000
1566533880860204 0.66337 0.74829 -0.00000 -3249302.32159 -0.74829 0.66337 0.00000 -2405282.82760 0.00000 -0.00000 1.00000 0.00000
1566533881110790 0.64231 0.76644 -0.00000 -3314896.62873 -0.76644 0.64231 0.00000 -2314049.47270 0.00000 -0.00000 1.00000 0.00000
1566533881360755 0.61799 0.78619 -0.00000 -3385770.03552 -0.78619 0.61799 0.00000 -2209058.55481 0.00000 -0.00000 1.00000 0.00000
1566533881610703 0.59150 0.80631 -0.00000 -3457369.83362 -0.80631 0.59150 0.00000 -2095229.44440 0.00000 -0.00000 1.00000 0.00000
1566533881860718 0.56346 0.82614 -0.00000 -3527277.77839 -0.82614 0.56346 0.00000 -1975276.84824 0.00000 -0.00000 1.00000 0.00000
1566533882111733 0.53422 0.84535 -0.00000 -3594219.41292 -0.84535 0.53422 0.00000 -1850677.97590 0.00000 -0.00000 1.00000 0.00000
1566533882361765 0.50152 0.86515 -0.00000 -3662325.52229 -0.86515 0.50152 0.00000 -1711960.67342 0.00000 -0.00000 1.00000 0.00000
1566533882611615 0.46614 0.88471 -0.00000 -3728537.98732 -0.88471 0.46614 0.00000 -1562516.52695 0.00000 -0.00000 1.00000 0.00000
1566533882861177 0.42811 0.90373 -0.00000 -3791583.75784 -0.90373 0.42811 0.00000 -1402626.89559 0.00000 -0.00000 1.00000 0.00000
1566533883111621 0.38827 0.92155 -0.00000 -3849178.13493 -0.92155 0.38827 0.00000 -1235845.40409 0.00000 -0.00000 1.00000 0.00000
1566533883362020 0.34711 0.93783 -0.00000 -3900098.60765 -0.93783 0.34711 0.00000 -1064299.75478 0.00000 -0.00000 1.00000 0.00000
1566533883611938 0.31076 0.95049 -0.00000 -3938170.95837 -0.95049 0.31076 0.00000 -913416.59406 0.00000 -0.00000 1.00000 0.00000
1566533883862862 0.28086 0.95975 -0.00000 -3964829.65863 -0.95975 0.28086 0.00000 -789723.83950 0.00000 -0.00000 1.00000 0.00000
1566533884113474 0.25480 0.96699 -0.00000 -3984739.57293 -0.96699 0.25480 0.00000 -682206.98128 0.00000 -0.00000 1.00000 0.00000
1566533884363748 0.23294 0.97249 -0.00000 -3999106.98057 -0.97249 0.23294 0.00000 -592213.87297 0.00000 -0.00000 1.00000 0.00000
1566533884613341 0.21406 0.97682 -0.00000 -4009830.91808 -0.97682 0.21406 0.00000 -514634.01739 0.00000 -0.00000 1.00000 0.00000
1566533884863791 0.19653 0.98050 -0.00000 -4018406.42904 -0.98050 0.19653 0.00000 -442741.94525 0.00000 -0.00000 1.00000 0.00000
1566533885114793 0.18252 0.98320 -0.00000 -4024316.46776 -0.98320 0.18252 0.00000 -385365.12673 0.00000 -0.00000 1.00000 0.00000
1566533885364559 0.17067 0.98533 -0.00000 -4028668.07146 -0.98533 0.17067 0.00000 -336870.30830 0.00000 -0.00000 1.00000 0.00000
1566533885614504 0.15993 0.98713 -0.00000 -4032100.01664 -0.98713 0.15993 0.00000 -292978.43717 0.00000 -0.00000 1.00000 0.00000
1566533885865009 0.14917 0.98881 -0.00000 -4035053.95675 -0.98881 0.14917 0.00000 -249049.35212 0.00000 -0.00000 1.00000 0.00000
1566533886115518 0.13860 0.99035 -0.00000 -4037486.52913 -0.99035 0.13860 0.00000 -205931.48726 0.00000 -0.00000 1.00000 0.00000
1566533886365284 0.12835 0.99173 -0.00000 -4039401.52179 -0.99173 0.12835 0.00000 -164194.73911 0.00000 -0.00000 1.00000 0.00000
1566533886615014 0.11888 0.99291 -0.00000 -4040787.94076 -0.99291 0.11888 0.00000 -125605.73476 0.00000 -0.00000 1.00000 0.00000
1566533886865423 0.10999 0.99393 -0.00000 -4041751.95277 -0.99393 0.10999 0.00000 -89469.09053 0.00000 -0.00000 1.00000 0.00000
1566533887115446 0.10120 0.99487 -0.00000 -4042387.27974 -0.99487 0.10120 0.00000 -53742.71114 0.00000 -0.00000 1.00000 0.00000
1566533887365741 0.09254 0.99571 -0.00000 -4042704.43971 -0.99571 0.09254 0.00000 -18540.56949 0.00000 -0.00000 1.00000 0.00000
1566533887615637 0.08382 0.99648 -0.00000 -4042714.27792 -0.99648 0.08382 0.00000 16852.85947 0.00000 -0.00000 1.00000 0.00000
1566533887865193 0.07589 0.99712 -0.00000 -4042454.89453 -0.99712 0.07589 0.00000 49000.55213 0.00000 -0.00000 1.00000 0.00000
1566533888115321 0.06838 0.99766 -0.00000 -4041974.16201 -0.99766 0.06838 0.00000 79419.45904 0.00000 -0.00000 1.00000 0.00000
1566533888366987 0.06247 0.99805 -0.00000 -4041434.69560 -0.99805 0.06247 0.00000 103383.59069 0.00000 -0.00000 1.00000 0.00000
1566533888615121 0.05721 0.99836 -0.00000 -4040836.83977 -0.99836 0.05721 0.00000 124658.52516 0.00000 -0.00000 1.00000 0.00000
1566533888866243 0.05243 0.99862 -0.00000 -4040195.84039 -0.99862 0.05243 0.00000 144011.70120 0.00000 -0.00000 1.00000 0.00000
1566533889116503 0.04808 0.99884 -0.00000 -4039532.75776 -0.99884 0.04808 0.00000 161605.59929 0.00000 -0.00000 1.00000 0.00000
