1. 0. 0. 0. 0. -1. -0. 0. 0. 0. -1. 0.
1. 0. 0. 0.002 0. -1. -0. 0.001 0. 0. -1. 0.
1. 0.000 0. 0.005 0.000 -1. -0. -0.008 0. 0. -1. 0.
1. -0. -0. 0.000 -0. -1. -0. -0.007 0. 0. -1. 0.
1. 0.000 0. -0.003 0.000 -1. -0. -0.005 0. 0. -1. 0.
1. -0.000 -0. 0.001 -0.000 -1. -0. -0.008 0. 0. -1. 0.
1. -0. -0. 0.002 -0. -1. -0. -0.002 0. 0. -1. 0.
1. 0. 0. -0.000 0. -1. -0. -0.002 0. 0. -1. 0.
1. -0.000 -0. -0.001 -0.000 -1. -0. -0.003 0. 0. -1. 0.
1. 0. 0. 0.003 0. -1. -0. -0.001 0. 0. -1. 0.
1. 0.000 0. 0.006 0.000 -1. -0. -0.001 0. 0. -1. 0.
1. 0.000 0. 0.003 0.000 -1. -0. -0.001 0. 0. -1. 0.
1. 0.000 0. 0.000 0.000 -1. -0. -0.006 0. 0. -1. 0.
1. 0.000 0. 0.019 0.000 -1. -0. -0.005 0. 0. -1. 0.
1. -0.000 -0. 0.062 -0.000 -1. -0. -0.005 0. 0. -1. 0.
1. -0.001 -0. 0.082 -0.001 -1. -0. -0.009 0. 0. -1. 0.
1. -0.002 -0. 0.128 -0.002 -1. -0. -0.004 0. 0. -1. 0.
1. -0.004 -0. 0.174 -0.004 -1. -0. 0.003 0. 0. -1. 0.
1. -0.007 -0. 0.262 -0.007 -1. -0. 0.009 0. 0. -1. 0.
1. -0.011 -0. 0.294 -0.011 -1. -0. -0.012 0. 0. -1. 0.
1.000 -0.015 -0. 0.345 -0.015 -1.000 -0. -0.023 0. 0. -1. 0.
1.000 -0.019 -0. 0.489 -0.019 -1.000 -0. -0.006 0. 0. -1. 0.
1.000 -0.025 -0. 0.529 -0.025 -1.000 -0. -0.002 0. 0. -1. 0.
0.999 -0.033 -0. 0.655 -0.033 -0.999 -0. 0.011 0. 0. -1. 0.
0.999 -0.044 -0. 0.761 -0.044 -0.999 -0. -0.025 0. 0. -1. 0.
0.999 -0.055 -0. 0.907 -0.055 -0.999 -0. -0.026 0. 0. -1. 0.
0.998 -0.067 -0. 1.054 -0.067 -0.998 -0. -0.062 0. 0. -1. 0.
0.997 -0.077 -0. 1.202 -0.077 -0.997 -0. -0.072 0. 0. -1. 0.
0.996 -0.088 -0. 1.410 -0.088 -0.996 -0. -0.144 0. 0. -1. 0.
0.995 -0.101 -0. 1.617 -0.101 -0.995 -0. -0.170 0. 0. -1. 0.
0.993 -0.116 -0. 1.838 -0.116 -0.993 -0. -0.230 0. 0. -1. 0.
0.991 -0.134 -0. 2.088 -0.134 -0.991 -0. -0.277 0. 0. -1. 0.
0.988 -0.153 -0. 2.403 -0.153 -0.988 -0. -0.325 0. 0. -1. 0.
0.985 -0.172 -0. 2.720 -0.172 -0.985 -0. -0.382 0. 0. -1. 0.
0.981 -0.193 -0. 3.080 -0.193 -0.981 -0. -0.450 0. 0. -1. 0.
0.977 -0.212 -0. 3.526 -0.212 -0.977 -0. -0.587 0. 0. -1. 0.
0.974 -0.226 -0. 3.971 -0.226 -0.974 -0. -0.723 0. 0. -1. 0.
0.972 -0.235 -0. 4.547 -0.235 -0.972 -0. -0.873 0. 0. -1. 0.
0.970 -0.243 -0. 5.092 -0.243 -0.970 -0. -0.991 0. 0. -1. 0.
0.969 -0.247 -0. 5.712 -0.247 -0.969 -0. -1.198 0. 0. -1. 0.
0.969 -0.246 -0. 6.430 -0.246 -0.969 -0. -1.356 0. 0. -1. 0.
0.969 -0.245 -0. 7.104 -0.245 -0.969 -0. -1.601 0. 0. -1. 0.
0.970 -0.243 -0. 7.855 -0.243 -0.970 -0. -1.776 0. 0. -1. 0.
0.972 -0.237 -0. 8.663 -0.237 -0.972 -0. -1.997 0. 0. -1. 0.
0.974 -0.226 -0. 9.511 -0.226 -0.974 -0. -2.243 0. 0. -1. 0.
0.977 -0.214 -0. 10.388 -0.214 -0.977 -0. -2.433 0. 0. -1. 0.
0.981 -0.195 -0. 11.275 -0.195 -0.981 -0. -2.573 0. 0. -1. 0.
0.984 -0.180 -0. 12.207 -0.180 -0.984 -0. -2.813 0. 0. -1. 0.
0.986 -0.164 -0. 13.120 -0.164 -0.986 -0. -2.990 0. 0. -1. 0.
0.989 -0.150 -0. 14.133 -0.150 -0.989 -0. -3.184 0. 0. -1. 0.
0.990 -0.141 -0. 15.161 -0.141 -0.990 -0. -3.373 0. 0. -1. 0.
0.991 -0.133 -0. 16.316 -0.133 -0.991 -0. -3.470 0. 0. -1. 0.
0.993 -0.122 -0. 17.477 -0.122 -0.993 -0. -3.632 0. 0. -1. 0.
0.993 -0.119 -0. 18.709 -0.119 -0.993 -0. -3.776 0. 0. -1. 0.
0.993 -0.116 -0. 19.976 -0.116 -0.993 -0. -3.985 0. 0. -1. 0.
0.994 -0.112 -0. 21.355 -0.112 -0.994 -0. -4.143 0. 0. -1. 0.
0.994 -0.111 -0. 22.813 -0.111 -0.994 -0. -4.298 0. 0. -1. 0.
0.993 -0.115 -0. 24.260 -0.115 -0.993 -0. -4.563 0. 0. -1. 0.
0.994 -0.111 -0. 25.775 -0.111 -0.994 -0. -4.720 0. 0. -1. 0.
0.994 -0.105 -0. 27.418 -0.105 -0.994 -0. -4.996 0. 0. -1. 0.
0.996 -0.092 -0. 29.082 -0.092 -0.996 -0. -5.228 0. 0. -1. 0.
0.997 -0.082 -0. 30.685 -0.082 -0.997 -0. -5.366 0. 0. -1. 0.
0.997 -0.076 -0. 32.206 -0.076 -0.997 -0. -5.498 0. 0. -1. 0.
0.998 -0.070 -0. 33.760 -0.070 -0.998 -0. -5.638 0. 0. -1. 0.
0.998 -0.068 -0. 35.341 -0.068 -0.998 -0. -5.777 0. 0. -1. 0.
0.998 -0.063 -0. 37.005 -0.063 -0.998 -0. -5.944 0. 0. -1. 0.
0.998 -0.060 -0. 38.601 -0.060 -0.998 -0. -6.133 0. 0. -1. 0.
0.998 -0.059 -0. 40.217 -0.059 -0.998 -0. -6.186 0. 0. -1. 0.
0.998 -0.056 -0. 41.868 -0.056 -0.998 -0. -6.381 0. 0. -1. 0.
0.999 -0.048 -0. 43.523 -0.048 -0.999 -0. -6.474 0. 0. -1. 0.
0.999 -0.040 -0. 45.214 -0.040 -0.999 -0. -6.527 0. 0. -1. 0.
0.999 -0.041 -0. 46.970 -0.041 -0.999 -0. -6.649 0. 0. -1. 0.
0.999 -0.040 -0. 48.632 -0.040 -0.999 -0. -6.810 0. 0. -1. 0.
0.999 -0.041 -0. 50.434 -0.041 -0.999 -0. -6.896 0. 0. -1. 0.
0.999 -0.039 -0. 52.251 -0.039 -0.999 -0. -6.978 0. 0. -1. 0.
0.999 -0.039 -0. 54.085 -0.039 -0.999 -0. -7.114 0. 0. -1. 0.
0.999 -0.039 -0. 55.936 -0.039 -0.999 -0. -7.207 0. 0. -1. 0.
0.999 -0.040 -0. 57.801 -0.040 -0.999 -0. -7.376 0. 0. -1. 0.
0.999 -0.034 -0. 59.700 -0.034 -0.999 -0. -7.444 0. 0. -1. 0.
1.000 -0.027 -0. 61.680 -0.027 -1.000 -0. -7.553 0. 0. -1. 0.
1.000 -0.023 -0. 63.599 -0.023 -1.000 -0. -7.708 0. 0. -1. 0.
1.000 -0.019 -0. 65.503 -0.019 -1.000 -0. -7.798 0. 0. -1. 0.
1. -0.013 -0. 67.428 -0.013 -1. -0. -7.790 0. 0. -1. 0.
1. -0.012 -0. 69.356 -0.012 -1. -0. -7.830 0. 0. -1. 0.
1. -0.005 -0. 71.285 -0.005 -1. -0. -7.875 0. 0. -1. 0.
1. -0.002 -0. 73.147 -0.002 -1. -0. -7.912 0. 0. -1. 0.
1. 0.001 0. 75.042 0.001 -1. -0. -7.929 0. 0. -1. 0.
1. 0.007 0. 76.962 0.007 -1. -0. -7.948 0. 0. -1. 0.
1. 0.003 0. 78.895 0.003 -1. -0. -7.932 0. 0. -1. 0.
1. -0.003 -0. 80.805 -0.003 -1. -0. -7.988 0. 0. -1. 0.
1.000 -0.019 -0. 82.735 -0.019 -1.000 -0. -8.041 0. 0. -1. 0.
0.999 -0.050 -0. 84.635 -0.050 -0.999 -0. -8.167 0. 0. -1. 0.
0.997 -0.082 -0. 86.528 -0.082 -0.997 -0. -8.333 0. 0. -1. 0.
0.993 -0.114 -0. 88.441 -0.114 -0.993 -0. -8.573 0. 0. -1. 0.
0.989 -0.148 -0. 90.314 -0.148 -0.989 -0. -8.909 0. 0. -1. 0.
0.982 -0.190 -0. 92.209 -0.190 -0.982 -0. -9.272 0. 0. -1. 0.
0.972 -0.234 -0. 94.025 -0.234 -0.972 -0. -9.719 0. 0. -1. 0.
0.959 -0.282 -0. 95.843 -0.282 -0.959 -0. -10.233 0. 0. -1. 0.
0.945 -0.328 -0. 97.541 -0.328 -0.945 -0. -10.859 0. 0. -1. 0.
0.928 -0.372 -0. 99.274 -0.372 -0.928 -0. -11.603 0. 0. -1. 0.
0.907 -0.421 -0. 100.988 -0.421 -0.907 -0. -12.361 0. 0. -1. 0.
0.885 -0.466 -0. 102.635 -0.466 -0.885 -0. -13.234 0. 0. -1. 0.
0.859 -0.513 -0. 104.175 -0.513 -0.859 -0. -14.193 0. 0. -1. 0.
0.830 -0.558 -0. 105.723 -0.558 -0.830 -0. -15.233 0. 0. -1. 0.
0.796 -0.606 -0. 107.265 -0.606 -0.796 -0. -16.327 0. 0. -1. 0.
0.754 -0.657 -0. 108.638 -0.657 -0.754 -0. -17.515 0. 0. -1. 0.
0.703 -0.711 -0. 109.848 -0.711 -0.703 -0. -18.777 0. 0. -1. 0.
0.650 -0.760 -0. 110.943 -0.760 -0.650 -0. -20.177 0. 0. -1. 0.
0.594 -0.804 -0. 111.962 -0.804 -0.594 -0. -21.596 0. 0. -1. 0.
0.538 -0.843 -0. 112.925 -0.843 -0.538 -0. -23.040 0. 0. -1. 0.
0.481 -0.877 -0. 113.671 -0.877 -0.481 -0. -24.595 0. 0. -1. 0.
0.439 -0.898 -0. 114.377 -0.898 -0.439 -0. -26.194 0. 0. -1. 0.
0.406 -0.914 -0. 115.025 -0.914 -0.406 -0. -27.787 0. 0. -1. 0.
0.382 -0.924 -0. 115.681 -0.924 -0.382 -0. -29.328 0. 0. -1. 0.
0.359 -0.933 -0. 116.191 -0.933 -0.359 -0. -30.960 0. 0. -1. 0.
0.343 -0.939 -0. 116.850 -0.939 -0.343 -0. -32.510 0. 0. -1. 0.
0.328 -0.945 -0. 117.302 -0.945 -0.328 -0. -34.099 0. 0. -1. 0.
0.320 -0.947 -0. 117.852 -0.947 -0.320 -0. -35.715 0. 0. -1. 0.
0.321 -0.947 -0. 118.351 -0.947 -0.321 -0. -37.312 0. 0. -1. 0.
0.322 -0.947 -0. 118.867 -0.947 -0.322 -0. -38.895 0. 0. -1. 0.
0.329 -0.944 -0. 119.325 -0.944 -0.329 -0. -40.506 0. 0. -1. 0.
0.337 -0.941 -0. 119.874 -0.941 -0.337 -0. -42.139 0. 0. -1. 0.
0.346 -0.938 -0. 120.335 -0.938 -0.346 -0. -43.717 0. 0. -1. 0.
0.358 -0.934 -0. 120.934 -0.934 -0.358 -0. -45.274 0. 0. -1. 0.
0.372 -0.928 -0. 121.546 -0.928 -0.372 -0. -46.808 0. 0. -1. 0.
0.385 -0.923 -0. 122.177 -0.923 -0.385 -0. -48.266 0. 0. -1. 0.
0.397 -0.918 -0. 122.710 -0.918 -0.397 -0. -49.658 0. 0. -1. 0.
0.414 -0.910 -0. 123.287 -0.910 -0.414 -0. -50.898 0. 0. -1. 0.
0.426 -0.905 -0. 123.780 -0.905 -0.426 -0. -51.972 0. 0. -1. 0.
0.438 -0.899 -0. 124.219 -0.899 -0.438 -0. -52.934 0. 0. -1. 0.
0.448 -0.894 -0. 124.632 -0.894 -0.448 -0. -53.729 0. 0. -1. 0.
0.459 -0.888 -0. 124.909 -0.888 -0.459 -0. -54.374 0. 0. -1. 0.
0.464 -0.886 -0. 125.230 -0.886 -0.464 -0. -54.901 0. 0. -1. 0.
0.469 -0.883 -0. 125.407 -0.883 -0.469 -0. -55.326 0. 0. -1. 0.
0.475 -0.880 -0. 125.636 -0.880 -0.475 -0. -55.683 0. 0. -1. 0.
0.479 -0.878 -0. 125.905 -0.878 -0.479 -0. -56.104 0. 0. -1. 0.
0.483 -0.876 -0. 126.080 -0.876 -0.483 -0. -56.544 0. 0. -1. 0.
0.486 -0.874 -0. 126.297 -0.874 -0.486 -0. -56.888 0. 0. -1. 0.
0.485 -0.874 -0. 126.555 -0.874 -0.485 -0. -57.335 0. 0. -1. 0.
0.489 -0.872 -0. 126.855 -0.872 -0.489 -0. -57.873 0. 0. -1. 0.
0.491 -0.871 -0. 127.218 -0.871 -0.491 -0. -58.485 0. 0. -1. 0.
0.493 -0.870 -0. 127.610 -0.870 -0.493 -0. -59.258 0. 0. -1. 0.
0.494 -0.870 -0. 127.993 -0.870 -0.494 -0. -60.051 0. 0. -1. 0.
0.495 -0.869 -0. 128.458 -0.869 -0.495 -0. -60.940 0. 0. -1. 0.
0.498 -0.867 -0. 128.973 -0.867 -0.498 -0. -61.857 0. 0. -1. 0.
0.501 -0.866 -0. 129.517 -0.866 -0.501 -0. -62.797 0. 0. -1. 0.
0.503 -0.864 -0. 130.102 -0.864 -0.503 -0. -63.913 0. 0. -1. 0.
0.508 -0.861 -0. 130.727 -0.861 -0.508 -0. -65.022 0. 0. -1. 0.
0.517 -0.856 -0. 131.354 -0.856 -0.517 -0. -66.195 0. 0. -1. 0.
0.527 -0.850 -0. 132.034 -0.850 -0.527 -0. -67.317 0. 0. -1. 0.
0.543 -0.840 -0. 132.763 -0.840 -0.543 -0. -68.436 0. 0. -1. 0.
0.563 -0.827 -0. 133.514 -0.827 -0.563 -0. -69.616 0. 0. -1. 0.
0.589 -0.808 -0. 134.309 -0.808 -0.589 -0. -70.733 0. 0. -1. 0.
0.621 -0.784 -0. 135.142 -0.784 -0.621 -0. -71.853 0. 0. -1. 0.
0.658 -0.753 -0. 135.997 -0.753 -0.658 -0. -72.843 0. 0. -1. 0.
0.693 -0.721 -0. 136.979 -0.721 -0.693 -0. -73.883 0. 0. -1. 0.
0.737 -0.676 -0. 137.908 -0.676 -0.737 -0. -74.708 0. 0. -1. 0.
0.791 -0.612 -0. 138.863 -0.612 -0.791 -0. -75.573 0. 0. -1. 0.
0.846 -0.534 -0. 139.955 -0.534 -0.846 -0. -76.232 0. 0. -1. 0.
0.896 -0.443 -0. 140.935 -0.443 -0.896 -0. -76.693 0. 0. -1. 0.
0.942 -0.334 -0. 142.005 -0.334 -0.942 -0. -77.147 0. 0. -1. 0.
0.978 -0.208 -0. 143.051 -0.208 -0.978 -0. -77.320 0. 0. -1. 0.
0.998 -0.067 -0. 144.017 -0.067 -0.998 -0. -77.371 0. 0. -1. 0.
0.997 0.081 0. 145.087 0.081 -0.997 -0. -77.234 0. 0. -1. 0.
0.972 0.235 0. 146.042 0.235 -0.972 -0. -77.040 0. 0. -1. 0.
0.920 0.391 0. 146.927 0.391 -0.920 -0. -76.630 0. 0. -1. 0.
0.841 0.541 0. 147.699 0.541 -0.841 -0. -76.076 0. 0. -1. 0.
0.733 0.680 0. 148.383 0.680 -0.733 -0. -75.493 0. 0. -1. 0.
0.602 0.799 0. 148.920 0.799 -0.602 -0. -74.661 0. 0. -1. 0.
0.449 0.893 0. 149.264 0.893 -0.449 -0. -73.839 0. 0. -1. 0.
0.287 0.958 0. 149.547 0.958 -0.287 -0. -72.988 0. 0. -1. 0.
0.112 0.994 0. 149.639 0.994 -0.112 -0. -72.106 0. 0. -1. 0.
-0.068 0.998 0. 149.561 0.998 0.068 0. -71.163 0. 0. -1. 0.
-0.244 0.970 0. 149.271 0.970 0.244 0. -70.285 0. 0. -1. 0.
-0.407 0.913 0. 148.885 0.913 0.407 0. -69.432 0. 0. -1. 0.
-0.548 0.836 0. 148.343 0.836 0.548 0. -68.544 0. 0. -1. 0.
-0.668 0.744 0. 147.636 0.744 0.668 0. -67.883 0. 0. -1. 0.
-0.763 0.646 0. 146.928 0.646 0.763 0. -67.157 0. 0. -1. 0.
-0.836 0.548 0. 145.984 0.548 0.836 0. -66.651 0. 0. -1. 0.
-0.885 0.465 0. 145.058 0.465 0.885 0. -66.116 0. 0. -1. 0.
-0.919 0.394 0. 144.097 0.394 0.919 0. -65.686 0. 0. -1. 0.
-0.938 0.347 0. 143.032 0.347 0.938 0. -65.395 0. 0. -1. 0.
-0.949 0.317 0. 141.985 0.317 0.949 0. -64.991 0. 0. -1. 0.
-0.956 0.294 0. 140.870 0.294 0.956 0. -64.645 0. 0. -1. 0.
-0.956 0.292 0. 139.681 0.292 0.956 0. -64.361 0. 0. -1. 0.
-0.949 0.314 0. 138.542 0.314 0.949 0. -63.944 0. 0. -1. 0.
-0.933 0.359 0. 137.389 0.359 0.933 0. -63.475 0. 0. -1. 0.
-0.913 0.408 0. 136.210 0.408 0.913 0. -62.985 0. 0. -1. 0.
-0.885 0.465 0. 135.098 0.465 0.885 0. -62.408 0. 0. -1. 0.
-0.855 0.519 0. 133.926 0.519 0.855 0. -61.669 0. 0. -1. 0.
-0.821 0.571 0. 132.721 0.571 0.821 0. -60.802 0. 0. -1. 0.
-0.782 0.623 0. 131.546 0.623 0.782 0. -59.818 0. 0. -1. 0.
-0.741 0.672 0. 130.442 0.672 0.741 0. -58.768 0. 0. -1. 0.
-0.699 0.715 0. 129.347 0.715 0.699 0. -57.589 0. 0. -1. 0.
-0.659 0.752 0. 128.316 0.752 0.659 0. -56.332 0. 0. -1. 0.
-0.621 0.784 0. 127.349 0.784 0.621 0. -55.008 0. 0. -1. 0.
-0.589 0.808 0. 126.374 0.808 0.589 0. -53.637 0. 0. -1. 0.
-0.562 0.827 0. 125.404 0.827 0.562 0. -52.244 0. 0. -1. 0.
-0.538 0.843 0. 124.509 0.843 0.538 0. -50.794 0. 0. -1. 0.
-0.513 0.859 0. 123.639 0.859 0.513 0. -49.284 0. 0. -1. 0.
-0.487 0.874 0. 122.819 0.874 0.487 0. -47.805 0. 0. -1. 0.
-0.463 0.886 0. 122.094 0.886 0.463 0. -46.322 0. 0. -1. 0.
-0.443 0.896 0. 121.357 0.896 0.443 0. -44.839 0. 0. -1. 0.
-0.426 0.905 0. 120.713 0.905 0.426 0. -43.253 0. 0. -1. 0.
-0.402 0.915 0. 120.022 0.915 0.402 0. -41.771 0. 0. -1. 0.
-0.379 0.926 0. 119.380 0.926 0.379 0. -40.207 0. 0. -1. 0.
-0.353 0.936 0. 118.882 0.936 0.353 0. -38.554 0. 0. -1. 0.
-0.332 0.943 0. 118.234 0.943 0.332 0. -36.929 0. 0. -1. 0.
-0.315 0.949 0. 117.693 0.949 0.315 0. -35.261 0. 0. -1. 0.
-0.307 0.952 0. 117.169 0.952 0.307 0. -33.578 0. 0. -1. 0.
-0.309 0.951 0. 116.625 0.951 0.309 0. -31.902 0. 0. -1. 0.
-0.322 0.947 0. 116.119 0.947 0.322 0. -30.195 0. 0. -1. 0.
-0.344 0.939 0. 115.483 0.939 0.344 0. -28.518 0. 0. -1. 0.
-0.380 0.925 0. 114.926 0.925 0.380 0. -26.832 0. 0. -1. 0.
-0.422 0.907 0. 114.202 0.907 0.422 0. -25.170 0. 0. -1. 0.
-0.470 0.883 0. 113.472 0.883 0.470 0. -23.543 0. 0. -1. 0.
-0.516 0.856 0. 112.469 0.856 0.516 0. -21.974 0. 0. -1. 0.
-0.568 0.823 0. 111.528 0.823 0.568 0. -20.447 0. 0. -1. 0.
-0.621 0.784 0. 110.441 0.784 0.621 0. -18.989 0. 0. -1. 0.
-0.671 0.742 0. 109.219 0.742 0.671 0. -17.569 0. 0. -1. 0.
-0.718 0.696 0. 107.977 0.696 0.718 0. -16.248 0. 0. -1. 0.
-0.761 0.649 0. 106.621 0.649 0.761 0. -15.019 0. 0. -1. 0.
-0.800 0.600 0. 105.164 0.600 0.800 0. -13.921 0. 0. -1. 0.
-0.836 0.549 0. 103.621 0.549 0.836 0. -12.867 0. 0. -1. 0.
-0.869 0.496 0. 102.102 0.496 0.869 0. -11.881 0. 0. -1. 0.
-0.896 0.444 0. 100.372 0.444 0.896 0. -11.072 0. 0. -1. 0.
-0.921 0.390 0. 98.729 0.390 0.921 0. -10.305 0. 0. -1. 0.
-0.942 0.335 0. 96.927 0.335 0.942 0. -9.581 0. 0. -1. 0.
-0.960 0.280 0. 95.125 0.280 0.960 0. -9.064 0. 0. -1. 0.
-0.974 0.228 0. 93.243 0.228 0.974 0. -8.613 0. 0. -1. 0.
-0.985 0.175 0. 91.383 0.175 0.985 0. -8.155 0. 0. -1. 0.
-0.992 0.129 0. 89.382 0.129 0.992 0. -7.926 0. 0. -1. 0.
-0.995 0.095 0. 87.402 0.095 0.995 0. -7.703 0. 0. -1. 0.
-0.998 0.068 0. 85.430 0.068 0.998 0. -7.575 0. 0. -1. 0.
-0.999 0.050 0. 83.437 0.050 0.999 0. -7.466 0. 0. -1. 0.
-0.999 0.036 0. 81.436 0.036 0.999 0. -7.329 0. 0. -1. 0.
-1.000 0.028 0. 79.428 0.028 1.000 0. -7.207 0. 0. -1. 0.
-1.000 0.020 0. 77.366 0.020 1.000 0. -7.142 0. 0. -1. 0.
-1.000 0.017 0. 75.309 0.017 1.000 0. -7.061 0. 0. -1. 0.
-1. 0.011 0. 73.218 0.011 1. 0. -6.995 0. 0. -1. 0.
-1. 0.004 0. 71.170 0.004 1. 0. -7.004 0. 0. -1. 0.
-1. 0.003 0. 69.062 0.003 1. 0. -6.916 0. 0. -1. 0.
-1. -0.002 -0. 66.920 -0.002 1. 0. -6.939 0. 0. -1. 0.
-1. -0.008 -0. 64.824 -0.008 1. 0. -6.857 0. 0. -1. 0.
-1.000 -0.018 -0. 62.706 -0.018 1.000 0. -6.840 0. 0. -1. 0.
-1.000 -0.029 -0. 60.639 -0.029 1.000 0. -6.812 0. 0. -1. 0.
-1.000 -0.031 -0. 58.536 -0.031 1.000 0. -6.788 0. 0. -1. 0.
-1.000 -0.026 -0. 56.463 -0.026 1.000 0. -6.890 0. 0. -1. 0.
-1.000 -0.018 -0. 54.398 -0.018 1.000 0. -6.819 0. 0. -1. 0.
-1. -0.012 -0. 52.365 -0.012 1. 0. -6.841 0. 0. -1. 0.
-1. -0.002 -0. 50.347 -0.002 1. 0. -6.822 0. 0. -1. 0.
-1. 0.004 0. 48.334 0.004 1. 0. -6.811 0. 0. -1. 0.
-1. 0.011 0. 46.341 0.011 1. 0. -6.776 0. 0. -1. 0.
-1.000 0.021 0. 44.352 0.021 1.000 0. -6.746 0. 0. -1. 0.
-0.999 0.033 0. 42.363 0.033 0.999 0. -6.702 0. 0. -1. 0.
-0.999 0.047 0. 40.337 0.047 0.999 0. -6.521 0. 0. -1. 0.
-0.998 0.062 0. 38.343 0.062 0.998 0. -6.311 0. 0. -1. 0.
-0.997 0.075 0. 36.311 0.075 0.997 0. -6.148 0. 0. -1. 0.
-0.996 0.086 0. 34.263 0.086 0.996 0. -5.878 0. 0. -1. 0.
-0.995 0.098 0. 32.297 0.098 0.995 0. -5.654 0. 0. -1. 0.
-0.994 0.111 0. 30.274 0.111 0.994 0. -5.421 0. 0. -1. 0.
-0.993 0.117 0. 28.241 0.117 0.993 0. -5.127 0. 0. -1. 0.
-0.992 0.124 0. 26.186 0.124 0.992 0. -4.884 0. 0. -1. 0.
-0.991 0.133 0. 24.159 0.133 0.991 0. -4.548 0. 0. -1. 0.
-0.990 0.140 0. 22.112 0.140 0.990 0. -4.265 0. 0. -1. 0.
-0.989 0.146 0. 20.091 0.146 0.989 0. -3.921 0. 0. -1. 0.
-0.989 0.150 0. 18.049 0.150 0.989 0. -3.612 0. 0. -1. 0.
-0.989 0.151 0. 15.974 0.151 0.989 0. -3.224 0. 0. -1. 0.
-0.988 0.152 0. 13.962 0.152 0.988 0. -2.930 0. 0. -1. 0.
-0.988 0.153 0. 11.959 0.153 0.988 0. -2.623 0. 0. -1. 0.
-0.988 0.154 0. 9.979 0.154 0.988 0. -2.319 0. 0. -1. 0.
-0.989 0.150 0. 8.066 0.150 0.989 0. -1.947 0. 0. -1. 0.
-0.990 0.144 0. 6.235 0.144 0.990 0. -1.680 0. 0. -1. 0.
-0.991 0.133 0. 4.489 0.133 0.991 0. -1.478 0. 0. -1. 0.
-0.992 0.125 0. 2.875 0.125 0.992 0. -1.175 0. 0. -1. 0.
-0.993 0.121 0. 1.273 0.121 0.993 0. -0.946 0. 0. -1. 0.
-0.993 0.116 0. -0.144 0.116 0.993 0. -0.764 0. 0. -1. 0.
-0.993 0.116 0. -1.480 0.116 0.993 0. -0.534 0. 0. -1. 0.
-0.993 0.114 0. -2.708 0.114 0.993 0. -0.370 0. 0. -1. 0.
-0.993 0.114 0. -3.813 0.114 0.993 0. -0.206 0. 0. -1. 0.
-0.994 0.110 0. -4.806 0.110 0.994 0. -0.139 0. 0. -1. 0.
-0.994 0.110 0. -5.692 0.110 0.994 0. 0.094 0. 0. -1. 0.
-0.994 0.106 0. -6.568 0.106 0.994 0. 0.157 0. 0. -1. 0.
-0.995 0.101 0. -7.356 0.101 0.995 0. 0.281 0. 0. -1. 0.
-0.995 0.096 0. -8.069 0.096 0.995 0. 0.361 0. 0. -1. 0.
-0.996 0.095 0. -8.703 0.095 0.996 0. 0.439 0. 0. -1. 0.
-0.996 0.086 0. -9.210 0.086 0.996 0. 0.517 0. 0. -1. 0.
-0.997 0.083 0. -9.588 0.083 0.997 0. 0.559 0. 0. -1. 0.
-0.997 0.083 0. -9.887 0.083 0.997 0. 0.588 0. 0. -1. 0.
-0.997 0.081 0. -10.119 0.081 0.997 0. 0.587 0. 0. -1. 0.
-0.997 0.080 0. -10.372 0.080 0.997 0. 0.618 0. 0. -1. 0.
-0.997 0.078 0. -10.674 0.078 0.997 0. 0.610 0. 0. -1. 0.
-0.997 0.078 0. -10.990 0.078 0.997 0. 0.610 0. 0. -1. 0.
-0.997 0.075 0. -11.369 0.075 0.997 0. 0.689 0. 0. -1. 0.
-0.997 0.075 0. -11.865 0.075 0.997 0. 0.705 0. 0. -1. 0.
-0.997 0.072 0. -12.516 0.072 0.997 0. 0.851 0. 0. -1. 0.
-0.998 0.070 0. -13.327 0.070 0.998 0. 0.883 0. 0. -1. 0.
-0.998 0.069 0. -14.262 0.069 0.998 0. 0.959 0. 0. -1. 0.
-0.998 0.066 0. -15.271 0.066 0.998 0. 1.048 0. 0. -1. 0.
-0.998 0.065 0. -16.369 0.065 0.998 0. 1.112 0. 0. -1. 0.
-0.998 0.064 0. -17.591 0.064 0.998 0. 1.230 0. 0. -1. 0.
-0.998 0.063 0. -18.866 0.063 0.998 0. 1.388 0. 0. -1. 0.
-0.998 0.064 0. -20.160 0.064 0.998 0. 1.486 0. 0. -1. 0.
-0.998 0.063 0. -21.663 0.063 0.998 0. 1.595 0. 0. -1. 0.
-0.998 0.058 0. -23.147 0.058 0.998 0. 1.705 0. 0. -1. 0.
-0.999 0.054 0. -24.765 0.054 0.999 0. 1.793 0. 0. -1. 0.
-0.999 0.051 0. -26.468 0.051 0.999 0. 1.888 0. 0. -1. 0.
-0.999 0.049 0. -28.111 0.049 0.999 0. 1.999 0. 0. -1. 0.
-0.999 0.045 0. -29.862 0.045 0.999 0. 2.022 0. 0. -1. 0.
-0.999 0.045 0. -31.653 0.045 0.999 0. 2.156 0. 0. -1. 0.
-0.999 0.040 0. -33.484 0.040 0.999 0. 2.304 0. 0. -1. 0.
-0.999 0.041 0. -35.403 0.041 0.999 0. 2.349 0. 0. -1. 0.
-0.999 0.036 0. -37.288 0.036 0.999 0. 2.484 0. 0. -1. 0.
-0.999 0.038 0. -39.275 0.038 0.999 0. 2.589 0. 0. -1. 0.
-0.999 0.036 0. -41.232 0.036 0.999 0. 2.654 0. 0. -1. 0.
-0.999 0.039 0. -43.243 0.039 0.999 0. 2.840 0. 0. -1. 0.
-0.999 0.044 0. -45.259 0.044 0.999 0. 2.917 0. 0. -1. 0.
-0.999 0.052 0. -47.205 0.052 0.999 0. 3.046 0. 0. -1. 0.
-0.998 0.069 0. -49.223 0.069 0.998 0. 3.253 0. 0. -1. 0.
-0.996 0.091 0. -51.076 0.091 0.996 0. 3.410 0. 0. -1. 0.
-0.993 0.114 0. -52.953 0.114 0.993 0. 3.672 0. 0. -1. 0.
-0.990 0.139 0. -54.648 0.139 0.990 0. 3.881 0. 0. -1. 0.
-0.985 0.170 0. -56.274 0.170 0.985 0. 4.185 0. 0. -1. 0.
-0.976 0.218 0. -57.804 0.218 0.976 0. 4.530 0. 0. -1. 0.
-0.961 0.276 0. -59.222 0.276 0.961 0. 4.963 0. 0. -1. 0.
-0.941 0.340 0. -60.529 0.340 0.941 0. 5.446 0. 0. -1. 0.
-0.912 0.410 0. -61.709 0.410 0.912 0. 6.016 0. 0. -1. 0.
-0.876 0.482 0. -62.755 0.482 0.876 0. 6.638 0. 0. -1. 0.
-0.827 0.562 0. -63.750 0.562 0.827 0. 7.351 0. 0. -1. 0.
-0.766 0.643 0. -64.612 0.643 0.766 0. 8.109 0. 0. -1. 0.
-0.694 0.720 0. -65.440 0.720 0.694 0. 9.001 0. 0. -1. 0.
-0.615 0.788 0. -66.115 0.788 0.615 0. 9.949 0. 0. -1. 0.
-0.530 0.848 0. -66.704 0.848 0.530 0. 10.975 0. 0. -1. 0.
-0.437 0.900 0. -67.244 0.900 0.437 0. 12.095 0. 0. -1. 0.
-0.337 0.942 0. -67.691 0.942 0.337 0. 13.303 0. 0. -1. 0.
-0.243 0.970 0. -67.937 0.970 0.243 0. 14.650 0. 0. -1. 0.
-0.147 0.989 0. -68.166 0.989 0.147 0. 15.996 0. 0. -1. 0.
-0.066 0.998 0. -68.425 0.998 0.066 0. 17.496 0. 0. -1. 0.
-0.017 1.000 0. -68.503 1.000 0.017 0. 18.998 0. 0. -1. 0.
0.006 1. 0. -68.266 1. -0.006 -0. 20.611 0. 0. -1. 0.
0.022 1.000 0. -68.199 1.000 -0.022 -0. 22.267 0. 0. -1. 0.
0.032 0.999 0. -68.037 0.999 -0.032 -0. 23.908 0. 0. -1. 0.
0.036 0.999 0. -67.965 0.999 -0.036 -0. 25.646 0. 0. -1. 0.
0.040 0.999 0. -67.811 0.999 -0.040 -0. 27.380 0. 0. -1. 0.
0.043 0.999 0. -67.736 0.999 -0.043 -0. 29.158 0. 0. -1. 0.
0.050 0.999 0. -67.535 0.999 -0.050 -0. 30.951 0. 0. -1. 0.
0.059 0.998 0. -67.395 0.998 -0.059 -0. 32.808 0. 0. -1. 0.
0.074 0.997 0. -67.170 0.997 -0.074 -0. 34.739 0. 0. -1. 0.
0.096 0.995 0. -66.976 0.995 -0.096 -0. 36.677 0. 0. -1. 0.
0.122 0.992 0. -66.688 0.992 -0.122 -0. 38.612 0. 0. -1. 0.
0.154 0.988 0. -66.398 0.988 -0.154 -0. 40.667 0. 0. -1. 0.
0.181 0.983 0. -66.013 0.983 -0.181 -0. 42.663 0. 0. -1. 0.
0.201 0.980 0. -65.478 0.980 -0.201 -0. 44.668 0. 0. -1. 0.
0.212 0.977 0. -65.111 0.977 -0.212 -0. 46.641 0. 0. -1. 0.
0.211 0.977 0. -64.547 0.977 -0.211 -0. 48.783 0. 0. -1. 0.
0.198 0.980 0. -64.089 0.980 -0.198 -0. 50.635 0. 0. -1. 0.
0.177 0.984 0. -63.708 0.984 -0.177 -0. 52.598 0. 0. -1. 0.
0.158 0.987 0. -63.319 0.987 -0.158 -0. 54.591 0. 0. -1. 0.
0.133 0.991 0. -63.045 0.991 -0.133 -0. 56.582 0. 0. -1. 0.
0.113 0.994 0. -62.661 0.994 -0.113 -0. 58.522 0. 0. -1. 0.
0.087 0.996 0. -62.488 0.996 -0.087 -0. 60.457 0. 0. -1. 0.
0.071 0.997 0. -62.290 0.997 -0.071 -0. 62.340 0. 0. -1. 0.
0.053 0.999 0. -62.221 0.999 -0.053 -0. 64.208 0. 0. -1. 0.
0.038 0.999 0. -62.118 0.999 -0.038 -0. 66.135 0. 0. -1. 0.
0.032 0.999 0. -61.997 0.999 -0.032 -0. 67.920 0. 0. -1. 0.
0.024 1.000 0. -61.980 1.000 -0.024 -0. 69.818 0. 0. -1. 0.
0.019 1.000 0. -61.843 1.000 -0.019 -0. 71.738 0. 0. -1. 0.
0.018 1.000 0. -61.736 1.000 -0.018 -0. 73.526 0. 0. -1. 0.
0.019 1.000 0. -61.701 1.000 -0.019 -0. 75.264 0. 0. -1. 0.
0.017 1.000 0. -61.698 1.000 -0.017 -0. 77.051 0. 0. -1. 0.
0.014 1. 0. -61.576 1. -0.014 -0. 78.888 0. 0. -1. 0.
0.016 1.000 0. -61.469 1.000 -0.016 -0. 80.641 0. 0. -1. 0.
0.015 1.000 0. -61.464 1.000 -0.015 -0. 82.319 0. 0. -1. 0.
0.006 1. 0. -61.423 1. -0.006 -0. 83.992 0. 0. -1. 0.
-0.018 1.000 0. -61.378 1.000 0.018 0. 85.605 0. 0. -1. 0.
-0.056 0.998 0. -61.464 0.998 0.056 0. 87.126 0. 0. -1. 0.
-0.116 0.993 0. -61.590 0.993 0.116 0. 88.514 0. 0. -1. 0.
-0.186 0.983 0. -61.799 0.983 0.186 0. 89.978 0. 0. -1. 0.
-0.278 0.961 0. -62.198 0.961 0.278 0. 91.270 0. 0. -1. 0.
-0.372 0.928 0. -62.589 0.928 0.372 0. 92.595 0. 0. -1. 0.
-0.467 0.884 0. -63.241 0.884 0.467 0. 93.788 0. 0. -1. 0.
-0.553 0.833 0. -63.976 0.833 0.553 0. 94.897 0. 0. -1. 0.
-0.633 0.774 0. -64.785 0.774 0.633 0. 95.911 0. 0. -1. 0.
-0.710 0.705 0. -65.730 0.705 0.710 0. 96.840 0. 0. -1. 0.
-0.772 0.635 0. -66.752 0.635 0.772 0. 97.781 0. 0. -1. 0.
-0.826 0.564 0. -67.854 0.564 0.826 0. 98.614 0. 0. -1. 0.
-0.867 0.498 0. -69.094 0.498 0.867 0. 99.238 0. 0. -1. 0.
-0.904 0.427 0. -70.381 0.427 0.904 0. 99.923 0. 0. -1. 0.
-0.931 0.364 0. -71.831 0.364 0.931 0. 100.465 0. 0. -1. 0.
-0.952 0.307 0. -73.303 0.307 0.952 0. 100.966 0. 0. -1. 0.
-0.966 0.259 0. -74.818 0.259 0.966 0. 101.437 0. 0. -1. 0.
-0.974 0.228 0. -76.378 0.228 0.974 0. 101.746 0. 0. -1. 0.
-0.977 0.212 0. -77.938 0.212 0.977 0. 102.171 0. 0. -1. 0.
-0.977 0.211 0. -79.557 0.211 0.977 0. 102.522 0. 0. -1. 0.
-0.973 0.232 0. -81.210 0.232 0.973 0. 102.855 0. 0. -1. 0.
-0.963 0.268 0. -82.728 0.268 0.963 0. 103.340 0. 0. -1. 0.
-0.948 0.320 0. -84.385 0.320 0.948 0. 103.883 0. 0. -1. 0.
-0.925 0.381 0. -85.948 0.381 0.925 0. 104.537 0. 0. -1. 0.
-0.894 0.449 0. -87.422 0.449 0.894 0. 105.454 0. 0. -1. 0.
-0.860 0.510 0. -88.914 0.510 0.860 0. 106.401 0. 0. -1. 0.
-0.827 0.563 0. -90.383 0.563 0.827 0. 107.386 0. 0. -1. 0.
-0.792 0.611 0. -91.874 0.611 0.792 0. 108.504 0. 0. -1. 0.
-0.762 0.648 0. -93.240 0.648 0.762 0. 109.695 0. 0. -1. 0.
-0.737 0.676 0. -94.641 0.676 0.737 0. 110.986 0. 0. -1. 0.
-0.717 0.697 0. -96.087 0.697 0.717 0. 112.282 0. 0. -1. 0.
-0.699 0.715 0. -97.428 0.715 0.699 0. 113.757 0. 0. -1. 0.
-0.687 0.726 0. -98.841 0.726 0.687 0. 115.227 0. 0. -1. 0.
-0.683 0.730 0. -100.253 0.730 0.683 0. 116.745 0. 0. -1. 0.
-0.681 0.732 0. -101.600 0.732 0.681 0. 118.400 0. 0. -1. 0.
-0.682 0.731 0. -103.066 0.731 0.682 0. 119.997 0. 0. -1. 0.
-0.684 0.730 0. -104.604 0.730 0.684 0. 121.562 0. 0. -1. 0.
-0.681 0.732 0. -106.028 0.732 0.681 0. 123.388 0. 0. -1. 0.
-0.683 0.731 0. -107.491 0.731 0.683 0. 125.010 0. 0. -1. 0.
-0.678 0.735 0. -108.989 0.735 0.678 0. 126.553 0. 0. -1. 0.
-0.676 0.737 0. -110.488 0.737 0.676 0. 128.212 0. 0. -1. 0.
-0.672 0.741 0. -111.913 0.741 0.672 0. 129.891 0. 0. -1. 0.
-0.668 0.744 0. -113.339 0.744 0.668 0. 131.493 0. 0. -1. 0.
-0.665 0.747 0. -114.712 0.747 0.665 0. 133.098 0. 0. -1. 0.
-0.666 0.746 0. -116.232 0.746 0.666 0. 134.717 0. 0. -1. 0.
-0.668 0.744 0. -117.560 0.744 0.668 0. 136.378 0. 0. -1. 0.
-0.672 0.741 0. -119.007 0.741 0.672 0. 138.007 0. 0. -1. 0.
-0.674 0.739 0. -120.365 0.739 0.674 0. 139.673 0. 0. -1. 0.
-0.673 0.739 0. -121.810 0.739 0.673 0. 141.278 0. 0. -1. 0.
-0.670 0.743 0. -123.238 0.743 0.670 0. 143.026 0. 0. -1. 0.
-0.669 0.743 0. -124.688 0.743 0.669 0. 144.647 0. 0. -1. 0.
-0.667 0.745 0. -126.086 0.745 0.667 0. 146.371 0. 0. -1. 0.
-0.666 0.746 0. -127.507 0.746 0.666 0. 148.130 0. 0. -1. 0.
-0.663 0.748 0. -128.903 0.748 0.663 0. 149.820 0. 0. -1. 0.
-0.661 0.750 0. -130.327 0.750 0.661 0. 151.449 0. 0. -1. 0.
-0.658 0.753 0. -131.778 0.753 0.658 0. 153.116 0. 0. -1. 0.
-0.652 0.758 0. -133.236 0.758 0.652 0. 154.834 0. 0. -1. 0.
-0.643 0.766 0. -134.628 0.766 0.643 0. 156.560 0. 0. -1. 0.
-0.632 0.775 0. -136.010 0.775 0.632 0. 158.314 0. 0. -1. 0.
-0.623 0.783 0. -137.400 0.783 0.623 0. 160.080 0. 0. -1. 0.
-0.610 0.792 0. -138.781 0.792 0.610 0. 161.897 0. 0. -1. 0.
-0.596 0.803 0. -139.973 0.803 0.596 0. 163.777 0. 0. -1. 0.
-0.572 0.820 0. -141.332 0.820 0.572 0. 165.635 0. 0. -1. 0.
-0.543 0.840 0. -142.444 0.840 0.543 0. 167.528 0. 0. -1. 0.
-0.512 0.859 0. -143.529 0.859 0.512 0. 169.443 0. 0. -1. 0.
-0.480 0.878 0. -144.596 0.878 0.480 0. 171.373 0. 0. -1. 0.
-0.446 0.895 0. -145.548 0.895 0.446 0. 173.369 0. 0. -1. 0.
-0.413 0.911 0. -146.512 0.911 0.413 0. 175.359 0. 0. -1. 0.
-0.381 0.924 0. -147.364 0.924 0.381 0. 177.399 0. 0. -1. 0.
-0.348 0.937 0. -148.137 0.937 0.348 0. 179.464 0. 0. -1. 0.
-0.313 0.950 0. -148.783 0.950 0.313 0. 181.543 0. 0. -1. 0.
-0.278 0.961 0. -149.319 0.961 0.278 0. 183.610 0. 0. -1. 0.
-0.248 0.969 0. -149.824 0.969 0.248 0. 185.756 0. 0. -1. 0.
-0.222 0.975 0. -150.163 0.975 0.222 0. 187.874 0. 0. -1. 0.
-0.202 0.979 0. -150.676 0.979 0.202 0. 189.955 0. 0. -1. 0.
-0.176 0.984 0. -150.974 0.984 0.176 0. 192.105 0. 0. -1. 0.
-0.151 0.989 0. -151.321 0.989 0.151 0. 194.196 0. 0. -1. 0.
-0.126 0.992 0. -151.485 0.992 0.126 0. 196.325 0. 0. -1. 0.
-0.104 0.995 0. -151.776 0.995 0.104 0. 198.435 0. 0. -1. 0.
-0.090 0.996 0. -151.878 0.996 0.090 0. 200.543 0. 0. -1. 0.
-0.079 0.997 0. -151.988 0.997 0.079 0. 202.677 0. 0. -1. 0.
-0.069 0.998 0. -152.118 0.998 0.069 0. 204.769 0. 0. -1. 0.
-0.066 0.998 0. -152.242 0.998 0.066 0. 206.854 0. 0. -1. 0.
-0.065 0.998 0. -152.312 0.998 0.065 0. 208.999 0. 0. -1. 0.
-0.069 0.998 0. -152.447 0.998 0.069 0. 211.104 0. 0. -1. 0.
-0.075 0.997 0. -152.574 0.997 0.075 0. 213.241 0. 0. -1. 0.
-0.079 0.997 0. -152.638 0.997 0.079 0. 215.386 0. 0. -1. 0.
-0.091 0.996 0. -152.787 0.996 0.091 0. 217.525 0. 0. -1. 0.
-0.109 0.994 0. -153.046 0.994 0.109 0. 219.655 0. 0. -1. 0.
-0.137 0.991 0. -153.206 0.991 0.137 0. 221.817 0. 0. -1. 0.
-0.170 0.986 0. -153.565 0.986 0.170 0. 223.932 0. 0. -1. 0.
-0.221 0.975 0. -153.916 0.975 0.221 0. 226.056 0. 0. -1. 0.
-0.277 0.961 0. -154.478 0.961 0.277 0. 228.109 0. 0. -1. 0.
-0.336 0.942 0. -155.122 0.942 0.336 0. 230.087 0. 0. -1. 0.
-0.397 0.918 0. -155.984 0.918 0.397 0. 232.092 0. 0. -1. 0.
-0.464 0.886 0. -156.846 0.886 0.464 0. 233.950 0. 0. -1. 0.
-0.527 0.850 0. -157.900 0.850 0.527 0. 235.729 0. 0. -1. 0.
-0.591 0.807 0. -159.082 0.807 0.591 0. 237.461 0. 0. -1. 0.
-0.656 0.755 0. -160.364 0.755 0.656 0. 239.083 0. 0. -1. 0.
-0.721 0.692 0. -161.857 0.692 0.721 0. 240.542 0. 0. -1. 0.
-0.779 0.628 0. -163.431 0.628 0.779 0. 241.821 0. 0. -1. 0.
-0.831 0.556 0. -165.055 0.556 0.831 0. 243.040 0. 0. -1. 0.
-0.872 0.490 0. -166.818 0.490 0.872 0. 244.079 0. 0. -1. 0.
-0.904 0.428 0. -168.581 0.428 0.904 0. 244.923 0. 0. -1. 0.
-0.925 0.380 0. -170.404 0.380 0.925 0. 245.754 0. 0. -1. 0.
-0.939 0.344 0. -172.239 0.344 0.939 0. 246.474 0. 0. -1. 0.
-0.947 0.320 0. -174.132 0.320 0.947 0. 247.121 0. 0. -1. 0.
-0.952 0.305 0. -176.019 0.305 0.952 0. 247.830 0. 0. -1. 0.
-0.956 0.294 0. -177.913 0.294 0.956 0. 248.466 0. 0. -1. 0.
-0.959 0.283 0. -179.868 0.283 0.959 0. 249.046 0. 0. -1. 0.
-0.963 0.271 0. -181.908 0.271 0.963 0. 249.649 0. 0. -1. 0.
-0.963 0.268 0. -183.997 0.268 0.963 0. 250.254 0. 0. -1. 0.
-0.963 0.271 0. -185.938 0.271 0.963 0. 250.916 0. 0. -1. 0.
-0.962 0.274 0. -187.959 0.274 0.962 0. 251.495 0. 0. -1. 0.
-0.962 0.275 0. -190.029 0.275 0.962 0. 252.118 0. 0. -1. 0.
-0.961 0.276 0. -192.122 0.276 0.961 0. 252.765 0. 0. -1. 0.
-0.960 0.278 0. -194.166 0.278 0.960 0. 253.416 0. 0. -1. 0.
-0.960 0.281 0. -196.246 0.281 0.960 0. 254.041 0. 0. -1. 0.
-0.959 0.284 0. -198.370 0.284 0.959 0. 254.705 0. 0. -1. 0.
-0.959 0.285 0. -200.520 0.285 0.959 0. 255.340 0. 0. -1. 0.
-0.958 0.286 0. -202.601 0.286 0.958 0. 255.997 0. 0. -1. 0.
-0.957 0.289 0. -204.730 0.289 0.957 0. 256.719 0. 0. -1. 0.
-0.955 0.297 0. -206.936 0.297 0.955 0. 257.393 0. 0. -1. 0.
-0.950 0.311 0. -209.029 0.311 0.950 0. 258.122 0. 0. -1. 0.
-0.945 0.326 0. -211.130 0.326 0.945 0. 258.852 0. 0. -1. 0.
-0.938 0.348 0. -213.145 0.348 0.938 0. 259.664 0. 0. -1. 0.
-0.927 0.375 0. -215.149 0.375 0.927 0. 260.508 0. 0. -1. 0.
-0.916 0.402 0. -217.142 0.402 0.916 0. 261.411 0. 0. -1. 0.
-0.904 0.428 0. -219.014 0.428 0.904 0. 262.353 0. 0. -1. 0.
-0.892 0.453 0. -220.901 0.453 0.892 0. 263.391 0. 0. -1. 0.
-0.878 0.478 0. -222.656 0.478 0.878 0. 264.390 0. 0. -1. 0.
-0.866 0.499 0. -224.294 0.499 0.866 0. 265.367 0. 0. -1. 0.
-0.857 0.516 0. -225.764 0.516 0.857 0. 266.268 0. 0. -1. 0.
-0.850 0.527 0. -227.138 0.527 0.850 0. 267.186 0. 0. -1. 0.
-0.850 0.527 0. -228.385 0.527 0.850 0. 268.019 0. 0. -1. 0.
-0.850 0.526 0. -229.525 0.526 0.850 0. 268.745 0. 0. -1. 0.
-0.853 0.522 0. -230.565 0.522 0.853 0. 269.438 0. 0. -1. 0.
-0.854 0.521 0. -231.598 0.521 0.854 0. 270.178 0. 0. -1. 0.
-0.857 0.516 0. -232.466 0.516 0.857 0. 270.704 0. 0. -1. 0.
-0.860 0.511 0. -233.291 0.511 0.860 0. 271.262 0. 0. -1. 0.
-0.860 0.511 0. -233.940 0.511 0.860 0. 271.584 0. 0. -1. 0.
-0.860 0.510 0. -234.541 0.510 0.860 0. 271.927 0. 0. -1. 0.
-0.861 0.509 0. -234.979 0.509 0.861 0. 272.267 0. 0. -1. 0.
-0.861 0.508 0. -235.365 0.508 0.861 0. 272.442 0. 0. -1. 0.
-0.860 0.510 0. -235.586 0.510 0.860 0. 272.656 0. 0. -1. 0.
-0.860 0.510 0. -235.753 0.510 0.860 0. 272.716 0. 0. -1. 0.
-0.860 0.510 0. -235.807 0.510 0.860 0. 272.789 0. 0. -1. 0.
-0.860 0.510 0. -235.782 0.510 0.860 0. 272.787 0. 0. -1. 0.
-0.860 0.510 0. -235.800 0.510 0.860 0. 272.769 0. 0. -1. 0.
-0.860 0.511 0. -235.820 0.511 0.860 0. 272.816 0. 0. -1. 0.
-0.861 0.509 0. -235.793 0.509 0.861 0. 272.798 0. 0. -1. 0.
-0.860 0.510 0. -235.805 0.510 0.860 0. 272.843 0. 0. -1. 0.
-0.861 0.509 0. -235.805 0.509 0.861 0. 272.800 0. 0. -1. 0.
-0.860 0.510 0. -235.829 0.510 0.860 0. 272.801 0. 0. -1. 0.
-0.861 0.509 0. -235.893 0.509 0.861 0. 272.831 0. 0. -1. 0.
-0.860 0.510 0. -235.969 0.510 0.860 0. 272.860 0. 0. -1. 0.
-0.860 0.510 0. -236.010 0.510 0.860 0. 272.889 0. 0. -1. 0.
-0.860 0.511 0. -236.059 0.511 0.860 0. 272.946 0. 0. -1. 0.
-0.860 0.510 0. -236.087 0.510 0.860 0. 272.931 0. 0. -1. 0.
-0.859 0.512 0. -236.105 0.512 0.859 0. 272.986 0. 0. -1. 0.
-0.859 0.511 0. -236.118 0.511 0.859 0. 272.992 0. 0. -1. 0.
-0.859 0.513 0. -236.196 0.513 0.859 0. 273.054 0. 0. -1. 0.
-0.859 0.513 0. -236.269 0.513 0.859 0. 273.057 0. 0. -1. 0.
-0.859 0.513 0. -236.333 0.513 0.859 0. 273.106 0. 0. -1. 0.
-0.858 0.513 0. -236.393 0.513 0.858 0. 273.163 0. 0. -1. 0.
-0.858 0.513 0. -236.501 0.513 0.858 0. 273.197 0. 0. -1. 0.
-0.857 0.515 0. -236.622 0.515 0.857 0. 273.246 0. 0. -1. 0.
-0.858 0.514 0. -236.731 0.514 0.858 0. 273.300 0. 0. -1. 0.
-0.857 0.515 0. -236.867 0.515 0.857 0. 273.390 0. 0. -1. 0.
-0.856 0.518 0. -236.984 0.518 0.856 0. 273.482 0. 0. -1. 0.
-0.854 0.520 0. -237.155 0.520 0.854 0. 273.565 0. 0. -1. 0.
-0.854 0.521 0. -237.291 0.521 0.854 0. 273.666 0. 0. -1. 0.
-0.853 0.522 0. -237.449 0.522 0.853 0. 273.740 0. 0. -1. 0.
-0.850 0.527 0. -237.668 0.527 0.850 0. 273.890 0. 0. -1. 0.
-0.844 0.536 0. -237.868 0.536 0.844 0. 274.023 0. 0. -1. 0.
-0.833 0.554 0. -238.165 0.554 0.833 0. 274.228 0. 0. -1. 0.
-0.811 0.586 0. -238.560 0.586 0.811 0. 274.547 0. 0. -1. 0.
-0.779 0.627 0. -238.986 0.627 0.779 0. 274.902 0. 0. -1. 0.
-0.739 0.674 0. -239.486 0.674 0.739 0. 275.443 0. 0. -1. 0.
-0.686 0.727 0. -240.132 0.727 0.686 0. 276.039 0. 0. -1. 0.
-0.628 0.778 0. -240.692 0.778 0.628 0. 276.796 0. 0. -1. 0.
-0.552 0.834 0. -241.285 0.834 0.552 0. 277.711 0. 0. -1. 0.
-0.457 0.889 0. -241.692 0.889 0.457 0. 278.775 0. 0. -1. 0.
-0.350 0.937 0. -242.088 0.937 0.350 0. 279.792 0. 0. -1. 0.
-0.238 0.971 0. -242.224 0.971 0.238 0. 280.980 0. 0. -1. 0.
-0.111 0.994 0. -242.367 0.994 0.111 0. 282.199 0. 0. -1. 0.
0.018 1.000 0. -242.270 1.000 -0.018 -0. 283.424 0. 0. -1. 0.
0.142 0.990 0. -242.048 0.990 -0.142 -0. 284.708 0. 0. -1. 0.
0.239 0.971 0. -241.595 0.971 -0.239 -0. 285.984 0. 0. -1. 0.
0.289 0.957 0. -241.153 0.957 -0.289 -0. 287.370 0. 0. -1. 0.
0.310 0.951 0. -240.611 0.951 -0.310 -0. 289.014 0. 0. -1. 0.
0.312 0.950 0. -240.029 0.950 -0.312 -0. 290.712 0. 0. -1. 0.
0.306 0.952 0. -239.433 0.952 -0.306 -0. 292.420 0. 0. -1. 0.
0.301 0.954 0. -238.895 0.954 -0.301 -0. 294.238 0. 0. -1. 0.
0.300 0.954 0. -238.212 0.954 -0.300 -0. 296.097 0. 0. -1. 0.
0.300 0.954 0. -237.601 0.954 -0.300 -0. 298.058 0. 0. -1. 0.
0.297 0.955 0. -236.894 0.955 -0.297 -0. 300.113 0. 0. -1. 0.
0.298 0.955 0. -236.200 0.955 -0.298 -0. 302.312 0. 0. -1. 0.
0.297 0.955 0. -235.444 0.955 -0.297 -0. 304.510 0. 0. -1. 0.
0.296 0.955 0. -234.663 0.955 -0.296 -0. 306.864 0. 0. -1. 0.
0.297 0.955 0. -233.880 0.955 -0.297 -0. 309.234 0. 0. -1. 0.
0.298 0.955 0. -233.045 0.955 -0.298 -0. 311.671 0. 0. -1. 0.
0.298 0.954 0. -232.221 0.954 -0.298 -0. 314.133 0. 0. -1. 0.
0.298 0.955 0. -231.418 0.955 -0.298 -0. 316.651 0. 0. -1. 0.
0.298 0.954 0. -230.536 0.954 -0.298 -0. 319.252 0. 0. -1. 0.
0.298 0.954 0. -229.682 0.954 -0.298 -0. 321.893 0. 0. -1. 0.
0.299 0.954 0. -228.724 0.954 -0.299 -0. 324.614 0. 0. -1. 0.
0.300 0.954 0. -227.847 0.954 -0.300 -0. 327.363 0. 0. -1. 0.
0.301 0.954 0. -226.898 0.954 -0.301 -0. 330.212 0. 0. -1. 0.
0.302 0.953 0. -225.963 0.953 -0.302 -0. 333.035 0. 0. -1. 0.
0.303 0.953 0. -224.989 0.953 -0.303 -0. 335.882 0. 0. -1. 0.
0.302 0.953 0. -224.084 0.953 -0.302 -0. 338.687 0. 0. -1. 0.
0.303 0.953 0. -223.135 0.953 -0.303 -0. 341.497 0. 0. -1. 0.
0.303 0.953 0. -222.198 0.953 -0.303 -0. 344.273 0. 0. -1. 0.
0.304 0.953 0. -221.291 0.953 -0.304 -0. 347.047 0. 0. -1. 0.
0.305 0.952 0. -220.396 0.952 -0.305 -0. 349.803 0. 0. -1. 0.
0.303 0.953 0. -219.452 0.953 -0.303 -0. 352.618 0. 0. -1. 0.
0.301 0.954 0. -218.568 0.954 -0.301 -0. 355.413 0. 0. -1. 0.
0.299 0.954 0. -217.584 0.954 -0.299 -0. 358.243 0. 0. -1. 0.
0.298 0.955 0. -216.674 0.955 -0.298 -0. 361.095 0. 0. -1. 0.
0.297 0.955 0. -215.741 0.955 -0.297 -0. 363.958 0. 0. -1. 0.
0.297 0.955 0. -214.759 0.955 -0.297 -0. 366.865 0. 0. -1. 0.
0.297 0.955 0. -213.823 0.955 -0.297 -0. 369.783 0. 0. -1. 0.
0.297 0.955 0. -212.848 0.955 -0.297 -0. 372.705 0. 0. -1. 0.
0.298 0.955 0. -211.852 0.955 -0.298 -0. 375.630 0. 0. -1. 0.
0.297 0.955 0. -210.917 0.955 -0.297 -0. 378.565 0. 0. -1. 0.
0.298 0.954 0. -209.973 0.954 -0.298 -0. 381.570 0. 0. -1. 0.
0.298 0.955 0. -208.937 0.955 -0.298 -0. 384.563 0. 0. -1. 0.
0.299 0.954 0. -207.887 0.954 -0.299 -0. 387.571 0. 0. -1. 0.
0.297 0.955 0. -206.947 0.955 -0.297 -0. 390.625 0. 0. -1. 0.
0.297 0.955 0. -205.952 0.955 -0.297 -0. 393.688 0. 0. -1. 0.
0.296 0.955 0. -204.911 0.955 -0.296 -0. 396.778 0. 0. -1. 0.
0.299 0.954 0. -203.868 0.954 -0.299 -0. 399.964 0. 0. -1. 0.
0.298 0.955 0. -202.815 0.955 -0.298 -0. 403.157 0. 0. -1. 0.
0.294 0.956 0. -201.747 0.956 -0.294 -0. 406.401 0. 0. -1. 0.
0.291 0.957 0. -200.658 0.957 -0.291 -0. 409.659 0. 0. -1. 0.
0.290 0.957 0. -199.618 0.957 -0.290 -0. 412.889 0. 0. -1. 0.
0.290 0.957 0. -198.602 0.957 -0.290 -0. 416.143 0. 0. -1. 0.
0.289 0.957 0. -197.580 0.957 -0.289 -0. 419.346 0. 0. -1. 0.
0.288 0.958 0. -196.554 0.958 -0.288 -0. 422.587 0. 0. -1. 0.
0.287 0.958 0. -195.500 0.958 -0.287 -0. 425.819 0. 0. -1. 0.
0.285 0.959 0. -194.480 0.959 -0.285 -0. 429.091 0. 0. -1. 0.
0.277 0.961 0. -193.403 0.961 -0.277 -0. 432.390 0. 0. -1. 0.
0.272 0.962 0. -192.382 0.962 -0.272 -0. 435.733 0. 0. -1. 0.
0.265 0.964 0. -191.376 0.964 -0.265 -0. 439.130 0. 0. -1. 0.
0.262 0.965 0. -190.384 0.965 -0.262 -0. 442.528 0. 0. -1. 0.
0.259 0.966 0. -189.444 0.966 -0.259 -0. 446.004 0. 0. -1. 0.
0.259 0.966 0. -188.425 0.966 -0.259 -0. 449.401 0. 0. -1. 0.
0.257 0.966 0. -187.479 0.966 -0.257 -0. 452.822 0. 0. -1. 0.
0.257 0.967 0. -186.521 0.967 -0.257 -0. 456.163 0. 0. -1. 0.
0.255 0.967 0. -185.571 0.967 -0.255 -0. 459.501 0. 0. -1. 0.
0.257 0.966 0. -184.592 0.966 -0.257 -0. 462.827 0. 0. -1. 0.
0.256 0.967 0. -183.671 0.967 -0.256 -0. 466.080 0. 0. -1. 0.
0.259 0.966 0. -182.749 0.966 -0.259 -0. 469.401 0. 0. -1. 0.
0.258 0.966 0. -181.825 0.966 -0.258 -0. 472.636 0. 0. -1. 0.
0.261 0.965 0. -180.881 0.965 -0.261 -0. 475.919 0. 0. -1. 0.
0.264 0.964 0. -179.879 0.964 -0.264 -0. 479.221 0. 0. -1. 0.
0.267 0.964 0. -178.900 0.964 -0.267 -0. 482.560 0. 0. -1. 0.
0.271 0.962 0. -177.908 0.962 -0.271 -0. 485.913 0. 0. -1. 0.
0.276 0.961 0. -176.895 0.961 -0.276 -0. 489.245 0. 0. -1. 0.
0.280 0.960 0. -175.869 0.960 -0.280 -0. 492.565 0. 0. -1. 0.
0.284 0.959 0. -174.817 0.959 -0.284 -0. 495.869 0. 0. -1. 0.
0.286 0.958 0. -173.790 0.958 -0.286 -0. 499.136 0. 0. -1. 0.
0.289 0.957 0. -172.763 0.957 -0.289 -0. 502.346 0. 0. -1. 0.
0.290 0.957 0. -171.719 0.957 -0.290 -0. 505.530 0. 0. -1. 0.
0.291 0.957 0. -170.770 0.957 -0.291 -0. 508.619 0. 0. -1. 0.
0.293 0.956 0. -169.756 0.956 -0.293 -0. 511.579 0. 0. -1. 0.
0.295 0.956 0. -168.840 0.956 -0.295 -0. 514.503 0. 0. -1. 0.
0.293 0.956 0. -167.886 0.956 -0.293 -0. 517.256 0. 0. -1. 0.
0.292 0.957 0. -167.054 0.957 -0.292 -0. 519.994 0. 0. -1. 0.
0.292 0.957 0. -166.189 0.957 -0.292 -0. 522.638 0. 0. -1. 0.
0.287 0.958 0. -165.348 0.958 -0.287 -0. 525.228 0. 0. -1. 0.
0.285 0.958 0. -164.553 0.958 -0.285 -0. 527.866 0. 0. -1. 0.
0.283 0.959 0. -163.745 0.959 -0.283 -0. 530.409 0. 0. -1. 0.
0.282 0.959 0. -163.008 0.959 -0.282 -0. 532.888 0. 0. -1. 0.
0.281 0.960 0. -162.224 0.960 -0.281 -0. 535.362 0. 0. -1. 0.
0.283 0.959 0. -161.505 0.959 -0.283 -0. 537.671 0. 0. -1. 0.
0.283 0.959 0. -160.821 0.959 -0.283 -0. 539.880 0. 0. -1. 0.
0.282 0.959 0. -160.116 0.959 -0.282 -0. 541.986 0. 0. -1. 0.
0.282 0.959 0. -159.453 0.959 -0.282 -0. 544.019 0. 0. -1. 0.
0.283 0.959 0. -158.865 0.959 -0.283 -0. 545.978 0. 0. -1. 0.
0.284 0.959 0. -158.306 0.959 -0.284 -0. 547.796 0. 0. -1. 0.
0.283 0.959 0. -157.755 0.959 -0.283 -0. 549.545 0. 0. -1. 0.
0.284 0.959 0. -157.249 0.959 -0.284 -0. 551.183 0. 0. -1. 0.
0.284 0.959 0. -156.770 0.959 -0.284 -0. 552.715 0. 0. -1. 0.
0.286 0.958 0. -156.288 0.958 -0.286 -0. 554.116 0. 0. -1. 0.
0.287 0.958 0. -155.951 0.958 -0.287 -0. 555.463 0. 0. -1. 0.
0.288 0.958 0. -155.579 0.958 -0.288 -0. 556.682 0. 0. -1. 0.
