1637695672004775 1.00000 0.00000 0.00000 -0.00000 0.00000 -1.00000 0.00000 0.00000 0.00000 -0.00000 -1.00000 0.00000
1637695672253619 1.00000 -0.00029 0.00000 -0.00065 -0.00029 -1.00000 0.00000 -0.00494 -0.00000 -0.00000 -1.00000 -0.00000
1637695672502656 1.00000 -0.00040 0.00000 0.00028 -0.00040 -1.00000 0.00000 0.00122 -0.00000 -0.00000 -1.00000 0.00000
1637695672751689 1.00000 -0.00020 0.00000 -0.00783 -0.00020 -1.00000 0.00000 -0.00694 -0.00000 -0.00000 -1.00000 -0.00000
1637695673000453 1.00000 0.00000 -0.00000 0.00131 0.00000 -1.00000 0.00000 0.00164 0.00000 -0.00000 -1.00000 0.00000
1637695673249752 1.00000 -0.00026 0.00000 -0.00273 -0.00026 -1.00000 0.00000 -0.00549 -0.00000 -0.00000 -1.00000 -0.00000
1637695673498781 1.00000 -0.00043 0.00000 0.00001 -0.00043 -1.00000 0.00000 -0.00054 -0.00000 -0.00000 -1.00000 -0.00000
1637695673747745 1.00000 -0.00019 -0.00000 0.00188 -0.00019 -1.00000 0.00000 -0.00654 -0.00000 -0.00000 -1.00000 -0.00000
1637695673996628 1.00000 -0.00027 -0.00000 0.00646 -0.00027 -1.00000 0.00000 -0.00831 -0.00000 -0.00000 -1.00000 -0.00000
1637695674245342 1.00000 -0.00012 0.00000 0.00346 -0.00012 -1.00000 0.00000 -0.00603 -0.00000 -0.00000 -1.00000 -0.00000
1637695674494266 1.00000 -0.00003 -0.00000 0.00439 -0.00003 -1.00000 0.00000 -0.00562 -0.00000 -0.00000 -1.00000 -0.00000
1637695674743185 1.00000 -0.00004 0.00000 0.00141 -0.00004 -1.00000 0.00000 0.00010 -0.00000 -0.00000 -1.00000 0.00000
1637695674991739 1.00000 0.00014 0.00000 -0.00380 0.00014 -1.00000 0.00000 -0.00432 0.00000 -0.00000 -1.00000 -0.00000
1637695675240422 1.00000 0.00018 0.00000 0.00178 0.00018 -1.00000 0.00000 -0.00127 0.00000 -0.00000 -1.00000 -0.00000
1637695675489342 1.00000 -0.00019 0.00000 0.00134 -0.00019 -1.00000 0.00000 -0.00340 -0.00000 -0.00000 -1.00000 -0.00000
1637695675738054 1.00000 0.00000 0.00000 0.00024 0.00000 -1.00000 0.00000 -0.00490 0.00000 -0.00000 -1.00000 -0.00000
1637695675986800 1.00000 0.00011 0.00000 -0.01317 0.00011 -1.00000 0.00000 -0.00855 0.00000 -0.00000 -1.00000 -0.00000
1637695676235850 1.00000 -0.00106 0.00000 -0.06099 -0.00106 -1.00000 0.00000 -0.03018 -0.00000 -0.00000 -1.00000 -0.00000
1637695676484766 1.00000 -0.00203 0.00000 -0.17394 -0.00203 -1.00000 0.00000 -0.03825 -0.00000 -0.00000 -1.00000 -0.00000
1637695676733267 0.99998 -0.00634 0.00000 -0.26116 -0.00634 -0.99998 0.00000 0.00030 -0.00000 -0.00000 -1.00000 0.00000
1637695676982168 0.99986 -0.01647 0.00000 -0.40690 -0.01647 -0.99986 0.00000 -0.06562 -0.00000 -0.00000 -1.00000 -0.00000
1637695677231251 0.99955 -0.02999 -0.00000 -0.63396 -0.02999 -0.99955 0.00000 -0.00214 -0.00000 -0.00000 -1.00000 -0.00000
1637695677480191 0.99894 -0.04605 0.00000 -0.90832 -0.04605 -0.99894 0.00000 -0.01503 -0.00000 -0.00000 -1.00000 -0.00000
1637695677729080 0.99783 -0.06580 0.00000 -1.34575 -0.06580 -0.99783 0.00000 -0.00873 -0.00000 -0.00000 -1.00000 -0.00000
1637695677977969 0.99599 -0.08949 0.00000 -1.77188 -0.08949 -0.99599 0.00000 -0.04746 -0.00000 -0.00000 -1.00000 -0.00000
1637695678226577 0.99388 -0.11048 -0.00000 -2.28033 -0.11048 -0.99388 0.00000 0.04753 -0.00000 -0.00000 -1.00000 0.00000
1637695678475564 0.99153 -0.12986 0.00000 -2.88820 -0.12986 -0.99153 0.00000 0.01487 -0.00000 -0.00000 -1.00000 0.00000
1637695678724555 0.98986 -0.14202 0.00000 -3.54633 -0.14202 -0.98986 0.00000 0.02912 -0.00000 -0.00000 -1.00000 0.00000
1637695678973009 0.98958 -0.14397 -0.00000 -4.28201 -0.14397 -0.98958 0.00000 0.05592 -0.00000 -0.00000 -1.00000 0.00000
1637695679222255 0.99068 -0.13620 0.00000 -5.16825 -0.13620 -0.99068 0.00000 -0.04767 -0.00000 -0.00000 -1.00000 -0.00000
1637695679471153 0.99262 -0.12127 -0.00000 -6.08075 -0.12127 -0.99262 0.00000 -0.12313 -0.00000 -0.00000 -1.00000 -0.00000
1637695679720026 0.99425 -0.10711 0.00000 -7.00350 -0.10711 -0.99425 0.00000 -0.18037 -0.00000 -0.00000 -1.00000 -0.00000
1637695679968729 0.99546 -0.09513 0.00000 -8.03057 -0.09513 -0.99546 0.00000 -0.28808 -0.00000 -0.00000 -1.00000 -0.00000
1637695680217680 0.99627 -0.08627 0.00000 -9.11344 -0.08627 -0.99627 0.00000 -0.35176 -0.00000 -0.00000 -1.00000 -0.00000
1637695680466238 0.99689 -0.07883 0.00000 -10.24957 -0.07883 -0.99689 0.00000 -0.45245 -0.00000 -0.00000 -1.00000 -0.00000
1637695680714957 0.99746 -0.07125 0.00000 -11.42738 -0.07125 -0.99746 0.00000 -0.52912 -0.00000 -0.00000 -1.00000 -0.00000
1637695680963797 0.99764 -0.06866 0.00000 -12.57985 -0.06866 -0.99764 0.00000 -0.59681 -0.00000 -0.00000 -1.00000 -0.00000
1637695681212675 0.99765 -0.06853 0.00000 -13.84122 -0.06853 -0.99765 0.00000 -0.59868 -0.00000 -0.00000 -1.00000 -0.00000
1637695681461543 0.99740 -0.07208 0.00000 -15.11748 -0.07208 -0.99740 0.00000 -0.57262 -0.00000 -0.00000 -1.00000 -0.00000
1637695681710513 0.99716 -0.07534 0.00000 -16.41828 -0.07534 -0.99716 0.00000 -0.54537 -0.00000 -0.00000 -1.00000 -0.00000
1637695681959198 0.99719 -0.07490 0.00000 -17.82114 -0.07490 -0.99719 0.00000 -0.54801 -0.00000 -0.00000 -1.00000 -0.00000
1637695682208322 0.99718 -0.07502 0.00000 -19.30553 -0.07502 -0.99718 0.00000 -0.62652 -0.00000 -0.00000 -1.00000 -0.00000
1637695682457166 0.99733 -0.07306 0.00000 -20.89870 -0.07306 -0.99733 0.00000 -0.59958 -0.00000 -0.00000 -1.00000 -0.00000
1637695682706118 0.99783 -0.06581 0.00000 -22.47588 -0.06581 -0.99783 0.00000 -0.82859 -0.00000 -0.00000 -1.00000 -0.00000
1637695682955183 0.99821 -0.05986 -0.00000 -24.15409 -0.05986 -0.99821 0.00000 -1.00921 -0.00000 -0.00000 -1.00000 -0.00000
1637695683204287 0.99870 -0.05104 0.00000 -25.86064 -0.05104 -0.99870 0.00000 -1.22149 -0.00000 -0.00000 -1.00000 -0.00000
1637695683453136 0.99912 -0.04198 -0.00000 -27.55627 -0.04198 -0.99912 0.00000 -1.53805 -0.00000 -0.00000 -1.00000 -0.00000
1637695683702173 0.99940 -0.03462 0.00000 -29.27903 -0.03462 -0.99940 0.00000 -1.71455 -0.00000 -0.00000 -1.00000 -0.00000
1637695683951225 0.99954 -0.03034 0.00000 -31.00714 -0.03034 -0.99954 0.00000 -1.90810 -0.00000 -0.00000 -1.00000 -0.00000
1637695684199877 0.99976 -0.02187 0.00000 -32.69176 -0.02187 -0.99976 0.00000 -2.23560 -0.00000 -0.00000 -1.00000 -0.00000
1637695684449057 0.99984 -0.01809 0.00000 -34.48790 -0.01809 -0.99984 0.00000 -2.41915 -0.00000 -0.00000 -1.00000 -0.00000
1637695684697736 0.99988 -0.01536 0.00000 -36.23103 -0.01536 -0.99988 0.00000 -2.44047 -0.00000 -0.00000 -1.00000 -0.00000
1637695684946547 0.99989 -0.01455 0.00000 -38.05542 -0.01455 -0.99989 0.00000 -2.52452 -0.00000 -0.00000 -1.00000 -0.00000
1637695685195552 0.99992 -0.01266 0.00000 -39.86861 -0.01266 -0.99992 0.00000 -2.68301 -0.00000 -0.00000 -1.00000 -0.00000
1637695685444040 0.99997 -0.00722 0.00000 -41.71921 -0.00722 -0.99997 0.00000 -2.88441 -0.00000 -0.00000 -1.00000 -0.00000
1637695685693193 0.99997 0.00763 0.00000 -43.60611 0.00763 -0.99997 0.00000 -3.47069 0.00000 -0.00000 -1.00000 -0.00000
1637695685942426 0.99974 0.02279 0.00000 -45.52733 0.02279 -0.99974 0.00000 -4.20577 0.00000 -0.00000 -1.00000 -0.00000
1637695686191354 0.99929 0.03765 0.00000 -47.45195 0.03765 -0.99929 0.00000 -4.95749 0.00000 -0.00000 -1.00000 -0.00000
1637695686440258 0.99868 0.05131 0.00000 -49.50040 0.05131 -0.99868 0.00000 -5.68115 0.00000 -0.00000 -1.00000 -0.00000
1637695686689543 0.99836 0.05732 0.00000 -51.53388 0.05732 -0.99836 0.00000 -5.91830 0.00000 -0.00000 -1.00000 -0.00000
1637695686938244 0.99808 0.06201 0.00000 -53.59251 0.06201 -0.99808 0.00000 -6.16673 0.00000 -0.00000 -1.00000 -0.00000
1637695687187602 0.99767 0.06818 -0.00000 -55.61360 0.06818 -0.99767 0.00000 -6.55046 0.00000 -0.00000 -1.00000 -0.00000
1637695687436363 0.99732 0.07316 0.00000 -57.73955 0.07316 -0.99732 0.00000 -6.89696 0.00000 -0.00000 -1.00000 -0.00000
1637695687685262 0.99717 0.07517 0.00000 -59.87494 0.07517 -0.99717 0.00000 -7.07932 0.00000 -0.00000 -1.00000 -0.00000
1637695687934246 0.99678 0.08022 0.00000 -61.90579 0.08022 -0.99678 0.00000 -7.39484 0.00000 -0.00000 -1.00000 -0.00000
1637695688183280 0.99654 0.08313 0.00000 -63.99862 0.08313 -0.99654 0.00000 -7.56209 0.00000 -0.00000 -1.00000 -0.00000
1637695688432670 0.99645 0.08424 0.00000 -66.09941 0.08424 -0.99645 0.00000 -7.65774 0.00000 -0.00000 -1.00000 -0.00000
1637695688681343 0.99647 0.08395 0.00000 -68.13419 0.08395 -0.99647 0.00000 -7.71588 0.00000 -0.00000 -1.00000 -0.00000
1637695688930197 0.99651 0.08344 0.00000 -70.27110 0.08344 -0.99651 0.00000 -7.63910 0.00000 -0.00000 -1.00000 -0.00000
1637695689179240 0.99707 0.07650 -0.00000 -72.37957 0.07650 -0.99707 0.00000 -7.13025 0.00000 -0.00000 -1.00000 -0.00000
1637695689427916 0.99772 0.06755 -0.00000 -74.50985 0.06755 -0.99772 0.00000 -6.50771 0.00000 -0.00000 -1.00000 -0.00000
1637695689677083 0.99869 0.05114 0.00000 -76.65275 0.05114 -0.99869 0.00000 -5.30470 0.00000 -0.00000 -1.00000 -0.00000
1637695689925695 0.99961 0.02792 0.00000 -78.83171 0.02792 -0.99961 0.00000 -3.53172 0.00000 -0.00000 -1.00000 -0.00000
1637695690174930 0.99999 0.00476 0.00000 -80.91767 0.00476 -0.99999 0.00000 -1.71376 0.00000 -0.00000 -1.00000 -0.00000
1637695690423952 0.99972 -0.02385 0.00000 -82.96271 -0.02385 -0.99972 0.00000 0.61753 -0.00000 -0.00000 -1.00000 0.00000
1637695690673223 0.99820 -0.05993 0.00000 -84.90300 -0.05993 -0.99820 0.00000 3.60537 -0.00000 -0.00000 -1.00000 0.00000
1637695690922328 0.99512 -0.09865 -0.00000 -86.69998 -0.09865 -0.99512 0.00000 6.90519 -0.00000 -0.00000 -1.00000 0.00000
1637695691171380 0.98996 -0.14138 -0.00000 -88.37384 -0.14138 -0.98996 0.00000 10.64270 -0.00000 -0.00000 -1.00000 0.00000
1637695691420356 0.98044 -0.19680 0.00000 -89.61134 -0.19680 -0.98044 0.00000 15.61055 -0.00000 -0.00000 -1.00000 0.00000
1637695691669125 0.96731 -0.25360 0.00000 -90.51302 -0.25360 -0.96731 0.00000 20.78431 -0.00000 -0.00000 -1.00000 0.00000
1637695691917658 0.95112 -0.30883 0.00000 -91.09486 -0.30883 -0.95112 0.00000 25.91298 -0.00000 -0.00000 -1.00000 0.00000
1637695692166650 0.93308 -0.35967 0.00000 -91.54491 -0.35967 -0.93308 0.00000 30.80668 -0.00000 -0.00000 -1.00000 0.00000
1637695692415764 0.91208 -0.41002 0.00000 -91.67230 -0.41002 -0.91208 0.00000 35.76450 -0.00000 -0.00000 -1.00000 0.00000
1637695692664800 0.88787 -0.46010 0.00000 -91.41195 -0.46010 -0.88787 0.00000 40.86081 -0.00000 -0.00000 -1.00000 0.00000
1637695692913789 0.85828 -0.51319 0.00000 -90.73651 -0.51319 -0.85828 0.00000 46.33831 -0.00000 -0.00000 -1.00000 0.00000
1637695693162867 0.82067 -0.57141 0.00000 -89.28937 -0.57141 -0.82067 0.00000 52.58449 -0.00000 -0.00000 -1.00000 0.00000
1637695693412044 0.77339 -0.63393 0.00000 -86.74801 -0.63393 -0.77339 0.00000 59.38519 -0.00000 -0.00000 -1.00000 0.00000
1637695693660914 0.71923 -0.69477 0.00000 -83.42949 -0.69477 -0.71923 0.00000 66.27981 -0.00000 -0.00000 -1.00000 0.00000
1637695693909944 0.65979 -0.75145 -0.00000 -79.59793 -0.75145 -0.65979 0.00000 72.89378 -0.00000 -0.00000 -1.00000 0.00000
1637695694158962 0.60016 -0.79988 -0.00000 -75.55557 -0.79988 -0.60016 0.00000 78.82689 -0.00000 -0.00000 -1.00000 0.00000
1637695694408030 0.54884 -0.83593 0.00000 -72.19004 -0.83593 -0.54884 0.00000 83.40973 -0.00000 -0.00000 -1.00000 0.00000
1637695694656816 0.49753 -0.86745 0.00000 -68.83661 -0.86745 -0.49753 0.00000 87.55682 -0.00000 -0.00000 -1.00000 0.00000
1637695694905596 0.45924 -0.88831 0.00000 -66.79101 -0.88831 -0.45924 0.00000 90.41833 -0.00000 -0.00000 -1.00000 0.00000
1637695695154396 0.43277 -0.90150 0.00000 -65.97696 -0.90150 -0.43277 0.00000 92.28622 -0.00000 -0.00000 -1.00000 0.00000
1637695695403417 0.41891 -0.90803 0.00000 -66.48291 -0.90803 -0.41891 0.00000 93.23621 -0.00000 -0.00000 -1.00000 0.00000
1637695695652335 0.41214 -0.91112 0.00000 -67.75058 -0.91112 -0.41214 0.00000 93.79003 -0.00000 -0.00000 -1.00000 0.00000
1637695695901029 0.40654 -0.91363 0.00000 -69.14649 -0.91363 -0.40654 0.00000 94.15781 -0.00000 -0.00000 -1.00000 0.00000
1637695696149765 0.40566 -0.91402 -0.00000 -71.08712 -0.91402 -0.40566 0.00000 94.30161 -0.00000 -0.00000 -1.00000 0.00000
1637695696398859 0.40978 -0.91218 0.00000 -73.52861 -0.91218 -0.40978 0.00000 93.97088 -0.00000 -0.00000 -1.00000 0.00000
1637695696647917 0.41190 -0.91123 0.00000 -75.71448 -0.91123 -0.41190 0.00000 93.77939 -0.00000 -0.00000 -1.00000 0.00000
1637695696896717 0.41960 -0.90771 0.00000 -78.59624 -0.90771 -0.41960 0.00000 93.09771 -0.00000 -0.00000 -1.00000 0.00000
1637695697145932 0.42813 -0.90372 -0.00000 -81.47436 -0.90372 -0.42813 0.00000 92.30579 -0.00000 -0.00000 -1.00000 0.00000
1637695697394273 0.43685 -0.89953 0.00000 -84.35902 -0.89953 -0.43685 0.00000 91.51704 -0.00000 -0.00000 -1.00000 0.00000
1637695697643270 0.44637 -0.89485 0.00000 -87.23937 -0.89485 -0.44637 0.00000 90.53455 -0.00000 -0.00000 -1.00000 0.00000
1637695697892163 0.45715 -0.88939 0.00000 -90.24539 -0.88939 -0.45715 0.00000 89.45536 -0.00000 -0.00000 -1.00000 0.00000
1637695698141218 0.47177 -0.88172 -0.00000 -93.66835 -0.88172 -0.47177 0.00000 87.90304 -0.00000 -0.00000 -1.00000 0.00000
1637695698390047 0.48897 -0.87230 0.00000 -97.25612 -0.87230 -0.48897 0.00000 85.96760 -0.00000 -0.00000 -1.00000 0.00000
1637695698638850 0.50677 -0.86208 -0.00000 -100.87108 -0.86208 -0.50677 0.00000 83.88407 -0.00000 -0.00000 -1.00000 0.00000
1637695698887496 0.53052 -0.84767 0.00000 -105.12489 -0.84767 -0.53052 0.00000 81.04884 -0.00000 -0.00000 -1.00000 0.00000
1637695699137048 0.55802 -0.82983 0.00000 -109.53626 -0.82983 -0.55802 0.00000 77.49089 -0.00000 -0.00000 -1.00000 0.00000
1637695699385926 0.58710 -0.80951 0.00000 -114.08999 -0.80951 -0.58710 0.00000 73.48378 -0.00000 -0.00000 -1.00000 0.00000
1637695699634655 0.61694 -0.78701 0.00000 -118.64607 -0.78701 -0.61694 0.00000 69.17091 -0.00000 -0.00000 -1.00000 0.00000
1637695699883538 0.64281 -0.76603 0.00000 -122.76549 -0.76603 -0.64281 0.00000 65.12106 -0.00000 -0.00000 -1.00000 0.00000
1637695700132410 0.66869 -0.74354 0.00000 -126.71834 -0.74354 -0.66869 0.00000 60.83187 -0.00000 -0.00000 -1.00000 0.00000
1637695700381356 0.68934 -0.72444 0.00000 -130.39274 -0.72444 -0.68934 0.00000 57.26546 -0.00000 -0.00000 -1.00000 0.00000
1637695700630728 0.70557 -0.70864 0.00000 -133.53926 -0.70864 -0.70557 0.00000 54.23911 -0.00000 -0.00000 -1.00000 0.00000
1637695700879501 0.71198 -0.70220 -0.00000 -135.88451 -0.70220 -0.71198 0.00000 53.06954 -0.00000 -0.00000 -1.00000 0.00000
1637695701129043 0.70628 -0.70793 -0.00000 -137.35677 -0.70793 -0.70628 0.00000 54.10312 -0.00000 -0.00000 -1.00000 0.00000
1637695701378106 0.69192 -0.72198 0.00000 -137.89341 -0.72198 -0.69192 0.00000 56.82874 -0.00000 -0.00000 -1.00000 0.00000
1637695701627048 0.67428 -0.73848 0.00000 -138.09002 -0.73848 -0.67428 0.00000 60.13571 -0.00000 -0.00000 -1.00000 0.00000
1637695701875839 0.66072 -0.75063 0.00000 -138.49316 -0.75063 -0.66072 0.00000 62.67254 -0.00000 -0.00000 -1.00000 0.00000
1637695702124728 0.65782 -0.75317 0.00000 -139.70204 -0.75317 -0.65782 0.00000 63.27334 -0.00000 -0.00000 -1.00000 0.00000
1637695702373373 0.67482 -0.73798 0.00000 -142.50035 -0.73798 -0.67482 0.00000 59.95437 -0.00000 -0.00000 -1.00000 0.00000
1637695702621789 0.71402 -0.70013 0.00000 -146.83622 -0.70013 -0.71402 0.00000 52.12709 -0.00000 -0.00000 -1.00000 0.00000
1637695702870557 0.76846 -0.63989 0.00000 -151.86289 -0.63989 -0.76846 0.00000 39.99716 -0.00000 -0.00000 -1.00000 0.00000
1637695703119702 0.82941 -0.55864 0.00000 -156.31840 -0.55864 -0.82941 0.00000 24.34212 -0.00000 -0.00000 -1.00000 0.00000
1637695703368491 0.89006 -0.45584 -0.00000 -159.19303 -0.45584 -0.89006 0.00000 5.52816 -0.00000 -0.00000 -1.00000 0.00000
1637695703617180 0.94405 -0.32980 0.00000 -159.56684 -0.32980 -0.94405 0.00000 -16.33767 -0.00000 -0.00000 -1.00000 -0.00000
1637695703866179 0.98399 -0.17824 0.00000 -156.10420 -0.17824 -0.98399 0.00000 -41.07455 -0.00000 -0.00000 -1.00000 -0.00000
1637695704114780 0.99998 -0.00573 0.00000 -147.73388 -0.00573 -0.99998 0.00000 -67.46532 -0.00000 -0.00000 -1.00000 -0.00000
1637695704363693 0.98424 0.17685 0.00000 -133.96696 0.17685 -0.98424 0.00000 -93.23355 0.00000 -0.00000 -1.00000 -0.00000
1637695704612746 0.93200 0.36247 0.00000 -114.53509 0.36247 -0.93200 0.00000 -117.16536 0.00000 -0.00000 -1.00000 -0.00000
1637695704861390 0.84054 0.54176 0.00000 -89.73878 0.54176 -0.84054 0.00000 -137.71604 0.00000 -0.00000 -1.00000 -0.00000
1637695705110290 0.71434 0.69980 0.00000 -61.04871 0.69980 -0.71434 0.00000 -152.91931 0.00000 -0.00000 -1.00000 -0.00000
1637695705359515 0.55738 0.83026 -0.00000 -29.69532 0.83026 -0.55738 0.00000 -162.08709 0.00000 -0.00000 -1.00000 -0.00000
1637695705607969 0.37894 0.92542 -0.00000 2.67549 0.92542 -0.37894 0.00000 -164.68812 0.00000 -0.00000 -1.00000 -0.00000
1637695705856981 0.18535 0.98267 0.00000 34.75167 0.98267 -0.18535 0.00000 -160.74269 0.00000 -0.00000 -1.00000 -0.00000
1637695706106034 -0.02320 0.99973 0.00000 66.58660 0.99973 0.02320 0.00000 -150.05452 0.00000 0.00000 -1.00000 -0.00000
1637695706354907 -0.23427 0.97217 0.00000 95.87546 0.97217 0.23427 0.00000 -132.48812 0.00000 0.00000 -1.00000 -0.00000
1637695706603748 -0.44407 0.89599 -0.00000 121.81425 0.89599 0.44407 0.00000 -107.86162 0.00000 0.00000 -1.00000 -0.00000
1637695706852822 -0.62537 0.78033 0.00000 140.98001 0.78033 0.62537 0.00000 -79.32044 0.00000 0.00000 -1.00000 -0.00000
1637695707102013 -0.77034 0.63763 0.00000 152.84696 0.63763 0.77034 0.00000 -49.15221 0.00000 0.00000 -1.00000 -0.00000
1637695707351042 -0.86798 0.49660 0.00000 157.79567 0.49660 0.86798 0.00000 -22.30613 0.00000 0.00000 -1.00000 -0.00000
1637695707600080 -0.92717 0.37464 0.00000 157.99170 0.37464 0.92717 0.00000 -0.75969 0.00000 0.00000 -1.00000 -0.00000
1637695707849323 -0.95677 0.29086 0.00000 156.00941 0.29086 0.95677 0.00000 13.26528 0.00000 0.00000 -1.00000 0.00000
1637695708098046 -0.96857 0.24876 -0.00000 153.74578 0.24876 0.96857 0.00000 20.07645 0.00000 0.00000 -1.00000 0.00000
1637695708347541 -0.96886 0.24763 0.00000 152.09956 0.24763 0.96886 0.00000 20.26526 0.00000 0.00000 -1.00000 0.00000
1637695708596395 -0.95702 0.29002 0.00000 151.35824 0.29002 0.95702 0.00000 13.57440 0.00000 0.00000 -1.00000 0.00000
1637695708845390 -0.93779 0.34721 0.00000 150.48301 0.34721 0.93779 0.00000 4.49350 0.00000 0.00000 -1.00000 0.00000
1637695709094109 -0.91408 0.40554 0.00000 148.88681 0.40554 0.91408 0.00000 -4.95094 0.00000 0.00000 -1.00000 -0.00000
1637695709343097 -0.88798 0.45989 0.00000 146.73116 0.45989 0.88798 0.00000 -13.89175 0.00000 0.00000 -1.00000 -0.00000
1637695709591865 -0.85976 0.51069 -0.00000 144.04299 0.51069 0.85976 0.00000 -22.43940 0.00000 0.00000 -1.00000 -0.00000
1637695709840778 -0.82874 0.55964 0.00000 140.74276 0.55964 0.82874 0.00000 -30.77575 0.00000 0.00000 -1.00000 -0.00000
1637695710089814 -0.79596 0.60535 0.00000 137.00304 0.60535 0.79596 0.00000 -38.65387 0.00000 0.00000 -1.00000 -0.00000
1637695710338649 -0.76432 0.64483 0.00000 133.07398 0.64483 0.76432 0.00000 -45.55005 0.00000 0.00000 -1.00000 -0.00000
1637695710587748 -0.73022 0.68321 0.00000 128.64552 0.68321 0.73022 0.00000 -52.31506 0.00000 0.00000 -1.00000 -0.00000
1637695710836575 -0.69369 0.72027 -0.00000 123.80068 0.72027 0.69369 0.00000 -58.93924 0.00000 0.00000 -1.00000 -0.00000
1637695711085622 -0.65616 0.75462 0.00000 118.61140 0.75462 0.65616 0.00000 -65.16266 0.00000 0.00000 -1.00000 -0.00000
1637695711334590 -0.61398 0.78932 0.00000 112.86638 0.78932 0.61398 0.00000 -71.54829 0.00000 0.00000 -1.00000 -0.00000
1637695711583542 -0.57164 0.82050 -0.00000 106.88806 0.82050 0.57164 0.00000 -77.39826 0.00000 0.00000 -1.00000 -0.00000
1637695711832467 -0.52970 0.84819 -0.00000 100.88082 0.84819 0.52970 0.00000 -82.61613 0.00000 0.00000 -1.00000 -0.00000
1637695712081151 -0.48776 0.87298 0.00000 94.74349 0.87298 0.48776 0.00000 -87.46578 0.00000 0.00000 -1.00000 -0.00000
1637695712330334 -0.45331 0.89135 0.00000 89.16055 0.89135 0.45331 0.00000 -91.04474 0.00000 0.00000 -1.00000 -0.00000
1637695712578906 -0.42441 0.90547 0.00000 84.24637 0.90547 0.42441 0.00000 -93.91036 0.00000 0.00000 -1.00000 -0.00000
1637695712827822 -0.40238 0.91547 -0.00000 79.94867 0.91547 0.40238 0.00000 -95.93519 0.00000 0.00000 -1.00000 -0.00000
1637695713076105 -0.38871 0.92136 0.00000 76.46725 0.92136 0.38871 0.00000 -97.15614 0.00000 0.00000 -1.00000 -0.00000
1637695713324980 -0.37449 0.92723 0.00000 72.99045 0.92723 0.37449 0.00000 -98.32632 0.00000 0.00000 -1.00000 -0.00000
1637695713573785 -0.36678 0.93031 0.00000 70.16568 0.93031 0.36678 0.00000 -98.96405 0.00000 0.00000 -1.00000 -0.00000
1637695713823226 -0.35997 0.93297 0.00000 67.45596 0.93297 0.35997 0.00000 -99.57994 0.00000 0.00000 -1.00000 -0.00000
1637695714071979 -0.36426 0.93130 -0.00000 65.90387 0.93130 0.36426 0.00000 -99.16035 0.00000 0.00000 -1.00000 -0.00000
1637695714320724 -0.37126 0.92853 0.00000 64.68099 0.92853 0.37126 0.00000 -98.76207 0.00000 0.00000 -1.00000 -0.00000
1637695714569820 -0.38896 0.92126 0.00000 64.53549 0.92126 0.38896 0.00000 -97.49000 0.00000 0.00000 -1.00000 -0.00000
1637695714818758 -0.41744 0.90871 0.00000 65.55228 0.90871 0.41744 0.00000 -95.59128 0.00000 0.00000 -1.00000 -0.00000
1637695715067543 -0.45217 0.89193 0.00000 67.15027 0.89193 0.45217 0.00000 -93.02128 0.00000 0.00000 -1.00000 -0.00000
1637695715316545 -0.49201 0.87059 0.00000 69.32013 0.87059 0.49201 0.00000 -90.03415 0.00000 0.00000 -1.00000 -0.00000
1637695715565385 -0.54122 0.84088 0.00000 72.33487 0.84088 0.54122 0.00000 -85.96675 0.00000 0.00000 -1.00000 -0.00000
1637695715814198 -0.58781 0.80900 -0.00000 75.17646 0.80900 0.58781 0.00000 -81.75803 0.00000 0.00000 -1.00000 -0.00000
1637695716062711 -0.63896 0.76924 0.00000 78.42525 0.76924 0.63896 0.00000 -76.75621 0.00000 0.00000 -1.00000 -0.00000
1637695716311660 -0.69512 0.71889 0.00000 81.96240 0.71889 0.69512 0.00000 -70.69124 0.00000 0.00000 -1.00000 -0.00000
1637695716560739 -0.74931 0.66222 0.00000 85.19589 0.66222 0.74931 0.00000 -64.13534 0.00000 0.00000 -1.00000 -0.00000
1637695716809803 -0.79669 0.60439 0.00000 87.77445 0.60439 0.79669 0.00000 -57.68878 0.00000 0.00000 -1.00000 -0.00000
1637695717058674 -0.84022 0.54225 0.00000 89.96239 0.54225 0.84022 0.00000 -50.84733 0.00000 0.00000 -1.00000 -0.00000
1637695717307713 -0.87656 0.48129 0.00000 91.22719 0.48129 0.87656 0.00000 -44.37633 0.00000 0.00000 -1.00000 -0.00000
1637695717556109 -0.90935 0.41603 0.00000 92.18734 0.41603 0.90935 0.00000 -37.62388 0.00000 0.00000 -1.00000 -0.00000
1637695717804997 -0.93483 0.35509 0.00000 92.42782 0.35509 0.93483 0.00000 -31.59887 0.00000 0.00000 -1.00000 -0.00000
1637695718053921 -0.95606 0.29317 0.00000 92.22089 0.29317 0.95606 0.00000 -25.51131 0.00000 0.00000 -1.00000 -0.00000
1637695718302721 -0.97277 0.23175 0.00000 91.62714 0.23175 0.97277 0.00000 -19.58897 0.00000 0.00000 -1.00000 -0.00000
1637695718551527 -0.98488 0.17324 0.00000 90.53196 0.17324 0.98488 0.00000 -14.07917 0.00000 0.00000 -1.00000 -0.00000
1637695718800478 -0.99291 0.11889 -0.00000 89.10073 0.11889 0.99291 0.00000 -9.17839 0.00000 0.00000 -1.00000 -0.00000
1637695719049603 -0.99714 0.07557 0.00000 87.32849 0.07557 0.99714 0.00000 -5.30472 0.00000 0.00000 -1.00000 -0.00000
1637695719298969 -0.99953 0.03079 -0.00000 85.40287 0.03079 0.99953 0.00000 -1.40871 0.00000 0.00000 -1.00000 -0.00000
1637695719547740 -1.00000 0.00204 0.00000 83.21538 0.00204 1.00000 0.00000 1.03743 0.00000 0.00000 -1.00000 0.00000
1637695719796607 -0.99977 -0.02121 0.00000 81.04177 -0.02121 0.99977 0.00000 2.94418 -0.00000 0.00000 -1.00000 0.00000
1637695720045722 -0.99939 -0.03495 0.00000 78.85337 -0.03495 0.99939 0.00000 4.12171 -0.00000 0.00000 -1.00000 0.00000
1637695720294874 -0.99921 -0.03984 0.00000 76.71410 -0.03984 0.99921 0.00000 4.52407 -0.00000 0.00000 -1.00000 0.00000
1637695720543479 -0.99894 -0.04595 0.00000 74.44970 -0.04595 0.99894 0.00000 4.98162 -0.00000 0.00000 -1.00000 0.00000
1637695720792603 -0.99895 -0.04580 -0.00000 72.23918 -0.04580 0.99895 0.00000 4.92050 -0.00000 0.00000 -1.00000 0.00000
1637695721041218 -0.99895 -0.04584 0.00000 70.05307 -0.04584 0.99895 0.00000 4.88658 -0.00000 0.00000 -1.00000 0.00000
1637695721290497 -0.99912 -0.04197 0.00000 67.90407 -0.04197 0.99912 0.00000 4.61856 -0.00000 0.00000 -1.00000 0.00000
1637695721539364 -0.99903 -0.04405 0.00000 65.75996 -0.04405 0.99903 0.00000 4.72350 -0.00000 0.00000 -1.00000 0.00000
1637695721788388 -0.99910 -0.04240 0.00000 63.59083 -0.04240 0.99910 0.00000 4.60809 -0.00000 0.00000 -1.00000 0.00000
1637695722037070 -0.99919 -0.04029 0.00000 61.45995 -0.04029 0.99919 0.00000 4.43858 -0.00000 0.00000 -1.00000 0.00000
1637695722286473 -0.99924 -0.03897 -0.00000 59.30712 -0.03897 0.99924 0.00000 4.30617 -0.00000 0.00000 -1.00000 0.00000
1637695722535254 -0.99928 -0.03785 0.00000 57.16577 -0.03785 0.99928 0.00000 4.17515 -0.00000 0.00000 -1.00000 0.00000
1637695722784183 -0.99918 -0.04044 0.00000 55.08383 -0.04044 0.99918 0.00000 4.29419 -0.00000 0.00000 -1.00000 0.00000
1637695723032820 -0.99909 -0.04271 0.00000 52.98441 -0.04271 0.99909 0.00000 4.44391 -0.00000 0.00000 -1.00000 0.00000
1637695723281824 -0.99905 -0.04356 0.00000 50.88199 -0.04356 0.99905 0.00000 4.37854 -0.00000 0.00000 -1.00000 0.00000
1637695723531085 -0.99889 -0.04708 0.00000 48.81871 -0.04708 0.99889 0.00000 4.59875 -0.00000 0.00000 -1.00000 0.00000
1637695723779469 -0.99882 -0.04856 -0.00000 46.77718 -0.04856 0.99882 0.00000 4.61739 -0.00000 0.00000 -1.00000 0.00000
1637695724028647 -0.99866 -0.05184 -0.00000 44.74620 -0.05184 0.99866 0.00000 4.73159 -0.00000 0.00000 -1.00000 0.00000
1637695724278034 -0.99908 -0.04278 -0.00000 42.74324 -0.04278 0.99908 0.00000 4.38546 -0.00000 0.00000 -1.00000 0.00000
1637695724526696 -0.99954 -0.03045 0.00000 40.81591 -0.03045 0.99954 0.00000 3.76612 -0.00000 0.00000 -1.00000 0.00000
1637695724775973 -0.99990 -0.01390 0.00000 38.91553 -0.01390 0.99990 0.00000 3.17902 -0.00000 0.00000 -1.00000 0.00000
1637695725024744 -1.00000 -0.00305 0.00000 36.95211 -0.00305 1.00000 0.00000 2.67458 -0.00000 0.00000 -1.00000 0.00000
1637695725273684 -0.99997 0.00752 0.00000 34.96748 0.00752 0.99997 0.00000 2.25388 0.00000 0.00000 -1.00000 0.00000
1637695725522624 -0.99980 0.01983 0.00000 33.07741 0.01983 0.99980 0.00000 1.76586 0.00000 0.00000 -1.00000 0.00000
1637695725771609 -0.99964 0.02693 -0.00000 31.09049 0.02693 0.99964 0.00000 1.56772 0.00000 0.00000 -1.00000 0.00000
1637695726020704 -0.99940 0.03468 -0.00000 29.17837 0.03468 0.99940 0.00000 1.21680 0.00000 0.00000 -1.00000 0.00000
1637695726269479 -0.99908 0.04294 0.00000 27.20187 0.04294 0.99908 0.00000 0.97732 0.00000 0.00000 -1.00000 0.00000
1637695726518692 -0.99898 0.04512 0.00000 25.26861 0.04512 0.99898 0.00000 0.89476 0.00000 0.00000 -1.00000 0.00000
1637695726767282 -0.99885 0.04793 -0.00000 23.34279 0.04793 0.99885 0.00000 0.82482 0.00000 0.00000 -1.00000 0.00000
1637695727015971 -0.99881 0.04869 0.00000 21.37491 0.04869 0.99881 0.00000 0.80351 0.00000 0.00000 -1.00000 0.00000
1637695727265216 -0.99876 0.04974 0.00000 19.42712 0.04974 0.99876 0.00000 0.73492 0.00000 0.00000 -1.00000 0.00000
1637695727514045 -0.99868 0.05127 0.00000 17.49256 0.05127 0.99868 0.00000 0.73668 0.00000 0.00000 -1.00000 0.00000
1637695727763183 -0.99863 0.05226 0.00000 15.62153 0.05226 0.99863 0.00000 0.70358 0.00000 0.00000 -1.00000 0.00000
1637695728012550 -0.99832 0.05789 -0.00000 13.64804 0.05789 0.99832 0.00000 0.62539 0.00000 0.00000 -1.00000 0.00000
1637695728261286 -0.99814 0.06096 0.00000 11.70754 0.06096 0.99814 0.00000 0.57572 0.00000 0.00000 -1.00000 0.00000
1637695728510719 -0.99787 0.06520 0.00000 9.82216 0.06520 0.99787 0.00000 0.52364 0.00000 0.00000 -1.00000 0.00000
1637695728759418 -0.99758 0.06950 0.00000 7.90775 0.06950 0.99758 0.00000 0.44931 0.00000 0.00000 -1.00000 0.00000
1637695729008814 -0.99752 0.07043 0.00000 5.98109 0.07043 0.99752 0.00000 0.44818 0.00000 0.00000 -1.00000 0.00000
1637695729257611 -0.99736 0.07258 0.00000 4.08465 0.07258 0.99736 0.00000 0.37133 0.00000 0.00000 -1.00000 0.00000
1637695729506593 -0.99727 0.07388 0.00000 2.16293 0.07388 0.99727 0.00000 0.31365 0.00000 0.00000 -1.00000 0.00000
1637695729755194 -0.99747 0.07111 0.00000 0.26916 0.07111 0.99747 0.00000 0.32459 0.00000 0.00000 -1.00000 0.00000
1637695730004216 -0.99777 0.06675 0.00000 -1.65575 0.06675 0.99777 0.00000 0.24970 0.00000 0.00000 -1.00000 0.00000
1637695730253129 -0.99812 0.06129 0.00000 -3.52296 0.06129 0.99812 0.00000 0.27350 0.00000 0.00000 -1.00000 0.00000
1637695730502300 -0.99831 0.05817 0.00000 -5.41873 0.05817 0.99831 0.00000 0.25342 0.00000 0.00000 -1.00000 0.00000
1637695730751656 -0.99878 0.04944 0.00000 -7.37128 0.04944 0.99878 0.00000 0.11579 0.00000 0.00000 -1.00000 0.00000
1637695731000452 -0.99896 0.04570 0.00000 -9.22794 0.04570 0.99896 0.00000 0.14707 0.00000 0.00000 -1.00000 0.00000
1637695731249974 -0.99917 0.04066 0.00000 -11.15741 0.04066 0.99917 0.00000 -0.03269 0.00000 0.00000 -1.00000 -0.00000
1637695731498621 -0.99927 0.03817 0.00000 -13.08447 0.03817 0.99927 0.00000 -0.03126 0.00000 0.00000 -1.00000 -0.00000
1637695731747539 -0.99920 0.04001 -0.00000 -14.89595 0.04001 0.99920 0.00000 -0.00663 0.00000 0.00000 -1.00000 -0.00000
1637695731996370 -0.99946 0.03290 0.00000 -16.83289 0.03290 0.99946 0.00000 -0.11603 0.00000 0.00000 -1.00000 -0.00000
1637695732245328 -0.99965 0.02629 0.00000 -18.70210 0.02629 0.99965 0.00000 -0.38265 0.00000 0.00000 -1.00000 -0.00000
1637695732494035 -0.99983 0.01858 -0.00000 -20.63616 0.01858 0.99983 0.00000 -0.48761 0.00000 0.00000 -1.00000 -0.00000
1637695732743144 -0.99994 0.01100 -0.00000 -22.46300 0.01100 0.99994 0.00000 -0.70951 0.00000 0.00000 -1.00000 -0.00000
1637695732992062 -0.99999 0.00481 -0.00000 -24.43163 0.00481 0.99999 0.00000 -0.84249 0.00000 0.00000 -1.00000 -0.00000
1637695733241080 -1.00000 -0.00289 -0.00000 -26.24458 -0.00289 1.00000 0.00000 -1.09132 -0.00000 0.00000 -1.00000 -0.00000
1637695733489917 -0.99999 -0.00366 -0.00000 -28.30005 -0.00366 0.99999 0.00000 -1.04139 -0.00000 0.00000 -1.00000 -0.00000
1637695733739033 -0.99999 -0.00499 0.00000 -30.23258 -0.00499 0.99999 0.00000 -1.11079 -0.00000 0.00000 -1.00000 -0.00000
1637695733988008 -1.00000 -0.00316 0.00000 -32.31781 -0.00316 1.00000 0.00000 -1.02160 -0.00000 0.00000 -1.00000 -0.00000
1637695734236741 -0.99998 -0.00563 0.00000 -34.38409 -0.00563 0.99998 0.00000 -1.10397 -0.00000 0.00000 -1.00000 -0.00000
1637695734485507 -0.99999 -0.00358 0.00000 -36.50028 -0.00358 0.99999 0.00000 -1.07129 -0.00000 0.00000 -1.00000 -0.00000
1637695734734445 -0.99998 -0.00596 0.00000 -38.62660 -0.00596 0.99998 0.00000 -1.19399 -0.00000 0.00000 -1.00000 -0.00000
1637695734983448 -0.99998 -0.00638 -0.00000 -40.81710 -0.00638 0.99998 0.00000 -1.19748 -0.00000 0.00000 -1.00000 -0.00000
1637695735232350 -0.99995 -0.00964 0.00000 -42.91207 -0.00964 0.99995 0.00000 -1.32032 -0.00000 0.00000 -1.00000 -0.00000
1637695735480839 -0.99985 -0.01721 0.00000 -45.02932 -0.01721 0.99985 0.00000 -1.71929 -0.00000 0.00000 -1.00000 -0.00000
1637695735730086 -0.99974 -0.02261 0.00000 -47.12966 -0.02261 0.99974 0.00000 -1.95544 -0.00000 0.00000 -1.00000 -0.00000
1637695735978699 -0.99964 -0.02692 0.00000 -49.20501 -0.02692 0.99964 0.00000 -2.17890 -0.00000 0.00000 -1.00000 -0.00000
1637695736227456 -0.99943 -0.03373 0.00000 -51.22397 -0.03373 0.99943 0.00000 -2.58278 -0.00000 0.00000 -1.00000 -0.00000
1637695736476470 -0.99928 -0.03793 -0.00000 -53.28768 -0.03793 0.99928 0.00000 -2.76167 -0.00000 0.00000 -1.00000 -0.00000
1637695736725229 -0.99918 -0.04051 -0.00000 -55.23277 -0.04051 0.99918 0.00000 -2.85222 -0.00000 0.00000 -1.00000 -0.00000
1637695736974569 -0.99935 -0.03593 -0.00000 -57.11843 -0.03593 0.99935 0.00000 -2.64735 -0.00000 0.00000 -1.00000 -0.00000
1637695737223846 -0.99966 -0.02616 -0.00000 -58.90712 -0.02616 0.99966 0.00000 -2.08716 -0.00000 0.00000 -1.00000 -0.00000
1637695737472863 -0.99999 -0.00319 0.00000 -60.55494 -0.00319 0.99999 0.00000 -0.73206 -0.00000 0.00000 -1.00000 -0.00000
1637695737721725 -0.99949 0.03181 0.00000 -62.11030 0.03181 0.99949 0.00000 1.40546 0.00000 0.00000 -1.00000 0.00000
1637695737970602 -0.99651 0.08344 0.00000 -63.43372 0.08344 0.99651 0.00000 4.57067 0.00000 0.00000 -1.00000 0.00000
1637695738219686 -0.98928 0.14606 0.00000 -64.32705 0.14606 0.98928 0.00000 8.59233 0.00000 0.00000 -1.00000 0.00000
1637695738468934 -0.97375 0.22761 0.00000 -64.60804 0.22761 0.97375 0.00000 13.83081 0.00000 0.00000 -1.00000 0.00000
1637695738717818 -0.94626 0.32340 0.00000 -64.03214 0.32340 0.94626 0.00000 20.20700 0.00000 0.00000 -1.00000 0.00000
1637695738966651 -0.90331 0.42898 0.00000 -62.37883 0.42898 0.90331 0.00000 27.28139 0.00000 0.00000 -1.00000 0.00000
1637695739215536 -0.84121 0.54071 0.00000 -59.37845 0.54071 0.84121 0.00000 35.00205 0.00000 0.00000 -1.00000 0.00000
1637695739464518 -0.75783 0.65246 0.00000 -54.99582 0.65246 0.75783 0.00000 42.92451 0.00000 0.00000 -1.00000 0.00000
1637695739713418 -0.66145 0.74999 0.00000 -49.61022 0.74999 0.66145 0.00000 49.95764 0.00000 0.00000 -1.00000 0.00000
1637695739962125 -0.55872 0.82936 0.00000 -43.72038 0.82936 0.55872 0.00000 55.95655 0.00000 0.00000 -1.00000 0.00000
1637695740211313 -0.45846 0.88871 0.00000 -37.94471 0.88871 0.45846 0.00000 60.62495 0.00000 0.00000 -1.00000 0.00000
1637695740460072 -0.35995 0.93297 0.00000 -32.28884 0.93297 0.35995 0.00000 64.38184 0.00000 0.00000 -1.00000 0.00000
1637695740708820 -0.27187 0.96233 0.00000 -27.27265 0.96233 0.27187 0.00000 67.07645 0.00000 0.00000 -1.00000 0.00000
1637695740957737 -0.20571 0.97861 0.00000 -23.80365 0.97861 0.20571 0.00000 68.76387 0.00000 0.00000 -1.00000 0.00000
1637695741206413 -0.16224 0.98675 0.00000 -22.06239 0.98675 0.16224 0.00000 69.77830 0.00000 0.00000 -1.00000 0.00000
1637695741455391 -0.13698 0.99057 0.00000 -21.57759 0.99057 0.13698 0.00000 70.21743 0.00000 0.00000 -1.00000 0.00000
1637695741704401 -0.11483 0.99339 0.00000 -21.57585 0.99339 0.11483 0.00000 70.74967 0.00000 0.00000 -1.00000 0.00000
1637695741953519 -0.09799 0.99519 0.00000 -21.90193 0.99519 0.09799 0.00000 71.00150 0.00000 0.00000 -1.00000 0.00000
1637695742202218 -0.08002 0.99679 0.00000 -22.23070 0.99679 0.08002 0.00000 71.29521 0.00000 0.00000 -1.00000 0.00000
1637695742451240 -0.06388 0.99796 0.00000 -22.79008 0.99796 0.06388 0.00000 71.73540 0.00000 0.00000 -1.00000 0.00000
1637695742699989 -0.05428 0.99853 0.00000 -23.82370 0.99853 0.05428 0.00000 71.83163 0.00000 0.00000 -1.00000 0.00000
1637695742948824 -0.04419 0.99902 0.00000 -24.85030 0.99902 0.04419 0.00000 72.02196 0.00000 0.00000 -1.00000 0.00000
1637695743197673 -0.03267 0.99947 0.00000 -25.75501 0.99947 0.03267 0.00000 72.24296 0.00000 0.00000 -1.00000 0.00000
1637695743446381 -0.02624 0.99966 0.00000 -27.10398 0.99966 0.02624 0.00000 72.43349 0.00000 0.00000 -1.00000 0.00000
1637695743695318 -0.01609 0.99987 0.00000 -28.21979 0.99987 0.01609 0.00000 72.66700 0.00000 0.00000 -1.00000 0.00000
1637695743944358 -0.00377 0.99999 0.00000 -29.22606 0.99999 0.00377 0.00000 72.89835 0.00000 0.00000 -1.00000 0.00000
1637695744193416 0.01167 0.99993 0.00000 -29.97873 0.99993 -0.01167 0.00000 73.32690 0.00000 -0.00000 -1.00000 0.00000
1637695744442125 0.03509 0.99938 0.00000 -30.13438 0.99938 -0.03509 0.00000 73.99702 0.00000 -0.00000 -1.00000 0.00000
1637695744691241 0.05763 0.99834 0.00000 -30.33380 0.99834 -0.05763 0.00000 74.62084 0.00000 -0.00000 -1.00000 0.00000
1637695744939685 0.07937 0.99684 -0.00000 -30.65030 0.99684 -0.07937 0.00000 75.19308 0.00000 -0.00000 -1.00000 0.00000
1637695745188791 0.09509 0.99547 0.00000 -31.31425 0.99547 -0.09509 0.00000 75.65053 0.00000 -0.00000 -1.00000 0.00000
1637695745437545 0.09446 0.99553 0.00000 -33.24651 0.99553 -0.09446 0.00000 75.53458 0.00000 -0.00000 -1.00000 0.00000
1637695745685765 0.08771 0.99615 0.00000 -35.64730 0.99615 -0.08771 0.00000 75.30164 0.00000 -0.00000 -1.00000 0.00000
1637695745935075 0.07390 0.99727 0.00000 -38.68646 0.99727 -0.07390 0.00000 74.71537 0.00000 -0.00000 -1.00000 0.00000
1637695746184159 0.05831 0.99830 0.00000 -41.76049 0.99830 -0.05831 0.00000 74.11691 0.00000 -0.00000 -1.00000 0.00000
1637695746433481 0.04215 0.99911 -0.00000 -44.97854 0.99911 -0.04215 0.00000 73.44978 0.00000 -0.00000 -1.00000 0.00000
1637695746682279 0.03036 0.99954 0.00000 -47.83008 0.99954 -0.03036 0.00000 72.84063 0.00000 -0.00000 -1.00000 0.00000
1637695746931055 0.01579 0.99988 0.00000 -51.05090 0.99988 -0.01579 0.00000 72.07243 0.00000 -0.00000 -1.00000 0.00000
1637695747180089 0.01101 0.99994 -0.00000 -53.47389 0.99994 -0.01101 0.00000 71.81434 0.00000 -0.00000 -1.00000 0.00000
1637695747429092 0.00010 1.00000 0.00000 -56.37657 1.00000 -0.00010 0.00000 71.23431 0.00000 -0.00000 -1.00000 0.00000
1637695747677977 -0.00180 1.00000 -0.00000 -58.68189 1.00000 0.00180 0.00000 71.05286 0.00000 0.00000 -1.00000 0.00000
1637695747926964 -0.00910 0.99996 0.00000 -61.24249 0.99996 0.00910 0.00000 70.66463 0.00000 0.00000 -1.00000 0.00000
1637695748176263 -0.01359 0.99991 0.00000 -63.69239 0.99991 0.01359 0.00000 70.32892 0.00000 0.00000 -1.00000 0.00000
1637695748425142 -0.01949 0.99981 -0.00000 -66.11667 0.99981 0.01949 0.00000 69.96981 0.00000 0.00000 -1.00000 0.00000
1637695748673902 -0.02487 0.99969 0.00000 -68.54044 0.99969 0.02487 0.00000 69.60514 0.00000 0.00000 -1.00000 0.00000
1637695748922945 -0.03271 0.99946 -0.00000 -71.09184 0.99946 0.03271 0.00000 68.98568 0.00000 0.00000 -1.00000 0.00000
1637695749171921 -0.03913 0.99923 -0.00000 -73.52380 0.99923 0.03913 0.00000 68.51317 0.00000 0.00000 -1.00000 0.00000
1637695749420893 -0.04678 0.99891 0.00000 -76.02884 0.99891 0.04678 0.00000 67.99328 0.00000 0.00000 -1.00000 0.00000
1637695749669498 -0.05296 0.99860 0.00000 -78.24463 0.99860 0.05296 0.00000 67.39615 0.00000 0.00000 -1.00000 0.00000
1637695749918611 -0.06799 0.99769 0.00000 -81.09409 0.99769 0.06799 0.00000 66.21639 0.00000 0.00000 -1.00000 0.00000
1637695750167593 -0.08759 0.99616 0.00000 -84.13473 0.99616 0.08759 0.00000 64.52294 0.00000 0.00000 -1.00000 0.00000
1637695750416368 -0.12500 0.99216 0.00000 -88.21327 0.99216 0.12500 0.00000 61.33082 0.00000 0.00000 -1.00000 0.00000
1637695750665268 -0.17536 0.98450 -0.00000 -92.89797 0.98450 0.17536 0.00000 56.69514 0.00000 0.00000 -1.00000 0.00000
1637695750913600 -0.23881 0.97107 0.00000 -97.99896 0.97107 0.23881 0.00000 50.49748 0.00000 0.00000 -1.00000 0.00000
1637695751162240 -0.31264 0.94987 -0.00000 -103.19984 0.94987 0.31264 0.00000 42.79779 0.00000 0.00000 -1.00000 0.00000
1637695751411220 -0.38984 0.92088 0.00000 -107.96961 0.92088 0.38984 0.00000 34.09745 0.00000 0.00000 -1.00000 0.00000
1637695751660053 -0.47126 0.88199 0.00000 -112.13753 0.88199 0.47126 0.00000 24.15494 0.00000 0.00000 -1.00000 0.00000
1637695751909271 -0.55307 0.83313 0.00000 -115.45929 0.83313 0.55307 0.00000 13.33030 0.00000 0.00000 -1.00000 0.00000
1637695752158425 -0.63278 0.77433 -0.00000 -117.72484 0.77433 0.63278 0.00000 1.78032 0.00000 0.00000 -1.00000 0.00000
1637695752407192 -0.70620 0.70802 -0.00000 -118.88118 0.70802 0.70620 0.00000 -9.87386 0.00000 0.00000 -1.00000 -0.00000
1637695752656104 -0.77781 0.62850 0.00000 -118.64138 0.62850 0.77781 0.00000 -22.59311 0.00000 0.00000 -1.00000 -0.00000
1637695752905107 -0.83663 0.54777 0.00000 -117.36299 0.54777 0.83663 0.00000 -34.35118 0.00000 0.00000 -1.00000 -0.00000
1637695753154381 -0.88972 0.45650 0.00000 -114.61740 0.45650 0.88972 0.00000 -46.54895 0.00000 0.00000 -1.00000 -0.00000
1637695753403534 -0.92825 0.37195 0.00000 -111.41781 0.37195 0.92825 0.00000 -56.99814 0.00000 0.00000 -1.00000 -0.00000
1637695753652796 -0.95409 0.29951 -0.00000 -108.31206 0.29951 0.95409 0.00000 -65.44764 0.00000 0.00000 -1.00000 -0.00000
1637695753901386 -0.97403 0.22640 0.00000 -104.59182 0.22640 0.97403 0.00000 -73.50031 0.00000 0.00000 -1.00000 -0.00000
1637695754150662 -0.98314 0.18283 0.00000 -102.94003 0.18283 0.98314 0.00000 -78.12225 0.00000 0.00000 -1.00000 -0.00000
1637695754399806 -0.98692 0.16124 0.00000 -102.88150 0.16124 0.98692 0.00000 -80.34654 0.00000 0.00000 -1.00000 -0.00000
