1616517833875339 0.97687 0.21385 0.00000 2.99409 0.21385 -0.97687 0.00000 0.58686 0.00000 0.00000 -1.00000 0.00000
1616517834124712 0.97687 0.21384 0.00000 2.99409 0.21384 -0.97687 0.00000 0.58683 0.00000 0.00000 -1.00000 0.00000
1616517834374722 0.97686 0.21387 0.00000 2.99409 0.21387 -0.97686 0.00000 0.58691 0.00000 0.00000 -1.00000 0.00000
1616517834624098 0.97687 0.21385 0.00000 2.99412 0.21385 -0.97687 0.00000 0.58686 0.00000 0.00000 -1.00000 0.00000
1616517834873477 0.97686 0.21387 0.00000 2.99412 0.21387 -0.97686 0.00000 0.58693 0.00000 0.00000 -1.00000 0.00000
1616517835123480 0.97687 0.21385 0.00000 2.99411 0.21385 -0.97687 0.00000 0.58686 0.00000 0.00000 -1.00000 0.00000
1616517835372858 0.97687 0.21383 0.00000 2.99410 0.21383 -0.97687 0.00000 0.58677 0.00000 0.00000 -1.00000 0.00000
1616517835622865 0.97687 0.21385 0.00000 2.99409 0.21385 -0.97687 0.00000 0.58683 0.00000 0.00000 -1.00000 0.00000
1616517835872869 0.97687 0.21385 0.00000 2.99410 0.21385 -0.97687 0.00000 0.58684 0.00000 0.00000 -1.00000 0.00000
1616517836123501 0.97686 0.21386 0.00000 2.99412 0.21386 -0.97686 0.00000 0.58687 0.00000 0.00000 -1.00000 0.00000
1616517836374130 0.97686 0.21387 0.00000 2.99411 0.21387 -0.97686 0.00000 0.58696 0.00000 0.00000 -1.00000 0.00000
1616517836624133 0.97686 0.21386 0.00000 2.99408 0.21386 -0.97686 0.00000 0.58688 0.00000 0.00000 -1.00000 0.00000
1616517836874771 0.97686 0.21387 0.00000 2.99405 0.21387 -0.97686 0.00000 0.58694 0.00000 0.00000 -1.00000 0.00000
1616517837124761 0.97686 0.21387 0.00000 2.99401 0.21387 -0.97686 0.00000 0.58695 0.00000 0.00000 -1.00000 0.00000
1616517837374145 0.97687 0.21385 0.00000 2.99401 0.21385 -0.97687 0.00000 0.58691 0.00000 0.00000 -1.00000 0.00000
1616517837623527 0.97686 0.21387 0.00000 2.99406 0.21387 -0.97686 0.00000 0.58693 0.00000 0.00000 -1.00000 0.00000
1616517837873528 0.97687 0.21383 0.00000 2.99421 0.21383 -0.97687 0.00000 0.58681 0.00000 0.00000 -1.00000 0.00000
1616517838123536 0.97687 0.21382 0.00000 2.99434 0.21382 -0.97687 0.00000 0.58671 0.00000 0.00000 -1.00000 0.00000
1616517838372908 0.97688 0.21378 0.00000 2.99429 0.21378 -0.97688 0.00000 0.58664 0.00000 0.00000 -1.00000 0.00000
1616517838623542 0.97687 0.21385 0.00000 2.99429 0.21385 -0.97687 0.00000 0.58676 0.00000 0.00000 -1.00000 0.00000
1616517838873541 0.97687 0.21384 0.00000 2.99424 0.21384 -0.97687 0.00000 0.58678 0.00000 0.00000 -1.00000 0.00000
1616517839124174 0.97687 0.21386 0.00000 2.99425 0.21386 -0.97687 0.00000 0.58679 0.00000 0.00000 -1.00000 0.00000
1616517839374804 0.97687 0.21382 0.00000 2.99426 0.21382 -0.97687 0.00000 0.58678 0.00000 0.00000 -1.00000 0.00000
1616517839624809 0.97687 0.21382 0.00000 2.99427 0.21382 -0.97687 0.00000 0.58671 0.00000 0.00000 -1.00000 0.00000
1616517839874185 0.97687 0.21382 0.00000 2.99427 0.21382 -0.97687 0.00000 0.58678 0.00000 0.00000 -1.00000 0.00000
1616517840124191 0.97687 0.21382 0.00000 2.99426 0.21382 -0.97687 0.00000 0.58673 0.00000 0.00000 -1.00000 0.00000
1616517840373565 0.97687 0.21382 0.00000 2.99426 0.21382 -0.97687 0.00000 0.58674 0.00000 0.00000 -1.00000 0.00000
1616517840623570 0.97687 0.21383 0.00000 2.99418 0.21383 -0.97687 0.00000 0.58681 0.00000 0.00000 -1.00000 0.00000
1616517840872946 0.97687 0.21382 0.00000 2.99414 0.21382 -0.97687 0.00000 0.58675 0.00000 0.00000 -1.00000 0.00000
1616517841122951 0.97687 0.21382 0.00000 2.99412 0.21382 -0.97687 0.00000 0.58681 0.00000 0.00000 -1.00000 0.00000
1616517841372958 0.97687 0.21385 0.00000 2.99411 0.21385 -0.97687 0.00000 0.58686 0.00000 0.00000 -1.00000 0.00000
1616517841623594 0.97687 0.21384 0.00000 2.99411 0.21384 -0.97687 0.00000 0.58687 0.00000 0.00000 -1.00000 0.00000
1616517841874218 0.97687 0.21383 0.00000 2.99414 0.21383 -0.97687 0.00000 0.58681 0.00000 0.00000 -1.00000 0.00000
1616517842124846 0.97687 0.21384 0.00000 2.99413 0.21384 -0.97687 0.00000 0.58685 0.00000 0.00000 -1.00000 0.00000
1616517842375477 0.97686 0.21386 0.00000 2.99407 0.21386 -0.97686 0.00000 0.58694 0.00000 0.00000 -1.00000 0.00000
1616517842625483 0.97687 0.21384 0.00000 2.99407 0.21384 -0.97687 0.00000 0.58686 0.00000 0.00000 -1.00000 0.00000
1616517842874864 0.97687 0.21384 0.00000 2.99409 0.21384 -0.97687 0.00000 0.58687 0.00000 0.00000 -1.00000 0.00000
1616517843124238 0.97686 0.21389 0.00000 2.99410 0.21389 -0.97686 0.00000 0.58700 0.00000 0.00000 -1.00000 0.00000
1616517843374241 0.97686 0.21389 0.00000 2.99409 0.21389 -0.97686 0.00000 0.58702 0.00000 0.00000 -1.00000 0.00000
1616517843623620 0.97686 0.21388 0.00000 2.99407 0.21388 -0.97686 0.00000 0.58699 0.00000 0.00000 -1.00000 0.00000
1616517843873624 0.97686 0.21390 0.00000 2.99404 0.21390 -0.97686 0.00000 0.58705 0.00000 0.00000 -1.00000 0.00000
1616517844123002 0.97686 0.21388 0.00000 2.99408 0.21388 -0.97686 0.00000 0.58699 0.00000 0.00000 -1.00000 0.00000
1616517844373003 0.97686 0.21388 0.00000 2.99410 0.21388 -0.97686 0.00000 0.58700 0.00000 0.00000 -1.00000 0.00000
1616517844623011 0.97686 0.21388 0.00000 2.99411 0.21388 -0.97686 0.00000 0.58700 0.00000 0.00000 -1.00000 0.00000
1616517844873641 0.97686 0.21387 0.00000 2.99409 0.21387 -0.97686 0.00000 0.58698 0.00000 0.00000 -1.00000 0.00000
1616517845124274 0.97686 0.21386 0.00000 2.99407 0.21386 -0.97686 0.00000 0.58692 0.00000 0.00000 -1.00000 0.00000
1616517845375526 0.97686 0.21387 0.00000 2.99408 0.21387 -0.97686 0.00000 0.58696 0.00000 0.00000 -1.00000 0.00000
1616517845625528 0.97686 0.21386 0.00000 2.99409 0.21386 -0.97686 0.00000 0.58692 0.00000 0.00000 -1.00000 0.00000
1616517845875530 0.97686 0.21387 0.00000 2.99409 0.21387 -0.97686 0.00000 0.58694 0.00000 0.00000 -1.00000 0.00000
1616517846125536 0.97687 0.21385 0.00000 2.99411 0.21385 -0.97687 0.00000 0.58690 0.00000 0.00000 -1.00000 0.00000
1616517846374917 0.97687 0.21383 0.00000 2.99396 0.21383 -0.97687 0.00000 0.58694 0.00000 0.00000 -1.00000 0.00000
1616517846624917 0.97682 0.21406 0.00000 2.99175 0.21406 -0.97682 0.00000 0.58788 0.00000 0.00000 -1.00000 0.00000
1616517846874294 0.97685 0.21395 0.00000 2.98392 0.21395 -0.97685 0.00000 0.58786 0.00000 0.00000 -1.00000 0.00000
1616517847123675 0.97709 0.21285 0.00000 2.94762 0.21285 -0.97709 0.00000 0.58465 0.00000 0.00000 -1.00000 0.00000
1616517847373688 0.97793 0.20892 0.00000 2.85841 0.20892 -0.97793 0.00000 0.57084 0.00000 0.00000 -1.00000 0.00000
1616517847623069 0.97988 0.19958 0.00000 2.71429 0.19958 -0.97988 0.00000 0.53812 0.00000 0.00000 -1.00000 0.00000
1616517847873066 0.98288 0.18426 0.00000 2.51114 0.18426 -0.98288 0.00000 0.48746 0.00000 0.00000 -1.00000 0.00000
1616517848123071 0.98692 0.16120 0.00000 2.24012 0.16120 -0.98692 0.00000 0.41714 0.00000 0.00000 -1.00000 0.00000
1616517848373698 0.99136 0.13115 0.00000 1.88128 0.13115 -0.99136 0.00000 0.33489 0.00000 0.00000 -1.00000 0.00000
1616517848624327 0.99521 0.09776 0.00000 1.42318 0.09776 -0.99521 0.00000 0.25124 0.00000 0.00000 -1.00000 0.00000
1616517848874955 0.99766 0.06844 0.00000 0.86463 0.06844 -0.99766 0.00000 0.18654 0.00000 0.00000 -1.00000 0.00000
1616517849125585 0.99896 0.04549 0.00000 0.21458 0.04549 -0.99896 0.00000 0.15391 0.00000 0.00000 -1.00000 0.00000
1616517849375588 0.99960 0.02841 0.00000 -0.52175 0.02841 -0.99960 0.00000 0.13199 0.00000 0.00000 -1.00000 0.00000
1616517849624974 0.99982 0.01885 0.00000 -1.33340 0.01885 -0.99982 0.00000 0.12589 0.00000 0.00000 -1.00000 0.00000
1616517849874972 0.99986 0.01662 0.00000 -2.21631 0.01662 -0.99986 0.00000 0.11317 0.00000 0.00000 -1.00000 0.00000
1616517850124351 0.99979 0.02065 0.00000 -3.16724 0.02065 -0.99979 0.00000 0.10282 0.00000 0.00000 -1.00000 0.00000
1616517850374358 0.99967 0.02555 0.00000 -4.18848 0.02555 -0.99967 0.00000 0.07218 0.00000 0.00000 -1.00000 0.00000
1616517850624356 0.99949 0.03188 0.00000 -5.25289 0.03188 -0.99949 0.00000 0.03361 0.00000 0.00000 -1.00000 0.00000
1616517850873733 0.99921 0.03971 0.00000 -6.35806 0.03971 -0.99921 0.00000 -0.01861 0.00000 0.00000 -1.00000 0.00000
1616517851123739 0.99885 0.04786 0.00000 -7.52454 0.04786 -0.99885 0.00000 -0.09733 0.00000 0.00000 -1.00000 0.00000
1616517851373747 0.99839 0.05673 0.00000 -8.73097 0.05673 -0.99839 0.00000 -0.17780 0.00000 0.00000 -1.00000 0.00000
1616517851623747 0.99779 0.06648 0.00000 -9.97517 0.06648 -0.99779 0.00000 -0.28982 0.00000 0.00000 -1.00000 0.00000
1616517851873750 0.99698 0.07766 0.00000 -11.29477 0.07766 -0.99698 0.00000 -0.43145 0.00000 0.00000 -1.00000 0.00000
1616517852124381 0.99588 0.09066 0.00000 -12.69969 0.09066 -0.99588 0.00000 -0.59302 0.00000 0.00000 -1.00000 0.00000
1616517852375014 0.99445 0.10520 0.00000 -14.10703 0.10520 -0.99445 0.00000 -0.80815 0.00000 0.00000 -1.00000 0.00000
1616517852625022 0.99290 0.11894 0.00000 -15.56916 0.11894 -0.99290 0.00000 -1.01798 0.00000 0.00000 -1.00000 0.00000
1616517852874397 0.99122 0.13224 0.00000 -17.11014 0.13224 -0.99122 0.00000 -1.24395 0.00000 0.00000 -1.00000 0.00000
1616517853123774 0.98949 0.14462 0.00000 -18.64645 0.14462 -0.98949 0.00000 -1.49580 0.00000 0.00000 -1.00000 0.00000
1616517853373784 0.98757 0.15716 0.00000 -20.22779 0.15716 -0.98757 0.00000 -1.76116 0.00000 0.00000 -1.00000 0.00000
1616517853623157 0.98518 0.17149 0.00000 -21.80867 0.17149 -0.98518 0.00000 -2.10588 0.00000 0.00000 -1.00000 0.00000
1616517853873158 0.98228 0.18742 0.00000 -23.38526 0.18742 -0.98228 0.00000 -2.50091 0.00000 0.00000 -1.00000 0.00000
1616517854123164 0.97939 0.20197 0.00000 -24.96604 0.20197 -0.97939 0.00000 -2.89752 0.00000 0.00000 -1.00000 0.00000
1616517854373796 0.97595 0.21800 0.00000 -26.57279 0.21800 -0.97595 0.00000 -3.33665 0.00000 0.00000 -1.00000 0.00000
1616517854625052 0.97258 0.23256 0.00000 -28.22673 0.23256 -0.97258 0.00000 -3.79199 0.00000 0.00000 -1.00000 0.00000
1616517854875683 0.97014 0.24253 0.00000 -29.94100 0.24253 -0.97014 0.00000 -4.11645 0.00000 0.00000 -1.00000 0.00000
1616517855125057 0.96835 0.24961 0.00000 -31.71936 0.24961 -0.96835 0.00000 -4.36832 0.00000 0.00000 -1.00000 0.00000
1616517855375062 0.96684 0.25538 0.00000 -33.49742 0.25538 -0.96684 0.00000 -4.59450 0.00000 0.00000 -1.00000 0.00000
1616517855624443 0.96531 0.26109 0.00000 -35.36928 0.26109 -0.96531 0.00000 -4.81447 0.00000 0.00000 -1.00000 0.00000
1616517855874444 0.96456 0.26387 0.00000 -37.28098 0.26387 -0.96456 0.00000 -4.96640 0.00000 0.00000 -1.00000 0.00000
1616517856123823 0.96437 0.26456 0.00000 -39.18355 0.26456 -0.96437 0.00000 -5.00740 0.00000 0.00000 -1.00000 0.00000
1616517856373827 0.96505 0.26208 0.00000 -41.19652 0.26208 -0.96505 0.00000 -4.94511 0.00000 0.00000 -1.00000 0.00000
1616517856623200 0.96573 0.25954 0.00000 -43.20258 0.25954 -0.96573 0.00000 -4.87920 0.00000 0.00000 -1.00000 0.00000
1616517856872586 0.96623 0.25768 0.00000 -45.22929 0.25768 -0.96623 0.00000 -4.84301 0.00000 0.00000 -1.00000 0.00000
1616517857123217 0.96598 0.25860 0.00000 -47.28605 0.25860 -0.96598 0.00000 -4.92848 0.00000 0.00000 -1.00000 0.00000
1616517857373219 0.96546 0.26053 0.00000 -49.33497 0.26053 -0.96546 0.00000 -5.05709 0.00000 0.00000 -1.00000 0.00000
1616517857624480 0.96513 0.26175 0.00000 -51.42713 0.26175 -0.96513 0.00000 -5.18842 0.00000 0.00000 -1.00000 0.00000
1616517857875103 0.96407 0.26564 0.00000 -53.45700 0.26564 -0.96407 0.00000 -5.44194 0.00000 0.00000 -1.00000 0.00000
1616517858125730 0.96358 0.26740 0.00000 -55.51600 0.26740 -0.96358 0.00000 -5.59197 0.00000 0.00000 -1.00000 0.00000
1616517858375742 0.96274 0.27041 0.00000 -57.57366 0.27041 -0.96274 0.00000 -5.82093 0.00000 0.00000 -1.00000 0.00000
1616517858625113 0.96213 0.27259 0.00000 -59.59490 0.27259 -0.96213 0.00000 -6.00827 0.00000 0.00000 -1.00000 0.00000
1616517858875118 0.96192 0.27333 0.00000 -61.62777 0.27333 -0.96192 0.00000 -6.09648 0.00000 0.00000 -1.00000 0.00000
1616517859124495 0.96160 0.27446 0.00000 -63.62934 0.27446 -0.96160 0.00000 -6.20171 0.00000 0.00000 -1.00000 0.00000
1616517859374502 0.96194 0.27326 0.00000 -65.65005 0.27326 -0.96194 0.00000 -6.14859 0.00000 0.00000 -1.00000 0.00000
1616517859623878 0.96289 0.26991 0.00000 -67.66147 0.26991 -0.96289 0.00000 -5.95390 0.00000 0.00000 -1.00000 0.00000
1616517859873260 0.96427 0.26494 0.00000 -69.68781 0.26494 -0.96427 0.00000 -5.64783 0.00000 0.00000 -1.00000 0.00000
1616517860122637 0.96606 0.25834 0.00000 -71.71140 0.25834 -0.96606 0.00000 -5.20177 0.00000 0.00000 -1.00000 0.00000
1616517860373269 0.96884 0.24769 0.00000 -73.75025 0.24769 -0.96884 0.00000 -4.44585 0.00000 0.00000 -1.00000 0.00000
1616517860624243 0.97271 0.23204 0.00000 -75.79979 0.23204 -0.97271 0.00000 -3.28696 0.00000 0.00000 -1.00000 0.00000
1616517860875196 0.97728 0.21197 0.00000 -77.82238 0.21197 -0.97728 0.00000 -1.73073 0.00000 0.00000 -1.00000 0.00000
1616517861126399 0.98302 0.18349 0.00000 -79.80091 0.18349 -0.98302 0.00000 0.50928 0.00000 0.00000 -1.00000 0.00000
1616517861376406 0.98835 0.15217 0.00000 -81.71859 0.15217 -0.98835 0.00000 3.03474 0.00000 0.00000 -1.00000 0.00000
1616517861625783 0.99381 0.11105 0.00000 -83.46794 0.11105 -0.99381 0.00000 6.40431 0.00000 0.00000 -1.00000 0.00000
1616517861875165 0.99772 0.06748 0.00000 -85.03327 0.06748 -0.99772 0.00000 10.04912 0.00000 0.00000 -1.00000 0.00000
1616517862125166 0.99990 0.01428 0.00000 -86.33543 0.01428 -0.99990 0.00000 14.56501 0.00000 0.00000 -1.00000 0.00000
1616517862374545 0.99897 -0.04547 0.00000 -87.25611 -0.04547 -0.99897 0.00000 19.69814 0.00000 -0.00000 -1.00000 0.00000
1616517862623927 0.99447 -0.10506 0.00000 -87.85904 -0.10506 -0.99447 0.00000 24.86536 0.00000 -0.00000 -1.00000 0.00000
1616517862873308 0.98677 -0.16211 0.00000 -88.18798 -0.16211 -0.98677 0.00000 29.87306 0.00000 -0.00000 -1.00000 0.00000
1616517863123320 0.97593 -0.21807 0.00000 -88.27627 -0.21807 -0.97593 0.00000 34.84930 0.00000 -0.00000 -1.00000 0.00000
1616517863373316 0.96169 -0.27413 0.00000 -88.01932 -0.27413 -0.96169 0.00000 39.89690 0.00000 -0.00000 -1.00000 0.00000
1616517863623316 0.94384 -0.33039 0.00000 -87.42849 -0.33039 -0.94384 0.00000 45.01154 0.00000 -0.00000 -1.00000 0.00000
1616517863874572 0.92137 -0.38869 0.00000 -86.35155 -0.38869 -0.92137 0.00000 50.40059 0.00000 -0.00000 -1.00000 0.00000
1616517864125202 0.89471 -0.44665 0.00000 -84.87531 -0.44665 -0.89471 0.00000 55.80388 0.00000 -0.00000 -1.00000 0.00000
1616517864375207 0.86334 -0.50463 0.00000 -82.87277 -0.50463 -0.86334 0.00000 61.28079 0.00000 -0.00000 -1.00000 0.00000
1616517864624593 0.82755 -0.56139 0.00000 -80.41853 -0.56139 -0.82755 0.00000 66.69047 0.00000 -0.00000 -1.00000 0.00000
1616517864874586 0.78831 -0.61528 0.00000 -77.64827 -0.61528 -0.78831 0.00000 71.89005 0.00000 -0.00000 -1.00000 0.00000
1616517865123966 0.74705 -0.66476 0.00000 -74.69334 -0.66476 -0.74705 0.00000 76.75858 0.00000 -0.00000 -1.00000 0.00000
1616517865373975 0.70283 -0.71135 0.00000 -71.44075 -0.71135 -0.70283 0.00000 81.38400 0.00000 -0.00000 -1.00000 0.00000
1616517865623363 0.65848 -0.75259 0.00000 -68.26223 -0.75259 -0.65848 0.00000 85.54851 0.00000 -0.00000 -1.00000 0.00000
1616517865872733 0.61773 -0.78639 0.00000 -65.52296 -0.78639 -0.61773 0.00000 89.01305 0.00000 -0.00000 -1.00000 0.00000
1616517866122733 0.58558 -0.81061 0.00000 -63.79630 -0.81061 -0.58558 0.00000 91.54683 0.00000 -0.00000 -1.00000 0.00000
1616517866372736 0.56463 -0.82534 0.00000 -63.36206 -0.82534 -0.56463 0.00000 93.13615 0.00000 -0.00000 -1.00000 0.00000
1616517866623369 0.55557 -0.83147 0.00000 -64.29966 -0.83147 -0.55557 0.00000 93.81303 0.00000 -0.00000 -1.00000 0.00000
1616517866874623 0.55175 -0.83401 0.00000 -65.86690 -0.83401 -0.55175 0.00000 94.10318 0.00000 -0.00000 -1.00000 0.00000
1616517867124625 0.55322 -0.83304 0.00000 -68.04022 -0.83304 -0.55322 0.00000 93.96219 0.00000 -0.00000 -1.00000 0.00000
1616517867375256 0.55983 -0.82861 0.00000 -70.81007 -0.82861 -0.55983 0.00000 93.37446 0.00000 -0.00000 -1.00000 0.00000
1616517867624628 0.56872 -0.82253 0.00000 -73.82512 -0.82253 -0.56872 0.00000 92.55747 0.00000 -0.00000 -1.00000 0.00000
1616517867874643 0.58036 -0.81436 0.00000 -77.14964 -0.81436 -0.58036 0.00000 91.44612 0.00000 -0.00000 -1.00000 0.00000
1616517868124020 0.59463 -0.80400 0.00000 -80.76138 -0.80400 -0.59463 0.00000 90.02391 0.00000 -0.00000 -1.00000 0.00000
1616517868373397 0.61100 -0.79163 0.00000 -84.60036 -0.79163 -0.61100 0.00000 88.30662 0.00000 -0.00000 -1.00000 0.00000
1616517868623403 0.62796 -0.77825 0.00000 -88.46466 -0.77825 -0.62796 0.00000 86.39941 0.00000 -0.00000 -1.00000 0.00000
1616517868873409 0.64656 -0.76286 0.00000 -92.51537 -0.76286 -0.64656 0.00000 84.17176 0.00000 -0.00000 -1.00000 0.00000
1616517869123409 0.66666 -0.74536 0.00000 -96.68875 -0.74536 -0.66666 0.00000 81.61332 0.00000 -0.00000 -1.00000 0.00000
1616517869374042 0.68796 -0.72575 0.00000 -100.95048 -0.72575 -0.68796 0.00000 78.71876 0.00000 -0.00000 -1.00000 0.00000
1616517869624669 0.70937 -0.70483 0.00000 -105.21445 -0.70483 -0.70937 0.00000 75.60579 0.00000 -0.00000 -1.00000 0.00000
1616517869875297 0.72901 -0.68451 0.00000 -109.27474 -0.68451 -0.72901 0.00000 72.54835 0.00000 -0.00000 -1.00000 0.00000
1616517870125299 0.74774 -0.66400 0.00000 -113.17107 -0.66400 -0.74774 0.00000 69.43463 0.00000 -0.00000 -1.00000 0.00000
1616517870374680 0.76483 -0.64423 0.00000 -116.88836 -0.64423 -0.76483 0.00000 66.39952 0.00000 -0.00000 -1.00000 0.00000
1616517870624685 0.78058 -0.62506 0.00000 -120.44095 -0.62506 -0.78058 0.00000 63.41476 0.00000 -0.00000 -1.00000 0.00000
1616517870874056 0.79587 -0.60546 0.00000 -123.86577 -0.60546 -0.79587 0.00000 60.36012 0.00000 -0.00000 -1.00000 0.00000
1616517871123439 0.80892 -0.58792 0.00000 -127.08548 -0.58792 -0.80892 0.00000 57.58220 0.00000 -0.00000 -1.00000 0.00000
1616517871373441 0.82042 -0.57176 0.00000 -130.08221 -0.57176 -0.82042 0.00000 55.00372 0.00000 -0.00000 -1.00000 0.00000
1616517871623449 0.83003 -0.55772 0.00000 -132.86375 -0.55772 -0.83003 0.00000 52.72906 0.00000 -0.00000 -1.00000 0.00000
1616517871873455 0.83774 -0.54607 0.00000 -135.45670 -0.54607 -0.83774 0.00000 50.83210 0.00000 -0.00000 -1.00000 0.00000
1616517872124703 0.84307 -0.53780 0.00000 -137.78934 -0.53780 -0.84307 0.00000 49.44421 0.00000 -0.00000 -1.00000 0.00000
1616517872375333 0.84813 -0.52979 0.00000 -140.08399 -0.52979 -0.84813 0.00000 48.10629 0.00000 -0.00000 -1.00000 0.00000
1616517872625963 0.85323 -0.52153 0.00000 -142.36791 -0.52153 -0.85323 0.00000 46.71261 0.00000 -0.00000 -1.00000 0.00000
1616517872875340 0.85733 -0.51477 0.00000 -144.51721 -0.51477 -0.85733 0.00000 45.56549 0.00000 -0.00000 -1.00000 0.00000
1616517873125343 0.86165 -0.50750 0.00000 -146.66055 -0.50750 -0.86165 0.00000 44.31424 0.00000 -0.00000 -1.00000 0.00000
1616517873375349 0.86616 -0.49976 0.00000 -148.79755 -0.49976 -0.86616 0.00000 42.95379 0.00000 -0.00000 -1.00000 0.00000
1616517873624736 0.87141 -0.49055 0.00000 -150.93947 -0.49055 -0.87141 0.00000 41.34849 0.00000 -0.00000 -1.00000 0.00000
1616517873874732 0.87971 -0.47552 0.00000 -153.28624 -0.47552 -0.87971 0.00000 38.70198 0.00000 -0.00000 -1.00000 0.00000
1616517874124109 0.89537 -0.44531 0.00000 -156.12500 -0.44531 -0.89537 0.00000 33.41603 0.00000 -0.00000 -1.00000 0.00000
1616517874373488 0.91661 -0.39978 0.00000 -159.14890 -0.39978 -0.91661 0.00000 25.47733 0.00000 -0.00000 -1.00000 0.00000
1616517874623497 0.93948 -0.34260 0.00000 -161.90454 -0.34260 -0.93948 0.00000 15.57615 0.00000 -0.00000 -1.00000 0.00000
1616517874873498 0.96240 -0.27165 0.00000 -164.01793 -0.27165 -0.96240 0.00000 3.42241 0.00000 -0.00000 -1.00000 0.00000
1616517875124129 0.98286 -0.18433 0.00000 -164.99451 -0.18433 -0.98286 0.00000 -11.32653 0.00000 -0.00000 -1.00000 0.00000
1616517875374759 0.99652 -0.08332 0.00000 -164.24149 -0.08332 -0.99652 0.00000 -28.09950 0.00000 -0.00000 -1.00000 0.00000
1616517875624762 0.99944 0.03339 0.00000 -161.02932 0.03339 -0.99944 0.00000 -47.07563 0.00000 0.00000 -1.00000 0.00000
1616517875874769 0.98681 0.16186 0.00000 -154.73985 0.16186 -0.98681 0.00000 -67.46948 0.00000 0.00000 -1.00000 0.00000
1616517876124772 0.95212 0.30573 0.00000 -144.17262 0.30573 -0.95212 0.00000 -89.58776 0.00000 0.00000 -1.00000 0.00000
1616517876374150 0.89099 0.45402 0.00000 -129.05983 0.45402 -0.89099 0.00000 -111.49980 0.00000 0.00000 -1.00000 0.00000
1616517876624155 0.80322 0.59568 0.00000 -109.80073 0.59568 -0.80322 0.00000 -131.39733 0.00000 0.00000 -1.00000 0.00000
1616517876873574 0.68943 0.72436 0.00000 -86.70814 0.72436 -0.68943 0.00000 -148.26762 0.00000 0.00000 -1.00000 0.00000
1616517877123529 0.55308 0.83313 0.00000 -60.62493 0.83313 -0.55308 0.00000 -161.08427 0.00000 0.00000 -1.00000 0.00000
1616517877374174 0.39711 0.91777 0.00000 -32.18051 0.91777 -0.39711 0.00000 -169.26138 0.00000 0.00000 -1.00000 0.00000
1616517877624800 0.22577 0.97418 0.00000 -2.22235 0.97418 -0.22577 0.00000 -172.30762 0.00000 0.00000 -1.00000 0.00000
1616517877876050 0.04722 0.99888 0.00000 27.77361 0.99888 -0.04722 0.00000 -169.90717 0.00000 0.00000 -1.00000 0.00000
1616517878126677 -0.13149 0.99132 0.00000 56.64081 0.99132 0.13149 0.00000 -162.24671 0.00000 0.00000 -1.00000 0.00000
1616517878376682 -0.30472 0.95244 0.00000 83.49456 0.95244 0.30472 0.00000 -149.67303 0.00000 0.00000 -1.00000 0.00000
1616517878626686 -0.46835 0.88354 0.00000 107.70279 0.88354 0.46835 0.00000 -132.54827 0.00000 0.00000 -1.00000 0.00000
1616517878876060 -0.61409 0.78924 0.00000 128.04764 0.78924 0.61409 0.00000 -111.92431 0.00000 0.00000 -1.00000 0.00000
1616517879126064 -0.73773 0.67509 0.00000 144.01569 0.67509 0.73773 0.00000 -88.87611 0.00000 0.00000 -1.00000 0.00000
1616517879375447 -0.83520 0.54995 0.00000 155.22689 0.54995 0.83520 0.00000 -64.99166 0.00000 0.00000 -1.00000 0.00000
1616517879624826 -0.90473 0.42599 0.00000 161.80245 0.42599 0.90473 0.00000 -42.32928 0.00000 0.00000 -1.00000 0.00000
1616517879874835 -0.94878 0.31594 0.00000 164.55098 0.31594 0.94878 0.00000 -22.90176 0.00000 0.00000 -1.00000 0.00000
1616517880124208 -0.97447 0.22452 0.00000 164.82839 0.22452 0.97447 0.00000 -7.21880 0.00000 0.00000 -1.00000 0.00000
1616517880374212 -0.98788 0.15522 0.00000 163.72373 0.15522 0.98788 0.00000 4.40780 0.00000 0.00000 -1.00000 0.00000
1616517880623598 -0.99439 0.10578 0.00000 162.04503 0.10578 0.99439 0.00000 12.53175 0.00000 0.00000 -1.00000 0.00000
1616517880873603 -0.99686 0.07921 0.00000 160.34408 0.07921 0.99686 0.00000 16.82061 0.00000 0.00000 -1.00000 0.00000
1616517881124226 -0.99770 0.06780 0.00000 158.77691 0.06780 0.99770 0.00000 18.64892 0.00000 0.00000 -1.00000 0.00000
1616517881374854 -0.99751 0.07054 0.00000 157.40077 0.07054 0.99751 0.00000 18.17897 0.00000 0.00000 -1.00000 0.00000
1616517881625495 -0.99649 0.08366 0.00000 156.11641 0.08366 0.99649 0.00000 16.10246 0.00000 0.00000 -1.00000 0.00000
1616517881875489 -0.99487 0.10115 0.00000 154.83961 0.10115 0.99487 0.00000 13.31504 0.00000 0.00000 -1.00000 0.00000
1616517882126120 -0.99233 0.12364 0.00000 153.51318 0.12364 0.99233 0.00000 9.77526 0.00000 0.00000 -1.00000 0.00000
1616517882375494 -0.98845 0.15155 0.00000 152.07130 0.15155 0.98845 0.00000 5.42956 0.00000 0.00000 -1.00000 0.00000
1616517882624872 -0.98366 0.18003 0.00000 150.48450 0.18003 0.98366 0.00000 1.02623 0.00000 0.00000 -1.00000 0.00000
1616517882874877 -0.97662 0.21496 0.00000 148.73822 0.21496 0.97662 0.00000 -4.33521 0.00000 0.00000 -1.00000 0.00000
1616517883124881 -0.96765 0.25229 0.00000 146.70270 0.25229 0.96765 0.00000 -10.06821 0.00000 0.00000 -1.00000 0.00000
1616517883374260 -0.95727 0.28918 0.00000 144.43365 0.28918 0.95727 0.00000 -15.72042 0.00000 0.00000 -1.00000 0.00000
1616517883624264 -0.94454 0.32839 0.00000 141.86214 0.32839 0.94454 0.00000 -21.68393 0.00000 0.00000 -1.00000 0.00000
1616517883873648 -0.92778 0.37313 0.00000 138.82325 0.37313 0.92778 0.00000 -28.45750 0.00000 0.00000 -1.00000 0.00000
1616517884123648 -0.90792 0.41915 0.00000 135.32988 0.41915 0.90792 0.00000 -35.39747 0.00000 0.00000 -1.00000 0.00000
1616517884373651 -0.88615 0.46339 0.00000 131.50316 0.46339 0.88615 0.00000 -42.03360 0.00000 0.00000 -1.00000 0.00000
1616517884624279 -0.86378 0.50387 0.00000 127.49099 0.50387 0.86378 0.00000 -48.07857 0.00000 0.00000 -1.00000 0.00000
1616517884874955 -0.84071 0.54148 0.00000 123.31035 0.54148 0.84071 0.00000 -53.67623 0.00000 0.00000 -1.00000 0.00000
1616517885125539 -0.81748 0.57595 0.00000 119.03632 0.57595 0.81748 0.00000 -58.79195 0.00000 0.00000 -1.00000 0.00000
1616517885376168 -0.79292 0.60932 0.00000 114.58956 0.60932 0.79292 0.00000 -63.70566 0.00000 0.00000 -1.00000 0.00000
1616517885625545 -0.76537 0.64359 0.00000 109.76668 0.64359 0.76537 0.00000 -68.68672 0.00000 0.00000 -1.00000 0.00000
1616517885874926 -0.73216 0.68113 0.00000 104.32148 0.68113 0.73216 0.00000 -74.09952 0.00000 0.00000 -1.00000 0.00000
1616517886124309 -0.69882 0.71530 0.00000 98.78339 0.71530 0.69882 0.00000 -78.98953 0.00000 0.00000 -1.00000 0.00000
1616517886374313 -0.66373 0.74797 0.00000 92.96140 0.74797 0.66373 0.00000 -83.63667 0.00000 0.00000 -1.00000 0.00000
1616517886624314 -0.63065 0.77607 0.00000 87.32880 0.77607 0.63065 0.00000 -87.61524 0.00000 0.00000 -1.00000 0.00000
1616517886873692 -0.59463 0.80400 0.00000 81.31013 0.80400 0.59463 0.00000 -91.53675 0.00000 0.00000 -1.00000 0.00000
1616517887123074 -0.56347 0.82614 0.00000 75.80130 0.82614 0.56347 0.00000 -94.61773 0.00000 0.00000 -1.00000 0.00000
1616517887373079 -0.54247 0.84008 0.00000 71.46595 0.84008 0.54247 0.00000 -96.53472 0.00000 0.00000 -1.00000 0.00000
1616517887623084 -0.52929 0.84844 0.00000 68.01404 0.84844 0.52929 0.00000 -97.66806 0.00000 0.00000 -1.00000 0.00000
1616517887873708 -0.52288 0.85241 0.00000 65.34773 0.85241 0.52288 0.00000 -98.22707 0.00000 0.00000 -1.00000 0.00000
1616517888124336 -0.52624 0.85033 0.00000 63.82277 0.85033 0.52624 0.00000 -98.01665 0.00000 0.00000 -1.00000 0.00000
1616517888375595 -0.53506 0.84482 0.00000 62.93447 0.84482 0.53506 0.00000 -97.40150 0.00000 0.00000 -1.00000 0.00000
1616517888625601 -0.55084 0.83461 0.00000 62.87179 0.83461 0.55084 0.00000 -96.26027 0.00000 0.00000 -1.00000 0.00000
1616517888875600 -0.57071 0.82115 0.00000 63.29796 0.82115 0.57071 0.00000 -94.78250 0.00000 0.00000 -1.00000 0.00000
1616517889124979 -0.59665 0.80250 0.00000 64.44244 0.80250 0.59665 0.00000 -92.77549 0.00000 0.00000 -1.00000 0.00000
1616517889374365 -0.62530 0.78038 0.00000 65.91634 0.78038 0.62530 0.00000 -90.44311 0.00000 0.00000 -1.00000 0.00000
1616517889623749 -0.65785 0.75315 0.00000 67.85697 0.75315 0.65785 0.00000 -87.63563 0.00000 0.00000 -1.00000 0.00000
1616517889873740 -0.69521 0.71880 0.00000 70.38270 0.71880 0.69521 0.00000 -84.14600 0.00000 0.00000 -1.00000 0.00000
1616517890123744 -0.73534 0.67770 0.00000 73.30204 0.67770 0.73534 0.00000 -80.03608 0.00000 0.00000 -1.00000 0.00000
1616517890373744 -0.77654 0.63007 0.00000 76.36394 0.63007 0.77654 0.00000 -75.33258 0.00000 0.00000 -1.00000 0.00000
1616517890625005 -0.81812 0.57505 0.00000 79.56108 0.57505 0.81812 0.00000 -69.97777 0.00000 0.00000 -1.00000 0.00000
1616517890876260 -0.85555 0.51773 0.00000 82.36779 0.51773 0.85555 0.00000 -64.42984 0.00000 0.00000 -1.00000 0.00000
1616517891126889 -0.88851 0.45886 0.00000 84.73128 0.45886 0.88851 0.00000 -58.79716 0.00000 0.00000 -1.00000 0.00000
1616517891376890 -0.91683 0.39927 0.00000 86.60858 0.39927 0.91683 0.00000 -53.15122 0.00000 0.00000 -1.00000 0.00000
1616517891626271 -0.94111 0.33809 0.00000 88.08185 0.33809 0.94111 0.00000 -47.41099 0.00000 0.00000 -1.00000 0.00000
1616517891876274 -0.96107 0.27630 0.00000 89.13939 0.27630 0.96107 0.00000 -41.65486 0.00000 0.00000 -1.00000 0.00000
1616517892125655 -0.97709 0.21284 0.00000 89.83173 0.21284 0.97709 0.00000 -35.80571 0.00000 0.00000 -1.00000 0.00000
1616517892375658 -0.98788 0.15522 0.00000 89.92332 0.15522 0.98788 0.00000 -30.54506 0.00000 0.00000 -1.00000 0.00000
1616517892625040 -0.99561 0.09365 0.00000 89.78345 0.09365 0.99561 0.00000 -24.99893 0.00000 0.00000 -1.00000 0.00000
1616517892875082 -0.99931 0.03705 0.00000 89.20259 0.03705 0.99931 0.00000 -19.93710 0.00000 0.00000 -1.00000 0.00000
1616517893124420 -0.99991 -0.01334 -0.00000 88.21908 -0.01334 0.99991 0.00000 -15.48598 0.00000 0.00000 -1.00000 0.00000
1616517893374423 -0.99842 -0.05627 -0.00000 86.90522 -0.05627 0.99842 0.00000 -11.72498 0.00000 0.00000 -1.00000 0.00000
1616517893623805 -0.99569 -0.09274 -0.00000 85.40324 -0.09274 0.99569 0.00000 -8.58671 0.00000 0.00000 -1.00000 0.00000
1616517893873807 -0.99259 -0.12154 -0.00000 83.77645 -0.12154 0.99259 0.00000 -6.14561 0.00000 0.00000 -1.00000 0.00000
1616517894124435 -0.98951 -0.14446 -0.00000 82.06531 -0.14446 0.98951 0.00000 -4.24059 0.00000 0.00000 -1.00000 0.00000
1616517894376313 -0.98673 -0.16236 -0.00000 80.28288 -0.16236 0.98673 0.00000 -2.82460 0.00000 0.00000 -1.00000 0.00000
1616517894626318 -0.98399 -0.17823 -0.00000 78.53939 -0.17823 0.98399 0.00000 -1.55462 0.00000 0.00000 -1.00000 0.00000
1616517894876323 -0.98190 -0.18940 -0.00000 76.80460 -0.18940 0.98190 0.00000 -0.71786 0.00000 0.00000 -1.00000 0.00000
1616517895126323 -0.97951 -0.20139 -0.00000 75.06664 -0.20139 0.97951 0.00000 0.18379 0.00000 0.00000 -1.00000 0.00000
1616517895375705 -0.97748 -0.21104 -0.00000 73.35042 -0.21104 0.97748 0.00000 0.88172 0.00000 0.00000 -1.00000 0.00000
1616517895625086 -0.97522 -0.22123 -0.00000 71.64761 -0.22123 0.97522 0.00000 1.61125 0.00000 0.00000 -1.00000 0.00000
1616517895875088 -0.97304 -0.23062 -0.00000 69.95185 -0.23062 0.97304 0.00000 2.26177 0.00000 0.00000 -1.00000 0.00000
1616517896124465 -0.97089 -0.23952 -0.00000 68.27463 -0.23952 0.97089 0.00000 2.86218 0.00000 0.00000 -1.00000 0.00000
1616517896373846 -0.96897 -0.24720 -0.00000 66.63371 -0.24720 0.96897 0.00000 3.38156 0.00000 0.00000 -1.00000 0.00000
1616517896623851 -0.96735 -0.25346 -0.00000 65.01906 -0.25346 0.96735 0.00000 3.78572 0.00000 0.00000 -1.00000 0.00000
1616517896873864 -0.96587 -0.25904 -0.00000 63.40960 -0.25904 0.96587 0.00000 4.14060 0.00000 0.00000 -1.00000 0.00000
1616517897124483 -0.96501 -0.26222 -0.00000 61.86656 -0.26222 0.96501 0.00000 4.31475 0.00000 0.00000 -1.00000 0.00000
1616517897375113 -0.96494 -0.26247 -0.00000 60.37652 -0.26247 0.96494 0.00000 4.29457 0.00000 0.00000 -1.00000 0.00000
1616517897626372 -0.96517 -0.26162 -0.00000 58.93382 -0.26162 0.96517 0.00000 4.19646 0.00000 0.00000 -1.00000 0.00000
1616517897876368 -0.96519 -0.26155 -0.00000 57.56073 -0.26155 0.96519 0.00000 4.15669 0.00000 0.00000 -1.00000 0.00000
1616517898126378 -0.96540 -0.26079 -0.00000 56.23236 -0.26079 0.96540 0.00000 4.06965 0.00000 0.00000 -1.00000 0.00000
1616517898375754 -0.96612 -0.25810 -0.00000 54.99714 -0.25810 0.96612 0.00000 3.90148 0.00000 0.00000 -1.00000 0.00000
1616517898625760 -0.96667 -0.25604 -0.00000 53.82519 -0.25604 0.96667 0.00000 3.75382 0.00000 0.00000 -1.00000 0.00000
1616517898875140 -0.96811 -0.25052 -0.00000 52.67610 -0.25052 0.96811 0.00000 3.43392 0.00000 0.00000 -1.00000 0.00000
1616517899124521 -0.96767 -0.25224 -0.00000 51.51466 -0.25224 0.96767 0.00000 3.50606 0.00000 0.00000 -1.00000 0.00000
1616517899374521 -0.96730 -0.25363 -0.00000 50.37437 -0.25363 0.96730 0.00000 3.56878 0.00000 0.00000 -1.00000 0.00000
1616517899623903 -0.96567 -0.25978 -0.00000 49.23144 -0.25978 0.96567 0.00000 3.86031 0.00000 0.00000 -1.00000 0.00000
1616517899873902 -0.96151 -0.27478 -0.00000 48.04018 -0.27478 0.96151 0.00000 4.59705 0.00000 0.00000 -1.00000 0.00000
1616517900123905 -0.95543 -0.29522 -0.00000 46.74214 -0.29522 0.95543 0.00000 5.60199 0.00000 0.00000 -1.00000 0.00000
1616517900374538 -0.94869 -0.31622 -0.00000 45.35184 -0.31622 0.94869 0.00000 6.58759 0.00000 0.00000 -1.00000 0.00000
1616517900625166 -0.94223 -0.33496 -0.00000 43.90760 -0.33496 0.94223 0.00000 7.45914 0.00000 0.00000 -1.00000 0.00000
1616517900875837 -0.93862 -0.34495 -0.00000 42.46553 -0.34495 0.93862 0.00000 7.88812 0.00000 0.00000 -1.00000 0.00000
1616517901125802 -0.93615 -0.35159 -0.00000 40.98902 -0.35159 0.93615 0.00000 8.14706 0.00000 0.00000 -1.00000 0.00000
1616517901375183 -0.93714 -0.34896 -0.00000 39.53507 -0.34896 0.93714 0.00000 8.02968 0.00000 0.00000 -1.00000 0.00000
1616517901624558 -0.94201 -0.33559 -0.00000 38.12829 -0.33559 0.94201 0.00000 7.40678 0.00000 0.00000 -1.00000 0.00000
1616517901873939 -0.94878 -0.31595 -0.00000 36.73141 -0.31595 0.94878 0.00000 6.62556 0.00000 0.00000 -1.00000 0.00000
1616517902123938 -0.95414 -0.29935 -0.00000 35.22013 -0.29935 0.95414 0.00000 5.94114 0.00000 0.00000 -1.00000 0.00000
1616517902373941 -0.95898 -0.28346 -0.00000 33.63732 -0.28346 0.95898 0.00000 5.34367 0.00000 0.00000 -1.00000 0.00000
1616517902624571 -0.96381 -0.26659 -0.00000 32.05994 -0.26659 0.96381 0.00000 4.76059 0.00000 0.00000 -1.00000 0.00000
1616517902875207 -0.96931 -0.24586 -0.00000 30.42602 -0.24586 0.96931 0.00000 4.02008 0.00000 0.00000 -1.00000 0.00000
1616517903125835 -0.97407 -0.22626 -0.00000 28.68963 -0.22626 0.97407 0.00000 3.37920 0.00000 0.00000 -1.00000 0.00000
1616517903375838 -0.97774 -0.20983 -0.00000 26.95137 -0.20983 0.97774 0.00000 2.85266 0.00000 0.00000 -1.00000 0.00000
1616517903626467 -0.98071 -0.19546 -0.00000 25.11079 -0.19546 0.98071 0.00000 2.41955 0.00000 0.00000 -1.00000 0.00000
1616517903875843 -0.98295 -0.18386 -0.00000 23.23721 -0.18386 0.98295 0.00000 2.08773 0.00000 0.00000 -1.00000 0.00000
1616517904125225 -0.98502 -0.17242 -0.00000 21.30910 -0.17242 0.98502 0.00000 1.77097 0.00000 0.00000 -1.00000 0.00000
1616517904375227 -0.98666 -0.16279 -0.00000 19.32744 -0.16279 0.98666 0.00000 1.52419 0.00000 0.00000 -1.00000 0.00000
1616517904624607 -0.98778 -0.15584 -0.00000 17.32768 -0.15584 0.98778 0.00000 1.35683 0.00000 0.00000 -1.00000 0.00000
1616517904873996 -0.98850 -0.15123 -0.00000 15.28293 -0.15123 0.98850 0.00000 1.25127 0.00000 0.00000 -1.00000 0.00000
1616517905123991 -0.98902 -0.14777 -0.00000 13.26231 -0.14777 0.98902 0.00000 1.17238 0.00000 0.00000 -1.00000 0.00000
1616517905373369 -0.98952 -0.14439 -0.00000 11.19298 -0.14439 0.98952 0.00000 1.09863 0.00000 0.00000 -1.00000 0.00000
1616517905624011 -0.98974 -0.14290 -0.00000 9.11810 -0.14290 0.98974 0.00000 1.04624 0.00000 0.00000 -1.00000 0.00000
1616517905874624 -0.99004 -0.14080 -0.00000 7.05309 -0.14080 0.99004 0.00000 1.00298 0.00000 0.00000 -1.00000 0.00000
1616517906125880 -0.99026 -0.13922 -0.00000 4.99637 -0.13922 0.99026 0.00000 0.95461 0.00000 0.00000 -1.00000 0.00000
1616517906375883 -0.99030 -0.13898 -0.00000 2.94381 -0.13898 0.99030 0.00000 0.92075 0.00000 0.00000 -1.00000 0.00000
1616517906625899 -0.99009 -0.14041 -0.00000 0.90348 -0.14041 0.99009 0.00000 0.91138 0.00000 0.00000 -1.00000 0.00000
1616517906875268 -0.98990 -0.14177 -0.00000 -1.09964 -0.14177 0.98990 0.00000 0.87971 0.00000 0.00000 -1.00000 0.00000
1616517907125272 -0.98916 -0.14685 -0.00000 -3.12853 -0.14685 0.98916 0.00000 0.83594 0.00000 0.00000 -1.00000 0.00000
1616517907374648 -0.98844 -0.15161 -0.00000 -5.12233 -0.15161 0.98844 0.00000 0.77989 0.00000 0.00000 -1.00000 0.00000
1616517907624032 -0.98781 -0.15566 -0.00000 -7.11620 -0.15566 0.98781 0.00000 0.71227 0.00000 0.00000 -1.00000 0.00000
1616517907874032 -0.98699 -0.16077 -0.00000 -9.12121 -0.16077 0.98699 0.00000 0.62280 0.00000 0.00000 -1.00000 0.00000
1616517908124037 -0.98638 -0.16448 -0.00000 -11.15109 -0.16448 0.98638 0.00000 0.58067 0.00000 0.00000 -1.00000 0.00000
1616517908375291 -0.98656 -0.16343 -0.00000 -13.10639 -0.16343 0.98656 0.00000 0.57297 0.00000 0.00000 -1.00000 0.00000
1616517908625297 -0.98631 -0.16493 -0.00000 -15.11846 -0.16493 0.98631 0.00000 0.50631 0.00000 0.00000 -1.00000 0.00000
1616517908875926 -0.98640 -0.16437 -0.00000 -17.12041 -0.16437 0.98640 0.00000 0.47205 0.00000 0.00000 -1.00000 0.00000
1616517909125303 -0.98744 -0.15801 -0.00000 -19.08655 -0.15801 0.98744 0.00000 0.54458 0.00000 0.00000 -1.00000 0.00000
1616517909375304 -0.98905 -0.14760 -0.00000 -21.08724 -0.14760 0.98905 0.00000 0.70260 0.00000 0.00000 -1.00000 0.00000
1616517909624682 -0.99068 -0.13620 -0.00000 -23.06303 -0.13620 0.99068 0.00000 0.88651 0.00000 0.00000 -1.00000 0.00000
1616517909874687 -0.99137 -0.13109 -0.00000 -25.05218 -0.13109 0.99137 0.00000 0.92991 0.00000 0.00000 -1.00000 0.00000
1616517910124694 -0.99126 -0.13196 -0.00000 -27.03912 -0.13196 0.99126 0.00000 0.84823 0.00000 0.00000 -1.00000 0.00000
1616517910374070 -0.99069 -0.13610 -0.00000 -29.01782 -0.13610 0.99069 0.00000 0.68077 0.00000 0.00000 -1.00000 0.00000
1616517910623450 -0.98913 -0.14704 -0.00000 -30.98754 -0.14704 0.98913 0.00000 0.33361 0.00000 0.00000 -1.00000 0.00000
1616517910874090 -0.98721 -0.15945 -0.00000 -32.96314 -0.15945 0.98721 0.00000 -0.07627 0.00000 0.00000 -1.00000 0.00000
1616517911125339 -0.98474 -0.17406 -0.00000 -34.93873 -0.17406 0.98474 0.00000 -0.58520 0.00000 0.00000 -1.00000 0.00000
1616517911375341 -0.98218 -0.18793 -0.00000 -36.88636 -0.18793 0.98218 0.00000 -1.10953 0.00000 0.00000 -1.00000 0.00000
1616517911625345 -0.97881 -0.20478 -0.00000 -38.79123 -0.20478 0.97881 0.00000 -1.78873 0.00000 0.00000 -1.00000 0.00000
1616517911875349 -0.97497 -0.22232 -0.00000 -40.71096 -0.22232 0.97497 0.00000 -2.53606 0.00000 0.00000 -1.00000 0.00000
1616517912125353 -0.97032 -0.24181 -0.00000 -42.59346 -0.24181 0.97032 0.00000 -3.40176 0.00000 0.00000 -1.00000 0.00000
1616517912375358 -0.96572 -0.25959 -0.00000 -44.43240 -0.25959 0.96572 0.00000 -4.24466 0.00000 0.00000 -1.00000 0.00000
1616517912624737 -0.96067 -0.27768 -0.00000 -46.25111 -0.27768 0.96067 0.00000 -5.13587 0.00000 0.00000 -1.00000 0.00000
1616517912874742 -0.95607 -0.29315 -0.00000 -47.99909 -0.29315 0.95607 0.00000 -5.91851 0.00000 0.00000 -1.00000 0.00000
1616517913124743 -0.95223 -0.30539 -0.00000 -49.72311 -0.30539 0.95223 0.00000 -6.58611 0.00000 0.00000 -1.00000 0.00000
1616517913374123 -0.94866 -0.31631 -0.00000 -51.40852 -0.31631 0.94866 0.00000 -7.18780 0.00000 0.00000 -1.00000 0.00000
1616517913623512 -0.94621 -0.32354 -0.00000 -53.04506 -0.32354 0.94621 0.00000 -7.63098 0.00000 0.00000 -1.00000 0.00000
1616517913873528 -0.94432 -0.32904 -0.00000 -54.64046 -0.32904 0.94432 0.00000 -7.97048 0.00000 0.00000 -1.00000 0.00000
1616517914124133 -0.94464 -0.32811 -0.00000 -56.24043 -0.32811 0.94464 0.00000 -7.93671 0.00000 0.00000 -1.00000 0.00000
1616517914374763 -0.94764 -0.31935 -0.00000 -57.84304 -0.31935 0.94764 0.00000 -7.43795 0.00000 0.00000 -1.00000 0.00000
1616517914625391 -0.95342 -0.30166 -0.00000 -59.43473 -0.30166 0.95342 0.00000 -6.37797 0.00000 0.00000 -1.00000 0.00000
1616517914876024 -0.96171 -0.27407 -0.00000 -60.99525 -0.27407 0.96171 0.00000 -4.68175 0.00000 0.00000 -1.00000 0.00000
1616517915126022 -0.97149 -0.23708 -0.00000 -62.45452 -0.23708 0.97149 0.00000 -2.36712 0.00000 0.00000 -1.00000 0.00000
1616517915376028 -0.98135 -0.19221 -0.00000 -63.74589 -0.19221 0.98135 0.00000 0.48599 0.00000 0.00000 -1.00000 0.00000
1616517915626029 -0.99097 -0.13407 -0.00000 -64.77916 -0.13407 0.99097 0.00000 4.21369 0.00000 0.00000 -1.00000 0.00000
1616517915875412 -0.99805 -0.06235 -0.00000 -65.41119 -0.06235 0.99805 0.00000 8.88634 0.00000 0.00000 -1.00000 0.00000
1616517916124794 -0.99990 0.01412 0.00000 -65.59744 0.01412 0.99990 0.00000 13.82284 0.00000 0.00000 -1.00000 0.00000
1616517916374798 -0.99491 0.10075 0.00000 -65.18796 0.10075 0.99491 0.00000 19.46471 0.00000 0.00000 -1.00000 0.00000
1616517916624171 -0.98057 0.19617 0.00000 -64.04199 0.19617 0.98057 0.00000 25.65193 0.00000 0.00000 -1.00000 0.00000
1616517916874221 -0.95357 0.30116 0.00000 -61.89803 0.30116 0.95357 0.00000 32.40541 0.00000 0.00000 -1.00000 0.00000
1616517917124806 -0.91439 0.40484 0.00000 -58.91660 0.40484 0.91439 0.00000 39.06302 0.00000 0.00000 -1.00000 0.00000
1616517917374816 -0.86345 0.50444 0.00000 -55.16374 0.50444 0.86345 0.00000 45.35657 0.00000 0.00000 -1.00000 0.00000
1616517917625442 -0.80125 0.59833 0.00000 -50.68891 0.59833 0.80125 0.00000 51.25439 0.00000 0.00000 -1.00000 0.00000
1616517917875449 -0.73043 0.68299 0.00000 -45.72970 0.68299 0.73043 0.00000 56.52110 0.00000 0.00000 -1.00000 0.00000
