1611678138476824 1.00000 0.00000 0.00000 -0.00000 0.00000 -1.00000 0.00000 0.00000 0.00000 -0.00000 -1.00000 0.00000
1611678138726828 1.00000 0.00055 0.00000 0.02219 0.00055 -1.00000 0.00000 0.00017 0.00000 -0.00000 -1.00000 0.00000
1611678138977453 1.00000 -0.00125 0.00000 0.02378 -0.00125 -1.00000 0.00000 0.00188 -0.00000 -0.00000 -1.00000 0.00000
1611678139228080 1.00000 0.00175 0.00000 -0.02020 0.00175 -1.00000 0.00000 0.04029 0.00000 -0.00000 -1.00000 0.00000
1611678139478710 1.00000 0.00311 0.00000 0.01386 0.00311 -1.00000 0.00000 0.02878 0.00000 -0.00000 -1.00000 0.00000
1611678139729332 1.00000 0.00050 -0.00000 0.02159 0.00050 -1.00000 0.00000 -0.00740 0.00000 -0.00000 -1.00000 -0.00000
1611678139979338 0.99999 0.00359 0.00000 -0.00757 0.00359 -0.99999 0.00000 -0.00332 0.00000 -0.00000 -1.00000 -0.00000
1611678140229340 1.00000 -0.00037 0.00000 -0.02562 -0.00037 -1.00000 0.00000 0.03541 -0.00000 -0.00000 -1.00000 0.00000
1611678140478722 1.00000 0.00104 0.00000 -0.01267 0.00104 -1.00000 0.00000 0.02329 0.00000 -0.00000 -1.00000 0.00000
1611678140728096 0.99999 0.00357 0.00000 -0.01427 0.00357 -0.99999 0.00000 0.01176 0.00000 -0.00000 -1.00000 0.00000
1611678140977473 1.00000 0.00281 0.00000 -0.02222 0.00281 -1.00000 0.00000 0.00010 0.00000 -0.00000 -1.00000 0.00000
1611678141226856 1.00000 0.00060 0.00000 -0.00592 0.00060 -1.00000 0.00000 0.04088 0.00000 -0.00000 -1.00000 0.00000
1611678141476234 0.99999 0.00393 0.00000 0.00355 0.00393 -0.99999 0.00000 0.01349 0.00000 -0.00000 -1.00000 0.00000
1611678141726857 1.00000 0.00089 0.00000 -0.02640 0.00089 -1.00000 0.00000 0.02845 0.00000 -0.00000 -1.00000 0.00000
1611678141976865 1.00000 0.00177 0.00000 0.01630 0.00177 -1.00000 0.00000 -0.01397 0.00000 -0.00000 -1.00000 -0.00000
1611678142227487 0.99999 0.00335 0.00000 0.01062 0.00335 -0.99999 0.00000 0.02850 0.00000 -0.00000 -1.00000 0.00000
1611678142478117 1.00000 -0.00099 0.00000 -0.01929 -0.00099 -1.00000 0.00000 -0.01798 -0.00000 -0.00000 -1.00000 -0.00000
1611678142728744 1.00000 -0.00022 0.00000 0.02056 -0.00022 -1.00000 0.00000 -0.01019 -0.00000 -0.00000 -1.00000 -0.00000
1611678142978132 1.00000 -0.00013 0.00000 0.02019 -0.00013 -1.00000 0.00000 -0.02164 -0.00000 -0.00000 -1.00000 -0.00000
1611678143228125 1.00000 0.00072 0.00000 -0.00217 0.00072 -1.00000 0.00000 -0.00115 0.00000 -0.00000 -1.00000 -0.00000
1611678143477505 1.00000 0.00080 0.00000 -0.00696 0.00080 -1.00000 0.00000 0.00101 0.00000 -0.00000 -1.00000 0.00000
1611678143726883 0.99999 0.00501 0.00000 -0.02053 0.00501 -0.99999 0.00000 0.03085 0.00000 -0.00000 -1.00000 0.00000
1611678143976264 1.00000 0.00265 0.00000 -0.00771 0.00265 -1.00000 0.00000 -0.00352 0.00000 -0.00000 -1.00000 -0.00000
1611678144226262 1.00000 0.00225 0.00000 0.00964 0.00225 -1.00000 0.00000 -0.00416 0.00000 -0.00000 -1.00000 -0.00000
1611678144476892 1.00000 0.00081 0.00000 0.01040 0.00081 -1.00000 0.00000 -0.03177 0.00000 -0.00000 -1.00000 -0.00000
1611678144727528 1.00000 -0.00042 0.00000 0.01792 -0.00042 -1.00000 0.00000 -0.00087 -0.00000 -0.00000 -1.00000 -0.00000
1611678144978147 1.00000 0.00188 0.00000 0.01024 0.00188 -1.00000 0.00000 -0.00696 0.00000 -0.00000 -1.00000 -0.00000
1611678145229399 1.00000 0.00146 0.00000 -0.01193 0.00146 -1.00000 0.00000 0.02566 0.00000 -0.00000 -1.00000 0.00000
1611678145480031 1.00000 0.00165 -0.00000 0.02299 0.00165 -1.00000 0.00000 -0.00217 0.00000 -0.00000 -1.00000 -0.00000
1611678145730652 1.00000 0.00223 0.00000 -0.01529 0.00223 -1.00000 0.00000 0.09290 0.00000 -0.00000 -1.00000 0.00000
1611678145980029 0.99999 0.00486 0.00000 -0.01537 0.00486 -0.99999 0.00000 -0.00702 0.00000 -0.00000 -1.00000 -0.00000
1611678146229407 1.00000 -0.00055 -0.00000 -0.00860 -0.00055 -1.00000 0.00000 -0.00686 -0.00000 -0.00000 -1.00000 -0.00000
1611678146478167 1.00000 -0.00032 0.00000 0.02880 -0.00032 -1.00000 0.00000 -0.02412 -0.00000 -0.00000 -1.00000 -0.00000
1611678146727539 0.99999 0.00459 0.00000 -0.02430 0.00459 -0.99999 0.00000 -0.01080 0.00000 -0.00000 -1.00000 -0.00000
1611678146977545 1.00000 0.00097 0.00000 -0.02093 0.00097 -1.00000 0.00000 -0.00025 0.00000 -0.00000 -1.00000 -0.00000
1611678147227541 0.99999 -0.00363 0.00000 0.01734 -0.00363 -0.99999 0.00000 -0.00447 -0.00000 -0.00000 -1.00000 -0.00000
1611678147477550 1.00000 0.00190 0.00000 -0.00524 0.00190 -1.00000 0.00000 0.02870 0.00000 -0.00000 -1.00000 0.00000
1611678147728176 1.00000 0.00259 0.00000 -0.04249 0.00259 -1.00000 0.00000 0.00831 0.00000 -0.00000 -1.00000 0.00000
1611678147978176 1.00000 0.00251 0.00000 0.01684 0.00251 -1.00000 0.00000 -0.00269 0.00000 -0.00000 -1.00000 -0.00000
1611678148228806 1.00000 0.00144 0.00000 0.02515 0.00144 -1.00000 0.00000 -0.01033 0.00000 -0.00000 -1.00000 -0.00000
1611678148479429 0.99999 0.00329 0.00000 0.00683 0.00329 -0.99999 0.00000 0.01094 0.00000 -0.00000 -1.00000 0.00000
1611678148729443 1.00000 -0.00011 0.00000 -0.00653 -0.00011 -1.00000 0.00000 0.02027 -0.00000 -0.00000 -1.00000 0.00000
1611678148978187 1.00000 0.00228 0.00000 0.01395 0.00228 -1.00000 0.00000 -0.02241 0.00000 -0.00000 -1.00000 -0.00000
1611678149228192 1.00000 -0.00090 0.00000 -0.00035 -0.00090 -1.00000 0.00000 0.02026 -0.00000 -0.00000 -1.00000 0.00000
1611678149477581 1.00000 -0.00040 0.00000 -0.00958 -0.00040 -1.00000 0.00000 0.01956 -0.00000 -0.00000 -1.00000 0.00000
1611678149726949 1.00000 0.00100 0.00000 -0.00991 0.00100 -1.00000 0.00000 0.00726 0.00000 -0.00000 -1.00000 0.00000
1611678149976948 1.00000 -0.00276 0.00000 -0.00685 -0.00276 -1.00000 0.00000 0.02685 -0.00000 -0.00000 -1.00000 0.00000
1611678150226327 0.99999 0.00325 0.00000 -0.03330 0.00325 -0.99999 0.00000 -0.00695 0.00000 -0.00000 -1.00000 -0.00000
1611678150476958 1.00000 0.00048 0.00000 0.01420 0.00048 -1.00000 0.00000 -0.02108 0.00000 -0.00000 -1.00000 -0.00000
1611678150727585 1.00000 -0.00015 0.00000 -0.00969 -0.00015 -1.00000 0.00000 -0.01861 -0.00000 -0.00000 -1.00000 -0.00000
1611678150978218 1.00000 -0.00093 -0.00000 -0.02503 -0.00093 -1.00000 0.00000 -0.01789 -0.00000 -0.00000 -1.00000 -0.00000
1611678151228842 1.00000 -0.00070 0.00000 0.00589 -0.00070 -1.00000 0.00000 -0.01267 -0.00000 -0.00000 -1.00000 -0.00000
1611678151478844 1.00000 0.00132 0.00000 0.00352 0.00132 -1.00000 0.00000 -0.01451 0.00000 -0.00000 -1.00000 -0.00000
1611678151728842 1.00000 -0.00086 -0.00000 0.00558 -0.00086 -1.00000 0.00000 0.02049 -0.00000 -0.00000 -1.00000 0.00000
1611678151978220 1.00000 -0.00066 0.00000 0.02226 -0.00066 -1.00000 0.00000 0.00646 -0.00000 -0.00000 -1.00000 0.00000
1611678152227596 1.00000 -0.00159 0.00000 -0.01214 -0.00159 -1.00000 0.00000 0.02911 -0.00000 -0.00000 -1.00000 0.00000
1611678152476984 0.99999 0.00385 0.00000 -0.00998 0.00385 -0.99999 0.00000 0.00018 0.00000 -0.00000 -1.00000 0.00000
1611678152726991 0.99999 0.00476 0.00000 0.00458 0.00476 -0.99999 0.00000 -0.00545 0.00000 -0.00000 -1.00000 -0.00000
1611678152977607 1.00000 0.00206 0.00000 -0.00579 0.00206 -1.00000 0.00000 0.02889 0.00000 -0.00000 -1.00000 0.00000
1611678153228233 1.00000 0.00230 0.00000 0.01761 0.00230 -1.00000 0.00000 -0.00744 0.00000 -0.00000 -1.00000 -0.00000
1611678153479495 1.00000 -0.00141 -0.00000 -0.01150 -0.00141 -1.00000 0.00000 0.02373 -0.00000 -0.00000 -1.00000 0.00000
1611678153729496 1.00000 -0.00101 0.00000 0.01600 -0.00101 -1.00000 0.00000 -0.01153 -0.00000 -0.00000 -1.00000 -0.00000
1611678153978868 1.00000 0.00281 0.00000 0.01961 0.00281 -1.00000 0.00000 -0.02565 0.00000 -0.00000 -1.00000 -0.00000
1611678154228868 1.00000 0.00126 0.00000 -0.01670 0.00126 -1.00000 0.00000 0.00293 0.00000 -0.00000 -1.00000 0.00000
1611678154478252 1.00000 0.00202 0.00000 0.00963 0.00202 -1.00000 0.00000 -0.04396 0.00000 -0.00000 -1.00000 -0.00000
1611678154727632 1.00000 -0.00001 0.00000 0.01106 -0.00001 -1.00000 0.00000 -0.03683 -0.00000 -0.00000 -1.00000 -0.00000
1611678154977637 1.00000 -0.00213 0.00000 -0.00663 -0.00213 -1.00000 0.00000 0.02098 -0.00000 -0.00000 -1.00000 0.00000
1611678155227013 0.99999 0.00369 0.00000 -0.01577 0.00369 -0.99999 0.00000 -0.00143 0.00000 -0.00000 -1.00000 -0.00000
1611678155477020 1.00000 0.00246 -0.00000 -0.00070 0.00246 -1.00000 0.00000 -0.00416 0.00000 -0.00000 -1.00000 -0.00000
1611678155727642 1.00000 0.00246 -0.00000 0.03526 0.00246 -1.00000 0.00000 -0.00609 0.00000 -0.00000 -1.00000 -0.00000
1611678155978290 1.00000 0.00016 -0.00000 -0.03622 0.00016 -1.00000 0.00000 0.03297 0.00000 -0.00000 -1.00000 0.00000
1611678156228269 1.00000 -0.00050 0.00000 -0.01659 -0.00050 -1.00000 0.00000 -0.00598 -0.00000 -0.00000 -1.00000 -0.00000
1611678156478943 1.00000 0.00161 0.00000 0.01500 0.00161 -1.00000 0.00000 -0.00165 0.00000 -0.00000 -1.00000 -0.00000
1611678156728900 0.99999 0.00446 0.00000 -0.00899 0.00446 -0.99999 0.00000 -0.01202 0.00000 -0.00000 -1.00000 -0.00000
1611678156978904 1.00000 0.00095 0.00000 -0.02962 0.00095 -1.00000 0.00000 0.03815 0.00000 -0.00000 -1.00000 0.00000
1611678157227659 1.00000 0.00081 -0.00000 0.01786 0.00081 -1.00000 0.00000 -0.00493 0.00000 -0.00000 -1.00000 -0.00000
1611678157477667 1.00000 -0.00205 0.00000 0.00133 -0.00205 -1.00000 0.00000 0.01040 -0.00000 -0.00000 -1.00000 0.00000
1611678157727037 0.99999 0.00507 0.00000 -0.01275 0.00507 -0.99999 0.00000 -0.00849 0.00000 -0.00000 -1.00000 -0.00000
1611678157977041 1.00000 0.00155 0.00000 -0.02292 0.00155 -1.00000 0.00000 0.01489 0.00000 -0.00000 -1.00000 0.00000
1611678158227051 1.00000 0.00072 -0.00000 0.01320 0.00072 -1.00000 0.00000 -0.00462 0.00000 -0.00000 -1.00000 -0.00000
1611678158477674 1.00000 0.00309 0.00000 0.01825 0.00309 -1.00000 0.00000 0.02399 0.00000 -0.00000 -1.00000 0.00000
1611678158728298 1.00000 0.00071 0.00000 -0.01052 0.00071 -1.00000 0.00000 0.02256 0.00000 -0.00000 -1.00000 0.00000
1611678158978933 1.00000 0.00277 0.00000 0.00120 0.00277 -1.00000 0.00000 -0.00669 0.00000 -0.00000 -1.00000 -0.00000
1611678159229554 1.00000 0.00160 0.00000 0.00983 0.00160 -1.00000 0.00000 -0.04697 0.00000 -0.00000 -1.00000 -0.00000
1611678159480187 0.99999 -0.00328 0.00000 -0.00440 -0.00328 -0.99999 0.00000 -0.02411 -0.00000 -0.00000 -1.00000 -0.00000
1611678159729562 1.00000 0.00277 0.00000 -0.01430 0.00277 -1.00000 0.00000 0.00593 0.00000 -0.00000 -1.00000 0.00000
1611678159978940 1.00000 0.00172 0.00000 -0.02700 0.00172 -1.00000 0.00000 -0.02551 0.00000 -0.00000 -1.00000 -0.00000
1611678160228316 1.00000 0.00137 0.00000 0.00331 0.00137 -1.00000 0.00000 -0.02456 0.00000 -0.00000 -1.00000 -0.00000
1611678160477696 1.00000 0.00212 0.00000 -0.00755 0.00212 -1.00000 0.00000 -0.02290 0.00000 -0.00000 -1.00000 -0.00000
1611678160727087 1.00000 0.00019 0.00000 0.01569 0.00019 -1.00000 0.00000 -0.02901 0.00000 -0.00000 -1.00000 -0.00000
1611678160977077 1.00000 -0.00128 -0.00000 0.00536 -0.00128 -1.00000 0.00000 -0.00369 -0.00000 -0.00000 -1.00000 -0.00000
1611678161227073 1.00000 0.00126 0.00000 0.01706 0.00126 -1.00000 0.00000 -0.03733 0.00000 -0.00000 -1.00000 -0.00000
1611678161477705 1.00000 -0.00001 0.00000 0.01491 -0.00001 -1.00000 0.00000 -0.04769 -0.00000 -0.00000 -1.00000 -0.00000
1611678161728954 1.00000 -0.00070 0.00000 -0.01833 -0.00070 -1.00000 0.00000 0.01595 -0.00000 -0.00000 -1.00000 0.00000
1611678161979589 1.00000 0.00157 0.00000 -0.00488 0.00157 -1.00000 0.00000 -0.00152 0.00000 -0.00000 -1.00000 -0.00000
1611678162229590 1.00000 0.00032 0.00000 -0.00273 0.00032 -1.00000 0.00000 -0.00246 0.00000 -0.00000 -1.00000 -0.00000
1611678162479592 1.00000 -0.00272 0.00000 0.00589 -0.00272 -1.00000 0.00000 0.02242 -0.00000 -0.00000 -1.00000 0.00000
1611678162728969 1.00000 -0.00178 0.00000 0.00111 -0.00178 -1.00000 0.00000 0.03247 -0.00000 -0.00000 -1.00000 0.00000
1611678162978346 1.00000 -0.00046 0.00000 -0.01452 -0.00046 -1.00000 0.00000 0.03947 -0.00000 -0.00000 -1.00000 0.00000
1611678163227730 1.00000 0.00258 -0.00000 -0.01696 0.00258 -1.00000 0.00000 0.02753 0.00000 -0.00000 -1.00000 0.00000
1611678163477109 0.99999 0.00537 -0.00000 -0.02513 0.00537 -0.99999 0.00000 0.01089 0.00000 -0.00000 -1.00000 0.00000
1611678163727108 0.99999 0.00320 0.00000 -0.01304 0.00320 -0.99999 0.00000 -0.01166 0.00000 -0.00000 -1.00000 -0.00000
1611678163977111 1.00000 -0.00007 0.00000 -0.04412 -0.00007 -1.00000 0.00000 -0.03294 -0.00000 -0.00000 -1.00000 -0.00000
1611678164228363 1.00000 -0.00276 0.00000 -0.07226 -0.00276 -1.00000 0.00000 0.01067 -0.00000 -0.00000 -1.00000 0.00000
1611678164478995 1.00000 0.00101 -0.00000 -0.12366 0.00101 -1.00000 0.00000 -0.07138 0.00000 -0.00000 -1.00000 -0.00000
1611678164729634 1.00000 -0.00165 -0.00000 -0.15239 -0.00165 -1.00000 0.00000 -0.06048 -0.00000 -0.00000 -1.00000 -0.00000
1611678164979618 0.99999 -0.00351 0.00000 -0.21692 -0.00351 -0.99999 0.00000 -0.05853 -0.00000 -0.00000 -1.00000 -0.00000
1611678165228997 1.00000 -0.00188 0.00000 -0.24978 -0.00188 -1.00000 0.00000 -0.04002 -0.00000 -0.00000 -1.00000 -0.00000
1611678165478370 0.99999 -0.00352 0.00000 -0.35279 -0.00352 -0.99999 0.00000 0.00479 -0.00000 -0.00000 -1.00000 0.00000
1611678165727755 0.99989 -0.01502 0.00000 -0.40959 -0.01502 -0.99989 0.00000 -0.06341 -0.00000 -0.00000 -1.00000 -0.00000
1611678165977133 0.99992 -0.01293 0.00000 -0.43972 -0.01293 -0.99992 0.00000 -0.01657 -0.00000 -0.00000 -1.00000 -0.00000
1611678166227138 0.99985 -0.01752 0.00000 -0.57406 -0.01752 -0.99985 0.00000 -0.01638 -0.00000 -0.00000 -1.00000 -0.00000
1611678166477142 0.99961 -0.02794 0.00000 -0.69323 -0.02794 -0.99961 0.00000 -0.02048 -0.00000 -0.00000 -1.00000 -0.00000
1611678166727765 0.99967 -0.02586 0.00000 -0.88924 -0.02586 -0.99967 0.00000 -0.02924 -0.00000 -0.00000 -1.00000 -0.00000
1611678166978403 0.99969 -0.02479 0.00000 -0.95927 -0.02479 -0.99969 0.00000 0.00637 -0.00000 -0.00000 -1.00000 0.00000
1611678167229017 0.99980 -0.02007 0.00000 -1.07162 -0.02007 -0.99980 0.00000 -0.06244 -0.00000 -0.00000 -1.00000 -0.00000
1611678167479024 0.99979 -0.02038 0.00000 -1.25429 -0.02038 -0.99979 0.00000 -0.07436 -0.00000 -0.00000 -1.00000 -0.00000
1611678167729650 0.99961 -0.02784 0.00000 -1.47022 -0.02784 -0.99961 0.00000 -0.02462 -0.00000 -0.00000 -1.00000 -0.00000
1611678167979026 0.99979 -0.02058 0.00000 -1.62389 -0.02058 -0.99979 0.00000 -0.02625 -0.00000 -0.00000 -1.00000 -0.00000
1611678168227783 0.99979 -0.02033 0.00000 -1.79986 -0.02033 -0.99979 0.00000 -0.04723 -0.00000 -0.00000 -1.00000 -0.00000
1611678168477787 0.99980 -0.02006 -0.00000 -1.94077 -0.02006 -0.99980 0.00000 -0.00705 -0.00000 -0.00000 -1.00000 -0.00000
1611678168727793 0.99962 -0.02772 -0.00000 -2.17151 -0.02772 -0.99962 0.00000 0.07102 -0.00000 -0.00000 -1.00000 0.00000
1611678168977163 0.99979 -0.02047 0.00000 -2.37538 -0.02047 -0.99979 0.00000 -0.03135 -0.00000 -0.00000 -1.00000 -0.00000
1611678169227793 0.99962 -0.02755 0.00000 -2.59491 -0.02755 -0.99962 0.00000 0.00250 -0.00000 -0.00000 -1.00000 0.00000
1611678169478423 0.99955 -0.03007 0.00000 -2.80178 -0.03007 -0.99955 0.00000 0.00155 -0.00000 -0.00000 -1.00000 0.00000
1611678169728420 0.99937 -0.03556 -0.00000 -2.97946 -0.03556 -0.99937 0.00000 0.01108 -0.00000 -0.00000 -1.00000 0.00000
1611678169978425 0.99922 -0.03942 0.00000 -3.04814 -0.03942 -0.99922 0.00000 0.00666 -0.00000 -0.00000 -1.00000 0.00000
1611678170228427 0.99914 -0.04151 0.00000 -3.19527 -0.04151 -0.99914 0.00000 -0.02359 -0.00000 -0.00000 -1.00000 -0.00000
1611678170477811 0.99917 -0.04085 0.00000 -3.26474 -0.04085 -0.99917 0.00000 -0.06600 -0.00000 -0.00000 -1.00000 -0.00000
1611678170727185 0.99923 -0.03918 0.00000 -3.31551 -0.03918 -0.99923 0.00000 -0.04286 -0.00000 -0.00000 -1.00000 -0.00000
1611678170977189 0.99910 -0.04238 0.00000 -3.36628 -0.04238 -0.99910 0.00000 0.01046 -0.00000 -0.00000 -1.00000 0.00000
1611678171227190 0.99903 -0.04401 0.00000 -3.37516 -0.04401 -0.99903 0.00000 0.02205 -0.00000 -0.00000 -1.00000 0.00000
1611678171477812 0.99904 -0.04371 0.00000 -3.39126 -0.04371 -0.99904 0.00000 0.05724 -0.00000 -0.00000 -1.00000 0.00000
1611678171728449 0.99905 -0.04354 -0.00000 -3.39585 -0.04354 -0.99905 0.00000 0.04905 -0.00000 -0.00000 -1.00000 0.00000
1611678171979079 0.99919 -0.04023 0.00000 -3.37436 -0.04023 -0.99919 0.00000 0.04270 -0.00000 -0.00000 -1.00000 0.00000
1611678172229701 0.99928 -0.03784 0.00000 -3.37981 -0.03784 -0.99928 0.00000 0.09034 -0.00000 -0.00000 -1.00000 0.00000
1611678172479083 0.99938 -0.03523 0.00000 -3.37754 -0.03523 -0.99938 0.00000 0.02681 -0.00000 -0.00000 -1.00000 0.00000
1611678172729083 0.99933 -0.03655 0.00000 -3.39911 -0.03655 -0.99933 0.00000 0.03977 -0.00000 -0.00000 -1.00000 0.00000
1611678172978461 0.99919 -0.04030 0.00000 -3.38594 -0.04030 -0.99919 0.00000 -0.04215 -0.00000 -0.00000 -1.00000 -0.00000
1611678173228463 0.99909 -0.04269 0.00000 -3.41372 -0.04269 -0.99909 0.00000 0.02922 -0.00000 -0.00000 -1.00000 0.00000
1611678173477843 0.99923 -0.03915 0.00000 -3.46881 -0.03915 -0.99923 0.00000 0.06707 -0.00000 -0.00000 -1.00000 0.00000
1611678173727221 0.99943 -0.03380 0.00000 -3.46605 -0.03380 -0.99943 0.00000 0.01655 -0.00000 -0.00000 -1.00000 0.00000
1611678173976598 0.99942 -0.03395 0.00000 -3.49845 -0.03395 -0.99942 0.00000 -0.00077 -0.00000 -0.00000 -1.00000 -0.00000
1611678174226596 0.99952 -0.03094 0.00000 -3.53459 -0.03094 -0.99952 0.00000 -0.01666 -0.00000 -0.00000 -1.00000 -0.00000
1611678174477230 0.99965 -0.02647 0.00000 -3.57298 -0.02647 -0.99965 0.00000 -0.00049 -0.00000 -0.00000 -1.00000 -0.00000
1611678174727854 0.99979 -0.02040 -0.00000 -3.58317 -0.02040 -0.99979 0.00000 -0.01799 -0.00000 -0.00000 -1.00000 -0.00000
1611678174979114 0.99953 -0.03071 0.00000 -3.61634 -0.03071 -0.99953 0.00000 0.03067 -0.00000 -0.00000 -1.00000 0.00000
1611678175229110 0.99974 -0.02261 0.00000 -3.61079 -0.02261 -0.99974 0.00000 -0.03035 -0.00000 -0.00000 -1.00000 -0.00000
1611678175479115 0.99981 -0.01933 0.00000 -3.62323 -0.01933 -0.99981 0.00000 -0.00483 -0.00000 -0.00000 -1.00000 -0.00000
1611678175729116 0.99981 -0.01932 0.00000 -3.65333 -0.01932 -0.99981 0.00000 -0.04433 -0.00000 -0.00000 -1.00000 -0.00000
1611678175979116 0.99953 -0.03051 0.00000 -3.62255 -0.03051 -0.99953 0.00000 0.01796 -0.00000 -0.00000 -1.00000 0.00000
1611678176228492 0.99947 -0.03255 0.00000 -3.61506 -0.03255 -0.99947 0.00000 -0.02134 -0.00000 -0.00000 -1.00000 -0.00000
1611678176477252 0.99970 -0.02461 0.00000 -3.63333 -0.02461 -0.99970 0.00000 -0.05283 -0.00000 -0.00000 -1.00000 -0.00000
1611678176727262 0.99967 -0.02557 0.00000 -3.62273 -0.02557 -0.99967 0.00000 -0.01519 -0.00000 -0.00000 -1.00000 -0.00000
1611678176977255 0.99952 -0.03099 0.00000 -3.62223 -0.03099 -0.99952 0.00000 -0.01790 -0.00000 -0.00000 -1.00000 -0.00000
1611678177227257 0.99946 -0.03272 0.00000 -3.63320 -0.03272 -0.99946 0.00000 0.01843 -0.00000 -0.00000 -1.00000 0.00000
1611678177477261 0.99971 -0.02388 0.00000 -3.61665 -0.02388 -0.99971 0.00000 -0.11156 -0.00000 -0.00000 -1.00000 -0.00000
1611678177727889 0.99967 -0.02585 0.00000 -3.61693 -0.02585 -0.99967 0.00000 -0.08104 -0.00000 -0.00000 -1.00000 -0.00000
1611678177979144 0.99961 -0.02801 -0.00000 -3.64585 -0.02801 -0.99961 0.00000 0.02989 -0.00000 -0.00000 -1.00000 0.00000
1611678178229140 0.99975 -0.02240 0.00000 -3.62760 -0.02240 -0.99975 0.00000 -0.07763 -0.00000 -0.00000 -1.00000 -0.00000
1611678178479144 0.99971 -0.02412 0.00000 -3.64347 -0.02412 -0.99971 0.00000 -0.03334 -0.00000 -0.00000 -1.00000 -0.00000
1611678178729147 0.99940 -0.03476 0.00000 -3.63558 -0.03476 -0.99940 0.00000 0.01708 -0.00000 -0.00000 -1.00000 0.00000
1611678178978528 0.99923 -0.03932 0.00000 -3.80542 -0.03932 -0.99923 0.00000 0.04103 -0.00000 -0.00000 -1.00000 0.00000
1611678179227910 0.99895 -0.04581 0.00000 -4.00359 -0.04581 -0.99895 0.00000 0.10149 -0.00000 -0.00000 -1.00000 0.00000
1611678179477283 0.99824 -0.05926 0.00000 -4.29225 -0.05926 -0.99824 0.00000 0.07965 -0.00000 -0.00000 -1.00000 0.00000
1611678179727281 0.99653 -0.08322 0.00000 -4.59713 -0.08322 -0.99653 0.00000 0.18371 -0.00000 -0.00000 -1.00000 0.00000
1611678179977288 0.99419 -0.10764 -0.00000 -4.95895 -0.10764 -0.99419 0.00000 0.27178 -0.00000 -0.00000 -1.00000 0.00000
1611678180227917 0.99197 -0.12647 0.00000 -5.38225 -0.12647 -0.99197 0.00000 0.29088 -0.00000 -0.00000 -1.00000 0.00000
1611678180478548 0.99008 -0.14051 0.00000 -5.86219 -0.14051 -0.99008 0.00000 0.35985 -0.00000 -0.00000 -1.00000 0.00000
1611678180729172 0.98706 -0.16036 -0.00000 -6.40945 -0.16036 -0.98706 0.00000 0.42308 -0.00000 -0.00000 -1.00000 0.00000
1611678180979177 0.98503 -0.17238 0.00000 -7.10099 -0.17238 -0.98503 0.00000 0.56709 -0.00000 -0.00000 -1.00000 0.00000
1611678181228550 0.98522 -0.17132 0.00000 -7.74523 -0.17132 -0.98522 0.00000 0.56683 -0.00000 -0.00000 -1.00000 0.00000
1611678181477932 0.98448 -0.17551 -0.00000 -8.50905 -0.17551 -0.98448 0.00000 0.54418 -0.00000 -0.00000 -1.00000 0.00000
1611678181727307 0.98375 -0.17954 0.00000 -9.13116 -0.17954 -0.98375 0.00000 0.48429 -0.00000 -0.00000 -1.00000 0.00000
1611678181977313 0.98293 -0.18397 0.00000 -9.91171 -0.18397 -0.98293 0.00000 0.60075 -0.00000 -0.00000 -1.00000 0.00000
1611678182227312 0.98259 -0.18579 -0.00000 -10.71461 -0.18579 -0.98259 0.00000 0.62125 -0.00000 -0.00000 -1.00000 0.00000
1611678182477312 0.98120 -0.19298 0.00000 -11.59958 -0.19298 -0.98120 0.00000 0.67223 -0.00000 -0.00000 -1.00000 0.00000
1611678182727947 0.98015 -0.19824 0.00000 -12.46707 -0.19824 -0.98015 0.00000 0.70441 -0.00000 -0.00000 -1.00000 0.00000
1611678182978580 0.98070 -0.19553 0.00000 -13.34091 -0.19553 -0.98070 0.00000 0.71836 -0.00000 -0.00000 -1.00000 0.00000
1611678183229202 0.98227 -0.18745 -0.00000 -14.29366 -0.18745 -0.98227 0.00000 0.62984 -0.00000 -0.00000 -1.00000 0.00000
1611678183480459 0.98185 -0.18966 -0.00000 -15.26774 -0.18966 -0.98185 0.00000 0.66187 -0.00000 -0.00000 -1.00000 0.00000
1611678183730458 0.98232 -0.18722 -0.00000 -16.25643 -0.18722 -0.98232 0.00000 0.48286 -0.00000 -0.00000 -1.00000 0.00000
1611678183979837 0.98510 -0.17200 0.00000 -17.32858 -0.17200 -0.98510 0.00000 0.28308 -0.00000 -0.00000 -1.00000 0.00000
1611678184229212 0.98766 -0.15658 0.00000 -18.27299 -0.15658 -0.98766 0.00000 0.01923 -0.00000 -0.00000 -1.00000 0.00000
1611678184479216 0.98887 -0.14878 0.00000 -19.27954 -0.14878 -0.98887 0.00000 -0.11166 -0.00000 -0.00000 -1.00000 -0.00000
1611678184728605 0.98977 -0.14265 0.00000 -20.39581 -0.14265 -0.98977 0.00000 -0.27450 -0.00000 -0.00000 -1.00000 -0.00000
1611678184977969 0.99193 -0.12676 0.00000 -21.49244 -0.12676 -0.99193 0.00000 -0.53586 -0.00000 -0.00000 -1.00000 -0.00000
1611678185227349 0.99292 -0.11877 0.00000 -22.69570 -0.11877 -0.99292 0.00000 -0.82408 -0.00000 -0.00000 -1.00000 -0.00000
1611678185477355 0.99420 -0.10759 0.00000 -23.85638 -0.10759 -0.99420 0.00000 -1.15566 -0.00000 -0.00000 -1.00000 -0.00000
1611678185727354 0.99530 -0.09680 0.00000 -25.02604 -0.09680 -0.99530 0.00000 -1.45946 -0.00000 -0.00000 -1.00000 -0.00000
1611678185977360 0.99724 -0.07423 0.00000 -26.31423 -0.07423 -0.99724 0.00000 -2.00770 -0.00000 -0.00000 -1.00000 -0.00000
1611678186227986 0.99835 -0.05751 0.00000 -27.51156 -0.05751 -0.99835 0.00000 -2.44610 -0.00000 -0.00000 -1.00000 -0.00000
1611678186478616 0.99919 -0.04017 0.00000 -28.69472 -0.04017 -0.99919 0.00000 -2.94208 -0.00000 -0.00000 -1.00000 -0.00000
1611678186729862 0.99947 -0.03266 0.00000 -30.04095 -0.03266 -0.99947 0.00000 -3.19540 -0.00000 -0.00000 -1.00000 -0.00000
1611678186980493 0.99964 -0.02683 0.00000 -31.35311 -0.02683 -0.99964 0.00000 -3.47396 -0.00000 -0.00000 -1.00000 -0.00000
1611678187231121 0.99973 -0.02336 0.00000 -32.61187 -0.02336 -0.99973 0.00000 -3.56638 -0.00000 -0.00000 -1.00000 -0.00000
1611678187481122 0.99979 -0.02026 0.00000 -33.92138 -0.02026 -0.99979 0.00000 -3.55852 -0.00000 -0.00000 -1.00000 -0.00000
1611678187729878 0.99987 -0.01607 0.00000 -35.25576 -0.01607 -0.99987 0.00000 -3.88783 -0.00000 -0.00000 -1.00000 -0.00000
1611678187979882 0.99995 -0.01041 0.00000 -36.43363 -0.01041 -0.99995 0.00000 -4.07619 -0.00000 -0.00000 -1.00000 -0.00000
1611678188228630 1.00000 -0.00221 0.00000 -37.67968 -0.00221 -1.00000 0.00000 -4.36023 -0.00000 -0.00000 -1.00000 -0.00000
1611678188478631 1.00000 -0.00151 -0.00000 -38.98918 -0.00151 -1.00000 0.00000 -4.46659 -0.00000 -0.00000 -1.00000 -0.00000
1611678188728637 0.99992 -0.01255 0.00000 -40.27395 -0.01255 -0.99992 0.00000 -4.00176 -0.00000 -0.00000 -1.00000 -0.00000
1611678188978014 0.99993 -0.01143 -0.00000 -41.40423 -0.01143 -0.99993 0.00000 -4.15389 -0.00000 -0.00000 -1.00000 -0.00000
1611678189227396 0.99998 -0.00653 0.00000 -42.52587 -0.00653 -0.99998 0.00000 -4.30495 -0.00000 -0.00000 -1.00000 -0.00000
1611678189477399 1.00000 -0.00205 0.00000 -43.70086 -0.00205 -1.00000 0.00000 -4.60606 -0.00000 -0.00000 -1.00000 -0.00000
1611678189728022 1.00000 0.00088 0.00000 -44.81036 0.00088 -1.00000 0.00000 -4.69655 0.00000 -0.00000 -1.00000 -0.00000
1611678189978652 1.00000 -0.00056 0.00000 -45.90924 -0.00056 -1.00000 0.00000 -4.77840 -0.00000 -0.00000 -1.00000 -0.00000
1611678190229904 1.00000 -0.00236 0.00000 -46.94651 -0.00236 -1.00000 0.00000 -4.56065 -0.00000 -0.00000 -1.00000 -0.00000
1611678190479907 0.99997 0.00766 0.00000 -47.99494 0.00766 -0.99997 0.00000 -5.09973 0.00000 -0.00000 -1.00000 -0.00000
1611678190729907 0.99993 0.01211 0.00000 -48.99183 0.01211 -0.99993 0.00000 -5.34355 0.00000 -0.00000 -1.00000 -0.00000
1611678190979294 0.99994 0.01056 0.00000 -50.00787 0.01056 -0.99994 0.00000 -5.26234 0.00000 -0.00000 -1.00000 -0.00000
1611678191228667 0.99995 0.00991 0.00000 -51.03167 0.00991 -0.99995 0.00000 -5.20335 0.00000 -0.00000 -1.00000 -0.00000
1611678191478041 0.99998 0.00681 -0.00000 -52.11841 0.00681 -0.99998 0.00000 -5.02967 0.00000 -0.00000 -1.00000 -0.00000
1611678191727420 0.99999 0.00346 -0.00000 -53.15598 0.00346 -0.99999 0.00000 -4.85031 0.00000 -0.00000 -1.00000 -0.00000
1611678191977422 1.00000 -0.00287 0.00000 -54.28970 -0.00287 -1.00000 0.00000 -4.55086 -0.00000 -0.00000 -1.00000 -0.00000
1611678192227427 0.99998 -0.00612 0.00000 -55.48249 -0.00612 -0.99998 0.00000 -4.38784 -0.00000 -0.00000 -1.00000 -0.00000
1611678192477432 0.99999 -0.00401 0.00000 -56.61445 -0.00401 -0.99999 0.00000 -4.57896 -0.00000 -0.00000 -1.00000 -0.00000
1611678192728070 0.99995 -0.00986 0.00000 -57.91239 -0.00986 -0.99995 0.00000 -4.21501 -0.00000 -0.00000 -1.00000 -0.00000
1611678192978686 0.99979 -0.02026 0.00000 -59.11466 -0.02026 -0.99979 0.00000 -3.62927 -0.00000 -0.00000 -1.00000 -0.00000
1611678193229938 0.99964 -0.02675 0.00000 -60.55218 -0.02675 -0.99964 0.00000 -3.19662 -0.00000 -0.00000 -1.00000 -0.00000
1611678193480568 0.99968 -0.02543 0.00000 -61.89505 -0.02543 -0.99968 0.00000 -3.37653 -0.00000 -0.00000 -1.00000 -0.00000
1611678193730568 0.99969 -0.02498 0.00000 -63.34783 -0.02498 -0.99969 0.00000 -3.48856 -0.00000 -0.00000 -1.00000 -0.00000
1611678193979948 0.99972 -0.02377 -0.00000 -64.70641 -0.02377 -0.99972 0.00000 -3.60966 -0.00000 -0.00000 -1.00000 -0.00000
1611678194229947 0.99964 -0.02681 0.00000 -66.28966 -0.02681 -0.99964 0.00000 -3.47306 -0.00000 -0.00000 -1.00000 -0.00000
1611678194479321 0.99961 -0.02806 0.00000 -67.76819 -0.02806 -0.99961 0.00000 -3.32612 -0.00000 -0.00000 -1.00000 -0.00000
1611678194728707 0.99963 -0.02730 0.00000 -69.30355 -0.02730 -0.99963 0.00000 -3.41975 -0.00000 -0.00000 -1.00000 -0.00000
1611678194978085 0.99974 -0.02298 -0.00000 -70.81949 -0.02298 -0.99974 0.00000 -3.65311 -0.00000 -0.00000 -1.00000 -0.00000
1611678195227456 0.99984 -0.01771 -0.00000 -72.29854 -0.01771 -0.99984 0.00000 -4.10430 -0.00000 -0.00000 -1.00000 -0.00000
1611678195477459 0.99976 -0.02209 -0.00000 -73.82610 -0.02209 -0.99976 0.00000 -3.81790 -0.00000 -0.00000 -1.00000 -0.00000
1611678195727464 0.99979 -0.02057 0.00000 -75.35964 -0.02057 -0.99979 0.00000 -3.94801 -0.00000 -0.00000 -1.00000 -0.00000
1611678195978092 0.99965 -0.02661 0.00000 -76.85811 -0.02661 -0.99965 0.00000 -3.51678 -0.00000 -0.00000 -1.00000 -0.00000
1611678196229346 0.99947 -0.03248 0.00000 -78.38374 -0.03248 -0.99947 0.00000 -3.03959 -0.00000 -0.00000 -1.00000 -0.00000
1611678196479976 0.99910 -0.04249 0.00000 -79.88633 -0.04249 -0.99910 0.00000 -2.27188 -0.00000 -0.00000 -1.00000 -0.00000
1611678196729976 0.99879 -0.04916 0.00000 -81.38923 -0.04916 -0.99879 0.00000 -1.78012 -0.00000 -0.00000 -1.00000 -0.00000
1611678196979355 0.99838 -0.05681 0.00000 -82.84668 -0.05681 -0.99838 0.00000 -1.10176 -0.00000 -0.00000 -1.00000 -0.00000
1611678197229980 0.99703 -0.07698 0.00000 -84.34393 -0.07698 -0.99703 0.00000 0.59332 -0.00000 -0.00000 -1.00000 0.00000
1611678197478113 0.99630 -0.08592 0.00000 -85.76822 -0.08592 -0.99630 0.00000 1.30397 -0.00000 -0.00000 -1.00000 0.00000
1611678197728113 0.99372 -0.11191 0.00000 -87.13125 -0.11191 -0.99372 0.00000 3.49868 -0.00000 -0.00000 -1.00000 0.00000
1611678197978116 0.98920 -0.14654 0.00000 -88.33488 -0.14654 -0.98920 0.00000 6.63080 -0.00000 -0.00000 -1.00000 0.00000
1611678198227488 0.98440 -0.17593 -0.00000 -89.47709 -0.17593 -0.98440 0.00000 9.19420 -0.00000 -0.00000 -1.00000 0.00000
1611678198477499 0.97753 -0.21081 0.00000 -90.46839 -0.21081 -0.97753 0.00000 12.28800 -0.00000 -0.00000 -1.00000 0.00000
1611678198728126 0.96848 -0.24908 -0.00000 -91.32193 -0.24908 -0.96848 0.00000 15.91654 -0.00000 -0.00000 -1.00000 0.00000
1611678198979384 0.95850 -0.28511 0.00000 -92.07173 -0.28511 -0.95850 0.00000 19.25851 -0.00000 -0.00000 -1.00000 0.00000
1611678199229379 0.94822 -0.31761 0.00000 -92.80872 -0.31761 -0.94822 0.00000 22.36004 -0.00000 -0.00000 -1.00000 0.00000
1611678199480014 0.93157 -0.36357 0.00000 -93.00477 -0.36357 -0.93157 0.00000 26.92080 -0.00000 -0.00000 -1.00000 0.00000
1611678199729387 0.91565 -0.40198 0.00000 -93.18659 -0.40198 -0.91565 0.00000 30.68637 -0.00000 -0.00000 -1.00000 0.00000
1611678199978766 0.89476 -0.44655 -0.00000 -92.96785 -0.44655 -0.89476 0.00000 35.16494 -0.00000 -0.00000 -1.00000 0.00000
1611678200228142 0.87216 -0.48923 0.00000 -92.49752 -0.48923 -0.87216 0.00000 39.61916 -0.00000 -0.00000 -1.00000 0.00000
1611678200477520 0.85406 -0.52018 -0.00000 -92.36349 -0.52018 -0.85406 0.00000 42.91216 -0.00000 -0.00000 -1.00000 0.00000
1611678200727533 0.82578 -0.56400 0.00000 -91.40720 -0.56400 -0.82578 0.00000 47.71261 -0.00000 -0.00000 -1.00000 0.00000
1611678200977524 0.80210 -0.59719 0.00000 -90.71506 -0.59719 -0.80210 0.00000 51.41702 -0.00000 -0.00000 -1.00000 0.00000
1611678201227524 0.77303 -0.63437 0.00000 -89.55881 -0.63437 -0.77303 0.00000 55.59212 -0.00000 -0.00000 -1.00000 0.00000
1611678201478780 0.74281 -0.66950 0.00000 -88.29185 -0.66950 -0.74281 0.00000 59.71640 -0.00000 -0.00000 -1.00000 0.00000
1611678201729407 0.71240 -0.70178 0.00000 -86.92788 -0.70178 -0.71240 0.00000 63.44932 -0.00000 -0.00000 -1.00000 0.00000
1611678201979413 0.68144 -0.73187 0.00000 -85.63766 -0.73187 -0.68144 0.00000 67.24694 -0.00000 -0.00000 -1.00000 0.00000
1611678202229413 0.63579 -0.77186 0.00000 -82.83106 -0.77186 -0.63579 0.00000 72.38728 -0.00000 -0.00000 -1.00000 0.00000
1611678202478791 0.59785 -0.80161 0.00000 -80.65227 -0.80161 -0.59785 0.00000 76.10174 -0.00000 -0.00000 -1.00000 0.00000
1611678202728172 0.55569 -0.83139 0.00000 -78.12279 -0.83139 -0.55569 0.00000 80.15644 -0.00000 -0.00000 -1.00000 0.00000
1611678202977550 0.50794 -0.86139 0.00000 -74.93087 -0.86139 -0.50794 0.00000 84.29599 -0.00000 -0.00000 -1.00000 0.00000
1611678203227551 0.45766 -0.88913 -0.00000 -71.47210 -0.88913 -0.45766 0.00000 88.65766 -0.00000 -0.00000 -1.00000 0.00000
1611678203477555 0.41496 -0.90984 0.00000 -68.70193 -0.90984 -0.41496 0.00000 91.95926 -0.00000 -0.00000 -1.00000 0.00000
1611678203727555 0.38650 -0.92229 0.00000 -67.35026 -0.92229 -0.38650 0.00000 93.92628 -0.00000 -0.00000 -1.00000 0.00000
1611678203978185 0.36852 -0.92962 0.00000 -67.07581 -0.92962 -0.36852 0.00000 95.15055 -0.00000 -0.00000 -1.00000 0.00000
1611678204229437 0.35022 -0.93667 -0.00000 -66.79702 -0.93667 -0.35022 0.00000 96.52604 -0.00000 -0.00000 -1.00000 0.00000
1611678204480066 0.34527 -0.93850 0.00000 -67.82531 -0.93850 -0.34527 0.00000 96.81380 -0.00000 -0.00000 -1.00000 0.00000
1611678204730065 0.34678 -0.93795 0.00000 -69.59241 -0.93795 -0.34678 0.00000 96.74233 -0.00000 -0.00000 -1.00000 0.00000
1611678204979443 0.34793 -0.93752 0.00000 -71.37005 -0.93752 -0.34793 0.00000 96.64686 -0.00000 -0.00000 -1.00000 0.00000
1611678205228826 0.34750 -0.93768 0.00000 -72.96654 -0.93768 -0.34750 0.00000 96.65593 -0.00000 -0.00000 -1.00000 0.00000
1611678205478202 0.34897 -0.93713 0.00000 -74.82791 -0.93713 -0.34897 0.00000 96.45471 -0.00000 -0.00000 -1.00000 0.00000
1611678205728203 0.34390 -0.93900 0.00000 -75.99394 -0.93900 -0.34390 0.00000 96.82589 -0.00000 -0.00000 -1.00000 0.00000
1611678205978204 0.34619 -0.93816 0.00000 -77.99673 -0.93816 -0.34619 0.00000 96.77326 -0.00000 -0.00000 -1.00000 0.00000
1611678206227596 0.35490 -0.93490 -0.00000 -80.59701 -0.93490 -0.35490 0.00000 95.84229 -0.00000 -0.00000 -1.00000 0.00000
1611678206478212 0.35967 -0.93308 0.00000 -82.95255 -0.93308 -0.35967 0.00000 95.40499 -0.00000 -0.00000 -1.00000 0.00000
1611678206728843 0.37256 -0.92801 0.00000 -85.99941 -0.92801 -0.37256 0.00000 94.16311 -0.00000 -0.00000 -1.00000 0.00000
1611678206980099 0.38683 -0.92215 0.00000 -89.27235 -0.92215 -0.38683 0.00000 92.88336 -0.00000 -0.00000 -1.00000 0.00000
1611678207230096 0.40396 -0.91477 -0.00000 -92.78623 -0.91477 -0.40396 0.00000 91.02951 -0.00000 -0.00000 -1.00000 0.00000
1611678207480098 0.42067 -0.90721 -0.00000 -96.23039 -0.90721 -0.42067 0.00000 89.42535 -0.00000 -0.00000 -1.00000 0.00000
1611678207729476 0.43680 -0.89956 0.00000 -99.50031 -0.89956 -0.43680 0.00000 87.66016 -0.00000 -0.00000 -1.00000 0.00000
1611678207978849 0.45708 -0.88943 -0.00000 -103.22382 -0.88943 -0.45708 0.00000 85.31088 -0.00000 -0.00000 -1.00000 0.00000
1611678208227941 0.47518 -0.87989 0.00000 -106.69571 -0.87989 -0.47518 0.00000 83.18970 -0.00000 -0.00000 -1.00000 0.00000
1611678208477607 0.50084 -0.86554 -0.00000 -110.70226 -0.86554 -0.50084 0.00000 79.96610 -0.00000 -0.00000 -1.00000 0.00000
1611678208728245 0.51661 -0.85622 0.00000 -113.89025 -0.85622 -0.51661 0.00000 77.90743 -0.00000 -0.00000 -1.00000 0.00000
1611678208978240 0.54344 -0.83945 0.00000 -117.85619 -0.83945 -0.54344 0.00000 74.29475 -0.00000 -0.00000 -1.00000 0.00000
1611678209228869 0.56296 -0.82648 0.00000 -121.20619 -0.82648 -0.56296 0.00000 71.36651 -0.00000 -0.00000 -1.00000 0.00000
1611678209479496 0.58065 -0.81415 0.00000 -124.24564 -0.81415 -0.58065 0.00000 68.65473 -0.00000 -0.00000 -1.00000 0.00000
1611678209729494 0.60083 -0.79938 0.00000 -127.51147 -0.79938 -0.60083 0.00000 65.48414 -0.00000 -0.00000 -1.00000 0.00000
1611678209979499 0.61399 -0.78931 0.00000 -130.24589 -0.78931 -0.61399 0.00000 63.28012 -0.00000 -0.00000 -1.00000 0.00000
1611678210228880 0.63522 -0.77233 0.00000 -133.31783 -0.77233 -0.63522 0.00000 59.64856 -0.00000 -0.00000 -1.00000 0.00000
1611678210478884 0.64653 -0.76289 0.00000 -135.67461 -0.76289 -0.64653 0.00000 57.88628 -0.00000 -0.00000 -1.00000 0.00000
1611678210728260 0.66420 -0.74756 0.00000 -138.48788 -0.74756 -0.66420 0.00000 54.56316 -0.00000 -0.00000 -1.00000 0.00000
1611678210978260 0.67566 -0.73721 0.00000 -140.76694 -0.73721 -0.67566 0.00000 52.35870 -0.00000 -0.00000 -1.00000 0.00000
1611678211228265 0.68707 -0.72659 0.00000 -142.90790 -0.72659 -0.68707 0.00000 50.15223 -0.00000 -0.00000 -1.00000 0.00000
1611678211478897 0.69116 -0.72270 0.00000 -144.57145 -0.72270 -0.69116 0.00000 49.45890 -0.00000 -0.00000 -1.00000 0.00000
1611678211729520 0.69838 -0.71572 0.00000 -146.34159 -0.71572 -0.69838 0.00000 47.96034 -0.00000 -0.00000 -1.00000 0.00000
1611678211980149 0.69828 -0.71583 0.00000 -147.61185 -0.71583 -0.69828 0.00000 48.08348 -0.00000 -0.00000 -1.00000 0.00000
1611678212230146 0.70358 -0.71062 0.00000 -149.19703 -0.71062 -0.70358 0.00000 46.83542 -0.00000 -0.00000 -1.00000 0.00000
1611678212480154 0.70838 -0.70584 0.00000 -150.62570 -0.70584 -0.70838 0.00000 45.86643 -0.00000 -0.00000 -1.00000 0.00000
1611678212729532 0.71365 -0.70050 0.00000 -152.13080 -0.70050 -0.71365 0.00000 44.73909 -0.00000 -0.00000 -1.00000 0.00000
1611678212978909 0.72476 -0.68901 0.00000 -153.88109 -0.68901 -0.72476 0.00000 42.20589 -0.00000 -0.00000 -1.00000 0.00000
1611678213228286 0.73953 -0.67312 0.00000 -155.80074 -0.67312 -0.73953 0.00000 38.90621 -0.00000 -0.00000 -1.00000 0.00000
1611678213477041 0.76158 -0.64807 -0.00000 -157.95546 -0.64807 -0.76158 0.00000 33.69427 -0.00000 -0.00000 -1.00000 0.00000
1611678213727042 0.79406 -0.60784 -0.00000 -160.43517 -0.60784 -0.79406 0.00000 25.48249 -0.00000 -0.00000 -1.00000 0.00000
1611678213977674 0.82970 -0.55821 0.00000 -162.55098 -0.55821 -0.82970 0.00000 15.66509 -0.00000 -0.00000 -1.00000 0.00000
1611678214227673 0.87480 -0.48449 -0.00000 -164.08669 -0.48449 -0.87480 0.00000 1.50255 -0.00000 -0.00000 -1.00000 0.00000
1611678214478926 0.90899 -0.41681 0.00000 -164.62328 -0.41681 -0.90899 0.00000 -10.91189 -0.00000 -0.00000 -1.00000 -0.00000
1611678214729551 0.93790 -0.34690 0.00000 -164.03515 -0.34690 -0.93790 0.00000 -23.21091 -0.00000 -0.00000 -1.00000 -0.00000
1611678214980184 0.96236 -0.27178 0.00000 -162.41298 -0.27178 -0.96236 0.00000 -36.15410 -0.00000 -0.00000 -1.00000 -0.00000
1611678215230182 0.98342 -0.18132 0.00000 -159.05806 -0.18132 -0.98342 0.00000 -50.98457 -0.00000 -0.00000 -1.00000 -0.00000
1611678215480184 0.99621 -0.08698 -0.00000 -154.17163 -0.08698 -0.99621 0.00000 -65.84340 -0.00000 -0.00000 -1.00000 -0.00000
1611678215729564 0.99981 0.01925 -0.00000 -146.98034 0.01925 -0.99981 0.00000 -81.79586 0.00000 -0.00000 -1.00000 -0.00000
1611678215978940 0.99255 0.12183 0.00000 -138.46066 0.12183 -0.99255 0.00000 -96.50200 0.00000 -0.00000 -1.00000 -0.00000
1611678216228321 0.97383 0.22729 -0.00000 -127.97472 0.22729 -0.97383 0.00000 -110.69640 0.00000 -0.00000 -1.00000 -0.00000
1611678216478323 0.94418 0.32942 0.00000 -116.02605 0.32942 -0.94418 0.00000 -123.61487 0.00000 -0.00000 -1.00000 -0.00000
1611678216728338 0.90261 0.43046 0.00000 -102.49718 0.43046 -0.90261 0.00000 -135.48197 0.00000 -0.00000 -1.00000 -0.00000
1611678216978333 0.84436 0.53578 0.00000 -86.11943 0.53578 -0.84436 0.00000 -146.80268 0.00000 -0.00000 -1.00000 -0.00000
1611678217228954 0.77885 0.62721 0.00000 -69.62846 0.62721 -0.77885 0.00000 -155.47060 0.00000 -0.00000 -1.00000 -0.00000
1611678217480212 0.70702 0.70720 0.00000 -53.14950 0.70720 -0.70702 0.00000 -162.01846 0.00000 -0.00000 -1.00000 -0.00000
1611678217730214 0.60930 0.79294 0.00000 -32.26302 0.79294 -0.60930 0.00000 -167.52280 0.00000 -0.00000 -1.00000 -0.00000
1611678217980212 0.51593 0.85663 0.00000 -13.78785 0.85663 -0.51593 0.00000 -170.05605 0.00000 -0.00000 -1.00000 -0.00000
1611678218229588 0.40684 0.91350 0.00000 6.57630 0.91350 -0.40684 0.00000 -170.42035 0.00000 -0.00000 -1.00000 -0.00000
1611678218478967 0.29627 0.95510 0.00000 26.04566 0.95510 -0.29627 0.00000 -168.39433 0.00000 -0.00000 -1.00000 -0.00000
1611678218728348 0.17878 0.98389 0.00000 45.65956 0.98389 -0.17878 0.00000 -163.98483 0.00000 -0.00000 -1.00000 -0.00000
1611678218978353 0.06338 0.99799 0.00000 63.77730 0.99799 -0.06338 0.00000 -157.50313 0.00000 -0.00000 -1.00000 -0.00000
1611678219228357 -0.05631 0.99841 0.00000 81.56595 0.99841 0.05631 0.00000 -148.79433 0.00000 0.00000 -1.00000 -0.00000
1611678219478986 -0.17784 0.98406 0.00000 98.56937 0.98406 0.17784 0.00000 -137.68524 0.00000 0.00000 -1.00000 -0.00000
1611678219730231 -0.29150 0.95657 0.00000 113.36924 0.95657 0.29150 0.00000 -125.09748 0.00000 0.00000 -1.00000 -0.00000
1611678219980241 -0.40803 0.91297 0.00000 127.59029 0.91297 0.40803 0.00000 -110.05050 0.00000 0.00000 -1.00000 -0.00000
1611678220230240 -0.50558 0.86278 0.00000 138.21176 0.86278 0.50558 0.00000 -95.34767 0.00000 0.00000 -1.00000 -0.00000
1611678220479621 -0.60090 0.79933 0.00000 147.75208 0.79933 0.60090 0.00000 -78.85133 0.00000 0.00000 -1.00000 -0.00000
1611678220728996 -0.68072 0.73254 0.00000 154.50520 0.73254 0.68072 0.00000 -63.08779 0.00000 0.00000 -1.00000 -0.00000
