0.996 0.091 0. 2.953 0.091 -0.996 0. -1.801 0. 0. -1. 0.
0.996 0.091 0. 2.953 0.091 -0.996 0. -1.801 0. 0. -1. 0.
0.996 0.091 0. 2.953 0.091 -0.996 0. -1.801 0. 0. -1. 0.
0.996 0.092 0. 2.953 0.092 -0.996 0. -1.801 0. 0. -1. 0.
0.996 0.092 0. 2.953 0.092 -0.996 0. -1.801 0. 0. -1. 0.
0.996 0.092 0. 2.953 0.092 -0.996 0. -1.801 0. 0. -1. 0.
0.996 0.091 0. 2.953 0.091 -0.996 0. -1.801 0. 0. -1. 0.
0.996 0.091 0. 2.953 0.091 -0.996 0. -1.801 0. 0. -1. 0.
0.996 0.091 0. 2.953 0.091 -0.996 0. -1.801 0. 0. -1. 0.
0.996 0.091 0. 2.953 0.091 -0.996 0. -1.801 0. 0. -1. 0.
0.996 0.091 0. 2.953 0.091 -0.996 0. -1.801 0. 0. -1. 0.
0.996 0.091 0. 2.953 0.091 -0.996 0. -1.801 0. 0. -1. 0.
0.996 0.091 0. 2.953 0.091 -0.996 0. -1.801 0. 0. -1. 0.
0.996 0.091 0. 2.953 0.091 -0.996 0. -1.801 0. 0. -1. 0.
0.996 0.091 0. 2.953 0.091 -0.996 0. -1.801 0. 0. -1. 0.
0.996 0.091 0. 2.953 0.091 -0.996 0. -1.801 0. 0. -1. 0.
0.996 0.091 0. 2.953 0.091 -0.996 0. -1.801 0. 0. -1. 0.
0.996 0.092 0. 2.953 0.092 -0.996 0. -1.801 0. 0. -1. 0.
0.996 0.092 0. 2.953 0.092 -0.996 0. -1.801 0. 0. -1. 0.
0.996 0.091 0. 2.953 0.091 -0.996 0. -1.801 0. 0. -1. 0.
0.996 0.091 0. 2.953 0.091 -0.996 0. -1.801 0. 0. -1. 0.
0.996 0.091 0. 2.953 0.091 -0.996 0. -1.801 0. 0. -1. 0.
0.996 0.091 0. 2.953 0.091 -0.996 0. -1.801 0. 0. -1. 0.
0.996 0.091 0. 2.953 0.091 -0.996 0. -1.801 0. 0. -1. 0.
0.996 0.092 0. 2.953 0.092 -0.996 0. -1.801 0. 0. -1. 0.
0.996 0.091 0. 2.953 0.091 -0.996 0. -1.801 0. 0. -1. 0.
0.996 0.091 0. 2.953 0.091 -0.996 0. -1.801 0. 0. -1. 0.
0.996 0.091 0. 2.953 0.091 -0.996 0. -1.801 0. 0. -1. 0.
0.996 0.091 0. 2.953 0.091 -0.996 0. -1.801 0. 0. -1. 0.
0.996 0.091 0. 2.953 0.091 -0.996 0. -1.801 0. 0. -1. 0.
0.996 0.091 0. 2.953 0.091 -0.996 0. -1.801 0. 0. -1. 0.
0.996 0.092 0. 2.953 0.092 -0.996 0. -1.801 0. 0. -1. 0.
0.996 0.092 0. 2.953 0.092 -0.996 0. -1.801 0. 0. -1. 0.
0.996 0.092 0. 2.953 0.092 -0.996 0. -1.801 0. 0. -1. 0.
0.996 0.092 0. 2.953 0.092 -0.996 0. -1.801 0. 0. -1. 0.
0.996 0.091 0. 2.953 0.091 -0.996 0. -1.801 0. 0. -1. 0.
0.996 0.091 0. 2.953 0.091 -0.996 0. -1.801 0. 0. -1. 0.
0.996 0.091 0. 2.953 0.091 -0.996 0. -1.801 0. 0. -1. 0.
0.996 0.091 0. 2.953 0.091 -0.996 0. -1.801 0. 0. -1. 0.
0.996 0.091 0. 2.953 0.091 -0.996 0. -1.801 0. 0. -1. 0.
0.996 0.091 0. 2.953 0.091 -0.996 0. -1.801 0. 0. -1. 0.
0.996 0.091 0. 2.953 0.091 -0.996 0. -1.801 0. 0. -1. 0.
0.996 0.091 0. 2.953 0.091 -0.996 0. -1.801 0. 0. -1. 0.
0.996 0.091 0. 2.953 0.091 -0.996 0. -1.801 0. 0. -1. 0.
0.996 0.091 0. 2.953 0.091 -0.996 0. -1.801 0. 0. -1. 0.
0.996 0.091 0. 2.953 0.091 -0.996 0. -1.801 0. 0. -1. 0.
0.996 0.091 0. 2.953 0.091 -0.996 0. -1.801 0. 0. -1. 0.
0.996 0.091 0. 2.953 0.091 -0.996 0. -1.801 0. 0. -1. 0.
0.996 0.091 0. 2.953 0.091 -0.996 0. -1.801 0. 0. -1. 0.
0.996 0.091 0. 2.953 0.091 -0.996 0. -1.801 0. 0. -1. 0.
0.996 0.091 0. 2.953 0.091 -0.996 0. -1.801 0. 0. -1. 0.
0.996 0.091 0. 2.953 0.091 -0.996 0. -1.801 0. 0. -1. 0.
0.996 0.091 0. 2.953 0.091 -0.996 0. -1.801 0. 0. -1. 0.
0.996 0.091 0. 2.953 0.091 -0.996 0. -1.801 0. 0. -1. 0.
0.996 0.091 0. 2.953 0.091 -0.996 0. -1.801 0. 0. -1. 0.
0.996 0.091 0. 2.953 0.091 -0.996 0. -1.801 0. 0. -1. 0.
0.996 0.092 0. 2.953 0.092 -0.996 0. -1.801 0. 0. -1. 0.
0.996 0.092 0. 2.953 0.092 -0.996 0. -1.801 0. 0. -1. 0.
0.996 0.091 0. 2.953 0.091 -0.996 0. -1.801 0. 0. -1. 0.
0.996 0.091 0. 2.953 0.091 -0.996 0. -1.801 0. 0. -1. 0.
0.996 0.091 0. 2.953 0.091 -0.996 0. -1.801 0. 0. -1. 0.
0.996 0.091 0. 2.953 0.091 -0.996 0. -1.801 0. 0. -1. 0.
0.996 0.091 0. 2.953 0.091 -0.996 0. -1.801 0. 0. -1. 0.
0.996 0.091 0. 2.953 0.091 -0.996 0. -1.801 0. 0. -1. 0.
0.996 0.091 0. 2.952 0.091 -0.996 0. -1.799 0. 0. -1. 0.
0.996 0.091 0. 2.954 0.091 -0.996 0. -1.800 0. 0. -1. 0.
0.996 0.092 0. 2.970 0.092 -0.996 0. -1.796 0. 0. -1. 0.
0.996 0.094 0. 3.002 0.094 -0.996 0. -1.794 0. 0. -1. 0.
0.995 0.097 0. 3.048 0.097 -0.995 0. -1.789 0. 0. -1. 0.
0.995 0.105 0. 3.122 0.105 -0.995 0. -1.777 0. 0. -1. 0.
0.993 0.118 0. 3.247 0.118 -0.993 0. -1.759 0. 0. -1. 0.
0.990 0.138 0. 3.448 0.138 -0.990 0. -1.728 0. 0. -1. 0.
0.987 0.163 0. 3.730 0.163 -0.987 0. -1.677 0. 0. -1. 0.
0.981 0.191 0. 4.089 0.191 -0.981 0. -1.600 0. 0. -1. 0.
0.976 0.218 0. 4.524 0.218 -0.976 0. -1.508 0. 0. -1. 0.
0.971 0.240 0. 5.028 0.240 -0.971 0. -1.392 0. 0. -1. 0.
0.967 0.256 0. 5.584 0.256 -0.967 0. -1.250 0. 0. -1. 0.
0.963 0.268 0. 6.192 0.268 -0.963 0. -1.086 0. 0. -1. 0.
0.961 0.276 0. 6.852 0.276 -0.961 0. -0.896 0. 0. -1. 0.
0.961 0.277 0. 7.574 0.277 -0.961 0. -0.711 0. 0. -1. 0.
0.962 0.274 0. 8.340 0.274 -0.962 0. -0.509 0. 0. -1. 0.
0.963 0.269 0. 9.150 0.269 -0.963 0. -0.274 0. 0. -1. 0.
0.965 0.261 0. 10.030 0.261 -0.965 0. -0.061 0. 0. -1. 0.
0.968 0.251 0. 10.963 0.251 -0.968 0. 0.156 0. 0. -1. 0.
0.971 0.240 0. 11.947 0.240 -0.971 0. 0.392 0. 0. -1. 0.
0.973 0.232 0. 12.981 0.232 -0.973 0. 0.629 0. 0. -1. 0.
0.974 0.225 0. 14.001 0.225 -0.974 0. 0.846 0. 0. -1. 0.
0.975 0.224 0. 15.075 0.224 -0.975 0. 1.062 0. 0. -1. 0.
0.975 0.221 0. 16.226 0.221 -0.975 0. 1.330 0. 0. -1. 0.
0.976 0.220 0. 17.438 0.220 -0.976 0. 1.560 0. 0. -1. 0.
0.976 0.219 0. 18.710 0.219 -0.976 0. 1.826 0. 0. -1. 0.
0.976 0.219 0. 20.056 0.219 -0.976 0. 2.097 0. 0. -1. 0.
0.976 0.219 0. 21.465 0.219 -0.976 0. 2.376 0. 0. -1. 0.
0.975 0.220 0. 22.916 0.220 -0.975 0. 2.678 0. 0. -1. 0.
0.975 0.223 0. 24.386 0.223 -0.975 0. 2.980 0. 0. -1. 0.
0.974 0.226 0. 25.891 0.226 -0.974 0. 3.294 0. 0. -1. 0.
0.974 0.228 0. 27.398 0.228 -0.974 0. 3.611 0. 0. -1. 0.
0.973 0.231 0. 28.879 0.231 -0.973 0. 3.912 0. 0. -1. 0.
0.972 0.234 0. 30.376 0.234 -0.972 0. 4.259 0. 0. -1. 0.
0.971 0.238 0. 31.827 0.238 -0.971 0. 4.580 0. 0. -1. 0.
0.971 0.240 0. 33.238 0.240 -0.971 0. 4.917 0. 0. -1. 0.
0.970 0.243 0. 34.716 0.243 -0.970 0. 5.269 0. 0. -1. 0.
0.969 0.249 0. 36.205 0.249 -0.969 0. 5.615 0. 0. -1. 0.
0.967 0.256 0. 37.671 0.256 -0.967 0. 5.964 0. 0. -1. 0.
0.965 0.264 0. 39.168 0.264 -0.965 0. 6.346 0. 0. -1. 0.
0.963 0.268 0. 40.676 0.268 -0.963 0. 6.713 0. 0. -1. 0.
0.962 0.272 0. 42.163 0.272 -0.962 0. 7.117 0. 0. -1. 0.
0.961 0.275 0. 43.651 0.275 -0.961 0. 7.489 0. 0. -1. 0.
0.961 0.277 0. 45.151 0.277 -0.961 0. 7.900 0. 0. -1. 0.
0.960 0.279 0. 46.672 0.279 -0.960 0. 8.307 0. 0. -1. 0.
0.960 0.281 0. 48.221 0.281 -0.960 0. 8.741 0. 0. -1. 0.
0.959 0.284 0. 49.808 0.284 -0.959 0. 9.170 0. 0. -1. 0.
0.959 0.285 0. 51.430 0.285 -0.959 0. 9.634 0. 0. -1. 0.
0.960 0.280 0. 53.074 0.280 -0.960 0. 10.095 0. 0. -1. 0.
0.962 0.274 0. 54.754 0.274 -0.962 0. 10.533 0. 0. -1. 0.
0.963 0.268 0. 56.499 0.268 -0.963 0. 10.974 0. 0. -1. 0.
0.965 0.262 0. 58.251 0.262 -0.965 0. 11.402 0. 0. -1. 0.
0.966 0.260 0. 60.055 0.260 -0.966 0. 11.838 0. 0. -1. 0.
0.966 0.257 0. 61.868 0.257 -0.966 0. 12.291 0. 0. -1. 0.
0.967 0.254 0. 63.713 0.254 -0.967 0. 12.753 0. 0. -1. 0.
0.968 0.251 0. 65.541 0.251 -0.968 0. 13.210 0. 0. -1. 0.
0.970 0.244 0. 67.381 0.244 -0.970 0. 13.638 0. 0. -1. 0.
0.972 0.237 0. 69.245 0.237 -0.972 0. 14.061 0. 0. -1. 0.
0.974 0.228 0. 71.104 0.228 -0.974 0. 14.469 0. 0. -1. 0.
0.976 0.218 0. 72.962 0.218 -0.976 0. 14.855 0. 0. -1. 0.
0.979 0.205 0. 74.829 0.205 -0.979 0. 15.209 0. 0. -1. 0.
0.982 0.188 0. 76.691 0.188 -0.982 0. 15.553 0. 0. -1. 0.
0.987 0.162 0. 78.573 0.162 -0.987 0. 15.827 0. 0. -1. 0.
0.992 0.126 0. 80.470 0.126 -0.992 0. 16.067 0. 0. -1. 0.
0.997 0.083 0. 82.362 0.083 -0.997 0. 16.216 0. 0. -1. 0.
0.999 0.037 0. 84.227 0.037 -0.999 0. 16.286 0. 0. -1. 0.
1. -0.009 0. 86.136 -0.009 -1. -0. 16.272 0. 0. -1. 0.
0.998 -0.056 0. 88.022 -0.056 -0.998 -0. 16.154 0. 0. -1. 0.
0.995 -0.101 0. 89.898 -0.101 -0.995 -0. 15.944 0. 0. -1. 0.
0.989 -0.148 0. 91.745 -0.148 -0.989 -0. 15.669 0. 0. -1. 0.
0.981 -0.195 0. 93.603 -0.195 -0.981 -0. 15.297 0. 0. -1. 0.
0.969 -0.248 0. 95.447 -0.248 -0.969 -0. 14.836 0. 0. -1. 0.
0.953 -0.304 0. 97.250 -0.304 -0.953 -0. 14.252 0. 0. -1. 0.
0.932 -0.363 0. 99.038 -0.363 -0.932 -0. 13.564 0. 0. -1. 0.
0.905 -0.426 0. 100.777 -0.426 -0.905 -0. 12.741 0. 0. -1. 0.
0.873 -0.488 0. 102.440 -0.488 -0.873 -0. 11.816 0. 0. -1. 0.
0.837 -0.548 0. 104.016 -0.548 -0.837 -0. 10.776 0. 0. -1. 0.
0.797 -0.604 0. 105.519 -0.604 -0.797 -0. 9.631 0. 0. -1. 0.
0.754 -0.657 0. 106.949 -0.657 -0.754 -0. 8.399 0. 0. -1. 0.
0.709 -0.705 0. 108.253 -0.705 -0.709 -0. 7.102 0. 0. -1. 0.
0.662 -0.750 0. 109.470 -0.750 -0.662 -0. 5.704 0. 0. -1. 0.
0.624 -0.781 0. 110.607 -0.781 -0.624 -0. 4.227 0. 0. -1. 0.
0.599 -0.800 0. 111.702 -0.800 -0.599 -0. 2.715 0. 0. -1. 0.
0.579 -0.816 0. 112.784 -0.816 -0.579 -0. 1.180 0. 0. -1. 0.
0.561 -0.828 0. 113.824 -0.828 -0.561 -0. -0.384 0. 0. -1. 0.
0.549 -0.836 0. 114.853 -0.836 -0.549 -0. -1.967 0. 0. -1. 0.
0.547 -0.837 0. 115.855 -0.837 -0.547 -0. -3.554 0. 0. -1. 0.
0.549 -0.836 0. 116.862 -0.836 -0.549 -0. -5.134 0. 0. -1. 0.
0.550 -0.835 0. 117.849 -0.835 -0.550 -0. -6.700 0. 0. -1. 0.
0.552 -0.834 0. 118.834 -0.834 -0.552 -0. -8.256 0. 0. -1. 0.
0.554 -0.832 0. 119.812 -0.832 -0.554 -0. -9.783 0. 0. -1. 0.
0.560 -0.828 0. 120.788 -0.828 -0.560 -0. -11.292 0. 0. -1. 0.
0.570 -0.821 0. 121.765 -0.821 -0.570 -0. -12.744 0. 0. -1. 0.
0.584 -0.812 0. 122.694 -0.812 -0.584 -0. -14.109 0. 0. -1. 0.
0.603 -0.798 0. 123.612 -0.798 -0.603 -0. -15.395 0. 0. -1. 0.
0.623 -0.782 0. 124.497 -0.782 -0.623 -0. -16.572 0. 0. -1. 0.
0.641 -0.767 0. 125.339 -0.767 -0.641 -0. -17.615 0. 0. -1. 0.
0.658 -0.753 0. 126.103 -0.753 -0.658 -0. -18.539 0. 0. -1. 0.
0.670 -0.742 0. 126.783 -0.742 -0.670 -0. -19.323 0. 0. -1. 0.
0.681 -0.732 0. 127.381 -0.732 -0.681 -0. -19.979 0. 0. -1. 0.
0.690 -0.724 0. 127.884 -0.724 -0.690 -0. -20.522 0. 0. -1. 0.
0.697 -0.717 0. 128.297 -0.717 -0.697 -0. -20.970 0. 0. -1. 0.
0.703 -0.711 0. 128.643 -0.711 -0.703 -0. -21.332 0. 0. -1. 0.
0.708 -0.706 0. 128.976 -0.706 -0.708 -0. -21.651 0. 0. -1. 0.
0.713 -0.701 0. 129.292 -0.701 -0.713 -0. -21.982 0. 0. -1. 0.
0.717 -0.697 0. 129.633 -0.697 -0.717 -0. -22.317 0. 0. -1. 0.
0.723 -0.691 0. 130.032 -0.691 -0.723 -0. -22.716 0. 0. -1. 0.
0.728 -0.685 0. 130.499 -0.685 -0.728 -0. -23.176 0. 0. -1. 0.
0.735 -0.678 0. 131.048 -0.678 -0.735 -0. -23.681 0. 0. -1. 0.
0.742 -0.671 0. 131.662 -0.671 -0.742 -0. -24.273 0. 0. -1. 0.
0.749 -0.663 0. 132.359 -0.663 -0.749 -0. -24.922 0. 0. -1. 0.
0.756 -0.654 0. 133.149 -0.654 -0.756 -0. -25.634 0. 0. -1. 0.
0.766 -0.643 0. 134.008 -0.643 -0.766 -0. -26.387 0. 0. -1. 0.
0.775 -0.632 0. 134.975 -0.632 -0.775 -0. -27.219 0. 0. -1. 0.
0.785 -0.619 0. 136.077 -0.619 -0.785 -0. -28.124 0. 0. -1. 0.
0.796 -0.606 0. 137.231 -0.606 -0.796 -0. -29.058 0. 0. -1. 0.
0.807 -0.591 0. 138.450 -0.591 -0.807 -0. -30.002 0. 0. -1. 0.
0.821 -0.571 0. 139.738 -0.571 -0.821 -0. -30.949 0. 0. -1. 0.
0.835 -0.550 0. 141.071 -0.550 -0.835 -0. -31.873 0. 0. -1. 0.
0.849 -0.529 0. 142.425 -0.529 -0.849 -0. -32.763 0. 0. -1. 0.
0.861 -0.509 0. 143.799 -0.509 -0.861 -0. -33.617 0. 0. -1. 0.
0.870 -0.494 0. 145.204 -0.494 -0.870 -0. -34.446 0. 0. -1. 0.
0.877 -0.480 0. 146.634 -0.480 -0.877 -0. -35.257 0. 0. -1. 0.
0.884 -0.468 0. 148.068 -0.468 -0.884 -0. -36.055 0. 0. -1. 0.
0.889 -0.459 0. 149.521 -0.459 -0.889 -0. -36.837 0. 0. -1. 0.
0.893 -0.449 0. 150.979 -0.449 -0.893 -0. -37.616 0. 0. -1. 0.
0.899 -0.439 0. 152.433 -0.439 -0.899 -0. -38.355 0. 0. -1. 0.
0.903 -0.429 0. 153.913 -0.429 -0.903 -0. -39.095 0. 0. -1. 0.
0.908 -0.419 0. 155.387 -0.419 -0.908 -0. -39.811 0. 0. -1. 0.
0.916 -0.402 0. 156.871 -0.402 -0.916 -0. -40.531 0. 0. -1. 0.
0.927 -0.374 0. 158.377 -0.374 -0.927 -0. -41.190 0. 0. -1. 0.
0.942 -0.335 0. 159.873 -0.335 -0.942 -0. -41.784 0. 0. -1. 0.
0.959 -0.284 0. 161.411 -0.284 -0.959 -0. -42.294 0. 0. -1. 0.
0.976 -0.219 0. 162.951 -0.219 -0.976 -0. -42.696 0. 0. -1. 0.
0.990 -0.141 0. 164.462 -0.141 -0.990 -0. -42.982 0. 0. -1. 0.
0.999 -0.038 0. 165.967 -0.038 -0.999 -0. -43.111 0. 0. -1. 0.
0.996 0.086 0. 167.431 0.086 -0.996 0. -43.046 0. 0. -1. 0.
0.975 0.222 0. 168.839 0.222 -0.975 0. -42.785 0. 0. -1. 0.
0.932 0.364 0. 170.163 0.364 -0.932 0. -42.333 0. 0. -1. 0.
0.860 0.511 0. 171.343 0.511 -0.860 0. -41.704 0. 0. -1. 0.
0.755 0.655 0. 172.381 0.655 -0.755 0. -40.872 0. 0. -1. 0.
0.627 0.779 0. 173.226 0.779 -0.627 0. -39.886 0. 0. -1. 0.
0.478 0.878 0. 173.870 0.878 -0.478 0. -38.809 0. 0. -1. 0.
0.311 0.950 0. 174.292 0.950 -0.311 0. -37.657 0. 0. -1. 0.
0.132 0.991 0. 174.483 0.991 -0.132 0. -36.470 0. 0. -1. 0.
-0.057 0.998 0. 174.439 0.998 0.057 0. -35.281 0. 0. -1. 0.
-0.241 0.971 0. 174.181 0.971 0.241 0. -34.130 0. 0. -1. 0.
-0.416 0.909 0. 173.731 0.909 0.416 0. -33.058 0. 0. -1. 0.
-0.577 0.817 0. 173.083 0.817 0.577 0. -32.089 0. 0. -1. 0.
-0.711 0.703 0. 172.229 0.703 0.711 0. -31.211 0. 0. -1. 0.
-0.812 0.584 0. 171.207 0.584 0.812 0. -30.434 0. 0. -1. 0.
-0.882 0.472 0. 170.048 0.472 0.882 0. -29.770 0. 0. -1. 0.
-0.928 0.372 0. 168.768 0.372 0.928 0. -29.213 0. 0. -1. 0.
-0.959 0.284 0. 167.391 0.284 0.959 0. -28.766 0. 0. -1. 0.
-0.978 0.208 0. 165.941 0.208 0.978 0. -28.414 0. 0. -1. 0.
-0.990 0.144 0. 164.405 0.144 0.990 0. -28.151 0. 0. -1. 0.
-0.996 0.092 0. 162.799 0.092 0.996 0. -27.953 0. 0. -1. 0.
-0.999 0.050 0. 161.143 0.050 0.999 0. -27.819 0. 0. -1. 0.
-1.000 0.020 0. 159.455 0.020 1.000 0. -27.747 0. 0. -1. 0.
-1. 0.006 0. 157.783 0.006 1. 0. -27.710 0. 0. -1. 0.
-1. -0.004 0. 156.090 -0.004 1. 0. -27.672 -0. 0. -1. 0.
-1. -0.009 0. 154.330 -0.009 1. 0. -27.673 -0. 0. -1. 0.
-1. -0.010 0. 152.583 -0.010 1. 0. -27.639 -0. 0. -1. 0.
-1. -0.000 0. 150.818 -0.000 1. 0. -27.629 -0. 0. -1. 0.
-1.000 0.022 0. 149.044 0.022 1.000 0. -27.583 0. 0. -1. 0.
-0.999 0.053 0. 147.295 0.053 0.999 0. -27.497 0. 0. -1. 0.
-0.996 0.095 0. 145.553 0.095 0.996 0. -27.318 0. 0. -1. 0.
-0.990 0.138 0. 143.797 0.138 0.990 0. -27.047 0. 0. -1. 0.
-0.983 0.185 0. 142.063 0.185 0.983 0. -26.695 0. 0. -1. 0.
-0.971 0.238 0. 140.328 0.238 0.971 0. -26.262 0. 0. -1. 0.
-0.955 0.297 0. 138.603 0.297 0.955 0. -25.711 0. 0. -1. 0.
-0.934 0.357 0. 136.898 0.357 0.934 0. -25.054 0. 0. -1. 0.
-0.909 0.416 0. 135.234 0.416 0.909 0. -24.275 0. 0. -1. 0.
-0.880 0.476 0. 133.610 0.476 0.880 0. -23.388 0. 0. -1. 0.
-0.847 0.532 0. 132.029 0.532 0.847 0. -22.385 0. 0. -1. 0.
-0.810 0.587 0. 130.519 0.587 0.810 0. -21.273 0. 0. -1. 0.
-0.771 0.637 0. 129.086 0.637 0.771 0. -20.069 0. 0. -1. 0.
-0.733 0.680 0. 127.728 0.680 0.733 0. -18.777 0. 0. -1. 0.
-0.701 0.713 0. 126.444 0.713 0.701 0. -17.448 0. 0. -1. 0.
-0.671 0.742 0. 125.198 0.742 0.671 0. -16.053 0. 0. -1. 0.
-0.641 0.767 0. 124.014 0.767 0.641 0. -14.608 0. 0. -1. 0.
-0.611 0.791 0. 122.886 0.791 0.611 0. -13.122 0. 0. -1. 0.
-0.581 0.814 0. 121.820 0.814 0.581 0. -11.584 0. 0. -1. 0.
-0.554 0.832 0. 120.794 0.832 0.554 0. -9.984 0. 0. -1. 0.
-0.536 0.844 0. 119.819 0.844 0.536 0. -8.375 0. 0. -1. 0.
-0.522 0.853 0. 118.851 0.853 0.522 0. -6.749 0. 0. -1. 0.
-0.509 0.861 0. 117.924 0.861 0.509 0. -5.116 0. 0. -1. 0.
-0.507 0.862 0. 117.018 0.862 0.507 0. -3.476 0. 0. -1. 0.
-0.513 0.859 0. 116.104 0.859 0.513 0. -1.857 0. 0. -1. 0.
-0.524 0.851 0. 115.170 0.851 0.524 0. -0.254 0. 0. -1. 0.
-0.543 0.840 0. 114.224 0.840 0.543 0. 1.326 0. 0. -1. 0.
-0.568 0.823 0. 113.225 0.823 0.568 0. 2.869 0. 0. -1. 0.
-0.597 0.802 0. 112.176 0.802 0.597 0. 4.382 0. 0. -1. 0.
-0.635 0.773 0. 111.076 0.773 0.635 0. 5.837 0. 0. -1. 0.
-0.678 0.735 0. 109.889 0.735 0.678 0. 7.235 0. 0. -1. 0.
-0.724 0.690 0. 108.642 0.690 0.724 0. 8.509 0. 0. -1. 0.
-0.766 0.643 0. 107.310 0.643 0.766 0. 9.704 0. 0. -1. 0.
-0.805 0.593 0. 105.906 0.593 0.805 0. 10.820 0. 0. -1. 0.
-0.841 0.541 0. 104.466 0.541 0.841 0. 11.824 0. 0. -1. 0.
-0.874 0.486 0. 102.980 0.486 0.874 0. 12.723 0. 0. -1. 0.
-0.902 0.432 0. 101.431 0.432 0.902 0. 13.532 0. 0. -1. 0.
-0.925 0.381 0. 99.839 0.381 0.925 0. 14.242 0. 0. -1. 0.
-0.944 0.330 0. 98.211 0.330 0.944 0. 14.895 0. 0. -1. 0.
-0.962 0.273 0. 96.549 0.273 0.962 0. 15.404 0. 0. -1. 0.
-0.976 0.217 0. 94.853 0.217 0.976 0. 15.859 0. 0. -1. 0.
-0.987 0.159 0. 93.114 0.159 0.987 0. 16.186 0. 0. -1. 0.
-0.995 0.103 0. 91.362 0.103 0.995 0. 16.452 0. 0. -1. 0.
-0.999 0.051 0. 89.606 0.051 0.999 0. 16.592 0. 0. -1. 0.
-1. -0.001 0. 87.816 -0.001 1. 0. 16.661 -0. 0. -1. 0.
-0.999 -0.050 0. 86.020 -0.050 0.999 0. 16.610 -0. 0. -1. 0.
-0.996 -0.091 0. 84.210 -0.091 0.996 0. 16.481 -0. 0. -1. 0.
-0.992 -0.128 0. 82.425 -0.128 0.992 0. 16.297 -0. 0. -1. 0.
-0.987 -0.161 0. 80.639 -0.161 0.987 0. 16.037 -0. 0. -1. 0.
-0.983 -0.184 0. 78.822 -0.184 0.983 0. 15.769 -0. 0. -1. 0.
-0.979 -0.203 0. 77.038 -0.203 0.979 0. 15.416 -0. 0. -1. 0.
-0.978 -0.210 0. 75.240 -0.210 0.978 0. 15.075 -0. 0. -1. 0.
-0.976 -0.217 0. 73.417 -0.217 0.976 0. 14.710 -0. 0. -1. 0.
-0.975 -0.222 0. 71.590 -0.222 0.975 0. 14.338 -0. 0. -1. 0.
-0.974 -0.227 0. 69.760 -0.227 0.974 0. 13.953 -0. 0. -1. 0.
-0.973 -0.232 0. 67.924 -0.232 0.973 0. 13.562 -0. 0. -1. 0.
-0.972 -0.237 0. 66.084 -0.237 0.972 0. 13.151 -0. 0. -1. 0.
-0.970 -0.244 0. 64.267 -0.244 0.970 0. 12.725 -0. 0. -1. 0.
-0.968 -0.250 0. 62.408 -0.250 0.968 0. 12.273 -0. 0. -1. 0.
-0.966 -0.258 0. 60.557 -0.258 0.966 0. 11.827 -0. 0. -1. 0.
-0.964 -0.267 0. 58.689 -0.267 0.964 0. 11.374 -0. 0. -1. 0.
-0.961 -0.276 0. 56.822 -0.276 0.961 0. 10.892 -0. 0. -1. 0.
-0.958 -0.286 0. 54.940 -0.286 0.958 0. 10.392 -0. 0. -1. 0.
-0.956 -0.294 0. 53.070 -0.294 0.956 0. 9.853 -0. 0. -1. 0.
-0.955 -0.298 0. 51.205 -0.298 0.955 0. 9.316 -0. 0. -1. 0.
-0.953 -0.302 0. 49.302 -0.302 0.953 0. 8.755 -0. 0. -1. 0.
-0.952 -0.307 0. 47.401 -0.307 0.952 0. 8.192 -0. 0. -1. 0.
-0.950 -0.311 0. 45.499 -0.311 0.950 0. 7.611 -0. 0. -1. 0.
-0.949 -0.314 0. 43.583 -0.314 0.949 0. 7.037 -0. 0. -1. 0.
-0.950 -0.313 0. 41.678 -0.313 0.950 0. 6.445 -0. 0. -1. 0.
-0.952 -0.306 0. 39.740 -0.306 0.952 0. 5.843 -0. 0. -1. 0.
-0.956 -0.292 0. 37.809 -0.292 0.956 0. 5.285 -0. 0. -1. 0.
-0.962 -0.274 0. 35.855 -0.274 0.962 0. 4.745 -0. 0. -1. 0.
-0.967 -0.253 0. 33.838 -0.253 0.967 0. 4.247 -0. 0. -1. 0.
-0.972 -0.235 0. 31.852 -0.235 0.972 0. 3.775 -0. 0. -1. 0.
-0.977 -0.214 0. 29.811 -0.214 0.977 0. 3.371 -0. 0. -1. 0.
-0.981 -0.195 0. 27.758 -0.195 0.981 0. 2.998 -0. 0. -1. 0.
-0.983 -0.181 0. 25.733 -0.181 0.983 0. 2.678 -0. 0. -1. 0.
-0.985 -0.171 0. 23.676 -0.171 0.985 0. 2.356 -0. 0. -1. 0.
-0.986 -0.165 0. 21.630 -0.165 0.986 0. 2.068 -0. 0. -1. 0.
-0.987 -0.161 0. 19.581 -0.161 0.987 0. 1.779 -0. 0. -1. 0.
-0.988 -0.156 0. 17.553 -0.156 0.988 0. 1.493 -0. 0. -1. 0.
-0.988 -0.152 0. 15.518 -0.152 0.988 0. 1.211 -0. 0. -1. 0.
-0.989 -0.149 0. 13.533 -0.149 0.989 0. 0.938 -0. 0. -1. 0.
-0.989 -0.148 0. 11.526 -0.148 0.989 0. 0.675 -0. 0. -1. 0.
-0.989 -0.149 0. 9.521 -0.149 0.989 0. 0.405 -0. 0. -1. 0.
-0.989 -0.150 0. 7.543 -0.150 0.989 0. 0.132 -0. 0. -1. 0.
-0.989 -0.151 0. 5.554 -0.151 0.989 0. -0.139 -0. 0. -1. 0.
-0.988 -0.153 0. 3.574 -0.153 0.988 0. -0.409 -0. 0. -1. 0.
-0.987 -0.158 0. 1.584 -0.158 0.987 0. -0.709 -0. 0. -1. 0.
-0.987 -0.162 0. -0.376 -0.162 0.987 0. -1.003 -0. 0. -1. 0.
-0.986 -0.166 0. -2.359 -0.166 0.986 0. -1.304 -0. 0. -1. 0.
-0.985 -0.170 0. -4.315 -0.170 0.985 0. -1.599 -0. 0. -1. 0.
-0.985 -0.173 0. -6.251 -0.173 0.985 0. -1.900 -0. 0. -1. 0.
-0.984 -0.176 0. -8.194 -0.176 0.984 0. -2.191 -0. 0. -1. 0.
-0.984 -0.181 0. -10.168 -0.181 0.984 0. -2.534 -0. 0. -1. 0.
-0.983 -0.185 0. -12.088 -0.185 0.983 0. -2.867 -0. 0. -1. 0.
-0.982 -0.186 0. -14.012 -0.186 0.982 0. -3.201 -0. 0. -1. 0.
-0.983 -0.186 0. -16.012 -0.186 0.983 0. -3.528 -0. 0. -1. 0.
-0.983 -0.185 0. -17.970 -0.185 0.983 0. -3.849 -0. 0. -1. 0.
-0.983 -0.185 0. -19.967 -0.185 0.983 0. -4.180 -0. 0. -1. 0.
-0.983 -0.183 0. -21.976 -0.183 0.983 0. -4.499 -0. 0. -1. 0.
-0.983 -0.182 0. -23.987 -0.182 0.983 0. -4.813 -0. 0. -1. 0.
-0.983 -0.184 0. -26.001 -0.184 0.983 0. -5.121 -0. 0. -1. 0.
-0.982 -0.186 0. -28.032 -0.186 0.982 0. -5.460 -0. 0. -1. 0.
-0.982 -0.190 0. -30.072 -0.190 0.982 0. -5.825 -0. 0. -1. 0.
-0.981 -0.193 0. -32.091 -0.193 0.981 0. -6.201 -0. 0. -1. 0.
-0.981 -0.196 0. -34.145 -0.196 0.981 0. -6.585 -0. 0. -1. 0.
-0.980 -0.199 0. -36.199 -0.199 0.980 0. -6.969 -0. 0. -1. 0.
-0.979 -0.205 0. -38.235 -0.205 0.979 0. -7.348 -0. 0. -1. 0.
-0.977 -0.212 0. -40.311 -0.212 0.977 0. -7.756 -0. 0. -1. 0.
-0.976 -0.219 0. -42.372 -0.219 0.976 0. -8.175 -0. 0. -1. 0.
-0.974 -0.227 0. -44.412 -0.227 0.974 0. -8.588 -0. 0. -1. 0.
-0.972 -0.234 0. -46.478 -0.234 0.972 0. -9.030 -0. 0. -1. 0.
-0.970 -0.241 0. -48.480 -0.241 0.970 0. -9.463 -0. 0. -1. 0.
-0.969 -0.247 0. -50.471 -0.247 0.969 0. -9.921 -0. 0. -1. 0.
-0.967 -0.254 0. -52.443 -0.254 0.967 0. -10.384 -0. 0. -1. 0.
-0.966 -0.257 0. -54.362 -0.257 0.966 0. -10.855 -0. 0. -1. 0.
-0.967 -0.256 0. -56.255 -0.256 0.967 0. -11.336 -0. 0. -1. 0.
-0.968 -0.252 0. -58.149 -0.252 0.968 0. -11.790 -0. 0. -1. 0.
-0.969 -0.247 0. -60.011 -0.247 0.969 0. -12.231 -0. 0. -1. 0.
-0.971 -0.238 0. -61.859 -0.238 0.971 0. -12.650 -0. 0. -1. 0.
-0.974 -0.226 0. -63.699 -0.226 0.974 0. -13.033 -0. 0. -1. 0.
-0.978 -0.209 0. -65.522 -0.209 0.978 0. -13.432 -0. 0. -1. 0.
-0.983 -0.185 0. -67.355 -0.185 0.983 0. -13.766 -0. 0. -1. 0.
-0.987 -0.158 0. -69.203 -0.158 0.987 0. -14.041 -0. 0. -1. 0.
-0.992 -0.127 0. -71.048 -0.127 0.992 0. -14.245 -0. 0. -1. 0.
-0.995 -0.097 0. -72.881 -0.097 0.995 0. -14.395 -0. 0. -1. 0.
-0.998 -0.061 0. -74.713 -0.061 0.998 0. -14.492 -0. 0. -1. 0.
-1.000 -0.022 0. -76.482 -0.022 1.000 0. -14.513 -0. 0. -1. 0.
-1.000 0.025 0. -78.211 0.025 1.000 0. -14.455 0. 0. -1. 0.
-0.996 0.086 0. -79.901 0.086 0.996 0. -14.316 0. 0. -1. 0.
-0.988 0.154 0. -81.503 0.154 0.988 0. -14.065 0. 0. -1. 0.
-0.974 0.227 0. -83.105 0.227 0.974 0. -13.690 0. 0. -1. 0.
-0.951 0.309 0. -84.604 0.309 0.951 0. -13.173 0. 0. -1. 0.
-0.919 0.395 0. -86.013 0.395 0.919 0. -12.590 0. 0. -1. 0.
-0.876 0.482 0. -87.366 0.482 0.876 0. -11.812 0. 0. -1. 0.
-0.821 0.571 0. -88.623 0.571 0.821 0. -10.968 0. 0. -1. 0.
-0.759 0.651 0. -89.771 0.651 0.759 0. -9.953 0. 0. -1. 0.
-0.687 0.727 0. -90.813 0.727 0.687 0. -8.846 0. 0. -1. 0.
-0.607 0.795 0. -91.762 0.795 0.607 0. -7.647 0. 0. -1. 0.
-0.525 0.851 0. -92.584 0.851 0.525 0. -6.319 0. 0. -1. 0.
-0.452 0.892 0. -93.262 0.892 0.452 0. -4.906 0. 0. -1. 0.
-0.395 0.919 0. -93.888 0.919 0.395 0. -3.413 0. 0. -1. 0.
-0.340 0.940 0. -94.444 0.940 0.340 0. -1.827 0. 0. -1. 0.
-0.294 0.956 0. -94.922 0.956 0.294 0. -0.169 0. 0. -1. 0.
-0.265 0.964 0. -95.365 0.964 0.265 0. 1.566 0. 0. -1. 0.
-0.254 0.967 0. -95.795 0.967 0.254 0. 3.360 0. 0. -1. 0.
-0.253 0.967 0. -96.263 0.967 0.253 0. 5.232 0. 0. -1. 0.
-0.258 0.966 0. -96.717 0.966 0.258 0. 7.114 0. 0. -1. 0.
-0.264 0.964 0. -97.229 0.964 0.264 0. 9.044 0. 0. -1. 0.
-0.267 0.964 0. -97.737 0.964 0.267 0. 10.937 0. 0. -1. 0.
-0.267 0.964 0. -98.190 0.964 0.267 0. 12.887 0. 0. -1. 0.
-0.268 0.963 0. -98.679 0.963 0.268 0. 14.760 0. 0. -1. 0.
-0.270 0.963 0. -99.197 0.963 0.270 0. 16.760 0. 0. -1. 0.
-0.269 0.963 0. -99.722 0.963 0.269 0. 18.676 0. 0. -1. 0.
-0.271 0.962 0. -100.228 0.962 0.271 0. 20.643 0. 0. -1. 0.
-0.270 0.963 0. -100.751 0.963 0.270 0. 22.623 0. 0. -1. 0.
-0.264 0.964 0. -101.247 0.964 0.264 0. 24.592 0. 0. -1. 0.
-0.255 0.967 0. -101.732 0.967 0.255 0. 26.594 0. 0. -1. 0.
-0.246 0.969 0. -102.198 0.969 0.246 0. 28.581 0. 0. -1. 0.
-0.240 0.971 0. -102.643 0.971 0.240 0. 30.583 0. 0. -1. 0.
-0.233 0.972 0. -103.079 0.972 0.233 0. 32.576 0. 0. -1. 0.
-0.230 0.973 0. -103.505 0.973 0.230 0. 34.547 0. 0. -1. 0.
-0.228 0.974 0. -103.928 0.974 0.228 0. 36.518 0. 0. -1. 0.
-0.227 0.974 0. -104.349 0.974 0.227 0. 38.463 0. 0. -1. 0.
-0.227 0.974 0. -104.764 0.974 0.227 0. 40.388 0. 0. -1. 0.
-0.230 0.973 0. -105.189 0.973 0.230 0. 42.329 0. 0. -1. 0.
-0.234 0.972 0. -105.591 0.972 0.234 0. 44.210 0. 0. -1. 0.
-0.237 0.971 0. -106.025 0.971 0.237 0. 46.096 0. 0. -1. 0.
-0.240 0.971 0. -106.453 0.971 0.240 0. 47.947 0. 0. -1. 0.
-0.242 0.970 0. -106.856 0.970 0.242 0. 49.758 0. 0. -1. 0.
-0.242 0.970 0. -107.276 0.970 0.242 0. 51.570 0. 0. -1. 0.
-0.241 0.971 0. -107.689 0.971 0.241 0. 53.351 0. 0. -1. 0.
-0.241 0.970 0. -108.077 0.970 0.241 0. 55.067 0. 0. -1. 0.
-0.247 0.969 0. -108.447 0.969 0.247 0. 56.734 0. 0. -1. 0.
-0.269 0.963 0. -108.850 0.963 0.269 0. 58.401 0. 0. -1. 0.
-0.305 0.952 0. -109.299 0.952 0.305 0. 60.002 0. 0. -1. 0.
-0.352 0.936 0. -109.864 0.936 0.352 0. 61.542 0. 0. -1. 0.
-0.402 0.916 0. -110.418 0.916 0.402 0. 63.077 0. 0. -1. 0.
-0.459 0.889 0. -111.094 0.889 0.459 0. 64.486 0. 0. -1. 0.
-0.527 0.850 0. -111.876 0.850 0.527 0. 65.916 0. 0. -1. 0.
-0.589 0.808 0. -112.779 0.808 0.589 0. 67.258 0. 0. -1. 0.
-0.646 0.763 0. -113.769 0.763 0.646 0. 68.533 0. 0. -1. 0.
-0.695 0.719 0. -114.884 0.719 0.695 0. 69.786 0. 0. -1. 0.
-0.738 0.675 0. -116.090 0.675 0.738 0. 70.960 0. 0. -1. 0.
-0.775 0.631 0. -117.362 0.631 0.775 0. 72.077 0. 0. -1. 0.
-0.806 0.593 0. -118.749 0.593 0.806 0. 73.143 0. 0. -1. 0.
-0.827 0.563 0. -120.212 0.563 0.827 0. 74.235 0. 0. -1. 0.
-0.845 0.534 0. -121.737 0.534 0.845 0. 75.261 0. 0. -1. 0.
-0.857 0.515 0. -123.312 0.515 0.857 0. 76.238 0. 0. -1. 0.
-0.864 0.504 0. -124.906 0.504 0.864 0. 77.210 0. 0. -1. 0.
-0.870 0.493 0. -126.523 0.493 0.870 0. 78.164 0. 0. -1. 0.
-0.874 0.485 0. -128.170 0.485 0.874 0. 79.114 0. 0. -1. 0.
-0.877 0.480 0. -129.828 0.480 0.877 0. 80.056 0. 0. -1. 0.
-0.879 0.478 0. -131.505 0.478 0.879 0. 81.000 0. 0. -1. 0.
-0.879 0.476 0. -133.200 0.476 0.879 0. 81.941 0. 0. -1. 0.
-0.879 0.477 0. -134.897 0.477 0.879 0. 82.906 0. 0. -1. 0.
-0.877 0.481 0. -136.602 0.481 0.877 0. 83.884 0. 0. -1. 0.
-0.875 0.484 0. -138.323 0.484 0.875 0. 84.881 0. 0. -1. 0.
-0.872 0.489 0. -140.076 0.489 0.872 0. 85.892 0. 0. -1. 0.
-0.868 0.496 0. -141.841 0.496 0.868 0. 86.935 0. 0. -1. 0.
-0.864 0.503 0. -143.596 0.503 0.864 0. 88.004 0. 0. -1. 0.
-0.861 0.509 0. -145.395 0.509 0.861 0. 89.116 0. 0. -1. 0.
-0.861 0.509 0. -147.203 0.509 0.861 0. 90.232 0. 0. -1. 0.
-0.862 0.507 0. -149.051 0.507 0.862 0. 91.357 0. 0. -1. 0.
-0.862 0.507 0. -150.916 0.507 0.862 0. 92.495 0. 0. -1. 0.
-0.860 0.510 0. -152.796 0.510 0.860 0. 93.643 0. 0. -1. 0.
-0.858 0.514 0. -154.704 0.514 0.858 0. 94.834 0. 0. -1. 0.
-0.855 0.518 0. -156.619 0.518 0.855 0. 96.045 0. 0. -1. 0.
-0.851 0.524 0. -158.559 0.524 0.851 0. 97.296 0. 0. -1. 0.
-0.848 0.530 0. -160.497 0.530 0.848 0. 98.575 0. 0. -1. 0.
-0.846 0.533 0. -162.432 0.533 0.846 0. 99.852 0. 0. -1. 0.
-0.844 0.536 0. -164.395 0.536 0.844 0. 101.163 0. 0. -1. 0.
-0.843 0.538 0. -166.322 0.538 0.843 0. 102.449 0. 0. -1. 0.
-0.842 0.539 0. -168.246 0.539 0.842 0. 103.749 0. 0. -1. 0.
-0.841 0.542 0. -170.161 0.542 0.841 0. 105.063 0. 0. -1. 0.
-0.839 0.544 0. -172.054 0.544 0.839 0. 106.358 0. 0. -1. 0.
-0.838 0.545 0. -173.970 0.545 0.838 0. 107.637 0. 0. -1. 0.
-0.837 0.547 0. -175.855 0.547 0.837 0. 108.890 0. 0. -1. 0.
-0.835 0.551 0. -177.732 0.551 0.835 0. 110.173 0. 0. -1. 0.
-0.830 0.557 0. -179.586 0.557 0.830 0. 111.470 0. 0. -1. 0.
-0.825 0.565 0. -181.430 0.565 0.825 0. 112.792 0. 0. -1. 0.
-0.815 0.579 0. -183.263 0.579 0.815 0. 114.124 0. 0. -1. 0.
-0.798 0.603 0. -185.060 0.603 0.798 0. 115.511 0. 0. -1. 0.
-0.777 0.629 0. -186.784 0.629 0.777 0. 116.962 0. 0. -1. 0.
-0.756 0.655 0. -188.487 0.655 0.756 0. 118.477 0. 0. -1. 0.
-0.734 0.679 0. -190.147 0.679 0.734 0. 120.039 0. 0. -1. 0.
-0.713 0.701 0. -191.773 0.701 0.713 0. 121.668 0. 0. -1. 0.
-0.689 0.725 0. -193.358 0.725 0.689 0. 123.355 0. 0. -1. 0.
-0.658 0.753 0. -194.889 0.753 0.658 0. 125.105 0. 0. -1. 0.
-0.624 0.781 0. -196.336 0.781 0.624 0. 126.925 0. 0. -1. 0.
-0.590 0.807 0. -197.698 0.807 0.590 0. 128.805 0. 0. -1. 0.
-0.554 0.832 0. -198.988 0.832 0.554 0. 130.755 0. 0. -1. 0.
-0.518 0.856 0. -200.173 0.856 0.518 0. 132.740 0. 0. -1. 0.
-0.481 0.877 0. -201.278 0.877 0.481 0. 134.781 0. 0. -1. 0.
-0.447 0.894 0. -202.305 0.894 0.447 0. 136.875 0. 0. -1. 0.
-0.421 0.907 0. -203.255 0.907 0.421 0. 138.977 0. 0. -1. 0.
-0.400 0.917 0. -204.167 0.917 0.400 0. 141.112 0. 0. -1. 0.
-0.385 0.923 0. -205.018 0.923 0.385 0. 143.247 0. 0. -1. 0.
-0.378 0.926 0. -205.853 0.926 0.378 0. 145.398 0. 0. -1. 0.
-0.370 0.929 0. -206.665 0.929 0.370 0. 147.526 0. 0. -1. 0.
-0.362 0.932 0. -207.451 0.932 0.362 0. 149.673 0. 0. -1. 0.
-0.354 0.935 0. -208.213 0.935 0.354 0. 151.809 0. 0. -1. 0.
-0.346 0.938 0. -208.946 0.938 0.346 0. 153.928 0. 0. -1. 0.
-0.339 0.941 0. -209.665 0.941 0.339 0. 156.051 0. 0. -1. 0.
-0.336 0.942 0. -210.358 0.942 0.336 0. 158.147 0. 0. -1. 0.
-0.338 0.941 0. -211.042 0.941 0.338 0. 160.224 0. 0. -1. 0.
-0.350 0.937 0. -211.737 0.937 0.350 0. 162.278 0. 0. -1. 0.
-0.371 0.929 0. -212.477 0.929 0.371 0. 164.298 0. 0. -1. 0.
-0.399 0.917 0. -213.279 0.917 0.399 0. 166.283 0. 0. -1. 0.
-0.438 0.899 0. -214.148 0.899 0.438 0. 168.251 0. 0. -1. 0.
-0.485 0.874 0. -215.111 0.874 0.485 0. 170.146 0. 0. -1. 0.
-0.537 0.844 0. -216.207 0.844 0.537 0. 172.007 0. 0. -1. 0.
-0.590 0.807 0. -217.404 0.807 0.590 0. 173.787 0. 0. -1. 0.
-0.638 0.770 0. -218.689 0.770 0.638 0. 175.479 0. 0. -1. 0.
-0.689 0.725 0. -220.098 0.725 0.689 0. 177.102 0. 0. -1. 0.
-0.742 0.670 0. -221.614 0.670 0.742 0. 178.578 0. 0. -1. 0.
-0.796 0.605 0. -223.238 0.605 0.796 0. 179.932 0. 0. -1. 0.
-0.845 0.534 0. -224.957 0.534 0.845 0. 181.128 0. 0. -1. 0.
-0.888 0.460 0. -226.770 0.460 0.888 0. 182.194 0. 0. -1. 0.
-0.922 0.388 0. -228.648 0.388 0.922 0. 183.088 0. 0. -1. 0.
-0.947 0.322 0. -230.574 0.322 0.947 0. 183.827 0. 0. -1. 0.
-0.966 0.259 0. -232.538 0.259 0.966 0. 184.443 0. 0. -1. 0.
-0.981 0.196 0. -234.550 0.196 0.981 0. 184.944 0. 0. -1. 0.
-0.990 0.144 0. -236.616 0.144 0.990 0. 185.317 0. 0. -1. 0.
-0.994 0.106 0. -238.703 0.106 0.994 0. 185.610 0. 0. -1. 0.
-0.997 0.074 0. -240.816 0.074 0.997 0. 185.825 0. 0. -1. 0.
-0.999 0.052 0. -242.949 0.052 0.999 0. 185.979 0. 0. -1. 0.
-0.999 0.035 0. -245.105 0.035 0.999 0. 186.107 0. 0. -1. 0.
-1.000 0.021 0. -247.260 0.021 1.000 0. 186.197 0. 0. -1. 0.
-1. 0.009 0. -249.427 0.009 1. 0. 186.272 0. 0. -1. 0.
-1. -0.002 0. -251.627 -0.002 1. 0. 186.319 -0. 0. -1. 0.
-1. -0.013 0. -253.807 -0.013 1. 0. 186.333 -0. 0. -1. 0.
-1.000 -0.022 0. -256.005 -0.022 1.000 0. 186.318 -0. 0. -1. 0.
-1.000 -0.020 0. -258.211 -0.020 1.000 0. 186.323 -0. 0. -1. 0.
-1.000 -0.014 0. -260.410 -0.014 1.000 0. 186.326 -0. 0. -1. 0.
-1. -0.003 0. -262.628 -0.003 1. 0. 186.359 -0. 0. -1. 0.
-1. 0.007 0. -264.861 0.007 1. 0. 186.410 0. 0. -1. 0.
-1.000 0.017 0. -267.086 0.017 1.000 0. 186.479 0. 0. -1. 0.
-1.000 0.024 0. -269.350 0.024 1.000 0. 186.546 0. 0. -1. 0.
-0.999 0.034 0. -271.570 0.034 0.999 0. 186.661 0. 0. -1. 0.
-0.999 0.037 0. -273.818 0.037 0.999 0. 186.807 0. 0. -1. 0.
-0.999 0.045 0. -276.046 0.045 0.999 0. 186.948 0. 0. -1. 0.
-0.999 0.052 0. -278.262 0.052 0.999 0. 187.123 0. 0. -1. 0.
-0.998 0.058 0. -280.462 0.058 0.998 0. 187.300 0. 0. -1. 0.
-0.998 0.067 0. -282.627 0.067 0.998 0. 187.491 0. 0. -1. 0.
-0.997 0.077 0. -284.764 0.077 0.997 0. 187.693 0. 0. -1. 0.
-0.996 0.091 0. -286.839 0.091 0.996 0. 187.919 0. 0. -1. 0.
-0.995 0.104 0. -288.909 0.104 0.995 0. 188.178 0. 0. -1. 0.
-0.993 0.119 0. -290.878 0.119 0.993 0. 188.435 0. 0. -1. 0.
-0.990 0.138 0. -292.811 0.138 0.990 0. 188.757 0. 0. -1. 0.
-0.988 0.157 0. -294.648 0.157 0.988 0. 189.062 0. 0. -1. 0.
-0.984 0.179 0. -296.377 0.179 0.984 0. 189.420 0. 0. -1. 0.
-0.980 0.200 0. -298.033 0.200 0.980 0. 189.773 0. 0. -1. 0.
-0.976 0.219 0. -299.587 0.219 0.976 0. 190.153 0. 0. -1. 0.
-0.972 0.236 0. -301.013 0.236 0.972 0. 190.537 0. 0. -1. 0.
-0.968 0.251 0. -302.329 0.251 0.968 0. 190.902 0. 0. -1. 0.
-0.965 0.261 0. -303.520 0.261 0.965 0. 191.264 0. 0. -1. 0.
-0.963 0.270 0. -304.635 0.270 0.963 0. 191.619 0. 0. -1. 0.
-0.960 0.279 0. -305.662 0.279 0.960 0. 191.926 0. 0. -1. 0.
-0.958 0.288 0. -306.527 0.288 0.958 0. 192.284 0. 0. -1. 0.
-0.955 0.297 0. -307.303 0.297 0.955 0. 192.483 0. 0. -1. 0.
-0.952 0.307 0. -308.027 0.307 0.952 0. 192.745 0. 0. -1. 0.
-0.948 0.318 0. -308.666 0.318 0.948 0. 192.980 0. 0. -1. 0.
-0.945 0.327 0. -309.243 0.327 0.945 0. 193.173 0. 0. -1. 0.
-0.941 0.338 0. -309.723 0.338 0.941 0. 193.356 0. 0. -1. 0.
-0.938 0.347 0. -310.217 0.347 0.938 0. 193.531 0. 0. -1. 0.
-0.934 0.356 0. -310.706 0.356 0.934 0. 193.712 0. 0. -1. 0.
-0.931 0.364 0. -311.196 0.364 0.931 0. 193.899 0. 0. -1. 0.
-0.928 0.373 0. -311.711 0.373 0.928 0. 194.081 0. 0. -1. 0.
-0.922 0.387 0. -312.192 0.387 0.922 0. 194.350 0. 0. -1. 0.
-0.912 0.411 0. -312.739 0.411 0.912 0. 194.573 0. 0. -1. 0.
-0.898 0.440 0. -313.354 0.440 0.898 0. 194.843 0. 0. -1. 0.
-0.879 0.476 0. -313.973 0.476 0.879 0. 195.210 0. 0. -1. 0.
-0.855 0.518 0. -314.673 0.518 0.855 0. 195.595 0. 0. -1. 0.
-0.817 0.577 0. -315.304 0.577 0.817 0. 196.140 0. 0. -1. 0.
-0.768 0.640 0. -315.916 0.640 0.768 0. 196.758 0. 0. -1. 0.
-0.706 0.708 0. -316.569 0.708 0.706 0. 197.367 0. 0. -1. 0.
-0.640 0.769 0. -317.161 0.769 0.640 0. 198.132 0. 0. -1. 0.
-0.565 0.825 0. -317.644 0.825 0.565 0. 199.036 0. 0. -1. 0.
-0.482 0.876 0. -318.169 0.876 0.482 0. 200.010 0. 0. -1. 0.
-0.401 0.916 0. -318.626 0.916 0.401 0. 201.088 0. 0. -1. 0.
-0.328 0.945 0. -318.995 0.945 0.328 0. 202.275 0. 0. -1. 0.
-0.277 0.961 0. -319.361 0.961 0.277 0. 203.602 0. 0. -1. 0.
-0.225 0.974 0. -319.700 0.974 0.225 0. 205.058 0. 0. -1. 0.
-0.170 0.986 0. -319.951 0.986 0.170 0. 206.652 0. 0. -1. 0.
-0.124 0.992 0. -320.152 0.992 0.124 0. 208.390 0. 0. -1. 0.
-0.079 0.997 0. -320.293 0.997 0.079 0. 210.270 0. 0. -1. 0.
-0.044 0.999 0. -320.345 0.999 0.044 0. 212.265 0. 0. -1. 0.
-0.022 1.000 0. -320.359 1.000 0.022 0. 214.405 0. 0. -1. 0.
-0.010 1. 0. -320.340 1. 0.010 0. 216.640 0. 0. -1. 0.
-0.010 1. 0. -320.305 1. 0.010 0. 218.980 0. 0. -1. 0.
-0.011 1. 0. -320.288 1. 0.011 0. 221.420 0. 0. -1. 0.
-0.014 1. 0. -320.260 1. 0.014 0. 223.916 0. 0. -1. 0.
-0.013 1. 0. -320.244 1. 0.013 0. 226.462 0. 0. -1. 0.
-0.011 1. 0. -320.220 1. 0.011 0. 229.067 0. 0. -1. 0.
-0.009 1. 0. -320.188 1. 0.009 0. 231.734 0. 0. -1. 0.
-0.007 1. 0. -320.153 1. 0.007 0. 234.482 0. 0. -1. 0.
-0.007 1. 0. -320.112 1. 0.007 0. 237.320 0. 0. -1. 0.
-0.005 1. 0. -320.071 1. 0.005 0. 240.234 0. 0. -1. 0.
-0.004 1. 0. -320.021 1. 0.004 0. 243.239 0. 0. -1. 0.
-0.003 1. 0. -319.964 1. 0.003 0. 246.334 0. 0. -1. 0.
-0.002 1. 0. -319.904 1. 0.002 0. 249.498 0. 0. -1. 0.
-0.001 1. 0. -319.839 1. 0.001 0. 252.724 0. 0. -1. 0.
0.001 1. 0. -319.768 1. -0.001 0. 256.014 0. 0. -1. 0.
0.001 1. 0. -319.694 1. -0.001 0. 259.373 0. 0. -1. 0.
0.003 1. 0. -319.614 1. -0.003 0. 262.784 0. 0. -1. 0.
0.006 1. 0. -319.526 1. -0.006 0. 266.231 0. 0. -1. 0.
0.008 1. 0. -319.427 1. -0.008 0. 269.710 0. 0. -1. 0.
0.011 1. 0. -319.319 1. -0.011 0. 273.216 0. 0. -1. 0.
0.013 1. 0. -319.198 1. -0.013 0. 276.770 0. 0. -1. 0.
0.014 1. 0. -319.076 1. -0.014 0. 280.362 0. 0. -1. 0.
0.014 1. 0. -318.953 1. -0.014 0. 283.983 0. 0. -1. 0.
0.014 1. 0. -318.831 1. -0.014 0. 287.641 0. 0. -1. 0.
0.013 1. 0. -318.710 1. -0.013 0. 291.334 0. 0. -1. 0.
0.011 1. 0. -318.582 1. -0.011 0. 295.051 0. 0. -1. 0.
0.009 1. 0. -318.466 1. -0.009 0. 298.783 0. 0. -1. 0.
0.007 1. 0. -318.361 1. -0.007 0. 302.504 0. 0. -1. 0.
0.006 1. 0. -318.267 1. -0.006 0. 306.230 0. 0. -1. 0.
0.006 1. 0. -318.164 1. -0.006 0. 309.967 0. 0. -1. 0.
0.006 1. 0. -318.066 1. -0.006 0. 313.727 0. 0. -1. 0.
0.006 1. 0. -317.970 1. -0.006 0. 317.520 0. 0. -1. 0.
0.007 1. 0. -317.858 1. -0.007 0. 321.321 0. 0. -1. 0.
0.008 1. 0. -317.744 1. -0.008 0. 325.132 0. 0. -1. 0.
0.008 1. 0. -317.631 1. -0.008 0. 328.944 0. 0. -1. 0.
0.009 1. 0. -317.523 1. -0.009 0. 332.764 0. 0. -1. 0.
0.009 1. 0. -317.409 1. -0.009 0. 336.599 0. 0. -1. 0.
0.009 1. 0. -317.297 1. -0.009 0. 340.456 0. 0. -1. 0.
0.008 1. 0. -317.189 1. -0.008 0. 344.321 0. 0. -1. 0.
0.007 1. 0. -317.080 1. -0.007 0. 348.215 0. 0. -1. 0.
0.005 1. 0. -316.972 1. -0.005 0. 352.097 0. 0. -1. 0.
0.006 1. 0. -316.878 1. -0.006 0. 355.961 0. 0. -1. 0.
0.007 1. 0. -316.773 1. -0.007 0. 359.821 0. 0. -1. 0.
0.007 1. 0. -316.665 1. -0.007 0. 363.671 0. 0. -1. 0.
0.007 1. 0. -316.560 1. -0.007 0. 367.505 0. 0. -1. 0.
0.006 1. 0. -316.457 1. -0.006 0. 371.331 0. 0. -1. 0.
0.006 1. 0. -316.353 1. -0.006 0. 375.161 0. 0. -1. 0.
0.006 1. 0. -316.254 1. -0.006 0. 378.986 0. 0. -1. 0.
0.006 1. 0. -316.143 1. -0.006 0. 382.808 0. 0. -1. 0.
0.006 1. 0. -316.049 1. -0.006 0. 386.617 0. 0. -1. 0.
0.007 1. 0. -315.960 1. -0.007 0. 390.426 0. 0. -1. 0.
0.006 1. 0. -315.857 1. -0.006 0. 394.239 0. 0. -1. 0.
0.007 1. 0. -315.760 1. -0.007 0. 398.054 0. 0. -1. 0.
0.006 1. 0. -315.654 1. -0.006 0. 401.878 0. 0. -1. 0.
0.007 1. 0. -315.550 1. -0.007 0. 405.696 0. 0. -1. 0.
0.006 1. 0. -315.448 1. -0.006 0. 409.503 0. 0. -1. 0.
0.006 1. 0. -315.346 1. -0.006 0. 413.303 0. 0. -1. 0.
0.006 1. 0. -315.247 1. -0.006 0. 417.078 0. 0. -1. 0.
0.006 1. 0. -315.153 1. -0.006 0. 420.829 0. 0. -1. 0.
0.006 1. 0. -315.053 1. -0.006 0. 424.561 0. 0. -1. 0.
0.006 1. 0. -314.953 1. -0.006 0. 428.262 0. 0. -1. 0.
0.006 1. 0. -314.857 1. -0.006 0. 431.950 0. 0. -1. 0.
0.006 1. 0. -314.761 1. -0.006 0. 435.601 0. 0. -1. 0.
0.005 1. 0. -314.666 1. -0.005 0. 439.233 0. 0. -1. 0.
0.005 1. 0. -314.564 1. -0.005 0. 442.848 0. 0. -1. 0.
0.005 1. 0. -314.467 1. -0.005 0. 446.435 0. 0. -1. 0.
0.005 1. 0. -314.380 1. -0.005 0. 450.005 0. 0. -1. 0.
0.005 1. 0. -314.289 1. -0.005 0. 453.543 0. 0. -1. 0.
0.005 1. 0. -314.195 1. -0.005 0. 457.047 0. 0. -1. 0.
0.005 1. 0. -314.100 1. -0.005 0. 460.530 0. 0. -1. 0.
0.004 1. 0. -314.006 1. -0.004 0. 463.984 0. 0. -1. 0.
0.003 1. 0. -313.928 1. -0.003 0. 467.431 0. 0. -1. 0.
0.002 1. 0. -313.848 1. -0.002 0. 470.859 0. 0. -1. 0.
0.001 1. 0. -313.781 1. -0.001 0. 474.265 0. 0. -1. 0.
-0.000 1. 0. -313.716 1. 0.000 0. 477.648 0. 0. -1. 0.
-0.001 1. 0. -313.657 1. 0.001 0. 481.003 0. 0. -1. 0.
-0.003 1. 0. -313.601 1. 0.003 0. 484.352 0. 0. -1. 0.
-0.005 1. 0. -313.548 1. 0.005 0. 487.662 0. 0. -1. 0.
-0.008 1. 0. -313.506 1. 0.008 0. 490.945 0. 0. -1. 0.
-0.011 1. 0. -313.473 1. 0.011 0. 494.214 0. 0. -1. 0.
-0.015 1.000 0. -313.437 1.000 0.015 0. 497.434 0. 0. -1. 0.
-0.020 1.000 0. -313.429 1.000 0.020 0. 500.596 0. 0. -1. 0.
-0.028 1.000 0. -313.442 1.000 0.028 0. 503.709 0. 0. -1. 0.
-0.037 0.999 0. -313.475 0.999 0.037 0. 506.717 0. 0. -1. 0.
-0.046 0.999 0. -313.536 0.999 0.046 0. 509.641 0. 0. -1. 0.
-0.056 0.998 0. -313.625 0.998 0.056 0. 512.443 0. 0. -1. 0.
-0.065 0.998 0. -313.739 0.998 0.065 0. 515.169 0. 0. -1. 0.
-0.074 0.997 0. -313.868 0.997 0.074 0. 517.811 0. 0. -1. 0.
-0.083 0.997 0. -314.025 0.997 0.083 0. 520.384 0. 0. -1. 0.
-0.091 0.996 0. -314.205 0.996 0.091 0. 522.852 0. 0. -1. 0.
-0.099 0.995 0. -314.389 0.995 0.099 0. 525.220 0. 0. -1. 0.
-0.106 0.994 0. -314.582 0.994 0.106 0. 527.462 0. 0. -1. 0.
-0.111 0.994 0. -314.772 0.994 0.111 0. 529.560 0. 0. -1. 0.
-0.115 0.993 0. -314.952 0.993 0.115 0. 531.535 0. 0. -1. 0.
-0.118 0.993 0. -315.129 0.993 0.118 0. 533.372 0. 0. -1. 0.
-0.120 0.993 0. -315.302 0.993 0.120 0. 535.054 0. 0. -1. 0.
-0.121 0.993 0. -315.460 0.993 0.121 0. 536.579 0. 0. -1. 0.
-0.121 0.993 0. -315.603 0.993 0.121 0. 537.941 0. 0. -1. 0.
-0.119 0.993 0. -315.724 0.993 0.119 0. 539.130 0. 0. -1. 0.
-0.117 0.993 0. -315.824 0.993 0.117 0. 540.188 0. 0. -1. 0.
-0.116 0.993 0. -315.918 0.993 0.116 0. 541.146 0. 0. -1. 0.
-0.115 0.993 0. -315.999 0.993 0.115 0. 542.032 0. 0. -1. 0.
-0.113 0.994 0. -316.081 0.994 0.113 0. 542.856 0. 0. -1. 0.
-0.112 0.994 0. -316.145 0.994 0.112 0. 543.569 0. 0. -1. 0.
-0.112 0.994 0. -316.198 0.994 0.112 0. 544.154 0. 0. -1. 0.
-0.111 0.994 0. -316.240 0.994 0.111 0. 544.599 0. 0. -1. 0.
-0.110 0.994 0. -316.271 0.994 0.110 0. 544.913 0. 0. -1. 0.
-0.110 0.994 0. -316.286 0.994 0.110 0. 545.105 0. 0. -1. 0.
-0.110 0.994 0. -316.293 0.994 0.110 0. 545.182 0. 0. -1. 0.
-0.110 0.994 0. -316.292 0.994 0.110 0. 545.172 0. 0. -1. 0.
-0.110 0.994 0. -316.292 0.994 0.110 0. 545.171 0. 0. -1. 0.
-0.110 0.994 0. -316.292 0.994 0.110 0. 545.172 0. 0. -1. 0.
-0.110 0.994 0. -316.292 0.994 0.110 0. 545.171 0. 0. -1. 0.
-0.110 0.994 0. -316.292 0.994 0.110 0. 545.171 0. 0. -1. 0.
