1. 0. 0. 0. 0. 1. 0. 0. 0. 0. 1. 0.
1. -0. 0. -0.001 0. 1. 0. 0.002 0. 0. 1. 0.
1. -0.000 0. 0.002 0.000 1. 0. -0.001 0. 0. 1. 0.
1. 0. 0. -0. -0. 1. 0. -0.002 0. 0. 1. 0.
1. 0. 0. -0.001 -0. 1. 0. -0.003 0. 0. 1. 0.
1. -0. 0. 0.004 0. 1. 0. 0.005 0. 0. 1. 0.
1. 0. 0. 0.004 -0. 1. 0. -0.003 0. 0. 1. 0.
1. -0.000 0. 0.005 0.000 1. 0. 0.002 0. 0. 1. 0.
1. -0. 0. 0.004 0. 1. 0. 0.001 0. 0. 1. 0.
1. 0.000 0. -0.002 -0.000 1. 0. -0.003 0. 0. 1. 0.
1. -0. 0. -0.003 0. 1. 0. -0.001 0. 0. 1. 0.
1. -0. 0. -0.001 0. 1. 0. -0.002 0. 0. 1. 0.
1. -0.000 0. 0.004 0.000 1. 0. -0.005 0. 0. 1. 0.
1. 0. 0. 0.003 -0. 1. 0. -0.005 0. 0. 1. 0.
1. -0. 0. 0.004 0. 1. 0. -0.007 0. 0. 1. 0.
1. 0. 0. -0.002 -0. 1. 0. -0.001 0. 0. 1. 0.
1. 0. 0. -0.000 -0. 1. 0. -0.006 0. 0. 1. 0.
1. 0. 0. -0.001 -0. 1. 0. -0.002 0. 0. 1. 0.
1. 0.000 0. 0.004 -0.000 1. 0. -0.001 0. 0. 1. 0.
1. 0. 0. 0.005 -0. 1. 0. -0.001 0. 0. 1. 0.
1. 0.000 0. -0.001 -0.000 1. 0. -0.007 0. 0. 1. 0.
1. 0. 0. 0.003 -0. 1. 0. 0.001 0. 0. 1. 0.
1. -0. 0. 0.003 0. 1. 0. 0.000 0. 0. 1. 0.
1. -0. 0. 0.005 0. 1. 0. -0.002 0. 0. 1. 0.
1. 0. 0. 0.004 -0. 1. 0. 0.001 0. 0. 1. 0.
1. 0. 0. 0.004 -0. 1. 0. 0.000 0. 0. 1. 0.
1. -0.000 0. -0.000 0.000 1. 0. 0.004 0. 0. 1. 0.
1. -0. 0. 0.001 0. 1. 0. 0.002 0. 0. 1. 0.
1. 0. 0. 0.008 -0. 1. 0. 0.004 0. 0. 1. 0.
1. 0.000 0. -0.002 -0.000 1. 0. 0.010 0. 0. 1. 0.
1. 0. 0. 0.007 -0. 1. 0. 0.001 0. 0. 1. 0.
1. 0. 0. 0.006 -0. 1. 0. 0.004 0. 0. 1. 0.
1. -0. 0. 0.004 0. 1. 0. 0.005 0. 0. 1. 0.
1. -0.000 0. 0.008 0.000 1. 0. -0.001 0. 0. 1. 0.
1. -0. 0. 0.009 0. 1. 0. 0.004 0. 0. 1. 0.
1. -0. 0. 0.002 0. 1. 0. 0.008 0. 0. 1. 0.
1. 0. 0. 0.007 -0. 1. 0. 0.002 0. 0. 1. 0.
1. -0.000 0. 0.009 0.000 1. 0. 0.001 0. 0. 1. 0.
1. -0.000 0. 0.005 0.000 1. 0. 0.004 0. 0. 1. 0.
1. -0.000 0. 0.001 0.000 1. 0. 0.003 0. 0. 1. 0.
1. -0.000 0. 0.002 0.000 1. 0. 0.002 0. 0. 1. 0.
1. 0. 0. 0.005 -0. 1. 0. 0.003 0. 0. 1. 0.
1. -0. 0. 0.003 0. 1. 0. 0.000 0. 0. 1. 0.
1. -0.000 0. 0.009 0.000 1. 0. 0.005 0. 0. 1. 0.
1. -0. 0. 0.002 0. 1. 0. 0.007 0. 0. 1. 0.
1. 0. 0. 0.004 -0. 1. 0. 0.004 0. 0. 1. 0.
1. -0.000 0. 0.006 0.000 1. 0. 0.002 0. 0. 1. 0.
1. -0. 0. 0.004 0. 1. 0. -0.003 0. 0. 1. 0.
1. 0. 0. 0.007 -0. 1. 0. 0.006 0. 0. 1. 0.
1. -0. 0. 0.008 0. 1. 0. 0.003 0. 0. 1. 0.
1. 0.000 0. 0.004 -0.000 1. 0. 0.002 0. 0. 1. 0.
1. 0. 0. 0.006 -0. 1. 0. 0.000 0. 0. 1. 0.
1. 0. 0. 0.007 -0. 1. 0. 0.001 0. 0. 1. 0.
1. 0. 0. 0.006 -0. 1. 0. 0.004 0. 0. 1. 0.
1. -0. 0. 0.004 0. 1. 0. 0.007 0. 0. 1. 0.
1. 0. 0. 0.007 -0. 1. 0. -0.000 0. 0. 1. 0.
1. -0.000 0. 0.003 0.000 1. 0. 0.003 0. 0. 1. 0.
1. -0. 0. 0.010 0. 1. 0. 0.001 0. 0. 1. 0.
1. 0.000 0. 0.008 -0.000 1. 0. -0.000 0. 0. 1. 0.
1. 0. 0. 0.004 -0. 1. 0. -0.005 0. 0. 1. 0.
1. 0.000 0. 0.008 -0.000 1. 0. 0.003 0. 0. 1. 0.
1. 0.000 0. 0.000 -0.000 1. 0. -0.001 0. 0. 1. 0.
1. 0. 0. 0.005 -0. 1. 0. -0.002 0. 0. 1. 0.
1. -0. 0. 0.001 0. 1. 0. 0.003 0. 0. 1. 0.
1. 0. 0. -0.000 -0. 1. 0. -0.002 0. 0. 1. 0.
1. 0. 0. 0.003 -0. 1. 0. -0.003 0. 0. 1. 0.
1. 0. 0. 0.002 -0. 1. 0. -0.001 0. 0. 1. 0.
1. 0. 0. 0.004 -0. 1. 0. 0.007 0. 0. 1. 0.
1. -0.000 0. 0.001 0.000 1. 0. 0.000 0. 0. 1. 0.
1. -0.000 0. 0.005 0.000 1. 0. -0.001 0. 0. 1. 0.
1. 0.000 0. 0.018 -0.000 1. 0. -0.004 0. 0. 1. 0.
1. -0.000 0. 0.058 0.000 1. 0. -0.005 0. 0. 1. 0.
1. -0.002 0. 0.112 0.002 1. 0. -0.007 0. 0. 1. 0.
1. -0.002 0. 0.193 0.002 1. 0. 0.027 0. 0. 1. 0.
1. -0.005 0. 0.314 0.005 1. 0. 0.060 0. 0. 1. 0.
1.000 -0.015 0. 0.542 0.015 1.000 0. 0.032 0. 0. 1. 0.
1.000 -0.023 0. 0.791 0.023 1.000 0. 0.021 0. 0. 1. 0.
0.999 -0.038 0. 1.160 0.038 0.999 0. 0.080 0. 0. 1. 0.
0.999 -0.053 0. 1.653 0.053 0.999 0. 0.102 0. 0. 1. 0.
0.997 -0.076 0. 2.247 0.076 0.997 0. 0.176 0. 0. 1. 0.
0.995 -0.100 0. 2.945 0.100 0.995 0. 0.271 0. 0. 1. 0.
0.993 -0.116 0. 3.825 0.116 0.993 0. 0.372 0. 0. 1. 0.
0.993 -0.121 0. 4.800 0.121 0.993 0. 0.468 0. 0. 1. 0.
0.993 -0.115 0. 5.878 0.115 0.993 0. 0.554 0. 0. 1. 0.
0.993 -0.115 0. 7.065 0.115 0.993 0. 0.760 0. 0. 1. 0.
0.993 -0.117 0. 8.425 0.117 0.993 0. 0.826 0. 0. 1. 0.
0.994 -0.111 0. 9.924 0.111 0.994 0. 1.063 0. 0. 1. 0.
0.995 -0.104 0. 11.450 0.104 0.995 0. 1.188 0. 0. 1. 0.
0.995 -0.101 0. 13.134 0.101 0.995 0. 1.326 0. 0. 1. 0.
0.995 -0.098 0. 14.906 0.098 0.995 0. 1.462 0. 0. 1. 0.
0.995 -0.095 0. 16.749 0.095 0.995 0. 1.634 0. 0. 1. 0.
0.996 -0.093 0. 18.657 0.093 0.996 0. 1.784 0. 0. 1. 0.
0.996 -0.086 0. 20.589 0.086 0.996 0. 1.947 0. 0. 1. 0.
0.996 -0.084 0. 22.549 0.084 0.996 0. 2.054 0. 0. 1. 0.
0.997 -0.081 0. 24.526 0.081 0.997 0. 2.185 0. 0. 1. 0.
0.997 -0.076 0. 26.542 0.076 0.997 0. 2.320 0. 0. 1. 0.
0.997 -0.072 0. 28.625 0.072 0.997 0. 2.413 0. 0. 1. 0.
0.998 -0.067 0. 30.742 0.067 0.998 0. 2.589 0. 0. 1. 0.
0.998 -0.063 0. 32.889 0.063 0.998 0. 2.671 0. 0. 1. 0.
0.998 -0.059 0. 35.069 0.059 0.998 0. 2.782 0. 0. 1. 0.
0.998 -0.058 0. 37.272 0.058 0.998 0. 2.853 0. 0. 1. 0.
0.998 -0.056 0. 39.468 0.056 0.998 0. 2.936 0. 0. 1. 0.
0.999 -0.054 0. 41.747 0.054 0.999 0. 3.021 0. 0. 1. 0.
0.999 -0.053 0. 44.020 0.053 0.999 0. 3.138 0. 0. 1. 0.
0.999 -0.052 0. 46.284 0.052 0.999 0. 3.222 0. 0. 1. 0.
0.999 -0.052 0. 48.536 0.052 0.999 0. 3.291 0. 0. 1. 0.
0.999 -0.052 0. 50.812 0.052 0.999 0. 3.338 0. 0. 1. 0.
0.999 -0.053 0. 53.069 0.053 0.999 0. 3.457 0. 0. 1. 0.
0.999 -0.050 0. 55.354 0.050 0.999 0. 3.539 0. 0. 1. 0.
0.999 -0.048 0. 57.665 0.048 0.999 0. 3.615 0. 0. 1. 0.
0.999 -0.044 0. 59.987 0.044 0.999 0. 3.648 0. 0. 1. 0.
0.999 -0.043 0. 62.254 0.043 0.999 0. 3.726 0. 0. 1. 0.
0.999 -0.039 0. 64.553 0.039 0.999 0. 3.768 0. 0. 1. 0.
0.999 -0.038 0. 66.792 0.038 0.999 0. 3.815 0. 0. 1. 0.
0.999 -0.032 0. 69.064 0.032 0.999 0. 3.817 0. 0. 1. 0.
1.000 -0.029 0. 71.329 0.029 1.000 0. 3.864 0. 0. 1. 0.
1.000 -0.028 0. 73.557 0.028 1.000 0. 3.950 0. 0. 1. 0.
1.000 -0.028 0. 75.869 0.028 1.000 0. 3.978 0. 0. 1. 0.
1.000 -0.028 0. 78.141 0.028 1.000 0. 3.986 0. 0. 1. 0.
1.000 -0.027 0. 80.434 0.027 1.000 0. 3.982 0. 0. 1. 0.
0.999 -0.032 0. 82.700 0.032 0.999 0. 3.974 0. 0. 1. 0.
0.999 -0.036 0. 85.022 0.036 0.999 0. 4.060 0. 0. 1. 0.
0.999 -0.040 0. 87.363 0.040 0.999 0. 4.067 0. 0. 1. 0.
0.999 -0.050 0. 89.732 0.050 0.999 0. 4.229 0. 0. 1. 0.
0.998 -0.055 0. 92.078 0.055 0.998 0. 4.352 0. 0. 1. 0.
0.998 -0.060 0. 94.452 0.060 0.998 0. 4.393 0. 0. 1. 0.
0.998 -0.062 0. 96.844 0.062 0.998 0. 4.524 0. 0. 1. 0.
0.998 -0.062 0. 99.239 0.062 0.998 0. 4.602 0. 0. 1. 0.
0.998 -0.063 0. 101.681 0.063 0.998 0. 4.738 0. 0. 1. 0.
0.998 -0.062 0. 104.132 0.062 0.998 0. 4.862 0. 0. 1. 0.
0.998 -0.063 0. 106.607 0.063 0.998 0. 4.965 0. 0. 1. 0.
0.998 -0.064 0. 109.060 0.064 0.998 0. 5.126 0. 0. 1. 0.
0.998 -0.065 0. 111.504 0.065 0.998 0. 5.289 0. 0. 1. 0.
0.998 -0.066 0. 113.956 0.066 0.998 0. 5.346 0. 0. 1. 0.
0.998 -0.069 0. 116.444 0.069 0.998 0. 5.541 0. 0. 1. 0.
0.998 -0.067 0. 118.916 0.067 0.998 0. 5.614 0. 0. 1. 0.
0.998 -0.065 0. 121.372 0.065 0.998 0. 5.722 0. 0. 1. 0.
0.998 -0.068 0. 123.823 0.068 0.998 0. 5.888 0. 0. 1. 0.
0.998 -0.068 0. 126.337 0.068 0.998 0. 6.046 0. 0. 1. 0.
0.998 -0.067 0. 128.858 0.067 0.998 0. 6.181 0. 0. 1. 0.
0.998 -0.066 0. 131.400 0.066 0.998 0. 6.305 0. 0. 1. 0.
0.998 -0.066 0. 133.931 0.066 0.998 0. 6.443 0. 0. 1. 0.
0.998 -0.067 0. 136.444 0.067 0.998 0. 6.595 0. 0. 1. 0.
0.998 -0.069 0. 138.992 0.069 0.998 0. 6.667 0. 0. 1. 0.
0.998 -0.069 0. 141.503 0.069 0.998 0. 6.860 0. 0. 1. 0.
0.998 -0.068 0. 144.037 0.068 0.998 0. 7.010 0. 0. 1. 0.
0.998 -0.070 0. 146.572 0.070 0.998 0. 7.182 0. 0. 1. 0.
0.997 -0.071 0. 149.066 0.071 0.997 0. 7.322 0. 0. 1. 0.
0.997 -0.072 0. 151.594 0.072 0.997 0. 7.467 0. 0. 1. 0.
0.997 -0.073 0. 154.120 0.073 0.997 0. 7.601 0. 0. 1. 0.
0.997 -0.071 0. 156.567 0.071 0.997 0. 7.772 0. 0. 1. 0.
0.998 -0.070 0. 159.010 0.070 0.998 0. 7.882 0. 0. 1. 0.
0.997 -0.072 0. 161.421 0.072 0.997 0. 8.020 0. 0. 1. 0.
0.997 -0.071 0. 163.856 0.071 0.997 0. 8.145 0. 0. 1. 0.
0.998 -0.070 0. 166.301 0.070 0.998 0. 8.260 0. 0. 1. 0.
0.998 -0.071 0. 168.688 0.071 0.998 0. 8.382 0. 0. 1. 0.
0.997 -0.072 0. 171.093 0.072 0.997 0. 8.507 0. 0. 1. 0.
0.997 -0.074 0. 173.533 0.074 0.997 0. 8.628 0. 0. 1. 0.
0.997 -0.077 0. 175.927 0.077 0.997 0. 8.762 0. 0. 1. 0.
0.997 -0.080 0. 178.354 0.080 0.997 0. 8.912 0. 0. 1. 0.
0.997 -0.081 0. 180.767 0.081 0.997 0. 9.056 0. 0. 1. 0.
0.996 -0.085 0. 183.158 0.085 0.996 0. 9.247 0. 0. 1. 0.
0.996 -0.085 0. 185.543 0.085 0.996 0. 9.397 0. 0. 1. 0.
0.996 -0.087 0. 187.974 0.087 0.996 0. 9.553 0. 0. 1. 0.
0.996 -0.087 0. 190.381 0.087 0.996 0. 9.761 0. 0. 1. 0.
0.996 -0.087 0. 192.777 0.087 0.996 0. 9.924 0. 0. 1. 0.
0.996 -0.085 0. 195.138 0.085 0.996 0. 10.150 0. 0. 1. 0.
0.996 -0.084 0. 197.493 0.084 0.996 0. 10.288 0. 0. 1. 0.
0.997 -0.081 0. 199.845 0.081 0.997 0. 10.470 0. 0. 1. 0.
0.997 -0.078 0. 202.166 0.078 0.997 0. 10.633 0. 0. 1. 0.
0.997 -0.071 0. 204.488 0.071 0.997 0. 10.819 0. 0. 1. 0.
0.998 -0.068 0. 206.757 0.068 0.998 0. 10.930 0. 0. 1. 0.
0.998 -0.069 0. 209.027 0.069 0.998 0. 11.053 0. 0. 1. 0.
0.997 -0.072 0. 211.286 0.072 0.997 0. 11.187 0. 0. 1. 0.
0.997 -0.080 0. 213.546 0.080 0.997 0. 11.299 0. 0. 1. 0.
0.996 -0.091 0. 215.792 0.091 0.996 0. 11.475 0. 0. 1. 0.
0.995 -0.104 0. 218.053 0.104 0.995 0. 11.665 0. 0. 1. 0.
0.993 -0.115 0. 220.302 0.115 0.993 0. 11.873 0. 0. 1. 0.
0.992 -0.127 0. 222.566 0.127 0.992 0. 12.157 0. 0. 1. 0.
0.990 -0.138 0. 224.793 0.138 0.990 0. 12.462 0. 0. 1. 0.
0.989 -0.146 0. 227.011 0.146 0.989 0. 12.773 0. 0. 1. 0.
0.988 -0.152 0. 229.322 0.152 0.988 0. 13.055 0. 0. 1. 0.
0.988 -0.155 0. 231.609 0.155 0.988 0. 13.454 0. 0. 1. 0.
0.987 -0.159 0. 233.855 0.159 0.987 0. 13.816 0. 0. 1. 0.
0.986 -0.166 0. 236.159 0.166 0.986 0. 14.094 0. 0. 1. 0.
0.986 -0.168 0. 238.469 0.168 0.986 0. 14.455 0. 0. 1. 0.
0.986 -0.169 0. 240.799 0.169 0.986 0. 14.847 0. 0. 1. 0.
0.985 -0.172 0. 243.106 0.172 0.985 0. 15.187 0. 0. 1. 0.
0.985 -0.174 0. 245.383 0.174 0.985 0. 15.580 0. 0. 1. 0.
0.985 -0.175 0. 247.666 0.175 0.985 0. 15.904 0. 0. 1. 0.
0.984 -0.178 0. 249.966 0.178 0.984 0. 16.369 0. 0. 1. 0.
0.984 -0.180 0. 252.271 0.180 0.984 0. 16.747 0. 0. 1. 0.
0.984 -0.180 0. 254.541 0.180 0.984 0. 17.094 0. 0. 1. 0.
0.983 -0.182 0. 256.819 0.182 0.983 0. 17.469 0. 0. 1. 0.
0.983 -0.185 0. 259.111 0.185 0.983 0. 17.940 0. 0. 1. 0.
0.982 -0.191 0. 261.449 0.191 0.982 0. 18.301 0. 0. 1. 0.
0.981 -0.196 0. 263.749 0.196 0.981 0. 18.712 0. 0. 1. 0.
0.980 -0.201 0. 266.045 0.201 0.980 0. 19.179 0. 0. 1. 0.
0.979 -0.205 0. 268.438 0.205 0.979 0. 19.629 0. 0. 1. 0.
0.978 -0.208 0. 270.774 0.208 0.978 0. 20.119 0. 0. 1. 0.
0.978 -0.210 0. 273.020 0.210 0.978 0. 20.578 0. 0. 1. 0.
0.977 -0.213 0. 275.350 0.213 0.977 0. 21.068 0. 0. 1. 0.
0.976 -0.217 0. 277.649 0.217 0.976 0. 21.571 0. 0. 1. 0.
0.975 -0.220 0. 279.958 0.220 0.975 0. 22.061 0. 0. 1. 0.
0.976 -0.219 0. 282.303 0.219 0.976 0. 22.501 0. 0. 1. 0.
0.978 -0.207 0. 284.620 0.207 0.978 0. 22.926 0. 0. 1. 0.
0.981 -0.194 0. 286.971 0.194 0.981 0. 23.349 0. 0. 1. 0.
0.982 -0.188 0. 289.315 0.188 0.982 0. 23.777 0. 0. 1. 0.
0.984 -0.179 0. 291.669 0.179 0.984 0. 24.192 0. 0. 1. 0.
0.985 -0.171 0. 294.042 0.171 0.985 0. 24.504 0. 0. 1. 0.
0.987 -0.164 0. 296.365 0.164 0.987 0. 24.824 0. 0. 1. 0.
0.988 -0.156 0. 298.715 0.156 0.988 0. 25.157 0. 0. 1. 0.
0.989 -0.151 0. 301.091 0.151 0.989 0. 25.461 0. 0. 1. 0.
0.990 -0.143 0. 303.442 0.143 0.990 0. 25.739 0. 0. 1. 0.
0.990 -0.140 0. 305.852 0.140 0.990 0. 26.040 0. 0. 1. 0.
0.990 -0.141 0. 308.258 0.141 0.990 0. 26.403 0. 0. 1. 0.
0.990 -0.141 0. 310.703 0.141 0.990 0. 26.679 0. 0. 1. 0.
0.990 -0.138 0. 313.169 0.138 0.990 0. 26.976 0. 0. 1. 0.
0.991 -0.132 0. 315.688 0.132 0.991 0. 27.209 0. 0. 1. 0.
0.992 -0.129 0. 318.166 0.129 0.992 0. 27.538 0. 0. 1. 0.
0.992 -0.124 0. 320.612 0.124 0.992 0. 27.895 0. 0. 1. 0.
0.993 -0.119 0. 323.083 0.119 0.993 0. 28.096 0. 0. 1. 0.
0.994 -0.111 0. 325.493 0.111 0.994 0. 28.317 0. 0. 1. 0.
0.994 -0.107 0. 327.904 0.107 0.994 0. 28.508 0. 0. 1. 0.
0.995 -0.099 0. 330.327 0.099 0.995 0. 28.770 0. 0. 1. 0.
0.996 -0.093 0. 332.731 0.093 0.996 0. 28.971 0. 0. 1. 0.
0.996 -0.088 0. 335.153 0.088 0.996 0. 29.100 0. 0. 1. 0.
0.997 -0.079 0. 337.559 0.079 0.997 0. 29.196 0. 0. 1. 0.
0.997 -0.072 0. 339.955 0.072 0.997 0. 29.337 0. 0. 1. 0.
0.998 -0.068 0. 342.332 0.068 0.998 0. 29.516 0. 0. 1. 0.
0.998 -0.059 0. 344.755 0.059 0.998 0. 29.628 0. 0. 1. 0.
0.999 -0.053 0. 347.143 0.053 0.999 0. 29.723 0. 0. 1. 0.
0.999 -0.046 0. 349.548 0.046 0.999 0. 29.768 0. 0. 1. 0.
0.999 -0.042 0. 351.951 0.042 0.999 0. 29.846 0. 0. 1. 0.
0.999 -0.037 0. 354.303 0.037 0.999 0. 29.875 0. 0. 1. 0.
1.000 -0.029 0. 356.692 0.029 1.000 0. 29.958 0. 0. 1. 0.
1.000 -0.022 0. 359.117 0.022 1.000 0. 29.890 0. 0. 1. 0.
1.000 -0.019 0. 361.546 0.019 1.000 0. 29.966 0. 0. 1. 0.
1.000 -0.017 0. 363.976 0.017 1.000 0. 30.011 0. 0. 1. 0.
1.000 -0.014 0. 366.395 0.014 1.000 0. 29.924 0. 0. 1. 0.
1. -0.011 0. 368.828 0.011 1. 0. 29.907 0. 0. 1. 0.
1. -0.010 0. 371.288 0.010 1. 0. 29.897 0. 0. 1. 0.
1. -0.011 0. 373.751 0.011 1. 0. 29.972 0. 0. 1. 0.
1. -0.012 0. 376.178 0.012 1. 0. 29.989 0. 0. 1. 0.
1. -0.012 0. 378.631 0.012 1. 0. 29.865 0. 0. 1. 0.
1. -0.012 0. 381.059 0.012 1. 0. 29.976 0. 0. 1. 0.
1.000 -0.015 0. 383.484 0.015 1.000 0. 29.944 0. 0. 1. 0.
1.000 -0.018 0. 385.902 0.018 1.000 0. 29.920 0. 0. 1. 0.
1.000 -0.021 0. 388.322 0.021 1.000 0. 29.916 0. 0. 1. 0.
1.000 -0.026 0. 390.770 0.026 1.000 0. 29.944 0. 0. 1. 0.
1.000 -0.030 0. 393.222 0.030 1.000 0. 29.978 0. 0. 1. 0.
0.999 -0.038 0. 395.688 0.038 0.999 0. 30.022 0. 0. 1. 0.
0.999 -0.042 0. 398.171 0.042 0.999 0. 30.110 0. 0. 1. 0.
0.999 -0.048 0. 400.663 0.048 0.999 0. 30.167 0. 0. 1. 0.
0.999 -0.054 0. 403.146 0.054 0.999 0. 30.276 0. 0. 1. 0.
0.998 -0.062 0. 405.660 0.062 0.998 0. 30.397 0. 0. 1. 0.
0.998 -0.068 0. 408.191 0.068 0.998 0. 30.515 0. 0. 1. 0.
0.997 -0.074 0. 410.673 0.074 0.997 0. 30.654 0. 0. 1. 0.
0.997 -0.079 0. 413.203 0.079 0.997 0. 30.841 0. 0. 1. 0.
0.997 -0.083 0. 415.736 0.083 0.997 0. 31.019 0. 0. 1. 0.
0.996 -0.086 0. 418.278 0.086 0.996 0. 31.255 0. 0. 1. 0.
0.996 -0.088 0. 420.823 0.088 0.996 0. 31.477 0. 0. 1. 0.
0.996 -0.090 0. 423.330 0.090 0.996 0. 31.600 0. 0. 1. 0.
0.996 -0.091 0. 425.881 0.091 0.996 0. 31.830 0. 0. 1. 0.
0.996 -0.090 0. 428.362 0.090 0.996 0. 31.953 0. 0. 1. 0.
0.996 -0.091 0. 430.792 0.091 0.996 0. 32.119 0. 0. 1. 0.
0.996 -0.090 0. 433.152 0.090 0.996 0. 32.349 0. 0. 1. 0.
0.996 -0.089 0. 435.472 0.089 0.996 0. 32.532 0. 0. 1. 0.
0.996 -0.089 0. 437.754 0.089 0.996 0. 32.670 0. 0. 1. 0.
0.996 -0.089 0. 439.956 0.089 0.996 0. 32.820 0. 0. 1. 0.
0.996 -0.089 0. 442.094 0.089 0.996 0. 32.938 0. 0. 1. 0.
0.996 -0.086 0. 444.109 0.086 0.996 0. 33.153 0. 0. 1. 0.
0.997 -0.082 0. 446.079 0.082 0.997 0. 33.245 0. 0. 1. 0.
0.997 -0.077 0. 447.951 0.077 0.997 0. 33.338 0. 0. 1. 0.
0.998 -0.068 0. 449.713 0.068 0.998 0. 33.499 0. 0. 1. 0.
0.998 -0.058 0. 451.388 0.058 0.998 0. 33.531 0. 0. 1. 0.
0.999 -0.041 0. 452.988 0.041 0.999 0. 33.580 0. 0. 1. 0.
1. -0.012 0. 454.540 0.012 1. 0. 33.574 0. 0. 1. 0.
1.000 0.028 0. 455.999 -0.028 1.000 0. 33.487 0. 0. 1. 0.
0.997 0.077 0. 457.354 -0.077 0.997 0. 33.343 0. 0. 1. 0.
0.991 0.131 0. 458.630 -0.131 0.991 0. 33.097 0. 0. 1. 0.
0.981 0.193 0. 459.841 -0.193 0.981 0. 32.843 0. 0. 1. 0.
0.965 0.263 0. 460.974 -0.263 0.965 0. 32.463 0. 0. 1. 0.
0.939 0.343 0. 462.014 -0.343 0.939 0. 32.064 0. 0. 1. 0.
0.903 0.430 0. 462.940 -0.430 0.903 0. 31.476 0. 0. 1. 0.
0.855 0.519 0. 463.839 -0.519 0.855 0. 30.856 0. 0. 1. 0.
0.793 0.610 0. 464.589 -0.610 0.793 0. 30.171 0. 0. 1. 0.
0.713 0.701 0. 465.228 -0.701 0.713 0. 29.424 0. 0. 1. 0.
0.620 0.785 0. 465.766 -0.785 0.620 0. 28.618 0. 0. 1. 0.
0.512 0.859 0. 466.171 -0.859 0.512 0. 27.711 0. 0. 1. 0.
0.394 0.919 0. 466.437 -0.919 0.394 0. 26.834 0. 0. 1. 0.
0.264 0.965 0. 466.590 -0.965 0.264 0. 25.901 0. 0. 1. 0.
0.122 0.993 0. 466.624 -0.993 0.122 0. 24.942 0. 0. 1. 0.
-0.024 1.000 0. 466.490 -1.000 -0.024 0. 23.975 0. 0. 1. 0.
-0.173 0.985 0. 466.198 -0.985 -0.173 0. 22.972 0. 0. 1. 0.
-0.316 0.949 0. 465.793 -0.949 -0.316 0. 21.955 0. 0. 1. 0.
-0.451 0.893 0. 465.186 -0.893 -0.451 0. 21.050 0. 0. 1. 0.
-0.562 0.827 0. 464.492 -0.827 -0.562 0. 20.132 0. 0. 1. 0.
-0.663 0.748 0. 463.659 -0.748 -0.663 0. 19.337 0. 0. 1. 0.
-0.750 0.662 0. 462.659 -0.662 -0.750 0. 18.536 0. 0. 1. 0.
-0.808 0.589 0. 461.587 -0.589 -0.808 0. 17.756 0. 0. 1. 0.
-0.845 0.535 0. 460.347 -0.535 -0.845 0. 17.052 0. 0. 1. 0.
-0.863 0.505 0. 459.056 -0.505 -0.863 0. 16.358 0. 0. 1. 0.
-0.869 0.494 0. 457.648 -0.494 -0.869 0. 15.706 0. 0. 1. 0.
-0.872 0.490 0. 456.260 -0.490 -0.872 0. 14.991 0. 0. 1. 0.
-0.873 0.488 0. 454.759 -0.488 -0.873 0. 14.229 0. 0. 1. 0.
-0.874 0.487 0. 453.211 -0.487 -0.874 0. 13.420 0. 0. 1. 0.
-0.874 0.486 0. 451.615 -0.486 -0.874 0. 12.574 0. 0. 1. 0.
-0.874 0.485 0. 449.918 -0.485 -0.874 0. 11.701 0. 0. 1. 0.
-0.875 0.484 0. 448.199 -0.484 -0.875 0. 10.817 0. 0. 1. 0.
-0.876 0.483 0. 446.404 -0.483 -0.876 0. 9.802 0. 0. 1. 0.
-0.876 0.482 0. 444.518 -0.482 -0.876 0. 8.864 0. 0. 1. 0.
-0.877 0.480 0. 442.602 -0.480 -0.877 0. 7.810 0. 0. 1. 0.
-0.877 0.480 0. 440.640 -0.480 -0.877 0. 6.775 0. 0. 1. 0.
-0.878 0.478 0. 438.622 -0.478 -0.878 0. 5.721 0. 0. 1. 0.
-0.879 0.477 0. 436.554 -0.477 -0.879 0. 4.614 0. 0. 1. 0.
-0.880 0.474 0. 434.455 -0.474 -0.880 0. 3.580 0. 0. 1. 0.
-0.882 0.471 0. 432.291 -0.471 -0.882 0. 2.471 0. 0. 1. 0.
-0.885 0.466 0. 430.131 -0.466 -0.885 0. 1.330 0. 0. 1. 0.
-0.886 0.464 0. 427.898 -0.464 -0.886 0. 0.210 0. 0. 1. 0.
-0.889 0.458 0. 425.664 -0.458 -0.889 0. -0.972 0. 0. 1. 0.
-0.891 0.454 0. 423.363 -0.454 -0.891 0. -2.102 0. 0. 1. 0.
-0.891 0.453 0. 421.067 -0.453 -0.891 0. -3.225 0. 0. 1. 0.
-0.892 0.451 0. 418.778 -0.451 -0.892 0. -4.346 0. 0. 1. 0.
-0.893 0.450 0. 416.473 -0.450 -0.893 0. -5.490 0. 0. 1. 0.
-0.894 0.448 0. 414.178 -0.448 -0.894 0. -6.607 0. 0. 1. 0.
-0.895 0.446 0. 411.875 -0.446 -0.895 0. -7.712 0. 0. 1. 0.
-0.896 0.444 0. 409.577 -0.444 -0.896 0. -8.823 0. 0. 1. 0.
-0.896 0.444 0. 407.285 -0.444 -0.896 0. -9.936 0. 0. 1. 0.
-0.897 0.443 0. 404.967 -0.443 -0.897 0. -11.069 0. 0. 1. 0.
-0.898 0.440 0. 402.618 -0.440 -0.898 0. -12.185 0. 0. 1. 0.
-0.898 0.440 0. 400.258 -0.440 -0.898 0. -13.297 0. 0. 1. 0.
-0.898 0.440 0. 397.928 -0.440 -0.898 0. -14.403 0. 0. 1. 0.
-0.899 0.439 0. 395.608 -0.439 -0.899 0. -15.555 0. 0. 1. 0.
-0.899 0.438 0. 393.263 -0.438 -0.899 0. -16.593 0. 0. 1. 0.
-0.900 0.437 0. 390.948 -0.437 -0.900 0. -17.726 0. 0. 1. 0.
-0.900 0.437 0. 388.649 -0.437 -0.900 0. -18.824 0. 0. 1. 0.
-0.901 0.434 0. 386.300 -0.434 -0.901 0. -19.926 0. 0. 1. 0.
-0.902 0.432 0. 383.925 -0.432 -0.902 0. -20.999 0. 0. 1. 0.
-0.902 0.431 0. 381.612 -0.431 -0.902 0. -22.115 0. 0. 1. 0.
-0.903 0.429 0. 379.297 -0.429 -0.903 0. -23.189 0. 0. 1. 0.
-0.905 0.426 0. 376.969 -0.426 -0.905 0. -24.179 0. 0. 1. 0.
-0.908 0.420 0. 374.692 -0.420 -0.908 0. -25.221 0. 0. 1. 0.
-0.910 0.414 0. 372.412 -0.414 -0.910 0. -26.258 0. 0. 1. 0.
-0.914 0.406 0. 370.101 -0.406 -0.914 0. -27.204 0. 0. 1. 0.
-0.918 0.397 0. 367.806 -0.397 -0.918 0. -28.143 0. 0. 1. 0.
-0.921 0.389 0. 365.497 -0.389 -0.921 0. -29.110 0. 0. 1. 0.
-0.924 0.382 0. 363.159 -0.382 -0.924 0. -30.019 0. 0. 1. 0.
-0.927 0.376 0. 360.821 -0.376 -0.927 0. -30.914 0. 0. 1. 0.
-0.930 0.367 0. 358.468 -0.367 -0.930 0. -31.774 0. 0. 1. 0.
-0.933 0.361 0. 356.148 -0.361 -0.933 0. -32.672 0. 0. 1. 0.
-0.937 0.349 0. 353.803 -0.349 -0.937 0. -33.529 0. 0. 1. 0.
-0.940 0.340 0. 351.461 -0.340 -0.940 0. -34.331 0. 0. 1. 0.
-0.943 0.332 0. 349.087 -0.332 -0.943 0. -35.115 0. 0. 1. 0.
-0.945 0.326 0. 346.740 -0.326 -0.945 0. -35.864 0. 0. 1. 0.
-0.946 0.324 0. 344.374 -0.324 -0.946 0. -36.574 0. 0. 1. 0.
-0.946 0.324 0. 342.020 -0.324 -0.946 0. -37.325 0. 0. 1. 0.
-0.945 0.326 0. 339.668 -0.326 -0.945 0. -38.094 0. 0. 1. 0.
-0.946 0.323 0. 337.331 -0.323 -0.946 0. -38.900 0. 0. 1. 0.
-0.945 0.326 0. 334.953 -0.326 -0.945 0. -39.677 0. 0. 1. 0.
-0.945 0.328 0. 332.626 -0.328 -0.945 0. -40.455 0. 0. 1. 0.
-0.943 0.334 0. 330.290 -0.334 -0.943 0. -41.227 0. 0. 1. 0.
-0.940 0.340 0. 327.976 -0.340 -0.940 0. -42.014 0. 0. 1. 0.
-0.940 0.342 0. 325.654 -0.342 -0.940 0. -42.805 0. 0. 1. 0.
-0.937 0.350 0. 323.310 -0.350 -0.937 0. -43.617 0. 0. 1. 0.
-0.936 0.353 0. 320.979 -0.353 -0.936 0. -44.453 0. 0. 1. 0.
-0.933 0.359 0. 318.613 -0.359 -0.933 0. -45.295 0. 0. 1. 0.
-0.932 0.362 0. 316.249 -0.362 -0.932 0. -46.177 0. 0. 1. 0.
-0.931 0.366 0. 313.885 -0.366 -0.931 0. -47.047 0. 0. 1. 0.
-0.929 0.370 0. 311.533 -0.370 -0.929 0. -47.956 0. 0. 1. 0.
-0.928 0.374 0. 309.144 -0.374 -0.928 0. -48.850 0. 0. 1. 0.
-0.927 0.374 0. 306.749 -0.374 -0.927 0. -49.790 0. 0. 1. 0.
-0.927 0.375 0. 304.437 -0.375 -0.927 0. -50.743 0. 0. 1. 0.
-0.927 0.375 0. 302.080 -0.375 -0.927 0. -51.661 0. 0. 1. 0.
-0.926 0.377 0. 299.692 -0.377 -0.926 0. -52.596 0. 0. 1. 0.
-0.927 0.376 0. 297.339 -0.376 -0.927 0. -53.538 0. 0. 1. 0.
-0.925 0.380 0. 295.012 -0.380 -0.925 0. -54.452 0. 0. 1. 0.
-0.924 0.383 0. 292.670 -0.383 -0.924 0. -55.385 0. 0. 1. 0.
-0.923 0.385 0. 290.353 -0.385 -0.923 0. -56.236 0. 0. 1. 0.
-0.920 0.391 0. 288.082 -0.391 -0.920 0. -57.132 0. 0. 1. 0.
-0.920 0.392 0. 285.743 -0.392 -0.920 0. -58.036 0. 0. 1. 0.
-0.920 0.393 0. 283.387 -0.393 -0.920 0. -58.910 0. 0. 1. 0.
-0.919 0.395 0. 281.158 -0.395 -0.919 0. -59.830 0. 0. 1. 0.
-0.918 0.396 0. 278.850 -0.396 -0.918 0. -60.847 0. 0. 1. 0.
-0.917 0.400 0. 276.597 -0.400 -0.917 0. -61.908 0. 0. 1. 0.
-0.915 0.402 0. 274.333 -0.402 -0.915 0. -62.827 0. 0. 1. 0.
-0.915 0.403 0. 272.044 -0.403 -0.915 0. -63.764 0. 0. 1. 0.
-0.915 0.404 0. 269.746 -0.404 -0.915 0. -64.659 0. 0. 1. 0.
-0.914 0.406 0. 267.468 -0.406 -0.914 0. -65.625 0. 0. 1. 0.
-0.914 0.406 0. 265.202 -0.406 -0.914 0. -66.625 0. 0. 1. 0.
-0.914 0.407 0. 262.912 -0.407 -0.914 0. -67.607 0. 0. 1. 0.
-0.914 0.405 0. 260.626 -0.405 -0.914 0. -68.533 0. 0. 1. 0.
-0.916 0.402 0. 258.338 -0.402 -0.916 0. -69.478 0. 0. 1. 0.
-0.916 0.402 0. 256.013 -0.402 -0.916 0. -70.406 0. 0. 1. 0.
-0.916 0.402 0. 253.712 -0.402 -0.916 0. -71.380 0. 0. 1. 0.
-0.916 0.402 0. 251.374 -0.402 -0.916 0. -72.369 0. 0. 1. 0.
-0.916 0.402 0. 249.080 -0.402 -0.916 0. -73.382 0. 0. 1. 0.
-0.916 0.402 0. 246.758 -0.402 -0.916 0. -74.375 0. 0. 1. 0.
-0.917 0.400 0. 244.409 -0.400 -0.917 0. -75.343 0. 0. 1. 0.
-0.915 0.404 0. 242.148 -0.404 -0.915 0. -76.371 0. 0. 1. 0.
-0.914 0.407 0. 239.805 -0.407 -0.914 0. -77.376 0. 0. 1. 0.
-0.912 0.411 0. 237.500 -0.411 -0.912 0. -78.321 0. 0. 1. 0.
-0.911 0.413 0. 235.228 -0.413 -0.911 0. -79.349 0. 0. 1. 0.
-0.910 0.415 0. 232.876 -0.415 -0.910 0. -80.321 0. 0. 1. 0.
-0.911 0.414 0. 230.585 -0.414 -0.911 0. -81.360 0. 0. 1. 0.
-0.910 0.414 0. 228.277 -0.414 -0.910 0. -82.404 0. 0. 1. 0.
-0.910 0.414 0. 225.946 -0.414 -0.910 0. -83.410 0. 0. 1. 0.
-0.910 0.415 0. 223.563 -0.415 -0.910 0. -84.384 0. 0. 1. 0.
-0.910 0.415 0. 221.217 -0.415 -0.910 0. -85.473 0. 0. 1. 0.
-0.910 0.414 0. 218.871 -0.414 -0.910 0. -86.596 0. 0. 1. 0.
-0.911 0.413 0. 216.462 -0.413 -0.911 0. -87.579 0. 0. 1. 0.
-0.912 0.411 0. 214.026 -0.411 -0.912 0. -88.571 0. 0. 1. 0.
-0.912 0.410 0. 211.610 -0.410 -0.912 0. -89.709 0. 0. 1. 0.
-0.912 0.409 0. 209.148 -0.409 -0.912 0. -90.744 0. 0. 1. 0.
-0.912 0.410 0. 206.713 -0.410 -0.912 0. -91.790 0. 0. 1. 0.
-0.912 0.409 0. 204.260 -0.409 -0.912 0. -92.809 0. 0. 1. 0.
-0.913 0.408 0. 201.848 -0.408 -0.913 0. -93.900 0. 0. 1. 0.
-0.914 0.406 0. 199.356 -0.406 -0.914 0. -94.912 0. 0. 1. 0.
-0.914 0.405 0. 196.928 -0.405 -0.914 0. -95.986 0. 0. 1. 0.
-0.914 0.407 0. 194.515 -0.407 -0.914 0. -97.078 0. 0. 1. 0.
-0.914 0.406 0. 192.057 -0.406 -0.914 0. -98.150 0. 0. 1. 0.
-0.913 0.408 0. 189.602 -0.408 -0.913 0. -99.139 0. 0. 1. 0.
-0.912 0.411 0. 187.188 -0.411 -0.912 0. -100.204 0. 0. 1. 0.
-0.912 0.409 0. 184.730 -0.409 -0.912 0. -101.327 0. 0. 1. 0.
-0.913 0.409 0. 182.268 -0.409 -0.913 0. -102.377 0. 0. 1. 0.
-0.913 0.408 0. 179.802 -0.408 -0.913 0. -103.450 0. 0. 1. 0.
-0.913 0.409 0. 177.321 -0.409 -0.913 0. -104.444 0. 0. 1. 0.
-0.913 0.408 0. 174.869 -0.408 -0.913 0. -105.528 0. 0. 1. 0.
-0.916 0.402 0. 172.372 -0.402 -0.916 0. -106.561 0. 0. 1. 0.
-0.917 0.400 0. 169.889 -0.400 -0.917 0. -107.578 0. 0. 1. 0.
-0.917 0.398 0. 167.392 -0.398 -0.917 0. -108.615 0. 0. 1. 0.
-0.919 0.395 0. 164.886 -0.395 -0.919 0. -109.663 0. 0. 1. 0.
-0.921 0.389 0. 162.383 -0.389 -0.921 0. -110.705 0. 0. 1. 0.
-0.923 0.385 0. 159.790 -0.385 -0.923 0. -111.611 0. 0. 1. 0.
-0.924 0.382 0. 157.282 -0.382 -0.924 0. -112.636 0. 0. 1. 0.
-0.925 0.380 0. 154.775 -0.380 -0.925 0. -113.642 0. 0. 1. 0.
-0.925 0.380 0. 152.228 -0.380 -0.925 0. -114.649 0. 0. 1. 0.
-0.926 0.376 0. 149.687 -0.376 -0.926 0. -115.625 0. 0. 1. 0.
-0.926 0.376 0. 147.193 -0.376 -0.926 0. -116.619 0. 0. 1. 0.
-0.927 0.376 0. 144.660 -0.376 -0.927 0. -117.595 0. 0. 1. 0.
-0.927 0.374 0. 142.152 -0.374 -0.927 0. -118.570 0. 0. 1. 0.
-0.929 0.371 0. 139.653 -0.371 -0.929 0. -119.569 0. 0. 1. 0.
-0.929 0.370 0. 137.083 -0.370 -0.929 0. -120.436 0. 0. 1. 0.
-0.929 0.369 0. 134.602 -0.369 -0.929 0. -121.422 0. 0. 1. 0.
-0.930 0.367 0. 132.058 -0.367 -0.930 0. -122.378 0. 0. 1. 0.
-0.930 0.366 0. 129.562 -0.366 -0.930 0. -123.275 0. 0. 1. 0.
-0.932 0.363 0. 127.045 -0.363 -0.932 0. -124.216 0. 0. 1. 0.
-0.932 0.363 0. 124.546 -0.363 -0.932 0. -125.113 0. 0. 1. 0.
-0.933 0.361 0. 122.172 -0.361 -0.933 0. -126.039 0. 0. 1. 0.
-0.933 0.361 0. 119.979 -0.361 -0.933 0. -126.874 0. 0. 1. 0.
-0.933 0.360 0. 117.926 -0.360 -0.933 0. -127.646 0. 0. 1. 0.
-0.933 0.361 0. 116.069 -0.361 -0.933 0. -128.311 0. 0. 1. 0.
-0.933 0.361 0. 114.444 -0.361 -0.933 0. -128.916 0. 0. 1. 0.
-0.933 0.361 0. 113.003 -0.361 -0.933 0. -129.442 0. 0. 1. 0.
-0.933 0.359 0. 111.825 -0.359 -0.933 0. -129.885 0. 0. 1. 0.
-0.933 0.359 0. 110.898 -0.359 -0.933 0. -130.223 0. 0. 1. 0.
-0.933 0.359 0. 110.149 -0.359 -0.933 0. -130.503 0. 0. 1. 0.
-0.934 0.358 0. 109.524 -0.358 -0.934 0. -130.680 0. 0. 1. 0.
-0.934 0.356 0. 109.016 -0.356 -0.934 0. -130.827 0. 0. 1. 0.
-0.934 0.356 0. 108.609 -0.356 -0.934 0. -131.013 0. 0. 1. 0.
-0.935 0.355 0. 108.317 -0.355 -0.935 0. -131.163 0. 0. 1. 0.
-0.935 0.355 0. 108.051 -0.355 -0.935 0. -131.203 0. 0. 1. 0.
-0.935 0.355 0. 107.885 -0.355 -0.935 0. -131.259 0. 0. 1. 0.
-0.935 0.355 0. 107.718 -0.355 -0.935 0. -131.296 0. 0. 1. 0.
-0.935 0.355 0. 107.649 -0.355 -0.935 0. -131.339 0. 0. 1. 0.
-0.935 0.355 0. 107.610 -0.355 -0.935 0. -131.364 0. 0. 1. 0.
-0.935 0.355 0. 107.593 -0.355 -0.935 0. -131.369 0. 0. 1. 0.
-0.935 0.354 0. 107.581 -0.354 -0.935 0. -131.348 0. 0. 1. 0.
-0.935 0.355 0. 107.596 -0.355 -0.935 0. -131.357 0. 0. 1. 0.
-0.935 0.355 0. 107.586 -0.355 -0.935 0. -131.355 0. 0. 1. 0.
-0.935 0.354 0. 107.587 -0.354 -0.935 0. -131.357 0. 0. 1. 0.
-0.935 0.354 0. 107.585 -0.354 -0.935 0. -131.349 0. 0. 1. 0.
-0.935 0.354 0. 107.590 -0.354 -0.935 0. -131.339 0. 0. 1. 0.
-0.935 0.355 0. 107.596 -0.355 -0.935 0. -131.341 0. 0. 1. 0.
-0.935 0.355 0. 107.588 -0.355 -0.935 0. -131.355 0. 0. 1. 0.
-0.935 0.355 0. 107.584 -0.355 -0.935 0. -131.357 0. 0. 1. 0.
-0.935 0.355 0. 107.601 -0.355 -0.935 0. -131.348 0. 0. 1. 0.
-0.935 0.355 0. 107.596 -0.355 -0.935 0. -131.358 0. 0. 1. 0.
-0.935 0.355 0. 107.594 -0.355 -0.935 0. -131.362 0. 0. 1. 0.
-0.935 0.354 0. 107.596 -0.354 -0.935 0. -131.361 0. 0. 1. 0.
-0.935 0.354 0. 107.574 -0.354 -0.935 0. -131.370 0. 0. 1. 0.
-0.935 0.355 0. 107.589 -0.355 -0.935 0. -131.364 0. 0. 1. 0.
-0.935 0.355 0. 107.586 -0.355 -0.935 0. -131.362 0. 0. 1. 0.
-0.935 0.354 0. 107.596 -0.354 -0.935 0. -131.350 0. 0. 1. 0.
-0.935 0.355 0. 107.587 -0.355 -0.935 0. -131.363 0. 0. 1. 0.
-0.935 0.355 0. 107.583 -0.355 -0.935 0. -131.367 0. 0. 1. 0.
-0.935 0.355 0. 107.587 -0.355 -0.935 0. -131.361 0. 0. 1. 0.
-0.935 0.354 0. 107.582 -0.354 -0.935 0. -131.362 0. 0. 1. 0.
-0.935 0.355 0. 107.597 -0.355 -0.935 0. -131.355 0. 0. 1. 0.
-0.935 0.355 0. 107.596 -0.355 -0.935 0. -131.357 0. 0. 1. 0.
-0.935 0.355 0. 107.598 -0.355 -0.935 0. -131.369 0. 0. 1. 0.
-0.935 0.355 0. 107.591 -0.355 -0.935 0. -131.367 0. 0. 1. 0.
-0.935 0.355 0. 107.594 -0.355 -0.935 0. -131.357 0. 0. 1. 0.
-0.935 0.355 0. 107.601 -0.355 -0.935 0. -131.358 0. 0. 1. 0.
-0.935 0.355 0. 107.599 -0.355 -0.935 0. -131.365 0. 0. 1. 0.
-0.935 0.355 0. 107.593 -0.355 -0.935 0. -131.356 0. 0. 1. 0.
-0.935 0.354 0. 107.569 -0.354 -0.935 0. -131.370 0. 0. 1. 0.
-0.935 0.355 0. 107.591 -0.355 -0.935 0. -131.372 0. 0. 1. 0.
-0.935 0.355 0. 107.601 -0.355 -0.935 0. -131.362 0. 0. 1. 0.
-0.935 0.355 0. 107.597 -0.355 -0.935 0. -131.350 0. 0. 1. 0.
-0.935 0.355 0. 107.600 -0.355 -0.935 0. -131.353 0. 0. 1. 0.
-0.935 0.355 0. 107.593 -0.355 -0.935 0. -131.360 0. 0. 1. 0.
-0.935 0.355 0. 107.596 -0.355 -0.935 0. -131.357 0. 0. 1. 0.
-0.935 0.354 0. 107.593 -0.354 -0.935 0. -131.351 0. 0. 1. 0.
-0.935 0.356 0. 107.600 -0.356 -0.935 0. -131.357 0. 0. 1. 0.
-0.935 0.355 0. 107.602 -0.355 -0.935 0. -131.360 0. 0. 1. 0.
-0.935 0.355 0. 107.591 -0.355 -0.935 0. -131.361 0. 0. 1. 0.
-0.935 0.355 0. 107.592 -0.355 -0.935 0. -131.364 0. 0. 1. 0.
-0.935 0.355 0. 107.586 -0.355 -0.935 0. -131.363 0. 0. 1. 0.
-0.935 0.355 0. 107.599 -0.355 -0.935 0. -131.355 0. 0. 1. 0.
-0.935 0.355 0. 107.591 -0.355 -0.935 0. -131.358 0. 0. 1. 0.
-0.935 0.355 0. 107.594 -0.355 -0.935 0. -131.356 0. 0. 1. 0.
-0.935 0.355 0. 107.596 -0.355 -0.935 0. -131.365 0. 0. 1. 0.
-0.935 0.355 0. 107.606 -0.355 -0.935 0. -131.364 0. 0. 1. 0.
-0.935 0.355 0. 107.609 -0.355 -0.935 0. -131.368 0. 0. 1. 0.
-0.935 0.355 0. 107.606 -0.355 -0.935 0. -131.364 0. 0. 1. 0.
-0.935 0.355 0. 107.595 -0.355 -0.935 0. -131.362 0. 0. 1. 0.
-0.935 0.355 0. 107.585 -0.355 -0.935 0. -131.354 0. 0. 1. 0.
-0.935 0.354 0. 107.581 -0.354 -0.935 0. -131.361 0. 0. 1. 0.
-0.935 0.355 0. 107.587 -0.355 -0.935 0. -131.353 0. 0. 1. 0.
-0.935 0.355 0. 107.596 -0.355 -0.935 0. -131.366 0. 0. 1. 0.
-0.935 0.355 0. 107.594 -0.355 -0.935 0. -131.367 0. 0. 1. 0.
-0.935 0.355 0. 107.587 -0.355 -0.935 0. -131.355 0. 0. 1. 0.
-0.935 0.355 0. 107.591 -0.355 -0.935 0. -131.356 0. 0. 1. 0.
-0.935 0.355 0. 107.589 -0.355 -0.935 0. -131.368 0. 0. 1. 0.
-0.935 0.355 0. 107.558 -0.355 -0.935 0. -131.365 0. 0. 1. 0.
-0.935 0.355 0. 107.590 -0.355 -0.935 0. -131.360 0. 0. 1. 0.
-0.935 0.355 0. 107.591 -0.355 -0.935 0. -131.351 0. 0. 1. 0.
-0.935 0.354 0. 107.580 -0.354 -0.935 0. -131.348 0. 0. 1. 0.
-0.935 0.355 0. 107.602 -0.355 -0.935 0. -131.359 0. 0. 1. 0.
-0.935 0.355 0. 107.580 -0.355 -0.935 0. -131.363 0. 0. 1. 0.
-0.935 0.355 0. 107.591 -0.355 -0.935 0. -131.366 0. 0. 1. 0.
-0.935 0.355 0. 107.586 -0.355 -0.935 0. -131.360 0. 0. 1. 0.
-0.935 0.355 0. 107.593 -0.355 -0.935 0. -131.356 0. 0. 1. 0.
-0.935 0.355 0. 107.601 -0.355 -0.935 0. -131.351 0. 0. 1. 0.
-0.935 0.355 0. 107.594 -0.355 -0.935 0. -131.363 0. 0. 1. 0.
-0.935 0.355 0. 107.588 -0.355 -0.935 0. -131.364 0. 0. 1. 0.
-0.935 0.355 0. 107.607 -0.355 -0.935 0. -131.357 0. 0. 1. 0.
-0.935 0.355 0. 107.585 -0.355 -0.935 0. -131.357 0. 0. 1. 0.
-0.935 0.355 0. 107.599 -0.355 -0.935 0. -131.362 0. 0. 1. 0.
-0.935 0.355 0. 107.598 -0.355 -0.935 0. -131.351 0. 0. 1. 0.
-0.935 0.355 0. 107.604 -0.355 -0.935 0. -131.369 0. 0. 1. 0.
-0.935 0.355 0. 107.606 -0.355 -0.935 0. -131.352 0. 0. 1. 0.
-0.935 0.355 0. 107.583 -0.355 -0.935 0. -131.357 0. 0. 1. 0.
-0.935 0.355 0. 107.587 -0.355 -0.935 0. -131.362 0. 0. 1. 0.
-0.935 0.355 0. 107.601 -0.355 -0.935 0. -131.362 0. 0. 1. 0.
-0.935 0.354 0. 107.587 -0.354 -0.935 0. -131.349 0. 0. 1. 0.
-0.935 0.354 0. 107.597 -0.354 -0.935 0. -131.351 0. 0. 1. 0.
-0.935 0.354 0. 107.592 -0.354 -0.935 0. -131.350 0. 0. 1. 0.
-0.935 0.354 0. 107.584 -0.354 -0.935 0. -131.355 0. 0. 1. 0.
-0.935 0.355 0. 107.592 -0.355 -0.935 0. -131.364 0. 0. 1. 0.
-0.935 0.355 0. 107.587 -0.355 -0.935 0. -131.369 0. 0. 1. 0.
-0.935 0.354 0. 107.572 -0.354 -0.935 0. -131.349 0. 0. 1. 0.
-0.935 0.355 0. 107.593 -0.355 -0.935 0. -131.351 0. 0. 1. 0.
-0.935 0.355 0. 107.579 -0.355 -0.935 0. -131.368 0. 0. 1. 0.
-0.935 0.355 0. 107.588 -0.355 -0.935 0. -131.362 0. 0. 1. 0.
-0.935 0.355 0. 107.587 -0.355 -0.935 0. -131.365 0. 0. 1. 0.
-0.935 0.355 0. 107.599 -0.355 -0.935 0. -131.358 0. 0. 1. 0.
-0.935 0.355 0. 107.590 -0.355 -0.935 0. -131.354 0. 0. 1. 0.
-0.935 0.355 0. 107.592 -0.355 -0.935 0. -131.360 0. 0. 1. 0.
-0.935 0.355 0. 107.602 -0.355 -0.935 0. -131.347 0. 0. 1. 0.
-0.935 0.355 0. 107.605 -0.355 -0.935 0. -131.344 0. 0. 1. 0.
-0.935 0.354 0. 107.595 -0.354 -0.935 0. -131.348 0. 0. 1. 0.
-0.935 0.355 0. 107.592 -0.355 -0.935 0. -131.355 0. 0. 1. 0.
-0.935 0.355 0. 107.590 -0.355 -0.935 0. -131.363 0. 0. 1. 0.
-0.935 0.355 0. 107.599 -0.355 -0.935 0. -131.362 0. 0. 1. 0.
-0.935 0.355 0. 107.595 -0.355 -0.935 0. -131.357 0. 0. 1. 0.
-0.935 0.355 0. 107.588 -0.355 -0.935 0. -131.354 0. 0. 1. 0.
-0.935 0.355 0. 107.589 -0.355 -0.935 0. -131.366 0. 0. 1. 0.
-0.935 0.355 0. 107.585 -0.355 -0.935 0. -131.355 0. 0. 1. 0.
-0.935 0.355 0. 107.602 -0.355 -0.935 0. -131.356 0. 0. 1. 0.
-0.935 0.355 0. 107.602 -0.355 -0.935 0. -131.351 0. 0. 1. 0.
-0.935 0.355 0. 107.603 -0.355 -0.935 0. -131.359 0. 0. 1. 0.
-0.935 0.355 0. 107.600 -0.355 -0.935 0. -131.344 0. 0. 1. 0.
-0.935 0.355 0. 107.592 -0.355 -0.935 0. -131.362 0. 0. 1. 0.
-0.935 0.355 0. 107.585 -0.355 -0.935 0. -131.359 0. 0. 1. 0.
-0.935 0.355 0. 107.596 -0.355 -0.935 0. -131.368 0. 0. 1. 0.
-0.935 0.355 0. 107.584 -0.355 -0.935 0. -131.374 0. 0. 1. 0.
-0.935 0.355 0. 107.580 -0.355 -0.935 0. -131.355 0. 0. 1. 0.
-0.935 0.355 0. 107.577 -0.355 -0.935 0. -131.365 0. 0. 1. 0.
-0.935 0.355 0. 107.587 -0.355 -0.935 0. -131.357 0. 0. 1. 0.
-0.935 0.354 0. 107.587 -0.354 -0.935 0. -131.360 0. 0. 1. 0.
-0.935 0.354 0. 107.575 -0.354 -0.935 0. -131.352 0. 0. 1. 0.
-0.935 0.355 0. 107.588 -0.355 -0.935 0. -131.362 0. 0. 1. 0.
-0.935 0.355 0. 107.590 -0.355 -0.935 0. -131.366 0. 0. 1. 0.
-0.935 0.355 0. 107.592 -0.355 -0.935 0. -131.358 0. 0. 1. 0.
-0.935 0.355 0. 107.559 -0.355 -0.935 0. -131.363 0. 0. 1. 0.
-0.935 0.355 0. 107.569 -0.355 -0.935 0. -131.356 0. 0. 1. 0.
-0.935 0.355 0. 107.584 -0.355 -0.935 0. -131.351 0. 0. 1. 0.
-0.935 0.354 0. 107.597 -0.354 -0.935 0. -131.357 0. 0. 1. 0.
-0.935 0.354 0. 107.585 -0.354 -0.935 0. -131.359 0. 0. 1. 0.
-0.935 0.354 0. 107.587 -0.354 -0.935 0. -131.360 0. 0. 1. 0.
-0.935 0.354 0. 107.567 -0.354 -0.935 0. -131.360 0. 0. 1. 0.
-0.935 0.355 0. 107.583 -0.355 -0.935 0. -131.374 0. 0. 1. 0.
-0.935 0.355 0. 107.572 -0.355 -0.935 0. -131.372 0. 0. 1. 0.
-0.935 0.355 0. 107.591 -0.355 -0.935 0. -131.354 0. 0. 1. 0.
-0.935 0.354 0. 107.580 -0.354 -0.935 0. -131.355 0. 0. 1. 0.
-0.935 0.354 0. 107.581 -0.354 -0.935 0. -131.347 0. 0. 1. 0.
-0.935 0.355 0. 107.574 -0.355 -0.935 0. -131.379 0. 0. 1. 0.
-0.935 0.354 0. 107.580 -0.354 -0.935 0. -131.357 0. 0. 1. 0.
-0.935 0.354 0. 107.569 -0.354 -0.935 0. -131.365 0. 0. 1. 0.
-0.935 0.355 0. 107.530 -0.355 -0.935 0. -131.400 0. 0. 1. 0.
-0.935 0.354 0. 107.552 -0.354 -0.935 0. -131.369 0. 0. 1. 0.
-0.935 0.354 0. 107.566 -0.354 -0.935 0. -131.357 0. 0. 1. 0.
-0.935 0.355 0. 107.552 -0.355 -0.935 0. -131.388 0. 0. 1. 0.
-0.935 0.354 0. 107.563 -0.354 -0.935 0. -131.362 0. 0. 1. 0.
-0.935 0.355 0. 107.524 -0.355 -0.935 0. -131.400 0. 0. 1. 0.
-0.935 0.354 0. 107.538 -0.354 -0.935 0. -131.371 0. 0. 1. 0.
-0.935 0.354 0. 107.518 -0.354 -0.935 0. -131.360 0. 0. 1. 0.
-0.935 0.355 0. 107.547 -0.355 -0.935 0. -131.391 0. 0. 1. 0.
-0.935 0.355 0. 107.538 -0.355 -0.935 0. -131.397 0. 0. 1. 0.
-0.935 0.355 0. 107.506 -0.355 -0.935 0. -131.411 0. 0. 1. 0.
-0.935 0.356 0. 107.547 -0.356 -0.935 0. -131.431 0. 0. 1. 0.
-0.935 0.355 0. 107.500 -0.355 -0.935 0. -131.427 0. 0. 1. 0.
-0.935 0.354 0. 107.536 -0.354 -0.935 0. -131.374 0. 0. 1. 0.
-0.935 0.353 0. 107.552 -0.353 -0.935 0. -131.350 0. 0. 1. 0.
-0.935 0.355 0. 107.534 -0.355 -0.935 0. -131.339 0. 0. 1. 0.
-0.935 0.355 0. 107.543 -0.355 -0.935 0. -131.336 0. 0. 1. 0.
-0.935 0.354 0. 107.511 -0.354 -0.935 0. -131.378 0. 0. 1. 0.
-0.935 0.354 0. 107.516 -0.354 -0.935 0. -131.374 0. 0. 1. 0.
-0.935 0.354 0. 107.516 -0.354 -0.935 0. -131.381 0. 0. 1. 0.
-0.935 0.355 0. 107.522 -0.355 -0.935 0. -131.403 0. 0. 1. 0.
-0.935 0.355 0. 107.552 -0.355 -0.935 0. -131.400 0. 0. 1. 0.
-0.935 0.356 0. 107.531 -0.356 -0.935 0. -131.446 0. 0. 1. 0.
-0.935 0.355 0. 107.527 -0.355 -0.935 0. -131.442 0. 0. 1. 0.
-0.935 0.355 0. 107.591 -0.355 -0.935 0. -131.408 0. 0. 1. 0.
-0.935 0.355 0. 107.618 -0.355 -0.935 0. -131.345 0. 0. 1. 0.
-0.935 0.355 0. 107.619 -0.355 -0.935 0. -131.337 0. 0. 1. 0.
-0.935 0.355 0. 107.596 -0.355 -0.935 0. -131.361 0. 0. 1. 0.
-0.935 0.354 0. 107.591 -0.354 -0.935 0. -131.358 0. 0. 1. 0.
-0.935 0.355 0. 107.591 -0.355 -0.935 0. -131.336 0. 0. 1. 0.
-0.935 0.355 0. 107.573 -0.355 -0.935 0. -131.349 0. 0. 1. 0.
-0.935 0.355 0. 107.566 -0.355 -0.935 0. -131.358 0. 0. 1. 0.
-0.935 0.354 0. 107.550 -0.354 -0.935 0. -131.365 0. 0. 1. 0.
-0.935 0.354 0. 107.574 -0.354 -0.935 0. -131.361 0. 0. 1. 0.
-0.935 0.355 0. 107.573 -0.355 -0.935 0. -131.347 0. 0. 1. 0.
-0.935 0.355 0. 107.585 -0.355 -0.935 0. -131.351 0. 0. 1. 0.
-0.935 0.355 0. 107.590 -0.355 -0.935 0. -131.355 0. 0. 1. 0.
-0.935 0.354 0. 107.580 -0.354 -0.935 0. -131.363 0. 0. 1. 0.
-0.935 0.354 0. 107.583 -0.354 -0.935 0. -131.361 0. 0. 1. 0.
-0.935 0.355 0. 107.532 -0.355 -0.935 0. -131.379 0. 0. 1. 0.
-0.935 0.355 0. 107.533 -0.355 -0.935 0. -131.385 0. 0. 1. 0.
-0.935 0.355 0. 107.540 -0.355 -0.935 0. -131.370 0. 0. 1. 0.
-0.935 0.355 0. 107.548 -0.355 -0.935 0. -131.378 0. 0. 1. 0.
-0.935 0.355 0. 107.542 -0.355 -0.935 0. -131.395 0. 0. 1. 0.
-0.935 0.355 0. 107.536 -0.355 -0.935 0. -131.396 0. 0. 1. 0.
-0.935 0.355 0. 107.550 -0.355 -0.935 0. -131.400 0. 0. 1. 0.
-0.935 0.355 0. 107.533 -0.355 -0.935 0. -131.408 0. 0. 1. 0.
-0.935 0.355 0. 107.541 -0.355 -0.935 0. -131.399 0. 0. 1. 0.
-0.935 0.356 0. 107.539 -0.356 -0.935 0. -131.399 0. 0. 1. 0.
-0.935 0.355 0. 107.591 -0.355 -0.935 0. -131.375 0. 0. 1. 0.
-0.935 0.355 0. 107.582 -0.355 -0.935 0. -131.383 0. 0. 1. 0.
-0.935 0.355 0. 107.596 -0.355 -0.935 0. -131.378 0. 0. 1. 0.
-0.935 0.355 0. 107.586 -0.355 -0.935 0. -131.371 0. 0. 1. 0.
-0.935 0.355 0. 107.572 -0.355 -0.935 0. -131.354 0. 0. 1. 0.
-0.935 0.355 0. 107.584 -0.355 -0.935 0. -131.358 0. 0. 1. 0.
-0.935 0.354 0. 107.553 -0.354 -0.935 0. -131.355 0. 0. 1. 0.
-0.935 0.355 0. 107.552 -0.355 -0.935 0. -131.366 0. 0. 1. 0.
-0.935 0.355 0. 107.568 -0.355 -0.935 0. -131.362 0. 0. 1. 0.
-0.935 0.354 0. 107.563 -0.354 -0.935 0. -131.360 0. 0. 1. 0.
-0.935 0.355 0. 107.571 -0.355 -0.935 0. -131.358 0. 0. 1. 0.
-0.935 0.355 0. 107.593 -0.355 -0.935 0. -131.363 0. 0. 1. 0.
-0.935 0.355 0. 107.560 -0.355 -0.935 0. -131.370 0. 0. 1. 0.
-0.935 0.355 0. 107.554 -0.355 -0.935 0. -131.385 0. 0. 1. 0.
-0.935 0.355 0. 107.567 -0.355 -0.935 0. -131.369 0. 0. 1. 0.
-0.935 0.354 0. 107.575 -0.354 -0.935 0. -131.364 0. 0. 1. 0.
-0.935 0.354 0. 107.581 -0.354 -0.935 0. -131.361 0. 0. 1. 0.
-0.935 0.354 0. 107.592 -0.354 -0.935 0. -131.373 0. 0. 1. 0.
-0.935 0.354 0. 107.570 -0.354 -0.935 0. -131.373 0. 0. 1. 0.
-0.935 0.354 0. 107.561 -0.354 -0.935 0. -131.347 0. 0. 1. 0.
-0.935 0.355 0. 107.567 -0.355 -0.935 0. -131.361 0. 0. 1. 0.
-0.935 0.355 0. 107.569 -0.355 -0.935 0. -131.371 0. 0. 1. 0.
-0.935 0.355 0. 107.580 -0.355 -0.935 0. -131.364 0. 0. 1. 0.
-0.935 0.355 0. 107.570 -0.355 -0.935 0. -131.369 0. 0. 1. 0.
-0.935 0.355 0. 107.570 -0.355 -0.935 0. -131.372 0. 0. 1. 0.
-0.935 0.355 0. 107.568 -0.355 -0.935 0. -131.370 0. 0. 1. 0.
-0.935 0.355 0. 107.596 -0.355 -0.935 0. -131.360 0. 0. 1. 0.
-0.935 0.354 0. 107.585 -0.354 -0.935 0. -131.355 0. 0. 1. 0.
-0.935 0.354 0. 107.591 -0.354 -0.935 0. -131.360 0. 0. 1. 0.
-0.935 0.355 0. 107.577 -0.355 -0.935 0. -131.369 0. 0. 1. 0.
-0.935 0.355 0. 107.586 -0.355 -0.935 0. -131.367 0. 0. 1. 0.
-0.935 0.355 0. 107.601 -0.355 -0.935 0. -131.364 0. 0. 1. 0.
-0.935 0.354 0. 107.579 -0.354 -0.935 0. -131.371 0. 0. 1. 0.
-0.935 0.354 0. 107.594 -0.354 -0.935 0. -131.358 0. 0. 1. 0.
-0.935 0.354 0. 107.598 -0.354 -0.935 0. -131.352 0. 0. 1. 0.
