1. 0. 0. 0. 0. 1. 0. 0. 0. 0. 1. 0.
1. -0. 0. 0.000 0. 1. 0. 0. 0. 0. 1. 0.
1. 0. 0. 0.000 0. 1. 0. -0. 0. 0. 1. 0.
1. 0. 0. 0.000 -0. 1. -0. 0. -0. 0. 1. 0.
1. -0. 0. 0.000 0. 1. 0. 0. 0. 0. 1. 0.
1. -0. 0. 0.000 0. 1. 0. 0. 0. 0. 1. 0.
1. -0. 0. 0. 0. 1. 0. 0. 0. 0. 1. 0.
1. 0. 0. 0.001 -0. 1. -0. 0. -0. 0. 1. 0.
1. 0. 0. 0.002 -0. 1. -0. 0. -0. 0. 1. 0.
1. 0. 0. 0.001 -0. 1. -0. 0. -0. 0. 1. 0.
1. -0. 0. 0.000 0. 1. 0. 0. 0. 0. 1. 0.
1. -0. 0. -0.001 0. 1. 0. 0.000 0. 0. 1. 0.
1. -0. 0. -0.001 0. 1. 0. 0. 0. 0. 1. 0.
1. 0. 0. 0.000 -0. 1. -0. 0.000 -0. 0. 1. 0.
1. 0. 0. 0.000 -0. 1. -0. 0.000 -0. 0. 1. 0.
1. 0. 0. 0.001 -0. 1. -0. 0.000 -0. 0. 1. 0.
1. 0. 0. 0.001 -0. 1. -0. 0.000 -0. 0. 1. 0.
1. -0. 0. 0.000 0. 1. 0. 0.000 0. 0. 1. 0.
1. 0. 0. 0.000 -0. 1. -0. 0. -0. 0. 1. 0.
1. 0. 0. 0.000 -0. 1. -0. 0. -0. 0. 1. 0.
1. 0. 0. 0.000 -0. 1. -0. 0. -0. 0. 1. 0.
1. 0. 0. 0.001 -0. 1. -0. 0. -0. 0. 1. 0.
1. 0. 0. 0.001 -0. 1. -0. 0. -0. 0. 1. 0.
1. 0. 0. 0.001 -0. 1. -0. -0. -0. 0. 1. 0.
1. 0. 0. 0.001 -0. 1. -0. 0. -0. 0. 1. 0.
1. 0. 0. 0.000 -0. 1. -0. 0.000 -0. 0. 1. 0.
1. 0. 0. 0.000 -0. 1. -0. 0.000 -0. 0. 1. 0.
1. -0. 0. -0.000 0. 1. 0. 0.000 0. 0. 1. 0.
1. 0. 0. 0. -0. 1. -0. 0.000 -0. 0. 1. 0.
1. 0. 0. 0.000 -0. 1. -0. 0.000 -0. 0. 1. 0.
1. 0. 0. 0.000 -0. 1. -0. 0.000 -0. 0. 1. 0.
1. 0. 0. 0. -0. 1. -0. 0.000 -0. 0. 1. 0.
1. 0. 0. 0.001 -0. 1. -0. 0.000 -0. 0. 1. 0.
1. 0. 0. 0.001 -0. 1. -0. 0.000 -0. 0. 1. 0.
1. 0. 0. 0.001 -0. 1. -0. 0.000 -0. 0. 1. 0.
1. 0. 0. 0.001 -0. 1. -0. 0.000 -0. 0. 1. 0.
1. 0. 0. 0.001 -0. 1. -0. 0.000 -0. 0. 1. 0.
1. 0. 0. 0.001 -0. 1. -0. 0.000 -0. 0. 1. 0.
1. 0. 0. 0.001 -0. 1. -0. 0.000 -0. 0. 1. 0.
1. 0. 0. 0.001 -0. 1. -0. 0.000 -0. 0. 1. 0.
1. 0. 0. 0.001 -0. 1. -0. 0.000 -0. 0. 1. 0.
1. 0. 0. 0.002 -0. 1. -0. 0.000 -0. 0. 1. 0.
1. 0. 0. 0.001 -0. 1. -0. 0.000 -0. 0. 1. 0.
1. 0. 0. 0.001 -0. 1. -0. 0.000 -0. 0. 1. 0.
1. 0. 0. 0.000 -0. 1. -0. 0.000 -0. 0. 1. 0.
1. 0. 0. 0.001 -0. 1. -0. 0.000 -0. 0. 1. 0.
1. 0. 0. 0.001 -0. 1. -0. 0.000 -0. 0. 1. 0.
1. 0. 0. 0.001 -0. 1. -0. 0.000 -0. 0. 1. 0.
1. 0. 0. 0.001 -0. 1. -0. 0.000 -0. 0. 1. 0.
1. 0. 0. 0.001 -0. 1. -0. 0.000 -0. 0. 1. 0.
1. 0. 0. 0.001 -0. 1. -0. 0.000 -0. 0. 1. 0.
1. 0. 0. 0.001 -0. 1. -0. 0.000 -0. 0. 1. 0.
1. 0. 0. 0.001 -0. 1. -0. 0.000 -0. 0. 1. 0.
1. 0. 0. 0.001 -0. 1. -0. 0.000 -0. 0. 1. 0.
1. 0. 0. 0.001 -0. 1. -0. 0.000 -0. 0. 1. 0.
1. 0. 0. 0.001 -0. 1. -0. 0.000 -0. 0. 1. 0.
1. 0. 0. 0.000 -0. 1. -0. 0.000 -0. 0. 1. 0.
1. 0. 0. -0.000 -0. 1. -0. 0.000 -0. 0. 1. 0.
1. 0. 0. -0.000 -0. 1. -0. 0.000 -0. 0. 1. 0.
1. 0. 0. -0.000 -0. 1. -0. 0.000 -0. 0. 1. 0.
1. 0. 0. -0.000 -0. 1. -0. 0.000 -0. 0. 1. 0.
1. 0. 0. -0.000 -0. 1. -0. 0.000 -0. 0. 1. 0.
1. 0. 0. 0.001 -0. 1. -0. 0.000 -0. 0. 1. 0.
1. 0. 0. 0.000 -0. 1. -0. 0.000 -0. 0. 1. 0.
1. 0. 0. 0.000 -0. 1. -0. 0.000 -0. 0. 1. 0.
1. 0. 0. 0.001 -0. 1. -0. 0.000 -0. 0. 1. 0.
1. 0. 0. 0.002 -0. 1. -0. 0.000 -0. 0. 1. 0.
1. 0. 0. 0.001 -0. 1. -0. 0.000 -0. 0. 1. 0.
1. 0. 0. 0.002 -0. 1. -0. 0.000 -0. 0. 1. 0.
1. 0. 0. 0.002 -0. 1. -0. 0.000 -0. 0. 1. 0.
1. 0. 0. 0.001 -0. 1. -0. 0.000 -0. 0. 1. 0.
1. 0. 0. 0.001 -0. 1. -0. 0.000 -0. 0. 1. 0.
1. 0. 0. 0.001 -0. 1. -0. 0.000 -0. 0. 1. 0.
1. 0. 0. 0.001 -0. 1. -0. 0.000 -0. 0. 1. 0.
1. 0. 0. 0.000 -0. 1. -0. 0.000 -0. 0. 1. 0.
1. 0. 0. 0.000 -0. 1. -0. 0.000 -0. 0. 1. 0.
1. 0. 0. 0.000 -0. 1. -0. 0.000 -0. 0. 1. 0.
1. 0. 0. 0.001 -0. 1. -0. 0.000 -0. 0. 1. 0.
1. 0. 0. 0.001 -0. 1. -0. 0.000 -0. 0. 1. 0.
1. 0. 0. 0.000 -0. 1. -0. 0.000 -0. 0. 1. 0.
1. 0. 0. 0.000 -0. 1. -0. 0.000 -0. 0. 1. 0.
1. 0. 0. 0.000 -0. 1. -0. -0. -0. 0. 1. 0.
1. 0. 0. 0.001 -0. 1. -0. -0.000 -0. 0. 1. 0.
1. 0. 0. 0.001 -0. 1. -0. -0.000 -0. 0. 1. 0.
1. 0. 0. 0. -0. 1. -0. -0.001 -0. 0. 1. 0.
1. 0. 0. -0.000 -0. 1. -0. -0.001 -0. 0. 1. 0.
1. 0.000 0. -0.000 -0.000 1. -0. -0.000 -0. 0. 1. 0.
1. 0.000 0. 0. -0.000 1. -0. 0. -0. 0. 1. 0.
1. 0.000 0. 0.001 -0.000 1. -0. 0.000 -0. 0. 1. 0.
1. 0. 0. 0.000 -0. 1. -0. 0.000 -0. 0. 1. 0.
1. 0. 0. 0. -0. 1. -0. 0.000 -0. 0. 1. 0.
1. 0. 0. 0.000 -0. 1. -0. 0.000 -0. 0. 1. 0.
1. 0. 0. 0. -0. 1. -0. 0.000 -0. 0. 1. 0.
1. 0. 0. 0.000 -0. 1. -0. 0.001 -0. 0. 1. 0.
1. 0. 0. 0.000 -0. 1. -0. 0.001 -0. 0. 1. 0.
1. 0. 0. -0. -0. 1. -0. 0.000 -0. 0. 1. 0.
1. 0. 0. -0.000 -0. 1. -0. 0.000 -0. 0. 1. 0.
1. 0.000 0. 0. -0.000 1. -0. 0.000 -0. 0. 1. 0.
1. 0.000 0. 0.001 -0.000 1. -0. 0.000 -0. 0. 1. 0.
1. 0.000 0. 0.001 -0.000 1. -0. 0.000 -0. 0. 1. 0.
1. 0.000 0. 0.000 -0.000 1. -0. 0.000 -0. 0. 1. 0.
1. 0. 0. 0.000 -0. 1. -0. 0.000 -0. 0. 1. 0.
1. 0. 0. 0.000 -0. 1. -0. 0.000 -0. 0. 1. 0.
1. 0. 0. 0.000 -0. 1. -0. 0.000 -0. 0. 1. 0.
1. 0. 0. 0.001 -0. 1. -0. 0.000 -0. 0. 1. 0.
1. 0. 0. 0.001 -0. 1. -0. 0.000 -0. 0. 1. 0.
1. 0. 0. 0.001 -0. 1. -0. 0.000 -0. 0. 1. 0.
1. 0. 0. 0.000 -0. 1. -0. 0.000 -0. 0. 1. 0.
1. 0.000 0. 0.001 -0.000 1. -0. 0.000 -0. 0. 1. 0.
1. 0.000 0. 0.001 -0.000 1. -0. 0.001 -0. 0. 1. 0.
1. 0. 0. 0.001 -0. 1. -0. 0.000 -0. 0. 1. 0.
1. 0.000 0. 0.001 -0.000 1. -0. 0.000 -0. 0. 1. 0.
1. 0.000 0. 0.001 -0.000 1. -0. 0.001 -0. 0. 1. 0.
1. 0. 0. 0.000 -0. 1. -0. 0.000 -0. 0. 1. 0.
1. 0. 0. 0. -0. 1. -0. 0.000 -0. 0. 1. 0.
1. 0. 0. 0. -0. 1. -0. 0.000 -0. 0. 1. 0.
1. 0. 0. 0.000 -0. 1. -0. 0.000 -0. 0. 1. 0.
1. 0.000 0. 0.001 -0.000 1. -0. 0.001 -0. 0. 1. 0.
1. 0.000 0. 0.001 -0.000 1. -0. 0.001 -0. 0. 1. 0.
1. 0.000 0. 0.001 -0.000 1. -0. 0.001 -0. 0. 1. 0.
1. 0.000 0. 0.001 -0.000 1. -0. 0.001 -0. 0. 1. 0.
1. 0.000 0. 0.001 -0.000 1. -0. 0.001 -0. 0. 1. 0.
1. 0.000 0. 0.002 -0.000 1. -0. 0.001 -0. 0. 1. 0.
1. 0. 0. 0.001 -0. 1. -0. 0.001 -0. 0. 1. 0.
1. 0.000 0. 0.001 -0.000 1. -0. 0.001 -0. 0. 1. 0.
1. 0.000 0. 0.002 -0.000 1. -0. 0.001 -0. 0. 1. 0.
1. 0.000 0. 0.003 -0.000 1. -0. 0.001 -0. 0. 1. 0.
1. 0.000 0. 0.003 -0.000 1. -0. 0.001 -0. 0. 1. 0.
1. 0.000 0. 0.002 -0.000 1. -0. 0.001 -0. 0. 1. 0.
1. 0.000 0. 0.001 -0.000 1. -0. 0.001 -0. 0. 1. 0.
1. 0. 0. 0.001 -0. 1. -0. 0.001 -0. 0. 1. 0.
1. 0.000 0. 0.000 -0.000 1. -0. 0.001 -0. 0. 1. 0.
1. 0.000 0. 0.001 -0.000 1. -0. 0.001 -0. 0. 1. 0.
1. 0.000 0. 0.002 -0.000 1. -0. 0.001 -0. 0. 1. 0.
1. 0.000 0. 0.002 -0.000 1. -0. 0.001 -0. 0. 1. 0.
1. 0.000 0. 0.002 -0.000 1. -0. 0.002 -0. 0. 1. 0.
1. 0.000 0. 0.005 -0.000 1. -0. 0.002 -0. 0. 1. 0.
1. 0.000 0. 0.013 -0.000 1. -0. 0.003 -0. 0. 1. 0.
1. 0. 0. 0.039 -0. 1. -0. 0.003 -0. 0. 1. 0.
1. -0.001 0. 0.092 0.001 1. 0. 0.003 0. 0. 1. 0.
1. -0.003 0. 0.128 0.003 1. 0. -0.000 0. 0. 1. 0.
1. -0.008 0. 0.336 0.008 1. 0. 0.005 0. 0. 1. 0.
1.000 -0.018 0. 0.575 0.018 1.000 0. 0.008 0. 0. 1. 0.
1.000 -0.031 0. 1. 0.031 1.000 0. 0.025 0. 0. 1. 0.
0.999 -0.046 0. 1.541 0.046 0.999 0. 0.053 0. 0. 1. 0.
0.998 -0.062 0. 2.190 0.062 0.998 0. 0.095 0. 0. 1. 0.
0.997 -0.079 0. 2.949 0.079 0.997 0. 0.155 0. 0. 1. 0.
0.996 -0.094 0. 3.834 0.094 0.996 0. 0.240 0. 0. 1. 0.
0.994 -0.106 0. 4.837 0.106 0.994 0. 0.345 0. 0. 1. 0.
0.994 -0.112 0. 5.930 0.112 0.994 0. 0.462 0. 0. 1. 0.
0.994 -0.113 0. 7.110 0.113 0.994 0. 0.578 0. 0. 1. 0.
0.994 -0.111 0. 8.398 0.111 0.994 0. 0.707 0. 0. 1. 0.
0.994 -0.109 0. 9.933 0.109 0.994 0. 0.879 0. 0. 1. 0.
0.994 -0.106 0. 11.605 0.106 0.994 0. 1.058 0. 0. 1. 0.
0.995 -0.102 0. 13.357 0.102 0.995 0. 1.233 0. 0. 1. 0.
0.995 -0.098 0. 15.198 0.098 0.995 0. 1.411 0. 0. 1. 0.
0.996 -0.093 0. 17.137 0.093 0.996 0. 1.581 0. 0. 1. 0.
0.996 -0.087 0. 19.050 0.087 0.996 0. 1.739 0. 0. 1. 0.
0.997 -0.081 0. 21.129 0.081 0.997 0. 1.897 0. 0. 1. 0.
0.997 -0.075 0. 23.203 0.075 0.997 0. 2.040 0. 0. 1. 0.
0.998 -0.068 0. 25.312 0.068 0.998 0. 2.184 0. 0. 1. 0.
0.998 -0.062 0. 27.437 0.062 0.998 0. 2.302 0. 0. 1. 0.
0.998 -0.059 0. 29.641 0.059 0.998 0. 2.418 0. 0. 1. 0.
0.998 -0.057 0. 31.891 0.057 0.998 0. 2.537 0. 0. 1. 0.
0.999 -0.054 0. 34.219 0.054 0.999 0. 2.658 0. 0. 1. 0.
0.999 -0.051 0. 36.561 0.051 0.999 0. 2.772 0. 0. 1. 0.
0.999 -0.047 0. 38.829 0.047 0.999 0. 2.882 0. 0. 1. 0.
0.999 -0.041 0. 41.064 0.041 0.999 0. 2.972 0. 0. 1. 0.
0.999 -0.034 0. 43.305 0.034 0.999 0. 3.047 0. 0. 1. 0.
1.000 -0.025 0. 45.585 0.025 1.000 0. 3.102 0. 0. 1. 0.
1.000 -0.020 0. 47.867 0.020 1.000 0. 3.138 0. 0. 1. 0.
1.000 -0.015 0. 50.131 0.015 1.000 0. 3.167 0. 0. 1. 0.
1.000 -0.016 0. 52.291 0.016 1.000 0. 3.194 0. 0. 1. 0.
1.000 -0.017 0. 54.468 0.017 1.000 0. 3.223 0. 0. 1. 0.
1.000 -0.018 0. 56.640 0.018 1.000 0. 3.257 0. 0. 1. 0.
1.000 -0.022 0. 58.777 0.022 1.000 0. 3.291 0. 0. 1. 0.
1.000 -0.028 0. 60.895 0.028 1.000 0. 3.335 0. 0. 1. 0.
0.999 -0.034 0. 63.004 0.034 0.999 0. 3.404 0. 0. 1. 0.
0.999 -0.039 0. 65.278 0.039 0.999 0. 3.499 0. 0. 1. 0.
0.999 -0.045 0. 67.544 0.045 0.999 0. 3.605 0. 0. 1. 0.
0.999 -0.052 0. 69.793 0.052 0.999 0. 3.717 0. 0. 1. 0.
0.998 -0.061 0. 72.091 0.061 0.998 0. 3.839 0. 0. 1. 0.
0.998 -0.069 0. 74.462 0.069 0.998 0. 3.998 0. 0. 1. 0.
0.997 -0.077 0. 76.866 0.077 0.997 0. 4.163 0. 0. 1. 0.
0.997 -0.083 0. 79.188 0.083 0.997 0. 4.336 0. 0. 1. 0.
0.997 -0.082 0. 81.457 0.082 0.997 0. 4.511 0. 0. 1. 0.
0.997 -0.074 0. 83.734 0.074 0.997 0. 4.671 0. 0. 1. 0.
0.998 -0.059 0. 86.166 0.059 0.998 0. 4.821 0. 0. 1. 0.
0.999 -0.042 0. 88.630 0.042 0.999 0. 4.914 0. 0. 1. 0.
1.000 -0.025 0. 91.105 0.025 1.000 0. 4.979 0. 0. 1. 0.
1.000 -0.017 0. 93.529 0.017 1.000 0. 5.006 0. 0. 1. 0.
1. -0.012 0. 95.935 0.012 1. 0. 5.019 0. 0. 1. 0.
1. -0.012 0. 98.587 0.012 1. 0. 5.043 0. 0. 1. 0.
1. -0.013 0. 101.312 0.013 1. 0. 5.070 0. 0. 1. 0.
1.000 -0.015 0. 103.869 0.015 1.000 0. 5.107 0. 0. 1. 0.
1.000 -0.016 0. 106.521 0.016 1.000 0. 5.143 0. 0. 1. 0.
1.000 -0.018 0. 109.334 0.018 1.000 0. 5.203 0. 0. 1. 0.
1.000 -0.020 0. 112.071 0.020 1.000 0. 5.250 0. 0. 1. 0.
1.000 -0.023 0. 114.901 0.023 1.000 0. 5.302 0. 0. 1. 0.
1.000 -0.025 0. 117.670 0.025 1.000 0. 5.376 0. 0. 1. 0.
1.000 -0.026 0. 120.222 0.026 1.000 0. 5.446 0. 0. 1. 0.
1.000 -0.027 0. 122.721 0.027 1.000 0. 5.515 0. 0. 1. 0.
1.000 -0.029 0. 125.469 0.029 1.000 0. 5.593 0. 0. 1. 0.
1.000 -0.031 0. 128.191 0.031 1.000 0. 5.664 0. 0. 1. 0.
0.999 -0.034 0. 130.919 0.034 0.999 0. 5.746 0. 0. 1. 0.
0.999 -0.035 0. 133.615 0.035 0.999 0. 5.833 0. 0. 1. 0.
0.999 -0.036 0. 136.312 0.036 0.999 0. 5.920 0. 0. 1. 0.
0.999 -0.038 0. 139.099 0.038 0.999 0. 6.027 0. 0. 1. 0.
0.999 -0.041 0. 141.786 0.041 0.999 0. 6.146 0. 0. 1. 0.
0.999 -0.044 0. 144.575 0.044 0.999 0. 6.231 0. 0. 1. 0.
0.999 -0.047 0. 147.290 0.047 0.999 0. 6.345 0. 0. 1. 0.
0.999 -0.049 0. 149.923 0.049 0.999 0. 6.470 0. 0. 1. 0.
0.999 -0.051 0. 152.449 0.051 0.999 0. 6.590 0. 0. 1. 0.
0.999 -0.053 0. 155.184 0.053 0.999 0. 6.731 0. 0. 1. 0.
0.998 -0.056 0. 157.929 0.056 0.998 0. 6.874 0. 0. 1. 0.
0.998 -0.059 0. 160.645 0.059 0.998 0. 7.019 0. 0. 1. 0.
0.998 -0.061 0. 163.368 0.061 0.998 0. 7.177 0. 0. 1. 0.
0.998 -0.063 0. 166.053 0.063 0.998 0. 7.337 0. 0. 1. 0.
0.998 -0.065 0. 168.744 0.065 0.998 0. 7.495 0. 0. 1. 0.
0.998 -0.068 0. 171.369 0.068 0.998 0. 7.661 0. 0. 1. 0.
0.998 -0.070 0. 174.012 0.070 0.998 0. 7.832 0. 0. 1. 0.
0.997 -0.073 0. 176.642 0.073 0.997 0. 8.012 0. 0. 1. 0.
0.997 -0.075 0. 179.268 0.075 0.997 0. 8.202 0. 0. 1. 0.
0.997 -0.078 0. 181.872 0.078 0.997 0. 8.390 0. 0. 1. 0.
0.997 -0.080 0. 184.488 0.080 0.997 0. 8.599 0. 0. 1. 0.
0.997 -0.081 0. 187.077 0.081 0.997 0. 8.807 0. 0. 1. 0.
0.996 -0.085 0. 189.637 0.085 0.996 0. 9.013 0. 0. 1. 0.
0.996 -0.090 0. 192.192 0.090 0.996 0. 9.236 0. 0. 1. 0.
0.995 -0.097 0. 194.657 0.097 0.995 0. 9.476 0. 0. 1. 0.
0.994 -0.106 0. 197.137 0.106 0.994 0. 9.724 0. 0. 1. 0.
0.993 -0.118 0. 199.585 0.118 0.993 0. 10.003 0. 0. 1. 0.
0.991 -0.131 0. 201.998 0.131 0.991 0. 10.306 0. 0. 1. 0.
0.990 -0.140 0. 204.407 0.140 0.990 0. 10.639 0. 0. 1. 0.
0.989 -0.148 0. 206.772 0.148 0.989 0. 10.980 0. 0. 1. 0.
0.988 -0.155 0. 208.798 0.155 0.988 0. 11.298 0. 0. 1. 0.
0.987 -0.161 0. 210.954 0.161 0.987 0. 11.645 0. 0. 1. 0.
0.986 -0.166 0. 213.212 0.166 0.986 0. 12.015 0. 0. 1. 0.
0.986 -0.168 0. 215.461 0.168 0.986 0. 12.394 0. 0. 1. 0.
0.985 -0.171 0. 217.691 0.171 0.985 0. 12.779 0. 0. 1. 0.
0.985 -0.174 0. 219.909 0.174 0.985 0. 13.159 0. 0. 1. 0.
0.984 -0.179 0. 222.117 0.179 0.984 0. 13.547 0. 0. 1. 0.
0.983 -0.185 0. 224.283 0.185 0.983 0. 13.941 0. 0. 1. 0.
0.981 -0.192 0. 226.445 0.192 0.981 0. 14.345 0. 0. 1. 0.
0.980 -0.199 0. 228.598 0.199 0.980 0. 14.768 0. 0. 1. 0.
0.979 -0.205 0. 230.739 0.205 0.979 0. 15.202 0. 0. 1. 0.
0.977 -0.211 0. 232.854 0.211 0.977 0. 15.642 0. 0. 1. 0.
0.976 -0.216 0. 234.946 0.216 0.976 0. 16.086 0. 0. 1. 0.
0.976 -0.218 0. 237.042 0.218 0.976 0. 16.540 0. 0. 1. 0.
0.976 -0.218 0. 239.093 0.218 0.976 0. 16.989 0. 0. 1. 0.
0.977 -0.214 0. 241.118 0.214 0.977 0. 17.424 0. 0. 1. 0.
0.979 -0.205 0. 243.153 0.205 0.979 0. 17.844 0. 0. 1. 0.
0.981 -0.192 0. 245.191 0.192 0.981 0. 18.240 0. 0. 1. 0.
0.984 -0.178 0. 247.244 0.178 0.984 0. 18.609 0. 0. 1. 0.
0.986 -0.166 0. 249.346 0.166 0.986 0. 18.956 0. 0. 1. 0.
0.988 -0.155 0. 251.462 0.155 0.988 0. 19.285 0. 0. 1. 0.
0.989 -0.148 0. 253.596 0.148 0.989 0. 19.594 0. 0. 1. 0.
0.990 -0.142 0. 255.744 0.142 0.990 0. 19.898 0. 0. 1. 0.
0.990 -0.138 0. 257.837 0.138 0.990 0. 20.186 0. 0. 1. 0.
0.991 -0.136 0. 259.805 0.136 0.991 0. 20.453 0. 0. 1. 0.
0.991 -0.135 0. 261.925 0.135 0.991 0. 20.738 0. 0. 1. 0.
0.991 -0.135 0. 264.181 0.135 0.991 0. 21.038 0. 0. 1. 0.
0.991 -0.136 0. 266.475 0.136 0.991 0. 21.345 0. 0. 1. 0.
0.991 -0.137 0. 268.720 0.137 0.991 0. 21.649 0. 0. 1. 0.
0.990 -0.138 0. 270.791 0.138 0.990 0. 21.912 0. 0. 1. 0.
0.990 -0.139 0. 273.096 0.139 0.990 0. 22.215 0. 0. 1. 0.
0.990 -0.140 0. 275.418 0.140 0.990 0. 22.520 0. 0. 1. 0.
0.990 -0.138 0. 277.735 0.138 0.990 0. 22.837 0. 0. 1. 0.
0.991 -0.136 0. 280.042 0.136 0.991 0. 23.141 0. 0. 1. 0.
0.991 -0.134 0. 282.098 0.134 0.991 0. 23.405 0. 0. 1. 0.
0.991 -0.131 0. 284.194 0.131 0.991 0. 23.672 0. 0. 1. 0.
0.992 -0.128 0. 286.370 0.128 0.992 0. 23.940 0. 0. 1. 0.
0.992 -0.124 0. 288.595 0.124 0.992 0. 24.210 0. 0. 1. 0.
0.993 -0.120 0. 290.803 0.120 0.993 0. 24.469 0. 0. 1. 0.
0.993 -0.117 0. 293.014 0.117 0.993 0. 24.739 0. 0. 1. 0.
0.994 -0.112 0. 295.259 0.112 0.994 0. 24.987 0. 0. 1. 0.
0.994 -0.108 0. 297.481 0.108 0.994 0. 25.211 0. 0. 1. 0.
0.995 -0.104 0. 299.714 0.104 0.995 0. 25.438 0. 0. 1. 0.
0.995 -0.100 0. 301.959 0.100 0.995 0. 25.670 0. 0. 1. 0.
0.995 -0.097 0. 304.135 0.097 0.995 0. 25.879 0. 0. 1. 0.
0.996 -0.094 0. 306.318 0.094 0.996 0. 26.078 0. 0. 1. 0.
0.996 -0.092 0. 308.438 0.092 0.996 0. 26.263 0. 0. 1. 0.
0.996 -0.090 0. 310.507 0.090 0.996 0. 26.438 0. 0. 1. 0.
0.996 -0.087 0. 312.708 0.087 0.996 0. 26.633 0. 0. 1. 0.
0.997 -0.084 0. 314.858 0.084 0.997 0. 26.808 0. 0. 1. 0.
0.997 -0.081 0. 316.849 0.081 0.997 0. 26.962 0. 0. 1. 0.
0.997 -0.078 0. 318.922 0.078 0.997 0. 27.120 0. 0. 1. 0.
0.997 -0.077 0. 321.127 0.077 0.997 0. 27.276 0. 0. 1. 0.
0.997 -0.075 0. 323.313 0.075 0.997 0. 27.432 0. 0. 1. 0.
0.997 -0.072 0. 325.513 0.072 0.997 0. 27.586 0. 0. 1. 0.
0.997 -0.073 0. 327.718 0.073 0.997 0. 27.734 0. 0. 1. 0.
0.997 -0.072 0. 329.955 0.072 0.997 0. 27.892 0. 0. 1. 0.
0.997 -0.071 0. 332.232 0.071 0.997 0. 28.053 0. 0. 1. 0.
0.998 -0.071 0. 334.529 0.071 0.998 0. 28.206 0. 0. 1. 0.
0.998 -0.070 0. 336.707 0.070 0.998 0. 28.355 0. 0. 1. 0.
0.997 -0.071 0. 338.976 0.071 0.997 0. 28.509 0. 0. 1. 0.
0.998 -0.070 0. 341.348 0.070 0.998 0. 28.670 0. 0. 1. 0.
0.998 -0.070 0. 343.696 0.070 0.998 0. 28.826 0. 0. 1. 0.
0.998 -0.069 0. 345.901 0.069 0.998 0. 28.970 0. 0. 1. 0.
0.998 -0.067 0. 348.116 0.067 0.998 0. 29.107 0. 0. 1. 0.
0.998 -0.064 0. 350.342 0.064 0.998 0. 29.247 0. 0. 1. 0.
0.998 -0.059 0. 352.591 0.059 0.998 0. 29.376 0. 0. 1. 0.
0.999 -0.052 0. 354.877 0.052 0.999 0. 29.496 0. 0. 1. 0.
0.999 -0.041 0. 357.246 0.041 0.999 0. 29.603 0. 0. 1. 0.
1.000 -0.031 0. 359.592 0.031 1.000 0. 29.679 0. 0. 1. 0.
1.000 -0.019 0. 361.897 0.019 1.000 0. 29.730 0. 0. 1. 0.
1. -0.010 0. 364.210 0.010 1. 0. 29.757 0. 0. 1. 0.
1. -0.001 0. 366.509 0.001 1. 0. 29.763 0. 0. 1. 0.
1. 0.005 0. 368.832 -0.005 1. -0. 29.748 -0. 0. 1. 0.
1. 0.011 0. 371.200 -0.011 1. -0. 29.723 -0. 0. 1. 0.
1. 0.013 0. 373.547 -0.013 1. -0. 29.689 -0. 0. 1. 0.
1.000 0.015 0. 375.878 -0.015 1.000 -0. 29.642 -0. 0. 1. 0.
1. 0.013 0. 378.262 -0.013 1. -0. 29.599 -0. 0. 1. 0.
1. 0.011 0. 380.655 -0.011 1. -0. 29.556 -0. 0. 1. 0.
1. 0.006 0. 383.045 -0.006 1. -0. 29.512 -0. 0. 1. 0.
1. -0.001 0. 385.415 0.001 1. 0. 29.493 0. 0. 1. 0.
1. -0.012 0. 387.867 0.012 1. 0. 29.495 0. 0. 1. 0.
1.000 -0.022 0. 390.430 0.022 1.000 0. 29.520 0. 0. 1. 0.
1.000 -0.030 0. 393.036 0.030 1.000 0. 29.569 0. 0. 1. 0.
0.999 -0.039 0. 395.568 0.039 0.999 0. 29.629 0. 0. 1. 0.
0.999 -0.045 0. 398.062 0.045 0.999 0. 29.712 0. 0. 1. 0.
0.999 -0.047 0. 400.552 0.047 0.999 0. 29.806 0. 0. 1. 0.
0.999 -0.048 0. 402.941 0.048 0.999 0. 29.904 0. 0. 1. 0.
0.999 -0.047 0. 405.237 0.047 0.999 0. 29.992 0. 0. 1. 0.
0.999 -0.047 0. 407.645 0.047 0.999 0. 30.085 0. 0. 1. 0.
0.999 -0.048 0. 410.044 0.048 0.999 0. 30.180 0. 0. 1. 0.
0.999 -0.051 0. 412.248 0.051 0.999 0. 30.272 0. 0. 1. 0.
0.998 -0.056 0. 414.332 0.056 0.998 0. 30.366 0. 0. 1. 0.
0.998 -0.062 0. 416.404 0.062 0.998 0. 30.474 0. 0. 1. 0.
0.998 -0.068 0. 418.502 0.068 0.998 0. 30.597 0. 0. 1. 0.
0.997 -0.073 0. 420.599 0.073 0.997 0. 30.733 0. 0. 1. 0.
0.997 -0.078 0. 422.653 0.078 0.997 0. 30.877 0. 0. 1. 0.
0.997 -0.081 0. 424.646 0.081 0.997 0. 31.017 0. 0. 1. 0.
0.997 -0.083 0. 426.557 0.083 0.997 0. 31.162 0. 0. 1. 0.
0.997 -0.079 0. 428.404 0.079 0.997 0. 31.296 0. 0. 1. 0.
0.997 -0.074 0. 430.148 0.074 0.997 0. 31.414 0. 0. 1. 0.
0.998 -0.065 0. 431.799 0.065 0.998 0. 31.513 0. 0. 1. 0.
0.999 -0.049 0. 433.375 0.049 0.999 0. 31.583 0. 0. 1. 0.
1.000 -0.024 0. 434.881 0.024 1.000 0. 31.607 0. 0. 1. 0.
1.000 0.018 0. 436.316 -0.018 1.000 -0. 31.571 -0. 0. 1. 0.
0.997 0.078 0. 437.628 -0.078 0.997 -0. 31.449 -0. 0. 1. 0.
0.990 0.143 0. 438.877 -0.143 0.990 -0. 31.246 -0. 0. 1. 0.
0.978 0.208 0. 440.051 -0.208 0.978 -0. 30.974 -0. 0. 1. 0.
0.961 0.276 0. 441.135 -0.276 0.961 -0. 30.645 -0. 0. 1. 0.
0.939 0.343 0. 442.120 -0.343 0.939 -0. 30.261 -0. 0. 1. 0.
0.913 0.407 0. 443.015 -0.407 0.913 -0. 29.831 -0. 0. 1. 0.
0.882 0.472 0. 443.834 -0.472 0.882 -0. 29.362 -0. 0. 1. 0.
0.845 0.534 0. 444.576 -0.534 0.845 -0. 28.862 -0. 0. 1. 0.
0.804 0.595 0. 445.249 -0.595 0.804 -0. 28.331 -0. 0. 1. 0.
0.751 0.660 0. 445.857 -0.660 0.751 -0. 27.753 -0. 0. 1. 0.
0.690 0.724 0. 446.401 -0.724 0.690 -0. 27.123 -0. 0. 1. 0.
0.620 0.785 0. 446.881 -0.785 0.620 -0. 26.457 -0. 0. 1. 0.
0.541 0.841 0. 447.300 -0.841 0.541 -0. 25.744 -0. 0. 1. 0.
0.454 0.891 0. 447.642 -0.891 0.454 -0. 24.970 -0. 0. 1. 0.
0.358 0.934 0. 447.913 -0.934 0.358 -0. 24.144 -0. 0. 1. 0.
0.250 0.968 0. 448.081 -0.968 0.250 -0. 23.303 -0. 0. 1. 0.
0.134 0.991 0. 448.158 -0.991 0.134 -0. 22.400 -0. 0. 1. 0.
0.012 1. 0. 448.125 -1. 0.012 -0. 21.459 -0. 0. 1. 0.
-0.114 0.993 0. 447.967 -0.993 -0.114 -0. 20.493 -0. 0. 1. 0.
-0.236 0.972 0. 447.687 -0.972 -0.236 -0. 19.514 -0. 0. 1. 0.
-0.351 0.936 0. 447.270 -0.936 -0.351 -0. 18.552 -0. 0. 1. 0.
-0.462 0.887 0. 446.722 -0.887 -0.462 -0. 17.591 -0. 0. 1. 0.
-0.560 0.828 0. 446.042 -0.828 -0.560 -0. 16.643 -0. 0. 1. 0.
-0.648 0.762 0. 445.210 -0.762 -0.648 0. 15.720 0. 0. 1. 0.
-0.723 0.690 0. 444.247 -0.690 -0.723 0. 14.831 0. 0. 1. 0.
-0.784 0.620 0. 443.145 -0.620 -0.784 0. 13.981 0. 0. 1. 0.
-0.827 0.562 0. 441.886 -0.562 -0.827 0. 13.139 0. 0. 1. 0.
-0.852 0.524 0. 440.479 -0.524 -0.852 0. 12.286 0. 0. 1. 0.
-0.867 0.498 0. 439.002 -0.498 -0.867 0. 11.442 0. 0. 1. 0.
-0.877 0.481 0. 437.485 -0.481 -0.877 0. 10.622 0. 0. 1. 0.
-0.883 0.470 0. 435.766 -0.470 -0.883 0. 9.727 0. 0. 1. 0.
-0.886 0.464 0. 433.984 -0.464 -0.886 0. 8.801 0. 0. 1. 0.
-0.888 0.460 0. 432.119 -0.460 -0.888 0. 7.855 0. 0. 1. 0.
-0.890 0.456 0. 430.121 -0.456 -0.890 0. 6.852 0. 0. 1. 0.
-0.891 0.454 0. 428.026 -0.454 -0.891 0. 5.783 0. 0. 1. 0.
-0.892 0.452 0. 425.873 -0.452 -0.892 0. 4.707 0. 0. 1. 0.
-0.892 0.452 0. 423.666 -0.452 -0.892 0. 3.615 0. 0. 1. 0.
-0.892 0.452 0. 421.407 -0.452 -0.892 0. 2.501 0. 0. 1. 0.
-0.893 0.451 0. 419.122 -0.451 -0.893 0. 1.365 0. 0. 1. 0.
-0.893 0.449 0. 416.749 -0.449 -0.893 0. 0.187 0. 0. 1. 0.
-0.894 0.448 0. 414.473 -0.448 -0.894 0. -0.932 0. 0. 1. 0.
-0.895 0.447 0. 412.068 -0.447 -0.895 0. -2.115 0. 0. 1. 0.
-0.896 0.445 0. 409.605 -0.445 -0.896 0. -3.322 0. 0. 1. 0.
-0.897 0.441 0. 407.136 -0.441 -0.897 0. -4.523 0. 0. 1. 0.
-0.899 0.438 0. 404.731 -0.438 -0.899 0. -5.686 0. 0. 1. 0.
-0.900 0.435 0. 402.319 -0.435 -0.900 0. -6.837 0. 0. 1. 0.
-0.902 0.432 0. 399.948 -0.432 -0.902 0. -7.956 0. 0. 1. 0.
-0.902 0.431 0. 397.619 -0.431 -0.902 0. -9.056 0. 0. 1. 0.
-0.902 0.431 0. 395.310 -0.431 -0.902 0. -10.149 0. 0. 1. 0.
-0.903 0.430 0. 392.997 -0.430 -0.903 0. -11.248 0. 0. 1. 0.
-0.903 0.430 0. 390.833 -0.430 -0.903 0. -12.269 0. 0. 1. 0.
-0.903 0.429 0. 388.710 -0.429 -0.903 0. -13.271 0. 0. 1. 0.
-0.903 0.429 0. 386.629 -0.429 -0.903 0. -14.253 0. 0. 1. 0.
-0.903 0.430 0. 384.687 -0.430 -0.903 0. -15.170 0. 0. 1. 0.
-0.903 0.430 0. 382.727 -0.430 -0.903 0. -16.102 0. 0. 1. 0.
-0.903 0.430 0. 380.883 -0.430 -0.903 0. -16.973 0. 0. 1. 0.
-0.904 0.428 0. 379.106 -0.428 -0.904 0. -17.810 0. 0. 1. 0.
-0.905 0.426 0. 377.405 -0.426 -0.905 0. -18.603 0. 0. 1. 0.
-0.906 0.424 0. 375.765 -0.424 -0.906 0. -19.363 0. 0. 1. 0.
-0.907 0.422 0. 374.187 -0.422 -0.907 0. -20.093 0. 0. 1. 0.
-0.908 0.419 0. 372.822 -0.419 -0.908 0. -20.719 0. 0. 1. 0.
-0.909 0.418 0. 371.538 -0.418 -0.909 0. -21.306 0. 0. 1. 0.
-0.910 0.416 0. 370.232 -0.416 -0.910 0. -21.898 0. 0. 1. 0.
-0.910 0.414 0. 368.934 -0.414 -0.910 0. -22.485 0. 0. 1. 0.
-0.911 0.412 0. 367.708 -0.412 -0.911 0. -23.036 0. 0. 1. 0.
-0.911 0.412 0. 366.392 -0.412 -0.911 0. -23.624 0. 0. 1. 0.
-0.912 0.410 0. 365.051 -0.410 -0.912 0. -24.223 0. 0. 1. 0.
-0.912 0.409 0. 363.682 -0.409 -0.912 0. -24.834 0. 0. 1. 0.
-0.913 0.409 0. 362.248 -0.409 -0.913 0. -25.469 0. 0. 1. 0.
-0.913 0.408 0. 360.707 -0.408 -0.913 0. -26.151 0. 0. 1. 0.
-0.913 0.408 0. 359.123 -0.408 -0.913 0. -26.851 0. 0. 1. 0.
-0.912 0.409 0. 357.466 -0.409 -0.912 0. -27.584 0. 0. 1. 0.
-0.912 0.409 0. 355.754 -0.409 -0.912 0. -28.345 0. 0. 1. 0.
-0.912 0.409 0. 353.996 -0.409 -0.912 0. -29.120 0. 0. 1. 0.
-0.912 0.410 0. 352.155 -0.410 -0.912 0. -29.930 0. 0. 1. 0.
-0.913 0.409 0. 350.230 -0.409 -0.913 0. -30.779 0. 0. 1. 0.
-0.913 0.408 0. 348.329 -0.408 -0.913 0. -31.621 0. 0. 1. 0.
-0.915 0.404 0. 346.395 -0.404 -0.915 0. -32.467 0. 0. 1. 0.
-0.916 0.400 0. 344.431 -0.400 -0.916 0. -33.310 0. 0. 1. 0.
-0.919 0.395 0. 342.509 -0.395 -0.919 0. -34.122 0. 0. 1. 0.
-0.922 0.388 0. 340.401 -0.388 -0.922 0. -35.005 0. 0. 1. 0.
-0.926 0.377 0. 338.261 -0.377 -0.926 0. -35.868 0. 0. 1. 0.
-0.931 0.366 0. 336.090 -0.366 -0.931 0. -36.719 0. 0. 1. 0.
-0.935 0.355 0. 333.860 -0.355 -0.935 0. -37.565 0. 0. 1. 0.
-0.938 0.345 0. 331.522 -0.345 -0.938 0. -38.421 0. 0. 1. 0.
-0.943 0.334 0. 329.295 -0.334 -0.943 0. -39.205 0. 0. 1. 0.
-0.948 0.319 0. 327.025 -0.319 -0.948 0. -39.968 0. 0. 1. 0.
-0.953 0.302 0. 324.677 -0.302 -0.953 0. -40.721 0. 0. 1. 0.
-0.959 0.283 0. 322.193 -0.283 -0.959 0. -41.456 0. 0. 1. 0.
-0.963 0.270 0. 319.654 -0.270 -0.963 0. -42.157 0. 0. 1. 0.
-0.965 0.262 0. 317.033 -0.262 -0.965 0. -42.869 0. 0. 1. 0.
-0.966 0.259 0. 314.422 -0.259 -0.966 0. -43.550 0. 0. 1. 0.
-0.965 0.261 0. 311.810 -0.261 -0.965 0. -44.238 0. 0. 1. 0.
-0.965 0.264 0. 309.171 -0.264 -0.965 0. -44.950 0. 0. 1. 0.
-0.963 0.271 0. 306.570 -0.271 -0.963 0. -45.645 0. 0. 1. 0.
-0.961 0.278 0. 303.898 -0.278 -0.961 0. -46.405 0. 0. 1. 0.
-0.958 0.288 0. 301.153 -0.288 -0.958 0. -47.217 0. 0. 1. 0.
-0.954 0.299 0. 298.444 -0.299 -0.954 0. -48.038 0. 0. 1. 0.
-0.951 0.310 0. 295.754 -0.310 -0.951 0. -48.890 0. 0. 1. 0.
-0.947 0.320 0. 292.762 -0.320 -0.947 0. -49.892 0. 0. 1. 0.
-0.945 0.327 0. 289.913 -0.327 -0.945 0. -50.855 0. 0. 1. 0.
-0.943 0.333 0. 287.065 -0.333 -0.943 0. -51.837 0. 0. 1. 0.
-0.942 0.335 0. 284.195 -0.335 -0.942 0. -52.841 0. 0. 1. 0.
-0.942 0.336 0. 281.355 -0.336 -0.942 0. -53.849 0. 0. 1. 0.
-0.941 0.340 0. 278.489 -0.340 -0.941 0. -54.877 0. 0. 1. 0.
-0.939 0.344 0. 275.621 -0.344 -0.939 0. -55.912 0. 0. 1. 0.
-0.937 0.350 0. 272.828 -0.350 -0.937 0. -56.936 0. 0. 1. 0.
-0.935 0.355 0. 270.008 -0.355 -0.935 0. -57.988 0. 0. 1. 0.
-0.932 0.361 0. 267.155 -0.361 -0.932 0. -59.081 0. 0. 1. 0.
-0.931 0.364 0. 264.373 -0.364 -0.931 0. -60.161 0. 0. 1. 0.
-0.931 0.366 0. 261.617 -0.366 -0.931 0. -61.225 0. 0. 1. 0.
-0.929 0.369 0. 258.867 -0.369 -0.929 0. -62.296 0. 0. 1. 0.
-0.928 0.373 0. 256.148 -0.373 -0.928 0. -63.370 0. 0. 1. 0.
-0.927 0.374 0. 253.448 -0.374 -0.927 0. -64.438 0. 0. 1. 0.
-0.927 0.375 0. 250.674 -0.375 -0.927 0. -65.550 0. 0. 1. 0.
-0.926 0.377 0. 248.007 -0.377 -0.926 0. -66.620 0. 0. 1. 0.
-0.926 0.378 0. 245.374 -0.378 -0.926 0. -67.691 0. 0. 1. 0.
-0.924 0.382 0. 242.780 -0.382 -0.924 0. -68.748 0. 0. 1. 0.
-0.922 0.386 0. 240.137 -0.386 -0.922 0. -69.838 0. 0. 1. 0.
-0.921 0.389 0. 237.552 -0.389 -0.921 0. -70.926 0. 0. 1. 0.
-0.920 0.392 0. 235.004 -0.392 -0.920 0. -72.007 0. 0. 1. 0.
-0.919 0.395 0. 232.414 -0.395 -0.919 0. -73.113 0. 0. 1. 0.
-0.918 0.396 0. 229.836 -0.396 -0.918 0. -74.214 0. 0. 1. 0.
-0.918 0.397 0. 227.303 -0.397 -0.918 0. -75.297 0. 0. 1. 0.
-0.918 0.397 0. 224.757 -0.397 -0.918 0. -76.385 0. 0. 1. 0.
-0.917 0.398 0. 222.187 -0.398 -0.917 0. -77.480 0. 0. 1. 0.
-0.918 0.398 0. 219.691 -0.398 -0.918 0. -78.553 0. 0. 1. 0.
-0.916 0.402 0. 217.213 -0.402 -0.916 0. -79.623 0. 0. 1. 0.
-0.914 0.405 0. 214.719 -0.405 -0.914 0. -80.712 0. 0. 1. 0.
-0.913 0.408 0. 212.187 -0.408 -0.913 0. -81.833 0. 0. 1. 0.
-0.913 0.408 0. 209.745 -0.408 -0.913 0. -82.913 0. 0. 1. 0.
-0.914 0.406 0. 207.318 -0.406 -0.914 0. -83.976 0. 0. 1. 0.
-0.915 0.402 0. 204.841 -0.402 -0.915 0. -85.058 0. 0. 1. 0.
-0.917 0.399 0. 202.367 -0.399 -0.917 0. -86.135 0. 0. 1. 0.
-0.918 0.396 0. 200.004 -0.396 -0.918 0. -87.146 0. 0. 1. 0.
-0.919 0.394 0. 197.643 -0.394 -0.919 0. -88.145 0. 0. 1. 0.
-0.920 0.392 0. 195.330 -0.392 -0.920 0. -89.117 0. 0. 1. 0.
-0.921 0.389 0. 193.105 -0.389 -0.921 0. -90.046 0. 0. 1. 0.
-0.922 0.388 0. 190.891 -0.388 -0.922 0. -90.963 0. 0. 1. 0.
-0.923 0.386 0. 188.395 -0.386 -0.923 0. -91.995 0. 0. 1. 0.
-0.923 0.385 0. 186.107 -0.385 -0.923 0. -92.933 0. 0. 1. 0.
-0.923 0.384 0. 183.836 -0.384 -0.923 0. -93.859 0. 0. 1. 0.
-0.921 0.389 0. 181.613 -0.389 -0.921 0. -94.771 0. 0. 1. 0.
-0.919 0.393 0. 179.393 -0.393 -0.919 0. -95.694 0. 0. 1. 0.
-0.917 0.399 0. 177.129 -0.399 -0.917 0. -96.654 0. 0. 1. 0.
-0.915 0.404 0. 174.883 -0.404 -0.915 0. -97.631 0. 0. 1. 0.
-0.912 0.410 0. 172.680 -0.410 -0.912 0. -98.602 0. 0. 1. 0.
-0.911 0.412 0. 170.544 -0.412 -0.911 0. -99.562 0. 0. 1. 0.
-0.911 0.413 0. 168.394 -0.413 -0.911 0. -100.518 0. 0. 1. 0.
-0.911 0.413 0. 166.283 -0.413 -0.911 0. -101.462 0. 0. 1. 0.
-0.912 0.411 0. 164.142 -0.411 -0.912 0. -102.419 0. 0. 1. 0.
-0.913 0.408 0. 162.004 -0.408 -0.913 0. -103.364 0. 0. 1. 0.
-0.915 0.404 0. 159.890 -0.404 -0.915 0. -104.286 0. 0. 1. 0.
-0.916 0.402 0. 157.813 -0.402 -0.916 0. -105.185 0. 0. 1. 0.
-0.917 0.400 0. 155.733 -0.400 -0.917 0. -106.085 0. 0. 1. 0.
-0.917 0.400 0. 153.669 -0.400 -0.917 0. -106.966 0. 0. 1. 0.
-0.917 0.399 0. 151.661 -0.399 -0.917 0. -107.822 0. 0. 1. 0.
-0.918 0.397 0. 149.709 -0.397 -0.918 0. -108.654 0. 0. 1. 0.
-0.920 0.391 0. 147.782 -0.391 -0.920 0. -109.477 0. 0. 1. 0.
-0.924 0.383 0. 145.900 -0.383 -0.924 0. -110.256 0. 0. 1. 0.
-0.926 0.377 0. 144.043 -0.377 -0.926 0. -111.009 0. 0. 1. 0.
-0.927 0.376 0. 142.244 -0.376 -0.927 0. -111.736 0. 0. 1. 0.
-0.927 0.375 0. 140.492 -0.375 -0.927 0. -112.440 0. 0. 1. 0.
-0.928 0.373 0. 138.770 -0.373 -0.928 0. -113.125 0. 0. 1. 0.
-0.929 0.370 0. 137.107 -0.370 -0.929 0. -113.788 0. 0. 1. 0.
-0.931 0.365 0. 135.489 -0.365 -0.931 0. -114.420 0. 0. 1. 0.
-0.931 0.365 0. 133.944 -0.365 -0.931 0. -115.020 0. 0. 1. 0.
-0.932 0.363 0. 132.486 -0.363 -0.932 0. -115.581 0. 0. 1. 0.
-0.932 0.363 0. 131.083 -0.363 -0.932 0. -116.118 0. 0. 1. 0.
-0.932 0.362 0. 129.727 -0.362 -0.932 0. -116.633 0. 0. 1. 0.
-0.932 0.362 0. 128.434 -0.362 -0.932 0. -117.130 0. 0. 1. 0.
-0.932 0.362 0. 127.183 -0.362 -0.932 0. -117.608 0. 0. 1. 0.
-0.933 0.361 0. 126.001 -0.361 -0.933 0. -118.057 0. 0. 1. 0.
-0.933 0.359 0. 124.883 -0.359 -0.933 0. -118.479 0. 0. 1. 0.
-0.934 0.357 0. 123.804 -0.357 -0.934 0. -118.885 0. 0. 1. 0.
-0.935 0.354 0. 122.788 -0.354 -0.935 0. -119.259 0. 0. 1. 0.
-0.936 0.352 0. 121.779 -0.352 -0.936 0. -119.637 0. 0. 1. 0.
-0.936 0.352 0. 120.833 -0.352 -0.936 0. -119.983 0. 0. 1. 0.
-0.936 0.351 0. 119.958 -0.351 -0.936 0. -120.304 0. 0. 1. 0.
-0.937 0.349 0. 119.160 -0.349 -0.937 0. -120.596 0. 0. 1. 0.
-0.938 0.348 0. 118.405 -0.348 -0.938 0. -120.870 0. 0. 1. 0.
-0.938 0.346 0. 117.696 -0.346 -0.938 0. -121.124 0. 0. 1. 0.
-0.939 0.345 0. 117.011 -0.345 -0.939 0. -121.368 0. 0. 1. 0.
-0.939 0.343 0. 116.344 -0.343 -0.939 0. -121.607 0. 0. 1. 0.
-0.940 0.342 0. 115.707 -0.342 -0.940 0. -121.834 0. 0. 1. 0.
-0.941 0.339 0. 115.108 -0.339 -0.941 0. -122.045 0. 0. 1. 0.
-0.941 0.337 0. 114.431 -0.337 -0.941 0. -122.283 0. 0. 1. 0.
-0.942 0.335 0. 113.699 -0.335 -0.942 0. -122.538 0. 0. 1. 0.
-0.943 0.332 0. 112.903 -0.332 -0.943 0. -122.813 0. 0. 1. 0.
-0.944 0.330 0. 112.032 -0.330 -0.944 0. -123.109 0. 0. 1. 0.
-0.945 0.327 0. 111.099 -0.327 -0.945 0. -123.430 0. 0. 1. 0.
-0.946 0.325 0. 110.075 -0.325 -0.946 0. -123.775 0. 0. 1. 0.
-0.946 0.324 0. 108.848 -0.324 -0.946 0. -124.190 0. 0. 1. 0.
-0.946 0.325 0. 107.480 -0.325 -0.946 0. -124.654 0. 0. 1. 0.
-0.946 0.324 0. 106.031 -0.324 -0.946 0. -125.152 0. 0. 1. 0.
-0.947 0.322 0. 104.569 -0.322 -0.947 0. -125.640 0. 0. 1. 0.
-0.947 0.321 0. 103.005 -0.321 -0.947 0. -126.161 0. 0. 1. 0.
-0.948 0.319 0. 101.385 -0.319 -0.948 0. -126.698 0. 0. 1. 0.
-0.948 0.318 0. 99.729 -0.318 -0.948 0. -127.244 0. 0. 1. 0.
-0.949 0.314 0. 98.026 -0.314 -0.949 0. -127.807 0. 0. 1. 0.
-0.951 0.309 0. 96.295 -0.309 -0.951 0. -128.369 0. 0. 1. 0.
-0.953 0.302 0. 94.579 -0.302 -0.953 0. -128.904 0. 0. 1. 0.
-0.956 0.295 0. 92.865 -0.295 -0.956 0. -129.429 0. 0. 1. 0.
-0.958 0.288 0. 91.116 -0.288 -0.958 0. -129.952 0. 0. 1. 0.
-0.960 0.281 0. 89.353 -0.281 -0.960 0. -130.464 0. 0. 1. 0.
-0.961 0.275 0. 87.592 -0.275 -0.961 0. -130.962 0. 0. 1. 0.
-0.963 0.270 0. 85.805 -0.270 -0.963 0. -131.455 0. 0. 1. 0.
-0.964 0.267 0. 83.984 -0.267 -0.964 0. -131.946 0. 0. 1. 0.
-0.964 0.266 0. 82.135 -0.266 -0.964 0. -132.442 0. 0. 1. 0.
-0.964 0.264 0. 80.325 -0.264 -0.964 0. -132.926 0. 0. 1. 0.
-0.965 0.264 0. 78.624 -0.264 -0.965 0. -133.365 0. 0. 1. 0.
-0.964 0.266 0. 76.857 -0.266 -0.964 0. -133.849 0. 0. 1. 0.
-0.962 0.272 0. 75.098 -0.272 -0.962 0. -134.344 0. 0. 1. 0.
-0.959 0.283 0. 73.394 -0.283 -0.959 0. -134.832 0. 0. 1. 0.
-0.955 0.298 0. 71.724 -0.298 -0.955 0. -135.335 0. 0. 1. 0.
-0.946 0.323 0. 70.106 -0.323 -0.946 0. -135.868 0. 0. 1. 0.
-0.934 0.357 0. 68.555 -0.357 -0.934 0. -136.439 0. 0. 1. 0.
-0.916 0.401 0. 67.068 -0.401 -0.916 0. -137.063 0. 0. 1. 0.
-0.890 0.456 0. 65.628 -0.456 -0.890 0. -137.767 0. 0. 1. 0.
-0.855 0.519 0. 64.316 -0.519 -0.855 0. -138.527 0. 0. 1. 0.
-0.807 0.590 0. 63.151 -0.590 -0.807 0. -139.350 0. 0. 1. 0.
-0.750 0.661 0. 62.120 -0.661 -0.750 0. -140.257 0. 0. 1. 0.
-0.683 0.730 0. 61.205 -0.730 -0.683 0. -141.238 0. 0. 1. 0.
-0.605 0.796 0. 60.414 -0.796 -0.605 0. -142.277 0. 0. 1. 0.
-0.515 0.857 0. 59.766 -0.857 -0.515 0. -143.366 0. 0. 1. 0.
-0.414 0.910 0. 59.270 -0.910 -0.414 0. -144.514 0. 0. 1. 0.
-0.302 0.953 0. 58.917 -0.953 -0.302 -0. -145.697 -0. 0. 1. 0.
-0.184 0.983 0. 58.712 -0.983 -0.184 -0. -146.926 -0. 0. 1. 0.
-0.061 0.998 0. 58.657 -0.998 -0.061 -0. -148.185 -0. 0. 1. 0.
0.063 0.998 0. 58.745 -0.998 0.063 -0. -149.455 -0. 0. 1. 0.
0.176 0.984 0. 58.980 -0.984 0.176 -0. -150.720 -0. 0. 1. 0.
0.275 0.961 0. 59.338 -0.961 0.275 -0. -152.011 -0. 0. 1. 0.
0.361 0.933 0. 59.819 -0.933 0.361 -0. -153.287 -0. 0. 1. 0.
0.439 0.899 0. 60.444 -0.899 0.439 -0. -154.547 -0. 0. 1. 0.
0.507 0.862 0. 61.179 -0.862 0.507 -0. -155.825 -0. 0. 1. 0.
0.568 0.823 0. 62.023 -0.823 0.568 -0. -157.080 -0. 0. 1. 0.
0.623 0.783 0. 62.914 -0.783 0.623 -0. -158.229 -0. 0. 1. 0.
0.675 0.738 0. 63.994 -0.738 0.675 -0. -159.460 -0. 0. 1. 0.
0.719 0.695 0. 65.209 -0.695 0.719 -0. -160.676 -0. 0. 1. 0.
0.754 0.656 0. 66.445 -0.656 0.754 -0. -161.764 -0. 0. 1. 0.
0.791 0.612 0. 67.716 -0.612 0.791 -0. -162.775 -0. 0. 1. 0.
0.829 0.560 0. 69.098 -0.560 0.829 -0. -163.738 -0. 0. 1. 0.
0.866 0.500 0. 70.589 -0.500 0.866 -0. -164.665 -0. 0. 1. 0.
0.898 0.440 0. 72.100 -0.440 0.898 -0. -165.400 -0. 0. 1. 0.
0.926 0.378 0. 73.686 -0.378 0.926 -0. -166.058 -0. 0. 1. 0.
0.950 0.313 0. 75.356 -0.313 0.950 -0. -166.628 -0. 0. 1. 0.
0.969 0.246 0. 77.106 -0.246 0.969 -0. -167.097 -0. 0. 1. 0.
0.984 0.177 0. 78.889 -0.177 0.984 -0. -167.444 -0. 0. 1. 0.
0.994 0.105 0. 80.718 -0.105 0.994 -0. -167.665 -0. 0. 1. 0.
0.999 0.039 0. 82.606 -0.039 0.999 -0. -167.764 -0. 0. 1. 0.
1.000 -0.023 0. 84.593 0.023 1.000 0. -167.765 0. 0. 1. 0.
0.997 -0.078 0. 86.591 0.078 0.997 0. -167.639 0. 0. 1. 0.
0.993 -0.120 0. 88.606 0.120 0.993 0. -167.415 0. 0. 1. 0.
0.989 -0.145 0. 90.612 0.145 0.989 0. -167.138 0. 0. 1. 0.
0.987 -0.163 0. 92.605 0.163 0.987 0. -166.825 0. 0. 1. 0.
0.985 -0.174 0. 94.626 0.174 0.985 0. -166.477 0. 0. 1. 0.
0.984 -0.179 0. 96.635 0.179 0.984 0. -166.124 0. 0. 1. 0.
0.984 -0.180 0. 98.674 0.180 0.984 0. -165.753 0. 0. 1. 0.
0.984 -0.177 0. 100.758 0.177 0.984 0. -165.381 0. 0. 1. 0.
0.985 -0.174 0. 102.869 0.174 0.985 0. -165.027 0. 0. 1. 0.
0.985 -0.171 0. 105.006 0.171 0.985 0. -164.683 0. 0. 1. 0.
0.986 -0.166 0. 107.132 0.166 0.986 0. -164.329 0. 0. 1. 0.
0.987 -0.160 0. 109.240 0.160 0.987 0. -163.987 0. 0. 1. 0.
0.988 -0.153 0. 111.345 0.153 0.988 0. -163.664 0. 0. 1. 0.
0.989 -0.146 0. 113.489 0.146 0.989 0. -163.355 0. 0. 1. 0.
0.990 -0.140 0. 115.618 0.140 0.990 0. -163.061 0. 0. 1. 0.
0.991 -0.133 0. 117.780 0.133 0.991 0. -162.786 0. 0. 1. 0.
0.992 -0.125 0. 119.896 0.125 0.992 0. -162.530 0. 0. 1. 0.
0.993 -0.116 0. 122.032 0.116 0.993 0. -162.291 0. 0. 1. 0.
0.994 -0.109 0. 124.222 0.109 0.994 0. -162.064 0. 0. 1. 0.
0.995 -0.101 0. 126.363 0.101 0.995 0. -161.856 0. 0. 1. 0.
0.995 -0.096 0. 128.637 0.096 0.995 0. -161.641 0. 0. 1. 0.
0.996 -0.093 0. 130.875 0.093 0.996 0. -161.442 0. 0. 1. 0.
0.996 -0.089 0. 133.108 0.089 0.996 0. -161.253 0. 0. 1. 0.
0.996 -0.085 0. 135.377 0.085 0.996 0. -161.068 0. 0. 1. 0.
0.997 -0.078 0. 137.628 0.078 0.997 0. -160.899 0. 0. 1. 0.
0.998 -0.070 0. 139.964 0.070 0.998 0. -160.744 0. 0. 1. 0.
0.998 -0.061 0. 142.236 0.061 0.998 0. -160.605 0. 0. 1. 0.
0.999 -0.052 0. 144.536 0.052 0.999 0. -160.486 0. 0. 1. 0.
0.999 -0.044 0. 146.884 0.044 0.999 0. -160.385 0. 0. 1. 0.
0.999 -0.039 0. 149.131 0.039 0.999 0. -160.305 0. 0. 1. 0.
0.999 -0.034 0. 151.564 0.034 0.999 0. -160.224 0. 0. 1. 0.
1.000 -0.027 0. 154.036 0.027 1.000 0. -160.158 0. 0. 1. 0.
1.000 -0.019 0. 156.487 0.019 1.000 0. -160.111 0. 0. 1. 0.
1. -0.011 0. 158.923 0.011 1. 0. -160.087 0. 0. 1. 0.
1. -0.003 0. 161.351 0.003 1. 0. -160.078 0. 0. 1. 0.
1. 0.006 0. 163.767 -0.006 1. -0. -160.092 -0. 0. 1. 0.
1. 0.014 0. 166.080 -0.014 1. -0. -160.127 -0. 0. 1. 0.
1.000 0.022 0. 168.391 -0.022 1.000 -0. -160.187 -0. 0. 1. 0.
1.000 0.031 0. 170.745 -0.031 1.000 -0. -160.267 -0. 0. 1. 0.
0.999 0.042 0. 173.129 -0.042 0.999 -0. -160.373 -0. 0. 1. 0.
0.999 0.051 0. 175.587 -0.051 0.999 -0. -160.503 -0. 0. 1. 0.
0.998 0.062 0. 177.995 -0.062 0.998 -0. -160.655 -0. 0. 1. 0.
0.997 0.074 0. 180.450 -0.074 0.997 -0. -160.842 -0. 0. 1. 0.
0.996 0.086 0. 182.950 -0.086 0.996 -0. -161.062 -0. 0. 1. 0.
0.995 0.098 0. 185.285 -0.098 0.995 -0. -161.299 -0. 0. 1. 0.
0.994 0.110 0. 187.739 -0.110 0.994 -0. -161.577 -0. 0. 1. 0.
0.993 0.119 0. 190.020 -0.119 0.993 -0. -161.858 -0. 0. 1. 0.
0.992 0.126 0. 192.365 -0.126 0.992 -0. -162.163 -0. 0. 1. 0.
0.991 0.133 0. 194.802 -0.133 0.991 -0. -162.499 -0. 0. 1. 0.
0.990 0.141 0. 197.183 -0.141 0.990 -0. -162.839 -0. 0. 1. 0.
0.989 0.149 0. 199.561 -0.149 0.989 -0. -163.202 -0. 0. 1. 0.
0.988 0.155 0. 202.004 -0.155 0.988 -0. -163.602 -0. 0. 1. 0.
0.987 0.161 0. 204.434 -0.161 0.987 -0. -164.020 -0. 0. 1. 0.
0.986 0.166 0. 206.873 -0.166 0.986 -0. -164.445 -0. 0. 1. 0.
0.986 0.170 0. 209.332 -0.170 0.986 -0. -164.881 -0. 0. 1. 0.
0.985 0.173 0. 211.901 -0.173 0.985 -0. -165.341 -0. 0. 1. 0.
0.984 0.176 0. 214.433 -0.176 0.984 -0. -165.806 -0. 0. 1. 0.
0.984 0.179 0. 216.966 -0.179 0.984 -0. -166.277 -0. 0. 1. 0.
0.983 0.182 0. 219.520 -0.182 0.983 -0. -166.758 -0. 0. 1. 0.
0.983 0.184 0. 222.045 -0.184 0.983 -0. -167.247 -0. 0. 1. 0.
0.982 0.188 0. 224.356 -0.188 0.982 -0. -167.696 -0. 0. 1. 0.
0.982 0.190 0. 226.615 -0.190 0.982 -0. -168.145 -0. 0. 1. 0.
0.981 0.192 0. 229.056 -0.192 0.981 -0. -168.635 -0. 0. 1. 0.
0.981 0.195 0. 231.645 -0.195 0.981 -0. -169.158 -0. 0. 1. 0.
0.980 0.197 0. 234.118 -0.197 0.980 -0. -169.665 -0. 0. 1. 0.
0.980 0.200 0. 236.562 -0.200 0.980 -0. -170.169 -0. 0. 1. 0.
0.979 0.203 0. 238.878 -0.203 0.979 -0. -170.660 -0. 0. 1. 0.
0.979 0.205 0. 241.281 -0.205 0.979 -0. -171.176 -0. 0. 1. 0.
0.978 0.208 0. 243.750 -0.208 0.978 -0. -171.712 -0. 0. 1. 0.
0.977 0.211 0. 246.273 -0.211 0.977 -0. -172.264 -0. 0. 1. 0.
0.977 0.214 0. 248.623 -0.214 0.977 -0. -172.786 -0. 0. 1. 0.
0.976 0.216 0. 251.023 -0.216 0.976 -0. -173.326 -0. 0. 1. 0.
0.976 0.218 0. 253.375 -0.218 0.976 -0. -173.858 -0. 0. 1. 0.
0.976 0.219 0. 255.710 -0.219 0.976 -0. -174.400 -0. 0. 1. 0.
0.975 0.221 0. 258.093 -0.221 0.975 -0. -174.950 -0. 0. 1. 0.
0.975 0.223 0. 260.394 -0.223 0.975 -0. -175.483 -0. 0. 1. 0.
0.974 0.225 0. 262.659 -0.225 0.974 -0. -176.017 -0. 0. 1. 0.
0.974 0.227 0. 264.972 -0.227 0.974 -0. -176.572 -0. 0. 1. 0.
0.973 0.230 0. 267.267 -0.230 0.973 -0. -177.121 -0. 0. 1. 0.
0.972 0.234 0. 269.501 -0.234 0.972 -0. -177.662 -0. 0. 1. 0.
0.971 0.237 0. 271.720 -0.237 0.971 -0. -178.207 -0. 0. 1. 0.
0.970 0.243 0. 273.882 -0.243 0.970 -0. -178.756 -0. 0. 1. 0.
0.968 0.253 0. 276.120 -0.253 0.968 -0. -179.344 -0. 0. 1. 0.
0.965 0.261 0. 278.399 -0.261 0.965 -0. -179.972 -0. 0. 1. 0.
0.963 0.269 0. 280.595 -0.269 0.963 -0. -180.592 -0. 0. 1. 0.
0.961 0.275 0. 282.831 -0.275 0.961 -0. -181.237 -0. 0. 1. 0.
0.959 0.282 0. 285.088 -0.282 0.959 -0. -181.908 -0. 0. 1. 0.
0.958 0.288 0. 287.280 -0.288 0.958 -0. -182.575 -0. 0. 1. 0.
0.956 0.293 0. 289.469 -0.293 0.956 -0. -183.253 -0. 0. 1. 0.
0.954 0.300 0. 291.793 -0.300 0.954 -0. -183.991 -0. 0. 1. 0.
0.952 0.305 0. 294.105 -0.305 0.952 -0. -184.743 -0. 0. 1. 0.
0.950 0.311 0. 296.286 -0.311 0.950 -0. -185.470 -0. 0. 1. 0.
0.948 0.318 0. 298.436 -0.318 0.948 -0. -186.200 -0. 0. 1. 0.
0.946 0.325 0. 300.599 -0.325 0.946 -0. -186.948 -0. 0. 1. 0.
0.943 0.333 0. 302.777 -0.333 0.943 -0. -187.721 -0. 0. 1. 0.
0.940 0.342 0. 305.148 -0.342 0.940 -0. -188.585 -0. 0. 1. 0.
0.936 0.351 0. 307.499 -0.351 0.936 -0. -189.470 -0. 0. 1. 0.
0.933 0.360 0. 309.777 -0.360 0.933 -0. -190.350 -0. 0. 1. 0.
0.929 0.371 0. 312.015 -0.371 0.929 -0. -191.247 -0. 0. 1. 0.
0.924 0.382 0. 314.339 -0.382 0.924 -0. -192.206 -0. 0. 1. 0.
0.920 0.391 0. 316.720 -0.391 0.920 -0. -193.208 -0. 0. 1. 0.
0.916 0.400 0. 318.931 -0.400 0.916 -0. -194.179 -0. 0. 1. 0.
0.913 0.408 0. 321.227 -0.408 0.913 -0. -195.204 -0. 0. 1. 0.
0.909 0.417 0. 323.522 -0.417 0.909 -0. -196.254 -0. 0. 1. 0.
0.906 0.423 0. 325.733 -0.423 0.906 -0. -197.295 -0. 0. 1. 0.
0.904 0.428 0. 328.111 -0.428 0.904 -0. -198.431 -0. 0. 1. 0.
0.902 0.431 0. 330.409 -0.431 0.902 -0. -199.530 -0. 0. 1. 0.
0.901 0.434 0. 332.725 -0.434 0.901 -0. -200.660 -0. 0. 1. 0.
0.900 0.437 0. 335.065 -0.437 0.900 -0. -201.815 -0. 0. 1. 0.
0.899 0.438 0. 337.364 -0.438 0.899 -0. -202.957 -0. 0. 1. 0.
0.899 0.439 0. 339.637 -0.439 0.899 -0. -204.085 -0. 0. 1. 0.
0.899 0.438 0. 341.908 -0.438 0.899 -0. -205.210 -0. 0. 1. 0.
0.900 0.435 0. 344.120 -0.435 0.900 -0. -206.297 -0. 0. 1. 0.
0.903 0.429 0. 346.316 -0.429 0.903 -0. -207.364 -0. 0. 1. 0.
