1547731605240998 1.00000 0.00000 0.00000 -0.00000 0.00000 1.00000 0.00000 -0.00000 0.00000 0.00000 1.00000 -0.00000
1547731605493170 1.00000 0.00001 -0.00000 -0.00332 -0.00001 1.00000 0.00000 -0.00323 0.00000 -0.00000 1.00000 0.00000
1547731605745805 1.00000 0.00020 -0.00000 -0.00309 -0.00020 1.00000 0.00000 0.00219 0.00000 -0.00000 1.00000 -0.00000
1547731605997687 1.00000 0.00002 -0.00000 -0.00315 -0.00002 1.00000 0.00000 -0.00373 0.00000 -0.00000 1.00000 0.00000
1547731606248605 1.00000 0.00017 -0.00000 -0.00562 -0.00017 1.00000 0.00000 -0.00295 0.00000 -0.00000 1.00000 0.00000
1547731606497708 1.00000 0.00020 -0.00000 -0.00267 -0.00020 1.00000 0.00000 -0.00411 0.00000 -0.00000 1.00000 0.00000
1547731606745579 1.00000 0.00015 -0.00000 -0.00297 -0.00015 1.00000 0.00000 -0.00074 0.00000 -0.00000 1.00000 0.00000
1547731606993362 1.00000 0.00014 -0.00000 -0.00442 -0.00014 1.00000 0.00000 0.00195 0.00000 -0.00000 1.00000 -0.00000
1547731607241156 1.00000 0.00010 -0.00000 -0.00153 -0.00010 1.00000 0.00000 -0.00009 0.00000 -0.00000 1.00000 0.00000
1547731607488282 1.00000 0.00021 -0.00000 -0.00369 -0.00021 1.00000 0.00000 -0.00054 0.00000 -0.00000 1.00000 0.00000
1547731607736270 1.00000 0.00014 -0.00000 -0.00045 -0.00014 1.00000 0.00000 -0.00251 0.00000 -0.00000 1.00000 0.00000
1547731607985843 1.00000 0.00011 -0.00000 -0.00330 -0.00011 1.00000 0.00000 0.00121 0.00000 -0.00000 1.00000 -0.00000
1547731608236490 1.00000 0.00022 -0.00000 -0.00481 -0.00022 1.00000 0.00000 -0.00238 0.00000 -0.00000 1.00000 0.00000
1547731608487623 1.00000 0.00008 -0.00000 -0.00248 -0.00008 1.00000 0.00000 -0.00195 0.00000 -0.00000 1.00000 0.00000
1547731608738358 1.00000 0.00004 -0.00000 -0.00248 -0.00004 1.00000 0.00000 -0.00297 0.00000 -0.00000 1.00000 0.00000
1547731608988724 1.00000 -0.00002 0.00000 -0.00337 0.00002 1.00000 -0.00000 0.00020 -0.00000 0.00000 1.00000 0.00000
1547731609238981 1.00000 0.00013 -0.00000 -0.00293 -0.00013 1.00000 0.00000 -0.00250 0.00000 -0.00000 1.00000 0.00000
1547731609488976 1.00000 0.00014 -0.00000 -0.00413 -0.00014 1.00000 0.00000 -0.00242 0.00000 -0.00000 1.00000 0.00000
1547731609740142 1.00000 0.00020 -0.00000 -0.00215 -0.00020 1.00000 0.00000 -0.00151 0.00000 -0.00000 1.00000 0.00000
1547731609992588 1.00000 0.00012 -0.00000 -0.00328 -0.00012 1.00000 0.00000 -0.00216 0.00000 -0.00000 1.00000 0.00000
1547731610245219 1.00000 0.00015 -0.00000 -0.00405 -0.00015 1.00000 0.00000 0.00032 0.00000 -0.00000 1.00000 -0.00000
1547731610497344 1.00000 0.00020 -0.00000 -0.00367 -0.00020 1.00000 0.00000 -0.00480 0.00000 -0.00000 1.00000 0.00000
1547731610749090 1.00000 0.00016 -0.00000 -0.00598 -0.00016 1.00000 0.00000 -0.00167 0.00000 -0.00000 1.00000 0.00000
1547731611000001 1.00000 0.00007 -0.00000 -0.00188 -0.00007 1.00000 0.00000 -0.00264 0.00000 -0.00000 1.00000 0.00000
1547731611249768 1.00000 0.00006 -0.00000 -0.00136 -0.00006 1.00000 0.00000 0.00031 0.00000 -0.00000 1.00000 -0.00000
1547731611498847 1.00000 0.00008 -0.00000 -0.00514 -0.00008 1.00000 0.00000 -0.00199 0.00000 -0.00000 1.00000 0.00000
1547731611747714 1.00000 0.00031 -0.00000 -0.00607 -0.00031 1.00000 0.00000 -0.00190 0.00000 -0.00000 1.00000 0.00000
1547731611996527 1.00000 0.00014 -0.00000 -0.00477 -0.00014 1.00000 0.00000 0.00162 0.00000 -0.00000 1.00000 -0.00000
1547731612245305 1.00000 -0.00006 0.00000 -0.00631 0.00006 1.00000 -0.00000 -0.00279 -0.00000 0.00000 1.00000 0.00000
1547731612494921 1.00000 -0.00000 0.00000 -0.00486 0.00000 1.00000 -0.00000 -0.00261 -0.00000 0.00000 1.00000 0.00000
1547731612745773 1.00000 0.00017 -0.00000 -0.00033 -0.00017 1.00000 0.00000 -0.00157 0.00000 -0.00000 1.00000 0.00000
1547731612997342 1.00000 0.00003 -0.00000 -0.00172 -0.00003 1.00000 0.00000 -0.00367 0.00000 -0.00000 1.00000 0.00000
1547731613248394 1.00000 0.00017 -0.00000 -0.00353 -0.00017 1.00000 0.00000 -0.00680 0.00000 -0.00000 1.00000 0.00000
1547731613499036 1.00000 0.00011 -0.00000 -0.00130 -0.00011 1.00000 0.00000 -0.00055 0.00000 -0.00000 1.00000 0.00000
1547731613749130 1.00000 0.00020 -0.00000 -0.00376 -0.00020 1.00000 0.00000 -0.00573 0.00000 -0.00000 1.00000 0.00000
1547731613998572 1.00000 0.00019 -0.00000 0.00092 -0.00019 1.00000 0.00000 -0.00475 0.00000 -0.00000 1.00000 0.00000
1547731614247921 1.00000 0.00010 -0.00000 0.00047 -0.00010 1.00000 0.00000 0.00089 0.00000 -0.00000 1.00000 0.00000
1547731614497181 1.00000 -0.00004 0.00000 -0.00148 0.00004 1.00000 -0.00000 -0.00584 -0.00000 0.00000 1.00000 0.00000
1547731614745831 1.00000 0.00004 -0.00000 -0.00263 -0.00004 1.00000 0.00000 -0.00667 0.00000 -0.00000 1.00000 0.00000
1547731614994307 1.00000 0.00009 -0.00000 -0.00259 -0.00009 1.00000 0.00000 -0.00630 0.00000 -0.00000 1.00000 0.00000
1547731615242597 1.00000 0.00000 -0.00000 -0.00226 -0.00000 1.00000 0.00000 -0.00305 0.00000 -0.00000 1.00000 0.00000
1547731615490758 1.00000 0.00003 -0.00000 -0.00253 -0.00003 1.00000 0.00000 -0.00385 0.00000 -0.00000 1.00000 0.00000
1547731615738861 1.00000 0.00010 -0.00000 -0.00294 -0.00010 1.00000 0.00000 -0.00395 0.00000 -0.00000 1.00000 0.00000
1547731615986993 1.00000 -0.00005 0.00000 -0.00640 0.00005 1.00000 -0.00000 -0.00401 -0.00000 0.00000 1.00000 0.00000
1547731616234648 1.00000 0.00010 -0.00000 -0.00543 -0.00010 1.00000 0.00000 -0.00256 0.00000 -0.00000 1.00000 0.00000
1547731616482673 1.00000 -0.00005 0.00000 -0.00158 0.00005 1.00000 -0.00000 -0.00287 -0.00000 0.00000 1.00000 0.00000
1547731616732301 1.00000 0.00010 -0.00000 -0.00294 -0.00010 1.00000 0.00000 -0.00332 0.00000 -0.00000 1.00000 0.00000
1547731616983309 1.00000 -0.00008 0.00000 -0.00362 0.00008 1.00000 -0.00000 -0.00805 -0.00000 0.00000 1.00000 0.00000
1547731617235790 1.00000 -0.00006 0.00000 -0.00604 0.00006 1.00000 -0.00000 -0.00347 -0.00000 0.00000 1.00000 0.00000
1547731617488409 1.00000 0.00011 -0.00000 -0.00009 -0.00011 1.00000 0.00000 -0.00706 0.00000 -0.00000 1.00000 0.00000
1547731617740397 1.00000 0.00020 -0.00000 0.00146 -0.00020 1.00000 0.00000 -0.00503 0.00000 -0.00000 1.00000 0.00000
1547731617992229 1.00000 0.00005 -0.00000 -0.00058 -0.00005 1.00000 0.00000 -0.00622 0.00000 -0.00000 1.00000 0.00000
1547731618243117 1.00000 0.00010 -0.00000 -0.00475 -0.00010 1.00000 0.00000 -0.00586 0.00000 -0.00000 1.00000 0.00000
1547731618492862 1.00000 -0.00006 0.00000 -0.00236 0.00006 1.00000 -0.00000 0.00090 -0.00000 0.00000 1.00000 0.00000
1547731618741813 1.00000 0.00022 -0.00000 -0.00070 -0.00022 1.00000 0.00000 -0.00557 0.00000 -0.00000 1.00000 0.00000
1547731618990858 1.00000 0.00015 -0.00000 -0.00303 -0.00015 1.00000 0.00000 0.00099 0.00000 -0.00000 1.00000 -0.00000
1547731619239701 1.00000 0.00018 -0.00000 -0.00402 -0.00018 1.00000 0.00000 -0.00254 0.00000 -0.00000 1.00000 0.00000
1547731619488595 1.00000 0.00013 -0.00000 -0.00517 -0.00013 1.00000 0.00000 -0.00253 0.00000 -0.00000 1.00000 0.00000
1547731619738670 1.00000 0.00007 -0.00000 -0.00517 -0.00007 1.00000 0.00000 -0.00071 0.00000 -0.00000 1.00000 0.00000
1547731619989727 1.00000 0.00015 -0.00000 -0.00102 -0.00015 1.00000 0.00000 0.00097 0.00000 -0.00000 1.00000 -0.00000
1547731620240839 1.00000 0.00010 -0.00000 -0.00244 -0.00010 1.00000 0.00000 -0.00094 0.00000 -0.00000 1.00000 0.00000
1547731620491808 1.00000 -0.00002 0.00000 -0.00541 0.00002 1.00000 -0.00000 -0.00184 -0.00000 0.00000 1.00000 0.00000
1547731620742141 1.00000 -0.00004 0.00000 -0.00319 0.00004 1.00000 -0.00000 -0.00403 -0.00000 0.00000 1.00000 0.00000
1547731620991883 1.00000 0.00015 -0.00000 -0.00363 -0.00015 1.00000 0.00000 -0.00603 0.00000 -0.00000 1.00000 0.00000
1547731621240957 1.00000 0.00007 -0.00000 0.00106 -0.00007 1.00000 0.00000 -0.00367 0.00000 -0.00000 1.00000 0.00000
1547731621489973 1.00000 0.00030 -0.00000 -0.00340 -0.00030 1.00000 0.00000 0.00305 0.00000 -0.00000 1.00000 -0.00000
1547731621738930 1.00000 0.00002 -0.00000 -0.00124 -0.00002 1.00000 0.00000 -0.00185 0.00000 -0.00000 1.00000 0.00000
1547731621987612 1.00000 0.00013 -0.00000 -0.00149 -0.00013 1.00000 0.00000 -0.00228 0.00000 -0.00000 1.00000 0.00000
1547731622236203 1.00000 0.00018 -0.00000 0.00132 -0.00018 1.00000 0.00000 -0.00036 0.00000 -0.00000 1.00000 0.00000
1547731622484158 1.00000 0.00000 -0.00000 -0.00365 -0.00000 1.00000 0.00000 -0.00347 0.00000 -0.00000 1.00000 0.00000
1547731622731861 1.00000 0.00020 -0.00000 -0.00360 -0.00020 1.00000 0.00000 -0.00231 0.00000 -0.00000 1.00000 0.00000
1547731622979765 1.00000 0.00011 -0.00000 -0.00256 -0.00011 1.00000 0.00000 -0.00201 0.00000 -0.00000 1.00000 0.00000
1547731623227929 1.00000 0.00017 -0.00000 -0.00028 -0.00017 1.00000 0.00000 -0.00282 0.00000 -0.00000 1.00000 0.00000
1547731623476352 1.00000 0.00003 -0.00000 -0.00343 -0.00003 1.00000 0.00000 -0.00031 0.00000 -0.00000 1.00000 0.00000
1547731623726047 1.00000 0.00017 -0.00000 -0.00067 -0.00017 1.00000 0.00000 0.00157 0.00000 -0.00000 1.00000 -0.00000
1547731623976092 1.00000 -0.00000 0.00000 -0.00490 0.00000 1.00000 -0.00000 0.00320 -0.00000 0.00000 1.00000 0.00000
1547731624226890 1.00000 0.00015 -0.00000 -0.00068 -0.00015 1.00000 0.00000 -0.00455 0.00000 -0.00000 1.00000 0.00000
1547731624479440 1.00000 -0.00002 0.00000 -0.00292 0.00002 1.00000 -0.00000 -0.00303 -0.00000 0.00000 1.00000 0.00000
1547731624732083 1.00000 0.00005 -0.00000 -0.00179 -0.00005 1.00000 0.00000 -0.00370 0.00000 -0.00000 1.00000 0.00000
1547731624984313 1.00000 0.00006 -0.00000 -0.00209 -0.00006 1.00000 0.00000 0.00081 0.00000 -0.00000 1.00000 -0.00000
1547731625236037 1.00000 0.00002 -0.00000 -0.00330 -0.00002 1.00000 0.00000 -0.00668 0.00000 -0.00000 1.00000 0.00000
1547731625486973 1.00000 0.00004 -0.00000 -0.00334 -0.00004 1.00000 0.00000 -0.00496 0.00000 -0.00000 1.00000 0.00000
1547731625736490 1.00000 0.00023 -0.00000 -0.00234 -0.00023 1.00000 0.00000 -0.00468 0.00000 -0.00000 1.00000 0.00000
1547731625985264 1.00000 0.00014 -0.00000 -0.00311 -0.00014 1.00000 0.00000 -0.00313 0.00000 -0.00000 1.00000 0.00000
1547731626234481 1.00000 0.00029 -0.00000 -0.00462 -0.00029 1.00000 0.00000 0.00155 0.00000 -0.00000 1.00000 -0.00000
1547731626484751 1.00000 0.00022 -0.00000 -0.00700 -0.00022 1.00000 0.00000 0.00055 0.00000 -0.00000 1.00000 -0.00000
1547731626735910 1.00000 0.00032 -0.00000 -0.00366 -0.00032 1.00000 0.00000 0.00157 0.00000 -0.00000 1.00000 -0.00000
1547731626987030 1.00000 0.00010 -0.00000 -0.00873 -0.00010 1.00000 0.00000 -0.00223 0.00000 -0.00000 1.00000 0.00000
1547731627237843 1.00000 0.00025 -0.00000 -0.00209 -0.00025 1.00000 0.00000 0.00017 0.00000 -0.00000 1.00000 -0.00000
1547731627487843 1.00000 0.00026 -0.00000 -0.00285 -0.00026 1.00000 0.00000 -0.00110 0.00000 -0.00000 1.00000 0.00000
1547731627737253 1.00000 0.00012 -0.00000 -0.00261 -0.00012 1.00000 0.00000 0.00688 0.00000 -0.00000 1.00000 -0.00000
1547731627986701 1.00000 0.00017 -0.00000 -0.02689 -0.00017 1.00000 0.00000 0.00193 0.00000 -0.00000 1.00000 -0.00000
1547731628235812 1.00000 0.00040 -0.00000 -0.09263 -0.00040 1.00000 0.00000 0.00487 0.00000 -0.00000 1.00000 -0.00000
1547731628484900 1.00000 0.00031 -0.00000 -0.14207 -0.00031 1.00000 0.00000 0.01424 0.00000 -0.00000 1.00000 -0.00000
1547731628733649 1.00000 0.00162 -0.00000 -0.24596 -0.00162 1.00000 0.00000 0.00768 0.00000 -0.00000 1.00000 -0.00000
1547731628982156 0.99998 0.00705 -0.00000 -0.44562 -0.00705 0.99998 0.00000 -0.01627 0.00000 -0.00000 1.00000 0.00000
1547731629230338 0.99987 0.01629 -0.00000 -0.64000 -0.01629 0.99987 0.00000 0.01186 0.00000 -0.00000 1.00000 -0.00000
1547731629478429 0.99959 0.02876 -0.00000 -0.91547 -0.02876 0.99959 0.00000 -0.00860 0.00000 -0.00000 1.00000 0.00000
1547731629726006 0.99883 0.04831 -0.00000 -1.27255 -0.04831 0.99883 0.00000 0.03235 0.00000 -0.00000 1.00000 0.00000
1547731629973783 0.99770 0.06782 -0.00000 -1.70646 -0.06782 0.99770 0.00000 0.05522 0.00000 -0.00000 1.00000 0.00000
1547731630222171 0.99541 0.09575 -0.00000 -2.18234 -0.09575 0.99541 0.00000 0.07793 0.00000 -0.00000 1.00000 0.00000
1547731630471411 0.99310 0.11725 -0.00000 -2.77129 -0.11725 0.99310 0.00000 0.15718 0.00000 -0.00000 1.00000 0.00000
1547731630721551 0.99044 0.13793 -0.00000 -3.47102 -0.13793 0.99044 0.00000 0.08768 0.00000 -0.00000 1.00000 0.00000
1547731630972615 0.98750 0.15762 -0.00000 -4.29242 -0.15762 0.98750 0.00000 0.17493 0.00000 -0.00000 1.00000 0.00000
1547731631224261 0.98528 0.17096 -0.00000 -5.21102 -0.17096 0.98528 0.00000 0.28222 0.00000 -0.00000 1.00000 0.00000
1547731631476301 0.98527 0.17103 -0.00000 -6.22083 -0.17103 0.98527 0.00000 0.33622 0.00000 -0.00000 1.00000 0.00000
1547731631728127 0.98545 0.16999 -0.00000 -7.38387 -0.16999 0.98545 0.00000 0.29182 0.00000 -0.00000 1.00000 0.00000
1547731631980422 0.98570 0.16854 -0.00000 -8.67742 -0.16854 0.98570 0.00000 0.29838 0.00000 -0.00000 1.00000 0.00000
1547731632232192 0.98644 0.16410 -0.00000 -9.98247 -0.16410 0.98644 0.00000 0.24194 0.00000 -0.00000 1.00000 0.00000
1547731632482283 0.98706 0.16034 -0.00000 -11.28107 -0.16034 0.98706 0.00000 0.19956 0.00000 -0.00000 1.00000 0.00000
1547731632732244 0.98806 0.15407 -0.00000 -12.71379 -0.15407 0.98806 0.00000 0.15908 0.00000 -0.00000 1.00000 0.00000
1547731632982359 0.98987 0.14200 -0.00000 -14.19405 -0.14200 0.98987 0.00000 0.04766 0.00000 -0.00000 1.00000 0.00000
1547731633232212 0.99223 0.12445 -0.00000 -15.73237 -0.12445 0.99223 0.00000 -0.22677 0.00000 -0.00000 1.00000 0.00000
1547731633481863 0.99393 0.11001 -0.00000 -17.30521 -0.11001 0.99393 0.00000 -0.40824 0.00000 -0.00000 1.00000 0.00000
1547731633731385 0.99569 0.09276 -0.00000 -18.95850 -0.09276 0.99569 0.00000 -0.70851 0.00000 -0.00000 1.00000 0.00000
1547731633982171 0.99720 0.07472 -0.00000 -20.68073 -0.07472 0.99720 0.00000 -1.11049 0.00000 -0.00000 1.00000 0.00000
1547731634232968 0.99834 0.05754 -0.00000 -22.43327 -0.05754 0.99834 0.00000 -1.37521 0.00000 -0.00000 1.00000 0.00000
1547731634484468 0.99907 0.04308 -0.00000 -24.21824 -0.04308 0.99907 0.00000 -1.74799 0.00000 -0.00000 1.00000 0.00000
1547731634736968 0.99952 0.03110 -0.00000 -25.97462 -0.03110 0.99952 0.00000 -1.99181 0.00000 -0.00000 1.00000 0.00000
1547731634988729 0.99980 0.01985 -0.00000 -27.72678 -0.01985 0.99980 0.00000 -2.26662 0.00000 -0.00000 1.00000 0.00000
1547731635239475 0.99991 0.01332 -0.00000 -29.46896 -0.01332 0.99991 0.00000 -2.45801 0.00000 -0.00000 1.00000 0.00000
1547731635488655 0.99997 0.00835 -0.00000 -31.24128 -0.00835 0.99997 0.00000 -2.58517 0.00000 -0.00000 1.00000 0.00000
1547731635737473 0.99999 0.00373 -0.00000 -33.00533 -0.00373 0.99999 0.00000 -2.71919 0.00000 -0.00000 1.00000 0.00000
1547731635986357 0.99999 0.00427 -0.00000 -34.79682 -0.00427 0.99999 0.00000 -2.71223 0.00000 -0.00000 1.00000 0.00000
1547731636234826 0.99999 0.00422 -0.00000 -36.62941 -0.00422 0.99999 0.00000 -2.70117 0.00000 -0.00000 1.00000 0.00000
1547731636483275 0.99998 0.00615 -0.00000 -38.48696 -0.00615 0.99998 0.00000 -2.58579 0.00000 -0.00000 1.00000 0.00000
1547731636731563 0.99999 0.00507 -0.00000 -40.32082 -0.00507 0.99999 0.00000 -2.59931 0.00000 -0.00000 1.00000 0.00000
1547731636979334 0.99999 0.00525 -0.00000 -42.19494 -0.00525 0.99999 0.00000 -2.58608 0.00000 -0.00000 1.00000 0.00000
1547731637227195 0.99998 0.00594 -0.00000 -44.07928 -0.00594 0.99998 0.00000 -2.53532 0.00000 -0.00000 1.00000 0.00000
1547731637475855 0.99998 0.00590 -0.00000 -45.98374 -0.00590 0.99998 0.00000 -2.51553 0.00000 -0.00000 1.00000 0.00000
1547731637725487 0.99998 0.00620 -0.00000 -47.87320 -0.00620 0.99998 0.00000 -2.49050 0.00000 -0.00000 1.00000 0.00000
1547731637975662 0.99998 0.00680 -0.00000 -49.73572 -0.00680 0.99998 0.00000 -2.50176 0.00000 -0.00000 1.00000 0.00000
1547731638225817 0.99998 0.00628 -0.00000 -51.62104 -0.00628 0.99998 0.00000 -2.50763 0.00000 -0.00000 1.00000 0.00000
1547731638475770 0.99998 0.00554 -0.00000 -53.48167 -0.00554 0.99998 0.00000 -2.56737 0.00000 -0.00000 1.00000 0.00000
1547731638725725 1.00000 0.00276 -0.00000 -55.35812 -0.00276 1.00000 0.00000 -2.64345 0.00000 -0.00000 1.00000 0.00000
1547731638976821 1.00000 -0.00148 0.00000 -57.23169 0.00148 1.00000 -0.00000 -2.84364 -0.00000 0.00000 1.00000 0.00000
1547731639229233 0.99999 -0.00318 0.00000 -59.11308 0.00318 0.99999 -0.00000 -2.94746 -0.00000 0.00000 1.00000 0.00000
1547731639481434 0.99999 -0.00403 0.00000 -60.99512 0.00403 0.99999 -0.00000 -2.94640 -0.00000 0.00000 1.00000 0.00000
1547731639732835 0.99998 -0.00588 0.00000 -62.83871 0.00588 0.99998 -0.00000 -3.00464 -0.00000 0.00000 1.00000 0.00000
1547731639984112 0.99998 -0.00595 0.00000 -64.64880 0.00595 0.99998 -0.00000 -2.99992 -0.00000 0.00000 1.00000 0.00000
1547731640235990 0.99999 -0.00543 0.00000 -66.46696 0.00543 0.99999 -0.00000 -2.97588 -0.00000 0.00000 1.00000 0.00000
1547731640487747 0.99998 -0.00625 0.00000 -68.29957 0.00625 0.99998 -0.00000 -2.98435 -0.00000 0.00000 1.00000 0.00000
1547731640739110 0.99998 -0.00599 0.00000 -70.08759 0.00599 0.99998 -0.00000 -2.94802 -0.00000 0.00000 1.00000 0.00000
1547731640990047 0.99998 -0.00704 0.00000 -71.85160 0.00704 0.99998 -0.00000 -3.02155 -0.00000 0.00000 1.00000 0.00000
1547731641241411 0.99997 -0.00777 0.00000 -73.65634 0.00777 0.99997 -0.00000 -3.03456 -0.00000 0.00000 1.00000 0.00000
1547731641494251 0.99996 -0.00895 0.00000 -75.43512 0.00895 0.99996 -0.00000 -3.11835 -0.00000 0.00000 1.00000 0.00000
1547731641747956 0.99992 -0.01237 0.00000 -77.25047 0.01237 0.99992 -0.00000 -3.33852 -0.00000 0.00000 1.00000 0.00000
1547731642000457 0.99987 -0.01586 0.00000 -79.05882 0.01586 0.99987 -0.00000 -3.56813 -0.00000 0.00000 1.00000 0.00000
1547731642250194 0.99985 -0.01717 0.00000 -80.83266 0.01717 0.99985 -0.00000 -3.62148 -0.00000 0.00000 1.00000 0.00000
1547731642498169 0.99987 -0.01610 0.00000 -82.58941 0.01610 0.99987 -0.00000 -3.57715 -0.00000 0.00000 1.00000 0.00000
1547731642746283 0.99986 -0.01670 0.00000 -84.34373 0.01670 0.99986 -0.00000 -3.61949 -0.00000 0.00000 1.00000 0.00000
1547731642994103 0.99983 -0.01836 0.00000 -86.10269 0.01836 0.99983 -0.00000 -3.75139 -0.00000 0.00000 1.00000 0.00000
1547731643241744 0.99974 -0.02272 0.00000 -87.85432 0.02272 0.99974 -0.00000 -4.10057 -0.00000 0.00000 1.00000 0.00000
1547731643490026 0.99963 -0.02705 0.00000 -89.67553 0.02705 0.99963 -0.00000 -4.43466 -0.00000 0.00000 1.00000 0.00000
1547731643739685 0.99957 -0.02922 0.00000 -91.45641 0.02922 0.99957 -0.00000 -4.59725 -0.00000 0.00000 1.00000 0.00000
1547731643990530 0.99963 -0.02734 0.00000 -93.19923 0.02734 0.99963 -0.00000 -4.41617 -0.00000 0.00000 1.00000 0.00000
1547731644241138 0.99974 -0.02279 0.00000 -95.02112 0.02279 0.99974 -0.00000 -3.95577 -0.00000 0.00000 1.00000 0.00000
1547731644491988 0.99983 -0.01867 0.00000 -96.88726 0.01867 0.99983 -0.00000 -3.55580 -0.00000 0.00000 1.00000 0.00000
1547731644742624 0.99993 -0.01184 0.00000 -98.72286 0.01184 0.99993 -0.00000 -2.86996 -0.00000 0.00000 1.00000 0.00000
1547731644993294 1.00000 -0.00292 0.00000 -100.61156 0.00292 1.00000 -0.00000 -2.02938 -0.00000 0.00000 1.00000 0.00000
1547731645243964 1.00000 0.00309 -0.00000 -102.48269 -0.00309 1.00000 0.00000 -1.38475 0.00000 -0.00000 1.00000 0.00000
1547731645493834 0.99993 0.01183 -0.00000 -104.40005 -0.01183 0.99993 0.00000 -0.42690 0.00000 -0.00000 1.00000 0.00000
1547731645744009 0.99978 0.02098 -0.00000 -106.26151 -0.02098 0.99978 0.00000 0.57194 0.00000 -0.00000 1.00000 0.00000
1547731645995233 0.99949 0.03201 -0.00000 -108.17044 -0.03201 0.99949 0.00000 1.71343 0.00000 -0.00000 1.00000 0.00000
1547731646247143 0.99923 0.03917 -0.00000 -110.07000 -0.03917 0.99923 0.00000 2.53550 0.00000 -0.00000 1.00000 0.00000
1547731646499021 0.99886 0.04780 -0.00000 -112.02769 -0.04780 0.99886 0.00000 3.48506 0.00000 -0.00000 1.00000 0.00000
1547731646750962 0.99871 0.05087 -0.00000 -113.97314 -0.05087 0.99871 0.00000 3.86684 0.00000 -0.00000 1.00000 0.00000
1547731647002300 0.99847 0.05538 -0.00000 -115.93782 -0.05538 0.99847 0.00000 4.33369 0.00000 -0.00000 1.00000 0.00000
1547731647253011 0.99830 0.05825 -0.00000 -117.85404 -0.05825 0.99830 0.00000 4.62041 0.00000 -0.00000 1.00000 0.00000
1547731647503426 0.99834 0.05759 -0.00000 -119.78485 -0.05759 0.99834 0.00000 4.58541 0.00000 -0.00000 1.00000 0.00000
1547731647753669 0.99838 0.05682 -0.00000 -121.71503 -0.05682 0.99838 0.00000 4.52457 0.00000 -0.00000 1.00000 0.00000
1547731648003679 0.99841 0.05630 -0.00000 -123.65303 -0.05630 0.99841 0.00000 4.43673 0.00000 -0.00000 1.00000 0.00000
1547731648253590 0.99862 0.05249 -0.00000 -125.62273 -0.05249 0.99862 0.00000 3.97742 0.00000 -0.00000 1.00000 0.00000
1547731648502827 0.99868 0.05130 -0.00000 -127.57538 -0.05130 0.99868 0.00000 3.82979 0.00000 -0.00000 1.00000 0.00000
1547731648752705 0.99875 0.04998 -0.00000 -129.52868 -0.04998 0.99875 0.00000 3.67464 0.00000 -0.00000 1.00000 0.00000
1547731649003515 0.99879 0.04908 -0.00000 -131.48475 -0.04908 0.99879 0.00000 3.55279 0.00000 -0.00000 1.00000 0.00000
1547731649254849 0.99890 0.04696 -0.00000 -133.45964 -0.04696 0.99890 0.00000 3.27819 0.00000 -0.00000 1.00000 0.00000
1547731649507133 0.99904 0.04374 -0.00000 -135.43935 -0.04374 0.99904 0.00000 2.88074 0.00000 -0.00000 1.00000 0.00000
1547731649759449 0.99906 0.04328 -0.00000 -137.44067 -0.04328 0.99906 0.00000 2.80806 0.00000 -0.00000 1.00000 0.00000
1547731650011182 0.99916 0.04102 -0.00000 -139.42055 -0.04102 0.99916 0.00000 2.57632 0.00000 -0.00000 1.00000 0.00000
1547731650262170 0.99927 0.03821 -0.00000 -141.43580 -0.03821 0.99927 0.00000 2.18231 0.00000 -0.00000 1.00000 0.00000
1547731650512486 0.99932 0.03682 -0.00000 -143.40589 -0.03682 0.99932 0.00000 1.97465 0.00000 -0.00000 1.00000 0.00000
1547731650762051 0.99935 0.03613 -0.00000 -145.38143 -0.03613 0.99935 0.00000 1.91042 0.00000 -0.00000 1.00000 0.00000
1547731651010699 0.99940 0.03452 -0.00000 -147.36271 -0.03452 0.99940 0.00000 1.70189 0.00000 -0.00000 1.00000 0.00000
1547731651259056 0.99940 0.03471 -0.00000 -149.35035 -0.03471 0.99940 0.00000 1.77019 0.00000 -0.00000 1.00000 0.00000
1547731651507724 0.99943 0.03381 -0.00000 -151.32666 -0.03381 0.99943 0.00000 1.65606 0.00000 -0.00000 1.00000 0.00000
1547731651756309 0.99942 0.03413 -0.00000 -153.35052 -0.03413 0.99942 0.00000 1.68384 0.00000 -0.00000 1.00000 0.00000
1547731652004590 0.99948 0.03227 -0.00000 -155.38202 -0.03227 0.99948 0.00000 1.39204 0.00000 -0.00000 1.00000 0.00000
1547731652252743 0.99950 0.03177 -0.00000 -157.43739 -0.03177 0.99950 0.00000 1.33801 0.00000 -0.00000 1.00000 0.00000
1547731652500714 0.99953 0.03056 -0.00000 -159.51393 -0.03056 0.99953 0.00000 1.12222 0.00000 -0.00000 1.00000 0.00000
1547731652748481 0.99958 0.02913 -0.00000 -161.61037 -0.02913 0.99958 0.00000 0.92300 0.00000 -0.00000 1.00000 0.00000
1547731652995974 0.99956 0.02950 -0.00000 -163.72574 -0.02950 0.99956 0.00000 1.01702 0.00000 -0.00000 1.00000 0.00000
1547731653244364 0.99957 0.02930 -0.00000 -165.84687 -0.02930 0.99957 0.00000 1.04399 0.00000 -0.00000 1.00000 0.00000
1547731653494223 0.99957 0.02930 -0.00000 -167.95792 -0.02930 0.99957 0.00000 1.10366 0.00000 -0.00000 1.00000 0.00000
1547731653746300 0.99960 0.02829 -0.00000 -170.03882 -0.02829 0.99960 0.00000 0.94138 0.00000 -0.00000 1.00000 0.00000
1547731653998859 0.99962 0.02754 -0.00000 -172.12577 -0.02754 0.99962 0.00000 0.84577 0.00000 -0.00000 1.00000 0.00000
1547731654250838 0.99950 0.03157 -0.00000 -174.22376 -0.03157 0.99950 0.00000 1.57956 0.00000 -0.00000 1.00000 0.00000
1547731654502640 0.99932 0.03676 -0.00000 -176.26868 -0.03676 0.99932 0.00000 2.48354 0.00000 -0.00000 1.00000 0.00000
1547731654753611 0.99920 0.03992 -0.00000 -178.28673 -0.03992 0.99920 0.00000 3.07306 0.00000 -0.00000 1.00000 0.00000
1547731655002882 0.99911 0.04217 -0.00000 -180.27529 -0.04217 0.99911 0.00000 3.52065 0.00000 -0.00000 1.00000 0.00000
1547731655251691 0.99899 0.04492 -0.00000 -182.25828 -0.04492 0.99899 0.00000 4.03458 0.00000 -0.00000 1.00000 0.00000
1547731655500233 0.99894 0.04601 -0.00000 -184.22799 -0.04601 0.99894 0.00000 4.24377 0.00000 -0.00000 1.00000 0.00000
1547731655748771 0.99892 0.04653 -0.00000 -186.12708 -0.04653 0.99892 0.00000 4.37043 0.00000 -0.00000 1.00000 0.00000
1547731655997325 0.99902 0.04420 -0.00000 -188.03118 -0.04420 0.99902 0.00000 3.95697 0.00000 -0.00000 1.00000 0.00000
1547731656245699 0.99900 0.04470 -0.00000 -189.89728 -0.04470 0.99900 0.00000 4.10143 0.00000 -0.00000 1.00000 0.00000
1547731656494193 0.99904 0.04380 -0.00000 -191.70741 -0.04380 0.99904 0.00000 3.93237 0.00000 -0.00000 1.00000 0.00000
1547731656742345 0.99896 0.04566 -0.00000 -193.49256 -0.04566 0.99896 0.00000 4.28090 0.00000 -0.00000 1.00000 0.00000
1547731656991225 0.99891 0.04664 -0.00000 -195.25873 -0.04664 0.99891 0.00000 4.49205 0.00000 -0.00000 1.00000 0.00000
1547731657241480 0.99893 0.04627 -0.00000 -197.00992 -0.04627 0.99893 0.00000 4.43310 0.00000 -0.00000 1.00000 0.00000
1547731657492414 0.99888 0.04742 -0.00000 -198.77125 -0.04742 0.99888 0.00000 4.67303 0.00000 -0.00000 1.00000 0.00000
1547731657743697 0.99889 0.04702 -0.00000 -200.49159 -0.04702 0.99889 0.00000 4.59856 0.00000 -0.00000 1.00000 0.00000
1547731657993870 0.99881 0.04883 -0.00000 -202.17928 -0.04883 0.99881 0.00000 4.96007 0.00000 -0.00000 1.00000 0.00000
1547731658243664 0.99882 0.04856 -0.00000 -203.83286 -0.04856 0.99882 0.00000 4.90535 0.00000 -0.00000 1.00000 0.00000
1547731658493632 0.99897 0.04543 -0.00000 -205.48550 -0.04543 0.99897 0.00000 4.23795 0.00000 -0.00000 1.00000 0.00000
1547731658743530 0.99902 0.04428 -0.00000 -207.10585 -0.04428 0.99902 0.00000 4.00289 0.00000 -0.00000 1.00000 0.00000
1547731658992974 0.99923 0.03935 -0.00000 -208.71043 -0.03935 0.99923 0.00000 2.97769 0.00000 -0.00000 1.00000 0.00000
1547731659241825 0.99932 0.03680 -0.00000 -210.26389 -0.03680 0.99932 0.00000 2.44835 0.00000 -0.00000 1.00000 0.00000
1547731659490484 0.99938 0.03526 -0.00000 -211.79930 -0.03526 0.99938 0.00000 2.11715 0.00000 -0.00000 1.00000 0.00000
1547731659738625 0.99947 0.03261 -0.00000 -213.28639 -0.03261 0.99947 0.00000 1.57109 0.00000 -0.00000 1.00000 0.00000
1547731659986294 0.99951 0.03141 -0.00000 -214.67229 -0.03141 0.99951 0.00000 1.32678 0.00000 -0.00000 1.00000 0.00000
1547731660234584 0.99947 0.03243 -0.00000 -216.05187 -0.03243 0.99947 0.00000 1.56500 0.00000 -0.00000 1.00000 0.00000
1547731660483330 0.99945 0.03327 -0.00000 -217.45322 -0.03327 0.99945 0.00000 1.73612 0.00000 -0.00000 1.00000 0.00000
1547731660732283 0.99942 0.03400 -0.00000 -218.81980 -0.03400 0.99942 0.00000 1.89114 0.00000 -0.00000 1.00000 0.00000
1547731660980825 0.99941 0.03447 -0.00000 -220.23168 -0.03447 0.99941 0.00000 2.04047 0.00000 -0.00000 1.00000 0.00000
1547731661229321 0.99939 0.03488 -0.00000 -221.63438 -0.03488 0.99939 0.00000 2.14485 0.00000 -0.00000 1.00000 0.00000
1547731661479094 0.99941 0.03445 -0.00000 -223.00853 -0.03445 0.99941 0.00000 2.09748 0.00000 -0.00000 1.00000 0.00000
1547731661730029 0.99929 0.03758 -0.00000 -224.36426 -0.03758 0.99929 0.00000 2.78300 0.00000 -0.00000 1.00000 0.00000
1547731661980751 0.99903 0.04405 -0.00000 -225.69267 -0.04405 0.99903 0.00000 4.22192 0.00000 -0.00000 1.00000 0.00000
1547731662230871 0.99833 0.05783 -0.00000 -226.95770 -0.05783 0.99833 0.00000 7.39122 0.00000 -0.00000 1.00000 0.00000
1547731662480761 0.99736 0.07262 -0.00000 -228.23476 -0.07262 0.99736 0.00000 10.73242 0.00000 -0.00000 1.00000 0.00000
1547731662730681 0.99635 0.08536 -0.00000 -229.45553 -0.08536 0.99635 0.00000 13.65130 0.00000 -0.00000 1.00000 0.00000
1547731662980500 0.99478 0.10202 -0.00000 -230.59533 -0.10202 0.99478 0.00000 17.52444 0.00000 -0.00000 1.00000 0.00000
1547731663230384 0.99297 0.11841 -0.00000 -231.64776 -0.11841 0.99297 0.00000 21.32452 0.00000 -0.00000 1.00000 0.00000
1547731663480802 0.99078 0.13547 -0.00000 -232.75488 -0.13547 0.99078 0.00000 25.27067 0.00000 -0.00000 1.00000 0.00000
1547731663730387 0.98910 0.14725 -0.00000 -233.92446 -0.14725 0.98910 0.00000 28.00828 0.00000 -0.00000 1.00000 0.00000
1547731663979351 0.98789 0.15517 -0.00000 -235.23125 -0.15517 0.98789 0.00000 29.94378 0.00000 -0.00000 1.00000 0.00000
1547731664229391 0.98718 0.15964 -0.00000 -236.71278 -0.15964 0.98718 0.00000 31.00125 0.00000 -0.00000 1.00000 0.00000
1547731664480647 0.98698 0.16084 -0.00000 -238.34228 -0.16084 0.98698 0.00000 31.26434 0.00000 -0.00000 1.00000 0.00000
1547731664732954 0.98648 0.16391 -0.00000 -239.95766 -0.16391 0.98648 0.00000 32.02078 0.00000 -0.00000 1.00000 0.00000
1547731664985527 0.98548 0.16977 -0.00000 -241.51238 -0.16977 0.98548 0.00000 33.45014 0.00000 -0.00000 1.00000 0.00000
1547731665237149 0.98491 0.17307 -0.00000 -243.16880 -0.17307 0.98491 0.00000 34.27180 0.00000 -0.00000 1.00000 0.00000
1547731665487418 0.98449 0.17542 -0.00000 -244.84905 -0.17542 0.98449 0.00000 34.90812 0.00000 -0.00000 1.00000 0.00000
1547731665736943 0.98406 0.17783 -0.00000 -246.59308 -0.17783 0.98406 0.00000 35.48639 0.00000 -0.00000 1.00000 0.00000
1547731665986525 0.98398 0.17828 -0.00000 -248.41134 -0.17828 0.98398 0.00000 35.61208 0.00000 -0.00000 1.00000 0.00000
1547731666235799 0.98388 0.17880 -0.00000 -250.21682 -0.17880 0.98388 0.00000 35.76683 0.00000 -0.00000 1.00000 0.00000
1547731666484555 0.98455 0.17508 -0.00000 -252.19289 -0.17508 0.98455 0.00000 34.82911 0.00000 -0.00000 1.00000 0.00000
1547731666732717 0.98547 0.16984 -0.00000 -254.24264 -0.16984 0.98547 0.00000 33.49768 0.00000 -0.00000 1.00000 0.00000
1547731666980922 0.98613 0.16597 -0.00000 -256.25832 -0.16597 0.98613 0.00000 32.46270 0.00000 -0.00000 1.00000 0.00000
1547731667229245 0.98696 0.16094 -0.00000 -258.31338 -0.16094 0.98696 0.00000 31.18793 0.00000 -0.00000 1.00000 0.00000
1547731667477453 0.98795 0.15476 -0.00000 -260.44575 -0.15476 0.98795 0.00000 29.55417 0.00000 -0.00000 1.00000 0.00000
1547731667725383 0.98849 0.15126 -0.00000 -262.46155 -0.15126 0.98849 0.00000 28.62556 0.00000 -0.00000 1.00000 0.00000
1547731667973026 0.98909 0.14735 -0.00000 -264.47969 -0.14735 0.98909 0.00000 27.63953 0.00000 -0.00000 1.00000 0.00000
1547731668221333 0.98968 0.14332 -0.00000 -266.58810 -0.14332 0.98968 0.00000 26.55223 0.00000 -0.00000 1.00000 0.00000
1547731668470916 0.99000 0.14106 -0.00000 -268.65262 -0.14106 0.99000 0.00000 25.98500 0.00000 -0.00000 1.00000 0.00000
1547731668722199 0.98997 0.14127 -0.00000 -270.63864 -0.14127 0.98997 0.00000 26.07058 0.00000 -0.00000 1.00000 0.00000
1547731668974514 0.99041 0.13818 -0.00000 -272.76119 -0.13818 0.99041 0.00000 25.19349 0.00000 -0.00000 1.00000 0.00000
1547731669226511 0.99035 0.13859 -0.00000 -274.72493 -0.13859 0.99035 0.00000 25.32983 0.00000 -0.00000 1.00000 0.00000
1547731669478133 0.99059 0.13688 -0.00000 -276.78713 -0.13688 0.99059 0.00000 24.84415 0.00000 -0.00000 1.00000 0.00000
1547731669729731 0.99029 0.13904 -0.00000 -278.69556 -0.13904 0.99029 0.00000 25.50116 0.00000 -0.00000 1.00000 0.00000
1547731669980443 0.99006 0.14064 -0.00000 -280.60599 -0.14064 0.99006 0.00000 25.99747 0.00000 -0.00000 1.00000 0.00000
1547731670230432 0.99006 0.14062 -0.00000 -282.55504 -0.14062 0.99006 0.00000 25.93146 0.00000 -0.00000 1.00000 0.00000
1547731670480300 0.99030 0.13892 -0.00000 -284.59530 -0.13892 0.99030 0.00000 25.46856 0.00000 -0.00000 1.00000 0.00000
1547731670730073 0.99100 0.13387 -0.00000 -286.71549 -0.13387 0.99100 0.00000 24.03420 0.00000 -0.00000 1.00000 0.00000
1547731670980109 0.99175 0.12815 -0.00000 -288.82774 -0.12815 0.99175 0.00000 22.45829 0.00000 -0.00000 1.00000 0.00000
1547731671230793 0.99218 0.12484 -0.00000 -290.91344 -0.12484 0.99218 0.00000 21.51249 0.00000 -0.00000 1.00000 0.00000
1547731671483083 0.99265 0.12099 -0.00000 -293.01294 -0.12099 0.99265 0.00000 20.38154 0.00000 -0.00000 1.00000 0.00000
1547731671735841 0.99319 0.11652 -0.00000 -295.12933 -0.11652 0.99319 0.00000 19.09074 0.00000 -0.00000 1.00000 0.00000
1547731671988260 0.99316 0.11675 -0.00000 -297.08857 -0.11675 0.99316 0.00000 19.21626 0.00000 -0.00000 1.00000 0.00000
1547731672240147 0.99282 0.11961 -0.00000 -299.02884 -0.11961 0.99282 0.00000 20.05980 0.00000 -0.00000 1.00000 0.00000
1547731672489758 0.99251 0.12218 -0.00000 -300.94593 -0.12218 0.99251 0.00000 20.84351 0.00000 -0.00000 1.00000 0.00000
1547731672737545 0.99184 0.12749 -0.00000 -302.78884 -0.12749 0.99184 0.00000 22.49294 0.00000 -0.00000 1.00000 0.00000
1547731672985260 0.99126 0.13194 -0.00000 -304.64629 -0.13194 0.99126 0.00000 23.88577 0.00000 -0.00000 1.00000 0.00000
1547731673233069 0.99049 0.13757 -0.00000 -306.47322 -0.13757 0.99049 0.00000 25.63152 0.00000 -0.00000 1.00000 0.00000
1547731673480823 0.98988 0.14190 -0.00000 -308.33628 -0.14190 0.98988 0.00000 27.03933 0.00000 -0.00000 1.00000 0.00000
1547731673729017 0.98897 0.14813 -0.00000 -310.15763 -0.14813 0.98897 0.00000 29.04243 0.00000 -0.00000 1.00000 0.00000
1547731673977973 0.98769 0.15640 -0.00000 -311.91109 -0.15640 0.98769 0.00000 31.62792 0.00000 -0.00000 1.00000 0.00000
1547731674227596 0.98669 0.16259 -0.00000 -313.76395 -0.16259 0.98669 0.00000 33.57740 0.00000 -0.00000 1.00000 0.00000
1547731674477082 0.98656 0.16343 -0.00000 -315.75573 -0.16343 0.98656 0.00000 33.90642 0.00000 -0.00000 1.00000 0.00000
1547731674726320 0.98614 0.16590 -0.00000 -317.72085 -0.16590 0.98614 0.00000 34.72403 0.00000 -0.00000 1.00000 0.00000
1547731674975577 0.98609 0.16623 -0.00000 -319.76656 -0.16623 0.98609 0.00000 34.85192 0.00000 -0.00000 1.00000 0.00000
1547731675224364 0.98661 0.16313 -0.00000 -321.91692 -0.16313 0.98661 0.00000 33.79962 0.00000 -0.00000 1.00000 0.00000
1547731675473009 0.98685 0.16163 -0.00000 -323.94510 -0.16163 0.98685 0.00000 33.30454 0.00000 -0.00000 1.00000 0.00000
1547731675721693 0.98719 0.15956 -0.00000 -325.97365 -0.15956 0.98719 0.00000 32.67474 0.00000 -0.00000 1.00000 0.00000
1547731675971007 0.98777 0.15594 -0.00000 -328.03462 -0.15594 0.98777 0.00000 31.55789 0.00000 -0.00000 1.00000 0.00000
1547731676221960 0.98862 0.15046 -0.00000 -330.17144 -0.15046 0.98862 0.00000 29.77226 0.00000 -0.00000 1.00000 0.00000
1547731676473381 0.98905 0.14761 -0.00000 -332.21459 -0.14761 0.98905 0.00000 28.82465 0.00000 -0.00000 1.00000 0.00000
1547731676723259 0.99026 0.13923 -0.00000 -334.41415 -0.13923 0.99026 0.00000 25.96014 0.00000 -0.00000 1.00000 0.00000
1547731676973097 0.99199 0.12628 -0.00000 -336.68381 -0.12628 0.99199 0.00000 21.69142 0.00000 -0.00000 1.00000 0.00000
1547731677223937 0.99397 0.10963 -0.00000 -338.93582 -0.10963 0.99397 0.00000 16.01685 0.00000 -0.00000 1.00000 0.00000
1547731677474720 0.99610 0.08819 -0.00000 -341.20049 -0.08819 0.99610 0.00000 8.72182 0.00000 -0.00000 1.00000 0.00000
1547731677725049 0.99769 0.06797 -0.00000 -343.26532 -0.06797 0.99769 0.00000 1.94122 0.00000 -0.00000 1.00000 0.00000
1547731677974973 0.99909 0.04264 -0.00000 -345.21860 -0.04264 0.99909 0.00000 -6.78836 0.00000 -0.00000 1.00000 0.00000
1547731678224451 0.99979 0.02049 -0.00000 -347.01153 -0.02049 0.99979 0.00000 -14.37860 0.00000 -0.00000 1.00000 0.00000
1547731678474653 1.00000 0.00106 -0.00000 -348.64983 -0.00106 1.00000 0.00000 -21.17457 0.00000 -0.00000 1.00000 0.00000
1547731678725608 0.99990 -0.01423 0.00000 -350.35057 0.01423 0.99990 -0.00000 -26.44888 -0.00000 0.00000 1.00000 0.00000
1547731678977551 0.99963 -0.02738 0.00000 -352.02013 0.02738 0.99963 -0.00000 -31.03131 -0.00000 0.00000 1.00000 0.00000
1547731679229901 0.99940 -0.03473 0.00000 -353.87102 0.03473 0.99940 -0.00000 -33.60242 -0.00000 0.00000 1.00000 0.00000
1547731679481245 0.99931 -0.03722 0.00000 -355.89605 0.03722 0.99931 -0.00000 -34.45307 -0.00000 0.00000 1.00000 0.00000
1547731679731894 0.99931 -0.03711 0.00000 -357.94467 0.03711 0.99931 -0.00000 -34.34973 -0.00000 0.00000 1.00000 0.00000
1547731679982362 0.99936 -0.03571 0.00000 -360.05681 0.03571 0.99936 -0.00000 -33.89686 -0.00000 0.00000 1.00000 0.00000
1547731680232811 0.99942 -0.03411 0.00000 -362.22654 0.03411 0.99942 -0.00000 -33.29677 -0.00000 0.00000 1.00000 0.00000
1547731680483129 0.99946 -0.03289 0.00000 -364.32695 0.03289 0.99946 -0.00000 -32.81299 -0.00000 0.00000 1.00000 0.00000
1547731680733433 0.99952 -0.03100 0.00000 -366.47878 0.03100 0.99952 -0.00000 -32.13191 -0.00000 0.00000 1.00000 0.00000
1547731680983191 0.99955 -0.03011 0.00000 -368.57868 0.03011 0.99955 -0.00000 -31.79243 -0.00000 0.00000 1.00000 0.00000
1547731681232326 0.99963 -0.02727 0.00000 -370.74106 0.02727 0.99963 -0.00000 -30.71402 -0.00000 0.00000 1.00000 0.00000
1547731681481647 0.99969 -0.02478 0.00000 -372.91457 0.02478 0.99969 -0.00000 -29.78307 -0.00000 0.00000 1.00000 0.00000
1547731681731368 0.99971 -0.02400 0.00000 -374.99132 0.02400 0.99971 -0.00000 -29.47147 -0.00000 0.00000 1.00000 0.00000
1547731681980981 0.99979 -0.02030 0.00000 -377.19239 0.02030 0.99979 -0.00000 -27.99741 -0.00000 0.00000 1.00000 0.00000
1547731682230083 0.99985 -0.01746 0.00000 -379.38453 0.01746 0.99985 -0.00000 -26.91576 -0.00000 0.00000 1.00000 0.00000
1547731682479136 0.99992 -0.01294 0.00000 -381.58244 0.01294 0.99992 -0.00000 -25.20380 -0.00000 0.00000 1.00000 0.00000
1547731682727958 0.99994 -0.01058 0.00000 -383.70139 0.01058 0.99994 -0.00000 -24.29430 -0.00000 0.00000 1.00000 0.00000
1547731682976634 0.99994 -0.01102 0.00000 -385.79993 0.01102 0.99994 -0.00000 -24.47768 -0.00000 0.00000 1.00000 0.00000
1547731683225131 0.99995 -0.01011 0.00000 -387.89672 0.01011 0.99995 -0.00000 -24.08903 -0.00000 0.00000 1.00000 0.00000
1547731683474175 0.99995 -0.00982 0.00000 -390.01959 0.00982 0.99995 -0.00000 -23.96005 -0.00000 0.00000 1.00000 0.00000
1547731683724551 0.99995 -0.00952 0.00000 -392.15165 0.00952 0.99995 -0.00000 -23.85027 -0.00000 0.00000 1.00000 0.00000
1547731683975531 0.99997 -0.00786 0.00000 -394.32533 0.00786 0.99997 -0.00000 -23.13514 -0.00000 0.00000 1.00000 0.00000
1547731684225944 0.99999 -0.00357 0.00000 -396.52599 0.00357 0.99999 -0.00000 -21.49190 -0.00000 0.00000 1.00000 0.00000
1547731684475872 1.00000 -0.00035 0.00000 -398.75450 0.00035 1.00000 -0.00000 -20.21532 -0.00000 0.00000 1.00000 0.00000
1547731684725732 0.99999 0.00352 -0.00000 -401.00299 -0.00352 0.99999 0.00000 -18.62660 0.00000 -0.00000 1.00000 0.00000
1547731684975574 0.99997 0.00805 -0.00000 -403.23152 -0.00805 0.99997 0.00000 -16.84967 0.00000 -0.00000 1.00000 0.00000
1547731685225878 0.99991 0.01375 -0.00000 -405.47883 -0.01375 0.99991 0.00000 -14.53625 0.00000 -0.00000 1.00000 0.00000
1547731685475534 0.99981 0.01961 -0.00000 -407.70451 -0.01961 0.99981 0.00000 -12.09845 0.00000 -0.00000 1.00000 0.00000
1547731685724756 0.99968 0.02528 -0.00000 -409.94297 -0.02528 0.99968 0.00000 -9.74339 0.00000 -0.00000 1.00000 0.00000
1547731685974340 0.99960 0.02839 -0.00000 -412.11650 -0.02839 0.99960 0.00000 -8.48439 0.00000 -0.00000 1.00000 0.00000
1547731686224473 0.99949 0.03190 -0.00000 -414.27949 -0.03190 0.99949 0.00000 -6.99590 0.00000 -0.00000 1.00000 0.00000
1547731686475555 0.99946 0.03298 -0.00000 -416.41599 -0.03298 0.99946 0.00000 -6.52933 0.00000 -0.00000 1.00000 0.00000
1547731686727523 0.99944 0.03352 -0.00000 -418.59918 -0.03352 0.99944 0.00000 -6.27495 0.00000 -0.00000 1.00000 0.00000
1547731686979868 0.99937 0.03553 -0.00000 -420.73015 -0.03553 0.99937 0.00000 -5.43899 0.00000 -0.00000 1.00000 0.00000
1547731687232023 0.99930 0.03730 -0.00000 -422.86236 -0.03730 0.99930 0.00000 -4.65067 0.00000 -0.00000 1.00000 0.00000
1547731687483194 0.99921 0.03971 -0.00000 -425.01529 -0.03971 0.99921 0.00000 -3.63816 0.00000 -0.00000 1.00000 0.00000
1547731687732923 0.99910 0.04239 -0.00000 -427.13201 -0.04239 0.99910 0.00000 -2.48702 0.00000 -0.00000 1.00000 0.00000
1547731687982121 0.99907 0.04307 -0.00000 -429.24342 -0.04307 0.99907 0.00000 -2.15780 0.00000 -0.00000 1.00000 0.00000
1547731688231151 0.99909 0.04269 -0.00000 -431.31652 -0.04269 0.99909 0.00000 -2.30634 0.00000 -0.00000 1.00000 0.00000
1547731688479863 0.99907 0.04308 -0.00000 -433.38030 -0.04308 0.99907 0.00000 -2.04564 0.00000 -0.00000 1.00000 0.00000
1547731688728487 0.99901 0.04438 -0.00000 -435.43254 -0.04438 0.99901 0.00000 -1.56068 0.00000 -0.00000 1.00000 0.00000
1547731688976851 0.99891 0.04660 -0.00000 -437.48908 -0.04660 0.99891 0.00000 -0.52588 0.00000 -0.00000 1.00000 0.00000
