1637089823344728 1.00000 0.00000 0.00000 -0.00000 0.00000 -1.00000 0.00000 0.00000 0.00000 -0.00000 -1.00000 0.00000
1637089823593769 1.00000 0.00016 -0.00000 0.00500 0.00016 -1.00000 0.00000 0.00173 0.00000 -0.00000 -1.00000 0.00000
1637089823842494 1.00000 0.00009 -0.00000 0.00189 0.00009 -1.00000 0.00000 -0.00195 0.00000 -0.00000 -1.00000 -0.00000
1637089824091412 1.00000 0.00015 -0.00000 0.00243 0.00015 -1.00000 0.00000 -0.00242 0.00000 -0.00000 -1.00000 -0.00000
1637089824340186 1.00000 0.00018 -0.00000 0.00474 0.00018 -1.00000 0.00000 -0.00181 0.00000 -0.00000 -1.00000 -0.00000
1637089824588861 1.00000 0.00015 0.00000 0.00109 0.00015 -1.00000 0.00000 -0.00204 0.00000 -0.00000 -1.00000 -0.00000
1637089824837635 1.00000 0.00008 0.00000 0.00356 0.00008 -1.00000 0.00000 -0.00172 0.00000 -0.00000 -1.00000 -0.00000
1637089825086790 1.00000 0.00002 0.00000 -0.00040 0.00002 -1.00000 0.00000 0.00709 0.00000 -0.00000 -1.00000 0.00000
1637089825335150 1.00000 -0.00042 0.00000 -0.03062 -0.00042 -1.00000 0.00000 0.00821 -0.00000 -0.00000 -1.00000 0.00000
1637089825584166 1.00000 -0.00087 -0.00000 -0.07146 -0.00087 -1.00000 0.00000 -0.00353 -0.00000 -0.00000 -1.00000 -0.00000
1637089825833131 1.00000 -0.00180 -0.00000 -0.11413 -0.00180 -1.00000 0.00000 -0.01124 -0.00000 -0.00000 -1.00000 -0.00000
1637089826081893 0.99999 -0.00489 0.00000 -0.18231 -0.00489 -0.99999 0.00000 0.01063 -0.00000 -0.00000 -1.00000 0.00000
1637089826330899 0.99991 -0.01369 0.00000 -0.32092 -0.01369 -0.99991 0.00000 -0.01054 -0.00000 -0.00000 -1.00000 -0.00000
1637089826579606 0.99955 -0.03013 0.00000 -0.49552 -0.03013 -0.99955 0.00000 -0.06648 -0.00000 -0.00000 -1.00000 -0.00000
1637089826828665 0.99886 -0.04763 0.00000 -0.75824 -0.04763 -0.99886 0.00000 -0.05855 -0.00000 -0.00000 -1.00000 -0.00000
1637089827077330 0.99764 -0.06871 0.00000 -1.05007 -0.06871 -0.99764 0.00000 -0.05731 -0.00000 -0.00000 -1.00000 -0.00000
1637089827326375 0.99573 -0.09229 0.00000 -1.44215 -0.09229 -0.99573 0.00000 -0.02516 -0.00000 -0.00000 -1.00000 -0.00000
1637089827575364 0.99309 -0.11733 0.00000 -1.86071 -0.11733 -0.99309 0.00000 -0.00671 -0.00000 -0.00000 -1.00000 -0.00000
1637089827823739 0.99044 -0.13796 0.00000 -2.33069 -0.13796 -0.99044 0.00000 -0.03458 -0.00000 -0.00000 -1.00000 -0.00000
1637089828072686 0.98907 -0.14745 0.00000 -2.86260 -0.14745 -0.98907 0.00000 0.00915 -0.00000 -0.00000 -1.00000 0.00000
1637089828321403 0.98831 -0.15245 -0.00000 -3.54034 -0.15245 -0.98831 0.00000 0.02211 -0.00000 -0.00000 -1.00000 0.00000
1637089828570056 0.98773 -0.15614 0.00000 -4.16844 -0.15614 -0.98773 0.00000 0.00075 -0.00000 -0.00000 -1.00000 0.00000
1637089828819013 0.98794 -0.15485 0.00000 -4.87554 -0.15485 -0.98794 0.00000 -0.05379 -0.00000 -0.00000 -1.00000 -0.00000
1637089829067837 0.98924 -0.14629 0.00000 -5.63737 -0.14629 -0.98924 0.00000 -0.04097 -0.00000 -0.00000 -1.00000 -0.00000
1637089829316735 0.98971 -0.14308 0.00000 -6.34953 -0.14308 -0.98971 0.00000 -0.10346 -0.00000 -0.00000 -1.00000 -0.00000
1637089829565432 0.99042 -0.13807 0.00000 -7.19426 -0.13807 -0.99042 0.00000 -0.18907 -0.00000 -0.00000 -1.00000 -0.00000
1637089829814080 0.99154 -0.12978 -0.00000 -8.04156 -0.12978 -0.99154 0.00000 -0.18444 -0.00000 -0.00000 -1.00000 -0.00000
1637089830062937 0.99219 -0.12470 0.00000 -8.95994 -0.12470 -0.99219 0.00000 -0.29101 -0.00000 -0.00000 -1.00000 -0.00000
1637089830311753 0.99260 -0.12139 0.00000 -9.91023 -0.12139 -0.99260 0.00000 -0.36218 -0.00000 -0.00000 -1.00000 -0.00000
1637089830560779 0.99341 -0.11466 0.00000 -10.85253 -0.11466 -0.99341 0.00000 -0.41332 -0.00000 -0.00000 -1.00000 -0.00000
1637089830809747 0.99449 -0.10487 0.00000 -11.90026 -0.10487 -0.99449 0.00000 -0.49417 -0.00000 -0.00000 -1.00000 -0.00000
1637089831058109 0.99435 -0.10613 0.00000 -12.98670 -0.10613 -0.99435 0.00000 -0.51866 -0.00000 -0.00000 -1.00000 -0.00000
1637089831307236 0.99415 -0.10801 0.00000 -14.08869 -0.10801 -0.99415 0.00000 -0.54582 -0.00000 -0.00000 -1.00000 -0.00000
1637089831556241 0.99408 -0.10869 0.00000 -15.18925 -0.10869 -0.99408 0.00000 -0.60819 -0.00000 -0.00000 -1.00000 -0.00000
1637089831804987 0.99415 -0.10800 0.00000 -16.41538 -0.10800 -0.99415 0.00000 -0.60624 -0.00000 -0.00000 -1.00000 -0.00000
1637089832053911 0.99414 -0.10811 -0.00000 -17.76332 -0.10811 -0.99414 0.00000 -0.62030 -0.00000 -0.00000 -1.00000 -0.00000
1637089832302917 0.99444 -0.10531 0.00000 -19.10270 -0.10531 -0.99444 0.00000 -0.75995 -0.00000 -0.00000 -1.00000 -0.00000
1637089832551518 0.99500 -0.09986 0.00000 -20.57634 -0.09986 -0.99500 0.00000 -0.87496 -0.00000 -0.00000 -1.00000 -0.00000
1637089832800426 0.99523 -0.09755 0.00000 -22.07122 -0.09755 -0.99523 0.00000 -0.96587 -0.00000 -0.00000 -1.00000 -0.00000
1637089833049354 0.99542 -0.09558 -0.00000 -23.71118 -0.09558 -0.99542 0.00000 -1.05156 -0.00000 -0.00000 -1.00000 -0.00000
1637089833297979 0.99601 -0.08929 0.00000 -25.32471 -0.08929 -0.99601 0.00000 -1.28219 -0.00000 -0.00000 -1.00000 -0.00000
1637089833546914 0.99654 -0.08310 0.00000 -26.97025 -0.08310 -0.99654 0.00000 -1.48062 -0.00000 -0.00000 -1.00000 -0.00000
1637089833795608 0.99674 -0.08065 -0.00000 -28.75648 -0.08065 -0.99674 0.00000 -1.57970 -0.00000 -0.00000 -1.00000 -0.00000
1637089834044682 0.99700 -0.07740 -0.00000 -30.47058 -0.07740 -0.99700 0.00000 -1.75555 -0.00000 -0.00000 -1.00000 -0.00000
1637089834293243 0.99757 -0.06968 0.00000 -32.27224 -0.06968 -0.99757 0.00000 -2.04186 -0.00000 -0.00000 -1.00000 -0.00000
1637089834542835 0.99850 -0.05468 -0.00000 -34.07185 -0.05468 -0.99850 0.00000 -2.54872 -0.00000 -0.00000 -1.00000 -0.00000
1637089834791735 0.99923 -0.03933 0.00000 -35.81048 -0.03933 -0.99923 0.00000 -3.04227 -0.00000 -0.00000 -1.00000 -0.00000
1637089835040390 0.99959 -0.02850 0.00000 -37.67818 -0.02850 -0.99959 0.00000 -3.45969 -0.00000 -0.00000 -1.00000 -0.00000
1637089835289758 0.99983 -0.01852 0.00000 -39.53909 -0.01852 -0.99983 0.00000 -3.95372 -0.00000 -0.00000 -1.00000 -0.00000
1637089835538640 0.99999 -0.00533 0.00000 -41.42518 -0.00533 -0.99999 0.00000 -4.44305 -0.00000 -0.00000 -1.00000 -0.00000
1637089835787429 1.00000 0.00264 0.00000 -43.43130 0.00264 -1.00000 0.00000 -4.83207 0.00000 -0.00000 -1.00000 -0.00000
1637089836036740 0.99994 0.01089 0.00000 -45.37042 0.01089 -0.99994 0.00000 -5.25600 0.00000 -0.00000 -1.00000 -0.00000
1637089836285418 0.99987 0.01628 0.00000 -47.44287 0.01628 -0.99987 0.00000 -5.56266 0.00000 -0.00000 -1.00000 -0.00000
1637089836534487 0.99981 0.01959 0.00000 -49.53953 0.01959 -0.99981 0.00000 -5.82762 0.00000 -0.00000 -1.00000 -0.00000
1637089836782983 0.99977 0.02143 0.00000 -51.64724 0.02143 -0.99977 0.00000 -5.92852 0.00000 -0.00000 -1.00000 -0.00000
1637089837031985 0.99975 0.02240 0.00000 -53.82505 0.02240 -0.99975 0.00000 -6.04318 0.00000 -0.00000 -1.00000 -0.00000
1637089837280803 0.99974 0.02290 0.00000 -56.01732 0.02290 -0.99974 0.00000 -6.14492 0.00000 -0.00000 -1.00000 -0.00000
1637089837529557 0.99968 0.02529 0.00000 -58.25462 0.02529 -0.99968 0.00000 -6.37296 0.00000 -0.00000 -1.00000 -0.00000
1637089837778599 0.99962 0.02768 0.00000 -60.41630 0.02768 -0.99962 0.00000 -6.55474 0.00000 -0.00000 -1.00000 -0.00000
1637089838027317 0.99963 0.02725 0.00000 -62.63545 0.02725 -0.99963 0.00000 -6.55082 0.00000 -0.00000 -1.00000 -0.00000
1637089838276220 0.99962 0.02768 0.00000 -64.84831 0.02768 -0.99962 0.00000 -6.59690 0.00000 -0.00000 -1.00000 -0.00000
1637089838525036 0.99962 0.02755 0.00000 -67.04396 0.02755 -0.99962 0.00000 -6.62078 0.00000 -0.00000 -1.00000 -0.00000
1637089838773930 0.99974 0.02298 0.00000 -69.28749 0.02298 -0.99974 0.00000 -6.37603 0.00000 -0.00000 -1.00000 -0.00000
1637089839022571 0.99968 0.02534 0.00000 -71.45491 0.02534 -0.99968 0.00000 -6.57228 0.00000 -0.00000 -1.00000 -0.00000
1637089839271390 0.99981 0.01954 0.00000 -73.70991 0.01954 -0.99981 0.00000 -6.19390 0.00000 -0.00000 -1.00000 -0.00000
1637089839520055 0.99994 0.01125 -0.00000 -75.85002 0.01125 -0.99994 0.00000 -5.62343 0.00000 -0.00000 -1.00000 -0.00000
1637089839768877 0.99998 -0.00696 0.00000 -78.09330 -0.00696 -0.99998 0.00000 -4.20061 -0.00000 -0.00000 -1.00000 -0.00000
1637089840018332 0.99956 -0.02978 0.00000 -80.32163 -0.02978 -0.99956 0.00000 -2.46911 -0.00000 -0.00000 -1.00000 -0.00000
1637089840266943 0.99790 -0.06484 0.00000 -82.47170 -0.06484 -0.99790 0.00000 0.33310 -0.00000 -0.00000 -1.00000 0.00000
1637089840516220 0.99413 -0.10821 0.00000 -84.52300 -0.10821 -0.99413 0.00000 3.90770 -0.00000 -0.00000 -1.00000 0.00000
1637089840765214 0.98854 -0.15097 0.00000 -86.34156 -0.15097 -0.98854 0.00000 7.51457 -0.00000 -0.00000 -1.00000 0.00000
1637089841014375 0.97993 -0.19933 0.00000 -88.00167 -0.19933 -0.97993 0.00000 11.77854 -0.00000 -0.00000 -1.00000 0.00000
1637089841263075 0.96754 -0.25271 -0.00000 -89.26352 -0.25271 -0.96754 0.00000 16.56973 -0.00000 -0.00000 -1.00000 0.00000
1637089841511835 0.95305 -0.30282 0.00000 -90.30055 -0.30282 -0.95305 0.00000 21.16367 -0.00000 -0.00000 -1.00000 0.00000
1637089841760526 0.93554 -0.35322 0.00000 -91.14172 -0.35322 -0.93554 0.00000 25.94821 -0.00000 -0.00000 -1.00000 0.00000
1637089842009136 0.91589 -0.40143 0.00000 -91.69727 -0.40143 -0.91589 0.00000 30.68754 -0.00000 -0.00000 -1.00000 0.00000
1637089842258421 0.89182 -0.45238 0.00000 -91.91037 -0.45238 -0.89182 0.00000 35.79099 -0.00000 -0.00000 -1.00000 0.00000
1637089842506772 0.86313 -0.50498 0.00000 -91.60366 -0.50498 -0.86313 0.00000 41.15898 -0.00000 -0.00000 -1.00000 0.00000
1637089842756242 0.83012 -0.55759 -0.00000 -90.98298 -0.55759 -0.83012 0.00000 46.88506 -0.00000 -0.00000 -1.00000 0.00000
1637089843004967 0.79187 -0.61069 -0.00000 -89.70662 -0.61069 -0.79187 0.00000 52.68341 -0.00000 -0.00000 -1.00000 0.00000
1637089843254137 0.74824 -0.66343 0.00000 -87.81549 -0.66343 -0.74824 0.00000 58.68779 -0.00000 -0.00000 -1.00000 0.00000
1637089843502639 0.69783 -0.71626 0.00000 -85.29416 -0.71626 -0.69783 0.00000 64.98116 -0.00000 -0.00000 -1.00000 0.00000
1637089843751671 0.64178 -0.76689 0.00000 -82.08638 -0.76689 -0.64178 0.00000 71.15480 -0.00000 -0.00000 -1.00000 0.00000
1637089844000818 0.58121 -0.81375 0.00000 -78.28191 -0.81375 -0.58121 0.00000 77.18832 -0.00000 -0.00000 -1.00000 0.00000
1637089844249686 0.52107 -0.85352 -0.00000 -74.45466 -0.85352 -0.52107 0.00000 82.56830 -0.00000 -0.00000 -1.00000 0.00000
1637089844498615 0.46241 -0.88667 0.00000 -70.69122 -0.88667 -0.46241 0.00000 87.29235 -0.00000 -0.00000 -1.00000 0.00000
1637089844747615 0.41237 -0.91102 0.00000 -67.59668 -0.91102 -0.41237 0.00000 91.14127 -0.00000 -0.00000 -1.00000 0.00000
1637089844996259 0.37108 -0.92860 0.00000 -65.35424 -0.92860 -0.37108 0.00000 93.98658 -0.00000 -0.00000 -1.00000 0.00000
1637089845245065 0.34881 -0.93720 -0.00000 -65.04706 -0.93720 -0.34881 0.00000 95.41214 -0.00000 -0.00000 -1.00000 0.00000
1637089845493649 0.34384 -0.93903 -0.00000 -66.49858 -0.93903 -0.34384 0.00000 95.79408 -0.00000 -0.00000 -1.00000 0.00000
1637089845742387 0.34583 -0.93830 0.00000 -68.64347 -0.93830 -0.34583 0.00000 95.54851 -0.00000 -0.00000 -1.00000 0.00000
1637089845991163 0.35429 -0.93514 0.00000 -71.47259 -0.93514 -0.35429 0.00000 94.96906 -0.00000 -0.00000 -1.00000 0.00000
1637089846240032 0.36404 -0.93138 0.00000 -74.44546 -0.93138 -0.36404 0.00000 94.15735 -0.00000 -0.00000 -1.00000 0.00000
1637089846488599 0.37544 -0.92685 0.00000 -77.57039 -0.92685 -0.37544 0.00000 93.17523 -0.00000 -0.00000 -1.00000 0.00000
1637089846737571 0.39112 -0.92034 0.00000 -81.15846 -0.92034 -0.39112 0.00000 91.75337 -0.00000 -0.00000 -1.00000 0.00000
1637089846986468 0.41288 -0.91078 0.00000 -85.39884 -0.91078 -0.41288 0.00000 89.78701 -0.00000 -0.00000 -1.00000 0.00000
1637089847235349 0.43517 -0.90035 0.00000 -89.66667 -0.90035 -0.43517 0.00000 87.50443 -0.00000 -0.00000 -1.00000 0.00000
1637089847484076 0.45903 -0.88842 0.00000 -94.01391 -0.88842 -0.45903 0.00000 85.04398 -0.00000 -0.00000 -1.00000 0.00000
1637089847733107 0.48401 -0.87506 0.00000 -98.50931 -0.87506 -0.48401 0.00000 82.31467 -0.00000 -0.00000 -1.00000 0.00000
1637089847981857 0.51007 -0.86013 0.00000 -102.97623 -0.86013 -0.51007 0.00000 79.21581 -0.00000 -0.00000 -1.00000 0.00000
1637089848230525 0.53791 -0.84300 0.00000 -107.54317 -0.84300 -0.53791 0.00000 75.74092 -0.00000 -0.00000 -1.00000 0.00000
1637089848479716 0.56539 -0.82483 -0.00000 -112.11154 -0.82483 -0.56539 0.00000 72.15145 -0.00000 -0.00000 -1.00000 0.00000
1637089848728902 0.59325 -0.80502 0.00000 -116.51523 -0.80502 -0.59325 0.00000 68.16453 -0.00000 -0.00000 -1.00000 0.00000
1637089848977458 0.61816 -0.78605 0.00000 -120.65194 -0.78605 -0.61816 0.00000 64.40447 -0.00000 -0.00000 -1.00000 0.00000
1637089849225996 0.64247 -0.76631 0.00000 -124.63375 -0.76631 -0.64247 0.00000 60.57176 -0.00000 -0.00000 -1.00000 0.00000
1637089849475197 0.66392 -0.74780 0.00000 -128.22316 -0.74780 -0.66392 0.00000 56.87608 -0.00000 -0.00000 -1.00000 0.00000
1637089849723428 0.67943 -0.73374 0.00000 -131.54021 -0.73374 -0.67943 0.00000 54.20277 -0.00000 -0.00000 -1.00000 0.00000
1637089849972739 0.69582 -0.71822 0.00000 -134.60732 -0.71822 -0.69582 0.00000 51.19556 -0.00000 -0.00000 -1.00000 0.00000
1637089850221316 0.70742 -0.70680 -0.00000 -137.39552 -0.70680 -0.70742 0.00000 48.94584 -0.00000 -0.00000 -1.00000 0.00000
1637089850470375 0.72003 -0.69394 0.00000 -140.20130 -0.69394 -0.72003 0.00000 46.39387 -0.00000 -0.00000 -1.00000 0.00000
1637089850719330 0.73121 -0.68216 0.00000 -142.79890 -0.68216 -0.73121 0.00000 44.07816 -0.00000 -0.00000 -1.00000 0.00000
1637089850967900 0.73775 -0.67508 0.00000 -145.24742 -0.67508 -0.73775 0.00000 42.64135 -0.00000 -0.00000 -1.00000 0.00000
1637089851216979 0.73637 -0.67658 -0.00000 -147.08034 -0.67658 -0.73637 0.00000 42.86885 -0.00000 -0.00000 -1.00000 0.00000
1637089851465681 0.73273 -0.68052 0.00000 -148.65360 -0.68052 -0.73273 0.00000 43.63849 -0.00000 -0.00000 -1.00000 0.00000
1637089851714798 0.73030 -0.68312 0.00000 -150.32478 -0.68312 -0.73030 0.00000 44.11158 -0.00000 -0.00000 -1.00000 0.00000
1637089851963668 0.72698 -0.68666 -0.00000 -151.81391 -0.68666 -0.72698 0.00000 44.82062 -0.00000 -0.00000 -1.00000 0.00000
1637089852212457 0.72786 -0.68573 0.00000 -153.53221 -0.68573 -0.72786 0.00000 44.61413 -0.00000 -0.00000 -1.00000 0.00000
1637089852461190 0.74170 -0.67073 -0.00000 -155.94101 -0.67073 -0.74170 0.00000 41.45695 -0.00000 -0.00000 -1.00000 0.00000
1637089852709954 0.77057 -0.63735 0.00000 -159.10233 -0.63735 -0.77057 0.00000 34.50163 -0.00000 -0.00000 -1.00000 0.00000
1637089852958969 0.81533 -0.57900 0.00000 -162.60328 -0.57900 -0.81533 0.00000 22.62187 -0.00000 -0.00000 -1.00000 0.00000
1637089853207849 0.86624 -0.49963 0.00000 -165.28431 -0.49963 -0.86624 0.00000 7.12852 -0.00000 -0.00000 -1.00000 0.00000
1637089853456226 0.91739 -0.39798 -0.00000 -166.11596 -0.39798 -0.91739 0.00000 -11.70650 -0.00000 -0.00000 -1.00000 -0.00000
1637089853705106 0.96184 -0.27361 -0.00000 -164.25385 -0.27361 -0.96184 0.00000 -33.41736 -0.00000 -0.00000 -1.00000 -0.00000
1637089853954075 0.99121 -0.13228 -0.00000 -158.81086 -0.13228 -0.99121 0.00000 -56.70273 -0.00000 -0.00000 -1.00000 -0.00000
1637089854202899 0.99979 0.02029 0.00000 -149.38919 0.02029 -0.99979 0.00000 -80.22488 0.00000 -0.00000 -1.00000 -0.00000
1637089854451627 0.98449 0.17544 -0.00000 -136.04006 0.17544 -0.98449 0.00000 -102.48278 0.00000 -0.00000 -1.00000 -0.00000
1637089854700412 0.94151 0.33699 0.00000 -118.11291 0.33699 -0.94151 0.00000 -123.68740 0.00000 -0.00000 -1.00000 -0.00000
1637089854949105 0.87380 0.48628 -0.00000 -97.31427 0.48628 -0.87380 0.00000 -141.35547 0.00000 -0.00000 -1.00000 -0.00000
1637089855198110 0.77609 0.63062 0.00000 -72.35040 0.63062 -0.77609 0.00000 -156.12438 0.00000 -0.00000 -1.00000 -0.00000
1637089855446806 0.65011 0.75984 0.00000 -44.05063 0.75984 -0.65011 0.00000 -166.56510 0.00000 -0.00000 -1.00000 -0.00000
1637089855695477 0.49360 0.86969 0.00000 -12.62587 0.86969 -0.49360 0.00000 -171.94061 0.00000 -0.00000 -1.00000 -0.00000
1637089855944308 0.31521 0.94902 0.00000 19.88742 0.94902 -0.31521 0.00000 -171.18081 0.00000 -0.00000 -1.00000 -0.00000
1637089856193106 0.11199 0.99371 0.00000 53.72727 0.99371 -0.11199 0.00000 -163.33241 0.00000 -0.00000 -1.00000 -0.00000
1637089856441790 -0.09253 0.99571 -0.00000 84.62153 0.99571 0.09253 0.00000 -148.96587 0.00000 0.00000 -1.00000 -0.00000
1637089856690897 -0.29225 0.95634 0.00000 111.77496 0.95634 0.29225 0.00000 -128.76117 0.00000 0.00000 -1.00000 -0.00000
1637089856939976 -0.47586 0.87952 0.00000 133.73835 0.87952 0.47586 0.00000 -104.11503 0.00000 0.00000 -1.00000 -0.00000
1637089857188790 -0.62637 0.77952 0.00000 148.93188 0.77952 0.62637 0.00000 -78.25607 0.00000 0.00000 -1.00000 -0.00000
1637089857437560 -0.74540 0.66661 0.00000 158.30208 0.66661 0.74540 0.00000 -52.90800 0.00000 0.00000 -1.00000 -0.00000
1637089857686690 -0.82926 0.55886 0.00000 162.57969 0.55886 0.82926 0.00000 -30.86505 0.00000 0.00000 -1.00000 -0.00000
1637089857935487 -0.88462 0.46631 0.00000 163.42531 0.46631 0.88462 0.00000 -13.20967 0.00000 0.00000 -1.00000 -0.00000
1637089858184546 -0.92220 0.38672 0.00000 162.39065 0.38672 0.92220 0.00000 1.15531 0.00000 0.00000 -1.00000 0.00000
1637089858433810 -0.94256 0.33403 0.00000 160.50038 0.33403 0.94256 0.00000 10.34119 0.00000 0.00000 -1.00000 0.00000
1637089858682571 -0.95241 0.30483 0.00000 158.40515 0.30483 0.95241 0.00000 15.28238 0.00000 0.00000 -1.00000 0.00000
1637089858931608 -0.95713 0.28966 0.00000 156.52525 0.28966 0.95713 0.00000 17.82450 0.00000 0.00000 -1.00000 0.00000
1637089859180207 -0.95952 0.28163 0.00000 154.64513 0.28163 0.95952 0.00000 19.01128 0.00000 0.00000 -1.00000 0.00000
1637089859429069 -0.95968 0.28110 0.00000 152.93851 0.28110 0.95968 0.00000 19.12182 0.00000 0.00000 -1.00000 0.00000
1637089859678128 -0.95822 0.28604 -0.00000 151.24904 0.28604 0.95822 0.00000 18.33010 0.00000 0.00000 -1.00000 0.00000
1637089859927100 -0.94989 0.31259 0.00000 149.91632 0.31259 0.94989 0.00000 14.08059 0.00000 0.00000 -1.00000 0.00000
1637089860176095 -0.93725 0.34866 0.00000 148.51905 0.34866 0.93725 0.00000 8.38252 0.00000 0.00000 -1.00000 0.00000
1637089860425014 -0.92055 0.39064 0.00000 146.88804 0.39064 0.92055 0.00000 1.54586 0.00000 0.00000 -1.00000 0.00000
1637089860673878 -0.89819 0.43961 0.00000 144.93706 0.43961 0.89819 0.00000 -6.32649 0.00000 0.00000 -1.00000 -0.00000
1637089860922940 -0.86925 0.49438 0.00000 142.39865 0.49438 0.86925 0.00000 -15.31598 0.00000 0.00000 -1.00000 -0.00000
1637089861171510 -0.83831 0.54520 0.00000 139.31814 0.54520 0.83831 0.00000 -23.82193 0.00000 0.00000 -1.00000 -0.00000
1637089861420495 -0.80356 0.59523 -0.00000 135.59381 0.59523 0.80356 0.00000 -32.24522 0.00000 0.00000 -1.00000 -0.00000
1637089861669337 -0.76272 0.64673 -0.00000 131.24652 0.64673 0.76272 0.00000 -41.12463 0.00000 0.00000 -1.00000 -0.00000
1637089861918245 -0.71720 0.69687 0.00000 126.17296 0.69687 0.71720 0.00000 -49.90105 0.00000 0.00000 -1.00000 -0.00000
1637089862167351 -0.66821 0.74397 0.00000 120.46301 0.74397 0.66821 0.00000 -58.40901 0.00000 0.00000 -1.00000 -0.00000
1637089862416091 -0.61537 0.78824 0.00000 114.12433 0.78824 0.61537 0.00000 -66.55431 0.00000 0.00000 -1.00000 -0.00000
1637089862665007 -0.55978 0.82864 -0.00000 107.25485 0.82864 0.55978 0.00000 -74.25726 0.00000 0.00000 -1.00000 -0.00000
1637089862913784 -0.50738 0.86172 -0.00000 100.42425 0.86172 0.50738 0.00000 -80.76180 0.00000 0.00000 -1.00000 -0.00000
1637089863162307 -0.46170 0.88704 0.00000 94.01542 0.88704 0.46170 0.00000 -85.93192 0.00000 0.00000 -1.00000 -0.00000
1637089863411377 -0.41815 0.90838 0.00000 87.67159 0.90838 0.41815 0.00000 -90.36995 0.00000 0.00000 -1.00000 -0.00000
1637089863660312 -0.38697 0.92209 -0.00000 82.51088 0.92209 0.38697 0.00000 -93.41432 0.00000 0.00000 -1.00000 -0.00000
1637089863908634 -0.36626 0.93051 0.00000 78.27917 0.93051 0.36626 0.00000 -95.22989 0.00000 0.00000 -1.00000 -0.00000
1637089864158076 -0.35350 0.93544 0.00000 74.91313 0.93544 0.35350 0.00000 -96.44895 0.00000 0.00000 -1.00000 -0.00000
1637089864406862 -0.34255 0.93950 0.00000 71.69640 0.93950 0.34255 0.00000 -97.29098 0.00000 0.00000 -1.00000 -0.00000
1637089864655764 -0.34078 0.94014 0.00000 69.46353 0.94014 0.34078 0.00000 -97.55808 0.00000 0.00000 -1.00000 -0.00000
1637089864904670 -0.34387 0.93902 0.00000 67.64610 0.93902 0.34387 0.00000 -97.38129 0.00000 0.00000 -1.00000 -0.00000
1637089865153584 -0.35361 0.93539 0.00000 66.57834 0.93539 0.35361 0.00000 -96.72000 0.00000 0.00000 -1.00000 -0.00000
1637089865402120 -0.36778 0.92991 -0.00000 65.99858 0.92991 0.36778 0.00000 -95.74215 0.00000 0.00000 -1.00000 -0.00000
1637089865651360 -0.38772 0.92178 0.00000 65.99396 0.92178 0.38772 0.00000 -94.35707 0.00000 0.00000 -1.00000 -0.00000
1637089865899708 -0.41139 0.91146 -0.00000 66.38249 0.91146 0.41139 0.00000 -92.70025 0.00000 0.00000 -1.00000 -0.00000
1637089866148642 -0.44295 0.89654 0.00000 67.57096 0.89654 0.44295 0.00000 -90.33628 0.00000 0.00000 -1.00000 -0.00000
1637089866397345 -0.48444 0.87482 0.00000 69.72291 0.87482 0.48444 0.00000 -87.19071 0.00000 0.00000 -1.00000 -0.00000
1637089866646460 -0.53814 0.84286 0.00000 73.08376 0.84286 0.53814 0.00000 -82.69900 0.00000 0.00000 -1.00000 -0.00000
1637089866894968 -0.59404 0.80444 0.00000 76.61323 0.80444 0.59404 0.00000 -77.68589 0.00000 0.00000 -1.00000 -0.00000
1637089867143796 -0.65356 0.75688 0.00000 80.40214 0.75688 0.65356 0.00000 -71.67127 0.00000 0.00000 -1.00000 -0.00000
1637089867392692 -0.71181 0.70238 0.00000 83.95758 0.70238 0.71181 0.00000 -65.14848 0.00000 0.00000 -1.00000 -0.00000
1637089867641757 -0.76749 0.64106 0.00000 87.13060 0.64106 0.76749 0.00000 -58.06243 0.00000 0.00000 -1.00000 -0.00000
1637089867890362 -0.81534 0.57898 0.00000 89.50336 0.57898 0.81534 0.00000 -51.12131 0.00000 0.00000 -1.00000 -0.00000
1637089868139183 -0.85584 0.51723 0.00000 91.03635 0.51723 0.85584 0.00000 -44.42675 0.00000 0.00000 -1.00000 -0.00000
1637089868388034 -0.89454 0.44698 0.00000 92.37133 0.44698 0.89454 0.00000 -37.01839 0.00000 0.00000 -1.00000 -0.00000
1637089868637018 -0.92011 0.39165 0.00000 92.41391 0.39165 0.92011 0.00000 -31.39495 0.00000 0.00000 -1.00000 -0.00000
1637089868885392 -0.94332 0.33189 0.00000 92.32963 0.33189 0.94332 0.00000 -25.47238 0.00000 0.00000 -1.00000 -0.00000
1637089869134213 -0.96181 0.27371 0.00000 91.66591 0.27371 0.96181 0.00000 -19.80060 0.00000 0.00000 -1.00000 -0.00000
1637089869383279 -0.97424 0.22550 0.00000 90.55376 0.22550 0.97424 0.00000 -15.24917 0.00000 0.00000 -1.00000 -0.00000
1637089869631679 -0.98355 0.18061 0.00000 89.09440 0.18061 0.98355 0.00000 -11.19447 0.00000 0.00000 -1.00000 -0.00000
1637089869880872 -0.99128 0.13174 0.00000 87.45017 0.13174 0.99128 0.00000 -6.80692 0.00000 0.00000 -1.00000 -0.00000
1637089870130080 -0.99571 0.09248 0.00000 85.51003 0.09248 0.99571 0.00000 -3.38338 0.00000 0.00000 -1.00000 -0.00000
1637089870379273 -0.99809 0.06183 -0.00000 83.47045 0.06183 0.99809 0.00000 -0.75289 0.00000 0.00000 -1.00000 -0.00000
1637089870628279 -0.99907 0.04308 0.00000 81.28589 0.04308 0.99907 0.00000 0.77571 0.00000 0.00000 -1.00000 0.00000
1637089870877258 -0.99959 0.02879 0.00000 79.02814 0.02879 0.99959 0.00000 1.92763 0.00000 0.00000 -1.00000 0.00000
1637089871126358 -0.99991 0.01362 -0.00000 76.74972 0.01362 0.99991 0.00000 3.07440 0.00000 0.00000 -1.00000 0.00000
1637089871374778 -0.99999 0.00435 0.00000 74.59686 0.00435 0.99999 0.00000 3.79815 0.00000 0.00000 -1.00000 0.00000
1637089871624074 -1.00000 -0.00187 0.00000 72.38689 -0.00187 1.00000 0.00000 4.17276 -0.00000 0.00000 -1.00000 0.00000
1637089871872981 -0.99997 -0.00835 0.00000 70.07071 -0.00835 0.99997 0.00000 4.57502 -0.00000 0.00000 -1.00000 0.00000
1637089872122076 -0.99992 -0.01301 0.00000 67.85634 -0.01301 0.99992 0.00000 4.88064 -0.00000 0.00000 -1.00000 0.00000
1637089872370579 -0.99988 -0.01525 0.00000 65.67878 -0.01525 0.99988 0.00000 4.97422 -0.00000 0.00000 -1.00000 0.00000
1637089872619520 -0.99990 -0.01439 0.00000 63.52120 -0.01439 0.99990 0.00000 4.87220 -0.00000 0.00000 -1.00000 0.00000
1637089872868488 -0.99990 -0.01406 -0.00000 61.37451 -0.01406 0.99990 0.00000 4.85333 -0.00000 0.00000 -1.00000 0.00000
1637089873117737 -0.99986 -0.01691 0.00000 59.19925 -0.01691 0.99986 0.00000 4.92784 -0.00000 0.00000 -1.00000 0.00000
1637089873366947 -0.99989 -0.01458 0.00000 57.02425 -0.01458 0.99989 0.00000 4.66566 -0.00000 0.00000 -1.00000 0.00000
1637089873615787 -0.99989 -0.01464 0.00000 54.90654 -0.01464 0.99989 0.00000 4.60593 -0.00000 0.00000 -1.00000 0.00000
1637089873864716 -0.99985 -0.01755 0.00000 52.83075 -0.01755 0.99985 0.00000 4.69819 -0.00000 0.00000 -1.00000 0.00000
1637089874113665 -0.99988 -0.01576 -0.00000 50.74043 -0.01576 0.99988 0.00000 4.52952 -0.00000 0.00000 -1.00000 0.00000
1637089874362621 -0.99981 -0.01940 0.00000 48.64750 -0.01940 0.99981 0.00000 4.73597 -0.00000 0.00000 -1.00000 0.00000
1637089874611648 -0.99984 -0.01810 0.00000 46.62577 -0.01810 0.99984 0.00000 4.66811 -0.00000 0.00000 -1.00000 0.00000
1637089874860554 -0.99991 -0.01359 0.00000 44.61204 -0.01359 0.99991 0.00000 4.36767 -0.00000 0.00000 -1.00000 0.00000
1637089875109452 -0.99998 -0.00638 0.00000 42.64767 -0.00638 0.99998 0.00000 3.99847 -0.00000 0.00000 -1.00000 0.00000
1637089875358334 -0.99999 0.00324 0.00000 40.66360 0.00324 0.99999 0.00000 3.58425 0.00000 0.00000 -1.00000 0.00000
1637089875607678 -0.99986 0.01676 -0.00000 38.68933 0.01676 0.99986 0.00000 3.01287 0.00000 0.00000 -1.00000 0.00000
1637089875856647 -0.99943 0.03367 0.00000 36.79898 0.03367 0.99943 0.00000 2.36501 0.00000 0.00000 -1.00000 0.00000
1637089876105865 -0.99913 0.04167 0.00000 34.74972 0.04167 0.99913 0.00000 2.00974 0.00000 0.00000 -1.00000 0.00000
1637089876355140 -0.99854 0.05396 0.00000 32.77792 0.05396 0.99854 0.00000 1.49286 0.00000 0.00000 -1.00000 0.00000
1637089876604418 -0.99768 0.06804 0.00000 30.75775 0.06804 0.99768 0.00000 1.03021 0.00000 0.00000 -1.00000 0.00000
1637089876853308 -0.99714 0.07561 0.00000 28.69075 0.07561 0.99714 0.00000 0.64335 0.00000 0.00000 -1.00000 0.00000
1637089877102442 -0.99653 0.08326 0.00000 26.68860 0.08326 0.99653 0.00000 0.48593 0.00000 0.00000 -1.00000 0.00000
1637089877351185 -0.99604 0.08894 0.00000 24.64552 0.08894 0.99604 0.00000 0.24915 0.00000 0.00000 -1.00000 0.00000
1637089877600392 -0.99581 0.09143 0.00000 22.56556 0.09143 0.99581 0.00000 0.14013 0.00000 0.00000 -1.00000 0.00000
1637089877849283 -0.99537 0.09616 0.00000 20.43908 0.09616 0.99537 0.00000 0.01759 0.00000 0.00000 -1.00000 0.00000
1637089878098543 -0.99533 0.09653 0.00000 18.32327 0.09653 0.99533 0.00000 -0.02345 0.00000 0.00000 -1.00000 -0.00000
1637089878347017 -0.99513 0.09862 0.00000 16.18497 0.09862 0.99513 0.00000 -0.04914 0.00000 0.00000 -1.00000 -0.00000
1637089878596570 -0.99501 0.09980 0.00000 14.11978 0.09980 0.99501 0.00000 -0.07954 0.00000 0.00000 -1.00000 -0.00000
1637089878845107 -0.99460 0.10376 0.00000 11.90064 0.10376 0.99460 0.00000 -0.15774 0.00000 0.00000 -1.00000 -0.00000
1637089879094377 -0.99437 0.10601 0.00000 9.78082 0.10601 0.99437 0.00000 -0.24058 0.00000 0.00000 -1.00000 -0.00000
1637089879343125 -0.99445 0.10523 0.00000 7.67202 0.10523 0.99445 0.00000 -0.26988 0.00000 0.00000 -1.00000 -0.00000
1637089879592094 -0.99435 0.10616 0.00000 5.61937 0.10616 0.99435 0.00000 -0.29684 0.00000 0.00000 -1.00000 -0.00000
1637089879840612 -0.99448 0.10494 0.00000 3.57650 0.10494 0.99448 0.00000 -0.34684 0.00000 0.00000 -1.00000 -0.00000
1637089880090054 -0.99432 0.10645 0.00000 1.68042 0.10645 0.99432 0.00000 -0.35776 0.00000 0.00000 -1.00000 -0.00000
1637089880338845 -0.99451 0.10464 0.00000 -0.29739 0.10464 0.99451 0.00000 -0.46560 0.00000 0.00000 -1.00000 -0.00000
1637089880587853 -0.99491 0.10081 0.00000 -2.23352 0.10081 0.99491 0.00000 -0.55356 0.00000 0.00000 -1.00000 -0.00000
1637089880836777 -0.99544 0.09537 0.00000 -4.08955 0.09537 0.99544 0.00000 -0.53696 0.00000 0.00000 -1.00000 -0.00000
1637089881085809 -0.99608 0.08847 -0.00000 -5.94120 0.08847 0.99608 0.00000 -0.65230 0.00000 0.00000 -1.00000 -0.00000
1637089881334961 -0.99628 0.08620 0.00000 -7.84958 0.08620 0.99628 0.00000 -0.66592 0.00000 0.00000 -1.00000 -0.00000
1637089881583664 -0.99680 0.07995 0.00000 -9.73303 0.07995 0.99680 0.00000 -0.76904 0.00000 0.00000 -1.00000 -0.00000
1637089881832961 -0.99713 0.07568 0.00000 -11.56732 0.07568 0.99713 0.00000 -0.85075 0.00000 0.00000 -1.00000 -0.00000
1637089882081835 -0.99776 0.06694 0.00000 -13.39851 0.06694 0.99776 0.00000 -0.97922 0.00000 0.00000 -1.00000 -0.00000
1637089882330894 -0.99779 0.06642 0.00000 -15.23803 0.06642 0.99779 0.00000 -1.04577 0.00000 0.00000 -1.00000 -0.00000
1637089882579870 -0.99811 0.06145 -0.00000 -17.04882 0.06145 0.99811 0.00000 -1.08905 0.00000 0.00000 -1.00000 -0.00000
1637089882829112 -0.99835 0.05738 0.00000 -18.87720 0.05738 0.99835 0.00000 -1.27473 0.00000 0.00000 -1.00000 -0.00000
1637089883078006 -0.99851 0.05456 -0.00000 -20.73653 0.05456 0.99851 0.00000 -1.33184 0.00000 0.00000 -1.00000 -0.00000
1637089883327173 -0.99864 0.05216 0.00000 -22.54202 0.05216 0.99864 0.00000 -1.51621 0.00000 0.00000 -1.00000 -0.00000
1637089883575824 -0.99876 0.04973 -0.00000 -24.39730 0.04973 0.99876 0.00000 -1.62518 0.00000 0.00000 -1.00000 -0.00000
1637089883825155 -0.99881 0.04868 0.00000 -26.24986 0.04868 0.99881 0.00000 -1.66964 0.00000 0.00000 -1.00000 -0.00000
1637089884074079 -0.99890 0.04687 0.00000 -28.19270 0.04687 0.99890 0.00000 -1.70671 0.00000 0.00000 -1.00000 -0.00000
1637089884323143 -0.99906 0.04338 0.00000 -30.10401 0.04338 0.99906 0.00000 -1.84283 0.00000 0.00000 -1.00000 -0.00000
1637089884572051 -0.99912 0.04197 0.00000 -32.13823 0.04197 0.99912 0.00000 -1.87407 0.00000 0.00000 -1.00000 -0.00000
1637089884820904 -0.99923 0.03913 0.00000 -34.09690 0.03913 0.99923 0.00000 -2.00185 0.00000 0.00000 -1.00000 -0.00000
1637089885070090 -0.99933 0.03673 0.00000 -36.17684 0.03673 0.99933 0.00000 -2.12687 0.00000 0.00000 -1.00000 -0.00000
1637089885318855 -0.99937 0.03558 -0.00000 -38.18117 0.03558 0.99937 0.00000 -2.24040 0.00000 0.00000 -1.00000 -0.00000
1637089885567754 -0.99954 0.03030 -0.00000 -40.19610 0.03030 0.99954 0.00000 -2.45477 0.00000 0.00000 -1.00000 -0.00000
1637089885816870 -0.99956 0.02970 0.00000 -42.21448 0.02970 0.99956 0.00000 -2.48521 0.00000 0.00000 -1.00000 -0.00000
1637089886065480 -0.99968 0.02517 0.00000 -44.20601 0.02517 0.99968 0.00000 -2.74340 0.00000 0.00000 -1.00000 -0.00000
1637089886314584 -0.99987 0.01596 -0.00000 -46.13729 0.01596 0.99987 0.00000 -3.16633 0.00000 0.00000 -1.00000 -0.00000
1637089886564224 -0.99993 0.01158 -0.00000 -48.03207 0.01158 0.99993 0.00000 -3.39279 0.00000 0.00000 -1.00000 -0.00000
1637089886813114 -0.99997 0.00719 -0.00000 -49.84038 0.00719 0.99997 0.00000 -3.68199 0.00000 0.00000 -1.00000 -0.00000
1637089887062319 -1.00000 0.00125 -0.00000 -51.66818 0.00125 1.00000 0.00000 -3.96613 0.00000 0.00000 -1.00000 -0.00000
1637089887311317 -1.00000 -0.00285 0.00000 -53.31356 -0.00285 1.00000 0.00000 -4.22369 -0.00000 0.00000 -1.00000 -0.00000
1637089887560039 -0.99994 -0.01115 0.00000 -54.90292 -0.01115 0.99994 0.00000 -4.66134 -0.00000 0.00000 -1.00000 -0.00000
1637089887809196 -0.99994 -0.01074 -0.00000 -56.49103 -0.01074 0.99994 0.00000 -4.66695 -0.00000 0.00000 -1.00000 -0.00000
1637089888058366 -0.99997 -0.00727 0.00000 -58.00231 -0.00727 0.99997 0.00000 -4.50185 -0.00000 0.00000 -1.00000 -0.00000
1637089888307343 -0.99999 0.00462 0.00000 -59.49715 0.00462 0.99999 0.00000 -3.81179 0.00000 0.00000 -1.00000 -0.00000
1637089888556399 -0.99949 0.03189 -0.00000 -60.91716 0.03189 0.99949 0.00000 -2.21464 0.00000 0.00000 -1.00000 -0.00000
1637089888805778 -0.99785 0.06554 0.00000 -62.19554 0.06554 0.99785 0.00000 -0.15401 0.00000 0.00000 -1.00000 -0.00000
1637089889054972 -0.99443 0.10543 0.00000 -63.35402 0.10543 0.99443 0.00000 2.28663 0.00000 0.00000 -1.00000 0.00000
1637089889304312 -0.98685 0.16166 0.00000 -64.33687 0.16166 0.98685 0.00000 5.86216 0.00000 0.00000 -1.00000 0.00000
1637089889553002 -0.97412 0.22602 0.00000 -64.91313 0.22602 0.97412 0.00000 10.02950 0.00000 0.00000 -1.00000 0.00000
1637089889801976 -0.95389 0.30016 0.00000 -65.10685 0.30016 0.95389 0.00000 14.91945 0.00000 0.00000 -1.00000 0.00000
1637089890050904 -0.92035 0.39109 -0.00000 -64.50451 0.39109 0.92035 0.00000 21.16542 0.00000 0.00000 -1.00000 0.00000
1637089890300548 -0.87163 0.49017 -0.00000 -62.92402 0.49017 0.87163 0.00000 28.01848 0.00000 0.00000 -1.00000 0.00000
1637089890549494 -0.80764 0.58967 0.00000 -60.15090 0.58967 0.80764 0.00000 35.26797 0.00000 0.00000 -1.00000 0.00000
1637089890798571 -0.72348 0.69035 0.00000 -56.14578 0.69035 0.72348 0.00000 42.78165 0.00000 0.00000 -1.00000 0.00000
1637089891047637 -0.62404 0.78139 0.00000 -50.90597 0.78139 0.62404 0.00000 49.83023 0.00000 0.00000 -1.00000 0.00000
1637089891296562 -0.51245 0.85872 0.00000 -44.83712 0.85872 0.51245 0.00000 56.24752 0.00000 0.00000 -1.00000 0.00000
1637089891545727 -0.39291 0.91958 0.00000 -38.10920 0.91958 0.39291 0.00000 61.76062 0.00000 0.00000 -1.00000 0.00000
1637089891794436 -0.27707 0.96085 0.00000 -31.49618 0.96085 0.27707 0.00000 66.08441 0.00000 0.00000 -1.00000 0.00000
1637089892043149 -0.18361 0.98300 0.00000 -26.23694 0.98300 0.18361 0.00000 68.68922 0.00000 0.00000 -1.00000 0.00000
1637089892292330 -0.11648 0.99319 0.00000 -22.97526 0.99319 0.11648 0.00000 70.31196 0.00000 0.00000 -1.00000 0.00000
1637089892541095 -0.07440 0.99723 0.00000 -21.48775 0.99723 0.07440 0.00000 71.14738 0.00000 0.00000 -1.00000 0.00000
1637089892789835 -0.03900 0.99924 0.00000 -20.54276 0.99924 0.03900 0.00000 71.81755 0.00000 0.00000 -1.00000 0.00000
1637089893038664 -0.01812 0.99984 0.00000 -20.67559 0.99984 0.01812 0.00000 72.08933 0.00000 0.00000 -1.00000 0.00000
1637089893287925 -0.00489 0.99999 0.00000 -21.41313 0.99999 0.00489 0.00000 72.30588 0.00000 0.00000 -1.00000 0.00000
1637089893537014 0.00192 1.00000 0.00000 -22.67320 1.00000 -0.00192 0.00000 72.39955 0.00000 -0.00000 -1.00000 0.00000
1637089893785763 0.00548 0.99999 0.00000 -24.19014 0.99999 -0.00548 0.00000 72.31796 0.00000 -0.00000 -1.00000 0.00000
1637089894034887 0.01226 0.99992 0.00000 -25.51840 0.99992 -0.01226 0.00000 72.57751 0.00000 -0.00000 -1.00000 0.00000
1637089894283679 0.01368 0.99991 -0.00000 -27.27452 0.99991 -0.01368 0.00000 72.46025 0.00000 -0.00000 -1.00000 0.00000
1637089894532655 0.01874 0.99982 0.00000 -28.75000 0.99982 -0.01874 0.00000 72.56049 0.00000 -0.00000 -1.00000 0.00000
1637089894781464 0.03204 0.99949 -0.00000 -29.70221 0.99949 -0.03204 0.00000 72.92384 0.00000 -0.00000 -1.00000 0.00000
1637089895030692 0.03998 0.99920 0.00000 -30.97224 0.99920 -0.03998 0.00000 73.08916 0.00000 -0.00000 -1.00000 0.00000
1637089895279573 0.05781 0.99833 0.00000 -31.57501 0.99833 -0.05781 0.00000 73.51797 0.00000 -0.00000 -1.00000 0.00000
1637089895528772 0.07368 0.99728 -0.00000 -32.29103 0.99728 -0.07368 0.00000 73.98779 0.00000 -0.00000 -1.00000 0.00000
1637089895777446 0.09346 0.99562 0.00000 -32.75361 0.99562 -0.09346 0.00000 74.60824 0.00000 -0.00000 -1.00000 0.00000
1637089896026860 0.11078 0.99385 0.00000 -33.30436 0.99385 -0.11078 0.00000 75.09063 0.00000 -0.00000 -1.00000 0.00000
1637089896276048 0.11936 0.99285 0.00000 -34.58420 0.99285 -0.11936 0.00000 75.20488 0.00000 -0.00000 -1.00000 0.00000
1637089896525446 0.12824 0.99174 0.00000 -35.62916 0.99174 -0.12824 0.00000 75.54626 0.00000 -0.00000 -1.00000 0.00000
1637089896774418 0.12885 0.99166 0.00000 -37.53025 0.99166 -0.12885 0.00000 75.47610 0.00000 -0.00000 -1.00000 0.00000
1637089897023538 0.11597 0.99325 0.00000 -40.41885 0.99325 -0.11597 0.00000 74.90898 0.00000 -0.00000 -1.00000 0.00000
1637089897272795 0.10386 0.99459 -0.00000 -43.11802 0.99459 -0.10386 0.00000 74.44003 0.00000 -0.00000 -1.00000 0.00000
1637089897522301 0.09112 0.99584 -0.00000 -45.96889 0.99584 -0.09112 0.00000 73.74270 0.00000 -0.00000 -1.00000 0.00000
1637089897771589 0.07746 0.99700 0.00000 -48.95832 0.99700 -0.07746 0.00000 73.08912 0.00000 -0.00000 -1.00000 0.00000
1637089898020824 0.06616 0.99781 0.00000 -51.65931 0.99781 -0.06616 0.00000 72.46360 0.00000 -0.00000 -1.00000 0.00000
1637089898270478 0.05479 0.99850 0.00000 -54.46786 0.99850 -0.05479 0.00000 71.87748 0.00000 -0.00000 -1.00000 0.00000
1637089898519613 0.04329 0.99906 0.00000 -57.22215 0.99906 -0.04329 0.00000 71.12744 0.00000 -0.00000 -1.00000 0.00000
1637089898769191 0.03885 0.99925 -0.00000 -59.51576 0.99925 -0.03885 0.00000 70.84748 0.00000 -0.00000 -1.00000 0.00000
1637089899018248 0.03146 0.99950 0.00000 -61.94850 0.99950 -0.03146 0.00000 70.34581 0.00000 -0.00000 -1.00000 0.00000
1637089899267121 0.02315 0.99973 -0.00000 -64.52539 0.99973 -0.02315 0.00000 69.77869 0.00000 -0.00000 -1.00000 0.00000
1637089899516624 0.01336 0.99991 0.00000 -67.08498 0.99991 -0.01336 0.00000 69.12767 0.00000 -0.00000 -1.00000 0.00000
1637089899765741 0.01432 0.99990 0.00000 -68.95477 0.99990 -0.01432 0.00000 69.12564 0.00000 -0.00000 -1.00000 0.00000
1637089900015049 0.00938 0.99996 0.00000 -71.20066 0.99996 -0.00938 0.00000 68.69899 0.00000 -0.00000 -1.00000 0.00000
1637089900264250 0.00472 0.99999 0.00000 -73.36137 0.99999 -0.00472 0.00000 68.33427 0.00000 -0.00000 -1.00000 0.00000
1637089900513712 -0.00058 1.00000 -0.00000 -75.62237 1.00000 0.00058 0.00000 67.87297 0.00000 0.00000 -1.00000 0.00000
1637089900763201 -0.00561 0.99998 0.00000 -77.75436 0.99998 0.00561 0.00000 67.49094 0.00000 0.00000 -1.00000 0.00000
1637089901012262 -0.00988 0.99995 0.00000 -79.85620 0.99995 0.00988 0.00000 67.09836 0.00000 0.00000 -1.00000 0.00000
1637089901261405 -0.01751 0.99985 0.00000 -82.09992 0.99985 0.01751 0.00000 66.45393 0.00000 0.00000 -1.00000 0.00000
1637089901510799 -0.03539 0.99937 0.00000 -85.02456 0.99937 0.03539 0.00000 64.93888 0.00000 0.00000 -1.00000 0.00000
1637089901760185 -0.06802 0.99768 0.00000 -88.82977 0.99768 0.06802 0.00000 62.08986 0.00000 0.00000 -1.00000 0.00000
1637089902009525 -0.11121 0.99380 0.00000 -93.06053 0.99380 0.11121 0.00000 58.08835 0.00000 0.00000 -1.00000 0.00000
1637089902258516 -0.17696 0.98422 -0.00000 -98.33707 0.98422 0.17696 0.00000 51.75349 0.00000 0.00000 -1.00000 0.00000
1637089902507622 -0.24930 0.96843 0.00000 -103.59895 0.96843 0.24930 0.00000 44.23576 0.00000 0.00000 -1.00000 0.00000
1637089902756854 -0.33418 0.94251 -0.00000 -108.63341 0.94251 0.33418 0.00000 34.83109 0.00000 0.00000 -1.00000 0.00000
1637089903005825 -0.42770 0.90392 0.00000 -113.18913 0.90392 0.42770 0.00000 23.58009 0.00000 0.00000 -1.00000 0.00000
1637089903255011 -0.52546 0.85082 0.00000 -116.62802 0.85082 0.52546 0.00000 10.80633 0.00000 0.00000 -1.00000 0.00000
1637089903504256 -0.62185 0.78313 0.00000 -118.62995 0.78313 0.62185 0.00000 -3.04141 0.00000 0.00000 -1.00000 -0.00000
1637089903753245 -0.71133 0.70286 -0.00000 -118.89903 0.70286 0.71133 0.00000 -17.28725 0.00000 0.00000 -1.00000 -0.00000
1637089904002578 -0.78673 0.61730 0.00000 -117.63920 0.61730 0.78673 0.00000 -30.75714 0.00000 0.00000 -1.00000 -0.00000
1637089904251967 -0.84732 0.53108 0.00000 -115.24455 0.53108 0.84732 0.00000 -43.05961 0.00000 0.00000 -1.00000 -0.00000
1637089904501363 -0.89258 0.45090 0.00000 -112.22337 0.45090 0.89258 0.00000 -53.50820 0.00000 0.00000 -1.00000 -0.00000
1637089904750888 -0.92581 0.37800 0.00000 -108.99713 0.37800 0.92581 0.00000 -62.22323 0.00000 0.00000 -1.00000 -0.00000
1637089905000341 -0.94860 0.31649 0.00000 -106.12412 0.31649 0.94860 0.00000 -69.30136 0.00000 0.00000 -1.00000 -0.00000
1637089905249476 -0.96498 0.26231 -0.00000 -103.52198 0.26231 0.96498 0.00000 -75.18806 0.00000 0.00000 -1.00000 -0.00000
1637089905498548 -0.97501 0.22215 0.00000 -101.72060 0.22215 0.97501 0.00000 -79.48118 0.00000 0.00000 -1.00000 -0.00000
1637089905747845 -0.97950 0.20147 0.00000 -101.57784 0.20147 0.97950 0.00000 -81.70558 0.00000 0.00000 -1.00000 -0.00000
