1618942335557441 1.00000 0.00000 0.00000 -0.00000 0.00000 -1.00000 0.00000 0.00000 0.00000 -0.00000 -1.00000 0.00000
1618942335807450 1.00000 0.00249 0.00000 -0.01053 0.00249 -1.00000 0.00000 -0.00964 0.00000 -0.00000 -1.00000 -0.00000
1618942336057452 0.99998 0.00702 0.00000 -0.00176 0.00702 -0.99998 0.00000 -0.00844 0.00000 -0.00000 -1.00000 -0.00000
1618942336308080 1.00000 0.00265 -0.00000 0.01735 0.00265 -1.00000 0.00000 -0.01297 0.00000 -0.00000 -1.00000 -0.00000
1618942336558080 0.99999 0.00452 -0.00000 0.01634 0.00452 -0.99999 0.00000 0.00073 0.00000 -0.00000 -1.00000 0.00000
1618942336808087 0.99996 0.00889 -0.00000 0.00517 0.00889 -0.99996 0.00000 -0.00053 0.00000 -0.00000 -1.00000 -0.00000
1618942337058089 0.99997 0.00764 0.00000 -0.02993 0.00764 -0.99997 0.00000 0.01965 0.00000 -0.00000 -1.00000 0.00000
1618942337308090 1.00000 0.00119 0.00000 -0.01254 0.00119 -1.00000 0.00000 0.00355 0.00000 -0.00000 -1.00000 0.00000
1618942337558094 1.00000 0.00105 0.00000 0.00755 0.00105 -1.00000 0.00000 -0.01815 0.00000 -0.00000 -1.00000 -0.00000
1618942337808099 0.99999 0.00447 -0.00000 -0.00533 0.00447 -0.99999 0.00000 -0.01070 0.00000 -0.00000 -1.00000 -0.00000
1618942338058104 0.99996 0.00839 0.00000 -0.00549 0.00839 -0.99996 0.00000 0.00477 0.00000 -0.00000 -1.00000 0.00000
1618942338308101 0.99998 0.00678 -0.00000 -0.01005 0.00678 -0.99998 0.00000 0.02215 0.00000 -0.00000 -1.00000 0.00000
1618942338558104 1.00000 0.00294 0.00000 -0.02637 0.00294 -1.00000 0.00000 0.00519 0.00000 -0.00000 -1.00000 0.00000
1618942338808109 0.99999 0.00323 0.00000 -0.00665 0.00323 -0.99999 0.00000 -0.01058 0.00000 -0.00000 -1.00000 -0.00000
1618942339058121 0.99999 0.00436 0.00000 -0.01163 0.00436 -0.99999 0.00000 -0.00485 0.00000 -0.00000 -1.00000 -0.00000
1618942339307492 1.00000 0.00060 0.00000 -0.00765 0.00060 -1.00000 0.00000 0.01053 0.00000 -0.00000 -1.00000 0.00000
1618942339558120 1.00000 0.00182 0.00000 0.00863 0.00182 -1.00000 0.00000 -0.00915 0.00000 -0.00000 -1.00000 -0.00000
1618942339808123 1.00000 0.00214 0.00000 -0.01453 0.00214 -1.00000 0.00000 -0.00250 0.00000 -0.00000 -1.00000 -0.00000
1618942340058129 1.00000 0.00042 0.00000 -0.00815 0.00042 -1.00000 0.00000 0.00904 0.00000 -0.00000 -1.00000 0.00000
1618942340307503 1.00000 -0.00096 0.00000 0.01822 -0.00096 -1.00000 0.00000 -0.01319 -0.00000 -0.00000 -1.00000 -0.00000
1618942340557509 0.99994 0.01116 -0.00000 0.00126 0.01116 -0.99994 0.00000 0.01165 0.00000 -0.00000 -1.00000 0.00000
1618942340807511 0.99989 0.01469 -0.00000 -0.01871 0.01469 -0.99989 0.00000 0.03902 0.00000 -0.00000 -1.00000 0.00000
1618942341057513 0.99998 0.00704 0.00000 0.00041 0.00704 -0.99998 0.00000 -0.00207 0.00000 -0.00000 -1.00000 -0.00000
1618942341308140 0.99999 0.00522 -0.00000 -0.02701 0.00522 -0.99999 0.00000 0.03687 0.00000 -0.00000 -1.00000 0.00000
1618942341558151 0.99998 0.00677 0.00000 0.01032 0.00677 -0.99998 0.00000 -0.02882 0.00000 -0.00000 -1.00000 -0.00000
1618942341808152 0.99997 0.00827 0.00000 -0.00630 0.00827 -0.99997 0.00000 -0.03217 0.00000 -0.00000 -1.00000 -0.00000
1618942342058157 1.00000 0.00157 -0.00000 0.01033 0.00157 -1.00000 0.00000 -0.03686 0.00000 -0.00000 -1.00000 -0.00000
1618942342308160 0.99996 0.00876 -0.00000 0.01192 0.00876 -0.99996 0.00000 0.00353 0.00000 -0.00000 -1.00000 0.00000
1618942342558156 0.99991 0.01347 0.00000 -0.01378 0.01347 -0.99991 0.00000 0.02746 0.00000 -0.00000 -1.00000 0.00000
1618942342808167 0.99998 0.00621 0.00000 -0.03757 0.00621 -0.99998 0.00000 0.03113 0.00000 -0.00000 -1.00000 0.00000
1618942343057548 1.00000 -0.00104 0.00000 0.00310 -0.00104 -1.00000 0.00000 -0.00417 -0.00000 -0.00000 -1.00000 -0.00000
1618942343307547 0.99999 0.00462 0.00000 0.02123 0.00462 -0.99999 0.00000 -0.00812 0.00000 -0.00000 -1.00000 -0.00000
1618942343557550 0.99998 0.00657 -0.00000 -0.03401 0.00657 -0.99998 0.00000 0.02588 0.00000 -0.00000 -1.00000 0.00000
1618942343807552 1.00000 0.00195 0.00000 -0.02114 0.00195 -1.00000 0.00000 0.00797 0.00000 -0.00000 -1.00000 0.00000
1618942344057559 1.00000 -0.00052 0.00000 0.01668 -0.00052 -1.00000 0.00000 -0.03012 -0.00000 -0.00000 -1.00000 -0.00000
1618942344307562 0.99997 0.00755 0.00000 -0.00302 0.00755 -0.99997 0.00000 -0.00238 0.00000 -0.00000 -1.00000 -0.00000
1618942344558191 0.99998 0.00554 0.00000 0.00921 0.00554 -0.99998 0.00000 -0.02157 0.00000 -0.00000 -1.00000 -0.00000
1618942344808820 1.00000 -0.00073 0.00000 0.01240 -0.00073 -1.00000 0.00000 -0.01346 -0.00000 -0.00000 -1.00000 -0.00000
1618942345058815 0.99999 0.00518 0.00000 0.02685 0.00518 -0.99999 0.00000 -0.03274 0.00000 -0.00000 -1.00000 -0.00000
1618942345308820 1.00000 0.00100 0.00000 -0.00916 0.00100 -1.00000 0.00000 0.00293 0.00000 -0.00000 -1.00000 0.00000
1618942345558823 0.99995 0.00979 0.00000 0.00051 0.00979 -0.99995 0.00000 0.00202 0.00000 -0.00000 -1.00000 0.00000
1618942345808825 0.99988 0.01527 0.00000 0.00019 0.01527 -0.99988 0.00000 0.03533 0.00000 -0.00000 -1.00000 0.00000
1618942346059457 0.99999 0.00492 0.00000 0.00371 0.00492 -0.99999 0.00000 -0.01594 0.00000 -0.00000 -1.00000 -0.00000
1618942346310081 0.99999 -0.00328 0.00000 0.03056 -0.00328 -0.99999 0.00000 -0.03217 -0.00000 -0.00000 -1.00000 -0.00000
1618942346559468 0.99999 -0.00325 0.00000 0.00631 -0.00325 -0.99999 0.00000 0.00050 -0.00000 -0.00000 -1.00000 0.00000
1618942346809469 0.99997 0.00745 -0.00000 -0.01643 0.00745 -0.99997 0.00000 0.02329 0.00000 -0.00000 -1.00000 0.00000
1618942347059473 0.99997 0.00719 0.00000 -0.02683 0.00719 -0.99997 0.00000 0.02177 0.00000 -0.00000 -1.00000 0.00000
1618942347309477 0.99999 0.00343 -0.00000 -0.00634 0.00343 -0.99999 0.00000 0.00046 0.00000 -0.00000 -1.00000 0.00000
1618942347559478 1.00000 0.00233 0.00000 -0.00541 0.00233 -1.00000 0.00000 -0.00095 0.00000 -0.00000 -1.00000 -0.00000
1618942347809483 1.00000 0.00273 -0.00000 -0.01591 0.00273 -1.00000 0.00000 -0.00244 0.00000 -0.00000 -1.00000 -0.00000
1618942348059484 1.00000 0.00209 -0.00000 -0.00431 0.00209 -1.00000 0.00000 -0.00858 0.00000 -0.00000 -1.00000 -0.00000
1618942348309485 1.00000 0.00147 0.00000 -0.00358 0.00147 -1.00000 0.00000 -0.00924 0.00000 -0.00000 -1.00000 -0.00000
1618942348558866 1.00000 0.00038 0.00000 0.01617 0.00038 -1.00000 0.00000 -0.03388 0.00000 -0.00000 -1.00000 -0.00000
1618942348808873 0.99994 0.01109 0.00000 -0.00133 0.01109 -0.99994 0.00000 0.01357 0.00000 -0.00000 -1.00000 0.00000
1618942349058876 0.99988 0.01521 0.00000 -0.01040 0.01521 -0.99988 0.00000 0.04938 0.00000 -0.00000 -1.00000 0.00000
1618942349309504 1.00000 -0.00025 -0.00000 -0.01648 -0.00025 -1.00000 0.00000 0.01377 -0.00000 -0.00000 -1.00000 0.00000
1618942349558881 0.99999 -0.00474 0.00000 0.00555 -0.00474 -0.99999 0.00000 -0.02300 -0.00000 -0.00000 -1.00000 -0.00000
1618942349808886 0.99998 0.00610 0.00000 0.01310 0.00610 -0.99998 0.00000 -0.02203 0.00000 -0.00000 -1.00000 -0.00000
1618942350058887 0.99990 0.01420 0.00000 -0.00973 0.01420 -0.99990 0.00000 0.05498 0.00000 -0.00000 -1.00000 0.00000
1618942350308892 0.99993 0.01174 0.00000 -0.00907 0.01174 -0.99993 0.00000 0.01449 0.00000 -0.00000 -1.00000 0.00000
1618942350558896 0.99999 0.00515 -0.00000 0.00590 0.00515 -0.99999 0.00000 -0.01868 0.00000 -0.00000 -1.00000 -0.00000
1618942350808897 1.00000 0.00261 -0.00000 0.00449 0.00261 -1.00000 0.00000 -0.00741 0.00000 -0.00000 -1.00000 -0.00000
1618942351058906 1.00000 0.00179 0.00000 -0.00954 0.00179 -1.00000 0.00000 -0.00630 0.00000 -0.00000 -1.00000 -0.00000
1618942351308904 0.99999 0.00379 0.00000 -0.02417 0.00379 -0.99999 0.00000 -0.02319 0.00000 -0.00000 -1.00000 -0.00000
1618942351559530 0.99998 -0.00622 0.00000 -0.06881 -0.00622 -0.99998 0.00000 0.00765 -0.00000 -0.00000 -1.00000 0.00000
1618942351808907 0.99994 -0.01080 0.00000 -0.11468 -0.01080 -0.99994 0.00000 -0.04035 -0.00000 -0.00000 -1.00000 -0.00000
1618942352058914 0.99990 -0.01386 0.00000 -0.24908 -0.01386 -0.99990 0.00000 0.00403 -0.00000 -0.00000 -1.00000 0.00000
1618942352308917 0.99951 -0.03141 0.00000 -0.42726 -0.03141 -0.99951 0.00000 0.01692 -0.00000 -0.00000 -1.00000 0.00000
1618942352558922 0.99817 -0.06053 0.00000 -0.73690 -0.06053 -0.99817 0.00000 -0.06867 -0.00000 -0.00000 -1.00000 -0.00000
1618942352808921 0.99547 -0.09503 -0.00000 -1.12015 -0.09503 -0.99547 0.00000 -0.01410 -0.00000 -0.00000 -1.00000 -0.00000
1618942353058924 0.99163 -0.12912 0.00000 -1.60561 -0.12912 -0.99163 0.00000 -0.01103 -0.00000 -0.00000 -1.00000 -0.00000
1618942353308301 0.99003 -0.14088 0.00000 -2.13700 -0.14088 -0.99003 0.00000 -0.05567 -0.00000 -0.00000 -1.00000 -0.00000
1618942353558309 0.98809 -0.15385 -0.00000 -2.82042 -0.15385 -0.98809 0.00000 -0.04625 -0.00000 -0.00000 -1.00000 -0.00000
1618942353808311 0.98683 -0.16175 -0.00000 -3.60400 -0.16175 -0.98683 0.00000 0.00358 -0.00000 -0.00000 -1.00000 0.00000
1618942354058315 0.98637 -0.16456 0.00000 -4.44488 -0.16456 -0.98637 0.00000 0.02624 -0.00000 -0.00000 -1.00000 0.00000
1618942354307694 0.98798 -0.15456 0.00000 -5.31222 -0.15456 -0.98798 0.00000 -0.18718 -0.00000 -0.00000 -1.00000 -0.00000
1618942354557693 0.98880 -0.14925 0.00000 -6.33908 -0.14925 -0.98880 0.00000 -0.11170 -0.00000 -0.00000 -1.00000 -0.00000
1618942354807703 0.98884 -0.14895 0.00000 -7.31143 -0.14895 -0.98884 0.00000 -0.16006 -0.00000 -0.00000 -1.00000 -0.00000
1618942355057706 0.98985 -0.14209 0.00000 -8.33413 -0.14209 -0.98985 0.00000 -0.19765 -0.00000 -0.00000 -1.00000 -0.00000
1618942355307708 0.99072 -0.13590 0.00000 -9.39612 -0.13590 -0.99072 0.00000 -0.29177 -0.00000 -0.00000 -1.00000 -0.00000
1618942355557708 0.99139 -0.13097 -0.00000 -10.58773 -0.13097 -0.99139 0.00000 -0.35259 -0.00000 -0.00000 -1.00000 -0.00000
1618942355808331 0.99266 -0.12092 0.00000 -11.76996 -0.12092 -0.99266 0.00000 -0.47537 -0.00000 -0.00000 -1.00000 -0.00000
1618942356058968 0.99304 -0.11774 -0.00000 -13.04185 -0.11774 -0.99304 0.00000 -0.43819 -0.00000 -0.00000 -1.00000 -0.00000
1618942356308967 0.99405 -0.10896 -0.00000 -14.36769 -0.10896 -0.99405 0.00000 -0.63626 -0.00000 -0.00000 -1.00000 -0.00000
1618942356558974 0.99494 -0.10045 0.00000 -15.71208 -0.10045 -0.99494 0.00000 -0.72488 -0.00000 -0.00000 -1.00000 -0.00000
1618942356808976 0.99601 -0.08925 0.00000 -17.04545 -0.08925 -0.99601 0.00000 -0.89686 -0.00000 -0.00000 -1.00000 -0.00000
1618942357058976 0.99722 -0.07457 0.00000 -18.47204 -0.07457 -0.99722 0.00000 -1.14867 -0.00000 -0.00000 -1.00000 -0.00000
1618942357308983 0.99806 -0.06228 0.00000 -19.92177 -0.06228 -0.99806 0.00000 -1.57413 -0.00000 -0.00000 -1.00000 -0.00000
1618942357558358 0.99836 -0.05720 0.00000 -21.37950 -0.05720 -0.99836 0.00000 -1.67642 -0.00000 -0.00000 -1.00000 -0.00000
1618942357808984 0.99884 -0.04809 0.00000 -22.88931 -0.04809 -0.99884 0.00000 -1.80455 -0.00000 -0.00000 -1.00000 -0.00000
1618942358058993 0.99939 -0.03484 0.00000 -24.46292 -0.03484 -0.99939 0.00000 -2.02260 -0.00000 -0.00000 -1.00000 -0.00000
1618942358308372 0.99978 -0.02121 -0.00000 -26.08419 -0.02121 -0.99978 0.00000 -2.53613 -0.00000 -0.00000 -1.00000 -0.00000
1618942358558376 0.99994 -0.01128 0.00000 -27.78695 -0.01128 -0.99994 0.00000 -2.83074 -0.00000 -0.00000 -1.00000 -0.00000
1618942358808377 0.99999 -0.00359 0.00000 -29.50099 -0.00359 -0.99999 0.00000 -3.12432 -0.00000 -0.00000 -1.00000 -0.00000
1618942359059017 0.99999 -0.00371 0.00000 -31.22296 -0.00371 -0.99999 0.00000 -3.08508 -0.00000 -0.00000 -1.00000 -0.00000
1618942359308386 0.99997 0.00757 -0.00000 -33.04586 0.00757 -0.99997 0.00000 -3.50180 0.00000 -0.00000 -1.00000 -0.00000
1618942359558386 0.99989 0.01506 0.00000 -34.82817 0.01506 -0.99989 0.00000 -3.79748 0.00000 -0.00000 -1.00000 -0.00000
1618942359809016 0.99981 0.01926 0.00000 -36.60692 0.01926 -0.99981 0.00000 -3.87577 0.00000 -0.00000 -1.00000 -0.00000
1618942360059020 0.99977 0.02166 0.00000 -38.43996 0.02166 -0.99977 0.00000 -4.05195 0.00000 -0.00000 -1.00000 -0.00000
1618942360309647 0.99956 0.02968 -0.00000 -40.25852 0.02968 -0.99956 0.00000 -4.27710 0.00000 -0.00000 -1.00000 -0.00000
1618942360559031 0.99929 0.03776 0.00000 -42.10163 0.03776 -0.99929 0.00000 -4.51584 0.00000 -0.00000 -1.00000 -0.00000
1618942360809031 0.99903 0.04412 0.00000 -44.08061 0.04412 -0.99903 0.00000 -4.87868 0.00000 -0.00000 -1.00000 -0.00000
1618942361058404 0.99866 0.05184 0.00000 -46.03738 0.05184 -0.99866 0.00000 -5.44214 0.00000 -0.00000 -1.00000 -0.00000
1618942361308408 0.99856 0.05357 -0.00000 -48.10914 0.05357 -0.99856 0.00000 -5.40397 0.00000 -0.00000 -1.00000 -0.00000
1618942361558410 0.99832 0.05799 -0.00000 -50.23061 0.05799 -0.99832 0.00000 -5.76304 0.00000 -0.00000 -1.00000 -0.00000
1618942361808415 0.99829 0.05848 0.00000 -52.29805 0.05848 -0.99829 0.00000 -5.83521 0.00000 -0.00000 -1.00000 -0.00000
1618942362059046 0.99859 0.05307 -0.00000 -54.44299 0.05307 -0.99859 0.00000 -5.51826 0.00000 -0.00000 -1.00000 -0.00000
1618942362308424 0.99828 0.05868 0.00000 -56.51983 0.05868 -0.99828 0.00000 -6.04328 0.00000 -0.00000 -1.00000 -0.00000
1618942362559051 0.99870 0.05092 0.00000 -58.78917 0.05092 -0.99870 0.00000 -5.50503 0.00000 -0.00000 -1.00000 -0.00000
1618942362808427 0.99865 0.05194 0.00000 -60.89767 0.05194 -0.99865 0.00000 -5.58216 0.00000 -0.00000 -1.00000 -0.00000
1618942363058434 0.99882 0.04865 0.00000 -63.03701 0.04865 -0.99882 0.00000 -5.42686 0.00000 -0.00000 -1.00000 -0.00000
1618942363308439 0.99894 0.04592 0.00000 -65.21117 0.04592 -0.99894 0.00000 -5.26644 0.00000 -0.00000 -1.00000 -0.00000
1618942363558438 0.99916 0.04096 -0.00000 -67.40679 0.04096 -0.99916 0.00000 -4.94351 0.00000 -0.00000 -1.00000 -0.00000
1618942363807816 0.99891 0.04661 0.00000 -69.43415 0.04661 -0.99891 0.00000 -5.35657 0.00000 -0.00000 -1.00000 -0.00000
1618942364057818 0.99906 0.04326 0.00000 -71.65371 0.04326 -0.99906 0.00000 -5.04790 0.00000 -0.00000 -1.00000 -0.00000
1618942364307826 0.99914 0.04145 0.00000 -73.72332 0.04145 -0.99914 0.00000 -4.91207 0.00000 -0.00000 -1.00000 -0.00000
1618942364557827 0.99953 0.03061 0.00000 -75.89900 0.03061 -0.99953 0.00000 -4.11089 0.00000 -0.00000 -1.00000 -0.00000
1618942364807835 0.99995 0.01026 0.00000 -78.09652 0.01026 -0.99995 0.00000 -2.63454 0.00000 -0.00000 -1.00000 -0.00000
1618942365057214 0.99997 -0.00796 -0.00000 -80.16925 -0.00796 -0.99997 0.00000 -1.20004 -0.00000 -0.00000 -1.00000 -0.00000
1618942365307840 0.99881 -0.04870 0.00000 -82.29732 -0.04870 -0.99881 0.00000 1.99579 -0.00000 -0.00000 -1.00000 0.00000
1618942365557841 0.99674 -0.08062 0.00000 -84.17185 -0.08062 -0.99674 0.00000 4.58679 -0.00000 -0.00000 -1.00000 0.00000
1618942365807842 0.99209 -0.12552 0.00000 -85.99632 -0.12552 -0.99209 0.00000 8.39085 -0.00000 -0.00000 -1.00000 0.00000
1618942366058474 0.98693 -0.16112 0.00000 -87.62266 -0.16112 -0.98693 0.00000 11.48379 -0.00000 -0.00000 -1.00000 0.00000
1618942366309104 0.97684 -0.21395 0.00000 -88.90931 -0.21395 -0.97684 0.00000 16.19838 -0.00000 -0.00000 -1.00000 0.00000
1618942366559103 0.96582 -0.25923 0.00000 -90.05705 -0.25923 -0.96582 0.00000 20.26526 -0.00000 -0.00000 -1.00000 0.00000
1618942366809108 0.95001 -0.31223 0.00000 -90.81175 -0.31223 -0.95001 0.00000 25.27151 -0.00000 -0.00000 -1.00000 0.00000
1618942367058500 0.93683 -0.34980 0.00000 -91.69330 -0.34980 -0.93683 0.00000 28.76975 -0.00000 -0.00000 -1.00000 0.00000
1618942367308489 0.91464 -0.40426 0.00000 -91.82078 -0.40426 -0.91464 0.00000 34.12098 -0.00000 -0.00000 -1.00000 0.00000
1618942367557868 0.89240 -0.45125 0.00000 -91.84159 -0.45125 -0.89240 0.00000 38.81693 -0.00000 -0.00000 -1.00000 0.00000
1618942367807869 0.86439 -0.50282 0.00000 -91.35458 -0.50282 -0.86439 0.00000 44.17282 -0.00000 -0.00000 -1.00000 0.00000
1618942368057877 0.82726 -0.56181 0.00000 -90.09883 -0.56181 -0.82726 0.00000 50.52280 -0.00000 -0.00000 -1.00000 0.00000
1618942368307879 0.78303 -0.62198 0.00000 -88.12556 -0.62198 -0.78303 0.00000 57.22782 -0.00000 -0.00000 -1.00000 0.00000
1618942368557257 0.73028 -0.68315 0.00000 -85.07559 -0.68315 -0.73028 0.00000 64.05738 -0.00000 -0.00000 -1.00000 0.00000
1618942368807260 0.66789 -0.74426 0.00000 -81.07436 -0.74426 -0.66789 0.00000 71.30423 -0.00000 -0.00000 -1.00000 0.00000
1618942369057264 0.60210 -0.79842 0.00000 -76.60987 -0.79842 -0.60210 0.00000 77.92471 -0.00000 -0.00000 -1.00000 0.00000
1618942369307270 0.54359 -0.83935 0.00000 -72.78338 -0.83935 -0.54359 0.00000 83.00081 -0.00000 -0.00000 -1.00000 0.00000
1618942369557894 0.48145 -0.87647 0.00000 -68.36381 -0.87647 -0.48145 0.00000 88.22864 -0.00000 -0.00000 -1.00000 0.00000
1618942369808522 0.43228 -0.90174 0.00000 -65.26244 -0.90174 -0.43228 0.00000 91.80720 -0.00000 -0.00000 -1.00000 0.00000
1618942370058521 0.40786 -0.91304 -0.00000 -64.74831 -0.91304 -0.40786 0.00000 93.22511 -0.00000 -0.00000 -1.00000 0.00000
1618942370309159 0.38851 -0.92144 -0.00000 -64.66050 -0.92144 -0.38851 0.00000 94.65998 -0.00000 -0.00000 -1.00000 0.00000
1618942370558533 0.38604 -0.92248 0.00000 -66.28323 -0.92248 -0.38604 0.00000 94.80610 -0.00000 -0.00000 -1.00000 0.00000
1618942370808537 0.38082 -0.92465 0.00000 -67.64535 -0.92465 -0.38082 0.00000 95.25346 -0.00000 -0.00000 -1.00000 0.00000
1618942371057919 0.38464 -0.92307 0.00000 -69.98466 -0.92307 -0.38464 0.00000 94.85248 -0.00000 -0.00000 -1.00000 0.00000
1618942371307918 0.38894 -0.92126 0.00000 -72.38627 -0.92126 -0.38894 0.00000 94.54839 -0.00000 -0.00000 -1.00000 0.00000
1618942371557921 0.39993 -0.91655 0.00000 -75.46605 -0.91655 -0.39993 0.00000 93.71120 -0.00000 -0.00000 -1.00000 0.00000
1618942371808552 0.40793 -0.91301 0.00000 -78.37623 -0.91301 -0.40793 0.00000 93.11646 -0.00000 -0.00000 -1.00000 0.00000
1618942372058554 0.42076 -0.90717 0.00000 -81.67730 -0.90717 -0.42076 0.00000 91.84568 -0.00000 -0.00000 -1.00000 0.00000
1618942372308559 0.43188 -0.90193 0.00000 -84.85404 -0.90193 -0.43188 0.00000 90.72384 -0.00000 -0.00000 -1.00000 0.00000
1618942372557934 0.44986 -0.89310 0.00000 -88.69258 -0.89310 -0.44986 0.00000 88.83772 -0.00000 -0.00000 -1.00000 0.00000
1618942372807939 0.46074 -0.88753 0.00000 -91.92496 -0.88753 -0.46074 0.00000 87.90400 -0.00000 -0.00000 -1.00000 0.00000
1618942373057940 0.47819 -0.87826 0.00000 -95.71493 -0.87826 -0.47819 0.00000 85.99628 -0.00000 -0.00000 -1.00000 0.00000
1618942373308569 0.49261 -0.87025 -0.00000 -99.29235 -0.87025 -0.49261 0.00000 84.29833 -0.00000 -0.00000 -1.00000 0.00000
1618942373558573 0.50768 -0.86155 0.00000 -102.81148 -0.86155 -0.50768 0.00000 82.34412 -0.00000 -0.00000 -1.00000 0.00000
1618942373808573 0.52908 -0.84857 0.00000 -107.08377 -0.84857 -0.52908 0.00000 79.79020 -0.00000 -0.00000 -1.00000 0.00000
1618942374059205 0.54396 -0.83911 0.00000 -110.71856 -0.83911 -0.54396 0.00000 78.01625 -0.00000 -0.00000 -1.00000 0.00000
1618942374309206 0.55456 -0.83214 0.00000 -113.77826 -0.83214 -0.55456 0.00000 76.54321 -0.00000 -0.00000 -1.00000 0.00000
1618942374558597 0.57646 -0.81713 0.00000 -117.82954 -0.81713 -0.57646 0.00000 73.38979 -0.00000 -0.00000 -1.00000 0.00000
1618942374808587 0.58764 -0.80912 0.00000 -120.96204 -0.80912 -0.58764 0.00000 71.71329 -0.00000 -0.00000 -1.00000 0.00000
1618942375058599 0.59942 -0.80043 0.00000 -124.18612 -0.80043 -0.59942 0.00000 70.06719 -0.00000 -0.00000 -1.00000 0.00000
1618942375307969 0.60901 -0.79316 0.00000 -127.06830 -0.79316 -0.60901 0.00000 68.48194 -0.00000 -0.00000 -1.00000 0.00000
1618942375557353 0.62659 -0.77935 0.00000 -130.64449 -0.77935 -0.62659 0.00000 65.44821 -0.00000 -0.00000 -1.00000 0.00000
1618942375807979 0.63483 -0.77265 0.00000 -133.37704 -0.77265 -0.63483 0.00000 64.15579 -0.00000 -0.00000 -1.00000 0.00000
1618942376057981 0.64895 -0.76083 0.00000 -136.52407 -0.76083 -0.64895 0.00000 61.75168 -0.00000 -0.00000 -1.00000 0.00000
1618942376307982 0.66733 -0.74476 0.00000 -139.97575 -0.74476 -0.66733 0.00000 58.29390 -0.00000 -0.00000 -1.00000 0.00000
1618942376558615 0.68681 -0.72684 0.00000 -143.48180 -0.72684 -0.68681 0.00000 54.63035 -0.00000 -0.00000 -1.00000 0.00000
1618942376808618 0.70978 -0.70442 0.00000 -147.14231 -0.70442 -0.70978 0.00000 49.94388 -0.00000 -0.00000 -1.00000 0.00000
1618942377058620 0.73451 -0.67860 -0.00000 -150.79211 -0.67860 -0.73451 0.00000 44.50309 -0.00000 -0.00000 -1.00000 0.00000
1618942377308624 0.76367 -0.64561 0.00000 -154.46401 -0.64561 -0.76367 0.00000 37.65247 -0.00000 -0.00000 -1.00000 0.00000
1618942377558639 0.79619 -0.60505 0.00000 -158.03766 -0.60505 -0.79619 0.00000 29.60358 -0.00000 -0.00000 -1.00000 0.00000
1618942377808630 0.83181 -0.55506 0.00000 -161.21658 -0.55506 -0.83181 0.00000 19.95266 -0.00000 -0.00000 -1.00000 0.00000
1618942378058633 0.86459 -0.50248 0.00000 -163.80232 -0.50248 -0.86459 0.00000 9.83852 -0.00000 -0.00000 -1.00000 0.00000
1618942378308636 0.90096 -0.43391 0.00000 -165.68527 -0.43391 -0.90096 0.00000 -2.93888 -0.00000 -0.00000 -1.00000 -0.00000
1618942378558638 0.93739 -0.34828 0.00000 -166.07466 -0.34828 -0.93739 0.00000 -18.35553 -0.00000 -0.00000 -1.00000 -0.00000
1618942378808640 0.96725 -0.25381 0.00000 -164.83923 -0.25381 -0.96725 0.00000 -34.73774 -0.00000 -0.00000 -1.00000 -0.00000
1618942379058645 0.98811 -0.15374 -0.00000 -161.68828 -0.15374 -0.98811 0.00000 -51.38724 -0.00000 -0.00000 -1.00000 -0.00000
1618942379308649 0.99861 -0.05277 0.00000 -156.82458 -0.05277 -0.99861 0.00000 -67.57024 -0.00000 -0.00000 -1.00000 -0.00000
1618942379558648 0.99843 0.05608 0.00000 -149.67487 0.05608 -0.99843 0.00000 -84.15448 0.00000 -0.00000 -1.00000 -0.00000
1618942379808655 0.98539 0.17030 0.00000 -140.13849 0.17030 -0.98539 0.00000 -100.81741 0.00000 -0.00000 -1.00000 -0.00000
1618942380058661 0.95345 0.30154 0.00000 -126.33567 0.30154 -0.95345 0.00000 -118.70350 0.00000 -0.00000 -1.00000 -0.00000
1618942380308665 0.90258 0.43051 0.00000 -109.85275 0.43051 -0.90258 0.00000 -135.09756 0.00000 -0.00000 -1.00000 -0.00000
1618942380558665 0.82075 0.57129 0.00000 -87.37051 0.57129 -0.82075 0.00000 -151.07158 0.00000 -0.00000 -1.00000 -0.00000
1618942380808667 0.71993 0.69405 0.00000 -63.44307 0.69405 -0.71993 0.00000 -163.00134 0.00000 -0.00000 -1.00000 -0.00000
1618942381058672 0.59300 0.80520 0.00000 -36.04795 0.80520 -0.59300 0.00000 -171.31010 0.00000 -0.00000 -1.00000 -0.00000
1618942381308676 0.43776 0.89909 0.00000 -5.56759 0.89909 -0.43776 0.00000 -175.05754 0.00000 -0.00000 -1.00000 -0.00000
1618942381558679 0.26064 0.96544 0.00000 26.62772 0.96544 -0.26064 0.00000 -172.87347 0.00000 -0.00000 -1.00000 -0.00000
1618942381809307 0.08715 0.99620 0.00000 55.53398 0.99620 -0.08715 0.00000 -165.51503 0.00000 -0.00000 -1.00000 -0.00000
1618942382059312 -0.10748 0.99421 0.00000 85.64774 0.99421 0.10748 0.00000 -151.46762 0.00000 0.00000 -1.00000 -0.00000
1618942382309313 -0.29355 0.95594 -0.00000 111.86365 0.95594 0.29355 0.00000 -132.50446 0.00000 0.00000 -1.00000 -0.00000
1618942382559319 -0.46430 0.88568 -0.00000 133.32124 0.88568 0.46430 0.00000 -109.63688 0.00000 0.00000 -1.00000 -0.00000
1618942382809324 -0.60724 0.79452 -0.00000 148.98012 0.79452 0.60724 0.00000 -85.61548 0.00000 0.00000 -1.00000 -0.00000
1618942383059961 -0.71493 0.69920 0.00000 158.61407 0.69920 0.71493 0.00000 -63.19312 0.00000 0.00000 -1.00000 -0.00000
1618942383309953 -0.79742 0.60342 0.00000 164.28823 0.60342 0.79742 0.00000 -42.68297 0.00000 0.00000 -1.00000 -0.00000
1618942383559957 -0.85167 0.52408 0.00000 166.41152 0.52408 0.85167 0.00000 -26.65913 0.00000 0.00000 -1.00000 -0.00000
1618942383809334 -0.89240 0.45124 0.00000 166.89551 0.45124 0.89240 0.00000 -12.76111 0.00000 0.00000 -1.00000 -0.00000
1618942384059962 -0.92125 0.38896 0.00000 166.14270 0.38896 0.92125 0.00000 -1.16379 0.00000 0.00000 -1.00000 -0.00000
1618942384309967 -0.93944 0.34272 0.00000 164.65605 0.34272 0.93944 0.00000 6.99636 0.00000 0.00000 -1.00000 0.00000
1618942384559969 -0.94929 0.31441 -0.00000 162.89707 0.31441 0.94929 0.00000 11.90374 0.00000 0.00000 -1.00000 0.00000
1618942384809972 -0.95377 0.30054 0.00000 161.43172 0.30054 0.95377 0.00000 14.30292 0.00000 0.00000 -1.00000 0.00000
1618942385059978 -0.95607 0.29314 -0.00000 159.76123 0.29314 0.95607 0.00000 15.58640 0.00000 0.00000 -1.00000 0.00000
1618942385309981 -0.95613 0.29293 0.00000 158.23461 0.29293 0.95613 0.00000 15.54251 0.00000 0.00000 -1.00000 0.00000
1618942385559981 -0.95478 0.29732 0.00000 156.79881 0.29732 0.95478 0.00000 14.84721 0.00000 0.00000 -1.00000 0.00000
1618942385809984 -0.94845 0.31694 0.00000 155.51132 0.31694 0.94845 0.00000 11.63628 0.00000 0.00000 -1.00000 0.00000
1618942386059362 -0.94310 0.33252 0.00000 153.95031 0.33252 0.94310 0.00000 8.91911 0.00000 0.00000 -1.00000 0.00000
1618942386309371 -0.93577 0.35262 0.00000 152.54812 0.35262 0.93577 0.00000 5.68893 0.00000 0.00000 -1.00000 0.00000
1618942386559374 -0.92312 0.38451 0.00000 150.96489 0.38451 0.92312 0.00000 0.43277 0.00000 0.00000 -1.00000 0.00000
1618942386809370 -0.90333 0.42896 0.00000 149.09812 0.42896 0.90333 0.00000 -6.90637 0.00000 0.00000 -1.00000 -0.00000
1618942387059377 -0.88032 0.47438 -0.00000 146.84342 0.47438 0.88032 0.00000 -14.50383 0.00000 0.00000 -1.00000 -0.00000
1618942387308758 -0.85677 0.51570 0.00000 144.27173 0.51570 0.85677 0.00000 -21.52273 0.00000 0.00000 -1.00000 -0.00000
1618942387558137 -0.82802 0.56071 0.00000 141.09119 0.56071 0.82802 0.00000 -29.32132 0.00000 0.00000 -1.00000 -0.00000
1618942387808136 -0.79545 0.60602 0.00000 137.40912 0.60602 0.79545 0.00000 -37.11940 0.00000 0.00000 -1.00000 -0.00000
1618942388057516 -0.76293 0.64648 0.00000 133.39158 0.64648 0.76293 0.00000 -44.25879 0.00000 0.00000 -1.00000 -0.00000
1618942388308140 -0.72838 0.68517 0.00000 129.05359 0.68517 0.72838 0.00000 -51.07680 0.00000 0.00000 -1.00000 -0.00000
1618942388558150 -0.68778 0.72592 0.00000 123.96066 0.72592 0.68778 0.00000 -58.43984 0.00000 0.00000 -1.00000 -0.00000
1618942388808154 -0.64332 0.76559 0.00000 118.31677 0.76559 0.64332 0.00000 -65.84979 0.00000 0.00000 -1.00000 -0.00000
1618942389058779 -0.60283 0.79787 0.00000 112.87080 0.79787 0.60283 0.00000 -71.79428 0.00000 0.00000 -1.00000 -0.00000
1618942389308782 -0.55719 0.83038 0.00000 106.72075 0.83038 0.55719 0.00000 -78.05913 0.00000 0.00000 -1.00000 -0.00000
1618942389558165 -0.51926 0.85462 -0.00000 101.20575 0.85462 0.51926 0.00000 -82.85220 0.00000 0.00000 -1.00000 -0.00000
1618942389808166 -0.48098 0.87673 -0.00000 95.51345 0.87673 0.48098 0.00000 -87.09853 0.00000 0.00000 -1.00000 -0.00000
1618942390058789 -0.44448 0.89579 0.00000 89.82319 0.89579 0.44448 0.00000 -91.00234 0.00000 0.00000 -1.00000 -0.00000
1618942390308171 -0.42322 0.90603 0.00000 85.72870 0.90603 0.42322 0.00000 -93.15643 0.00000 0.00000 -1.00000 -0.00000
1618942390557550 -0.40434 0.91461 -0.00000 81.76068 0.91461 0.40434 0.00000 -95.01733 0.00000 0.00000 -1.00000 -0.00000
1618942390808176 -0.38732 0.92195 0.00000 78.00079 0.92195 0.38732 0.00000 -96.41220 0.00000 0.00000 -1.00000 -0.00000
1618942391058192 -0.38049 0.92478 0.00000 75.39758 0.92478 0.38049 0.00000 -97.14340 0.00000 0.00000 -1.00000 -0.00000
1618942391308809 -0.36899 0.92943 0.00000 72.09545 0.92943 0.36899 0.00000 -98.07422 0.00000 0.00000 -1.00000 -0.00000
1618942391558811 -0.36364 0.93154 0.00000 69.49259 0.93154 0.36364 0.00000 -98.44164 0.00000 0.00000 -1.00000 -0.00000
1618942391808821 -0.36301 0.93179 0.00000 67.46318 0.93179 0.36301 0.00000 -98.61764 0.00000 0.00000 -1.00000 -0.00000
1618942392058819 -0.37021 0.92895 0.00000 66.17468 0.92895 0.37021 0.00000 -98.10620 0.00000 0.00000 -1.00000 -0.00000
1618942392308198 -0.38713 0.92202 0.00000 65.95872 0.92202 0.38713 0.00000 -96.89736 0.00000 0.00000 -1.00000 -0.00000
1618942392558203 -0.40982 0.91216 0.00000 66.38755 0.91216 0.40982 0.00000 -95.43156 0.00000 0.00000 -1.00000 -0.00000
1618942392808829 -0.44221 0.89691 0.00000 67.74771 0.89691 0.44221 0.00000 -92.86914 0.00000 0.00000 -1.00000 -0.00000
1618942393058834 -0.47987 0.87734 0.00000 69.60928 0.87734 0.47987 0.00000 -89.96993 0.00000 0.00000 -1.00000 -0.00000
1618942393308840 -0.52033 0.85396 -0.00000 71.78686 0.85396 0.52033 0.00000 -86.72701 0.00000 0.00000 -1.00000 -0.00000
1618942393558214 -0.56664 0.82397 0.00000 74.55156 0.82397 0.56664 0.00000 -82.71955 0.00000 0.00000 -1.00000 -0.00000
1618942393808844 -0.60667 0.79496 0.00000 76.63910 0.79496 0.60667 0.00000 -78.92530 0.00000 0.00000 -1.00000 -0.00000
1618942394058845 -0.64954 0.76033 -0.00000 79.02079 0.76033 0.64954 0.00000 -74.82270 0.00000 0.00000 -1.00000 -0.00000
1618942394308851 -0.69469 0.71931 0.00000 81.57717 0.71931 0.69469 0.00000 -70.02600 0.00000 0.00000 -1.00000 -0.00000
1618942394558852 -0.74352 0.66872 0.00000 84.55019 0.66872 0.74352 0.00000 -64.27268 0.00000 0.00000 -1.00000 -0.00000
1618942394808857 -0.78434 0.62034 0.00000 86.19931 0.62034 0.78434 0.00000 -58.65547 0.00000 0.00000 -1.00000 -0.00000
1618942395058860 -0.82633 0.56318 0.00000 88.33063 0.56318 0.82633 0.00000 -52.54754 0.00000 0.00000 -1.00000 -0.00000
1618942395308864 -0.86147 0.50780 -0.00000 89.68954 0.50780 0.86147 0.00000 -46.59368 0.00000 0.00000 -1.00000 -0.00000
1618942395558868 -0.89463 0.44681 -0.00000 90.77832 0.44681 0.89463 0.00000 -40.20721 0.00000 0.00000 -1.00000 -0.00000
1618942395808868 -0.92644 0.37644 -0.00000 91.86568 0.37644 0.92644 0.00000 -33.23290 0.00000 0.00000 -1.00000 -0.00000
1618942396058873 -0.95083 0.30972 0.00000 92.09879 0.30972 0.95083 0.00000 -26.63811 0.00000 0.00000 -1.00000 -0.00000
1618942396308876 -0.96867 0.24837 0.00000 91.72492 0.24837 0.96867 0.00000 -20.79428 0.00000 0.00000 -1.00000 -0.00000
1618942396558885 -0.98090 0.19452 0.00000 90.88827 0.19452 0.98090 0.00000 -15.79264 0.00000 0.00000 -1.00000 -0.00000
1618942396809508 -0.98982 0.14232 0.00000 89.60273 0.14232 0.98982 0.00000 -10.99053 0.00000 0.00000 -1.00000 -0.00000
1618942397059515 -0.99555 0.09427 -0.00000 88.05965 0.09427 0.99555 0.00000 -6.59223 0.00000 0.00000 -1.00000 -0.00000
1618942397308892 -0.99874 0.05022 0.00000 86.27771 0.05022 0.99874 0.00000 -2.75209 0.00000 0.00000 -1.00000 -0.00000
1618942397559520 -0.99983 0.01853 0.00000 84.35644 0.01853 0.99983 0.00000 0.07313 0.00000 0.00000 -1.00000 0.00000
1618942397808897 -0.99998 -0.00706 0.00000 82.28795 -0.00706 0.99998 0.00000 2.02263 -0.00000 0.00000 -1.00000 0.00000
1618942398058902 -0.99983 -0.01824 -0.00000 80.26185 -0.01824 0.99983 0.00000 3.06770 -0.00000 0.00000 -1.00000 0.00000
1618942398308901 -0.99951 -0.03120 0.00000 78.15265 -0.03120 0.99951 0.00000 4.10808 -0.00000 0.00000 -1.00000 0.00000
1618942398558906 -0.99944 -0.03341 0.00000 76.08734 -0.03341 0.99944 0.00000 4.30135 -0.00000 0.00000 -1.00000 0.00000
1618942398808288 -0.99884 -0.04805 0.00000 73.93977 -0.04805 0.99884 0.00000 5.30248 -0.00000 0.00000 -1.00000 0.00000
1618942399058922 -0.99904 -0.04383 0.00000 71.84947 -0.04383 0.99904 0.00000 5.01508 -0.00000 0.00000 -1.00000 0.00000
1618942399308294 -0.99892 -0.04656 0.00000 69.79525 -0.04656 0.99892 0.00000 5.11814 -0.00000 0.00000 -1.00000 0.00000
1618942399557670 -0.99885 -0.04796 0.00000 67.61802 -0.04796 0.99885 0.00000 5.22629 -0.00000 0.00000 -1.00000 0.00000
1618942399807672 -0.99889 -0.04713 0.00000 65.53411 -0.04713 0.99889 0.00000 5.07859 -0.00000 0.00000 -1.00000 0.00000
1618942400058301 -0.99893 -0.04623 0.00000 63.42958 -0.04623 0.99893 0.00000 5.06499 -0.00000 0.00000 -1.00000 0.00000
1618942400308305 -0.99906 -0.04326 -0.00000 61.32001 -0.04326 0.99906 0.00000 4.80400 -0.00000 0.00000 -1.00000 0.00000
1618942400558311 -0.99904 -0.04378 0.00000 59.20509 -0.04378 0.99904 0.00000 4.73057 -0.00000 0.00000 -1.00000 0.00000
1618942400808938 -0.99906 -0.04346 0.00000 57.05663 -0.04346 0.99906 0.00000 4.75653 -0.00000 0.00000 -1.00000 0.00000
1618942401058319 -0.99877 -0.04952 0.00000 54.98425 -0.04952 0.99877 0.00000 4.98986 -0.00000 0.00000 -1.00000 0.00000
1618942401308320 -0.99843 -0.05608 0.00000 52.89559 -0.05608 0.99843 0.00000 5.27175 -0.00000 0.00000 -1.00000 0.00000
1618942401558322 -0.99766 -0.06840 0.00000 50.65316 -0.06840 0.99766 0.00000 5.81454 -0.00000 0.00000 -1.00000 0.00000
1618942401808325 -0.99703 -0.07705 0.00000 48.59326 -0.07705 0.99703 0.00000 6.41582 -0.00000 0.00000 -1.00000 0.00000
1618942402058329 -0.99650 -0.08354 0.00000 46.47690 -0.08354 0.99650 0.00000 6.63557 -0.00000 0.00000 -1.00000 0.00000
1618942402308331 -0.99653 -0.08321 0.00000 44.34438 -0.08321 0.99653 0.00000 6.56051 -0.00000 0.00000 -1.00000 0.00000
1618942402558335 -0.99753 -0.07021 0.00000 42.35854 -0.07021 0.99753 0.00000 6.06035 -0.00000 0.00000 -1.00000 0.00000
1618942402807714 -0.99894 -0.04602 0.00000 40.50412 -0.04602 0.99894 0.00000 4.83665 -0.00000 0.00000 -1.00000 0.00000
1618942403058341 -0.99970 -0.02436 0.00000 38.54293 -0.02436 0.99970 0.00000 4.16182 -0.00000 0.00000 -1.00000 0.00000
1618942403308343 -0.99999 -0.00376 0.00000 36.55464 -0.00376 0.99999 0.00000 3.16742 -0.00000 0.00000 -1.00000 0.00000
1618942403558348 -0.99997 0.00732 0.00000 34.62001 0.00732 0.99997 0.00000 2.66132 0.00000 0.00000 -1.00000 0.00000
1618942403808350 -0.99984 0.01806 0.00000 32.58325 0.01806 0.99984 0.00000 2.34628 0.00000 0.00000 -1.00000 0.00000
1618942404058351 -0.99948 0.03211 0.00000 30.51028 0.03211 0.99948 0.00000 1.74987 0.00000 0.00000 -1.00000 0.00000
1618942404308358 -0.99894 0.04610 0.00000 28.50796 0.04610 0.99894 0.00000 1.49769 0.00000 0.00000 -1.00000 0.00000
1618942404558361 -0.99869 0.05125 0.00000 26.45140 0.05125 0.99869 0.00000 1.15220 0.00000 0.00000 -1.00000 0.00000
1618942404808365 -0.99850 0.05469 0.00000 24.27615 0.05469 0.99850 0.00000 0.97811 0.00000 0.00000 -1.00000 0.00000
1618942405058368 -0.99802 0.06284 0.00000 22.10164 0.06284 0.99802 0.00000 0.77810 0.00000 0.00000 -1.00000 0.00000
1618942405308372 -0.99801 0.06301 -0.00000 19.99941 0.06301 0.99801 0.00000 0.69084 0.00000 0.00000 -1.00000 0.00000
1618942405558373 -0.99836 0.05731 0.00000 17.74055 0.05731 0.99836 0.00000 0.85814 0.00000 0.00000 -1.00000 0.00000
1618942405808378 -0.99758 0.06953 0.00000 15.59814 0.06953 0.99758 0.00000 0.60491 0.00000 0.00000 -1.00000 0.00000
1618942406057758 -0.99795 0.06397 0.00000 13.45548 0.06397 0.99795 0.00000 0.66800 0.00000 0.00000 -1.00000 0.00000
1618942406307763 -0.99794 0.06410 0.00000 11.24282 0.06410 0.99794 0.00000 0.64374 0.00000 0.00000 -1.00000 0.00000
1618942406558389 -0.99750 0.07070 -0.00000 9.11713 0.07070 0.99750 0.00000 0.55406 0.00000 0.00000 -1.00000 0.00000
1618942406808393 -0.99791 0.06469 -0.00000 6.94638 0.06469 0.99791 0.00000 0.62584 0.00000 0.00000 -1.00000 0.00000
1618942407059030 -0.99745 0.07142 -0.00000 4.75551 0.07142 0.99745 0.00000 0.53125 0.00000 0.00000 -1.00000 0.00000
1618942407309024 -0.99777 0.06676 0.00000 2.60185 0.06676 0.99777 0.00000 0.60283 0.00000 0.00000 -1.00000 0.00000
1618942407559029 -0.99772 0.06742 0.00000 0.42866 0.06742 0.99772 0.00000 0.60720 0.00000 0.00000 -1.00000 0.00000
1618942407808403 -0.99808 0.06189 0.00000 -1.70638 0.06189 0.99808 0.00000 0.44116 0.00000 0.00000 -1.00000 0.00000
1618942408058406 -0.99825 0.05917 0.00000 -3.81346 0.05917 0.99825 0.00000 0.46702 0.00000 0.00000 -1.00000 0.00000
1618942408308414 -0.99801 0.06303 0.00000 -5.90099 0.06303 0.99801 0.00000 0.41391 0.00000 0.00000 -1.00000 0.00000
1618942408557790 -0.99843 0.05606 -0.00000 -8.08504 0.05606 0.99843 0.00000 0.26037 0.00000 0.00000 -1.00000 0.00000
1618942408808415 -0.99824 0.05922 0.00000 -10.15189 0.05922 0.99824 0.00000 0.26951 0.00000 0.00000 -1.00000 0.00000
1618942409058420 -0.99863 0.05232 0.00000 -12.24897 0.05232 0.99863 0.00000 0.33476 0.00000 0.00000 -1.00000 0.00000
1618942409308423 -0.99834 0.05753 0.00000 -14.40927 0.05753 0.99834 0.00000 0.21547 0.00000 0.00000 -1.00000 0.00000
1618942409558427 -0.99887 0.04753 0.00000 -16.42098 0.04753 0.99887 0.00000 0.24699 0.00000 0.00000 -1.00000 0.00000
1618942409808427 -0.99861 0.05269 0.00000 -18.53849 0.05269 0.99861 0.00000 0.04425 0.00000 0.00000 -1.00000 0.00000
1618942410058433 -0.99868 0.05144 0.00000 -20.65787 0.05144 0.99868 0.00000 0.15602 0.00000 0.00000 -1.00000 0.00000
1618942410308435 -0.99914 0.04135 -0.00000 -22.67722 0.04135 0.99914 0.00000 -0.26218 0.00000 0.00000 -1.00000 -0.00000
1618942410558439 -0.99928 0.03796 0.00000 -24.75744 0.03796 0.99928 0.00000 -0.23451 0.00000 0.00000 -1.00000 -0.00000
1618942410808442 -0.99937 0.03536 0.00000 -26.86770 0.03536 0.99937 0.00000 -0.45272 0.00000 0.00000 -1.00000 -0.00000
1618942411057816 -0.99963 0.02723 0.00000 -28.91927 0.02723 0.99963 0.00000 -0.82858 0.00000 0.00000 -1.00000 -0.00000
1618942411307822 -0.99970 0.02459 -0.00000 -31.01954 0.02459 0.99970 0.00000 -0.82755 0.00000 0.00000 -1.00000 -0.00000
1618942411558453 -0.99986 0.01645 0.00000 -32.96106 0.01645 0.99986 0.00000 -0.96854 0.00000 0.00000 -1.00000 -0.00000
1618942411808456 -0.99992 0.01244 0.00000 -35.02642 0.01244 0.99992 0.00000 -1.06537 0.00000 0.00000 -1.00000 -0.00000
1618942412058461 -0.99995 0.01026 0.00000 -36.94335 0.01026 0.99995 0.00000 -1.16493 0.00000 0.00000 -1.00000 -0.00000
1618942412308465 -1.00000 -0.00136 -0.00000 -38.98017 -0.00136 1.00000 0.00000 -1.69743 -0.00000 0.00000 -1.00000 -0.00000
1618942412558468 -0.99995 -0.00956 0.00000 -41.04175 -0.00956 0.99995 0.00000 -2.00599 -0.00000 0.00000 -1.00000 -0.00000
1618942412808473 -0.99998 -0.00702 0.00000 -43.00295 -0.00702 0.99998 0.00000 -1.96496 -0.00000 0.00000 -1.00000 -0.00000
1618942413058470 -0.99994 -0.01101 0.00000 -44.96314 -0.01101 0.99994 0.00000 -2.11710 -0.00000 0.00000 -1.00000 -0.00000
1618942413308475 -0.99974 -0.02281 -0.00000 -46.84398 -0.02281 0.99974 0.00000 -2.69653 -0.00000 0.00000 -1.00000 -0.00000
1618942413558479 -0.99971 -0.02402 0.00000 -48.79340 -0.02402 0.99971 0.00000 -2.88525 -0.00000 0.00000 -1.00000 -0.00000
1618942413807852 -0.99969 -0.02504 -0.00000 -50.65557 -0.02504 0.99969 0.00000 -2.95092 -0.00000 0.00000 -1.00000 -0.00000
1618942414057863 -0.99979 -0.02041 -0.00000 -52.57039 -0.02041 0.99979 0.00000 -2.74645 -0.00000 0.00000 -1.00000 -0.00000
1618942414308494 -0.99991 -0.01333 0.00000 -54.38615 -0.01333 0.99991 0.00000 -2.35449 -0.00000 0.00000 -1.00000 -0.00000
1618942414559119 -0.99997 0.00714 0.00000 -56.14604 0.00714 0.99997 0.00000 -1.27349 0.00000 0.00000 -1.00000 -0.00000
1618942414809122 -0.99981 0.01937 -0.00000 -57.74778 0.01937 0.99981 0.00000 -0.53475 0.00000 0.00000 -1.00000 -0.00000
1618942415059133 -0.99888 0.04738 0.00000 -59.26182 0.04738 0.99888 0.00000 1.00437 0.00000 0.00000 -1.00000 0.00000
1618942415309128 -0.99748 0.07090 0.00000 -60.67266 0.07090 0.99748 0.00000 2.37084 0.00000 0.00000 -1.00000 0.00000
1618942415559134 -0.99411 0.10837 0.00000 -61.82336 0.10837 0.99411 0.00000 4.61985 0.00000 0.00000 -1.00000 0.00000
1618942415809137 -0.98773 0.15619 0.00000 -62.79582 0.15619 0.98773 0.00000 7.62376 0.00000 0.00000 -1.00000 0.00000
1618942416058517 -0.97804 0.20840 0.00000 -63.41389 0.20840 0.97804 0.00000 10.92089 0.00000 0.00000 -1.00000 0.00000
1618942416308515 -0.96092 0.27683 0.00000 -63.55819 0.27683 0.96092 0.00000 15.37740 0.00000 0.00000 -1.00000 0.00000
1618942416558522 -0.93415 0.35689 -0.00000 -63.09976 0.35689 0.93415 0.00000 20.63695 0.00000 0.00000 -1.00000 0.00000
1618942416808523 -0.89707 0.44189 0.00000 -61.95665 0.44189 0.89707 0.00000 26.32608 0.00000 0.00000 -1.00000 0.00000
1618942417058525 -0.84325 0.53753 0.00000 -59.65159 0.53753 0.84325 0.00000 32.81712 0.00000 0.00000 -1.00000 0.00000
1618942417308530 -0.77762 0.62873 0.00000 -56.56051 0.62873 0.77762 0.00000 39.31797 0.00000 0.00000 -1.00000 0.00000
1618942417558537 -0.69925 0.71488 0.00000 -52.58893 0.71488 0.69925 0.00000 45.61762 0.00000 0.00000 -1.00000 0.00000
1618942417807909 -0.61289 0.79017 0.00000 -47.93789 0.79017 0.61289 0.00000 51.19071 0.00000 0.00000 -1.00000 0.00000
1618942418057915 -0.52116 0.85346 0.00000 -42.93988 0.85346 0.52116 0.00000 56.39184 0.00000 0.00000 -1.00000 0.00000
1618942418307919 -0.43057 0.90256 0.00000 -37.80947 0.90256 0.43057 0.00000 60.38540 0.00000 0.00000 -1.00000 0.00000
1618942418558548 -0.32714 0.94498 0.00000 -31.69691 0.94498 0.32714 0.00000 64.25997 0.00000 0.00000 -1.00000 0.00000
