1635866214305464 1.00000 0.00000 0.00000 -0.00000 0.00000 -1.00000 0.00000 0.00000 0.00000 -0.00000 -1.00000 0.00000
1635866214554723 1.00000 -0.00007 0.00000 -0.00190 -0.00007 -1.00000 0.00000 0.00324 -0.00000 -0.00000 -1.00000 0.00000
1635866214803855 1.00000 -0.00017 0.00000 0.00633 -0.00017 -1.00000 0.00000 -0.00145 -0.00000 -0.00000 -1.00000 -0.00000
1635866215052690 1.00000 -0.00030 0.00000 0.00473 -0.00030 -1.00000 0.00000 0.00064 -0.00000 -0.00000 -1.00000 0.00000
1635866215302113 1.00000 -0.00044 0.00000 0.00859 -0.00044 -1.00000 0.00000 0.00024 -0.00000 -0.00000 -1.00000 0.00000
1635866215551409 1.00000 -0.00032 0.00000 0.00307 -0.00032 -1.00000 0.00000 -0.00358 -0.00000 -0.00000 -1.00000 -0.00000
1635866215800623 1.00000 -0.00008 0.00000 0.00428 -0.00008 -1.00000 0.00000 -0.00360 -0.00000 -0.00000 -1.00000 -0.00000
1635866216049532 1.00000 -0.00043 -0.00000 0.01470 -0.00043 -1.00000 0.00000 0.00042 -0.00000 -0.00000 -1.00000 0.00000
1635866216298806 1.00000 -0.00036 -0.00000 0.00506 -0.00036 -1.00000 0.00000 0.00492 -0.00000 -0.00000 -1.00000 0.00000
1635866216547867 1.00000 -0.00026 -0.00000 0.00982 -0.00026 -1.00000 0.00000 -0.00334 -0.00000 -0.00000 -1.00000 -0.00000
1635866216797204 1.00000 -0.00028 -0.00000 0.01362 -0.00028 -1.00000 0.00000 0.00353 -0.00000 -0.00000 -1.00000 0.00000
1635866217046669 1.00000 -0.00050 0.00000 0.00368 -0.00050 -1.00000 0.00000 0.00609 -0.00000 -0.00000 -1.00000 0.00000
1635866217295968 1.00000 -0.00036 0.00000 0.00503 -0.00036 -1.00000 0.00000 0.00226 -0.00000 -0.00000 -1.00000 0.00000
1635866217545233 1.00000 -0.00061 -0.00000 0.01022 -0.00061 -1.00000 0.00000 0.00312 -0.00000 -0.00000 -1.00000 0.00000
1635866217794477 1.00000 -0.00033 0.00000 -0.00113 -0.00033 -1.00000 0.00000 0.00866 -0.00000 -0.00000 -1.00000 0.00000
1635866218043462 1.00000 -0.00055 0.00000 -0.01861 -0.00055 -1.00000 0.00000 0.00018 -0.00000 -0.00000 -1.00000 0.00000
1635866218292459 1.00000 -0.00110 -0.00000 -0.04611 -0.00110 -1.00000 0.00000 0.00081 -0.00000 -0.00000 -1.00000 0.00000
1635866218541726 1.00000 -0.00154 0.00000 -0.10407 -0.00154 -1.00000 0.00000 0.00849 -0.00000 -0.00000 -1.00000 0.00000
1635866218790740 0.99999 -0.00363 0.00000 -0.15246 -0.00363 -0.99999 0.00000 0.01676 -0.00000 -0.00000 -1.00000 0.00000
1635866219040180 0.99995 -0.00987 0.00000 -0.24309 -0.00987 -0.99995 0.00000 -0.01697 -0.00000 -0.00000 -1.00000 -0.00000
1635866219289371 0.99979 -0.02040 0.00000 -0.41291 -0.02040 -0.99979 0.00000 -0.01858 -0.00000 -0.00000 -1.00000 -0.00000
1635866219538444 0.99936 -0.03584 -0.00000 -0.65835 -0.03584 -0.99936 0.00000 -0.01167 -0.00000 -0.00000 -1.00000 -0.00000
1635866219787617 0.99815 -0.06076 0.00000 -0.98440 -0.06076 -0.99815 0.00000 0.00131 -0.00000 -0.00000 -1.00000 0.00000
1635866220036696 0.99658 -0.08262 0.00000 -1.33388 -0.08262 -0.99658 0.00000 -0.01947 -0.00000 -0.00000 -1.00000 -0.00000
1635866220285727 0.99473 -0.10256 0.00000 -1.82802 -0.10256 -0.99473 0.00000 -0.03067 -0.00000 -0.00000 -1.00000 -0.00000
1635866220534899 0.99402 -0.10923 0.00000 -2.41119 -0.10923 -0.99402 0.00000 -0.06267 -0.00000 -0.00000 -1.00000 -0.00000
1635866220784136 0.99396 -0.10975 0.00000 -3.08963 -0.10975 -0.99396 0.00000 -0.00133 -0.00000 -0.00000 -1.00000 -0.00000
1635866221033052 0.99432 -0.10644 0.00000 -3.88350 -0.10644 -0.99432 0.00000 0.02392 -0.00000 -0.00000 -1.00000 0.00000
1635866221281861 0.99405 -0.10895 0.00000 -4.65743 -0.10895 -0.99405 0.00000 -0.04069 -0.00000 -0.00000 -1.00000 -0.00000
1635866221531373 0.99444 -0.10532 0.00000 -5.53709 -0.10532 -0.99444 0.00000 -0.06382 -0.00000 -0.00000 -1.00000 -0.00000
1635866221780462 0.99487 -0.10119 0.00000 -6.46298 -0.10119 -0.99487 0.00000 -0.08358 -0.00000 -0.00000 -1.00000 -0.00000
1635866222030009 0.99496 -0.10027 0.00000 -7.49039 -0.10027 -0.99496 0.00000 -0.06343 -0.00000 -0.00000 -1.00000 -0.00000
1635866222279027 0.99472 -0.10260 0.00000 -8.53982 -0.10260 -0.99472 0.00000 -0.07669 -0.00000 -0.00000 -1.00000 -0.00000
1635866222528047 0.99426 -0.10696 -0.00000 -9.68122 -0.10696 -0.99426 0.00000 -0.00902 -0.00000 -0.00000 -1.00000 -0.00000
1635866222777493 0.99379 -0.11129 0.00000 -10.84104 -0.11129 -0.99379 0.00000 0.01640 -0.00000 -0.00000 -1.00000 0.00000
1635866223026710 0.99275 -0.12016 0.00000 -12.03327 -0.12016 -0.99275 0.00000 0.15866 -0.00000 -0.00000 -1.00000 0.00000
1635866223276102 0.99156 -0.12965 0.00000 -13.24125 -0.12965 -0.99156 0.00000 0.29549 -0.00000 -0.00000 -1.00000 0.00000
1635866223525329 0.99017 -0.13988 0.00000 -14.56258 -0.13988 -0.99017 0.00000 0.43131 -0.00000 -0.00000 -1.00000 0.00000
1635866223774135 0.98940 -0.14522 -0.00000 -15.89925 -0.14522 -0.98940 0.00000 0.54231 -0.00000 -0.00000 -1.00000 0.00000
1635866224023219 0.98737 -0.15841 0.00000 -17.26732 -0.15841 -0.98737 0.00000 0.66930 -0.00000 -0.00000 -1.00000 0.00000
1635866224272603 0.98720 -0.15946 0.00000 -18.69521 -0.15946 -0.98720 0.00000 0.66750 -0.00000 -0.00000 -1.00000 0.00000
1635866224521680 0.98717 -0.15970 0.00000 -20.09845 -0.15970 -0.98717 0.00000 0.63975 -0.00000 -0.00000 -1.00000 0.00000
1635866224770399 0.98776 -0.15597 0.00000 -21.55029 -0.15597 -0.98776 0.00000 0.58111 -0.00000 -0.00000 -1.00000 0.00000
1635866225019896 0.99007 -0.14057 -0.00000 -23.07685 -0.14057 -0.99007 0.00000 0.14775 -0.00000 -0.00000 -1.00000 0.00000
1635866225269027 0.99268 -0.12074 0.00000 -24.57811 -0.12074 -0.99268 0.00000 -0.31672 -0.00000 -0.00000 -1.00000 -0.00000
1635866225518529 0.99458 -0.10401 -0.00000 -26.05147 -0.10401 -0.99458 0.00000 -0.69519 -0.00000 -0.00000 -1.00000 -0.00000
1635866225767698 0.99595 -0.08990 0.00000 -27.47929 -0.08990 -0.99595 0.00000 -1.19250 -0.00000 -0.00000 -1.00000 -0.00000
1635866226016819 0.99722 -0.07452 -0.00000 -28.90290 -0.07452 -0.99722 0.00000 -1.58267 -0.00000 -0.00000 -1.00000 -0.00000
1635866226266136 0.99818 -0.06037 0.00000 -30.28530 -0.06037 -0.99818 0.00000 -1.91818 -0.00000 -0.00000 -1.00000 -0.00000
1635866226515330 0.99883 -0.04826 0.00000 -31.68242 -0.04826 -0.99883 0.00000 -2.37473 -0.00000 -0.00000 -1.00000 -0.00000
1635866226764769 0.99902 -0.04421 -0.00000 -33.20265 -0.04421 -0.99902 0.00000 -2.55508 -0.00000 -0.00000 -1.00000 -0.00000
1635866227013704 0.99913 -0.04176 0.00000 -34.66486 -0.04176 -0.99913 0.00000 -2.59168 -0.00000 -0.00000 -1.00000 -0.00000
1635866227262655 0.99919 -0.04035 -0.00000 -36.22323 -0.04035 -0.99919 0.00000 -2.72312 -0.00000 -0.00000 -1.00000 -0.00000
1635866227512053 0.99950 -0.03157 0.00000 -37.83874 -0.03157 -0.99950 0.00000 -3.06941 -0.00000 -0.00000 -1.00000 -0.00000
1635866227760750 0.99977 -0.02152 0.00000 -39.35983 -0.02152 -0.99977 0.00000 -3.44265 -0.00000 -0.00000 -1.00000 -0.00000
1635866228010288 0.99996 -0.00915 0.00000 -40.98768 -0.00915 -0.99996 0.00000 -3.94781 -0.00000 -0.00000 -1.00000 -0.00000
1635866228259251 0.99999 0.00400 0.00000 -42.60038 0.00400 -0.99999 0.00000 -4.48713 0.00000 -0.00000 -1.00000 -0.00000
1635866228508346 0.99985 0.01751 0.00000 -44.20137 0.01751 -0.99985 0.00000 -5.06628 0.00000 -0.00000 -1.00000 -0.00000
1635866228757725 0.99959 0.02869 0.00000 -45.75812 0.02869 -0.99959 0.00000 -5.51319 0.00000 -0.00000 -1.00000 -0.00000
1635866229007122 0.99932 0.03687 0.00000 -47.39220 0.03687 -0.99932 0.00000 -5.96910 0.00000 -0.00000 -1.00000 -0.00000
1635866229256445 0.99939 0.03484 0.00000 -49.15433 0.03484 -0.99939 0.00000 -5.89812 0.00000 -0.00000 -1.00000 -0.00000
1635866229505681 0.99934 0.03635 0.00000 -50.91794 0.03635 -0.99934 0.00000 -5.98883 0.00000 -0.00000 -1.00000 -0.00000
1635866229755371 0.99940 0.03473 0.00000 -52.71049 0.03473 -0.99940 0.00000 -5.93142 0.00000 -0.00000 -1.00000 -0.00000
1635866230004324 0.99930 0.03734 -0.00000 -54.47323 0.03734 -0.99930 0.00000 -6.05696 0.00000 -0.00000 -1.00000 -0.00000
1635866230253289 0.99940 0.03463 0.00000 -56.36279 0.03463 -0.99940 0.00000 -5.99053 0.00000 -0.00000 -1.00000 -0.00000
1635866230502557 0.99951 0.03119 0.00000 -58.22198 0.03119 -0.99951 0.00000 -5.79628 0.00000 -0.00000 -1.00000 -0.00000
1635866230751621 0.99951 0.03114 0.00000 -60.11070 0.03114 -0.99951 0.00000 -5.80153 0.00000 -0.00000 -1.00000 -0.00000
1635866231000488 0.99960 0.02842 0.00000 -62.03827 0.02842 -0.99960 0.00000 -5.67183 0.00000 -0.00000 -1.00000 -0.00000
1635866231249806 0.99949 0.03193 0.00000 -63.98112 0.03193 -0.99949 0.00000 -5.97314 0.00000 -0.00000 -1.00000 -0.00000
1635866231499255 0.99942 0.03394 0.00000 -65.97429 0.03394 -0.99942 0.00000 -6.16456 0.00000 -0.00000 -1.00000 -0.00000
1635866231748398 0.99956 0.02959 0.00000 -68.06090 0.02959 -0.99956 0.00000 -5.89244 0.00000 -0.00000 -1.00000 -0.00000
1635866231997458 0.99956 0.02962 0.00000 -70.04694 0.02962 -0.99956 0.00000 -5.83040 0.00000 -0.00000 -1.00000 -0.00000
1635866232246880 0.99960 0.02820 0.00000 -72.08083 0.02820 -0.99960 0.00000 -5.70704 0.00000 -0.00000 -1.00000 -0.00000
1635866232496095 0.99979 0.02070 0.00000 -74.17618 0.02070 -0.99979 0.00000 -5.20032 0.00000 -0.00000 -1.00000 -0.00000
1635866232745387 0.99990 0.01435 0.00000 -76.28117 0.01435 -0.99990 0.00000 -4.74577 0.00000 -0.00000 -1.00000 -0.00000
1635866232994647 0.99997 0.00760 0.00000 -78.34197 0.00760 -0.99997 0.00000 -4.21282 0.00000 -0.00000 -1.00000 -0.00000
1635866233244082 0.99999 -0.00373 0.00000 -80.43118 -0.00373 -0.99999 0.00000 -3.32437 -0.00000 -0.00000 -1.00000 -0.00000
1635866233493350 0.99993 -0.01143 0.00000 -82.51151 -0.01143 -0.99993 0.00000 -2.70578 -0.00000 -0.00000 -1.00000 -0.00000
1635866233743098 0.99930 -0.03746 0.00000 -84.55601 -0.03746 -0.99930 0.00000 -0.56050 -0.00000 -0.00000 -1.00000 -0.00000
1635866233992125 0.99752 -0.07041 0.00000 -86.53772 -0.07041 -0.99752 0.00000 2.24819 -0.00000 -0.00000 -1.00000 0.00000
1635866234241378 0.99442 -0.10551 0.00000 -88.46426 -0.10551 -0.99442 0.00000 5.29472 -0.00000 -0.00000 -1.00000 0.00000
1635866234490758 0.98991 -0.14170 0.00000 -90.20472 -0.14170 -0.98991 0.00000 8.49111 -0.00000 -0.00000 -1.00000 0.00000
1635866234740304 0.98265 -0.18545 -0.00000 -91.74890 -0.18545 -0.98265 0.00000 12.53240 -0.00000 -0.00000 -1.00000 0.00000
1635866234989496 0.97130 -0.23787 0.00000 -92.89845 -0.23787 -0.97130 0.00000 17.44203 -0.00000 -0.00000 -1.00000 0.00000
1635866235239001 0.95668 -0.29114 0.00000 -93.71362 -0.29114 -0.95668 0.00000 22.51495 -0.00000 -0.00000 -1.00000 0.00000
1635866235488276 0.94125 -0.33770 0.00000 -94.47045 -0.33770 -0.94125 0.00000 27.04561 -0.00000 -0.00000 -1.00000 0.00000
1635866235737375 0.92094 -0.38969 0.00000 -94.72207 -0.38969 -0.92094 0.00000 32.29832 -0.00000 -0.00000 -1.00000 0.00000
1635866235986732 0.89844 -0.43910 0.00000 -94.75818 -0.43910 -0.89844 0.00000 37.42146 -0.00000 -0.00000 -1.00000 0.00000
1635866236235594 0.87368 -0.48650 0.00000 -94.53197 -0.48650 -0.87368 0.00000 42.45131 -0.00000 -0.00000 -1.00000 0.00000
1635866236484848 0.84464 -0.53533 -0.00000 -93.89098 -0.53533 -0.84464 0.00000 47.79041 -0.00000 -0.00000 -1.00000 0.00000
1635866236733911 0.80922 -0.58751 0.00000 -92.65694 -0.58751 -0.80922 0.00000 53.67275 -0.00000 -0.00000 -1.00000 0.00000
1635866236983634 0.77073 -0.63716 -0.00000 -90.92692 -0.63716 -0.77073 0.00000 59.40837 -0.00000 -0.00000 -1.00000 0.00000
1635866237233051 0.72608 -0.68761 0.00000 -88.47579 -0.68761 -0.72608 0.00000 65.36545 -0.00000 -0.00000 -1.00000 0.00000
1635866237482645 0.67749 -0.73553 0.00000 -85.59787 -0.73553 -0.67749 0.00000 71.25214 -0.00000 -0.00000 -1.00000 0.00000
1635866237731918 0.62692 -0.77909 0.00000 -82.39700 -0.77909 -0.62692 0.00000 76.83777 -0.00000 -0.00000 -1.00000 0.00000
1635866237981128 0.57631 -0.81723 0.00000 -79.09540 -0.81723 -0.57631 0.00000 81.83794 -0.00000 -0.00000 -1.00000 0.00000
1635866238230128 0.52779 -0.84937 0.00000 -75.89686 -0.84937 -0.52779 0.00000 86.31137 -0.00000 -0.00000 -1.00000 0.00000
1635866238479239 0.48611 -0.87390 0.00000 -73.31573 -0.87390 -0.48611 0.00000 89.79827 -0.00000 -0.00000 -1.00000 0.00000
1635866238728557 0.45267 -0.89168 0.00000 -71.56683 -0.89168 -0.45267 0.00000 92.53966 -0.00000 -0.00000 -1.00000 0.00000
1635866238977937 0.41602 -0.90936 0.00000 -69.42775 -0.90936 -0.41602 0.00000 95.37015 -0.00000 -0.00000 -1.00000 0.00000
1635866239226999 0.38349 -0.92354 0.00000 -67.64623 -0.92354 -0.38349 0.00000 97.75458 -0.00000 -0.00000 -1.00000 0.00000
1635866239476084 0.35370 -0.93536 0.00000 -66.13379 -0.93536 -0.35370 0.00000 99.85730 -0.00000 -0.00000 -1.00000 0.00000
1635866239725595 0.33602 -0.94186 0.00000 -65.91895 -0.94186 -0.33602 0.00000 101.11911 -0.00000 -0.00000 -1.00000 0.00000
1635866239974349 0.33319 -0.94286 0.00000 -67.25066 -0.94286 -0.33319 0.00000 101.21904 -0.00000 -0.00000 -1.00000 0.00000
1635866240223411 0.34687 -0.93791 0.00000 -70.37635 -0.93791 -0.34687 0.00000 100.17818 -0.00000 -0.00000 -1.00000 0.00000
1635866240472687 0.36977 -0.92912 0.00000 -74.49441 -0.92912 -0.36977 0.00000 98.42453 -0.00000 -0.00000 -1.00000 0.00000
1635866240721492 0.39343 -0.91935 0.00000 -78.78273 -0.91935 -0.39343 0.00000 96.54847 -0.00000 -0.00000 -1.00000 0.00000
1635866240971029 0.41599 -0.90937 0.00000 -82.93591 -0.90937 -0.41599 0.00000 94.58326 -0.00000 -0.00000 -1.00000 0.00000
1635866241220453 0.43613 -0.89989 0.00000 -86.74154 -0.89989 -0.43613 0.00000 92.68526 -0.00000 -0.00000 -1.00000 0.00000
1635866241469715 0.45305 -0.89148 0.00000 -90.16536 -0.89148 -0.45305 0.00000 90.94996 -0.00000 -0.00000 -1.00000 0.00000
1635866241718983 0.46997 -0.88268 0.00000 -93.60165 -0.88268 -0.46997 0.00000 89.16060 -0.00000 -0.00000 -1.00000 0.00000
1635866241967741 0.48766 -0.87303 0.00000 -97.10646 -0.87303 -0.48766 0.00000 87.32152 -0.00000 -0.00000 -1.00000 0.00000
1635866242216823 0.50404 -0.86368 0.00000 -100.43551 -0.86368 -0.50404 0.00000 85.47171 -0.00000 -0.00000 -1.00000 0.00000
1635866242466170 0.52169 -0.85314 -0.00000 -103.83790 -0.85314 -0.52169 0.00000 83.33808 -0.00000 -0.00000 -1.00000 0.00000
1635866242715645 0.53712 -0.84351 0.00000 -106.95385 -0.84351 -0.53712 0.00000 81.37533 -0.00000 -0.00000 -1.00000 0.00000
1635866242964545 0.55162 -0.83410 0.00000 -109.97415 -0.83410 -0.55162 0.00000 79.51998 -0.00000 -0.00000 -1.00000 0.00000
1635866243213638 0.57075 -0.82112 0.00000 -113.43630 -0.82112 -0.57075 0.00000 76.93758 -0.00000 -0.00000 -1.00000 0.00000
1635866243463162 0.59274 -0.80539 0.00000 -117.12131 -0.80539 -0.59274 0.00000 73.78726 -0.00000 -0.00000 -1.00000 0.00000
1635866243712116 0.61571 -0.78797 0.00000 -120.78997 -0.78797 -0.61571 0.00000 70.39826 -0.00000 -0.00000 -1.00000 0.00000
1635866243961271 0.63683 -0.77101 0.00000 -124.24422 -0.77101 -0.63683 0.00000 67.04121 -0.00000 -0.00000 -1.00000 0.00000
1635866244210572 0.65359 -0.75685 0.00000 -127.26401 -0.75685 -0.65359 0.00000 64.31340 -0.00000 -0.00000 -1.00000 0.00000
1635866244459803 0.67051 -0.74190 0.00000 -130.17706 -0.74190 -0.67051 0.00000 61.39367 -0.00000 -0.00000 -1.00000 0.00000
1635866244708781 0.68207 -0.73129 0.00000 -132.75117 -0.73129 -0.68207 0.00000 59.36587 -0.00000 -0.00000 -1.00000 0.00000
1635866244958302 0.69372 -0.72025 0.00000 -135.23723 -0.72025 -0.69372 0.00000 57.22178 -0.00000 -0.00000 -1.00000 0.00000
1635866245207350 0.70737 -0.70684 0.00000 -137.78641 -0.70684 -0.70737 0.00000 54.54064 -0.00000 -0.00000 -1.00000 0.00000
1635866245456341 0.72209 -0.69179 0.00000 -140.43273 -0.69179 -0.72209 0.00000 51.69237 -0.00000 -0.00000 -1.00000 0.00000
1635866245705460 0.73598 -0.67700 -0.00000 -142.94729 -0.67700 -0.73598 0.00000 48.79991 -0.00000 -0.00000 -1.00000 0.00000
1635866245954660 0.75039 -0.66100 0.00000 -145.36567 -0.66100 -0.75039 0.00000 45.70726 -0.00000 -0.00000 -1.00000 0.00000
1635866246203602 0.76508 -0.64393 0.00000 -147.81937 -0.64393 -0.76508 0.00000 42.38691 -0.00000 -0.00000 -1.00000 0.00000
1635866246452878 0.78115 -0.62435 0.00000 -150.28187 -0.62435 -0.78115 0.00000 38.62913 -0.00000 -0.00000 -1.00000 0.00000
1635866246702202 0.80159 -0.59787 0.00000 -152.83896 -0.59787 -0.80159 0.00000 33.59691 -0.00000 -0.00000 -1.00000 0.00000
1635866246951021 0.83787 -0.54586 0.00000 -155.90152 -0.54586 -0.83787 0.00000 23.75028 -0.00000 -0.00000 -1.00000 0.00000
1635866247200197 0.88481 -0.46595 0.00000 -158.67011 -0.46595 -0.88481 0.00000 9.17927 -0.00000 -0.00000 -1.00000 0.00000
1635866247449356 0.93481 -0.35514 0.00000 -159.69848 -0.35514 -0.93481 0.00000 -10.15981 -0.00000 -0.00000 -1.00000 -0.00000
1635866247698664 0.97588 -0.21832 0.00000 -157.56995 -0.21832 -0.97588 0.00000 -32.69109 -0.00000 -0.00000 -1.00000 -0.00000
1635866247947771 0.99765 -0.06855 0.00000 -151.65165 -0.06855 -0.99765 0.00000 -56.05972 -0.00000 -0.00000 -1.00000 -0.00000
1635866248196870 0.99602 0.08908 -0.00000 -141.75469 0.08908 -0.99602 0.00000 -79.10797 0.00000 -0.00000 -1.00000 -0.00000
1635866248446115 0.96747 0.25297 -0.00000 -127.38798 0.25297 -0.96747 0.00000 -101.56650 0.00000 -0.00000 -1.00000 -0.00000
1635866248695245 0.91168 0.41091 0.00000 -109.48022 0.41091 -0.91168 0.00000 -121.18991 0.00000 -0.00000 -1.00000 -0.00000
1635866248944617 0.82882 0.55951 0.00000 -88.09797 0.55951 -0.82882 0.00000 -137.91872 0.00000 -0.00000 -1.00000 -0.00000
1635866249193830 0.72736 0.68625 0.00000 -65.41268 0.68625 -0.72736 0.00000 -150.35260 0.00000 -0.00000 -1.00000 -0.00000
1635866249443131 0.60753 0.79430 0.00000 -41.06221 0.79430 -0.60753 0.00000 -158.86376 0.00000 -0.00000 -1.00000 -0.00000
1635866249692267 0.47581 0.87955 0.00000 -16.43361 0.87955 -0.47581 0.00000 -163.30998 0.00000 -0.00000 -1.00000 -0.00000
1635866249941514 0.32897 0.94434 0.00000 9.22854 0.94434 -0.32897 0.00000 -163.75300 0.00000 -0.00000 -1.00000 -0.00000
1635866250190735 0.17603 0.98438 0.00000 34.22433 0.98438 -0.17603 0.00000 -160.20603 0.00000 -0.00000 -1.00000 -0.00000
1635866250439821 0.01903 0.99982 -0.00000 58.29134 0.99982 -0.01903 0.00000 -152.80972 0.00000 -0.00000 -1.00000 -0.00000
1635866250689237 -0.14432 0.98953 -0.00000 81.66630 0.98953 0.14432 0.00000 -141.21974 0.00000 0.00000 -1.00000 -0.00000
1635866250938683 -0.30713 0.95167 0.00000 103.34256 0.95167 0.30713 0.00000 -125.57066 0.00000 0.00000 -1.00000 -0.00000
1635866251187799 -0.46656 0.88449 0.00000 122.72909 0.88449 0.46656 0.00000 -105.88276 0.00000 0.00000 -1.00000 -0.00000
1635866251436996 -0.61581 0.78789 0.00000 138.66758 0.78789 0.61581 0.00000 -82.45325 0.00000 0.00000 -1.00000 -0.00000
1635866251686110 -0.74463 0.66748 0.00000 150.24014 0.66748 0.74463 0.00000 -56.78849 0.00000 0.00000 -1.00000 -0.00000
1635866251935641 -0.84472 0.53520 0.00000 156.70805 0.53520 0.84472 0.00000 -31.07141 0.00000 0.00000 -1.00000 -0.00000
1635866252184999 -0.91325 0.40739 0.00000 158.66064 0.40739 0.91325 0.00000 -8.09256 0.00000 0.00000 -1.00000 -0.00000
1635866252434045 -0.95506 0.29643 0.00000 157.68099 0.29643 0.95506 0.00000 10.77609 0.00000 0.00000 -1.00000 0.00000
1635866252683425 -0.97825 0.20744 0.00000 155.01313 0.20744 0.97825 0.00000 25.20734 0.00000 0.00000 -1.00000 0.00000
1635866252932908 -0.98954 0.14423 0.00000 152.16129 0.14423 0.98954 0.00000 35.18743 0.00000 0.00000 -1.00000 0.00000
1635866253182281 -0.99234 0.12355 0.00000 150.35695 0.12355 0.99234 0.00000 38.31695 0.00000 0.00000 -1.00000 0.00000
1635866253431468 -0.99143 0.13063 -0.00000 149.60728 0.13063 0.99143 0.00000 37.28434 0.00000 0.00000 -1.00000 0.00000
1635866253680805 -0.98646 0.16399 0.00000 149.55513 0.16399 0.98646 0.00000 32.23084 0.00000 0.00000 -1.00000 0.00000
1635866253930052 -0.97682 0.21405 0.00000 149.84726 0.21405 0.97682 0.00000 24.66503 0.00000 0.00000 -1.00000 0.00000
1635866254179348 -0.96120 0.27584 0.00000 149.91062 0.27584 0.96120 0.00000 15.02818 0.00000 0.00000 -1.00000 0.00000
1635866254428504 -0.94028 0.34039 0.00000 149.30627 0.34039 0.94028 0.00000 4.82879 0.00000 0.00000 -1.00000 0.00000
1635866254677417 -0.91368 0.40643 0.00000 147.99234 0.40643 0.91368 0.00000 -5.80380 0.00000 0.00000 -1.00000 -0.00000
1635866254926413 -0.88307 0.46924 0.00000 145.89339 0.46924 0.88307 0.00000 -16.13261 0.00000 0.00000 -1.00000 -0.00000
1635866255175210 -0.85134 0.52462 0.00000 143.09829 0.52462 0.85134 0.00000 -25.41754 0.00000 0.00000 -1.00000 -0.00000
1635866255424163 -0.81920 0.57351 0.00000 139.86219 0.57351 0.81920 0.00000 -33.74580 0.00000 0.00000 -1.00000 -0.00000
1635866255673696 -0.78353 0.62136 0.00000 136.06393 0.62136 0.78353 0.00000 -41.97933 0.00000 0.00000 -1.00000 -0.00000
1635866255922804 -0.74638 0.66552 0.00000 131.83006 0.66552 0.74638 0.00000 -49.77057 0.00000 0.00000 -1.00000 -0.00000
1635866256171894 -0.70782 0.70640 0.00000 127.18055 0.70640 0.70782 0.00000 -57.06748 0.00000 0.00000 -1.00000 -0.00000
1635866256421138 -0.66828 0.74391 0.00000 122.29785 0.74391 0.66828 0.00000 -64.03808 0.00000 0.00000 -1.00000 -0.00000
1635866256670368 -0.63381 0.77348 0.00000 117.51912 0.77348 0.63381 0.00000 -69.45378 0.00000 0.00000 -1.00000 -0.00000
1635866256919774 -0.60300 0.79774 0.00000 112.96693 0.79774 0.60300 0.00000 -74.00737 0.00000 0.00000 -1.00000 -0.00000
1635866257169012 -0.56797 0.82305 0.00000 107.87793 0.82305 0.56797 0.00000 -78.79679 0.00000 0.00000 -1.00000 -0.00000
1635866257417927 -0.52834 0.84903 0.00000 102.19614 0.84903 0.52834 0.00000 -83.78972 0.00000 0.00000 -1.00000 -0.00000
1635866257667315 -0.48953 0.87198 -0.00000 96.42030 0.87198 0.48953 0.00000 -88.25758 0.00000 0.00000 -1.00000 -0.00000
1635866257916296 -0.45206 0.89199 -0.00000 90.73167 0.89199 0.45206 0.00000 -92.37055 0.00000 0.00000 -1.00000 -0.00000
1635866258165380 -0.41795 0.90847 -0.00000 85.23320 0.90847 0.41795 0.00000 -95.70869 0.00000 0.00000 -1.00000 -0.00000
1635866258414524 -0.39313 0.91948 0.00000 80.61811 0.91948 0.39313 0.00000 -98.08614 0.00000 0.00000 -1.00000 -0.00000
1635866258663676 -0.37097 0.92865 0.00000 76.32045 0.92865 0.37097 0.00000 -99.97949 0.00000 0.00000 -1.00000 -0.00000
1635866258912998 -0.35379 0.93532 0.00000 72.50732 0.93532 0.35379 0.00000 -101.35680 0.00000 0.00000 -1.00000 -0.00000
1635866259161967 -0.34055 0.94023 0.00000 69.08602 0.94023 0.34055 0.00000 -102.37956 0.00000 0.00000 -1.00000 -0.00000
1635866259411252 -0.33897 0.94080 0.00000 67.02907 0.94080 0.33897 0.00000 -102.54943 0.00000 0.00000 -1.00000 -0.00000
1635866259660671 -0.34284 0.93939 -0.00000 65.50106 0.93939 0.34284 0.00000 -102.28473 0.00000 0.00000 -1.00000 -0.00000
1635866259909692 -0.34991 0.93678 0.00000 64.35650 0.93678 0.34991 0.00000 -101.85033 0.00000 0.00000 -1.00000 -0.00000
1635866260158844 -0.36420 0.93132 0.00000 63.99171 0.93132 0.36420 0.00000 -100.90445 0.00000 0.00000 -1.00000 -0.00000
1635866260408133 -0.39041 0.92064 0.00000 64.94548 0.92064 0.39041 0.00000 -99.00501 0.00000 0.00000 -1.00000 -0.00000
1635866260657579 -0.42177 0.90670 0.00000 66.42209 0.90670 0.42177 0.00000 -96.77929 0.00000 0.00000 -1.00000 -0.00000
1635866260906790 -0.46765 0.88391 -0.00000 69.46317 0.88391 0.46765 0.00000 -93.37003 0.00000 0.00000 -1.00000 -0.00000
1635866261155891 -0.51644 0.85632 0.00000 72.77301 0.85632 0.51644 0.00000 -89.34214 0.00000 0.00000 -1.00000 -0.00000
1635866261405206 -0.57267 0.81978 0.00000 76.78238 0.81978 0.57267 0.00000 -84.26587 0.00000 0.00000 -1.00000 -0.00000
1635866261654382 -0.62885 0.77752 0.00000 80.71882 0.77752 0.62885 0.00000 -78.73473 0.00000 0.00000 -1.00000 -0.00000
1635866261903610 -0.68759 0.72610 0.00000 84.74613 0.72610 0.68759 0.00000 -72.24695 0.00000 0.00000 -1.00000 -0.00000
1635866262152519 -0.73982 0.67280 0.00000 88.11490 0.67280 0.73982 0.00000 -65.72297 0.00000 0.00000 -1.00000 -0.00000
1635866262401922 -0.78796 0.61572 0.00000 91.07106 0.61572 0.78796 0.00000 -59.03336 0.00000 0.00000 -1.00000 -0.00000
1635866262650829 -0.83108 0.55615 0.00000 93.38283 0.55615 0.83108 0.00000 -52.17120 0.00000 0.00000 -1.00000 -0.00000
1635866262900259 -0.86878 0.49520 0.00000 95.11999 0.49520 0.86878 0.00000 -45.39578 0.00000 0.00000 -1.00000 -0.00000
1635866263149736 -0.89952 0.43687 0.00000 96.12518 0.43687 0.89952 0.00000 -38.98957 0.00000 0.00000 -1.00000 -0.00000
1635866263398881 -0.92474 0.38061 0.00000 96.63394 0.38061 0.92474 0.00000 -33.01521 0.00000 0.00000 -1.00000 -0.00000
1635866263648224 -0.94398 0.33000 0.00000 96.41525 0.33000 0.94398 0.00000 -27.76334 0.00000 0.00000 -1.00000 -0.00000
1635866263897207 -0.95984 0.28055 0.00000 95.92175 0.28055 0.95984 0.00000 -22.73943 0.00000 0.00000 -1.00000 -0.00000
1635866264146372 -0.97232 0.23365 0.00000 95.03482 0.23365 0.97232 0.00000 -18.07611 0.00000 0.00000 -1.00000 -0.00000
1635866264395737 -0.98217 0.18800 0.00000 93.90634 0.18800 0.98217 0.00000 -13.67515 0.00000 0.00000 -1.00000 -0.00000
1635866264645143 -0.98915 0.14694 0.00000 92.43106 0.14694 0.98915 0.00000 -9.78252 0.00000 0.00000 -1.00000 -0.00000
1635866264894437 -0.99356 0.11329 0.00000 90.82006 0.11329 0.99356 0.00000 -6.61594 0.00000 0.00000 -1.00000 -0.00000
1635866265143954 -0.99622 0.08685 0.00000 88.95603 0.08685 0.99622 0.00000 -4.19096 0.00000 0.00000 -1.00000 -0.00000
1635866265393349 -0.99826 0.05888 0.00000 86.97571 0.05888 0.99826 0.00000 -1.69366 0.00000 0.00000 -1.00000 -0.00000
1635866265642843 -0.99897 0.04529 -0.00000 84.93421 0.04529 0.99897 0.00000 -0.54509 0.00000 0.00000 -1.00000 -0.00000
1635866265892019 -0.99962 0.02773 0.00000 82.81310 0.02773 0.99962 0.00000 0.96768 0.00000 0.00000 -1.00000 0.00000
1635866266141238 -0.99992 0.01263 0.00000 80.73893 0.01263 0.99992 0.00000 2.28611 0.00000 0.00000 -1.00000 0.00000
1635866266390279 -1.00000 0.00042 0.00000 78.49468 0.00042 1.00000 0.00000 3.25550 0.00000 0.00000 -1.00000 0.00000
1635866266639667 -0.99995 -0.00961 -0.00000 76.33966 -0.00961 0.99995 0.00000 3.96516 -0.00000 0.00000 -1.00000 0.00000
1635866266888916 -0.99984 -0.01807 0.00000 74.10360 -0.01807 0.99984 0.00000 4.53788 -0.00000 0.00000 -1.00000 0.00000
1635866267138051 -0.99956 -0.02967 0.00000 71.97116 -0.02967 0.99956 0.00000 5.43999 -0.00000 0.00000 -1.00000 0.00000
1635866267387222 -0.99915 -0.04116 0.00000 69.80658 -0.04116 0.99915 0.00000 6.25982 -0.00000 0.00000 -1.00000 0.00000
1635866267636554 -0.99889 -0.04707 0.00000 67.70872 -0.04707 0.99889 0.00000 6.66760 -0.00000 0.00000 -1.00000 0.00000
1635866267885837 -0.99890 -0.04691 0.00000 65.63144 -0.04691 0.99890 0.00000 6.64630 -0.00000 0.00000 -1.00000 0.00000
1635866268134922 -0.99878 -0.04945 0.00000 63.61385 -0.04945 0.99878 0.00000 6.79485 -0.00000 0.00000 -1.00000 0.00000
1635866268384366 -0.99882 -0.04857 0.00000 61.52278 -0.04857 0.99882 0.00000 6.70278 -0.00000 0.00000 -1.00000 0.00000
1635866268633677 -0.99850 -0.05480 0.00000 59.55375 -0.05480 0.99850 0.00000 6.97803 -0.00000 0.00000 -1.00000 0.00000
1635866268882992 -0.99842 -0.05618 -0.00000 57.57571 -0.05618 0.99842 0.00000 7.09194 -0.00000 0.00000 -1.00000 0.00000
1635866269132463 -0.99841 -0.05631 0.00000 55.60559 -0.05631 0.99841 0.00000 7.11916 -0.00000 0.00000 -1.00000 0.00000
1635866269381757 -0.99835 -0.05744 0.00000 53.64728 -0.05744 0.99835 0.00000 7.09207 -0.00000 0.00000 -1.00000 0.00000
1635866269631046 -0.99851 -0.05449 0.00000 51.76455 -0.05449 0.99851 0.00000 6.94582 -0.00000 0.00000 -1.00000 0.00000
1635866269880207 -0.99884 -0.04823 0.00000 49.90298 -0.04823 0.99884 0.00000 6.66646 -0.00000 0.00000 -1.00000 0.00000
1635866270129614 -0.99944 -0.03343 0.00000 48.10772 -0.03343 0.99944 0.00000 5.94505 -0.00000 0.00000 -1.00000 0.00000
1635866270378895 -0.99973 -0.02344 0.00000 46.30410 -0.02344 0.99973 0.00000 5.44682 -0.00000 0.00000 -1.00000 0.00000
1635866270627998 -0.99997 -0.00759 0.00000 44.48898 -0.00759 0.99997 0.00000 4.72740 -0.00000 0.00000 -1.00000 0.00000
1635866270877331 -0.99989 0.01501 0.00000 42.73618 0.01501 0.99989 0.00000 3.67073 0.00000 0.00000 -1.00000 0.00000
1635866271126332 -0.99921 0.03975 0.00000 41.01932 0.03975 0.99921 0.00000 2.64216 0.00000 0.00000 -1.00000 0.00000
1635866271375567 -0.99863 0.05225 0.00000 39.24305 0.05225 0.99863 0.00000 2.09254 0.00000 0.00000 -1.00000 0.00000
1635866271624830 -0.99861 0.05264 0.00000 37.41662 0.05264 0.99861 0.00000 2.04850 0.00000 0.00000 -1.00000 0.00000
1635866271874106 -0.99868 0.05142 0.00000 35.62866 0.05142 0.99868 0.00000 2.10463 0.00000 0.00000 -1.00000 0.00000
1635866272123184 -0.99885 0.04785 0.00000 33.78611 0.04785 0.99885 0.00000 2.22696 0.00000 0.00000 -1.00000 0.00000
1635866272372781 -0.99818 0.06033 0.00000 32.06785 0.06033 0.99818 0.00000 1.86295 0.00000 0.00000 -1.00000 0.00000
1635866272621963 -0.99755 0.07001 0.00000 30.30686 0.07001 0.99755 0.00000 1.48238 0.00000 0.00000 -1.00000 0.00000
1635866272871102 -0.99664 0.08189 0.00000 28.54755 0.08189 0.99664 0.00000 1.10502 0.00000 0.00000 -1.00000 0.00000
1635866273120443 -0.99583 0.09128 0.00000 26.76235 0.09128 0.99583 0.00000 0.79436 0.00000 0.00000 -1.00000 0.00000
1635866273369607 -0.99489 0.10101 0.00000 25.00250 0.10101 0.99489 0.00000 0.51385 0.00000 0.00000 -1.00000 0.00000
1635866273618940 -0.99419 0.10765 0.00000 23.25752 0.10765 0.99419 0.00000 0.32594 0.00000 0.00000 -1.00000 0.00000
1635866273868118 -0.99381 0.11108 0.00000 21.52127 0.11108 0.99381 0.00000 0.19652 0.00000 0.00000 -1.00000 0.00000
1635866274117381 -0.99408 0.10868 -0.00000 19.71314 0.10868 0.99408 0.00000 0.27909 0.00000 0.00000 -1.00000 0.00000
1635866274366657 -0.99461 0.10368 0.00000 17.95705 0.10368 0.99461 0.00000 0.37866 0.00000 0.00000 -1.00000 0.00000
1635866274615847 -0.99460 0.10378 -0.00000 16.19122 0.10378 0.99460 0.00000 0.36830 0.00000 0.00000 -1.00000 0.00000
1635866274865376 -0.99547 0.09506 0.00000 14.48323 0.09506 0.99547 0.00000 0.50778 0.00000 0.00000 -1.00000 0.00000
1635866275114226 -0.99614 0.08776 0.00000 12.72364 0.08776 0.99614 0.00000 0.60434 0.00000 0.00000 -1.00000 0.00000
1635866275363636 -0.99656 0.08292 0.00000 10.98826 0.08292 0.99656 0.00000 0.65050 0.00000 0.00000 -1.00000 0.00000
1635866275613071 -0.99698 0.07772 0.00000 9.23936 0.07772 0.99698 0.00000 0.70536 0.00000 0.00000 -1.00000 0.00000
1635866275862042 -0.99716 0.07527 0.00000 7.52824 0.07527 0.99716 0.00000 0.69169 0.00000 0.00000 -1.00000 0.00000
1635866276111219 -0.99730 0.07350 -0.00000 5.79440 0.07350 0.99730 0.00000 0.68235 0.00000 0.00000 -1.00000 0.00000
1635866276360214 -0.99755 0.06995 0.00000 4.06886 0.06995 0.99755 0.00000 0.66102 0.00000 0.00000 -1.00000 0.00000
1635866276609144 -0.99803 0.06280 0.00000 2.34275 0.06280 0.99803 0.00000 0.72375 0.00000 0.00000 -1.00000 0.00000
1635866276858313 -0.99832 0.05792 0.00000 0.58312 0.05792 0.99832 0.00000 0.68125 0.00000 0.00000 -1.00000 0.00000
1635866277107018 -0.99876 0.04988 0.00000 -1.19175 0.04988 0.99876 0.00000 0.61906 0.00000 0.00000 -1.00000 0.00000
1635866277356374 -0.99909 0.04264 0.00000 -2.98058 0.04264 0.99909 0.00000 0.64184 0.00000 0.00000 -1.00000 0.00000
1635866277605714 -0.99950 0.03163 0.00000 -4.82816 0.03163 0.99950 0.00000 0.57730 0.00000 0.00000 -1.00000 0.00000
1635866277854948 -0.99980 0.02003 0.00000 -6.66372 0.02003 0.99980 0.00000 0.49345 0.00000 0.00000 -1.00000 0.00000
1635866278104234 -0.99986 0.01651 0.00000 -8.53243 0.01651 0.99986 0.00000 0.45365 0.00000 0.00000 -1.00000 0.00000
1635866278353621 -0.99993 0.01166 0.00000 -10.46168 0.01166 0.99993 0.00000 0.39724 0.00000 0.00000 -1.00000 0.00000
1635866278603060 -0.99992 0.01246 -0.00000 -12.40028 0.01246 0.99992 0.00000 0.40397 0.00000 0.00000 -1.00000 0.00000
1635866278852226 -0.99995 0.01033 0.00000 -14.32902 0.01033 0.99995 0.00000 0.31964 0.00000 0.00000 -1.00000 0.00000
1635866279101509 -0.99996 0.00880 -0.00000 -16.25731 0.00880 0.99996 0.00000 0.31922 0.00000 0.00000 -1.00000 0.00000
1635866279350929 -0.99995 0.00960 0.00000 -18.29458 0.00960 0.99995 0.00000 0.29135 0.00000 0.00000 -1.00000 0.00000
1635866279600297 -0.99989 0.01469 0.00000 -20.35021 0.01469 0.99989 0.00000 0.37370 0.00000 0.00000 -1.00000 0.00000
1635866279849220 -0.99981 0.01966 0.00000 -22.43975 0.01966 0.99981 0.00000 0.48702 0.00000 0.00000 -1.00000 0.00000
1635866280098124 -0.99981 0.01971 0.00000 -24.46885 0.01971 0.99981 0.00000 0.44148 0.00000 0.00000 -1.00000 0.00000
1635866280347436 -0.99972 0.02379 0.00000 -26.59858 0.02379 0.99972 0.00000 0.59903 0.00000 0.00000 -1.00000 0.00000
1635866280596457 -0.99966 0.02591 0.00000 -28.62025 0.02591 0.99966 0.00000 0.64204 0.00000 0.00000 -1.00000 0.00000
1635866280845463 -0.99972 0.02381 0.00000 -30.70608 0.02381 0.99972 0.00000 0.56851 0.00000 0.00000 -1.00000 0.00000
1635866281094834 -0.99979 0.02032 0.00000 -32.72530 0.02032 0.99979 0.00000 0.53494 0.00000 0.00000 -1.00000 0.00000
1635866281343856 -0.99989 0.01465 0.00000 -34.80277 0.01465 0.99989 0.00000 0.27617 0.00000 0.00000 -1.00000 0.00000
1635866281593125 -0.99994 0.01088 0.00000 -36.83373 0.01088 0.99994 0.00000 0.13115 0.00000 0.00000 -1.00000 0.00000
1635866281842525 -0.99992 0.01227 0.00000 -38.82349 0.01227 0.99992 0.00000 0.23267 0.00000 0.00000 -1.00000 0.00000
1635866282091963 -0.99986 0.01671 0.00000 -40.80469 0.01671 0.99986 0.00000 0.31997 0.00000 0.00000 -1.00000 0.00000
1635866282341131 -0.99978 0.02097 0.00000 -42.76149 0.02097 0.99978 0.00000 0.49600 0.00000 0.00000 -1.00000 0.00000
1635866282590178 -0.99968 0.02544 0.00000 -44.65683 0.02544 0.99968 0.00000 0.61447 0.00000 0.00000 -1.00000 0.00000
1635866282838886 -0.99937 0.03542 0.00000 -46.48837 0.03542 0.99937 0.00000 1.03964 0.00000 0.00000 -1.00000 0.00000
1635866283088080 -0.99916 0.04086 0.00000 -48.41256 0.04086 0.99916 0.00000 1.25725 0.00000 0.00000 -1.00000 0.00000
1635866283337282 -0.99907 0.04316 0.00000 -50.22926 0.04316 0.99907 0.00000 1.35369 0.00000 0.00000 -1.00000 0.00000
1635866283586481 -0.99898 0.04523 -0.00000 -52.00188 0.04523 0.99898 0.00000 1.46254 0.00000 0.00000 -1.00000 0.00000
1635866283835947 -0.99898 0.04513 0.00000 -53.77235 0.04513 0.99898 0.00000 1.43692 0.00000 0.00000 -1.00000 0.00000
1635866284085119 -0.99891 0.04676 -0.00000 -55.53067 0.04676 0.99891 0.00000 1.56058 0.00000 0.00000 -1.00000 0.00000
1635866284334362 -0.99885 0.04796 -0.00000 -57.22773 0.04796 0.99885 0.00000 1.59266 0.00000 0.00000 -1.00000 0.00000
1635866284583468 -0.99852 0.05438 0.00000 -58.89067 0.05438 0.99852 0.00000 1.93284 0.00000 0.00000 -1.00000 0.00000
1635866284832647 -0.99825 0.05917 0.00000 -60.53751 0.05917 0.99825 0.00000 2.25839 0.00000 0.00000 -1.00000 0.00000
1635866285082113 -0.99753 0.07024 0.00000 -62.08412 0.07024 0.99753 0.00000 2.87922 0.00000 0.00000 -1.00000 0.00000
1635866285331278 -0.99652 0.08336 0.00000 -63.58951 0.08336 0.99652 0.00000 3.64170 0.00000 0.00000 -1.00000 0.00000
1635866285580578 -0.99534 0.09639 -0.00000 -65.10568 0.09639 0.99534 0.00000 4.41232 0.00000 0.00000 -1.00000 0.00000
1635866285829910 -0.99374 0.11170 0.00000 -66.44767 0.11170 0.99374 0.00000 5.43380 0.00000 0.00000 -1.00000 0.00000
1635866286079034 -0.99170 0.12855 0.00000 -67.71762 0.12855 0.99170 0.00000 6.57747 0.00000 0.00000 -1.00000 0.00000
1635866286328358 -0.98978 0.14261 0.00000 -68.91140 0.14261 0.98978 0.00000 7.59633 0.00000 0.00000 -1.00000 0.00000
1635866286577537 -0.98733 0.15871 0.00000 -69.97454 0.15871 0.98733 0.00000 8.62511 0.00000 0.00000 -1.00000 0.00000
1635866286826586 -0.98391 0.17865 0.00000 -71.04864 0.17865 0.98391 0.00000 10.00659 0.00000 0.00000 -1.00000 0.00000
1635866287075876 -0.97992 0.19940 0.00000 -71.91582 0.19940 0.97992 0.00000 11.52703 0.00000 0.00000 -1.00000 0.00000
1635866287325390 -0.97274 0.23189 0.00000 -72.67936 0.23189 0.97274 0.00000 13.80134 0.00000 0.00000 -1.00000 0.00000
1635866287574592 -0.96123 0.27573 0.00000 -73.12830 0.27573 0.96123 0.00000 17.11555 0.00000 0.00000 -1.00000 0.00000
1635866287823936 -0.94555 0.32548 0.00000 -73.27783 0.32548 0.94555 0.00000 20.93771 0.00000 0.00000 -1.00000 0.00000
1635866288073002 -0.92546 0.37886 0.00000 -73.09134 0.37886 0.92546 0.00000 25.00689 0.00000 0.00000 -1.00000 0.00000
1635866288322232 -0.89885 0.43825 0.00000 -72.52231 0.43825 0.89885 0.00000 29.74617 0.00000 0.00000 -1.00000 0.00000
1635866288571434 -0.86728 0.49781 0.00000 -71.46369 0.49781 0.86728 0.00000 34.57492 0.00000 0.00000 -1.00000 0.00000
1635866288820807 -0.83133 0.55578 0.00000 -70.15509 0.55578 0.83133 0.00000 39.27202 0.00000 0.00000 -1.00000 0.00000
1635866289070450 -0.79010 0.61298 0.00000 -68.38556 0.61298 0.79010 0.00000 44.12067 0.00000 0.00000 -1.00000 0.00000
1635866289319237 -0.74195 0.67045 0.00000 -65.99569 0.67045 0.74195 0.00000 49.13742 0.00000 0.00000 -1.00000 0.00000
1635866289568592 -0.68866 0.72508 0.00000 -63.13307 0.72508 0.68866 0.00000 53.90734 0.00000 0.00000 -1.00000 0.00000
1635866289817554 -0.62587 0.77993 0.00000 -59.60672 0.77993 0.62587 0.00000 58.96960 0.00000 0.00000 -1.00000 0.00000
1635866290066776 -0.56433 0.82555 0.00000 -56.17114 0.82555 0.56433 0.00000 63.30911 0.00000 0.00000 -1.00000 0.00000
1635866290316066 -0.49856 0.86685 0.00000 -52.36383 0.86685 0.49856 0.00000 67.51551 0.00000 0.00000 -1.00000 0.00000
1635866290565169 -0.43394 0.90094 0.00000 -48.47703 0.90094 0.43394 0.00000 71.09548 0.00000 0.00000 -1.00000 0.00000
1635866290814483 -0.36700 0.93022 0.00000 -44.52800 0.93022 0.36700 0.00000 74.36706 0.00000 0.00000 -1.00000 0.00000
1635866291063483 -0.30457 0.95249 0.00000 -40.91544 0.95249 0.30457 0.00000 77.20606 0.00000 0.00000 -1.00000 0.00000
1635866291312963 -0.24025 0.97071 0.00000 -37.08446 0.97071 0.24025 0.00000 79.85149 0.00000 0.00000 -1.00000 0.00000
1635866291562287 -0.18388 0.98295 0.00000 -33.85556 0.98295 0.18388 0.00000 81.82852 0.00000 0.00000 -1.00000 0.00000
1635866291811423 -0.13351 0.99105 0.00000 -31.09630 0.99105 0.13351 0.00000 83.40217 0.00000 0.00000 -1.00000 0.00000
1635866292060014 -0.10176 0.99481 0.00000 -29.95212 0.99481 0.10176 0.00000 84.32402 0.00000 0.00000 -1.00000 0.00000
1635866292309477 -0.08233 0.99661 0.00000 -29.85149 0.99661 0.08233 0.00000 84.94771 0.00000 0.00000 -1.00000 0.00000
1635866292558468 -0.06475 0.99790 0.00000 -29.91448 0.99790 0.06475 0.00000 85.41730 0.00000 0.00000 -1.00000 0.00000
1635866292807816 -0.04631 0.99893 0.00000 -29.92784 0.99893 0.04631 0.00000 85.84955 0.00000 0.00000 -1.00000 0.00000
1635866293057132 -0.03326 0.99945 -0.00000 -30.39776 0.99945 0.03326 0.00000 86.31568 0.00000 0.00000 -1.00000 0.00000
1635866293306380 -0.01767 0.99984 0.00000 -30.68198 0.99984 0.01767 0.00000 86.72685 0.00000 0.00000 -1.00000 0.00000
1635866293555258 -0.01466 0.99989 -0.00000 -32.01934 0.99989 0.01466 0.00000 86.75730 0.00000 0.00000 -1.00000 0.00000
1635866293804326 -0.01477 0.99989 0.00000 -33.76788 0.99989 0.01477 0.00000 86.83402 0.00000 0.00000 -1.00000 0.00000
1635866294053778 -0.02027 0.99979 0.00000 -35.81247 0.99979 0.02027 0.00000 86.58809 0.00000 0.00000 -1.00000 0.00000
1635866294303083 -0.02025 0.99979 0.00000 -37.54639 0.99979 0.02025 0.00000 86.54974 0.00000 0.00000 -1.00000 0.00000
1635866294552606 -0.02324 0.99973 0.00000 -39.61661 0.99973 0.02324 0.00000 86.42079 0.00000 0.00000 -1.00000 0.00000
1635866294801637 -0.02683 0.99964 -0.00000 -41.60957 0.99964 0.02683 0.00000 86.26943 0.00000 0.00000 -1.00000 0.00000
1635866295050573 -0.02517 0.99968 0.00000 -43.35388 0.99968 0.02517 0.00000 86.29926 0.00000 0.00000 -1.00000 0.00000
1635866295299796 -0.02476 0.99969 0.00000 -45.15733 0.99969 0.02476 0.00000 86.28222 0.00000 0.00000 -1.00000 0.00000
1635866295548666 -0.02394 0.99971 0.00000 -46.94123 0.99971 0.02394 0.00000 86.38633 0.00000 0.00000 -1.00000 0.00000
1635866295798052 -0.02384 0.99972 0.00000 -48.72806 0.99972 0.02384 0.00000 86.36244 0.00000 0.00000 -1.00000 0.00000
1635866296047502 -0.02442 0.99970 -0.00000 -50.59407 0.99970 0.02442 0.00000 86.27848 0.00000 0.00000 -1.00000 0.00000
1635866296296662 -0.02264 0.99974 0.00000 -52.22611 0.99974 0.02264 0.00000 86.35761 0.00000 0.00000 -1.00000 0.00000
1635866296545870 -0.02074 0.99978 0.00000 -53.83033 0.99978 0.02074 0.00000 86.41157 0.00000 0.00000 -1.00000 0.00000
1635866296795044 -0.02383 0.99972 0.00000 -55.85862 0.99972 0.02383 0.00000 86.23426 0.00000 0.00000 -1.00000 0.00000
1635866297044193 -0.02126 0.99977 0.00000 -57.42688 0.99977 0.02126 0.00000 86.35176 0.00000 0.00000 -1.00000 0.00000
1635866297293152 -0.02491 0.99969 -0.00000 -59.47817 0.99969 0.02491 0.00000 86.11825 0.00000 0.00000 -1.00000 0.00000
