1618942335557441 1.00000 0.00000 0.00000 -0.00000 0.00000 -1.00000 0.00000 0.00000 0.00000 -0.00000 -1.00000 0.00000
1618942335807450 1.00000 0.00275 0.00000 -0.01039 0.00275 -1.00000 0.00000 -0.00275 0.00000 -0.00000 -1.00000 -0.00000
1618942336057452 0.99997 0.00723 0.00000 -0.00623 0.00723 -0.99997 0.00000 -0.01060 0.00000 -0.00000 -1.00000 -0.00000
1618942336308080 1.00000 0.00283 0.00000 0.01681 0.00283 -1.00000 0.00000 -0.01391 0.00000 -0.00000 -1.00000 -0.00000
1618942336558080 0.99999 0.00462 0.00000 0.01649 0.00462 -0.99999 0.00000 0.00417 0.00000 -0.00000 -1.00000 0.00000
1618942336808087 0.99996 0.00912 0.00000 0.00691 0.00912 -0.99996 0.00000 -0.00046 0.00000 -0.00000 -1.00000 -0.00000
1618942337058089 0.99996 0.00859 0.00000 -0.02979 0.00859 -0.99996 0.00000 0.03198 0.00000 -0.00000 -1.00000 0.00000
1618942337308090 1.00000 0.00153 0.00000 -0.01522 0.00153 -1.00000 0.00000 0.00718 0.00000 -0.00000 -1.00000 0.00000
1618942337558094 1.00000 -0.00027 0.00000 0.01024 -0.00027 -1.00000 0.00000 -0.02120 -0.00000 -0.00000 -1.00000 -0.00000
1618942337808099 0.99999 0.00446 0.00000 -0.00734 0.00446 -0.99999 0.00000 -0.00967 0.00000 -0.00000 -1.00000 -0.00000
1618942338058104 0.99996 0.00941 0.00000 -0.00989 0.00941 -0.99996 0.00000 0.00918 0.00000 -0.00000 -1.00000 0.00000
1618942338308101 0.99997 0.00798 0.00000 -0.01852 0.00798 -0.99997 0.00000 0.03301 0.00000 -0.00000 -1.00000 0.00000
1618942338558104 0.99999 0.00356 0.00000 -0.02427 0.00356 -0.99999 0.00000 0.01137 0.00000 -0.00000 -1.00000 0.00000
1618942338808109 1.00000 0.00274 0.00000 -0.00385 0.00274 -1.00000 0.00000 -0.01408 0.00000 -0.00000 -1.00000 -0.00000
1618942339058121 0.99999 0.00449 0.00000 -0.00968 0.00449 -0.99999 0.00000 -0.00672 0.00000 -0.00000 -1.00000 -0.00000
1618942339307492 1.00000 0.00107 0.00000 -0.00814 0.00107 -1.00000 0.00000 0.00305 0.00000 -0.00000 -1.00000 0.00000
1618942339558120 1.00000 0.00157 -0.00000 0.01002 0.00157 -1.00000 0.00000 -0.00946 0.00000 -0.00000 -1.00000 -0.00000
1618942339808123 1.00000 0.00218 0.00000 -0.01153 0.00218 -1.00000 0.00000 -0.00518 0.00000 -0.00000 -1.00000 -0.00000
1618942340058129 1.00000 0.00099 0.00000 -0.00776 0.00099 -1.00000 0.00000 0.00272 0.00000 -0.00000 -1.00000 0.00000
1618942340307503 1.00000 -0.00049 0.00000 0.01889 -0.00049 -1.00000 0.00000 -0.02709 -0.00000 -0.00000 -1.00000 -0.00000
1618942340557509 0.99994 0.01082 0.00000 0.00744 0.01082 -0.99994 0.00000 0.01605 0.00000 -0.00000 -1.00000 0.00000
1618942340807511 0.99990 0.01420 0.00000 -0.01834 0.01420 -0.99990 0.00000 0.03709 0.00000 -0.00000 -1.00000 0.00000
1618942341057513 0.99999 0.00486 0.00000 0.00371 0.00486 -0.99999 0.00000 -0.01521 0.00000 -0.00000 -1.00000 -0.00000
1618942341308140 0.99998 0.00558 0.00000 -0.02484 0.00558 -0.99998 0.00000 0.03855 0.00000 -0.00000 -1.00000 0.00000
1618942341558151 0.99998 0.00704 0.00000 0.00660 0.00704 -0.99998 0.00000 -0.03008 0.00000 -0.00000 -1.00000 -0.00000
1618942341808152 0.99997 0.00738 0.00000 -0.01610 0.00738 -0.99997 0.00000 -0.04291 0.00000 -0.00000 -1.00000 -0.00000
1618942342058157 1.00000 0.00195 0.00000 0.01585 0.00195 -1.00000 0.00000 -0.05379 0.00000 -0.00000 -1.00000 -0.00000
1618942342308160 0.99996 0.00861 0.00000 0.01780 0.00861 -0.99996 0.00000 0.01292 0.00000 -0.00000 -1.00000 0.00000
1618942342558156 0.99992 0.01284 0.00000 -0.01429 0.01284 -0.99992 0.00000 0.02350 0.00000 -0.00000 -1.00000 0.00000
1618942342808167 0.99998 0.00685 0.00000 -0.04182 0.00685 -0.99998 0.00000 0.03852 0.00000 -0.00000 -1.00000 0.00000
1618942343057548 1.00000 -0.00046 0.00000 0.00524 -0.00046 -1.00000 0.00000 -0.01351 -0.00000 -0.00000 -1.00000 -0.00000
1618942343307547 0.99999 0.00318 0.00000 0.02111 0.00318 -0.99999 0.00000 -0.01208 0.00000 -0.00000 -1.00000 -0.00000
1618942343557550 0.99998 0.00687 -0.00000 -0.03188 0.00687 -0.99998 0.00000 0.02855 0.00000 -0.00000 -1.00000 0.00000
1618942343807552 1.00000 0.00285 0.00000 -0.02891 0.00285 -1.00000 0.00000 0.01920 0.00000 -0.00000 -1.00000 0.00000
1618942344057559 1.00000 -0.00044 0.00000 0.01494 -0.00044 -1.00000 0.00000 -0.03173 -0.00000 -0.00000 -1.00000 -0.00000
1618942344307562 0.99997 0.00733 0.00000 0.00179 0.00733 -0.99997 0.00000 0.00073 0.00000 -0.00000 -1.00000 0.00000
1618942344558191 0.99999 0.00532 0.00000 0.00941 0.00532 -0.99999 0.00000 -0.02823 0.00000 -0.00000 -1.00000 -0.00000
1618942344808820 1.00000 -0.00078 0.00000 0.01368 -0.00078 -1.00000 0.00000 -0.01798 -0.00000 -0.00000 -1.00000 -0.00000
1618942345058815 0.99999 0.00472 0.00000 0.02664 0.00472 -0.99999 0.00000 -0.03650 0.00000 -0.00000 -1.00000 -0.00000
1618942345308820 1.00000 0.00105 0.00000 -0.01364 0.00105 -1.00000 0.00000 -0.01888 0.00000 -0.00000 -1.00000 -0.00000
1618942345558823 0.99995 0.00961 0.00000 0.00053 0.00961 -0.99995 0.00000 -0.00014 0.00000 -0.00000 -1.00000 -0.00000
1618942345808825 0.99990 0.01414 0.00000 -0.00582 0.01414 -0.99990 0.00000 0.04787 0.00000 -0.00000 -1.00000 0.00000
1618942346059457 0.99999 0.00506 0.00000 0.00159 0.00506 -0.99999 0.00000 -0.02227 0.00000 -0.00000 -1.00000 -0.00000
1618942346310081 0.99999 -0.00368 -0.00000 0.02980 -0.00368 -0.99999 0.00000 -0.03468 -0.00000 -0.00000 -1.00000 -0.00000
1618942346559468 1.00000 -0.00243 0.00000 0.01454 -0.00243 -1.00000 0.00000 -0.03234 -0.00000 -0.00000 -1.00000 -0.00000
1618942346809469 0.99997 0.00835 0.00000 -0.01992 0.00835 -0.99997 0.00000 0.03119 0.00000 -0.00000 -1.00000 0.00000
1618942347059473 0.99996 0.00838 -0.00000 -0.03350 0.00838 -0.99996 0.00000 0.02942 0.00000 -0.00000 -1.00000 0.00000
1618942347309477 0.99999 0.00449 0.00000 -0.01306 0.00449 -0.99999 0.00000 0.01375 0.00000 -0.00000 -1.00000 0.00000
1618942347559478 1.00000 0.00275 -0.00000 -0.00011 0.00275 -1.00000 0.00000 -0.00083 0.00000 -0.00000 -1.00000 -0.00000
1618942347809483 1.00000 0.00293 0.00000 -0.01904 0.00293 -1.00000 0.00000 0.00608 0.00000 -0.00000 -1.00000 0.00000
1618942348059484 1.00000 0.00243 0.00000 -0.00285 0.00243 -1.00000 0.00000 -0.00792 0.00000 -0.00000 -1.00000 -0.00000
1618942348309485 1.00000 0.00182 0.00000 0.00124 0.00182 -1.00000 0.00000 -0.00482 0.00000 -0.00000 -1.00000 -0.00000
1618942348558866 1.00000 0.00086 0.00000 0.01715 0.00086 -1.00000 0.00000 -0.03499 0.00000 -0.00000 -1.00000 -0.00000
1618942348808873 0.99994 0.01108 0.00000 0.00444 0.01108 -0.99994 0.00000 0.01817 0.00000 -0.00000 -1.00000 0.00000
1618942349058876 0.99989 0.01499 0.00000 -0.00694 0.01499 -0.99989 0.00000 0.04375 0.00000 -0.00000 -1.00000 0.00000
1618942349309504 1.00000 -0.00026 0.00000 -0.01988 -0.00026 -1.00000 0.00000 0.01254 -0.00000 -0.00000 -1.00000 0.00000
1618942349558881 0.99999 -0.00433 -0.00000 0.00639 -0.00433 -0.99999 0.00000 -0.05213 -0.00000 -0.00000 -1.00000 -0.00000
1618942349808886 0.99999 0.00524 0.00000 0.01118 0.00524 -0.99999 0.00000 -0.02269 0.00000 -0.00000 -1.00000 -0.00000
1618942350058887 0.99991 0.01342 0.00000 -0.01056 0.01342 -0.99991 0.00000 0.05517 0.00000 -0.00000 -1.00000 0.00000
1618942350308892 0.99993 0.01153 -0.00000 -0.01031 0.01153 -0.99993 0.00000 0.01284 0.00000 -0.00000 -1.00000 0.00000
1618942350558896 0.99999 0.00329 0.00000 -0.00207 0.00329 -0.99999 0.00000 -0.03150 0.00000 -0.00000 -1.00000 -0.00000
1618942350808897 1.00000 0.00243 0.00000 0.00445 0.00243 -1.00000 0.00000 -0.00886 0.00000 -0.00000 -1.00000 -0.00000
1618942351058906 1.00000 0.00215 0.00000 -0.01192 0.00215 -1.00000 0.00000 0.00468 0.00000 -0.00000 -1.00000 0.00000
1618942351308904 0.99999 0.00385 0.00000 -0.03202 0.00385 -0.99999 0.00000 -0.02348 0.00000 -0.00000 -1.00000 -0.00000
1618942351559530 0.99998 -0.00618 0.00000 -0.06608 -0.00618 -0.99998 0.00000 0.00801 -0.00000 -0.00000 -1.00000 0.00000
1618942351808907 0.99995 -0.01030 0.00000 -0.10613 -0.01030 -0.99995 0.00000 -0.05558 -0.00000 -0.00000 -1.00000 -0.00000
1618942352058914 0.99991 -0.01318 0.00000 -0.25663 -0.01318 -0.99991 0.00000 0.01311 -0.00000 -0.00000 -1.00000 0.00000
1618942352308917 0.99952 -0.03110 0.00000 -0.43577 -0.03110 -0.99952 0.00000 0.01660 -0.00000 -0.00000 -1.00000 0.00000
1618942352558922 0.99811 -0.06148 -0.00000 -0.74344 -0.06148 -0.99811 0.00000 -0.07188 -0.00000 -0.00000 -1.00000 -0.00000
1618942352808921 0.99541 -0.09571 0.00000 -1.10826 -0.09571 -0.99541 0.00000 -0.02361 -0.00000 -0.00000 -1.00000 -0.00000
1618942353058924 0.99152 -0.12998 0.00000 -1.58877 -0.12998 -0.99152 0.00000 -0.01771 -0.00000 -0.00000 -1.00000 -0.00000
1618942353308301 0.98995 -0.14140 -0.00000 -2.12653 -0.14140 -0.98995 0.00000 -0.07509 -0.00000 -0.00000 -1.00000 -0.00000
1618942353558309 0.98808 -0.15393 0.00000 -2.82508 -0.15393 -0.98808 0.00000 -0.04503 -0.00000 -0.00000 -1.00000 -0.00000
1618942353808311 0.98673 -0.16235 0.00000 -3.62248 -0.16235 -0.98673 0.00000 -0.00334 -0.00000 -0.00000 -1.00000 -0.00000
1618942354058315 0.98621 -0.16547 0.00000 -4.44617 -0.16547 -0.98621 0.00000 0.01384 -0.00000 -0.00000 -1.00000 0.00000
1618942354307694 0.98761 -0.15694 0.00000 -5.31180 -0.15694 -0.98761 0.00000 -0.21446 -0.00000 -0.00000 -1.00000 -0.00000
1618942354557693 0.98841 -0.15179 0.00000 -6.34204 -0.15179 -0.98841 0.00000 -0.15429 -0.00000 -0.00000 -1.00000 -0.00000
1618942354807703 0.98858 -0.15069 0.00000 -7.31225 -0.15069 -0.98858 0.00000 -0.16751 -0.00000 -0.00000 -1.00000 -0.00000
1618942355057706 0.98979 -0.14254 0.00000 -8.34475 -0.14254 -0.98979 0.00000 -0.21182 -0.00000 -0.00000 -1.00000 -0.00000
1618942355307708 0.99040 -0.13824 0.00000 -9.39192 -0.13824 -0.99040 0.00000 -0.28301 -0.00000 -0.00000 -1.00000 -0.00000
1618942355557708 0.99120 -0.13235 0.00000 -10.55908 -0.13235 -0.99120 0.00000 -0.36653 -0.00000 -0.00000 -1.00000 -0.00000
1618942355808331 0.99239 -0.12312 0.00000 -11.76672 -0.12312 -0.99239 0.00000 -0.47079 -0.00000 -0.00000 -1.00000 -0.00000
1618942356058968 0.99255 -0.12181 0.00000 -13.01842 -0.12181 -0.99255 0.00000 -0.45130 -0.00000 -0.00000 -1.00000 -0.00000
1618942356308967 0.99339 -0.11480 0.00000 -14.35958 -0.11480 -0.99339 0.00000 -0.63241 -0.00000 -0.00000 -1.00000 -0.00000
1618942356558974 0.99456 -0.10418 0.00000 -15.69186 -0.10418 -0.99456 0.00000 -0.77491 -0.00000 -0.00000 -1.00000 -0.00000
1618942356808976 0.99571 -0.09256 0.00000 -17.05680 -0.09256 -0.99571 0.00000 -0.96155 -0.00000 -0.00000 -1.00000 -0.00000
1618942357058976 0.99686 -0.07918 0.00000 -18.51208 -0.07918 -0.99686 0.00000 -1.21980 -0.00000 -0.00000 -1.00000 -0.00000
1618942357308983 0.99784 -0.06568 0.00000 -19.94124 -0.06568 -0.99784 0.00000 -1.58010 -0.00000 -0.00000 -1.00000 -0.00000
1618942357558358 0.99830 -0.05833 0.00000 -21.41498 -0.05833 -0.99830 0.00000 -1.73436 -0.00000 -0.00000 -1.00000 -0.00000
1618942357808984 0.99864 -0.05213 0.00000 -22.95073 -0.05213 -0.99864 0.00000 -1.79688 -0.00000 -0.00000 -1.00000 -0.00000
1618942358058993 0.99919 -0.04017 0.00000 -24.51032 -0.04017 -0.99919 0.00000 -2.05303 -0.00000 -0.00000 -1.00000 -0.00000
1618942358308372 0.99959 -0.02878 0.00000 -26.18225 -0.02878 -0.99959 0.00000 -2.46064 -0.00000 -0.00000 -1.00000 -0.00000
1618942358558376 0.99983 -0.01850 0.00000 -27.84441 -0.01850 -0.99983 0.00000 -2.77079 -0.00000 -0.00000 -1.00000 -0.00000
1618942358808377 0.99996 -0.00866 0.00000 -29.56520 -0.00866 -0.99996 0.00000 -3.09734 -0.00000 -0.00000 -1.00000 -0.00000
1618942359059017 0.99996 -0.00841 0.00000 -31.28371 -0.00841 -0.99996 0.00000 -3.03447 -0.00000 -0.00000 -1.00000 -0.00000
1618942359308386 0.99998 0.00664 0.00000 -33.03359 0.00664 -0.99998 0.00000 -3.55979 0.00000 -0.00000 -1.00000 -0.00000
1618942359558386 0.99994 0.01106 0.00000 -34.83068 0.01106 -0.99994 0.00000 -3.76244 0.00000 -0.00000 -1.00000 -0.00000
1618942359809016 0.99983 0.01859 0.00000 -36.65373 0.01859 -0.99983 0.00000 -4.01320 0.00000 -0.00000 -1.00000 -0.00000
1618942360059020 0.99981 0.01940 0.00000 -38.50705 0.01940 -0.99981 0.00000 -4.08384 0.00000 -0.00000 -1.00000 -0.00000
1618942360309647 0.99964 0.02689 0.00000 -40.33361 0.02689 -0.99964 0.00000 -4.33359 0.00000 -0.00000 -1.00000 -0.00000
1618942360559031 0.99928 0.03787 0.00000 -42.17630 0.03787 -0.99928 0.00000 -4.70104 0.00000 -0.00000 -1.00000 -0.00000
1618942360809031 0.99911 0.04222 0.00000 -44.15173 0.04222 -0.99911 0.00000 -4.92403 0.00000 -0.00000 -1.00000 -0.00000
1618942361058404 0.99880 0.04899 0.00000 -46.10822 0.04899 -0.99880 0.00000 -5.45262 0.00000 -0.00000 -1.00000 -0.00000
1618942361308408 0.99876 0.04980 0.00000 -48.20179 0.04980 -0.99876 0.00000 -5.44379 0.00000 -0.00000 -1.00000 -0.00000
1618942361558410 0.99850 0.05483 -0.00000 -50.31489 0.05483 -0.99850 0.00000 -5.83388 0.00000 -0.00000 -1.00000 -0.00000
1618942361808415 0.99839 0.05665 0.00000 -52.35982 0.05665 -0.99839 0.00000 -5.99711 0.00000 -0.00000 -1.00000 -0.00000
1618942362059046 0.99878 0.04936 -0.00000 -54.53715 0.04936 -0.99878 0.00000 -5.51761 0.00000 -0.00000 -1.00000 -0.00000
1618942362308424 0.99861 0.05279 0.00000 -56.65893 0.05279 -0.99861 0.00000 -5.90005 0.00000 -0.00000 -1.00000 -0.00000
1618942362559051 0.99882 0.04853 0.00000 -58.91299 0.04853 -0.99882 0.00000 -5.55490 0.00000 -0.00000 -1.00000 -0.00000
1618942362808427 0.99879 0.04919 0.00000 -61.05243 0.04919 -0.99879 0.00000 -5.58453 0.00000 -0.00000 -1.00000 -0.00000
1618942363058434 0.99889 0.04713 -0.00000 -63.18162 0.04713 -0.99889 0.00000 -5.51559 0.00000 -0.00000 -1.00000 -0.00000
1618942363308439 0.99901 0.04447 -0.00000 -65.34023 0.04447 -0.99901 0.00000 -5.36668 0.00000 -0.00000 -1.00000 -0.00000
1618942363558438 0.99923 0.03924 0.00000 -67.56174 0.03924 -0.99923 0.00000 -5.00651 0.00000 -0.00000 -1.00000 -0.00000
1618942363807816 0.99912 0.04185 0.00000 -69.59008 0.04185 -0.99912 0.00000 -5.29819 0.00000 -0.00000 -1.00000 -0.00000
1618942364057818 0.99915 0.04128 0.00000 -71.82510 0.04128 -0.99915 0.00000 -5.18858 0.00000 -0.00000 -1.00000 -0.00000
1618942364307826 0.99942 0.03399 0.00000 -73.92859 0.03399 -0.99942 0.00000 -4.68458 0.00000 -0.00000 -1.00000 -0.00000
1618942364557827 0.99967 0.02551 -0.00000 -76.08817 0.02551 -0.99967 0.00000 -4.08377 0.00000 -0.00000 -1.00000 -0.00000
1618942364807835 0.99999 0.00377 0.00000 -78.30552 0.00377 -0.99999 0.00000 -2.44807 0.00000 -0.00000 -1.00000 -0.00000
1618942365057214 0.99990 -0.01439 0.00000 -80.39289 -0.01439 -0.99990 0.00000 -0.99771 -0.00000 -0.00000 -1.00000 -0.00000
1618942365307840 0.99847 -0.05533 -0.00000 -82.47914 -0.05533 -0.99847 0.00000 2.22615 -0.00000 -0.00000 -1.00000 0.00000
1618942365557841 0.99612 -0.08805 0.00000 -84.35993 -0.08805 -0.99612 0.00000 4.90494 -0.00000 -0.00000 -1.00000 0.00000
1618942365807842 0.99136 -0.13119 -0.00000 -86.16669 -0.13119 -0.99136 0.00000 8.56279 -0.00000 -0.00000 -1.00000 0.00000
1618942366058474 0.98554 -0.16945 0.00000 -87.83096 -0.16945 -0.98554 0.00000 11.85844 -0.00000 -0.00000 -1.00000 0.00000
1618942366309104 0.97522 -0.22122 0.00000 -89.07065 -0.22122 -0.97522 0.00000 16.51292 -0.00000 -0.00000 -1.00000 0.00000
1618942366559103 0.96410 -0.26553 0.00000 -90.23547 -0.26553 -0.96410 0.00000 20.52433 -0.00000 -0.00000 -1.00000 0.00000
1618942366809108 0.94844 -0.31697 -0.00000 -91.01134 -0.31697 -0.94844 0.00000 25.38883 -0.00000 -0.00000 -1.00000 0.00000
1618942367058500 0.93392 -0.35747 0.00000 -91.81536 -0.35747 -0.93392 0.00000 29.15852 -0.00000 -0.00000 -1.00000 0.00000
1618942367308489 0.91195 -0.41030 0.00000 -91.97809 -0.41030 -0.91195 0.00000 34.38909 -0.00000 -0.00000 -1.00000 0.00000
1618942367557868 0.88866 -0.45856 0.00000 -91.94082 -0.45856 -0.88866 0.00000 39.24524 -0.00000 -0.00000 -1.00000 0.00000
1618942367807869 0.86188 -0.50711 0.00000 -91.55079 -0.50711 -0.86188 0.00000 44.35186 -0.00000 -0.00000 -1.00000 0.00000
1618942368057877 0.82434 -0.56610 0.00000 -90.27428 -0.56610 -0.82434 0.00000 50.70128 -0.00000 -0.00000 -1.00000 0.00000
1618942368307879 0.77981 -0.62602 0.00000 -88.29017 -0.62602 -0.77981 0.00000 57.36065 -0.00000 -0.00000 -1.00000 0.00000
1618942368557257 0.72699 -0.68665 0.00000 -85.23651 -0.68665 -0.72699 0.00000 64.15868 -0.00000 -0.00000 -1.00000 0.00000
1618942368807260 0.66327 -0.74838 0.00000 -81.15109 -0.74838 -0.66327 0.00000 71.55657 -0.00000 -0.00000 -1.00000 0.00000
1618942369057264 0.59806 -0.80145 0.00000 -76.73846 -0.80145 -0.59806 0.00000 78.10234 -0.00000 -0.00000 -1.00000 0.00000
1618942369307270 0.54004 -0.84164 0.00000 -72.99398 -0.84164 -0.54004 0.00000 83.21958 -0.00000 -0.00000 -1.00000 0.00000
1618942369557894 0.47658 -0.87913 0.00000 -68.46196 -0.87913 -0.47658 0.00000 88.42648 -0.00000 -0.00000 -1.00000 0.00000
1618942369808522 0.42660 -0.90444 0.00000 -65.25224 -0.90444 -0.42660 0.00000 92.03600 -0.00000 -0.00000 -1.00000 0.00000
1618942370058521 0.40005 -0.91650 0.00000 -64.48997 -0.91650 -0.40005 0.00000 93.59247 -0.00000 -0.00000 -1.00000 0.00000
1618942370309159 0.37983 -0.92506 0.00000 -64.33292 -0.92506 -0.37983 0.00000 95.01520 -0.00000 -0.00000 -1.00000 0.00000
1618942370558533 0.37552 -0.92681 0.00000 -65.73453 -0.92681 -0.37552 0.00000 95.25191 -0.00000 -0.00000 -1.00000 0.00000
1618942370808537 0.37371 -0.92755 0.00000 -67.49649 -0.92755 -0.37371 0.00000 95.53686 -0.00000 -0.00000 -1.00000 0.00000
1618942371057919 0.37615 -0.92656 0.00000 -69.66072 -0.92656 -0.37615 0.00000 95.21497 -0.00000 -0.00000 -1.00000 0.00000
1618942371307918 0.37930 -0.92527 -0.00000 -71.95984 -0.92527 -0.37930 0.00000 95.02533 -0.00000 -0.00000 -1.00000 0.00000
1618942371557921 0.38930 -0.92111 0.00000 -74.94838 -0.92111 -0.38930 0.00000 94.18474 -0.00000 -0.00000 -1.00000 0.00000
1618942371808552 0.39762 -0.91755 0.00000 -77.91299 -0.91755 -0.39762 0.00000 93.56286 -0.00000 -0.00000 -1.00000 0.00000
1618942372058554 0.41044 -0.91189 0.00000 -81.18830 -0.91189 -0.41044 0.00000 92.34303 -0.00000 -0.00000 -1.00000 0.00000
1618942372308559 0.42270 -0.90627 0.00000 -84.48838 -0.90627 -0.42270 0.00000 91.14190 -0.00000 -0.00000 -1.00000 0.00000
1618942372557934 0.43960 -0.89819 0.00000 -88.22762 -0.89819 -0.43960 0.00000 89.38784 -0.00000 -0.00000 -1.00000 0.00000
1618942372807939 0.45039 -0.89283 0.00000 -91.45546 -0.89283 -0.45039 0.00000 88.44125 -0.00000 -0.00000 -1.00000 0.00000
1618942373057940 0.46897 -0.88321 0.00000 -95.32890 -0.88321 -0.46897 0.00000 86.47545 -0.00000 -0.00000 -1.00000 0.00000
1618942373308569 0.48026 -0.87713 0.00000 -98.65652 -0.87713 -0.48026 0.00000 85.05927 -0.00000 -0.00000 -1.00000 0.00000
1618942373558573 0.49968 -0.86621 0.00000 -102.58192 -0.86621 -0.49968 0.00000 82.69099 -0.00000 -0.00000 -1.00000 0.00000
1618942373808573 0.51707 -0.85594 0.00000 -106.51216 -0.85594 -0.51707 0.00000 80.63335 -0.00000 -0.00000 -1.00000 0.00000
1618942374059205 0.53334 -0.84590 0.00000 -110.24170 -0.84590 -0.53334 0.00000 78.67922 -0.00000 -0.00000 -1.00000 0.00000
1618942374309206 0.54535 -0.83821 0.00000 -113.46937 -0.83821 -0.54535 0.00000 77.10100 -0.00000 -0.00000 -1.00000 0.00000
1618942374558597 0.56677 -0.82387 -0.00000 -117.48397 -0.82387 -0.56677 0.00000 74.04054 -0.00000 -0.00000 -1.00000 0.00000
1618942374808587 0.57853 -0.81566 0.00000 -120.65150 -0.81566 -0.57853 0.00000 72.30784 -0.00000 -0.00000 -1.00000 0.00000
1618942375058599 0.58873 -0.80833 0.00000 -123.71707 -0.80833 -0.58873 0.00000 70.85191 -0.00000 -0.00000 -1.00000 0.00000
1618942375307969 0.59972 -0.80021 -0.00000 -126.75650 -0.80021 -0.59972 0.00000 69.06620 -0.00000 -0.00000 -1.00000 0.00000
1618942375557353 0.61739 -0.78666 0.00000 -130.35585 -0.78666 -0.61739 0.00000 66.06184 -0.00000 -0.00000 -1.00000 0.00000
1618942375807979 0.62456 -0.78098 0.00000 -133.03177 -0.78098 -0.62456 0.00000 64.92400 -0.00000 -0.00000 -1.00000 0.00000
1618942376057981 0.63946 -0.76883 0.00000 -136.20547 -0.76883 -0.63946 0.00000 62.44066 -0.00000 -0.00000 -1.00000 0.00000
1618942376307982 0.65836 -0.75270 0.00000 -139.74261 -0.75270 -0.65836 0.00000 58.92515 -0.00000 -0.00000 -1.00000 0.00000
1618942376558615 0.67746 -0.73556 0.00000 -143.20115 -0.73556 -0.67746 0.00000 55.37058 -0.00000 -0.00000 -1.00000 0.00000
1618942376808618 0.70141 -0.71276 0.00000 -146.91741 -0.71276 -0.70141 0.00000 50.59194 -0.00000 -0.00000 -1.00000 0.00000
1618942377058620 0.72596 -0.68773 0.00000 -150.55530 -0.68773 -0.72596 0.00000 45.25199 -0.00000 -0.00000 -1.00000 0.00000
1618942377308624 0.75619 -0.65436 0.00000 -154.31544 -0.65436 -0.75619 0.00000 38.27106 -0.00000 -0.00000 -1.00000 0.00000
1618942377558639 0.78899 -0.61441 0.00000 -157.87447 -0.61441 -0.78899 0.00000 30.22320 -0.00000 -0.00000 -1.00000 0.00000
1618942377808630 0.82448 -0.56589 0.00000 -161.06335 -0.56589 -0.82448 0.00000 20.72991 -0.00000 -0.00000 -1.00000 0.00000
1618942378058633 0.85884 -0.51224 0.00000 -163.70615 -0.51224 -0.85884 0.00000 10.34971 -0.00000 -0.00000 -1.00000 0.00000
1618942378308636 0.89571 -0.44464 0.00000 -165.60499 -0.44464 -0.89571 0.00000 -2.29334 -0.00000 -0.00000 -1.00000 -0.00000
1618942378558638 0.93378 -0.35784 0.00000 -166.00120 -0.35784 -0.93378 0.00000 -17.94800 -0.00000 -0.00000 -1.00000 -0.00000
1618942378808640 0.96470 -0.26336 0.00000 -164.85086 -0.26336 -0.96470 0.00000 -34.37439 -0.00000 -0.00000 -1.00000 -0.00000
1618942379058645 0.98682 -0.16185 0.00000 -161.66479 -0.16185 -0.98682 0.00000 -51.27503 -0.00000 -0.00000 -1.00000 -0.00000
1618942379308649 0.99813 -0.06105 0.00000 -156.80307 -0.06105 -0.99813 0.00000 -67.43362 -0.00000 -0.00000 -1.00000 -0.00000
1618942379558648 0.99890 0.04682 0.00000 -149.73634 0.04682 -0.99890 0.00000 -83.91491 0.00000 -0.00000 -1.00000 -0.00000
1618942379808655 0.98679 0.16200 0.00000 -140.14417 0.16200 -0.98679 0.00000 -100.69199 0.00000 -0.00000 -1.00000 -0.00000
1618942380058661 0.95603 0.29327 0.00000 -126.36817 0.29327 -0.95603 0.00000 -118.53823 0.00000 -0.00000 -1.00000 -0.00000
1618942380308665 0.90589 0.42352 0.00000 -109.85610 0.42352 -0.90589 0.00000 -135.04203 0.00000 -0.00000 -1.00000 -0.00000
1618942380558665 0.82769 0.56118 0.00000 -88.01311 0.56118 -0.82769 0.00000 -150.62134 0.00000 -0.00000 -1.00000 -0.00000
1618942380808667 0.72690 0.68674 0.00000 -63.83816 0.68674 -0.72690 0.00000 -162.82701 0.00000 -0.00000 -1.00000 -0.00000
1618942381058672 0.60019 0.79986 0.00000 -36.25905 0.79986 -0.60019 0.00000 -171.21580 0.00000 -0.00000 -1.00000 -0.00000
1618942381308676 0.44969 0.89319 0.00000 -6.53335 0.89319 -0.44969 0.00000 -175.02913 0.00000 -0.00000 -1.00000 -0.00000
1618942381558679 0.27218 0.96225 0.00000 25.89341 0.96225 -0.27218 0.00000 -172.95876 0.00000 -0.00000 -1.00000 -0.00000
1618942381809307 0.09723 0.99526 0.00000 55.10450 0.99526 -0.09723 0.00000 -165.66971 0.00000 -0.00000 -1.00000 -0.00000
1618942382059312 -0.09852 0.99514 0.00000 85.44592 0.99514 0.09852 0.00000 -151.63481 0.00000 0.00000 -1.00000 -0.00000
1618942382309313 -0.28069 0.95980 0.00000 111.09056 0.95980 0.28069 0.00000 -133.21130 0.00000 0.00000 -1.00000 -0.00000
1618942382559319 -0.45070 0.89268 0.00000 132.49320 0.89268 0.45070 0.00000 -110.71839 0.00000 0.00000 -1.00000 -0.00000
1618942382809324 -0.59401 0.80446 0.00000 148.16940 0.80446 0.59401 0.00000 -87.02572 0.00000 0.00000 -1.00000 -0.00000
1618942383059961 -0.70425 0.70996 0.00000 158.12049 0.70996 0.70425 0.00000 -64.49377 0.00000 0.00000 -1.00000 -0.00000
1618942383309953 -0.78659 0.61748 0.00000 163.82998 0.61748 0.78659 0.00000 -44.45966 0.00000 0.00000 -1.00000 -0.00000
1618942383559957 -0.84219 0.53919 0.00000 166.13049 0.53919 0.84219 0.00000 -28.50268 0.00000 0.00000 -1.00000 -0.00000
1618942383809334 -0.88451 0.46653 0.00000 166.81522 0.46653 0.88451 0.00000 -14.49888 0.00000 0.00000 -1.00000 -0.00000
1618942384059962 -0.91517 0.40306 0.00000 166.11849 0.40306 0.91517 0.00000 -2.59086 0.00000 0.00000 -1.00000 -0.00000
1618942384309967 -0.93341 0.35881 -0.00000 164.71226 0.35881 0.93341 0.00000 5.24051 0.00000 0.00000 -1.00000 0.00000
1618942384559969 -0.94416 0.32948 0.00000 162.98814 0.32948 0.94416 0.00000 10.41402 0.00000 0.00000 -1.00000 0.00000
1618942384809972 -0.94940 0.31407 -0.00000 161.49640 0.31407 0.94940 0.00000 13.08805 0.00000 0.00000 -1.00000 0.00000
1618942385059978 -0.95176 0.30684 0.00000 159.90828 0.30684 0.95176 0.00000 14.34625 0.00000 0.00000 -1.00000 0.00000
1618942385309981 -0.95151 0.30762 -0.00000 158.31363 0.30762 0.95151 0.00000 14.13258 0.00000 0.00000 -1.00000 0.00000
1618942385559981 -0.95052 0.31067 0.00000 156.87017 0.31067 0.95052 0.00000 13.62320 0.00000 0.00000 -1.00000 0.00000
1618942385809984 -0.94350 0.33137 0.00000 155.63070 0.33137 0.94350 0.00000 10.24630 0.00000 0.00000 -1.00000 0.00000
1618942386059362 -0.93741 0.34823 0.00000 154.02134 0.34823 0.93741 0.00000 7.32362 0.00000 0.00000 -1.00000 0.00000
1618942386309371 -0.93114 0.36465 0.00000 152.53905 0.36465 0.93114 0.00000 4.68949 0.00000 0.00000 -1.00000 0.00000
1618942386559374 -0.91711 0.39864 0.00000 150.89842 0.39864 0.91711 0.00000 -0.94640 0.00000 0.00000 -1.00000 -0.00000
1618942386809370 -0.89711 0.44181 0.00000 149.02973 0.44181 0.89711 0.00000 -8.09471 0.00000 0.00000 -1.00000 -0.00000
1618942387059377 -0.87321 0.48735 -0.00000 146.66577 0.48735 0.87321 0.00000 -15.75860 0.00000 0.00000 -1.00000 -0.00000
1618942387308758 -0.84961 0.52741 0.00000 144.06151 0.52741 0.84961 0.00000 -22.60286 0.00000 0.00000 -1.00000 -0.00000
1618942387558137 -0.81996 0.57242 0.00000 140.81125 0.57242 0.81996 0.00000 -30.48022 0.00000 0.00000 -1.00000 -0.00000
1618942387808136 -0.78711 0.61682 0.00000 137.06910 0.61682 0.78711 0.00000 -38.14572 0.00000 0.00000 -1.00000 -0.00000
1618942388057516 -0.75372 0.65720 0.00000 132.98434 0.65720 0.75372 0.00000 -45.32846 0.00000 0.00000 -1.00000 -0.00000
1618942388308140 -0.71804 0.69600 0.00000 128.58607 0.69600 0.71804 0.00000 -52.31425 0.00000 0.00000 -1.00000 -0.00000
1618942388558150 -0.67701 0.73597 -0.00000 123.42297 0.73597 0.67701 0.00000 -59.59446 0.00000 0.00000 -1.00000 -0.00000
1618942388808154 -0.63180 0.77513 -0.00000 117.67991 0.77513 0.63180 0.00000 -66.92063 0.00000 0.00000 -1.00000 -0.00000
1618942389058779 -0.58981 0.80754 0.00000 112.05282 0.80754 0.58981 0.00000 -72.96230 0.00000 0.00000 -1.00000 -0.00000
1618942389308782 -0.54577 0.83793 0.00000 105.98221 0.83793 0.54577 0.00000 -78.88018 0.00000 0.00000 -1.00000 -0.00000
1618942389558165 -0.50479 0.86324 0.00000 100.21158 0.86324 0.50479 0.00000 -83.94416 0.00000 0.00000 -1.00000 -0.00000
1618942389808166 -0.46672 0.88440 -0.00000 94.51757 0.88440 0.46672 0.00000 -88.08553 0.00000 0.00000 -1.00000 -0.00000
1618942390058789 -0.43102 0.90234 0.00000 88.85919 0.90234 0.43102 0.00000 -91.80584 0.00000 0.00000 -1.00000 -0.00000
1618942390308171 -0.40909 0.91250 0.00000 84.70521 0.91250 0.40909 0.00000 -93.98734 0.00000 0.00000 -1.00000 -0.00000
1618942390557550 -0.39048 0.92061 0.00000 80.75488 0.92061 0.39048 0.00000 -95.78090 0.00000 0.00000 -1.00000 -0.00000
1618942390808176 -0.37400 0.92743 0.00000 77.05392 0.92743 0.37400 0.00000 -97.11093 0.00000 0.00000 -1.00000 -0.00000
1618942391058192 -0.36511 0.93096 0.00000 74.25980 0.93096 0.36511 0.00000 -97.96310 0.00000 0.00000 -1.00000 -0.00000
1618942391308809 -0.35421 0.93517 0.00000 71.01548 0.93517 0.35421 0.00000 -98.84746 0.00000 0.00000 -1.00000 -0.00000
1618942391558811 -0.34958 0.93691 0.00000 68.50295 0.93691 0.34958 0.00000 -99.19561 0.00000 0.00000 -1.00000 -0.00000
1618942391808821 -0.34810 0.93746 0.00000 66.35335 0.93746 0.34810 0.00000 -99.38353 0.00000 0.00000 -1.00000 -0.00000
1618942392058819 -0.35261 0.93577 0.00000 64.82626 0.93577 0.35261 0.00000 -99.04618 0.00000 0.00000 -1.00000 -0.00000
1618942392308198 -0.37137 0.92848 0.00000 64.80334 0.92848 0.37137 0.00000 -97.77508 0.00000 0.00000 -1.00000 -0.00000
1618942392558203 -0.39290 0.91958 0.00000 65.08163 0.91958 0.39290 0.00000 -96.40259 0.00000 0.00000 -1.00000 -0.00000
1618942392808829 -0.42729 0.90411 0.00000 66.67646 0.90411 0.42729 0.00000 -93.74492 0.00000 0.00000 -1.00000 -0.00000
1618942393058834 -0.46273 0.88650 0.00000 68.31823 0.88650 0.46273 0.00000 -91.15784 0.00000 0.00000 -1.00000 -0.00000
1618942393308840 -0.50515 0.86303 0.00000 70.69058 0.86303 0.50515 0.00000 -87.83710 0.00000 0.00000 -1.00000 -0.00000
1618942393558214 -0.55244 0.83355 0.00000 73.58078 0.83355 0.55244 0.00000 -83.88692 0.00000 0.00000 -1.00000 -0.00000
1618942393808844 -0.59269 0.80543 0.00000 75.66953 0.80543 0.59269 0.00000 -80.15056 0.00000 0.00000 -1.00000 -0.00000
1618942394058845 -0.63724 0.77066 0.00000 78.22321 0.77066 0.63724 0.00000 -75.92244 0.00000 0.00000 -1.00000 -0.00000
1618942394308851 -0.68300 0.73042 0.00000 80.81810 0.73042 0.68300 0.00000 -71.18619 0.00000 0.00000 -1.00000 -0.00000
1618942394558852 -0.73455 0.67856 0.00000 84.03203 0.67856 0.73455 0.00000 -65.22309 0.00000 0.00000 -1.00000 -0.00000
1618942394808857 -0.77458 0.63248 0.00000 85.65046 0.63248 0.77458 0.00000 -59.85660 0.00000 0.00000 -1.00000 -0.00000
1618942395058860 -0.81630 0.57763 -0.00000 87.82584 0.57763 0.81630 0.00000 -53.92477 0.00000 0.00000 -1.00000 -0.00000
1618942395308864 -0.85306 0.52181 -0.00000 89.31806 0.52181 0.85306 0.00000 -47.91634 0.00000 0.00000 -1.00000 -0.00000
1618942395558868 -0.88952 0.45690 0.00000 90.73710 0.45690 0.88952 0.00000 -41.15443 0.00000 0.00000 -1.00000 -0.00000
1618942395808868 -0.92176 0.38776 0.00000 91.83262 0.38776 0.92176 0.00000 -34.24071 0.00000 0.00000 -1.00000 -0.00000
1618942396058873 -0.94468 0.32800 0.00000 91.85516 0.32800 0.94468 0.00000 -28.29447 0.00000 0.00000 -1.00000 -0.00000
1618942396308876 -0.96405 0.26573 -0.00000 91.66436 0.26573 0.96405 0.00000 -22.36961 0.00000 0.00000 -1.00000 -0.00000
1618942396558885 -0.97763 0.21033 0.00000 90.86073 0.21033 0.97763 0.00000 -17.25500 0.00000 0.00000 -1.00000 -0.00000
1618942396809508 -0.98753 0.15742 0.00000 89.70981 0.15742 0.98753 0.00000 -12.27146 0.00000 0.00000 -1.00000 -0.00000
1618942397059515 -0.99388 0.11046 0.00000 88.18459 0.11046 0.99388 0.00000 -8.00464 0.00000 0.00000 -1.00000 -0.00000
1618942397308892 -0.99793 0.06431 0.00000 86.52913 0.06431 0.99793 0.00000 -3.93837 0.00000 0.00000 -1.00000 -0.00000
1618942397559520 -0.99935 0.03614 -0.00000 84.61440 0.03614 0.99935 0.00000 -1.44527 0.00000 0.00000 -1.00000 -0.00000
1618942397808897 -0.99997 0.00758 0.00000 82.60692 0.00758 0.99997 0.00000 0.80472 0.00000 0.00000 -1.00000 0.00000
1618942398058902 -1.00000 -0.00077 -0.00000 80.56735 -0.00077 1.00000 0.00000 1.59796 -0.00000 0.00000 -1.00000 0.00000
1618942398308901 -0.99993 -0.01217 0.00000 78.48621 -0.01217 0.99993 0.00000 2.55185 -0.00000 0.00000 -1.00000 0.00000
1618942398558906 -0.99990 -0.01414 0.00000 76.41282 -0.01414 0.99990 0.00000 2.70235 -0.00000 0.00000 -1.00000 0.00000
1618942398808288 -0.99960 -0.02828 -0.00000 74.27857 -0.02828 0.99960 0.00000 3.66644 -0.00000 0.00000 -1.00000 0.00000
1618942399058922 -0.99963 -0.02733 0.00000 72.14018 -0.02733 0.99963 0.00000 3.62280 -0.00000 0.00000 -1.00000 0.00000
1618942399308294 -0.99953 -0.03079 0.00000 70.08784 -0.03079 0.99953 0.00000 3.78321 -0.00000 0.00000 -1.00000 0.00000
1618942399557670 -0.99951 -0.03124 0.00000 67.90869 -0.03124 0.99951 0.00000 3.81856 -0.00000 0.00000 -1.00000 0.00000
1618942399807672 -0.99952 -0.03084 0.00000 65.81752 -0.03084 0.99952 0.00000 3.73740 -0.00000 0.00000 -1.00000 0.00000
1618942400058301 -0.99957 -0.02919 -0.00000 63.69433 -0.02919 0.99957 0.00000 3.64294 -0.00000 0.00000 -1.00000 0.00000
1618942400308305 -0.99963 -0.02709 0.00000 61.58688 -0.02709 0.99963 0.00000 3.47018 -0.00000 0.00000 -1.00000 0.00000
1618942400558311 -0.99961 -0.02775 0.00000 59.49711 -0.02775 0.99961 0.00000 3.38910 -0.00000 0.00000 -1.00000 0.00000
1618942400808938 -0.99966 -0.02594 0.00000 57.34037 -0.02594 0.99966 0.00000 3.31677 -0.00000 0.00000 -1.00000 0.00000
1618942401058319 -0.99947 -0.03255 0.00000 55.26478 -0.03255 0.99947 0.00000 3.62447 -0.00000 0.00000 -1.00000 0.00000
1618942401308320 -0.99928 -0.03787 -0.00000 53.20502 -0.03787 0.99928 0.00000 3.79028 -0.00000 0.00000 -1.00000 0.00000
1618942401558322 -0.99872 -0.05065 -0.00000 50.98788 -0.05065 0.99872 0.00000 4.38095 -0.00000 0.00000 -1.00000 0.00000
1618942401808325 -0.99818 -0.06030 0.00000 48.89628 -0.06030 0.99818 0.00000 5.00922 -0.00000 0.00000 -1.00000 0.00000
1618942402058329 -0.99777 -0.06679 0.00000 46.78162 -0.06679 0.99777 0.00000 5.25090 -0.00000 0.00000 -1.00000 0.00000
1618942402308331 -0.99781 -0.06618 0.00000 44.65394 -0.06618 0.99781 0.00000 5.19180 -0.00000 0.00000 -1.00000 0.00000
1618942402558335 -0.99867 -0.05152 -0.00000 42.64303 -0.05152 0.99867 0.00000 4.60647 -0.00000 0.00000 -1.00000 0.00000
1618942402807714 -0.99955 -0.02989 0.00000 40.73315 -0.02989 0.99955 0.00000 3.44782 -0.00000 0.00000 -1.00000 0.00000
1618942403058341 -0.99996 -0.00844 0.00000 38.77288 -0.00844 0.99996 0.00000 2.80498 -0.00000 0.00000 -1.00000 0.00000
1618942403308343 -0.99992 0.01298 0.00000 36.68608 0.01298 0.99992 0.00000 1.85147 0.00000 0.00000 -1.00000 0.00000
1618942403558348 -0.99973 0.02320 0.00000 34.77626 0.02320 0.99973 0.00000 1.31425 0.00000 0.00000 -1.00000 0.00000
1618942403808350 -0.99942 0.03399 0.00000 32.66643 0.03399 0.99942 0.00000 0.99084 0.00000 0.00000 -1.00000 0.00000
1618942404058351 -0.99887 0.04743 0.00000 30.59777 0.04743 0.99887 0.00000 0.45236 0.00000 0.00000 -1.00000 0.00000
1618942404308358 -0.99802 0.06287 0.00000 28.56900 0.06287 0.99802 0.00000 0.11423 0.00000 0.00000 -1.00000 0.00000
1618942404558361 -0.99768 0.06803 0.00000 26.51705 0.06803 0.99768 0.00000 -0.22260 0.00000 0.00000 -1.00000 -0.00000
1618942404808365 -0.99745 0.07135 0.00000 24.35660 0.07135 0.99745 0.00000 -0.35763 0.00000 0.00000 -1.00000 -0.00000
1618942405058368 -0.99695 0.07799 0.00000 22.16309 0.07799 0.99695 0.00000 -0.55788 0.00000 0.00000 -1.00000 -0.00000
1618942405308372 -0.99679 0.08011 -0.00000 20.07438 0.08011 0.99679 0.00000 -0.65299 0.00000 0.00000 -1.00000 -0.00000
1618942405558373 -0.99728 0.07367 0.00000 17.83414 0.07367 0.99728 0.00000 -0.48058 0.00000 0.00000 -1.00000 -0.00000
1618942405808378 -0.99671 0.08107 0.00000 15.64253 0.08107 0.99671 0.00000 -0.60387 0.00000 0.00000 -1.00000 -0.00000
1618942406057758 -0.99686 0.07914 0.00000 13.52591 0.07914 0.99686 0.00000 -0.66760 0.00000 0.00000 -1.00000 -0.00000
1618942406307763 -0.99693 0.07829 -0.00000 11.28618 0.07829 0.99693 0.00000 -0.67293 0.00000 0.00000 -1.00000 -0.00000
1618942406558389 -0.99675 0.08055 0.00000 9.16023 0.08055 0.99675 0.00000 -0.65254 0.00000 0.00000 -1.00000 -0.00000
1618942406808393 -0.99691 0.07857 0.00000 6.95047 0.07857 0.99691 0.00000 -0.59000 0.00000 0.00000 -1.00000 -0.00000
1618942407059030 -0.99628 0.08615 0.00000 4.75733 0.08615 0.99628 0.00000 -0.72071 0.00000 0.00000 -1.00000 -0.00000
1618942407309024 -0.99670 0.08113 0.00000 2.60994 0.08113 0.99670 0.00000 -0.64341 0.00000 0.00000 -1.00000 -0.00000
1618942407559029 -0.99671 0.08101 0.00000 0.43590 0.08101 0.99671 0.00000 -0.64032 0.00000 0.00000 -1.00000 -0.00000
1618942407808403 -0.99711 0.07600 0.00000 -1.69404 0.07600 0.99711 0.00000 -0.76524 0.00000 0.00000 -1.00000 -0.00000
1618942408058406 -0.99732 0.07315 0.00000 -3.82629 0.07315 0.99732 0.00000 -0.72227 0.00000 0.00000 -1.00000 -0.00000
1618942408308414 -0.99704 0.07691 0.00000 -5.89959 0.07691 0.99704 0.00000 -0.75298 0.00000 0.00000 -1.00000 -0.00000
1618942408557790 -0.99751 0.07055 0.00000 -8.09823 0.07055 0.99751 0.00000 -0.91103 0.00000 0.00000 -1.00000 -0.00000
1618942408808415 -0.99715 0.07544 -0.00000 -10.16538 0.07544 0.99715 0.00000 -0.92168 0.00000 0.00000 -1.00000 -0.00000
1618942409058420 -0.99802 0.06288 0.00000 -12.18813 0.06288 0.99802 0.00000 -0.93496 0.00000 0.00000 -1.00000 -0.00000
1618942409308423 -0.99729 0.07362 0.00000 -14.40580 0.07362 0.99729 0.00000 -0.95340 0.00000 0.00000 -1.00000 -0.00000
1618942409558427 -0.99820 0.05991 -0.00000 -16.38242 0.05991 0.99820 0.00000 -1.06098 0.00000 0.00000 -1.00000 -0.00000
1618942409808427 -0.99816 0.06061 0.00000 -18.58541 0.06061 0.99816 0.00000 -1.20228 0.00000 0.00000 -1.00000 -0.00000
1618942410058433 -0.99790 0.06484 0.00000 -20.64048 0.06484 0.99790 0.00000 -1.11364 0.00000 0.00000 -1.00000 -0.00000
1618942410308435 -0.99860 0.05285 -0.00000 -22.64706 0.05285 0.99860 0.00000 -1.45735 0.00000 0.00000 -1.00000 -0.00000
1618942410558439 -0.99882 0.04866 -0.00000 -24.75165 0.04866 0.99882 0.00000 -1.46734 0.00000 0.00000 -1.00000 -0.00000
1618942410808442 -0.99894 0.04606 0.00000 -26.85778 0.04606 0.99894 0.00000 -1.60755 0.00000 0.00000 -1.00000 -0.00000
1618942411057816 -0.99928 0.03791 0.00000 -28.92355 0.03791 0.99928 0.00000 -2.00140 0.00000 0.00000 -1.00000 -0.00000
1618942411307822 -0.99943 0.03388 -0.00000 -31.06177 0.03388 0.99943 0.00000 -2.07858 0.00000 0.00000 -1.00000 -0.00000
1618942411558453 -0.99960 0.02824 0.00000 -33.03216 0.02824 0.99960 0.00000 -2.15675 0.00000 0.00000 -1.00000 -0.00000
1618942411808456 -0.99969 0.02497 0.00000 -35.05788 0.02497 0.99969 0.00000 -2.27371 0.00000 0.00000 -1.00000 -0.00000
1618942412058461 -0.99979 0.02031 0.00000 -36.96255 0.02031 0.99979 0.00000 -2.42900 0.00000 0.00000 -1.00000 -0.00000
1618942412308465 -0.99994 0.01112 0.00000 -39.01661 0.01112 0.99994 0.00000 -2.85789 0.00000 0.00000 -1.00000 -0.00000
1618942412558468 -1.00000 0.00156 0.00000 -41.10490 0.00156 1.00000 0.00000 -3.25313 0.00000 0.00000 -1.00000 -0.00000
1618942412808473 -0.99999 0.00505 0.00000 -43.04589 0.00505 0.99999 0.00000 -3.17946 0.00000 0.00000 -1.00000 -0.00000
1618942413058470 -1.00000 -0.00017 0.00000 -44.96006 -0.00017 1.00000 0.00000 -3.33399 -0.00000 0.00000 -1.00000 -0.00000
1618942413308475 -0.99994 -0.01067 -0.00000 -46.87753 -0.01067 0.99994 0.00000 -3.88275 -0.00000 0.00000 -1.00000 -0.00000
1618942413558479 -0.99993 -0.01180 -0.00000 -48.83194 -0.01180 0.99993 0.00000 -4.09987 -0.00000 0.00000 -1.00000 -0.00000
1618942413807852 -0.99990 -0.01383 0.00000 -50.67597 -0.01383 0.99990 0.00000 -4.19830 -0.00000 0.00000 -1.00000 -0.00000
1618942414057863 -0.99997 -0.00766 0.00000 -52.57814 -0.00766 0.99997 0.00000 -3.91593 -0.00000 0.00000 -1.00000 -0.00000
1618942414308494 -1.00000 -0.00053 0.00000 -54.45109 -0.00053 1.00000 0.00000 -3.61795 -0.00000 0.00000 -1.00000 -0.00000
1618942414559119 -0.99984 0.01787 0.00000 -56.21381 0.01787 0.99984 0.00000 -2.53459 0.00000 0.00000 -1.00000 -0.00000
1618942414809122 -0.99957 0.02928 -0.00000 -57.82175 0.02928 0.99957 0.00000 -1.86135 0.00000 0.00000 -1.00000 -0.00000
1618942415059133 -0.99833 0.05778 -0.00000 -59.37302 0.05778 0.99833 0.00000 -0.31242 0.00000 0.00000 -1.00000 -0.00000
1618942415309128 -0.99675 0.08058 -0.00000 -60.80108 0.08058 0.99675 0.00000 1.06800 0.00000 0.00000 -1.00000 0.00000
1618942415559134 -0.99320 0.11640 0.00000 -62.04683 0.11640 0.99320 0.00000 3.19748 0.00000 0.00000 -1.00000 0.00000
1618942415809137 -0.98622 0.16545 0.00000 -63.08059 0.16545 0.98622 0.00000 6.28648 0.00000 0.00000 -1.00000 0.00000
1618942416058517 -0.97639 0.21603 0.00000 -63.80035 0.21603 0.97639 0.00000 9.52535 0.00000 0.00000 -1.00000 0.00000
1618942416308515 -0.95860 0.28475 0.00000 -64.01607 0.28475 0.95860 0.00000 14.02116 0.00000 0.00000 -1.00000 0.00000
1618942416558522 -0.93168 0.36327 0.00000 -63.70031 0.36327 0.93168 0.00000 19.17306 0.00000 0.00000 -1.00000 0.00000
1618942416808523 -0.89369 0.44868 0.00000 -62.67912 0.44868 0.89369 0.00000 25.00283 0.00000 0.00000 -1.00000 0.00000
1618942417058525 -0.83902 0.54411 -0.00000 -60.50503 0.54411 0.83902 0.00000 31.57174 0.00000 0.00000 -1.00000 0.00000
1618942417308530 -0.77287 0.63456 0.00000 -57.54980 0.63456 0.77287 0.00000 38.19768 0.00000 0.00000 -1.00000 0.00000
1618942417558537 -0.69442 0.71957 0.00000 -53.76449 0.71957 0.69442 0.00000 44.60227 0.00000 0.00000 -1.00000 0.00000
1618942417807909 -0.60749 0.79433 0.00000 -49.19058 0.79433 0.60749 0.00000 50.29177 0.00000 0.00000 -1.00000 0.00000
1618942418057915 -0.51551 0.85689 -0.00000 -44.27922 0.85689 0.51551 0.00000 55.58057 0.00000 0.00000 -1.00000 0.00000
1618942418307919 -0.42276 0.90624 0.00000 -39.11853 0.90624 0.42276 0.00000 59.71645 0.00000 0.00000 -1.00000 0.00000
1618942418558548 -0.32282 0.94646 0.00000 -33.34727 0.94646 0.32282 0.00000 63.66921 0.00000 0.00000 -1.00000 0.00000
