1606847188172283 1.00000 0.00000 0.00000 -0.00000 0.00000 -1.00000 0.00000 0.00000 0.00000 -0.00000 -1.00000 0.00000
1606847188422286 1.00000 -0.00055 -0.00000 0.02043 -0.00055 -1.00000 0.00000 0.04010 -0.00000 -0.00000 -1.00000 0.00000
1606847188672312 1.00000 -0.00272 -0.00000 0.04355 -0.00272 -1.00000 0.00000 0.05454 -0.00000 -0.00000 -1.00000 0.00000
1606847188922300 1.00000 -0.00141 0.00000 0.02737 -0.00141 -1.00000 0.00000 0.04825 -0.00000 -0.00000 -1.00000 0.00000
1606847189171678 1.00000 -0.00010 0.00000 0.01683 -0.00010 -1.00000 0.00000 0.01080 -0.00000 -0.00000 -1.00000 0.00000
1606847189422302 1.00000 -0.00141 0.00000 0.02144 -0.00141 -1.00000 0.00000 0.04461 -0.00000 -0.00000 -1.00000 0.00000
1606847189672940 1.00000 0.00135 -0.00000 0.02164 0.00135 -1.00000 0.00000 0.04496 0.00000 -0.00000 -1.00000 0.00000
1606847189923557 1.00000 0.00027 -0.00000 0.01486 0.00027 -1.00000 0.00000 0.04851 0.00000 -0.00000 -1.00000 0.00000
1606847190174189 1.00000 -0.00183 0.00000 0.05356 -0.00183 -1.00000 0.00000 0.08981 -0.00000 -0.00000 -1.00000 0.00000
1606847190424187 1.00000 -0.00063 0.00000 0.00162 -0.00063 -1.00000 0.00000 0.01083 -0.00000 -0.00000 -1.00000 0.00000
1606847190674196 1.00000 -0.00073 0.00000 -0.00654 -0.00073 -1.00000 0.00000 0.02834 -0.00000 -0.00000 -1.00000 0.00000
1606847190924199 1.00000 -0.00056 0.00000 0.03991 -0.00056 -1.00000 0.00000 0.04477 -0.00000 -0.00000 -1.00000 0.00000
1606847191174207 1.00000 -0.00222 0.00000 0.02531 -0.00222 -1.00000 0.00000 0.04826 -0.00000 -0.00000 -1.00000 0.00000
1606847191423574 1.00000 0.00004 0.00000 0.01894 0.00004 -1.00000 0.00000 -0.00230 0.00000 -0.00000 -1.00000 -0.00000
1606847191673587 1.00000 -0.00122 0.00000 0.01002 -0.00122 -1.00000 0.00000 0.04145 -0.00000 -0.00000 -1.00000 0.00000
1606847191923589 1.00000 -0.00074 -0.00000 0.03813 -0.00074 -1.00000 0.00000 0.04230 -0.00000 -0.00000 -1.00000 0.00000
1606847192173595 1.00000 -0.00315 0.00000 0.03755 -0.00315 -1.00000 0.00000 0.04860 -0.00000 -0.00000 -1.00000 0.00000
1606847192423589 0.99999 -0.00363 0.00000 0.03917 -0.00363 -0.99999 0.00000 0.04595 -0.00000 -0.00000 -1.00000 0.00000
1606847192672974 1.00000 -0.00070 0.00000 -0.00126 -0.00070 -1.00000 0.00000 0.03029 -0.00000 -0.00000 -1.00000 0.00000
1606847192922976 1.00000 0.00131 0.00000 -0.03885 0.00131 -1.00000 0.00000 0.05774 0.00000 -0.00000 -1.00000 0.00000
1606847193172976 1.00000 0.00064 -0.00000 -0.05737 0.00064 -1.00000 0.00000 0.06655 0.00000 -0.00000 -1.00000 0.00000
1606847193422364 1.00000 -0.00222 0.00000 -0.12951 -0.00222 -1.00000 0.00000 0.04794 -0.00000 -0.00000 -1.00000 0.00000
1606847193672363 1.00000 -0.00211 0.00000 -0.19149 -0.00211 -1.00000 0.00000 0.05764 -0.00000 -0.00000 -1.00000 0.00000
1606847193922365 0.99993 -0.01212 0.00000 -0.33738 -0.01212 -0.99993 0.00000 0.09408 -0.00000 -0.00000 -1.00000 0.00000
1606847194171742 0.99985 -0.01744 -0.00000 -0.46345 -0.01744 -0.99985 0.00000 0.02659 -0.00000 -0.00000 -1.00000 0.00000
1606847194421746 0.99980 -0.01998 0.00000 -0.74900 -0.01998 -0.99980 0.00000 0.06681 -0.00000 -0.00000 -1.00000 0.00000
1606847194672379 0.99925 -0.03877 0.00000 -1.10134 -0.03877 -0.99925 0.00000 0.09614 -0.00000 -0.00000 -1.00000 0.00000
1606847194923005 0.99836 -0.05730 0.00000 -1.54250 -0.05730 -0.99836 0.00000 0.01819 -0.00000 -0.00000 -1.00000 0.00000
1606847195174257 0.99726 -0.07398 -0.00000 -1.99919 -0.07398 -0.99726 0.00000 0.08679 -0.00000 -0.00000 -1.00000 0.00000
1606847195424884 0.99587 -0.09083 0.00000 -2.55590 -0.09083 -0.99587 0.00000 0.08226 -0.00000 -0.00000 -1.00000 0.00000
1606847195674886 0.99391 -0.11015 -0.00000 -3.21559 -0.11015 -0.99391 0.00000 0.08068 -0.00000 -0.00000 -1.00000 0.00000
1606847195924889 0.99223 -0.12443 0.00000 -3.83921 -0.12443 -0.99223 0.00000 0.18045 -0.00000 -0.00000 -1.00000 0.00000
1606847196174892 0.99040 -0.13826 0.00000 -4.54228 -0.13826 -0.99040 0.00000 0.18724 -0.00000 -0.00000 -1.00000 0.00000
1606847196424896 0.98955 -0.14416 0.00000 -5.33387 -0.14416 -0.98955 0.00000 0.22717 -0.00000 -0.00000 -1.00000 0.00000
1606847196674276 0.98952 -0.14440 0.00000 -6.21278 -0.14440 -0.98952 0.00000 0.27056 -0.00000 -0.00000 -1.00000 0.00000
1606847196923656 0.99045 -0.13786 0.00000 -7.00577 -0.13786 -0.99045 0.00000 0.01456 -0.00000 -0.00000 -1.00000 0.00000
1606847197173666 0.99122 -0.13221 0.00000 -7.98790 -0.13221 -0.99122 0.00000 0.00860 -0.00000 -0.00000 -1.00000 0.00000
1606847197423659 0.99185 -0.12742 0.00000 -8.98851 -0.12742 -0.99185 0.00000 -0.04381 -0.00000 -0.00000 -1.00000 -0.00000
1606847197673036 0.99350 -0.11380 -0.00000 -10.00344 -0.11380 -0.99350 0.00000 -0.14331 -0.00000 -0.00000 -1.00000 -0.00000
1606847197923043 0.99440 -0.10564 0.00000 -11.04699 -0.10564 -0.99440 0.00000 -0.14685 -0.00000 -0.00000 -1.00000 -0.00000
1606847198173043 0.99473 -0.10248 0.00000 -12.08336 -0.10248 -0.99473 0.00000 -0.17530 -0.00000 -0.00000 -1.00000 -0.00000
1606847198423049 0.99535 -0.09629 -0.00000 -13.21446 -0.09629 -0.99535 0.00000 -0.33672 -0.00000 -0.00000 -1.00000 -0.00000
1606847198672427 0.99616 -0.08760 0.00000 -14.38181 -0.08760 -0.99616 0.00000 -0.43537 -0.00000 -0.00000 -1.00000 -0.00000
1606847198922431 0.99729 -0.07363 0.00000 -15.55357 -0.07363 -0.99729 0.00000 -0.63098 -0.00000 -0.00000 -1.00000 -0.00000
1606847199172434 0.99756 -0.06975 0.00000 -16.82120 -0.06975 -0.99756 0.00000 -0.73820 -0.00000 -0.00000 -1.00000 -0.00000
1606847199422442 0.99798 -0.06355 -0.00000 -18.06761 -0.06355 -0.99798 0.00000 -0.78610 -0.00000 -0.00000 -1.00000 -0.00000
1606847199671818 0.99836 -0.05733 0.00000 -19.33968 -0.05733 -0.99836 0.00000 -1.00523 -0.00000 -0.00000 -1.00000 -0.00000
1606847199921818 0.99887 -0.04753 0.00000 -20.76580 -0.04753 -0.99887 0.00000 -1.17774 -0.00000 -0.00000 -1.00000 -0.00000
1606847200172451 0.99872 -0.05058 -0.00000 -22.09316 -0.05058 -0.99872 0.00000 -1.15493 -0.00000 -0.00000 -1.00000 -0.00000
1606847200423077 0.99917 -0.04079 0.00000 -23.57045 -0.04079 -0.99917 0.00000 -1.33346 -0.00000 -0.00000 -1.00000 -0.00000
1606847200674331 0.99907 -0.04315 0.00000 -25.02821 -0.04315 -0.99907 0.00000 -1.33283 -0.00000 -0.00000 -1.00000 -0.00000
1606847200924957 0.99908 -0.04296 0.00000 -26.53524 -0.04296 -0.99908 0.00000 -1.37217 -0.00000 -0.00000 -1.00000 -0.00000
1606847201174968 0.99931 -0.03702 0.00000 -28.10492 -0.03702 -0.99931 0.00000 -1.56287 -0.00000 -0.00000 -1.00000 -0.00000
1606847201424962 0.99949 -0.03208 0.00000 -29.67613 -0.03208 -0.99949 0.00000 -1.74786 -0.00000 -0.00000 -1.00000 -0.00000
1606847201674969 0.99951 -0.03119 0.00000 -31.32616 -0.03119 -0.99951 0.00000 -1.73423 -0.00000 -0.00000 -1.00000 -0.00000
1606847201924349 0.99973 -0.02309 0.00000 -32.79223 -0.02309 -0.99973 0.00000 -2.12993 -0.00000 -0.00000 -1.00000 -0.00000
1606847202174354 0.99991 -0.01351 -0.00000 -34.57961 -0.01351 -0.99991 0.00000 -2.43034 -0.00000 -0.00000 -1.00000 -0.00000
1606847202424350 0.99997 -0.00734 -0.00000 -36.18045 -0.00734 -0.99997 0.00000 -2.59280 -0.00000 -0.00000 -1.00000 -0.00000
1606847202673738 0.99998 0.00558 0.00000 -37.71708 0.00558 -0.99998 0.00000 -3.10286 0.00000 -0.00000 -1.00000 -0.00000
1606847202923742 0.99984 0.01808 0.00000 -39.35579 0.01808 -0.99984 0.00000 -3.58529 0.00000 -0.00000 -1.00000 -0.00000
1606847203174366 0.99973 0.02312 -0.00000 -41.08446 0.02312 -0.99973 0.00000 -3.82184 0.00000 -0.00000 -1.00000 -0.00000
1606847203423743 0.99927 0.03823 0.00000 -42.60938 0.03823 -0.99927 0.00000 -4.52586 0.00000 -0.00000 -1.00000 -0.00000
1606847203673747 0.99899 0.04496 0.00000 -44.29252 0.04496 -0.99899 0.00000 -4.85058 0.00000 -0.00000 -1.00000 -0.00000
1606847203923752 0.99859 0.05311 0.00000 -45.98078 0.05311 -0.99859 0.00000 -5.20899 0.00000 -0.00000 -1.00000 -0.00000
1606847204173754 0.99853 0.05416 0.00000 -47.72895 0.05416 -0.99853 0.00000 -5.24159 0.00000 -0.00000 -1.00000 -0.00000
1606847204423755 0.99833 0.05768 0.00000 -49.43501 0.05768 -0.99833 0.00000 -5.47379 0.00000 -0.00000 -1.00000 -0.00000
1606847204673139 0.99828 0.05857 -0.00000 -51.21994 0.05857 -0.99828 0.00000 -5.51529 0.00000 -0.00000 -1.00000 -0.00000
1606847204923144 0.99852 0.05430 0.00000 -53.03994 0.05430 -0.99852 0.00000 -5.35072 0.00000 -0.00000 -1.00000 -0.00000
1606847205172559 0.99850 0.05471 0.00000 -54.75863 0.05471 -0.99850 0.00000 -5.39597 0.00000 -0.00000 -1.00000 -0.00000
1606847205422524 0.99834 0.05768 -0.00000 -56.62151 0.05768 -0.99834 0.00000 -5.59860 0.00000 -0.00000 -1.00000 -0.00000
1606847205671900 0.99794 0.06420 0.00000 -58.31647 0.06420 -0.99794 0.00000 -6.02113 0.00000 -0.00000 -1.00000 -0.00000
1606847205921906 0.99815 0.06075 0.00000 -60.22723 0.06075 -0.99815 0.00000 -5.87391 0.00000 -0.00000 -1.00000 -0.00000
1606847206172535 0.99828 0.05860 -0.00000 -62.06228 0.05860 -0.99828 0.00000 -5.70700 0.00000 -0.00000 -1.00000 -0.00000
1606847206423158 0.99802 0.06294 0.00000 -63.82060 0.06294 -0.99802 0.00000 -5.88974 0.00000 -0.00000 -1.00000 -0.00000
1606847206673789 0.99793 0.06427 0.00000 -65.71798 0.06427 -0.99793 0.00000 -6.07509 0.00000 -0.00000 -1.00000 -0.00000
1606847206923799 0.99793 0.06424 0.00000 -67.53022 0.06424 -0.99793 0.00000 -6.13502 0.00000 -0.00000 -1.00000 -0.00000
1606847207173793 0.99826 0.05894 -0.00000 -69.35343 0.05894 -0.99826 0.00000 -5.76637 0.00000 -0.00000 -1.00000 -0.00000
1606847207423800 0.99855 0.05391 -0.00000 -71.17661 0.05391 -0.99855 0.00000 -5.32279 0.00000 -0.00000 -1.00000 -0.00000
1606847207673800 0.99874 0.05024 -0.00000 -73.00307 0.05024 -0.99874 0.00000 -5.01994 0.00000 -0.00000 -1.00000 -0.00000
1606847207923187 0.99898 0.04510 0.00000 -74.84525 0.04510 -0.99898 0.00000 -4.78097 0.00000 -0.00000 -1.00000 -0.00000
1606847208172563 0.99880 0.04888 0.00000 -76.57741 0.04888 -0.99880 0.00000 -5.01947 0.00000 -0.00000 -1.00000 -0.00000
1606847208422559 0.99918 0.04048 0.00000 -78.44368 0.04048 -0.99918 0.00000 -4.54308 0.00000 -0.00000 -1.00000 -0.00000
1606847208672565 0.99940 0.03459 -0.00000 -80.18825 0.03459 -0.99940 0.00000 -4.08855 0.00000 -0.00000 -1.00000 -0.00000
1606847208921947 0.99981 0.01933 0.00000 -81.98282 0.01933 -0.99981 0.00000 -2.85785 0.00000 -0.00000 -1.00000 -0.00000
1606847209171947 0.99999 0.00501 -0.00000 -83.79728 0.00501 -0.99999 0.00000 -1.59895 0.00000 -0.00000 -1.00000 -0.00000
1606847209422576 0.99987 -0.01597 0.00000 -85.64385 -0.01597 -0.99987 0.00000 0.02001 -0.00000 -0.00000 -1.00000 0.00000
1606847209673207 0.99894 -0.04605 0.00000 -87.31271 -0.04605 -0.99894 0.00000 2.66886 -0.00000 -0.00000 -1.00000 0.00000
1606847209923212 0.99684 -0.07938 -0.00000 -88.87967 -0.07938 -0.99684 0.00000 5.53496 -0.00000 -0.00000 -1.00000 0.00000
1606847210173839 0.99161 -0.12930 0.00000 -90.25929 -0.12930 -0.99161 0.00000 9.98060 -0.00000 -0.00000 -1.00000 0.00000
1606847210423213 0.98584 -0.16770 0.00000 -91.50435 -0.16770 -0.98584 0.00000 13.39789 -0.00000 -0.00000 -1.00000 0.00000
1606847210673180 0.97482 -0.22298 0.00000 -92.42882 -0.22298 -0.97482 0.00000 18.72352 -0.00000 -0.00000 -1.00000 0.00000
1606847210922595 0.96416 -0.26532 0.00000 -93.19897 -0.26532 -0.96416 0.00000 22.63739 -0.00000 -0.00000 -1.00000 0.00000
1606847211172606 0.95013 -0.31185 0.00000 -93.87076 -0.31185 -0.95013 0.00000 27.11686 -0.00000 -0.00000 -1.00000 0.00000
1606847211422601 0.92886 -0.37043 0.00000 -93.79210 -0.37043 -0.92886 0.00000 32.92990 -0.00000 -0.00000 -1.00000 0.00000
1606847211672610 0.90819 -0.41855 0.00000 -93.69864 -0.41855 -0.90819 0.00000 37.79474 -0.00000 -0.00000 -1.00000 0.00000
1606847211921987 0.88812 -0.45961 0.00000 -93.75261 -0.45961 -0.88812 0.00000 42.07101 -0.00000 -0.00000 -1.00000 0.00000
1606847212171993 0.85843 -0.51293 0.00000 -92.79192 -0.51293 -0.85843 0.00000 47.72206 -0.00000 -0.00000 -1.00000 0.00000
1606847212421998 0.82052 -0.57162 0.00000 -91.14027 -0.57162 -0.82052 0.00000 54.10777 -0.00000 -0.00000 -1.00000 0.00000
1606847212673247 0.77362 -0.63365 0.00000 -88.51999 -0.63365 -0.77362 0.00000 61.02493 -0.00000 -0.00000 -1.00000 0.00000
1606847212923250 0.72965 -0.68383 -0.00000 -86.07373 -0.68383 -0.72965 0.00000 66.75097 -0.00000 -0.00000 -1.00000 0.00000
1606847213173921 0.67645 -0.73649 0.00000 -82.64377 -0.73649 -0.67645 0.00000 72.93556 -0.00000 -0.00000 -1.00000 0.00000
1606847213423878 0.61868 -0.78564 0.00000 -78.69989 -0.78564 -0.61868 0.00000 79.15658 -0.00000 -0.00000 -1.00000 0.00000
1606847213673885 0.55725 -0.83035 0.00000 -74.28212 -0.83035 -0.55725 0.00000 84.86578 -0.00000 -0.00000 -1.00000 0.00000
1606847213923264 0.50017 -0.86593 0.00000 -70.18711 -0.86593 -0.50017 0.00000 89.42278 -0.00000 -0.00000 -1.00000 0.00000
1606847214173268 0.44901 -0.89353 -0.00000 -66.80380 -0.89353 -0.44901 0.00000 93.44275 -0.00000 -0.00000 -1.00000 0.00000
1606847214422645 0.40716 -0.91336 -0.00000 -64.28977 -0.91336 -0.40716 0.00000 96.41284 -0.00000 -0.00000 -1.00000 0.00000
1606847214672651 0.37504 -0.92701 0.00000 -62.74982 -0.92701 -0.37504 0.00000 98.50203 -0.00000 -0.00000 -1.00000 0.00000
1606847214922655 0.36709 -0.93019 -0.00000 -63.81915 -0.93019 -0.36709 0.00000 99.01810 -0.00000 -0.00000 -1.00000 0.00000
1606847215172653 0.36787 -0.92988 -0.00000 -65.88825 -0.92988 -0.36787 0.00000 98.99931 -0.00000 -0.00000 -1.00000 0.00000
1606847215422660 0.36901 -0.92943 0.00000 -67.99963 -0.92943 -0.36901 0.00000 99.04254 -0.00000 -0.00000 -1.00000 0.00000
1606847215672038 0.37308 -0.92780 0.00000 -70.33573 -0.92780 -0.37308 0.00000 98.61644 -0.00000 -0.00000 -1.00000 0.00000
1606847215922039 0.38758 -0.92184 0.00000 -73.87965 -0.92184 -0.38758 0.00000 97.55060 -0.00000 -0.00000 -1.00000 0.00000
1606847216172672 0.39354 -0.91931 0.00000 -76.51108 -0.91931 -0.39354 0.00000 96.88612 -0.00000 -0.00000 -1.00000 0.00000
1606847216423295 0.40529 -0.91419 -0.00000 -79.75522 -0.91419 -0.40529 0.00000 95.94400 -0.00000 -0.00000 -1.00000 0.00000
1606847216673923 0.41627 -0.90924 0.00000 -82.88853 -0.90924 -0.41627 0.00000 94.95204 -0.00000 -0.00000 -1.00000 0.00000
1606847216924556 0.42908 -0.90327 0.00000 -86.19299 -0.90327 -0.42908 0.00000 93.73325 -0.00000 -0.00000 -1.00000 0.00000
1606847217175185 0.43422 -0.90081 0.00000 -88.75110 -0.90081 -0.43422 0.00000 93.25811 -0.00000 -0.00000 -1.00000 0.00000
1606847217425198 0.45090 -0.89258 -0.00000 -92.44160 -0.89258 -0.45090 0.00000 91.50177 -0.00000 -0.00000 -1.00000 0.00000
1606847217674565 0.47589 -0.87950 0.00000 -96.95287 -0.87950 -0.47589 0.00000 88.85417 -0.00000 -0.00000 -1.00000 0.00000
1606847217924568 0.49689 -0.86782 0.00000 -101.03318 -0.86782 -0.49689 0.00000 86.40966 -0.00000 -0.00000 -1.00000 0.00000
1606847218174575 0.51671 -0.85616 0.00000 -104.93948 -0.85616 -0.51671 0.00000 84.00405 -0.00000 -0.00000 -1.00000 0.00000
1606847218424575 0.52731 -0.84967 0.00000 -107.95592 -0.84967 -0.52731 0.00000 82.78026 -0.00000 -0.00000 -1.00000 0.00000
1606847218674585 0.54407 -0.83904 0.00000 -111.40348 -0.83904 -0.54407 0.00000 80.47840 -0.00000 -0.00000 -1.00000 0.00000
1606847218923964 0.55839 -0.82958 0.00000 -114.68295 -0.82958 -0.55839 0.00000 78.55950 -0.00000 -0.00000 -1.00000 0.00000
1606847219173964 0.57028 -0.82145 0.00000 -117.73825 -0.82145 -0.57028 0.00000 76.87409 -0.00000 -0.00000 -1.00000 0.00000
1606847219424593 0.58525 -0.81085 0.00000 -120.84338 -0.81085 -0.58525 0.00000 74.73778 -0.00000 -0.00000 -1.00000 0.00000
1606847219673975 0.59531 -0.80350 0.00000 -123.75490 -0.80350 -0.59531 0.00000 73.21759 -0.00000 -0.00000 -1.00000 0.00000
1606847219923350 0.61347 -0.78972 0.00000 -127.19433 -0.78972 -0.61347 0.00000 70.25038 -0.00000 -0.00000 -1.00000 0.00000
1606847220173352 0.62365 -0.78170 0.00000 -129.94712 -0.78170 -0.62365 0.00000 68.63344 -0.00000 -0.00000 -1.00000 0.00000
1606847220423352 0.63149 -0.77538 0.00000 -132.42168 -0.77538 -0.63149 0.00000 67.29261 -0.00000 -0.00000 -1.00000 0.00000
1606847220672730 0.64603 -0.76331 0.00000 -135.45027 -0.76331 -0.64603 0.00000 64.81094 -0.00000 -0.00000 -1.00000 0.00000
1606847220922735 0.65216 -0.75808 0.00000 -137.67272 -0.75808 -0.65216 0.00000 63.70784 -0.00000 -0.00000 -1.00000 0.00000
1606847221172120 0.66517 -0.74669 0.00000 -140.33522 -0.74669 -0.66517 0.00000 61.27083 -0.00000 -0.00000 -1.00000 0.00000
1606847221422120 0.68388 -0.72960 0.00000 -143.61072 -0.72960 -0.68388 0.00000 57.65387 -0.00000 -0.00000 -1.00000 0.00000
1606847221672750 0.70561 -0.70860 0.00000 -146.83336 -0.70860 -0.70561 0.00000 53.31121 -0.00000 -0.00000 -1.00000 0.00000
1606847221923377 0.73350 -0.67969 0.00000 -150.32082 -0.67969 -0.73350 0.00000 47.37145 -0.00000 -0.00000 -1.00000 0.00000
1606847222174009 0.77199 -0.63563 0.00000 -154.26849 -0.63563 -0.77199 0.00000 38.58704 -0.00000 -0.00000 -1.00000 0.00000
1606847222424011 0.81660 -0.57720 0.00000 -158.07468 -0.57720 -0.81660 0.00000 27.09543 -0.00000 -0.00000 -1.00000 0.00000
1606847222674012 0.86481 -0.50210 0.00000 -161.08151 -0.50210 -0.86481 0.00000 12.96161 -0.00000 -0.00000 -1.00000 0.00000
1606847222924015 0.91211 -0.40995 -0.00000 -162.87362 -0.40995 -0.91211 0.00000 -3.92725 -0.00000 -0.00000 -1.00000 -0.00000
1606847223174019 0.95288 -0.30334 0.00000 -162.51371 -0.30334 -0.95288 0.00000 -22.38339 -0.00000 -0.00000 -1.00000 -0.00000
1606847223424020 0.98429 -0.17654 -0.00000 -159.28798 -0.17654 -0.98429 0.00000 -43.36859 -0.00000 -0.00000 -1.00000 -0.00000
1606847223674025 0.99924 -0.03903 0.00000 -152.76245 -0.03903 -0.99924 0.00000 -64.87195 -0.00000 -0.00000 -1.00000 -0.00000
1606847223924026 0.99389 0.11042 0.00000 -142.37656 0.11042 -0.99389 0.00000 -86.92842 0.00000 -0.00000 -1.00000 -0.00000
1606847224174029 0.96024 0.27916 0.00000 -126.32137 0.27916 -0.96024 0.00000 -109.96386 0.00000 -0.00000 -1.00000 -0.00000
1606847224424035 0.90098 0.43387 0.00000 -107.30670 0.43387 -0.90098 0.00000 -129.28481 0.00000 -0.00000 -1.00000 -0.00000
1606847224674036 0.81338 0.58173 0.00000 -84.39898 0.58173 -0.81338 0.00000 -145.71254 0.00000 -0.00000 -1.00000 -0.00000
1606847224924048 0.70036 0.71379 0.00000 -58.89414 0.71379 -0.70036 0.00000 -158.09335 0.00000 -0.00000 -1.00000 -0.00000
1606847225174042 0.56250 0.82680 -0.00000 -30.71274 0.82680 -0.56250 0.00000 -165.99696 0.00000 -0.00000 -1.00000 -0.00000
1606847225424048 0.40859 0.91272 -0.00000 -1.93131 0.91272 -0.40859 0.00000 -168.81137 0.00000 -0.00000 -1.00000 -0.00000
1606847225674051 0.24398 0.96978 0.00000 26.59850 0.96978 -0.24398 0.00000 -166.50249 0.00000 -0.00000 -1.00000 -0.00000
1606847225924057 0.07908 0.99687 0.00000 53.10672 0.99687 -0.07908 0.00000 -159.70099 0.00000 -0.00000 -1.00000 -0.00000
1606847226174061 -0.08658 0.99624 -0.00000 77.90104 0.99624 0.08658 0.00000 -148.71471 0.00000 0.00000 -1.00000 -0.00000
1606847226424063 -0.24692 0.96903 -0.00000 100.15535 0.96903 0.24692 0.00000 -134.17804 0.00000 0.00000 -1.00000 -0.00000
1606847226674073 -0.40706 0.91340 -0.00000 120.37405 0.91340 0.40706 0.00000 -115.11574 0.00000 0.00000 -1.00000 -0.00000
1606847226923444 -0.55165 0.83407 0.00000 136.63310 0.83407 0.55165 0.00000 -93.79979 0.00000 0.00000 -1.00000 -0.00000
1606847227174077 -0.66077 0.75059 0.00000 147.11430 0.75059 0.66077 0.00000 -74.16134 0.00000 0.00000 -1.00000 -0.00000
1606847227424076 -0.75901 0.65108 0.00000 154.89110 0.65108 0.75901 0.00000 -52.89185 0.00000 0.00000 -1.00000 -0.00000
1606847227674077 -0.82863 0.55979 0.00000 158.65339 0.55979 0.82863 0.00000 -34.78191 0.00000 0.00000 -1.00000 -0.00000
1606847227924084 -0.87545 0.48330 0.00000 159.75851 0.48330 0.87545 0.00000 -20.36692 0.00000 0.00000 -1.00000 -0.00000
1606847228174087 -0.90119 0.43343 0.00000 159.36980 0.43343 0.90119 0.00000 -11.55420 0.00000 0.00000 -1.00000 -0.00000
1606847228424091 -0.91511 0.40320 0.00000 158.34774 0.40320 0.91511 0.00000 -6.01318 0.00000 0.00000 -1.00000 -0.00000
1606847228674092 -0.92673 0.37573 0.00000 157.09233 0.37573 0.92673 0.00000 -1.32883 0.00000 0.00000 -1.00000 -0.00000
1606847228924096 -0.93104 0.36492 0.00000 155.59070 0.36492 0.93104 0.00000 0.52014 0.00000 0.00000 -1.00000 0.00000
1606847229174149 -0.93250 0.36116 0.00000 154.14780 0.36116 0.93250 0.00000 1.11135 0.00000 0.00000 -1.00000 0.00000
1606847229424103 -0.92617 0.37711 0.00000 152.55773 0.37711 0.92617 0.00000 -1.46589 0.00000 0.00000 -1.00000 -0.00000
1606847229673820 -0.92481 0.38042 0.00000 151.06391 0.38042 0.92481 0.00000 -1.97113 0.00000 0.00000 -1.00000 -0.00000
1606847229923489 -0.91340 0.40705 0.00000 149.17449 0.40705 0.91340 0.00000 -6.53026 0.00000 0.00000 -1.00000 -0.00000
1606847230173491 -0.90352 0.42856 0.00000 147.34335 0.42856 0.90352 0.00000 -9.99586 0.00000 0.00000 -1.00000 -0.00000
1606847230423492 -0.88124 0.47266 0.00000 144.95137 0.47266 0.88124 0.00000 -17.36427 0.00000 0.00000 -1.00000 -0.00000
1606847230672869 -0.85779 0.51400 0.00000 142.14254 0.51400 0.85779 0.00000 -24.23145 0.00000 0.00000 -1.00000 -0.00000
1606847230922872 -0.82680 0.56250 0.00000 138.76151 0.56250 0.82680 0.00000 -32.37042 0.00000 0.00000 -1.00000 -0.00000
1606847231172259 -0.78878 0.61467 0.00000 134.60306 0.61467 0.78878 0.00000 -41.25392 0.00000 0.00000 -1.00000 -0.00000
1606847231422262 -0.74751 0.66425 0.00000 129.87199 0.66425 0.74751 0.00000 -49.85416 0.00000 0.00000 -1.00000 -0.00000
1606847231672889 -0.69535 0.71867 0.00000 123.84536 0.71867 0.69535 0.00000 -59.51632 0.00000 0.00000 -1.00000 -0.00000
1606847231923516 -0.64076 0.76774 0.00000 117.26844 0.76774 0.64076 0.00000 -68.56554 0.00000 0.00000 -1.00000 -0.00000
1606847232173517 -0.58352 0.81210 -0.00000 110.05130 0.81210 0.58352 0.00000 -76.85223 0.00000 0.00000 -1.00000 -0.00000
1606847232423521 -0.52090 0.85362 -0.00000 102.15260 0.85362 0.52090 0.00000 -84.96104 0.00000 0.00000 -1.00000 -0.00000
1606847232673521 -0.46760 0.88394 -0.00000 94.88903 0.88394 0.46760 0.00000 -91.01356 0.00000 0.00000 -1.00000 -0.00000
1606847232923530 -0.42764 0.90395 0.00000 88.75224 0.90395 0.42764 0.00000 -95.19671 0.00000 0.00000 -1.00000 -0.00000
1606847233172911 -0.40612 0.91382 0.00000 84.58403 0.91382 0.40612 0.00000 -97.31442 0.00000 0.00000 -1.00000 -0.00000
1606847233422910 -0.38395 0.92335 0.00000 80.28954 0.92335 0.38395 0.00000 -99.41597 0.00000 0.00000 -1.00000 -0.00000
1606847233672913 -0.37732 0.92608 0.00000 77.54236 0.92608 0.37732 0.00000 -100.04254 0.00000 0.00000 -1.00000 -0.00000
1606847233922918 -0.36255 0.93196 0.00000 74.03592 0.93196 0.36255 0.00000 -101.36235 0.00000 0.00000 -1.00000 -0.00000
1606847234172920 -0.37443 0.92726 -0.00000 73.30973 0.92726 0.37443 0.00000 -100.31957 0.00000 0.00000 -1.00000 -0.00000
1606847234422926 -0.37730 0.92609 -0.00000 71.60779 0.92609 0.37730 0.00000 -100.25790 0.00000 0.00000 -1.00000 -0.00000
1606847234672311 -0.38790 0.92170 0.00000 70.70007 0.92170 0.38790 0.00000 -99.51588 0.00000 0.00000 -1.00000 -0.00000
1606847234922307 -0.40144 0.91588 0.00000 70.15896 0.91588 0.40144 0.00000 -98.46760 0.00000 0.00000 -1.00000 -0.00000
1606847235172308 -0.41292 0.91077 -0.00000 69.33054 0.91077 0.41292 0.00000 -97.39856 0.00000 0.00000 -1.00000 -0.00000
1606847235422938 -0.43251 0.90163 -0.00000 69.39551 0.90163 0.43251 0.00000 -95.95762 0.00000 0.00000 -1.00000 -0.00000
1606847235674192 -0.45859 0.88865 0.00000 70.17622 0.88865 0.45859 0.00000 -94.01575 0.00000 0.00000 -1.00000 -0.00000
1606847235924818 -0.49123 0.87103 0.00000 71.53654 0.87103 0.49123 0.00000 -91.48143 0.00000 0.00000 -1.00000 -0.00000
1606847236175451 -0.52511 0.85103 -0.00000 73.07207 0.85103 0.52511 0.00000 -88.61784 0.00000 0.00000 -1.00000 -0.00000
1606847236426704 -0.56034 0.82826 0.00000 74.79415 0.82826 0.56034 0.00000 -85.37984 0.00000 0.00000 -1.00000 -0.00000
1606847236676707 -0.59862 0.80103 -0.00000 76.79263 0.80103 0.59862 0.00000 -81.75970 0.00000 0.00000 -1.00000 -0.00000
1606847236926709 -0.64014 0.76825 0.00000 78.98578 0.76825 0.64014 0.00000 -77.69623 0.00000 0.00000 -1.00000 -0.00000
1606847237176086 -0.69494 0.71907 0.00000 82.72995 0.71907 0.69494 0.00000 -71.71316 0.00000 0.00000 -1.00000 -0.00000
1606847237426090 -0.74200 0.67040 0.00000 85.38729 0.67040 0.74200 0.00000 -66.01737 0.00000 0.00000 -1.00000 -0.00000
1606847237676095 -0.79572 0.60566 0.00000 88.80970 0.60566 0.79572 0.00000 -58.69557 0.00000 0.00000 -1.00000 -0.00000
1606847237926095 -0.83551 0.54948 0.00000 90.65094 0.54948 0.83551 0.00000 -52.44877 0.00000 0.00000 -1.00000 -0.00000
1606847238176100 -0.86439 0.50282 0.00000 91.52608 0.50282 0.86439 0.00000 -47.52986 0.00000 0.00000 -1.00000 -0.00000
1606847238426105 -0.89739 0.44124 0.00000 92.71325 0.44124 0.89739 0.00000 -41.03790 0.00000 0.00000 -1.00000 -0.00000
1606847238676734 -0.92382 0.38283 0.00000 93.22052 0.38283 0.92382 0.00000 -34.94171 0.00000 0.00000 -1.00000 -0.00000
1606847238926112 -0.94596 0.32429 0.00000 93.26729 0.32429 0.94596 0.00000 -29.18098 0.00000 0.00000 -1.00000 -0.00000
1606847239176743 -0.96266 0.27073 0.00000 92.66535 0.27073 0.96266 0.00000 -23.92004 0.00000 0.00000 -1.00000 -0.00000
1606847239426743 -0.97464 0.22379 0.00000 91.67625 0.22379 0.97464 0.00000 -19.44607 0.00000 0.00000 -1.00000 -0.00000
1606847239676124 -0.98572 0.16837 -0.00000 90.52660 0.16837 0.98572 0.00000 -14.20640 0.00000 0.00000 -1.00000 -0.00000
1606847239926753 -0.99187 0.12726 -0.00000 88.91182 0.12726 0.99187 0.00000 -10.42970 0.00000 0.00000 -1.00000 -0.00000
1606847240176126 -0.99655 0.08299 0.00000 87.31703 0.08299 0.99655 0.00000 -6.51965 0.00000 0.00000 -1.00000 -0.00000
1606847240426140 -0.99882 0.04864 0.00000 85.35002 0.04864 0.99882 0.00000 -3.55282 0.00000 0.00000 -1.00000 -0.00000
1606847240676135 -0.99995 0.00994 0.00000 83.37341 0.00994 0.99995 0.00000 -0.32063 0.00000 0.00000 -1.00000 -0.00000
1606847240926145 -0.99992 -0.01244 0.00000 81.22997 -0.01244 0.99992 0.00000 1.57131 -0.00000 0.00000 -1.00000 0.00000
1606847241176146 -0.99954 -0.03046 0.00000 79.10580 -0.03046 0.99954 0.00000 2.98679 -0.00000 0.00000 -1.00000 0.00000
1606847241426146 -0.99912 -0.04183 0.00000 76.99202 -0.04183 0.99912 0.00000 3.85050 -0.00000 0.00000 -1.00000 0.00000
1606847241675520 -0.99859 -0.05316 0.00000 74.82567 -0.05316 0.99859 0.00000 4.57290 -0.00000 0.00000 -1.00000 0.00000
1606847241925529 -0.99831 -0.05810 0.00000 72.65255 -0.05810 0.99831 0.00000 5.04876 -0.00000 0.00000 -1.00000 0.00000
1606847242175534 -0.99833 -0.05781 0.00000 70.52592 -0.05781 0.99833 0.00000 4.92245 -0.00000 0.00000 -1.00000 0.00000
1606847242425529 -0.99823 -0.05941 0.00000 68.37864 -0.05941 0.99823 0.00000 5.09140 -0.00000 0.00000 -1.00000 0.00000
1606847242675540 -0.99875 -0.05002 0.00000 66.31729 -0.05002 0.99875 0.00000 4.42476 -0.00000 0.00000 -1.00000 0.00000
1606847242925579 -0.99924 -0.03893 0.00000 64.22271 -0.03893 0.99924 0.00000 3.60728 -0.00000 0.00000 -1.00000 0.00000
1606847243174921 -0.99920 -0.03995 0.00000 62.06868 -0.03995 0.99920 0.00000 3.48373 -0.00000 0.00000 -1.00000 0.00000
1606847243424923 -0.99912 -0.04184 -0.00000 59.91265 -0.04184 0.99912 0.00000 3.56725 -0.00000 0.00000 -1.00000 0.00000
1606847243674930 -0.99933 -0.03653 0.00000 57.80946 -0.03653 0.99933 0.00000 3.32946 -0.00000 0.00000 -1.00000 0.00000
1606847243924932 -0.99948 -0.03231 0.00000 55.67070 -0.03231 0.99948 0.00000 2.98160 -0.00000 0.00000 -1.00000 0.00000
1606847244174312 -0.99953 -0.03077 0.00000 53.54268 -0.03077 0.99953 0.00000 2.77352 -0.00000 0.00000 -1.00000 0.00000
1606847244424310 -0.99955 -0.03013 0.00000 51.53198 -0.03013 0.99955 0.00000 2.81509 -0.00000 0.00000 -1.00000 0.00000
1606847244674318 -0.99970 -0.02440 0.00000 49.46143 -0.02440 0.99970 0.00000 2.45471 -0.00000 0.00000 -1.00000 0.00000
1606847244924319 -0.99971 -0.02389 -0.00000 47.37475 -0.02389 0.99971 0.00000 2.38947 -0.00000 0.00000 -1.00000 0.00000
1606847245174359 -0.99989 -0.01513 0.00000 45.34788 -0.01513 0.99989 0.00000 1.88812 -0.00000 0.00000 -1.00000 0.00000
1606847245423701 -0.99993 -0.01211 0.00000 43.32785 -0.01211 0.99993 0.00000 1.70780 -0.00000 0.00000 -1.00000 0.00000
1606847245674959 -0.99999 -0.00338 0.00000 41.29886 -0.00338 0.99999 0.00000 1.37882 -0.00000 0.00000 -1.00000 0.00000
1606847245924961 -0.99999 0.00529 0.00000 39.29214 0.00529 0.99999 0.00000 0.99069 0.00000 0.00000 -1.00000 0.00000
1606847246174963 -0.99978 0.02091 0.00000 37.23009 0.02091 0.99978 0.00000 0.39099 0.00000 0.00000 -1.00000 0.00000
1606847246424348 -0.99975 0.02234 -0.00000 35.24421 0.02234 0.99975 0.00000 0.26728 0.00000 0.00000 -1.00000 0.00000
1606847246674355 -0.99956 0.02977 0.00000 33.12666 0.02977 0.99956 0.00000 -0.04047 0.00000 0.00000 -1.00000 -0.00000
1606847246924349 -0.99919 0.04014 -0.00000 31.06339 0.04014 0.99919 0.00000 -0.36062 0.00000 0.00000 -1.00000 -0.00000
1606847247174348 -0.99870 0.05093 0.00000 28.93361 0.05093 0.99870 0.00000 -0.68544 0.00000 0.00000 -1.00000 -0.00000
1606847247423754 -0.99858 0.05319 0.00000 26.88139 0.05319 0.99858 0.00000 -0.91326 0.00000 0.00000 -1.00000 -0.00000
1606847247673732 -0.99816 0.06064 0.00000 24.72554 0.06064 0.99816 0.00000 -0.91968 0.00000 0.00000 -1.00000 -0.00000
1606847247923738 -0.99783 0.06591 0.00000 22.59645 0.06591 0.99783 0.00000 -1.15615 0.00000 0.00000 -1.00000 -0.00000
1606847248173743 -0.99687 0.07912 0.00000 20.42734 0.07912 0.99687 0.00000 -1.47615 0.00000 0.00000 -1.00000 -0.00000
1606847248423119 -0.99657 0.08272 -0.00000 18.31295 0.08272 0.99657 0.00000 -1.64909 0.00000 0.00000 -1.00000 -0.00000
1606847248673120 -0.99597 0.08967 0.00000 16.19807 0.08967 0.99597 0.00000 -1.72769 0.00000 0.00000 -1.00000 -0.00000
1606847248922498 -0.99662 0.08213 0.00000 14.11337 0.08213 0.99662 0.00000 -1.74163 0.00000 0.00000 -1.00000 -0.00000
1606847249172508 -0.99602 0.08910 -0.00000 12.03647 0.08910 0.99602 0.00000 -1.85881 0.00000 0.00000 -1.00000 -0.00000
1606847249423151 -0.99594 0.09000 0.00000 9.90464 0.09000 0.99594 0.00000 -1.80206 0.00000 0.00000 -1.00000 -0.00000
1606847249673760 -0.99572 0.09238 0.00000 7.80464 0.09238 0.99572 0.00000 -1.87029 0.00000 0.00000 -1.00000 -0.00000
1606847249923765 -0.99675 0.08054 0.00000 5.72899 0.08054 0.99675 0.00000 -1.86373 0.00000 0.00000 -1.00000 -0.00000
1606847250174393 -0.99691 0.07861 0.00000 3.63776 0.07861 0.99691 0.00000 -1.78323 0.00000 0.00000 -1.00000 -0.00000
1606847250424396 -0.99662 0.08220 0.00000 1.50045 0.08220 0.99662 0.00000 -1.89955 0.00000 0.00000 -1.00000 -0.00000
1606847250674408 -0.99771 0.06765 0.00000 -0.53853 0.06765 0.99771 0.00000 -1.81833 0.00000 0.00000 -1.00000 -0.00000
1606847250924400 -0.99803 0.06271 0.00000 -2.61185 0.06271 0.99803 0.00000 -1.92324 0.00000 0.00000 -1.00000 -0.00000
1606847251174401 -0.99837 0.05709 -0.00000 -4.64053 0.05709 0.99837 0.00000 -1.96127 0.00000 0.00000 -1.00000 -0.00000
1606847251424410 -0.99849 0.05502 0.00000 -6.82160 0.05502 0.99849 0.00000 -1.94263 0.00000 0.00000 -1.00000 -0.00000
1606847251674415 -0.99853 0.05417 0.00000 -8.77647 0.05417 0.99853 0.00000 -2.03681 0.00000 0.00000 -1.00000 -0.00000
1606847251923793 -0.99859 0.05316 0.00000 -10.90337 0.05316 0.99859 0.00000 -2.03221 0.00000 0.00000 -1.00000 -0.00000
1606847252173796 -0.99863 0.05226 0.00000 -12.94425 0.05226 0.99863 0.00000 -2.07886 0.00000 0.00000 -1.00000 -0.00000
1606847252423795 -0.99867 0.05159 0.00000 -14.93652 0.05159 0.99867 0.00000 -2.00551 0.00000 0.00000 -1.00000 -0.00000
1606847252673803 -0.99885 0.04798 0.00000 -17.01316 0.04798 0.99885 0.00000 -2.03082 0.00000 0.00000 -1.00000 -0.00000
1606847252923187 -0.99931 0.03702 0.00000 -19.05340 0.03702 0.99931 0.00000 -2.45933 0.00000 0.00000 -1.00000 -0.00000
1606847253173192 -0.99947 0.03262 0.00000 -21.13169 0.03262 0.99947 0.00000 -2.50102 0.00000 0.00000 -1.00000 -0.00000
1606847253423191 -0.99945 0.03317 0.00000 -23.23000 0.03317 0.99945 0.00000 -2.40670 0.00000 0.00000 -1.00000 -0.00000
1606847253673191 -0.99939 0.03484 -0.00000 -25.35532 0.03484 0.99939 0.00000 -2.37235 0.00000 0.00000 -1.00000 -0.00000
1606847253922569 -0.99976 0.02186 0.00000 -27.25529 0.02186 0.99976 0.00000 -2.81590 0.00000 0.00000 -1.00000 -0.00000
1606847254172573 -0.99977 0.02154 0.00000 -29.36808 0.02154 0.99977 0.00000 -2.69463 0.00000 0.00000 -1.00000 -0.00000
1606847254423201 -0.99978 0.02117 0.00000 -31.46680 0.02117 0.99978 0.00000 -2.63997 0.00000 0.00000 -1.00000 -0.00000
1606847254673830 -0.99988 0.01578 0.00000 -33.49445 0.01578 0.99988 0.00000 -2.81324 0.00000 0.00000 -1.00000 -0.00000
1606847254924463 -0.99996 0.00877 0.00000 -35.53714 0.00877 0.99996 0.00000 -3.11807 0.00000 0.00000 -1.00000 -0.00000
1606847255175088 -0.99998 0.00550 0.00000 -37.58655 0.00550 0.99998 0.00000 -3.27227 0.00000 0.00000 -1.00000 -0.00000
1606847255425093 -1.00000 -0.00248 0.00000 -39.64092 -0.00248 1.00000 0.00000 -3.57873 -0.00000 0.00000 -1.00000 -0.00000
1606847255675096 -0.99999 -0.00409 -0.00000 -41.58470 -0.00409 0.99999 0.00000 -3.72775 -0.00000 0.00000 -1.00000 -0.00000
1606847255924473 -0.99994 -0.01109 0.00000 -43.50137 -0.01109 0.99994 0.00000 -4.09523 -0.00000 0.00000 -1.00000 -0.00000
1606847256174475 -0.99992 -0.01294 -0.00000 -45.43550 -0.01294 0.99992 0.00000 -4.16925 -0.00000 0.00000 -1.00000 -0.00000
1606847256423854 -0.99980 -0.01975 0.00000 -47.28109 -0.01975 0.99980 0.00000 -4.55659 -0.00000 0.00000 -1.00000 -0.00000
1606847256673856 -0.99981 -0.01954 0.00000 -49.15995 -0.01954 0.99981 0.00000 -4.52743 -0.00000 0.00000 -1.00000 -0.00000
1606847256923863 -0.99993 -0.01219 -0.00000 -50.97903 -0.01219 0.99993 0.00000 -4.25373 -0.00000 0.00000 -1.00000 -0.00000
1606847257173867 -0.99999 0.00328 0.00000 -52.74151 0.00328 0.99999 0.00000 -3.43490 0.00000 0.00000 -1.00000 -0.00000
1606847257423244 -0.99969 0.02490 0.00000 -54.39442 0.02490 0.99969 0.00000 -2.32882 0.00000 0.00000 -1.00000 -0.00000
1606847257673243 -0.99884 0.04824 0.00000 -56.02977 0.04824 0.99884 0.00000 -1.09067 0.00000 0.00000 -1.00000 -0.00000
1606847257922629 -0.99712 0.07580 0.00000 -57.48052 0.07580 0.99712 0.00000 0.45486 0.00000 0.00000 -1.00000 0.00000
1606847258173255 -0.99230 0.12389 0.00000 -58.86578 0.12389 0.99230 0.00000 3.25800 0.00000 0.00000 -1.00000 0.00000
1606847258423261 -0.98552 0.16956 0.00000 -59.96742 0.16956 0.98552 0.00000 5.86486 0.00000 0.00000 -1.00000 0.00000
1606847258673892 -0.97306 0.23056 0.00000 -60.75228 0.23056 0.97306 0.00000 9.61804 0.00000 0.00000 -1.00000 0.00000
1606847258924520 -0.95090 0.30950 -0.00000 -60.91392 0.30950 0.95090 0.00000 14.56557 0.00000 0.00000 -1.00000 0.00000
1606847259174521 -0.92283 0.38522 0.00000 -60.62422 0.38522 0.92283 0.00000 19.45836 0.00000 0.00000 -1.00000 0.00000
1606847259423896 -0.88779 0.46025 0.00000 -59.89132 0.46025 0.88779 0.00000 24.33249 0.00000 0.00000 -1.00000 0.00000
1606847259673897 -0.83958 0.54324 0.00000 -58.35202 0.54324 0.83958 0.00000 29.90163 0.00000 0.00000 -1.00000 0.00000
1606847259923901 -0.77715 0.62931 0.00000 -55.87442 0.62931 0.77715 0.00000 35.88697 0.00000 0.00000 -1.00000 0.00000
1606847260173288 -0.70731 0.70690 0.00000 -52.85428 0.70690 0.70731 0.00000 41.53223 0.00000 0.00000 -1.00000 0.00000
1606847260423289 -0.62581 0.77997 0.00000 -49.00661 0.77997 0.62581 0.00000 47.03007 0.00000 0.00000 -1.00000 0.00000
1606847260672663 -0.53980 0.84179 0.00000 -44.72363 0.84179 0.53980 0.00000 51.73955 0.00000 0.00000 -1.00000 0.00000
1606847260922672 -0.45099 0.89253 0.00000 -40.22069 0.89253 0.45099 0.00000 56.04796 0.00000 0.00000 -1.00000 0.00000
1606847261172708 -0.36243 0.93201 0.00000 -35.62353 0.93201 0.36243 0.00000 59.64913 0.00000 0.00000 -1.00000 0.00000
1606847261423304 -0.26325 0.96473 0.00000 -30.34466 0.96473 0.26325 0.00000 63.14921 0.00000 0.00000 -1.00000 0.00000
1606847261673300 -0.18885 0.98201 0.00000 -26.67560 0.98201 0.18885 0.00000 65.07637 0.00000 0.00000 -1.00000 0.00000
1606847261923928 -0.12342 0.99235 0.00000 -23.53333 0.99235 0.12342 0.00000 66.71554 0.00000 0.00000 -1.00000 0.00000
1606847262174556 -0.07457 0.99722 0.00000 -21.60611 0.99722 0.07457 0.00000 67.90332 0.00000 0.00000 -1.00000 0.00000
1606847262424567 -0.04436 0.99902 0.00000 -20.90606 0.99902 0.04436 0.00000 68.33620 0.00000 0.00000 -1.00000 0.00000
1606847262674568 -0.02653 0.99965 -0.00000 -21.22916 0.99965 0.02653 0.00000 68.72299 0.00000 0.00000 -1.00000 0.00000
1606847262924571 0.00251 1.00000 0.00000 -20.68295 1.00000 -0.00251 0.00000 69.20309 0.00000 -0.00000 -1.00000 0.00000
1606847263173947 -0.00041 1.00000 0.00000 -22.48427 1.00000 0.00041 0.00000 69.23586 0.00000 0.00000 -1.00000 0.00000
1606847263423333 0.01927 0.99981 0.00000 -22.65571 0.99981 -0.01927 0.00000 69.54980 0.00000 -0.00000 -1.00000 0.00000
1606847263673953 0.00961 0.99995 0.00000 -25.05379 0.99995 -0.00961 0.00000 69.43028 0.00000 -0.00000 -1.00000 0.00000
1606847263923958 0.01580 0.99988 0.00000 -26.33604 0.99988 -0.01580 0.00000 69.37510 0.00000 -0.00000 -1.00000 0.00000
1606847264173960 0.01517 0.99988 -0.00000 -27.99422 0.99988 -0.01517 0.00000 69.37158 0.00000 -0.00000 -1.00000 0.00000
1606847264423348 0.02356 0.99972 0.00000 -29.08895 0.99972 -0.02356 0.00000 69.58035 0.00000 -0.00000 -1.00000 0.00000
1606847264673341 0.03336 0.99944 0.00000 -30.14704 0.99944 -0.03336 0.00000 69.80972 0.00000 -0.00000 -1.00000 0.00000
1606847264923346 0.04283 0.99908 0.00000 -31.16009 0.99908 -0.04283 0.00000 70.03907 0.00000 -0.00000 -1.00000 0.00000
1606847265173351 0.05205 0.99864 -0.00000 -32.15758 0.99864 -0.05205 0.00000 70.34756 0.00000 -0.00000 -1.00000 0.00000
1606847265422729 0.06571 0.99784 0.00000 -32.85472 0.99784 -0.06571 0.00000 70.64298 0.00000 -0.00000 -1.00000 0.00000
1606847265672729 0.08475 0.99640 0.00000 -33.16785 0.99640 -0.08475 0.00000 71.31850 0.00000 -0.00000 -1.00000 0.00000
1606847265922734 0.11413 0.99347 0.00000 -32.64399 0.99347 -0.11413 0.00000 72.17451 0.00000 -0.00000 -1.00000 0.00000
1606847266173993 0.13211 0.99124 0.00000 -33.00828 0.99124 -0.13211 0.00000 72.78137 0.00000 -0.00000 -1.00000 0.00000
1606847266424618 0.14878 0.98887 -0.00000 -33.33342 0.98887 -0.14878 0.00000 73.15723 0.00000 -0.00000 -1.00000 0.00000
1606847266675255 0.15189 0.98840 -0.00000 -34.71768 0.98840 -0.15189 0.00000 73.29147 0.00000 -0.00000 -1.00000 0.00000
1606847266925247 0.16616 0.98610 0.00000 -35.23377 0.98610 -0.16616 0.00000 73.71973 0.00000 -0.00000 -1.00000 0.00000
1606847267175263 0.16087 0.98698 0.00000 -37.32211 0.98698 -0.16087 0.00000 73.57245 0.00000 -0.00000 -1.00000 0.00000
1606847267424632 0.14754 0.98906 0.00000 -39.89097 0.98906 -0.14754 0.00000 72.94080 0.00000 -0.00000 -1.00000 0.00000
1606847267674654 0.13159 0.99130 0.00000 -42.69094 0.99130 -0.13159 0.00000 72.31155 0.00000 -0.00000 -1.00000 0.00000
1606847267924640 0.11285 0.99361 0.00000 -45.74492 0.99361 -0.11285 0.00000 71.39520 0.00000 -0.00000 -1.00000 0.00000
1606847268174638 0.08598 0.99630 -0.00000 -49.32951 0.99630 -0.08598 0.00000 70.18187 0.00000 -0.00000 -1.00000 0.00000
1606847268424645 0.07177 0.99742 0.00000 -52.02395 0.99742 -0.07177 0.00000 69.36173 0.00000 -0.00000 -1.00000 0.00000
1606847268674649 0.05669 0.99839 0.00000 -54.79180 0.99839 -0.05669 0.00000 68.59105 0.00000 -0.00000 -1.00000 0.00000
1606847268924031 0.03036 0.99954 0.00000 -58.17818 0.99954 -0.03036 0.00000 67.06215 0.00000 -0.00000 -1.00000 0.00000
1606847269174040 0.01815 0.99984 0.00000 -60.67893 0.99984 -0.01815 0.00000 66.36788 0.00000 -0.00000 -1.00000 0.00000
1606847269424030 0.00822 0.99997 0.00000 -62.92365 0.99997 -0.00822 0.00000 65.75102 0.00000 -0.00000 -1.00000 0.00000
1606847269673413 -0.01394 0.99990 0.00000 -65.97236 0.99990 0.01394 0.00000 64.24283 0.00000 0.00000 -1.00000 0.00000
1606847269924041 -0.01966 0.99981 0.00000 -67.93244 0.99981 0.01966 0.00000 63.91702 0.00000 0.00000 -1.00000 0.00000
1606847270174045 -0.03448 0.99941 0.00000 -70.40433 0.99941 0.03448 0.00000 62.88710 0.00000 0.00000 -1.00000 0.00000
1606847270424047 -0.04763 0.99887 0.00000 -72.76078 0.99887 0.04763 0.00000 61.91275 0.00000 0.00000 -1.00000 0.00000
1606847270674048 -0.04991 0.99875 0.00000 -74.49277 0.99875 0.04991 0.00000 61.76663 0.00000 0.00000 -1.00000 0.00000
1606847270923437 -0.05551 0.99846 -0.00000 -76.40081 0.99846 0.05551 0.00000 61.21516 0.00000 0.00000 -1.00000 0.00000
