1617900271271733 1.00000 0.00000 0.00000 -0.00000 0.00000 -1.00000 0.00000 0.00000 0.00000 -0.00000 -1.00000 0.00000
1617900271521735 0.99999 -0.00359 0.00000 0.00694 -0.00359 -0.99999 0.00000 -0.01882 -0.00000 -0.00000 -1.00000 -0.00000
1617900271771119 1.00000 0.00170 -0.00000 0.02306 0.00170 -1.00000 0.00000 -0.04043 0.00000 -0.00000 -1.00000 -0.00000
1617900272021126 1.00000 -0.00015 -0.00000 -0.00712 -0.00015 -1.00000 0.00000 0.00307 -0.00000 -0.00000 -1.00000 0.00000
1617900272270509 1.00000 0.00109 0.00000 0.04203 0.00109 -1.00000 0.00000 -0.06508 0.00000 -0.00000 -1.00000 -0.00000
1617900272520503 1.00000 0.00184 0.00000 0.00768 0.00184 -1.00000 0.00000 -0.01674 0.00000 -0.00000 -1.00000 -0.00000
1617900272770509 0.99999 0.00340 0.00000 0.00217 0.00340 -0.99999 0.00000 -0.03094 0.00000 -0.00000 -1.00000 -0.00000
1617900273021140 0.99998 -0.00653 0.00000 0.03479 -0.00653 -0.99998 0.00000 -0.01065 -0.00000 -0.00000 -1.00000 -0.00000
1617900273271142 1.00000 -0.00263 0.00000 0.01190 -0.00263 -1.00000 0.00000 -0.01182 -0.00000 -0.00000 -1.00000 -0.00000
1617900273521770 1.00000 0.00007 0.00000 -0.03098 0.00007 -1.00000 0.00000 0.00603 0.00000 -0.00000 -1.00000 0.00000
1617900273772402 0.99999 -0.00486 0.00000 0.01444 -0.00486 -0.99999 0.00000 -0.01329 -0.00000 -0.00000 -1.00000 -0.00000
1617900274021787 1.00000 -0.00167 0.00000 0.00731 -0.00167 -1.00000 0.00000 0.00684 -0.00000 -0.00000 -1.00000 0.00000
1617900274271158 1.00000 -0.00030 0.00000 0.01271 -0.00030 -1.00000 0.00000 -0.01619 -0.00000 -0.00000 -1.00000 -0.00000
1617900274521167 0.99999 -0.00365 0.00000 0.00258 -0.00365 -0.99999 0.00000 0.00376 -0.00000 -0.00000 -1.00000 0.00000
1617900274770540 1.00000 0.00092 0.00000 0.06192 0.00092 -1.00000 0.00000 -0.06122 0.00000 -0.00000 -1.00000 -0.00000
1617900275020556 1.00000 0.00197 0.00000 0.00307 0.00197 -1.00000 0.00000 0.00394 0.00000 -0.00000 -1.00000 0.00000
1617900275270555 1.00000 0.00224 0.00000 0.00051 0.00224 -1.00000 0.00000 -0.02156 0.00000 -0.00000 -1.00000 -0.00000
1617900275520562 1.00000 0.00147 -0.00000 0.01833 0.00147 -1.00000 0.00000 -0.02956 0.00000 -0.00000 -1.00000 -0.00000
1617900275771188 0.99999 -0.00335 0.00000 0.04499 -0.00335 -0.99999 0.00000 -0.00685 -0.00000 -0.00000 -1.00000 -0.00000
1617900276021817 1.00000 -0.00110 0.00000 0.00484 -0.00110 -1.00000 0.00000 0.01693 -0.00000 -0.00000 -1.00000 0.00000
1617900276272454 1.00000 -0.00021 0.00000 -0.03302 -0.00021 -1.00000 0.00000 0.01198 -0.00000 -0.00000 -1.00000 0.00000
1617900276521823 1.00000 -0.00201 0.00000 0.03241 -0.00201 -1.00000 0.00000 -0.06764 -0.00000 -0.00000 -1.00000 -0.00000
1617900276771830 1.00000 0.00079 0.00000 0.00701 0.00079 -1.00000 0.00000 0.00707 0.00000 -0.00000 -1.00000 0.00000
1617900277021833 1.00000 -0.00253 0.00000 0.00384 -0.00253 -1.00000 0.00000 0.00152 -0.00000 -0.00000 -1.00000 0.00000
1617900277271842 0.99997 -0.00721 -0.00000 0.03690 -0.00721 -0.99997 0.00000 -0.02176 -0.00000 -0.00000 -1.00000 -0.00000
1617900277521217 1.00000 0.00048 0.00000 0.02862 0.00048 -1.00000 0.00000 -0.01537 0.00000 -0.00000 -1.00000 -0.00000
1617900277771219 1.00000 0.00261 0.00000 -0.01462 0.00261 -1.00000 0.00000 -0.00355 0.00000 -0.00000 -1.00000 -0.00000
1617900278020603 1.00000 0.00051 -0.00000 0.04292 0.00051 -1.00000 0.00000 -0.03636 0.00000 -0.00000 -1.00000 -0.00000
1617900278270606 0.99999 -0.00476 0.00000 0.01741 -0.00476 -0.99999 0.00000 0.01613 -0.00000 -0.00000 -1.00000 0.00000
1617900278520607 0.99998 -0.00630 0.00000 0.04840 -0.00630 -0.99998 0.00000 -0.01222 -0.00000 -0.00000 -1.00000 -0.00000
1617900278770610 1.00000 -0.00184 0.00000 -0.00033 -0.00184 -1.00000 0.00000 0.00116 -0.00000 -0.00000 -1.00000 0.00000
1617900279020626 1.00000 0.00068 0.00000 -0.06155 0.00068 -1.00000 0.00000 -0.00951 0.00000 -0.00000 -1.00000 -0.00000
1617900279271872 1.00000 -0.00248 0.00000 -0.06535 -0.00248 -1.00000 0.00000 0.02284 -0.00000 -0.00000 -1.00000 0.00000
1617900279521872 1.00000 -0.00306 0.00000 -0.14157 -0.00306 -1.00000 0.00000 -0.02542 -0.00000 -0.00000 -1.00000 -0.00000
1617900279771253 0.99995 -0.01035 0.00000 -0.19017 -0.01035 -0.99995 0.00000 -0.08808 -0.00000 -0.00000 -1.00000 -0.00000
1617900280021258 0.99981 -0.01926 0.00000 -0.37742 -0.01926 -0.99981 0.00000 -0.02993 -0.00000 -0.00000 -1.00000 -0.00000
1617900280271270 0.99935 -0.03602 -0.00000 -0.64623 -0.03602 -0.99935 0.00000 -0.00222 -0.00000 -0.00000 -1.00000 -0.00000
1617900280520636 0.99829 -0.05844 0.00000 -0.97001 -0.05844 -0.99829 0.00000 -0.06173 -0.00000 -0.00000 -1.00000 -0.00000
1617900280770019 0.99694 -0.07821 0.00000 -1.33673 -0.07821 -0.99694 0.00000 -0.12699 -0.00000 -0.00000 -1.00000 -0.00000
1617900281020030 0.99503 -0.09962 -0.00000 -1.80613 -0.09962 -0.99503 0.00000 -0.04336 -0.00000 -0.00000 -1.00000 -0.00000
1617900281270658 0.99224 -0.12432 0.00000 -2.31871 -0.12432 -0.99224 0.00000 -0.04767 -0.00000 -0.00000 -1.00000 -0.00000
1617900281520659 0.99190 -0.12703 0.00000 -2.98484 -0.12703 -0.99190 0.00000 -0.04424 -0.00000 -0.00000 -1.00000 -0.00000
1617900281771291 0.99100 -0.13389 -0.00000 -3.76645 -0.13389 -0.99100 0.00000 -0.04021 -0.00000 -0.00000 -1.00000 -0.00000
1617900282021918 0.98911 -0.14716 0.00000 -4.58121 -0.14716 -0.98911 0.00000 0.05037 -0.00000 -0.00000 -1.00000 0.00000
1617900282271919 0.98975 -0.14283 0.00000 -5.41400 -0.14283 -0.98975 0.00000 -0.06997 -0.00000 -0.00000 -1.00000 -0.00000
1617900282521919 0.98978 -0.14261 0.00000 -6.38815 -0.14261 -0.98978 0.00000 0.03167 -0.00000 -0.00000 -1.00000 0.00000
1617900282771303 0.99052 -0.13737 0.00000 -7.29266 -0.13737 -0.99052 0.00000 -0.19033 -0.00000 -0.00000 -1.00000 -0.00000
1617900283021353 0.99068 -0.13618 0.00000 -8.37705 -0.13618 -0.99068 0.00000 -0.17180 -0.00000 -0.00000 -1.00000 -0.00000
1617900283271316 0.99127 -0.13182 0.00000 -9.46927 -0.13182 -0.99127 0.00000 -0.10401 -0.00000 -0.00000 -1.00000 -0.00000
1617900283520688 0.99040 -0.13825 -0.00000 -10.57649 -0.13825 -0.99040 0.00000 -0.10989 -0.00000 -0.00000 -1.00000 -0.00000
1617900283770695 0.98871 -0.14984 0.00000 -11.75871 -0.14984 -0.98871 0.00000 0.02115 -0.00000 -0.00000 -1.00000 0.00000
1617900284020704 0.98700 -0.16072 0.00000 -12.97896 -0.16072 -0.98700 0.00000 0.11420 -0.00000 -0.00000 -1.00000 0.00000
1617900284270704 0.98727 -0.15903 0.00000 -14.29197 -0.15903 -0.98727 0.00000 0.00641 -0.00000 -0.00000 -1.00000 0.00000
1617900284521330 0.98758 -0.15711 -0.00000 -15.58943 -0.15711 -0.98758 0.00000 0.11503 -0.00000 -0.00000 -1.00000 0.00000
1617900284771962 0.98811 -0.15372 0.00000 -17.01547 -0.15372 -0.98811 0.00000 0.01411 -0.00000 -0.00000 -1.00000 0.00000
1617900285022592 0.98950 -0.14456 0.00000 -18.41732 -0.14456 -0.98950 0.00000 -0.15544 -0.00000 -0.00000 -1.00000 -0.00000
1617900285271970 0.99203 -0.12604 0.00000 -19.96800 -0.12604 -0.99203 0.00000 -0.59406 -0.00000 -0.00000 -1.00000 -0.00000
1617900285521976 0.99381 -0.11108 0.00000 -21.43527 -0.11108 -0.99381 0.00000 -0.92702 -0.00000 -0.00000 -1.00000 -0.00000
1617900285771977 0.99559 -0.09383 -0.00000 -22.94079 -0.09383 -0.99559 0.00000 -1.33925 -0.00000 -0.00000 -1.00000 -0.00000
1617900286021991 0.99698 -0.07772 -0.00000 -24.38866 -0.07772 -0.99698 0.00000 -1.72195 -0.00000 -0.00000 -1.00000 -0.00000
1617900286271363 0.99855 -0.05380 -0.00000 -25.92353 -0.05380 -0.99855 0.00000 -2.27527 -0.00000 -0.00000 -1.00000 -0.00000
1617900286520742 0.99955 -0.03002 0.00000 -27.41592 -0.03002 -0.99955 0.00000 -2.95486 -0.00000 -0.00000 -1.00000 -0.00000
1617900286770742 0.99987 -0.01602 0.00000 -28.90299 -0.01602 -0.99987 0.00000 -3.33067 -0.00000 -0.00000 -1.00000 -0.00000
1617900287020746 0.99997 -0.00746 0.00000 -30.33875 -0.00746 -0.99997 0.00000 -3.65552 -0.00000 -0.00000 -1.00000 -0.00000
1617900287270760 0.99998 -0.00601 0.00000 -31.90078 -0.00601 -0.99998 0.00000 -3.70702 -0.00000 -0.00000 -1.00000 -0.00000
1617900287521384 0.99999 -0.00508 0.00000 -33.34341 -0.00508 -0.99999 0.00000 -3.85384 -0.00000 -0.00000 -1.00000 -0.00000
1617900287772635 0.99984 -0.01766 0.00000 -35.12146 -0.01766 -0.99984 0.00000 -3.46425 -0.00000 -0.00000 -1.00000 -0.00000
1617900288022643 0.99972 -0.02348 0.00000 -36.80066 -0.02348 -0.99972 0.00000 -3.23166 -0.00000 -0.00000 -1.00000 -0.00000
1617900288272655 0.99963 -0.02732 0.00000 -38.39341 -0.02732 -0.99963 0.00000 -3.02517 -0.00000 -0.00000 -1.00000 -0.00000
1617900288522027 0.99982 -0.01921 -0.00000 -40.16180 -0.01921 -0.99982 0.00000 -3.48308 -0.00000 -0.00000 -1.00000 -0.00000
1617900288772027 0.99986 -0.01675 0.00000 -41.92302 -0.01675 -0.99986 0.00000 -3.61961 -0.00000 -0.00000 -1.00000 -0.00000
1617900289022034 0.99994 -0.01136 -0.00000 -43.48114 -0.01136 -0.99994 0.00000 -3.82742 -0.00000 -0.00000 -1.00000 -0.00000
1617900289272042 0.99988 -0.01563 0.00000 -45.28059 -0.01563 -0.99988 0.00000 -3.59968 -0.00000 -0.00000 -1.00000 -0.00000
1617900289521419 0.99973 -0.02341 -0.00000 -47.09369 -0.02341 -0.99973 0.00000 -3.32508 -0.00000 -0.00000 -1.00000 -0.00000
1617900289771424 0.99948 -0.03240 0.00000 -48.82653 -0.03240 -0.99948 0.00000 -2.86885 -0.00000 -0.00000 -1.00000 -0.00000
1617900290020802 0.99945 -0.03331 0.00000 -50.58398 -0.03331 -0.99945 0.00000 -2.93485 -0.00000 -0.00000 -1.00000 -0.00000
1617900290270802 0.99921 -0.03976 0.00000 -52.45441 -0.03976 -0.99921 0.00000 -2.52025 -0.00000 -0.00000 -1.00000 -0.00000
1617900290520807 0.99894 -0.04603 0.00000 -54.24836 -0.04603 -0.99894 0.00000 -2.22064 -0.00000 -0.00000 -1.00000 -0.00000
1617900290770814 0.99914 -0.04150 0.00000 -56.02064 -0.04150 -0.99914 0.00000 -2.48138 -0.00000 -0.00000 -1.00000 -0.00000
1617900291020826 0.99965 -0.02643 -0.00000 -57.82269 -0.02643 -0.99965 0.00000 -3.46406 -0.00000 -0.00000 -1.00000 -0.00000
1617900291272075 0.99978 -0.02111 0.00000 -59.68098 -0.02111 -0.99978 0.00000 -3.66998 -0.00000 -0.00000 -1.00000 -0.00000
1617900291522699 0.99997 -0.00779 0.00000 -61.58109 -0.00779 -0.99997 0.00000 -4.59947 -0.00000 -0.00000 -1.00000 -0.00000
1617900291772702 0.99999 0.00399 0.00000 -63.40773 0.00399 -0.99999 0.00000 -5.36434 0.00000 -0.00000 -1.00000 -0.00000
1617900292022088 0.99990 0.01405 0.00000 -65.24480 0.01405 -0.99990 0.00000 -6.02791 0.00000 -0.00000 -1.00000 -0.00000
1617900292272087 0.99933 0.03665 0.00000 -67.08421 0.03665 -0.99933 0.00000 -7.53167 0.00000 -0.00000 -1.00000 -0.00000
1617900292522094 0.99908 0.04299 0.00000 -69.07582 0.04299 -0.99908 0.00000 -7.88496 0.00000 -0.00000 -1.00000 -0.00000
1617900292771470 0.99868 0.05133 0.00000 -71.06033 0.05133 -0.99868 0.00000 -8.59436 0.00000 -0.00000 -1.00000 -0.00000
1617900293021475 0.99874 0.05016 0.00000 -73.09298 0.05016 -0.99874 0.00000 -8.43668 0.00000 -0.00000 -1.00000 -0.00000
1617900293270859 0.99878 0.04929 0.00000 -75.13337 0.04929 -0.99878 0.00000 -8.39212 0.00000 -0.00000 -1.00000 -0.00000
1617900293520241 0.99897 0.04543 0.00000 -77.21694 0.04543 -0.99897 0.00000 -8.21575 0.00000 -0.00000 -1.00000 -0.00000
1617900293770865 0.99944 0.03353 -0.00000 -79.33240 0.03353 -0.99944 0.00000 -7.27207 0.00000 -0.00000 -1.00000 -0.00000
1617900294020869 0.99982 0.01915 -0.00000 -81.43120 0.01915 -0.99982 0.00000 -6.18697 0.00000 -0.00000 -1.00000 -0.00000
1617900294271498 1.00000 -0.00138 -0.00000 -83.60896 -0.00138 -1.00000 0.00000 -4.48584 -0.00000 -0.00000 -1.00000 -0.00000
1617900294522128 0.99960 -0.02833 0.00000 -85.72685 -0.02833 -0.99960 0.00000 -2.28760 -0.00000 -0.00000 -1.00000 -0.00000
1617900294772758 0.99789 -0.06492 -0.00000 -87.79653 -0.06492 -0.99789 0.00000 0.87481 -0.00000 -0.00000 -1.00000 0.00000
1617900295022761 0.99345 -0.11427 0.00000 -89.56592 -0.11427 -0.99345 0.00000 5.18010 -0.00000 -0.00000 -1.00000 0.00000
1617900295272769 0.98536 -0.17048 0.00000 -91.16366 -0.17048 -0.98536 0.00000 10.33403 -0.00000 -0.00000 -1.00000 0.00000
1617900295522768 0.97344 -0.22896 0.00000 -92.38367 -0.22896 -0.97344 0.00000 15.71630 -0.00000 -0.00000 -1.00000 0.00000
1617900295772146 0.96009 -0.27968 0.00000 -93.31932 -0.27968 -0.96009 0.00000 20.55902 -0.00000 -0.00000 -1.00000 0.00000
1617900296021526 0.94433 -0.32900 0.00000 -94.06289 -0.32900 -0.94433 0.00000 25.27749 -0.00000 -0.00000 -1.00000 0.00000
1617900296271533 0.92230 -0.38648 -0.00000 -94.38250 -0.38648 -0.92230 0.00000 31.02732 -0.00000 -0.00000 -1.00000 0.00000
1617900296520905 0.89626 -0.44352 0.00000 -94.15012 -0.44352 -0.89626 0.00000 36.74851 -0.00000 -0.00000 -1.00000 0.00000
1617900296770911 0.86536 -0.50116 -0.00000 -93.49861 -0.50116 -0.86536 0.00000 42.89781 -0.00000 -0.00000 -1.00000 0.00000
1617900297020922 0.83309 -0.55313 0.00000 -92.66929 -0.55313 -0.83309 0.00000 48.55292 -0.00000 -0.00000 -1.00000 0.00000
1617900297270927 0.79389 -0.60806 0.00000 -91.14063 -0.60806 -0.79389 0.00000 54.74218 -0.00000 -0.00000 -1.00000 0.00000
1617900297521548 0.75311 -0.65789 0.00000 -89.48896 -0.65789 -0.75311 0.00000 60.49021 -0.00000 -0.00000 -1.00000 0.00000
1617900297771554 0.70340 -0.71079 0.00000 -86.81987 -0.71079 -0.70340 0.00000 66.75204 -0.00000 -0.00000 -1.00000 0.00000
1617900298022186 0.64341 -0.76552 0.00000 -82.98813 -0.76552 -0.64341 0.00000 73.56953 -0.00000 -0.00000 -1.00000 0.00000
1617900298272191 0.58072 -0.81410 -0.00000 -78.90644 -0.81410 -0.58072 0.00000 79.81138 -0.00000 -0.00000 -1.00000 0.00000
1617900298522193 0.52874 -0.84878 0.00000 -75.62143 -0.84878 -0.52874 0.00000 84.70490 -0.00000 -0.00000 -1.00000 0.00000
1617900298770945 0.47751 -0.87863 -0.00000 -72.44023 -0.87863 -0.47751 0.00000 88.88646 -0.00000 -0.00000 -1.00000 0.00000
1617900299020961 0.43160 -0.90207 -0.00000 -69.85169 -0.90207 -0.43160 0.00000 92.60530 -0.00000 -0.00000 -1.00000 0.00000
1617900299270335 0.39816 -0.91732 0.00000 -68.47995 -0.91732 -0.39816 0.00000 94.88330 -0.00000 -0.00000 -1.00000 0.00000
1617900299520337 0.37027 -0.92892 -0.00000 -67.75263 -0.92892 -0.37027 0.00000 96.93989 -0.00000 -0.00000 -1.00000 0.00000
1617900299770339 0.34550 -0.93842 -0.00000 -67.25033 -0.93842 -0.34550 0.00000 98.73695 -0.00000 -0.00000 -1.00000 0.00000
1617900300020340 0.33932 -0.94067 -0.00000 -68.77149 -0.94067 -0.33932 0.00000 99.13040 -0.00000 -0.00000 -1.00000 0.00000
1617900300270982 0.33858 -0.94094 -0.00000 -70.97739 -0.94094 -0.33858 0.00000 99.12861 -0.00000 -0.00000 -1.00000 0.00000
1617900300521600 0.34678 -0.93795 0.00000 -73.97794 -0.93795 -0.34678 0.00000 98.40614 -0.00000 -0.00000 -1.00000 0.00000
1617900300772229 0.35266 -0.93575 0.00000 -76.88665 -0.93575 -0.35266 0.00000 98.04752 -0.00000 -0.00000 -1.00000 0.00000
1617900301021609 0.36326 -0.93169 0.00000 -80.14860 -0.93169 -0.36326 0.00000 96.80664 -0.00000 -0.00000 -1.00000 0.00000
1617900301271620 0.38013 -0.92493 0.00000 -84.14893 -0.92493 -0.38013 0.00000 95.42048 -0.00000 -0.00000 -1.00000 0.00000
1617900301521615 0.38984 -0.92088 -0.00000 -87.47596 -0.92088 -0.38984 0.00000 94.48672 -0.00000 -0.00000 -1.00000 0.00000
1617900301770993 0.41808 -0.90841 0.00000 -92.51890 -0.90841 -0.41808 0.00000 91.71583 -0.00000 -0.00000 -1.00000 0.00000
1617900302020997 0.43203 -0.90186 0.00000 -96.12648 -0.90186 -0.43203 0.00000 90.23762 -0.00000 -0.00000 -1.00000 0.00000
1617900302271007 0.45138 -0.89233 0.00000 -100.17973 -0.89233 -0.45138 0.00000 88.04588 -0.00000 -0.00000 -1.00000 0.00000
1617900302521008 0.46625 -0.88465 0.00000 -103.87116 -0.88465 -0.46625 0.00000 86.25532 -0.00000 -0.00000 -1.00000 0.00000
1617900302772263 0.47409 -0.88047 0.00000 -106.79055 -0.88047 -0.47409 0.00000 85.33896 -0.00000 -0.00000 -1.00000 0.00000
1617900303022891 0.49008 -0.87168 0.00000 -110.31803 -0.87168 -0.49008 0.00000 83.33306 -0.00000 -0.00000 -1.00000 0.00000
1617900303272893 0.50361 -0.86393 -0.00000 -113.80573 -0.86393 -0.50361 0.00000 81.61949 -0.00000 -0.00000 -1.00000 0.00000
1617900303522902 0.51795 -0.85541 -0.00000 -117.15911 -0.85541 -0.51795 0.00000 79.60742 -0.00000 -0.00000 -1.00000 0.00000
1617900303772906 0.51882 -0.85489 0.00000 -119.37157 -0.85489 -0.51882 0.00000 79.41353 -0.00000 -0.00000 -1.00000 0.00000
1617900304022908 0.52246 -0.85266 -0.00000 -121.79757 -0.85266 -0.52246 0.00000 78.94133 -0.00000 -0.00000 -1.00000 0.00000
1617900304272298 0.52588 -0.85056 -0.00000 -124.00465 -0.85056 -0.52588 0.00000 78.40544 -0.00000 -0.00000 -1.00000 0.00000
1617900304522293 0.52052 -0.85385 -0.00000 -125.51365 -0.85385 -0.52052 0.00000 79.15913 -0.00000 -0.00000 -1.00000 0.00000
1617900304772294 0.52419 -0.85160 0.00000 -127.77777 -0.85160 -0.52419 0.00000 78.61306 -0.00000 -0.00000 -1.00000 0.00000
1617900305021689 0.53677 -0.84373 0.00000 -130.53670 -0.84373 -0.53677 0.00000 76.63111 -0.00000 -0.00000 -1.00000 0.00000
1617900305271682 0.56255 -0.82677 0.00000 -134.86818 -0.82677 -0.56255 0.00000 72.62293 -0.00000 -0.00000 -1.00000 0.00000
1617900305521687 0.59611 -0.80290 0.00000 -139.51198 -0.80290 -0.59611 0.00000 67.01291 -0.00000 -0.00000 -1.00000 0.00000
1617900305771060 0.65022 -0.75975 0.00000 -145.44132 -0.75975 -0.65022 0.00000 57.12215 -0.00000 -0.00000 -1.00000 0.00000
1617900306021065 0.70820 -0.70601 0.00000 -151.23098 -0.70601 -0.70820 0.00000 45.31185 -0.00000 -0.00000 -1.00000 0.00000
1617900306271075 0.77370 -0.63356 0.00000 -156.45223 -0.63356 -0.77370 0.00000 30.33532 -0.00000 -0.00000 -1.00000 0.00000
1617900306521704 0.83766 -0.54620 0.00000 -160.33769 -0.54620 -0.83766 0.00000 13.24221 -0.00000 -0.00000 -1.00000 0.00000
1617900306772334 0.90009 -0.43571 0.00000 -162.19991 -0.43571 -0.90009 0.00000 -7.15394 -0.00000 -0.00000 -1.00000 -0.00000
1617900307022968 0.94978 -0.31292 0.00000 -161.25590 -0.31292 -0.94978 0.00000 -28.50486 -0.00000 -0.00000 -1.00000 -0.00000
1617900307272345 0.98357 -0.18052 0.00000 -157.27995 -0.18052 -0.98357 0.00000 -50.30750 -0.00000 -0.00000 -1.00000 -0.00000
1617900307522346 0.99906 -0.04326 0.00000 -150.09611 -0.04326 -0.99906 0.00000 -71.52940 -0.00000 -0.00000 -1.00000 -0.00000
1617900307772350 0.99406 0.10879 0.00000 -138.67074 0.10879 -0.99406 0.00000 -93.39832 0.00000 -0.00000 -1.00000 -0.00000
1617900308021728 0.96447 0.26420 0.00000 -123.40729 0.26420 -0.96447 0.00000 -114.06634 0.00000 -0.00000 -1.00000 -0.00000
1617900308271732 0.90957 0.41556 0.00000 -104.72124 0.41556 -0.90957 0.00000 -132.39471 0.00000 -0.00000 -1.00000 -0.00000
1617900308521111 0.82282 0.56830 0.00000 -81.08604 0.56830 -0.82282 0.00000 -148.70470 0.00000 -0.00000 -1.00000 -0.00000
1617900308771743 0.71080 0.70339 -0.00000 -54.92553 0.70339 -0.71080 0.00000 -160.57352 0.00000 -0.00000 -1.00000 -0.00000
1617900309021744 0.55876 0.82933 0.00000 -23.44789 0.82933 -0.55876 0.00000 -168.25975 0.00000 -0.00000 -1.00000 -0.00000
1617900309272377 0.39540 0.91851 0.00000 6.93795 0.91851 -0.39540 0.00000 -169.66857 0.00000 -0.00000 -1.00000 -0.00000
1617900309523000 0.20940 0.97783 0.00000 38.85095 0.97783 -0.20940 0.00000 -164.98399 0.00000 -0.00000 -1.00000 -0.00000
1617900309773017 0.01653 0.99986 0.00000 68.90846 0.99986 -0.01653 0.00000 -154.36035 0.00000 -0.00000 -1.00000 -0.00000
1617900310023010 -0.17973 0.98372 0.00000 96.82698 0.98372 0.17973 0.00000 -137.85684 0.00000 0.00000 -1.00000 -0.00000
1617900310272389 -0.37417 0.92736 0.00000 121.41310 0.92736 0.37417 0.00000 -115.53221 0.00000 0.00000 -1.00000 -0.00000
1617900310522394 -0.53316 0.84601 0.00000 138.81667 0.84601 0.53316 0.00000 -92.05011 0.00000 0.00000 -1.00000 -0.00000
1617900310772399 -0.64926 0.76056 -0.00000 149.30151 0.76056 0.64926 0.00000 -71.18570 0.00000 0.00000 -1.00000 -0.00000
1617900311022408 -0.74260 0.66974 0.00000 156.11221 0.66974 0.74260 0.00000 -51.11001 0.00000 0.00000 -1.00000 -0.00000
1617900311271783 -0.81093 0.58515 0.00000 159.45500 0.58515 0.81093 0.00000 -33.89555 0.00000 0.00000 -1.00000 -0.00000
1617900311522408 -0.86117 0.50832 0.00000 160.50527 0.50832 0.86117 0.00000 -19.10483 0.00000 0.00000 -1.00000 -0.00000
1617900311771785 -0.89590 0.44425 0.00000 159.98113 0.44425 0.89590 0.00000 -7.38721 0.00000 0.00000 -1.00000 -0.00000
1617900312021790 -0.91255 0.40897 0.00000 158.74407 0.40897 0.91255 0.00000 -1.14168 0.00000 0.00000 -1.00000 -0.00000
1617900312271807 -0.92057 0.39057 0.00000 157.19561 0.39057 0.92057 0.00000 2.11288 0.00000 0.00000 -1.00000 0.00000
1617900312521805 -0.92165 0.38802 -0.00000 155.55911 0.38802 0.92165 0.00000 2.60028 0.00000 0.00000 -1.00000 0.00000
1617900312771806 -0.91301 0.40795 0.00000 153.94454 0.40795 0.91301 0.00000 -0.79218 0.00000 0.00000 -1.00000 -0.00000
1617900313021184 -0.89800 0.44000 -0.00000 152.29214 0.44000 0.89800 0.00000 -6.19337 0.00000 0.00000 -1.00000 -0.00000
1617900313271190 -0.87604 0.48224 0.00000 150.02235 0.48224 0.87604 0.00000 -13.45696 0.00000 0.00000 -1.00000 -0.00000
1617900313520566 -0.85729 0.51483 0.00000 147.80332 0.51483 0.85729 0.00000 -19.28180 0.00000 0.00000 -1.00000 -0.00000
1617900313770575 -0.82766 0.56123 0.00000 144.64767 0.56123 0.82766 0.00000 -27.34535 0.00000 0.00000 -1.00000 -0.00000
1617900314021203 -0.80070 0.59907 0.00000 141.54230 0.59907 0.80070 0.00000 -34.16816 0.00000 0.00000 -1.00000 -0.00000
1617900314271831 -0.77017 0.63783 0.00000 137.81007 0.63783 0.77017 0.00000 -40.96221 0.00000 0.00000 -1.00000 -0.00000
1617900314522459 -0.73434 0.67878 0.00000 133.58616 0.67878 0.73434 0.00000 -48.54399 0.00000 0.00000 -1.00000 -0.00000
1617900314773091 -0.69074 0.72310 0.00000 128.29509 0.72310 0.69074 0.00000 -56.63743 0.00000 0.00000 -1.00000 -0.00000
1617900315022479 -0.65186 0.75834 0.00000 123.19401 0.75834 0.65186 0.00000 -63.41007 0.00000 0.00000 -1.00000 -0.00000
1617900315272478 -0.60678 0.79487 0.00000 117.23121 0.79487 0.60678 0.00000 -70.31679 0.00000 0.00000 -1.00000 -0.00000
1617900315522480 -0.56170 0.82734 0.00000 111.10583 0.82734 0.56170 0.00000 -76.85676 0.00000 0.00000 -1.00000 -0.00000
1617900315771858 -0.52164 0.85317 0.00000 105.22182 0.85317 0.52164 0.00000 -81.93222 0.00000 0.00000 -1.00000 -0.00000
1617900316021238 -0.48639 0.87374 0.00000 99.78467 0.87374 0.48639 0.00000 -86.19017 0.00000 0.00000 -1.00000 -0.00000
1617900316271241 -0.45312 0.89145 0.00000 94.37652 0.89145 0.45312 0.00000 -90.00485 0.00000 0.00000 -1.00000 -0.00000
1617900316521244 -0.42109 0.90702 0.00000 88.92497 0.90702 0.42109 0.00000 -93.29020 0.00000 0.00000 -1.00000 -0.00000
1617900316771871 -0.39073 0.92050 -0.00000 83.63060 0.92050 0.39073 0.00000 -96.09931 0.00000 0.00000 -1.00000 -0.00000
1617900317021877 -0.37158 0.92840 -0.00000 79.46819 0.92840 0.37158 0.00000 -98.01379 0.00000 0.00000 -1.00000 -0.00000
1617900317272514 -0.35726 0.93400 0.00000 75.73094 0.93400 0.35726 0.00000 -99.20256 0.00000 0.00000 -1.00000 -0.00000
1617900317522507 -0.34225 0.93961 0.00000 71.94101 0.93961 0.34225 0.00000 -100.55019 0.00000 0.00000 -1.00000 -0.00000
1617900317772512 -0.32638 0.94524 0.00000 68.00141 0.94524 0.32638 0.00000 -101.77439 0.00000 0.00000 -1.00000 -0.00000
1617900318021891 -0.32517 0.94566 0.00000 65.65061 0.94566 0.32517 0.00000 -101.78698 0.00000 0.00000 -1.00000 -0.00000
1617900318271275 -0.33175 0.94337 0.00000 64.26363 0.94337 0.33175 0.00000 -101.52992 0.00000 0.00000 -1.00000 -0.00000
1617900318521900 -0.34797 0.93751 0.00000 63.75285 0.93751 0.34797 0.00000 -100.29276 0.00000 0.00000 -1.00000 -0.00000
1617900318771281 -0.39004 0.92080 0.00000 66.05511 0.92080 0.39004 0.00000 -97.40050 0.00000 0.00000 -1.00000 -0.00000
1617900319021908 -0.42647 0.90450 0.00000 67.74770 0.90450 0.42647 0.00000 -94.84072 0.00000 0.00000 -1.00000 -0.00000
1617900319272547 -0.47351 0.88079 0.00000 70.42548 0.88079 0.47351 0.00000 -91.20452 0.00000 0.00000 -1.00000 -0.00000
1617900319523183 -0.52948 0.84832 0.00000 74.18080 0.84832 0.52948 0.00000 -86.63771 0.00000 0.00000 -1.00000 -0.00000
1617900319773799 -0.58575 0.81049 0.00000 77.66499 0.81049 0.58575 0.00000 -81.43268 0.00000 0.00000 -1.00000 -0.00000
1617900320023801 -0.65028 0.75970 0.00000 81.98748 0.75970 0.65028 0.00000 -74.85429 0.00000 0.00000 -1.00000 -0.00000
1617900320273813 -0.70740 0.70681 0.00000 85.49846 0.70681 0.70740 0.00000 -68.39638 0.00000 0.00000 -1.00000 -0.00000
1617900320523185 -0.76033 0.64954 0.00000 88.53027 0.64954 0.76033 0.00000 -61.57435 0.00000 0.00000 -1.00000 -0.00000
1617900320772566 -0.80777 0.58950 0.00000 91.01091 0.58950 0.80777 0.00000 -54.67101 0.00000 0.00000 -1.00000 -0.00000
1617900321022572 -0.84598 0.53322 0.00000 92.46327 0.53322 0.84598 0.00000 -48.35452 0.00000 0.00000 -1.00000 -0.00000
1617900321272581 -0.87952 0.47586 0.00000 93.54097 0.47586 0.87952 0.00000 -42.15730 0.00000 0.00000 -1.00000 -0.00000
1617900321521950 -0.90787 0.41925 0.00000 94.08316 0.41925 0.90787 0.00000 -36.18410 0.00000 0.00000 -1.00000 -0.00000
1617900321771960 -0.93138 0.36405 -0.00000 94.15325 0.36405 0.93138 0.00000 -30.50734 0.00000 0.00000 -1.00000 -0.00000
1617900322021965 -0.95181 0.30670 0.00000 93.91854 0.30670 0.95181 0.00000 -24.84149 0.00000 0.00000 -1.00000 -0.00000
1617900322271967 -0.96998 0.24318 0.00000 93.45084 0.24318 0.96998 0.00000 -18.62713 0.00000 0.00000 -1.00000 -0.00000
1617900322521966 -0.98278 0.18478 -0.00000 92.42716 0.18478 0.98278 0.00000 -13.06502 0.00000 0.00000 -1.00000 -0.00000
1617900322771351 -0.99164 0.12905 0.00000 91.11256 0.12905 0.99164 0.00000 -7.83155 0.00000 0.00000 -1.00000 -0.00000
1617900323021400 -0.99647 0.08390 0.00000 89.34286 0.08390 0.99647 0.00000 -3.66806 0.00000 0.00000 -1.00000 -0.00000
1617900323271363 -0.99867 0.05154 0.00000 87.47114 0.05154 0.99867 0.00000 -0.80905 0.00000 0.00000 -1.00000 -0.00000
1617900323521981 -0.99952 0.03101 0.00000 85.56207 0.03101 0.99952 0.00000 1.12677 0.00000 0.00000 -1.00000 0.00000
1617900323772613 -0.99995 0.01036 0.00000 83.51660 0.01036 0.99995 0.00000 2.71701 0.00000 0.00000 -1.00000 0.00000
1617900324023247 -1.00000 -0.00207 0.00000 81.42217 -0.00207 1.00000 0.00000 3.72265 -0.00000 0.00000 -1.00000 0.00000
1617900324273875 -0.99999 -0.00361 0.00000 79.41981 -0.00361 0.99999 0.00000 3.86880 -0.00000 0.00000 -1.00000 0.00000
1617900324523252 -0.99987 -0.01632 0.00000 77.35103 -0.01632 0.99987 0.00000 4.82523 -0.00000 0.00000 -1.00000 0.00000
1617900324773257 -0.99976 -0.02173 -0.00000 75.23929 -0.02173 0.99976 0.00000 5.28613 -0.00000 0.00000 -1.00000 0.00000
1617900325022638 -0.99976 -0.02184 0.00000 73.30923 -0.02184 0.99976 0.00000 5.24364 -0.00000 0.00000 -1.00000 0.00000
1617900325272643 -0.99979 -0.02067 0.00000 71.18069 -0.02067 0.99979 0.00000 5.15783 -0.00000 0.00000 -1.00000 0.00000
1617900325522022 -0.99988 -0.01555 0.00000 69.16867 -0.01555 0.99988 0.00000 4.71640 -0.00000 0.00000 -1.00000 0.00000
1617900325771401 -0.99996 -0.00916 0.00000 67.14062 -0.00916 0.99996 0.00000 4.16280 -0.00000 0.00000 -1.00000 0.00000
1617900326021401 -1.00000 -0.00155 0.00000 64.99834 -0.00155 1.00000 0.00000 3.73103 -0.00000 0.00000 -1.00000 0.00000
1617900326271405 -0.99981 0.01971 0.00000 62.98909 0.01971 0.99981 0.00000 2.27711 0.00000 0.00000 -1.00000 0.00000
1617900326521439 -0.99961 0.02799 0.00000 60.89824 0.02799 0.99961 0.00000 1.67133 0.00000 0.00000 -1.00000 0.00000
1617900326772039 -0.99931 0.03706 0.00000 58.72794 0.03706 0.99931 0.00000 1.04789 0.00000 0.00000 -1.00000 0.00000
1617900327022671 -0.99905 0.04349 0.00000 56.60207 0.04349 0.99905 0.00000 0.65325 0.00000 0.00000 -1.00000 0.00000
1617900327272680 -0.99895 0.04585 -0.00000 54.44040 0.04585 0.99895 0.00000 0.55691 0.00000 0.00000 -1.00000 0.00000
1617900327522058 -0.99896 0.04552 0.00000 52.26806 0.04552 0.99896 0.00000 0.57408 0.00000 0.00000 -1.00000 0.00000
1617900327772058 -0.99891 0.04666 -0.00000 50.13797 0.04666 0.99891 0.00000 0.46650 0.00000 0.00000 -1.00000 0.00000
1617900328022064 -0.99866 0.05166 -0.00000 47.89212 0.05166 0.99866 0.00000 0.09269 0.00000 0.00000 -1.00000 0.00000
1617900328271451 -0.99851 0.05459 0.00000 45.82881 0.05459 0.99851 0.00000 -0.23689 0.00000 0.00000 -1.00000 -0.00000
1617900328521447 -0.99820 0.05999 0.00000 43.58173 0.05999 0.99820 0.00000 -0.47649 0.00000 0.00000 -1.00000 -0.00000
1617900328772075 -0.99837 0.05709 -0.00000 41.46303 0.05709 0.99837 0.00000 -0.39904 0.00000 0.00000 -1.00000 -0.00000
1617900329022706 -0.99804 0.06265 0.00000 39.21995 0.06265 0.99804 0.00000 -0.61159 0.00000 0.00000 -1.00000 -0.00000
1617900329272090 -0.99832 0.05796 -0.00000 37.08612 0.05796 0.99832 0.00000 -0.45538 0.00000 0.00000 -1.00000 -0.00000
1617900329522084 -0.99849 0.05496 -0.00000 34.91010 0.05496 0.99849 0.00000 -0.28063 0.00000 0.00000 -1.00000 -0.00000
1617900329772089 -0.99857 0.05353 0.00000 32.71399 0.05353 0.99857 0.00000 -0.40812 0.00000 0.00000 -1.00000 -0.00000
1617900330021471 -0.99831 0.05817 0.00000 30.58306 0.05817 0.99831 0.00000 -0.50865 0.00000 0.00000 -1.00000 -0.00000
1617900330271476 -0.99801 0.06311 -0.00000 28.42131 0.06311 0.99801 0.00000 -0.58719 0.00000 0.00000 -1.00000 -0.00000
1617900330521485 -0.99768 0.06814 0.00000 26.25796 0.06814 0.99768 0.00000 -0.79275 0.00000 0.00000 -1.00000 -0.00000
1617900330771482 -0.99741 0.07195 0.00000 24.09944 0.07195 0.99741 0.00000 -1.02137 0.00000 0.00000 -1.00000 -0.00000
1617900331022145 -0.99651 0.08352 0.00000 21.91657 0.08352 0.99651 0.00000 -1.31010 0.00000 0.00000 -1.00000 -0.00000
1617900331272123 -0.99676 0.08039 0.00000 19.76960 0.08039 0.99676 0.00000 -1.23548 0.00000 0.00000 -1.00000 -0.00000
1617900331522744 -0.99679 0.08003 -0.00000 17.62850 0.08003 0.99679 0.00000 -1.23058 0.00000 0.00000 -1.00000 -0.00000
1617900331772754 -0.99566 0.09306 -0.00000 15.38895 0.09306 0.99566 0.00000 -1.49172 0.00000 0.00000 -1.00000 -0.00000
1617900332022757 -0.99524 0.09745 0.00000 13.22313 0.09745 0.99524 0.00000 -1.54836 0.00000 0.00000 -1.00000 -0.00000
1617900332272136 -0.99558 0.09388 0.00000 11.05037 0.09388 0.99558 0.00000 -1.54301 0.00000 0.00000 -1.00000 -0.00000
1617900332522138 -0.99488 0.10108 0.00000 8.83589 0.10108 0.99488 0.00000 -1.56996 0.00000 0.00000 -1.00000 -0.00000
1617900332771519 -0.99458 0.10400 0.00000 6.58221 0.10400 0.99458 0.00000 -1.59275 0.00000 0.00000 -1.00000 -0.00000
1617900333020898 -0.99522 0.09771 -0.00000 4.40592 0.09771 0.99522 0.00000 -1.64773 0.00000 0.00000 -1.00000 -0.00000
1617900333270903 -0.99481 0.10173 0.00000 2.13497 0.10173 0.99481 0.00000 -1.66767 0.00000 0.00000 -1.00000 -0.00000
1617900333520904 -0.99536 0.09619 0.00000 -0.01235 0.09619 0.99536 0.00000 -1.69378 0.00000 0.00000 -1.00000 -0.00000
1617900333771533 -0.99563 0.09334 0.00000 -2.23378 0.09334 0.99563 0.00000 -1.75223 0.00000 0.00000 -1.00000 -0.00000
1617900334022788 -0.99551 0.09463 0.00000 -4.48091 0.09463 0.99551 0.00000 -1.64443 0.00000 0.00000 -1.00000 -0.00000
1617900334272794 -0.99614 0.08780 0.00000 -6.69855 0.08780 0.99614 0.00000 -1.85457 0.00000 0.00000 -1.00000 -0.00000
1617900334523423 -0.99625 0.08646 0.00000 -8.79172 0.08646 0.99625 0.00000 -1.92965 0.00000 0.00000 -1.00000 -0.00000
1617900334772804 -0.99608 0.08840 0.00000 -11.11676 0.08840 0.99608 0.00000 -1.88465 0.00000 0.00000 -1.00000 -0.00000
1617900335022181 -0.99696 0.07797 0.00000 -13.19942 0.07797 0.99696 0.00000 -1.95579 0.00000 0.00000 -1.00000 -0.00000
1617900335272188 -0.99655 0.08304 0.00000 -15.41039 0.08304 0.99655 0.00000 -1.98603 0.00000 0.00000 -1.00000 -0.00000
1617900335521564 -0.99715 0.07549 0.00000 -17.71075 0.07549 0.99715 0.00000 -2.23852 0.00000 0.00000 -1.00000 -0.00000
1617900335770940 -0.99744 0.07154 0.00000 -19.91384 0.07154 0.99744 0.00000 -2.36898 0.00000 0.00000 -1.00000 -0.00000
1617900336020946 -0.99724 0.07423 0.00000 -22.20049 0.07423 0.99724 0.00000 -2.31804 0.00000 0.00000 -1.00000 -0.00000
1617900336271584 -0.99763 0.06883 0.00000 -24.31661 0.06883 0.99763 0.00000 -2.54090 0.00000 0.00000 -1.00000 -0.00000
1617900336522207 -0.99802 0.06291 0.00000 -26.63429 0.06291 0.99802 0.00000 -2.69653 0.00000 0.00000 -1.00000 -0.00000
1617900336772835 -0.99812 0.06134 0.00000 -28.79013 0.06134 0.99812 0.00000 -2.62470 0.00000 0.00000 -1.00000 -0.00000
1617900337022840 -0.99843 0.05606 0.00000 -31.10861 0.05606 0.99843 0.00000 -2.80175 0.00000 0.00000 -1.00000 -0.00000
1617900337272222 -0.99899 0.04489 0.00000 -33.14407 0.04489 0.99899 0.00000 -3.20105 0.00000 0.00000 -1.00000 -0.00000
1617900337522227 -0.99899 0.04495 0.00000 -35.41542 0.04495 0.99899 0.00000 -3.21726 0.00000 0.00000 -1.00000 -0.00000
1617900337772224 -0.99921 0.03964 0.00000 -37.54099 0.03964 0.99921 0.00000 -3.37857 0.00000 0.00000 -1.00000 -0.00000
1617900338021600 -0.99943 0.03376 0.00000 -39.69283 0.03376 0.99943 0.00000 -3.72115 0.00000 0.00000 -1.00000 -0.00000
1617900338270982 -0.99960 0.02844 0.00000 -41.76056 0.02844 0.99960 0.00000 -4.01230 0.00000 0.00000 -1.00000 -0.00000
1617900338521620 -0.99945 0.03331 0.00000 -43.86836 0.03331 0.99945 0.00000 -3.78640 0.00000 0.00000 -1.00000 -0.00000
1617900338771620 -0.99976 0.02171 0.00000 -45.79288 0.02171 0.99976 0.00000 -4.37820 0.00000 0.00000 -1.00000 -0.00000
1617900339022284 -0.99958 0.02889 -0.00000 -47.87804 0.02889 0.99958 0.00000 -4.01156 0.00000 0.00000 -1.00000 -0.00000
1617900339272255 -0.99981 0.01959 0.00000 -49.69454 0.01959 0.99981 0.00000 -4.51652 0.00000 0.00000 -1.00000 -0.00000
1617900339523507 -0.99970 0.02469 0.00000 -51.65938 0.02469 0.99970 0.00000 -4.17870 0.00000 0.00000 -1.00000 -0.00000
1617900339773514 -0.99976 0.02205 -0.00000 -53.33675 0.02205 0.99976 0.00000 -4.39607 0.00000 0.00000 -1.00000 -0.00000
1617900340023519 -0.99917 0.04063 0.00000 -55.11046 0.04063 0.99917 0.00000 -3.42616 0.00000 0.00000 -1.00000 -0.00000
1617900340272891 -0.99834 0.05766 0.00000 -56.72209 0.05766 0.99834 0.00000 -2.55589 0.00000 0.00000 -1.00000 -0.00000
1617900340522895 -0.99641 0.08470 -0.00000 -58.27808 0.08470 0.99641 0.00000 -0.90965 0.00000 0.00000 -1.00000 -0.00000
1617900340772896 -0.99099 0.13391 0.00000 -59.71096 0.13391 0.99099 0.00000 1.87716 0.00000 0.00000 -1.00000 0.00000
1617900341022284 -0.98378 0.17936 0.00000 -60.74073 0.17936 0.98378 0.00000 4.56050 0.00000 0.00000 -1.00000 0.00000
1617900341272290 -0.96644 0.25687 0.00000 -61.44639 0.25687 0.96644 0.00000 9.34794 0.00000 0.00000 -1.00000 0.00000
1617900341521667 -0.94350 0.33137 0.00000 -61.64578 0.33137 0.94350 0.00000 14.06241 0.00000 0.00000 -1.00000 0.00000
1617900341771668 -0.90200 0.43174 0.00000 -60.83446 0.43174 0.90200 0.00000 20.65277 0.00000 0.00000 -1.00000 0.00000
1617900342021672 -0.84792 0.53012 0.00000 -59.14658 0.53012 0.84792 0.00000 27.34670 0.00000 0.00000 -1.00000 0.00000
1617900342271680 -0.78054 0.62510 0.00000 -56.66057 0.62510 0.78054 0.00000 34.01368 0.00000 0.00000 -1.00000 0.00000
1617900342521687 -0.69447 0.71952 0.00000 -52.95601 0.71952 0.69447 0.00000 40.98654 0.00000 0.00000 -1.00000 0.00000
1617900342772314 -0.59798 0.80151 0.00000 -48.27259 0.80151 0.59798 0.00000 47.31046 0.00000 0.00000 -1.00000 0.00000
1617900343022315 -0.50318 0.86418 0.00000 -43.67062 0.86418 0.50318 0.00000 52.32940 0.00000 0.00000 -1.00000 0.00000
1617900343272325 -0.40785 0.91305 0.00000 -38.85569 0.91305 0.40785 0.00000 56.68744 0.00000 0.00000 -1.00000 0.00000
1617900343522329 -0.31644 0.94861 0.00000 -34.11191 0.94861 0.31644 0.00000 60.12943 0.00000 0.00000 -1.00000 0.00000
1617900343771703 -0.23180 0.97276 0.00000 -29.79180 0.97276 0.23180 0.00000 62.91104 0.00000 0.00000 -1.00000 0.00000
1617900344021080 -0.16311 0.98661 0.00000 -26.42680 0.98661 0.16311 0.00000 64.75034 0.00000 0.00000 -1.00000 0.00000
1617900344271095 -0.10838 0.99411 0.00000 -23.99170 0.99411 0.10838 0.00000 66.18714 0.00000 0.00000 -1.00000 0.00000
1617900344521092 -0.06676 0.99777 0.00000 -22.49008 0.99777 0.06676 0.00000 66.96939 0.00000 0.00000 -1.00000 0.00000
1617900344771720 -0.03886 0.99924 0.00000 -21.98195 0.99924 0.03886 0.00000 67.82083 0.00000 0.00000 -1.00000 0.00000
1617900345022349 -0.01710 0.99985 0.00000 -21.77003 0.99985 0.01710 0.00000 68.17155 0.00000 0.00000 -1.00000 0.00000
1617900345272356 -0.01522 0.99988 0.00000 -23.11767 0.99988 0.01522 0.00000 68.12122 0.00000 0.00000 -1.00000 0.00000
1617900345522357 -0.01047 0.99995 0.00000 -24.22267 0.99995 0.01047 0.00000 68.17977 0.00000 0.00000 -1.00000 0.00000
1617900345772361 -0.00303 1.00000 0.00000 -25.26686 1.00000 0.00303 0.00000 68.27090 0.00000 0.00000 -1.00000 0.00000
1617900346022367 0.00729 0.99997 0.00000 -26.05647 0.99997 -0.00729 0.00000 68.57853 0.00000 -0.00000 -1.00000 0.00000
1617900346272371 0.01939 0.99981 -0.00000 -26.92143 0.99981 -0.01939 0.00000 68.86992 0.00000 -0.00000 -1.00000 0.00000
1617900346521749 0.01900 0.99982 0.00000 -28.54215 0.99982 -0.01900 0.00000 68.77416 0.00000 -0.00000 -1.00000 0.00000
1617900346771754 0.03778 0.99929 0.00000 -28.88678 0.99929 -0.03778 0.00000 69.28029 0.00000 -0.00000 -1.00000 0.00000
1617900347021764 0.04664 0.99891 0.00000 -29.99396 0.99891 -0.04664 0.00000 69.61776 0.00000 -0.00000 -1.00000 0.00000
1617900347271770 0.05901 0.99826 0.00000 -30.85897 0.99826 -0.05901 0.00000 69.79098 0.00000 -0.00000 -1.00000 0.00000
1617900347521773 0.07205 0.99740 -0.00000 -31.77293 0.99740 -0.07205 0.00000 70.26784 0.00000 -0.00000 -1.00000 0.00000
1617900347773020 0.09691 0.99529 0.00000 -31.82766 0.99529 -0.09691 0.00000 70.91742 0.00000 -0.00000 -1.00000 0.00000
1617900348023642 0.12211 0.99252 0.00000 -31.83775 0.99252 -0.12211 0.00000 71.76037 0.00000 -0.00000 -1.00000 0.00000
1617900348273029 0.14173 0.98991 0.00000 -32.25952 0.98991 -0.14173 0.00000 72.30813 0.00000 -0.00000 -1.00000 0.00000
1617900348523036 0.16794 0.98580 0.00000 -32.22760 0.98580 -0.16794 0.00000 73.05421 0.00000 -0.00000 -1.00000 0.00000
1617900348772407 0.18127 0.98343 0.00000 -33.06960 0.98343 -0.18127 0.00000 73.49297 0.00000 -0.00000 -1.00000 0.00000
1617900349021785 0.18815 0.98214 -0.00000 -34.38403 0.98214 -0.18815 0.00000 73.62771 0.00000 -0.00000 -1.00000 0.00000
1617900349271800 0.19648 0.98051 0.00000 -35.65406 0.98051 -0.19648 0.00000 73.96549 0.00000 -0.00000 -1.00000 0.00000
1617900349521174 0.18250 0.98321 0.00000 -38.61653 0.98321 -0.18250 0.00000 73.41309 0.00000 -0.00000 -1.00000 0.00000
1617900349771178 0.16397 0.98647 0.00000 -41.91708 0.98647 -0.16397 0.00000 72.62065 0.00000 -0.00000 -1.00000 0.00000
1617900350021805 0.14025 0.99012 -0.00000 -45.53029 0.99012 -0.14025 0.00000 71.49174 0.00000 -0.00000 -1.00000 0.00000
1617900350273058 0.12483 0.99218 0.00000 -48.69702 0.99218 -0.12483 0.00000 70.88588 0.00000 -0.00000 -1.00000 0.00000
1617900350523063 0.09706 0.99528 0.00000 -52.58698 0.99528 -0.09706 0.00000 69.44729 0.00000 -0.00000 -1.00000 0.00000
1617900350773072 0.07567 0.99713 0.00000 -56.06877 0.99713 -0.07567 0.00000 68.20658 0.00000 -0.00000 -1.00000 0.00000
1617900351023075 0.06159 0.99810 -0.00000 -58.98584 0.99810 -0.06159 0.00000 67.45966 0.00000 -0.00000 -1.00000 0.00000
1617900351272454 0.04427 0.99902 0.00000 -62.07163 0.99902 -0.04427 0.00000 66.35425 0.00000 -0.00000 -1.00000 0.00000
1617900351522459 0.03553 0.99937 0.00000 -64.59535 0.99937 -0.03553 0.00000 65.76274 0.00000 -0.00000 -1.00000 0.00000
1617900351772463 0.02782 0.99961 -0.00000 -67.01274 0.99961 -0.02782 0.00000 65.17049 0.00000 -0.00000 -1.00000 0.00000
1617900352021840 0.03045 0.99954 0.00000 -68.71862 0.99954 -0.03045 0.00000 65.37729 0.00000 -0.00000 -1.00000 0.00000
1617900352271852 0.03141 0.99951 0.00000 -70.50252 0.99951 -0.03141 0.00000 65.46193 0.00000 -0.00000 -1.00000 0.00000
1617900352521850 0.03649 0.99933 0.00000 -72.13136 0.99933 -0.03649 0.00000 65.78885 0.00000 -0.00000 -1.00000 0.00000
1617900352771850 0.04790 0.99885 -0.00000 -73.10719 0.99885 -0.04790 0.00000 66.59682 0.00000 -0.00000 -1.00000 0.00000
1617900353022479 0.05996 0.99820 0.00000 -74.20517 0.99820 -0.05996 0.00000 67.52622 0.00000 -0.00000 -1.00000 0.00000
1617900353272492 0.06520 0.99787 0.00000 -75.58239 0.99787 -0.06520 0.00000 67.83549 0.00000 -0.00000 -1.00000 0.00000
1617900353522494 0.06196 0.99808 0.00000 -77.53029 0.99808 -0.06196 0.00000 67.52707 0.00000 -0.00000 -1.00000 0.00000
1617900353772495 0.04308 0.99907 0.00000 -80.54445 0.99907 -0.04308 0.00000 65.96780 0.00000 -0.00000 -1.00000 0.00000
1617900354021868 -0.00592 0.99998 0.00000 -85.32905 0.99998 0.00592 0.00000 62.00125 0.00000 0.00000 -1.00000 0.00000
