1564718064522290 0.99929 0.03780 -0.00000 -3.31059 -0.03780 0.99929 0.00000 -0.09075 0.00000 -0.00000 1.00000 0.00000
1564718064773446 0.99920 0.04005 -0.00000 -4.01193 -0.04005 0.99920 0.00000 -0.06835 0.00000 -0.00000 1.00000 0.00000
1564718065024058 0.99918 0.04047 -0.00000 -4.81396 -0.04047 0.99918 0.00000 -0.06458 0.00000 -0.00000 1.00000 0.00000
1564718065275160 0.99903 0.04399 -0.00000 -5.66924 -0.04399 0.99903 0.00000 -0.07771 0.00000 -0.00000 1.00000 0.00000
1564718065526095 0.99892 0.04647 -0.00000 -6.58971 -0.04647 0.99892 0.00000 -0.06409 0.00000 -0.00000 1.00000 0.00000
1564718065777085 0.99878 0.04936 -0.00000 -7.58118 -0.04936 0.99878 0.00000 -0.04974 0.00000 -0.00000 1.00000 0.00000
1564718066027766 0.99863 0.05227 -0.00000 -8.65070 -0.05227 0.99863 0.00000 -0.04715 0.00000 -0.00000 1.00000 0.00000
1564718066277853 0.99848 0.05508 -0.00000 -9.77502 -0.05508 0.99848 0.00000 -0.04064 0.00000 -0.00000 1.00000 0.00000
1564718066529443 0.99832 0.05803 -0.00000 -10.96778 -0.05803 0.99832 0.00000 -0.02117 0.00000 -0.00000 1.00000 0.00000
1564718066780102 0.99812 0.06124 -0.00000 -12.25562 -0.06124 0.99812 0.00000 0.02543 0.00000 -0.00000 1.00000 0.00000
1564718067031026 0.99787 0.06523 -0.00000 -13.60052 -0.06523 0.99787 0.00000 0.03164 0.00000 -0.00000 1.00000 0.00000
1564718067281601 0.99775 0.06703 -0.00000 -15.03133 -0.06703 0.99775 0.00000 0.04542 0.00000 -0.00000 1.00000 0.00000
1564718067532607 0.99769 0.06792 -0.00000 -16.50394 -0.06792 0.99769 0.00000 0.05629 0.00000 -0.00000 1.00000 0.00000
1564718067783895 0.99761 0.06904 -0.00000 -18.08366 -0.06904 0.99761 0.00000 0.06434 0.00000 -0.00000 1.00000 0.00000
1564718068034450 0.99747 0.07104 -0.00000 -19.68702 -0.07104 0.99747 0.00000 0.08680 0.00000 -0.00000 1.00000 0.00000
1564718068285200 0.99757 0.06961 -0.00000 -21.39333 -0.06961 0.99757 0.00000 -0.01110 0.00000 -0.00000 1.00000 0.00000
1564718068536768 0.99781 0.06613 -0.00000 -23.14145 -0.06613 0.99781 0.00000 -0.04191 0.00000 -0.00000 1.00000 0.00000
1564718068787068 0.99805 0.06236 -0.00000 -24.97496 -0.06236 0.99805 0.00000 -0.12135 0.00000 -0.00000 1.00000 0.00000
1564718069037566 0.99829 0.05851 -0.00000 -26.85464 -0.05851 0.99829 0.00000 -0.20634 0.00000 -0.00000 1.00000 0.00000
1564718069288272 0.99859 0.05314 -0.00000 -28.80541 -0.05314 0.99859 0.00000 -0.30496 0.00000 -0.00000 1.00000 0.00000
1564718069538701 0.99863 0.05225 -0.00000 -30.80709 -0.05225 0.99863 0.00000 -0.36338 0.00000 -0.00000 1.00000 0.00000
1564718069789653 0.99873 0.05030 -0.00000 -32.87108 -0.05030 0.99873 0.00000 -0.39173 0.00000 -0.00000 1.00000 0.00000
1564718070040274 0.99861 0.05272 -0.00000 -34.99169 -0.05272 0.99861 0.00000 -0.35494 0.00000 -0.00000 1.00000 0.00000
1564718070290894 0.99862 0.05258 -0.00000 -37.17707 -0.05258 0.99862 0.00000 -0.32173 0.00000 -0.00000 1.00000 0.00000
1564718070541490 0.99853 0.05412 -0.00000 -39.42684 -0.05412 0.99853 0.00000 -0.27939 0.00000 -0.00000 1.00000 0.00000
1564718070792569 0.99840 0.05652 -0.00000 -41.72466 -0.05652 0.99840 0.00000 -0.17949 0.00000 -0.00000 1.00000 0.00000
1564718071043130 0.99806 0.06221 -0.00000 -44.04636 -0.06221 0.99806 0.00000 0.09585 0.00000 -0.00000 1.00000 0.00000
1564718071294492 0.99747 0.07114 -0.00000 -46.47957 -0.07114 0.99747 0.00000 0.50351 0.00000 -0.00000 1.00000 0.00000
1564718071544659 0.99687 0.07902 -0.00000 -48.92445 -0.07902 0.99687 0.00000 0.85014 0.00000 -0.00000 1.00000 0.00000
1564718071794910 0.99616 0.08756 -0.00000 -51.39155 -0.08756 0.99616 0.00000 1.29784 0.00000 -0.00000 1.00000 0.00000
1564718072045313 0.99492 0.10064 -0.00000 -53.95871 -0.10064 0.99492 0.00000 1.91987 0.00000 -0.00000 1.00000 0.00000
1564718072295742 0.99370 0.11211 -0.00000 -56.51841 -0.11211 0.99370 0.00000 2.55512 0.00000 -0.00000 1.00000 0.00000
1564718072545539 0.99208 0.12557 -0.00000 -59.18215 -0.12557 0.99208 0.00000 3.30451 0.00000 -0.00000 1.00000 0.00000
1564718072796155 0.99040 0.13822 -0.00000 -61.81172 -0.13822 0.99040 0.00000 4.02375 0.00000 -0.00000 1.00000 0.00000
1564718073048253 0.98887 0.14879 -0.00000 -64.48885 -0.14879 0.98887 0.00000 4.66952 0.00000 -0.00000 1.00000 0.00000
1564718073299128 0.98763 0.15681 -0.00000 -67.25755 -0.15681 0.98763 0.00000 5.17931 0.00000 -0.00000 1.00000 0.00000
1564718073550171 0.98687 0.16149 -0.00000 -70.06563 -0.16149 0.98687 0.00000 5.48554 0.00000 -0.00000 1.00000 0.00000
1564718073800215 0.98680 0.16196 -0.00000 -72.96344 -0.16196 0.98680 0.00000 5.53300 0.00000 -0.00000 1.00000 0.00000
1564718074050237 0.98663 0.16300 -0.00000 -75.89875 -0.16300 0.98663 0.00000 5.59760 0.00000 -0.00000 1.00000 0.00000
1564718074301135 0.98763 0.15681 -0.00000 -78.91391 -0.15681 0.98763 0.00000 5.12629 0.00000 -0.00000 1.00000 0.00000
1564718074551084 0.98808 0.15396 -0.00000 -81.92752 -0.15396 0.98808 0.00000 4.95672 0.00000 -0.00000 1.00000 0.00000
1564718074801932 0.98964 0.14358 -0.00000 -85.10819 -0.14358 0.98964 0.00000 4.12062 0.00000 -0.00000 1.00000 0.00000
1564718075052888 0.99008 0.14053 -0.00000 -88.24275 -0.14053 0.99008 0.00000 3.85195 0.00000 -0.00000 1.00000 0.00000
1564718075302085 0.99077 0.13558 -0.00000 -91.41270 -0.13558 0.99077 0.00000 3.43772 0.00000 -0.00000 1.00000 0.00000
1564718075552626 0.99158 0.12948 -0.00000 -94.61085 -0.12948 0.99158 0.00000 2.89297 0.00000 -0.00000 1.00000 0.00000
1564718075803334 0.99201 0.12614 -0.00000 -97.81156 -0.12614 0.99201 0.00000 2.56939 0.00000 -0.00000 1.00000 0.00000
1564718076053995 0.99231 0.12381 -0.00000 -101.01351 -0.12381 0.99231 0.00000 2.37737 0.00000 -0.00000 1.00000 0.00000
1564718076303805 0.99246 0.12259 -0.00000 -104.22485 -0.12259 0.99246 0.00000 2.23536 0.00000 -0.00000 1.00000 0.00000
1564718076555029 0.99302 0.11793 -0.00000 -107.41976 -0.11793 0.99302 0.00000 1.71394 0.00000 -0.00000 1.00000 0.00000
1564718076805964 0.99277 0.12006 -0.00000 -110.58219 -0.12006 0.99277 0.00000 1.96083 0.00000 -0.00000 1.00000 0.00000
1564718077055969 0.99326 0.11588 -0.00000 -113.75707 -0.11588 0.99326 0.00000 1.46991 0.00000 -0.00000 1.00000 0.00000
1564718077305530 0.99348 0.11397 -0.00000 -116.89091 -0.11397 0.99348 0.00000 1.24977 0.00000 -0.00000 1.00000 0.00000
1564718077557178 0.99371 0.11195 -0.00000 -120.03253 -0.11195 0.99371 0.00000 0.96004 0.00000 -0.00000 1.00000 0.00000
1564718077807365 0.99380 0.11117 -0.00000 -123.17642 -0.11117 0.99380 0.00000 0.87546 0.00000 -0.00000 1.00000 0.00000
1564718078058083 0.99356 0.11333 -0.00000 -126.31875 -0.11333 0.99356 0.00000 1.18249 0.00000 -0.00000 1.00000 0.00000
1564718078308250 0.99341 0.11464 -0.00000 -129.45607 -0.11464 0.99341 0.00000 1.29122 0.00000 -0.00000 1.00000 0.00000
1564718078559032 0.99328 0.11576 -0.00000 -132.56737 -0.11576 0.99328 0.00000 1.47593 0.00000 -0.00000 1.00000 0.00000
1564718078809561 0.99323 0.11614 -0.00000 -135.68235 -0.11614 0.99323 0.00000 1.49421 0.00000 -0.00000 1.00000 0.00000
1564718079060613 0.99330 0.11555 -0.00000 -138.82106 -0.11555 0.99330 0.00000 1.44086 0.00000 -0.00000 1.00000 0.00000
1564718079310959 0.99354 0.11350 -0.00000 -141.93928 -0.11350 0.99354 0.00000 1.11838 0.00000 -0.00000 1.00000 0.00000
1564718079561567 0.99372 0.11193 -0.00000 -145.04148 -0.11193 0.99372 0.00000 0.88870 0.00000 -0.00000 1.00000 0.00000
1564718079812150 0.99378 0.11134 -0.00000 -148.15448 -0.11134 0.99378 0.00000 0.80714 0.00000 -0.00000 1.00000 0.00000
1564718080062783 0.99356 0.11330 -0.00000 -151.28620 -0.11330 0.99356 0.00000 1.09787 0.00000 -0.00000 1.00000 0.00000
1564718080313697 0.99363 0.11271 -0.00000 -154.42273 -0.11271 0.99363 0.00000 0.96541 0.00000 -0.00000 1.00000 0.00000
1564718080564076 0.99381 0.11112 -0.00000 -157.50544 -0.11112 0.99381 0.00000 0.74873 0.00000 -0.00000 1.00000 0.00000
1564718080814351 0.99414 0.10809 -0.00000 -160.62229 -0.10809 0.99414 0.00000 0.23836 0.00000 -0.00000 1.00000 0.00000
1564718081064446 0.99429 0.10674 -0.00000 -163.72170 -0.10674 0.99429 0.00000 0.05512 0.00000 -0.00000 1.00000 0.00000
1564718081315381 0.99425 0.10704 -0.00000 -166.79827 -0.10704 0.99425 0.00000 0.07690 0.00000 -0.00000 1.00000 0.00000
1564718081566143 0.99411 0.10833 -0.00000 -169.91733 -0.10833 0.99411 0.00000 0.31820 0.00000 -0.00000 1.00000 0.00000
1564718081815273 0.99407 0.10874 -0.00000 -172.98771 -0.10874 0.99407 0.00000 0.38063 0.00000 -0.00000 1.00000 0.00000
1564718082065743 0.99402 0.10923 -0.00000 -176.09968 -0.10923 0.99402 0.00000 0.45698 0.00000 -0.00000 1.00000 0.00000
1564718082319254 0.99409 0.10855 -0.00000 -179.20875 -0.10855 0.99409 0.00000 0.31051 0.00000 -0.00000 1.00000 0.00000
1564718082567655 0.99385 0.11075 -0.00000 -182.30939 -0.11075 0.99385 0.00000 0.70430 0.00000 -0.00000 1.00000 0.00000
1564718082818233 0.99399 0.10947 -0.00000 -185.42853 -0.10947 0.99399 0.00000 0.48527 0.00000 -0.00000 1.00000 0.00000
1564718083068899 0.99376 0.11157 -0.00000 -188.55830 -0.11157 0.99376 0.00000 0.86915 0.00000 -0.00000 1.00000 0.00000
1564718083319443 0.99397 0.10968 -0.00000 -191.67896 -0.10968 0.99397 0.00000 0.48050 0.00000 -0.00000 1.00000 0.00000
1564718083569041 0.99444 0.10528 -0.00000 -194.78794 -0.10528 0.99444 0.00000 -0.45449 0.00000 -0.00000 1.00000 0.00000
1564718083820122 0.99440 0.10572 -0.00000 -197.94083 -0.10572 0.99440 0.00000 -0.32126 0.00000 -0.00000 1.00000 0.00000
1564718084070321 0.99453 0.10449 -0.00000 -201.05741 -0.10449 0.99453 0.00000 -0.58502 0.00000 -0.00000 1.00000 0.00000
1564718084320495 0.99468 0.10301 -0.00000 -204.20396 -0.10301 0.99468 0.00000 -0.91530 0.00000 -0.00000 1.00000 0.00000
1564718084571461 0.99438 0.10588 -0.00000 -207.36866 -0.10588 0.99438 0.00000 -0.33668 0.00000 -0.00000 1.00000 0.00000
1564718084821735 0.99418 0.10771 -0.00000 -210.53925 -0.10771 0.99418 0.00000 -0.03444 0.00000 -0.00000 1.00000 0.00000
1564718085071832 0.99406 0.10886 -0.00000 -213.67383 -0.10886 0.99406 0.00000 0.19571 0.00000 -0.00000 1.00000 0.00000
1564718085322598 0.99424 0.10719 -0.00000 -216.84472 -0.10719 0.99424 0.00000 -0.15607 0.00000 -0.00000 1.00000 0.00000
1564718085572697 0.99425 0.10711 -0.00000 -219.96973 -0.10711 0.99425 0.00000 -0.17832 0.00000 -0.00000 1.00000 0.00000
1564718085822948 0.99443 0.10542 -0.00000 -223.11278 -0.10542 0.99443 0.00000 -0.53636 0.00000 -0.00000 1.00000 0.00000
1564718086073208 0.99446 0.10507 -0.00000 -226.19055 -0.10507 0.99446 0.00000 -0.64335 0.00000 -0.00000 1.00000 0.00000
1564718086323461 0.99489 0.10095 -0.00000 -229.29568 -0.10095 0.99489 0.00000 -1.55953 0.00000 -0.00000 1.00000 0.00000
1564718086573605 0.99510 0.09883 -0.00000 -232.36615 -0.09883 0.99510 0.00000 -2.06086 0.00000 -0.00000 1.00000 0.00000
1564718086823618 0.99555 0.09419 -0.00000 -235.37578 -0.09419 0.99555 0.00000 -3.22905 0.00000 -0.00000 1.00000 0.00000
1564718087073680 0.99564 0.09327 -0.00000 -238.44007 -0.09327 0.99564 0.00000 -3.40571 0.00000 -0.00000 1.00000 0.00000
1564718087324440 0.99558 0.09392 -0.00000 -241.47999 -0.09392 0.99558 0.00000 -3.28717 0.00000 -0.00000 1.00000 0.00000
1564718087574699 0.99539 0.09595 -0.00000 -244.54383 -0.09595 0.99539 0.00000 -2.83490 0.00000 -0.00000 1.00000 0.00000
1564718087824904 0.99513 0.09860 -0.00000 -247.58399 -0.09860 0.99513 0.00000 -2.18842 0.00000 -0.00000 1.00000 0.00000
1564718088074674 0.99517 0.09818 -0.00000 -250.65115 -0.09818 0.99517 0.00000 -2.36609 0.00000 -0.00000 1.00000 0.00000
1564718088325298 0.99510 0.09891 -0.00000 -253.67799 -0.09891 0.99510 0.00000 -2.20342 0.00000 -0.00000 1.00000 0.00000
1564718088575838 0.99483 0.10158 -0.00000 -256.70608 -0.10158 0.99483 0.00000 -1.55308 0.00000 -0.00000 1.00000 0.00000
1564718088825903 0.99411 0.10837 -0.00000 -259.77277 -0.10837 0.99411 0.00000 0.24254 0.00000 -0.00000 1.00000 0.00000
1564718089076055 0.99366 0.11242 -0.00000 -262.81466 -0.11242 0.99366 0.00000 1.33650 0.00000 -0.00000 1.00000 0.00000
1564718089325792 0.99359 0.11305 -0.00000 -265.86497 -0.11305 0.99359 0.00000 1.45016 0.00000 -0.00000 1.00000 0.00000
1564718089579252 0.99332 0.11542 -0.00000 -268.85740 -0.11542 0.99332 0.00000 2.07331 0.00000 -0.00000 1.00000 0.00000
1564718089828377 0.99359 0.11307 -0.00000 -271.92515 -0.11307 0.99359 0.00000 1.49137 0.00000 -0.00000 1.00000 0.00000
1564718090077722 0.99389 0.11034 -0.00000 -274.89092 -0.11034 0.99389 0.00000 0.68968 0.00000 -0.00000 1.00000 0.00000
1564718090329316 0.99426 0.10700 -0.00000 -277.85802 -0.10700 0.99426 0.00000 -0.23101 0.00000 -0.00000 1.00000 0.00000
1564718090578571 0.99448 0.10492 -0.00000 -280.78146 -0.10492 0.99448 0.00000 -0.83062 0.00000 -0.00000 1.00000 0.00000
1564718090827852 0.99456 0.10414 -0.00000 -283.69939 -0.10414 0.99456 0.00000 -1.01352 0.00000 -0.00000 1.00000 0.00000
1564718091078629 0.99463 0.10352 -0.00000 -286.64492 -0.10352 0.99463 0.00000 -1.27047 0.00000 -0.00000 1.00000 0.00000
1564718091329527 0.99470 0.10285 -0.00000 -289.55820 -0.10285 0.99470 0.00000 -1.44985 0.00000 -0.00000 1.00000 0.00000
1564718091579353 0.99471 0.10271 -0.00000 -292.43666 -0.10271 0.99471 0.00000 -1.51132 0.00000 -0.00000 1.00000 0.00000
1564718091829471 0.99472 0.10261 -0.00000 -295.37760 -0.10261 0.99472 0.00000 -1.51537 0.00000 -0.00000 1.00000 0.00000
1564718092079487 0.99479 0.10190 -0.00000 -298.29618 -0.10190 0.99479 0.00000 -1.73708 0.00000 -0.00000 1.00000 0.00000
1564718092329829 0.99484 0.10148 -0.00000 -301.24938 -0.10148 0.99484 0.00000 -1.82423 0.00000 -0.00000 1.00000 0.00000
1564718092580712 0.99485 0.10139 -0.00000 -304.18122 -0.10139 0.99485 0.00000 -1.90080 0.00000 -0.00000 1.00000 0.00000
1564718092830711 0.99476 0.10226 -0.00000 -307.15265 -0.10226 0.99476 0.00000 -1.59248 0.00000 -0.00000 1.00000 0.00000
1564718093081320 0.99492 0.10066 -0.00000 -310.12348 -0.10066 0.99492 0.00000 -2.05925 0.00000 -0.00000 1.00000 0.00000
1564718093331445 0.99484 0.10144 -0.00000 -313.12591 -0.10144 0.99484 0.00000 -1.85575 0.00000 -0.00000 1.00000 0.00000
1564718093582419 0.99452 0.10455 -0.00000 -316.16237 -0.10455 0.99452 0.00000 -0.88609 0.00000 -0.00000 1.00000 0.00000
1564718093832659 0.99461 0.10371 -0.00000 -319.20775 -0.10371 0.99461 0.00000 -1.18472 0.00000 -0.00000 1.00000 0.00000
1564718094083776 0.99461 0.10368 -0.00000 -322.28549 -0.10368 0.99461 0.00000 -1.19780 0.00000 -0.00000 1.00000 0.00000
1564718094333896 0.99462 0.10364 -0.00000 -325.39317 -0.10364 0.99462 0.00000 -1.20324 0.00000 -0.00000 1.00000 0.00000
1564718094583612 0.99435 0.10611 -0.00000 -328.49161 -0.10611 0.99435 0.00000 -0.48548 0.00000 -0.00000 1.00000 0.00000
1564718094834631 0.99426 0.10701 -0.00000 -331.67139 -0.10701 0.99426 0.00000 -0.14079 0.00000 -0.00000 1.00000 0.00000
1564718095085174 0.99441 0.10563 -0.00000 -334.88410 -0.10563 0.99441 0.00000 -0.56045 0.00000 -0.00000 1.00000 0.00000
1564718095335554 0.99435 0.10617 -0.00000 -338.12329 -0.10617 0.99435 0.00000 -0.36201 0.00000 -0.00000 1.00000 0.00000
1564718095585776 0.99407 0.10877 -0.00000 -341.39110 -0.10877 0.99407 0.00000 0.54326 0.00000 -0.00000 1.00000 0.00000
1564718095835890 0.99395 0.10984 -0.00000 -344.68641 -0.10984 0.99395 0.00000 0.89826 0.00000 -0.00000 1.00000 0.00000
1564718096085685 0.99404 0.10898 -0.00000 -347.99535 -0.10898 0.99404 0.00000 0.63111 0.00000 -0.00000 1.00000 0.00000
1564718096335247 0.99379 0.11125 -0.00000 -351.33513 -0.11125 0.99379 0.00000 1.40419 0.00000 -0.00000 1.00000 0.00000
1564718096585691 0.99359 0.11303 -0.00000 -354.69639 -0.11303 0.99359 0.00000 2.02392 0.00000 -0.00000 1.00000 0.00000
1564718096835677 0.99368 0.11226 -0.00000 -358.10187 -0.11226 0.99368 0.00000 1.69112 0.00000 -0.00000 1.00000 0.00000
1564718097086285 0.99354 0.11346 -0.00000 -361.55211 -0.11346 0.99354 0.00000 2.14187 0.00000 -0.00000 1.00000 0.00000
1564718097338807 0.99358 0.11312 -0.00000 -365.00565 -0.11312 0.99358 0.00000 2.02242 0.00000 -0.00000 1.00000 0.00000
1564718097588621 0.99370 0.11207 -0.00000 -368.50034 -0.11207 0.99370 0.00000 1.65246 0.00000 -0.00000 1.00000 0.00000
1564718097838988 0.99388 0.11045 -0.00000 -371.99610 -0.11045 0.99388 0.00000 1.08135 0.00000 -0.00000 1.00000 0.00000
1564718098089457 0.99399 0.10948 -0.00000 -375.55190 -0.10948 0.99399 0.00000 0.75237 0.00000 -0.00000 1.00000 0.00000
1564718098340120 0.99401 0.10932 -0.00000 -379.10654 -0.10932 0.99401 0.00000 0.67914 0.00000 -0.00000 1.00000 0.00000
1564718098590252 0.99412 0.10827 -0.00000 -382.65737 -0.10827 0.99412 0.00000 0.26447 0.00000 -0.00000 1.00000 0.00000
1564718098840429 0.99429 0.10675 -0.00000 -386.25963 -0.10675 0.99429 0.00000 -0.24540 0.00000 -0.00000 1.00000 0.00000
1564718099090360 0.99456 0.10413 -0.00000 -389.89429 -0.10413 0.99456 0.00000 -1.25562 0.00000 -0.00000 1.00000 0.00000
1564718099340175 0.99445 0.10519 -0.00000 -393.50853 -0.10519 0.99445 0.00000 -0.81536 0.00000 -0.00000 1.00000 0.00000
1564718099590172 0.99422 0.10736 -0.00000 -397.15569 -0.10736 0.99422 0.00000 0.01333 0.00000 -0.00000 1.00000 0.00000
1564718099840094 0.99426 0.10704 -0.00000 -400.80033 -0.10704 0.99426 0.00000 -0.14540 0.00000 -0.00000 1.00000 0.00000
1564718100090325 0.99426 0.10697 -0.00000 -404.38496 -0.10697 0.99426 0.00000 -0.18675 0.00000 -0.00000 1.00000 0.00000
1564718100340241 0.99452 0.10459 -0.00000 -408.02143 -0.10459 0.99452 0.00000 -1.13875 0.00000 -0.00000 1.00000 0.00000
1564718100590871 0.99451 0.10462 -0.00000 -411.60932 -0.10462 0.99451 0.00000 -1.05861 0.00000 -0.00000 1.00000 0.00000
1564718100841705 0.99411 0.10841 -0.00000 -415.23477 -0.10841 0.99411 0.00000 0.48529 0.00000 -0.00000 1.00000 0.00000
1564718101091550 0.99371 0.11199 -0.00000 -418.85027 -0.11199 0.99371 0.00000 2.00569 0.00000 -0.00000 1.00000 0.00000
1564718101341893 0.99341 0.11458 -0.00000 -422.49166 -0.11458 0.99341 0.00000 3.08478 0.00000 -0.00000 1.00000 0.00000
1564718101591656 0.99331 0.11550 -0.00000 -426.12744 -0.11550 0.99331 0.00000 3.41087 0.00000 -0.00000 1.00000 0.00000
1564718101842633 0.99361 0.11289 -0.00000 -429.79779 -0.11289 0.99361 0.00000 2.31269 0.00000 -0.00000 1.00000 0.00000
1564718102093265 0.99366 0.11242 -0.00000 -433.43583 -0.11242 0.99366 0.00000 2.13948 0.00000 -0.00000 1.00000 0.00000
1564718102342988 0.99360 0.11294 -0.00000 -437.11858 -0.11294 0.99360 0.00000 2.42161 0.00000 -0.00000 1.00000 0.00000
1564718102593682 0.99375 0.11166 -0.00000 -440.74433 -0.11166 0.99375 0.00000 1.91506 0.00000 -0.00000 1.00000 0.00000
1564718102843575 0.99381 0.11110 -0.00000 -444.45772 -0.11110 0.99381 0.00000 1.45976 0.00000 -0.00000 1.00000 0.00000
1564718103094153 0.99368 0.11221 -0.00000 -448.11561 -0.11221 0.99368 0.00000 2.13309 0.00000 -0.00000 1.00000 0.00000
1564718103344428 0.99376 0.11157 -0.00000 -451.81675 -0.11157 0.99376 0.00000 1.82783 0.00000 -0.00000 1.00000 0.00000
1564718103594763 0.99387 0.11058 -0.00000 -455.51803 -0.11058 0.99387 0.00000 1.34987 0.00000 -0.00000 1.00000 0.00000
1564718103844791 0.99403 0.10915 -0.00000 -459.23842 -0.10915 0.99403 0.00000 0.61696 0.00000 -0.00000 1.00000 0.00000
1564718104095305 0.99393 0.10997 -0.00000 -462.95100 -0.10997 0.99393 0.00000 1.10860 0.00000 -0.00000 1.00000 0.00000
1564718104345651 0.99396 0.10978 -0.00000 -466.68621 -0.10978 0.99396 0.00000 0.98953 0.00000 -0.00000 1.00000 0.00000
1564718104595311 0.99403 0.10913 -0.00000 -470.42628 -0.10913 0.99403 0.00000 0.64940 0.00000 -0.00000 1.00000 0.00000
1564718104845231 0.99384 0.11084 -0.00000 -474.16516 -0.11084 0.99384 0.00000 1.48217 0.00000 -0.00000 1.00000 0.00000
1564718105096130 0.99367 0.11231 -0.00000 -477.91255 -0.11231 0.99367 0.00000 2.15725 0.00000 -0.00000 1.00000 0.00000
1564718105344976 0.99364 0.11263 -0.00000 -481.67163 -0.11263 0.99364 0.00000 2.38707 0.00000 -0.00000 1.00000 0.00000
1564718105595309 0.99329 0.11564 -0.00000 -485.43643 -0.11564 0.99329 0.00000 3.76411 0.00000 -0.00000 1.00000 0.00000
1564718105845521 0.99327 0.11586 -0.00000 -489.20307 -0.11586 0.99327 0.00000 3.99966 0.00000 -0.00000 1.00000 0.00000
1564718106095346 0.99299 0.11818 -0.00000 -492.92933 -0.11818 0.99299 0.00000 5.06729 0.00000 -0.00000 1.00000 0.00000
1564718106345844 0.99312 0.11714 -0.00000 -496.65219 -0.11714 0.99312 0.00000 4.64224 0.00000 -0.00000 1.00000 0.00000
1564718106597320 0.99300 0.11813 -0.00000 -500.37464 -0.11813 0.99300 0.00000 5.00528 0.00000 -0.00000 1.00000 0.00000
1564718106846393 0.99326 0.11588 -0.00000 -504.03415 -0.11588 0.99326 0.00000 3.90096 0.00000 -0.00000 1.00000 0.00000
1564718107096755 0.99351 0.11375 -0.00000 -507.69832 -0.11375 0.99351 0.00000 2.78543 0.00000 -0.00000 1.00000 0.00000
1564718107347458 0.99329 0.11561 -0.00000 -511.35714 -0.11561 0.99329 0.00000 3.72777 0.00000 -0.00000 1.00000 0.00000
1564718107597650 0.99330 0.11556 -0.00000 -515.01181 -0.11556 0.99330 0.00000 3.61210 0.00000 -0.00000 1.00000 0.00000
1564718107847996 0.99349 0.11396 -0.00000 -518.64739 -0.11396 0.99349 0.00000 2.69677 0.00000 -0.00000 1.00000 0.00000
1564718108097632 0.99352 0.11365 -0.00000 -522.25196 -0.11365 0.99352 0.00000 2.54524 0.00000 -0.00000 1.00000 0.00000
1564718108348625 0.99339 0.11478 -0.00000 -525.87012 -0.11478 0.99339 0.00000 3.21022 0.00000 -0.00000 1.00000 0.00000
1564718108598717 0.99349 0.11393 -0.00000 -529.50193 -0.11393 0.99349 0.00000 2.66829 0.00000 -0.00000 1.00000 0.00000
1564718108849719 0.99349 0.11393 -0.00000 -533.14984 -0.11393 0.99349 0.00000 2.62102 0.00000 -0.00000 1.00000 0.00000
1564718109099146 0.99337 0.11498 -0.00000 -536.75925 -0.11498 0.99337 0.00000 3.23313 0.00000 -0.00000 1.00000 0.00000
1564718109349239 0.99344 0.11433 -0.00000 -540.39118 -0.11433 0.99344 0.00000 2.74657 0.00000 -0.00000 1.00000 0.00000
1564718109599730 0.99337 0.11493 -0.00000 -544.03238 -0.11493 0.99337 0.00000 3.21001 0.00000 -0.00000 1.00000 0.00000
1564718109849920 0.99315 0.11684 -0.00000 -547.63309 -0.11684 0.99315 0.00000 4.26146 0.00000 -0.00000 1.00000 0.00000
1564718110100171 0.99294 0.11860 -0.00000 -551.26761 -0.11860 0.99294 0.00000 5.22879 0.00000 -0.00000 1.00000 0.00000
1564718110350229 0.99306 0.11763 -0.00000 -554.88139 -0.11763 0.99306 0.00000 4.74873 0.00000 -0.00000 1.00000 0.00000
1564718110600179 0.99297 0.11836 -0.00000 -558.52893 -0.11836 0.99297 0.00000 5.16503 0.00000 -0.00000 1.00000 0.00000
1564718110850402 0.99308 0.11746 -0.00000 -562.16248 -0.11746 0.99308 0.00000 4.72547 0.00000 -0.00000 1.00000 0.00000
1564718111101025 0.99315 0.11685 -0.00000 -565.81422 -0.11685 0.99315 0.00000 4.38499 0.00000 -0.00000 1.00000 0.00000
1564718111351288 0.99339 0.11481 -0.00000 -569.50730 -0.11481 0.99339 0.00000 3.26853 0.00000 -0.00000 1.00000 0.00000
1564718111601180 0.99297 0.11833 -0.00000 -573.11073 -0.11833 0.99297 0.00000 5.32316 0.00000 -0.00000 1.00000 0.00000
1564718111851831 0.99327 0.11586 -0.00000 -576.76190 -0.11586 0.99327 0.00000 3.84809 0.00000 -0.00000 1.00000 0.00000
1564718112101965 0.99305 0.11770 -0.00000 -580.39058 -0.11770 0.99305 0.00000 4.97407 0.00000 -0.00000 1.00000 0.00000
1564718112352761 0.99310 0.11723 -0.00000 -584.08082 -0.11723 0.99310 0.00000 4.61853 0.00000 -0.00000 1.00000 0.00000
1564718112602635 0.99266 0.12096 -0.00000 -587.75007 -0.12096 0.99266 0.00000 6.94180 0.00000 -0.00000 1.00000 0.00000
1564718112852836 0.99310 0.11727 -0.00000 -591.49279 -0.11727 0.99310 0.00000 4.65236 0.00000 -0.00000 1.00000 0.00000
1564718113102900 0.99292 0.11877 -0.00000 -595.17138 -0.11877 0.99292 0.00000 5.54700 0.00000 -0.00000 1.00000 0.00000
1564718113352789 0.99337 0.11494 -0.00000 -598.90157 -0.11494 0.99337 0.00000 3.17222 0.00000 -0.00000 1.00000 0.00000
1564718113603547 0.99365 0.11249 -0.00000 -602.60643 -0.11249 0.99365 0.00000 1.67606 0.00000 -0.00000 1.00000 0.00000
1564718113853662 0.99348 0.11405 -0.00000 -606.35633 -0.11405 0.99348 0.00000 2.70133 0.00000 -0.00000 1.00000 0.00000
1564718114104783 0.99354 0.11344 -0.00000 -610.10394 -0.11344 0.99354 0.00000 2.32188 0.00000 -0.00000 1.00000 0.00000
1564718114355226 0.99365 0.11247 -0.00000 -613.83799 -0.11247 0.99365 0.00000 1.75580 0.00000 -0.00000 1.00000 0.00000
1564718114605424 0.99321 0.11634 -0.00000 -617.60209 -0.11634 0.99321 0.00000 4.14642 0.00000 -0.00000 1.00000 0.00000
1564718114855431 0.99312 0.11714 -0.00000 -621.31314 -0.11714 0.99312 0.00000 4.61221 0.00000 -0.00000 1.00000 0.00000
1564718115104820 0.99317 0.11668 -0.00000 -625.08896 -0.11668 0.99317 0.00000 4.33225 0.00000 -0.00000 1.00000 0.00000
1564718115355422 0.99297 0.11833 -0.00000 -628.81435 -0.11833 0.99297 0.00000 5.43404 0.00000 -0.00000 1.00000 0.00000
1564718115605529 0.99289 0.11902 -0.00000 -632.63383 -0.11902 0.99289 0.00000 5.85395 0.00000 -0.00000 1.00000 0.00000
1564718115856356 0.99315 0.11688 -0.00000 -636.41594 -0.11688 0.99315 0.00000 4.61719 0.00000 -0.00000 1.00000 0.00000
1564718116108215 0.99335 0.11515 -0.00000 -640.23042 -0.11515 0.99335 0.00000 3.49247 0.00000 -0.00000 1.00000 0.00000
1564718116357210 0.99341 0.11460 -0.00000 -644.03185 -0.11460 0.99341 0.00000 3.15445 0.00000 -0.00000 1.00000 0.00000
1564718116608482 0.99345 0.11430 -0.00000 -647.82709 -0.11430 0.99345 0.00000 2.95205 0.00000 -0.00000 1.00000 0.00000
1564718116857913 0.99346 0.11419 -0.00000 -651.61389 -0.11419 0.99346 0.00000 2.90274 0.00000 -0.00000 1.00000 0.00000
1564718117108554 0.99339 0.11479 -0.00000 -655.35217 -0.11479 0.99339 0.00000 3.34376 0.00000 -0.00000 1.00000 0.00000
1564718117359073 0.99331 0.11552 -0.00000 -659.11340 -0.11552 0.99331 0.00000 3.82112 0.00000 -0.00000 1.00000 0.00000
1564718117608849 0.99325 0.11596 -0.00000 -662.83095 -0.11596 0.99325 0.00000 4.09914 0.00000 -0.00000 1.00000 0.00000
1564718117859533 0.99306 0.11762 -0.00000 -666.53850 -0.11762 0.99306 0.00000 5.17283 0.00000 -0.00000 1.00000 0.00000
1564718118110138 0.99278 0.11993 -0.00000 -670.23996 -0.11993 0.99278 0.00000 6.78092 0.00000 -0.00000 1.00000 0.00000
1564718118360203 0.99287 0.11920 -0.00000 -673.94723 -0.11920 0.99287 0.00000 6.30809 0.00000 -0.00000 1.00000 0.00000
1564718118609934 0.99293 0.11874 -0.00000 -677.72070 -0.11874 0.99293 0.00000 5.95020 0.00000 -0.00000 1.00000 0.00000
1564718118860242 0.99323 0.11618 -0.00000 -681.44985 -0.11618 0.99323 0.00000 4.15660 0.00000 -0.00000 1.00000 0.00000
1564718119110846 0.99301 0.11802 -0.00000 -685.19742 -0.11802 0.99301 0.00000 5.44555 0.00000 -0.00000 1.00000 0.00000
1564718119361265 0.99341 0.11462 -0.00000 -688.97961 -0.11462 0.99341 0.00000 3.11553 0.00000 -0.00000 1.00000 0.00000
1564718119611214 0.99315 0.11684 -0.00000 -692.68156 -0.11684 0.99315 0.00000 4.69358 0.00000 -0.00000 1.00000 0.00000
1564718119861635 0.99315 0.11682 -0.00000 -696.45428 -0.11682 0.99315 0.00000 4.76441 0.00000 -0.00000 1.00000 0.00000
1564718120111288 0.99305 0.11773 -0.00000 -700.14991 -0.11773 0.99305 0.00000 5.48765 0.00000 -0.00000 1.00000 0.00000
1564718120362053 0.99339 0.11475 -0.00000 -703.85559 -0.11475 0.99339 0.00000 3.38649 0.00000 -0.00000 1.00000 0.00000
1564718120612041 0.99314 0.11690 -0.00000 -707.59477 -0.11690 0.99314 0.00000 4.88302 0.00000 -0.00000 1.00000 0.00000
1564718120861420 0.99335 0.11513 -0.00000 -711.35558 -0.11513 0.99335 0.00000 3.61429 0.00000 -0.00000 1.00000 0.00000
1564718121112231 0.99335 0.11515 -0.00000 -715.05730 -0.11515 0.99335 0.00000 3.64912 0.00000 -0.00000 1.00000 0.00000
1564718121362845 0.99339 0.11475 -0.00000 -718.81063 -0.11475 0.99339 0.00000 3.34711 0.00000 -0.00000 1.00000 0.00000
1564718121612722 0.99343 0.11440 -0.00000 -722.49445 -0.11440 0.99343 0.00000 3.10270 0.00000 -0.00000 1.00000 0.00000
1564718121864244 0.99323 0.11618 -0.00000 -726.22202 -0.11618 0.99323 0.00000 4.38747 0.00000 -0.00000 1.00000 0.00000
1564718122112255 0.99327 0.11583 -0.00000 -729.96908 -0.11583 0.99327 0.00000 4.07741 0.00000 -0.00000 1.00000 0.00000
1564718122362468 0.99332 0.11539 -0.00000 -733.65297 -0.11539 0.99332 0.00000 3.76013 0.00000 -0.00000 1.00000 0.00000
1564718122612724 0.99370 0.11210 -0.00000 -737.38302 -0.11210 0.99370 0.00000 1.28124 0.00000 -0.00000 1.00000 0.00000
1564718122862596 0.99386 0.11065 -0.00000 -741.12391 -0.11065 0.99386 0.00000 0.32512 0.00000 -0.00000 1.00000 0.00000
1564718123112846 0.99376 0.11154 -0.00000 -744.83155 -0.11154 0.99376 0.00000 0.87770 0.00000 -0.00000 1.00000 0.00000
1564718123363568 0.99395 0.10981 -0.00000 -748.54021 -0.10981 0.99395 0.00000 -0.40519 0.00000 -0.00000 1.00000 0.00000
1564718123613616 0.99384 0.11081 -0.00000 -752.28902 -0.11081 0.99384 0.00000 0.38758 0.00000 -0.00000 1.00000 0.00000
1564718123863979 0.99376 0.11154 -0.00000 -756.03592 -0.11154 0.99376 0.00000 0.89373 0.00000 -0.00000 1.00000 0.00000
1564718124114374 0.99366 0.11244 -0.00000 -759.74030 -0.11244 0.99366 0.00000 1.63556 0.00000 -0.00000 1.00000 0.00000
1564718124364416 0.99391 0.11016 -0.00000 -763.47160 -0.11016 0.99391 0.00000 -0.15088 0.00000 -0.00000 1.00000 0.00000
1564718124614537 0.99416 0.10788 -0.00000 -767.18330 -0.10788 0.99416 0.00000 -1.90031 0.00000 -0.00000 1.00000 0.00000
1564718124864721 0.99400 0.10934 -0.00000 -770.94516 -0.10934 0.99400 0.00000 -0.83711 0.00000 -0.00000 1.00000 0.00000
1564718125114599 0.99407 0.10872 -0.00000 -774.64934 -0.10872 0.99407 0.00000 -1.25661 0.00000 -0.00000 1.00000 0.00000
1564718125365221 0.99399 0.10947 -0.00000 -778.38477 -0.10947 0.99399 0.00000 -0.62881 0.00000 -0.00000 1.00000 0.00000
1564718125615113 0.99392 0.11012 -0.00000 -782.12418 -0.11012 0.99392 0.00000 -0.11439 0.00000 -0.00000 1.00000 0.00000
1564718125866894 0.99410 0.10848 -0.00000 -785.84561 -0.10848 0.99410 0.00000 -1.37547 0.00000 -0.00000 1.00000 0.00000
1564718126116133 0.99408 0.10863 -0.00000 -789.59144 -0.10863 0.99408 0.00000 -1.23814 0.00000 -0.00000 1.00000 0.00000
1564718126368672 0.99355 0.11337 -0.00000 -793.32635 -0.11337 0.99355 0.00000 2.67579 0.00000 -0.00000 1.00000 0.00000
1564718126618274 0.99355 0.11343 -0.00000 -797.09670 -0.11343 0.99355 0.00000 2.70474 0.00000 -0.00000 1.00000 0.00000
1564718126867815 0.99356 0.11329 -0.00000 -800.82139 -0.11329 0.99356 0.00000 2.66677 0.00000 -0.00000 1.00000 0.00000
1564718127117686 0.99384 0.11078 -0.00000 -804.55520 -0.11078 0.99384 0.00000 0.60978 0.00000 -0.00000 1.00000 0.00000
1564718127367886 0.99396 0.10978 -0.00000 -808.28548 -0.10978 0.99396 0.00000 -0.15482 0.00000 -0.00000 1.00000 0.00000
1564718127618259 0.99374 0.11169 -0.00000 -812.05460 -0.11169 0.99374 0.00000 1.39293 0.00000 -0.00000 1.00000 0.00000
1564718127868536 0.99401 0.10925 -0.00000 -815.80321 -0.10925 0.99401 0.00000 -0.60721 0.00000 -0.00000 1.00000 0.00000
1564718128118653 0.99405 0.10891 -0.00000 -819.53106 -0.10891 0.99405 0.00000 -0.92286 0.00000 -0.00000 1.00000 0.00000
1564718128368838 0.99386 0.11064 -0.00000 -823.27164 -0.11064 0.99386 0.00000 0.69392 0.00000 -0.00000 1.00000 0.00000
1564718128618744 0.99419 0.10767 -0.00000 -827.00077 -0.10767 0.99419 0.00000 -1.81885 0.00000 -0.00000 1.00000 0.00000
1564718128868795 0.99401 0.10930 -0.00000 -830.75503 -0.10930 0.99401 0.00000 -0.51326 0.00000 -0.00000 1.00000 0.00000
1564718129119778 0.99372 0.11192 -0.00000 -834.52839 -0.11192 0.99372 0.00000 1.74574 0.00000 -0.00000 1.00000 0.00000
1564718129370416 0.99369 0.11212 -0.00000 -838.27162 -0.11212 0.99369 0.00000 2.02747 0.00000 -0.00000 1.00000 0.00000
1564718129620665 0.99342 0.11450 -0.00000 -842.03197 -0.11450 0.99342 0.00000 3.99758 0.00000 -0.00000 1.00000 0.00000
1564718129870532 0.99354 0.11345 -0.00000 -845.78813 -0.11345 0.99354 0.00000 3.16021 0.00000 -0.00000 1.00000 0.00000
1564718130120742 0.99361 0.11288 -0.00000 -849.56208 -0.11288 0.99361 0.00000 2.62632 0.00000 -0.00000 1.00000 0.00000
1564718130370927 0.99374 0.11170 -0.00000 -853.33284 -0.11170 0.99374 0.00000 1.64331 0.00000 -0.00000 1.00000 0.00000
1564718130620970 0.99365 0.11249 -0.00000 -857.07359 -0.11249 0.99365 0.00000 2.28256 0.00000 -0.00000 1.00000 0.00000
1564718130871524 0.99374 0.11169 -0.00000 -860.87481 -0.11169 0.99374 0.00000 1.55823 0.00000 -0.00000 1.00000 0.00000
1564718131121774 0.99371 0.11200 -0.00000 -864.62210 -0.11200 0.99371 0.00000 1.91333 0.00000 -0.00000 1.00000 0.00000
1564718131371798 0.99365 0.11247 -0.00000 -868.37615 -0.11247 0.99365 0.00000 2.32432 0.00000 -0.00000 1.00000 0.00000
1564718131621749 0.99361 0.11288 -0.00000 -872.09352 -0.11288 0.99361 0.00000 2.70518 0.00000 -0.00000 1.00000 0.00000
1564718131871930 0.99369 0.11216 -0.00000 -875.90091 -0.11216 0.99369 0.00000 2.11906 0.00000 -0.00000 1.00000 0.00000
1564718132121737 0.99360 0.11292 -0.00000 -879.58027 -0.11292 0.99360 0.00000 2.81623 0.00000 -0.00000 1.00000 0.00000
1564718132372267 0.99393 0.11002 -0.00000 -883.28734 -0.11002 0.99393 0.00000 0.21805 0.00000 -0.00000 1.00000 0.00000
1564718132622444 0.99363 0.11271 -0.00000 -886.99760 -0.11271 0.99363 0.00000 2.61436 0.00000 -0.00000 1.00000 0.00000
1564718132873527 0.99403 0.10907 -0.00000 -890.68446 -0.10907 0.99403 0.00000 -0.64831 0.00000 -0.00000 1.00000 0.00000
1564718133123282 0.99409 0.10855 -0.00000 -894.34230 -0.10855 0.99409 0.00000 -1.19108 0.00000 -0.00000 1.00000 0.00000
1564718133373595 0.99409 0.10857 -0.00000 -898.04321 -0.10857 0.99409 0.00000 -1.17590 0.00000 -0.00000 1.00000 0.00000
1564718133624052 0.99406 0.10885 -0.00000 -901.72978 -0.10885 0.99406 0.00000 -0.88089 0.00000 -0.00000 1.00000 0.00000
1564718133873829 0.99398 0.10953 -0.00000 -905.39868 -0.10953 0.99398 0.00000 -0.21112 0.00000 -0.00000 1.00000 0.00000
1564718134124460 0.99366 0.11243 -0.00000 -909.10450 -0.11243 0.99366 0.00000 2.43985 0.00000 -0.00000 1.00000 0.00000
1564718134374437 0.99435 0.10617 -0.00000 -912.80207 -0.10617 0.99435 0.00000 -3.26709 0.00000 -0.00000 1.00000 0.00000
1564718134625272 0.99417 0.10778 -0.00000 -916.51093 -0.10778 0.99417 0.00000 -1.77386 0.00000 -0.00000 1.00000 0.00000
1564718134875194 0.99409 0.10856 -0.00000 -920.20184 -0.10856 0.99409 0.00000 -1.17216 0.00000 -0.00000 1.00000 0.00000
1564718135124940 0.99474 0.10245 -0.00000 -923.86801 -0.10245 0.99474 0.00000 -6.66274 0.00000 -0.00000 1.00000 0.00000
1564718135374236 0.99461 0.10366 -0.00000 -927.56740 -0.10366 0.99461 0.00000 -5.59575 0.00000 -0.00000 1.00000 0.00000
1564718135624396 0.99464 0.10341 -0.00000 -931.25578 -0.10341 0.99464 0.00000 -5.81634 0.00000 -0.00000 1.00000 0.00000
1564718135874666 0.99447 0.10500 -0.00000 -934.96259 -0.10500 0.99447 0.00000 -4.32519 0.00000 -0.00000 1.00000 0.00000
1564718136124839 0.99428 0.10685 -0.00000 -938.63407 -0.10685 0.99428 0.00000 -2.50420 0.00000 -0.00000 1.00000 0.00000
1564718136375055 0.99448 0.10495 -0.00000 -942.34449 -0.10495 0.99448 0.00000 -4.31650 0.00000 -0.00000 1.00000 0.00000
1564718136625217 0.99444 0.10534 -0.00000 -945.99302 -0.10534 0.99444 0.00000 -3.91298 0.00000 -0.00000 1.00000 0.00000
1564718136875495 0.99468 0.10302 -0.00000 -949.66500 -0.10302 0.99468 0.00000 -6.12188 0.00000 -0.00000 1.00000 0.00000
1564718137127180 0.99494 0.10044 -0.00000 -953.33551 -0.10044 0.99494 0.00000 -8.56409 0.00000 -0.00000 1.00000 0.00000
1564718137377706 0.99498 0.10007 -0.00000 -957.01073 -0.10007 0.99498 0.00000 -8.85615 0.00000 -0.00000 1.00000 0.00000
1564718137628004 0.99519 0.09793 -0.00000 -960.69249 -0.09793 0.99519 0.00000 -10.79113 0.00000 -0.00000 1.00000 0.00000
1564718137876914 0.99532 0.09659 -0.00000 -964.30294 -0.09659 0.99532 0.00000 -12.17905 0.00000 -0.00000 1.00000 0.00000
1564718138128045 0.99546 0.09515 -0.00000 -967.98644 -0.09515 0.99546 0.00000 -13.53950 0.00000 -0.00000 1.00000 0.00000
1564718138377878 0.99588 0.09068 -0.00000 -971.59415 -0.09068 0.99588 0.00000 -17.91634 0.00000 -0.00000 1.00000 0.00000
1564718138628321 0.99652 0.08333 -0.00000 -975.10287 -0.08333 0.99652 0.00000 -25.11247 0.00000 -0.00000 1.00000 0.00000
1564718138878495 0.99696 0.07795 -0.00000 -978.64944 -0.07795 0.99696 0.00000 -30.41702 0.00000 -0.00000 1.00000 0.00000
1564718139128938 0.99743 0.07158 -0.00000 -982.11744 -0.07158 0.99743 0.00000 -36.69548 0.00000 -0.00000 1.00000 0.00000
1564718139379170 0.99806 0.06224 -0.00000 -985.37028 -0.06224 0.99806 0.00000 -45.87962 0.00000 -0.00000 1.00000 0.00000
1564718139629133 0.99827 0.05874 -0.00000 -988.85456 -0.05874 0.99827 0.00000 -49.37216 0.00000 -0.00000 1.00000 0.00000
1564718139879020 0.99899 0.04485 -0.00000 -991.73313 -0.04485 0.99899 0.00000 -63.19340 0.00000 -0.00000 1.00000 0.00000
1564718140129620 0.99922 0.03940 -0.00000 -995.04226 -0.03940 0.99922 0.00000 -68.65819 0.00000 -0.00000 1.00000 0.00000
1564718140379535 0.99953 0.03057 -0.00000 -998.01915 -0.03057 0.99953 0.00000 -77.38659 0.00000 -0.00000 1.00000 0.00000
1564718140629946 0.99979 0.02040 -0.00000 -1000.88354 -0.02040 0.99979 0.00000 -87.58615 0.00000 -0.00000 1.00000 0.00000
1564718140880355 0.99986 0.01698 -0.00000 -1004.22254 -0.01698 0.99986 0.00000 -90.95059 0.00000 -0.00000 1.00000 0.00000
1564718141130159 0.99983 0.01865 -0.00000 -1008.03925 -0.01865 0.99983 0.00000 -89.17475 0.00000 -0.00000 1.00000 0.00000
1564718141380304 0.99982 0.01904 -0.00000 -1011.72446 -0.01904 0.99982 0.00000 -88.78830 0.00000 -0.00000 1.00000 0.00000
1564718141630023 0.99985 0.01746 -0.00000 -1015.23203 -0.01746 0.99985 0.00000 -90.41742 0.00000 -0.00000 1.00000 0.00000
1564718141880858 0.99986 0.01655 -0.00000 -1018.77670 -0.01655 0.99986 0.00000 -91.35859 0.00000 -0.00000 1.00000 0.00000
1564718142130892 0.99993 0.01153 -0.00000 -1021.96243 -0.01153 0.99993 0.00000 -96.44461 0.00000 -0.00000 1.00000 0.00000
1564718142380691 0.99998 0.00676 -0.00000 -1025.13129 -0.00676 0.99998 0.00000 -101.26541 0.00000 -0.00000 1.00000 0.00000
1564718142631350 0.99999 0.00382 -0.00000 -1028.46313 -0.00382 0.99999 0.00000 -104.31620 0.00000 -0.00000 1.00000 0.00000
1564718142881074 0.99999 0.00330 -0.00000 -1032.03533 -0.00330 0.99999 0.00000 -104.80031 0.00000 -0.00000 1.00000 0.00000
1564718143131211 1.00000 0.00264 -0.00000 -1035.59769 -0.00264 1.00000 0.00000 -105.51873 0.00000 -0.00000 1.00000 0.00000
1564718143381506 1.00000 0.00245 -0.00000 -1039.23900 -0.00245 1.00000 0.00000 -105.64120 0.00000 -0.00000 1.00000 0.00000
1564718143631752 0.99999 0.00348 -0.00000 -1042.98446 -0.00348 0.99999 0.00000 -104.60398 0.00000 -0.00000 1.00000 0.00000
1564718143881698 0.99999 0.00477 -0.00000 -1046.74963 -0.00477 0.99999 0.00000 -103.18369 0.00000 -0.00000 1.00000 0.00000
1564718144131908 0.99998 0.00637 -0.00000 -1050.53363 -0.00637 0.99998 0.00000 -101.48962 0.00000 -0.00000 1.00000 0.00000
1564718144381518 0.99997 0.00715 -0.00000 -1054.22685 -0.00715 0.99997 0.00000 -100.72639 0.00000 -0.00000 1.00000 0.00000
1564718144631488 0.99996 0.00930 -0.00000 -1058.07781 -0.00930 0.99996 0.00000 -98.49848 0.00000 -0.00000 1.00000 0.00000
1564718144881720 0.99994 0.01137 -0.00000 -1061.88920 -0.01137 0.99994 0.00000 -96.16609 0.00000 -0.00000 1.00000 0.00000
1564718145131868 0.99991 0.01311 -0.00000 -1065.67877 -0.01311 0.99991 0.00000 -94.42215 0.00000 -0.00000 1.00000 0.00000
1564718145382150 0.99995 0.01044 -0.00000 -1069.02550 -0.01044 0.99995 0.00000 -97.21478 0.00000 -0.00000 1.00000 0.00000
1564718145631911 0.99997 0.00786 -0.00000 -1072.37183 -0.00786 0.99997 0.00000 -100.07157 0.00000 -0.00000 1.00000 0.00000
1564718145882067 0.99999 0.00326 -0.00000 -1075.51046 -0.00326 0.99999 0.00000 -104.93963 0.00000 -0.00000 1.00000 0.00000
1564718146132449 1.00000 0.00037 -0.00000 -1078.77739 -0.00037 1.00000 0.00000 -108.15565 0.00000 -0.00000 1.00000 0.00000
1564718146381892 0.99999 -0.00333 0.00000 -1081.97870 0.00333 0.99999 -0.00000 -112.08181 -0.00000 0.00000 1.00000 0.00000
1564718146631951 0.99999 -0.00381 0.00000 -1085.52569 0.00381 0.99999 -0.00000 -112.70510 -0.00000 0.00000 1.00000 0.00000
1564718146881409 0.99999 -0.00355 0.00000 -1089.15487 0.00355 0.99999 -0.00000 -112.34068 -0.00000 0.00000 1.00000 0.00000
1564718147130484 1.00000 -0.00184 0.00000 -1092.92422 0.00184 1.00000 -0.00000 -110.46497 -0.00000 0.00000 1.00000 0.00000
1564718147380397 1.00000 -0.00181 0.00000 -1096.52595 0.00181 1.00000 -0.00000 -110.35819 -0.00000 0.00000 1.00000 0.00000
1564718147630362 1.00000 0.00247 -0.00000 -1100.54455 -0.00247 1.00000 0.00000 -105.71000 0.00000 -0.00000 1.00000 0.00000
1564718147880916 1.00000 0.00016 -0.00000 -1103.91637 -0.00016 1.00000 0.00000 -108.27843 0.00000 -0.00000 1.00000 0.00000
