1. -0.001 0. 3. 0.001 1. 0. 0.065 0. 0. 1. 0.
1. 0. 0. 3.724 -0. 1. 0. 0.057 0. 0. 1. 0.
1. 0.001 0. 4.520 -0.001 1. 0. 0.029 0. 0. 1. 0.
1. 0.002 0. 5.361 -0.002 1. 0. -0.003 0. 0. 1. 0.
1. 0.004 0. 6.357 -0.004 1. 0. 0.013 0. 0. 1. 0.
1. 0.002 0. 7.401 -0.002 1. 0. 0.017 0. 0. 1. 0.
1. 0.004 0. 8.529 -0.004 1. 0. 0.018 0. 0. 1. 0.
1. 0.003 0. 9.685 -0.003 1. 0. 0.074 0. 0. 1. 0.
1. 0.005 0. 10.926 -0.005 1. 0. 0.058 0. 0. 1. 0.
1. 0.008 0. 12.250 -0.008 1. 0. 0.047 0. 0. 1. 0.
1. 0.007 0. 13.615 -0.007 1. 0. 0.053 0. 0. 1. 0.
1. 0.008 0. 14.997 -0.008 1. 0. 0.058 0. 0. 1. 0.
1. 0.012 0. 16.450 -0.012 1. 0. 0.002 0. 0. 1. 0.
1. 0.014 0. 17.888 -0.014 1. 0. 0.009 0. 0. 1. 0.
1.000 0.017 0. 19.383 -0.017 1.000 0. 0.024 0. 0. 1. 0.
1.000 0.019 0. 20.874 -0.019 1.000 0. -0.033 0. 0. 1. 0.
1.000 0.023 0. 22.353 -0.023 1.000 0. -0.046 0. 0. 1. 0.
1.000 0.026 0. 23.831 -0.026 1.000 0. -0.060 0. 0. 1. 0.
1.000 0.030 0. 25.329 -0.030 1.000 0. -0.122 0. 0. 1. 0.
0.999 0.034 0. 26.821 -0.034 0.999 0. -0.159 0. 0. 1. 0.
0.999 0.039 0. 28.246 -0.039 0.999 0. -0.216 0. 0. 1. 0.
0.999 0.043 0. 29.713 -0.043 0.999 0. -0.274 0. 0. 1. 0.
0.999 0.045 0. 31.132 -0.045 0.999 0. -0.314 0. 0. 1. 0.
0.999 0.052 0. 32.596 -0.052 0.999 0. -0.396 0. 0. 1. 0.
0.998 0.057 0. 34.033 -0.057 0.998 0. -0.480 0. 0. 1. 0.
0.998 0.061 0. 35.447 -0.061 0.998 0. -0.484 0. 0. 1. 0.
0.998 0.066 0. 36.844 -0.066 0.998 0. -0.573 0. 0. 1. 0.
0.998 0.070 0. 38.253 -0.070 0.998 0. -0.711 0. 0. 1. 0.
0.997 0.076 0. 39.654 -0.076 0.997 0. -0.820 0. 0. 1. 0.
0.997 0.082 0. 41.030 -0.082 0.997 0. -0.941 0. 0. 1. 0.
0.996 0.087 0. 42.416 -0.087 0.996 0. -1.033 0. 0. 1. 0.
0.996 0.093 0. 43.838 -0.093 0.996 0. -1.184 0. 0. 1. 0.
0.995 0.098 0. 45.264 -0.098 0.995 0. -1.345 0. 0. 1. 0.
0.995 0.102 0. 46.676 -0.102 0.995 0. -1.441 0. 0. 1. 0.
0.994 0.106 0. 48.150 -0.106 0.994 0. -1.601 0. 0. 1. 0.
0.994 0.111 0. 49.609 -0.111 0.994 0. -1.748 0. 0. 1. 0.
0.993 0.114 0. 51.111 -0.114 0.993 0. -1.950 0. 0. 1. 0.
0.993 0.117 0. 52.578 -0.117 0.993 0. -2.108 0. 0. 1. 0.
0.993 0.121 0. 54.085 -0.121 0.993 0. -2.251 0. 0. 1. 0.
0.992 0.125 0. 55.652 -0.125 0.992 0. -2.451 0. 0. 1. 0.
0.992 0.127 0. 57.214 -0.127 0.992 0. -2.638 0. 0. 1. 0.
0.992 0.127 0. 58.771 -0.127 0.992 0. -2.871 0. 0. 1. 0.
0.992 0.127 0. 60.435 -0.127 0.992 0. -3.067 0. 0. 1. 0.
0.992 0.128 0. 62.061 -0.128 0.992 0. -3.216 0. 0. 1. 0.
0.992 0.126 0. 63.800 -0.126 0.992 0. -3.432 0. 0. 1. 0.
0.992 0.125 0. 65.474 -0.125 0.992 0. -3.653 0. 0. 1. 0.
0.992 0.126 0. 67.220 -0.126 0.992 0. -3.858 0. 0. 1. 0.
0.992 0.126 0. 68.983 -0.126 0.992 0. -4.061 0. 0. 1. 0.
0.992 0.126 0. 70.760 -0.126 0.992 0. -4.285 0. 0. 1. 0.
0.992 0.127 0. 72.577 -0.127 0.992 0. -4.523 0. 0. 1. 0.
0.992 0.126 0. 74.394 -0.126 0.992 0. -4.732 0. 0. 1. 0.
0.992 0.125 0. 76.245 -0.125 0.992 0. -4.962 0. 0. 1. 0.
0.992 0.122 0. 78.119 -0.122 0.992 0. -5.184 0. 0. 1. 0.
0.993 0.119 0. 79.970 -0.119 0.993 0. -5.327 0. 0. 1. 0.
0.993 0.116 0. 81.902 -0.116 0.993 0. -5.538 0. 0. 1. 0.
0.994 0.112 0. 83.811 -0.112 0.994 0. -5.748 0. 0. 1. 0.
0.994 0.112 0. 85.717 -0.112 0.994 0. -5.997 0. 0. 1. 0.
0.994 0.110 0. 87.642 -0.110 0.994 0. -6.162 0. 0. 1. 0.
0.994 0.106 0. 89.508 -0.106 0.994 0. -6.437 0. 0. 1. 0.
0.995 0.102 0. 91.430 -0.102 0.995 0. -6.604 0. 0. 1. 0.
0.995 0.103 0. 93.287 -0.103 0.995 0. -6.749 0. 0. 1. 0.
0.995 0.104 0. 95.139 -0.104 0.995 0. -6.915 0. 0. 1. 0.
0.994 0.105 0. 96.950 -0.105 0.994 0. -7.120 0. 0. 1. 0.
0.994 0.106 0. 98.738 -0.106 0.994 0. -7.317 0. 0. 1. 0.
0.994 0.107 0. 100.544 -0.107 0.994 0. -7.485 0. 0. 1. 0.
0.994 0.107 0. 102.274 -0.107 0.994 0. -7.663 0. 0. 1. 0.
0.994 0.107 0. 103.889 -0.107 0.994 0. -7.906 0. 0. 1. 0.
0.994 0.108 0. 105.712 -0.108 0.994 0. -8.058 0. 0. 1. 0.
0.995 0.104 0. 107.645 -0.104 0.995 0. -8.161 0. 0. 1. 0.
0.994 0.106 0. 109.183 -0.106 0.994 0. -8.391 0. 0. 1. 0.
0.994 0.107 0. 110.893 -0.107 0.994 0. -8.580 0. 0. 1. 0.
0.994 0.105 0. 112.656 -0.105 0.994 0. -8.774 0. 0. 1. 0.
0.994 0.105 0. 114.452 -0.105 0.994 0. -8.916 0. 0. 1. 0.
0.994 0.106 0. 116.137 -0.106 0.994 0. -9.154 0. 0. 1. 0.
0.994 0.107 0. 117.927 -0.107 0.994 0. -9.322 0. 0. 1. 0.
0.995 0.105 0. 119.654 -0.105 0.995 0. -9.558 0. 0. 1. 0.
0.995 0.104 0. 121.509 -0.104 0.995 0. -9.731 0. 0. 1. 0.
0.995 0.103 0. 123.309 -0.103 0.995 0. -9.932 0. 0. 1. 0.
0.995 0.103 0. 125.182 -0.103 0.995 0. -10.087 0. 0. 1. 0.
0.995 0.099 0. 127.018 -0.099 0.995 0. -10.268 0. 0. 1. 0.
0.996 0.093 0. 128.858 -0.093 0.996 0. -10.447 0. 0. 1. 0.
0.996 0.087 0. 130.737 -0.087 0.996 0. -10.593 0. 0. 1. 0.
0.997 0.081 0. 132.598 -0.081 0.997 0. -10.814 0. 0. 1. 0.
0.997 0.076 0. 134.415 -0.076 0.997 0. -10.919 0. 0. 1. 0.
0.998 0.068 0. 136.177 -0.068 0.998 0. -11.064 0. 0. 1. 0.
0.998 0.063 0. 137.994 -0.063 0.998 0. -11.174 0. 0. 1. 0.
0.998 0.059 0. 139.726 -0.059 0.998 0. -11.289 0. 0. 1. 0.
0.999 0.055 0. 141.457 -0.055 0.999 0. -11.372 0. 0. 1. 0.
0.999 0.053 0. 143.270 -0.053 0.999 0. -11.466 0. 0. 1. 0.
0.999 0.049 0. 145.153 -0.049 0.999 0. -11.535 0. 0. 1. 0.
0.999 0.048 0. 146.853 -0.048 0.999 0. -11.583 0. 0. 1. 0.
0.999 0.049 0. 148.708 -0.049 0.999 0. -11.703 0. 0. 1. 0.
0.999 0.048 0. 150.640 -0.048 0.999 0. -11.778 0. 0. 1. 0.
0.999 0.049 0. 152.504 -0.049 0.999 0. -11.853 0. 0. 1. 0.
0.999 0.051 0. 154.446 -0.051 0.999 0. -11.920 0. 0. 1. 0.
0.999 0.052 0. 156.332 -0.052 0.999 0. -12.008 0. 0. 1. 0.
0.999 0.053 0. 158.343 -0.053 0.999 0. -12.087 0. 0. 1. 0.
0.998 0.056 0. 160.325 -0.056 0.998 0. -12.178 0. 0. 1. 0.
0.998 0.059 0. 162.289 -0.059 0.998 0. -12.293 0. 0. 1. 0.
0.998 0.061 0. 164.281 -0.061 0.998 0. -12.429 0. 0. 1. 0.
0.998 0.063 0. 166.314 -0.063 0.998 0. -12.555 0. 0. 1. 0.
0.998 0.070 0. 168.348 -0.070 0.998 0. -12.692 0. 0. 1. 0.
0.997 0.079 0. 170.375 -0.079 0.997 0. -12.872 0. 0. 1. 0.
0.996 0.088 0. 172.429 -0.088 0.996 0. -13.061 0. 0. 1. 0.
0.995 0.096 0. 174.460 -0.096 0.995 0. -13.269 0. 0. 1. 0.
0.995 0.103 0. 176.523 -0.103 0.995 0. -13.457 0. 0. 1. 0.
0.994 0.106 0. 178.532 -0.106 0.994 0. -13.676 0. 0. 1. 0.
0.994 0.105 0. 180.560 -0.105 0.994 0. -13.938 0. 0. 1. 0.
0.994 0.106 0. 182.514 -0.106 0.994 0. -14.165 0. 0. 1. 0.
0.994 0.106 0. 184.428 -0.106 0.994 0. -14.399 0. 0. 1. 0.
0.995 0.104 0. 186.346 -0.104 0.995 0. -14.588 0. 0. 1. 0.
0.995 0.101 0. 188.416 -0.101 0.995 0. -14.622 0. 0. 1. 0.
0.995 0.096 0. 190.133 -0.096 0.995 0. -14.871 0. 0. 1. 0.
0.996 0.092 0. 192.168 -0.092 0.996 0. -15.043 0. 0. 1. 0.
0.996 0.089 0. 194.219 -0.089 0.996 0. -15.157 0. 0. 1. 0.
0.996 0.088 0. 196.167 -0.088 0.996 0. -15.384 0. 0. 1. 0.
0.996 0.087 0. 198.168 -0.087 0.996 0. -15.550 0. 0. 1. 0.
0.996 0.085 0. 200.215 -0.085 0.996 0. -15.662 0. 0. 1. 0.
0.997 0.082 0. 202.241 -0.082 0.997 0. -15.833 0. 0. 1. 0.
0.997 0.082 0. 204.290 -0.082 0.997 0. -15.999 0. 0. 1. 0.
0.997 0.080 0. 206.352 -0.080 0.997 0. -16.177 0. 0. 1. 0.
0.997 0.078 0. 208.444 -0.078 0.997 0. -16.330 0. 0. 1. 0.
0.997 0.076 0. 210.538 -0.076 0.997 0. -16.473 0. 0. 1. 0.
0.997 0.073 0. 212.625 -0.073 0.997 0. -16.656 0. 0. 1. 0.
0.998 0.070 0. 214.727 -0.070 0.998 0. -16.794 0. 0. 1. 0.
0.998 0.066 0. 216.782 -0.066 0.998 0. -16.947 0. 0. 1. 0.
0.998 0.062 0. 218.831 -0.062 0.998 0. -17.085 0. 0. 1. 0.
0.998 0.059 0. 220.871 -0.059 0.998 0. -17.239 0. 0. 1. 0.
0.998 0.057 0. 222.839 -0.057 0.998 0. -17.327 0. 0. 1. 0.
0.998 0.057 0. 224.799 -0.057 0.998 0. -17.450 0. 0. 1. 0.
0.998 0.055 0. 226.760 -0.055 0.998 0. -17.540 0. 0. 1. 0.
0.999 0.053 0. 228.651 -0.053 0.999 0. -17.656 0. 0. 1. 0.
0.999 0.052 0. 230.519 -0.052 0.999 0. -17.725 0. 0. 1. 0.
0.999 0.052 0. 232.348 -0.052 0.999 0. -17.815 0. 0. 1. 0.
0.999 0.049 0. 234.204 -0.049 0.999 0. -17.889 0. 0. 1. 0.
0.999 0.049 0. 235.984 -0.049 0.999 0. -17.895 0. 0. 1. 0.
0.999 0.047 0. 237.892 -0.047 0.999 0. -18.045 0. 0. 1. 0.
0.999 0.043 0. 239.798 -0.043 0.999 0. -18.201 0. 0. 1. 0.
0.999 0.043 0. 241.689 -0.043 0.999 0. -18.192 0. 0. 1. 0.
0.999 0.044 0. 243.549 -0.044 0.999 0. -18.225 0. 0. 1. 0.
0.999 0.040 0. 245.535 -0.040 0.999 0. -18.263 0. 0. 1. 0.
0.999 0.035 0. 247.487 -0.035 0.999 0. -18.351 0. 0. 1. 0.
1.000 0.029 0. 249.491 -0.029 1.000 0. -18.383 0. 0. 1. 0.
1.000 0.023 0. 251.490 -0.023 1.000 0. -18.443 0. 0. 1. 0.
1.000 0.016 0. 253.544 -0.016 1.000 0. -18.491 0. 0. 1. 0.
1. 0.010 0. 255.604 -0.010 1. 0. -18.465 0. 0. 1. 0.
1. 0.004 0. 257.715 -0.004 1. 0. -18.459 0. 0. 1. 0.
1. -0.003 0. 259.801 0.003 1. 0. -18.447 0. 0. 1. 0.
1. -0.008 0. 261.955 0.008 1. 0. -18.426 0. 0. 1. 0.
1. -0.013 0. 264.122 0.013 1. 0. -18.365 0. 0. 1. 0.
1.000 -0.018 0. 266.324 0.018 1.000 0. -18.225 0. 0. 1. 0.
1.000 -0.019 0. 268.502 0.019 1.000 0. -18.221 0. 0. 1. 0.
1.000 -0.018 0. 270.696 0.018 1.000 0. -18.199 0. 0. 1. 0.
1.000 -0.018 0. 272.876 0.018 1.000 0. -18.175 0. 0. 1. 0.
1.000 -0.019 0. 275.069 0.019 1.000 0. -18.057 0. 0. 1. 0.
1.000 -0.018 0. 277.288 0.018 1.000 0. -18.006 0. 0. 1. 0.
1.000 -0.016 0. 279.527 0.016 1.000 0. -17.990 0. 0. 1. 0.
1. -0.012 0. 281.731 0.012 1. 0. -17.951 0. 0. 1. 0.
1. -0.011 0. 283.898 0.011 1. 0. -17.910 0. 0. 1. 0.
1. -0.011 0. 286.103 0.011 1. 0. -17.892 0. 0. 1. 0.
1. -0.012 0. 288.235 0.012 1. 0. -17.802 0. 0. 1. 0.
1. -0.013 0. 290.360 0.013 1. 0. -17.768 0. 0. 1. 0.
1. -0.012 0. 292.462 0.012 1. 0. -17.729 0. 0. 1. 0.
1. -0.011 0. 294.505 0.011 1. 0. -17.751 0. 0. 1. 0.
1. -0.013 0. 296.725 0.013 1. 0. -17.670 0. 0. 1. 0.
1.000 -0.015 0. 298.814 0.015 1.000 0. -17.582 0. 0. 1. 0.
1.000 -0.017 0. 300.996 0.017 1.000 0. -17.563 0. 0. 1. 0.
1.000 -0.018 0. 303.224 0.018 1.000 0. -17.502 0. 0. 1. 0.
1.000 -0.020 0. 305.400 0.020 1.000 0. -17.458 0. 0. 1. 0.
1.000 -0.020 0. 307.639 0.020 1.000 0. -17.405 0. 0. 1. 0.
1.000 -0.021 0. 309.885 0.021 1.000 0. -17.345 0. 0. 1. 0.
1.000 -0.024 0. 312.119 0.024 1.000 0. -17.306 0. 0. 1. 0.
1.000 -0.026 0. 314.371 0.026 1.000 0. -17.197 0. 0. 1. 0.
1.000 -0.029 0. 316.619 0.029 1.000 0. -17.123 0. 0. 1. 0.
0.999 -0.032 0. 318.873 0.032 0.999 0. -17.107 0. 0. 1. 0.
0.999 -0.036 0. 321.084 0.036 0.999 0. -16.985 0. 0. 1. 0.
0.999 -0.040 0. 323.305 0.040 0.999 0. -16.885 0. 0. 1. 0.
0.999 -0.045 0. 325.497 0.045 0.999 0. -16.815 0. 0. 1. 0.
0.999 -0.048 0. 327.649 0.048 0.999 0. -16.692 0. 0. 1. 0.
0.999 -0.051 0. 329.785 0.051 0.999 0. -16.566 0. 0. 1. 0.
0.999 -0.054 0. 331.845 0.054 0.999 0. -16.435 0. 0. 1. 0.
0.998 -0.057 0. 333.975 0.057 0.998 0. -16.331 0. 0. 1. 0.
0.998 -0.062 0. 336.090 0.062 0.998 0. -16.147 0. 0. 1. 0.
0.998 -0.068 0. 338.033 0.068 0.998 0. -16.008 0. 0. 1. 0.
0.997 -0.076 0. 340.175 0.076 0.997 0. -15.820 0. 0. 1. 0.
0.997 -0.084 0. 342.200 0.084 0.997 0. -15.647 0. 0. 1. 0.
0.996 -0.088 0. 344.247 0.088 0.996 0. -15.418 0. 0. 1. 0.
0.996 -0.094 0. 346.268 0.094 0.996 0. -15.246 0. 0. 1. 0.
0.995 -0.099 0. 348.295 0.099 0.995 0. -15.041 0. 0. 1. 0.
0.995 -0.102 0. 350.318 0.102 0.995 0. -14.793 0. 0. 1. 0.
0.995 -0.103 0. 352.336 0.103 0.995 0. -14.579 0. 0. 1. 0.
0.995 -0.103 0. 354.350 0.103 0.995 0. -14.347 0. 0. 1. 0.
0.994 -0.105 0. 356.288 0.105 0.994 0. -14.158 0. 0. 1. 0.
0.994 -0.105 0. 358.261 0.105 0.994 0. -13.925 0. 0. 1. 0.
0.994 -0.107 0. 360.180 0.107 0.994 0. -13.671 0. 0. 1. 0.
0.994 -0.110 0. 362.099 0.110 0.994 0. -13.500 0. 0. 1. 0.
0.994 -0.112 0. 364.023 0.112 0.994 0. -13.260 0. 0. 1. 0.
0.993 -0.116 0. 365.905 0.116 0.993 0. -13.031 0. 0. 1. 0.
0.993 -0.118 0. 367.857 0.118 0.993 0. -12.817 0. 0. 1. 0.
0.992 -0.123 0. 369.848 0.123 0.992 0. -12.535 0. 0. 1. 0.
0.992 -0.125 0. 371.769 0.125 0.992 0. -12.303 0. 0. 1. 0.
0.992 -0.127 0. 373.790 0.127 0.992 0. -11.993 0. 0. 1. 0.
0.992 -0.130 0. 375.857 0.130 0.992 0. -11.750 0. 0. 1. 0.
0.992 -0.130 0. 377.839 0.130 0.992 0. -11.472 0. 0. 1. 0.
0.992 -0.130 0. 379.915 0.130 0.992 0. -11.153 0. 0. 1. 0.
0.992 -0.130 0. 381.965 0.130 0.992 0. -10.885 0. 0. 1. 0.
0.992 -0.127 0. 384.054 0.127 0.992 0. -10.631 0. 0. 1. 0.
0.992 -0.124 0. 386.111 0.124 0.992 0. -10.357 0. 0. 1. 0.
0.993 -0.120 0. 388.168 0.120 0.993 0. -10.128 0. 0. 1. 0.
0.993 -0.116 0. 390.216 0.116 0.993 0. -9.901 0. 0. 1. 0.
0.994 -0.113 0. 392.185 0.113 0.994 0. -9.637 0. 0. 1. 0.
0.994 -0.113 0. 394.204 0.113 0.994 0. -9.452 0. 0. 1. 0.
0.993 -0.115 0. 396.131 0.115 0.993 0. -9.194 0. 0. 1. 0.
0.993 -0.116 0. 398.009 0.116 0.993 0. -8.965 0. 0. 1. 0.
0.993 -0.118 0. 399.973 0.118 0.993 0. -8.822 0. 0. 1. 0.
0.992 -0.124 0. 401.954 0.124 0.992 0. -8.466 0. 0. 1. 0.
0.992 -0.123 0. 403.873 0.123 0.992 0. -8.255 0. 0. 1. 0.
0.992 -0.125 0. 405.791 0.125 0.992 0. -8.020 0. 0. 1. 0.
0.991 -0.132 0. 407.813 0.132 0.991 0. -7.705 0. 0. 1. 0.
0.991 -0.135 0. 409.845 0.135 0.991 0. -7.431 0. 0. 1. 0.
0.990 -0.139 0. 411.880 0.139 0.990 0. -7.145 0. 0. 1. 0.
0.989 -0.146 0. 413.923 0.146 0.989 0. -6.830 0. 0. 1. 0.
0.988 -0.152 0. 415.995 0.152 0.988 0. -6.540 0. 0. 1. 0.
0.987 -0.159 0. 418.068 0.159 0.987 0. -6.176 0. 0. 1. 0.
0.986 -0.166 0. 420.171 0.166 0.986 0. -5.882 0. 0. 1. 0.
0.984 -0.176 0. 422.260 0.176 0.984 0. -5.435 0. 0. 1. 0.
0.983 -0.186 0. 424.403 0.186 0.983 0. -5.049 0. 0. 1. 0.
0.980 -0.197 0. 426.546 0.197 0.980 0. -4.579 0. 0. 1. 0.
0.978 -0.207 0. 428.683 0.207 0.978 0. -4.084 0. 0. 1. 0.
0.977 -0.215 0. 430.840 0.215 0.977 0. -3.630 0. 0. 1. 0.
0.975 -0.223 0. 432.955 0.223 0.975 0. -3.084 0. 0. 1. 0.
0.973 -0.231 0. 435.112 0.231 0.973 0. -2.588 0. 0. 1. 0.
0.971 -0.240 0. 437.246 0.240 0.971 0. -2.060 0. 0. 1. 0.
0.969 -0.247 0. 439.361 0.247 0.969 0. -1.564 0. 0. 1. 0.
0.967 -0.255 0. 441.458 0.255 0.967 0. -0.949 0. 0. 1. 0.
0.965 -0.262 0. 443.513 0.262 0.965 0. -0.430 0. 0. 1. 0.
0.964 -0.266 0. 445.483 0.266 0.964 0. 0.151 0. 0. 1. 0.
0.963 -0.268 0. 447.402 0.268 0.963 0. 0.699 0. 0. 1. 0.
0.962 -0.272 0. 449.248 0.272 0.962 0. 1.223 0. 0. 1. 0.
0.961 -0.276 0. 450.977 0.276 0.961 0. 1.749 0. 0. 1. 0.
0.960 -0.279 0. 452.649 0.279 0.960 0. 2.204 0. 0. 1. 0.
0.959 -0.284 0. 454.218 0.284 0.959 0. 2.726 0. 0. 1. 0.
0.958 -0.288 0. 455.784 0.288 0.958 0. 3.138 0. 0. 1. 0.
0.957 -0.290 0. 457.357 0.290 0.957 0. 3.626 0. 0. 1. 0.
0.955 -0.295 0. 458.969 0.295 0.955 0. 4.113 0. 0. 1. 0.
0.954 -0.299 0. 460.554 0.299 0.954 0. 4.587 0. 0. 1. 0.
0.953 -0.303 0. 461.925 0.303 0.953 0. 5.101 0. 0. 1. 0.
0.952 -0.305 0. 463.444 0.305 0.952 0. 5.571 0. 0. 1. 0.
0.951 -0.308 0. 464.951 0.308 0.951 0. 6.035 0. 0. 1. 0.
0.950 -0.312 0. 466.407 0.312 0.950 0. 6.510 0. 0. 1. 0.
0.950 -0.312 0. 467.827 0.312 0.950 0. 7.008 0. 0. 1. 0.
0.950 -0.313 0. 469.250 0.313 0.950 0. 7.465 0. 0. 1. 0.
0.950 -0.313 0. 470.577 0.313 0.950 0. 7.935 0. 0. 1. 0.
0.950 -0.311 0. 471.887 0.311 0.950 0. 8.347 0. 0. 1. 0.
0.952 -0.308 0. 473.184 0.308 0.952 0. 8.798 0. 0. 1. 0.
0.956 -0.295 0. 474.489 0.295 0.956 0. 9.209 0. 0. 1. 0.
0.964 -0.266 0. 475.757 0.266 0.964 0. 9.542 0. 0. 1. 0.
0.974 -0.228 0. 476.980 0.228 0.974 0. 9.798 0. 0. 1. 0.
0.985 -0.173 0. 478.216 0.173 0.985 0. 9.934 0. 0. 1. 0.
0.994 -0.106 0. 479.408 0.106 0.994 0. 9.950 0. 0. 1. 0.
1.000 -0.020 0. 480.467 0.020 1.000 0. 9.866 0. 0. 1. 0.
0.997 0.076 0. 481.575 -0.076 0.997 0. 9.648 0. 0. 1. 0.
0.984 0.179 0. 482.591 -0.179 0.984 0. 9.350 0. 0. 1. 0.
0.958 0.287 0. 483.512 -0.287 0.958 0. 8.956 0. 0. 1. 0.
0.921 0.390 0. 484.416 -0.390 0.921 0. 8.460 0. 0. 1. 0.
0.869 0.495 0. 485.300 -0.495 0.869 0. 7.782 0. 0. 1. 0.
0.802 0.598 0. 486.084 -0.598 0.802 0. 7.102 0. 0. 1. 0.
0.721 0.693 0. 486.719 -0.693 0.721 0. 6.307 0. 0. 1. 0.
0.626 0.780 0. 487.315 -0.780 0.626 0. 5.381 0. 0. 1. 0.
0.520 0.854 0. 487.752 -0.854 0.520 0. 4.396 0. 0. 1. 0.
0.404 0.915 0. 488.049 -0.915 0.404 0. 3.336 0. 0. 1. 0.
0.288 0.958 0. 488.259 -0.958 0.288 0. 2.244 0. 0. 1. 0.
0.192 0.981 0. 488.305 -0.981 0.192 0. 1.201 0. 0. 1. 0.
0.128 0.992 0. 488.392 -0.992 0.128 0. 0.055 0. 0. 1. 0.
0.092 0.996 0. 488.473 -0.996 0.092 0. -1.255 0. 0. 1. 0.
0.069 0.998 0. 488.660 -0.998 0.069 0. -2.707 0. 0. 1. 0.
0.046 0.999 0. 488.788 -0.999 0.046 0. -4.150 0. 0. 1. 0.
0.028 1.000 0. 488.793 -1.000 0.028 0. -5.512 0. 0. 1. 0.
0.013 1. 0. 488.766 -1. 0.013 0. -6.877 0. 0. 1. 0.
0.005 1. 0. 488.800 -1. 0.005 0. -8.409 0. 0. 1. 0.
-0.004 1. 0. 488.784 -1. -0.004 0. -9.980 0. 0. 1. 0.
-0.008 1. 0. 488.802 -1. -0.008 0. -11.552 0. 0. 1. 0.
-0.008 1. 0. 488.771 -1. -0.008 0. -13.173 0. 0. 1. 0.
-0.007 1. 0. 488.760 -1. -0.007 0. -14.896 0. 0. 1. 0.
-0.006 1. 0. 488.816 -1. -0.006 0. -16.582 0. 0. 1. 0.
-0.004 1. 0. 488.774 -1. -0.004 0. -18.369 0. 0. 1. 0.
-0.002 1. 0. 488.699 -1. -0.002 0. -20.138 0. 0. 1. 0.
0.000 1. 0. 488.688 -1. 0.000 0. -21.993 0. 0. 1. 0.
0.000 1. 0. 488.764 -1. 0.000 0. -23.877 0. 0. 1. 0.
-0.001 1. 0. 488.701 -1. -0.001 0. -25.769 0. 0. 1. 0.
-0.000 1. 0. 488.750 -1. -0.000 0. -27.702 0. 0. 1. 0.
0.003 1. 0. 488.750 -1. 0.003 0. -29.698 0. 0. 1. 0.
0.006 1. 0. 488.762 -1. 0.006 0. -31.726 0. 0. 1. 0.
0.013 1. 0. 488.789 -1. 0.013 0. -33.789 0. 0. 1. 0.
0.018 1.000 0. 488.788 -1.000 0.018 0. -35.845 0. 0. 1. 0.
0.019 1.000 0. 488.812 -1.000 0.019 0. -37.945 0. 0. 1. 0.
0.014 1. 0. 488.898 -1. 0.014 0. -40.015 0. 0. 1. 0.
0.010 1. 0. 488.877 -1. 0.010 0. -42.130 0. 0. 1. 0.
0.007 1. 0. 488.886 -1. 0.007 0. -44.269 0. 0. 1. 0.
0.003 1. 0. 488.868 -1. 0.003 0. -46.409 0. 0. 1. 0.
-0.000 1. 0. 488.879 -1. -0.000 0. -48.502 0. 0. 1. 0.
-0.002 1. 0. 488.961 -1. -0.002 0. -50.631 0. 0. 1. 0.
0. 1. 0. 488.921 -1. 0. 0. -52.816 0. 0. 1. 0.
0.005 1. 0. 488.905 -1. 0.005 0. -54.840 0. 0. 1. 0.
0.009 1. 0. 488.956 -1. 0.009 0. -56.945 0. 0. 1. 0.
0.011 1. 0. 488.971 -1. 0.011 0. -58.935 0. 0. 1. 0.
0.014 1.000 0. 489.043 -1.000 0.014 0. -60.816 0. 0. 1. 0.
0.014 1.000 0. 489.058 -1.000 0.014 0. -62.684 0. 0. 1. 0.
0.010 1. 0. 489.103 -1. 0.010 0. -64.413 0. 0. 1. 0.
0.008 1. 0. 489.079 -1. 0.008 0. -66.039 0. 0. 1. 0.
0.007 1. 0. 489.110 -1. 0.007 0. -67.669 0. 0. 1. 0.
0.008 1. 0. 489.116 -1. 0.008 0. -69.267 0. 0. 1. 0.
0.007 1. 0. 489.157 -1. 0.007 0. -70.849 0. 0. 1. 0.
0.007 1. 0. 489.101 -1. 0.007 0. -72.376 0. 0. 1. 0.
0.007 1. 0. 489.109 -1. 0.007 0. -73.873 0. 0. 1. 0.
0.009 1. 0. 489.297 -1. 0.009 0. -75.485 0. 0. 1. 0.
0.013 1. 0. 489.209 -1. 0.013 0. -77.170 0. 0. 1. 0.
0.012 1. 0. 489.163 -1. 0.012 0. -78.534 0. 0. 1. 0.
0.014 1. 0. 489.325 -1. 0.014 0. -80.113 0. 0. 1. 0.
0.016 1.000 0. 489.240 -1.000 0.016 0. -81.758 0. 0. 1. 0.
0.016 1.000 0. 489.344 -1.000 0.016 0. -83.435 0. 0. 1. 0.
0.017 1.000 0. 489.367 -1.000 0.017 0. -85.064 0. 0. 1. 0.
0.016 1.000 0. 489.424 -1.000 0.016 0. -86.721 0. 0. 1. 0.
0.015 1.000 0. 489.466 -1.000 0.015 0. -88.387 0. 0. 1. 0.
0.013 1. 0. 489.507 -1. 0.013 0. -90.051 0. 0. 1. 0.
0.009 1. 0. 489.525 -1. 0.009 0. -91.688 0. 0. 1. 0.
0.006 1. 0. 489.528 -1. 0.006 0. -93.271 0. 0. 1. 0.
0.005 1. 0. 489.539 -1. 0.005 0. -94.889 0. 0. 1. 0.
0.005 1. 0. 489.559 -1. 0.005 0. -96.499 0. 0. 1. 0.
0.006 1. 0. 489.599 -1. 0.006 0. -98.074 0. 0. 1. 0.
0.006 1. 0. 489.557 -1. 0.006 0. -99.665 0. 0. 1. 0.
0.006 1. 0. 489.564 -1. 0.006 0. -101.210 0. 0. 1. 0.
0.004 1. 0. 489.573 -1. 0.004 0. -102.733 0. 0. 1. 0.
0.005 1. 0. 489.662 -1. 0.005 0. -104.312 0. 0. 1. 0.
0.006 1. 0. 489.577 -1. 0.006 0. -105.931 0. 0. 1. 0.
0.008 1. 0. 489.646 -1. 0.008 0. -107.423 0. 0. 1. 0.
0.009 1. 0. 489.840 -1. 0.009 0. -108.979 0. 0. 1. 0.
0.009 1. 0. 489.756 -1. 0.009 0. -110.585 0. 0. 1. 0.
0.011 1. 0. 489.737 -1. 0.011 0. -112.131 0. 0. 1. 0.
0.010 1. 0. 489.700 -1. 0.010 0. -113.763 0. 0. 1. 0.
0.011 1. 0. 489.766 -1. 0.011 0. -115.343 0. 0. 1. 0.
0.012 1. 0. 489.790 -1. 0.012 0. -116.923 0. 0. 1. 0.
0.011 1. 0. 489.785 -1. 0.011 0. -118.547 0. 0. 1. 0.
0.012 1. 0. 489.776 -1. 0.012 0. -120.130 0. 0. 1. 0.
0.011 1. 0. 489.823 -1. 0.011 0. -121.778 0. 0. 1. 0.
0.010 1. 0. 489.946 -1. 0.010 0. -123.413 0. 0. 1. 0.
0.003 1. 0. 489.763 -1. 0.003 0. -125.001 0. 0. 1. 0.
0.000 1. 0. 489.809 -1. 0.000 0. -126.629 0. 0. 1. 0.
-0.003 1. 0. 489.778 -1. -0.003 0. -128.304 0. 0. 1. 0.
-0.008 1. 0. 489.716 -1. -0.008 0. -129.928 0. 0. 1. 0.
-0.015 1.000 0. 489.689 -1.000 -0.015 0. -131.584 0. 0. 1. 0.
-0.024 1.000 0. 489.636 -1.000 -0.024 0. -133.167 0. 0. 1. 0.
-0.039 0.999 0. 489.623 -0.999 -0.039 0. -134.807 0. 0. 1. 0.
-0.063 0.998 0. 489.527 -0.998 -0.063 0. -136.399 0. 0. 1. 0.
-0.100 0.995 0. 489.334 -0.995 -0.100 0. -137.999 0. 0. 1. 0.
-0.144 0.990 0. 489.029 -0.990 -0.144 0. -139.516 0. 0. 1. 0.
-0.189 0.982 0. 488.713 -0.982 -0.189 0. -141.023 0. 0. 1. 0.
-0.242 0.970 0. 488.292 -0.970 -0.242 0. -142.508 0. 0. 1. 0.
-0.295 0.956 0. 487.867 -0.956 -0.295 0. -143.914 0. 0. 1. 0.
-0.351 0.936 0. 487.308 -0.936 -0.351 0. -145.413 0. 0. 1. 0.
-0.402 0.915 0. 486.606 -0.915 -0.402 0. -146.789 0. 0. 1. 0.
-0.455 0.891 0. 485.797 -0.891 -0.455 0. -148.194 0. 0. 1. 0.
-0.507 0.862 0. 484.971 -0.862 -0.507 0. -149.566 0. 0. 1. 0.
-0.560 0.829 0. 484.155 -0.829 -0.560 0. -150.910 0. 0. 1. 0.
-0.611 0.792 0. 483.168 -0.792 -0.611 0. -152.079 0. 0. 1. 0.
-0.661 0.750 0. 482.051 -0.750 -0.661 0. -153.275 0. 0. 1. 0.
-0.708 0.706 0. 480.934 -0.706 -0.708 0. -154.359 0. 0. 1. 0.
-0.753 0.658 0. 479.687 -0.658 -0.753 0. -155.379 0. 0. 1. 0.
-0.793 0.610 0. 478.415 -0.610 -0.793 0. -156.339 0. 0. 1. 0.
-0.830 0.558 0. 477.035 -0.558 -0.830 0. -157.236 0. 0. 1. 0.
-0.861 0.508 0. 475.579 -0.508 -0.861 0. -158.069 0. 0. 1. 0.
-0.891 0.454 0. 474.083 -0.454 -0.891 0. -158.794 0. 0. 1. 0.
-0.913 0.408 0. 472.497 -0.408 -0.913 0. -159.450 0. 0. 1. 0.
-0.931 0.366 0. 470.957 -0.366 -0.931 0. -160.048 0. 0. 1. 0.
-0.945 0.328 0. 469.335 -0.328 -0.945 0. -160.572 0. 0. 1. 0.
-0.954 0.301 0. 467.749 -0.301 -0.954 0. -161.100 0. 0. 1. 0.
-0.958 0.286 0. 466.085 -0.286 -0.958 0. -161.580 0. 0. 1. 0.
-0.961 0.276 0. 464.391 -0.276 -0.961 0. -162.102 0. 0. 1. 0.
-0.961 0.276 0. 462.721 -0.276 -0.961 0. -162.545 0. 0. 1. 0.
-0.963 0.270 0. 461.056 -0.270 -0.963 0. -163.089 0. 0. 1. 0.
-0.964 0.267 0. 459.179 -0.267 -0.964 0. -163.568 0. 0. 1. 0.
-0.964 0.266 0. 457.380 -0.266 -0.964 0. -164.084 0. 0. 1. 0.
-0.964 0.265 0. 455.626 -0.265 -0.964 0. -164.615 0. 0. 1. 0.
-0.964 0.264 0. 453.662 -0.264 -0.964 0. -165.136 0. 0. 1. 0.
-0.964 0.267 0. 451.729 -0.267 -0.964 0. -165.668 0. 0. 1. 0.
-0.964 0.266 0. 449.762 -0.266 -0.964 0. -166.275 0. 0. 1. 0.
-0.963 0.268 0. 447.750 -0.268 -0.963 0. -166.837 0. 0. 1. 0.
-0.963 0.271 0. 445.718 -0.271 -0.963 0. -167.414 0. 0. 1. 0.
-0.962 0.273 0. 443.656 -0.273 -0.962 0. -168.021 0. 0. 1. 0.
-0.961 0.275 0. 441.578 -0.275 -0.961 0. -168.642 0. 0. 1. 0.
-0.961 0.277 0. 439.387 -0.277 -0.961 0. -169.275 0. 0. 1. 0.
-0.960 0.279 0. 437.210 -0.279 -0.960 0. -169.980 0. 0. 1. 0.
-0.960 0.281 0. 434.998 -0.281 -0.960 0. -170.598 0. 0. 1. 0.
-0.959 0.283 0. 432.815 -0.283 -0.959 0. -171.238 0. 0. 1. 0.
-0.958 0.286 0. 430.563 -0.286 -0.958 0. -171.966 0. 0. 1. 0.
-0.958 0.286 0. 428.250 -0.286 -0.958 0. -172.639 0. 0. 1. 0.
-0.957 0.289 0. 425.911 -0.289 -0.957 0. -173.381 0. 0. 1. 0.
-0.957 0.291 0. 423.546 -0.291 -0.957 0. -174.110 0. 0. 1. 0.
-0.956 0.293 0. 421.169 -0.293 -0.956 0. -174.868 0. 0. 1. 0.
-0.955 0.296 0. 418.786 -0.296 -0.955 0. -175.582 0. 0. 1. 0.
-0.954 0.301 0. 416.433 -0.301 -0.954 0. -176.310 0. 0. 1. 0.
-0.953 0.304 0. 414.065 -0.304 -0.953 0. -177.114 0. 0. 1. 0.
-0.951 0.310 0. 411.826 -0.310 -0.951 0. -177.832 0. 0. 1. 0.
-0.949 0.315 0. 409.407 -0.315 -0.949 0. -178.551 0. 0. 1. 0.
-0.947 0.321 0. 407.169 -0.321 -0.947 0. -179.356 0. 0. 1. 0.
-0.944 0.331 0. 404.930 -0.331 -0.944 0. -180.180 0. 0. 1. 0.
-0.941 0.339 0. 402.698 -0.339 -0.941 0. -181.022 0. 0. 1. 0.
-0.936 0.351 0. 400.429 -0.351 -0.936 0. -181.880 0. 0. 1. 0.
-0.932 0.362 0. 398.297 -0.362 -0.932 0. -182.755 0. 0. 1. 0.
-0.928 0.372 0. 396.229 -0.372 -0.928 0. -183.610 0. 0. 1. 0.
-0.923 0.385 0. 394.187 -0.385 -0.923 0. -184.488 0. 0. 1. 0.
-0.919 0.395 0. 392.188 -0.395 -0.919 0. -185.329 0. 0. 1. 0.
-0.913 0.407 0. 390.352 -0.407 -0.913 0. -186.189 0. 0. 1. 0.
-0.909 0.416 0. 388.503 -0.416 -0.909 0. -187.055 0. 0. 1. 0.
-0.905 0.426 0. 386.759 -0.426 -0.905 0. -187.899 0. 0. 1. 0.
-0.900 0.436 0. 385.084 -0.436 -0.900 0. -188.738 0. 0. 1. 0.
-0.897 0.442 0. 383.508 -0.442 -0.897 0. -189.471 0. 0. 1. 0.
-0.892 0.452 0. 381.995 -0.452 -0.892 0. -190.285 0. 0. 1. 0.
-0.887 0.462 0. 380.467 -0.462 -0.887 0. -191.131 0. 0. 1. 0.
-0.881 0.472 0. 378.940 -0.472 -0.881 0. -191.938 0. 0. 1. 0.
-0.876 0.482 0. 377.433 -0.482 -0.876 0. -192.819 0. 0. 1. 0.
-0.870 0.494 0. 375.952 -0.494 -0.870 0. -193.653 0. 0. 1. 0.
-0.864 0.503 0. 374.448 -0.503 -0.864 0. -194.599 0. 0. 1. 0.
-0.857 0.515 0. 372.945 -0.515 -0.857 0. -195.492 0. 0. 1. 0.
-0.852 0.524 0. 371.422 -0.524 -0.852 0. -196.394 0. 0. 1. 0.
-0.845 0.534 0. 369.989 -0.534 -0.845 0. -197.356 0. 0. 1. 0.
-0.840 0.542 0. 368.480 -0.542 -0.840 0. -198.333 0. 0. 1. 0.
-0.837 0.548 0. 366.977 -0.548 -0.837 0. -199.350 0. 0. 1. 0.
-0.832 0.554 0. 365.478 -0.554 -0.832 0. -200.362 0. 0. 1. 0.
-0.828 0.561 0. 363.982 -0.561 -0.828 0. -201.438 0. 0. 1. 0.
-0.823 0.567 0. 362.416 -0.567 -0.823 0. -202.493 0. 0. 1. 0.
-0.819 0.574 0. 360.870 -0.574 -0.819 0. -203.600 0. 0. 1. 0.
-0.813 0.582 0. 359.334 -0.582 -0.813 0. -204.741 0. 0. 1. 0.
-0.808 0.589 0. 357.792 -0.589 -0.808 0. -205.931 0. 0. 1. 0.
-0.803 0.596 0. 356.128 -0.596 -0.803 0. -207.113 0. 0. 1. 0.
-0.798 0.603 0. 354.576 -0.603 -0.798 0. -208.321 0. 0. 1. 0.
-0.792 0.611 0. 352.976 -0.611 -0.792 0. -209.571 0. 0. 1. 0.
-0.786 0.619 0. 351.409 -0.619 -0.786 0. -210.816 0. 0. 1. 0.
-0.780 0.626 0. 349.820 -0.626 -0.780 0. -212.070 0. 0. 1. 0.
-0.774 0.634 0. 348.305 -0.634 -0.774 0. -213.364 0. 0. 1. 0.
-0.768 0.640 0. 346.745 -0.640 -0.768 0. -214.666 0. 0. 1. 0.
-0.763 0.647 0. 345.227 -0.647 -0.763 0. -215.970 0. 0. 1. 0.
-0.756 0.654 0. 343.686 -0.654 -0.756 0. -217.259 0. 0. 1. 0.
-0.752 0.659 0. 342.155 -0.659 -0.752 0. -218.567 0. 0. 1. 0.
-0.744 0.668 0. 340.675 -0.668 -0.744 0. -219.943 0. 0. 1. 0.
-0.739 0.674 0. 339.178 -0.674 -0.739 0. -221.333 0. 0. 1. 0.
-0.732 0.681 0. 337.778 -0.681 -0.732 0. -222.721 0. 0. 1. 0.
-0.726 0.688 0. 336.337 -0.688 -0.726 0. -224.096 0. 0. 1. 0.
-0.719 0.695 0. 334.954 -0.695 -0.719 0. -225.458 0. 0. 1. 0.
-0.712 0.702 0. 333.645 -0.702 -0.712 0. -226.835 0. 0. 1. 0.
-0.706 0.708 0. 332.347 -0.708 -0.706 0. -228.162 0. 0. 1. 0.
-0.703 0.711 0. 331.156 -0.711 -0.703 0. -229.365 0. 0. 1. 0.
-0.699 0.716 0. 330.008 -0.716 -0.699 0. -230.547 0. 0. 1. 0.
-0.694 0.720 0. 328.909 -0.720 -0.694 0. -231.755 0. 0. 1. 0.
-0.689 0.725 0. 327.868 -0.725 -0.689 0. -232.895 0. 0. 1. 0.
-0.682 0.731 0. 326.766 -0.731 -0.682 0. -234.036 0. 0. 1. 0.
-0.674 0.739 0. 325.825 -0.739 -0.674 0. -235.220 0. 0. 1. 0.
-0.668 0.744 0. 324.827 -0.744 -0.668 0. -236.361 0. 0. 1. 0.
-0.661 0.751 0. 323.776 -0.751 -0.661 0. -237.571 0. 0. 1. 0.
-0.649 0.761 0. 322.771 -0.761 -0.649 0. -238.794 0. 0. 1. 0.
-0.643 0.766 0. 321.731 -0.766 -0.643 0. -240.003 0. 0. 1. 0.
-0.635 0.773 0. 320.795 -0.773 -0.635 0. -241.196 0. 0. 1. 0.
-0.627 0.779 0. 319.809 -0.779 -0.627 0. -242.460 0. 0. 1. 0.
-0.617 0.787 0. 318.802 -0.787 -0.617 0. -243.785 0. 0. 1. 0.
-0.609 0.793 0. 317.795 -0.793 -0.609 0. -245.142 0. 0. 1. 0.
-0.600 0.800 0. 316.758 -0.800 -0.600 0. -246.481 0. 0. 1. 0.
-0.593 0.805 0. 315.824 -0.805 -0.593 0. -247.877 0. 0. 1. 0.
-0.586 0.810 0. 314.820 -0.810 -0.586 0. -249.331 0. 0. 1. 0.
-0.583 0.813 0. 313.819 -0.813 -0.583 0. -250.802 0. 0. 1. 0.
-0.578 0.816 0. 312.763 -0.816 -0.578 0. -252.297 0. 0. 1. 0.
-0.574 0.819 0. 311.684 -0.819 -0.574 0. -253.799 0. 0. 1. 0.
-0.569 0.822 0. 310.598 -0.822 -0.569 0. -255.372 0. 0. 1. 0.
-0.569 0.822 0. 309.517 -0.822 -0.569 0. -256.932 0. 0. 1. 0.
-0.566 0.825 0. 308.413 -0.825 -0.566 0. -258.545 0. 0. 1. 0.
-0.563 0.827 0. 307.236 -0.827 -0.563 0. -260.229 0. 0. 1. 0.
-0.558 0.830 0. 306.137 -0.830 -0.558 0. -261.956 0. 0. 1. 0.
-0.557 0.831 0. 304.982 -0.831 -0.557 0. -263.662 0. 0. 1. 0.
-0.554 0.833 0. 303.830 -0.833 -0.554 0. -265.439 0. 0. 1. 0.
-0.551 0.834 0. 302.625 -0.834 -0.551 0. -267.237 0. 0. 1. 0.
-0.546 0.838 0. 301.339 -0.838 -0.546 0. -269.068 0. 0. 1. 0.
-0.541 0.841 0. 300.171 -0.841 -0.541 0. -270.945 0. 0. 1. 0.
-0.532 0.847 0. 298.915 -0.847 -0.532 0. -272.903 0. 0. 1. 0.
-0.523 0.852 0. 297.642 -0.852 -0.523 0. -274.882 0. 0. 1. 0.
-0.515 0.857 0. 296.504 -0.857 -0.515 0. -276.975 0. 0. 1. 0.
-0.507 0.862 0. 295.344 -0.862 -0.507 0. -279.024 0. 0. 1. 0.
-0.495 0.869 0. 294.116 -0.869 -0.495 0. -281.228 0. 0. 1. 0.
-0.485 0.875 0. 292.973 -0.875 -0.485 0. -283.403 0. 0. 1. 0.
-0.476 0.879 0. 291.766 -0.879 -0.476 0. -285.607 0. 0. 1. 0.
-0.466 0.885 0. 290.591 -0.885 -0.466 0. -287.929 0. 0. 1. 0.
-0.454 0.891 0. 289.347 -0.891 -0.454 0. -290.225 0. 0. 1. 0.
-0.445 0.895 0. 288.119 -0.895 -0.445 0. -292.583 0. 0. 1. 0.
-0.433 0.901 0. 286.991 -0.901 -0.433 0. -294.911 0. 0. 1. 0.
-0.418 0.908 0. 285.893 -0.908 -0.418 0. -297.343 0. 0. 1. 0.
-0.404 0.915 0. 284.875 -0.915 -0.404 0. -299.739 0. 0. 1. 0.
-0.389 0.921 0. 283.883 -0.921 -0.389 0. -302.174 0. 0. 1. 0.
-0.377 0.926 0. 282.870 -0.926 -0.377 0. -304.568 0. 0. 1. 0.
-0.365 0.931 0. 281.886 -0.931 -0.365 0. -306.973 0. 0. 1. 0.
-0.351 0.936 0. 280.966 -0.936 -0.351 0. -309.401 0. 0. 1. 0.
-0.337 0.941 0. 280.074 -0.941 -0.337 0. -311.853 0. 0. 1. 0.
-0.323 0.946 0. 279.349 -0.946 -0.323 0. -314.251 0. 0. 1. 0.
-0.311 0.950 0. 278.600 -0.950 -0.311 0. -316.741 0. 0. 1. 0.
-0.299 0.954 0. 277.745 -0.954 -0.299 0. -319.157 0. 0. 1. 0.
-0.286 0.958 0. 276.999 -0.958 -0.286 0. -321.599 0. 0. 1. 0.
-0.275 0.961 0. 276.339 -0.961 -0.275 0. -324.076 0. 0. 1. 0.
-0.260 0.966 0. 275.731 -0.966 -0.260 0. -326.559 0. 0. 1. 0.
-0.246 0.969 0. 274.980 -0.969 -0.246 0. -328.984 0. 0. 1. 0.
-0.231 0.973 0. 274.365 -0.973 -0.231 0. -331.520 0. 0. 1. 0.
-0.218 0.976 0. 273.885 -0.976 -0.218 0. -334.045 0. 0. 1. 0.
-0.199 0.980 0. 273.319 -0.980 -0.199 0. -336.568 0. 0. 1. 0.
-0.181 0.983 0. 272.937 -0.983 -0.181 0. -339.085 0. 0. 1. 0.
-0.158 0.987 0. 272.538 -0.987 -0.158 0. -341.628 0. 0. 1. 0.
-0.142 0.990 0. 272.107 -0.990 -0.142 0. -344.237 0. 0. 1. 0.
-0.124 0.992 0. 271.866 -0.992 -0.124 0. -346.754 0. 0. 1. 0.
-0.109 0.994 0. 271.559 -0.994 -0.109 0. -349.385 0. 0. 1. 0.
-0.085 0.996 0. 271.352 -0.996 -0.085 0. -351.976 0. 0. 1. 0.
-0.069 0.998 0. 271.147 -0.998 -0.069 0. -354.658 0. 0. 1. 0.
-0.050 0.999 0. 270.947 -0.999 -0.050 0. -357.250 0. 0. 1. 0.
-0.046 0.999 0. 270.923 -0.999 -0.046 0. -359.831 0. 0. 1. 0.
-0.034 0.999 0. 270.931 -0.999 -0.034 0. -362.470 0. 0. 1. 0.
-0.028 1.000 0. 270.876 -1.000 -0.028 0. -365.031 0. 0. 1. 0.
-0.022 1.000 0. 270.834 -1.000 -0.022 0. -367.640 0. 0. 1. 0.
-0.019 1.000 0. 270.848 -1.000 -0.019 0. -370.195 0. 0. 1. 0.
-0.018 1.000 0. 270.658 -1.000 -0.018 0. -372.775 0. 0. 1. 0.
-0.013 1. 0. 270.756 -1. -0.013 0. -375.297 0. 0. 1. 0.
-0.020 1.000 0. 270.766 -1.000 -0.020 0. -377.830 0. 0. 1. 0.
-0.025 1.000 0. 270.697 -1.000 -0.025 0. -380.323 0. 0. 1. 0.
-0.038 0.999 0. 270.584 -0.999 -0.038 0. -382.828 0. 0. 1. 0.
-0.055 0.998 0. 270.547 -0.998 -0.055 0. -385.296 0. 0. 1. 0.
-0.073 0.997 0. 270.387 -0.997 -0.073 0. -387.694 0. 0. 1. 0.
-0.095 0.995 0. 270.172 -0.995 -0.095 0. -390.158 0. 0. 1. 0.
-0.115 0.993 0. 269.934 -0.993 -0.115 0. -392.603 0. 0. 1. 0.
-0.136 0.991 0. 269.610 -0.991 -0.136 0. -394.982 0. 0. 1. 0.
-0.164 0.987 0. 269.184 -0.987 -0.164 0. -397.278 0. 0. 1. 0.
-0.193 0.981 0. 268.789 -0.981 -0.193 0. -399.629 0. 0. 1. 0.
-0.228 0.974 0. 268.308 -0.974 -0.228 0. -401.926 0. 0. 1. 0.
-0.267 0.964 0. 267.671 -0.964 -0.267 0. -404.107 0. 0. 1. 0.
-0.309 0.951 0. 266.975 -0.951 -0.309 0. -406.217 0. 0. 1. 0.
-0.347 0.938 0. 266.345 -0.938 -0.347 0. -408.145 0. 0. 1. 0.
-0.387 0.922 0. 265.512 -0.922 -0.387 0. -410.040 0. 0. 1. 0.
-0.426 0.905 0. 264.670 -0.905 -0.426 0. -411.836 0. 0. 1. 0.
-0.470 0.883 0. 263.826 -0.883 -0.470 0. -413.407 0. 0. 1. 0.
-0.517 0.856 0. 262.906 -0.856 -0.517 0. -414.989 0. 0. 1. 0.
-0.560 0.828 0. 261.846 -0.828 -0.560 0. -416.317 0. 0. 1. 0.
-0.604 0.797 0. 260.833 -0.797 -0.604 0. -417.649 0. 0. 1. 0.
-0.647 0.762 0. 259.835 -0.762 -0.647 0. -418.748 0. 0. 1. 0.
-0.684 0.729 0. 258.897 -0.729 -0.684 0. -419.695 0. 0. 1. 0.
-0.721 0.693 0. 257.939 -0.693 -0.721 0. -420.612 0. 0. 1. 0.
-0.760 0.650 0. 257.034 -0.650 -0.760 0. -421.452 0. 0. 1. 0.
-0.793 0.610 0. 256.059 -0.610 -0.793 0. -422.134 0. 0. 1. 0.
-0.829 0.559 0. 254.889 -0.559 -0.829 0. -422.819 0. 0. 1. 0.
-0.860 0.510 0. 253.791 -0.510 -0.860 0. -423.431 0. 0. 1. 0.
-0.883 0.470 0. 252.587 -0.470 -0.883 0. -423.984 0. 0. 1. 0.
-0.910 0.415 0. 251.498 -0.415 -0.910 0. -424.457 0. 0. 1. 0.
-0.931 0.366 0. 250.327 -0.366 -0.931 0. -424.916 0. 0. 1. 0.
-0.950 0.314 0. 249.052 -0.314 -0.950 0. -425.295 0. 0. 1. 0.
-0.964 0.266 0. 247.697 -0.266 -0.964 0. -425.673 0. 0. 1. 0.
-0.975 0.220 0. 246.301 -0.220 -0.975 0. -425.962 0. 0. 1. 0.
-0.985 0.174 0. 244.868 -0.174 -0.985 0. -426.180 0. 0. 1. 0.
-0.992 0.128 0. 243.396 -0.128 -0.992 0. -426.341 0. 0. 1. 0.
-0.996 0.092 0. 241.968 -0.092 -0.996 0. -426.543 0. 0. 1. 0.
-0.998 0.067 0. 240.366 -0.067 -0.998 0. -426.586 0. 0. 1. 0.
-0.999 0.049 0. 238.763 -0.049 -0.999 0. -426.691 0. 0. 1. 0.
-0.999 0.034 0. 237.123 -0.034 -0.999 0. -426.772 0. 0. 1. 0.
-1.000 0.025 0. 235.436 -0.025 -1.000 0. -426.819 0. 0. 1. 0.
-1.000 0.016 0. 233.723 -0.016 -1.000 0. -426.764 0. 0. 1. 0.
-1. 0.013 0. 232.012 -0.013 -1. 0. -426.810 0. 0. 1. 0.
-1. 0.011 0. 230.219 -0.011 -1. 0. -426.792 0. 0. 1. 0.
-1. 0.011 0. 228.384 -0.011 -1. 0. -426.856 0. 0. 1. 0.
-1. 0.012 0. 226.628 -0.012 -1. 0. -426.848 0. 0. 1. 0.
-1. 0.013 0. 224.782 -0.013 -1. 0. -426.927 0. 0. 1. 0.
-1. 0.014 0. 222.885 -0.014 -1. 0. -426.994 0. 0. 1. 0.
-1.000 0.014 0. 220.958 -0.014 -1.000 0. -426.997 0. 0. 1. 0.
-1. 0.013 0. 219.060 -0.013 -1. 0. -427.034 0. 0. 1. 0.
-1. 0.013 0. 217.139 -0.013 -1. 0. -427.017 0. 0. 1. 0.
-1. 0.011 0. 215.187 -0.011 -1. 0. -427.049 0. 0. 1. 0.
-1. 0.008 0. 213.231 -0.008 -1. 0. -427.137 0. 0. 1. 0.
-1. 0.007 0. 211.293 -0.007 -1. 0. -427.106 0. 0. 1. 0.
-1. 0.007 0. 209.297 -0.007 -1. 0. -427.144 0. 0. 1. 0.
-1. 0.008 0. 207.315 -0.008 -1. 0. -427.185 0. 0. 1. 0.
-1. 0.008 0. 205.343 -0.008 -1. 0. -427.210 0. 0. 1. 0.
-1. 0.009 0. 203.333 -0.009 -1. 0. -427.283 0. 0. 1. 0.
-1. 0.009 0. 201.292 -0.009 -1. 0. -427.264 0. 0. 1. 0.
-1. 0.007 0. 199.262 -0.007 -1. 0. -427.289 0. 0. 1. 0.
-1. 0.001 0. 197.228 -0.001 -1. 0. -427.313 0. 0. 1. 0.
-1. 0.001 0. 195.124 -0.001 -1. 0. -427.344 0. 0. 1. 0.
-1. -0.002 0. 193.038 0.002 -1. 0. -427.308 0. 0. 1. 0.
-1. -0.003 0. 190.932 0.003 -1. 0. -427.329 0. 0. 1. 0.
-1. -0.004 0. 188.784 0.004 -1. 0. -427.355 0. 0. 1. 0.
-1. -0.004 0. 186.631 0.004 -1. 0. -427.382 0. 0. 1. 0.
-1. -0.004 0. 184.513 0.004 -1. 0. -427.364 0. 0. 1. 0.
-1. -0.004 0. 182.368 0.004 -1. 0. -427.422 0. 0. 1. 0.
-1. -0.004 0. 180.269 0.004 -1. 0. -427.398 0. 0. 1. 0.
-1. -0.003 0. 178.180 0.003 -1. 0. -427.407 0. 0. 1. 0.
-1. -0.003 0. 176.116 0.003 -1. 0. -427.399 0. 0. 1. 0.
-1. -0.001 0. 174.019 0.001 -1. 0. -427.407 0. 0. 1. 0.
-1. -0.001 0. 171.959 0.001 -1. 0. -427.391 0. 0. 1. 0.
-1. 0.002 0. 169.962 -0.002 -1. 0. -427.363 0. 0. 1. 0.
-1. 0.002 0. 167.939 -0.002 -1. 0. -427.475 0. 0. 1. 0.
-1. 0.003 0. 165.913 -0.003 -1. 0. -427.487 0. 0. 1. 0.
-1. 0.004 0. 163.838 -0.004 -1. 0. -427.484 0. 0. 1. 0.
-1. 0.004 0. 161.749 -0.004 -1. 0. -427.501 0. 0. 1. 0.
-1. 0.001 0. 159.669 -0.001 -1. 0. -427.509 0. 0. 1. 0.
-1. 0.001 0. 157.576 -0.001 -1. 0. -427.543 0. 0. 1. 0.
-1. -0.001 0. 155.500 0.001 -1. 0. -427.586 0. 0. 1. 0.
-1. -0.002 0. 153.370 0.002 -1. 0. -427.549 0. 0. 1. 0.
-1. -0.004 0. 151.239 0.004 -1. 0. -427.564 0. 0. 1. 0.
-1. -0.006 0. 149.106 0.006 -1. 0. -427.578 0. 0. 1. 0.
-1. -0.006 0. 146.954 0.006 -1. 0. -427.488 0. 0. 1. 0.
-1. -0.006 0. 144.822 0.006 -1. 0. -427.467 0. 0. 1. 0.
-1. -0.005 0. 142.690 0.005 -1. 0. -427.521 0. 0. 1. 0.
-1. -0.006 0. 140.576 0.006 -1. 0. -427.504 0. 0. 1. 0.
-1. -0.006 0. 138.440 0.006 -1. 0. -427.481 0. 0. 1. 0.
-1. -0.003 0. 136.357 0.003 -1. 0. -427.619 0. 0. 1. 0.
-1. -0.001 0. 134.401 0.001 -1. 0. -427.577 0. 0. 1. 0.
-1. -0.000 0. 132.517 0.000 -1. 0. -427.600 0. 0. 1. 0.
-1. 0.001 0. 130.700 -0.001 -1. 0. -427.698 0. 0. 1. 0.
-1. 0.002 0. 128.938 -0.002 -1. 0. -427.577 0. 0. 1. 0.
-1. 0.002 0. 127.215 -0.002 -1. 0. -427.603 0. 0. 1. 0.
-1. 0.004 0. 125.537 -0.004 -1. 0. -427.753 0. 0. 1. 0.
-1. 0.005 0. 123.819 -0.005 -1. 0. -427.604 0. 0. 1. 0.
-1. 0.006 0. 122.164 -0.006 -1. 0. -427.700 0. 0. 1. 0.
-1. 0.007 0. 120.541 -0.007 -1. 0. -427.783 0. 0. 1. 0.
-1. 0.008 0. 118.907 -0.008 -1. 0. -427.796 0. 0. 1. 0.
-1. 0.011 0. 117.290 -0.011 -1. 0. -427.807 0. 0. 1. 0.
-1. 0.012 0. 115.667 -0.012 -1. 0. -427.842 0. 0. 1. 0.
-1. 0.014 0. 114.079 -0.014 -1. 0. -427.887 0. 0. 1. 0.
-1.000 0.015 0. 112.522 -0.015 -1.000 0. -427.922 0. 0. 1. 0.
-1.000 0.019 0. 110.966 -0.019 -1.000 0. -427.959 0. 0. 1. 0.
-1.000 0.022 0. 109.487 -0.022 -1.000 0. -427.987 0. 0. 1. 0.
-1.000 0.031 0. 108.052 -0.031 -1.000 0. -428.066 0. 0. 1. 0.
-0.999 0.046 0. 106.620 -0.046 -0.999 0. -428.096 0. 0. 1. 0.
-0.997 0.072 0. 105.278 -0.072 -0.997 0. -428.197 0. 0. 1. 0.
-0.994 0.110 0. 103.876 -0.110 -0.994 0. -428.436 0. 0. 1. 0.
-0.986 0.165 0. 102.522 -0.165 -0.986 0. -428.641 0. 0. 1. 0.
-0.974 0.226 0. 101.196 -0.226 -0.974 0. -429.025 0. 0. 1. 0.
-0.956 0.295 0. 99.933 -0.295 -0.956 0. -429.514 0. 0. 1. 0.
-0.930 0.368 0. 98.692 -0.368 -0.930 0. -430.050 0. 0. 1. 0.
-0.897 0.441 0. 97.563 -0.441 -0.897 0. -430.721 0. 0. 1. 0.
-0.856 0.516 0. 96.454 -0.516 -0.856 0. -431.468 0. 0. 1. 0.
-0.805 0.593 0. 95.373 -0.593 -0.805 0. -432.274 0. 0. 1. 0.
-0.744 0.668 0. 94.500 -0.668 -0.744 0. -433.232 0. 0. 1. 0.
-0.671 0.742 0. 93.639 -0.742 -0.671 0. -434.342 0. 0. 1. 0.
-0.589 0.808 0. 92.941 -0.808 -0.589 0. -435.435 0. 0. 1. 0.
-0.500 0.866 0. 92.353 -0.866 -0.500 0. -436.696 0. 0. 1. 0.
-0.409 0.913 0. 91.907 -0.913 -0.409 0. -437.989 0. 0. 1. 0.
-0.315 0.949 0. 91.530 -0.949 -0.315 0. -439.363 0. 0. 1. 0.
-0.236 0.972 0. 91.334 -0.972 -0.236 0. -440.742 0. 0. 1. 0.
-0.176 0.984 0. 91.119 -0.984 -0.176 0. -442.146 0. 0. 1. 0.
-0.134 0.991 0. 90.965 -0.991 -0.134 0. -443.559 0. 0. 1. 0.
-0.100 0.995 0. 90.847 -0.995 -0.100 0. -445.005 0. 0. 1. 0.
-0.068 0.998 0. 90.771 -0.998 -0.068 0. -446.504 0. 0. 1. 0.
-0.040 0.999 0. 90.705 -0.999 -0.040 0. -448.008 0. 0. 1. 0.
-0.024 1.000 0. 90.739 -1.000 -0.024 0. -449.571 0. 0. 1. 0.
-0.009 1. 0. 90.753 -1. -0.009 0. -451.099 0. 0. 1. 0.
0.003 1. 0. 90.784 -1. 0.003 0. -452.668 0. 0. 1. 0.
0.012 1. 0. 90.778 -1. 0.012 0. -454.164 0. 0. 1. 0.
0.022 1.000 0. 90.812 -1.000 0.022 0. -455.599 0. 0. 1. 0.
0.030 1.000 0. 90.861 -1.000 0.030 0. -457.066 0. 0. 1. 0.
0.029 1.000 0. 90.874 -1.000 0.029 0. -458.493 0. 0. 1. 0.
0.030 1.000 0. 90.979 -1.000 0.030 0. -459.852 0. 0. 1. 0.
0.029 1.000 0. 91.045 -1.000 0.029 0. -461.148 0. 0. 1. 0.
0.030 1.000 0. 91.080 -1.000 0.030 0. -462.335 0. 0. 1. 0.
0.030 1.000 0. 91.133 -1.000 0.030 0. -463.439 0. 0. 1. 0.
0.028 1.000 0. 91.168 -1.000 0.028 0. -464.504 0. 0. 1. 0.
0.030 1.000 0. 91.190 -1.000 0.030 0. -465.500 0. 0. 1. 0.
0.030 1.000 0. 91.266 -1.000 0.030 0. -466.439 0. 0. 1. 0.
0.031 1.000 0. 91.236 -1.000 0.031 0. -467.350 0. 0. 1. 0.
0.031 1.000 0. 91.264 -1.000 0.031 0. -468.154 0. 0. 1. 0.
0.031 1.000 0. 91.299 -1.000 0.031 0. -468.908 0. 0. 1. 0.
0.030 1.000 0. 91.318 -1.000 0.030 0. -469.627 0. 0. 1. 0.
0.031 1.000 0. 91.322 -1.000 0.031 0. -470.265 0. 0. 1. 0.
0.031 1.000 0. 91.348 -1.000 0.031 0. -470.908 0. 0. 1. 0.
0.033 0.999 0. 91.351 -0.999 0.033 0. -471.545 0. 0. 1. 0.
0.041 0.999 0. 91.426 -0.999 0.041 0. -472.162 0. 0. 1. 0.
0.049 0.999 0. 91.464 -0.999 0.049 0. -472.807 0. 0. 1. 0.
0.059 0.998 0. 91.543 -0.998 0.059 0. -473.458 0. 0. 1. 0.
0.070 0.998 0. 91.569 -0.998 0.070 0. -474.140 0. 0. 1. 0.
0.082 0.997 0. 91.633 -0.997 0.082 0. -474.878 0. 0. 1. 0.
0.092 0.996 0. 91.688 -0.996 0.092 0. -475.646 0. 0. 1. 0.
0.095 0.995 0. 91.818 -0.995 0.095 0. -476.431 0. 0. 1. 0.
0.090 0.996 0. 91.915 -0.996 0.090 0. -477.293 0. 0. 1. 0.
0.087 0.996 0. 91.980 -0.996 0.087 0. -478.180 0. 0. 1. 0.
