1. 0. 0. 0. 0. -1. -0. 0. 0. 0. -1. 0.
1. 0.004 0. -0.009 0.004 -1. -0. -0.021 0. 0. -1. 0.
1. 0.001 0. 0.008 0.001 -1. -0. -0.002 0. 0. -1. 0.
1. 0.005 0. 0.015 0.005 -1. -0. -0.010 0. 0. -1. 0.
1. 0.013 0. -0.013 0.013 -1. -0. -0.017 0. 0. -1. 0.
1. 0.003 0. 0.011 0.003 -1. -0. -0.004 0. 0. -1. 0.
1. 0.007 0. -0.011 0.007 -1. -0. -0.034 0. 0. -1. 0.
1. 0.005 0. -0.009 0.005 -1. -0. -0.033 0. 0. -1. 0.
1. 0.004 0. -0.014 0.004 -1. -0. -0.047 0. 0. -1. 0.
1. 0.003 0. -0.009 0.003 -1. -0. -0.007 0. 0. -1. 0.
1. 0.003 0. -0.001 0.003 -1. -0. -0.002 0. 0. -1. 0.
1. 0.001 0. 0.002 0.001 -1. -0. -0.011 0. 0. -1. 0.
1. 0.001 0. -0.011 0.001 -1. -0. -0.046 0. 0. -1. 0.
1. 0.002 0. 0.001 0.002 -1. -0. 0.001 0. 0. -1. 0.
1. 0.005 0. 0.006 0.005 -1. -0. -0.008 0. 0. -1. 0.
1. 0.005 0. 0.049 0.005 -1. -0. -0.004 0. 0. -1. 0.
1. 0.004 0. -0.006 0.004 -1. -0. -0.030 0. 0. -1. 0.
1. -0.000 -0. -0.009 -0.000 -1. -0. -0.008 0. 0. -1. 0.
1. 0.008 0. -0.005 0.008 -1. -0. -0.035 0. 0. -1. 0.
1. 0.005 0. 0.046 0.005 -1. -0. 0.019 0. 0. -1. 0.
1. 0.000 0. -0.007 0.000 -1. -0. -0.061 0. 0. -1. 0.
1. 0.005 0. -0.033 0.005 -1. -0. -0.041 0. 0. -1. 0.
1. 0.002 0. 0.024 0.002 -1. -0. 0.028 0. 0. -1. 0.
1. -0.000 -0. 0.001 -0.000 -1. -0. -0.013 0. 0. -1. 0.
1. 0.005 0. -0.024 0.005 -1. -0. -0.026 0. 0. -1. 0.
1. 0.001 0. 0.010 0.001 -1. -0. 0.006 0. 0. -1. 0.
1. 0.005 0. -0.021 0.005 -1. -0. -0.028 0. 0. -1. 0.
1. 0.002 0. 0.006 0.002 -1. -0. 0.001 0. 0. -1. 0.
1. 0.008 0. -0.009 0.008 -1. -0. -0.022 0. 0. -1. 0.
1. 0.003 0. 0.001 0.003 -1. -0. -0.003 0. 0. -1. 0.
1. -0.001 -0. -0.031 -0.001 -1. -0. -0.037 0. 0. -1. 0.
1. 0.002 0. -0.007 0.002 -1. -0. -0.002 0. 0. -1. 0.
1. 0.003 0. -0.012 0.003 -1. -0. -0.006 0. 0. -1. 0.
1. 0.004 0. -0.048 0.004 -1. -0. -0.029 0. 0. -1. 0.
1. 0.004 0. 0.008 0.004 -1. -0. 0.014 0. 0. -1. 0.
1. -0.000 -0. -0.013 -0.000 -1. -0. -0.011 0. 0. -1. 0.
1. 0.003 0. -0.017 0.003 -1. -0. -0.019 0. 0. -1. 0.
1. 0.002 0. -0.012 0.002 -1. -0. -0.076 0. 0. -1. 0.
1. 0.001 0. -0.005 0.001 -1. -0. -0.004 0. 0. -1. 0.
1. 0.006 0. -0.034 0.006 -1. -0. -0.037 0. 0. -1. 0.
1. 0.003 0. -0.002 0.003 -1. -0. -0.005 0. 0. -1. 0.
1. 0.007 0. -0.025 0.007 -1. -0. -0.035 0. 0. -1. 0.
1. 0.002 0. -0.006 0.002 -1. -0. -0.008 0. 0. -1. 0.
1. 0.002 0. -0.033 0.002 -1. -0. -0.085 0. 0. -1. 0.
1. 0. 0. -0.023 0. -1. -0. -0.023 0. 0. -1. 0.
1. 0.006 0. -0.016 0.006 -1. -0. -0.019 0. 0. -1. 0.
1. 0.003 0. 0.008 0.003 -1. -0. -0.005 0. 0. -1. 0.
1. 0.001 0. 0.013 0.001 -1. -0. -0.017 0. 0. -1. 0.
1. 0.007 0. -0.017 0.007 -1. -0. -0.029 0. 0. -1. 0.
1. 0.001 0. 0.012 0.001 -1. -0. 0.002 0. 0. -1. 0.
1. 0.003 0. -0.021 0.003 -1. -0. -0.029 0. 0. -1. 0.
1. -0.000 -0. -0.009 -0.000 -1. -0. -0.003 0. 0. -1. 0.
1. 0.002 0. 0.009 0.002 -1. -0. -0.017 0. 0. -1. 0.
1. -0. -0. 0.088 -0. -1. -0. -0.016 0. 0. -1. 0.
1. 0.001 0. 0.109 0.001 -1. -0. -0.014 0. 0. -1. 0.
1. -0.007 -0. 0.290 -0.007 -1. -0. -0.022 0. 0. -1. 0.
1.000 -0.029 -0. 0.519 -0.029 -1.000 -0. -0.029 0. 0. -1. 0.
0.999 -0.050 -0. 0.847 -0.050 -0.999 -0. -0.141 0. 0. -1. 0.
0.997 -0.074 -0. 1.276 -0.074 -0.997 -0. -0.083 0. 0. -1. 0.
0.994 -0.114 -0. 1.704 -0.114 -0.994 -0. -0.237 0. 0. -1. 0.
0.989 -0.147 -0. 2.253 -0.147 -0.989 -0. -0.408 0. 0. -1. 0.
0.985 -0.172 -0. 2.944 -0.172 -0.985 -0. -0.459 0. 0. -1. 0.
0.982 -0.187 -0. 3.703 -0.187 -0.982 -0. -0.602 0. 0. -1. 0.
0.981 -0.193 -0. 4.475 -0.193 -0.981 -0. -0.793 0. 0. -1. 0.
0.980 -0.198 -0. 5.404 -0.198 -0.980 -0. -0.916 0. 0. -1. 0.
0.982 -0.190 -0. 6.328 -0.190 -0.982 -0. -1.268 0. 0. -1. 0.
0.981 -0.192 -0. 7.388 -0.192 -0.981 -0. -1.466 0. 0. -1. 0.
0.982 -0.187 -0. 8.409 -0.187 -0.982 -0. -1.674 0. 0. -1. 0.
0.985 -0.173 -0. 9.490 -0.173 -0.985 -0. -1.945 0. 0. -1. 0.
0.986 -0.169 -0. 10.671 -0.169 -0.986 -0. -2.097 0. 0. -1. 0.
0.987 -0.164 -0. 11.888 -0.164 -0.987 -0. -2.241 0. 0. -1. 0.
0.988 -0.153 -0. 13.049 -0.153 -0.988 -0. -2.479 0. 0. -1. 0.
0.991 -0.137 -0. 14.448 -0.137 -0.991 -0. -2.663 0. 0. -1. 0.
0.993 -0.121 -0. 15.911 -0.121 -0.993 -0. -2.753 0. 0. -1. 0.
0.994 -0.113 -0. 17.314 -0.113 -0.994 -0. -3.028 0. 0. -1. 0.
0.995 -0.098 -0. 18.730 -0.098 -0.995 -0. -3.131 0. 0. -1. 0.
0.997 -0.082 -0. 20.356 -0.082 -0.997 -0. -3.304 0. 0. -1. 0.
0.998 -0.066 -0. 21.928 -0.066 -0.998 -0. -3.473 0. 0. -1. 0.
0.998 -0.062 -0. 23.529 -0.062 -0.998 -0. -3.532 0. 0. -1. 0.
0.999 -0.050 -0. 25.131 -0.050 -0.999 -0. -3.703 0. 0. -1. 0.
0.999 -0.032 -0. 26.792 -0.032 -0.999 -0. -3.825 0. 0. -1. 0.
1. -0.013 -0. 28.480 -0.013 -1. -0. -3.840 0. 0. -1. 0.
1. 0.003 0. 30.093 0.003 -1. -0. -3.908 0. 0. -1. 0.
1.000 0.019 0. 31.863 0.019 -1.000 -0. -3.870 0. 0. -1. 0.
1.000 0.027 0. 33.704 0.027 -1.000 -0. -3.802 0. 0. -1. 0.
0.999 0.040 0. 35.484 0.040 -0.999 -0. -3.939 0. 0. -1. 0.
0.999 0.043 0. 37.277 0.043 -0.999 -0. -3.813 0. 0. -1. 0.
0.999 0.050 0. 39.204 0.050 -0.999 -0. -3.655 0. 0. -1. 0.
0.999 0.052 0. 41.114 0.052 -0.999 -0. -3.657 0. 0. -1. 0.
0.998 0.056 0. 43.027 0.056 -0.998 -0. -3.508 0. 0. -1. 0.
0.999 0.051 0. 45.006 0.051 -0.999 -0. -3.401 0. 0. -1. 0.
0.999 0.048 0. 47.025 0.048 -0.999 -0. -3.381 0. 0. -1. 0.
0.999 0.048 0. 49.115 0.048 -0.999 -0. -3.409 0. 0. -1. 0.
0.999 0.047 0. 51.135 0.047 -0.999 -0. -3.215 0. 0. -1. 0.
0.999 0.048 0. 53.251 0.048 -0.999 -0. -3.175 0. 0. -1. 0.
0.999 0.053 0. 55.371 0.053 -0.999 -0. -3.215 0. 0. -1. 0.
0.998 0.057 0. 57.397 0.057 -0.998 -0. -3.089 0. 0. -1. 0.
0.998 0.060 0. 59.444 0.060 -0.998 -0. -2.875 0. 0. -1. 0.
0.999 0.054 0. 61.576 0.054 -0.999 -0. -2.781 0. 0. -1. 0.
0.998 0.068 0. 63.575 0.068 -0.998 -0. -2.784 0. 0. -1. 0.
0.998 0.061 0. 65.625 0.061 -0.998 -0. -2.590 0. 0. -1. 0.
0.998 0.068 0. 67.623 0.068 -0.998 -0. -2.555 0. 0. -1. 0.
0.998 0.059 0. 69.654 0.059 -0.998 -0. -2.301 0. 0. -1. 0.
0.998 0.055 0. 71.631 0.055 -0.998 -0. -2.280 0. 0. -1. 0.
0.998 0.058 0. 73.669 0.058 -0.998 -0. -2.157 0. 0. -1. 0.
0.999 0.051 0. 75.600 0.051 -0.999 -0. -2.154 0. 0. -1. 0.
0.999 0.036 0. 77.624 0.036 -0.999 -0. -1.922 0. 0. -1. 0.
1.000 0.020 0. 79.616 0.020 -1.000 -0. -1.962 0. 0. -1. 0.
1. -0.004 -0. 81.589 -0.004 -1. -0. -2.096 0. 0. -1. 0.
0.999 -0.032 -0. 83.623 -0.032 -0.999 -0. -2.091 0. 0. -1. 0.
0.998 -0.063 -0. 85.458 -0.063 -0.998 -0. -2.210 0. 0. -1. 0.
0.996 -0.095 -0. 87.458 -0.095 -0.996 -0. -2.325 0. 0. -1. 0.
0.990 -0.143 -0. 89.320 -0.143 -0.990 -0. -2.777 0. 0. -1. 0.
0.980 -0.199 -0. 91.326 -0.199 -0.980 -0. -3.080 0. 0. -1. 0.
0.966 -0.257 -0. 93.196 -0.257 -0.966 -0. -3.495 0. 0. -1. 0.
0.948 -0.319 -0. 94.915 -0.319 -0.948 -0. -4.176 0. 0. -1. 0.
0.930 -0.367 -0. 96.713 -0.367 -0.930 -0. -4.967 0. 0. -1. 0.
0.909 -0.417 -0. 98.568 -0.417 -0.909 -0. -5.738 0. 0. -1. 0.
0.881 -0.473 -0. 100.280 -0.473 -0.881 -0. -6.608 0. 0. -1. 0.
0.853 -0.522 -0. 101.845 -0.522 -0.853 -0. -7.719 0. 0. -1. 0.
0.817 -0.577 -0. 103.460 -0.577 -0.817 -0. -8.697 0. 0. -1. 0.
0.775 -0.632 -0. 104.762 -0.632 -0.775 -0. -10.142 0. 0. -1. 0.
0.735 -0.678 -0. 106.283 -0.678 -0.735 -0. -11.266 0. 0. -1. 0.
0.689 -0.725 -0. 107.475 -0.725 -0.689 -0. -12.700 0. 0. -1. 0.
0.639 -0.769 -0. 108.685 -0.769 -0.639 -0. -14.089 0. 0. -1. 0.
0.583 -0.813 -0. 109.771 -0.813 -0.583 -0. -15.542 0. 0. -1. 0.
0.528 -0.849 -0. 110.684 -0.849 -0.528 -0. -17.100 0. 0. -1. 0.
0.477 -0.879 -0. 111.576 -0.879 -0.477 -0. -18.786 0. 0. -1. 0.
0.432 -0.902 -0. 112.447 -0.902 -0.432 -0. -20.537 0. 0. -1. 0.
0.390 -0.921 -0. 112.927 -0.921 -0.390 -0. -22.360 0. 0. -1. 0.
0.370 -0.929 -0. 113.647 -0.929 -0.370 -0. -24.177 0. 0. -1. 0.
0.360 -0.933 -0. 114.246 -0.933 -0.360 -0. -26.073 0. 0. -1. 0.
0.352 -0.936 -0. 115.057 -0.936 -0.352 -0. -27.890 0. 0. -1. 0.
0.356 -0.935 -0. 115.547 -0.935 -0.356 -0. -29.820 0. 0. -1. 0.
0.355 -0.935 -0. 116.371 -0.935 -0.355 -0. -31.674 0. 0. -1. 0.
0.372 -0.928 -0. 116.933 -0.928 -0.372 -0. -33.624 0. 0. -1. 0.
0.383 -0.924 -0. 117.822 -0.924 -0.383 -0. -35.478 0. 0. -1. 0.
0.398 -0.917 -0. 118.636 -0.917 -0.398 -0. -37.325 0. 0. -1. 0.
0.416 -0.909 -0. 119.324 -0.909 -0.416 -0. -39.190 0. 0. -1. 0.
0.431 -0.902 -0. 120.140 -0.902 -0.431 -0. -41.007 0. 0. -1. 0.
0.452 -0.892 -0. 120.966 -0.892 -0.452 -0. -42.796 0. 0. -1. 0.
0.479 -0.878 -0. 121.846 -0.878 -0.479 -0. -44.470 0. 0. -1. 0.
0.503 -0.864 -0. 122.676 -0.864 -0.503 -0. -46.263 0. 0. -1. 0.
0.526 -0.850 -0. 123.703 -0.850 -0.526 -0. -47.960 0. 0. -1. 0.
0.552 -0.834 -0. 124.800 -0.834 -0.552 -0. -49.565 0. 0. -1. 0.
0.573 -0.819 -0. 125.902 -0.819 -0.573 -0. -51.130 0. 0. -1. 0.
0.592 -0.806 -0. 126.996 -0.806 -0.592 -0. -52.766 0. 0. -1. 0.
0.612 -0.791 -0. 128.188 -0.791 -0.612 -0. -54.258 0. 0. -1. 0.
0.633 -0.774 -0. 129.272 -0.774 -0.633 -0. -55.812 0. 0. -1. 0.
0.653 -0.758 -0. 130.486 -0.758 -0.653 -0. -57.325 0. 0. -1. 0.
0.667 -0.745 -0. 131.872 -0.745 -0.667 -0. -58.701 0. 0. -1. 0.
0.680 -0.734 -0. 133.143 -0.734 -0.680 -0. -60.099 0. 0. -1. 0.
0.691 -0.723 -0. 134.329 -0.723 -0.691 -0. -61.497 0. 0. -1. 0.
0.699 -0.715 -0. 135.659 -0.715 -0.699 -0. -62.792 0. 0. -1. 0.
0.703 -0.711 -0. 136.861 -0.711 -0.703 -0. -64.178 0. 0. -1. 0.
0.710 -0.704 -0. 138.179 -0.704 -0.710 -0. -65.400 0. 0. -1. 0.
0.721 -0.693 -0. 139.413 -0.693 -0.721 -0. -66.782 0. 0. -1. 0.
0.725 -0.689 -0. 140.700 -0.689 -0.725 -0. -67.912 0. 0. -1. 0.
0.731 -0.683 -0. 141.964 -0.683 -0.731 -0. -69.116 0. 0. -1. 0.
0.741 -0.672 -0. 143.186 -0.672 -0.741 -0. -70.291 0. 0. -1. 0.
0.748 -0.664 -0. 144.448 -0.664 -0.748 -0. -71.383 0. 0. -1. 0.
0.772 -0.635 -0. 145.633 -0.635 -0.772 -0. -72.407 0. 0. -1. 0.
0.805 -0.593 -0. 146.872 -0.593 -0.805 -0. -73.372 0. 0. -1. 0.
0.841 -0.541 -0. 148.013 -0.541 -0.841 -0. -74.225 0. 0. -1. 0.
0.877 -0.480 -0. 149.244 -0.480 -0.877 -0. -74.977 0. 0. -1. 0.
0.915 -0.403 -0. 150.408 -0.403 -0.915 -0. -75.421 0. 0. -1. 0.
0.952 -0.307 -0. 151.629 -0.307 -0.952 -0. -75.811 0. 0. -1. 0.
0.981 -0.192 -0. 152.763 -0.192 -0.981 -0. -76.040 0. 0. -1. 0.
0.998 -0.065 -0. 153.895 -0.065 -0.998 -0. -76.114 0. 0. -1. 0.
0.997 0.080 0. 154.994 0.080 -0.997 -0. -75.967 0. 0. -1. 0.
0.969 0.245 0. 155.993 0.245 -0.969 -0. -75.666 0. 0. -1. 0.
0.919 0.395 0. 156.970 0.395 -0.919 -0. -75.223 0. 0. -1. 0.
0.836 0.548 0. 157.859 0.548 -0.836 -0. -74.650 0. 0. -1. 0.
0.727 0.686 0. 158.505 0.686 -0.727 -0. -73.973 0. 0. -1. 0.
0.596 0.803 0. 159.044 0.803 -0.596 -0. -73.158 0. 0. -1. 0.
0.448 0.894 0. 159.520 0.894 -0.448 -0. -72.224 0. 0. -1. 0.
0.275 0.961 0. 159.698 0.961 -0.275 -0. -71.331 0. 0. -1. 0.
0.100 0.995 0. 159.737 0.995 -0.100 -0. -70.305 0. 0. -1. 0.
-0.082 0.997 0. 159.635 0.997 0.082 0. -69.391 0. 0. -1. 0.
-0.254 0.967 0. 159.364 0.967 0.254 0. -68.504 0. 0. -1. 0.
-0.415 0.910 0. 158.900 0.910 0.415 0. -67.624 0. 0. -1. 0.
-0.564 0.826 0. 158.322 0.826 0.564 0. -66.826 0. 0. -1. 0.
-0.687 0.727 0. 157.536 0.727 0.687 0. -66.079 0. 0. -1. 0.
-0.787 0.617 0. 156.681 0.617 0.787 0. -65.427 0. 0. -1. 0.
-0.849 0.528 0. 155.660 0.528 0.849 0. -64.757 0. 0. -1. 0.
-0.898 0.439 0. 154.651 0.439 0.898 0. -64.290 0. 0. -1. 0.
-0.922 0.387 0. 153.433 0.387 0.922 0. -63.752 0. 0. -1. 0.
-0.945 0.326 0. 152.313 0.326 0.945 0. -63.458 0. 0. -1. 0.
-0.951 0.308 0. 150.966 0.308 0.951 0. -62.922 0. 0. -1. 0.
-0.956 0.292 0. 149.720 0.292 0.956 0. -62.642 0. 0. -1. 0.
-0.954 0.299 0. 148.234 0.299 0.954 0. -62.145 0. 0. -1. 0.
-0.952 0.305 0. 146.889 0.305 0.952 0. -61.696 0. 0. -1. 0.
-0.949 0.315 0. 145.414 0.315 0.949 0. -61.162 0. 0. -1. 0.
-0.939 0.345 0. 143.893 0.345 0.939 0. -60.617 0. 0. -1. 0.
-0.931 0.366 0. 142.353 0.366 0.931 0. -60.020 0. 0. -1. 0.
-0.920 0.393 0. 140.832 0.393 0.920 0. -59.311 0. 0. -1. 0.
-0.906 0.423 0. 139.321 0.423 0.906 0. -58.637 0. 0. -1. 0.
-0.889 0.458 0. 137.783 0.458 0.889 0. -57.792 0. 0. -1. 0.
-0.869 0.494 0. 136.208 0.494 0.869 0. -56.830 0. 0. -1. 0.
-0.847 0.532 0. 134.740 0.532 0.847 0. -55.856 0. 0. -1. 0.
-0.822 0.570 0. 133.212 0.570 0.822 0. -54.625 0. 0. -1. 0.
-0.797 0.604 0. 131.698 0.604 0.797 0. -53.567 0. 0. -1. 0.
-0.765 0.643 0. 130.235 0.643 0.765 0. -52.361 0. 0. -1. 0.
-0.732 0.681 0. 128.795 0.681 0.732 0. -51.098 0. 0. -1. 0.
-0.699 0.715 0. 127.594 0.715 0.699 0. -49.569 0. 0. -1. 0.
-0.672 0.740 0. 126.265 0.740 0.672 0. -48.104 0. 0. -1. 0.
-0.639 0.769 0. 124.961 0.769 0.639 0. -46.631 0. 0. -1. 0.
-0.607 0.794 0. 123.919 0.794 0.607 0. -45.095 0. 0. -1. 0.
-0.568 0.823 0. 122.844 0.823 0.568 0. -43.624 0. 0. -1. 0.
-0.526 0.851 0. 121.872 0.851 0.526 0. -41.949 0. 0. -1. 0.
-0.482 0.876 0. 120.864 0.876 0.482 0. -40.300 0. 0. -1. 0.
-0.439 0.898 0. 120.053 0.898 0.439 0. -38.563 0. 0. -1. 0.
-0.394 0.919 0. 119.343 0.919 0.394 0. -36.793 0. 0. -1. 0.
-0.366 0.931 0. 118.755 0.931 0.366 0. -34.913 0. 0. -1. 0.
-0.340 0.940 0. 117.986 0.940 0.340 0. -33.102 0. 0. -1. 0.
-0.324 0.946 0. 117.515 0.946 0.324 0. -31.208 0. 0. -1. 0.
-0.321 0.947 0. 116.929 0.947 0.321 0. -29.367 0. 0. -1. 0.
-0.323 0.946 0. 116.367 0.946 0.323 0. -27.539 0. 0. -1. 0.
-0.327 0.945 0. 115.658 0.945 0.327 0. -25.812 0. 0. -1. 0.
-0.343 0.939 0. 115.003 0.939 0.343 0. -24.021 0. 0. -1. 0.
-0.367 0.930 0. 114.147 0.930 0.367 0. -22.308 0. 0. -1. 0.
-0.397 0.918 0. 113.699 0.918 0.397 0. -20.516 0. 0. -1. 0.
-0.429 0.904 0. 113.054 0.904 0.429 0. -18.874 0. 0. -1. 0.
-0.470 0.883 0. 112.260 0.883 0.470 0. -17.181 0. 0. -1. 0.
-0.509 0.861 0. 111.069 0.861 0.509 0. -15.688 0. 0. -1. 0.
-0.561 0.828 0. 110.180 0.828 0.561 0. -14.153 0. 0. -1. 0.
-0.609 0.793 0. 109.201 0.793 0.609 0. -12.654 0. 0. -1. 0.
-0.666 0.746 0. 108.155 0.746 0.666 0. -11.218 0. 0. -1. 0.
-0.712 0.702 0. 106.746 0.702 0.712 0. -9.999 0. 0. -1. 0.
-0.758 0.653 0. 105.382 0.653 0.758 0. -8.760 0. 0. -1. 0.
-0.800 0.601 0. 104.005 0.601 0.800 0. -7.577 0. 0. -1. 0.
-0.836 0.549 0. 102.495 0.549 0.836 0. -6.528 0. 0. -1. 0.
-0.869 0.494 0. 100.844 0.494 0.869 0. -5.657 0. 0. -1. 0.
-0.902 0.431 0. 99.183 0.431 0.902 0. -4.721 0. 0. -1. 0.
-0.924 0.382 0. 97.510 0.382 0.924 0. -3.998 0. 0. -1. 0.
-0.945 0.326 0. 95.735 0.326 0.945 0. -3.361 0. 0. -1. 0.
-0.962 0.274 0. 93.965 0.274 0.962 0. -2.756 0. 0. -1. 0.
-0.975 0.222 0. 92.112 0.222 0.975 0. -2.301 0. 0. -1. 0.
-0.982 0.189 0. 90.330 0.189 0.982 0. -2.015 0. 0. -1. 0.
-0.990 0.144 0. 88.417 0.144 0.990 0. -1.740 0. 0. -1. 0.
-0.993 0.117 0. 86.504 0.117 0.993 0. -1.439 0. 0. -1. 0.
-0.995 0.097 0. 84.733 0.097 0.995 0. -1.248 0. 0. -1. 0.
-0.997 0.078 0. 82.926 0.078 0.997 0. -1.124 0. 0. -1. 0.
-0.998 0.063 0. 81.143 0.063 0.998 0. -1.007 0. 0. -1. 0.
-0.999 0.045 0. 79.300 0.045 0.999 0. -0.859 0. 0. -1. 0.
-0.999 0.040 0. 77.540 0.040 0.999 0. -0.838 0. 0. -1. 0.
-1.000 0.028 0. 75.841 0.028 1.000 0. -0.737 0. 0. -1. 0.
-1.000 0.019 0. 74.154 0.019 1.000 0. -0.658 0. 0. -1. 0.
-1. 0.013 0. 72.455 0.013 1. 0. -0.620 0. 0. -1. 0.
-1. 0.005 0. 70.858 0.005 1. 0. -0.554 0. 0. -1. 0.
-1. -0.005 -0. 69.260 -0.005 1. 0. -0.538 0. 0. -1. 0.
-1. -0.008 -0. 67.694 -0.008 1. 0. -0.605 0. 0. -1. 0.
-1.000 -0.017 -0. 66.152 -0.017 1.000 0. -0.652 0. 0. -1. 0.
-1. -0.013 -0. 64.613 -0.013 1. 0. -0.590 0. 0. -1. 0.
-1.000 -0.020 -0. 63.115 -0.020 1.000 0. -0.590 0. 0. -1. 0.
-1.000 -0.018 -0. 61.685 -0.018 1.000 0. -0.586 0. 0. -1. 0.
-1.000 -0.023 -0. 60.329 -0.023 1.000 0. -0.556 0. 0. -1. 0.
-1.000 -0.018 -0. 59.030 -0.018 1.000 0. -0.469 0. 0. -1. 0.
-1.000 -0.018 -0. 57.799 -0.018 1.000 0. -0.506 0. 0. -1. 0.
-1. -0.008 -0. 56.564 -0.008 1. 0. -0.536 0. 0. -1. 0.
-1. -0.013 -0. 55.447 -0.013 1. 0. -0.545 0. 0. -1. 0.
-1. -0.012 -0. 54.227 -0.012 1. 0. -0.528 0. 0. -1. 0.
-1.000 -0.014 -0. 53.135 -0.014 1.000 0. -0.560 0. 0. -1. 0.
-1.000 -0.025 -0. 51.992 -0.025 1.000 0. -0.513 0. 0. -1. 0.
-0.999 -0.039 -0. 50.853 -0.039 0.999 0. -0.705 0. 0. -1. 0.
-0.998 -0.061 -0. 49.631 -0.061 0.998 0. -0.604 0. 0. -1. 0.
-0.997 -0.082 -0. 48.373 -0.082 0.997 0. -0.671 0. 0. -1. 0.
-0.995 -0.098 -0. 47.000 -0.098 0.995 0. -0.712 0. 0. -1. 0.
-0.994 -0.106 -0. 45.638 -0.106 0.994 0. -0.897 0. 0. -1. 0.
-0.994 -0.112 -0. 44.250 -0.112 0.994 0. -1.049 0. 0. -1. 0.
-0.994 -0.112 -0. 42.752 -0.112 0.994 0. -1.165 0. 0. -1. 0.
-0.995 -0.096 -0. 41.193 -0.096 0.995 0. -1.243 0. 0. -1. 0.
-0.997 -0.079 -0. 39.678 -0.079 0.997 0. -1.429 0. 0. -1. 0.
-0.998 -0.060 -0. 38.048 -0.060 0.998 0. -1.638 0. 0. -1. 0.
-0.999 -0.046 -0. 36.356 -0.046 0.999 0. -1.617 0. 0. -1. 0.
-1.000 -0.026 -0. 34.734 -0.026 1.000 0. -1.732 0. 0. -1. 0.
-1. -0.006 -0. 32.916 -0.006 1. 0. -1.637 0. 0. -1. 0.
-1. 0.012 0. 31.099 0.012 1. 0. -1.517 0. 0. -1. 0.
-1.000 0.031 0. 29.348 0.031 1.000 0. -1.466 0. 0. -1. 0.
-0.999 0.051 0. 27.386 0.051 0.999 0. -1.388 0. 0. -1. 0.
-0.998 0.061 0. 25.464 0.061 0.998 0. -1.237 0. 0. -1. 0.
-0.998 0.067 0. 23.589 0.067 0.998 0. -0.976 0. 0. -1. 0.
-0.996 0.084 0. 21.529 0.084 0.996 0. -0.790 0. 0. -1. 0.
-0.996 0.089 0. 19.566 0.089 0.996 0. -0.560 0. 0. -1. 0.
-0.996 0.090 0. 17.464 0.090 0.996 0. -0.399 0. 0. -1. 0.
-0.996 0.093 0. 15.520 0.093 0.996 0. -0.250 0. 0. -1. 0.
-0.996 0.091 0. 13.401 0.091 0.996 0. 0.018 0. 0. -1. 0.
-0.995 0.096 0. 11.357 0.096 0.995 0. 0.243 0. 0. -1. 0.
-0.995 0.104 0. 9.302 0.104 0.995 0. 0.466 0. 0. -1. 0.
-0.995 0.099 0. 7.301 0.099 0.995 0. 0.645 0. 0. -1. 0.
-0.995 0.097 0. 5.177 0.097 0.995 0. 0.852 0. 0. -1. 0.
-0.995 0.099 0. 3.163 0.099 0.995 0. 1.046 0. 0. -1. 0.
-0.995 0.097 0. 1.190 0.097 0.995 0. 1.283 0. 0. -1. 0.
-0.995 0.100 0. -0.812 0.100 0.995 0. 1.468 0. 0. -1. 0.
-0.996 0.090 0. -2.821 0.090 0.996 0. 1.685 0. 0. -1. 0.
-0.997 0.082 0. -4.826 0.082 0.997 0. 1.987 0. 0. -1. 0.
-0.997 0.079 0. -6.849 0.079 0.997 0. 2.190 0. 0. -1. 0.
-0.997 0.079 0. -8.756 0.079 0.997 0. 2.405 0. 0. -1. 0.
-0.997 0.082 0. -10.688 0.082 0.997 0. 2.503 0. 0. -1. 0.
-0.997 0.081 0. -12.710 0.081 0.997 0. 2.721 0. 0. -1. 0.
-0.997 0.080 0. -14.701 0.080 0.997 0. 2.901 0. 0. -1. 0.
-0.997 0.078 0. -16.626 0.078 0.997 0. 3.290 0. 0. -1. 0.
-0.995 0.099 0. -18.641 0.099 0.995 0. 3.303 0. 0. -1. 0.
-0.995 0.096 0. -20.543 0.096 0.995 0. 3.521 0. 0. -1. 0.
-0.994 0.109 0. -22.552 0.109 0.994 0. 3.917 0. 0. -1. 0.
-0.994 0.110 0. -24.559 0.110 0.994 0. 4.128 0. 0. -1. 0.
-0.995 0.103 0. -26.598 0.103 0.995 0. 4.307 0. 0. -1. 0.
-0.996 0.086 0. -28.576 0.086 0.996 0. 4.635 0. 0. -1. 0.
-0.997 0.081 0. -30.637 0.081 0.997 0. 4.735 0. 0. -1. 0.
-0.998 0.067 0. -32.605 0.067 0.998 0. 4.696 0. 0. -1. 0.
-0.999 0.043 0. -34.545 0.043 0.999 0. 4.854 0. 0. -1. 0.
-0.999 0.032 0. -36.494 0.032 0.999 0. 4.961 0. 0. -1. 0.
-1. 0.008 0. -38.450 0.008 1. 0. 4.965 0. 0. -1. 0.
-1. -0.009 -0. -40.392 -0.009 1. 0. 4.925 0. 0. -1. 0.
-1.000 -0.021 -0. -42.274 -0.021 1.000 0. 4.972 0. 0. -1. 0.
-0.999 -0.046 -0. -44.208 -0.046 0.999 0. 4.978 0. 0. -1. 0.
-0.998 -0.059 -0. -46.062 -0.059 0.998 0. 4.782 0. 0. -1. 0.
-0.998 -0.065 -0. -47.864 -0.065 0.998 0. 4.734 0. 0. -1. 0.
-0.996 -0.085 -0. -49.513 -0.085 0.996 0. 4.629 0. 0. -1. 0.
-0.996 -0.086 -0. -51.259 -0.086 0.996 0. 4.531 0. 0. -1. 0.
-0.996 -0.094 -0. -52.876 -0.094 0.996 0. 4.385 0. 0. -1. 0.
-0.996 -0.092 -0. -54.446 -0.092 0.996 0. 4.251 0. 0. -1. 0.
-0.997 -0.078 -0. -56.020 -0.078 0.997 0. 4.373 0. 0. -1. 0.
-0.998 -0.059 -0. -57.482 -0.059 0.998 0. 4.226 0. 0. -1. 0.
-0.999 -0.037 -0. -58.854 -0.037 0.999 0. 4.140 0. 0. -1. 0.
-1. -0.000 -0. -60.161 -0.000 1. 0. 4.202 0. 0. -1. 0.
-0.998 0.059 0. -61.433 0.059 0.998 0. 4.222 0. 0. -1. 0.
-0.993 0.116 0. -62.536 0.116 0.993 0. 4.378 0. 0. -1. 0.
-0.983 0.185 0. -63.609 0.185 0.983 0. 4.607 0. 0. -1. 0.
-0.965 0.262 0. -64.635 0.262 0.965 0. 4.910 0. 0. -1. 0.
-0.938 0.345 0. -65.582 0.345 0.938 0. 5.285 0. 0. -1. 0.
-0.901 0.433 0. -66.546 0.433 0.901 0. 5.726 0. 0. -1. 0.
-0.853 0.521 0. -67.341 0.521 0.853 0. 6.272 0. 0. -1. 0.
-0.786 0.618 0. -68.086 0.618 0.786 0. 6.870 0. 0. -1. 0.
-0.717 0.697 0. -68.689 0.697 0.717 0. 7.700 0. 0. -1. 0.
-0.634 0.774 0. -69.326 0.774 0.634 0. 8.446 0. 0. -1. 0.
-0.547 0.837 0. -69.893 0.837 0.547 0. 9.316 0. 0. -1. 0.
-0.453 0.892 0. -70.358 0.892 0.453 0. 10.237 0. 0. -1. 0.
-0.360 0.933 0. -70.667 0.933 0.360 0. 11.145 0. 0. -1. 0.
-0.270 0.963 0. -71.013 0.963 0.270 0. 12.171 0. 0. -1. 0.
-0.203 0.979 0. -71.158 0.979 0.203 0. 13.312 0. 0. -1. 0.
-0.140 0.990 0. -71.281 0.990 0.140 0. 14.459 0. 0. -1. 0.
-0.100 0.995 0. -71.367 0.995 0.100 0. 15.584 0. 0. -1. 0.
-0.083 0.997 0. -71.435 0.997 0.083 0. 16.898 0. 0. -1. 0.
-0.066 0.998 0. -71.375 0.998 0.066 0. 18.190 0. 0. -1. 0.
-0.052 0.999 0. -71.583 0.999 0.052 0. 19.497 0. 0. -1. 0.
-0.046 0.999 0. -71.521 0.999 0.046 0. 20.792 0. 0. -1. 0.
-0.045 0.999 0. -71.654 0.999 0.045 0. 22.118 0. 0. -1. 0.
-0.041 0.999 0. -71.677 0.999 0.041 0. 23.532 0. 0. -1. 0.
-0.037 0.999 0. -71.683 0.999 0.037 0. 24.953 0. 0. -1. 0.
-0.040 0.999 0. -71.748 0.999 0.040 0. 26.382 0. 0. -1. 0.
-0.023 1.000 0. -71.696 1.000 0.023 0. 27.866 0. 0. -1. 0.
-0.027 1.000 0. -71.786 1.000 0.027 0. 29.341 0. 0. -1. 0.
-0.003 1. 0. -71.628 1. 0.003 0. 30.799 0. 0. -1. 0.
0.002 1. 0. -71.759 1. -0.002 -0. 32.322 0. 0. -1. 0.
0.030 1.000 0. -71.633 1.000 -0.030 -0. 33.763 0. 0. -1. 0.
0.037 0.999 0. -71.487 0.999 -0.037 -0. 35.209 0. 0. -1. 0.
0.070 0.998 0. -71.445 0.998 -0.070 -0. 36.642 0. 0. -1. 0.
0.094 0.996 0. -71.335 0.996 -0.094 -0. 38.053 0. 0. -1. 0.
0.114 0.993 0. -71.183 0.993 -0.114 -0. 39.594 0. 0. -1. 0.
0.144 0.990 0. -70.907 0.990 -0.144 -0. 41.065 0. 0. -1. 0.
0.162 0.987 0. -70.540 0.987 -0.162 -0. 42.589 0. 0. -1. 0.
0.186 0.982 0. -70.192 0.982 -0.186 -0. 44.069 0. 0. -1. 0.
0.197 0.980 0. -69.918 0.980 -0.197 -0. 45.636 0. 0. -1. 0.
0.208 0.978 0. -69.529 0.978 -0.208 -0. 47.292 0. 0. -1. 0.
0.204 0.979 0. -69.157 0.979 -0.204 -0. 48.886 0. 0. -1. 0.
0.183 0.983 0. -68.787 0.983 -0.183 -0. 50.478 0. 0. -1. 0.
0.166 0.986 0. -68.545 0.986 -0.166 -0. 52.117 0. 0. -1. 0.
0.132 0.991 0. -68.216 0.991 -0.132 -0. 53.919 0. 0. -1. 0.
0.102 0.995 0. -67.936 0.995 -0.102 -0. 55.699 0. 0. -1. 0.
0.074 0.997 0. -67.822 0.997 -0.074 -0. 57.471 0. 0. -1. 0.
0.047 0.999 0. -67.721 0.999 -0.047 -0. 59.242 0. 0. -1. 0.
0.028 1.000 0. -67.650 1.000 -0.028 -0. 61.056 0. 0. -1. 0.
0.001 1. 0. -67.633 1. -0.001 -0. 62.792 0. 0. -1. 0.
-0.005 1. 0. -67.636 1. 0.005 0. 64.620 0. 0. -1. 0.
-0.028 1.000 0. -67.577 1.000 0.028 0. 66.311 0. 0. -1. 0.
-0.028 1.000 0. -67.727 1.000 0.028 0. 68.059 0. 0. -1. 0.
-0.033 0.999 0. -67.752 0.999 0.033 0. 69.693 0. 0. -1. 0.
-0.046 0.999 0. -67.781 0.999 0.046 0. 71.471 0. 0. -1. 0.
-0.046 0.999 0. -67.662 0.999 0.046 0. 73.116 0. 0. -1. 0.
-0.054 0.999 0. -67.832 0.999 0.054 0. 74.763 0. 0. -1. 0.
-0.058 0.998 0. -67.889 0.998 0.058 0. 76.297 0. 0. -1. 0.
-0.059 0.998 0. -67.954 0.998 0.059 0. 78.008 0. 0. -1. 0.
-0.064 0.998 0. -68.024 0.998 0.064 0. 79.478 0. 0. -1. 0.
-0.081 0.997 0. -68.108 0.997 0.081 0. 81.109 0. 0. -1. 0.
-0.100 0.995 0. -68.272 0.995 0.100 0. 82.652 0. 0. -1. 0.
-0.134 0.991 0. -68.443 0.991 0.134 0. 84.114 0. 0. -1. 0.
-0.159 0.987 0. -68.598 0.987 0.159 0. 85.695 0. 0. -1. 0.
-0.210 0.978 0. -68.990 0.978 0.210 0. 87.060 0. 0. -1. 0.
-0.264 0.965 0. -69.241 0.965 0.264 0. 88.513 0. 0. -1. 0.
-0.317 0.948 0. -69.658 0.948 0.317 0. 89.911 0. 0. -1. 0.
-0.387 0.922 0. -70.211 0.922 0.387 0. 91.142 0. 0. -1. 0.
-0.458 0.889 0. -70.695 0.889 0.458 0. 92.360 0. 0. -1. 0.
-0.534 0.846 0. -71.470 0.846 0.534 0. 93.591 0. 0. -1. 0.
-0.612 0.791 0. -72.300 0.791 0.612 0. 94.676 0. 0. -1. 0.
-0.699 0.715 0. -73.234 0.715 0.699 0. 95.627 0. 0. -1. 0.
-0.771 0.637 0. -74.222 0.637 0.771 0. 96.577 0. 0. -1. 0.
-0.839 0.544 0. -75.202 0.544 0.839 0. 97.245 0. 0. -1. 0.
-0.890 0.456 0. -76.366 0.456 0.890 0. 97.861 0. 0. -1. 0.
-0.929 0.370 0. -77.549 0.370 0.929 0. 98.299 0. 0. -1. 0.
-0.953 0.304 0. -78.781 0.304 0.953 0. 98.712 0. 0. -1. 0.
-0.969 0.246 0. -80.016 0.246 0.969 0. 98.975 0. 0. -1. 0.
-0.978 0.208 0. -81.293 0.208 0.978 0. 99.188 0. 0. -1. 0.
-0.983 0.185 0. -82.745 0.185 0.983 0. 99.490 0. 0. -1. 0.
-0.985 0.171 0. -83.985 0.171 0.985 0. 99.752 0. 0. -1. 0.
-0.985 0.172 0. -85.493 0.172 0.985 0. 100.008 0. 0. -1. 0.
-0.983 0.182 0. -86.884 0.182 0.983 0. 100.370 0. 0. -1. 0.
-0.975 0.221 0. -88.460 0.221 0.975 0. 100.646 0. 0. -1. 0.
-0.965 0.264 0. -89.859 0.264 0.965 0. 100.882 0. 0. -1. 0.
-0.951 0.310 0. -91.411 0.310 0.951 0. 101.507 0. 0. -1. 0.
-0.933 0.360 0. -92.838 0.360 0.933 0. 102.219 0. 0. -1. 0.
-0.913 0.409 0. -94.268 0.409 0.913 0. 102.828 0. 0. -1. 0.
-0.883 0.468 0. -95.713 0.468 0.883 0. 103.719 0. 0. -1. 0.
-0.851 0.524 0. -97.076 0.524 0.851 0. 104.611 0. 0. -1. 0.
-0.815 0.579 0. -98.447 0.579 0.815 0. 105.634 0. 0. -1. 0.
-0.782 0.624 0. -99.789 0.624 0.782 0. 106.764 0. 0. -1. 0.
-0.756 0.655 0. -101.123 0.655 0.756 0. 107.826 0. 0. -1. 0.
-0.735 0.678 0. -102.400 0.678 0.735 0. 109.058 0. 0. -1. 0.
-0.717 0.697 0. -103.757 0.697 0.717 0. 110.344 0. 0. -1. 0.
-0.716 0.698 0. -105.041 0.698 0.716 0. 111.625 0. 0. -1. 0.
-0.708 0.706 0. -106.464 0.706 0.708 0. 112.972 0. 0. -1. 0.
-0.706 0.708 0. -107.855 0.708 0.706 0. 114.369 0. 0. -1. 0.
-0.708 0.706 0. -109.205 0.706 0.708 0. 115.799 0. 0. -1. 0.
-0.713 0.701 0. -110.588 0.701 0.713 0. 117.260 0. 0. -1. 0.
-0.713 0.701 0. -112.063 0.701 0.713 0. 118.741 0. 0. -1. 0.
-0.712 0.703 0. -113.541 0.703 0.712 0. 120.280 0. 0. -1. 0.
-0.712 0.702 0. -115.046 0.702 0.712 0. 121.777 0. 0. -1. 0.
-0.715 0.700 0. -116.506 0.700 0.715 0. 123.308 0. 0. -1. 0.
-0.716 0.698 0. -118.077 0.698 0.716 0. 124.848 0. 0. -1. 0.
-0.712 0.702 0. -119.643 0.702 0.712 0. 126.471 0. 0. -1. 0.
-0.711 0.704 0. -121.084 0.704 0.711 0. 128.001 0. 0. -1. 0.
-0.709 0.706 0. -122.725 0.706 0.709 0. 129.577 0. 0. -1. 0.
-0.711 0.703 0. -124.306 0.703 0.711 0. 131.198 0. 0. -1. 0.
-0.704 0.710 0. -125.896 0.710 0.704 0. 132.850 0. 0. -1. 0.
-0.705 0.710 0. -127.436 0.710 0.705 0. 134.533 0. 0. -1. 0.
-0.704 0.710 0. -129.038 0.710 0.704 0. 136.268 0. 0. -1. 0.
-0.705 0.709 0. -130.556 0.709 0.705 0. 137.982 0. 0. -1. 0.
-0.702 0.713 0. -132.182 0.713 0.702 0. 139.596 0. 0. -1. 0.
-0.702 0.712 0. -133.690 0.712 0.702 0. 141.266 0. 0. -1. 0.
-0.701 0.713 0. -135.365 0.713 0.701 0. 142.807 0. 0. -1. 0.
-0.697 0.717 0. -136.822 0.717 0.697 0. 144.588 0. 0. -1. 0.
-0.696 0.718 0. -138.366 0.718 0.696 0. 146.236 0. 0. -1. 0.
-0.691 0.723 0. -139.871 0.723 0.691 0. 147.952 0. 0. -1. 0.
-0.691 0.723 0. -141.465 0.723 0.691 0. 149.546 0. 0. -1. 0.
-0.690 0.724 0. -142.949 0.724 0.690 0. 151.225 0. 0. -1. 0.
-0.680 0.734 0. -144.493 0.734 0.680 0. 152.801 0. 0. -1. 0.
-0.674 0.738 0. -145.876 0.738 0.674 0. 154.533 0. 0. -1. 0.
-0.670 0.742 0. -147.310 0.742 0.670 0. 156.130 0. 0. -1. 0.
-0.654 0.757 0. -148.740 0.757 0.654 0. 157.829 0. 0. -1. 0.
-0.640 0.768 0. -150.021 0.768 0.640 0. 159.540 0. 0. -1. 0.
-0.619 0.786 0. -151.375 0.786 0.619 0. 161.221 0. 0. -1. 0.
-0.595 0.804 0. -152.592 0.804 0.595 0. 162.987 0. 0. -1. 0.
-0.561 0.828 0. -153.902 0.828 0.561 0. 164.714 0. 0. -1. 0.
-0.526 0.851 0. -154.868 0.851 0.526 0. 166.658 0. 0. -1. 0.
-0.486 0.874 0. -155.948 0.874 0.486 0. 168.490 0. 0. -1. 0.
-0.445 0.896 0. -156.818 0.896 0.445 0. 170.511 0. 0. -1. 0.
-0.400 0.917 0. -157.795 0.917 0.400 0. 172.408 0. 0. -1. 0.
-0.354 0.935 0. -158.382 0.935 0.354 0. 174.527 0. 0. -1. 0.
-0.312 0.950 0. -159.046 0.950 0.312 0. 176.565 0. 0. -1. 0.
-0.262 0.965 0. -159.638 0.965 0.262 0. 178.706 0. 0. -1. 0.
-0.228 0.974 0. -159.979 0.974 0.228 0. 180.878 0. 0. -1. 0.
-0.194 0.981 0. -160.476 0.981 0.194 0. 183.048 0. 0. -1. 0.
-0.171 0.985 0. -160.690 0.985 0.171 0. 185.202 0. 0. -1. 0.
-0.145 0.989 0. -161.166 0.989 0.145 0. 187.416 0. 0. -1. 0.
-0.126 0.992 0. -161.386 0.992 0.126 0. 189.668 0. 0. -1. 0.
-0.121 0.993 0. -161.611 0.993 0.121 0. 191.875 0. 0. -1. 0.
-0.103 0.995 0. -161.802 0.995 0.103 0. 194.189 0. 0. -1. 0.
-0.104 0.995 0. -161.927 0.995 0.104 0. 196.488 0. 0. -1. 0.
-0.094 0.996 0. -162.076 0.996 0.094 0. 198.854 0. 0. -1. 0.
-0.095 0.995 0. -162.273 0.995 0.095 0. 201.126 0. 0. -1. 0.
-0.097 0.995 0. -162.434 0.995 0.097 0. 203.481 0. 0. -1. 0.
-0.099 0.995 0. -162.539 0.995 0.099 0. 205.805 0. 0. -1. 0.
-0.120 0.993 0. -162.845 0.993 0.120 0. 208.093 0. 0. -1. 0.
-0.131 0.991 0. -163.076 0.991 0.131 0. 210.416 0. 0. -1. 0.
-0.154 0.988 0. -163.221 0.988 0.154 0. 212.615 0. 0. -1. 0.
-0.172 0.985 0. -163.768 0.985 0.172 0. 214.853 0. 0. -1. 0.
-0.202 0.979 0. -164.008 0.979 0.202 0. 217.021 0. 0. -1. 0.
-0.234 0.972 0. -164.504 0.972 0.234 0. 219.051 0. 0. -1. 0.
-0.283 0.959 0. -164.954 0.959 0.283 0. 221.082 0. 0. -1. 0.
-0.335 0.942 0. -165.652 0.942 0.335 0. 223.116 0. 0. -1. 0.
-0.395 0.919 0. -166.374 0.919 0.395 0. 224.945 0. 0. -1. 0.
-0.461 0.887 0. -167.344 0.887 0.461 0. 226.734 0. 0. -1. 0.
-0.525 0.851 0. -168.316 0.851 0.525 0. 228.379 0. 0. -1. 0.
-0.586 0.810 0. -169.500 0.810 0.586 0. 229.949 0. 0. -1. 0.
-0.643 0.766 0. -170.835 0.766 0.643 0. 231.441 0. 0. -1. 0.
-0.698 0.716 0. -172.007 0.716 0.698 0. 232.824 0. 0. -1. 0.
-0.746 0.666 0. -173.559 0.666 0.746 0. 234.163 0. 0. -1. 0.
-0.794 0.609 0. -175.007 0.609 0.794 0. 235.357 0. 0. -1. 0.
-0.835 0.550 0. -176.713 0.550 0.835 0. 236.449 0. 0. -1. 0.
-0.869 0.495 0. -178.405 0.495 0.869 0. 237.453 0. 0. -1. 0.
-0.894 0.448 0. -180.099 0.448 0.894 0. 238.391 0. 0. -1. 0.
-0.916 0.400 0. -181.924 0.400 0.916 0. 239.206 0. 0. -1. 0.
-0.933 0.360 0. -183.623 0.360 0.933 0. 240.143 0. 0. -1. 0.
-0.943 0.334 0. -185.648 0.334 0.943 0. 240.882 0. 0. -1. 0.
-0.950 0.313 0. -187.567 0.313 0.950 0. 241.611 0. 0. -1. 0.
-0.954 0.299 0. -189.628 0.299 0.954 0. 242.224 0. 0. -1. 0.
-0.957 0.289 0. -191.695 0.289 0.957 0. 242.910 0. 0. -1. 0.
-0.960 0.280 0. -193.845 0.280 0.960 0. 243.582 0. 0. -1. 0.
-0.962 0.274 0. -196.017 0.274 0.962 0. 244.256 0. 0. -1. 0.
-0.961 0.277 0. -198.184 0.277 0.961 0. 244.900 0. 0. -1. 0.
-0.964 0.267 0. -200.421 0.267 0.964 0. 245.518 0. 0. -1. 0.
-0.965 0.263 0. -202.654 0.263 0.965 0. 246.220 0. 0. -1. 0.
-0.965 0.263 0. -204.830 0.263 0.965 0. 246.843 0. 0. -1. 0.
-0.967 0.256 0. -207.039 0.256 0.967 0. 247.464 0. 0. -1. 0.
-0.967 0.256 0. -209.141 0.256 0.967 0. 248.061 0. 0. -1. 0.
-0.967 0.257 0. -211.379 0.257 0.967 0. 248.673 0. 0. -1. 0.
-0.966 0.258 0. -213.353 0.258 0.966 0. 249.264 0. 0. -1. 0.
-0.966 0.258 0. -215.461 0.258 0.966 0. 249.798 0. 0. -1. 0.
-0.966 0.257 0. -217.467 0.257 0.966 0. 250.463 0. 0. -1. 0.
-0.966 0.260 0. -219.414 0.260 0.966 0. 250.887 0. 0. -1. 0.
-0.963 0.269 0. -221.336 0.269 0.963 0. 251.456 0. 0. -1. 0.
-0.961 0.275 0. -223.048 0.275 0.961 0. 252.087 0. 0. -1. 0.
-0.958 0.285 0. -224.976 0.285 0.958 0. 252.705 0. 0. -1. 0.
-0.956 0.293 0. -226.617 0.293 0.956 0. 253.243 0. 0. -1. 0.
-0.952 0.306 0. -228.266 0.306 0.952 0. 253.698 0. 0. -1. 0.
-0.946 0.324 0. -229.863 0.324 0.946 0. 254.389 0. 0. -1. 0.
-0.940 0.341 0. -231.407 0.341 0.940 0. 254.960 0. 0. -1. 0.
-0.934 0.358 0. -232.804 0.358 0.934 0. 255.508 0. 0. -1. 0.
-0.925 0.379 0. -234.163 0.379 0.925 0. 256.116 0. 0. -1. 0.
-0.912 0.411 0. -235.566 0.411 0.912 0. 256.784 0. 0. -1. 0.
-0.900 0.437 0. -236.713 0.437 0.900 0. 257.328 0. 0. -1. 0.
-0.885 0.466 0. -237.788 0.466 0.885 0. 258.038 0. 0. -1. 0.
-0.877 0.481 0. -238.777 0.481 0.877 0. 258.595 0. 0. -1. 0.
-0.872 0.489 0. -239.779 0.489 0.872 0. 259.120 0. 0. -1. 0.
-0.873 0.488 0. -240.854 0.488 0.873 0. 259.698 0. 0. -1. 0.
-0.874 0.486 0. -241.759 0.486 0.874 0. 260.280 0. 0. -1. 0.
-0.877 0.480 0. -242.648 0.480 0.877 0. 260.777 0. 0. -1. 0.
-0.881 0.473 0. -243.484 0.473 0.881 0. 261.317 0. 0. -1. 0.
-0.882 0.471 0. -244.293 0.471 0.882 0. 261.679 0. 0. -1. 0.
-0.881 0.473 0. -244.988 0.473 0.881 0. 262.066 0. 0. -1. 0.
-0.881 0.473 0. -245.656 0.473 0.881 0. 262.390 0. 0. -1. 0.
-0.880 0.474 0. -246.307 0.474 0.880 0. 262.714 0. 0. -1. 0.
-0.881 0.474 0. -246.871 0.474 0.881 0. 263.213 0. 0. -1. 0.
-0.882 0.471 0. -247.278 0.471 0.882 0. 263.391 0. 0. -1. 0.
-0.881 0.474 0. -247.786 0.474 0.881 0. 263.561 0. 0. -1. 0.
-0.880 0.475 0. -248.158 0.475 0.880 0. 263.834 0. 0. -1. 0.
-0.883 0.469 0. -248.450 0.469 0.883 0. 264.020 0. 0. -1. 0.
-0.883 0.469 0. -248.813 0.469 0.883 0. 264.153 0. 0. -1. 0.
-0.884 0.467 0. -248.988 0.467 0.884 0. 264.330 0. 0. -1. 0.
-0.884 0.467 0. -249.154 0.467 0.884 0. 264.406 0. 0. -1. 0.
-0.884 0.467 0. -249.356 0.467 0.884 0. 264.499 0. 0. -1. 0.
-0.884 0.468 0. -249.479 0.468 0.884 0. 264.542 0. 0. -1. 0.
-0.883 0.469 0. -249.408 0.469 0.883 0. 264.494 0. 0. -1. 0.
-0.883 0.470 0. -249.548 0.470 0.883 0. 264.708 0. 0. -1. 0.
-0.884 0.468 0. -249.397 0.468 0.884 0. 264.453 0. 0. -1. 0.
-0.881 0.472 0. -249.509 0.472 0.881 0. 264.633 0. 0. -1. 0.
-0.885 0.466 0. -249.415 0.466 0.885 0. 264.556 0. 0. -1. 0.
-0.883 0.469 0. -249.596 0.469 0.883 0. 264.728 0. 0. -1. 0.
-0.881 0.473 0. -249.433 0.473 0.881 0. 264.564 0. 0. -1. 0.
-0.883 0.470 0. -249.524 0.470 0.883 0. 264.596 0. 0. -1. 0.
-0.885 0.466 0. -249.445 0.466 0.885 0. 264.652 0. 0. -1. 0.
-0.882 0.472 0. -249.527 0.472 0.882 0. 264.605 0. 0. -1. 0.
-0.881 0.473 0. -249.461 0.473 0.881 0. 264.558 0. 0. -1. 0.
-0.883 0.469 0. -249.483 0.469 0.883 0. 264.575 0. 0. -1. 0.
-0.885 0.465 0. -249.445 0.465 0.885 0. 264.676 0. 0. -1. 0.
-0.885 0.465 0. -249.485 0.465 0.885 0. 264.605 0. 0. -1. 0.
-0.884 0.468 0. -249.501 0.468 0.884 0. 264.717 0. 0. -1. 0.
-0.882 0.472 0. -249.425 0.472 0.882 0. 264.643 0. 0. -1. 0.
-0.881 0.473 0. -249.492 0.473 0.881 0. 264.618 0. 0. -1. 0.
-0.884 0.467 0. -249.417 0.467 0.884 0. 264.547 0. 0. -1. 0.
-0.882 0.471 0. -249.497 0.471 0.882 0. 264.578 0. 0. -1. 0.
-0.886 0.464 0. -249.422 0.464 0.886 0. 264.607 0. 0. -1. 0.
-0.882 0.472 0. -249.532 0.472 0.882 0. 264.618 0. 0. -1. 0.
-0.885 0.465 0. -249.385 0.465 0.885 0. 264.537 0. 0. -1. 0.
-0.885 0.465 0. -249.533 0.465 0.885 0. 264.645 0. 0. -1. 0.
-0.884 0.468 0. -249.433 0.468 0.884 0. 264.510 0. 0. -1. 0.
-0.882 0.470 0. -249.540 0.470 0.882 0. 264.693 0. 0. -1. 0.
-0.883 0.470 0. -249.389 0.470 0.883 0. 264.497 0. 0. -1. 0.
-0.882 0.471 0. -249.535 0.471 0.882 0. 264.580 0. 0. -1. 0.
-0.884 0.467 0. -249.477 0.467 0.884 0. 264.616 0. 0. -1. 0.
-0.883 0.469 0. -249.557 0.469 0.883 0. 264.767 0. 0. -1. 0.
-0.885 0.465 0. -249.442 0.465 0.885 0. 264.627 0. 0. -1. 0.
-0.883 0.468 0. -249.448 0.468 0.883 0. 264.517 0. 0. -1. 0.
-0.883 0.469 0. -249.446 0.469 0.883 0. 264.483 0. 0. -1. 0.
-0.883 0.469 0. -249.395 0.469 0.883 0. 264.445 0. 0. -1. 0.
-0.881 0.473 0. -249.499 0.473 0.881 0. 264.614 0. 0. -1. 0.
-0.883 0.469 0. -249.461 0.469 0.883 0. 264.577 0. 0. -1. 0.
-0.885 0.466 0. -249.489 0.466 0.885 0. 264.639 0. 0. -1. 0.
-0.883 0.470 0. -249.463 0.470 0.883 0. 264.568 0. 0. -1. 0.
-0.883 0.469 0. -249.367 0.469 0.883 0. 264.420 0. 0. -1. 0.
-0.885 0.466 0. -249.548 0.466 0.885 0. 264.685 0. 0. -1. 0.
-0.883 0.469 0. -249.437 0.469 0.883 0. 264.559 0. 0. -1. 0.
-0.885 0.466 0. -249.484 0.466 0.885 0. 264.460 0. 0. -1. 0.
-0.883 0.469 0. -249.483 0.469 0.883 0. 264.576 0. 0. -1. 0.
-0.882 0.471 0. -249.462 0.471 0.882 0. 264.569 0. 0. -1. 0.
-0.882 0.472 0. -249.483 0.472 0.882 0. 264.580 0. 0. -1. 0.
-0.883 0.470 0. -249.474 0.470 0.883 0. 264.561 0. 0. -1. 0.
-0.885 0.465 0. -249.470 0.465 0.885 0. 264.653 0. 0. -1. 0.
-0.883 0.469 0. -249.495 0.469 0.883 0. 264.588 0. 0. -1. 0.
-0.884 0.468 0. -249.429 0.468 0.884 0. 264.627 0. 0. -1. 0.
-0.885 0.466 0. -249.486 0.466 0.885 0. 264.649 0. 0. -1. 0.
-0.883 0.469 0. -249.453 0.469 0.883 0. 264.493 0. 0. -1. 0.
-0.884 0.468 0. -249.495 0.468 0.884 0. 264.647 0. 0. -1. 0.
-0.884 0.468 0. -249.466 0.468 0.884 0. 264.606 0. 0. -1. 0.
-0.884 0.468 0. -249.534 0.468 0.884 0. 264.642 0. 0. -1. 0.
-0.885 0.466 0. -249.440 0.466 0.885 0. 264.583 0. 0. -1. 0.
-0.884 0.467 0. -249.506 0.467 0.884 0. 264.620 0. 0. -1. 0.
-0.885 0.466 0. -249.438 0.466 0.885 0. 264.664 0. 0. -1. 0.
-0.881 0.473 0. -249.497 0.473 0.881 0. 264.508 0. 0. -1. 0.
-0.881 0.472 0. -249.466 0.472 0.881 0. 264.536 0. 0. -1. 0.
-0.883 0.470 0. -249.467 0.470 0.883 0. 264.536 0. 0. -1. 0.
-0.883 0.469 0. -249.454 0.469 0.883 0. 264.549 0. 0. -1. 0.
-0.883 0.470 0. -249.498 0.470 0.883 0. 264.646 0. 0. -1. 0.
-0.882 0.471 0. -249.415 0.471 0.882 0. 264.495 0. 0. -1. 0.
-0.882 0.470 0. -249.532 0.470 0.882 0. 264.599 0. 0. -1. 0.
-0.883 0.470 0. -249.487 0.470 0.883 0. 264.658 0. 0. -1. 0.
-0.883 0.470 0. -249.449 0.470 0.883 0. 264.551 0. 0. -1. 0.
-0.883 0.469 0. -249.373 0.469 0.883 0. 264.436 0. 0. -1. 0.
-0.884 0.468 0. -249.403 0.468 0.884 0. 264.429 0. 0. -1. 0.
-0.882 0.471 0. -249.472 0.471 0.882 0. 264.494 0. 0. -1. 0.
-0.882 0.472 0. -249.452 0.472 0.882 0. 264.563 0. 0. -1. 0.
-0.882 0.471 0. -249.476 0.471 0.882 0. 264.663 0. 0. -1. 0.
-0.883 0.469 0. -249.471 0.469 0.883 0. 264.594 0. 0. -1. 0.
-0.883 0.469 0. -249.458 0.469 0.883 0. 264.520 0. 0. -1. 0.
-0.884 0.468 0. -249.504 0.468 0.884 0. 264.620 0. 0. -1. 0.
-0.883 0.468 0. -249.485 0.468 0.883 0. 264.660 0. 0. -1. 0.
-0.884 0.468 0. -249.494 0.468 0.884 0. 264.666 0. 0. -1. 0.
-0.883 0.469 0. -249.393 0.469 0.883 0. 264.463 0. 0. -1. 0.
-0.883 0.470 0. -249.585 0.470 0.883 0. 264.712 0. 0. -1. 0.
-0.881 0.474 0. -249.477 0.474 0.881 0. 264.582 0. 0. -1. 0.
-0.882 0.471 0. -249.504 0.471 0.882 0. 264.585 0. 0. -1. 0.
-0.883 0.469 0. -249.484 0.469 0.883 0. 264.585 0. 0. -1. 0.
-0.881 0.474 0. -249.499 0.474 0.881 0. 264.592 0. 0. -1. 0.
-0.883 0.470 0. -249.465 0.470 0.883 0. 264.581 0. 0. -1. 0.
-0.883 0.469 0. -249.492 0.469 0.883 0. 264.634 0. 0. -1. 0.
-0.885 0.465 0. -249.456 0.465 0.885 0. 264.641 0. 0. -1. 0.
-0.884 0.467 0. -249.441 0.467 0.884 0. 264.518 0. 0. -1. 0.
-0.884 0.467 0. -249.442 0.467 0.884 0. 264.484 0. 0. -1. 0.
-0.882 0.471 0. -249.475 0.471 0.882 0. 264.583 0. 0. -1. 0.
-0.882 0.472 0. -249.477 0.472 0.882 0. 264.636 0. 0. -1. 0.
-0.882 0.470 0. -249.411 0.470 0.882 0. 264.524 0. 0. -1. 0.
-0.882 0.471 0. -249.490 0.471 0.882 0. 264.585 0. 0. -1. 0.
-0.885 0.465 0. -249.430 0.465 0.885 0. 264.615 0. 0. -1. 0.
-0.881 0.473 0. -249.543 0.473 0.881 0. 264.646 0. 0. -1. 0.
-0.885 0.466 0. -249.404 0.466 0.885 0. 264.505 0. 0. -1. 0.
-0.881 0.473 0. -249.548 0.473 0.881 0. 264.654 0. 0. -1. 0.
-0.884 0.468 0. -249.402 0.468 0.884 0. 264.556 0. 0. -1. 0.
-0.881 0.473 0. -249.542 0.473 0.881 0. 264.662 0. 0. -1. 0.
-0.884 0.468 0. -249.421 0.468 0.884 0. 264.538 0. 0. -1. 0.
-0.883 0.469 0. -249.456 0.469 0.883 0. 264.527 0. 0. -1. 0.
-0.882 0.471 0. -249.490 0.471 0.882 0. 264.597 0. 0. -1. 0.
-0.882 0.470 0. -249.431 0.470 0.882 0. 264.581 0. 0. -1. 0.
-0.881 0.473 0. -249.504 0.473 0.881 0. 264.690 0. 0. -1. 0.
-0.883 0.470 0. -249.467 0.470 0.883 0. 264.697 0. 0. -1. 0.
-0.881 0.473 0. -249.483 0.473 0.881 0. 264.603 0. 0. -1. 0.
-0.884 0.468 0. -249.422 0.468 0.884 0. 264.622 0. 0. -1. 0.
-0.883 0.469 0. -249.427 0.469 0.883 0. 264.457 0. 0. -1. 0.
-0.880 0.474 0. -249.483 0.474 0.880 0. 264.605 0. 0. -1. 0.
-0.885 0.466 0. -249.412 0.466 0.885 0. 264.549 0. 0. -1. 0.
-0.883 0.469 0. -249.441 0.469 0.883 0. 264.508 0. 0. -1. 0.
-0.882 0.471 0. -249.468 0.471 0.882 0. 264.574 0. 0. -1. 0.
-0.884 0.467 0. -249.457 0.467 0.884 0. 264.555 0. 0. -1. 0.
-0.882 0.471 0. -249.486 0.471 0.882 0. 264.576 0. 0. -1. 0.
-0.883 0.469 0. -249.436 0.469 0.883 0. 264.572 0. 0. -1. 0.
-0.883 0.470 0. -249.597 0.470 0.883 0. 264.687 0. 0. -1. 0.
-0.885 0.465 0. -249.560 0.465 0.885 0. 264.639 0. 0. -1. 0.
-0.883 0.470 0. -249.804 0.470 0.883 0. 264.803 0. 0. -1. 0.
-0.883 0.470 0. -249.924 0.470 0.883 0. 264.921 0. 0. -1. 0.
-0.883 0.469 0. -250.220 0.469 0.883 0. 264.931 0. 0. -1. 0.
-0.882 0.471 0. -250.451 0.471 0.882 0. 265.121 0. 0. -1. 0.
-0.879 0.476 0. -250.840 0.476 0.879 0. 265.424 0. 0. -1. 0.
-0.881 0.474 0. -251.299 0.474 0.881 0. 265.568 0. 0. -1. 0.
-0.872 0.490 0. -251.868 0.490 0.872 0. 265.821 0. 0. -1. 0.
-0.862 0.506 0. -252.431 0.506 0.862 0. 266.235 0. 0. -1. 0.
-0.845 0.535 0. -252.991 0.535 0.845 0. 266.642 0. 0. -1. 0.
-0.816 0.578 0. -253.632 0.578 0.816 0. 267.084 0. 0. -1. 0.
-0.778 0.629 0. -254.268 0.629 0.778 0. 267.482 0. 0. -1. 0.
-0.724 0.690 0. -254.608 0.690 0.724 0. 268.123 0. 0. -1. 0.
-0.672 0.741 0. -255.136 0.741 0.672 0. 268.632 0. 0. -1. 0.
-0.616 0.787 0. -255.624 0.787 0.616 0. 269.225 0. 0. -1. 0.
