1612292844098129 1.00000 0.00000 0.00000 -0.00000 0.00000 -1.00000 0.00000 0.00000 0.00000 -0.00000 -1.00000 0.00000
1612292844348130 1.00000 0.00099 0.00000 0.02871 0.00099 -1.00000 0.00000 -0.01378 0.00000 -0.00000 -1.00000 -0.00000
1612292844598145 1.00000 0.00094 0.00000 -0.00508 0.00094 -1.00000 0.00000 -0.01296 0.00000 -0.00000 -1.00000 -0.00000
1612292844848135 1.00000 -0.00069 0.00000 -0.00365 -0.00069 -1.00000 0.00000 0.01304 -0.00000 -0.00000 -1.00000 0.00000
1612292845098136 1.00000 -0.00033 -0.00000 0.00986 -0.00033 -1.00000 0.00000 -0.00271 -0.00000 -0.00000 -1.00000 -0.00000
1612292845348143 1.00000 -0.00059 -0.00000 -0.00743 -0.00059 -1.00000 0.00000 0.00964 -0.00000 -0.00000 -1.00000 0.00000
1612292845597522 0.99995 0.00976 0.00000 -0.00503 0.00976 -0.99995 0.00000 -0.01785 0.00000 -0.00000 -1.00000 -0.00000
1612292845847527 1.00000 -0.00026 -0.00000 -0.02270 -0.00026 -1.00000 0.00000 0.00470 -0.00000 -0.00000 -1.00000 0.00000
1612292846097527 1.00000 0.00019 -0.00000 0.02903 0.00019 -1.00000 0.00000 -0.00534 0.00000 -0.00000 -1.00000 -0.00000
1612292846347533 1.00000 0.00085 -0.00000 0.02705 0.00085 -1.00000 0.00000 -0.00228 0.00000 -0.00000 -1.00000 -0.00000
1612292846597532 0.99999 0.00357 0.00000 -0.02269 0.00357 -0.99999 0.00000 0.00357 0.00000 -0.00000 -1.00000 0.00000
1612292846848164 1.00000 0.00054 -0.00000 -0.00478 0.00054 -1.00000 0.00000 -0.02308 0.00000 -0.00000 -1.00000 -0.00000
1612292847098794 1.00000 0.00055 0.00000 0.04032 0.00055 -1.00000 0.00000 -0.01947 0.00000 -0.00000 -1.00000 -0.00000
1612292847348795 1.00000 0.00258 0.00000 0.01736 0.00258 -1.00000 0.00000 -0.00820 0.00000 -0.00000 -1.00000 -0.00000
1612292847598794 1.00000 0.00001 0.00000 -0.00503 0.00001 -1.00000 0.00000 -0.00454 0.00000 -0.00000 -1.00000 -0.00000
1612292847848176 0.99997 0.00737 0.00000 -0.05138 0.00737 -0.99997 0.00000 0.03337 0.00000 -0.00000 -1.00000 0.00000
1612292848098180 0.99997 0.00761 0.00000 -0.01641 0.00761 -0.99997 0.00000 -0.00694 0.00000 -0.00000 -1.00000 -0.00000
1612292848348186 1.00000 0.00292 0.00000 0.02708 0.00292 -1.00000 0.00000 -0.00386 0.00000 -0.00000 -1.00000 -0.00000
1612292848598189 0.99999 0.00506 0.00000 0.02368 0.00506 -0.99999 0.00000 -0.01564 0.00000 -0.00000 -1.00000 -0.00000
1612292848848191 1.00000 0.00314 0.00000 -0.00578 0.00314 -1.00000 0.00000 0.00604 0.00000 -0.00000 -1.00000 0.00000
1612292849098195 0.99999 0.00467 0.00000 -0.08735 0.00467 -0.99999 0.00000 -0.01370 0.00000 -0.00000 -1.00000 -0.00000
1612292849348196 0.99999 0.00461 0.00000 -0.08463 0.00461 -0.99999 0.00000 0.01962 0.00000 -0.00000 -1.00000 0.00000
1612292849597575 0.99999 0.00410 0.00000 -0.25374 0.00410 -0.99999 0.00000 0.01127 0.00000 -0.00000 -1.00000 0.00000
1612292849847578 1.00000 -0.00183 0.00000 -0.35578 -0.00183 -1.00000 0.00000 0.01252 -0.00000 -0.00000 -1.00000 0.00000
1612292850097579 1.00000 0.00215 0.00000 -0.57628 0.00215 -1.00000 0.00000 0.01192 0.00000 -0.00000 -1.00000 0.00000
1612292850348208 1.00000 0.00043 0.00000 -0.91331 0.00043 -1.00000 0.00000 0.01057 0.00000 -0.00000 -1.00000 0.00000
1612292850598836 0.99993 -0.01173 0.00000 -1.36059 -0.01173 -0.99993 0.00000 0.02714 -0.00000 -0.00000 -1.00000 0.00000
1612292850848839 0.99980 -0.01995 -0.00000 -1.86966 -0.01995 -0.99980 0.00000 0.03336 -0.00000 -0.00000 -1.00000 0.00000
1612292851098844 0.99942 -0.03398 0.00000 -2.41166 -0.03398 -0.99942 0.00000 0.03735 -0.00000 -0.00000 -1.00000 0.00000
1612292851348846 0.99896 -0.04554 0.00000 -3.13948 -0.04554 -0.99896 0.00000 0.06958 -0.00000 -0.00000 -1.00000 0.00000
1612292851598850 0.99845 -0.05562 0.00000 -3.85869 -0.05562 -0.99845 0.00000 0.09654 -0.00000 -0.00000 -1.00000 0.00000
1612292851848229 0.99784 -0.06569 0.00000 -4.67648 -0.06569 -0.99784 0.00000 0.17134 -0.00000 -0.00000 -1.00000 0.00000
1612292852097606 0.99691 -0.07853 0.00000 -5.49309 -0.07853 -0.99691 0.00000 0.16841 -0.00000 -0.00000 -1.00000 0.00000
1612292852347615 0.99614 -0.08781 0.00000 -6.43193 -0.08781 -0.99614 0.00000 0.21693 -0.00000 -0.00000 -1.00000 0.00000
1612292852596997 0.99561 -0.09358 0.00000 -7.42335 -0.09358 -0.99561 0.00000 0.21083 -0.00000 -0.00000 -1.00000 0.00000
1612292852846990 0.99574 -0.09224 0.00000 -8.43756 -0.09224 -0.99574 0.00000 0.20713 -0.00000 -0.00000 -1.00000 0.00000
1612292853096995 0.99614 -0.08781 0.00000 -9.53590 -0.08781 -0.99614 0.00000 0.24271 -0.00000 -0.00000 -1.00000 0.00000
1612292853347001 0.99710 -0.07608 0.00000 -10.63351 -0.07608 -0.99710 0.00000 0.05357 -0.00000 -0.00000 -1.00000 0.00000
1612292853597625 0.99747 -0.07105 0.00000 -11.86354 -0.07105 -0.99747 0.00000 -0.04318 -0.00000 -0.00000 -1.00000 -0.00000
1612292853848254 0.99777 -0.06668 0.00000 -13.04507 -0.06668 -0.99777 0.00000 -0.06507 -0.00000 -0.00000 -1.00000 -0.00000
1612292854098889 0.99831 -0.05805 0.00000 -14.27525 -0.05805 -0.99831 0.00000 -0.09222 -0.00000 -0.00000 -1.00000 -0.00000
1612292854348884 0.99851 -0.05456 -0.00000 -15.63222 -0.05456 -0.99851 0.00000 -0.20140 -0.00000 -0.00000 -1.00000 -0.00000
1612292854598889 0.99888 -0.04730 0.00000 -16.98605 -0.04730 -0.99888 0.00000 -0.39555 -0.00000 -0.00000 -1.00000 -0.00000
1612292854848892 0.99913 -0.04165 -0.00000 -18.45352 -0.04165 -0.99913 0.00000 -0.44232 -0.00000 -0.00000 -1.00000 -0.00000
1612292855098897 0.99955 -0.02999 0.00000 -19.80808 -0.02999 -0.99955 0.00000 -0.78078 -0.00000 -0.00000 -1.00000 -0.00000
1612292855348900 0.99982 -0.01903 -0.00000 -21.24928 -0.01903 -0.99982 0.00000 -1.01920 -0.00000 -0.00000 -1.00000 -0.00000
1612292855598279 0.99998 -0.00586 0.00000 -22.89663 -0.00586 -0.99998 0.00000 -1.34271 -0.00000 -0.00000 -1.00000 -0.00000
1612292855848280 0.99999 0.00352 0.00000 -24.34969 0.00352 -0.99999 0.00000 -1.59725 0.00000 -0.00000 -1.00000 -0.00000
1612292856098283 0.99990 0.01391 -0.00000 -25.97154 0.01391 -0.99990 0.00000 -1.87958 0.00000 -0.00000 -1.00000 -0.00000
1612292856348287 0.99983 0.01867 0.00000 -27.59390 0.01867 -0.99983 0.00000 -1.97713 0.00000 -0.00000 -1.00000 -0.00000
1612292856597665 0.99968 0.02537 -0.00000 -29.15378 0.02537 -0.99968 0.00000 -2.23430 0.00000 -0.00000 -1.00000 -0.00000
1612292856847668 0.99972 0.02386 0.00000 -30.81257 0.02386 -0.99972 0.00000 -2.18236 0.00000 -0.00000 -1.00000 -0.00000
1612292857097676 0.99957 0.02943 -0.00000 -32.43314 0.02943 -0.99957 0.00000 -2.46980 0.00000 -0.00000 -1.00000 -0.00000
1612292857348304 0.99952 0.03104 0.00000 -34.19782 0.03104 -0.99952 0.00000 -2.41869 0.00000 -0.00000 -1.00000 -0.00000
1612292857598308 0.99938 0.03522 0.00000 -35.89392 0.03522 -0.99938 0.00000 -2.55656 0.00000 -0.00000 -1.00000 -0.00000
1612292857848310 0.99940 0.03453 0.00000 -37.68735 0.03453 -0.99940 0.00000 -2.68486 0.00000 -0.00000 -1.00000 -0.00000
1612292858097687 0.99939 0.03481 0.00000 -39.36478 0.03481 -0.99939 0.00000 -2.73299 0.00000 -0.00000 -1.00000 -0.00000
1612292858348315 0.99912 0.04200 0.00000 -41.16471 0.04200 -0.99912 0.00000 -2.85031 0.00000 -0.00000 -1.00000 -0.00000
1612292858598320 0.99854 0.05394 -0.00000 -42.94538 0.05394 -0.99854 0.00000 -3.51987 0.00000 -0.00000 -1.00000 -0.00000
1612292858848319 0.99819 0.06021 0.00000 -44.76448 0.06021 -0.99819 0.00000 -3.83971 0.00000 -0.00000 -1.00000 -0.00000
1612292859097696 0.99745 0.07142 0.00000 -46.56126 0.07142 -0.99745 0.00000 -4.39929 0.00000 -0.00000 -1.00000 -0.00000
1612292859347075 0.99736 0.07256 0.00000 -48.34296 0.07256 -0.99736 0.00000 -4.45735 0.00000 -0.00000 -1.00000 -0.00000
1612292859597702 0.99771 0.06763 0.00000 -50.22072 0.06763 -0.99771 0.00000 -4.19756 0.00000 -0.00000 -1.00000 -0.00000
1612292859847702 0.99784 0.06562 -0.00000 -52.05696 0.06562 -0.99784 0.00000 -4.06499 0.00000 -0.00000 -1.00000 -0.00000
1612292860097711 0.99749 0.07080 0.00000 -53.97090 0.07080 -0.99749 0.00000 -4.46956 0.00000 -0.00000 -1.00000 -0.00000
1612292860348340 0.99799 0.06337 0.00000 -55.89355 0.06337 -0.99799 0.00000 -3.99186 0.00000 -0.00000 -1.00000 -0.00000
1612292860598352 0.99742 0.07183 0.00000 -57.83107 0.07183 -0.99742 0.00000 -4.55675 0.00000 -0.00000 -1.00000 -0.00000
1612292860848347 0.99711 0.07602 0.00000 -59.80144 0.07602 -0.99711 0.00000 -4.95174 0.00000 -0.00000 -1.00000 -0.00000
1612292861098973 0.99740 0.07209 0.00000 -61.78674 0.07209 -0.99740 0.00000 -4.56536 0.00000 -0.00000 -1.00000 -0.00000
1612292861348352 0.99784 0.06570 -0.00000 -63.78210 0.06570 -0.99784 0.00000 -4.21718 0.00000 -0.00000 -1.00000 -0.00000
1612292861597734 0.99776 0.06684 0.00000 -65.76886 0.06684 -0.99776 0.00000 -4.44341 0.00000 -0.00000 -1.00000 -0.00000
1612292861847735 0.99800 0.06323 -0.00000 -67.74880 0.06323 -0.99800 0.00000 -4.22867 0.00000 -0.00000 -1.00000 -0.00000
1612292862097110 0.99787 0.06528 0.00000 -69.63413 0.06528 -0.99787 0.00000 -4.40123 0.00000 -0.00000 -1.00000 -0.00000
1612292862347117 0.99797 0.06369 0.00000 -71.54850 0.06369 -0.99797 0.00000 -4.31970 0.00000 -0.00000 -1.00000 -0.00000
1612292862597121 0.99809 0.06173 -0.00000 -73.43686 0.06173 -0.99809 0.00000 -4.14484 0.00000 -0.00000 -1.00000 -0.00000
1612292862847747 0.99830 0.05820 0.00000 -75.43801 0.05820 -0.99830 0.00000 -3.86954 0.00000 -0.00000 -1.00000 -0.00000
1612292863098383 0.99824 0.05938 -0.00000 -77.36111 0.05938 -0.99824 0.00000 -3.99102 0.00000 -0.00000 -1.00000 -0.00000
1612292863348385 0.99786 0.06537 0.00000 -79.15027 0.06537 -0.99786 0.00000 -4.54334 0.00000 -0.00000 -1.00000 -0.00000
1612292863599009 0.99864 0.05207 -0.00000 -81.10158 0.05207 -0.99864 0.00000 -3.43917 0.00000 -0.00000 -1.00000 -0.00000
1612292863848380 0.99810 0.06155 -0.00000 -82.88492 0.06155 -0.99810 0.00000 -4.31992 0.00000 -0.00000 -1.00000 -0.00000
1612292864098385 0.99833 0.05783 -0.00000 -84.77513 0.05783 -0.99833 0.00000 -3.90951 0.00000 -0.00000 -1.00000 -0.00000
1612292864348391 0.99893 0.04621 -0.00000 -86.67487 0.04621 -0.99893 0.00000 -3.02528 0.00000 -0.00000 -1.00000 -0.00000
1612292864598392 0.99985 0.01737 0.00000 -88.56658 0.01737 -0.99985 0.00000 -0.45555 0.00000 -0.00000 -1.00000 -0.00000
1612292864847773 0.99995 -0.01019 0.00000 -90.25759 -0.01019 -0.99995 0.00000 1.83987 -0.00000 -0.00000 -1.00000 0.00000
1612292865097778 0.99814 -0.06099 -0.00000 -91.91664 -0.06099 -0.99814 0.00000 6.54992 -0.00000 -0.00000 -1.00000 0.00000
1612292865347157 0.99405 -0.10895 0.00000 -93.11563 -0.10895 -0.99405 0.00000 10.96938 -0.00000 -0.00000 -1.00000 0.00000
1612292865597783 0.98536 -0.17051 -0.00000 -94.09670 -0.17051 -0.98536 0.00000 16.76258 -0.00000 -0.00000 -1.00000 0.00000
1612292865847158 0.97619 -0.21692 0.00000 -94.90933 -0.21692 -0.97619 0.00000 21.14781 -0.00000 -0.00000 -1.00000 0.00000
1612292866098414 0.96070 -0.27758 0.00000 -95.06133 -0.27758 -0.96070 0.00000 27.09000 -0.00000 -0.00000 -1.00000 0.00000
1612292866348421 0.94265 -0.33379 0.00000 -94.93487 -0.33379 -0.94265 0.00000 32.59883 -0.00000 -0.00000 -1.00000 0.00000
1612292866599046 0.92056 -0.39060 0.00000 -94.49802 -0.39060 -0.92056 0.00000 38.30193 -0.00000 -0.00000 -1.00000 0.00000
1612292866849045 0.89302 -0.45002 0.00000 -93.47479 -0.45002 -0.89302 0.00000 44.46493 -0.00000 -0.00000 -1.00000 0.00000
1612292867098424 0.86244 -0.50616 0.00000 -92.08788 -0.50616 -0.86244 0.00000 50.35726 -0.00000 -0.00000 -1.00000 0.00000
1612292867347803 0.82044 -0.57173 0.00000 -89.57855 -0.57173 -0.82044 0.00000 57.32344 -0.00000 -0.00000 -1.00000 0.00000
1612292867597182 0.77531 -0.63158 0.00000 -86.70835 -0.63158 -0.77531 0.00000 63.82553 -0.00000 -0.00000 -1.00000 0.00000
1612292867847183 0.72557 -0.68815 0.00000 -83.36416 -0.68815 -0.72557 0.00000 70.21118 -0.00000 -0.00000 -1.00000 0.00000
1612292868097817 0.67515 -0.73768 0.00000 -79.95544 -0.73768 -0.67515 0.00000 75.99484 -0.00000 -0.00000 -1.00000 0.00000
1612292868347820 0.62292 -0.78228 0.00000 -76.36375 -0.78228 -0.62292 0.00000 81.32254 -0.00000 -0.00000 -1.00000 0.00000
1612292868597826 0.57213 -0.82016 0.00000 -72.89389 -0.82016 -0.57213 0.00000 85.89438 -0.00000 -0.00000 -1.00000 0.00000
1612292868847816 0.52992 -0.84805 -0.00000 -70.31036 -0.84805 -0.52992 0.00000 89.39044 -0.00000 -0.00000 -1.00000 0.00000
1612292869097827 0.49711 -0.86769 0.00000 -68.78771 -0.86769 -0.49711 0.00000 91.95886 -0.00000 -0.00000 -1.00000 0.00000
1612292869347831 0.47132 -0.88196 0.00000 -68.02733 -0.88196 -0.47132 0.00000 93.87828 -0.00000 -0.00000 -1.00000 0.00000
1612292869597835 0.46272 -0.88650 0.00000 -69.14224 -0.88650 -0.46272 0.00000 94.38352 -0.00000 -0.00000 -1.00000 0.00000
1612292869847837 0.46421 -0.88572 0.00000 -71.37981 -0.88572 -0.46421 0.00000 94.21341 -0.00000 -0.00000 -1.00000 0.00000
1612292870098464 0.45760 -0.88916 0.00000 -72.75714 -0.88916 -0.45760 0.00000 94.87295 -0.00000 -0.00000 -1.00000 0.00000
1612292870348470 0.45551 -0.89023 0.00000 -74.59847 -0.89023 -0.45551 0.00000 95.00227 -0.00000 -0.00000 -1.00000 0.00000
1612292870598467 0.45392 -0.89104 0.00000 -76.52643 -0.89104 -0.45392 0.00000 95.14139 -0.00000 -0.00000 -1.00000 0.00000
1612292870848475 0.44748 -0.89429 0.00000 -77.90984 -0.89429 -0.44748 0.00000 95.74480 -0.00000 -0.00000 -1.00000 0.00000
1612292871098485 0.44610 -0.89498 0.00000 -79.77701 -0.89498 -0.44610 0.00000 95.75895 -0.00000 -0.00000 -1.00000 0.00000
1612292871347857 0.45521 -0.89039 -0.00000 -82.82943 -0.89039 -0.45521 0.00000 94.82461 -0.00000 -0.00000 -1.00000 0.00000
1612292871597861 0.45576 -0.89010 0.00000 -84.90446 -0.89010 -0.45576 0.00000 94.86500 -0.00000 -0.00000 -1.00000 0.00000
1612292871847863 0.45551 -0.89023 -0.00000 -86.87069 -0.89023 -0.45551 0.00000 94.88065 -0.00000 -0.00000 -1.00000 0.00000
1612292872097867 0.45707 -0.88943 -0.00000 -89.01559 -0.88943 -0.45707 0.00000 94.59946 -0.00000 -0.00000 -1.00000 0.00000
1612292872347872 0.46784 -0.88381 0.00000 -92.05668 -0.88381 -0.46784 0.00000 93.42097 -0.00000 -0.00000 -1.00000 0.00000
1612292872597877 0.47283 -0.88115 0.00000 -94.61865 -0.88115 -0.47283 0.00000 93.00236 -0.00000 -0.00000 -1.00000 0.00000
1612292872847873 0.48334 -0.87543 0.00000 -97.62887 -0.87543 -0.48334 0.00000 91.81703 -0.00000 -0.00000 -1.00000 0.00000
1612292873098500 0.48416 -0.87498 -0.00000 -99.65964 -0.87498 -0.48416 0.00000 91.64141 -0.00000 -0.00000 -1.00000 0.00000
1612292873348505 0.48320 -0.87551 0.00000 -101.45944 -0.87551 -0.48320 0.00000 91.85528 -0.00000 -0.00000 -1.00000 0.00000
1612292873597886 0.48767 -0.87303 -0.00000 -103.81004 -0.87303 -0.48767 0.00000 91.22200 -0.00000 -0.00000 -1.00000 0.00000
1612292873847893 0.49232 -0.87041 0.00000 -106.14939 -0.87041 -0.49232 0.00000 90.56127 -0.00000 -0.00000 -1.00000 0.00000
1612292874097893 0.48605 -0.87393 -0.00000 -107.43992 -0.87393 -0.48605 0.00000 91.35861 -0.00000 -0.00000 -1.00000 0.00000
1612292874347274 0.49590 -0.86838 0.00000 -110.19774 -0.86838 -0.49590 0.00000 90.04877 -0.00000 -0.00000 -1.00000 0.00000
1612292874597279 0.49845 -0.86692 0.00000 -112.21565 -0.86692 -0.49845 0.00000 89.67247 -0.00000 -0.00000 -1.00000 0.00000
1612292874847906 0.49830 -0.86700 -0.00000 -114.17228 -0.86700 -0.49830 0.00000 89.83526 -0.00000 -0.00000 -1.00000 0.00000
1612292875097909 0.50639 -0.86230 0.00000 -116.61884 -0.86230 -0.50639 0.00000 88.64021 -0.00000 -0.00000 -1.00000 0.00000
1612292875348535 0.52885 -0.84871 -0.00000 -120.65120 -0.84871 -0.52885 0.00000 85.52606 -0.00000 -0.00000 -1.00000 0.00000
1612292875598539 0.55785 -0.82994 0.00000 -125.23399 -0.82994 -0.55785 0.00000 81.20575 -0.00000 -0.00000 -1.00000 0.00000
1612292875849169 0.58341 -0.81218 0.00000 -129.44225 -0.81218 -0.58341 0.00000 77.30047 -0.00000 -0.00000 -1.00000 0.00000
1612292876099170 0.62515 -0.78051 0.00000 -134.76490 -0.78051 -0.62515 0.00000 70.37557 -0.00000 -0.00000 -1.00000 0.00000
1612292876349176 0.66246 -0.74910 0.00000 -139.65588 -0.74910 -0.66246 0.00000 63.72634 -0.00000 -0.00000 -1.00000 0.00000
1612292876599189 0.70155 -0.71262 0.00000 -144.48195 -0.71262 -0.70155 0.00000 56.10330 -0.00000 -0.00000 -1.00000 0.00000
1612292876849179 0.74571 -0.66627 -0.00000 -149.15569 -0.66627 -0.74571 0.00000 46.74428 -0.00000 -0.00000 -1.00000 0.00000
1612292877099181 0.79821 -0.60238 0.00000 -153.85071 -0.60238 -0.79821 0.00000 34.37561 -0.00000 -0.00000 -1.00000 0.00000
1612292877348561 0.85206 -0.52345 0.00000 -157.82429 -0.52345 -0.85206 0.00000 19.47184 -0.00000 -0.00000 -1.00000 0.00000
1612292877598565 0.89761 -0.44080 0.00000 -160.25192 -0.44080 -0.89761 0.00000 4.46834 -0.00000 -0.00000 -1.00000 0.00000
1612292877848570 0.93832 -0.34576 0.00000 -161.03227 -0.34576 -0.93832 0.00000 -12.05390 -0.00000 -0.00000 -1.00000 -0.00000
1612292878098572 0.97106 -0.23882 0.00000 -159.79736 -0.23882 -0.97106 0.00000 -29.98939 -0.00000 -0.00000 -1.00000 -0.00000
1612292878348576 0.99168 -0.12871 -0.00000 -156.48751 -0.12871 -0.99168 0.00000 -47.59359 -0.00000 -0.00000 -1.00000 -0.00000
1612292878598575 0.99998 -0.00644 0.00000 -150.50447 -0.00644 -0.99998 0.00000 -66.39356 -0.00000 -0.00000 -1.00000 -0.00000
1612292878848579 0.99196 0.12653 0.00000 -141.34043 0.12653 -0.99196 0.00000 -85.73164 0.00000 -0.00000 -1.00000 -0.00000
1612292879098591 0.96117 0.27596 0.00000 -127.53533 0.27596 -0.96117 0.00000 -106.19565 0.00000 -0.00000 -1.00000 -0.00000
1612292879348591 0.90702 0.42108 0.00000 -110.63632 0.42108 -0.90702 0.00000 -124.58369 0.00000 -0.00000 -1.00000 -0.00000
1612292879598591 0.82764 0.56126 0.00000 -90.05153 0.56126 -0.82764 0.00000 -140.62728 0.00000 -0.00000 -1.00000 -0.00000
1612292879847970 0.71716 0.69691 0.00000 -65.02150 0.69691 -0.71716 0.00000 -154.24949 0.00000 -0.00000 -1.00000 -0.00000
1612292880097973 0.58676 0.80976 0.00000 -38.39011 0.80976 -0.58676 0.00000 -163.11018 0.00000 -0.00000 -1.00000 -0.00000
1612292880348602 0.44536 0.89535 -0.00000 -11.95165 0.89535 -0.44536 0.00000 -167.13306 0.00000 -0.00000 -1.00000 -0.00000
1612292880598606 0.28092 0.95973 0.00000 16.80721 0.95973 -0.28092 0.00000 -166.60437 0.00000 -0.00000 -1.00000 -0.00000
1612292880848608 0.11023 0.99391 -0.00000 44.56518 0.99391 -0.11023 0.00000 -161.08621 0.00000 -0.00000 -1.00000 -0.00000
1612292881098609 -0.06598 0.99782 0.00000 71.36253 0.99782 0.06598 0.00000 -150.73657 0.00000 0.00000 -1.00000 -0.00000
1612292881348615 -0.24027 0.97071 0.00000 95.85601 0.97071 0.24027 0.00000 -135.76178 0.00000 0.00000 -1.00000 -0.00000
1612292881598618 -0.40607 0.91384 -0.00000 117.17717 0.91384 0.40607 0.00000 -116.93733 0.00000 0.00000 -1.00000 -0.00000
1612292881848619 -0.56260 0.82673 0.00000 135.26979 0.82673 0.56260 0.00000 -93.98484 0.00000 0.00000 -1.00000 -0.00000
1612292882097995 -0.68371 0.72976 0.00000 147.16678 0.72976 0.68371 0.00000 -71.96634 0.00000 0.00000 -1.00000 -0.00000
1612292882348627 -0.77907 0.62694 0.00000 154.77673 0.62694 0.77907 0.00000 -50.58145 0.00000 0.00000 -1.00000 -0.00000
1612292882598633 -0.84745 0.53087 -0.00000 158.63948 0.53087 0.84745 0.00000 -32.02971 0.00000 0.00000 -1.00000 -0.00000
1612292882848634 -0.89365 0.44877 0.00000 159.78871 0.44877 0.89365 0.00000 -16.91664 0.00000 0.00000 -1.00000 -0.00000
1612292883099261 -0.91897 0.39434 0.00000 159.26299 0.39434 0.91897 0.00000 -7.30194 0.00000 0.00000 -1.00000 -0.00000
1612292883349263 -0.93541 0.35357 -0.00000 158.16809 0.35357 0.93541 0.00000 -0.35847 0.00000 0.00000 -1.00000 -0.00000
1612292883599270 -0.94111 0.33810 0.00000 156.82820 0.33810 0.94111 0.00000 2.37796 0.00000 0.00000 -1.00000 0.00000
1612292883849272 -0.94053 0.33970 0.00000 155.51053 0.33970 0.94053 0.00000 2.02446 0.00000 0.00000 -1.00000 0.00000
1612292884098654 -0.93836 0.34567 0.00000 154.10790 0.34567 0.93836 0.00000 1.05887 0.00000 0.00000 -1.00000 0.00000
1612292884348654 -0.92844 0.37148 0.00000 152.55068 0.37148 0.92844 0.00000 -3.21624 0.00000 0.00000 -1.00000 -0.00000
1612292884598668 -0.91506 0.40331 0.00000 150.94169 0.40331 0.91506 0.00000 -8.50815 0.00000 0.00000 -1.00000 -0.00000
1612292884848660 -0.89632 0.44341 0.00000 148.87300 0.44341 0.89632 0.00000 -15.13132 0.00000 0.00000 -1.00000 -0.00000
1612292885098664 -0.87073 0.49176 0.00000 146.29199 0.49176 0.87073 0.00000 -23.32511 0.00000 0.00000 -1.00000 -0.00000
1612292885348670 -0.84053 0.54177 0.00000 143.03209 0.54177 0.84053 0.00000 -31.82155 0.00000 0.00000 -1.00000 -0.00000
1612292885598669 -0.80701 0.59054 0.00000 139.21669 0.59054 0.80701 0.00000 -40.20453 0.00000 0.00000 -1.00000 -0.00000
1612292885848050 -0.77450 0.63257 0.00000 135.18428 0.63257 0.77450 0.00000 -47.65596 0.00000 0.00000 -1.00000 -0.00000
1612292886098053 -0.72984 0.68362 0.00000 129.92522 0.68362 0.72984 0.00000 -56.69670 0.00000 0.00000 -1.00000 -0.00000
1612292886348056 -0.68587 0.72772 0.00000 124.36829 0.72772 0.68587 0.00000 -64.75560 0.00000 0.00000 -1.00000 -0.00000
1612292886598058 -0.64440 0.76468 0.00000 118.76742 0.76468 0.64440 0.00000 -71.57232 0.00000 0.00000 -1.00000 -0.00000
1612292886848057 -0.60466 0.79648 0.00000 113.07620 0.79648 0.60466 0.00000 -77.59315 0.00000 0.00000 -1.00000 -0.00000
1612292887098690 -0.56015 0.82839 0.00000 106.74173 0.82839 0.56015 0.00000 -83.62541 0.00000 0.00000 -1.00000 -0.00000
1612292887348691 -0.52328 0.85216 0.00000 101.08011 0.85216 0.52328 0.00000 -88.28579 0.00000 0.00000 -1.00000 -0.00000
1612292887598692 -0.49961 0.86625 0.00000 96.59219 0.86625 0.49961 0.00000 -91.00638 0.00000 0.00000 -1.00000 -0.00000
1612292887848701 -0.47498 0.88000 0.00000 91.86103 0.88000 0.47498 0.00000 -93.66446 0.00000 0.00000 -1.00000 -0.00000
1612292888098701 -0.45139 0.89233 -0.00000 87.32061 0.89233 0.45139 0.00000 -96.14346 0.00000 0.00000 -1.00000 -0.00000
1612292888348705 -0.44362 0.89622 0.00000 84.38039 0.89622 0.44362 0.00000 -97.01481 0.00000 0.00000 -1.00000 -0.00000
1612292888599334 -0.43272 0.90153 0.00000 81.19720 0.90153 0.43272 0.00000 -98.04277 0.00000 0.00000 -1.00000 -0.00000
1612292888849335 -0.43169 0.90202 0.00000 79.03713 0.90202 0.43169 0.00000 -98.23415 0.00000 0.00000 -1.00000 -0.00000
1612292889099338 -0.42448 0.90544 -0.00000 76.21628 0.90544 0.42448 0.00000 -98.87525 0.00000 0.00000 -1.00000 -0.00000
1612292889348716 -0.42464 0.90536 0.00000 74.19953 0.90536 0.42464 0.00000 -98.94756 0.00000 0.00000 -1.00000 -0.00000
1612292889598093 -0.42538 0.90502 0.00000 72.20872 0.90502 0.42538 0.00000 -98.78534 0.00000 0.00000 -1.00000 -0.00000
1612292889848725 -0.42632 0.90457 0.00000 70.30719 0.90457 0.42632 0.00000 -98.64586 0.00000 0.00000 -1.00000 -0.00000
1612292890098102 -0.43500 0.90043 0.00000 69.27847 0.90043 0.43500 0.00000 -98.09052 0.00000 0.00000 -1.00000 -0.00000
1612292890348103 -0.44867 0.89370 0.00000 68.84687 0.89370 0.44867 0.00000 -97.08969 0.00000 0.00000 -1.00000 -0.00000
1612292890598107 -0.46564 0.88498 0.00000 68.71760 0.88498 0.46564 0.00000 -95.80425 0.00000 0.00000 -1.00000 -0.00000
1612292890847482 -0.49944 0.86635 -0.00000 70.51253 0.86635 0.49944 0.00000 -93.17743 0.00000 0.00000 -1.00000 -0.00000
1612292891098113 -0.51993 0.85421 -0.00000 70.79377 0.85421 0.51993 0.00000 -91.47610 0.00000 0.00000 -1.00000 -0.00000
1612292891348118 -0.55708 0.83046 0.00000 72.97035 0.83046 0.55708 0.00000 -88.31552 0.00000 0.00000 -1.00000 -0.00000
1612292891598121 -0.59305 0.80516 0.00000 74.94732 0.80516 0.59305 0.00000 -85.25087 0.00000 0.00000 -1.00000 -0.00000
1612292891849374 -0.63135 0.77550 0.00000 77.24067 0.77550 0.63135 0.00000 -81.27662 0.00000 0.00000 -1.00000 -0.00000
1612292892099999 -0.67073 0.74170 0.00000 79.68064 0.74170 0.67073 0.00000 -77.28730 0.00000 0.00000 -1.00000 -0.00000
1612292892350003 -0.70855 0.70566 0.00000 82.04092 0.70566 0.70855 0.00000 -73.05398 0.00000 0.00000 -1.00000 -0.00000
1612292892600018 -0.75066 0.66068 0.00000 84.73212 0.66068 0.75066 0.00000 -68.04832 0.00000 0.00000 -1.00000 -0.00000
1612292892850011 -0.78639 0.61773 -0.00000 86.69109 0.61773 0.78639 0.00000 -63.16149 0.00000 0.00000 -1.00000 -0.00000
1612292893099389 -0.82492 0.56525 0.00000 89.15913 0.56525 0.82492 0.00000 -57.49871 0.00000 0.00000 -1.00000 -0.00000
1612292893349395 -0.85506 0.51853 0.00000 90.53572 0.51853 0.85506 0.00000 -52.31811 0.00000 0.00000 -1.00000 -0.00000
1612292893599399 -0.88533 0.46496 0.00000 92.04159 0.46496 0.88533 0.00000 -46.61114 0.00000 0.00000 -1.00000 -0.00000
1612292893849401 -0.90889 0.41704 0.00000 92.87674 0.41704 0.90889 0.00000 -41.74757 0.00000 0.00000 -1.00000 -0.00000
1612292894098778 -0.93476 0.35529 0.00000 93.96606 0.35529 0.93476 0.00000 -35.36311 0.00000 0.00000 -1.00000 -0.00000
1612292894349409 -0.95279 0.30364 0.00000 94.14474 0.30364 0.95279 0.00000 -30.29127 0.00000 0.00000 -1.00000 -0.00000
1612292894598784 -0.97033 0.24177 0.00000 94.44325 0.24177 0.97033 0.00000 -24.36026 0.00000 0.00000 -1.00000 -0.00000
1612292894848790 -0.98169 0.19049 0.00000 93.88178 0.19049 0.98169 0.00000 -19.33493 0.00000 0.00000 -1.00000 -0.00000
1612292895098176 -0.99171 0.12850 0.00000 93.20527 0.12850 0.99171 0.00000 -13.41252 0.00000 0.00000 -1.00000 -0.00000
1612292895348795 -0.99683 0.07954 -0.00000 92.08495 0.07954 0.99683 0.00000 -8.80652 0.00000 0.00000 -1.00000 -0.00000
1612292895598174 -0.99918 0.04055 0.00000 90.55899 0.04055 0.99918 0.00000 -5.21517 0.00000 0.00000 -1.00000 -0.00000
1612292895848179 -0.99986 0.01657 0.00000 88.81182 0.01657 0.99986 0.00000 -3.03005 0.00000 0.00000 -1.00000 -0.00000
1612292896097552 -1.00000 -0.00292 0.00000 87.10667 -0.00292 1.00000 0.00000 -1.39573 -0.00000 0.00000 -1.00000 -0.00000
1612292896348184 -1.00000 0.00189 0.00000 85.32366 0.00189 1.00000 0.00000 -1.68692 0.00000 0.00000 -1.00000 -0.00000
1612292896598186 -0.99999 -0.00330 0.00000 83.45504 -0.00330 0.99999 0.00000 -1.26594 -0.00000 0.00000 -1.00000 -0.00000
1612292896848189 -0.99997 -0.00765 0.00000 81.68187 -0.00765 0.99997 0.00000 -0.86960 -0.00000 0.00000 -1.00000 -0.00000
1612292897098819 -0.99988 -0.01579 0.00000 79.88596 -0.01579 0.99988 0.00000 -0.30879 -0.00000 0.00000 -1.00000 -0.00000
1612292897349447 -0.99989 -0.01485 -0.00000 78.10196 -0.01485 0.99989 0.00000 -0.39999 -0.00000 0.00000 -1.00000 -0.00000
1612292897599450 -0.99977 -0.02139 0.00000 76.35997 -0.02139 0.99977 0.00000 0.09531 -0.00000 0.00000 -1.00000 0.00000
1612292897849450 -0.99982 -0.01903 0.00000 74.53793 -0.01903 0.99982 0.00000 -0.15378 -0.00000 0.00000 -1.00000 -0.00000
1612292898099457 -0.99971 -0.02414 -0.00000 72.81902 -0.02414 0.99971 0.00000 0.21943 -0.00000 0.00000 -1.00000 0.00000
1612292898349458 -0.99965 -0.02662 0.00000 71.07309 -0.02662 0.99965 0.00000 0.35774 -0.00000 0.00000 -1.00000 0.00000
1612292898599766 -0.99966 -0.02605 -0.00000 69.31602 -0.02605 0.99966 0.00000 0.39964 -0.00000 0.00000 -1.00000 0.00000
1612292898850085 -0.99938 -0.03522 0.00000 67.54878 -0.03522 0.99938 0.00000 0.93851 -0.00000 0.00000 -1.00000 0.00000
1612292899100087 -0.99898 -0.04517 0.00000 65.70665 -0.04517 0.99898 0.00000 1.54414 -0.00000 0.00000 -1.00000 0.00000
1612292899350105 -0.99801 -0.06307 0.00000 63.90573 -0.06307 0.99801 0.00000 2.63099 -0.00000 0.00000 -1.00000 0.00000
1612292899600096 -0.99739 -0.07215 0.00000 62.06239 -0.07215 0.99739 0.00000 3.27235 -0.00000 0.00000 -1.00000 0.00000
1612292899850104 -0.99686 -0.07914 0.00000 60.20162 -0.07914 0.99686 0.00000 3.62247 -0.00000 0.00000 -1.00000 0.00000
1612292900100106 -0.99608 -0.08844 0.00000 58.41487 -0.08844 0.99608 0.00000 4.17691 -0.00000 0.00000 -1.00000 0.00000
1612292900350106 -0.99628 -0.08616 0.00000 56.57222 -0.08616 0.99628 0.00000 3.98357 -0.00000 0.00000 -1.00000 0.00000
1612292900599497 -0.99631 -0.08587 -0.00000 54.75209 -0.08587 0.99631 0.00000 3.90773 -0.00000 0.00000 -1.00000 0.00000
1612292900849487 -0.99696 -0.07795 0.00000 52.88931 -0.07795 0.99696 0.00000 3.49094 -0.00000 0.00000 -1.00000 0.00000
1612292901098865 -0.99717 -0.07520 0.00000 51.00050 -0.07520 0.99717 0.00000 3.26859 -0.00000 0.00000 -1.00000 0.00000
1612292901348870 -0.99779 -0.06652 -0.00000 49.14321 -0.06652 0.99779 0.00000 2.88169 -0.00000 0.00000 -1.00000 0.00000
1612292901598876 -0.99837 -0.05702 0.00000 47.26472 -0.05702 0.99837 0.00000 2.25177 -0.00000 0.00000 -1.00000 0.00000
1612292901848251 -0.99881 -0.04872 0.00000 45.32722 -0.04872 0.99881 0.00000 1.88254 -0.00000 0.00000 -1.00000 0.00000
1612292902097635 -0.99934 -0.03643 0.00000 43.41805 -0.03643 0.99934 0.00000 1.28754 -0.00000 0.00000 -1.00000 0.00000
1612292902347634 -0.99957 -0.02938 0.00000 41.50624 -0.02938 0.99957 0.00000 1.00992 -0.00000 0.00000 -1.00000 0.00000
1612292902598264 -0.99972 -0.02360 0.00000 39.48249 -0.02360 0.99972 0.00000 0.83080 -0.00000 0.00000 -1.00000 0.00000
1612292902848886 -0.99987 -0.01596 0.00000 37.48618 -0.01596 0.99987 0.00000 0.56192 -0.00000 0.00000 -1.00000 0.00000
1612292903098903 -0.99991 -0.01370 0.00000 35.45451 -0.01370 0.99991 0.00000 0.17035 -0.00000 0.00000 -1.00000 0.00000
1612292903348898 -0.99986 -0.01684 0.00000 33.38331 -0.01684 0.99986 0.00000 0.41986 -0.00000 0.00000 -1.00000 0.00000
1612292903598901 -0.99992 -0.01290 0.00000 31.29860 -0.01290 0.99992 0.00000 0.29865 -0.00000 0.00000 -1.00000 0.00000
1612292903849524 -0.99999 -0.00336 0.00000 29.23716 -0.00336 0.99999 0.00000 -0.11119 -0.00000 0.00000 -1.00000 -0.00000
1612292904098920 -1.00000 -0.00247 0.00000 27.09871 -0.00247 1.00000 0.00000 -0.14821 -0.00000 0.00000 -1.00000 -0.00000
1612292904348912 -1.00000 0.00123 0.00000 24.96928 0.00123 1.00000 0.00000 -0.21812 0.00000 0.00000 -1.00000 -0.00000
1612292904598917 -0.99993 0.01148 0.00000 22.88070 0.01148 0.99993 0.00000 -0.51311 0.00000 0.00000 -1.00000 -0.00000
1612292904848290 -0.99988 0.01566 0.00000 20.69190 0.01566 0.99988 0.00000 -0.64599 0.00000 0.00000 -1.00000 -0.00000
1612292905098297 -0.99976 0.02208 0.00000 18.57444 0.02208 0.99976 0.00000 -0.78402 0.00000 0.00000 -1.00000 -0.00000
1612292905348300 -0.99941 0.03426 0.00000 16.28834 0.03426 0.99941 0.00000 -1.05110 0.00000 0.00000 -1.00000 -0.00000
1612292905598301 -0.99938 0.03534 0.00000 14.19899 0.03534 0.99938 0.00000 -1.02651 0.00000 0.00000 -1.00000 -0.00000
1612292905847681 -0.99953 0.03081 0.00000 11.91862 0.03081 0.99953 0.00000 -0.96459 0.00000 0.00000 -1.00000 -0.00000
1612292906097681 -0.99923 0.03933 0.00000 9.68373 0.03933 0.99923 0.00000 -1.10439 0.00000 0.00000 -1.00000 -0.00000
1612292906348311 -0.99919 0.04029 0.00000 7.36593 0.04029 0.99919 0.00000 -1.11727 0.00000 0.00000 -1.00000 -0.00000
1612292906598314 -0.99936 0.03577 0.00000 5.14765 0.03577 0.99936 0.00000 -1.11973 0.00000 0.00000 -1.00000 -0.00000
1612292906848316 -0.99924 0.03899 0.00000 2.84863 0.03899 0.99924 0.00000 -1.18500 0.00000 0.00000 -1.00000 -0.00000
1612292907098316 -0.99917 0.04066 0.00000 0.58806 0.04066 0.99917 0.00000 -1.23726 0.00000 0.00000 -1.00000 -0.00000
1612292907348324 -0.99914 0.04136 0.00000 -1.61626 0.04136 0.99914 0.00000 -1.25243 0.00000 0.00000 -1.00000 -0.00000
1612292907598326 -0.99891 0.04662 0.00000 -3.87047 0.04662 0.99891 0.00000 -1.27136 0.00000 0.00000 -1.00000 -0.00000
1612292907847704 -0.99935 0.03605 -0.00000 -6.06540 0.03605 0.99935 0.00000 -1.31662 0.00000 0.00000 -1.00000 -0.00000
1612292908097709 -0.99936 0.03584 0.00000 -8.23056 0.03584 0.99936 0.00000 -1.33667 0.00000 0.00000 -1.00000 -0.00000
1612292908348334 -0.99906 0.04346 0.00000 -10.48240 0.04346 0.99906 0.00000 -1.26384 0.00000 0.00000 -1.00000 -0.00000
1612292908597722 -0.99943 0.03368 0.00000 -12.69436 0.03368 0.99943 0.00000 -1.52124 0.00000 0.00000 -1.00000 -0.00000
1612292908848360 -0.99949 0.03201 -0.00000 -14.90793 0.03201 0.99949 0.00000 -1.59274 0.00000 0.00000 -1.00000 -0.00000
1612292909098968 -0.99963 0.02721 0.00000 -17.09871 0.02721 0.99963 0.00000 -1.68267 0.00000 0.00000 -1.00000 -0.00000
1612292909348973 -0.99971 0.02420 0.00000 -19.41676 0.02420 0.99971 0.00000 -1.89999 0.00000 0.00000 -1.00000 -0.00000
1612292909599601 -0.99973 0.02322 0.00000 -21.57302 0.02322 0.99973 0.00000 -1.82535 0.00000 0.00000 -1.00000 -0.00000
1612292909848985 -0.99997 0.00785 0.00000 -23.84302 0.00785 0.99997 0.00000 -2.26370 0.00000 0.00000 -1.00000 -0.00000
1612292910098984 -1.00000 0.00161 0.00000 -26.05528 0.00161 1.00000 0.00000 -2.37224 0.00000 0.00000 -1.00000 -0.00000
1612292910348989 -0.99998 -0.00705 -0.00000 -28.28386 -0.00705 0.99998 0.00000 -2.66808 -0.00000 0.00000 -1.00000 -0.00000
1612292910598993 -0.99996 -0.00892 -0.00000 -30.58456 -0.00892 0.99996 0.00000 -2.67534 -0.00000 0.00000 -1.00000 -0.00000
1612292910848998 -0.99991 -0.01326 0.00000 -32.70230 -0.01326 0.99991 0.00000 -2.84355 -0.00000 0.00000 -1.00000 -0.00000
1612292911098381 -0.99947 -0.03261 0.00000 -34.84745 -0.03261 0.99947 0.00000 -3.55797 -0.00000 0.00000 -1.00000 -0.00000
1612292911348999 -0.99959 -0.02879 0.00000 -36.98545 -0.02879 0.99959 0.00000 -3.38072 -0.00000 0.00000 -1.00000 -0.00000
1612292911599001 -0.99925 -0.03861 0.00000 -38.99795 -0.03861 0.99925 0.00000 -3.74386 -0.00000 0.00000 -1.00000 -0.00000
1612292911848382 -0.99880 -0.04902 -0.00000 -41.10063 -0.04902 0.99880 0.00000 -4.14912 -0.00000 0.00000 -1.00000 -0.00000
1612292912098382 -0.99850 -0.05475 0.00000 -42.93923 -0.05475 0.99850 0.00000 -4.41262 -0.00000 0.00000 -1.00000 -0.00000
1612292912348387 -0.99883 -0.04831 -0.00000 -44.91669 -0.04831 0.99883 0.00000 -4.22102 -0.00000 0.00000 -1.00000 -0.00000
1612292912598391 -0.99882 -0.04854 0.00000 -46.76757 -0.04854 0.99882 0.00000 -4.20825 -0.00000 0.00000 -1.00000 -0.00000
1612292912847774 -0.99876 -0.04976 0.00000 -48.47352 -0.04976 0.99876 0.00000 -4.34434 -0.00000 0.00000 -1.00000 -0.00000
1612292913099020 -0.99892 -0.04636 0.00000 -50.22524 -0.04636 0.99892 0.00000 -4.17113 -0.00000 0.00000 -1.00000 -0.00000
1612292913349646 -0.99957 -0.02925 0.00000 -51.80548 -0.02925 0.99957 0.00000 -3.25639 -0.00000 0.00000 -1.00000 -0.00000
1612292913599651 -0.99982 -0.01920 0.00000 -53.34667 -0.01920 0.99982 0.00000 -2.85611 -0.00000 0.00000 -1.00000 -0.00000
1612292913849658 -1.00000 -0.00305 0.00000 -54.79451 -0.00305 1.00000 0.00000 -1.95115 -0.00000 0.00000 -1.00000 -0.00000
1612292914100286 -0.99943 0.03369 -0.00000 -56.11897 0.03369 0.99943 0.00000 0.02273 0.00000 0.00000 -1.00000 0.00000
1612292914349667 -0.99865 0.05187 0.00000 -57.39638 0.05187 0.99865 0.00000 1.02706 0.00000 0.00000 -1.00000 0.00000
1612292914599669 -0.99563 0.09343 0.00000 -58.46808 0.09343 0.99563 0.00000 3.41536 0.00000 0.00000 -1.00000 0.00000
1612292914849689 -0.99044 0.13794 0.00000 -59.35806 0.13794 0.99044 0.00000 5.97950 0.00000 0.00000 -1.00000 0.00000
1612292915099693 -0.98087 0.19467 0.00000 -59.96893 0.19467 0.98087 0.00000 9.37315 0.00000 0.00000 -1.00000 0.00000
1612292915349073 -0.96808 0.25064 0.00000 -60.43877 0.25064 0.96808 0.00000 12.78283 0.00000 0.00000 -1.00000 0.00000
1612292915599078 -0.94466 0.32806 0.00000 -60.30994 0.32806 0.94466 0.00000 17.70298 0.00000 0.00000 -1.00000 0.00000
1612292915849078 -0.91028 0.41400 0.00000 -59.44157 0.41400 0.91028 0.00000 23.11426 0.00000 0.00000 -1.00000 0.00000
1612292916099081 -0.86588 0.50026 0.00000 -57.87996 0.50026 0.86588 0.00000 28.64820 0.00000 0.00000 -1.00000 0.00000
1612292916348460 -0.80704 0.59050 0.00000 -55.46905 0.59050 0.80704 0.00000 34.70635 0.00000 0.00000 -1.00000 0.00000
1612292916598484 -0.73008 0.68337 0.00000 -51.94617 0.68337 0.73008 0.00000 41.10559 0.00000 0.00000 -1.00000 0.00000
1612292916847846 -0.63859 0.76955 -0.00000 -47.37986 0.76955 0.63859 0.00000 47.13423 0.00000 0.00000 -1.00000 0.00000
1612292917097850 -0.52943 0.84835 0.00000 -41.70380 0.84835 0.52943 0.00000 53.24101 0.00000 0.00000 -1.00000 0.00000
1612292917348478 -0.41338 0.91056 0.00000 -35.42479 0.91056 0.41338 0.00000 58.25806 0.00000 0.00000 -1.00000 0.00000
1612292917599104 -0.30698 0.95171 0.00000 -29.64094 0.95171 0.30698 0.00000 61.90095 0.00000 0.00000 -1.00000 0.00000
1612292917848481 -0.22893 0.97344 -0.00000 -25.69005 0.97344 0.22893 0.00000 64.05958 0.00000 0.00000 -1.00000 0.00000
1612292918099112 -0.16141 0.98689 0.00000 -22.39639 0.98689 0.16141 0.00000 65.63582 0.00000 0.00000 -1.00000 0.00000
1612292918349114 -0.12971 0.99155 -0.00000 -21.46905 0.99155 0.12971 0.00000 66.31980 0.00000 0.00000 -1.00000 0.00000
1612292918599112 -0.08985 0.99595 -0.00000 -20.22521 0.99595 0.08985 0.00000 67.06558 0.00000 0.00000 -1.00000 0.00000
1612292918848490 -0.08777 0.99614 0.00000 -21.38496 0.99614 0.08777 0.00000 67.03028 0.00000 0.00000 -1.00000 0.00000
1612292919098510 -0.06560 0.99785 0.00000 -21.39471 0.99785 0.06560 0.00000 67.38206 0.00000 0.00000 -1.00000 0.00000
1612292919348484 -0.05856 0.99828 -0.00000 -22.26730 0.99828 0.05856 0.00000 67.61307 0.00000 0.00000 -1.00000 0.00000
1612292919598489 -0.05668 0.99839 0.00000 -23.66288 0.99839 0.05668 0.00000 67.55674 0.00000 0.00000 -1.00000 0.00000
1612292919848489 -0.05974 0.99821 0.00000 -25.41157 0.99821 0.05974 0.00000 67.60437 0.00000 0.00000 -1.00000 0.00000
1612292920099117 -0.05521 0.99847 0.00000 -26.70924 0.99847 0.05521 0.00000 67.59302 0.00000 0.00000 -1.00000 0.00000
1612292920349134 -0.06821 0.99767 0.00000 -29.25596 0.99767 0.06821 0.00000 67.08018 0.00000 0.00000 -1.00000 0.00000
1612292920599133 -0.04721 0.99889 0.00000 -29.40421 0.99889 0.04721 0.00000 67.73224 0.00000 0.00000 -1.00000 0.00000
1612292920849128 -0.03865 0.99925 -0.00000 -30.49415 0.99925 0.03865 0.00000 68.01509 0.00000 0.00000 -1.00000 0.00000
1612292921099129 -0.02212 0.99976 0.00000 -30.98882 0.99976 0.02212 0.00000 68.33118 0.00000 0.00000 -1.00000 0.00000
1612292921349136 -0.01229 0.99992 0.00000 -31.95781 0.99992 0.01229 0.00000 68.74496 0.00000 0.00000 -1.00000 0.00000
1612292921599140 0.02113 0.99978 -0.00000 -31.36166 0.99978 -0.02113 0.00000 69.62679 0.00000 -0.00000 -1.00000 0.00000
1612292921849143 0.05081 0.99871 -0.00000 -30.92543 0.99871 -0.05081 0.00000 70.62812 0.00000 -0.00000 -1.00000 0.00000
1612292922098520 0.08125 0.99669 0.00000 -30.44494 0.99669 -0.08125 0.00000 71.53368 0.00000 -0.00000 -1.00000 0.00000
1612292922348524 0.11711 0.99312 0.00000 -29.59324 0.99312 -0.11711 0.00000 72.49782 0.00000 -0.00000 -1.00000 0.00000
1612292922597897 0.12658 0.99196 0.00000 -30.53689 0.99196 -0.12658 0.00000 72.70454 0.00000 -0.00000 -1.00000 0.00000
1612292922847909 0.14756 0.98905 0.00000 -30.73430 0.98905 -0.14756 0.00000 73.32850 0.00000 -0.00000 -1.00000 0.00000
1612292923097910 0.14326 0.98969 0.00000 -32.72578 0.98969 -0.14326 0.00000 73.18118 0.00000 -0.00000 -1.00000 0.00000
1612292923348536 0.13141 0.99133 0.00000 -35.53625 0.99133 -0.13141 0.00000 72.72882 0.00000 -0.00000 -1.00000 0.00000
1612292923599167 0.11307 0.99359 -0.00000 -38.66517 0.99359 -0.11307 0.00000 71.98490 0.00000 -0.00000 -1.00000 0.00000
1612292923849792 0.09988 0.99500 0.00000 -41.45016 0.99500 -0.09988 0.00000 71.47125 0.00000 -0.00000 -1.00000 0.00000
1612292924099173 0.07236 0.99738 -0.00000 -45.33124 0.99738 -0.07236 0.00000 70.21495 0.00000 -0.00000 -1.00000 0.00000
1612292924349798 0.05044 0.99873 -0.00000 -48.80265 0.99873 -0.05044 0.00000 69.19725 0.00000 -0.00000 -1.00000 0.00000
1612292924599813 0.03851 0.99926 0.00000 -51.58398 0.99926 -0.03851 0.00000 68.58506 0.00000 -0.00000 -1.00000 0.00000
1612292924849184 0.01388 0.99990 0.00000 -55.26613 0.99990 -0.01388 0.00000 67.25820 0.00000 -0.00000 -1.00000 0.00000
1612292925099185 0.00293 1.00000 0.00000 -58.00863 1.00000 -0.00293 0.00000 66.55010 0.00000 -0.00000 -1.00000 0.00000
1612292925349189 -0.00595 0.99998 -0.00000 -60.52213 0.99998 0.00595 0.00000 66.06753 0.00000 0.00000 -1.00000 0.00000
1612292925599190 -0.01091 0.99994 0.00000 -62.87512 0.99994 0.01091 0.00000 65.71577 0.00000 0.00000 -1.00000 0.00000
1612292925849189 -0.01980 0.99980 0.00000 -65.38172 0.99980 0.01980 0.00000 65.17200 0.00000 0.00000 -1.00000 0.00000
1612292926098576 -0.02787 0.99961 0.00000 -67.79139 0.99961 0.02787 0.00000 64.63366 0.00000 0.00000 -1.00000 0.00000
1612292926348591 -0.02907 0.99958 0.00000 -69.93141 0.99958 0.02907 0.00000 64.49338 0.00000 0.00000 -1.00000 0.00000
1612292926598578 -0.03423 0.99941 0.00000 -72.14998 0.99941 0.03423 0.00000 64.07938 0.00000 0.00000 -1.00000 0.00000
1612292926848582 -0.03131 0.99951 -0.00000 -73.82623 0.99951 0.03131 0.00000 64.26658 0.00000 0.00000 -1.00000 0.00000
1612292927097965 -0.03280 0.99946 0.00000 -75.78300 0.99946 0.03280 0.00000 64.16556 0.00000 0.00000 -1.00000 0.00000
