1611678138476824 1.00000 0.00000 0.00000 -0.00000 0.00000 -1.00000 0.00000 0.00000 0.00000 -0.00000 -1.00000 0.00000
1611678138726828 1.00000 0.00055 0.00000 0.02219 0.00055 -1.00000 0.00000 0.00017 0.00000 -0.00000 -1.00000 0.00000
1611678138977453 1.00000 -0.00125 0.00000 0.02378 -0.00125 -1.00000 0.00000 0.00188 -0.00000 -0.00000 -1.00000 0.00000
1611678139228080 1.00000 0.00175 0.00000 -0.02020 0.00175 -1.00000 0.00000 0.04029 0.00000 -0.00000 -1.00000 0.00000
1611678139478710 1.00000 0.00311 0.00000 0.01386 0.00311 -1.00000 0.00000 0.02878 0.00000 -0.00000 -1.00000 0.00000
1611678139729332 1.00000 0.00050 -0.00000 0.02159 0.00050 -1.00000 0.00000 -0.00740 0.00000 -0.00000 -1.00000 -0.00000
1611678139979338 0.99999 0.00359 0.00000 -0.00757 0.00359 -0.99999 0.00000 -0.00332 0.00000 -0.00000 -1.00000 -0.00000
1611678140229340 1.00000 -0.00037 0.00000 -0.02562 -0.00037 -1.00000 0.00000 0.03541 -0.00000 -0.00000 -1.00000 0.00000
1611678140478722 1.00000 0.00104 0.00000 -0.01267 0.00104 -1.00000 0.00000 0.02329 0.00000 -0.00000 -1.00000 0.00000
1611678140728096 0.99999 0.00357 0.00000 -0.01427 0.00357 -0.99999 0.00000 0.01176 0.00000 -0.00000 -1.00000 0.00000
1611678140977473 1.00000 0.00281 0.00000 -0.02222 0.00281 -1.00000 0.00000 0.00010 0.00000 -0.00000 -1.00000 0.00000
1611678141226856 1.00000 0.00060 0.00000 -0.00592 0.00060 -1.00000 0.00000 0.04088 0.00000 -0.00000 -1.00000 0.00000
1611678141476234 0.99999 0.00393 0.00000 0.00355 0.00393 -0.99999 0.00000 0.01349 0.00000 -0.00000 -1.00000 0.00000
1611678141726857 1.00000 0.00089 0.00000 -0.02640 0.00089 -1.00000 0.00000 0.02845 0.00000 -0.00000 -1.00000 0.00000
1611678141976865 1.00000 0.00177 0.00000 0.01630 0.00177 -1.00000 0.00000 -0.01397 0.00000 -0.00000 -1.00000 -0.00000
1611678142227487 0.99999 0.00335 0.00000 0.01062 0.00335 -0.99999 0.00000 0.02850 0.00000 -0.00000 -1.00000 0.00000
1611678142478117 1.00000 -0.00099 0.00000 -0.01929 -0.00099 -1.00000 0.00000 -0.01798 -0.00000 -0.00000 -1.00000 -0.00000
1611678142728744 1.00000 -0.00022 0.00000 0.02056 -0.00022 -1.00000 0.00000 -0.01019 -0.00000 -0.00000 -1.00000 -0.00000
1611678142978132 1.00000 -0.00013 0.00000 0.02019 -0.00013 -1.00000 0.00000 -0.02164 -0.00000 -0.00000 -1.00000 -0.00000
1611678143228125 1.00000 0.00072 0.00000 -0.00217 0.00072 -1.00000 0.00000 -0.00115 0.00000 -0.00000 -1.00000 -0.00000
1611678143477505 1.00000 0.00080 0.00000 -0.00696 0.00080 -1.00000 0.00000 0.00101 0.00000 -0.00000 -1.00000 0.00000
1611678143726883 0.99999 0.00501 0.00000 -0.02053 0.00501 -0.99999 0.00000 0.03085 0.00000 -0.00000 -1.00000 0.00000
1611678143976264 1.00000 0.00265 0.00000 -0.00771 0.00265 -1.00000 0.00000 -0.00352 0.00000 -0.00000 -1.00000 -0.00000
1611678144226262 1.00000 0.00225 0.00000 0.00964 0.00225 -1.00000 0.00000 -0.00416 0.00000 -0.00000 -1.00000 -0.00000
1611678144476892 1.00000 0.00081 0.00000 0.01040 0.00081 -1.00000 0.00000 -0.03177 0.00000 -0.00000 -1.00000 -0.00000
1611678144727528 1.00000 -0.00042 0.00000 0.01792 -0.00042 -1.00000 0.00000 -0.00087 -0.00000 -0.00000 -1.00000 -0.00000
1611678144978147 1.00000 0.00188 0.00000 0.01024 0.00188 -1.00000 0.00000 -0.00696 0.00000 -0.00000 -1.00000 -0.00000
1611678145229399 1.00000 0.00146 0.00000 -0.01193 0.00146 -1.00000 0.00000 0.02566 0.00000 -0.00000 -1.00000 0.00000
1611678145480031 1.00000 0.00165 -0.00000 0.02299 0.00165 -1.00000 0.00000 -0.00217 0.00000 -0.00000 -1.00000 -0.00000
1611678145730652 1.00000 0.00223 0.00000 -0.01529 0.00223 -1.00000 0.00000 0.09290 0.00000 -0.00000 -1.00000 0.00000
1611678145980029 0.99999 0.00486 0.00000 -0.01537 0.00486 -0.99999 0.00000 -0.00702 0.00000 -0.00000 -1.00000 -0.00000
1611678146229407 1.00000 -0.00055 -0.00000 -0.00860 -0.00055 -1.00000 0.00000 -0.00686 -0.00000 -0.00000 -1.00000 -0.00000
1611678146478167 1.00000 -0.00032 0.00000 0.02880 -0.00032 -1.00000 0.00000 -0.02412 -0.00000 -0.00000 -1.00000 -0.00000
1611678146727539 0.99999 0.00459 0.00000 -0.02430 0.00459 -0.99999 0.00000 -0.01080 0.00000 -0.00000 -1.00000 -0.00000
1611678146977545 1.00000 0.00097 0.00000 -0.02093 0.00097 -1.00000 0.00000 -0.00025 0.00000 -0.00000 -1.00000 -0.00000
1611678147227541 0.99999 -0.00363 0.00000 0.01734 -0.00363 -0.99999 0.00000 -0.00447 -0.00000 -0.00000 -1.00000 -0.00000
1611678147477550 1.00000 0.00190 0.00000 -0.00524 0.00190 -1.00000 0.00000 0.02870 0.00000 -0.00000 -1.00000 0.00000
1611678147728176 1.00000 0.00259 0.00000 -0.04249 0.00259 -1.00000 0.00000 0.00831 0.00000 -0.00000 -1.00000 0.00000
1611678147978176 1.00000 0.00251 0.00000 0.01684 0.00251 -1.00000 0.00000 -0.00269 0.00000 -0.00000 -1.00000 -0.00000
1611678148228806 1.00000 0.00144 0.00000 0.02515 0.00144 -1.00000 0.00000 -0.01033 0.00000 -0.00000 -1.00000 -0.00000
1611678148479429 0.99999 0.00329 0.00000 0.00683 0.00329 -0.99999 0.00000 0.01094 0.00000 -0.00000 -1.00000 0.00000
1611678148729443 1.00000 -0.00011 0.00000 -0.00653 -0.00011 -1.00000 0.00000 0.02027 -0.00000 -0.00000 -1.00000 0.00000
1611678148978187 1.00000 0.00228 0.00000 0.01395 0.00228 -1.00000 0.00000 -0.02241 0.00000 -0.00000 -1.00000 -0.00000
1611678149228192 1.00000 -0.00090 0.00000 -0.00035 -0.00090 -1.00000 0.00000 0.02026 -0.00000 -0.00000 -1.00000 0.00000
1611678149477581 1.00000 -0.00040 0.00000 -0.00958 -0.00040 -1.00000 0.00000 0.01956 -0.00000 -0.00000 -1.00000 0.00000
1611678149726949 1.00000 0.00100 0.00000 -0.00991 0.00100 -1.00000 0.00000 0.00726 0.00000 -0.00000 -1.00000 0.00000
1611678149976948 1.00000 -0.00276 0.00000 -0.00685 -0.00276 -1.00000 0.00000 0.02685 -0.00000 -0.00000 -1.00000 0.00000
1611678150226327 0.99999 0.00325 0.00000 -0.03330 0.00325 -0.99999 0.00000 -0.00695 0.00000 -0.00000 -1.00000 -0.00000
1611678150476958 1.00000 0.00048 0.00000 0.01420 0.00048 -1.00000 0.00000 -0.02108 0.00000 -0.00000 -1.00000 -0.00000
1611678150727585 1.00000 -0.00015 0.00000 -0.00969 -0.00015 -1.00000 0.00000 -0.01861 -0.00000 -0.00000 -1.00000 -0.00000
1611678150978218 1.00000 -0.00093 -0.00000 -0.02503 -0.00093 -1.00000 0.00000 -0.01789 -0.00000 -0.00000 -1.00000 -0.00000
1611678151228842 1.00000 -0.00070 0.00000 0.00589 -0.00070 -1.00000 0.00000 -0.01267 -0.00000 -0.00000 -1.00000 -0.00000
1611678151478844 1.00000 0.00132 0.00000 0.00352 0.00132 -1.00000 0.00000 -0.01451 0.00000 -0.00000 -1.00000 -0.00000
1611678151728842 1.00000 -0.00086 -0.00000 0.00558 -0.00086 -1.00000 0.00000 0.02049 -0.00000 -0.00000 -1.00000 0.00000
1611678151978220 1.00000 -0.00066 0.00000 0.02226 -0.00066 -1.00000 0.00000 0.00646 -0.00000 -0.00000 -1.00000 0.00000
1611678152227596 1.00000 -0.00159 0.00000 -0.01214 -0.00159 -1.00000 0.00000 0.02911 -0.00000 -0.00000 -1.00000 0.00000
1611678152476984 0.99999 0.00385 0.00000 -0.00998 0.00385 -0.99999 0.00000 0.00018 0.00000 -0.00000 -1.00000 0.00000
1611678152726991 0.99999 0.00476 0.00000 0.00458 0.00476 -0.99999 0.00000 -0.00545 0.00000 -0.00000 -1.00000 -0.00000
1611678152977607 1.00000 0.00206 0.00000 -0.00579 0.00206 -1.00000 0.00000 0.02889 0.00000 -0.00000 -1.00000 0.00000
1611678153228233 1.00000 0.00230 0.00000 0.01761 0.00230 -1.00000 0.00000 -0.00744 0.00000 -0.00000 -1.00000 -0.00000
1611678153479495 1.00000 -0.00141 -0.00000 -0.01150 -0.00141 -1.00000 0.00000 0.02373 -0.00000 -0.00000 -1.00000 0.00000
1611678153729496 1.00000 -0.00101 0.00000 0.01600 -0.00101 -1.00000 0.00000 -0.01153 -0.00000 -0.00000 -1.00000 -0.00000
1611678153978868 1.00000 0.00281 0.00000 0.01961 0.00281 -1.00000 0.00000 -0.02565 0.00000 -0.00000 -1.00000 -0.00000
1611678154228868 1.00000 0.00126 0.00000 -0.01670 0.00126 -1.00000 0.00000 0.00293 0.00000 -0.00000 -1.00000 0.00000
1611678154478252 1.00000 0.00202 0.00000 0.00963 0.00202 -1.00000 0.00000 -0.04396 0.00000 -0.00000 -1.00000 -0.00000
1611678154727632 1.00000 -0.00001 0.00000 0.01106 -0.00001 -1.00000 0.00000 -0.03683 -0.00000 -0.00000 -1.00000 -0.00000
1611678154977637 1.00000 -0.00213 0.00000 -0.00663 -0.00213 -1.00000 0.00000 0.02098 -0.00000 -0.00000 -1.00000 0.00000
1611678155227013 0.99999 0.00369 0.00000 -0.01577 0.00369 -0.99999 0.00000 -0.00143 0.00000 -0.00000 -1.00000 -0.00000
1611678155477020 1.00000 0.00246 -0.00000 -0.00070 0.00246 -1.00000 0.00000 -0.00416 0.00000 -0.00000 -1.00000 -0.00000
1611678155727642 1.00000 0.00246 -0.00000 0.03526 0.00246 -1.00000 0.00000 -0.00609 0.00000 -0.00000 -1.00000 -0.00000
1611678155978290 1.00000 0.00016 -0.00000 -0.03622 0.00016 -1.00000 0.00000 0.03297 0.00000 -0.00000 -1.00000 0.00000
1611678156228269 1.00000 -0.00050 0.00000 -0.01659 -0.00050 -1.00000 0.00000 -0.00598 -0.00000 -0.00000 -1.00000 -0.00000
1611678156478943 1.00000 0.00161 0.00000 0.01500 0.00161 -1.00000 0.00000 -0.00165 0.00000 -0.00000 -1.00000 -0.00000
1611678156728900 0.99999 0.00446 0.00000 -0.00899 0.00446 -0.99999 0.00000 -0.01202 0.00000 -0.00000 -1.00000 -0.00000
1611678156978904 1.00000 0.00095 0.00000 -0.02962 0.00095 -1.00000 0.00000 0.03815 0.00000 -0.00000 -1.00000 0.00000
1611678157227659 1.00000 0.00081 -0.00000 0.01786 0.00081 -1.00000 0.00000 -0.00493 0.00000 -0.00000 -1.00000 -0.00000
1611678157477667 1.00000 -0.00205 0.00000 0.00133 -0.00205 -1.00000 0.00000 0.01040 -0.00000 -0.00000 -1.00000 0.00000
1611678157727037 0.99999 0.00507 0.00000 -0.01275 0.00507 -0.99999 0.00000 -0.00849 0.00000 -0.00000 -1.00000 -0.00000
1611678157977041 1.00000 0.00155 0.00000 -0.02292 0.00155 -1.00000 0.00000 0.01489 0.00000 -0.00000 -1.00000 0.00000
1611678158227051 1.00000 0.00072 -0.00000 0.01320 0.00072 -1.00000 0.00000 -0.00462 0.00000 -0.00000 -1.00000 -0.00000
1611678158477674 1.00000 0.00309 0.00000 0.01825 0.00309 -1.00000 0.00000 0.02399 0.00000 -0.00000 -1.00000 0.00000
1611678158728298 1.00000 0.00071 0.00000 -0.01052 0.00071 -1.00000 0.00000 0.02256 0.00000 -0.00000 -1.00000 0.00000
1611678158978933 1.00000 0.00277 0.00000 0.00120 0.00277 -1.00000 0.00000 -0.00669 0.00000 -0.00000 -1.00000 -0.00000
1611678159229554 1.00000 0.00160 0.00000 0.00983 0.00160 -1.00000 0.00000 -0.04697 0.00000 -0.00000 -1.00000 -0.00000
1611678159480187 0.99999 -0.00328 0.00000 -0.00440 -0.00328 -0.99999 0.00000 -0.02411 -0.00000 -0.00000 -1.00000 -0.00000
1611678159729562 1.00000 0.00277 0.00000 -0.01430 0.00277 -1.00000 0.00000 0.00593 0.00000 -0.00000 -1.00000 0.00000
1611678159978940 1.00000 0.00172 0.00000 -0.02700 0.00172 -1.00000 0.00000 -0.02551 0.00000 -0.00000 -1.00000 -0.00000
1611678160228316 1.00000 0.00137 0.00000 0.00331 0.00137 -1.00000 0.00000 -0.02456 0.00000 -0.00000 -1.00000 -0.00000
1611678160477696 1.00000 0.00212 0.00000 -0.00755 0.00212 -1.00000 0.00000 -0.02290 0.00000 -0.00000 -1.00000 -0.00000
1611678160727087 1.00000 0.00019 0.00000 0.01569 0.00019 -1.00000 0.00000 -0.02901 0.00000 -0.00000 -1.00000 -0.00000
1611678160977077 1.00000 -0.00128 -0.00000 0.00536 -0.00128 -1.00000 0.00000 -0.00369 -0.00000 -0.00000 -1.00000 -0.00000
1611678161227073 1.00000 0.00126 0.00000 0.01706 0.00126 -1.00000 0.00000 -0.03733 0.00000 -0.00000 -1.00000 -0.00000
1611678161477705 1.00000 -0.00001 0.00000 0.01491 -0.00001 -1.00000 0.00000 -0.04769 -0.00000 -0.00000 -1.00000 -0.00000
1611678161728954 1.00000 -0.00070 0.00000 -0.01833 -0.00070 -1.00000 0.00000 0.01595 -0.00000 -0.00000 -1.00000 0.00000
1611678161979589 1.00000 0.00157 0.00000 -0.00488 0.00157 -1.00000 0.00000 -0.00152 0.00000 -0.00000 -1.00000 -0.00000
1611678162229590 1.00000 0.00032 0.00000 -0.00273 0.00032 -1.00000 0.00000 -0.00246 0.00000 -0.00000 -1.00000 -0.00000
1611678162479592 1.00000 -0.00272 0.00000 0.00589 -0.00272 -1.00000 0.00000 0.02242 -0.00000 -0.00000 -1.00000 0.00000
1611678162728969 1.00000 -0.00178 0.00000 0.00111 -0.00178 -1.00000 0.00000 0.03247 -0.00000 -0.00000 -1.00000 0.00000
1611678162978346 1.00000 -0.00046 0.00000 -0.01452 -0.00046 -1.00000 0.00000 0.03947 -0.00000 -0.00000 -1.00000 0.00000
1611678163227730 1.00000 0.00258 -0.00000 -0.01696 0.00258 -1.00000 0.00000 0.02753 0.00000 -0.00000 -1.00000 0.00000
1611678163477109 0.99999 0.00537 -0.00000 -0.02513 0.00537 -0.99999 0.00000 0.01089 0.00000 -0.00000 -1.00000 0.00000
1611678163727108 0.99999 0.00320 0.00000 -0.01304 0.00320 -0.99999 0.00000 -0.01166 0.00000 -0.00000 -1.00000 -0.00000
1611678163977111 1.00000 -0.00007 0.00000 -0.04412 -0.00007 -1.00000 0.00000 -0.03294 -0.00000 -0.00000 -1.00000 -0.00000
1611678164228363 1.00000 -0.00276 0.00000 -0.07226 -0.00276 -1.00000 0.00000 0.01067 -0.00000 -0.00000 -1.00000 0.00000
1611678164478995 1.00000 0.00101 -0.00000 -0.12366 0.00101 -1.00000 0.00000 -0.07138 0.00000 -0.00000 -1.00000 -0.00000
1611678164729634 1.00000 -0.00165 -0.00000 -0.15239 -0.00165 -1.00000 0.00000 -0.06048 -0.00000 -0.00000 -1.00000 -0.00000
1611678164979618 0.99999 -0.00351 0.00000 -0.21692 -0.00351 -0.99999 0.00000 -0.05853 -0.00000 -0.00000 -1.00000 -0.00000
1611678165228997 1.00000 -0.00188 0.00000 -0.24978 -0.00188 -1.00000 0.00000 -0.04002 -0.00000 -0.00000 -1.00000 -0.00000
1611678165478370 0.99999 -0.00352 0.00000 -0.35279 -0.00352 -0.99999 0.00000 0.00479 -0.00000 -0.00000 -1.00000 0.00000
1611678165727755 0.99989 -0.01502 0.00000 -0.40959 -0.01502 -0.99989 0.00000 -0.06341 -0.00000 -0.00000 -1.00000 -0.00000
1611678165977133 0.99992 -0.01293 0.00000 -0.43972 -0.01293 -0.99992 0.00000 -0.01657 -0.00000 -0.00000 -1.00000 -0.00000
1611678166227138 0.99985 -0.01752 0.00000 -0.57406 -0.01752 -0.99985 0.00000 -0.01638 -0.00000 -0.00000 -1.00000 -0.00000
1611678166477142 0.99961 -0.02794 0.00000 -0.69323 -0.02794 -0.99961 0.00000 -0.02048 -0.00000 -0.00000 -1.00000 -0.00000
1611678166727765 0.99967 -0.02586 0.00000 -0.88924 -0.02586 -0.99967 0.00000 -0.02924 -0.00000 -0.00000 -1.00000 -0.00000
1611678166978403 0.99969 -0.02479 0.00000 -0.95927 -0.02479 -0.99969 0.00000 0.00637 -0.00000 -0.00000 -1.00000 0.00000
1611678167229017 0.99980 -0.02007 0.00000 -1.07162 -0.02007 -0.99980 0.00000 -0.06244 -0.00000 -0.00000 -1.00000 -0.00000
1611678167479024 0.99979 -0.02038 0.00000 -1.25429 -0.02038 -0.99979 0.00000 -0.07436 -0.00000 -0.00000 -1.00000 -0.00000
1611678167729650 0.99961 -0.02784 0.00000 -1.47022 -0.02784 -0.99961 0.00000 -0.02462 -0.00000 -0.00000 -1.00000 -0.00000
1611678167979026 0.99979 -0.02058 0.00000 -1.62389 -0.02058 -0.99979 0.00000 -0.02625 -0.00000 -0.00000 -1.00000 -0.00000
1611678168227783 0.99979 -0.02033 0.00000 -1.79986 -0.02033 -0.99979 0.00000 -0.04723 -0.00000 -0.00000 -1.00000 -0.00000
1611678168477787 0.99980 -0.02006 -0.00000 -1.94077 -0.02006 -0.99980 0.00000 -0.00705 -0.00000 -0.00000 -1.00000 -0.00000
1611678168727793 0.99962 -0.02772 -0.00000 -2.17151 -0.02772 -0.99962 0.00000 0.07102 -0.00000 -0.00000 -1.00000 0.00000
1611678168977163 0.99979 -0.02047 0.00000 -2.37538 -0.02047 -0.99979 0.00000 -0.03135 -0.00000 -0.00000 -1.00000 -0.00000
1611678169227793 0.99962 -0.02755 0.00000 -2.59491 -0.02755 -0.99962 0.00000 0.00250 -0.00000 -0.00000 -1.00000 0.00000
1611678169478423 0.99955 -0.03007 0.00000 -2.80178 -0.03007 -0.99955 0.00000 0.00155 -0.00000 -0.00000 -1.00000 0.00000
1611678169728420 0.99937 -0.03556 -0.00000 -2.97946 -0.03556 -0.99937 0.00000 0.01108 -0.00000 -0.00000 -1.00000 0.00000
1611678169978425 0.99922 -0.03942 0.00000 -3.04814 -0.03942 -0.99922 0.00000 0.00666 -0.00000 -0.00000 -1.00000 0.00000
1611678170228427 0.99914 -0.04151 0.00000 -3.19527 -0.04151 -0.99914 0.00000 -0.02359 -0.00000 -0.00000 -1.00000 -0.00000
1611678170477811 0.99917 -0.04085 0.00000 -3.26474 -0.04085 -0.99917 0.00000 -0.06600 -0.00000 -0.00000 -1.00000 -0.00000
1611678170727185 0.99923 -0.03918 0.00000 -3.31551 -0.03918 -0.99923 0.00000 -0.04286 -0.00000 -0.00000 -1.00000 -0.00000
1611678170977189 0.99910 -0.04238 0.00000 -3.36628 -0.04238 -0.99910 0.00000 0.01046 -0.00000 -0.00000 -1.00000 0.00000
1611678171227190 0.99903 -0.04401 0.00000 -3.37516 -0.04401 -0.99903 0.00000 0.02205 -0.00000 -0.00000 -1.00000 0.00000
1611678171477812 0.99904 -0.04371 0.00000 -3.39126 -0.04371 -0.99904 0.00000 0.05724 -0.00000 -0.00000 -1.00000 0.00000
1611678171728449 0.99905 -0.04354 -0.00000 -3.39585 -0.04354 -0.99905 0.00000 0.04905 -0.00000 -0.00000 -1.00000 0.00000
1611678171979079 0.99919 -0.04023 0.00000 -3.37436 -0.04023 -0.99919 0.00000 0.04270 -0.00000 -0.00000 -1.00000 0.00000
1611678172229701 0.99928 -0.03784 0.00000 -3.37981 -0.03784 -0.99928 0.00000 0.09034 -0.00000 -0.00000 -1.00000 0.00000
1611678172479083 0.99938 -0.03523 0.00000 -3.37754 -0.03523 -0.99938 0.00000 0.02681 -0.00000 -0.00000 -1.00000 0.00000
1611678172729083 0.99933 -0.03655 0.00000 -3.39911 -0.03655 -0.99933 0.00000 0.03977 -0.00000 -0.00000 -1.00000 0.00000
1611678172978461 0.99919 -0.04030 0.00000 -3.38594 -0.04030 -0.99919 0.00000 -0.04215 -0.00000 -0.00000 -1.00000 -0.00000
1611678173228463 0.99909 -0.04269 0.00000 -3.41372 -0.04269 -0.99909 0.00000 0.02922 -0.00000 -0.00000 -1.00000 0.00000
1611678173477843 0.99923 -0.03915 0.00000 -3.46881 -0.03915 -0.99923 0.00000 0.06707 -0.00000 -0.00000 -1.00000 0.00000
1611678173727221 0.99943 -0.03380 0.00000 -3.46605 -0.03380 -0.99943 0.00000 0.01655 -0.00000 -0.00000 -1.00000 0.00000
1611678173976598 0.99942 -0.03395 0.00000 -3.49845 -0.03395 -0.99942 0.00000 -0.00077 -0.00000 -0.00000 -1.00000 -0.00000
1611678174226596 0.99952 -0.03094 0.00000 -3.53459 -0.03094 -0.99952 0.00000 -0.01666 -0.00000 -0.00000 -1.00000 -0.00000
1611678174477230 0.99965 -0.02647 0.00000 -3.57298 -0.02647 -0.99965 0.00000 -0.00049 -0.00000 -0.00000 -1.00000 -0.00000
1611678174727854 0.99979 -0.02040 -0.00000 -3.58317 -0.02040 -0.99979 0.00000 -0.01799 -0.00000 -0.00000 -1.00000 -0.00000
1611678174979114 0.99953 -0.03071 0.00000 -3.61634 -0.03071 -0.99953 0.00000 0.03067 -0.00000 -0.00000 -1.00000 0.00000
1611678175229110 0.99974 -0.02261 0.00000 -3.61079 -0.02261 -0.99974 0.00000 -0.03035 -0.00000 -0.00000 -1.00000 -0.00000
1611678175479115 0.99981 -0.01933 0.00000 -3.62323 -0.01933 -0.99981 0.00000 -0.00483 -0.00000 -0.00000 -1.00000 -0.00000
1611678175729116 0.99981 -0.01932 0.00000 -3.65333 -0.01932 -0.99981 0.00000 -0.04433 -0.00000 -0.00000 -1.00000 -0.00000
1611678175979116 0.99953 -0.03051 0.00000 -3.62255 -0.03051 -0.99953 0.00000 0.01796 -0.00000 -0.00000 -1.00000 0.00000
1611678176228492 0.99947 -0.03255 0.00000 -3.61506 -0.03255 -0.99947 0.00000 -0.02134 -0.00000 -0.00000 -1.00000 -0.00000
1611678176477252 0.99970 -0.02461 0.00000 -3.63333 -0.02461 -0.99970 0.00000 -0.05283 -0.00000 -0.00000 -1.00000 -0.00000
1611678176727262 0.99967 -0.02557 0.00000 -3.62273 -0.02557 -0.99967 0.00000 -0.01519 -0.00000 -0.00000 -1.00000 -0.00000
1611678176977255 0.99952 -0.03099 0.00000 -3.62223 -0.03099 -0.99952 0.00000 -0.01790 -0.00000 -0.00000 -1.00000 -0.00000
1611678177227257 0.99946 -0.03272 0.00000 -3.63320 -0.03272 -0.99946 0.00000 0.01843 -0.00000 -0.00000 -1.00000 0.00000
1611678177477261 0.99971 -0.02388 0.00000 -3.61665 -0.02388 -0.99971 0.00000 -0.11156 -0.00000 -0.00000 -1.00000 -0.00000
1611678177727889 0.99967 -0.02585 0.00000 -3.61693 -0.02585 -0.99967 0.00000 -0.08104 -0.00000 -0.00000 -1.00000 -0.00000
1611678177979144 0.99961 -0.02801 -0.00000 -3.64585 -0.02801 -0.99961 0.00000 0.02989 -0.00000 -0.00000 -1.00000 0.00000
1611678178229140 0.99975 -0.02240 0.00000 -3.62760 -0.02240 -0.99975 0.00000 -0.07763 -0.00000 -0.00000 -1.00000 -0.00000
1611678178479144 0.99971 -0.02412 0.00000 -3.64347 -0.02412 -0.99971 0.00000 -0.03334 -0.00000 -0.00000 -1.00000 -0.00000
1611678178729147 0.99940 -0.03476 0.00000 -3.63558 -0.03476 -0.99940 0.00000 0.01708 -0.00000 -0.00000 -1.00000 0.00000
1611678178978528 0.99923 -0.03932 0.00000 -3.80542 -0.03932 -0.99923 0.00000 0.04103 -0.00000 -0.00000 -1.00000 0.00000
1611678179227910 0.99895 -0.04581 0.00000 -4.00359 -0.04581 -0.99895 0.00000 0.10149 -0.00000 -0.00000 -1.00000 0.00000
1611678179477283 0.99824 -0.05926 0.00000 -4.29225 -0.05926 -0.99824 0.00000 0.07965 -0.00000 -0.00000 -1.00000 0.00000
1611678179727281 0.99653 -0.08322 0.00000 -4.59713 -0.08322 -0.99653 0.00000 0.18371 -0.00000 -0.00000 -1.00000 0.00000
1611678179977288 0.99419 -0.10764 -0.00000 -4.95895 -0.10764 -0.99419 0.00000 0.27178 -0.00000 -0.00000 -1.00000 0.00000
1611678180227917 0.99197 -0.12647 0.00000 -5.38225 -0.12647 -0.99197 0.00000 0.29088 -0.00000 -0.00000 -1.00000 0.00000
1611678180478548 0.99008 -0.14051 0.00000 -5.86219 -0.14051 -0.99008 0.00000 0.35985 -0.00000 -0.00000 -1.00000 0.00000
1611678180729172 0.98706 -0.16036 -0.00000 -6.40945 -0.16036 -0.98706 0.00000 0.42308 -0.00000 -0.00000 -1.00000 0.00000
1611678180979177 0.98503 -0.17238 0.00000 -7.10099 -0.17238 -0.98503 0.00000 0.56709 -0.00000 -0.00000 -1.00000 0.00000
1611678181228550 0.98513 -0.17183 0.00000 -7.74952 -0.17183 -0.98513 0.00000 0.56433 -0.00000 -0.00000 -1.00000 0.00000
1611678181477932 0.98419 -0.17714 0.00000 -8.47244 -0.17714 -0.98419 0.00000 0.51909 -0.00000 -0.00000 -1.00000 0.00000
1611678181727307 0.98353 -0.18076 -0.00000 -9.12679 -0.18076 -0.98353 0.00000 0.48454 -0.00000 -0.00000 -1.00000 0.00000
1611678181977313 0.98313 -0.18292 0.00000 -9.90430 -0.18292 -0.98313 0.00000 0.57823 -0.00000 -0.00000 -1.00000 0.00000
1611678182227312 0.98251 -0.18621 0.00000 -10.70245 -0.18621 -0.98251 0.00000 0.60637 -0.00000 -0.00000 -1.00000 0.00000
1611678182477312 0.98142 -0.19185 0.00000 -11.58498 -0.19185 -0.98142 0.00000 0.66677 -0.00000 -0.00000 -1.00000 0.00000
1611678182727947 0.98057 -0.19619 0.00000 -12.42590 -0.19619 -0.98057 0.00000 0.69695 -0.00000 -0.00000 -1.00000 0.00000
1611678182978580 0.98042 -0.19692 0.00000 -13.31425 -0.19692 -0.98042 0.00000 0.75096 -0.00000 -0.00000 -1.00000 0.00000
1611678183229202 0.98173 -0.19026 0.00000 -14.25442 -0.19026 -0.98173 0.00000 0.63847 -0.00000 -0.00000 -1.00000 0.00000
1611678183480459 0.98154 -0.19128 0.00000 -15.24479 -0.19128 -0.98154 0.00000 0.67055 -0.00000 -0.00000 -1.00000 0.00000
1611678183730458 0.98217 -0.18799 -0.00000 -16.21748 -0.18799 -0.98217 0.00000 0.47334 -0.00000 -0.00000 -1.00000 0.00000
1611678183979837 0.98539 -0.17030 0.00000 -17.27001 -0.17030 -0.98539 0.00000 0.26180 -0.00000 -0.00000 -1.00000 0.00000
1611678184229212 0.98725 -0.15919 0.00000 -18.23997 -0.15919 -0.98725 0.00000 0.04579 -0.00000 -0.00000 -1.00000 0.00000
1611678184479216 0.98833 -0.15230 -0.00000 -19.26313 -0.15230 -0.98833 0.00000 -0.10075 -0.00000 -0.00000 -1.00000 -0.00000
1611678184728605 0.98966 -0.14344 0.00000 -20.35312 -0.14344 -0.98966 0.00000 -0.28283 -0.00000 -0.00000 -1.00000 -0.00000
1611678184977969 0.99107 -0.13335 -0.00000 -21.47969 -0.13335 -0.99107 0.00000 -0.51068 -0.00000 -0.00000 -1.00000 -0.00000
1611678185227349 0.99279 -0.11987 0.00000 -22.68420 -0.11987 -0.99279 0.00000 -0.80549 -0.00000 -0.00000 -1.00000 -0.00000
1611678185477355 0.99420 -0.10750 0.00000 -23.85688 -0.10750 -0.99420 0.00000 -1.15063 -0.00000 -0.00000 -1.00000 -0.00000
1611678185727354 0.99525 -0.09733 0.00000 -25.01580 -0.09733 -0.99525 0.00000 -1.44632 -0.00000 -0.00000 -1.00000 -0.00000
1611678185977360 0.99719 -0.07498 0.00000 -26.28670 -0.07498 -0.99719 0.00000 -1.99985 -0.00000 -0.00000 -1.00000 -0.00000
1611678186227986 0.99840 -0.05654 0.00000 -27.50927 -0.05654 -0.99840 0.00000 -2.46249 -0.00000 -0.00000 -1.00000 -0.00000
1611678186478616 0.99918 -0.04040 0.00000 -28.67600 -0.04040 -0.99918 0.00000 -2.93045 -0.00000 -0.00000 -1.00000 -0.00000
1611678186729862 0.99944 -0.03346 0.00000 -30.01403 -0.03346 -0.99944 0.00000 -3.15866 -0.00000 -0.00000 -1.00000 -0.00000
1611678186980493 0.99964 -0.02688 0.00000 -31.31320 -0.02688 -0.99964 0.00000 -3.48752 -0.00000 -0.00000 -1.00000 -0.00000
1611678187231121 0.99968 -0.02530 0.00000 -32.61945 -0.02530 -0.99968 0.00000 -3.50248 -0.00000 -0.00000 -1.00000 -0.00000
1611678187481122 0.99978 -0.02085 0.00000 -33.94148 -0.02085 -0.99978 0.00000 -3.53493 -0.00000 -0.00000 -1.00000 -0.00000
1611678187729878 0.99986 -0.01695 0.00000 -35.22529 -0.01695 -0.99986 0.00000 -3.81668 -0.00000 -0.00000 -1.00000 -0.00000
1611678187979882 0.99994 -0.01085 0.00000 -36.40987 -0.01085 -0.99994 0.00000 -4.06613 -0.00000 -0.00000 -1.00000 -0.00000
1611678188228630 1.00000 -0.00249 -0.00000 -37.65576 -0.00249 -1.00000 0.00000 -4.26359 -0.00000 -0.00000 -1.00000 -0.00000
1611678188478631 1.00000 0.00009 -0.00000 -38.93476 0.00009 -1.00000 0.00000 -4.46548 0.00000 -0.00000 -1.00000 -0.00000
1611678188728637 0.99993 -0.01204 0.00000 -40.22858 -0.01204 -0.99993 0.00000 -3.97213 -0.00000 -0.00000 -1.00000 -0.00000
1611678188978014 0.99995 -0.00999 0.00000 -41.35057 -0.00999 -0.99995 0.00000 -4.13519 -0.00000 -0.00000 -1.00000 -0.00000
1611678189227396 0.99998 -0.00548 0.00000 -42.46629 -0.00548 -0.99998 0.00000 -4.25930 -0.00000 -0.00000 -1.00000 -0.00000
1611678189477399 1.00000 0.00039 0.00000 -43.63476 0.00039 -1.00000 0.00000 -4.63629 0.00000 -0.00000 -1.00000 -0.00000
1611678189728022 1.00000 0.00240 0.00000 -44.74594 0.00240 -1.00000 0.00000 -4.69961 0.00000 -0.00000 -1.00000 -0.00000
1611678189978652 1.00000 0.00226 0.00000 -45.84910 0.00226 -1.00000 0.00000 -4.82924 0.00000 -0.00000 -1.00000 -0.00000
1611678190229904 1.00000 -0.00096 -0.00000 -46.89367 -0.00096 -1.00000 0.00000 -4.59643 -0.00000 -0.00000 -1.00000 -0.00000
1611678190479907 0.99996 0.00894 0.00000 -47.94634 0.00894 -0.99996 0.00000 -5.10048 0.00000 -0.00000 -1.00000 -0.00000
1611678190729907 0.99991 0.01366 -0.00000 -48.94065 0.01366 -0.99991 0.00000 -5.35214 0.00000 -0.00000 -1.00000 -0.00000
1611678190979294 0.99996 0.00941 0.00000 -49.96863 0.00941 -0.99996 0.00000 -5.12897 0.00000 -0.00000 -1.00000 -0.00000
1611678191228667 0.99996 0.00937 0.00000 -50.99678 0.00937 -0.99996 0.00000 -5.12084 0.00000 -0.00000 -1.00000 -0.00000
1611678191478041 0.99997 0.00744 0.00000 -52.06771 0.00744 -0.99997 0.00000 -5.02067 0.00000 -0.00000 -1.00000 -0.00000
1611678191727420 0.99999 0.00408 0.00000 -53.09873 0.00408 -0.99999 0.00000 -4.84309 0.00000 -0.00000 -1.00000 -0.00000
1611678191977422 1.00000 -0.00295 0.00000 -54.22659 -0.00295 -1.00000 0.00000 -4.48120 -0.00000 -0.00000 -1.00000 -0.00000
1611678192227427 0.99998 -0.00632 0.00000 -55.41259 -0.00632 -0.99998 0.00000 -4.30268 -0.00000 -0.00000 -1.00000 -0.00000
1611678192477432 0.99999 -0.00530 0.00000 -56.57008 -0.00530 -0.99999 0.00000 -4.42976 -0.00000 -0.00000 -1.00000 -0.00000
1611678192728070 0.99998 -0.00643 0.00000 -57.80939 -0.00643 -0.99998 0.00000 -4.30790 -0.00000 -0.00000 -1.00000 -0.00000
1611678192978686 0.99986 -0.01698 0.00000 -59.04818 -0.01698 -0.99986 0.00000 -3.72131 -0.00000 -0.00000 -1.00000 -0.00000
1611678193229938 0.99962 -0.02751 0.00000 -60.46529 -0.02751 -0.99962 0.00000 -3.09143 -0.00000 -0.00000 -1.00000 -0.00000
1611678193480568 0.99978 -0.02106 -0.00000 -61.79023 -0.02106 -0.99978 0.00000 -3.57486 -0.00000 -0.00000 -1.00000 -0.00000
1611678193730568 0.99981 -0.01946 0.00000 -63.22847 -0.01946 -0.99981 0.00000 -3.77234 -0.00000 -0.00000 -1.00000 -0.00000
1611678193979948 0.99977 -0.02139 -0.00000 -64.58286 -0.02139 -0.99977 0.00000 -3.72289 -0.00000 -0.00000 -1.00000 -0.00000
1611678194229947 0.99974 -0.02265 0.00000 -66.15141 -0.02265 -0.99974 0.00000 -3.63681 -0.00000 -0.00000 -1.00000 -0.00000
1611678194479321 0.99964 -0.02678 0.00000 -67.62754 -0.02678 -0.99964 0.00000 -3.26062 -0.00000 -0.00000 -1.00000 -0.00000
1611678194728707 0.99973 -0.02313 0.00000 -69.15688 -0.02313 -0.99973 0.00000 -3.55577 -0.00000 -0.00000 -1.00000 -0.00000
1611678194978085 0.99981 -0.01949 -0.00000 -70.68786 -0.01949 -0.99981 0.00000 -3.80028 -0.00000 -0.00000 -1.00000 -0.00000
1611678195227456 0.99987 -0.01590 0.00000 -72.15096 -0.01590 -0.99987 0.00000 -4.13287 -0.00000 -0.00000 -1.00000 -0.00000
1611678195477459 0.99983 -0.01860 0.00000 -73.68916 -0.01860 -0.99983 0.00000 -3.92755 -0.00000 -0.00000 -1.00000 -0.00000
1611678195727464 0.99984 -0.01779 0.00000 -75.20209 -0.01779 -0.99984 0.00000 -4.03006 -0.00000 -0.00000 -1.00000 -0.00000
1611678195978092 0.99976 -0.02190 -0.00000 -76.70585 -0.02190 -0.99976 0.00000 -3.72224 -0.00000 -0.00000 -1.00000 -0.00000
1611678196229346 0.99959 -0.02871 0.00000 -78.28088 -0.02871 -0.99959 0.00000 -3.17727 -0.00000 -0.00000 -1.00000 -0.00000
1611678196479976 0.99923 -0.03918 0.00000 -79.79461 -0.03918 -0.99923 0.00000 -2.40994 -0.00000 -0.00000 -1.00000 -0.00000
1611678196729976 0.99895 -0.04588 0.00000 -81.24279 -0.04588 -0.99895 0.00000 -1.92201 -0.00000 -0.00000 -1.00000 -0.00000
1611678196979355 0.99854 -0.05410 0.00000 -82.71037 -0.05410 -0.99854 0.00000 -1.18305 -0.00000 -0.00000 -1.00000 -0.00000
1611678197229980 0.99728 -0.07372 0.00000 -84.18112 -0.07372 -0.99728 0.00000 0.48632 -0.00000 -0.00000 -1.00000 0.00000
1611678197478113 0.99663 -0.08201 -0.00000 -85.60645 -0.08201 -0.99663 0.00000 1.16678 -0.00000 -0.00000 -1.00000 0.00000
1611678197728113 0.99428 -0.10682 0.00000 -86.99433 -0.10682 -0.99428 0.00000 3.21048 -0.00000 -0.00000 -1.00000 0.00000
1611678197978116 0.98954 -0.14427 0.00000 -88.17002 -0.14427 -0.98954 0.00000 6.57841 -0.00000 -0.00000 -1.00000 0.00000
1611678198227488 0.98447 -0.17554 0.00000 -89.32310 -0.17554 -0.98447 0.00000 9.27052 -0.00000 -0.00000 -1.00000 0.00000
1611678198477499 0.97787 -0.20920 0.00000 -90.35000 -0.20920 -0.97787 0.00000 12.25004 -0.00000 -0.00000 -1.00000 0.00000
1611678198728126 0.96855 -0.24883 0.00000 -91.16162 -0.24883 -0.96855 0.00000 15.99412 -0.00000 -0.00000 -1.00000 0.00000
1611678198979384 0.95857 -0.28485 0.00000 -91.88665 -0.28485 -0.95857 0.00000 19.33540 -0.00000 -0.00000 -1.00000 0.00000
1611678199229379 0.95042 -0.31097 0.00000 -92.78143 -0.31097 -0.95042 0.00000 21.88452 -0.00000 -0.00000 -1.00000 0.00000
1611678199480014 0.93303 -0.35979 -0.00000 -92.90598 -0.35979 -0.93303 0.00000 26.68718 -0.00000 -0.00000 -1.00000 0.00000
1611678199729387 0.91592 -0.40137 0.00000 -93.03514 -0.40137 -0.91592 0.00000 30.69086 -0.00000 -0.00000 -1.00000 0.00000
1611678199978766 0.89542 -0.44522 0.00000 -92.86174 -0.44522 -0.89542 0.00000 35.13341 -0.00000 -0.00000 -1.00000 0.00000
1611678200228142 0.87490 -0.48430 -0.00000 -92.53211 -0.48430 -0.87490 0.00000 39.22076 -0.00000 -0.00000 -1.00000 0.00000
1611678200477520 0.85614 -0.51675 0.00000 -92.34603 -0.51675 -0.85614 0.00000 42.66154 -0.00000 -0.00000 -1.00000 0.00000
1611678200727533 0.82774 -0.56111 0.00000 -91.32775 -0.56111 -0.82774 0.00000 47.51504 -0.00000 -0.00000 -1.00000 0.00000
1611678200977524 0.80208 -0.59722 0.00000 -90.46378 -0.59722 -0.80208 0.00000 51.48172 -0.00000 -0.00000 -1.00000 0.00000
1611678201227524 0.77508 -0.63186 0.00000 -89.47331 -0.63186 -0.77508 0.00000 55.40387 -0.00000 -0.00000 -1.00000 0.00000
1611678201478780 0.74431 -0.66783 0.00000 -88.17465 -0.66783 -0.74431 0.00000 59.57203 -0.00000 -0.00000 -1.00000 0.00000
1611678201729407 0.71363 -0.70052 0.00000 -86.75271 -0.70052 -0.71363 0.00000 63.35951 -0.00000 -0.00000 -1.00000 0.00000
1611678201979413 0.68347 -0.72998 0.00000 -85.51115 -0.72998 -0.68347 0.00000 66.99554 -0.00000 -0.00000 -1.00000 0.00000
1611678202229413 0.63945 -0.76883 0.00000 -82.89472 -0.76883 -0.63945 0.00000 72.04714 -0.00000 -0.00000 -1.00000 0.00000
1611678202478791 0.60024 -0.79982 0.00000 -80.56634 -0.79982 -0.60024 0.00000 75.86966 -0.00000 -0.00000 -1.00000 0.00000
1611678202728172 0.55816 -0.82974 0.00000 -78.04398 -0.82974 -0.55816 0.00000 79.92569 -0.00000 -0.00000 -1.00000 0.00000
1611678202977550 0.51054 -0.85985 0.00000 -74.88214 -0.85985 -0.51054 0.00000 84.08168 -0.00000 -0.00000 -1.00000 0.00000
1611678203227551 0.46065 -0.88758 -0.00000 -71.46755 -0.88758 -0.46065 0.00000 88.40485 -0.00000 -0.00000 -1.00000 0.00000
1611678203477555 0.41742 -0.90871 0.00000 -68.63673 -0.90871 -0.41742 0.00000 91.70908 -0.00000 -0.00000 -1.00000 0.00000
1611678203727555 0.38893 -0.92127 0.00000 -67.30942 -0.92127 -0.38893 0.00000 93.72127 -0.00000 -0.00000 -1.00000 0.00000
1611678203978185 0.37039 -0.92888 0.00000 -66.98540 -0.92888 -0.37039 0.00000 94.96729 -0.00000 -0.00000 -1.00000 0.00000
1611678204229437 0.35111 -0.93634 0.00000 -66.57987 -0.93634 -0.35111 0.00000 96.41114 -0.00000 -0.00000 -1.00000 0.00000
1611678204480066 0.34578 -0.93832 0.00000 -67.56291 -0.93832 -0.34578 0.00000 96.71968 -0.00000 -0.00000 -1.00000 0.00000
1611678204730065 0.34809 -0.93746 0.00000 -69.41524 -0.93746 -0.34809 0.00000 96.60193 -0.00000 -0.00000 -1.00000 0.00000
1611678204979443 0.34878 -0.93720 0.00000 -71.14642 -0.93720 -0.34878 0.00000 96.50880 -0.00000 -0.00000 -1.00000 0.00000
1611678205228826 0.34987 -0.93680 0.00000 -72.91509 -0.93680 -0.34987 0.00000 96.48961 -0.00000 -0.00000 -1.00000 0.00000
1611678205478202 0.34979 -0.93683 0.00000 -74.57603 -0.93683 -0.34979 0.00000 96.33007 -0.00000 -0.00000 -1.00000 0.00000
1611678205728203 0.34661 -0.93801 -0.00000 -75.95075 -0.93801 -0.34661 0.00000 96.64487 -0.00000 -0.00000 -1.00000 0.00000
1611678205978204 0.34736 -0.93773 -0.00000 -77.77998 -0.93773 -0.34736 0.00000 96.69752 -0.00000 -0.00000 -1.00000 0.00000
1611678206227596 0.35630 -0.93437 0.00000 -80.40550 -0.93437 -0.35630 0.00000 95.69867 -0.00000 -0.00000 -1.00000 0.00000
1611678206478212 0.36265 -0.93193 0.00000 -82.93687 -0.93193 -0.36265 0.00000 95.12973 -0.00000 -0.00000 -1.00000 0.00000
1611678206728843 0.37616 -0.92656 0.00000 -86.02147 -0.92656 -0.37616 0.00000 93.78130 -0.00000 -0.00000 -1.00000 0.00000
1611678206980099 0.38924 -0.92114 0.00000 -89.19654 -0.92114 -0.38924 0.00000 92.70379 -0.00000 -0.00000 -1.00000 0.00000
1611678207230096 0.40747 -0.91322 0.00000 -92.77524 -0.91322 -0.40747 0.00000 90.69771 -0.00000 -0.00000 -1.00000 0.00000
1611678207480098 0.42229 -0.90646 0.00000 -96.03733 -0.90646 -0.42229 0.00000 89.23414 -0.00000 -0.00000 -1.00000 0.00000
1611678207729476 0.43930 -0.89834 0.00000 -99.43303 -0.89834 -0.43930 0.00000 87.45219 -0.00000 -0.00000 -1.00000 0.00000
1611678207978849 0.45974 -0.88805 0.00000 -103.13346 -0.88805 -0.45974 0.00000 85.00594 -0.00000 -0.00000 -1.00000 0.00000
1611678208227941 0.47929 -0.87766 -0.00000 -106.76911 -0.87766 -0.47929 0.00000 82.70829 -0.00000 -0.00000 -1.00000 0.00000
1611678208477607 0.50291 -0.86434 -0.00000 -110.57658 -0.86434 -0.50291 0.00000 79.75907 -0.00000 -0.00000 -1.00000 0.00000
1611678208728245 0.51987 -0.85424 0.00000 -113.90703 -0.85424 -0.51987 0.00000 77.56210 -0.00000 -0.00000 -1.00000 0.00000
1611678208978240 0.54647 -0.83748 0.00000 -117.80677 -0.83748 -0.54647 0.00000 73.95635 -0.00000 -0.00000 -1.00000 0.00000
1611678209228869 0.56541 -0.82481 0.00000 -121.11138 -0.82481 -0.56541 0.00000 71.17580 -0.00000 -0.00000 -1.00000 0.00000
1611678209479496 0.58226 -0.81300 -0.00000 -124.05232 -0.81300 -0.58226 0.00000 68.53981 -0.00000 -0.00000 -1.00000 0.00000
1611678209729494 0.60324 -0.79756 0.00000 -127.41003 -0.79756 -0.60324 0.00000 65.26649 -0.00000 -0.00000 -1.00000 0.00000
1611678209979499 0.61656 -0.78731 -0.00000 -130.19220 -0.78731 -0.61656 0.00000 63.12613 -0.00000 -0.00000 -1.00000 0.00000
1611678210228880 0.63695 -0.77091 0.00000 -133.14971 -0.77091 -0.63695 0.00000 59.57156 -0.00000 -0.00000 -1.00000 0.00000
1611678210478884 0.64835 -0.76135 -0.00000 -135.54022 -0.76135 -0.64835 0.00000 57.83494 -0.00000 -0.00000 -1.00000 0.00000
1611678210728260 0.66518 -0.74668 0.00000 -138.26150 -0.74668 -0.66518 0.00000 54.62206 -0.00000 -0.00000 -1.00000 0.00000
1611678210978260 0.67704 -0.73595 0.00000 -140.53743 -0.73595 -0.67704 0.00000 52.34251 -0.00000 -0.00000 -1.00000 0.00000
1611678211228265 0.68864 -0.72510 0.00000 -142.71667 -0.72510 -0.68864 0.00000 50.10151 -0.00000 -0.00000 -1.00000 0.00000
1611678211478897 0.69209 -0.72181 0.00000 -144.32588 -0.72181 -0.69209 0.00000 49.48337 -0.00000 -0.00000 -1.00000 0.00000
1611678211729520 0.70072 -0.71344 0.00000 -146.19044 -0.71344 -0.70072 0.00000 47.75510 -0.00000 -0.00000 -1.00000 0.00000
1611678211980149 0.70053 -0.71363 0.00000 -147.51528 -0.71363 -0.70053 0.00000 47.88674 -0.00000 -0.00000 -1.00000 0.00000
1611678212230146 0.70388 -0.71031 0.00000 -148.91444 -0.71031 -0.70388 0.00000 47.02253 -0.00000 -0.00000 -1.00000 0.00000
1611678212480154 0.70921 -0.70500 0.00000 -150.45391 -0.70500 -0.70921 0.00000 45.99809 -0.00000 -0.00000 -1.00000 0.00000
1611678212729532 0.71446 -0.69967 0.00000 -151.93224 -0.69967 -0.71446 0.00000 44.81013 -0.00000 -0.00000 -1.00000 0.00000
1611678212978909 0.72575 -0.68796 0.00000 -153.69331 -0.68796 -0.72575 0.00000 42.23867 -0.00000 -0.00000 -1.00000 0.00000
1611678213228286 0.73970 -0.67294 0.00000 -155.56811 -0.67294 -0.73970 0.00000 39.12925 -0.00000 -0.00000 -1.00000 0.00000
1611678213477041 0.76428 -0.64488 0.00000 -157.78574 -0.64488 -0.76428 0.00000 33.20666 -0.00000 -0.00000 -1.00000 0.00000
1611678213727042 0.79476 -0.60692 0.00000 -160.21895 -0.60692 -0.79476 0.00000 25.59363 -0.00000 -0.00000 -1.00000 0.00000
1611678213977674 0.83218 -0.55450 0.00000 -162.43833 -0.55450 -0.83218 0.00000 15.24306 -0.00000 -0.00000 -1.00000 0.00000
1611678214227673 0.87506 -0.48401 -0.00000 -163.90744 -0.48401 -0.87506 0.00000 1.69789 -0.00000 -0.00000 -1.00000 0.00000
1611678214478926 0.90878 -0.41727 -0.00000 -164.44696 -0.41727 -0.90878 0.00000 -10.50347 -0.00000 -0.00000 -1.00000 -0.00000
1611678214729551 0.93834 -0.34571 0.00000 -163.92337 -0.34571 -0.93834 0.00000 -23.11395 -0.00000 -0.00000 -1.00000 -0.00000
1611678214980184 0.96210 -0.27270 0.00000 -162.35418 -0.27270 -0.96210 0.00000 -35.72621 -0.00000 -0.00000 -1.00000 -0.00000
1611678215230182 0.98379 -0.17930 0.00000 -158.85820 -0.17930 -0.98379 0.00000 -50.98727 -0.00000 -0.00000 -1.00000 -0.00000
1611678215480184 0.99638 -0.08498 0.00000 -153.99754 -0.08498 -0.99638 0.00000 -65.80006 -0.00000 -0.00000 -1.00000 -0.00000
1611678215729564 0.99978 0.02101 0.00000 -146.85063 0.02101 -0.99978 0.00000 -81.69889 0.00000 -0.00000 -1.00000 -0.00000
1611678215978940 0.99223 0.12440 0.00000 -138.27721 0.12440 -0.99223 0.00000 -96.50483 0.00000 -0.00000 -1.00000 -0.00000
1611678216228321 0.97335 0.22932 0.00000 -127.79426 0.22932 -0.97335 0.00000 -110.61535 0.00000 -0.00000 -1.00000 -0.00000
1611678216478323 0.94372 0.33075 0.00000 -116.00418 0.33075 -0.94372 0.00000 -123.46979 0.00000 -0.00000 -1.00000 -0.00000
1611678216728338 0.90190 0.43195 0.00000 -102.39647 0.43195 -0.90190 0.00000 -135.31708 0.00000 -0.00000 -1.00000 -0.00000
1611678216978333 0.84342 0.53725 0.00000 -86.03480 0.53725 -0.84342 0.00000 -146.63151 0.00000 -0.00000 -1.00000 -0.00000
1611678217228954 0.77767 0.62867 -0.00000 -69.54673 0.62867 -0.77767 0.00000 -155.30725 0.00000 -0.00000 -1.00000 -0.00000
1611678217480212 0.70557 0.70864 0.00000 -53.04977 0.70864 -0.70557 0.00000 -161.88029 0.00000 -0.00000 -1.00000 -0.00000
1611678217730214 0.60837 0.79365 0.00000 -32.33812 0.79365 -0.60837 0.00000 -167.32775 0.00000 -0.00000 -1.00000 -0.00000
1611678217980212 0.51381 0.85790 0.00000 -13.66098 0.85790 -0.51381 0.00000 -169.88158 0.00000 -0.00000 -1.00000 -0.00000
1611678218229588 0.40297 0.91521 0.00000 7.01253 0.91521 -0.40297 0.00000 -170.21238 0.00000 -0.00000 -1.00000 -0.00000
1611678218478967 0.29308 0.95609 0.00000 26.28999 0.95609 -0.29308 0.00000 -168.18108 0.00000 -0.00000 -1.00000 -0.00000
1611678218728348 0.17596 0.98440 0.00000 45.79210 0.98440 -0.17596 0.00000 -163.73719 0.00000 -0.00000 -1.00000 -0.00000
1611678218978353 0.06104 0.99814 0.00000 63.80831 0.99814 -0.06104 0.00000 -157.29736 0.00000 -0.00000 -1.00000 -0.00000
1611678219228357 -0.05745 0.99835 0.00000 81.38796 0.99835 0.05745 0.00000 -148.70114 0.00000 0.00000 -1.00000 -0.00000
1611678219478986 -0.18033 0.98361 0.00000 98.55792 0.98361 0.18033 0.00000 -137.43124 0.00000 0.00000 -1.00000 -0.00000
1611678219730231 -0.29162 0.95653 0.00000 113.06120 0.95653 0.29162 0.00000 -125.14225 0.00000 0.00000 -1.00000 -0.00000
1611678219980241 -0.40858 0.91272 0.00000 127.31018 0.91272 0.40858 0.00000 -110.08230 0.00000 0.00000 -1.00000 -0.00000
1611678220230240 -0.50494 0.86316 0.00000 137.83520 0.86316 0.50494 0.00000 -95.58892 0.00000 0.00000 -1.00000 -0.00000
1611678220479621 -0.60030 0.79977 0.00000 147.41025 0.79977 0.60030 0.00000 -79.14460 0.00000 0.00000 -1.00000 -0.00000
1611678220728996 -0.68175 0.73159 0.00000 154.32486 0.73159 0.68175 0.00000 -63.08759 0.00000 0.00000 -1.00000 -0.00000
