1637695672004775 1.00000 0.00000 0.00000 -0.00000 0.00000 -1.00000 0.00000 0.00000 0.00000 -0.00000 -1.00000 0.00000
1637695672253619 1.00000 -0.00008 0.00000 0.00105 -0.00008 -1.00000 0.00000 -0.00127 -0.00000 -0.00000 -1.00000 -0.00000
1637695672502656 1.00000 -0.00004 0.00000 0.00250 -0.00004 -1.00000 0.00000 0.00214 -0.00000 -0.00000 -1.00000 0.00000
1637695672751689 1.00000 -0.00006 0.00000 -0.00472 -0.00006 -1.00000 0.00000 -0.00267 -0.00000 -0.00000 -1.00000 -0.00000
1637695673000453 1.00000 0.00006 0.00000 0.00234 0.00006 -1.00000 0.00000 0.00322 0.00000 -0.00000 -1.00000 0.00000
1637695673249752 1.00000 -0.00012 0.00000 -0.00230 -0.00012 -1.00000 0.00000 -0.00079 -0.00000 -0.00000 -1.00000 -0.00000
1637695673498781 1.00000 -0.00023 0.00000 -0.00029 -0.00023 -1.00000 0.00000 -0.00003 -0.00000 -0.00000 -1.00000 -0.00000
1637695673747745 1.00000 -0.00004 -0.00000 0.00194 -0.00004 -1.00000 0.00000 -0.00217 -0.00000 -0.00000 -1.00000 -0.00000
1637695673996628 1.00000 -0.00008 0.00000 0.00498 -0.00008 -1.00000 0.00000 -0.00212 -0.00000 -0.00000 -1.00000 -0.00000
1637695674245342 1.00000 -0.00004 0.00000 0.00208 -0.00004 -1.00000 0.00000 -0.00123 -0.00000 -0.00000 -1.00000 -0.00000
1637695674494266 1.00000 0.00002 0.00000 0.00339 0.00002 -1.00000 0.00000 0.00011 0.00000 -0.00000 -1.00000 0.00000
1637695674743185 1.00000 0.00006 0.00000 0.00251 0.00006 -1.00000 0.00000 0.00351 0.00000 -0.00000 -1.00000 0.00000
1637695674991739 1.00000 0.00020 0.00000 -0.00149 0.00020 -1.00000 0.00000 -0.00152 0.00000 -0.00000 -1.00000 -0.00000
1637695675240422 1.00000 0.00011 0.00000 0.00027 0.00011 -1.00000 0.00000 0.00094 0.00000 -0.00000 -1.00000 0.00000
1637695675489342 1.00000 -0.00003 0.00000 0.00195 -0.00003 -1.00000 0.00000 0.00007 -0.00000 -0.00000 -1.00000 0.00000
1637695675738054 1.00000 0.00012 0.00000 0.00014 0.00012 -1.00000 0.00000 -0.00185 0.00000 -0.00000 -1.00000 -0.00000
1637695675986800 1.00000 0.00013 0.00000 -0.01927 0.00013 -1.00000 0.00000 -0.00339 0.00000 -0.00000 -1.00000 -0.00000
1637695676235850 1.00000 -0.00071 0.00000 -0.07606 -0.00071 -1.00000 0.00000 -0.01534 -0.00000 -0.00000 -1.00000 -0.00000
1637695676484766 1.00000 -0.00151 0.00000 -0.16847 -0.00151 -1.00000 0.00000 -0.03452 -0.00000 -0.00000 -1.00000 -0.00000
1637695676733267 0.99999 -0.00546 0.00000 -0.26959 -0.00546 -0.99999 0.00000 0.00249 -0.00000 -0.00000 -1.00000 0.00000
1637695676982168 0.99987 -0.01626 0.00000 -0.40309 -0.01626 -0.99987 0.00000 -0.06235 -0.00000 -0.00000 -1.00000 -0.00000
1637695677231251 0.99955 -0.03008 0.00000 -0.64879 -0.03008 -0.99955 0.00000 0.01065 -0.00000 -0.00000 -1.00000 0.00000
1637695677480191 0.99892 -0.04638 0.00000 -0.92528 -0.04638 -0.99892 0.00000 -0.00504 -0.00000 -0.00000 -1.00000 -0.00000
1637695677729080 0.99786 -0.06534 0.00000 -1.32175 -0.06534 -0.99786 0.00000 0.01350 -0.00000 -0.00000 -1.00000 0.00000
1637695677977969 0.99603 -0.08901 0.00000 -1.75961 -0.08901 -0.99603 0.00000 -0.03792 -0.00000 -0.00000 -1.00000 -0.00000
1637695678226577 0.99385 -0.11074 0.00000 -2.27460 -0.11074 -0.99385 0.00000 0.04284 -0.00000 -0.00000 -1.00000 0.00000
1637695678475564 0.99155 -0.12970 0.00000 -2.88304 -0.12970 -0.99155 0.00000 0.02750 -0.00000 -0.00000 -1.00000 0.00000
1637695678724555 0.98989 -0.14185 0.00000 -3.54153 -0.14185 -0.98989 0.00000 0.05422 -0.00000 -0.00000 -1.00000 0.00000
1637695678973009 0.98965 -0.14351 0.00000 -4.29222 -0.14351 -0.98965 0.00000 0.07688 -0.00000 -0.00000 -1.00000 0.00000
1637695679222255 0.99054 -0.13719 0.00000 -5.17927 -0.13719 -0.99054 0.00000 -0.00962 -0.00000 -0.00000 -1.00000 -0.00000
1637695679471153 0.99252 -0.12211 0.00000 -6.08289 -0.12211 -0.99252 0.00000 -0.10216 -0.00000 -0.00000 -1.00000 -0.00000
1637695679720026 0.99430 -0.10658 0.00000 -7.01038 -0.10658 -0.99430 0.00000 -0.16110 -0.00000 -0.00000 -1.00000 -0.00000
1637695679968729 0.99552 -0.09457 0.00000 -8.02991 -0.09457 -0.99552 0.00000 -0.28291 -0.00000 -0.00000 -1.00000 -0.00000
1637695680217680 0.99630 -0.08589 0.00000 -9.10938 -0.08589 -0.99630 0.00000 -0.34516 -0.00000 -0.00000 -1.00000 -0.00000
1637695680466238 0.99685 -0.07930 0.00000 -10.26199 -0.07930 -0.99685 0.00000 -0.44634 -0.00000 -0.00000 -1.00000 -0.00000
1637695680714957 0.99752 -0.07033 0.00000 -11.41463 -0.07033 -0.99752 0.00000 -0.53465 -0.00000 -0.00000 -1.00000 -0.00000
1637695680963797 0.99762 -0.06900 0.00000 -12.61056 -0.06900 -0.99762 0.00000 -0.60865 -0.00000 -0.00000 -1.00000 -0.00000
1637695681212675 0.99773 -0.06735 0.00000 -13.84558 -0.06735 -0.99773 0.00000 -0.60862 -0.00000 -0.00000 -1.00000 -0.00000
1637695681461543 0.99753 -0.07030 -0.00000 -15.12475 -0.07030 -0.99753 0.00000 -0.56464 -0.00000 -0.00000 -1.00000 -0.00000
1637695681710513 0.99726 -0.07394 0.00000 -16.41114 -0.07394 -0.99726 0.00000 -0.57275 -0.00000 -0.00000 -1.00000 -0.00000
1637695681959198 0.99722 -0.07457 0.00000 -17.82769 -0.07457 -0.99722 0.00000 -0.55360 -0.00000 -0.00000 -1.00000 -0.00000
1637695682208322 0.99729 -0.07354 0.00000 -19.30410 -0.07354 -0.99729 0.00000 -0.63059 -0.00000 -0.00000 -1.00000 -0.00000
1637695682457166 0.99746 -0.07121 0.00000 -20.87819 -0.07121 -0.99746 0.00000 -0.64113 -0.00000 -0.00000 -1.00000 -0.00000
1637695682706118 0.99795 -0.06396 0.00000 -22.47019 -0.06396 -0.99795 0.00000 -0.86885 -0.00000 -0.00000 -1.00000 -0.00000
1637695682955183 0.99833 -0.05773 0.00000 -24.13163 -0.05773 -0.99833 0.00000 -1.02183 -0.00000 -0.00000 -1.00000 -0.00000
1637695683204287 0.99873 -0.05030 0.00000 -25.82787 -0.05030 -0.99873 0.00000 -1.19992 -0.00000 -0.00000 -1.00000 -0.00000
1637695683453136 0.99917 -0.04081 -0.00000 -27.51138 -0.04081 -0.99917 0.00000 -1.54030 -0.00000 -0.00000 -1.00000 -0.00000
1637695683702173 0.99946 -0.03285 0.00000 -29.22721 -0.03285 -0.99946 0.00000 -1.75650 -0.00000 -0.00000 -1.00000 -0.00000
1637695683951225 0.99959 -0.02876 0.00000 -30.94990 -0.02876 -0.99959 0.00000 -1.92547 -0.00000 -0.00000 -1.00000 -0.00000
1637695684199877 0.99977 -0.02147 0.00000 -32.65470 -0.02147 -0.99977 0.00000 -2.22325 -0.00000 -0.00000 -1.00000 -0.00000
1637695684449057 0.99988 -0.01540 -0.00000 -34.41579 -0.01540 -0.99988 0.00000 -2.46916 -0.00000 -0.00000 -1.00000 -0.00000
1637695684697736 0.99991 -0.01361 0.00000 -36.18739 -0.01361 -0.99991 0.00000 -2.49602 -0.00000 -0.00000 -1.00000 -0.00000
1637695684946547 0.99991 -0.01352 0.00000 -37.98788 -0.01352 -0.99991 0.00000 -2.56171 -0.00000 -0.00000 -1.00000 -0.00000
1637695685195552 0.99992 -0.01227 0.00000 -39.80493 -0.01227 -0.99992 0.00000 -2.67907 -0.00000 -0.00000 -1.00000 -0.00000
1637695685444040 0.99999 -0.00539 0.00000 -41.66047 -0.00539 -0.99999 0.00000 -2.94423 -0.00000 -0.00000 -1.00000 -0.00000
1637695685693193 0.99996 0.00900 0.00000 -43.52388 0.00900 -0.99996 0.00000 -3.51296 0.00000 -0.00000 -1.00000 -0.00000
1637695685942426 0.99970 0.02429 0.00000 -45.44792 0.02429 -0.99970 0.00000 -4.23308 0.00000 -0.00000 -1.00000 -0.00000
1637695686191354 0.99927 0.03832 0.00000 -47.37755 0.03832 -0.99927 0.00000 -4.92073 0.00000 -0.00000 -1.00000 -0.00000
1637695686440258 0.99862 0.05258 0.00000 -49.41603 0.05258 -0.99862 0.00000 -5.68380 0.00000 -0.00000 -1.00000 -0.00000
1637695686689543 0.99825 0.05908 0.00000 -51.44007 0.05908 -0.99825 0.00000 -5.93857 0.00000 -0.00000 -1.00000 -0.00000
1637695686938244 0.99796 0.06379 0.00000 -53.49606 0.06379 -0.99796 0.00000 -6.19061 0.00000 -0.00000 -1.00000 -0.00000
1637695687187602 0.99755 0.06998 0.00000 -55.54451 0.06998 -0.99755 0.00000 -6.59381 0.00000 -0.00000 -1.00000 -0.00000
1637695687436363 0.99719 0.07495 0.00000 -57.64725 0.07495 -0.99719 0.00000 -6.93237 0.00000 -0.00000 -1.00000 -0.00000
1637695687685262 0.99705 0.07673 0.00000 -59.75788 0.07673 -0.99705 0.00000 -7.08779 0.00000 -0.00000 -1.00000 -0.00000
1637695687934246 0.99667 0.08157 -0.00000 -61.79465 0.08157 -0.99667 0.00000 -7.40117 0.00000 -0.00000 -1.00000 -0.00000
1637695688183280 0.99640 0.08477 0.00000 -63.88574 0.08477 -0.99640 0.00000 -7.56644 0.00000 -0.00000 -1.00000 -0.00000
1637695688432670 0.99631 0.08580 0.00000 -65.98168 0.08580 -0.99631 0.00000 -7.64991 0.00000 -0.00000 -1.00000 -0.00000
1637695688681343 0.99635 0.08538 0.00000 -68.02153 0.08538 -0.99635 0.00000 -7.69609 0.00000 -0.00000 -1.00000 -0.00000
1637695688930197 0.99640 0.08473 0.00000 -70.14925 0.08473 -0.99640 0.00000 -7.60432 0.00000 -0.00000 -1.00000 -0.00000
1637695689179240 0.99693 0.07831 0.00000 -72.24871 0.07831 -0.99693 0.00000 -7.11115 0.00000 -0.00000 -1.00000 -0.00000
1637695689427916 0.99760 0.06918 0.00000 -74.38922 0.06918 -0.99760 0.00000 -6.48789 0.00000 -0.00000 -1.00000 -0.00000
1637695689677083 0.99864 0.05213 0.00000 -76.53430 0.05213 -0.99864 0.00000 -5.23800 0.00000 -0.00000 -1.00000 -0.00000
1637695689925695 0.99960 0.02816 -0.00000 -78.69047 0.02816 -0.99960 0.00000 -3.40219 0.00000 -0.00000 -1.00000 -0.00000
1637695690174930 0.99999 0.00453 -0.00000 -80.76234 0.00453 -0.99999 0.00000 -1.54309 0.00000 -0.00000 -1.00000 -0.00000
1637695690423952 0.99973 -0.02338 -0.00000 -82.80953 -0.02338 -0.99973 0.00000 0.70970 -0.00000 -0.00000 -1.00000 0.00000
1637695690673223 0.99824 -0.05926 -0.00000 -84.75283 -0.05926 -0.99824 0.00000 3.66712 -0.00000 -0.00000 -1.00000 0.00000
1637695690922328 0.99498 -0.10003 -0.00000 -86.51117 -0.10003 -0.99498 0.00000 7.14396 -0.00000 -0.00000 -1.00000 0.00000
1637695691171380 0.98973 -0.14294 0.00000 -88.16092 -0.14294 -0.98973 0.00000 10.87546 -0.00000 -0.00000 -1.00000 0.00000
1637695691420356 0.98041 -0.19697 0.00000 -89.42949 -0.19697 -0.98041 0.00000 15.74924 -0.00000 -0.00000 -1.00000 0.00000
1637695691669125 0.96721 -0.25399 0.00000 -90.29694 -0.25399 -0.96721 0.00000 20.91620 -0.00000 -0.00000 -1.00000 0.00000
1637695691917658 0.95105 -0.30903 0.00000 -90.88453 -0.30903 -0.95105 0.00000 26.05449 -0.00000 -0.00000 -1.00000 0.00000
1637695692166650 0.93328 -0.35915 0.00000 -91.32638 -0.35915 -0.93328 0.00000 30.86889 -0.00000 -0.00000 -1.00000 0.00000
1637695692415764 0.91209 -0.41000 0.00000 -91.45561 -0.41000 -0.91209 0.00000 35.86813 -0.00000 -0.00000 -1.00000 0.00000
1637695692664800 0.88722 -0.46134 0.00000 -91.13699 -0.46134 -0.88722 0.00000 41.06107 -0.00000 -0.00000 -1.00000 0.00000
1637695692913789 0.85776 -0.51405 -0.00000 -90.45808 -0.51405 -0.85776 0.00000 46.48803 -0.00000 -0.00000 -1.00000 0.00000
1637695693162867 0.82023 -0.57203 0.00000 -88.99424 -0.57203 -0.82023 0.00000 52.72494 -0.00000 -0.00000 -1.00000 0.00000
1637695693412044 0.77326 -0.63409 0.00000 -86.49092 -0.63409 -0.77326 0.00000 59.45912 -0.00000 -0.00000 -1.00000 0.00000
1637695693660914 0.71856 -0.69547 0.00000 -83.11681 -0.69547 -0.71856 0.00000 66.37437 -0.00000 -0.00000 -1.00000 0.00000
1637695693909944 0.65901 -0.75214 0.00000 -79.27663 -0.75214 -0.65901 0.00000 72.94506 -0.00000 -0.00000 -1.00000 0.00000
1637695694158962 0.59962 -0.80029 0.00000 -75.26240 -0.80029 -0.59962 0.00000 78.82997 -0.00000 -0.00000 -1.00000 0.00000
1637695694408030 0.54869 -0.83602 0.00000 -71.93987 -0.83602 -0.54869 0.00000 83.37355 -0.00000 -0.00000 -1.00000 0.00000
1637695694656816 0.49684 -0.86784 -0.00000 -68.51807 -0.86784 -0.49684 0.00000 87.53981 -0.00000 -0.00000 -1.00000 0.00000
1637695694905596 0.45749 -0.88922 -0.00000 -66.36564 -0.88922 -0.45749 0.00000 90.43739 -0.00000 -0.00000 -1.00000 0.00000
1637695695154396 0.43233 -0.90171 0.00000 -65.69070 -0.90171 -0.43233 0.00000 92.23141 -0.00000 -0.00000 -1.00000 0.00000
1637695695403417 0.41798 -0.90845 0.00000 -66.14799 -0.90845 -0.41798 0.00000 93.20856 -0.00000 -0.00000 -1.00000 0.00000
1637695695652335 0.41127 -0.91152 0.00000 -67.41846 -0.91152 -0.41127 0.00000 93.76562 -0.00000 -0.00000 -1.00000 0.00000
1637695695901029 0.40649 -0.91366 0.00000 -68.88450 -0.91366 -0.40649 0.00000 94.05385 -0.00000 -0.00000 -1.00000 0.00000
1637695696149765 0.40532 -0.91418 0.00000 -70.80587 -0.91418 -0.40532 0.00000 94.22798 -0.00000 -0.00000 -1.00000 0.00000
1637695696398859 0.40935 -0.91238 0.00000 -73.23815 -0.91238 -0.40935 0.00000 93.88252 -0.00000 -0.00000 -1.00000 0.00000
1637695696647917 0.41197 -0.91120 0.00000 -75.47542 -0.91120 -0.41197 0.00000 93.67528 -0.00000 -0.00000 -1.00000 0.00000
1637695696896717 0.41913 -0.90793 0.00000 -78.29618 -0.90793 -0.41913 0.00000 93.02859 -0.00000 -0.00000 -1.00000 0.00000
1637695697145932 0.42801 -0.90377 -0.00000 -81.18959 -0.90377 -0.42801 0.00000 92.23057 -0.00000 -0.00000 -1.00000 0.00000
1637695697394273 0.43709 -0.89942 0.00000 -84.11393 -0.89942 -0.43709 0.00000 91.41099 -0.00000 -0.00000 -1.00000 0.00000
1637695697643270 0.44645 -0.89481 0.00000 -86.98100 -0.89481 -0.44645 0.00000 90.43717 -0.00000 -0.00000 -1.00000 0.00000
1637695697892163 0.45724 -0.88934 0.00000 -90.00017 -0.88934 -0.45724 0.00000 89.36149 -0.00000 -0.00000 -1.00000 0.00000
1637695698141218 0.47170 -0.88176 0.00000 -93.39268 -0.88176 -0.47170 0.00000 87.82159 -0.00000 -0.00000 -1.00000 0.00000
1637695698390047 0.48915 -0.87220 0.00000 -97.00124 -0.87220 -0.48915 0.00000 85.85472 -0.00000 -0.00000 -1.00000 0.00000
1637695698638850 0.50678 -0.86207 0.00000 -100.59280 -0.86207 -0.50678 0.00000 83.81316 -0.00000 -0.00000 -1.00000 0.00000
1637695698887496 0.53041 -0.84774 0.00000 -104.83008 -0.84774 -0.53041 0.00000 81.01069 -0.00000 -0.00000 -1.00000 0.00000
1637695699137048 0.55803 -0.82982 0.00000 -109.25629 -0.82982 -0.55803 0.00000 77.45391 -0.00000 -0.00000 -1.00000 0.00000
1637695699385926 0.58690 -0.80966 0.00000 -113.77234 -0.80966 -0.58690 0.00000 73.47483 -0.00000 -0.00000 -1.00000 0.00000
1637695699634655 0.61667 -0.78722 0.00000 -118.30937 -0.78722 -0.61667 0.00000 69.16609 -0.00000 -0.00000 -1.00000 0.00000
1637695699883538 0.64269 -0.76612 0.00000 -122.44036 -0.76612 -0.64269 0.00000 65.11314 -0.00000 -0.00000 -1.00000 0.00000
1637695700132410 0.66824 -0.74395 0.00000 -126.39194 -0.74395 -0.66824 0.00000 60.88676 -0.00000 -0.00000 -1.00000 0.00000
1637695700381356 0.68919 -0.72458 0.00000 -130.07015 -0.72458 -0.68919 0.00000 57.27877 -0.00000 -0.00000 -1.00000 0.00000
1637695700630728 0.70554 -0.70867 0.00000 -133.19560 -0.70867 -0.70554 0.00000 54.24661 -0.00000 -0.00000 -1.00000 0.00000
1637695700879501 0.71187 -0.70232 0.00000 -135.54729 -0.70232 -0.71187 0.00000 53.08269 -0.00000 -0.00000 -1.00000 0.00000
1637695701129043 0.70610 -0.70811 0.00000 -137.01949 -0.70811 -0.70610 0.00000 54.13243 -0.00000 -0.00000 -1.00000 0.00000
1637695701378106 0.69139 -0.72248 0.00000 -137.53526 -0.72248 -0.69139 0.00000 56.93617 -0.00000 -0.00000 -1.00000 0.00000
1637695701627048 0.67402 -0.73871 0.00000 -137.74637 -0.73871 -0.67402 0.00000 60.16495 -0.00000 -0.00000 -1.00000 0.00000
1637695701875839 0.66062 -0.75072 0.00000 -138.16454 -0.75072 -0.66062 0.00000 62.67342 -0.00000 -0.00000 -1.00000 0.00000
1637695702124728 0.65683 -0.75404 0.00000 -139.31376 -0.75404 -0.65683 0.00000 63.40515 -0.00000 -0.00000 -1.00000 0.00000
1637695702373373 0.67332 -0.73935 0.00000 -142.09553 -0.73935 -0.67332 0.00000 60.21510 -0.00000 -0.00000 -1.00000 0.00000
1637695702621789 0.71329 -0.70087 0.00000 -146.48999 -0.70087 -0.71329 0.00000 52.25705 -0.00000 -0.00000 -1.00000 0.00000
1637695702870557 0.76787 -0.64061 0.00000 -151.51505 -0.64061 -0.76787 0.00000 40.16565 -0.00000 -0.00000 -1.00000 0.00000
1637695703119702 0.82875 -0.55962 0.00000 -156.00121 -0.55962 -0.82875 0.00000 24.57994 -0.00000 -0.00000 -1.00000 0.00000
1637695703368491 0.88936 -0.45721 -0.00000 -158.91671 -0.45721 -0.88936 0.00000 5.86683 -0.00000 -0.00000 -1.00000 0.00000
1637695703617180 0.94366 -0.33092 0.00000 -159.31527 -0.33092 -0.94366 0.00000 -16.00624 -0.00000 -0.00000 -1.00000 -0.00000
1637695703866179 0.98379 -0.17932 0.00000 -155.90607 -0.17932 -0.98379 0.00000 -40.70485 -0.00000 -0.00000 -1.00000 -0.00000
1637695704114780 0.99997 -0.00812 -0.00000 -147.66348 -0.00812 -0.99997 0.00000 -66.87772 -0.00000 -0.00000 -1.00000 -0.00000
1637695704363693 0.98445 0.17564 0.00000 -133.89372 0.17564 -0.98445 0.00000 -92.78376 0.00000 -0.00000 -1.00000 -0.00000
1637695704612746 0.93283 0.36030 0.00000 -114.66224 0.36030 -0.93283 0.00000 -116.58192 0.00000 -0.00000 -1.00000 -0.00000
1637695704861390 0.84107 0.54092 0.00000 -89.78840 0.54092 -0.84107 0.00000 -137.23842 0.00000 -0.00000 -1.00000 -0.00000
1637695705110290 0.71465 0.69949 0.00000 -61.11378 0.69949 -0.71465 0.00000 -152.53797 0.00000 -0.00000 -1.00000 -0.00000
1637695705359515 0.55799 0.82985 0.00000 -29.86779 0.82985 -0.55799 0.00000 -161.69948 0.00000 -0.00000 -1.00000 -0.00000
1637695705607969 0.37944 0.92521 0.00000 2.45984 0.92521 -0.37944 0.00000 -164.35241 0.00000 -0.00000 -1.00000 -0.00000
1637695705856981 0.18600 0.98255 -0.00000 34.45956 0.98255 -0.18600 0.00000 -160.44827 0.00000 -0.00000 -1.00000 -0.00000
1637695706106034 -0.02319 0.99973 0.00000 66.32879 0.99973 0.02319 0.00000 -149.77625 0.00000 0.00000 -1.00000 -0.00000
1637695706354907 -0.23352 0.97235 -0.00000 95.45926 0.97235 0.23352 0.00000 -132.32917 0.00000 0.00000 -1.00000 -0.00000
1637695706603748 -0.44284 0.89660 0.00000 121.33367 0.89660 0.44284 0.00000 -107.90223 0.00000 0.00000 -1.00000 -0.00000
1637695706852822 -0.62546 0.78026 0.00000 140.62517 0.78026 0.62546 0.00000 -79.21308 0.00000 0.00000 -1.00000 -0.00000
1637695707102013 -0.77001 0.63803 0.00000 152.48597 0.63803 0.77001 0.00000 -49.22186 0.00000 0.00000 -1.00000 -0.00000
1637695707351042 -0.86776 0.49699 0.00000 157.43922 0.49699 0.86776 0.00000 -22.42016 0.00000 0.00000 -1.00000 -0.00000
1637695707600080 -0.92762 0.37352 -0.00000 157.66637 0.37352 0.92762 0.00000 -0.62034 0.00000 0.00000 -1.00000 -0.00000
1637695707849323 -0.95701 0.29005 0.00000 155.65289 0.29005 0.95701 0.00000 13.31385 0.00000 0.00000 -1.00000 0.00000
1637695708098046 -0.96872 0.24814 -0.00000 153.44514 0.24814 0.96872 0.00000 20.07232 0.00000 0.00000 -1.00000 0.00000
1637695708347541 -0.96912 0.24659 0.00000 151.81276 0.24659 0.96912 0.00000 20.31944 0.00000 0.00000 -1.00000 0.00000
1637695708596395 -0.95730 0.28909 0.00000 151.07300 0.28909 0.95730 0.00000 13.65548 0.00000 0.00000 -1.00000 0.00000
1637695708845390 -0.93919 0.34339 -0.00000 150.11136 0.34339 0.93919 0.00000 5.06863 0.00000 0.00000 -1.00000 0.00000
1637695709094109 -0.91532 0.40272 0.00000 148.53326 0.40272 0.91532 0.00000 -4.53505 0.00000 0.00000 -1.00000 -0.00000
1637695709343097 -0.88994 0.45608 0.00000 146.44411 0.45608 0.88994 0.00000 -13.27809 0.00000 0.00000 -1.00000 -0.00000
1637695709591865 -0.86196 0.50698 0.00000 143.76703 0.50698 0.86196 0.00000 -21.77719 0.00000 0.00000 -1.00000 -0.00000
1637695709840778 -0.83096 0.55633 0.00000 140.51681 0.55633 0.83096 0.00000 -30.15466 0.00000 0.00000 -1.00000 -0.00000
1637695710089814 -0.79846 0.60205 -0.00000 136.80988 0.60205 0.79846 0.00000 -38.00641 0.00000 0.00000 -1.00000 -0.00000
1637695710338649 -0.76703 0.64161 0.00000 132.92094 0.64161 0.76703 0.00000 -44.89801 0.00000 0.00000 -1.00000 -0.00000
1637695710587748 -0.73308 0.68014 0.00000 128.52185 0.68014 0.73308 0.00000 -51.65445 0.00000 0.00000 -1.00000 -0.00000
1637695710836575 -0.69686 0.71721 0.00000 123.72928 0.71721 0.69686 0.00000 -58.24344 0.00000 0.00000 -1.00000 -0.00000
1637695711085622 -0.65934 0.75185 0.00000 118.57646 0.75185 0.65934 0.00000 -64.50341 0.00000 0.00000 -1.00000 -0.00000
1637695711334590 -0.61765 0.78646 0.00000 112.90259 0.78646 0.61765 0.00000 -70.83503 0.00000 0.00000 -1.00000 -0.00000
1637695711583542 -0.57531 0.81794 0.00000 106.93675 0.81794 0.57531 0.00000 -76.68455 0.00000 0.00000 -1.00000 -0.00000
1637695711832467 -0.53343 0.84584 0.00000 100.98696 0.84584 0.53343 0.00000 -81.93028 0.00000 0.00000 -1.00000 -0.00000
1637695712081151 -0.49196 0.87062 0.00000 94.90339 0.87062 0.49196 0.00000 -86.72781 0.00000 0.00000 -1.00000 -0.00000
1637695712330334 -0.45763 0.88915 0.00000 89.37026 0.88915 0.45763 0.00000 -90.31914 0.00000 0.00000 -1.00000 -0.00000
1637695712578906 -0.42814 0.90371 0.00000 84.42037 0.90371 0.42814 0.00000 -93.28944 0.00000 0.00000 -1.00000 -0.00000
1637695712827822 -0.40742 0.91324 -0.00000 80.25382 0.91324 0.40742 0.00000 -95.18671 0.00000 0.00000 -1.00000 -0.00000
1637695713076105 -0.39273 0.91965 0.00000 76.69902 0.91965 0.39273 0.00000 -96.53580 0.00000 0.00000 -1.00000 -0.00000
1637695713324980 -0.37928 0.92528 0.00000 73.30335 0.92528 0.37928 0.00000 -97.62596 0.00000 0.00000 -1.00000 -0.00000
1637695713573785 -0.37121 0.92855 0.00000 70.43940 0.92855 0.37121 0.00000 -98.29576 0.00000 0.00000 -1.00000 -0.00000
1637695713823226 -0.36501 0.93100 0.00000 67.80494 0.93100 0.36501 0.00000 -98.87700 0.00000 0.00000 -1.00000 -0.00000
1637695714071979 -0.36902 0.92942 0.00000 66.20111 0.92942 0.36902 0.00000 -98.45413 0.00000 0.00000 -1.00000 -0.00000
1637695714320724 -0.37666 0.92635 0.00000 65.05794 0.92635 0.37666 0.00000 -98.02715 0.00000 0.00000 -1.00000 -0.00000
1637695714569820 -0.39330 0.91941 -0.00000 64.77574 0.91941 0.39330 0.00000 -96.78627 0.00000 0.00000 -1.00000 -0.00000
1637695714818758 -0.42253 0.90635 0.00000 65.87492 0.90635 0.42253 0.00000 -94.82694 0.00000 0.00000 -1.00000 -0.00000
1637695715067543 -0.45709 0.88942 0.00000 67.44637 0.88942 0.45709 0.00000 -92.27222 0.00000 0.00000 -1.00000 -0.00000
1637695715316545 -0.49645 0.86807 0.00000 69.53796 0.86807 0.49645 0.00000 -89.26398 0.00000 0.00000 -1.00000 -0.00000
1637695715565385 -0.54360 0.83934 0.00000 72.33526 0.83934 0.54360 0.00000 -85.33113 0.00000 0.00000 -1.00000 -0.00000
1637695715814198 -0.59110 0.80660 -0.00000 75.20117 0.80660 0.59110 0.00000 -80.98689 0.00000 0.00000 -1.00000 -0.00000
1637695716062711 -0.64212 0.76660 0.00000 78.40720 0.76660 0.64212 0.00000 -76.00702 0.00000 0.00000 -1.00000 -0.00000
1637695716311660 -0.69806 0.71604 0.00000 81.88190 0.71604 0.69806 0.00000 -69.92699 0.00000 0.00000 -1.00000 -0.00000
1637695716560739 -0.75162 0.65959 -0.00000 85.01931 0.65959 0.75162 0.00000 -63.41676 0.00000 0.00000 -1.00000 -0.00000
1637695716809803 -0.79816 0.60244 0.00000 87.50959 0.60244 0.79816 0.00000 -57.08511 0.00000 0.00000 -1.00000 -0.00000
1637695717058674 -0.84167 0.53999 0.00000 89.63649 0.53999 0.84167 0.00000 -50.24011 0.00000 0.00000 -1.00000 -0.00000
1637695717307713 -0.87822 0.47826 0.00000 90.88522 0.47826 0.87822 0.00000 -43.74800 0.00000 0.00000 -1.00000 -0.00000
1637695717556109 -0.91012 0.41435 0.00000 91.75254 0.41435 0.91012 0.00000 -37.11343 0.00000 0.00000 -1.00000 -0.00000
1637695717804997 -0.93574 0.35270 0.00000 91.96672 0.35270 0.93574 0.00000 -31.08526 0.00000 0.00000 -1.00000 -0.00000
1637695718053921 -0.95634 0.29224 -0.00000 91.70396 0.29224 0.95634 0.00000 -25.14691 0.00000 0.00000 -1.00000 -0.00000
1637695718302721 -0.97313 0.23027 0.00000 91.11891 0.23027 0.97313 0.00000 -19.22362 0.00000 0.00000 -1.00000 -0.00000
1637695718551527 -0.98506 0.17222 -0.00000 89.99026 0.17222 0.98506 0.00000 -13.76392 0.00000 0.00000 -1.00000 -0.00000
1637695718800478 -0.99315 0.11682 0.00000 88.55496 0.11682 0.99315 0.00000 -8.79569 0.00000 0.00000 -1.00000 -0.00000
1637695719049603 -0.99725 0.07410 0.00000 86.75839 0.07410 0.99725 0.00000 -4.99076 0.00000 0.00000 -1.00000 -0.00000
1637695719298969 -0.99955 0.03007 0.00000 84.81812 0.03007 0.99955 0.00000 -1.17445 0.00000 0.00000 -1.00000 -0.00000
1637695719547740 -1.00000 -0.00031 0.00000 82.62410 -0.00031 1.00000 0.00000 1.39204 -0.00000 0.00000 -1.00000 0.00000
1637695719796607 -0.99974 -0.02296 0.00000 80.44987 -0.02296 0.99974 0.00000 3.23747 -0.00000 0.00000 -1.00000 0.00000
1637695720045722 -0.99932 -0.03696 0.00000 78.25092 -0.03696 0.99932 0.00000 4.42917 -0.00000 0.00000 -1.00000 0.00000
1637695720294874 -0.99905 -0.04353 0.00000 76.10997 -0.04353 0.99905 0.00000 4.96100 -0.00000 0.00000 -1.00000 0.00000
1637695720543479 -0.99877 -0.04960 -0.00000 73.84251 -0.04960 0.99877 0.00000 5.41154 -0.00000 0.00000 -1.00000 0.00000
1637695720792603 -0.99878 -0.04942 -0.00000 71.64777 -0.04942 0.99878 0.00000 5.34051 -0.00000 0.00000 -1.00000 0.00000
1637695721041218 -0.99879 -0.04927 0.00000 69.44120 -0.04927 0.99879 0.00000 5.29674 -0.00000 0.00000 -1.00000 0.00000
1637695721290497 -0.99896 -0.04561 0.00000 67.31895 -0.04561 0.99896 0.00000 5.04205 -0.00000 0.00000 -1.00000 0.00000
1637695721539364 -0.99885 -0.04804 0.00000 65.13497 -0.04804 0.99885 0.00000 5.16525 -0.00000 0.00000 -1.00000 0.00000
1637695721788388 -0.99890 -0.04691 -0.00000 62.98807 -0.04691 0.99890 0.00000 5.08816 -0.00000 0.00000 -1.00000 0.00000
1637695722037070 -0.99901 -0.04457 0.00000 60.84863 -0.04457 0.99901 0.00000 4.90389 -0.00000 0.00000 -1.00000 0.00000
1637695722286473 -0.99910 -0.04242 0.00000 58.70481 -0.04242 0.99910 0.00000 4.71302 -0.00000 0.00000 -1.00000 0.00000
1637695722535254 -0.99911 -0.04229 0.00000 56.57546 -0.04229 0.99911 0.00000 4.64014 -0.00000 0.00000 -1.00000 0.00000
1637695722784183 -0.99901 -0.04449 -0.00000 54.50043 -0.04449 0.99901 0.00000 4.74458 -0.00000 0.00000 -1.00000 0.00000
1637695723032820 -0.99893 -0.04633 0.00000 52.40302 -0.04633 0.99893 0.00000 4.84516 -0.00000 0.00000 -1.00000 0.00000
1637695723281824 -0.99889 -0.04713 0.00000 50.28793 -0.04713 0.99889 0.00000 4.78563 -0.00000 0.00000 -1.00000 0.00000
1637695723531085 -0.99876 -0.04984 0.00000 48.23902 -0.04984 0.99876 0.00000 4.96691 -0.00000 0.00000 -1.00000 0.00000
1637695723779469 -0.99865 -0.05200 0.00000 46.19587 -0.05200 0.99865 0.00000 5.04862 -0.00000 0.00000 -1.00000 0.00000
1637695724028647 -0.99847 -0.05534 0.00000 44.17680 -0.05534 0.99847 0.00000 5.16798 -0.00000 0.00000 -1.00000 0.00000
1637695724278034 -0.99891 -0.04667 0.00000 42.18745 -0.04667 0.99891 0.00000 4.84632 -0.00000 0.00000 -1.00000 0.00000
1637695724526696 -0.99946 -0.03284 0.00000 40.25535 -0.03284 0.99946 0.00000 4.17195 -0.00000 0.00000 -1.00000 0.00000
1637695724775973 -0.99984 -0.01807 0.00000 38.36578 -0.01807 0.99984 0.00000 3.65605 -0.00000 0.00000 -1.00000 0.00000
1637695725024744 -0.99999 -0.00518 0.00000 36.41879 -0.00518 0.99999 0.00000 3.09375 -0.00000 0.00000 -1.00000 0.00000
1637695725273684 -0.99999 0.00501 0.00000 34.44278 0.00501 0.99999 0.00000 2.67730 0.00000 0.00000 -1.00000 0.00000
1637695725522624 -0.99986 0.01649 0.00000 32.54156 0.01649 0.99986 0.00000 2.24059 0.00000 0.00000 -1.00000 0.00000
1637695725771609 -0.99968 0.02526 0.00000 30.59058 0.02526 0.99968 0.00000 1.98689 0.00000 0.00000 -1.00000 0.00000
1637695726020704 -0.99949 0.03205 0.00000 28.67249 0.03205 0.99949 0.00000 1.64376 0.00000 0.00000 -1.00000 0.00000
1637695726269479 -0.99921 0.03973 0.00000 26.70199 0.03973 0.99921 0.00000 1.45914 0.00000 0.00000 -1.00000 0.00000
1637695726518692 -0.99915 0.04122 -0.00000 24.78126 0.04122 0.99915 0.00000 1.40251 0.00000 0.00000 -1.00000 0.00000
1637695726767282 -0.99899 0.04491 0.00000 22.85677 0.04491 0.99899 0.00000 1.32289 0.00000 0.00000 -1.00000 0.00000
1637695727015971 -0.99895 0.04583 0.00000 20.89556 0.04583 0.99895 0.00000 1.26503 0.00000 0.00000 -1.00000 0.00000
1637695727265216 -0.99894 0.04612 0.00000 18.95022 0.04612 0.99894 0.00000 1.21361 0.00000 0.00000 -1.00000 0.00000
1637695727514045 -0.99892 0.04645 0.00000 17.01975 0.04645 0.99892 0.00000 1.26003 0.00000 0.00000 -1.00000 0.00000
1637695727763183 -0.99884 0.04806 -0.00000 15.15352 0.04806 0.99884 0.00000 1.19186 0.00000 0.00000 -1.00000 0.00000
1637695728012550 -0.99855 0.05389 0.00000 13.18037 0.05389 0.99855 0.00000 1.10953 0.00000 0.00000 -1.00000 0.00000
1637695728261286 -0.99841 0.05642 -0.00000 11.23767 0.05642 0.99841 0.00000 1.08839 0.00000 0.00000 -1.00000 0.00000
1637695728510719 -0.99818 0.06036 0.00000 9.36723 0.06036 0.99818 0.00000 1.05489 0.00000 0.00000 -1.00000 0.00000
1637695728759418 -0.99792 0.06446 0.00000 7.44566 0.06446 0.99792 0.00000 0.98096 0.00000 0.00000 -1.00000 0.00000
1637695729008814 -0.99787 0.06527 -0.00000 5.52801 0.06527 0.99787 0.00000 0.96798 0.00000 0.00000 -1.00000 0.00000
1637695729257611 -0.99773 0.06738 0.00000 3.63243 0.06738 0.99773 0.00000 0.89830 0.00000 0.00000 -1.00000 0.00000
1637695729506593 -0.99775 0.06704 0.00000 1.71331 0.06704 0.99775 0.00000 0.88038 0.00000 0.00000 -1.00000 0.00000
1637695729755194 -0.99786 0.06546 0.00000 -0.18745 0.06546 0.99786 0.00000 0.87692 0.00000 0.00000 -1.00000 0.00000
1637695730004216 -0.99820 0.06002 -0.00000 -2.09331 0.06002 0.99820 0.00000 0.79469 0.00000 0.00000 -1.00000 0.00000
1637695730253129 -0.99846 0.05548 -0.00000 -3.97560 0.05548 0.99846 0.00000 0.81815 0.00000 0.00000 -1.00000 0.00000
1637695730502300 -0.99864 0.05205 -0.00000 -5.87467 0.05205 0.99864 0.00000 0.80725 0.00000 0.00000 -1.00000 0.00000
1637695730751656 -0.99902 0.04426 0.00000 -7.82154 0.04426 0.99902 0.00000 0.66767 0.00000 0.00000 -1.00000 0.00000
1637695731000452 -0.99922 0.03949 0.00000 -9.69552 0.03949 0.99922 0.00000 0.67828 0.00000 0.00000 -1.00000 0.00000
1637695731249974 -0.99940 0.03477 0.00000 -11.60094 0.03477 0.99940 0.00000 0.51847 0.00000 0.00000 -1.00000 0.00000
1637695731498621 -0.99946 0.03284 0.00000 -13.52504 0.03284 0.99946 0.00000 0.53615 0.00000 0.00000 -1.00000 0.00000
1637695731747539 -0.99945 0.03326 -0.00000 -15.34882 0.03326 0.99945 0.00000 0.49400 0.00000 0.00000 -1.00000 0.00000
1637695731996370 -0.99962 0.02755 -0.00000 -17.26707 0.02755 0.99962 0.00000 0.46221 0.00000 0.00000 -1.00000 0.00000
1637695732245328 -0.99979 0.02059 -0.00000 -19.17057 0.02059 0.99979 0.00000 0.14310 0.00000 0.00000 -1.00000 0.00000
1637695732494035 -0.99992 0.01256 0.00000 -21.12508 0.01256 0.99992 0.00000 0.05024 0.00000 0.00000 -1.00000 0.00000
1637695732743144 -0.99999 0.00511 -0.00000 -22.96355 0.00511 0.99999 0.00000 -0.16867 0.00000 0.00000 -1.00000 -0.00000
1637695732992062 -1.00000 -0.00058 0.00000 -24.94144 -0.00058 1.00000 0.00000 -0.32219 -0.00000 0.00000 -1.00000 -0.00000
1637695733241080 -0.99997 -0.00764 -0.00000 -26.78105 -0.00764 0.99997 0.00000 -0.54245 -0.00000 0.00000 -1.00000 -0.00000
1637695733489917 -0.99996 -0.00914 0.00000 -28.81067 -0.00914 0.99996 0.00000 -0.52342 -0.00000 0.00000 -1.00000 -0.00000
1637695733739033 -0.99996 -0.00940 0.00000 -30.75452 -0.00940 0.99996 0.00000 -0.56697 -0.00000 0.00000 -1.00000 -0.00000
1637695733988008 -0.99997 -0.00799 -0.00000 -32.83593 -0.00799 0.99997 0.00000 -0.49388 -0.00000 0.00000 -1.00000 -0.00000
1637695734236741 -0.99994 -0.01052 0.00000 -34.89193 -0.01052 0.99994 0.00000 -0.55980 -0.00000 0.00000 -1.00000 -0.00000
1637695734485507 -0.99995 -0.00986 0.00000 -37.00437 -0.00986 0.99995 0.00000 -0.57507 -0.00000 0.00000 -1.00000 -0.00000
1637695734734445 -0.99994 -0.01062 0.00000 -39.12769 -0.01062 0.99994 0.00000 -0.66168 -0.00000 0.00000 -1.00000 -0.00000
1637695734983448 -0.99994 -0.01125 0.00000 -41.30429 -0.01125 0.99994 0.00000 -0.68839 -0.00000 0.00000 -1.00000 -0.00000
1637695735232350 -0.99990 -0.01433 0.00000 -43.38662 -0.01433 0.99990 0.00000 -0.77871 -0.00000 0.00000 -1.00000 -0.00000
1637695735480839 -0.99977 -0.02129 0.00000 -45.55003 -0.02129 0.99977 0.00000 -1.15182 -0.00000 0.00000 -1.00000 -0.00000
1637695735730086 -0.99962 -0.02741 0.00000 -47.60673 -0.02741 0.99962 0.00000 -1.41203 -0.00000 0.00000 -1.00000 -0.00000
1637695735978699 -0.99948 -0.03213 0.00000 -49.68148 -0.03213 0.99948 0.00000 -1.66136 -0.00000 0.00000 -1.00000 -0.00000
1637695736227456 -0.99927 -0.03824 -0.00000 -51.70941 -0.03824 0.99927 0.00000 -2.02114 -0.00000 0.00000 -1.00000 -0.00000
1637695736476470 -0.99909 -0.04260 0.00000 -53.74975 -0.04260 0.99909 0.00000 -2.20203 -0.00000 0.00000 -1.00000 -0.00000
1637695736725229 -0.99895 -0.04573 -0.00000 -55.70038 -0.04573 0.99895 0.00000 -2.33656 -0.00000 0.00000 -1.00000 -0.00000
1637695736974569 -0.99918 -0.04044 -0.00000 -57.55836 -0.04044 0.99918 0.00000 -2.10340 -0.00000 0.00000 -1.00000 -0.00000
1637695737223846 -0.99948 -0.03210 0.00000 -59.34663 -0.03210 0.99948 0.00000 -1.58788 -0.00000 0.00000 -1.00000 -0.00000
1637695737472863 -0.99997 -0.00798 0.00000 -60.99664 -0.00798 0.99997 0.00000 -0.16550 -0.00000 0.00000 -1.00000 -0.00000
1637695737721725 -0.99964 0.02688 -0.00000 -62.51949 0.02688 0.99964 0.00000 1.97570 0.00000 0.00000 -1.00000 0.00000
1637695737970602 -0.99693 0.07824 0.00000 -63.78874 0.07824 0.99693 0.00000 5.14386 0.00000 0.00000 -1.00000 0.00000
1637695738219686 -0.98989 0.14185 0.00000 -64.64968 0.14185 0.98989 0.00000 9.25753 0.00000 0.00000 -1.00000 0.00000
1637695738468934 -0.97480 0.22306 0.00000 -64.88303 0.22306 0.97480 0.00000 14.52545 0.00000 0.00000 -1.00000 0.00000
1637695738717818 -0.94817 0.31776 0.00000 -64.26431 0.31776 0.94817 0.00000 20.83349 0.00000 0.00000 -1.00000 0.00000
1637695738966651 -0.90499 0.42543 0.00000 -62.49435 0.42543 0.90499 0.00000 28.07171 0.00000 0.00000 -1.00000 0.00000
1637695739215536 -0.84339 0.53729 0.00000 -59.42255 0.53729 0.84339 0.00000 35.77416 0.00000 0.00000 -1.00000 0.00000
1637695739464518 -0.76068 0.64912 0.00000 -54.92622 0.64912 0.76068 0.00000 43.68193 0.00000 0.00000 -1.00000 0.00000
1637695739713418 -0.66430 0.74746 0.00000 -49.40515 0.74746 0.66430 0.00000 50.74605 0.00000 0.00000 -1.00000 0.00000
1637695739962125 -0.56320 0.82632 -0.00000 -43.52458 0.82632 0.56320 0.00000 56.65480 0.00000 0.00000 -1.00000 0.00000
1637695740211313 -0.46294 0.88639 -0.00000 -37.64043 0.88639 0.46294 0.00000 61.31116 0.00000 0.00000 -1.00000 0.00000
1637695740460072 -0.36420 0.93132 0.00000 -31.87933 0.93132 0.36420 0.00000 65.02790 0.00000 0.00000 -1.00000 0.00000
1637695740708820 -0.27717 0.96082 -0.00000 -26.89139 0.96082 0.27717 0.00000 67.69553 0.00000 0.00000 -1.00000 0.00000
1637695740957737 -0.21076 0.97754 0.00000 -23.35591 0.97754 0.21076 0.00000 69.35152 0.00000 0.00000 -1.00000 0.00000
1637695741206413 -0.16691 0.98597 0.00000 -21.54234 0.98597 0.16691 0.00000 70.34712 0.00000 0.00000 -1.00000 0.00000
1637695741455391 -0.14177 0.98990 0.00000 -21.07632 0.98990 0.14177 0.00000 70.77247 0.00000 0.00000 -1.00000 0.00000
1637695741704401 -0.11795 0.99302 0.00000 -20.88330 0.99302 0.11795 0.00000 71.34936 0.00000 0.00000 -1.00000 0.00000
1637695741953519 -0.10353 0.99463 0.00000 -21.40520 0.99463 0.10353 0.00000 71.49595 0.00000 0.00000 -1.00000 0.00000
1637695742202218 -0.08431 0.99644 0.00000 -21.63929 0.99644 0.08431 0.00000 71.84493 0.00000 0.00000 -1.00000 0.00000
1637695742451240 -0.06849 0.99765 0.00000 -22.18676 0.99765 0.06849 0.00000 72.27048 0.00000 0.00000 -1.00000 0.00000
1637695742699989 -0.05682 0.99838 -0.00000 -23.04648 0.99838 0.05682 0.00000 72.40704 0.00000 0.00000 -1.00000 0.00000
1637695742948824 -0.05056 0.99872 0.00000 -24.36154 0.99872 0.05056 0.00000 72.47389 0.00000 0.00000 -1.00000 0.00000
1637695743197673 -0.03857 0.99926 -0.00000 -25.24087 0.99926 0.03857 0.00000 72.75718 0.00000 0.00000 -1.00000 0.00000
1637695743446381 -0.03197 0.99949 0.00000 -26.54361 0.99949 0.03197 0.00000 72.89550 0.00000 0.00000 -1.00000 0.00000
1637695743695318 -0.02279 0.99974 -0.00000 -27.71307 0.99974 0.02279 0.00000 73.10692 0.00000 0.00000 -1.00000 0.00000
1637695743944358 -0.00995 0.99995 -0.00000 -28.69016 0.99995 0.00995 0.00000 73.36702 0.00000 0.00000 -1.00000 0.00000
1637695744193416 0.00615 0.99998 0.00000 -29.37169 0.99998 -0.00615 0.00000 73.78810 0.00000 -0.00000 -1.00000 0.00000
1637695744442125 0.02881 0.99958 0.00000 -29.57579 0.99958 -0.02881 0.00000 74.43025 0.00000 -0.00000 -1.00000 0.00000
1637695744691241 0.05101 0.99870 0.00000 -29.79240 0.99870 -0.05101 0.00000 75.01158 0.00000 -0.00000 -1.00000 0.00000
1637695744939685 0.07280 0.99735 0.00000 -30.06515 0.99735 -0.07280 0.00000 75.61666 0.00000 -0.00000 -1.00000 0.00000
1637695745188791 0.09010 0.99593 0.00000 -30.61142 0.99593 -0.09010 0.00000 76.08982 0.00000 -0.00000 -1.00000 0.00000
1637695745437545 0.08790 0.99613 -0.00000 -32.66534 0.99613 -0.08790 0.00000 75.91319 0.00000 -0.00000 -1.00000 0.00000
1637695745685765 0.08163 0.99666 0.00000 -35.02494 0.99666 -0.08163 0.00000 75.69586 0.00000 -0.00000 -1.00000 0.00000
1637695745935075 0.06776 0.99770 0.00000 -38.04463 0.99770 -0.06776 0.00000 75.13272 0.00000 -0.00000 -1.00000 0.00000
1637695746184159 0.05262 0.99861 -0.00000 -41.13658 0.99861 -0.05262 0.00000 74.53517 0.00000 -0.00000 -1.00000 0.00000
1637695746433481 0.03543 0.99937 -0.00000 -44.40172 0.99937 -0.03543 0.00000 73.83988 0.00000 -0.00000 -1.00000 0.00000
1637695746682279 0.02637 0.99965 -0.00000 -47.05125 0.99965 -0.02637 0.00000 73.38394 0.00000 -0.00000 -1.00000 0.00000
1637695746931055 0.01212 0.99993 0.00000 -50.23217 0.99993 -0.01212 0.00000 72.64992 0.00000 -0.00000 -1.00000 0.00000
1637695747180089 0.00679 0.99998 -0.00000 -52.70457 0.99998 -0.00679 0.00000 72.36280 0.00000 -0.00000 -1.00000 0.00000
1637695747429092 -0.00463 0.99999 0.00000 -55.66120 0.99999 0.00463 0.00000 71.77509 0.00000 0.00000 -1.00000 0.00000
1637695747677977 -0.00687 0.99998 0.00000 -57.97409 0.99998 0.00687 0.00000 71.56015 0.00000 0.00000 -1.00000 0.00000
1637695747926964 -0.01503 0.99989 0.00000 -60.59660 0.99989 0.01503 0.00000 71.13213 0.00000 0.00000 -1.00000 0.00000
1637695748176263 -0.01874 0.99982 0.00000 -62.99111 0.99982 0.01874 0.00000 70.83579 0.00000 0.00000 -1.00000 0.00000
1637695748425142 -0.02571 0.99967 -0.00000 -65.49467 0.99967 0.02571 0.00000 70.40307 0.00000 0.00000 -1.00000 0.00000
1637695748673902 -0.02955 0.99956 0.00000 -67.81766 0.99956 0.02955 0.00000 70.16261 0.00000 0.00000 -1.00000 0.00000
1637695748922945 -0.03787 0.99928 0.00000 -70.38644 0.99928 0.03787 0.00000 69.52899 0.00000 0.00000 -1.00000 0.00000
1637695749171921 -0.04541 0.99897 0.00000 -72.89560 0.99897 0.04541 0.00000 68.96795 0.00000 0.00000 -1.00000 0.00000
1637695749420893 -0.05180 0.99866 0.00000 -75.29761 0.99866 0.05180 0.00000 68.54747 0.00000 0.00000 -1.00000 0.00000
1637695749669498 -0.05863 0.99828 0.00000 -77.57548 0.99828 0.05863 0.00000 67.89929 0.00000 0.00000 -1.00000 0.00000
1637695749918611 -0.07327 0.99731 0.00000 -80.40768 0.99731 0.07327 0.00000 66.75980 0.00000 0.00000 -1.00000 0.00000
1637695750167593 -0.09403 0.99557 0.00000 -83.53769 0.99557 0.09403 0.00000 64.99630 0.00000 0.00000 -1.00000 0.00000
1637695750416368 -0.12895 0.99165 0.00000 -87.46726 0.99165 0.12895 0.00000 62.02597 0.00000 0.00000 -1.00000 0.00000
1637695750665268 -0.18071 0.98354 0.00000 -92.27631 0.98354 0.18071 0.00000 57.32002 0.00000 0.00000 -1.00000 0.00000
1637695750913600 -0.24259 0.97013 0.00000 -97.35010 0.97013 0.24259 0.00000 51.30676 0.00000 0.00000 -1.00000 0.00000
1637695751162240 -0.31852 0.94792 0.00000 -102.70161 0.94792 0.31852 0.00000 43.42049 0.00000 0.00000 -1.00000 0.00000
1637695751411220 -0.39442 0.91893 0.00000 -107.46976 0.91893 0.39442 0.00000 34.90401 0.00000 0.00000 -1.00000 0.00000
1637695751660053 -0.47493 0.88003 0.00000 -111.70043 0.88003 0.47493 0.00000 25.04297 0.00000 0.00000 -1.00000 0.00000
1637695751909271 -0.55795 0.82987 0.00000 -115.15731 0.82987 0.55795 0.00000 14.14434 0.00000 0.00000 -1.00000 0.00000
1637695752158425 -0.63697 0.77089 0.00000 -117.48923 0.77089 0.63697 0.00000 2.63547 0.00000 0.00000 -1.00000 0.00000
1637695752407192 -0.70953 0.70468 0.00000 -118.70966 0.70468 0.70953 0.00000 -8.92174 0.00000 0.00000 -1.00000 -0.00000
1637695752656104 -0.78041 0.62527 0.00000 -118.58007 0.62527 0.78041 0.00000 -21.56400 0.00000 0.00000 -1.00000 -0.00000
1637695752905107 -0.83962 0.54317 0.00000 -117.36804 0.54317 0.83962 0.00000 -33.43850 0.00000 0.00000 -1.00000 -0.00000
1637695753154381 -0.89172 0.45259 0.00000 -114.75453 0.45259 0.89172 0.00000 -45.52148 0.00000 0.00000 -1.00000 -0.00000
1637695753403534 -0.93014 0.36719 0.00000 -111.60046 0.36719 0.93014 0.00000 -56.07919 0.00000 0.00000 -1.00000 -0.00000
1637695753652796 -0.95554 0.29486 -0.00000 -108.58214 0.29486 0.95554 0.00000 -64.51909 0.00000 0.00000 -1.00000 -0.00000
1637695753901386 -0.97519 0.22139 -0.00000 -104.94133 0.22139 0.97519 0.00000 -72.61469 0.00000 0.00000 -1.00000 -0.00000
1637695754150662 -0.98406 0.17785 0.00000 -103.31958 0.17785 0.98406 0.00000 -77.22637 0.00000 0.00000 -1.00000 -0.00000
1637695754399806 -0.98771 0.15628 0.00000 -103.25468 0.15628 0.98771 0.00000 -79.47008 0.00000 0.00000 -1.00000 -0.00000
1637695754649039 -0.98748 0.15775 0.00000 -105.00891 0.15775 0.98748 0.00000 -79.38692 0.00000 0.00000 -1.00000 -0.00000
