1634315732639787 1.00000 0.00000 0.00000 -0.00000 0.00000 -1.00000 0.00000 0.00000 0.00000 -0.00000 -1.00000 0.00000
1634315732888633 1.00000 0.00005 0.00000 -0.00372 0.00005 -1.00000 0.00000 -0.00737 0.00000 -0.00000 -1.00000 -0.00000
1634315733137712 1.00000 0.00056 0.00000 0.00218 0.00056 -1.00000 0.00000 -0.00031 0.00000 -0.00000 -1.00000 -0.00000
1634315733386280 1.00000 0.00031 0.00000 0.00094 0.00031 -1.00000 0.00000 -0.00373 0.00000 -0.00000 -1.00000 -0.00000
1634315733634814 1.00000 0.00043 0.00000 -0.00034 0.00043 -1.00000 0.00000 -0.00371 0.00000 -0.00000 -1.00000 -0.00000
1634315733883672 1.00000 0.00026 0.00000 0.00020 0.00026 -1.00000 0.00000 -0.00420 0.00000 -0.00000 -1.00000 -0.00000
1634315734132570 1.00000 0.00011 0.00000 0.00100 0.00011 -1.00000 0.00000 -0.00661 0.00000 -0.00000 -1.00000 -0.00000
1634315734381500 1.00000 0.00026 0.00000 -0.00582 0.00026 -1.00000 0.00000 -0.00319 0.00000 -0.00000 -1.00000 -0.00000
1634315734630260 1.00000 0.00044 0.00000 0.00063 0.00044 -1.00000 0.00000 -0.00599 0.00000 -0.00000 -1.00000 -0.00000
1634315734879153 1.00000 0.00005 -0.00000 0.00428 0.00005 -1.00000 0.00000 -0.00957 0.00000 -0.00000 -1.00000 -0.00000
1634315735128036 1.00000 0.00016 0.00000 0.00103 0.00016 -1.00000 0.00000 -0.00740 0.00000 -0.00000 -1.00000 -0.00000
1634315735376677 1.00000 -0.00015 0.00000 -0.00021 -0.00015 -1.00000 0.00000 -0.00007 -0.00000 -0.00000 -1.00000 -0.00000
1634315735625606 1.00000 0.00028 -0.00000 -0.00212 0.00028 -1.00000 0.00000 0.00070 0.00000 -0.00000 -1.00000 0.00000
1634315735874316 1.00000 -0.00009 -0.00000 0.00146 -0.00009 -1.00000 0.00000 0.00491 -0.00000 -0.00000 -1.00000 0.00000
1634315736123141 1.00000 0.00006 0.00000 0.01068 0.00006 -1.00000 0.00000 0.00462 0.00000 -0.00000 -1.00000 0.00000
1634315736371804 1.00000 0.00014 0.00000 0.00630 0.00014 -1.00000 0.00000 -0.00742 0.00000 -0.00000 -1.00000 -0.00000
1634315736620385 1.00000 0.00034 0.00000 -0.00382 0.00034 -1.00000 0.00000 -0.00264 0.00000 -0.00000 -1.00000 -0.00000
1634315736869199 1.00000 0.00011 0.00000 0.00039 0.00011 -1.00000 0.00000 0.00114 0.00000 -0.00000 -1.00000 0.00000
1634315737117948 1.00000 0.00007 0.00000 0.00268 0.00007 -1.00000 0.00000 -0.00156 0.00000 -0.00000 -1.00000 -0.00000
1634315737366599 1.00000 0.00025 0.00000 0.00301 0.00025 -1.00000 0.00000 -0.00570 0.00000 -0.00000 -1.00000 -0.00000
1634315737615466 1.00000 0.00006 0.00000 0.00346 0.00006 -1.00000 0.00000 -0.00342 0.00000 -0.00000 -1.00000 -0.00000
1634315737864404 1.00000 0.00004 0.00000 0.00071 0.00004 -1.00000 0.00000 -0.00296 0.00000 -0.00000 -1.00000 -0.00000
1634315738113336 1.00000 -0.00010 -0.00000 0.00475 -0.00010 -1.00000 0.00000 -0.00132 -0.00000 -0.00000 -1.00000 -0.00000
1634315738362255 1.00000 -0.00004 0.00000 0.00004 -0.00004 -1.00000 0.00000 -0.00320 -0.00000 -0.00000 -1.00000 -0.00000
1634315738611085 1.00000 -0.00006 0.00000 -0.00001 -0.00006 -1.00000 0.00000 0.00506 -0.00000 -0.00000 -1.00000 0.00000
1634315738859776 1.00000 -0.00055 0.00000 0.00791 -0.00055 -1.00000 0.00000 0.00281 -0.00000 -0.00000 -1.00000 0.00000
1634315739108484 1.00000 -0.00035 -0.00000 0.00385 -0.00035 -1.00000 0.00000 -0.00017 -0.00000 -0.00000 -1.00000 -0.00000
1634315739357440 1.00000 -0.00009 0.00000 0.00384 -0.00009 -1.00000 0.00000 -0.00245 -0.00000 -0.00000 -1.00000 -0.00000
1634315739606637 1.00000 -0.00025 0.00000 0.00843 -0.00025 -1.00000 0.00000 -0.00283 -0.00000 -0.00000 -1.00000 -0.00000
1634315739855482 1.00000 -0.00022 0.00000 0.00010 -0.00022 -1.00000 0.00000 -0.00747 -0.00000 -0.00000 -1.00000 -0.00000
1634315740104445 1.00000 0.00007 -0.00000 0.00412 0.00007 -1.00000 0.00000 -0.00340 0.00000 -0.00000 -1.00000 -0.00000
1634315740353362 1.00000 0.00021 0.00000 0.00602 0.00021 -1.00000 0.00000 0.00398 0.00000 -0.00000 -1.00000 0.00000
1634315740602078 1.00000 0.00021 -0.00000 0.00407 0.00021 -1.00000 0.00000 -0.00922 0.00000 -0.00000 -1.00000 -0.00000
1634315740850831 1.00000 0.00003 0.00000 0.00302 0.00003 -1.00000 0.00000 -0.00831 0.00000 -0.00000 -1.00000 -0.00000
1634315741099781 1.00000 -0.00005 0.00000 0.00404 -0.00005 -1.00000 0.00000 -0.01113 -0.00000 -0.00000 -1.00000 -0.00000
1634315741348865 1.00000 -0.00024 0.00000 -0.00177 -0.00024 -1.00000 0.00000 -0.02284 -0.00000 -0.00000 -1.00000 -0.00000
1634315741597879 1.00000 -0.00022 0.00000 -0.04350 -0.00022 -1.00000 0.00000 -0.02756 -0.00000 -0.00000 -1.00000 -0.00000
1634315741846769 1.00000 0.00031 0.00000 -0.09995 0.00031 -1.00000 0.00000 -0.00859 0.00000 -0.00000 -1.00000 -0.00000
1634315742095252 1.00000 0.00037 0.00000 -0.13750 0.00037 -1.00000 0.00000 0.00636 0.00000 -0.00000 -1.00000 0.00000
1634315742344181 1.00000 -0.00042 -0.00000 -0.15931 -0.00042 -1.00000 0.00000 -0.00119 -0.00000 -0.00000 -1.00000 -0.00000
1634315742593281 1.00000 -0.00041 0.00000 -0.21441 -0.00041 -1.00000 0.00000 0.00048 -0.00000 -0.00000 -1.00000 0.00000
1634315742842087 1.00000 -0.00098 0.00000 -0.26969 -0.00098 -1.00000 0.00000 -0.00865 -0.00000 -0.00000 -1.00000 -0.00000
1634315743091310 1.00000 -0.00080 0.00000 -0.33141 -0.00080 -1.00000 0.00000 0.00108 -0.00000 -0.00000 -1.00000 0.00000
1634315743340173 1.00000 -0.00268 0.00000 -0.37973 -0.00268 -1.00000 0.00000 -0.03433 -0.00000 -0.00000 -1.00000 -0.00000
1634315743589086 0.99999 -0.00462 0.00000 -0.45474 -0.00462 -0.99999 0.00000 -0.03676 -0.00000 -0.00000 -1.00000 -0.00000
1634315743837984 0.99998 -0.00558 0.00000 -0.52501 -0.00558 -0.99998 0.00000 -0.06111 -0.00000 -0.00000 -1.00000 -0.00000
1634315744086958 0.99997 -0.00815 0.00000 -0.63134 -0.00815 -0.99997 0.00000 -0.03930 -0.00000 -0.00000 -1.00000 -0.00000
1634315744335897 0.99983 -0.01819 -0.00000 -0.71863 -0.01819 -0.99983 0.00000 0.00890 -0.00000 -0.00000 -1.00000 0.00000
1634315744584932 0.99970 -0.02437 0.00000 -0.79765 -0.02437 -0.99970 0.00000 -0.05149 -0.00000 -0.00000 -1.00000 -0.00000
1634315744833794 0.99958 -0.02907 0.00000 -0.96796 -0.02907 -0.99958 0.00000 -0.03822 -0.00000 -0.00000 -1.00000 -0.00000
1634315745082518 0.99938 -0.03508 0.00000 -1.02129 -0.03508 -0.99938 0.00000 -0.04230 -0.00000 -0.00000 -1.00000 -0.00000
1634315745331475 0.99912 -0.04185 0.00000 -1.16227 -0.04185 -0.99912 0.00000 -0.06804 -0.00000 -0.00000 -1.00000 -0.00000
1634315745580355 0.99864 -0.05216 0.00000 -1.27961 -0.05216 -0.99864 0.00000 -0.05319 -0.00000 -0.00000 -1.00000 -0.00000
1634315745829155 0.99805 -0.06245 0.00000 -1.36942 -0.06245 -0.99805 0.00000 -0.07951 -0.00000 -0.00000 -1.00000 -0.00000
1634315746077883 0.99728 -0.07376 0.00000 -1.50008 -0.07376 -0.99728 0.00000 -0.05047 -0.00000 -0.00000 -1.00000 -0.00000
1634315746326967 0.99641 -0.08464 0.00000 -1.67169 -0.08464 -0.99641 0.00000 0.00191 -0.00000 -0.00000 -1.00000 0.00000
1634315746575742 0.99483 -0.10159 0.00000 -1.80858 -0.10159 -0.99483 0.00000 -0.00299 -0.00000 -0.00000 -1.00000 -0.00000
1634315746824600 0.99275 -0.12019 0.00000 -1.99756 -0.12019 -0.99275 0.00000 0.00499 -0.00000 -0.00000 -1.00000 0.00000
1634315747073476 0.99051 -0.13743 0.00000 -2.19232 -0.13743 -0.99051 0.00000 0.01006 -0.00000 -0.00000 -1.00000 0.00000
1634315747322137 0.98789 -0.15518 0.00000 -2.44767 -0.15518 -0.98789 0.00000 0.04493 -0.00000 -0.00000 -1.00000 0.00000
1634315747571010 0.98354 -0.18071 -0.00000 -2.69010 -0.18071 -0.98354 0.00000 0.10497 -0.00000 -0.00000 -1.00000 0.00000
1634315747819837 0.97884 -0.20463 0.00000 -2.99176 -0.20463 -0.97884 0.00000 0.12441 -0.00000 -0.00000 -1.00000 0.00000
1634315748068794 0.97380 -0.22740 0.00000 -3.38037 -0.22740 -0.97380 0.00000 0.16324 -0.00000 -0.00000 -1.00000 0.00000
1634315748317384 0.96872 -0.24815 0.00000 -3.82332 -0.24815 -0.96872 0.00000 0.23546 -0.00000 -0.00000 -1.00000 0.00000
1634315748566068 0.96336 -0.26823 0.00000 -4.26424 -0.26823 -0.96336 0.00000 0.34505 -0.00000 -0.00000 -1.00000 0.00000
1634315748814651 0.95867 -0.28451 0.00000 -4.77363 -0.28451 -0.95867 0.00000 0.40335 -0.00000 -0.00000 -1.00000 0.00000
1634315749063354 0.95656 -0.29152 0.00000 -5.27579 -0.29152 -0.95656 0.00000 0.40748 -0.00000 -0.00000 -1.00000 0.00000
1634315749312127 0.95699 -0.29014 0.00000 -5.83541 -0.29014 -0.95699 0.00000 0.38954 -0.00000 -0.00000 -1.00000 0.00000
1634315749560926 0.96370 -0.26699 0.00000 -6.44151 -0.26699 -0.96370 0.00000 0.26298 -0.00000 -0.00000 -1.00000 0.00000
1634315749809917 0.96944 -0.24533 -0.00000 -7.08895 -0.24533 -0.96944 0.00000 0.08063 -0.00000 -0.00000 -1.00000 0.00000
1634315750058533 0.97561 -0.21950 -0.00000 -7.78722 -0.21950 -0.97561 0.00000 -0.16585 -0.00000 -0.00000 -1.00000 -0.00000
1634315750307399 0.98191 -0.18936 0.00000 -8.56911 -0.18936 -0.98191 0.00000 -0.39472 -0.00000 -0.00000 -1.00000 -0.00000
1634315750556726 0.98554 -0.16942 0.00000 -9.41986 -0.16942 -0.98554 0.00000 -0.54883 -0.00000 -0.00000 -1.00000 -0.00000
1634315750805764 0.98723 -0.15928 0.00000 -10.36645 -0.15928 -0.98723 0.00000 -0.61953 -0.00000 -0.00000 -1.00000 -0.00000
1634315751054621 0.98850 -0.15125 -0.00000 -11.33544 -0.15125 -0.98850 0.00000 -0.82326 -0.00000 -0.00000 -1.00000 -0.00000
1634315751303669 0.98952 -0.14441 -0.00000 -12.31648 -0.14441 -0.98952 0.00000 -0.85824 -0.00000 -0.00000 -1.00000 -0.00000
1634315751552351 0.99144 -0.13060 0.00000 -13.45924 -0.13060 -0.99144 0.00000 -1.08207 -0.00000 -0.00000 -1.00000 -0.00000
1634315751800998 0.99286 -0.11930 0.00000 -14.53650 -0.11930 -0.99286 0.00000 -1.22637 -0.00000 -0.00000 -1.00000 -0.00000
1634315752049729 0.99393 -0.10999 -0.00000 -15.71538 -0.10999 -0.99393 0.00000 -1.37612 -0.00000 -0.00000 -1.00000 -0.00000
1634315752298506 0.99526 -0.09720 0.00000 -16.88489 -0.09720 -0.99526 0.00000 -1.65196 -0.00000 -0.00000 -1.00000 -0.00000
1634315752546948 0.99656 -0.08290 -0.00000 -18.06728 -0.08290 -0.99656 0.00000 -1.83187 -0.00000 -0.00000 -1.00000 -0.00000
1634315752795871 0.99685 -0.07933 0.00000 -19.47149 -0.07933 -0.99685 0.00000 -1.93098 -0.00000 -0.00000 -1.00000 -0.00000
1634315753044838 0.99700 -0.07736 -0.00000 -20.76231 -0.07736 -0.99700 0.00000 -1.98572 -0.00000 -0.00000 -1.00000 -0.00000
1634315753293804 0.99673 -0.08080 0.00000 -22.11429 -0.08080 -0.99673 0.00000 -1.93878 -0.00000 -0.00000 -1.00000 -0.00000
1634315753542471 0.99632 -0.08567 0.00000 -23.56766 -0.08567 -0.99632 0.00000 -1.95796 -0.00000 -0.00000 -1.00000 -0.00000
1634315753791544 0.99659 -0.08254 0.00000 -24.99808 -0.08254 -0.99659 0.00000 -1.99188 -0.00000 -0.00000 -1.00000 -0.00000
1634315754040265 0.99707 -0.07647 0.00000 -26.47642 -0.07647 -0.99707 0.00000 -2.22654 -0.00000 -0.00000 -1.00000 -0.00000
1634315754289231 0.99730 -0.07340 -0.00000 -28.04954 -0.07340 -0.99730 0.00000 -2.28300 -0.00000 -0.00000 -1.00000 -0.00000
1634315754538018 0.99729 -0.07354 0.00000 -29.60496 -0.07354 -0.99729 0.00000 -2.40541 -0.00000 -0.00000 -1.00000 -0.00000
1634315754786740 0.99724 -0.07424 0.00000 -31.07698 -0.07424 -0.99724 0.00000 -2.38344 -0.00000 -0.00000 -1.00000 -0.00000
1634315755035496 0.99705 -0.07674 0.00000 -32.62875 -0.07674 -0.99705 0.00000 -2.41294 -0.00000 -0.00000 -1.00000 -0.00000
1634315755284370 0.99631 -0.08584 0.00000 -34.32596 -0.08584 -0.99631 0.00000 -2.14556 -0.00000 -0.00000 -1.00000 -0.00000
1634315755533309 0.99553 -0.09441 0.00000 -35.87908 -0.09441 -0.99553 0.00000 -1.87429 -0.00000 -0.00000 -1.00000 -0.00000
1634315755781950 0.99484 -0.10141 0.00000 -37.63515 -0.10141 -0.99484 0.00000 -1.73552 -0.00000 -0.00000 -1.00000 -0.00000
1634315756031049 0.99502 -0.09968 0.00000 -39.19599 -0.09968 -0.99502 0.00000 -1.84758 -0.00000 -0.00000 -1.00000 -0.00000
1634315756280010 0.99573 -0.09231 0.00000 -40.80108 -0.09231 -0.99573 0.00000 -2.14068 -0.00000 -0.00000 -1.00000 -0.00000
1634315756529195 0.99677 -0.08030 -0.00000 -42.53337 -0.08030 -0.99677 0.00000 -2.50207 -0.00000 -0.00000 -1.00000 -0.00000
1634315756778482 0.99726 -0.07395 0.00000 -44.14580 -0.07395 -0.99726 0.00000 -2.99321 -0.00000 -0.00000 -1.00000 -0.00000
1634315757027625 0.99782 -0.06595 0.00000 -45.85734 -0.06595 -0.99782 0.00000 -3.27543 -0.00000 -0.00000 -1.00000 -0.00000
1634315757276742 0.99773 -0.06731 0.00000 -47.60680 -0.06731 -0.99773 0.00000 -3.24373 -0.00000 -0.00000 -1.00000 -0.00000
1634315757525413 0.99756 -0.06981 0.00000 -49.35679 -0.06981 -0.99756 0.00000 -3.20958 -0.00000 -0.00000 -1.00000 -0.00000
1634315757774473 0.99758 -0.06947 0.00000 -51.16928 -0.06947 -0.99758 0.00000 -3.29238 -0.00000 -0.00000 -1.00000 -0.00000
1634315758023077 0.99802 -0.06287 -0.00000 -52.93663 -0.06287 -0.99802 0.00000 -3.66354 -0.00000 -0.00000 -1.00000 -0.00000
1634315758272062 0.99866 -0.05183 -0.00000 -54.77674 -0.05183 -0.99866 0.00000 -4.31879 -0.00000 -0.00000 -1.00000 -0.00000
1634315758521117 0.99930 -0.03735 0.00000 -56.58225 -0.03735 -0.99930 0.00000 -5.18279 -0.00000 -0.00000 -1.00000 -0.00000
1634315758770431 0.99964 -0.02682 0.00000 -58.41278 -0.02682 -0.99964 0.00000 -5.79890 -0.00000 -0.00000 -1.00000 -0.00000
1634315759019682 0.99981 -0.01963 0.00000 -60.21918 -0.01963 -0.99981 0.00000 -6.29617 -0.00000 -0.00000 -1.00000 -0.00000
1634315759268471 0.99990 -0.01439 0.00000 -62.12509 -0.01439 -0.99990 0.00000 -6.61956 -0.00000 -0.00000 -1.00000 -0.00000
1634315759517194 0.99993 -0.01174 0.00000 -64.10595 -0.01174 -0.99993 0.00000 -6.84974 -0.00000 -0.00000 -1.00000 -0.00000
1634315759766582 0.99998 -0.00608 0.00000 -66.04914 -0.00608 -0.99998 0.00000 -7.32478 -0.00000 -0.00000 -1.00000 -0.00000
1634315760015295 1.00000 0.00066 0.00000 -68.01037 0.00066 -1.00000 0.00000 -7.80087 0.00000 -0.00000 -1.00000 -0.00000
1634315760264208 1.00000 0.00085 0.00000 -69.99268 0.00085 -1.00000 0.00000 -7.83549 0.00000 -0.00000 -1.00000 -0.00000
1634315760513237 1.00000 0.00135 -0.00000 -72.00161 0.00135 -1.00000 0.00000 -7.85504 0.00000 -0.00000 -1.00000 -0.00000
1634315760762115 1.00000 0.00241 0.00000 -74.02039 0.00241 -1.00000 0.00000 -7.94938 0.00000 -0.00000 -1.00000 -0.00000
1634315761011060 0.99997 0.00717 0.00000 -76.02368 0.00717 -0.99997 0.00000 -8.36585 0.00000 -0.00000 -1.00000 -0.00000
1634315761259823 1.00000 -0.00161 0.00000 -78.16932 -0.00161 -1.00000 0.00000 -7.72548 -0.00000 -0.00000 -1.00000 -0.00000
1634315761508919 0.99985 -0.01705 0.00000 -80.29755 -0.01705 -0.99985 0.00000 -6.47390 -0.00000 -0.00000 -1.00000 -0.00000
1634315761757812 0.99920 -0.04005 -0.00000 -82.42020 -0.04005 -0.99920 0.00000 -4.68072 -0.00000 -0.00000 -1.00000 -0.00000
1634315762006726 0.99806 -0.06224 0.00000 -84.53783 -0.06224 -0.99806 0.00000 -2.85752 -0.00000 -0.00000 -1.00000 -0.00000
1634315762255953 0.99564 -0.09326 0.00000 -86.59776 -0.09326 -0.99564 0.00000 -0.27819 -0.00000 -0.00000 -1.00000 -0.00000
1634315762505136 0.99162 -0.12919 0.00000 -88.52168 -0.12919 -0.99162 0.00000 2.85287 -0.00000 -0.00000 -1.00000 0.00000
1634315762754628 0.98564 -0.16888 -0.00000 -90.37221 -0.16888 -0.98564 0.00000 6.37521 -0.00000 -0.00000 -1.00000 0.00000
1634315763003758 0.97721 -0.21226 0.00000 -91.92602 -0.21226 -0.97721 0.00000 10.36169 -0.00000 -0.00000 -1.00000 0.00000
1634315763252887 0.96564 -0.25988 0.00000 -93.35124 -0.25988 -0.96564 0.00000 14.80162 -0.00000 -0.00000 -1.00000 0.00000
1634315763501609 0.95117 -0.30865 -0.00000 -94.43402 -0.30865 -0.95117 0.00000 19.52448 -0.00000 -0.00000 -1.00000 0.00000
1634315763750598 0.93169 -0.36325 0.00000 -95.07813 -0.36325 -0.93169 0.00000 24.93003 -0.00000 -0.00000 -1.00000 0.00000
1634315764000031 0.90789 -0.41921 0.00000 -95.33736 -0.41921 -0.90789 0.00000 30.66524 -0.00000 -0.00000 -1.00000 0.00000
1634315764248636 0.87763 -0.47934 0.00000 -95.01642 -0.47934 -0.87763 0.00000 36.93149 -0.00000 -0.00000 -1.00000 0.00000
1634315764497431 0.84648 -0.53242 0.00000 -94.36453 -0.53242 -0.84648 0.00000 42.68144 -0.00000 -0.00000 -1.00000 0.00000
1634315764745873 0.81928 -0.57340 0.00000 -94.09563 -0.57340 -0.81928 0.00000 47.21147 -0.00000 -0.00000 -1.00000 0.00000
1634315764994654 0.79570 -0.60569 0.00000 -94.07989 -0.60569 -0.79570 0.00000 50.95712 -0.00000 -0.00000 -1.00000 0.00000
1634315765243648 0.76625 -0.64254 0.00000 -93.55702 -0.64254 -0.76625 0.00000 55.44074 -0.00000 -0.00000 -1.00000 0.00000
1634315765493180 0.72605 -0.68765 0.00000 -91.85852 -0.68765 -0.72605 0.00000 60.97378 -0.00000 -0.00000 -1.00000 0.00000
1634315765742254 0.68004 -0.73317 0.00000 -89.55571 -0.73317 -0.68004 0.00000 66.72132 -0.00000 -0.00000 -1.00000 0.00000
1634315765991286 0.63065 -0.77607 0.00000 -86.86082 -0.77607 -0.63065 0.00000 72.38790 -0.00000 -0.00000 -1.00000 0.00000
1634315766240314 0.58117 -0.81378 0.00000 -83.99253 -0.81378 -0.58117 0.00000 77.71694 -0.00000 -0.00000 -1.00000 0.00000
1634315766489173 0.52847 -0.84895 0.00000 -80.65036 -0.84895 -0.52847 0.00000 82.84133 -0.00000 -0.00000 -1.00000 0.00000
1634315766737742 0.47358 -0.88075 0.00000 -77.05285 -0.88075 -0.47358 0.00000 87.68450 -0.00000 -0.00000 -1.00000 0.00000
1634315766986696 0.42740 -0.90406 0.00000 -74.25579 -0.90406 -0.42740 0.00000 91.46449 -0.00000 -0.00000 -1.00000 0.00000
1634315767235611 0.38788 -0.92171 0.00000 -71.95901 -0.92171 -0.38788 0.00000 94.58578 -0.00000 -0.00000 -1.00000 0.00000
1634315767484639 0.35844 -0.93355 0.00000 -70.65162 -0.93355 -0.35844 0.00000 96.83613 -0.00000 -0.00000 -1.00000 0.00000
1634315767733285 0.33604 -0.94185 0.00000 -70.16799 -0.94185 -0.33604 0.00000 98.49900 -0.00000 -0.00000 -1.00000 0.00000
1634315767982038 0.32442 -0.94591 0.00000 -70.82072 -0.94591 -0.32442 0.00000 99.34639 -0.00000 -0.00000 -1.00000 0.00000
1634315768230931 0.31972 -0.94751 0.00000 -72.09437 -0.94751 -0.31972 0.00000 99.60441 -0.00000 -0.00000 -1.00000 0.00000
1634315768479480 0.32116 -0.94703 0.00000 -74.12936 -0.94703 -0.32116 0.00000 99.58377 -0.00000 -0.00000 -1.00000 0.00000
1634315768728517 0.32730 -0.94492 -0.00000 -76.60693 -0.94492 -0.32730 0.00000 99.05043 -0.00000 -0.00000 -1.00000 0.00000
1634315768977160 0.33488 -0.94226 0.00000 -79.19755 -0.94226 -0.33488 0.00000 98.27984 -0.00000 -0.00000 -1.00000 0.00000
1634315769226125 0.34576 -0.93832 0.00000 -82.07350 -0.93832 -0.34576 0.00000 97.32828 -0.00000 -0.00000 -1.00000 0.00000
1634315769475030 0.36158 -0.93234 -0.00000 -85.42302 -0.93234 -0.36158 0.00000 95.91567 -0.00000 -0.00000 -1.00000 0.00000
1634315769723824 0.37786 -0.92586 0.00000 -88.71482 -0.92586 -0.37786 0.00000 94.36358 -0.00000 -0.00000 -1.00000 0.00000
1634315769972847 0.39656 -0.91801 0.00000 -92.08436 -0.91801 -0.39656 0.00000 92.56488 -0.00000 -0.00000 -1.00000 0.00000
1634315770221448 0.41211 -0.91113 0.00000 -95.07920 -0.91113 -0.41211 0.00000 90.88740 -0.00000 -0.00000 -1.00000 0.00000
1634315770470361 0.42567 -0.90488 0.00000 -97.68483 -0.90488 -0.42567 0.00000 89.48751 -0.00000 -0.00000 -1.00000 0.00000
1634315770719383 0.43634 -0.89978 0.00000 -99.94387 -0.89978 -0.43634 0.00000 88.30930 -0.00000 -0.00000 -1.00000 0.00000
1634315770968588 0.44725 -0.89441 0.00000 -102.00174 -0.89441 -0.44725 0.00000 87.05603 -0.00000 -0.00000 -1.00000 0.00000
1634315771217360 0.45635 -0.88980 -0.00000 -103.70091 -0.88980 -0.45635 0.00000 86.02102 -0.00000 -0.00000 -1.00000 0.00000
1634315771466218 0.46025 -0.88779 0.00000 -104.74923 -0.88779 -0.46025 0.00000 85.51199 -0.00000 -0.00000 -1.00000 0.00000
1634315771715373 0.46661 -0.88446 0.00000 -105.89077 -0.88446 -0.46661 0.00000 84.77958 -0.00000 -0.00000 -1.00000 0.00000
1634315771964482 0.47082 -0.88223 0.00000 -106.68074 -0.88223 -0.47082 0.00000 84.25333 -0.00000 -0.00000 -1.00000 0.00000
1634315772213376 0.47335 -0.88087 -0.00000 -107.30347 -0.88087 -0.47335 0.00000 83.93636 -0.00000 -0.00000 -1.00000 0.00000
1634315772462121 0.47818 -0.87826 0.00000 -108.15246 -0.87826 -0.47818 0.00000 83.32350 -0.00000 -0.00000 -1.00000 0.00000
1634315772710942 0.48263 -0.87582 0.00000 -109.03369 -0.87582 -0.48263 0.00000 82.81897 -0.00000 -0.00000 -1.00000 0.00000
1634315772959750 0.48580 -0.87407 0.00000 -109.80942 -0.87407 -0.48580 0.00000 82.35592 -0.00000 -0.00000 -1.00000 0.00000
1634315773208564 0.48974 -0.87187 0.00000 -110.70113 -0.87187 -0.48974 0.00000 81.77584 -0.00000 -0.00000 -1.00000 0.00000
1634315773457259 0.49852 -0.86688 -0.00000 -112.26035 -0.86688 -0.49852 0.00000 80.73620 -0.00000 -0.00000 -1.00000 0.00000
1634315773706006 0.50980 -0.86029 -0.00000 -114.05490 -0.86029 -0.50980 0.00000 79.25983 -0.00000 -0.00000 -1.00000 0.00000
1634315773954605 0.51963 -0.85439 0.00000 -115.87106 -0.85439 -0.51963 0.00000 77.89709 -0.00000 -0.00000 -1.00000 0.00000
1634315774203449 0.53119 -0.84725 0.00000 -117.93395 -0.84725 -0.53119 0.00000 76.30095 -0.00000 -0.00000 -1.00000 0.00000
1634315774452187 0.54512 -0.83836 0.00000 -120.39497 -0.83836 -0.54512 0.00000 74.28264 -0.00000 -0.00000 -1.00000 0.00000
1634315774701029 0.55681 -0.83064 0.00000 -122.74098 -0.83064 -0.55681 0.00000 72.56744 -0.00000 -0.00000 -1.00000 0.00000
1634315774949784 0.57183 -0.82037 0.00000 -125.38315 -0.82037 -0.57183 0.00000 70.24811 -0.00000 -0.00000 -1.00000 0.00000
1634315775198472 0.58802 -0.80884 0.00000 -128.19601 -0.80884 -0.58802 0.00000 67.72171 -0.00000 -0.00000 -1.00000 0.00000
1634315775447323 0.60192 -0.79856 0.00000 -130.91899 -0.79856 -0.60192 0.00000 65.51249 -0.00000 -0.00000 -1.00000 0.00000
1634315775696331 0.61028 -0.79218 -0.00000 -133.16923 -0.79218 -0.61028 0.00000 64.05980 -0.00000 -0.00000 -1.00000 0.00000
1634315775945347 0.61546 -0.78816 0.00000 -134.97277 -0.78816 -0.61546 0.00000 63.12211 -0.00000 -0.00000 -1.00000 0.00000
1634315776193974 0.61927 -0.78518 -0.00000 -136.72345 -0.78518 -0.61927 0.00000 62.47226 -0.00000 -0.00000 -1.00000 0.00000
1634315776442601 0.62353 -0.78180 0.00000 -138.53562 -0.78180 -0.62353 0.00000 61.72826 -0.00000 -0.00000 -1.00000 0.00000
1634315776691514 0.62777 -0.77840 0.00000 -140.29386 -0.77840 -0.62777 0.00000 60.90889 -0.00000 -0.00000 -1.00000 0.00000
1634315776940397 0.63265 -0.77444 -0.00000 -142.00024 -0.77444 -0.63265 0.00000 60.00308 -0.00000 -0.00000 -1.00000 0.00000
1634315777189114 0.63762 -0.77035 0.00000 -143.80738 -0.77035 -0.63762 0.00000 59.11334 -0.00000 -0.00000 -1.00000 0.00000
1634315777437818 0.64505 -0.76414 0.00000 -145.72227 -0.76414 -0.64505 0.00000 57.70421 -0.00000 -0.00000 -1.00000 0.00000
1634315777686589 0.65500 -0.75563 0.00000 -147.83423 -0.75563 -0.65500 0.00000 55.80713 -0.00000 -0.00000 -1.00000 0.00000
1634315777935481 0.66759 -0.74452 0.00000 -150.09494 -0.74452 -0.66759 0.00000 53.16817 -0.00000 -0.00000 -1.00000 0.00000
1634315778184103 0.68128 -0.73202 0.00000 -152.30181 -0.73202 -0.68128 0.00000 50.43582 -0.00000 -0.00000 -1.00000 0.00000
1634315778432584 0.70401 -0.71019 0.00000 -155.06731 -0.71019 -0.70401 0.00000 45.54840 -0.00000 -0.00000 -1.00000 0.00000
1634315778681268 0.73701 -0.67588 0.00000 -158.19446 -0.67588 -0.73701 0.00000 38.16898 -0.00000 -0.00000 -1.00000 0.00000
1634315778929784 0.78081 -0.62477 0.00000 -161.53564 -0.62477 -0.78081 0.00000 27.38677 -0.00000 -0.00000 -1.00000 0.00000
1634315779178477 0.82094 -0.57101 0.00000 -164.12134 -0.57101 -0.82094 0.00000 16.41230 -0.00000 -0.00000 -1.00000 0.00000
1634315779426937 0.85982 -0.51060 0.00000 -165.98241 -0.51060 -0.85982 0.00000 4.58049 -0.00000 -0.00000 -1.00000 0.00000
1634315779675060 0.90633 -0.42257 0.00000 -166.60189 -0.42257 -0.90633 0.00000 -12.04640 -0.00000 -0.00000 -1.00000 -0.00000
1634315779923506 0.95070 -0.31010 0.00000 -165.04871 -0.31010 -0.95070 0.00000 -32.04404 -0.00000 -0.00000 -1.00000 -0.00000
1634315780171904 0.98471 -0.17423 0.00000 -159.95486 -0.17423 -0.98471 0.00000 -54.77637 -0.00000 -0.00000 -1.00000 -0.00000
1634315780420516 0.99947 -0.03263 0.00000 -151.55496 -0.03263 -0.99947 0.00000 -76.88368 -0.00000 -0.00000 -1.00000 -0.00000
1634315780669473 0.99419 0.10760 0.00000 -140.31293 0.10760 -0.99419 0.00000 -97.33826 0.00000 -0.00000 -1.00000 -0.00000
1634315780918375 0.96657 0.25642 0.00000 -124.96925 0.25642 -0.96657 0.00000 -117.46165 0.00000 -0.00000 -1.00000 -0.00000
1634315781166959 0.91669 0.39959 0.00000 -106.74829 0.39959 -0.91669 0.00000 -134.91149 0.00000 -0.00000 -1.00000 -0.00000
1634315781415616 0.84422 0.53600 0.00000 -85.56746 0.53600 -0.84422 0.00000 -149.73681 0.00000 -0.00000 -1.00000 -0.00000
1634315781664393 0.75026 0.66114 0.00000 -62.12525 0.66114 -0.75026 0.00000 -161.24342 0.00000 -0.00000 -1.00000 -0.00000
1634315781913171 0.63614 0.77158 0.00000 -36.71259 0.77158 -0.63614 0.00000 -169.09596 0.00000 -0.00000 -1.00000 -0.00000
1634315782161818 0.50064 0.86566 0.00000 -9.39525 0.86566 -0.50064 0.00000 -172.83257 0.00000 -0.00000 -1.00000 -0.00000
1634315782410614 0.35171 0.93611 0.00000 18.17357 0.93611 -0.35171 0.00000 -172.01583 0.00000 -0.00000 -1.00000 -0.00000
1634315782659239 0.19221 0.98135 0.00000 45.53508 0.98135 -0.19221 0.00000 -166.60400 0.00000 -0.00000 -1.00000 -0.00000
1634315782907967 0.01967 0.99981 0.00000 72.73469 0.99981 -0.01967 0.00000 -156.14786 0.00000 -0.00000 -1.00000 -0.00000
1634315783156719 -0.15234 0.98833 0.00000 97.58976 0.98833 0.15234 0.00000 -141.40155 0.00000 0.00000 -1.00000 -0.00000
1634315783405356 -0.32419 0.94599 -0.00000 120.00894 0.94599 0.32419 0.00000 -121.92865 0.00000 0.00000 -1.00000 -0.00000
1634315783654165 -0.48395 0.87509 0.00000 138.40275 0.87509 0.48395 0.00000 -99.27577 0.00000 0.00000 -1.00000 -0.00000
1634315783903146 -0.62394 0.78147 0.00000 152.02472 0.78147 0.62394 0.00000 -74.58398 0.00000 0.00000 -1.00000 -0.00000
1634315784152296 -0.73751 0.67533 0.00000 160.67615 0.67533 0.73751 0.00000 -50.12482 0.00000 0.00000 -1.00000 -0.00000
1634315784401463 -0.82297 0.56809 -0.00000 164.89687 0.56809 0.82297 0.00000 -27.73334 0.00000 0.00000 -1.00000 -0.00000
1634315784650396 -0.87667 0.48110 0.00000 165.80661 0.48110 0.87667 0.00000 -10.74005 0.00000 0.00000 -1.00000 -0.00000
1634315784899569 -0.91193 0.41034 -0.00000 164.87638 0.41034 0.91193 0.00000 2.38726 0.00000 0.00000 -1.00000 0.00000
1634315785148617 -0.93464 0.35558 0.00000 163.34724 0.35558 0.93464 0.00000 12.19374 0.00000 0.00000 -1.00000 0.00000
1634315785397517 -0.94896 0.31541 0.00000 161.43201 0.31541 0.94896 0.00000 19.10714 0.00000 0.00000 -1.00000 0.00000
1634315785646497 -0.96019 0.27935 0.00000 159.40514 0.27935 0.96019 0.00000 25.34826 0.00000 0.00000 -1.00000 0.00000
1634315785895157 -0.96427 0.26491 0.00000 157.73677 0.26491 0.96427 0.00000 27.64228 0.00000 0.00000 -1.00000 0.00000
1634315786143836 -0.96715 0.25419 0.00000 156.08436 0.25419 0.96715 0.00000 29.48722 0.00000 0.00000 -1.00000 0.00000
1634315786392546 -0.96751 0.25283 0.00000 154.79116 0.25283 0.96751 0.00000 29.60907 0.00000 0.00000 -1.00000 0.00000
1634315786641488 -0.96468 0.26341 0.00000 153.69219 0.26341 0.96468 0.00000 27.99400 0.00000 0.00000 -1.00000 0.00000
1634315786890396 -0.96002 0.27993 0.00000 152.89300 0.27993 0.96002 0.00000 25.28094 0.00000 0.00000 -1.00000 0.00000
1634315787139132 -0.95364 0.30096 0.00000 151.95835 0.30096 0.95364 0.00000 21.92314 0.00000 0.00000 -1.00000 0.00000
1634315787387991 -0.94385 0.33039 0.00000 151.16274 0.33039 0.94385 0.00000 17.08618 0.00000 0.00000 -1.00000 0.00000
1634315787636929 -0.93122 0.36445 0.00000 150.22121 0.36445 0.93122 0.00000 11.62318 0.00000 0.00000 -1.00000 0.00000
1634315787886022 -0.91242 0.40926 0.00000 149.13495 0.40926 0.91242 0.00000 4.25392 0.00000 0.00000 -1.00000 0.00000
1634315788135037 -0.88694 0.46188 0.00000 147.60737 0.46188 0.88694 0.00000 -4.49533 0.00000 0.00000 -1.00000 -0.00000
1634315788383862 -0.85507 0.51851 0.00000 145.42622 0.51851 0.85507 0.00000 -14.12103 0.00000 0.00000 -1.00000 -0.00000
1634315788632594 -0.81703 0.57660 0.00000 142.58890 0.57660 0.81703 0.00000 -24.18640 0.00000 0.00000 -1.00000 -0.00000
1634315788881763 -0.77276 0.63470 0.00000 138.88208 0.63470 0.77276 0.00000 -34.53539 0.00000 0.00000 -1.00000 -0.00000
1634315789130325 -0.72416 0.68964 0.00000 134.43377 0.68964 0.72416 0.00000 -44.62632 0.00000 0.00000 -1.00000 -0.00000
1634315789379187 -0.67125 0.74123 0.00000 129.13262 0.74123 0.67125 0.00000 -54.49352 0.00000 0.00000 -1.00000 -0.00000
1634315789628148 -0.61410 0.78923 0.00000 123.11281 0.78923 0.61410 0.00000 -63.99547 0.00000 0.00000 -1.00000 -0.00000
1634315789876888 -0.55787 0.82993 -0.00000 116.65103 0.82993 0.55787 0.00000 -72.40787 0.00000 0.00000 -1.00000 -0.00000
1634315790125708 -0.50590 0.86259 0.00000 110.22182 0.86259 0.50590 0.00000 -79.46853 0.00000 0.00000 -1.00000 -0.00000
1634315790374169 -0.45739 0.88927 0.00000 103.83551 0.88927 0.45739 0.00000 -85.44973 0.00000 0.00000 -1.00000 -0.00000
1634315790623143 -0.40804 0.91296 -0.00000 97.10034 0.91296 0.40804 0.00000 -90.96580 0.00000 0.00000 -1.00000 -0.00000
1634315790871867 -0.36010 0.93291 0.00000 90.34488 0.93291 0.36010 0.00000 -95.91921 0.00000 0.00000 -1.00000 -0.00000
1634315791120414 -0.32105 0.94706 0.00000 84.39911 0.94706 0.32105 0.00000 -99.56275 0.00000 0.00000 -1.00000 -0.00000
1634315791369087 -0.28946 0.95719 0.00000 79.20940 0.95719 0.28946 0.00000 -102.33722 0.00000 0.00000 -1.00000 -0.00000
1634315791617681 -0.26855 0.96326 0.00000 75.01906 0.96326 0.26855 0.00000 -104.05438 0.00000 0.00000 -1.00000 -0.00000
1634315791866360 -0.24771 0.96883 0.00000 70.95228 0.96883 0.24771 0.00000 -105.70219 0.00000 0.00000 -1.00000 -0.00000
1634315792115175 -0.23802 0.97126 0.00000 68.03386 0.97126 0.23802 0.00000 -106.30470 0.00000 0.00000 -1.00000 -0.00000
1634315792363666 -0.24428 0.96971 0.00000 66.87820 0.96971 0.24428 0.00000 -105.98719 0.00000 0.00000 -1.00000 -0.00000
1634315792612063 -0.25829 0.96607 0.00000 66.58162 0.96607 0.25829 0.00000 -105.06322 0.00000 0.00000 -1.00000 -0.00000
1634315792860766 -0.26621 0.96391 0.00000 65.61522 0.96391 0.26621 0.00000 -104.56985 0.00000 0.00000 -1.00000 -0.00000
1634315793109714 -0.27274 0.96209 -0.00000 64.50989 0.96209 0.27274 0.00000 -104.15708 0.00000 0.00000 -1.00000 -0.00000
1634315793358428 -0.28907 0.95731 0.00000 64.50523 0.95731 0.28907 0.00000 -103.07092 0.00000 0.00000 -1.00000 -0.00000
1634315793607351 -0.30794 0.95141 -0.00000 64.72518 0.95141 0.30794 0.00000 -101.82877 0.00000 0.00000 -1.00000 -0.00000
1634315793855966 -0.33150 0.94346 -0.00000 65.44650 0.94346 0.33150 0.00000 -100.17532 0.00000 0.00000 -1.00000 -0.00000
1634315794104603 -0.35913 0.93329 0.00000 66.60870 0.93329 0.35913 0.00000 -98.27813 0.00000 0.00000 -1.00000 -0.00000
1634315794353045 -0.39380 0.91920 -0.00000 68.49428 0.91920 0.39380 0.00000 -95.74153 0.00000 0.00000 -1.00000 -0.00000
1634315794601428 -0.44122 0.89740 0.00000 71.68081 0.89740 0.44122 0.00000 -92.05592 0.00000 0.00000 -1.00000 -0.00000
1634315794850334 -0.48999 0.87173 -0.00000 74.92683 0.87173 0.48999 0.00000 -88.04289 0.00000 0.00000 -1.00000 -0.00000
1634315795098872 -0.54194 0.84041 0.00000 78.37408 0.84041 0.54194 0.00000 -83.41782 0.00000 0.00000 -1.00000 -0.00000
1634315795347214 -0.60413 0.79689 0.00000 82.71205 0.79689 0.60413 0.00000 -77.36262 0.00000 0.00000 -1.00000 -0.00000
1634315795596049 -0.66712 0.74495 0.00000 86.81887 0.74495 0.66712 0.00000 -70.41177 0.00000 0.00000 -1.00000 -0.00000
1634315795845170 -0.72605 0.68764 0.00000 90.39941 0.68764 0.72605 0.00000 -63.10183 0.00000 0.00000 -1.00000 -0.00000
1634315796093920 -0.78167 0.62369 0.00000 93.58818 0.62369 0.78167 0.00000 -55.30107 0.00000 0.00000 -1.00000 -0.00000
1634315796342817 -0.82946 0.55856 0.00000 95.94083 0.55856 0.82946 0.00000 -47.58961 0.00000 0.00000 -1.00000 -0.00000
1634315796591671 -0.87175 0.48995 0.00000 97.59876 0.48995 0.87175 0.00000 -39.75028 0.00000 0.00000 -1.00000 -0.00000
1634315796840348 -0.90314 0.42936 0.00000 98.26012 0.42936 0.90314 0.00000 -33.04316 0.00000 0.00000 -1.00000 -0.00000
1634315797089045 -0.92391 0.38260 0.00000 97.81671 0.38260 0.92391 0.00000 -27.96429 0.00000 0.00000 -1.00000 -0.00000
1634315797337393 -0.94445 0.32865 -0.00000 97.36692 0.32865 0.94445 0.00000 -22.34117 0.00000 0.00000 -1.00000 -0.00000
1634315797586088 -0.96031 0.27894 0.00000 96.40935 0.27894 0.96031 0.00000 -17.30067 0.00000 0.00000 -1.00000 -0.00000
1634315797834786 -0.97201 0.23494 0.00000 95.16710 0.23494 0.97201 0.00000 -12.96134 0.00000 0.00000 -1.00000 -0.00000
1634315798083487 -0.97960 0.20095 0.00000 93.59708 0.20095 0.97960 0.00000 -9.72872 0.00000 0.00000 -1.00000 -0.00000
1634315798332508 -0.98577 0.16808 0.00000 91.85743 0.16808 0.98577 0.00000 -6.64207 0.00000 0.00000 -1.00000 -0.00000
1634315798581371 -0.98902 0.14778 -0.00000 89.85785 0.14778 0.98902 0.00000 -4.73864 0.00000 0.00000 -1.00000 -0.00000
1634315798830157 -0.99263 0.12118 -0.00000 87.95868 0.12118 0.99263 0.00000 -2.35257 0.00000 0.00000 -1.00000 -0.00000
1634315799078991 -0.99491 0.10079 0.00000 85.82462 0.10079 0.99491 0.00000 -0.60636 0.00000 0.00000 -1.00000 -0.00000
1634315799327729 -0.99701 0.07726 0.00000 83.57095 0.07726 0.99701 0.00000 1.39881 0.00000 0.00000 -1.00000 0.00000
1634315799576800 -0.99855 0.05386 0.00000 81.34311 0.05386 0.99855 0.00000 3.36325 0.00000 0.00000 -1.00000 0.00000
1634315799826040 -0.99930 0.03749 0.00000 79.06477 0.03749 0.99930 0.00000 4.62824 0.00000 0.00000 -1.00000 0.00000
1634315800074999 -0.99983 0.01857 0.00000 76.70454 0.01857 0.99983 0.00000 6.04064 0.00000 0.00000 -1.00000 0.00000
1634315800323966 -0.99998 0.00686 0.00000 74.53602 0.00686 0.99998 0.00000 6.91036 0.00000 0.00000 -1.00000 0.00000
1634315800573025 -0.99999 0.00539 0.00000 72.28930 0.00539 0.99999 0.00000 6.93544 0.00000 0.00000 -1.00000 0.00000
1634315800822129 -0.99996 0.00837 0.00000 70.13242 0.00837 0.99996 0.00000 6.71628 0.00000 0.00000 -1.00000 0.00000
1634315801070966 -0.99988 0.01580 0.00000 67.99043 0.01580 0.99988 0.00000 6.13507 0.00000 0.00000 -1.00000 0.00000
1634315801319679 -0.99989 0.01516 0.00000 65.71787 0.01516 0.99989 0.00000 6.19302 0.00000 0.00000 -1.00000 0.00000
1634315801568739 -0.99987 0.01597 0.00000 63.47754 0.01597 0.99987 0.00000 6.06775 0.00000 0.00000 -1.00000 0.00000
1634315801817408 -0.99994 0.01072 0.00000 61.11864 0.01072 0.99994 0.00000 6.28372 0.00000 0.00000 -1.00000 0.00000
1634315802066297 -0.99993 0.01206 0.00000 58.87947 0.01206 0.99993 0.00000 6.17685 0.00000 0.00000 -1.00000 0.00000
1634315802315109 -0.99985 0.01748 0.00000 56.63607 0.01748 0.99985 0.00000 5.82182 0.00000 0.00000 -1.00000 0.00000
1634315802563828 -0.99967 0.02560 0.00000 54.37790 0.02560 0.99967 0.00000 5.37941 0.00000 0.00000 -1.00000 0.00000
1634315802812299 -0.99955 0.02993 0.00000 52.15686 0.02993 0.99955 0.00000 5.07619 0.00000 0.00000 -1.00000 0.00000
1634315803061146 -0.99918 0.04056 0.00000 49.89066 0.04056 0.99918 0.00000 4.48077 0.00000 0.00000 -1.00000 0.00000
1634315803310359 -0.99861 0.05268 0.00000 47.68872 0.05268 0.99861 0.00000 3.84984 0.00000 0.00000 -1.00000 0.00000
1634315803559465 -0.99750 0.07065 0.00000 45.52682 0.07065 0.99750 0.00000 2.90633 0.00000 0.00000 -1.00000 0.00000
1634315803808624 -0.99634 0.08550 0.00000 43.41810 0.08550 0.99634 0.00000 2.17398 0.00000 0.00000 -1.00000 0.00000
1634315804057574 -0.99567 0.09297 0.00000 41.18857 0.09297 0.99567 0.00000 1.82116 0.00000 0.00000 -1.00000 0.00000
1634315804306616 -0.99504 0.09944 0.00000 39.01652 0.09944 0.99504 0.00000 1.48722 0.00000 0.00000 -1.00000 0.00000
1634315804555718 -0.99439 0.10578 0.00000 36.93832 0.10578 0.99439 0.00000 1.22050 0.00000 0.00000 -1.00000 0.00000
1634315804804572 -0.99454 0.10435 0.00000 34.70831 0.10435 0.99454 0.00000 1.15636 0.00000 0.00000 -1.00000 0.00000
1634315805053288 -0.99431 0.10653 0.00000 32.67858 0.10653 0.99431 0.00000 1.11551 0.00000 0.00000 -1.00000 0.00000
1634315805301909 -0.99413 0.10817 0.00000 30.59612 0.10817 0.99413 0.00000 0.97860 0.00000 0.00000 -1.00000 0.00000
1634315805550806 -0.99397 0.10965 0.00000 28.45572 0.10965 0.99397 0.00000 0.90859 0.00000 0.00000 -1.00000 0.00000
1634315805799725 -0.99365 0.11253 0.00000 26.34685 0.11253 0.99365 0.00000 0.73306 0.00000 0.00000 -1.00000 0.00000
1634315806048626 -0.99299 0.11818 0.00000 24.23865 0.11818 0.99299 0.00000 0.57152 0.00000 0.00000 -1.00000 0.00000
1634315806297776 -0.99248 0.12237 -0.00000 22.18782 0.12237 0.99248 0.00000 0.44779 0.00000 0.00000 -1.00000 0.00000
1634315806546828 -0.99202 0.12607 0.00000 20.25372 0.12607 0.99202 0.00000 0.39050 0.00000 0.00000 -1.00000 0.00000
1634315806795655 -0.99149 0.13022 -0.00000 18.43718 0.13022 0.99149 0.00000 0.25087 0.00000 0.00000 -1.00000 0.00000
1634315807044493 -0.99137 0.13111 0.00000 16.62058 0.13111 0.99137 0.00000 0.22455 0.00000 0.00000 -1.00000 0.00000
1634315807293162 -0.99135 0.13123 0.00000 14.95974 0.13123 0.99135 0.00000 0.19987 0.00000 0.00000 -1.00000 0.00000
1634315807541639 -0.99156 0.12965 0.00000 13.31393 0.12965 0.99156 0.00000 0.20641 0.00000 0.00000 -1.00000 0.00000
1634315807790807 -0.99098 0.13402 0.00000 11.66894 0.13402 0.99098 0.00000 0.13059 0.00000 0.00000 -1.00000 0.00000
1634315808039814 -0.99109 0.13319 -0.00000 9.94629 0.13319 0.99109 0.00000 0.12845 0.00000 0.00000 -1.00000 0.00000
1634315808288650 -0.99107 0.13333 -0.00000 8.30479 0.13333 0.99107 0.00000 0.08586 0.00000 0.00000 -1.00000 0.00000
1634315808537374 -0.99046 0.13783 -0.00000 6.73780 0.13783 0.99046 0.00000 0.01579 0.00000 0.00000 -1.00000 0.00000
1634315808786135 -0.99062 0.13663 0.00000 5.06958 0.13663 0.99062 0.00000 0.02794 0.00000 0.00000 -1.00000 0.00000
1634315809034821 -0.98988 0.14191 0.00000 3.47171 0.14191 0.98988 0.00000 -0.05220 0.00000 0.00000 -1.00000 -0.00000
1634315809283778 -0.98924 0.14634 -0.00000 1.84799 0.14634 0.98924 0.00000 -0.13043 0.00000 0.00000 -1.00000 -0.00000
1634315809532263 -0.98884 0.14897 -0.00000 0.22268 0.14897 0.98884 0.00000 -0.11245 0.00000 0.00000 -1.00000 -0.00000
1634315809781244 -0.98808 0.15396 0.00000 -1.41554 0.15396 0.98808 0.00000 -0.16740 0.00000 0.00000 -1.00000 -0.00000
1634315810030375 -0.98901 0.14782 0.00000 -3.04011 0.14782 0.98901 0.00000 -0.22952 0.00000 0.00000 -1.00000 -0.00000
1634315810279236 -0.98964 0.14355 0.00000 -4.59482 0.14355 0.98964 0.00000 -0.35261 0.00000 0.00000 -1.00000 -0.00000
1634315810528146 -0.99221 0.12456 -0.00000 -5.99264 0.12456 0.99221 0.00000 -0.42660 0.00000 0.00000 -1.00000 -0.00000
1634315810776612 -0.99385 0.11072 0.00000 -7.19914 0.11072 0.99385 0.00000 -0.59595 0.00000 0.00000 -1.00000 -0.00000
1634315811025587 -0.99513 0.09856 0.00000 -8.39235 0.09856 0.99513 0.00000 -0.65882 0.00000 0.00000 -1.00000 -0.00000
1634315811274751 -0.99639 0.08485 0.00000 -9.32609 0.08485 0.99639 0.00000 -0.75729 0.00000 0.00000 -1.00000 -0.00000
1634315811523542 -0.99708 0.07634 0.00000 -10.09831 0.07634 0.99708 0.00000 -0.87236 0.00000 0.00000 -1.00000 -0.00000
1634315811772648 -0.99789 0.06489 -0.00000 -10.64854 0.06489 0.99789 0.00000 -1.03145 0.00000 0.00000 -1.00000 -0.00000
1634315812021701 -0.99840 0.05653 0.00000 -11.10464 0.05653 0.99840 0.00000 -1.08142 0.00000 0.00000 -1.00000 -0.00000
1634315812270819 -0.99876 0.04979 0.00000 -11.41994 0.04979 0.99876 0.00000 -1.17156 0.00000 0.00000 -1.00000 -0.00000
1634315812519591 -0.99890 0.04697 0.00000 -11.78437 0.04697 0.99890 0.00000 -1.23065 0.00000 0.00000 -1.00000 -0.00000
1634315812768323 -0.99911 0.04211 -0.00000 -12.23081 0.04211 0.99911 0.00000 -1.28625 0.00000 0.00000 -1.00000 -0.00000
1634315813017019 -0.99939 0.03504 0.00000 -12.56062 0.03504 0.99939 0.00000 -1.39467 0.00000 0.00000 -1.00000 -0.00000
1634315813265666 -0.99944 0.03339 0.00000 -13.10790 0.03339 0.99944 0.00000 -1.43792 0.00000 0.00000 -1.00000 -0.00000
1634315813514482 -0.99938 0.03532 0.00000 -13.85701 0.03532 0.99938 0.00000 -1.42758 0.00000 0.00000 -1.00000 -0.00000
1634315813762701 -0.99930 0.03741 0.00000 -14.64986 0.03741 0.99930 0.00000 -1.42204 0.00000 0.00000 -1.00000 -0.00000
1634315814011033 -0.99913 0.04167 0.00000 -15.64029 0.04167 0.99913 0.00000 -1.34368 0.00000 0.00000 -1.00000 -0.00000
1634315814259452 -0.99914 0.04146 -0.00000 -16.73054 0.04146 0.99914 0.00000 -1.37058 0.00000 0.00000 -1.00000 -0.00000
1634315814507875 -0.99899 0.04492 -0.00000 -18.04291 0.04492 0.99899 0.00000 -1.35070 0.00000 0.00000 -1.00000 -0.00000
1634315814756417 -0.99890 0.04682 -0.00000 -19.48144 0.04682 0.99890 0.00000 -1.36138 0.00000 0.00000 -1.00000 -0.00000
1634315815005064 -0.99879 0.04916 0.00000 -21.07958 0.04916 0.99879 0.00000 -1.32425 0.00000 0.00000 -1.00000 -0.00000
