1. 0. 0. 0. 0. 1. 0. 0. 0. 0. 1. 0.
1. -0. 0. 0.003 0. 1. 0. 0.003 0. 0. 1. 0.
1. -0.000 0. 0.003 0.000 1. 0. -0.002 0. 0. 1. 0.
1. -0. 0. 0.003 0. 1. 0. 0.004 0. 0. 1. 0.
1. -0.000 0. 0.006 0.000 1. 0. 0.003 0. 0. 1. 0.
1. -0.000 0. 0.003 0.000 1. 0. 0.004 0. 0. 1. 0.
1. -0.000 0. 0.003 0.000 1. 0. 0.001 0. 0. 1. 0.
1. -0.000 0. 0.004 0.000 1. 0. -0.002 0. 0. 1. 0.
1. -0.000 0. 0.002 0.000 1. 0. 0. 0. 0. 1. 0.
1. -0.000 0. 0.004 0.000 1. 0. 0.001 0. 0. 1. 0.
1. -0.000 0. 0.000 0.000 1. 0. 0.003 0. 0. 1. 0.
1. -0.000 0. 0.003 0.000 1. 0. -0.001 0. 0. 1. 0.
1. -0.000 0. 0.005 0.000 1. 0. 0.002 0. 0. 1. 0.
1. -0. 0. 0.002 0. 1. 0. 0.002 0. 0. 1. 0.
1. -0. 0. 0.002 0. 1. 0. 0.003 0. 0. 1. 0.
1. 0. 0. 0.003 -0. 1. 0. -0.000 0. 0. 1. 0.
1. -0.000 0. 0.003 0.000 1. 0. 0.002 0. 0. 1. 0.
1. -0.000 0. 0.004 0.000 1. 0. 0.002 0. 0. 1. 0.
1. -0.000 0. 0.002 0.000 1. 0. 0.002 0. 0. 1. 0.
1. -0.000 0. 0.003 0.000 1. 0. 0.002 0. 0. 1. 0.
1. -0.000 0. 0.004 0.000 1. 0. -0.000 0. 0. 1. 0.
1. -0.000 0. 0.004 0.000 1. 0. 0.005 0. 0. 1. 0.
1. -0.000 0. 0.006 0.000 1. 0. 0.002 0. 0. 1. 0.
1. -0. 0. 0.002 0. 1. 0. 0.003 0. 0. 1. 0.
1. -0. 0. 0.001 0. 1. 0. -0.000 0. 0. 1. 0.
1. -0. 0. 0.005 0. 1. 0. 0.002 0. 0. 1. 0.
1. -0.000 0. 0.006 0.000 1. 0. 0.002 0. 0. 1. 0.
1. -0.000 0. 0.005 0.000 1. 0. -0.002 0. 0. 1. 0.
1. 0. 0. 0.006 -0. 1. 0. 0.003 0. 0. 1. 0.
1. 0. 0. 0.005 -0. 1. 0. 0.003 0. 0. 1. 0.
1. -0.000 0. 0.000 0.000 1. 0. 0.002 0. 0. 1. 0.
1. -0. 0. 0.002 0. 1. 0. 0.004 0. 0. 1. 0.
1. -0.000 0. 0.004 0.000 1. 0. 0.007 0. 0. 1. 0.
1. -0.000 0. 0.001 0.000 1. 0. 0.001 0. 0. 1. 0.
1. -0.000 0. 0.004 0.000 1. 0. 0.006 0. 0. 1. 0.
1. -0.000 0. -0.001 0.000 1. 0. 0.005 0. 0. 1. 0.
1. -0.000 0. -0.000 0.000 1. 0. -0.001 0. 0. 1. 0.
1. 0. 0. 0.001 -0. 1. 0. 0.006 0. 0. 1. 0.
1. -0. 0. 0.003 0. 1. 0. 0.007 0. 0. 1. 0.
1. -0. 0. 0.003 0. 1. 0. 0.006 0. 0. 1. 0.
1. -0. 0. 0.002 0. 1. 0. 0.003 0. 0. 1. 0.
1. -0. 0. 0.003 0. 1. 0. 0.004 0. 0. 1. 0.
1. -0. 0. 0.003 0. 1. 0. 0.004 0. 0. 1. 0.
1. 0. 0. 0.006 -0. 1. 0. 0.004 0. 0. 1. 0.
1. -0. 0. 0.005 0. 1. 0. 0.003 0. 0. 1. 0.
1. 0. 0. 0.002 -0. 1. 0. 0.003 0. 0. 1. 0.
1. -0.000 0. 0.003 0.000 1. 0. 0.003 0. 0. 1. 0.
1. 0. 0. 0.004 -0. 1. 0. 0.008 0. 0. 1. 0.
1. 0. 0. 0.006 -0. 1. 0. 0.003 0. 0. 1. 0.
1. -0.000 0. 0. 0.000 1. 0. 0.007 0. 0. 1. 0.
1. -0.000 0. -0.001 0.000 1. 0. 0.005 0. 0. 1. 0.
1. -0. 0. 0.001 0. 1. 0. 0.006 0. 0. 1. 0.
1. -0. 0. 0.005 0. 1. 0. 0.006 0. 0. 1. 0.
1. 0. 0. 0.002 -0. 1. 0. -0.001 0. 0. 1. 0.
1. -0.000 0. 0.001 0.000 1. 0. 0.006 0. 0. 1. 0.
1. -0.000 0. 0.003 0.000 1. 0. -0.001 0. 0. 1. 0.
1. -0.000 0. 0.004 0.000 1. 0. 0.003 0. 0. 1. 0.
1. -0.000 0. 0.005 0.000 1. 0. 0.003 0. 0. 1. 0.
1. -0. 0. 0.005 0. 1. 0. 0.001 0. 0. 1. 0.
1. -0.000 0. 0.001 0.000 1. 0. -0.001 0. 0. 1. 0.
1. -0. 0. 0.002 0. 1. 0. 0.001 0. 0. 1. 0.
1. 0. 0. 0.005 -0. 1. 0. 0.002 0. 0. 1. 0.
1. 0. 0. 0.003 -0. 1. 0. 0.004 0. 0. 1. 0.
1. -0.000 0. 0.004 0.000 1. 0. 0.006 0. 0. 1. 0.
1. -0. 0. -0.001 0. 1. 0. 0.004 0. 0. 1. 0.
1. -0.000 0. 0.003 0.000 1. 0. -0.003 0. 0. 1. 0.
1. -0. 0. 0.001 0. 1. 0. 0.002 0. 0. 1. 0.
1. -0.000 0. 0.001 0.000 1. 0. 0.002 0. 0. 1. 0.
1. -0.000 0. -0.001 0.000 1. 0. 0.000 0. 0. 1. 0.
1. -0. 0. 0.004 0. 1. 0. 0.003 0. 0. 1. 0.
1. -0.000 0. 0.004 0.000 1. 0. 0.002 0. 0. 1. 0.
1. -0.000 0. 0.003 0.000 1. 0. 0.002 0. 0. 1. 0.
1. -0.000 0. 0.000 0.000 1. 0. 0.003 0. 0. 1. 0.
1. -0. 0. 0.003 0. 1. 0. 0.000 0. 0. 1. 0.
1. -0.000 0. 0.001 0.000 1. 0. -0.002 0. 0. 1. 0.
1. 0. 0. 0.005 -0. 1. 0. -0.003 0. 0. 1. 0.
1. -0.000 0. 0.001 0.000 1. 0. 0.005 0. 0. 1. 0.
1. 0. 0. 0.003 -0. 1. 0. 0.003 0. 0. 1. 0.
1. -0. 0. 0.002 0. 1. 0. 0.004 0. 0. 1. 0.
1. -0. 0. 0.002 0. 1. 0. -0.001 0. 0. 1. 0.
1. -0. 0. 0.003 0. 1. 0. 0.007 0. 0. 1. 0.
1. -0. 0. 0.003 0. 1. 0. 0.005 0. 0. 1. 0.
1. -0.000 0. 0.002 0.000 1. 0. 0.005 0. 0. 1. 0.
1. -0.000 0. 0.003 0.000 1. 0. 0.003 0. 0. 1. 0.
1. -0.000 0. 0.005 0.000 1. 0. -0.002 0. 0. 1. 0.
1. -0.000 0. 0.007 0.000 1. 0. -0.001 0. 0. 1. 0.
1. -0.000 0. 0.004 0.000 1. 0. -0.002 0. 0. 1. 0.
1. -0. 0. 0.009 0. 1. 0. 0.002 0. 0. 1. 0.
1. -0.000 0. 0.002 0.000 1. 0. -0.000 0. 0. 1. 0.
1. -0.000 0. 0.003 0.000 1. 0. 0.001 0. 0. 1. 0.
1. -0.000 0. 0.003 0.000 1. 0. -0.007 0. 0. 1. 0.
1. -0.000 0. 0.027 0.000 1. 0. -0.002 0. 0. 1. 0.
1. -0.000 0. 0.093 0.000 1. 0. -0.005 0. 0. 1. 0.
1. -0.000 0. 0.142 0.000 1. 0. -0.014 0. 0. 1. 0.
1. -0.002 0. 0.246 0.002 1. 0. -0.007 0. 0. 1. 0.
1. -0.007 0. 0.445 0.007 1. 0. 0.019 0. 0. 1. 0.
1.000 -0.016 0. 0.640 0.016 1.000 0. -0.001 0. 0. 1. 0.
1.000 -0.029 0. 0.915 0.029 1.000 0. 0.035 0. 0. 1. 0.
0.999 -0.048 0. 1.273 0.048 0.999 0. 0.029 0. 0. 1. 0.
0.998 -0.068 0. 1.706 0.068 0.998 0. 0.061 0. 0. 1. 0.
0.995 -0.096 0. 2.180 0.096 0.995 0. 0.131 0. 0. 1. 0.
0.993 -0.117 0. 2.771 0.117 0.993 0. 0.169 0. 0. 1. 0.
0.990 -0.138 0. 3.450 0.138 0.990 0. 0.392 0. 0. 1. 0.
0.988 -0.158 0. 4.266 0.158 0.988 0. 0.504 0. 0. 1. 0.
0.985 -0.171 0. 5.183 0.171 0.985 0. 0.613 0. 0. 1. 0.
0.985 -0.171 0. 6.187 0.171 0.985 0. 0.733 0. 0. 1. 0.
0.985 -0.170 0. 7.326 0.170 0.985 0. 0.968 0. 0. 1. 0.
0.986 -0.169 0. 8.604 0.169 0.986 0. 1.168 0. 0. 1. 0.
0.986 -0.164 0. 9.887 0.164 0.986 0. 1.399 0. 0. 1. 0.
0.987 -0.160 0. 11.167 0.160 0.987 0. 1.612 0. 0. 1. 0.
0.988 -0.154 0. 12.586 0.154 0.988 0. 1.802 0. 0. 1. 0.
0.990 -0.142 0. 14.057 0.142 0.990 0. 1.968 0. 0. 1. 0.
0.992 -0.124 0. 15.582 0.124 0.992 0. 2.183 0. 0. 1. 0.
0.994 -0.110 0. 17.155 0.110 0.994 0. 2.310 0. 0. 1. 0.
0.996 -0.093 0. 18.811 0.093 0.996 0. 2.464 0. 0. 1. 0.
0.997 -0.075 0. 20.540 0.075 0.997 0. 2.653 0. 0. 1. 0.
0.998 -0.058 0. 22.317 0.058 0.998 0. 2.664 0. 0. 1. 0.
0.999 -0.043 0. 24.120 0.043 0.999 0. 2.790 0. 0. 1. 0.
1.000 -0.031 0. 25.900 0.031 1.000 0. 2.799 0. 0. 1. 0.
1.000 -0.020 0. 27.676 0.020 1.000 0. 2.817 0. 0. 1. 0.
1. -0.013 0. 29.434 0.013 1. 0. 2.850 0. 0. 1. 0.
1. -0.008 0. 31.219 0.008 1. 0. 2.846 0. 0. 1. 0.
1. -0.004 0. 32.995 0.004 1. 0. 2.842 0. 0. 1. 0.
1. -0.004 0. 34.785 0.004 1. 0. 2.861 0. 0. 1. 0.
1. -0.004 0. 36.618 0.004 1. 0. 2.856 0. 0. 1. 0.
1. -0.006 0. 38.470 0.006 1. 0. 2.822 0. 0. 1. 0.
1. -0.005 0. 40.307 0.005 1. 0. 2.804 0. 0. 1. 0.
1. -0.005 0. 42.181 0.005 1. 0. 2.808 0. 0. 1. 0.
1. -0.006 0. 44.063 0.006 1. 0. 2.797 0. 0. 1. 0.
1. -0.006 0. 45.968 0.006 1. 0. 2.787 0. 0. 1. 0.
1. -0.006 0. 47.857 0.006 1. 0. 2.787 0. 0. 1. 0.
1. -0.007 0. 49.718 0.007 1. 0. 2.840 0. 0. 1. 0.
1. -0.006 0. 51.604 0.006 1. 0. 2.832 0. 0. 1. 0.
1. -0.006 0. 53.467 0.006 1. 0. 2.864 0. 0. 1. 0.
1. -0.003 0. 55.351 0.003 1. 0. 2.796 0. 0. 1. 0.
1. 0.001 0. 57.236 -0.001 1. 0. 2.759 0. 0. 1. 0.
1. 0.003 0. 59.122 -0.003 1. 0. 2.760 0. 0. 1. 0.
1. 0.004 0. 61.007 -0.004 1. 0. 2.700 0. 0. 1. 0.
1. 0.006 0. 62.855 -0.006 1. 0. 2.635 0. 0. 1. 0.
1. 0.006 0. 64.666 -0.006 1. 0. 2.615 0. 0. 1. 0.
1. 0.005 0. 66.482 -0.005 1. 0. 2.615 0. 0. 1. 0.
1. 0.006 0. 68.317 -0.006 1. 0. 2.557 0. 0. 1. 0.
1. 0.006 0. 70.104 -0.006 1. 0. 2.528 0. 0. 1. 0.
1. 0.007 0. 71.871 -0.007 1. 0. 2.516 0. 0. 1. 0.
1. 0.008 0. 73.678 -0.008 1. 0. 2.462 0. 0. 1. 0.
1. 0.009 0. 75.460 -0.009 1. 0. 2.443 0. 0. 1. 0.
1. 0.012 0. 77.286 -0.012 1. 0. 2.383 0. 0. 1. 0.
1.000 0.016 0. 79.105 -0.016 1.000 0. 2.314 0. 0. 1. 0.
1.000 0.017 0. 80.883 -0.017 1.000 0. 2.233 0. 0. 1. 0.
1.000 0.016 0. 82.636 -0.016 1.000 0. 2.247 0. 0. 1. 0.
1.000 0.017 0. 84.392 -0.017 1.000 0. 2.211 0. 0. 1. 0.
1.000 0.018 0. 86.157 -0.018 1.000 0. 2.170 0. 0. 1. 0.
1.000 0.023 0. 87.925 -0.023 1.000 0. 2.103 0. 0. 1. 0.
1.000 0.027 0. 89.763 -0.027 1.000 0. 2.007 0. 0. 1. 0.
1.000 0.029 0. 91.552 -0.029 1.000 0. 1.923 0. 0. 1. 0.
1.000 0.027 0. 93.285 -0.027 1.000 0. 1.867 0. 0. 1. 0.
1.000 0.023 0. 95.087 -0.023 1.000 0. 1.789 0. 0. 1. 0.
1.000 0.019 0. 96.937 -0.019 1.000 0. 1.747 0. 0. 1. 0.
1. 0.012 0. 98.750 -0.012 1. 0. 1.701 0. 0. 1. 0.
1. 0.003 0. 100.617 -0.003 1. 0. 1.735 0. 0. 1. 0.
1. -0.003 0. 102.478 0.003 1. 0. 1.701 0. 0. 1. 0.
1. -0.012 0. 104.388 0.012 1. 0. 1.662 0. 0. 1. 0.
1.000 -0.021 0. 106.250 0.021 1.000 0. 1.658 0. 0. 1. 0.
0.999 -0.032 0. 108.170 0.032 0.999 0. 1.750 0. 0. 1. 0.
0.999 -0.039 0. 110.085 0.039 0.999 0. 1.778 0. 0. 1. 0.
0.999 -0.048 0. 112.066 0.048 0.999 0. 1.874 0. 0. 1. 0.
0.999 -0.051 0. 114.022 0.051 0.999 0. 1.935 0. 0. 1. 0.
0.998 -0.055 0. 116.000 0.055 0.998 0. 2.094 0. 0. 1. 0.
0.998 -0.058 0. 117.923 0.058 0.998 0. 2.253 0. 0. 1. 0.
0.998 -0.058 0. 119.850 0.058 0.998 0. 2.320 0. 0. 1. 0.
0.998 -0.057 0. 121.775 0.057 0.998 0. 2.399 0. 0. 1. 0.
0.998 -0.056 0. 123.707 0.056 0.998 0. 2.531 0. 0. 1. 0.
0.999 -0.052 0. 125.658 0.052 0.999 0. 2.622 0. 0. 1. 0.
0.999 -0.051 0. 127.604 0.051 0.999 0. 2.720 0. 0. 1. 0.
0.999 -0.050 0. 129.550 0.050 0.999 0. 2.803 0. 0. 1. 0.
0.999 -0.049 0. 131.501 0.049 0.999 0. 2.905 0. 0. 1. 0.
0.999 -0.047 0. 133.466 0.047 0.999 0. 2.992 0. 0. 1. 0.
0.999 -0.044 0. 135.436 0.044 0.999 0. 3.047 0. 0. 1. 0.
0.999 -0.043 0. 137.433 0.043 0.999 0. 3.143 0. 0. 1. 0.
0.999 -0.041 0. 139.409 0.041 0.999 0. 3.144 0. 0. 1. 0.
0.999 -0.038 0. 141.416 0.038 0.999 0. 3.224 0. 0. 1. 0.
0.999 -0.037 0. 143.381 0.037 0.999 0. 3.307 0. 0. 1. 0.
0.999 -0.036 0. 145.356 0.036 0.999 0. 3.343 0. 0. 1. 0.
0.999 -0.035 0. 147.334 0.035 0.999 0. 3.387 0. 0. 1. 0.
0.999 -0.035 0. 149.322 0.035 0.999 0. 3.415 0. 0. 1. 0.
0.999 -0.034 0. 151.296 0.034 0.999 0. 3.462 0. 0. 1. 0.
0.999 -0.034 0. 153.319 0.034 0.999 0. 3.552 0. 0. 1. 0.
0.999 -0.032 0. 155.346 0.032 0.999 0. 3.623 0. 0. 1. 0.
0.999 -0.032 0. 157.400 0.032 0.999 0. 3.665 0. 0. 1. 0.
1.000 -0.031 0. 159.474 0.031 1.000 0. 3.753 0. 0. 1. 0.
1.000 -0.029 0. 161.569 0.029 1.000 0. 3.786 0. 0. 1. 0.
1.000 -0.030 0. 163.684 0.030 1.000 0. 3.814 0. 0. 1. 0.
1.000 -0.029 0. 165.806 0.029 1.000 0. 3.816 0. 0. 1. 0.
1.000 -0.029 0. 167.918 0.029 1.000 0. 3.817 0. 0. 1. 0.
1.000 -0.028 0. 169.997 0.028 1.000 0. 3.870 0. 0. 1. 0.
1.000 -0.028 0. 172.084 0.028 1.000 0. 3.895 0. 0. 1. 0.
1.000 -0.032 0. 174.187 0.032 1.000 0. 3.922 0. 0. 1. 0.
0.999 -0.037 0. 176.241 0.037 0.999 0. 3.998 0. 0. 1. 0.
0.999 -0.040 0. 178.267 0.040 0.999 0. 4.047 0. 0. 1. 0.
0.999 -0.042 0. 180.263 0.042 0.999 0. 4.084 0. 0. 1. 0.
0.999 -0.045 0. 182.256 0.045 0.999 0. 4.157 0. 0. 1. 0.
0.999 -0.046 0. 184.228 0.046 0.999 0. 4.237 0. 0. 1. 0.
0.999 -0.047 0. 186.129 0.047 0.999 0. 4.295 0. 0. 1. 0.
0.999 -0.044 0. 188.022 0.044 0.999 0. 4.357 0. 0. 1. 0.
0.999 -0.045 0. 189.891 0.045 0.999 0. 4.391 0. 0. 1. 0.
0.999 -0.044 0. 191.696 0.044 0.999 0. 4.467 0. 0. 1. 0.
0.999 -0.046 0. 193.486 0.046 0.999 0. 4.559 0. 0. 1. 0.
0.999 -0.047 0. 195.256 0.047 0.999 0. 4.619 0. 0. 1. 0.
0.999 -0.046 0. 197.004 0.046 0.999 0. 4.688 0. 0. 1. 0.
0.999 -0.047 0. 198.769 0.047 0.999 0. 4.758 0. 0. 1. 0.
0.999 -0.047 0. 200.486 0.047 0.999 0. 4.834 0. 0. 1. 0.
0.999 -0.049 0. 202.180 0.049 0.999 0. 4.918 0. 0. 1. 0.
0.999 -0.049 0. 203.831 0.049 0.999 0. 4.998 0. 0. 1. 0.
0.999 -0.045 0. 205.466 0.045 0.999 0. 5.102 0. 0. 1. 0.
0.999 -0.044 0. 207.080 0.044 0.999 0. 5.171 0. 0. 1. 0.
0.999 -0.039 0. 208.666 0.039 0.999 0. 5.238 0. 0. 1. 0.
0.999 -0.037 0. 210.212 0.037 0.999 0. 5.291 0. 0. 1. 0.
0.999 -0.035 0. 211.742 0.035 0.999 0. 5.351 0. 0. 1. 0.
0.999 -0.033 0. 213.224 0.033 0.999 0. 5.384 0. 0. 1. 0.
1.000 -0.031 0. 214.608 0.031 1.000 0. 5.417 0. 0. 1. 0.
0.999 -0.032 0. 215.989 0.032 0.999 0. 5.442 0. 0. 1. 0.
0.999 -0.033 0. 217.391 0.033 0.999 0. 5.499 0. 0. 1. 0.
0.999 -0.034 0. 218.758 0.034 0.999 0. 5.549 0. 0. 1. 0.
0.999 -0.034 0. 220.171 0.034 0.999 0. 5.551 0. 0. 1. 0.
0.999 -0.035 0. 221.574 0.035 0.999 0. 5.588 0. 0. 1. 0.
0.999 -0.034 0. 222.948 0.034 0.999 0. 5.586 0. 0. 1. 0.
0.999 -0.038 0. 224.310 0.038 0.999 0. 5.650 0. 0. 1. 0.
0.999 -0.044 0. 225.660 0.044 0.999 0. 5.723 0. 0. 1. 0.
0.998 -0.058 0. 227.005 0.058 0.998 0. 5.747 0. 0. 1. 0.
0.997 -0.073 0. 228.412 0.073 0.997 0. 5.869 0. 0. 1. 0.
0.996 -0.085 0. 229.783 0.085 0.996 0. 5.984 0. 0. 1. 0.
0.995 -0.102 0. 231.180 0.102 0.995 0. 6.092 0. 0. 1. 0.
0.993 -0.118 0. 232.543 0.118 0.993 0. 6.254 0. 0. 1. 0.
0.991 -0.135 0. 234.033 0.135 0.991 0. 6.493 0. 0. 1. 0.
0.989 -0.147 0. 235.499 0.147 0.989 0. 6.742 0. 0. 1. 0.
0.988 -0.155 0. 237.028 0.155 0.988 0. 6.920 0. 0. 1. 0.
0.987 -0.160 0. 238.626 0.160 0.987 0. 7.185 0. 0. 1. 0.
0.987 -0.161 0. 240.268 0.161 0.987 0. 7.477 0. 0. 1. 0.
0.986 -0.164 0. 241.961 0.164 0.986 0. 7.743 0. 0. 1. 0.
0.985 -0.170 0. 243.685 0.170 0.985 0. 8.038 0. 0. 1. 0.
0.985 -0.173 0. 245.431 0.173 0.985 0. 8.331 0. 0. 1. 0.
0.984 -0.175 0. 247.176 0.175 0.984 0. 8.584 0. 0. 1. 0.
0.984 -0.178 0. 248.973 0.178 0.984 0. 8.931 0. 0. 1. 0.
0.984 -0.178 0. 250.781 0.178 0.984 0. 9.245 0. 0. 1. 0.
0.984 -0.179 0. 252.580 0.179 0.984 0. 9.549 0. 0. 1. 0.
0.985 -0.175 0. 254.395 0.175 0.985 0. 9.863 0. 0. 1. 0.
0.985 -0.170 0. 256.238 0.170 0.985 0. 10.169 0. 0. 1. 0.
0.986 -0.166 0. 258.092 0.166 0.986 0. 10.519 0. 0. 1. 0.
0.987 -0.161 0. 259.965 0.161 0.987 0. 10.792 0. 0. 1. 0.
0.988 -0.155 0. 261.882 0.155 0.988 0. 11.110 0. 0. 1. 0.
0.988 -0.151 0. 263.772 0.151 0.988 0. 11.404 0. 0. 1. 0.
0.989 -0.147 0. 265.665 0.147 0.989 0. 11.632 0. 0. 1. 0.
0.990 -0.143 0. 267.641 0.143 0.990 0. 11.930 0. 0. 1. 0.
0.990 -0.141 0. 269.632 0.141 0.990 0. 12.170 0. 0. 1. 0.
0.990 -0.141 0. 271.607 0.141 0.990 0. 12.424 0. 0. 1. 0.
0.990 -0.138 0. 273.626 0.138 0.990 0. 12.738 0. 0. 1. 0.
0.990 -0.139 0. 275.584 0.139 0.990 0. 12.987 0. 0. 1. 0.
0.991 -0.137 0. 277.583 0.137 0.991 0. 13.277 0. 0. 1. 0.
0.990 -0.139 0. 279.534 0.139 0.990 0. 13.497 0. 0. 1. 0.
0.990 -0.141 0. 281.473 0.141 0.990 0. 13.725 0. 0. 1. 0.
0.990 -0.141 0. 283.394 0.141 0.990 0. 14.058 0. 0. 1. 0.
0.990 -0.139 0. 285.374 0.139 0.990 0. 14.315 0. 0. 1. 0.
0.991 -0.134 0. 287.352 0.134 0.991 0. 14.564 0. 0. 1. 0.
0.992 -0.128 0. 289.324 0.128 0.992 0. 14.741 0. 0. 1. 0.
0.992 -0.125 0. 291.323 0.125 0.992 0. 14.972 0. 0. 1. 0.
0.993 -0.121 0. 293.326 0.121 0.993 0. 15.221 0. 0. 1. 0.
0.993 -0.117 0. 295.343 0.117 0.993 0. 15.428 0. 0. 1. 0.
0.993 -0.117 0. 297.300 0.117 0.993 0. 15.600 0. 0. 1. 0.
0.993 -0.120 0. 299.281 0.120 0.993 0. 15.852 0. 0. 1. 0.
0.993 -0.122 0. 301.238 0.122 0.993 0. 16.083 0. 0. 1. 0.
0.992 -0.127 0. 303.186 0.127 0.992 0. 16.292 0. 0. 1. 0.
0.991 -0.132 0. 305.134 0.132 0.991 0. 16.518 0. 0. 1. 0.
0.990 -0.138 0. 307.085 0.138 0.990 0. 16.774 0. 0. 1. 0.
0.990 -0.142 0. 309.053 0.142 0.990 0. 16.988 0. 0. 1. 0.
0.989 -0.148 0. 311.038 0.148 0.989 0. 17.222 0. 0. 1. 0.
0.988 -0.156 0. 313.019 0.156 0.988 0. 17.544 0. 0. 1. 0.
0.987 -0.163 0. 315.048 0.163 0.987 0. 17.885 0. 0. 1. 0.
0.987 -0.163 0. 317.052 0.163 0.987 0. 18.152 0. 0. 1. 0.
0.986 -0.166 0. 319.079 0.166 0.986 0. 18.466 0. 0. 1. 0.
0.986 -0.166 0. 321.111 0.166 0.986 0. 18.789 0. 0. 1. 0.
0.987 -0.163 0. 323.119 0.163 0.987 0. 19.166 0. 0. 1. 0.
0.987 -0.162 0. 325.069 0.162 0.987 0. 19.492 0. 0. 1. 0.
0.987 -0.160 0. 327.011 0.160 0.987 0. 19.758 0. 0. 1. 0.
0.988 -0.156 0. 328.943 0.156 0.988 0. 19.984 0. 0. 1. 0.
0.989 -0.150 0. 330.892 0.150 0.989 0. 20.246 0. 0. 1. 0.
0.989 -0.148 0. 332.830 0.148 0.989 0. 20.530 0. 0. 1. 0.
0.990 -0.139 0. 334.772 0.139 0.990 0. 20.852 0. 0. 1. 0.
0.992 -0.126 0. 336.728 0.126 0.992 0. 20.999 0. 0. 1. 0.
0.994 -0.110 0. 338.649 0.110 0.994 0. 21.238 0. 0. 1. 0.
0.996 -0.088 0. 340.640 0.088 0.996 0. 21.404 0. 0. 1. 0.
0.998 -0.068 0. 342.603 0.068 0.998 0. 21.395 0. 0. 1. 0.
0.999 -0.043 0. 344.615 0.043 0.999 0. 21.501 0. 0. 1. 0.
1.000 -0.020 0. 346.644 0.020 1.000 0. 21.485 0. 0. 1. 0.
1. -0.001 0. 348.627 0.001 1. 0. 21.546 0. 0. 1. 0.
1.000 0.014 0. 350.691 -0.014 1.000 0. 21.461 0. 0. 1. 0.
1.000 0.027 0. 352.738 -0.027 1.000 0. 21.382 0. 0. 1. 0.
0.999 0.035 0. 354.825 -0.035 0.999 0. 21.292 0. 0. 1. 0.
0.999 0.037 0. 356.932 -0.037 0.999 0. 21.183 0. 0. 1. 0.
0.999 0.037 0. 358.973 -0.037 0.999 0. 21.043 0. 0. 1. 0.
0.999 0.036 0. 361.038 -0.036 0.999 0. 21.016 0. 0. 1. 0.
0.999 0.034 0. 363.151 -0.034 0.999 0. 20.923 0. 0. 1. 0.
0.999 0.033 0. 365.209 -0.033 0.999 0. 20.811 0. 0. 1. 0.
1.000 0.031 0. 367.299 -0.031 1.000 0. 20.756 0. 0. 1. 0.
1.000 0.030 0. 369.369 -0.030 1.000 0. 20.679 0. 0. 1. 0.
1.000 0.027 0. 371.441 -0.027 1.000 0. 20.594 0. 0. 1. 0.
1.000 0.025 0. 373.538 -0.025 1.000 0. 20.534 0. 0. 1. 0.
1.000 0.024 0. 375.591 -0.024 1.000 0. 20.462 0. 0. 1. 0.
1.000 0.020 0. 377.683 -0.020 1.000 0. 20.335 0. 0. 1. 0.
1.000 0.017 0. 379.797 -0.017 1.000 0. 20.287 0. 0. 1. 0.
1. 0.013 0. 381.877 -0.013 1. 0. 20.265 0. 0. 1. 0.
1. 0.011 0. 383.937 -0.011 1. 0. 20.233 0. 0. 1. 0.
1. 0.011 0. 386.046 -0.011 1. 0. 20.226 0. 0. 1. 0.
1. 0.010 0. 388.120 -0.010 1. 0. 20.168 0. 0. 1. 0.
1. 0.010 0. 390.236 -0.010 1. 0. 20.128 0. 0. 1. 0.
1. 0.010 0. 392.361 -0.010 1. 0. 20.115 0. 0. 1. 0.
1. 0.008 0. 394.495 -0.008 1. 0. 20.036 0. 0. 1. 0.
1. 0.004 0. 396.600 -0.004 1. 0. 20.077 0. 0. 1. 0.
1. 0.000 0. 398.761 -0.000 1. 0. 20.077 0. 0. 1. 0.
1. -0.004 0. 400.935 0.004 1. 0. 20.038 0. 0. 1. 0.
1. -0.008 0. 403.083 0.008 1. 0. 20.097 0. 0. 1. 0.
1. -0.014 0. 405.241 0.014 1. 0. 20.109 0. 0. 1. 0.
1.000 -0.020 0. 407.389 0.020 1.000 0. 20.091 0. 0. 1. 0.
1.000 -0.025 0. 409.566 0.025 1.000 0. 20.106 0. 0. 1. 0.
1.000 -0.028 0. 411.709 0.028 1.000 0. 20.182 0. 0. 1. 0.
0.999 -0.032 0. 413.845 0.032 0.999 0. 20.210 0. 0. 1. 0.
0.999 -0.033 0. 415.974 0.033 0.999 0. 20.259 0. 0. 1. 0.
0.999 -0.034 0. 418.154 0.034 0.999 0. 20.301 0. 0. 1. 0.
0.999 -0.036 0. 420.271 0.036 0.999 0. 20.385 0. 0. 1. 0.
0.999 -0.037 0. 422.395 0.037 0.999 0. 20.419 0. 0. 1. 0.
0.999 -0.040 0. 424.536 0.040 0.999 0. 20.514 0. 0. 1. 0.
0.999 -0.042 0. 426.643 0.042 0.999 0. 20.592 0. 0. 1. 0.
0.999 -0.043 0. 428.752 0.043 0.999 0. 20.645 0. 0. 1. 0.
0.999 -0.043 0. 430.825 0.043 0.999 0. 20.719 0. 0. 1. 0.
0.999 -0.043 0. 432.890 0.043 0.999 0. 20.712 0. 0. 1. 0.
0.999 -0.044 0. 434.934 0.044 0.999 0. 20.883 0. 0. 1. 0.
0.999 -0.047 0. 436.989 0.047 0.999 0. 20.914 0. 0. 1. 0.
0.999 -0.049 0. 439.013 0.049 0.999 0. 21.012 0. 0. 1. 0.
0.999 -0.051 0. 441.041 0.051 0.999 0. 21.055 0. 0. 1. 0.
0.998 -0.055 0. 443.091 0.055 0.998 0. 21.229 0. 0. 1. 0.
0.998 -0.059 0. 445.087 0.059 0.998 0. 21.285 0. 0. 1. 0.
0.998 -0.062 0. 447.043 0.062 0.998 0. 21.383 0. 0. 1. 0.
0.998 -0.064 0. 448.985 0.064 0.998 0. 21.493 0. 0. 1. 0.
0.998 -0.068 0. 450.893 0.068 0.998 0. 21.571 0. 0. 1. 0.
0.998 -0.068 0. 452.732 0.068 0.998 0. 21.712 0. 0. 1. 0.
0.998 -0.066 0. 454.527 0.066 0.998 0. 21.822 0. 0. 1. 0.
0.998 -0.061 0. 456.252 0.061 0.998 0. 21.901 0. 0. 1. 0.
0.998 -0.057 0. 457.921 0.057 0.998 0. 21.956 0. 0. 1. 0.
0.999 -0.050 0. 459.525 0.050 0.999 0. 22.009 0. 0. 1. 0.
0.999 -0.037 0. 461.062 0.037 0.999 0. 22.063 0. 0. 1. 0.
1.000 -0.019 0. 462.540 0.019 1.000 0. 22.067 0. 0. 1. 0.
1. 0.006 0. 463.962 -0.006 1. 0. 22.032 0. 0. 1. 0.
0.999 0.036 0. 465.296 -0.036 0.999 0. 21.959 0. 0. 1. 0.
0.998 0.069 0. 466.583 -0.069 0.998 0. 21.800 0. 0. 1. 0.
0.994 0.110 0. 467.799 -0.110 0.994 0. 21.659 0. 0. 1. 0.
0.987 0.161 0. 468.916 -0.161 0.987 0. 21.464 0. 0. 1. 0.
0.975 0.224 0. 469.980 -0.224 0.975 0. 21.162 0. 0. 1. 0.
0.958 0.288 0. 470.978 -0.288 0.958 0. 20.839 0. 0. 1. 0.
0.934 0.357 0. 471.906 -0.357 0.934 0. 20.434 0. 0. 1. 0.
0.905 0.426 0. 472.756 -0.426 0.905 0. 19.917 0. 0. 1. 0.
0.868 0.496 0. 473.540 -0.496 0.868 0. 19.438 0. 0. 1. 0.
0.823 0.569 0. 474.269 -0.569 0.823 0. 18.851 0. 0. 1. 0.
0.766 0.643 0. 474.938 -0.643 0.766 0. 18.237 0. 0. 1. 0.
0.696 0.718 0. 475.535 -0.718 0.696 0. 17.521 0. 0. 1. 0.
0.606 0.795 0. 476.034 -0.795 0.606 0. 16.725 0. 0. 1. 0.
0.502 0.865 0. 476.414 -0.865 0.502 0. 15.844 0. 0. 1. 0.
0.381 0.925 0. 476.691 -0.925 0.381 0. 14.961 0. 0. 1. 0.
0.248 0.969 0. 476.877 -0.969 0.248 0. 14.017 0. 0. 1. 0.
0.106 0.994 0. 476.870 -0.994 0.106 0. 13.016 0. 0. 1. 0.
-0.041 0.999 0. 476.749 -0.999 -0.041 0. 12.001 0. 0. 1. 0.
-0.190 0.982 0. 476.434 -0.982 -0.190 0. 11.021 0. 0. 1. 0.
-0.337 0.942 0. 475.996 -0.942 -0.337 0. 10.003 0. 0. 1. 0.
-0.474 0.881 0. 475.370 -0.881 -0.474 0. 9.039 0. 0. 1. 0.
-0.598 0.801 0. 474.632 -0.801 -0.598 0. 8.205 0. 0. 1. 0.
-0.705 0.710 0. 473.718 -0.710 -0.705 0. 7.376 0. 0. 1. 0.
-0.789 0.614 0. 472.662 -0.614 -0.789 0. 6.666 0. 0. 1. 0.
-0.849 0.528 0. 471.514 -0.528 -0.849 0. 5.992 0. 0. 1. 0.
-0.880 0.475 0. 470.252 -0.475 -0.880 0. 5.358 0. 0. 1. 0.
-0.896 0.443 0. 468.987 -0.443 -0.896 0. 4.776 0. 0. 1. 0.
-0.900 0.435 0. 467.600 -0.435 -0.900 0. 4.147 0. 0. 1. 0.
-0.899 0.438 0. 466.210 -0.438 -0.899 0. 3.517 0. 0. 1. 0.
-0.897 0.442 0. 464.704 -0.442 -0.897 0. 2.821 0. 0. 1. 0.
-0.894 0.448 0. 463.145 -0.448 -0.894 0. 2.113 0. 0. 1. 0.
-0.893 0.449 0. 461.610 -0.449 -0.893 0. 1.305 0. 0. 1. 0.
-0.893 0.450 0. 459.952 -0.450 -0.893 0. 0.546 0. 0. 1. 0.
-0.894 0.449 0. 458.266 -0.449 -0.894 0. -0.221 0. 0. 1. 0.
-0.895 0.446 0. 456.534 -0.446 -0.895 0. -1.074 0. 0. 1. 0.
-0.896 0.444 0. 454.762 -0.444 -0.896 0. -1.938 0. 0. 1. 0.
-0.897 0.442 0. 452.873 -0.442 -0.897 0. -2.831 0. 0. 1. 0.
-0.898 0.440 0. 451.004 -0.440 -0.898 0. -3.724 0. 0. 1. 0.
-0.899 0.438 0. 449.015 -0.438 -0.899 0. -4.627 0. 0. 1. 0.
-0.900 0.437 0. 447.010 -0.437 -0.900 0. -5.572 0. 0. 1. 0.
-0.900 0.436 0. 445.006 -0.436 -0.900 0. -6.483 0. 0. 1. 0.
-0.902 0.432 0. 443.026 -0.432 -0.902 0. -7.431 0. 0. 1. 0.
-0.902 0.431 0. 441.058 -0.431 -0.902 0. -8.333 0. 0. 1. 0.
-0.902 0.431 0. 439.035 -0.431 -0.902 0. -9.242 0. 0. 1. 0.
-0.903 0.430 0. 437.077 -0.430 -0.903 0. -10.234 0. 0. 1. 0.
-0.903 0.429 0. 435.091 -0.429 -0.903 0. -11.172 0. 0. 1. 0.
-0.903 0.429 0. 433.033 -0.429 -0.903 0. -12.110 0. 0. 1. 0.
-0.904 0.428 0. 431.028 -0.428 -0.904 0. -13.071 0. 0. 1. 0.
-0.904 0.427 0. 429.020 -0.427 -0.904 0. -14.049 0. 0. 1. 0.
-0.905 0.425 0. 426.995 -0.425 -0.905 0. -14.995 0. 0. 1. 0.
-0.904 0.428 0. 424.997 -0.428 -0.904 0. -15.927 0. 0. 1. 0.
-0.903 0.429 0. 423.006 -0.429 -0.903 0. -16.859 0. 0. 1. 0.
-0.904 0.429 0. 421.098 -0.429 -0.904 0. -17.800 0. 0. 1. 0.
-0.904 0.427 0. 419.176 -0.427 -0.904 0. -18.694 0. 0. 1. 0.
-0.904 0.428 0. 417.251 -0.428 -0.904 0. -19.560 0. 0. 1. 0.
-0.904 0.427 0. 415.370 -0.427 -0.904 0. -20.484 0. 0. 1. 0.
-0.905 0.425 0. 413.500 -0.425 -0.905 0. -21.316 0. 0. 1. 0.
-0.907 0.421 0. 411.669 -0.421 -0.907 0. -22.212 0. 0. 1. 0.
-0.908 0.420 0. 409.866 -0.420 -0.908 0. -23.061 0. 0. 1. 0.
-0.909 0.418 0. 408.145 -0.418 -0.909 0. -23.828 0. 0. 1. 0.
-0.909 0.417 0. 406.522 -0.417 -0.909 0. -24.593 0. 0. 1. 0.
-0.910 0.415 0. 404.991 -0.415 -0.910 0. -25.298 0. 0. 1. 0.
-0.910 0.414 0. 403.526 -0.414 -0.910 0. -25.942 0. 0. 1. 0.
-0.910 0.414 0. 402.145 -0.414 -0.910 0. -26.531 0. 0. 1. 0.
-0.911 0.413 0. 400.857 -0.413 -0.911 0. -27.076 0. 0. 1. 0.
-0.911 0.412 0. 399.663 -0.412 -0.911 0. -27.604 0. 0. 1. 0.
-0.912 0.410 0. 398.571 -0.410 -0.912 0. -28.164 0. 0. 1. 0.
-0.912 0.411 0. 397.529 -0.411 -0.912 0. -28.604 0. 0. 1. 0.
-0.913 0.409 0. 396.525 -0.409 -0.913 0. -29.021 0. 0. 1. 0.
-0.913 0.409 0. 395.646 -0.409 -0.913 0. -29.452 0. 0. 1. 0.
-0.912 0.409 0. 394.799 -0.409 -0.912 0. -29.774 0. 0. 1. 0.
-0.912 0.409 0. 394.073 -0.409 -0.912 0. -30.122 0. 0. 1. 0.
-0.912 0.409 0. 393.402 -0.409 -0.912 0. -30.435 0. 0. 1. 0.
-0.912 0.410 0. 392.776 -0.410 -0.912 0. -30.737 0. 0. 1. 0.
-0.912 0.410 0. 392.197 -0.410 -0.912 0. -30.964 0. 0. 1. 0.
-0.911 0.412 0. 391.672 -0.412 -0.911 0. -31.162 0. 0. 1. 0.
-0.911 0.413 0. 391.255 -0.413 -0.911 0. -31.415 0. 0. 1. 0.
-0.910 0.414 0. 390.861 -0.414 -0.910 0. -31.532 0. 0. 1. 0.
-0.910 0.414 0. 390.576 -0.414 -0.910 0. -31.676 0. 0. 1. 0.
-0.910 0.415 0. 390.369 -0.415 -0.910 0. -31.778 0. 0. 1. 0.
-0.909 0.417 0. 390.170 -0.417 -0.909 0. -31.839 0. 0. 1. 0.
-0.909 0.417 0. 389.998 -0.417 -0.909 0. -31.896 0. 0. 1. 0.
-0.909 0.417 0. 389.814 -0.417 -0.909 0. -31.996 0. 0. 1. 0.
-0.908 0.418 0. 389.670 -0.418 -0.908 0. -32.080 0. 0. 1. 0.
-0.908 0.419 0. 389.510 -0.419 -0.908 0. -32.182 0. 0. 1. 0.
-0.908 0.418 0. 389.341 -0.418 -0.908 0. -32.232 0. 0. 1. 0.
-0.907 0.421 0. 389.197 -0.421 -0.907 0. -32.313 0. 0. 1. 0.
-0.907 0.422 0. 389.075 -0.422 -0.907 0. -32.349 0. 0. 1. 0.
-0.908 0.420 0. 388.914 -0.420 -0.908 0. -32.425 0. 0. 1. 0.
-0.907 0.421 0. 388.775 -0.421 -0.907 0. -32.484 0. 0. 1. 0.
-0.908 0.420 0. 388.627 -0.420 -0.908 0. -32.573 0. 0. 1. 0.
-0.907 0.420 0. 388.435 -0.420 -0.907 0. -32.635 0. 0. 1. 0.
-0.908 0.419 0. 388.166 -0.419 -0.908 0. -32.739 0. 0. 1. 0.
-0.907 0.421 0. 387.911 -0.421 -0.907 0. -32.883 0. 0. 1. 0.
-0.908 0.420 0. 387.565 -0.420 -0.908 0. -33.038 0. 0. 1. 0.
-0.908 0.418 0. 387.143 -0.418 -0.908 0. -33.227 0. 0. 1. 0.
-0.909 0.417 0. 386.717 -0.417 -0.909 0. -33.407 0. 0. 1. 0.
-0.910 0.415 0. 386.188 -0.415 -0.910 0. -33.622 0. 0. 1. 0.
-0.910 0.414 0. 385.588 -0.414 -0.910 0. -33.859 0. 0. 1. 0.
-0.910 0.414 0. 384.915 -0.414 -0.910 0. -34.192 0. 0. 1. 0.
-0.911 0.412 0. 384.201 -0.412 -0.911 0. -34.545 0. 0. 1. 0.
-0.912 0.410 0. 383.394 -0.410 -0.912 0. -34.900 0. 0. 1. 0.
-0.912 0.410 0. 382.530 -0.410 -0.912 0. -35.291 0. 0. 1. 0.
-0.912 0.411 0. 381.597 -0.411 -0.912 0. -35.651 0. 0. 1. 0.
-0.912 0.410 0. 380.627 -0.410 -0.912 0. -36.141 0. 0. 1. 0.
-0.912 0.411 0. 379.574 -0.411 -0.912 0. -36.552 0. 0. 1. 0.
-0.912 0.410 0. 378.504 -0.410 -0.912 0. -37.035 0. 0. 1. 0.
-0.912 0.410 0. 377.314 -0.410 -0.912 0. -37.502 0. 0. 1. 0.
-0.912 0.411 0. 376.118 -0.411 -0.912 0. -38.046 0. 0. 1. 0.
-0.912 0.410 0. 374.921 -0.410 -0.912 0. -38.656 0. 0. 1. 0.
-0.913 0.409 0. 373.630 -0.409 -0.913 0. -39.102 0. 0. 1. 0.
-0.912 0.409 0. 372.334 -0.409 -0.912 0. -39.672 0. 0. 1. 0.
-0.912 0.409 0. 370.955 -0.409 -0.912 0. -40.253 0. 0. 1. 0.
-0.914 0.407 0. 369.620 -0.407 -0.914 0. -40.872 0. 0. 1. 0.
-0.914 0.405 0. 368.235 -0.405 -0.914 0. -41.469 0. 0. 1. 0.
-0.915 0.404 0. 366.821 -0.404 -0.915 0. -42.080 0. 0. 1. 0.
-0.917 0.399 0. 365.399 -0.399 -0.917 0. -42.697 0. 0. 1. 0.
-0.920 0.393 0. 363.956 -0.393 -0.920 0. -43.273 0. 0. 1. 0.
-0.923 0.384 0. 362.477 -0.384 -0.923 0. -43.879 0. 0. 1. 0.
-0.927 0.376 0. 360.956 -0.376 -0.927 0. -44.476 0. 0. 1. 0.
-0.932 0.362 0. 359.333 -0.362 -0.932 0. -45.115 0. 0. 1. 0.
-0.941 0.337 0. 357.639 -0.337 -0.941 0. -45.731 0. 0. 1. 0.
-0.949 0.314 0. 355.848 -0.314 -0.949 0. -46.231 0. 0. 1. 0.
-0.955 0.295 0. 354.035 -0.295 -0.955 0. -46.755 0. 0. 1. 0.
-0.959 0.284 0. 352.141 -0.284 -0.959 0. -47.286 0. 0. 1. 0.
-0.961 0.275 0. 350.206 -0.275 -0.961 0. -47.805 0. 0. 1. 0.
-0.963 0.270 0. 348.241 -0.270 -0.963 0. -48.386 0. 0. 1. 0.
-0.964 0.265 0. 346.178 -0.265 -0.964 0. -48.928 0. 0. 1. 0.
-0.966 0.257 0. 344.078 -0.257 -0.966 0. -49.432 0. 0. 1. 0.
-0.967 0.254 0. 341.946 -0.254 -0.967 0. -49.991 0. 0. 1. 0.
-0.968 0.250 0. 339.798 -0.250 -0.968 0. -50.545 0. 0. 1. 0.
-0.968 0.249 0. 337.652 -0.249 -0.968 0. -51.063 0. 0. 1. 0.
-0.968 0.251 0. 335.576 -0.251 -0.968 0. -51.581 0. 0. 1. 0.
-0.967 0.256 0. 333.551 -0.256 -0.967 0. -52.093 0. 0. 1. 0.
-0.966 0.260 0. 331.530 -0.260 -0.966 0. -52.652 0. 0. 1. 0.
-0.963 0.270 0. 329.533 -0.270 -0.963 0. -53.164 0. 0. 1. 0.
-0.960 0.278 0. 327.554 -0.278 -0.960 0. -53.733 0. 0. 1. 0.
-0.957 0.289 0. 325.581 -0.289 -0.957 0. -54.339 0. 0. 1. 0.
-0.955 0.296 0. 323.591 -0.296 -0.955 0. -54.905 0. 0. 1. 0.
-0.953 0.303 0. 321.629 -0.303 -0.953 0. -55.509 0. 0. 1. 0.
-0.949 0.315 0. 319.653 -0.315 -0.949 0. -56.157 0. 0. 1. 0.
-0.946 0.323 0. 317.663 -0.323 -0.946 0. -56.813 0. 0. 1. 0.
-0.943 0.332 0. 315.688 -0.332 -0.943 0. -57.469 0. 0. 1. 0.
-0.940 0.341 0. 313.753 -0.341 -0.940 0. -58.202 0. 0. 1. 0.
-0.937 0.349 0. 311.791 -0.349 -0.937 0. -58.912 0. 0. 1. 0.
-0.935 0.354 0. 309.844 -0.354 -0.935 0. -59.656 0. 0. 1. 0.
-0.934 0.356 0. 307.868 -0.356 -0.934 0. -60.401 0. 0. 1. 0.
-0.934 0.356 0. 305.897 -0.356 -0.934 0. -61.160 0. 0. 1. 0.
-0.935 0.355 0. 303.883 -0.355 -0.935 0. -61.909 0. 0. 1. 0.
-0.935 0.353 0. 301.869 -0.353 -0.935 0. -62.654 0. 0. 1. 0.
-0.936 0.352 0. 299.795 -0.352 -0.936 0. -63.377 0. 0. 1. 0.
-0.935 0.355 0. 297.743 -0.355 -0.935 0. -64.107 0. 0. 1. 0.
-0.936 0.353 0. 295.680 -0.353 -0.936 0. -64.835 0. 0. 1. 0.
-0.935 0.354 0. 293.568 -0.354 -0.935 0. -65.599 0. 0. 1. 0.
-0.935 0.356 0. 291.519 -0.356 -0.935 0. -66.337 0. 0. 1. 0.
-0.934 0.357 0. 289.413 -0.357 -0.934 0. -67.100 0. 0. 1. 0.
-0.936 0.353 0. 287.292 -0.353 -0.936 0. -67.881 0. 0. 1. 0.
-0.937 0.349 0. 285.185 -0.349 -0.937 0. -68.683 0. 0. 1. 0.
-0.938 0.347 0. 283.071 -0.347 -0.938 0. -69.463 0. 0. 1. 0.
-0.939 0.344 0. 280.926 -0.344 -0.939 0. -70.162 0. 0. 1. 0.
-0.941 0.337 0. 278.786 -0.337 -0.941 0. -70.928 0. 0. 1. 0.
-0.942 0.335 0. 276.636 -0.335 -0.942 0. -71.680 0. 0. 1. 0.
-0.942 0.336 0. 274.474 -0.336 -0.942 0. -72.439 0. 0. 1. 0.
-0.940 0.340 0. 272.296 -0.340 -0.940 0. -73.173 0. 0. 1. 0.
-0.939 0.343 0. 270.080 -0.343 -0.939 0. -73.930 0. 0. 1. 0.
-0.938 0.348 0. 267.880 -0.348 -0.938 0. -74.682 0. 0. 1. 0.
-0.936 0.352 0. 265.694 -0.352 -0.936 0. -75.493 0. 0. 1. 0.
-0.934 0.357 0. 263.525 -0.357 -0.934 0. -76.249 0. 0. 1. 0.
-0.934 0.358 0. 261.419 -0.358 -0.934 0. -77.081 0. 0. 1. 0.
-0.931 0.364 0. 259.256 -0.364 -0.931 0. -77.857 0. 0. 1. 0.
-0.929 0.371 0. 257.121 -0.371 -0.929 0. -78.674 0. 0. 1. 0.
-0.928 0.374 0. 255.023 -0.374 -0.928 0. -79.508 0. 0. 1. 0.
-0.926 0.379 0. 252.874 -0.379 -0.926 0. -80.378 0. 0. 1. 0.
-0.926 0.379 0. 250.757 -0.379 -0.926 0. -81.275 0. 0. 1. 0.
-0.925 0.380 0. 248.637 -0.380 -0.925 0. -82.109 0. 0. 1. 0.
-0.926 0.378 0. 246.472 -0.378 -0.926 0. -82.935 0. 0. 1. 0.
-0.926 0.379 0. 244.311 -0.379 -0.926 0. -83.817 0. 0. 1. 0.
-0.925 0.380 0. 242.199 -0.380 -0.925 0. -84.725 0. 0. 1. 0.
-0.924 0.382 0. 240.043 -0.382 -0.924 0. -85.606 0. 0. 1. 0.
-0.924 0.383 0. 237.888 -0.383 -0.924 0. -86.525 0. 0. 1. 0.
-0.924 0.383 0. 235.744 -0.383 -0.924 0. -87.366 0. 0. 1. 0.
-0.924 0.383 0. 233.542 -0.383 -0.924 0. -88.207 0. 0. 1. 0.
-0.923 0.384 0. 231.403 -0.384 -0.923 0. -89.085 0. 0. 1. 0.
-0.924 0.381 0. 229.186 -0.381 -0.924 0. -89.937 0. 0. 1. 0.
-0.926 0.378 0. 226.982 -0.378 -0.926 0. -90.823 0. 0. 1. 0.
-0.927 0.376 0. 224.812 -0.376 -0.927 0. -91.745 0. 0. 1. 0.
-0.928 0.373 0. 222.631 -0.373 -0.928 0. -92.639 0. 0. 1. 0.
-0.929 0.371 0. 220.409 -0.371 -0.929 0. -93.431 0. 0. 1. 0.
-0.929 0.369 0. 218.205 -0.369 -0.929 0. -94.362 0. 0. 1. 0.
-0.930 0.368 0. 215.983 -0.368 -0.930 0. -95.208 0. 0. 1. 0.
-0.931 0.365 0. 213.767 -0.365 -0.931 0. -96.123 0. 0. 1. 0.
-0.931 0.364 0. 211.475 -0.364 -0.931 0. -96.956 0. 0. 1. 0.
-0.932 0.361 0. 209.292 -0.361 -0.932 0. -97.760 0. 0. 1. 0.
-0.933 0.360 0. 206.932 -0.360 -0.933 0. -98.579 0. 0. 1. 0.
-0.934 0.357 0. 204.695 -0.357 -0.934 0. -99.472 0. 0. 1. 0.
-0.933 0.359 0. 202.341 -0.359 -0.933 0. -100.262 0. 0. 1. 0.
-0.935 0.354 0. 200.070 -0.354 -0.935 0. -101.160 0. 0. 1. 0.
-0.936 0.351 0. 197.825 -0.351 -0.936 0. -102.049 0. 0. 1. 0.
-0.937 0.351 0. 195.575 -0.351 -0.937 0. -102.778 0. 0. 1. 0.
-0.937 0.349 0. 193.397 -0.349 -0.937 0. -103.609 0. 0. 1. 0.
-0.938 0.347 0. 191.148 -0.347 -0.938 0. -104.362 0. 0. 1. 0.
-0.939 0.344 0. 188.995 -0.344 -0.939 0. -105.240 0. 0. 1. 0.
-0.938 0.345 0. 186.854 -0.345 -0.938 0. -106.075 0. 0. 1. 0.
-0.937 0.349 0. 184.699 -0.349 -0.937 0. -106.821 0. 0. 1. 0.
-0.937 0.349 0. 182.509 -0.349 -0.937 0. -107.563 0. 0. 1. 0.
-0.937 0.350 0. 180.349 -0.350 -0.937 0. -108.304 0. 0. 1. 0.
-0.936 0.351 0. 178.251 -0.351 -0.936 0. -109.145 0. 0. 1. 0.
-0.935 0.354 0. 176.125 -0.354 -0.935 0. -109.907 0. 0. 1. 0.
-0.932 0.362 0. 174.088 -0.362 -0.932 0. -110.621 0. 0. 1. 0.
-0.929 0.371 0. 172.074 -0.371 -0.929 0. -111.338 0. 0. 1. 0.
-0.925 0.380 0. 170.130 -0.380 -0.925 0. -112.148 0. 0. 1. 0.
-0.921 0.388 0. 168.233 -0.388 -0.921 0. -112.941 0. 0. 1. 0.
-0.918 0.396 0. 166.349 -0.396 -0.918 0. -113.744 0. 0. 1. 0.
-0.915 0.403 0. 164.502 -0.403 -0.915 0. -114.492 0. 0. 1. 0.
-0.914 0.406 0. 162.723 -0.406 -0.914 0. -115.298 0. 0. 1. 0.
-0.914 0.406 0. 160.931 -0.406 -0.914 0. -116.055 0. 0. 1. 0.
-0.914 0.405 0. 159.201 -0.405 -0.914 0. -116.860 0. 0. 1. 0.
-0.913 0.407 0. 157.463 -0.407 -0.913 0. -117.596 0. 0. 1. 0.
-0.914 0.407 0. 155.790 -0.407 -0.914 0. -118.343 0. 0. 1. 0.
-0.915 0.403 0. 154.135 -0.403 -0.915 0. -119.112 0. 0. 1. 0.
-0.919 0.394 0. 152.457 -0.394 -0.919 0. -119.847 0. 0. 1. 0.
-0.925 0.379 0. 150.747 -0.379 -0.925 0. -120.544 0. 0. 1. 0.
-0.931 0.365 0. 149.049 -0.365 -0.931 0. -121.159 0. 0. 1. 0.
-0.938 0.347 0. 147.386 -0.347 -0.938 0. -121.804 0. 0. 1. 0.
-0.943 0.333 0. 145.723 -0.333 -0.943 0. -122.327 0. 0. 1. 0.
-0.949 0.315 0. 144.081 -0.315 -0.949 0. -122.890 0. 0. 1. 0.
-0.954 0.299 0. 142.450 -0.299 -0.954 0. -123.320 0. 0. 1. 0.
-0.957 0.291 0. 140.976 -0.291 -0.957 0. -123.815 0. 0. 1. 0.
-0.959 0.284 0. 139.522 -0.284 -0.959 0. -124.176 0. 0. 1. 0.
-0.958 0.285 0. 138.145 -0.285 -0.958 0. -124.564 0. 0. 1. 0.
-0.958 0.287 0. 136.852 -0.287 -0.958 0. -124.949 0. 0. 1. 0.
-0.958 0.287 0. 135.613 -0.287 -0.958 0. -125.378 0. 0. 1. 0.
-0.957 0.289 0. 134.335 -0.289 -0.957 0. -125.724 0. 0. 1. 0.
-0.956 0.293 0. 133.135 -0.293 -0.956 0. -126.061 0. 0. 1. 0.
-0.954 0.299 0. 131.987 -0.299 -0.954 0. -126.500 0. 0. 1. 0.
-0.953 0.302 0. 130.739 -0.302 -0.953 0. -126.786 0. 0. 1. 0.
-0.951 0.308 0. 129.591 -0.308 -0.951 0. -127.230 0. 0. 1. 0.
-0.949 0.316 0. 128.365 -0.316 -0.949 0. -127.524 0. 0. 1. 0.
-0.947 0.320 0. 127.266 -0.320 -0.947 0. -127.929 0. 0. 1. 0.
-0.946 0.324 0. 126.133 -0.324 -0.946 0. -128.248 0. 0. 1. 0.
-0.945 0.326 0. 125.111 -0.326 -0.945 0. -128.643 0. 0. 1. 0.
-0.944 0.330 0. 124.045 -0.330 -0.944 0. -129.001 0. 0. 1. 0.
-0.943 0.332 0. 123.036 -0.332 -0.943 0. -129.349 0. 0. 1. 0.
-0.944 0.329 0. 122.079 -0.329 -0.944 0. -129.669 0. 0. 1. 0.
-0.945 0.328 0. 121.131 -0.328 -0.945 0. -129.954 0. 0. 1. 0.
-0.946 0.325 0. 120.284 -0.325 -0.946 0. -130.203 0. 0. 1. 0.
-0.946 0.325 0. 119.497 -0.325 -0.946 0. -130.389 0. 0. 1. 0.
-0.947 0.322 0. 118.848 -0.322 -0.947 0. -130.699 0. 0. 1. 0.
-0.947 0.320 0. 118.162 -0.320 -0.947 0. -130.891 0. 0. 1. 0.
-0.948 0.319 0. 117.556 -0.319 -0.948 0. -131.142 0. 0. 1. 0.
-0.949 0.315 0. 116.952 -0.315 -0.949 0. -131.313 0. 0. 1. 0.
-0.951 0.310 0. 116.406 -0.310 -0.951 0. -131.484 0. 0. 1. 0.
-0.951 0.308 0. 115.951 -0.308 -0.951 0. -131.637 0. 0. 1. 0.
-0.953 0.303 0. 115.539 -0.303 -0.953 0. -131.820 0. 0. 1. 0.
-0.954 0.301 0. 115.152 -0.301 -0.954 0. -131.900 0. 0. 1. 0.
-0.953 0.302 0. 114.820 -0.302 -0.953 0. -131.935 0. 0. 1. 0.
-0.953 0.302 0. 114.619 -0.302 -0.953 0. -132.047 0. 0. 1. 0.
-0.954 0.301 0. 114.428 -0.301 -0.954 0. -132.096 0. 0. 1. 0.
-0.954 0.301 0. 114.287 -0.301 -0.954 0. -132.175 0. 0. 1. 0.
-0.953 0.302 0. 114.195 -0.302 -0.953 0. -132.163 0. 0. 1. 0.
-0.954 0.299 0. 114.144 -0.299 -0.954 0. -132.191 0. 0. 1. 0.
-0.954 0.299 0. 114.124 -0.299 -0.954 0. -132.156 0. 0. 1. 0.
-0.954 0.300 0. 114.102 -0.300 -0.954 0. -132.166 0. 0. 1. 0.
-0.954 0.300 0. 114.112 -0.300 -0.954 0. -132.165 0. 0. 1. 0.
-0.954 0.300 0. 114.114 -0.300 -0.954 0. -132.148 0. 0. 1. 0.
-0.954 0.300 0. 114.102 -0.300 -0.954 0. -132.168 0. 0. 1. 0.
-0.954 0.301 0. 114.106 -0.301 -0.954 0. -132.154 0. 0. 1. 0.
-0.954 0.301 0. 114.113 -0.301 -0.954 0. -132.156 0. 0. 1. 0.
-0.954 0.301 0. 114.105 -0.301 -0.954 0. -132.166 0. 0. 1. 0.
-0.955 0.298 0. 114.112 -0.298 -0.955 0. -132.166 0. 0. 1. 0.
-0.954 0.299 0. 114.118 -0.299 -0.954 0. -132.155 0. 0. 1. 0.
-0.954 0.300 0. 114.129 -0.300 -0.954 0. -132.185 0. 0. 1. 0.
-0.954 0.300 0. 114.122 -0.300 -0.954 0. -132.195 0. 0. 1. 0.
-0.954 0.300 0. 114.122 -0.300 -0.954 0. -132.193 0. 0. 1. 0.
-0.954 0.301 0. 114.125 -0.301 -0.954 0. -132.188 0. 0. 1. 0.
-0.954 0.301 0. 114.122 -0.301 -0.954 0. -132.156 0. 0. 1. 0.
-0.954 0.301 0. 114.108 -0.301 -0.954 0. -132.198 0. 0. 1. 0.
-0.954 0.301 0. 114.092 -0.301 -0.954 0. -132.180 0. 0. 1. 0.
-0.954 0.298 0. 114.120 -0.298 -0.954 0. -132.166 0. 0. 1. 0.
-0.954 0.301 0. 114.117 -0.301 -0.954 0. -132.182 0. 0. 1. 0.
-0.954 0.301 0. 114.118 -0.301 -0.954 0. -132.195 0. 0. 1. 0.
-0.954 0.301 0. 114.108 -0.301 -0.954 0. -132.199 0. 0. 1. 0.
-0.954 0.301 0. 114.104 -0.301 -0.954 0. -132.196 0. 0. 1. 0.
-0.955 0.298 0. 114.114 -0.298 -0.955 0. -132.178 0. 0. 1. 0.
-0.954 0.300 0. 114.102 -0.300 -0.954 0. -132.140 0. 0. 1. 0.
-0.953 0.302 0. 114.117 -0.302 -0.953 0. -132.172 0. 0. 1. 0.
-0.954 0.300 0. 114.115 -0.300 -0.954 0. -132.196 0. 0. 1. 0.
-0.954 0.300 0. 114.113 -0.300 -0.954 0. -132.154 0. 0. 1. 0.
-0.954 0.299 0. 114.116 -0.299 -0.954 0. -132.177 0. 0. 1. 0.
-0.954 0.300 0. 114.109 -0.300 -0.954 0. -132.157 0. 0. 1. 0.
-0.954 0.301 0. 114.105 -0.301 -0.954 0. -132.199 0. 0. 1. 0.
-0.954 0.300 0. 114.112 -0.300 -0.954 0. -132.175 0. 0. 1. 0.
-0.954 0.301 0. 114.116 -0.301 -0.954 0. -132.172 0. 0. 1. 0.
-0.954 0.301 0. 114.107 -0.301 -0.954 0. -132.157 0. 0. 1. 0.
-0.954 0.300 0. 114.113 -0.300 -0.954 0. -132.148 0. 0. 1. 0.
-0.954 0.300 0. 114.123 -0.300 -0.954 0. -132.154 0. 0. 1. 0.
-0.954 0.300 0. 114.112 -0.300 -0.954 0. -132.144 0. 0. 1. 0.
-0.954 0.301 0. 114.102 -0.301 -0.954 0. -132.138 0. 0. 1. 0.
-0.954 0.299 0. 114.113 -0.299 -0.954 0. -132.172 0. 0. 1. 0.
-0.954 0.300 0. 114.099 -0.300 -0.954 0. -132.145 0. 0. 1. 0.
-0.954 0.299 0. 114.128 -0.299 -0.954 0. -132.168 0. 0. 1. 0.
-0.954 0.301 0. 114.101 -0.301 -0.954 0. -132.154 0. 0. 1. 0.
-0.954 0.298 0. 114.116 -0.298 -0.954 0. -132.166 0. 0. 1. 0.
-0.954 0.300 0. 114.123 -0.300 -0.954 0. -132.186 0. 0. 1. 0.
-0.954 0.301 0. 114.116 -0.301 -0.954 0. -132.205 0. 0. 1. 0.
-0.953 0.302 0. 114.112 -0.302 -0.953 0. -132.203 0. 0. 1. 0.
-0.954 0.301 0. 114.110 -0.301 -0.954 0. -132.198 0. 0. 1. 0.
-0.954 0.301 0. 114.111 -0.301 -0.954 0. -132.176 0. 0. 1. 0.
-0.954 0.299 0. 114.122 -0.299 -0.954 0. -132.170 0. 0. 1. 0.
-0.954 0.300 0. 114.106 -0.300 -0.954 0. -132.147 0. 0. 1. 0.
-0.954 0.300 0. 114.114 -0.300 -0.954 0. -132.168 0. 0. 1. 0.
-0.954 0.301 0. 114.111 -0.301 -0.954 0. -132.201 0. 0. 1. 0.
-0.953 0.302 0. 114.096 -0.302 -0.953 0. -132.213 0. 0. 1. 0.
-0.953 0.302 0. 114.113 -0.302 -0.953 0. -132.226 0. 0. 1. 0.
-0.954 0.301 0. 114.099 -0.301 -0.954 0. -132.212 0. 0. 1. 0.
-0.954 0.301 0. 114.102 -0.301 -0.954 0. -132.213 0. 0. 1. 0.
-0.953 0.302 0. 114.086 -0.302 -0.953 0. -132.230 0. 0. 1. 0.
-0.953 0.302 0. 114.089 -0.302 -0.953 0. -132.219 0. 0. 1. 0.
-0.953 0.302 0. 114.087 -0.302 -0.953 0. -132.221 0. 0. 1. 0.
-0.954 0.301 0. 114.086 -0.301 -0.954 0. -132.218 0. 0. 1. 0.
-0.953 0.302 0. 114.095 -0.302 -0.953 0. -132.219 0. 0. 1. 0.
-0.954 0.301 0. 114.089 -0.301 -0.954 0. -132.219 0. 0. 1. 0.
-0.954 0.301 0. 114.096 -0.301 -0.954 0. -132.207 0. 0. 1. 0.
-0.953 0.302 0. 114.097 -0.302 -0.953 0. -132.216 0. 0. 1. 0.
-0.953 0.302 0. 114.093 -0.302 -0.953 0. -132.221 0. 0. 1. 0.
-0.953 0.301 0. 114.096 -0.301 -0.953 0. -132.221 0. 0. 1. 0.
-0.953 0.302 0. 114.096 -0.302 -0.953 0. -132.231 0. 0. 1. 0.
-0.953 0.302 0. 114.099 -0.302 -0.953 0. -132.232 0. 0. 1. 0.
-0.954 0.301 0. 114.095 -0.301 -0.954 0. -132.214 0. 0. 1. 0.
-0.954 0.301 0. 114.096 -0.301 -0.954 0. -132.217 0. 0. 1. 0.
-0.953 0.302 0. 114.093 -0.302 -0.953 0. -132.228 0. 0. 1. 0.
-0.953 0.302 0. 114.094 -0.302 -0.953 0. -132.225 0. 0. 1. 0.
-0.954 0.301 0. 114.095 -0.301 -0.954 0. -132.223 0. 0. 1. 0.
-0.954 0.301 0. 114.096 -0.301 -0.954 0. -132.216 0. 0. 1. 0.
-0.953 0.301 0. 114.091 -0.301 -0.953 0. -132.214 0. 0. 1. 0.
-0.953 0.302 0. 114.095 -0.302 -0.953 0. -132.221 0. 0. 1. 0.
-0.953 0.301 0. 114.102 -0.301 -0.953 0. -132.225 0. 0. 1. 0.
-0.954 0.301 0. 114.096 -0.301 -0.954 0. -132.224 0. 0. 1. 0.
-0.954 0.301 0. 114.097 -0.301 -0.954 0. -132.212 0. 0. 1. 0.
-0.954 0.301 0. 114.095 -0.301 -0.954 0. -132.199 0. 0. 1. 0.
-0.953 0.302 0. 114.101 -0.302 -0.953 0. -132.210 0. 0. 1. 0.
-0.954 0.301 0. 114.093 -0.301 -0.954 0. -132.210 0. 0. 1. 0.
-0.954 0.301 0. 114.093 -0.301 -0.954 0. -132.207 0. 0. 1. 0.
-0.954 0.301 0. 114.098 -0.301 -0.954 0. -132.209 0. 0. 1. 0.
-0.954 0.301 0. 114.103 -0.301 -0.954 0. -132.210 0. 0. 1. 0.
-0.953 0.301 0. 114.097 -0.301 -0.953 0. -132.203 0. 0. 1. 0.
-0.953 0.302 0. 114.099 -0.302 -0.953 0. -132.211 0. 0. 1. 0.
