1606417097528151 0.97993 0.19934 0.00000 0.00759 0.19934 -0.97993 0.00000 -0.00925 0.00000 0.00000 -1.00000 0.00000
1606417097778155 0.97993 0.19936 0.00000 0.00756 0.19936 -0.97993 0.00000 -0.00925 0.00000 0.00000 -1.00000 0.00000
1606417098028163 0.97992 0.19938 0.00000 0.00757 0.19938 -0.97992 0.00000 -0.00924 0.00000 0.00000 -1.00000 0.00000
1606417098278165 0.97992 0.19938 0.00000 0.00758 0.19938 -0.97992 0.00000 -0.00925 0.00000 0.00000 -1.00000 0.00000
1606417098528170 0.97993 0.19934 0.00000 0.00757 0.19934 -0.97993 0.00000 -0.00925 0.00000 0.00000 -1.00000 0.00000
1606417098778172 0.97993 0.19935 0.00000 0.00754 0.19935 -0.97993 0.00000 -0.00926 0.00000 0.00000 -1.00000 0.00000
1606417099028175 0.97993 0.19935 0.00000 0.00756 0.19935 -0.97993 0.00000 -0.00923 0.00000 0.00000 -1.00000 0.00000
1606417099278172 0.97993 0.19935 0.00000 0.00758 0.19935 -0.97993 0.00000 -0.00925 0.00000 0.00000 -1.00000 0.00000
1606417099528182 0.97994 0.19930 0.00000 0.00755 0.19930 -0.97994 0.00000 -0.00925 0.00000 0.00000 -1.00000 0.00000
1606417099778184 0.97994 0.19930 0.00000 0.00755 0.19930 -0.97994 0.00000 -0.00925 0.00000 0.00000 -1.00000 0.00000
1606417100028811 0.97994 0.19931 0.00000 0.00757 0.19931 -0.97994 0.00000 -0.00926 0.00000 0.00000 -1.00000 0.00000
1606417100278814 0.97994 0.19930 0.00000 0.00760 0.19930 -0.97994 0.00000 -0.00926 0.00000 0.00000 -1.00000 0.00000
1606417100529448 0.97993 0.19932 0.00000 0.00758 0.19932 -0.97993 0.00000 -0.00923 0.00000 0.00000 -1.00000 0.00000
1606417100779458 0.97994 0.19927 0.00000 0.00758 0.19927 -0.97994 0.00000 -0.00930 0.00000 0.00000 -1.00000 0.00000
1606417101028822 0.97994 0.19928 0.00000 0.00757 0.19928 -0.97994 0.00000 -0.00925 0.00000 0.00000 -1.00000 0.00000
1606417101278829 0.97994 0.19929 0.00000 0.00758 0.19929 -0.97994 0.00000 -0.00929 0.00000 0.00000 -1.00000 0.00000
1606417101528831 0.97995 0.19922 0.00000 0.00753 0.19922 -0.97995 0.00000 -0.00921 0.00000 0.00000 -1.00000 0.00000
1606417101778837 0.97995 0.19927 0.00000 0.00757 0.19927 -0.97995 0.00000 -0.00932 0.00000 0.00000 -1.00000 0.00000
1606417102028836 0.97994 0.19927 0.00000 0.00758 0.19927 -0.97994 0.00000 -0.00921 0.00000 0.00000 -1.00000 0.00000
1606417102278841 0.97994 0.19927 0.00000 0.00759 0.19927 -0.97994 0.00000 -0.00926 0.00000 0.00000 -1.00000 0.00000
1606417102528845 0.97995 0.19927 0.00000 0.00761 0.19927 -0.97995 0.00000 -0.00927 0.00000 0.00000 -1.00000 0.00000
1606417102778846 0.97994 0.19929 0.00000 0.00770 0.19929 -0.97994 0.00000 -0.00918 0.00000 0.00000 -1.00000 0.00000
1606417103028234 0.97993 0.19932 0.00000 0.00798 0.19932 -0.97993 0.00000 -0.00966 0.00000 0.00000 -1.00000 0.00000
1606417103278861 0.97996 0.19918 0.00000 -0.00034 0.19918 -0.97996 0.00000 -0.01035 0.00000 0.00000 -1.00000 0.00000
1606417103528239 0.97995 0.19926 0.00000 -0.03776 0.19926 -0.97995 0.00000 -0.01156 0.00000 0.00000 -1.00000 0.00000
1606417103778867 0.98013 0.19837 0.00000 -0.08961 0.19837 -0.98013 0.00000 -0.01330 0.00000 0.00000 -1.00000 0.00000
1606417104028251 0.98064 0.19582 0.00000 -0.17366 0.19582 -0.98064 0.00000 -0.01622 0.00000 0.00000 -1.00000 0.00000
1606417104278290 0.98133 0.19231 0.00000 -0.31219 0.19231 -0.98133 0.00000 -0.01640 0.00000 0.00000 -1.00000 0.00000
1606417104528251 0.98242 0.18667 0.00000 -0.52610 0.18667 -0.98242 0.00000 -0.01847 0.00000 0.00000 -1.00000 0.00000
1606417104778254 0.98399 0.17824 0.00000 -0.82188 0.17824 -0.98399 0.00000 -0.02099 0.00000 0.00000 -1.00000 0.00000
1606417105027635 0.98587 0.16752 0.00000 -1.19983 0.16752 -0.98587 0.00000 -0.01740 0.00000 0.00000 -1.00000 0.00000
1606417105277633 0.98789 0.15513 0.00000 -1.65721 0.15513 -0.98789 0.00000 -0.02035 0.00000 0.00000 -1.00000 0.00000
1606417105528268 0.98958 0.14398 0.00000 -2.19421 0.14398 -0.98958 0.00000 -0.01308 0.00000 0.00000 -1.00000 0.00000
1606417105778266 0.99091 0.13451 0.00000 -2.80110 0.13451 -0.99091 0.00000 0.00077 0.00000 0.00000 -1.00000 0.00000
1606417106028897 0.99209 0.12550 0.00000 -3.49706 0.12550 -0.99209 0.00000 0.02265 0.00000 0.00000 -1.00000 0.00000
1606417106278898 0.99308 0.11746 0.00000 -4.26791 0.11746 -0.99308 0.00000 0.04849 0.00000 0.00000 -1.00000 0.00000
1606417106529195 0.99410 0.10845 0.00000 -5.11063 0.10845 -0.99410 0.00000 0.07536 0.00000 0.00000 -1.00000 0.00000
1606417106778912 0.99483 0.10155 0.00000 -6.02486 0.10155 -0.99483 0.00000 0.10296 0.00000 0.00000 -1.00000 0.00000
1606417107028912 0.99527 0.09715 0.00000 -6.99688 0.09715 -0.99527 0.00000 0.11294 0.00000 0.00000 -1.00000 0.00000
1606417107278292 0.99539 0.09594 0.00000 -8.02038 0.09594 -0.99539 0.00000 0.11722 0.00000 0.00000 -1.00000 0.00000
1606417107528290 0.99515 0.09834 0.00000 -9.07427 0.09834 -0.99515 0.00000 0.07037 0.00000 0.00000 -1.00000 0.00000
1606417107778301 0.99484 0.10144 0.00000 -10.15387 0.10144 -0.99484 0.00000 0.02393 0.00000 0.00000 -1.00000 0.00000
1606417108028300 0.99428 0.10679 0.00000 -11.27954 0.10679 -0.99428 0.00000 -0.05399 0.00000 0.00000 -1.00000 0.00000
1606417108278306 0.99362 0.11277 0.00000 -12.46419 0.11277 -0.99362 0.00000 -0.14622 0.00000 0.00000 -1.00000 0.00000
1606417108528306 0.99283 0.11956 0.00000 -13.66524 0.11956 -0.99283 0.00000 -0.24480 0.00000 0.00000 -1.00000 0.00000
1606417108778321 0.99195 0.12665 0.00000 -14.89549 0.12665 -0.99195 0.00000 -0.37295 0.00000 0.00000 -1.00000 0.00000
1606417109028320 0.99126 0.13193 0.00000 -16.22391 0.13193 -0.99126 0.00000 -0.46595 0.00000 0.00000 -1.00000 0.00000
1606417109278939 0.99068 0.13622 0.00000 -17.61986 0.13622 -0.99068 0.00000 -0.56403 0.00000 0.00000 -1.00000 0.00000
1606417109528326 0.99007 0.14055 0.00000 -19.03883 0.14055 -0.99007 0.00000 -0.67299 0.00000 0.00000 -1.00000 0.00000
1606417109778954 0.98946 0.14481 0.00000 -20.50899 0.14481 -0.98946 0.00000 -0.78260 0.00000 0.00000 -1.00000 0.00000
1606417110028333 0.98831 0.15244 0.00000 -22.00097 0.15244 -0.98831 0.00000 -0.98282 0.00000 0.00000 -1.00000 0.00000
1606417110278336 0.98635 0.16464 0.00000 -23.51993 0.16464 -0.98635 0.00000 -1.28343 0.00000 0.00000 -1.00000 0.00000
1606417110528337 0.98432 0.17639 0.00000 -25.06914 0.17639 -0.98432 0.00000 -1.59964 0.00000 0.00000 -1.00000 0.00000
1606417110778342 0.98227 0.18745 0.00000 -26.66149 0.18745 -0.98227 0.00000 -1.91576 0.00000 0.00000 -1.00000 0.00000
1606417111028973 0.98037 0.19718 0.00000 -28.27728 0.19718 -0.98037 0.00000 -2.22571 0.00000 0.00000 -1.00000 0.00000
1606417111278970 0.97847 0.20639 0.00000 -29.90971 0.20639 -0.97847 0.00000 -2.54558 0.00000 0.00000 -1.00000 0.00000
1606417111528979 0.97640 0.21597 0.00000 -31.60379 0.21597 -0.97640 0.00000 -2.85422 0.00000 0.00000 -1.00000 0.00000
1606417111778357 0.97414 0.22595 0.00000 -33.23035 0.22595 -0.97414 0.00000 -3.21677 0.00000 0.00000 -1.00000 0.00000
1606417112028364 0.97219 0.23421 0.00000 -34.94459 0.23421 -0.97219 0.00000 -3.51505 0.00000 0.00000 -1.00000 0.00000
1606417112277745 0.96977 0.24404 0.00000 -36.69834 0.24404 -0.96977 0.00000 -3.90499 0.00000 0.00000 -1.00000 0.00000
1606417112527735 0.96796 0.25112 0.00000 -38.43148 0.25112 -0.96796 0.00000 -4.20239 0.00000 0.00000 -1.00000 0.00000
1606417112778377 0.96706 0.25454 0.00000 -40.24061 0.25454 -0.96706 0.00000 -4.36952 0.00000 0.00000 -1.00000 0.00000
1606417113028997 0.96700 0.25479 0.00000 -42.11093 0.25479 -0.96700 0.00000 -4.40931 0.00000 0.00000 -1.00000 0.00000
1606417113279002 0.96668 0.25600 0.00000 -43.96402 0.25600 -0.96668 0.00000 -4.50215 0.00000 0.00000 -1.00000 0.00000
1606417113529006 0.96679 0.25556 0.00000 -45.86522 0.25556 -0.96679 0.00000 -4.51993 0.00000 0.00000 -1.00000 0.00000
1606417113779006 0.96700 0.25477 0.00000 -47.77775 0.25477 -0.96700 0.00000 -4.51333 0.00000 0.00000 -1.00000 0.00000
1606417114029010 0.96710 0.25438 0.00000 -49.70238 0.25438 -0.96710 0.00000 -4.52318 0.00000 0.00000 -1.00000 0.00000
1606417114279014 0.96762 0.25243 0.00000 -51.67453 0.25243 -0.96762 0.00000 -4.48228 0.00000 0.00000 -1.00000 0.00000
1606417114528388 0.96734 0.25347 0.00000 -53.60474 0.25347 -0.96734 0.00000 -4.57727 0.00000 0.00000 -1.00000 0.00000
1606417114778397 0.96779 0.25174 0.00000 -55.59432 0.25174 -0.96779 0.00000 -4.52614 0.00000 0.00000 -1.00000 0.00000
1606417115028402 0.96791 0.25131 0.00000 -57.60864 0.25131 -0.96791 0.00000 -4.54892 0.00000 0.00000 -1.00000 0.00000
1606417115277781 0.96799 0.25098 0.00000 -59.60444 0.25098 -0.96799 0.00000 -4.58214 0.00000 0.00000 -1.00000 0.00000
1606417115528409 0.96820 0.25018 0.00000 -61.62654 0.25018 -0.96820 0.00000 -4.57391 0.00000 0.00000 -1.00000 0.00000
1606417115778414 0.96816 0.25031 0.00000 -63.62672 0.25031 -0.96816 0.00000 -4.61359 0.00000 0.00000 -1.00000 0.00000
1606417116028412 0.96821 0.25015 0.00000 -65.63486 0.25015 -0.96821 0.00000 -4.62798 0.00000 0.00000 -1.00000 0.00000
1606417116279045 0.96860 0.24864 0.00000 -67.64438 0.24864 -0.96860 0.00000 -4.56023 0.00000 0.00000 -1.00000 0.00000
1606417116529050 0.96893 0.24733 0.00000 -69.65573 0.24733 -0.96893 0.00000 -4.51093 0.00000 0.00000 -1.00000 0.00000
1606417116779061 0.96981 0.24384 0.00000 -71.66641 0.24384 -0.96981 0.00000 -4.29350 0.00000 0.00000 -1.00000 0.00000
1606417117029057 0.97103 0.23896 0.00000 -73.67035 0.23896 -0.97103 0.00000 -3.96740 0.00000 0.00000 -1.00000 0.00000
1606417117279052 0.97363 0.22814 0.00000 -75.68406 0.22814 -0.97363 0.00000 -3.17463 0.00000 0.00000 -1.00000 0.00000
1606417117529063 0.97723 0.21219 0.00000 -77.67919 0.21219 -0.97723 0.00000 -1.94260 0.00000 0.00000 -1.00000 0.00000
1606417117779062 0.98243 0.18661 0.00000 -79.63119 0.18661 -0.98243 0.00000 0.06782 0.00000 0.00000 -1.00000 0.00000
1606417118028448 0.98775 0.15603 0.00000 -81.52458 0.15603 -0.98775 0.00000 2.53086 0.00000 0.00000 -1.00000 0.00000
1606417118278449 0.99301 0.11804 0.00000 -83.28431 0.11804 -0.99301 0.00000 5.64320 0.00000 0.00000 -1.00000 0.00000
1606417118528451 0.99702 0.07708 0.00000 -84.86458 0.07708 -0.99702 0.00000 9.05652 0.00000 0.00000 -1.00000 0.00000
1606417118778455 0.99954 0.03028 0.00000 -86.23306 0.03028 -0.99954 0.00000 13.01760 0.00000 0.00000 -1.00000 0.00000
1606417119028459 0.99979 -0.02049 0.00000 -87.34102 -0.02049 -0.99979 0.00000 17.37291 0.00000 -0.00000 -1.00000 0.00000
1606417119277837 0.99744 -0.07147 0.00000 -88.19707 -0.07147 -0.99744 0.00000 21.79816 0.00000 -0.00000 -1.00000 0.00000
1606417119528465 0.99212 -0.12529 0.00000 -88.71448 -0.12529 -0.99212 0.00000 26.53089 0.00000 -0.00000 -1.00000 0.00000
1606417119778470 0.98311 -0.18300 0.00000 -88.83698 -0.18300 -0.98311 0.00000 31.66224 0.00000 -0.00000 -1.00000 0.00000
1606417120029095 0.97034 -0.24175 0.00000 -88.58409 -0.24175 -0.97034 0.00000 36.94913 0.00000 -0.00000 -1.00000 0.00000
1606417120279103 0.95356 -0.30119 0.00000 -87.92581 -0.30119 -0.95356 0.00000 42.33973 0.00000 -0.00000 -1.00000 0.00000
1606417120529103 0.93383 -0.35770 0.00000 -87.02289 -0.35770 -0.93383 0.00000 47.52097 0.00000 -0.00000 -1.00000 0.00000
1606417120779103 0.91005 -0.41449 0.00000 -85.71152 -0.41449 -0.91005 0.00000 52.79583 0.00000 -0.00000 -1.00000 0.00000
1606417121028484 0.88076 -0.47355 0.00000 -83.82630 -0.47355 -0.88076 0.00000 58.33220 0.00000 -0.00000 -1.00000 0.00000
1606417121278501 0.84657 -0.53228 0.00000 -81.40060 -0.53228 -0.84657 0.00000 63.89065 0.00000 -0.00000 -1.00000 0.00000
1606417121527868 0.80879 -0.58810 0.00000 -78.63774 -0.58810 -0.80879 0.00000 69.21347 0.00000 -0.00000 -1.00000 0.00000
1606417121777870 0.76687 -0.64181 0.00000 -75.46966 -0.64181 -0.76687 0.00000 74.40486 0.00000 -0.00000 -1.00000 0.00000
1606417122027242 0.72442 -0.68936 0.00000 -72.28454 -0.68936 -0.72442 0.00000 79.06843 0.00000 -0.00000 -1.00000 0.00000
1606417122277873 0.67853 -0.73457 0.00000 -68.76571 -0.73457 -0.67853 0.00000 83.55177 0.00000 -0.00000 -1.00000 0.00000
1606417122528502 0.63794 -0.77009 0.00000 -65.92583 -0.77009 -0.63794 0.00000 87.10701 0.00000 -0.00000 -1.00000 0.00000
1606417122778513 0.60581 -0.79561 0.00000 -64.05784 -0.79561 -0.60581 0.00000 89.69714 0.00000 -0.00000 -1.00000 0.00000
1606417123029141 0.58213 -0.81309 0.00000 -63.16927 -0.81309 -0.58213 0.00000 91.50801 0.00000 -0.00000 -1.00000 0.00000
1606417123279141 0.56420 -0.82564 0.00000 -62.93935 -0.82564 -0.56420 0.00000 92.85778 0.00000 -0.00000 -1.00000 0.00000
1606417123529146 0.55229 -0.83365 0.00000 -63.40792 -0.83365 -0.55229 0.00000 93.74664 0.00000 -0.00000 -1.00000 0.00000
1606417123779773 0.54777 -0.83663 0.00000 -64.73665 -0.83663 -0.54777 0.00000 94.08626 0.00000 -0.00000 -1.00000 0.00000
1606417124029774 0.55027 -0.83498 0.00000 -66.87344 -0.83498 -0.55027 0.00000 93.88470 0.00000 -0.00000 -1.00000 0.00000
1606417124279156 0.55873 -0.82935 0.00000 -69.69160 -0.82935 -0.55873 0.00000 93.17181 0.00000 -0.00000 -1.00000 0.00000
1606417124529150 0.57209 -0.82019 0.00000 -73.08015 -0.82019 -0.57209 0.00000 91.98051 0.00000 -0.00000 -1.00000 0.00000
1606417124779172 0.58775 -0.80904 0.00000 -76.74218 -0.80904 -0.58775 0.00000 90.51303 0.00000 -0.00000 -1.00000 0.00000
1606417125028544 0.60338 -0.79745 0.00000 -80.41159 -0.79745 -0.60338 0.00000 88.96218 0.00000 -0.00000 -1.00000 0.00000
1606417125278542 0.61822 -0.78600 0.00000 -84.02960 -0.78600 -0.61822 0.00000 87.40288 0.00000 -0.00000 -1.00000 0.00000
1606417125527920 0.63309 -0.77408 0.00000 -87.64234 -0.77408 -0.63309 0.00000 85.73899 0.00000 -0.00000 -1.00000 0.00000
1606417125778546 0.64734 -0.76220 0.00000 -91.19186 -0.76220 -0.64734 0.00000 84.03944 0.00000 -0.00000 -1.00000 0.00000
1606417126028554 0.66206 -0.74945 0.00000 -94.79801 -0.74945 -0.66206 0.00000 82.18008 0.00000 -0.00000 -1.00000 0.00000
1606417126278558 0.67976 -0.73344 0.00000 -98.69612 -0.73344 -0.67976 0.00000 79.83812 0.00000 -0.00000 -1.00000 0.00000
1606417126529181 0.69789 -0.71620 0.00000 -102.61187 -0.71620 -0.69789 0.00000 77.28567 0.00000 -0.00000 -1.00000 0.00000
1606417126779194 0.71604 -0.69806 0.00000 -106.51657 -0.69806 -0.71604 0.00000 74.57749 0.00000 -0.00000 -1.00000 0.00000
1606417127029196 0.73321 -0.68000 0.00000 -110.27314 -0.68000 -0.73321 0.00000 71.85216 0.00000 -0.00000 -1.00000 0.00000
1606417127279201 0.75064 -0.66071 0.00000 -114.00070 -0.66071 -0.75064 0.00000 68.91506 0.00000 -0.00000 -1.00000 0.00000
1606417127529202 0.76598 -0.64287 0.00000 -117.49553 -0.64287 -0.76598 0.00000 66.16276 0.00000 -0.00000 -1.00000 0.00000
1606417127779203 0.77989 -0.62592 0.00000 -120.79610 -0.62592 -0.77989 0.00000 63.51626 0.00000 -0.00000 -1.00000 0.00000
1606417128028583 0.79338 -0.60873 0.00000 -123.99403 -0.60873 -0.79338 0.00000 60.82293 0.00000 -0.00000 -1.00000 0.00000
1606417128278594 0.80420 -0.59436 0.00000 -126.95442 -0.59436 -0.80420 0.00000 58.53527 0.00000 -0.00000 -1.00000 0.00000
1606417128528589 0.81507 -0.57936 0.00000 -129.83378 -0.57936 -0.81507 0.00000 56.12244 0.00000 -0.00000 -1.00000 0.00000
1606417128778593 0.82604 -0.56360 0.00000 -132.70808 -0.56360 -0.82604 0.00000 53.57389 0.00000 -0.00000 -1.00000 0.00000
1606417129028600 0.83457 -0.55089 0.00000 -135.32226 -0.55089 -0.83457 0.00000 51.50303 0.00000 -0.00000 -1.00000 0.00000
1606417129279226 0.84152 -0.54023 0.00000 -137.75286 -0.54023 -0.84152 0.00000 49.73559 0.00000 -0.00000 -1.00000 0.00000
1606417129529232 0.84684 -0.53184 0.00000 -140.00944 -0.53184 -0.84684 0.00000 48.33808 0.00000 -0.00000 -1.00000 0.00000
1606417129779237 0.85091 -0.52531 0.00000 -142.13690 -0.52531 -0.85091 0.00000 47.23208 0.00000 -0.00000 -1.00000 0.00000
1606417130029239 0.85392 -0.52040 0.00000 -144.13369 -0.52040 -0.85392 0.00000 46.39136 0.00000 -0.00000 -1.00000 0.00000
1606417130279241 0.85761 -0.51430 0.00000 -146.14409 -0.51430 -0.85761 0.00000 45.33387 0.00000 -0.00000 -1.00000 0.00000
1606417130529251 0.86586 -0.50029 0.00000 -148.49288 -0.50029 -0.86586 0.00000 42.90696 0.00000 -0.00000 -1.00000 0.00000
1606417130779253 0.88154 -0.47211 0.00000 -151.33431 -0.47211 -0.88154 0.00000 38.05128 0.00000 -0.00000 -1.00000 0.00000
1606417131028634 0.90543 -0.42449 0.00000 -154.58260 -0.42449 -0.90543 0.00000 29.89803 0.00000 -0.00000 -1.00000 0.00000
1606417131278635 0.93082 -0.36547 0.00000 -157.54038 -0.36547 -0.93082 0.00000 19.87289 0.00000 -0.00000 -1.00000 0.00000
1606417131528635 0.95685 -0.29059 0.00000 -159.85361 -0.29059 -0.95685 0.00000 7.29648 0.00000 -0.00000 -1.00000 0.00000
1606417131778009 0.98021 -0.19796 0.00000 -160.96073 -0.19796 -0.98021 0.00000 -8.02277 0.00000 -0.00000 -1.00000 0.00000
1606417132028641 0.99590 -0.09051 0.00000 -160.22971 -0.09051 -0.99590 0.00000 -25.44269 0.00000 -0.00000 -1.00000 0.00000
1606417132278649 0.99943 0.03374 0.00000 -156.85854 0.03374 -0.99943 0.00000 -45.14484 0.00000 0.00000 -1.00000 0.00000
1606417132528646 0.98492 0.17299 0.00000 -149.99979 0.17299 -0.98492 0.00000 -66.61137 0.00000 0.00000 -1.00000 0.00000
1606417132779289 0.94714 0.32083 0.00000 -139.06929 0.32083 -0.94714 0.00000 -88.68092 0.00000 0.00000 -1.00000 0.00000
1606417133029905 0.88339 0.46864 0.00000 -123.96291 0.46864 -0.88339 0.00000 -109.84240 0.00000 0.00000 -1.00000 0.00000
1606417133279913 0.79069 0.61221 0.00000 -104.35030 0.61221 -0.79069 0.00000 -129.33555 0.00000 0.00000 -1.00000 0.00000
1606417133529917 0.67054 0.74188 0.00000 -80.82622 0.74188 -0.67054 0.00000 -145.68902 0.00000 0.00000 -1.00000 0.00000
1606417133779922 0.52365 0.85194 0.00000 -53.69610 0.85194 -0.52365 0.00000 -157.98633 0.00000 0.00000 -1.00000 0.00000
1606417134029917 0.35391 0.93528 0.00000 -23.83569 0.93528 -0.35391 0.00000 -165.25367 0.00000 0.00000 -1.00000 0.00000
1606417134279917 0.17019 0.98541 0.00000 7.08746 0.98541 -0.17019 0.00000 -166.76305 0.00000 0.00000 -1.00000 0.00000
1606417134529927 -0.01938 0.99981 0.00000 37.68009 0.99981 0.01938 0.00000 -162.39539 0.00000 0.00000 -1.00000 0.00000
1606417134779933 -0.21314 0.97702 0.00000 67.63993 0.97702 0.21314 0.00000 -151.96737 0.00000 0.00000 -1.00000 0.00000
1606417135029311 -0.40658 0.91362 0.00000 96.13578 0.91362 0.40658 0.00000 -135.12774 0.00000 0.00000 -1.00000 0.00000
1606417135279932 -0.58609 0.81025 0.00000 120.99003 0.81025 0.58609 0.00000 -112.42711 0.00000 0.00000 -1.00000 0.00000
1606417135529944 -0.72490 0.68885 0.00000 138.61233 0.68885 0.72490 0.00000 -88.26516 0.00000 0.00000 -1.00000 0.00000
1606417135779943 -0.82333 0.56756 0.00000 149.64098 0.56756 0.82333 0.00000 -65.62081 0.00000 0.00000 -1.00000 0.00000
1606417136030575 -0.89061 0.45477 0.00000 155.85634 0.45477 0.89061 0.00000 -45.46086 0.00000 0.00000 -1.00000 0.00000
1606417136280616 -0.93414 0.35690 0.00000 158.68929 0.35690 0.93414 0.00000 -28.55012 0.00000 0.00000 -1.00000 0.00000
1606417136530581 -0.96100 0.27655 0.00000 159.36694 0.27655 0.96100 0.00000 -15.02402 0.00000 0.00000 -1.00000 0.00000
1606417136780580 -0.97741 0.21136 0.00000 158.80243 0.21136 0.97741 0.00000 -4.30527 0.00000 0.00000 -1.00000 0.00000
1606417137030591 -0.98501 0.17247 0.00000 157.56770 0.17247 0.98501 0.00000 1.98728 0.00000 0.00000 -1.00000 0.00000
1606417137280589 -0.98820 0.15316 0.00000 156.18735 0.15316 0.98820 0.00000 5.05017 0.00000 0.00000 -1.00000 0.00000
1606417137530592 -0.98879 0.14928 0.00000 154.82657 0.14928 0.98879 0.00000 5.61537 0.00000 0.00000 -1.00000 0.00000
1606417137779972 -0.98874 0.14963 0.00000 153.43486 0.14963 0.98874 0.00000 5.54093 0.00000 0.00000 -1.00000 0.00000
1606417138029978 -0.98832 0.15242 0.00000 151.99620 0.15242 0.98832 0.00000 5.07843 0.00000 0.00000 -1.00000 0.00000
1606417138279983 -0.98685 0.16166 0.00000 150.55975 0.16166 0.98685 0.00000 3.66550 0.00000 0.00000 -1.00000 0.00000
1606417138529987 -0.98318 0.18265 0.00000 149.10539 0.18265 0.98318 0.00000 0.44653 0.00000 0.00000 -1.00000 0.00000
1606417138779985 -0.97680 0.21416 0.00000 147.48036 0.21416 0.97680 0.00000 -4.36265 0.00000 0.00000 -1.00000 0.00000
1606417139029365 -0.96796 0.25112 0.00000 145.61923 0.25112 0.96796 0.00000 -9.98988 0.00000 0.00000 -1.00000 0.00000
1606417139279371 -0.95622 0.29264 0.00000 143.44700 0.29264 0.95622 0.00000 -16.29308 0.00000 0.00000 -1.00000 0.00000
1606417139529375 -0.94173 0.33637 0.00000 140.91932 0.33637 0.94173 0.00000 -22.90084 0.00000 0.00000 -1.00000 0.00000
1606417139779378 -0.92382 0.38283 0.00000 137.94959 0.38283 0.92382 0.00000 -29.91507 0.00000 0.00000 -1.00000 0.00000
1606417140029376 -0.90374 0.42807 0.00000 134.60893 0.42807 0.90374 0.00000 -36.71764 0.00000 0.00000 -1.00000 0.00000
1606417140278755 -0.88142 0.47234 0.00000 130.91321 0.47234 0.88142 0.00000 -43.35212 0.00000 0.00000 -1.00000 0.00000
1606417140528763 -0.85717 0.51503 0.00000 126.88572 0.51503 0.85717 0.00000 -49.72847 0.00000 0.00000 -1.00000 0.00000
1606417140778770 -0.83187 0.55497 0.00000 122.61126 0.55497 0.83187 0.00000 -55.68798 0.00000 0.00000 -1.00000 0.00000
1606417141028146 -0.80371 0.59502 0.00000 117.91653 0.59502 0.80371 0.00000 -61.64291 0.00000 0.00000 -1.00000 0.00000
1606417141278764 -0.77237 0.63518 0.00000 112.79331 0.63518 0.77237 0.00000 -67.59873 0.00000 0.00000 -1.00000 0.00000
1606417141529393 -0.73948 0.67318 0.00000 107.39363 0.67318 0.73948 0.00000 -73.18856 0.00000 0.00000 -1.00000 0.00000
1606417141779402 -0.70638 0.70783 0.00000 101.92470 0.70783 0.70638 0.00000 -78.25605 0.00000 0.00000 -1.00000 0.00000
1606417142029407 -0.67578 0.73711 0.00000 96.66491 0.73711 0.67578 0.00000 -82.48374 0.00000 0.00000 -1.00000 0.00000
1606417142280031 -0.64462 0.76450 0.00000 91.27242 0.76450 0.64462 0.00000 -86.43597 0.00000 0.00000 -1.00000 0.00000
1606417142529414 -0.61860 0.78570 0.00000 86.45433 0.78570 0.61860 0.00000 -89.47199 0.00000 0.00000 -1.00000 0.00000
1606417142778786 -0.59775 0.80168 0.00000 82.21953 0.80168 0.59775 0.00000 -91.76533 0.00000 0.00000 -1.00000 0.00000
1606417143028798 -0.58233 0.81296 0.00000 78.55305 0.81296 0.58233 0.00000 -93.35478 0.00000 0.00000 -1.00000 0.00000
1606417143278798 -0.56870 0.82255 0.00000 75.11101 0.82255 0.56870 0.00000 -94.68820 0.00000 0.00000 -1.00000 0.00000
1606417143528805 -0.55876 0.82933 0.00000 72.07349 0.82933 0.55876 0.00000 -95.61591 0.00000 0.00000 -1.00000 0.00000
1606417143778809 -0.55267 0.83340 0.00000 69.46502 0.83340 0.55267 0.00000 -96.18075 0.00000 0.00000 -1.00000 0.00000
1606417144028825 -0.55204 0.83382 0.00000 67.48117 0.83382 0.55204 0.00000 -96.27427 0.00000 0.00000 -1.00000 0.00000
1606417144278825 -0.56045 0.82819 0.00000 66.52973 0.82819 0.56045 0.00000 -95.64605 0.00000 0.00000 -1.00000 0.00000
1606417144528817 -0.57649 0.81710 0.00000 66.45045 0.81710 0.57649 0.00000 -94.38481 0.00000 0.00000 -1.00000 0.00000
1606417144778821 -0.59904 0.80072 0.00000 67.11731 0.80072 0.59904 0.00000 -92.56620 0.00000 0.00000 -1.00000 0.00000
1606417145029445 -0.62650 0.77942 0.00000 68.35085 0.77942 0.62650 0.00000 -90.24061 0.00000 0.00000 -1.00000 0.00000
1606417145278830 -0.65368 0.75677 0.00000 69.55583 0.75677 0.65368 0.00000 -87.82798 0.00000 0.00000 -1.00000 0.00000
1606417145528831 -0.68506 0.72849 0.00000 71.26170 0.72849 0.68506 0.00000 -84.88572 0.00000 0.00000 -1.00000 0.00000
1606417145778836 -0.72053 0.69342 0.00000 73.46565 0.69342 0.72053 0.00000 -81.29762 0.00000 0.00000 -1.00000 0.00000
1606417146028842 -0.75807 0.65217 0.00000 75.98622 0.65217 0.75807 0.00000 -77.14504 0.00000 0.00000 -1.00000 0.00000
1606417146278844 -0.79527 0.60625 0.00000 78.48183 0.60625 0.79527 0.00000 -72.58755 0.00000 0.00000 -1.00000 0.00000
1606417146528848 -0.83424 0.55140 0.00000 81.28744 0.55140 0.83424 0.00000 -67.24143 0.00000 0.00000 -1.00000 0.00000
1606417146778852 -0.87187 0.48974 0.00000 84.05395 0.48974 0.87187 0.00000 -61.25980 0.00000 0.00000 -1.00000 0.00000
1606417147029476 -0.90414 0.42724 0.00000 86.26146 0.42724 0.90414 0.00000 -55.28643 0.00000 0.00000 -1.00000 0.00000
1606417147279485 -0.93165 0.36336 0.00000 88.00907 0.36336 0.93165 0.00000 -49.22596 0.00000 0.00000 -1.00000 0.00000
1606417147530107 -0.95234 0.30504 0.00000 88.98644 0.30504 0.95234 0.00000 -43.76653 0.00000 0.00000 -1.00000 0.00000
1606417147779490 -0.96925 0.24607 0.00000 89.59777 0.24607 0.96925 0.00000 -38.27663 0.00000 0.00000 -1.00000 0.00000
1606417148029490 -0.98226 0.18753 0.00000 89.81694 0.18753 0.98226 0.00000 -32.91813 0.00000 0.00000 -1.00000 0.00000
1606417148279488 -0.99174 0.12826 0.00000 89.69028 0.12826 0.99174 0.00000 -27.53297 0.00000 0.00000 -1.00000 0.00000
1606417148529495 -0.99763 0.06877 0.00000 89.23810 0.06877 0.99763 0.00000 -22.20919 0.00000 0.00000 -1.00000 0.00000
1606417148779505 -0.99994 0.01058 0.00000 88.42766 0.01058 0.99994 0.00000 -17.04648 0.00000 0.00000 -1.00000 0.00000
1606417149029509 -0.99913 -0.04174 -0.00000 87.20635 -0.04174 0.99913 0.00000 -12.44466 0.00000 0.00000 -1.00000 0.00000
1606417149279512 -0.99599 -0.08949 -0.00000 85.71218 -0.08949 0.99599 0.00000 -8.32060 0.00000 0.00000 -1.00000 0.00000
1606417149529515 -0.99132 -0.13149 -0.00000 83.98806 -0.13149 0.99132 0.00000 -4.74611 0.00000 0.00000 -1.00000 0.00000
1606417149778886 -0.98578 -0.16805 -0.00000 82.11684 -0.16805 0.98578 0.00000 -1.69080 0.00000 0.00000 -1.00000 0.00000
1606417150028275 -0.98068 -0.19564 -0.00000 80.09350 -0.19564 0.98068 0.00000 0.55644 0.00000 0.00000 -1.00000 0.00000
1606417150278278 -0.97542 -0.22036 -0.00000 78.01456 -0.22036 0.97542 0.00000 2.54879 0.00000 0.00000 -1.00000 0.00000
1606417150528907 -0.97128 -0.23795 -0.00000 75.90422 -0.23795 0.97128 0.00000 3.91623 0.00000 0.00000 -1.00000 0.00000
1606417150779532 -0.96787 -0.25146 -0.00000 73.74931 -0.25146 0.96787 0.00000 4.92956 0.00000 0.00000 -1.00000 0.00000
1606417151029531 -0.96518 -0.26159 -0.00000 71.60184 -0.26159 0.96518 0.00000 5.65503 0.00000 0.00000 -1.00000 0.00000
1606417151279535 -0.96353 -0.26761 -0.00000 69.45918 -0.26761 0.96353 0.00000 6.06894 0.00000 0.00000 -1.00000 0.00000
1606417151529548 -0.96274 -0.27042 -0.00000 67.32692 -0.27042 0.96274 0.00000 6.22522 0.00000 0.00000 -1.00000 0.00000
1606417151779546 -0.96258 -0.27100 -0.00000 65.20804 -0.27100 0.96258 0.00000 6.23920 0.00000 0.00000 -1.00000 0.00000
1606417152029547 -0.96300 -0.26952 -0.00000 63.08807 -0.26952 0.96300 0.00000 6.11165 0.00000 0.00000 -1.00000 0.00000
1606417152279555 -0.96325 -0.26861 -0.00000 60.97226 -0.26861 0.96325 0.00000 6.01569 0.00000 0.00000 -1.00000 0.00000
1606417152528934 -0.96408 -0.26562 -0.00000 58.86618 -0.26562 0.96408 0.00000 5.78805 0.00000 0.00000 -1.00000 0.00000
1606417152778937 -0.96576 -0.25943 -0.00000 56.79034 -0.25943 0.96576 0.00000 5.36388 0.00000 0.00000 -1.00000 0.00000
1606417153028939 -0.96730 -0.25363 -0.00000 54.69532 -0.25363 0.96730 0.00000 4.97630 0.00000 0.00000 -1.00000 0.00000
1606417153278940 -0.96795 -0.25115 -0.00000 52.61083 -0.25115 0.96795 0.00000 4.78738 0.00000 0.00000 -1.00000 0.00000
1606417153528317 -0.96880 -0.24785 -0.00000 50.52654 -0.24785 0.96880 0.00000 4.56073 0.00000 0.00000 -1.00000 0.00000
1606417153778953 -0.96880 -0.24784 -0.00000 48.40177 -0.24784 0.96880 0.00000 4.51284 0.00000 0.00000 -1.00000 0.00000
1606417154028958 -0.96935 -0.24569 -0.00000 46.32529 -0.24569 0.96935 0.00000 4.37568 0.00000 0.00000 -1.00000 0.00000
1606417154278959 -0.97070 -0.24029 -0.00000 44.24937 -0.24029 0.97070 0.00000 4.07239 0.00000 0.00000 -1.00000 0.00000
1606417154528964 -0.97245 -0.23312 -0.00000 42.20304 -0.23312 0.97245 0.00000 3.71135 0.00000 0.00000 -1.00000 0.00000
1606417154779586 -0.97368 -0.22790 -0.00000 40.14453 -0.22790 0.97368 0.00000 3.45512 0.00000 0.00000 -1.00000 0.00000
1606417155028969 -0.97542 -0.22034 -0.00000 38.14115 -0.22034 0.97542 0.00000 3.10314 0.00000 0.00000 -1.00000 0.00000
1606417155278969 -0.97658 -0.21516 -0.00000 36.14810 -0.21516 0.97658 0.00000 2.87533 0.00000 0.00000 -1.00000 0.00000
1606417155528973 -0.97800 -0.20860 -0.00000 34.11839 -0.20860 0.97800 0.00000 2.60292 0.00000 0.00000 -1.00000 0.00000
1606417155778981 -0.97878 -0.20492 -0.00000 32.14027 -0.20492 0.97878 0.00000 2.46580 0.00000 0.00000 -1.00000 0.00000
1606417156028985 -0.97965 -0.20073 -0.00000 30.14422 -0.20073 0.97965 0.00000 2.27125 0.00000 0.00000 -1.00000 0.00000
1606417156278989 -0.98034 -0.19733 -0.00000 28.12214 -0.19733 0.98034 0.00000 2.12615 0.00000 0.00000 -1.00000 0.00000
1606417156528991 -0.98103 -0.19384 -0.00000 26.16079 -0.19384 0.98103 0.00000 1.97584 0.00000 0.00000 -1.00000 0.00000
1606417156779629 -0.98158 -0.19108 -0.00000 24.12199 -0.19108 0.98158 0.00000 1.87009 0.00000 0.00000 -1.00000 0.00000
1606417157029616 -0.98225 -0.18758 -0.00000 22.10435 -0.18758 0.98225 0.00000 1.74368 0.00000 0.00000 -1.00000 0.00000
1606417157279624 -0.98320 -0.18252 -0.00000 20.05514 -0.18252 0.98320 0.00000 1.59024 0.00000 0.00000 -1.00000 0.00000
1606417157529627 -0.98428 -0.17662 -0.00000 17.99715 -0.17662 0.98428 0.00000 1.43176 0.00000 0.00000 -1.00000 0.00000
1606417157779633 -0.98521 -0.17136 -0.00000 15.91303 -0.17136 0.98521 0.00000 1.30244 0.00000 0.00000 -1.00000 0.00000
1606417158029638 -0.98566 -0.16876 -0.00000 13.82549 -0.16876 0.98566 0.00000 1.23874 0.00000 0.00000 -1.00000 0.00000
1606417158279009 -0.98620 -0.16554 -0.00000 11.73415 -0.16554 0.98620 0.00000 1.16076 0.00000 0.00000 -1.00000 0.00000
1606417158529645 -0.98628 -0.16505 -0.00000 9.58981 -0.16505 0.98628 0.00000 1.12219 0.00000 0.00000 -1.00000 0.00000
1606417158779649 -0.98662 -0.16306 -0.00000 7.46551 -0.16306 0.98662 0.00000 1.08084 0.00000 0.00000 -1.00000 0.00000
1606417159029653 -0.98675 -0.16225 -0.00000 5.32761 -0.16225 0.98675 0.00000 1.04570 0.00000 0.00000 -1.00000 0.00000
1606417159279658 -0.98707 -0.16031 -0.00000 3.18334 -0.16031 0.98707 0.00000 1.00501 0.00000 0.00000 -1.00000 0.00000
1606417159529653 -0.98693 -0.16113 -0.00000 1.02521 -0.16113 0.98693 0.00000 0.99335 0.00000 0.00000 -1.00000 0.00000
1606417159779654 -0.98711 -0.16003 -0.00000 -1.10242 -0.16003 0.98711 0.00000 0.96544 0.00000 0.00000 -1.00000 0.00000
1606417160029661 -0.98721 -0.15941 -0.00000 -3.25736 -0.15941 0.98721 0.00000 0.93401 0.00000 0.00000 -1.00000 0.00000
1606417160279674 -0.98743 -0.15808 -0.00000 -5.38403 -0.15808 0.98743 0.00000 0.89740 0.00000 0.00000 -1.00000 0.00000
1606417160529043 -0.98775 -0.15601 -0.00000 -7.50552 -0.15601 0.98775 0.00000 0.86497 0.00000 0.00000 -1.00000 0.00000
1606417160779046 -0.98841 -0.15182 -0.00000 -9.64522 -0.15182 0.98841 0.00000 0.86061 0.00000 0.00000 -1.00000 0.00000
1606417161029055 -0.98866 -0.15016 -0.00000 -11.79366 -0.15016 0.98866 0.00000 0.86424 0.00000 0.00000 -1.00000 0.00000
1606417161279057 -0.98962 -0.14371 -0.00000 -13.86216 -0.14371 0.98962 0.00000 0.93313 0.00000 0.00000 -1.00000 0.00000
1606417161529680 -0.99086 -0.13489 -0.00000 -16.01999 -0.13489 0.99086 0.00000 1.00787 0.00000 0.00000 -1.00000 0.00000
1606417161779685 -0.99155 -0.12971 -0.00000 -18.11962 -0.12971 0.99155 0.00000 1.04380 0.00000 0.00000 -1.00000 0.00000
1606417162029691 -0.99171 -0.12848 -0.00000 -20.24717 -0.12848 0.99171 0.00000 1.01391 0.00000 0.00000 -1.00000 0.00000
1606417162279696 -0.99173 -0.12832 -0.00000 -22.40235 -0.12832 0.99173 0.00000 0.95451 0.00000 0.00000 -1.00000 0.00000
1606417162529694 -0.99124 -0.13205 -0.00000 -24.55935 -0.13205 0.99124 0.00000 0.78619 0.00000 0.00000 -1.00000 0.00000
1606417162779078 -0.98915 -0.14693 -0.00000 -26.72522 -0.14693 0.98915 0.00000 0.33057 0.00000 0.00000 -1.00000 0.00000
1606417163029076 -0.98581 -0.16784 -0.00000 -28.88791 -0.16784 0.98581 0.00000 -0.29753 0.00000 0.00000 -1.00000 0.00000
1606417163279088 -0.98188 -0.18949 -0.00000 -31.03465 -0.18949 0.98188 0.00000 -0.96393 0.00000 0.00000 -1.00000 0.00000
1606417163529084 -0.97772 -0.20993 -0.00000 -33.17091 -0.20993 0.97772 0.00000 -1.63568 0.00000 0.00000 -1.00000 0.00000
1606417163779719 -0.97337 -0.22924 -0.00000 -35.30384 -0.22924 0.97337 0.00000 -2.31781 0.00000 0.00000 -1.00000 0.00000
1606417164029721 -0.96903 -0.24694 -0.00000 -37.40158 -0.24694 0.96903 0.00000 -3.00276 0.00000 0.00000 -1.00000 0.00000
1606417164279722 -0.96493 -0.26250 -0.00000 -39.47425 -0.26250 0.96493 0.00000 -3.65242 0.00000 0.00000 -1.00000 0.00000
1606417164529726 -0.96151 -0.27477 -0.00000 -41.57728 -0.27477 0.96151 0.00000 -4.19968 0.00000 0.00000 -1.00000 0.00000
1606417164779738 -0.95891 -0.28369 -0.00000 -43.64427 -0.28369 0.95891 0.00000 -4.63905 0.00000 0.00000 -1.00000 0.00000
1606417165029731 -0.95674 -0.29093 -0.00000 -45.70912 -0.29093 0.95674 0.00000 -5.02018 0.00000 0.00000 -1.00000 0.00000
1606417165279740 -0.95556 -0.29481 -0.00000 -47.76717 -0.29481 0.95556 0.00000 -5.24709 0.00000 0.00000 -1.00000 0.00000
1606417165529741 -0.95540 -0.29533 -0.00000 -49.79355 -0.29533 0.95540 0.00000 -5.31935 0.00000 0.00000 -1.00000 0.00000
1606417165779740 -0.95638 -0.29212 -0.00000 -51.83334 -0.29212 0.95638 0.00000 -5.19562 0.00000 0.00000 -1.00000 0.00000
1606417166029750 -0.95892 -0.28368 -0.00000 -53.83915 -0.28368 0.95892 0.00000 -4.76566 0.00000 0.00000 -1.00000 0.00000
1606417166279747 -0.96229 -0.27202 -0.00000 -55.77257 -0.27202 0.96229 0.00000 -4.13927 0.00000 0.00000 -1.00000 0.00000
1606417166529129 -0.96644 -0.25688 -0.00000 -57.63131 -0.25688 0.96644 0.00000 -3.27586 0.00000 0.00000 -1.00000 0.00000
1606417166779125 -0.97186 -0.23554 -0.00000 -59.40140 -0.23554 0.97186 0.00000 -2.02423 0.00000 0.00000 -1.00000 0.00000
1606417167029136 -0.97803 -0.20844 -0.00000 -61.04739 -0.20844 0.97803 0.00000 -0.38847 0.00000 0.00000 -1.00000 0.00000
1606417167279144 -0.98548 -0.16978 -0.00000 -62.54512 -0.16978 0.98548 0.00000 2.00266 0.00000 0.00000 -1.00000 0.00000
1606417167529141 -0.99355 -0.11342 -0.00000 -63.76592 -0.11342 0.99355 0.00000 5.54820 0.00000 0.00000 -1.00000 0.00000
1606417167779148 -0.99911 -0.04219 -0.00000 -64.53442 -0.04219 0.99911 0.00000 10.08195 0.00000 0.00000 -1.00000 0.00000
1606417168029146 -0.99931 0.03723 0.00000 -64.75101 0.03723 0.99931 0.00000 15.17724 0.00000 0.00000 -1.00000 0.00000
1606417168279164 -0.99113 0.13289 0.00000 -64.12561 0.13289 0.99113 0.00000 21.30527 0.00000 0.00000 -1.00000 0.00000
1606417168529160 -0.97147 0.23718 0.00000 -62.60709 0.23718 0.97147 0.00000 27.98008 0.00000 0.00000 -1.00000 0.00000
1606417168778539 -0.93867 0.34483 0.00000 -60.14164 0.34483 0.93867 0.00000 34.81200 0.00000 0.00000 -1.00000 0.00000
1606417169029164 -0.89074 0.45451 0.00000 -56.59615 0.45451 0.89074 0.00000 41.75411 0.00000 0.00000 -1.00000 0.00000
1606417169278544 -0.82948 0.55854 0.00000 -52.17730 0.55854 0.82948 0.00000 48.25405 0.00000 0.00000 -1.00000 0.00000
1606417169529174 -0.75848 0.65169 0.00000 -47.19836 0.65169 0.75848 0.00000 53.99451 0.00000 0.00000 -1.00000 0.00000
1606417169779176 -0.68877 0.72498 0.00000 -42.53080 0.72498 0.68877 0.00000 58.48094 0.00000 0.00000 -1.00000 0.00000
1606417170029803 -0.62070 0.78405 0.00000 -38.15689 0.78405 0.62070 0.00000 62.05178 0.00000 0.00000 -1.00000 0.00000
1606417170279805 -0.55226 0.83367 0.00000 -33.90850 0.83367 0.55226 0.00000 65.04360 0.00000 0.00000 -1.00000 0.00000
1606417170529818 -0.49091 0.87121 0.00000 -30.32356 0.87121 0.49091 0.00000 67.27748 0.00000 0.00000 -1.00000 0.00000
1606417170779817 -0.43856 0.89870 0.00000 -27.54162 0.89870 0.43856 0.00000 68.92413 0.00000 0.00000 -1.00000 0.00000
1606417171029822 -0.39079 0.92048 0.00000 -25.20854 0.92048 0.39079 0.00000 70.25929 0.00000 0.00000 -1.00000 0.00000
1606417171279819 -0.34877 0.93721 0.00000 -23.39670 0.93721 0.34877 0.00000 71.28877 0.00000 0.00000 -1.00000 0.00000
1606417171529198 -0.31739 0.94829 0.00000 -22.47563 0.94829 0.31739 0.00000 72.00649 0.00000 0.00000 -1.00000 0.00000
1606417171779205 -0.29714 0.95483 0.00000 -22.46919 0.95483 0.29714 0.00000 72.45199 0.00000 0.00000 -1.00000 0.00000
1606417172029210 -0.28214 0.95937 0.00000 -22.91664 0.95937 0.28214 0.00000 72.77204 0.00000 0.00000 -1.00000 0.00000
1606417172278584 -0.27316 0.96197 0.00000 -23.81265 0.96197 0.27316 0.00000 72.94421 0.00000 0.00000 -1.00000 0.00000
1606417172529213 -0.26772 0.96350 0.00000 -25.00946 0.96350 0.26772 0.00000 73.03732 0.00000 0.00000 -1.00000 0.00000
1606417172779848 -0.26271 0.96487 0.00000 -26.27604 0.96487 0.26271 0.00000 73.12549 0.00000 0.00000 -1.00000 0.00000
1606417173029849 -0.25745 0.96629 0.00000 -27.52362 0.96629 0.25745 0.00000 73.24016 0.00000 0.00000 -1.00000 0.00000
1606417173280472 -0.25102 0.96798 0.00000 -28.70092 0.96798 0.25102 0.00000 73.38830 0.00000 0.00000 -1.00000 0.00000
1606417173530482 -0.24041 0.97067 0.00000 -29.59889 0.97067 0.24041 0.00000 73.67303 0.00000 0.00000 -1.00000 0.00000
1606417173779859 -0.22653 0.97400 0.00000 -30.26793 0.97400 0.22653 0.00000 74.06157 0.00000 0.00000 -1.00000 0.00000
1606417174029234 -0.20629 0.97849 0.00000 -30.42985 0.97849 0.20629 0.00000 74.65397 0.00000 0.00000 -1.00000 0.00000
1606417174279242 -0.18097 0.98349 0.00000 -30.22835 0.98349 0.18097 0.00000 75.39644 0.00000 0.00000 -1.00000 0.00000
1606417174529241 -0.15107 0.98852 0.00000 -29.65374 0.98852 0.15107 0.00000 76.26818 0.00000 0.00000 -1.00000 0.00000
1606417174779249 -0.12127 0.99262 0.00000 -29.10438 0.99262 0.12127 0.00000 77.11227 0.00000 0.00000 -1.00000 0.00000
1606417175028628 -0.09247 0.99572 0.00000 -28.62969 0.99572 0.09247 0.00000 77.89782 0.00000 0.00000 -1.00000 0.00000
1606417175278628 -0.07314 0.99732 0.00000 -28.89202 0.99732 0.07314 0.00000 78.36614 0.00000 0.00000 -1.00000 0.00000
1606417175528634 -0.06951 0.99758 0.00000 -30.35619 0.99758 0.06951 0.00000 78.40907 0.00000 0.00000 -1.00000 0.00000
1606417175779263 -0.07847 0.99692 0.00000 -32.90280 0.99692 0.07847 0.00000 78.08026 0.00000 0.00000 -1.00000 0.00000
1606417176029268 -0.09434 0.99554 0.00000 -36.02258 0.99554 0.09434 0.00000 77.51504 0.00000 0.00000 -1.00000 0.00000
1606417176279902 -0.11056 0.99387 0.00000 -39.15645 0.99387 0.11056 0.00000 76.86492 0.00000 0.00000 -1.00000 0.00000
1606417176529891 -0.12990 0.99153 0.00000 -42.49930 0.99153 0.12990 0.00000 76.03993 0.00000 0.00000 -1.00000 0.00000
1606417176780527 -0.14703 0.98913 0.00000 -45.80530 0.98913 0.14703 0.00000 75.24861 0.00000 0.00000 -1.00000 0.00000
1606417177029903 -0.16422 0.98642 0.00000 -49.08703 0.98642 0.16422 0.00000 74.41011 0.00000 0.00000 -1.00000 0.00000
1606417177279906 -0.17960 0.98374 0.00000 -52.24912 0.98374 0.17960 0.00000 73.58170 0.00000 0.00000 -1.00000 0.00000
1606417177529913 -0.19558 0.98069 0.00000 -55.46093 0.98069 0.19558 0.00000 72.67975 0.00000 0.00000 -1.00000 0.00000
1606417177779907 -0.21034 0.97763 0.00000 -58.55249 0.97763 0.21034 0.00000 71.78821 0.00000 0.00000 -1.00000 0.00000
1606417178029922 -0.22551 0.97424 0.00000 -61.67375 0.97424 0.22551 0.00000 70.82349 0.00000 0.00000 -1.00000 0.00000
1606417178279922 -0.23865 0.97111 0.00000 -64.63771 0.97111 0.23865 0.00000 69.93563 0.00000 0.00000 -1.00000 0.00000
1606417178529925 -0.24863 0.96860 0.00000 -67.29606 0.96860 0.24863 0.00000 69.25494 0.00000 0.00000 -1.00000 0.00000
1606417178779923 -0.24968 0.96833 0.00000 -69.34357 0.96833 0.24968 0.00000 69.15746 0.00000 0.00000 -1.00000 0.00000
1606417179029926 -0.25077 0.96805 0.00000 -71.34971 0.96805 0.25077 0.00000 69.04099 0.00000 0.00000 -1.00000 0.00000
1606417179279308 -0.25186 0.96776 0.00000 -73.31686 0.96776 0.25186 0.00000 68.92859 0.00000 0.00000 -1.00000 0.00000
1606417179529318 -0.25035 0.96816 0.00000 -75.07597 0.96816 0.25035 0.00000 69.02614 0.00000 0.00000 -1.00000 0.00000
1606417179778692 -0.24904 0.96849 0.00000 -76.80950 0.96849 0.24904 0.00000 69.08384 0.00000 0.00000 -1.00000 0.00000
1606417180028691 -0.24980 0.96830 0.00000 -78.65643 0.96830 0.24980 0.00000 68.97842 0.00000 0.00000 -1.00000 0.00000
1606417180278695 -0.25994 0.96562 0.00000 -81.10276 0.96562 0.25994 0.00000 68.06838 0.00000 0.00000 -1.00000 0.00000
1606417180528707 -0.28733 0.95783 0.00000 -84.68394 0.95783 0.28733 0.00000 65.69712 0.00000 0.00000 -1.00000 0.00000
1606417180779345 -0.32577 0.94545 0.00000 -88.88130 0.94545 0.32577 0.00000 62.16310 0.00000 0.00000 -1.00000 0.00000
1606417181029957 -0.37848 0.92561 0.00000 -93.77038 0.92561 0.37848 0.00000 57.01083 0.00000 0.00000 -1.00000 0.00000
1606417181279964 -0.43880 0.89859 0.00000 -98.80637 0.89859 0.43880 0.00000 50.62501 0.00000 0.00000 -1.00000 0.00000
