1630597331060159 1.00000 0.00000 0.00000 -0.00000 0.00000 -1.00000 0.00000 0.00000 0.00000 -0.00000 -1.00000 0.00000
1630597331310779 0.99999 -0.00329 0.00000 -0.03318 -0.00329 -0.99999 0.00000 0.01281 -0.00000 -0.00000 -1.00000 0.00000
1630597331560759 0.99999 -0.00451 0.00000 -0.02250 -0.00451 -0.99999 0.00000 -0.04586 -0.00000 -0.00000 -1.00000 -0.00000
1630597331811377 1.00000 -0.00140 0.00000 -0.01388 -0.00140 -1.00000 0.00000 0.00423 -0.00000 -0.00000 -1.00000 0.00000
1630597332061990 1.00000 -0.00162 0.00000 -0.02029 -0.00162 -1.00000 0.00000 -0.00939 -0.00000 -0.00000 -1.00000 -0.00000
1630597332311983 1.00000 0.00218 0.00000 -0.00086 0.00218 -1.00000 0.00000 -0.05520 0.00000 -0.00000 -1.00000 -0.00000
1630597332561965 1.00000 0.00228 0.00000 -0.02561 0.00228 -1.00000 0.00000 -0.05377 0.00000 -0.00000 -1.00000 -0.00000
1630597332811958 0.99999 -0.00472 0.00000 -0.00953 -0.00472 -0.99999 0.00000 -0.02078 -0.00000 -0.00000 -1.00000 -0.00000
1630597333060688 1.00000 0.00232 0.00000 -0.01135 0.00232 -1.00000 0.00000 -0.06124 0.00000 -0.00000 -1.00000 -0.00000
1630597333310682 1.00000 -0.00314 -0.00000 -0.00834 -0.00314 -1.00000 0.00000 0.00890 -0.00000 -0.00000 -1.00000 0.00000
1630597333560044 1.00000 -0.00030 0.00000 -0.01076 -0.00030 -1.00000 0.00000 -0.03286 -0.00000 -0.00000 -1.00000 -0.00000
1630597333809407 0.99999 0.00327 -0.00000 -0.01880 0.00327 -0.99999 0.00000 -0.04032 0.00000 -0.00000 -1.00000 -0.00000
1630597334060017 1.00000 -0.00181 0.00000 -0.01655 -0.00181 -1.00000 0.00000 0.00677 -0.00000 -0.00000 -1.00000 0.00000
1630597334310677 1.00000 -0.00240 0.00000 -0.00397 -0.00240 -1.00000 0.00000 0.00021 -0.00000 -0.00000 -1.00000 0.00000
1630597334560616 1.00000 -0.00208 -0.00000 -0.01882 -0.00208 -1.00000 0.00000 -0.05999 -0.00000 -0.00000 -1.00000 -0.00000
1630597334811232 1.00000 0.00256 -0.00000 -0.00182 0.00256 -1.00000 0.00000 -0.02705 0.00000 -0.00000 -1.00000 -0.00000
1630597335061214 0.99999 0.00336 0.00000 -0.02875 0.00336 -0.99999 0.00000 -0.06445 0.00000 -0.00000 -1.00000 -0.00000
1630597335311212 1.00000 0.00005 -0.00000 -0.02669 0.00005 -1.00000 0.00000 -0.04849 0.00000 -0.00000 -1.00000 -0.00000
1630597335561193 0.99998 -0.00659 0.00000 -0.04646 -0.00659 -0.99998 0.00000 -0.00004 -0.00000 -0.00000 -1.00000 -0.00000
1630597335810560 0.99999 -0.00389 0.00000 -0.05189 -0.00389 -0.99999 0.00000 -0.07510 -0.00000 -0.00000 -1.00000 -0.00000
1630597336059931 0.99999 -0.00393 0.00000 -0.14199 -0.00393 -0.99999 0.00000 -0.01917 -0.00000 -0.00000 -1.00000 -0.00000
1630597336309290 0.99984 -0.01779 0.00000 -0.15784 -0.01779 -0.99984 0.00000 -0.10665 -0.00000 -0.00000 -1.00000 -0.00000
1630597336559901 0.99961 -0.02793 -0.00000 -0.30110 -0.02793 -0.99961 0.00000 -0.08581 -0.00000 -0.00000 -1.00000 -0.00000
1630597336809891 0.99925 -0.03878 0.00000 -0.51610 -0.03878 -0.99925 0.00000 -0.11756 -0.00000 -0.00000 -1.00000 -0.00000
1630597337060502 0.99760 -0.06928 0.00000 -0.74271 -0.06928 -0.99760 0.00000 -0.12466 -0.00000 -0.00000 -1.00000 -0.00000
1630597337311760 0.99387 -0.11056 0.00000 -1.00590 -0.11056 -0.99387 0.00000 -0.04604 -0.00000 -0.00000 -1.00000 -0.00000
1630597337561754 0.98989 -0.14185 0.00000 -1.31326 -0.14185 -0.98989 0.00000 -0.10663 -0.00000 -0.00000 -1.00000 -0.00000
1630597337811741 0.98450 -0.17540 0.00000 -1.74424 -0.17540 -0.98450 0.00000 0.00246 -0.00000 -0.00000 -1.00000 0.00000
1630597338061110 0.97726 -0.21204 0.00000 -2.21033 -0.21204 -0.97726 0.00000 0.06746 -0.00000 -0.00000 -1.00000 0.00000
1630597338309847 0.97335 -0.22932 0.00000 -2.71853 -0.22932 -0.97335 0.00000 0.00450 -0.00000 -0.00000 -1.00000 0.00000
1630597338559211 0.96950 -0.24509 0.00000 -3.23757 -0.24509 -0.96950 0.00000 0.04520 -0.00000 -0.00000 -1.00000 0.00000
1630597338809175 0.96799 -0.25099 0.00000 -3.77268 -0.25099 -0.96799 0.00000 0.11601 -0.00000 -0.00000 -1.00000 0.00000
1630597339058531 0.96873 -0.24813 0.00000 -4.41630 -0.24813 -0.96873 0.00000 0.06385 -0.00000 -0.00000 -1.00000 0.00000
1630597339309150 0.96709 -0.25442 0.00000 -5.11447 -0.25442 -0.96709 0.00000 0.12286 -0.00000 -0.00000 -1.00000 0.00000
1630597339559766 0.96816 -0.25035 0.00000 -5.80998 -0.25035 -0.96816 0.00000 0.09166 -0.00000 -0.00000 -1.00000 0.00000
1630597339810383 0.96823 -0.25004 -0.00000 -6.54184 -0.25004 -0.96823 0.00000 0.07776 -0.00000 -0.00000 -1.00000 0.00000
1630597340060370 0.97236 -0.23349 0.00000 -7.32569 -0.23349 -0.97236 0.00000 -0.12660 -0.00000 -0.00000 -1.00000 -0.00000
1630597340310995 0.97403 -0.22644 0.00000 -8.15738 -0.22644 -0.97403 0.00000 -0.14823 -0.00000 -0.00000 -1.00000 -0.00000
1630597340561597 0.97454 -0.22420 0.00000 -9.04140 -0.22420 -0.97454 0.00000 -0.15621 -0.00000 -0.00000 -1.00000 -0.00000
1630597340811583 0.97730 -0.21184 0.00000 -9.87984 -0.21184 -0.97730 0.00000 -0.38912 -0.00000 -0.00000 -1.00000 -0.00000
1630597341061570 0.97801 -0.20854 -0.00000 -10.73742 -0.20854 -0.97801 0.00000 -0.35455 -0.00000 -0.00000 -1.00000 -0.00000
1630597341310937 0.97870 -0.20529 0.00000 -11.67021 -0.20529 -0.97870 0.00000 -0.34969 -0.00000 -0.00000 -1.00000 -0.00000
1630597341560298 0.97992 -0.19938 0.00000 -12.57576 -0.19938 -0.97992 0.00000 -0.48735 -0.00000 -0.00000 -1.00000 -0.00000
1630597341809669 0.97994 -0.19927 0.00000 -13.48014 -0.19927 -0.97994 0.00000 -0.42683 -0.00000 -0.00000 -1.00000 -0.00000
1630597342059027 0.98034 -0.19733 0.00000 -14.49184 -0.19733 -0.98034 0.00000 -0.55026 -0.00000 -0.00000 -1.00000 -0.00000
1630597342309029 0.98266 -0.18541 0.00000 -15.47707 -0.18541 -0.98266 0.00000 -0.66005 -0.00000 -0.00000 -1.00000 -0.00000
1630597342559015 0.98453 -0.17524 0.00000 -16.47696 -0.17524 -0.98453 0.00000 -1.00553 -0.00000 -0.00000 -1.00000 -0.00000
1630597342810251 0.98640 -0.16437 0.00000 -17.47897 -0.16437 -0.98640 0.00000 -1.05094 -0.00000 -0.00000 -1.00000 -0.00000
1630597343060862 0.98775 -0.15607 0.00000 -18.50138 -0.15607 -0.98775 0.00000 -1.28719 -0.00000 -0.00000 -1.00000 -0.00000
1630597343310853 0.98949 -0.14460 0.00000 -19.47857 -0.14460 -0.98949 0.00000 -1.59640 -0.00000 -0.00000 -1.00000 -0.00000
1630597343561465 0.99185 -0.12742 -0.00000 -20.42286 -0.12742 -0.99185 0.00000 -1.91040 -0.00000 -0.00000 -1.00000 -0.00000
1630597343811456 0.99131 -0.13154 0.00000 -21.45558 -0.13154 -0.99131 0.00000 -1.82089 -0.00000 -0.00000 -1.00000 -0.00000
1630597344060817 0.99307 -0.11748 0.00000 -22.28076 -0.11748 -0.99307 0.00000 -2.13347 -0.00000 -0.00000 -1.00000 -0.00000
1630597344310189 0.99437 -0.10593 0.00000 -23.18355 -0.10593 -0.99437 0.00000 -2.44437 -0.00000 -0.00000 -1.00000 -0.00000
1630597344559552 0.99505 -0.09942 0.00000 -24.11241 -0.09942 -0.99505 0.00000 -2.60789 -0.00000 -0.00000 -1.00000 -0.00000
1630597344809540 0.99490 -0.10084 0.00000 -25.08328 -0.10084 -0.99490 0.00000 -2.53837 -0.00000 -0.00000 -1.00000 -0.00000
1630597345059530 0.99585 -0.09098 0.00000 -26.09054 -0.09098 -0.99585 0.00000 -2.76277 -0.00000 -0.00000 -1.00000 -0.00000
1630597345309519 0.99657 -0.08281 0.00000 -27.07818 -0.08281 -0.99657 0.00000 -3.02798 -0.00000 -0.00000 -1.00000 -0.00000
1630597345560133 0.99657 -0.08270 0.00000 -28.03288 -0.08270 -0.99657 0.00000 -2.99627 -0.00000 -0.00000 -1.00000 -0.00000
1630597345810746 0.99651 -0.08353 0.00000 -29.05202 -0.08353 -0.99651 0.00000 -2.86177 -0.00000 -0.00000 -1.00000 -0.00000
1630597346061361 0.99619 -0.08716 -0.00000 -30.10663 -0.08716 -0.99619 0.00000 -2.86851 -0.00000 -0.00000 -1.00000 -0.00000
1630597346311356 0.99645 -0.08415 0.00000 -31.06182 -0.08415 -0.99645 0.00000 -3.03306 -0.00000 -0.00000 -1.00000 -0.00000
1630597346561342 0.99621 -0.08703 0.00000 -32.09797 -0.08703 -0.99621 0.00000 -2.91811 -0.00000 -0.00000 -1.00000 -0.00000
1630597346811331 0.99632 -0.08568 0.00000 -33.01055 -0.08568 -0.99632 0.00000 -2.99663 -0.00000 -0.00000 -1.00000 -0.00000
1630597347060700 0.99655 -0.08300 -0.00000 -33.94778 -0.08300 -0.99655 0.00000 -3.08683 -0.00000 -0.00000 -1.00000 -0.00000
1630597347310065 0.99625 -0.08658 0.00000 -34.84596 -0.08658 -0.99625 0.00000 -2.95913 -0.00000 -0.00000 -1.00000 -0.00000
1630597347559432 0.99643 -0.08440 -0.00000 -35.80477 -0.08440 -0.99643 0.00000 -3.09203 -0.00000 -0.00000 -1.00000 -0.00000
1630597347808792 0.99632 -0.08576 0.00000 -36.73117 -0.08576 -0.99632 0.00000 -3.04095 -0.00000 -0.00000 -1.00000 -0.00000
1630597348058156 0.99644 -0.08428 0.00000 -37.47401 -0.08428 -0.99644 0.00000 -3.08493 -0.00000 -0.00000 -1.00000 -0.00000
1630597348308783 0.99646 -0.08406 0.00000 -38.33456 -0.08406 -0.99646 0.00000 -3.19103 -0.00000 -0.00000 -1.00000 -0.00000
1630597348559391 0.99636 -0.08522 0.00000 -39.24206 -0.08522 -0.99636 0.00000 -3.15934 -0.00000 -0.00000 -1.00000 -0.00000
1630597348809999 0.99599 -0.08950 0.00000 -40.11579 -0.08950 -0.99599 0.00000 -2.91499 -0.00000 -0.00000 -1.00000 -0.00000
1630597349060617 0.99569 -0.09273 -0.00000 -41.08439 -0.09273 -0.99569 0.00000 -2.79401 -0.00000 -0.00000 -1.00000 -0.00000
1630597349310619 0.99588 -0.09068 0.00000 -41.94919 -0.09068 -0.99588 0.00000 -3.03167 -0.00000 -0.00000 -1.00000 -0.00000
1630597349561223 0.99508 -0.09905 0.00000 -42.86280 -0.09905 -0.99508 0.00000 -2.59355 -0.00000 -0.00000 -1.00000 -0.00000
1630597349810586 0.99537 -0.09608 0.00000 -43.72239 -0.09608 -0.99537 0.00000 -2.75523 -0.00000 -0.00000 -1.00000 -0.00000
1630597350059951 0.99566 -0.09308 -0.00000 -44.63393 -0.09308 -0.99566 0.00000 -2.94564 -0.00000 -0.00000 -1.00000 -0.00000
1630597350309947 0.99518 -0.09805 0.00000 -45.63145 -0.09805 -0.99518 0.00000 -2.69951 -0.00000 -0.00000 -1.00000 -0.00000
1630597350559303 0.99503 -0.09962 0.00000 -46.54405 -0.09962 -0.99503 0.00000 -2.63194 -0.00000 -0.00000 -1.00000 -0.00000
1630597350808671 0.99505 -0.09937 -0.00000 -47.43119 -0.09937 -0.99505 0.00000 -2.71786 -0.00000 -0.00000 -1.00000 -0.00000
1630597351059288 0.99451 -0.10462 0.00000 -48.46769 -0.10462 -0.99451 0.00000 -2.35325 -0.00000 -0.00000 -1.00000 -0.00000
1630597351309905 0.99426 -0.10703 -0.00000 -49.45726 -0.10703 -0.99426 0.00000 -2.30822 -0.00000 -0.00000 -1.00000 -0.00000
1630597351559890 0.99347 -0.11409 0.00000 -50.43472 -0.11409 -0.99347 0.00000 -2.02404 -0.00000 -0.00000 -1.00000 -0.00000
1630597351811131 0.99257 -0.12171 0.00000 -51.38679 -0.12171 -0.99257 0.00000 -1.58369 -0.00000 -0.00000 -1.00000 -0.00000
1630597352061119 0.99237 -0.12327 0.00000 -52.31212 -0.12327 -0.99237 0.00000 -1.61901 -0.00000 -0.00000 -1.00000 -0.00000
1630597352310487 0.99175 -0.12818 0.00000 -53.23874 -0.12818 -0.99175 0.00000 -1.43796 -0.00000 -0.00000 -1.00000 -0.00000
1630597352559854 0.99148 -0.13023 0.00000 -54.06071 -0.13023 -0.99148 0.00000 -1.29269 -0.00000 -0.00000 -1.00000 -0.00000
1630597352809845 0.99126 -0.13189 0.00000 -54.83669 -0.13189 -0.99126 0.00000 -1.16260 -0.00000 -0.00000 -1.00000 -0.00000
1630597353059212 0.99291 -0.11889 0.00000 -55.62300 -0.11889 -0.99291 0.00000 -1.91314 -0.00000 -0.00000 -1.00000 -0.00000
1630597353309202 0.99322 -0.11624 0.00000 -56.33824 -0.11624 -0.99322 0.00000 -2.09006 -0.00000 -0.00000 -1.00000 -0.00000
1630597353559813 0.99332 -0.11543 0.00000 -57.10739 -0.11543 -0.99332 0.00000 -2.13979 -0.00000 -0.00000 -1.00000 -0.00000
1630597353809807 0.99388 -0.11048 0.00000 -57.77982 -0.11048 -0.99388 0.00000 -2.43815 -0.00000 -0.00000 -1.00000 -0.00000
1630597354060421 0.99493 -0.10059 0.00000 -58.55446 -0.10059 -0.99493 0.00000 -3.04036 -0.00000 -0.00000 -1.00000 -0.00000
1630597354311033 0.99603 -0.08897 0.00000 -59.19574 -0.08897 -0.99603 0.00000 -3.69369 -0.00000 -0.00000 -1.00000 -0.00000
1630597354561026 0.99737 -0.07247 -0.00000 -59.93007 -0.07247 -0.99737 0.00000 -4.76625 -0.00000 -0.00000 -1.00000 -0.00000
1630597354810390 0.99847 -0.05535 -0.00000 -60.62967 -0.05535 -0.99847 0.00000 -5.84508 -0.00000 -0.00000 -1.00000 -0.00000
1630597355060381 0.99884 -0.04816 0.00000 -61.47476 -0.04816 -0.99884 0.00000 -6.21003 -0.00000 -0.00000 -1.00000 -0.00000
1630597355309747 0.99941 -0.03425 0.00000 -62.27661 -0.03425 -0.99941 0.00000 -7.12071 -0.00000 -0.00000 -1.00000 -0.00000
1630597355559113 0.99973 -0.02317 0.00000 -63.19818 -0.02317 -0.99973 0.00000 -7.73551 -0.00000 -0.00000 -1.00000 -0.00000
1630597355809107 0.99991 -0.01332 -0.00000 -64.17530 -0.01332 -0.99991 0.00000 -8.34262 -0.00000 -0.00000 -1.00000 -0.00000
1630597356059098 0.99998 -0.00693 0.00000 -65.28637 -0.00693 -0.99998 0.00000 -8.75623 -0.00000 -0.00000 -1.00000 -0.00000
1630597356309111 0.99998 0.00649 0.00000 -66.24154 0.00649 -0.99998 0.00000 -9.58183 0.00000 -0.00000 -1.00000 -0.00000
1630597356559076 0.99969 0.02493 0.00000 -67.21137 0.02493 -0.99969 0.00000 -10.93788 0.00000 -0.00000 -1.00000 -0.00000
1630597356809695 0.99920 0.04001 0.00000 -68.22189 0.04001 -0.99920 0.00000 -11.85809 0.00000 -0.00000 -1.00000 -0.00000
1630597357060316 0.99872 0.05057 -0.00000 -69.31304 0.05057 -0.99872 0.00000 -12.49690 0.00000 -0.00000 -1.00000 -0.00000
1630597357310919 0.99827 0.05876 0.00000 -70.38684 0.05876 -0.99827 0.00000 -13.14994 0.00000 -0.00000 -1.00000 -0.00000
1630597357560914 0.99713 0.07572 -0.00000 -71.33865 0.07572 -0.99713 0.00000 -14.36040 0.00000 -0.00000 -1.00000 -0.00000
1630597357810283 0.99592 0.09021 -0.00000 -72.39731 0.09021 -0.99592 0.00000 -15.43501 0.00000 -0.00000 -1.00000 -0.00000
1630597358059649 0.99530 0.09679 0.00000 -73.45917 0.09679 -0.99530 0.00000 -15.95121 0.00000 -0.00000 -1.00000 -0.00000
1630597358309647 0.99578 0.09182 -0.00000 -74.84319 0.09182 -0.99578 0.00000 -15.45806 0.00000 -0.00000 -1.00000 -0.00000
1630597358559017 0.99596 0.08975 0.00000 -76.12346 0.08975 -0.99596 0.00000 -15.24902 0.00000 -0.00000 -1.00000 -0.00000
1630597358808993 0.99690 0.07871 0.00000 -77.66347 0.07871 -0.99690 0.00000 -14.43420 0.00000 -0.00000 -1.00000 -0.00000
1630597359058990 0.99777 0.06679 0.00000 -79.22408 0.06679 -0.99777 0.00000 -13.57613 0.00000 -0.00000 -1.00000 -0.00000
1630597359308976 0.99902 0.04436 0.00000 -80.91324 0.04436 -0.99902 0.00000 -11.82557 0.00000 -0.00000 -1.00000 -0.00000
1630597359559597 0.99987 0.01611 0.00000 -82.63992 0.01611 -0.99987 0.00000 -9.53800 0.00000 -0.00000 -1.00000 -0.00000
1630597359810208 0.99991 -0.01353 0.00000 -84.35772 -0.01353 -0.99991 0.00000 -7.03037 -0.00000 -0.00000 -1.00000 -0.00000
1630597360060822 0.99914 -0.04141 0.00000 -85.97435 -0.04141 -0.99914 0.00000 -4.68874 -0.00000 -0.00000 -1.00000 -0.00000
1630597360310812 0.99743 -0.07166 0.00000 -87.66120 -0.07166 -0.99743 0.00000 -2.16324 -0.00000 -0.00000 -1.00000 -0.00000
1630597360560178 0.99446 -0.10514 0.00000 -89.24426 -0.10514 -0.99446 0.00000 0.85776 -0.00000 -0.00000 -1.00000 0.00000
1630597360809549 0.99065 -0.13645 0.00000 -90.84766 -0.13645 -0.99065 0.00000 3.51292 -0.00000 -0.00000 -1.00000 0.00000
1630597361060164 0.98516 -0.17163 0.00000 -92.26996 -0.17163 -0.98516 0.00000 6.81404 -0.00000 -0.00000 -1.00000 0.00000
1630597361309530 0.97664 -0.21487 0.00000 -93.54766 -0.21487 -0.97664 0.00000 10.74537 -0.00000 -0.00000 -1.00000 0.00000
1630597361559516 0.96335 -0.26827 -0.00000 -94.49247 -0.26827 -0.96335 0.00000 15.89956 -0.00000 -0.00000 -1.00000 0.00000
1630597361809511 0.94842 -0.31701 0.00000 -95.17430 -0.31701 -0.94842 0.00000 20.63678 -0.00000 -0.00000 -1.00000 0.00000
1630597362060125 0.93058 -0.36608 0.00000 -95.66620 -0.36608 -0.93058 0.00000 25.58526 -0.00000 -0.00000 -1.00000 0.00000
1630597362310745 0.90802 -0.41893 0.00000 -95.73725 -0.41893 -0.90802 0.00000 31.05336 -0.00000 -0.00000 -1.00000 0.00000
1630597362560112 0.88873 -0.45843 0.00000 -95.89342 -0.45843 -0.88873 0.00000 35.15114 -0.00000 -0.00000 -1.00000 0.00000
1630597362810101 0.86062 -0.50924 0.00000 -95.40843 -0.50924 -0.86062 0.00000 40.77907 -0.00000 -0.00000 -1.00000 0.00000
1630597363059468 0.83327 -0.55286 0.00000 -94.80978 -0.55286 -0.83327 0.00000 45.60775 -0.00000 -0.00000 -1.00000 0.00000
1630597363308835 0.80147 -0.59804 0.00000 -93.85889 -0.59804 -0.80147 0.00000 50.78329 -0.00000 -0.00000 -1.00000 0.00000
1630597363558825 0.75633 -0.65420 0.00000 -91.63767 -0.65420 -0.75633 0.00000 57.46735 -0.00000 -0.00000 -1.00000 0.00000
1630597363808191 0.70763 -0.70658 0.00000 -88.93889 -0.70658 -0.70763 0.00000 63.80553 -0.00000 -0.00000 -1.00000 0.00000
1630597364058182 0.65418 -0.75634 0.00000 -85.76125 -0.75634 -0.65418 0.00000 70.07766 -0.00000 -0.00000 -1.00000 0.00000
1630597364308177 0.59888 -0.80084 0.00000 -82.32716 -0.80084 -0.59888 0.00000 76.00593 -0.00000 -0.00000 -1.00000 0.00000
1630597364558161 0.53745 -0.84329 0.00000 -78.22610 -0.84329 -0.53745 0.00000 81.79380 -0.00000 -0.00000 -1.00000 0.00000
1630597364808779 0.48031 -0.87710 -0.00000 -74.45420 -0.87710 -0.48031 0.00000 86.72563 -0.00000 -0.00000 -1.00000 0.00000
1630597365058772 0.44402 -0.89601 -0.00000 -72.70862 -0.89601 -0.44402 0.00000 89.61135 -0.00000 -0.00000 -1.00000 0.00000
1630597365308764 0.41951 -0.90775 0.00000 -72.11825 -0.90775 -0.41951 0.00000 91.61943 -0.00000 -0.00000 -1.00000 0.00000
1630597365559381 0.38913 -0.92118 0.00000 -71.00937 -0.92118 -0.38913 0.00000 94.09019 -0.00000 -0.00000 -1.00000 0.00000
1630597365809370 0.36206 -0.93215 0.00000 -70.23882 -0.93215 -0.36206 0.00000 96.04673 -0.00000 -0.00000 -1.00000 0.00000
1630597366059986 0.34788 -0.93754 0.00000 -70.88729 -0.93754 -0.34788 0.00000 97.16203 -0.00000 -0.00000 -1.00000 0.00000
1630597366309983 0.33688 -0.94155 0.00000 -71.75153 -0.94155 -0.33688 0.00000 97.94678 -0.00000 -0.00000 -1.00000 0.00000
1630597366559971 0.32699 -0.94503 0.00000 -72.80675 -0.94503 -0.32699 0.00000 98.70551 -0.00000 -0.00000 -1.00000 0.00000
1630597366809336 0.33154 -0.94344 0.00000 -75.29758 -0.94344 -0.33154 0.00000 98.14332 -0.00000 -0.00000 -1.00000 0.00000
1630597367058701 0.34356 -0.93913 0.00000 -78.59296 -0.93913 -0.34356 0.00000 97.09889 -0.00000 -0.00000 -1.00000 0.00000
1630597367308697 0.35957 -0.93312 0.00000 -82.32649 -0.93312 -0.35957 0.00000 95.79111 -0.00000 -0.00000 -1.00000 0.00000
1630597367558686 0.37753 -0.92600 0.00000 -86.14507 -0.92600 -0.37753 0.00000 94.07761 -0.00000 -0.00000 -1.00000 0.00000
1630597367809303 0.40033 -0.91637 0.00000 -90.61333 -0.91637 -0.40033 0.00000 92.00399 -0.00000 -0.00000 -1.00000 0.00000
1630597368059293 0.42209 -0.90656 0.00000 -94.79748 -0.90656 -0.42209 0.00000 89.64852 -0.00000 -0.00000 -1.00000 0.00000
1630597368309907 0.43898 -0.89850 -0.00000 -98.45602 -0.89850 -0.43898 0.00000 87.89092 -0.00000 -0.00000 -1.00000 0.00000
1630597368559906 0.45903 -0.88842 0.00000 -102.35506 -0.88842 -0.45903 0.00000 85.66049 -0.00000 -0.00000 -1.00000 0.00000
1630597368809890 0.47386 -0.88060 -0.00000 -105.80404 -0.88060 -0.47386 0.00000 83.72343 -0.00000 -0.00000 -1.00000 0.00000
1630597369059263 0.49453 -0.86916 0.00000 -109.72359 -0.86916 -0.49453 0.00000 81.34174 -0.00000 -0.00000 -1.00000 0.00000
1630597369308626 0.51416 -0.85769 0.00000 -113.44670 -0.85769 -0.51416 0.00000 78.73480 -0.00000 -0.00000 -1.00000 0.00000
1630597369558623 0.53340 -0.84586 0.00000 -117.16287 -0.84586 -0.53340 0.00000 76.04908 -0.00000 -0.00000 -1.00000 0.00000
1630597369808614 0.55264 -0.83342 0.00000 -120.79337 -0.83342 -0.55264 0.00000 73.39556 -0.00000 -0.00000 -1.00000 0.00000
1630597370059227 0.56988 -0.82173 0.00000 -124.13848 -0.82173 -0.56988 0.00000 70.72599 -0.00000 -0.00000 -1.00000 0.00000
1630597370309845 0.58718 -0.80946 0.00000 -127.57321 -0.80946 -0.58718 0.00000 67.93890 -0.00000 -0.00000 -1.00000 0.00000
1630597370560462 0.60145 -0.79891 0.00000 -130.73237 -0.79891 -0.60145 0.00000 65.72962 -0.00000 -0.00000 -1.00000 0.00000
1630597370810452 0.61820 -0.78602 0.00000 -133.88286 -0.78602 -0.61820 0.00000 63.15067 -0.00000 -0.00000 -1.00000 0.00000
1630597371059819 0.63562 -0.77200 0.00000 -137.22758 -0.77200 -0.63562 0.00000 59.96026 -0.00000 -0.00000 -1.00000 0.00000
1630597371309194 0.65489 -0.75573 0.00000 -140.46606 -0.75573 -0.65489 0.00000 56.46056 -0.00000 -0.00000 -1.00000 0.00000
1630597371558561 0.66552 -0.74638 0.00000 -143.15951 -0.74638 -0.66552 0.00000 54.34822 -0.00000 -0.00000 -1.00000 0.00000
1630597371807929 0.68465 -0.72887 0.00000 -146.26933 -0.72887 -0.68465 0.00000 50.70155 -0.00000 -0.00000 -1.00000 0.00000
1630597372057918 0.69545 -0.71858 0.00000 -148.84545 -0.71858 -0.69545 0.00000 48.55227 -0.00000 -0.00000 -1.00000 0.00000
1630597372307923 0.71697 -0.69710 -0.00000 -151.96623 -0.69710 -0.71697 0.00000 43.89004 -0.00000 -0.00000 -1.00000 0.00000
1630597372558525 0.73261 -0.68064 0.00000 -154.57997 -0.68064 -0.73261 0.00000 40.35246 -0.00000 -0.00000 -1.00000 0.00000
1630597372809144 0.75341 -0.65756 0.00000 -157.28336 -0.65756 -0.75341 0.00000 35.53548 -0.00000 -0.00000 -1.00000 0.00000
1630597373059134 0.78293 -0.62211 0.00000 -160.26823 -0.62211 -0.78293 0.00000 28.29577 -0.00000 -0.00000 -1.00000 0.00000
1630597373309758 0.82229 -0.56907 0.00000 -163.20606 -0.56907 -0.82229 0.00000 17.72733 -0.00000 -0.00000 -1.00000 0.00000
1630597373560370 0.86418 -0.50319 0.00000 -165.38380 -0.50319 -0.86418 0.00000 4.78959 -0.00000 -0.00000 -1.00000 0.00000
1630597373810365 0.90987 -0.41490 0.00000 -166.27542 -0.41490 -0.90987 0.00000 -11.66233 -0.00000 -0.00000 -1.00000 -0.00000
1630597374060354 0.94849 -0.31681 0.00000 -165.23429 -0.31681 -0.94849 0.00000 -29.14222 -0.00000 -0.00000 -1.00000 -0.00000
1630597374310355 0.97527 -0.22103 0.00000 -162.54323 -0.22103 -0.97527 0.00000 -45.35230 -0.00000 -0.00000 -1.00000 -0.00000
1630597374559717 0.99522 -0.09770 -0.00000 -156.53565 -0.09770 -0.99522 0.00000 -65.21224 -0.00000 -0.00000 -1.00000 -0.00000
1630597374809086 0.99954 0.03023 0.00000 -147.86078 0.03023 -0.99954 0.00000 -84.59475 0.00000 -0.00000 -1.00000 -0.00000
1630597375058450 0.98622 0.16542 0.00000 -135.74658 0.16542 -0.98622 0.00000 -103.92904 0.00000 -0.00000 -1.00000 -0.00000
1630597375308444 0.95327 0.30212 0.00000 -120.59751 0.30212 -0.95327 0.00000 -121.90241 0.00000 -0.00000 -1.00000 -0.00000
1630597375558434 0.89469 0.44669 0.00000 -101.09548 0.44669 -0.89469 0.00000 -139.11884 0.00000 -0.00000 -1.00000 -0.00000
1630597375808430 0.81230 0.58324 0.00000 -78.34820 0.58324 -0.81230 0.00000 -153.43375 0.00000 -0.00000 -1.00000 -0.00000
1630597376059670 0.70834 0.70588 0.00000 -53.54823 0.70588 -0.70834 0.00000 -163.90425 0.00000 -0.00000 -1.00000 -0.00000
1630597376310287 0.58902 0.80812 0.00000 -27.95047 0.80812 -0.58902 0.00000 -170.16598 0.00000 -0.00000 -1.00000 -0.00000
1630597376560283 0.44885 0.89361 0.00000 -0.39367 0.89361 -0.44885 0.00000 -172.44464 0.00000 -0.00000 -1.00000 -0.00000
1630597376810276 0.30307 0.95297 -0.00000 25.92980 0.95297 -0.30307 0.00000 -170.29071 0.00000 -0.00000 -1.00000 -0.00000
1630597377060266 0.14645 0.98922 0.00000 52.13254 0.98922 -0.14645 0.00000 -163.84481 0.00000 -0.00000 -1.00000 -0.00000
1630597377309638 -0.02776 0.99961 0.00000 79.15585 0.99961 0.02776 0.00000 -152.24943 0.00000 0.00000 -1.00000 -0.00000
1630597377559004 -0.20183 0.97942 0.00000 103.78732 0.97942 0.20183 0.00000 -136.05614 0.00000 0.00000 -1.00000 -0.00000
1630597377808365 -0.37236 0.92809 -0.00000 125.42379 0.92809 0.37236 0.00000 -115.41938 0.00000 0.00000 -1.00000 -0.00000
1630597378057737 -0.52797 0.84926 -0.00000 142.65553 0.84926 0.52797 0.00000 -91.91974 0.00000 0.00000 -1.00000 -0.00000
1630597378308358 -0.65265 0.75766 -0.00000 154.01288 0.75766 0.65265 0.00000 -68.77697 0.00000 0.00000 -1.00000 -0.00000
1630597378558973 -0.75395 0.65693 0.00000 161.19939 0.65693 0.75395 0.00000 -46.10626 0.00000 0.00000 -1.00000 -0.00000
1630597378810214 -0.82838 0.56017 0.00000 164.39878 0.56017 0.82838 0.00000 -26.03994 0.00000 0.00000 -1.00000 -0.00000
1630597379060831 -0.87790 0.47884 0.00000 165.05037 0.47884 0.87790 0.00000 -10.40364 0.00000 0.00000 -1.00000 -0.00000
1630597379311451 -0.91284 0.40831 -0.00000 163.94557 0.40831 0.91284 0.00000 2.77802 0.00000 0.00000 -1.00000 0.00000
1630597379560820 -0.92913 0.36976 -0.00000 162.44476 0.36976 0.92913 0.00000 9.44159 0.00000 0.00000 -1.00000 0.00000
1630597379810189 -0.94202 0.33556 -0.00000 160.60623 0.33556 0.94202 0.00000 15.58753 0.00000 0.00000 -1.00000 0.00000
1630597380059559 -0.94287 0.33317 0.00000 159.25777 0.33317 0.94287 0.00000 15.88608 0.00000 0.00000 -1.00000 0.00000
1630597380308934 -0.94483 0.32755 0.00000 157.66289 0.32755 0.94483 0.00000 16.92623 0.00000 0.00000 -1.00000 0.00000
1630597380558291 -0.93861 0.34498 0.00000 156.35108 0.34498 0.93861 0.00000 14.02232 0.00000 0.00000 -1.00000 0.00000
1630597380807657 -0.92968 0.36837 0.00000 155.28568 0.36837 0.92968 0.00000 10.06690 0.00000 0.00000 -1.00000 0.00000
1630597381057648 -0.91622 0.40069 -0.00000 153.95911 0.40069 0.91622 0.00000 4.57612 0.00000 0.00000 -1.00000 0.00000
1630597381308271 -0.89792 0.44016 -0.00000 152.46294 0.44016 0.89792 0.00000 -2.04511 0.00000 0.00000 -1.00000 -0.00000
1630597381558888 -0.87470 0.48467 -0.00000 150.49076 0.48467 0.87470 0.00000 -9.72880 0.00000 0.00000 -1.00000 -0.00000
1630597381808877 -0.84926 0.52798 0.00000 148.20820 0.52798 0.84926 0.00000 -17.43880 0.00000 0.00000 -1.00000 -0.00000
1630597382059503 -0.82396 0.56665 0.00000 145.62370 0.56665 0.82396 0.00000 -24.28061 0.00000 0.00000 -1.00000 -0.00000
1630597382309499 -0.79277 0.60952 0.00000 142.28223 0.60952 0.79277 0.00000 -31.97995 0.00000 0.00000 -1.00000 -0.00000
1630597382559485 -0.76128 0.64842 0.00000 138.91896 0.64842 0.76128 0.00000 -39.15296 0.00000 0.00000 -1.00000 -0.00000
1630597382808850 -0.72412 0.68967 -0.00000 134.80975 0.68967 0.72412 0.00000 -46.78510 0.00000 0.00000 -1.00000 -0.00000
1630597383058223 -0.68924 0.72453 -0.00000 130.62555 0.72453 0.68924 0.00000 -53.46073 0.00000 0.00000 -1.00000 -0.00000
1630597383308212 -0.64346 0.76548 0.00000 125.33059 0.76548 0.64346 0.00000 -61.30770 0.00000 0.00000 -1.00000 -0.00000
1630597383558203 -0.60566 0.79572 0.00000 120.45638 0.79572 0.60566 0.00000 -67.28891 0.00000 0.00000 -1.00000 -0.00000
1630597383808197 -0.56864 0.82259 0.00000 115.39804 0.82259 0.56864 0.00000 -72.69520 0.00000 0.00000 -1.00000 -0.00000
1630597384058814 -0.53322 0.84598 -0.00000 110.45391 0.84598 0.53322 0.00000 -77.61192 0.00000 0.00000 -1.00000 -0.00000
1630597384310060 -0.49032 0.87154 0.00000 104.74509 0.87154 0.49032 0.00000 -82.94563 0.00000 0.00000 -1.00000 -0.00000
1630597384560055 -0.45741 0.88925 0.00000 99.86576 0.88925 0.45741 0.00000 -86.82804 0.00000 0.00000 -1.00000 -0.00000
1630597384810044 -0.41930 0.90785 -0.00000 94.35343 0.90785 0.41930 0.00000 -90.93773 0.00000 0.00000 -1.00000 -0.00000
1630597385059412 -0.40126 0.91596 -0.00000 90.81593 0.91596 0.40126 0.00000 -92.82034 0.00000 0.00000 -1.00000 -0.00000
1630597385309422 -0.36596 0.93063 -0.00000 85.53665 0.93063 0.36596 0.00000 -96.29558 0.00000 0.00000 -1.00000 -0.00000
1630597385558777 -0.35711 0.93406 0.00000 82.91830 0.93406 0.35711 0.00000 -97.16434 0.00000 0.00000 -1.00000 -0.00000
1630597385808145 -0.33857 0.94094 0.00000 79.30188 0.94094 0.33857 0.00000 -98.90768 0.00000 0.00000 -1.00000 -0.00000
1630597386057513 -0.33382 0.94264 0.00000 77.19208 0.94264 0.33382 0.00000 -99.29674 0.00000 0.00000 -1.00000 -0.00000
1630597386307507 -0.32822 0.94460 0.00000 74.99864 0.94460 0.32822 0.00000 -99.75809 0.00000 0.00000 -1.00000 -0.00000
1630597386558124 -0.32907 0.94430 0.00000 73.48925 0.94430 0.32907 0.00000 -99.91241 0.00000 0.00000 -1.00000 -0.00000
1630597386808742 -0.33288 0.94297 0.00000 72.26242 0.94297 0.33288 0.00000 -99.74961 0.00000 0.00000 -1.00000 -0.00000
1630597387059360 -0.33292 0.94295 0.00000 70.67145 0.94295 0.33292 0.00000 -99.68693 0.00000 0.00000 -1.00000 -0.00000
1630597387309977 -0.34315 0.93928 -0.00000 70.10636 0.93928 0.34315 0.00000 -98.86262 0.00000 0.00000 -1.00000 -0.00000
1630597387559973 -0.34878 0.93721 0.00000 69.09983 0.93721 0.34878 0.00000 -98.60816 0.00000 0.00000 -1.00000 -0.00000
1630597387809967 -0.35406 0.93522 0.00000 68.00876 0.93522 0.35406 0.00000 -98.07807 0.00000 0.00000 -1.00000 -0.00000
1630597388059333 -0.37417 0.92736 -0.00000 68.52802 0.92736 0.37417 0.00000 -96.59864 0.00000 0.00000 -1.00000 -0.00000
1630597388308711 -0.39274 0.91965 0.00000 68.82677 0.91965 0.39274 0.00000 -95.38150 0.00000 0.00000 -1.00000 -0.00000
1630597388558073 -0.41959 0.90771 -0.00000 70.02716 0.90771 0.41959 0.00000 -93.24912 0.00000 0.00000 -1.00000 -0.00000
1630597388807440 -0.45326 0.89138 0.00000 71.86345 0.89138 0.45326 0.00000 -90.62527 0.00000 0.00000 -1.00000 -0.00000
1630597389057434 -0.48929 0.87212 0.00000 73.97054 0.87212 0.48929 0.00000 -87.56722 0.00000 0.00000 -1.00000 -0.00000
1630597389307430 -0.53542 0.84458 0.00000 77.00266 0.84458 0.53542 0.00000 -83.53662 0.00000 0.00000 -1.00000 -0.00000
1630597389558044 -0.58065 0.81415 0.00000 79.88485 0.81415 0.58065 0.00000 -79.27248 0.00000 0.00000 -1.00000 -0.00000
1630597389808662 -0.63372 0.77356 0.00000 83.51614 0.77356 0.63372 0.00000 -73.87350 0.00000 0.00000 -1.00000 -0.00000
1630597390059283 -0.68497 0.72857 0.00000 86.82566 0.72857 0.68497 0.00000 -67.87660 0.00000 0.00000 -1.00000 -0.00000
1630597390309947 -0.73659 0.67634 -0.00000 90.12436 0.67634 0.73659 0.00000 -61.32275 0.00000 0.00000 -1.00000 -0.00000
1630597390559269 -0.78127 0.62419 0.00000 92.55267 0.62419 0.78127 0.00000 -55.05047 0.00000 0.00000 -1.00000 -0.00000
1630597390809262 -0.81660 0.57720 0.00000 94.13820 0.57720 0.81660 0.00000 -49.47645 0.00000 0.00000 -1.00000 -0.00000
1630597391058629 -0.84730 0.53111 0.00000 95.26966 0.53111 0.84730 0.00000 -44.22770 0.00000 0.00000 -1.00000 -0.00000
1630597391308005 -0.87416 0.48564 0.00000 95.97021 0.48564 0.87416 0.00000 -39.18053 0.00000 0.00000 -1.00000 -0.00000
1630597391557992 -0.89851 0.43895 0.00000 96.42143 0.43895 0.89851 0.00000 -34.13484 0.00000 0.00000 -1.00000 -0.00000
1630597391808617 -0.91919 0.39382 0.00000 96.56350 0.39382 0.91919 0.00000 -29.46868 0.00000 0.00000 -1.00000 -0.00000
1630597392059231 -0.93750 0.34798 0.00000 96.31634 0.34798 0.93750 0.00000 -24.53285 0.00000 0.00000 -1.00000 -0.00000
1630597392309851 -0.95319 0.30236 0.00000 95.96486 0.30236 0.95319 0.00000 -19.88125 0.00000 0.00000 -1.00000 -0.00000
1630597392559845 -0.96771 0.25205 0.00000 95.39642 0.25205 0.96771 0.00000 -14.90153 0.00000 0.00000 -1.00000 -0.00000
1630597392809840 -0.97809 0.20817 0.00000 94.46882 0.20817 0.97809 0.00000 -10.47407 0.00000 0.00000 -1.00000 -0.00000
1630597393058578 -0.98762 0.15687 0.00000 93.42666 0.15687 0.98762 0.00000 -5.62018 0.00000 0.00000 -1.00000 -0.00000
1630597393307950 -0.99417 0.10786 0.00000 92.10324 0.10786 0.99417 0.00000 -1.02191 0.00000 0.00000 -1.00000 -0.00000
1630597393557320 -0.99785 0.06551 0.00000 90.55936 0.06551 0.99785 0.00000 2.88302 0.00000 0.00000 -1.00000 0.00000
1630597393807315 -0.99963 0.02720 -0.00000 89.00250 0.02720 0.99963 0.00000 6.40922 0.00000 0.00000 -1.00000 0.00000
1630597394057926 -1.00000 -0.00142 0.00000 87.22379 -0.00142 1.00000 0.00000 8.88275 -0.00000 0.00000 -1.00000 0.00000
1630597394308547 -0.99978 -0.02109 0.00000 85.64336 -0.02109 0.99978 0.00000 10.66330 -0.00000 0.00000 -1.00000 0.00000
1630597394559165 -0.99938 -0.03534 -0.00000 84.14570 -0.03534 0.99938 0.00000 11.90030 -0.00000 0.00000 -1.00000 0.00000
1630597394809782 -0.99917 -0.04072 0.00000 82.65759 -0.04072 0.99917 0.00000 12.29925 -0.00000 0.00000 -1.00000 0.00000
1630597395060408 -0.99920 -0.03988 0.00000 81.17145 -0.03988 0.99920 0.00000 12.22888 -0.00000 0.00000 -1.00000 0.00000
1630597395309777 -0.99874 -0.05022 0.00000 79.57322 -0.05022 0.99874 0.00000 13.02054 -0.00000 0.00000 -1.00000 0.00000
1630597395559770 -0.99838 -0.05682 0.00000 78.04564 -0.05682 0.99838 0.00000 13.58504 -0.00000 0.00000 -1.00000 0.00000
1630597395809134 -0.99842 -0.05617 0.00000 76.65271 -0.05617 0.99842 0.00000 13.48746 -0.00000 0.00000 -1.00000 0.00000
1630597396058506 -0.99878 -0.04933 0.00000 75.41018 -0.04933 0.99878 0.00000 12.98083 -0.00000 0.00000 -1.00000 0.00000
1630597396307890 -0.99902 -0.04432 0.00000 74.24808 -0.04432 0.99902 0.00000 12.61113 -0.00000 0.00000 -1.00000 0.00000
1630597396557868 -0.99952 -0.03093 -0.00000 73.30112 -0.03093 0.99952 0.00000 11.58193 -0.00000 0.00000 -1.00000 0.00000
1630597396807862 -0.99967 -0.02562 0.00000 72.35606 -0.02562 0.99967 0.00000 11.17297 -0.00000 0.00000 -1.00000 0.00000
1630597397058482 -0.99975 -0.02227 0.00000 71.39382 -0.02227 0.99975 0.00000 10.91982 -0.00000 0.00000 -1.00000 0.00000
1630597397309106 -0.99981 -0.01951 0.00000 70.49363 -0.01951 0.99981 0.00000 10.67950 -0.00000 0.00000 -1.00000 0.00000
1630597397559719 -0.99989 -0.01454 -0.00000 69.62643 -0.01454 0.99989 0.00000 10.33836 -0.00000 0.00000 -1.00000 0.00000
1630597397809721 -0.99989 -0.01458 0.00000 68.81143 -0.01458 0.99989 0.00000 10.26455 -0.00000 0.00000 -1.00000 0.00000
1630597398059705 -0.99995 -0.01008 0.00000 68.00846 -0.01008 0.99995 0.00000 10.04431 -0.00000 0.00000 -1.00000 0.00000
1630597398309078 -0.99995 -0.01041 -0.00000 67.15021 -0.01041 0.99995 0.00000 10.16199 -0.00000 0.00000 -1.00000 0.00000
1630597398558444 -1.00000 -0.00082 0.00000 66.46963 -0.00082 1.00000 0.00000 9.43475 -0.00000 0.00000 -1.00000 0.00000
1630597398807816 -1.00000 0.00091 0.00000 65.65262 0.00091 1.00000 0.00000 9.33243 0.00000 0.00000 -1.00000 0.00000
1630597399057184 -0.99994 0.01057 0.00000 65.05311 0.01057 0.99994 0.00000 8.73995 0.00000 0.00000 -1.00000 0.00000
1630597399305929 -0.99977 0.02129 0.00000 64.26694 0.02129 0.99977 0.00000 7.98087 0.00000 0.00000 -1.00000 0.00000
1630597399556549 -0.99981 0.01956 0.00000 63.54398 0.01956 0.99981 0.00000 8.08304 0.00000 0.00000 -1.00000 0.00000
1630597399806540 -0.99968 0.02546 -0.00000 62.87868 0.02546 0.99968 0.00000 7.70498 0.00000 0.00000 -1.00000 0.00000
1630597400057159 -0.99951 0.03123 0.00000 62.13475 0.03123 0.99951 0.00000 7.27596 0.00000 0.00000 -1.00000 0.00000
1630597400307152 -0.99905 0.04367 -0.00000 61.43668 0.04367 0.99905 0.00000 6.48245 0.00000 0.00000 -1.00000 0.00000
1630597400557145 -0.99867 0.05153 -0.00000 60.60262 0.05153 0.99867 0.00000 5.92801 0.00000 0.00000 -1.00000 0.00000
1630597400807763 -0.99727 0.07389 0.00000 59.82477 0.07389 0.99727 0.00000 4.58799 0.00000 0.00000 -1.00000 0.00000
1630597401057761 -0.99604 0.08894 0.00000 58.93710 0.08894 0.99604 0.00000 3.66522 0.00000 0.00000 -1.00000 0.00000
1630597401308383 -0.99399 0.10944 -0.00000 57.91219 0.10944 0.99399 0.00000 2.40570 0.00000 0.00000 -1.00000 0.00000
1630597401557753 -0.99374 0.11170 0.00000 56.82518 0.11170 0.99374 0.00000 2.25495 0.00000 0.00000 -1.00000 0.00000
1630597401807746 -0.99297 0.11835 0.00000 55.60250 0.11835 0.99297 0.00000 1.84816 0.00000 0.00000 -1.00000 0.00000
1630597402058367 -0.99280 0.11977 0.00000 54.35061 0.11977 0.99280 0.00000 1.81774 0.00000 0.00000 -1.00000 0.00000
1630597402307737 -0.99386 0.11065 0.00000 53.02651 0.11065 0.99386 0.00000 2.17257 0.00000 0.00000 -1.00000 0.00000
1630597402558357 -0.99410 0.10842 0.00000 51.66025 0.10842 0.99410 0.00000 2.32707 0.00000 0.00000 -1.00000 0.00000
1630597402808361 -0.99479 0.10191 0.00000 50.33051 0.10191 0.99479 0.00000 2.70013 0.00000 0.00000 -1.00000 0.00000
1630597403057723 -0.99594 0.09001 0.00000 48.78419 0.09001 0.99594 0.00000 3.19313 0.00000 0.00000 -1.00000 0.00000
1630597403307717 -0.99662 0.08219 0.00000 47.28026 0.08219 0.99662 0.00000 3.56378 0.00000 0.00000 -1.00000 0.00000
1630597403557715 -0.99713 0.07571 0.00000 45.72655 0.07571 0.99713 0.00000 3.87582 0.00000 0.00000 -1.00000 0.00000
1630597403808330 -0.99664 0.08194 0.00000 44.21695 0.08194 0.99664 0.00000 3.62063 0.00000 0.00000 -1.00000 0.00000
1630597404058326 -0.99630 0.08594 0.00000 42.69776 0.08594 0.99630 0.00000 3.37583 0.00000 0.00000 -1.00000 0.00000
1630597404308330 -0.99520 0.09782 -0.00000 41.10753 0.09782 0.99520 0.00000 2.91877 0.00000 0.00000 -1.00000 0.00000
1630597404558315 -0.99400 0.10942 0.00000 39.53460 0.10942 0.99400 0.00000 2.31083 0.00000 0.00000 -1.00000 0.00000
1630597404808310 -0.99298 0.11831 -0.00000 37.90157 0.11831 0.99298 0.00000 1.99166 0.00000 0.00000 -1.00000 0.00000
1630597405058307 -0.99262 0.12127 0.00000 36.30184 0.12127 0.99262 0.00000 1.84941 0.00000 0.00000 -1.00000 0.00000
1630597405308301 -0.99162 0.12921 -0.00000 34.54859 0.12921 0.99162 0.00000 1.53922 0.00000 0.00000 -1.00000 0.00000
1630597405558295 -0.99116 0.13267 0.00000 32.82862 0.13267 0.99116 0.00000 1.21330 0.00000 0.00000 -1.00000 0.00000
1630597405808290 -0.99158 0.12947 -0.00000 31.22727 0.12947 0.99158 0.00000 1.41514 0.00000 0.00000 -1.00000 0.00000
1630597406058288 -0.99240 0.12309 0.00000 29.49201 0.12309 0.99240 0.00000 1.47058 0.00000 0.00000 -1.00000 0.00000
1630597406308322 -0.99400 0.10939 0.00000 27.73169 0.10939 0.99400 0.00000 1.88390 0.00000 0.00000 -1.00000 0.00000
1630597406558276 -0.99370 0.11206 -0.00000 25.98208 0.11206 0.99370 0.00000 1.81325 0.00000 0.00000 -1.00000 0.00000
1630597406808901 -0.99373 0.11182 0.00000 24.26180 0.11182 0.99373 0.00000 1.76428 0.00000 0.00000 -1.00000 0.00000
1630597407058906 -0.99395 0.10979 -0.00000 22.50623 0.10979 0.99395 0.00000 1.77092 0.00000 0.00000 -1.00000 0.00000
1630597407308264 -0.99428 0.10684 0.00000 20.75991 0.10684 0.99428 0.00000 1.69828 0.00000 0.00000 -1.00000 0.00000
1630597407557632 -0.99427 0.10689 0.00000 18.96123 0.10689 0.99427 0.00000 1.74777 0.00000 0.00000 -1.00000 0.00000
1630597407807003 -0.99437 0.10597 0.00000 17.38499 0.10597 0.99437 0.00000 1.74275 0.00000 0.00000 -1.00000 0.00000
1630597408056998 -0.99348 0.11402 0.00000 15.74865 0.11402 0.99348 0.00000 1.63968 0.00000 0.00000 -1.00000 0.00000
1630597408306994 -0.99408 0.10865 0.00000 14.21681 0.10865 0.99408 0.00000 1.74822 0.00000 0.00000 -1.00000 0.00000
1630597408556988 -0.99426 0.10697 0.00000 12.65590 0.10697 0.99426 0.00000 1.77484 0.00000 0.00000 -1.00000 0.00000
1630597408807172 -0.99441 0.10558 0.00000 11.12556 0.10558 0.99441 0.00000 1.82077 0.00000 0.00000 -1.00000 0.00000
1630597409056977 -0.99467 0.10314 0.00000 9.67124 0.10314 0.99467 0.00000 1.84555 0.00000 0.00000 -1.00000 0.00000
1630597409307596 -0.99341 0.11459 0.00000 8.21127 0.11459 0.99341 0.00000 1.63025 0.00000 0.00000 -1.00000 0.00000
1630597409557595 -0.99442 0.10551 0.00000 6.73292 0.10551 0.99442 0.00000 1.70148 0.00000 0.00000 -1.00000 0.00000
1630597409807600 -0.99489 0.10096 0.00000 5.34245 0.10096 0.99489 0.00000 1.64687 0.00000 0.00000 -1.00000 0.00000
1630597410057585 -0.99511 0.09872 0.00000 3.96240 0.09872 0.99511 0.00000 1.71237 0.00000 0.00000 -1.00000 0.00000
1630597410307581 -0.99451 0.10461 -0.00000 2.51244 0.10461 0.99451 0.00000 1.59906 0.00000 0.00000 -1.00000 0.00000
1630597410558197 -0.99408 0.10861 -0.00000 1.13924 0.10861 0.99408 0.00000 1.61019 0.00000 0.00000 -1.00000 0.00000
1630597410808192 -0.99462 0.10357 0.00000 -0.21358 0.10357 0.99462 0.00000 1.54088 0.00000 0.00000 -1.00000 0.00000
1630597411058815 -0.99482 0.10165 0.00000 -1.58770 0.10165 0.99482 0.00000 1.61768 0.00000 0.00000 -1.00000 0.00000
1630597411308187 -0.99530 0.09681 0.00000 -3.01213 0.09681 0.99530 0.00000 1.49921 0.00000 0.00000 -1.00000 0.00000
1630597411558182 -0.99548 0.09492 0.00000 -4.38265 0.09492 0.99548 0.00000 1.46265 0.00000 0.00000 -1.00000 0.00000
1630597411808178 -0.99547 0.09505 0.00000 -5.91869 0.09505 0.99547 0.00000 1.53779 0.00000 0.00000 -1.00000 0.00000
1630597412058173 -0.99569 0.09276 0.00000 -7.39336 0.09276 0.99569 0.00000 1.50347 0.00000 0.00000 -1.00000 0.00000
1630597412308177 -0.99620 0.08707 0.00000 -8.94286 0.08707 0.99620 0.00000 1.49349 0.00000 0.00000 -1.00000 0.00000
1630597412558163 -0.99677 0.08032 0.00000 -10.61362 0.08032 0.99677 0.00000 1.40773 0.00000 0.00000 -1.00000 0.00000
1630597412808784 -0.99626 0.08636 0.00000 -12.26248 0.08636 0.99626 0.00000 1.47391 0.00000 0.00000 -1.00000 0.00000
1630597413058777 -0.99603 0.08899 0.00000 -13.88840 0.08899 0.99603 0.00000 1.37058 0.00000 0.00000 -1.00000 0.00000
1630597413308775 -0.99609 0.08839 -0.00000 -15.60189 0.08839 0.99609 0.00000 1.25511 0.00000 0.00000 -1.00000 0.00000
1630597413558773 -0.99685 0.07928 0.00000 -17.36968 0.07928 0.99685 0.00000 1.15281 0.00000 0.00000 -1.00000 0.00000
1630597413808767 -0.99642 0.08453 0.00000 -19.15607 0.08453 0.99642 0.00000 1.28381 0.00000 0.00000 -1.00000 0.00000
