1618339756109153 0.98169 0.19047 0.00000 3.80555 0.19047 -0.98169 0.00000 0.21222 0.00000 0.00000 -1.00000 0.00000
1618339756359163 0.98169 0.19049 0.00000 3.80553 0.19049 -0.98169 0.00000 0.21227 0.00000 0.00000 -1.00000 0.00000
1618339756609167 0.98169 0.19048 0.00000 3.80553 0.19048 -0.98169 0.00000 0.21223 0.00000 0.00000 -1.00000 0.00000
1618339756859169 0.98169 0.19049 0.00000 3.80556 0.19049 -0.98169 0.00000 0.21230 0.00000 0.00000 -1.00000 0.00000
1618339757109174 0.98169 0.19050 0.00000 3.80557 0.19050 -0.98169 0.00000 0.21234 0.00000 0.00000 -1.00000 0.00000
1618339757359177 0.98169 0.19049 0.00000 3.80557 0.19049 -0.98169 0.00000 0.21228 0.00000 0.00000 -1.00000 0.00000
1618339757608556 0.98169 0.19046 0.00000 3.80554 0.19046 -0.98169 0.00000 0.21218 0.00000 0.00000 -1.00000 0.00000
1618339757858563 0.98169 0.19047 0.00000 3.80557 0.19047 -0.98169 0.00000 0.21223 0.00000 0.00000 -1.00000 0.00000
1618339758108561 0.98169 0.19048 0.00000 3.80555 0.19048 -0.98169 0.00000 0.21225 0.00000 0.00000 -1.00000 0.00000
1618339758358566 0.98169 0.19047 0.00000 3.80555 0.19047 -0.98169 0.00000 0.21221 0.00000 0.00000 -1.00000 0.00000
1618339758609195 0.98169 0.19046 0.00000 3.80559 0.19046 -0.98169 0.00000 0.21220 0.00000 0.00000 -1.00000 0.00000
1618339758858577 0.98169 0.19048 0.00000 3.80558 0.19048 -0.98169 0.00000 0.21224 0.00000 0.00000 -1.00000 0.00000
1618339759109213 0.98169 0.19047 0.00000 3.80555 0.19047 -0.98169 0.00000 0.21220 0.00000 0.00000 -1.00000 0.00000
1618339759359204 0.98169 0.19050 0.00000 3.80555 0.19050 -0.98169 0.00000 0.21234 0.00000 0.00000 -1.00000 0.00000
1618339759609209 0.98169 0.19048 0.00000 3.80559 0.19048 -0.98169 0.00000 0.21227 0.00000 0.00000 -1.00000 0.00000
1618339759859230 0.98169 0.19046 0.00000 3.80557 0.19046 -0.98169 0.00000 0.21220 0.00000 0.00000 -1.00000 0.00000
1618339760109220 0.98169 0.19048 0.00000 3.80553 0.19048 -0.98169 0.00000 0.21225 0.00000 0.00000 -1.00000 0.00000
1618339760359227 0.98169 0.19048 0.00000 3.80554 0.19048 -0.98169 0.00000 0.21225 0.00000 0.00000 -1.00000 0.00000
1618339760609852 0.98169 0.19048 0.00000 3.80557 0.19048 -0.98169 0.00000 0.21225 0.00000 0.00000 -1.00000 0.00000
1618339760859854 0.98169 0.19047 0.00000 3.80557 0.19047 -0.98169 0.00000 0.21220 0.00000 0.00000 -1.00000 0.00000
1618339761109863 0.98170 0.19045 0.00000 3.80554 0.19045 -0.98170 0.00000 0.21214 0.00000 0.00000 -1.00000 0.00000
1618339761359865 0.98170 0.19045 0.00000 3.80554 0.19045 -0.98170 0.00000 0.21213 0.00000 0.00000 -1.00000 0.00000
1618339761609873 0.98170 0.19044 0.00000 3.80558 0.19044 -0.98170 0.00000 0.21209 0.00000 0.00000 -1.00000 0.00000
1618339761859247 0.98170 0.19043 0.00000 3.80559 0.19043 -0.98170 0.00000 0.21207 0.00000 0.00000 -1.00000 0.00000
1618339762109251 0.98170 0.19044 0.00000 3.80553 0.19044 -0.98170 0.00000 0.21212 0.00000 0.00000 -1.00000 0.00000
1618339762359261 0.98170 0.19043 0.00000 3.80552 0.19043 -0.98170 0.00000 0.21211 0.00000 0.00000 -1.00000 0.00000
1618339762609886 0.98170 0.19043 0.00000 3.80557 0.19043 -0.98170 0.00000 0.21209 0.00000 0.00000 -1.00000 0.00000
1618339762859889 0.98170 0.19044 0.00000 3.80560 0.19044 -0.98170 0.00000 0.21209 0.00000 0.00000 -1.00000 0.00000
1618339763109893 0.98170 0.19042 0.00000 3.80556 0.19042 -0.98170 0.00000 0.21202 0.00000 0.00000 -1.00000 0.00000
1618339763359894 0.98170 0.19042 0.00000 3.80552 0.19042 -0.98170 0.00000 0.21203 0.00000 0.00000 -1.00000 0.00000
1618339763609899 0.98171 0.19040 0.00000 3.80555 0.19040 -0.98171 0.00000 0.21198 0.00000 0.00000 -1.00000 0.00000
1618339763859287 0.98171 0.19037 0.00000 3.80559 0.19037 -0.98171 0.00000 0.21186 0.00000 0.00000 -1.00000 0.00000
1618339764109288 0.98171 0.19037 0.00000 3.80557 0.19037 -0.98171 0.00000 0.21187 0.00000 0.00000 -1.00000 0.00000
1618339764359918 0.98171 0.19037 0.00000 3.80555 0.19037 -0.98171 0.00000 0.21185 0.00000 0.00000 -1.00000 0.00000
1618339764609919 0.98171 0.19036 0.00000 3.80558 0.19036 -0.98171 0.00000 0.21180 0.00000 0.00000 -1.00000 0.00000
1618339764859925 0.98172 0.19035 0.00000 3.80560 0.19035 -0.98172 0.00000 0.21171 0.00000 0.00000 -1.00000 0.00000
1618339765109925 0.98171 0.19036 0.00000 3.80558 0.19036 -0.98171 0.00000 0.21175 0.00000 0.00000 -1.00000 0.00000
1618339765359935 0.98172 0.19036 0.00000 3.80552 0.19036 -0.98172 0.00000 0.21169 0.00000 0.00000 -1.00000 0.00000
1618339765609934 0.98172 0.19035 0.00000 3.80554 0.19035 -0.98172 0.00000 0.21175 0.00000 0.00000 -1.00000 0.00000
1618339765859942 0.98171 0.19036 0.00000 3.80557 0.19036 -0.98171 0.00000 0.21178 0.00000 0.00000 -1.00000 0.00000
1618339766109946 0.98171 0.19036 0.00000 3.80556 0.19036 -0.98171 0.00000 0.21185 0.00000 0.00000 -1.00000 0.00000
1618339766359941 0.98171 0.19038 0.00000 3.80553 0.19038 -0.98171 0.00000 0.21186 0.00000 0.00000 -1.00000 0.00000
1618339766609951 0.98170 0.19042 0.00000 3.80556 0.19042 -0.98170 0.00000 0.21200 0.00000 0.00000 -1.00000 0.00000
1618339766859951 0.98171 0.19040 0.00000 3.80553 0.19040 -0.98171 0.00000 0.21193 0.00000 0.00000 -1.00000 0.00000
1618339767109970 0.98171 0.19038 0.00000 3.80553 0.19038 -0.98171 0.00000 0.21186 0.00000 0.00000 -1.00000 0.00000
1618339767359961 0.98171 0.19036 0.00000 3.80564 0.19036 -0.98171 0.00000 0.21170 0.00000 0.00000 -1.00000 0.00000
1618339767609962 0.98172 0.19035 0.00000 3.80546 0.19035 -0.98172 0.00000 0.21184 0.00000 0.00000 -1.00000 0.00000
1618339767859980 0.98165 0.19068 0.00000 3.79861 0.19068 -0.98165 0.00000 0.21281 0.00000 0.00000 -1.00000 0.00000
1618339768109972 0.98177 0.19007 0.00000 3.76850 0.19007 -0.98177 0.00000 0.20954 0.00000 0.00000 -1.00000 0.00000
1618339768359982 0.98225 0.18759 0.00000 3.70092 0.18759 -0.98225 0.00000 0.19951 0.00000 0.00000 -1.00000 0.00000
1618339768609982 0.98347 0.18108 0.00000 3.54816 0.18108 -0.98347 0.00000 0.16982 0.00000 0.00000 -1.00000 0.00000
1618339768859989 0.98561 0.16903 0.00000 3.28581 0.16903 -0.98561 0.00000 0.11509 0.00000 0.00000 -1.00000 0.00000
1618339769109987 0.98834 0.15226 0.00000 2.92819 0.15226 -0.98834 0.00000 0.04534 0.00000 0.00000 -1.00000 0.00000
1618339769360615 0.99127 0.13185 0.00000 2.47920 0.13185 -0.99127 0.00000 -0.03451 0.00000 0.00000 -1.00000 0.00000
1618339769609999 0.99379 0.11130 0.00000 1.93912 0.11130 -0.99379 0.00000 -0.10314 0.00000 0.00000 -1.00000 0.00000
1618339769859374 0.99557 0.09406 0.00000 1.29626 0.09406 -0.99557 0.00000 -0.14860 0.00000 0.00000 -1.00000 0.00000
1618339770110009 0.99663 0.08199 0.00000 0.54859 0.08199 -0.99663 0.00000 -0.18790 0.00000 0.00000 -1.00000 0.00000
1618339770359385 0.99711 0.07597 0.00000 -0.28845 0.07597 -0.99711 0.00000 -0.21340 0.00000 0.00000 -1.00000 0.00000
1618339770609390 0.99707 0.07655 0.00000 -1.22217 0.07655 -0.99707 0.00000 -0.21475 0.00000 0.00000 -1.00000 0.00000
1618339770859395 0.99671 0.08104 0.00000 -2.22571 0.08104 -0.99671 0.00000 -0.23832 0.00000 0.00000 -1.00000 0.00000
1618339771109395 0.99613 0.08789 0.00000 -3.30912 0.08789 -0.99613 0.00000 -0.27523 0.00000 0.00000 -1.00000 0.00000
1618339771359401 0.99548 0.09496 0.00000 -4.46509 0.09496 -0.99548 0.00000 -0.30151 0.00000 0.00000 -1.00000 0.00000
1618339771609405 0.99451 0.10469 0.00000 -5.64764 0.10469 -0.99451 0.00000 -0.36707 0.00000 0.00000 -1.00000 0.00000
1618339771859409 0.99339 0.11475 0.00000 -6.89310 0.11475 -0.99339 0.00000 -0.44726 0.00000 0.00000 -1.00000 0.00000
1618339772110042 0.99237 0.12330 0.00000 -8.21115 0.12330 -0.99237 0.00000 -0.52286 0.00000 0.00000 -1.00000 0.00000
1618339772360043 0.99133 0.13141 0.00000 -9.57597 0.13141 -0.99133 0.00000 -0.60890 0.00000 0.00000 -1.00000 0.00000
1618339772609422 0.99062 0.13663 0.00000 -11.00140 0.13663 -0.99062 0.00000 -0.69114 0.00000 0.00000 -1.00000 0.00000
1618339772860053 0.99003 0.14084 0.00000 -12.53054 0.14084 -0.99003 0.00000 -0.76413 0.00000 0.00000 -1.00000 0.00000
1618339773110058 0.98944 0.14492 0.00000 -14.08202 0.14492 -0.98944 0.00000 -0.83177 0.00000 0.00000 -1.00000 0.00000
1618339773359437 0.98904 0.14766 0.00000 -15.66973 0.14766 -0.98904 0.00000 -0.90554 0.00000 0.00000 -1.00000 0.00000
1618339773610060 0.98853 0.15104 0.00000 -17.38564 0.15104 -0.98853 0.00000 -0.98083 0.00000 0.00000 -1.00000 0.00000
1618339773859442 0.98797 0.15464 0.00000 -19.10895 0.15464 -0.98797 0.00000 -1.08745 0.00000 0.00000 -1.00000 0.00000
1618339774109442 0.98740 0.15821 0.00000 -20.91722 0.15821 -0.98740 0.00000 -1.19623 0.00000 0.00000 -1.00000 0.00000
1618339774359452 0.98627 0.16515 0.00000 -22.77196 0.16515 -0.98627 0.00000 -1.39233 0.00000 0.00000 -1.00000 0.00000
1618339774609452 0.98477 0.17384 0.00000 -24.62514 0.17384 -0.98477 0.00000 -1.63489 0.00000 0.00000 -1.00000 0.00000
1618339774859462 0.98341 0.18139 0.00000 -26.49695 0.18139 -0.98341 0.00000 -1.86458 0.00000 0.00000 -1.00000 0.00000
1618339775109473 0.98196 0.18910 0.00000 -28.38251 0.18910 -0.98196 0.00000 -2.13161 0.00000 0.00000 -1.00000 0.00000
1618339775360088 0.98010 0.19849 0.00000 -30.28787 0.19849 -0.98010 0.00000 -2.46322 0.00000 0.00000 -1.00000 0.00000
1618339775610093 0.97799 0.20865 0.00000 -32.23785 0.20865 -0.97799 0.00000 -2.80279 0.00000 0.00000 -1.00000 0.00000
1618339775860138 0.97612 0.21725 0.00000 -34.14825 0.21725 -0.97612 0.00000 -3.12761 0.00000 0.00000 -1.00000 0.00000
1618339776110106 0.97339 0.22914 0.00000 -36.14369 0.22914 -0.97339 0.00000 -3.57658 0.00000 0.00000 -1.00000 0.00000
1618339776360734 0.97090 0.23949 0.00000 -38.13383 0.23949 -0.97090 0.00000 -4.01652 0.00000 0.00000 -1.00000 0.00000
1618339776610734 0.96815 0.25039 0.00000 -40.10548 0.25039 -0.96815 0.00000 -4.47867 0.00000 0.00000 -1.00000 0.00000
1618339776861365 0.96608 0.25822 0.00000 -42.17312 0.25822 -0.96608 0.00000 -4.84345 0.00000 0.00000 -1.00000 0.00000
1618339777111371 0.96481 0.26295 0.00000 -44.21332 0.26295 -0.96481 0.00000 -5.09658 0.00000 0.00000 -1.00000 0.00000
1618339777360749 0.96429 0.26485 0.00000 -46.30334 0.26485 -0.96429 0.00000 -5.22793 0.00000 0.00000 -1.00000 0.00000
1618339777611377 0.96402 0.26581 0.00000 -48.40209 0.26581 -0.96402 0.00000 -5.30992 0.00000 0.00000 -1.00000 0.00000
1618339777860765 0.96390 0.26626 0.00000 -50.50396 0.26626 -0.96390 0.00000 -5.38728 0.00000 0.00000 -1.00000 0.00000
1618339778110758 0.96394 0.26614 0.00000 -52.60794 0.26614 -0.96394 0.00000 -5.42527 0.00000 0.00000 -1.00000 0.00000
1618339778360764 0.96351 0.26769 0.00000 -54.67169 0.26769 -0.96351 0.00000 -5.56683 0.00000 0.00000 -1.00000 0.00000
1618339778610768 0.96353 0.26760 0.00000 -56.78205 0.26760 -0.96353 0.00000 -5.60613 0.00000 0.00000 -1.00000 0.00000
1618339778860147 0.96345 0.26788 0.00000 -58.86897 0.26788 -0.96345 0.00000 -5.68037 0.00000 0.00000 -1.00000 0.00000
1618339779110151 0.96352 0.26765 0.00000 -60.95942 0.26765 -0.96352 0.00000 -5.71715 0.00000 0.00000 -1.00000 0.00000
1618339779360157 0.96334 0.26829 0.00000 -63.03990 0.26829 -0.96334 0.00000 -5.79414 0.00000 0.00000 -1.00000 0.00000
1618339779610610 0.96297 0.26961 0.00000 -65.12135 0.26961 -0.96297 0.00000 -5.90857 0.00000 0.00000 -1.00000 0.00000
1618339779860160 0.96304 0.26938 0.00000 -67.19609 0.26938 -0.96304 0.00000 -5.92922 0.00000 0.00000 -1.00000 0.00000
1618339780110166 0.96285 0.27004 0.00000 -69.26994 0.27004 -0.96285 0.00000 -6.02239 0.00000 0.00000 -1.00000 0.00000
1618339780360163 0.96318 0.26886 0.00000 -71.34802 0.26886 -0.96318 0.00000 -5.97167 0.00000 0.00000 -1.00000 0.00000
1618339780610172 0.96447 0.26421 0.00000 -73.42526 0.26421 -0.96447 0.00000 -5.66288 0.00000 0.00000 -1.00000 0.00000
1618339780860178 0.96731 0.25361 0.00000 -75.51664 0.25361 -0.96731 0.00000 -4.88469 0.00000 0.00000 -1.00000 0.00000
1618339781110179 0.97228 0.23384 0.00000 -77.61280 0.23384 -0.97228 0.00000 -3.34715 0.00000 0.00000 -1.00000 0.00000
1618339781360182 0.97986 0.19967 0.00000 -79.67218 0.19967 -0.97986 0.00000 -0.64156 0.00000 0.00000 -1.00000 0.00000
1618339781610186 0.98705 0.16043 0.00000 -81.64493 0.16043 -0.98705 0.00000 2.53422 0.00000 0.00000 -1.00000 0.00000
1618339781860821 0.99323 0.11613 0.00000 -83.44456 0.11613 -0.99323 0.00000 6.16625 0.00000 0.00000 -1.00000 0.00000
1618339782110203 0.99735 0.07277 0.00000 -85.04905 0.07277 -0.99735 0.00000 9.79081 0.00000 0.00000 -1.00000 0.00000
1618339782360200 0.99962 0.02757 0.00000 -86.50597 0.02757 -0.99962 0.00000 13.62555 0.00000 0.00000 -1.00000 0.00000
1618339782610203 0.99971 -0.02427 0.00000 -87.65029 -0.02427 -0.99971 0.00000 18.09367 0.00000 -0.00000 -1.00000 0.00000
1618339782859589 0.99683 -0.07953 0.00000 -88.45974 -0.07953 -0.99683 0.00000 22.90549 0.00000 -0.00000 -1.00000 0.00000
1618339783109596 0.99079 -0.13542 0.00000 -88.95066 -0.13542 -0.99079 0.00000 27.83654 0.00000 -0.00000 -1.00000 0.00000
1618339783359596 0.98125 -0.19272 0.00000 -89.11849 -0.19272 -0.98125 0.00000 32.95293 0.00000 -0.00000 -1.00000 0.00000
1618339783608973 0.96732 -0.25355 0.00000 -88.79486 -0.25355 -0.96732 0.00000 38.46312 0.00000 -0.00000 -1.00000 0.00000
1618339783858355 0.94787 -0.31864 0.00000 -87.87779 -0.31864 -0.94787 0.00000 44.39982 0.00000 -0.00000 -1.00000 0.00000
1618339784107729 0.92454 -0.38107 0.00000 -86.61495 -0.38107 -0.92454 0.00000 50.15997 0.00000 -0.00000 -1.00000 0.00000
1618339784357749 0.89726 -0.44151 0.00000 -84.99813 -0.44151 -0.89726 0.00000 55.78910 0.00000 -0.00000 -1.00000 0.00000
1618339784608365 0.86539 -0.50110 0.00000 -82.90187 -0.50110 -0.86539 0.00000 61.40787 0.00000 -0.00000 -1.00000 0.00000
1618339784858371 0.82973 -0.55816 0.00000 -80.42942 -0.55816 -0.82973 0.00000 66.83041 0.00000 -0.00000 -1.00000 0.00000
1618339785108366 0.79031 -0.61271 0.00000 -77.60234 -0.61271 -0.79031 0.00000 72.07972 0.00000 -0.00000 -1.00000 0.00000
1618339785357752 0.74846 -0.66317 0.00000 -74.56022 -0.66317 -0.74846 0.00000 77.01879 0.00000 -0.00000 -1.00000 0.00000
1618339785607755 0.70442 -0.70978 0.00000 -71.29775 -0.70978 -0.70442 0.00000 81.63368 0.00000 -0.00000 -1.00000 0.00000
1618339785857136 0.66207 -0.74944 0.00000 -68.30995 -0.74944 -0.66207 0.00000 85.61070 0.00000 -0.00000 -1.00000 0.00000
1618339786106513 0.62191 -0.78309 0.00000 -65.60637 -0.78309 -0.62191 0.00000 89.05733 0.00000 -0.00000 -1.00000 0.00000
1618339786355891 0.58195 -0.81323 0.00000 -62.95208 -0.81323 -0.58195 0.00000 92.20678 0.00000 -0.00000 -1.00000 0.00000
1618339786605895 0.55223 -0.83369 0.00000 -61.49220 -0.83369 -0.55223 0.00000 94.39852 0.00000 -0.00000 -1.00000 0.00000
1618339786855278 0.53133 -0.84716 0.00000 -61.04658 -0.84716 -0.53133 0.00000 95.88913 0.00000 -0.00000 -1.00000 0.00000
1618339787104655 0.52335 -0.85212 0.00000 -62.09098 -0.85212 -0.52335 0.00000 96.44583 0.00000 -0.00000 -1.00000 0.00000
1618339787354655 0.52702 -0.84985 0.00000 -64.47937 -0.84985 -0.52702 0.00000 96.15476 0.00000 -0.00000 -1.00000 0.00000
1618339787604037 0.53847 -0.84265 0.00000 -67.76304 -0.84265 -0.53847 0.00000 95.23732 0.00000 -0.00000 -1.00000 0.00000
1618339787853415 0.55391 -0.83258 0.00000 -71.51320 -0.83258 -0.55391 0.00000 93.91314 0.00000 -0.00000 -1.00000 0.00000
1618339788103420 0.57568 -0.81767 0.00000 -76.00355 -0.81767 -0.57568 0.00000 91.92811 0.00000 -0.00000 -1.00000 0.00000
1618339788353420 0.60111 -0.79917 0.00000 -80.91360 -0.79917 -0.60111 0.00000 89.43229 0.00000 -0.00000 -1.00000 0.00000
1618339788602798 0.62353 -0.78180 0.00000 -85.50672 -0.78180 -0.62353 0.00000 87.05784 0.00000 -0.00000 -1.00000 0.00000
1618339788852808 0.64398 -0.76504 0.00000 -89.86819 -0.76504 -0.64398 0.00000 84.69776 0.00000 -0.00000 -1.00000 0.00000
1618339789103439 0.66410 -0.74765 0.00000 -94.22897 -0.74765 -0.66410 0.00000 82.20613 0.00000 -0.00000 -1.00000 0.00000
1618339789354690 0.68323 -0.73021 0.00000 -98.49185 -0.73021 -0.68323 0.00000 79.66966 0.00000 -0.00000 -1.00000 0.00000
1618339789605320 0.69979 -0.71435 0.00000 -102.43379 -0.71435 -0.69979 0.00000 77.32933 0.00000 -0.00000 -1.00000 0.00000
1618339789855947 0.71492 -0.69921 0.00000 -106.21921 -0.69921 -0.71492 0.00000 75.06825 0.00000 -0.00000 -1.00000 0.00000
1618339790106575 0.72711 -0.68652 0.00000 -109.67550 -0.68652 -0.72711 0.00000 73.13140 0.00000 -0.00000 -1.00000 0.00000
1618339790356579 0.73995 -0.67266 0.00000 -113.14317 -0.67266 -0.73995 0.00000 70.99346 0.00000 -0.00000 -1.00000 0.00000
1618339790606585 0.75106 -0.66024 0.00000 -116.44575 -0.66024 -0.75106 0.00000 69.03922 0.00000 -0.00000 -1.00000 0.00000
1618339790856591 0.76157 -0.64808 0.00000 -119.61779 -0.64808 -0.76157 0.00000 67.10357 0.00000 -0.00000 -1.00000 0.00000
1618339791106604 0.77238 -0.63516 0.00000 -122.81008 -0.63516 -0.77238 0.00000 65.02598 0.00000 -0.00000 -1.00000 0.00000
1618339791357222 0.78071 -0.62489 0.00000 -125.74677 -0.62489 -0.78071 0.00000 63.34452 0.00000 -0.00000 -1.00000 0.00000
1618339791606600 0.79042 -0.61256 0.00000 -128.74444 -0.61256 -0.79042 0.00000 61.30384 0.00000 -0.00000 -1.00000 0.00000
1618339791856615 0.79900 -0.60133 0.00000 -131.63945 -0.60133 -0.79900 0.00000 59.43346 0.00000 -0.00000 -1.00000 0.00000
1618339792106609 0.80657 -0.59114 0.00000 -134.38748 -0.59114 -0.80657 0.00000 57.71314 0.00000 -0.00000 -1.00000 0.00000
1618339792357237 0.81371 -0.58128 0.00000 -137.07342 -0.58128 -0.81371 0.00000 56.03596 0.00000 -0.00000 -1.00000 0.00000
1618339792607244 0.81995 -0.57244 0.00000 -139.64350 -0.57244 -0.81995 0.00000 54.52077 0.00000 -0.00000 -1.00000 0.00000
1618339792857248 0.82592 -0.56379 0.00000 -142.13897 -0.56379 -0.82592 0.00000 53.02514 0.00000 -0.00000 -1.00000 0.00000
1618339793106623 0.83599 -0.54875 0.00000 -144.94506 -0.54875 -0.83599 0.00000 50.37978 0.00000 -0.00000 -1.00000 0.00000
1618339793356002 0.85553 -0.51776 0.00000 -148.50901 -0.51776 -0.85553 0.00000 44.98285 0.00000 -0.00000 -1.00000 0.00000
1618339793606004 0.88166 -0.47189 0.00000 -152.41273 -0.47189 -0.88166 0.00000 37.01433 0.00000 -0.00000 -1.00000 0.00000
1618339793856012 0.91388 -0.40598 0.00000 -156.38241 -0.40598 -0.91388 0.00000 25.67851 0.00000 -0.00000 -1.00000 0.00000
1618339794106014 0.94669 -0.32215 0.00000 -159.64036 -0.32215 -0.94669 0.00000 11.43239 0.00000 -0.00000 -1.00000 0.00000
1618339794356026 0.97561 -0.21951 0.00000 -161.46032 -0.21951 -0.97561 0.00000 -5.70225 0.00000 -0.00000 -1.00000 0.00000
1618339794606647 0.99450 -0.10477 0.00000 -161.13500 -0.10477 -0.99450 0.00000 -24.46771 0.00000 -0.00000 -1.00000 0.00000
1618339794856029 0.99982 0.01922 0.00000 -158.19540 0.01922 -0.99982 0.00000 -44.28272 0.00000 0.00000 -1.00000 0.00000
1618339795106031 0.98806 0.15409 0.00000 -152.02013 0.15409 -0.98806 0.00000 -65.28005 0.00000 0.00000 -1.00000 0.00000
1618339795356034 0.95364 0.30096 0.00000 -141.66858 0.30096 -0.95364 0.00000 -87.44345 0.00000 0.00000 -1.00000 0.00000
1618339795606659 0.89110 0.45380 0.00000 -126.48423 0.45380 -0.89110 0.00000 -109.59121 0.00000 0.00000 -1.00000 0.00000
1618339795856683 0.79985 0.60020 0.00000 -106.86465 0.60020 -0.79985 0.00000 -129.72274 0.00000 0.00000 -1.00000 0.00000
1618339796106677 0.68007 0.73314 0.00000 -83.11647 0.73314 -0.68007 0.00000 -146.71322 0.00000 0.00000 -1.00000 0.00000
1618339796356679 0.53458 0.84512 0.00000 -55.95750 0.84512 -0.53458 0.00000 -159.45035 0.00000 0.00000 -1.00000 0.00000
1618339796606681 0.36625 0.93052 0.00000 -26.03764 0.93052 -0.36625 0.00000 -167.13824 0.00000 0.00000 -1.00000 0.00000
1618339796856688 0.18215 0.98327 0.00000 5.27315 0.98327 -0.18215 0.00000 -169.05145 0.00000 0.00000 -1.00000 0.00000
1618339797106687 -0.01539 0.99988 0.00000 37.50434 0.99988 0.01539 0.00000 -164.69580 0.00000 0.00000 -1.00000 0.00000
1618339797357316 -0.21331 0.97698 0.00000 68.41786 0.97698 0.21331 0.00000 -153.99207 0.00000 0.00000 -1.00000 0.00000
1618339797607945 -0.40127 0.91596 0.00000 96.38788 0.91596 0.40127 0.00000 -137.53918 0.00000 0.00000 -1.00000 0.00000
1618339797858573 -0.57019 0.82152 0.00000 120.10705 0.82152 0.57019 0.00000 -116.38153 0.00000 0.00000 -1.00000 0.00000
1618339798108576 -0.70964 0.70456 0.00000 138.23317 0.70456 0.70964 0.00000 -92.68115 0.00000 0.00000 -1.00000 0.00000
1618339798359211 -0.81900 0.57380 0.00000 150.95013 0.57380 0.81900 0.00000 -67.86895 0.00000 0.00000 -1.00000 0.00000
1618339798609839 -0.89791 0.44018 0.00000 158.57914 0.44018 0.89791 0.00000 -43.70286 0.00000 0.00000 -1.00000 0.00000
1618339798860467 -0.94743 0.31996 0.00000 161.80682 0.31996 0.94743 0.00000 -22.77615 0.00000 0.00000 -1.00000 0.00000
1618339799110486 -0.97547 0.22015 0.00000 162.14333 0.22015 0.97547 0.00000 -5.92964 0.00000 0.00000 -1.00000 0.00000
1618339799360476 -0.98936 0.14548 0.00000 160.93848 0.14548 0.98936 0.00000 6.38027 0.00000 0.00000 -1.00000 0.00000
1618339799611104 -0.99565 0.09319 0.00000 159.16701 0.09319 0.99565 0.00000 14.83881 0.00000 0.00000 -1.00000 0.00000
1618339799861113 -0.99827 0.05888 0.00000 157.30151 0.05888 0.99827 0.00000 20.27415 0.00000 0.00000 -1.00000 0.00000
1618339800111112 -0.99915 0.04110 0.00000 155.59057 0.04110 0.99915 0.00000 23.06525 0.00000 0.00000 -1.00000 0.00000
1618339800361116 -0.99937 0.03555 0.00000 154.11749 0.03555 0.99937 0.00000 23.89843 0.00000 0.00000 -1.00000 0.00000
1618339800611116 -0.99906 0.04333 0.00000 152.91557 0.04333 0.99906 0.00000 22.67327 0.00000 0.00000 -1.00000 0.00000
1618339800860501 -0.99809 0.06179 0.00000 151.85955 0.06179 0.99809 0.00000 19.82907 0.00000 0.00000 -1.00000 0.00000
1618339801110507 -0.99592 0.09023 0.00000 150.87890 0.09023 0.99592 0.00000 15.45792 0.00000 0.00000 -1.00000 0.00000
1618339801361131 -0.99214 0.12517 0.00000 149.82055 0.12517 0.99214 0.00000 10.14430 0.00000 0.00000 -1.00000 0.00000
1618339801611136 -0.98505 0.17225 0.00000 148.60243 0.17225 0.98505 0.00000 2.98354 0.00000 0.00000 -1.00000 0.00000
1618339801860516 -0.97442 0.22473 0.00000 146.95370 0.22473 0.97442 0.00000 -4.98243 0.00000 0.00000 -1.00000 0.00000
1618339802110517 -0.96104 0.27642 0.00000 144.86874 0.27642 0.96104 0.00000 -12.83776 0.00000 0.00000 -1.00000 0.00000
1618339802359901 -0.94477 0.32775 0.00000 142.35890 0.32775 0.94477 0.00000 -20.62773 0.00000 0.00000 -1.00000 0.00000
1618339802609904 -0.92584 0.37793 0.00000 139.39087 0.37793 0.92584 0.00000 -28.25522 0.00000 0.00000 -1.00000 0.00000
1618339802859904 -0.90436 0.42677 0.00000 135.99671 0.42677 0.90436 0.00000 -35.66930 0.00000 0.00000 -1.00000 0.00000
1618339803109285 -0.88009 0.47481 0.00000 132.16197 0.47481 0.88009 0.00000 -42.94723 0.00000 0.00000 -1.00000 0.00000
1618339803359292 -0.85316 0.52165 0.00000 127.89940 0.52165 0.85316 0.00000 -50.04455 0.00000 0.00000 -1.00000 0.00000
1618339803608669 -0.82439 0.56602 0.00000 123.29690 0.56602 0.82439 0.00000 -56.74699 0.00000 0.00000 -1.00000 0.00000
1618339803858052 -0.79532 0.60619 0.00000 118.50728 0.60619 0.79532 0.00000 -62.80865 0.00000 0.00000 -1.00000 0.00000
1618339804108051 -0.76522 0.64377 0.00000 113.48301 0.64377 0.76522 0.00000 -68.46420 0.00000 0.00000 -1.00000 0.00000
1618339804358686 -0.73321 0.68000 0.00000 108.13414 0.68000 0.73321 0.00000 -73.89390 0.00000 0.00000 -1.00000 0.00000
1618339804608058 -0.70171 0.71246 0.00000 102.73609 0.71246 0.70171 0.00000 -78.72124 0.00000 0.00000 -1.00000 0.00000
1618339804858058 -0.66944 0.74286 0.00000 97.18453 0.74286 0.66944 0.00000 -83.19670 0.00000 0.00000 -1.00000 0.00000
1618339805106817 -0.64150 0.76712 0.00000 92.02228 0.76712 0.64150 0.00000 -86.73750 0.00000 0.00000 -1.00000 0.00000
1618339805356821 -0.61992 0.78466 0.00000 87.49228 0.78466 0.61992 0.00000 -89.28805 0.00000 0.00000 -1.00000 0.00000
1618339805606201 -0.60657 0.79503 0.00000 83.89762 0.79503 0.60657 0.00000 -90.80505 0.00000 0.00000 -1.00000 0.00000
1618339805856208 -0.59562 0.80327 0.00000 80.49988 0.80327 0.59562 0.00000 -91.99713 0.00000 0.00000 -1.00000 0.00000
1618339806106204 -0.58435 0.81150 0.00000 77.05327 0.81150 0.58435 0.00000 -93.15138 0.00000 0.00000 -1.00000 0.00000
1618339806356209 -0.57316 0.81944 0.00000 73.61902 0.81944 0.57316 0.00000 -94.23295 0.00000 0.00000 -1.00000 0.00000
1618339806605586 -0.56234 0.82691 0.00000 70.23463 0.82691 0.56234 0.00000 -95.23116 0.00000 0.00000 -1.00000 0.00000
1618339806855596 -0.55580 0.83131 0.00000 67.34705 0.83131 0.55580 0.00000 -95.82657 0.00000 0.00000 -1.00000 0.00000
1618339807105601 -0.55704 0.83049 0.00000 65.35904 0.83049 0.55704 0.00000 -95.78875 0.00000 0.00000 -1.00000 0.00000
1618339807355601 -0.56955 0.82195 0.00000 64.67691 0.82195 0.56955 0.00000 -94.85702 0.00000 0.00000 -1.00000 0.00000
1618339807605603 -0.59090 0.80675 0.00000 65.03475 0.80675 0.59090 0.00000 -93.20053 0.00000 0.00000 -1.00000 0.00000
1618339807855628 -0.61987 0.78471 0.00000 66.28251 0.78471 0.61987 0.00000 -90.84976 0.00000 0.00000 -1.00000 0.00000
1618339808105613 -0.65622 0.75457 0.00000 68.41210 0.75457 0.65622 0.00000 -87.70673 0.00000 0.00000 -1.00000 0.00000
1618339808356245 -0.69878 0.71533 0.00000 71.28522 0.71533 0.69878 0.00000 -83.69104 0.00000 0.00000 -1.00000 0.00000
1618339808606246 -0.74395 0.66824 0.00000 74.56766 0.66824 0.74395 0.00000 -78.94931 0.00000 0.00000 -1.00000 0.00000
1618339808856255 -0.78829 0.61530 0.00000 77.80014 0.61530 0.78829 0.00000 -73.69537 0.00000 0.00000 -1.00000 0.00000
1618339809106255 -0.82912 0.55907 0.00000 80.72419 0.55907 0.82912 0.00000 -68.21142 0.00000 0.00000 -1.00000 0.00000
1618339809356268 -0.86582 0.50036 0.00000 83.28349 0.50036 0.86582 0.00000 -62.54394 0.00000 0.00000 -1.00000 0.00000
1618339809606261 -0.89892 0.43811 0.00000 85.52378 0.43811 0.89892 0.00000 -56.60073 0.00000 0.00000 -1.00000 0.00000
1618339809856267 -0.92818 0.37212 0.00000 87.42439 0.37212 0.92818 0.00000 -50.35925 0.00000 0.00000 -1.00000 0.00000
1618339810106272 -0.95118 0.30863 0.00000 88.67472 0.30863 0.95118 0.00000 -44.42929 0.00000 0.00000 -1.00000 0.00000
1618339810356277 -0.96977 0.24404 0.00000 89.52477 0.24404 0.96977 0.00000 -38.42911 0.00000 0.00000 -1.00000 0.00000
1618339810606904 -0.98304 0.18339 0.00000 89.79302 0.18339 0.98304 0.00000 -32.88228 0.00000 0.00000 -1.00000 0.00000
1618339810856906 -0.99277 0.12004 0.00000 89.75913 0.12004 0.99277 0.00000 -27.13746 0.00000 0.00000 -1.00000 0.00000
1618339811106911 -0.99835 0.05741 0.00000 89.33497 0.05741 0.99835 0.00000 -21.53599 0.00000 0.00000 -1.00000 0.00000
1618339811356288 -0.99998 -0.00677 -0.00000 88.57122 -0.00677 0.99998 0.00000 -15.84294 0.00000 0.00000 -1.00000 0.00000
1618339811606300 -0.99769 -0.06796 -0.00000 87.36693 -0.06796 0.99769 0.00000 -10.44450 0.00000 0.00000 -1.00000 0.00000
1618339811856928 -0.99261 -0.12133 -0.00000 85.78078 -0.12133 0.99261 0.00000 -5.81261 0.00000 0.00000 -1.00000 0.00000
1618339812106928 -0.98610 -0.16614 -0.00000 83.94113 -0.16614 0.98610 0.00000 -1.97842 0.00000 0.00000 -1.00000 0.00000
1618339812356933 -0.97890 -0.20434 -0.00000 81.93419 -0.20434 0.97890 0.00000 1.23315 0.00000 0.00000 -1.00000 0.00000
1618339812606941 -0.97295 -0.23103 -0.00000 79.80282 -0.23103 0.97295 0.00000 3.41625 0.00000 0.00000 -1.00000 0.00000
1618339812856317 -0.96846 -0.24917 -0.00000 77.67716 -0.24917 0.96846 0.00000 4.88534 0.00000 0.00000 -1.00000 0.00000
1618339813106319 -0.96612 -0.25809 -0.00000 75.56007 -0.25809 0.96612 0.00000 5.56007 0.00000 0.00000 -1.00000 0.00000
1618339813356319 -0.96342 -0.26801 -0.00000 73.39084 -0.26801 0.96342 0.00000 6.28685 0.00000 0.00000 -1.00000 0.00000
1618339813606328 -0.96121 -0.27581 -0.00000 71.21912 -0.27581 0.96121 0.00000 6.83829 0.00000 0.00000 -1.00000 0.00000
1618339813856960 -0.96172 -0.27405 -0.00000 69.08105 -0.27405 0.96172 0.00000 6.68352 0.00000 0.00000 -1.00000 0.00000
1618339814106333 -0.96339 -0.26811 -0.00000 66.96759 -0.26811 0.96339 0.00000 6.20877 0.00000 0.00000 -1.00000 0.00000
1618339814356353 -0.96459 -0.26377 -0.00000 64.82886 -0.26377 0.96459 0.00000 5.87669 0.00000 0.00000 -1.00000 0.00000
1618339814606342 -0.96612 -0.25810 -0.00000 62.68681 -0.25810 0.96612 0.00000 5.47133 0.00000 0.00000 -1.00000 0.00000
1618339814856344 -0.96740 -0.25325 -0.00000 60.54683 -0.25325 0.96740 0.00000 5.12004 0.00000 0.00000 -1.00000 0.00000
1618339815106364 -0.96849 -0.24904 -0.00000 58.39976 -0.24904 0.96849 0.00000 4.80736 0.00000 0.00000 -1.00000 0.00000
1618339815355736 -0.96897 -0.24718 -0.00000 56.26105 -0.24718 0.96897 0.00000 4.64125 0.00000 0.00000 -1.00000 0.00000
1618339815606359 -0.96940 -0.24549 -0.00000 54.11723 -0.24549 0.96940 0.00000 4.50090 0.00000 0.00000 -1.00000 0.00000
1618339815855739 -0.97030 -0.24192 -0.00000 52.03891 -0.24192 0.97030 0.00000 4.24928 0.00000 0.00000 -1.00000 0.00000
1618339816105739 -0.97188 -0.23549 -0.00000 49.95346 -0.23549 0.97188 0.00000 3.86088 0.00000 0.00000 -1.00000 0.00000
1618339816355748 -0.97222 -0.23406 -0.00000 47.87050 -0.23406 0.97222 0.00000 3.73609 0.00000 0.00000 -1.00000 0.00000
1618339816605748 -0.97193 -0.23529 -0.00000 45.80492 -0.23529 0.97193 0.00000 3.75883 0.00000 0.00000 -1.00000 0.00000
1618339816855753 -0.97024 -0.24215 -0.00000 43.71414 -0.24215 0.97024 0.00000 4.02010 0.00000 0.00000 -1.00000 0.00000
1618339817105750 -0.96872 -0.24816 -0.00000 41.65426 -0.24816 0.96872 0.00000 4.25104 0.00000 0.00000 -1.00000 0.00000
1618339817355770 -0.96807 -0.25069 -0.00000 39.59959 -0.25069 0.96807 0.00000 4.33806 0.00000 0.00000 -1.00000 0.00000
1618339817606391 -0.97102 -0.23902 -0.00000 37.64608 -0.23902 0.97102 0.00000 3.82608 0.00000 0.00000 -1.00000 0.00000
1618339817856394 -0.97399 -0.22659 -0.00000 35.69004 -0.22659 0.97399 0.00000 3.31617 0.00000 0.00000 -1.00000 0.00000
1618339818106398 -0.97665 -0.21484 -0.00000 33.67926 -0.21484 0.97665 0.00000 2.86493 0.00000 0.00000 -1.00000 0.00000
1618339818355775 -0.97827 -0.20732 -0.00000 31.71515 -0.20732 0.97827 0.00000 2.58700 0.00000 0.00000 -1.00000 0.00000
1618339818605783 -0.97979 -0.20005 -0.00000 29.66881 -0.20005 0.97979 0.00000 2.29798 0.00000 0.00000 -1.00000 0.00000
1618339818855787 -0.98077 -0.19518 -0.00000 27.63413 -0.19518 0.98077 0.00000 2.10720 0.00000 0.00000 -1.00000 0.00000
1618339819105164 -0.98176 -0.19014 -0.00000 25.60977 -0.19014 0.98176 0.00000 1.91844 0.00000 0.00000 -1.00000 0.00000
1618339819355168 -0.98254 -0.18603 -0.00000 23.51887 -0.18603 0.98254 0.00000 1.77435 0.00000 0.00000 -1.00000 0.00000
1618339819604546 -0.98346 -0.18113 -0.00000 21.43918 -0.18113 0.98346 0.00000 1.61273 0.00000 0.00000 -1.00000 0.00000
1618339819854552 -0.98420 -0.17705 -0.00000 19.31422 -0.17705 0.98420 0.00000 1.47813 0.00000 0.00000 -1.00000 0.00000
1618339820103928 -0.98490 -0.17313 -0.00000 17.19062 -0.17313 0.98490 0.00000 1.36352 0.00000 0.00000 -1.00000 0.00000
1618339820353315 -0.98540 -0.17023 -0.00000 15.02916 -0.17023 0.98540 0.00000 1.28609 0.00000 0.00000 -1.00000 0.00000
1618339820603315 -0.98605 -0.16646 -0.00000 12.90563 -0.16646 0.98605 0.00000 1.19425 0.00000 0.00000 -1.00000 0.00000
1618339820853318 -0.98678 -0.16204 -0.00000 10.71002 -0.16204 0.98678 0.00000 1.11033 0.00000 0.00000 -1.00000 0.00000
1618339821104573 -0.98735 -0.15857 -0.00000 8.51072 -0.15857 0.98735 0.00000 1.03796 0.00000 0.00000 -1.00000 0.00000
1618339821355204 -0.98779 -0.15578 -0.00000 6.28455 -0.15578 0.98779 0.00000 0.99007 0.00000 0.00000 -1.00000 0.00000
1618339821605840 -0.98814 -0.15357 -0.00000 4.04625 -0.15357 0.98814 0.00000 0.93711 0.00000 0.00000 -1.00000 0.00000
1618339821855838 -0.98810 -0.15379 -0.00000 1.75957 -0.15379 0.98810 0.00000 0.91318 0.00000 0.00000 -1.00000 0.00000
1618339822105850 -0.98814 -0.15354 -0.00000 -0.51731 -0.15354 0.98814 0.00000 0.88949 0.00000 0.00000 -1.00000 0.00000
1618339822355850 -0.98800 -0.15444 -0.00000 -2.83516 -0.15444 0.98800 0.00000 0.84963 0.00000 0.00000 -1.00000 0.00000
1618339822605848 -0.98782 -0.15562 -0.00000 -5.15835 -0.15562 0.98782 0.00000 0.80280 0.00000 0.00000 -1.00000 0.00000
1618339822855850 -0.98775 -0.15607 -0.00000 -7.49098 -0.15607 0.98775 0.00000 0.74735 0.00000 0.00000 -1.00000 0.00000
1618339823105232 -0.98724 -0.15926 -0.00000 -9.86239 -0.15926 0.98724 0.00000 0.66917 0.00000 0.00000 -1.00000 0.00000
1618339823355249 -0.98642 -0.16422 -0.00000 -12.24232 -0.16422 0.98642 0.00000 0.59793 0.00000 0.00000 -1.00000 0.00000
1618339823604617 -0.98557 -0.16929 -0.00000 -14.59324 -0.16929 0.98557 0.00000 0.50335 0.00000 0.00000 -1.00000 0.00000
1618339823854619 -0.98455 -0.17511 -0.00000 -17.01945 -0.17511 0.98455 0.00000 0.34569 0.00000 0.00000 -1.00000 0.00000
1618339824104000 -0.98319 -0.18259 -0.00000 -19.39270 -0.18259 0.98319 0.00000 0.15586 0.00000 0.00000 -1.00000 0.00000
1618339824353998 -0.98194 -0.18919 -0.00000 -21.80602 -0.18919 0.98194 0.00000 -0.04008 0.00000 0.00000 -1.00000 0.00000
1618339824604003 -0.98079 -0.19505 -0.00000 -24.19370 -0.19505 0.98079 0.00000 -0.24914 0.00000 0.00000 -1.00000 0.00000
1618339824853390 -0.97972 -0.20035 -0.00000 -26.55759 -0.20035 0.97972 0.00000 -0.45585 0.00000 0.00000 -1.00000 0.00000
1618339825103393 -0.97842 -0.20663 -0.00000 -28.92302 -0.20663 0.97842 0.00000 -0.68428 0.00000 0.00000 -1.00000 0.00000
1618339825354023 -0.97715 -0.21255 -0.00000 -31.27067 -0.21255 0.97715 0.00000 -0.88226 0.00000 0.00000 -1.00000 0.00000
1618339825604645 -0.97604 -0.21757 -0.00000 -33.60300 -0.21757 0.97604 0.00000 -1.07015 0.00000 0.00000 -1.00000 0.00000
1618339825855274 -0.97469 -0.22358 -0.00000 -35.94410 -0.22358 0.97469 0.00000 -1.30854 0.00000 0.00000 -1.00000 0.00000
1618339826105911 -0.97358 -0.22833 -0.00000 -38.22913 -0.22833 0.97358 0.00000 -1.52317 0.00000 0.00000 -1.00000 0.00000
1618339826356528 -0.97233 -0.23361 -0.00000 -40.51592 -0.23361 0.97233 0.00000 -1.77334 0.00000 0.00000 -1.00000 0.00000
1618339826606535 -0.97154 -0.23686 -0.00000 -42.79280 -0.23686 0.97154 0.00000 -1.94683 0.00000 0.00000 -1.00000 0.00000
1618339826856544 -0.97074 -0.24015 -0.00000 -44.99610 -0.24015 0.97074 0.00000 -2.14824 0.00000 0.00000 -1.00000 0.00000
1618339827105922 -0.96968 -0.24438 -0.00000 -47.18135 -0.24438 0.96968 0.00000 -2.40785 0.00000 0.00000 -1.00000 0.00000
1618339827355925 -0.96897 -0.24717 -0.00000 -49.28917 -0.24717 0.96897 0.00000 -2.59008 0.00000 0.00000 -1.00000 0.00000
1618339827605302 -0.96822 -0.25009 -0.00000 -51.34934 -0.25009 0.96822 0.00000 -2.79784 0.00000 0.00000 -1.00000 0.00000
1618339827855305 -0.96760 -0.25247 -0.00000 -53.35402 -0.25247 0.96760 0.00000 -2.96694 0.00000 0.00000 -1.00000 0.00000
1618339828104685 -0.96784 -0.25156 -0.00000 -55.28189 -0.25156 0.96784 0.00000 -2.95876 0.00000 0.00000 -1.00000 0.00000
1618339828354687 -0.96961 -0.24467 -0.00000 -57.14888 -0.24467 0.96961 0.00000 -2.57483 0.00000 0.00000 -1.00000 0.00000
1618339828604687 -0.97359 -0.22832 -0.00000 -58.94097 -0.22832 0.97359 0.00000 -1.63273 0.00000 0.00000 -1.00000 0.00000
1618339828854072 -0.97931 -0.20238 -0.00000 -60.59994 -0.20238 0.97931 0.00000 -0.08104 0.00000 0.00000 -1.00000 0.00000
1618339829103451 -0.98588 -0.16747 -0.00000 -62.10806 -0.16747 0.98588 0.00000 2.04852 0.00000 0.00000 -1.00000 0.00000
1618339829352833 -0.99247 -0.12250 -0.00000 -63.40005 -0.12250 0.99247 0.00000 4.85671 0.00000 0.00000 -1.00000 0.00000
1618339829603458 -0.99777 -0.06667 -0.00000 -64.41051 -0.06667 0.99777 0.00000 8.38974 0.00000 0.00000 -1.00000 0.00000
1618339829854085 -1.00000 -0.00279 -0.00000 -65.04846 -0.00279 1.00000 0.00000 12.49809 0.00000 0.00000 -1.00000 0.00000
1618339830105338 -0.99714 0.07551 0.00000 -65.09993 0.07551 0.99714 0.00000 17.54289 0.00000 0.00000 -1.00000 0.00000
1618339830355967 -0.98608 0.16628 0.00000 -64.42731 0.16628 0.98608 0.00000 23.41885 0.00000 0.00000 -1.00000 0.00000
1618339830605977 -0.96479 0.26303 0.00000 -62.96418 0.26303 0.96479 0.00000 29.66188 0.00000 0.00000 -1.00000 0.00000
1618339830855983 -0.93010 0.36731 0.00000 -60.46516 0.36731 0.93010 0.00000 36.40768 0.00000 0.00000 -1.00000 0.00000
1618339831105360 -0.88158 0.47203 0.00000 -56.98776 0.47203 0.88158 0.00000 43.11174 0.00000 0.00000 -1.00000 0.00000
1618339831354732 -0.81597 0.57809 0.00000 -52.28111 0.57809 0.81597 0.00000 49.85897 0.00000 0.00000 -1.00000 0.00000
1618339831604741 -0.73870 0.67403 0.00000 -46.84998 0.67403 0.73870 0.00000 55.90954 0.00000 0.00000 -1.00000 0.00000
1618339831854120 -0.65302 0.75734 0.00000 -40.91531 0.75734 0.65302 0.00000 61.06818 0.00000 0.00000 -1.00000 0.00000
1618339832102869 -0.56514 0.82499 0.00000 -34.96422 0.82499 0.56514 0.00000 65.19302 0.00000 0.00000 -1.00000 0.00000
1618339832352878 -0.48411 0.87501 0.00000 -29.69024 0.87501 0.48411 0.00000 68.20051 0.00000 0.00000 -1.00000 0.00000
1618339832602880 -0.41795 0.90847 0.00000 -25.68074 0.90847 0.41795 0.00000 70.16518 0.00000 0.00000 -1.00000 0.00000
1618339832852891 -0.37357 0.92760 0.00000 -23.42304 0.92760 0.37357 0.00000 71.28914 0.00000 0.00000 -1.00000 0.00000
1618339833104142 -0.34214 0.93965 0.00000 -22.22846 0.93965 0.34214 0.00000 72.00809 0.00000 0.00000 -1.00000 0.00000
1618339833354779 -0.32057 0.94722 0.00000 -21.84863 0.94722 0.32057 0.00000 72.45696 0.00000 0.00000 -1.00000 0.00000
1618339833606024 -0.30630 0.95193 0.00000 -22.07343 0.95193 0.30630 0.00000 72.75819 0.00000 0.00000 -1.00000 0.00000
1618339833856667 -0.29253 0.95626 0.00000 -22.38290 0.95626 0.29253 0.00000 73.03566 0.00000 0.00000 -1.00000 0.00000
1618339834106657 -0.28044 0.95987 0.00000 -22.86374 0.95987 0.28044 0.00000 73.29404 0.00000 0.00000 -1.00000 0.00000
1618339834356659 -0.26874 0.96321 0.00000 -23.39991 0.96321 0.26874 0.00000 73.52634 0.00000 0.00000 -1.00000 0.00000
1618339834606663 -0.25768 0.96623 0.00000 -24.05106 0.96623 0.25768 0.00000 73.75780 0.00000 0.00000 -1.00000 0.00000
1618339834856041 -0.24716 0.96897 0.00000 -24.79101 0.96897 0.24716 0.00000 73.97948 0.00000 0.00000 -1.00000 0.00000
1618339835106050 -0.23639 0.97166 0.00000 -25.55375 0.97166 0.23639 0.00000 74.22207 0.00000 0.00000 -1.00000 0.00000
1618339835355429 -0.22593 0.97414 0.00000 -26.36666 0.97414 0.22593 0.00000 74.46998 0.00000 0.00000 -1.00000 0.00000
1618339835605431 -0.21286 0.97708 0.00000 -27.01064 0.97708 0.21286 0.00000 74.78266 0.00000 0.00000 -1.00000 0.00000
1618339835855432 -0.20106 0.97958 0.00000 -27.79744 0.97958 0.20106 0.00000 75.07626 0.00000 0.00000 -1.00000 0.00000
1618339836104809 -0.18778 0.98221 0.00000 -28.46685 0.98221 0.18778 0.00000 75.41738 0.00000 0.00000 -1.00000 0.00000
1618339836354816 -0.16855 0.98569 0.00000 -28.72402 0.98569 0.16855 0.00000 75.94630 0.00000 0.00000 -1.00000 0.00000
1618339836604825 -0.14709 0.98912 0.00000 -28.82224 0.98912 0.14709 0.00000 76.52767 0.00000 0.00000 -1.00000 0.00000
1618339836854202 -0.12411 0.99227 0.00000 -28.81841 0.99227 0.12411 0.00000 77.16843 0.00000 0.00000 -1.00000 0.00000
1618339837104203 -0.09882 0.99511 0.00000 -28.66313 0.99511 0.09882 0.00000 77.85172 0.00000 0.00000 -1.00000 0.00000
1618339837353579 -0.07409 0.99725 0.00000 -28.54437 0.99725 0.07409 0.00000 78.48929 0.00000 0.00000 -1.00000 0.00000
1618339837603591 -0.05778 0.99833 0.00000 -29.05257 0.99833 0.05778 0.00000 78.88191 0.00000 0.00000 -1.00000 0.00000
1618339837853593 -0.05333 0.99858 0.00000 -30.55059 0.99858 0.05333 0.00000 78.95800 0.00000 0.00000 -1.00000 0.00000
1618339838104845 -0.06080 0.99815 0.00000 -33.03775 0.99815 0.06080 0.00000 78.69783 0.00000 0.00000 -1.00000 0.00000
1618339838355477 -0.07685 0.99704 0.00000 -36.16737 0.99704 0.07685 0.00000 78.09572 0.00000 0.00000 -1.00000 0.00000
1618339838606102 -0.10230 0.99475 0.00000 -39.97180 0.99475 0.10230 0.00000 77.09286 0.00000 0.00000 -1.00000 0.00000
1618339838856731 -0.12870 0.99168 0.00000 -43.94366 0.99168 0.12870 0.00000 75.95176 0.00000 0.00000 -1.00000 0.00000
1618339839107373 -0.15246 0.98831 0.00000 -47.70391 0.98831 0.15246 0.00000 74.84699 0.00000 0.00000 -1.00000 0.00000
1618339839357362 -0.17244 0.98502 0.00000 -51.15738 0.98502 0.17244 0.00000 73.81664 0.00000 0.00000 -1.00000 0.00000
1618339839607367 -0.19223 0.98135 0.00000 -54.59270 0.98135 0.19223 0.00000 72.72502 0.00000 0.00000 -1.00000 0.00000
1618339839856758 -0.21227 0.97721 0.00000 -58.02820 0.97721 0.21227 0.00000 71.53661 0.00000 0.00000 -1.00000 0.00000
1618339840106754 -0.22775 0.97372 0.00000 -61.14414 0.97372 0.22775 0.00000 70.56301 0.00000 0.00000 -1.00000 0.00000
