1547639597671717 1.00000 0.00000 0.00000 -0.00000 0.00000 1.00000 0.00000 -0.00000 0.00000 0.00000 1.00000 -0.00000
1547639597922960 1.00000 0.00003 -0.00000 0.00005 -0.00003 1.00000 0.00000 -0.00022 0.00000 -0.00000 1.00000 0.00000
1547639598174187 1.00000 0.00005 -0.00000 0.00025 -0.00005 1.00000 0.00000 -0.00044 0.00000 -0.00000 1.00000 0.00000
1547639598426143 1.00000 0.00007 -0.00000 0.00043 -0.00007 1.00000 0.00000 -0.00068 0.00000 -0.00000 1.00000 0.00000
1547639598677766 1.00000 0.00009 -0.00000 0.00056 -0.00009 1.00000 0.00000 -0.00075 0.00000 -0.00000 1.00000 0.00000
1547639598929091 1.00000 0.00012 -0.00000 0.00077 -0.00012 1.00000 0.00000 -0.00092 0.00000 -0.00000 1.00000 0.00000
1547639599180978 1.00000 0.00015 -0.00000 0.00096 -0.00015 1.00000 0.00000 -0.00111 0.00000 -0.00000 1.00000 0.00000
1547639599433101 1.00000 0.00017 -0.00000 0.00111 -0.00017 1.00000 0.00000 -0.00130 0.00000 -0.00000 1.00000 0.00000
1547639599684338 1.00000 0.00017 -0.00000 0.00135 -0.00017 1.00000 0.00000 -0.00155 0.00000 -0.00000 1.00000 0.00000
1547639599934839 1.00000 0.00019 -0.00000 0.00147 -0.00019 1.00000 0.00000 -0.00177 0.00000 -0.00000 1.00000 0.00000
1547639600185134 1.00000 0.00021 -0.00000 0.00172 -0.00021 1.00000 0.00000 -0.00198 0.00000 -0.00000 1.00000 0.00000
1547639600435338 1.00000 0.00022 -0.00000 0.00189 -0.00022 1.00000 0.00000 -0.00220 0.00000 -0.00000 1.00000 0.00000
1547639600685331 1.00000 0.00025 -0.00000 0.00200 -0.00025 1.00000 0.00000 -0.00237 0.00000 -0.00000 1.00000 0.00000
1547639600934927 1.00000 0.00028 -0.00000 0.00219 -0.00028 1.00000 0.00000 -0.00253 0.00000 -0.00000 1.00000 0.00000
1547639601184406 1.00000 0.00030 -0.00000 0.00247 -0.00030 1.00000 0.00000 -0.00265 0.00000 -0.00000 1.00000 0.00000
1547639601433875 1.00000 0.00032 -0.00000 0.00254 -0.00032 1.00000 0.00000 -0.00286 0.00000 -0.00000 1.00000 0.00000
1547639601683454 1.00000 0.00036 -0.00000 0.00272 -0.00036 1.00000 0.00000 -0.00302 0.00000 -0.00000 1.00000 0.00000
1547639601932390 1.00000 0.00038 -0.00000 0.00297 -0.00038 1.00000 0.00000 -0.00319 0.00000 -0.00000 1.00000 0.00000
1547639602181359 1.00000 0.00038 -0.00000 0.00306 -0.00038 1.00000 0.00000 -0.00344 0.00000 -0.00000 1.00000 0.00000
1547639602431375 1.00000 0.00041 -0.00000 0.00321 -0.00041 1.00000 0.00000 -0.00362 0.00000 -0.00000 1.00000 0.00000
1547639602682215 1.00000 0.00042 -0.00000 0.00337 -0.00042 1.00000 0.00000 -0.00383 0.00000 -0.00000 1.00000 0.00000
1547639602932637 1.00000 0.00045 -0.00000 0.00356 -0.00045 1.00000 0.00000 -0.00403 0.00000 -0.00000 1.00000 0.00000
1547639603182782 1.00000 0.00047 -0.00000 0.00384 -0.00047 1.00000 0.00000 -0.00418 0.00000 -0.00000 1.00000 0.00000
1547639603432873 1.00000 0.00051 -0.00000 0.00377 -0.00051 1.00000 0.00000 -0.00433 0.00000 -0.00000 1.00000 0.00000
1547639603682888 1.00000 0.00055 -0.00000 0.00413 -0.00055 1.00000 0.00000 -0.00448 0.00000 -0.00000 1.00000 0.00000
1547639603933346 1.00000 0.00057 -0.00000 0.00438 -0.00057 1.00000 0.00000 -0.00470 0.00000 -0.00000 1.00000 0.00000
1547639604185152 1.00000 0.00060 -0.00000 0.00469 -0.00060 1.00000 0.00000 -0.00484 0.00000 -0.00000 1.00000 0.00000
1547639604437546 1.00000 0.00064 -0.00000 0.00511 -0.00064 1.00000 0.00000 -0.00499 0.00000 -0.00000 1.00000 0.00000
1547639604689575 1.00000 0.00069 -0.00000 0.00548 -0.00069 1.00000 0.00000 -0.00508 0.00000 -0.00000 1.00000 0.00000
1547639604940692 1.00000 0.00074 -0.00000 0.00559 -0.00074 1.00000 0.00000 -0.00506 0.00000 -0.00000 1.00000 0.00000
1547639605190545 1.00000 0.00078 -0.00000 0.00566 -0.00078 1.00000 0.00000 -0.00521 0.00000 -0.00000 1.00000 0.00000
1547639605439760 1.00000 0.00081 -0.00000 0.00590 -0.00081 1.00000 0.00000 -0.00537 0.00000 -0.00000 1.00000 0.00000
1547639605689239 1.00000 0.00082 -0.00000 0.00623 -0.00082 1.00000 0.00000 -0.00551 0.00000 -0.00000 1.00000 0.00000
1547639605938400 1.00000 0.00085 -0.00000 0.00638 -0.00085 1.00000 0.00000 -0.00565 0.00000 -0.00000 1.00000 0.00000
1547639606186908 1.00000 0.00087 -0.00000 0.00641 -0.00087 1.00000 0.00000 -0.00578 0.00000 -0.00000 1.00000 0.00000
1547639606435003 1.00000 0.00090 -0.00000 0.00697 -0.00090 1.00000 0.00000 -0.00586 0.00000 -0.00000 1.00000 0.00000
1547639606683085 1.00000 0.00092 -0.00000 0.00737 -0.00092 1.00000 0.00000 -0.00598 0.00000 -0.00000 1.00000 0.00000
1547639606930820 1.00000 0.00093 -0.00000 0.00754 -0.00093 1.00000 0.00000 -0.00611 0.00000 -0.00000 1.00000 0.00000
1547639607178589 1.00000 0.00098 -0.00000 0.00782 -0.00098 1.00000 0.00000 -0.00617 0.00000 -0.00000 1.00000 0.00000
1547639607427735 1.00000 0.00100 -0.00000 0.00823 -0.00100 1.00000 0.00000 -0.00635 0.00000 -0.00000 1.00000 0.00000
1547639607679301 1.00000 0.00104 -0.00000 0.00838 -0.00104 1.00000 0.00000 -0.00637 0.00000 -0.00000 1.00000 0.00000
1547639607931619 1.00000 0.00107 -0.00000 0.00861 -0.00107 1.00000 0.00000 -0.00652 0.00000 -0.00000 1.00000 0.00000
1547639608183008 1.00000 0.00110 -0.00000 0.00895 -0.00110 1.00000 0.00000 -0.00662 0.00000 -0.00000 1.00000 0.00000
1547639608434350 1.00000 0.00113 -0.00000 0.00919 -0.00113 1.00000 0.00000 -0.00673 0.00000 -0.00000 1.00000 0.00000
1547639608685976 1.00000 0.00114 -0.00000 0.00945 -0.00114 1.00000 0.00000 -0.00695 0.00000 -0.00000 1.00000 0.00000
1547639608938843 1.00000 0.00116 -0.00000 0.00958 -0.00116 1.00000 0.00000 -0.00715 0.00000 -0.00000 1.00000 0.00000
1547639609192380 1.00000 0.00119 -0.00000 0.00976 -0.00119 1.00000 0.00000 -0.00729 0.00000 -0.00000 1.00000 0.00000
1547639609444885 1.00000 0.00122 -0.00000 0.00967 -0.00122 1.00000 0.00000 -0.00747 0.00000 -0.00000 1.00000 0.00000
1547639609694999 1.00000 0.00124 -0.00000 0.00981 -0.00124 1.00000 0.00000 -0.00765 0.00000 -0.00000 1.00000 0.00000
1547639609943527 1.00000 0.00127 -0.00000 0.00996 -0.00127 1.00000 0.00000 -0.00772 0.00000 -0.00000 1.00000 0.00000
1547639610191369 1.00000 0.00128 -0.00000 0.01019 -0.00128 1.00000 0.00000 -0.00781 0.00000 -0.00000 1.00000 0.00000
1547639610439079 1.00000 0.00131 -0.00000 0.01025 -0.00131 1.00000 0.00000 -0.00787 0.00000 -0.00000 1.00000 0.00000
1547639610686337 1.00000 0.00137 -0.00000 0.01052 -0.00137 1.00000 0.00000 -0.00791 0.00000 -0.00000 1.00000 0.00000
1547639610934381 1.00000 0.00140 -0.00000 0.01039 -0.00140 1.00000 0.00000 -0.00802 0.00000 -0.00000 1.00000 0.00000
1547639611183938 1.00000 0.00144 -0.00000 0.01049 -0.00144 1.00000 0.00000 -0.00808 0.00000 -0.00000 1.00000 0.00000
1547639611434380 1.00000 0.00146 -0.00000 0.01058 -0.00146 1.00000 0.00000 -0.00818 0.00000 -0.00000 1.00000 0.00000
1547639611684676 1.00000 0.00150 -0.00000 0.01080 -0.00150 1.00000 0.00000 -0.00827 0.00000 -0.00000 1.00000 0.00000
1547639611934685 1.00000 0.00153 -0.00000 0.01089 -0.00153 1.00000 0.00000 -0.00839 0.00000 -0.00000 1.00000 0.00000
1547639612185269 1.00000 0.00157 -0.00000 0.01107 -0.00157 1.00000 0.00000 -0.00848 0.00000 -0.00000 1.00000 0.00000
1547639612437212 1.00000 0.00160 -0.00000 0.01124 -0.00160 1.00000 0.00000 -0.00860 0.00000 -0.00000 1.00000 0.00000
1547639612689331 1.00000 0.00164 -0.00000 0.01148 -0.00164 1.00000 0.00000 -0.00870 0.00000 -0.00000 1.00000 0.00000
1547639612940653 1.00000 0.00168 -0.00000 0.01169 -0.00168 1.00000 0.00000 -0.00876 0.00000 -0.00000 1.00000 0.00000
1547639613192137 1.00000 0.00172 -0.00000 0.01177 -0.00172 1.00000 0.00000 -0.00889 0.00000 -0.00000 1.00000 0.00000
1547639613443892 1.00000 0.00178 -0.00000 0.01192 -0.00178 1.00000 0.00000 -0.00895 0.00000 -0.00000 1.00000 0.00000
1547639613696374 1.00000 0.00182 -0.00000 0.01205 -0.00182 1.00000 0.00000 -0.00910 0.00000 -0.00000 1.00000 0.00000
1547639613949748 1.00000 0.00188 -0.00000 0.01227 -0.00188 1.00000 0.00000 -0.00908 0.00000 -0.00000 1.00000 0.00000
1547639614202235 1.00000 0.00191 -0.00000 0.01236 -0.00191 1.00000 0.00000 -0.00923 0.00000 -0.00000 1.00000 0.00000
1547639614452368 1.00000 0.00193 -0.00000 0.01242 -0.00193 1.00000 0.00000 -0.00928 0.00000 -0.00000 1.00000 0.00000
1547639614700776 1.00000 0.00197 -0.00000 0.01253 -0.00197 1.00000 0.00000 -0.00931 0.00000 -0.00000 1.00000 0.00000
1547639614948745 1.00000 0.00200 -0.00000 0.01290 -0.00200 1.00000 0.00000 -0.00971 0.00000 -0.00000 1.00000 0.00000
1547639615196471 1.00000 0.00214 -0.00000 0.00883 -0.00214 1.00000 0.00000 -0.00975 0.00000 -0.00000 1.00000 0.00000
1547639615444216 1.00000 0.00260 -0.00000 -0.01140 -0.00260 1.00000 0.00000 -0.00845 0.00000 -0.00000 1.00000 0.00000
1547639615692476 0.99999 0.00363 -0.00000 -0.04023 -0.00363 0.99999 0.00000 -0.00775 0.00000 -0.00000 1.00000 0.00000
1547639615941921 0.99998 0.00550 -0.00000 -0.11794 -0.00550 0.99998 0.00000 -0.00938 0.00000 -0.00000 1.00000 0.00000
1547639616192692 0.99996 0.00938 -0.00000 -0.24329 -0.00938 0.99996 0.00000 -0.01057 0.00000 -0.00000 1.00000 0.00000
1547639616443398 0.99987 0.01609 -0.00000 -0.38833 -0.01609 0.99987 0.00000 -0.01038 0.00000 -0.00000 1.00000 0.00000
1547639616693589 0.99963 0.02713 -0.00000 -0.65628 -0.02713 0.99963 0.00000 -0.01166 0.00000 -0.00000 1.00000 0.00000
1547639616943821 0.99915 0.04127 -0.00000 -1.01867 -0.04127 0.99915 0.00000 -0.00873 0.00000 -0.00000 1.00000 0.00000
1547639617194241 0.99828 0.05862 -0.00000 -1.48312 -0.05862 0.99828 0.00000 -0.00070 0.00000 -0.00000 1.00000 0.00000
1547639617445969 0.99674 0.08073 -0.00000 -2.07076 -0.08073 0.99674 0.00000 0.02523 0.00000 -0.00000 1.00000 0.00000
1547639617697686 0.99467 0.10315 -0.00000 -2.77364 -0.10315 0.99467 0.00000 0.06328 0.00000 -0.00000 1.00000 0.00000
1547639617948474 0.99289 0.11905 -0.00000 -3.58751 -0.11905 0.99289 0.00000 0.10585 0.00000 -0.00000 1.00000 0.00000
1547639618199357 0.99235 0.12346 -0.00000 -4.54315 -0.12346 0.99235 0.00000 0.12715 0.00000 -0.00000 1.00000 0.00000
1547639618450186 0.99273 0.12038 -0.00000 -5.62883 -0.12038 0.99273 0.00000 0.12409 0.00000 -0.00000 1.00000 0.00000
1547639618701354 0.99287 0.11922 -0.00000 -6.84612 -0.11922 0.99287 0.00000 0.12135 0.00000 -0.00000 1.00000 0.00000
1547639618952615 0.99266 0.12091 -0.00000 -8.19460 -0.12091 0.99266 0.00000 0.15285 0.00000 -0.00000 1.00000 0.00000
1547639619204063 0.99323 0.11615 -0.00000 -9.66429 -0.11615 0.99323 0.00000 0.11870 0.00000 -0.00000 1.00000 0.00000
1547639619456861 0.99378 0.11134 -0.00000 -11.24779 -0.11134 0.99378 0.00000 0.08128 0.00000 -0.00000 1.00000 0.00000
1547639619709996 0.99406 0.10882 -0.00000 -12.85198 -0.10882 0.99406 0.00000 0.06517 0.00000 -0.00000 1.00000 0.00000
1547639619961839 0.99418 0.10777 -0.00000 -14.31900 -0.10777 0.99418 0.00000 0.06951 0.00000 -0.00000 1.00000 0.00000
1547639620211774 0.99452 0.10456 -0.00000 -16.17071 -0.10456 0.99452 0.00000 0.03860 0.00000 -0.00000 1.00000 0.00000
1547639620460216 0.99471 0.10276 -0.00000 -18.08582 -0.10276 0.99471 0.00000 0.02724 0.00000 -0.00000 1.00000 0.00000
1547639620708077 0.99505 0.09935 -0.00000 -20.03369 -0.09935 0.99505 0.00000 -0.01614 0.00000 -0.00000 1.00000 0.00000
1547639620955224 0.99529 0.09691 -0.00000 -22.01808 -0.09691 0.99529 0.00000 -0.04747 0.00000 -0.00000 1.00000 0.00000
1547639621202347 0.99563 0.09335 -0.00000 -24.06062 -0.09335 0.99563 0.00000 -0.11364 0.00000 -0.00000 1.00000 0.00000
1547639621450882 0.99601 0.08928 -0.00000 -26.11574 -0.08928 0.99601 0.00000 -0.19835 0.00000 -0.00000 1.00000 0.00000
1547639621700305 0.99627 0.08635 -0.00000 -28.23937 -0.08635 0.99627 0.00000 -0.26108 0.00000 -0.00000 1.00000 0.00000
1547639621950237 0.99658 0.08264 -0.00000 -30.38753 -0.08264 0.99658 0.00000 -0.35743 0.00000 -0.00000 1.00000 0.00000
1547639622200634 0.99688 0.07897 -0.00000 -32.53393 -0.07897 0.99688 0.00000 -0.45135 0.00000 -0.00000 1.00000 0.00000
1547639622451231 0.99705 0.07678 -0.00000 -34.76171 -0.07678 0.99705 0.00000 -0.51129 0.00000 -0.00000 1.00000 0.00000
1547639622702532 0.99722 0.07451 -0.00000 -37.02974 -0.07451 0.99722 0.00000 -0.57461 0.00000 -0.00000 1.00000 0.00000
1547639622954252 0.99729 0.07353 -0.00000 -39.29327 -0.07353 0.99729 0.00000 -0.59966 0.00000 -0.00000 1.00000 0.00000
1547639623205735 0.99739 0.07220 -0.00000 -41.57334 -0.07220 0.99739 0.00000 -0.64321 0.00000 -0.00000 1.00000 0.00000
1547639623457545 0.99752 0.07040 -0.00000 -43.88118 -0.07040 0.99752 0.00000 -0.70751 0.00000 -0.00000 1.00000 0.00000
1547639623708672 0.99746 0.07117 -0.00000 -46.16264 -0.07117 0.99746 0.00000 -0.65531 0.00000 -0.00000 1.00000 0.00000
1547639623959956 0.99746 0.07121 -0.00000 -48.47996 -0.07121 0.99746 0.00000 -0.64506 0.00000 -0.00000 1.00000 0.00000
1547639624211229 0.99747 0.07109 -0.00000 -50.79345 -0.07109 0.99747 0.00000 -0.64478 0.00000 -0.00000 1.00000 0.00000
1547639624462301 0.99755 0.06998 -0.00000 -53.10174 -0.06998 0.99755 0.00000 -0.69403 0.00000 -0.00000 1.00000 0.00000
1547639624713670 0.99771 0.06756 -0.00000 -55.42846 -0.06756 0.99771 0.00000 -0.81417 0.00000 -0.00000 1.00000 0.00000
1547639624965956 0.99781 0.06620 -0.00000 -57.74593 -0.06620 0.99781 0.00000 -0.87930 0.00000 -0.00000 1.00000 0.00000
1547639625219089 0.99800 0.06319 -0.00000 -60.05550 -0.06319 0.99800 0.00000 -1.04521 0.00000 -0.00000 1.00000 0.00000
1547639625471364 0.99810 0.06158 -0.00000 -62.39136 -0.06158 0.99810 0.00000 -1.13071 0.00000 -0.00000 1.00000 0.00000
1547639625721477 0.99829 0.05839 -0.00000 -64.69402 -0.05839 0.99829 0.00000 -1.31903 0.00000 -0.00000 1.00000 0.00000
1547639625969630 0.99844 0.05576 -0.00000 -67.00064 -0.05576 0.99844 0.00000 -1.47737 0.00000 -0.00000 1.00000 0.00000
1547639626217145 0.99865 0.05203 -0.00000 -69.30166 -0.05203 0.99865 0.00000 -1.71650 0.00000 -0.00000 1.00000 0.00000
1547639626464524 0.99880 0.04900 -0.00000 -71.58586 -0.04900 0.99880 0.00000 -1.91849 0.00000 -0.00000 1.00000 0.00000
1547639626711744 0.99886 0.04768 -0.00000 -73.89211 -0.04768 0.99886 0.00000 -2.00127 0.00000 -0.00000 1.00000 0.00000
1547639626959777 0.99890 0.04679 -0.00000 -76.20203 -0.04679 0.99890 0.00000 -2.06310 0.00000 -0.00000 1.00000 0.00000
1547639627208728 0.99890 0.04688 -0.00000 -78.52689 -0.04688 0.99890 0.00000 -2.04941 0.00000 -0.00000 1.00000 0.00000
1547639627458748 0.99880 0.04903 -0.00000 -80.86325 -0.04903 0.99880 0.00000 -1.86725 0.00000 -0.00000 1.00000 0.00000
1547639627709289 0.99859 0.05311 -0.00000 -83.21386 -0.05311 0.99859 0.00000 -1.52645 0.00000 -0.00000 1.00000 0.00000
1547639627960438 0.99836 0.05722 -0.00000 -85.58673 -0.05722 0.99836 0.00000 -1.17624 0.00000 -0.00000 1.00000 0.00000
1547639628212358 0.99798 0.06356 -0.00000 -87.99167 -0.06356 0.99798 0.00000 -0.61806 0.00000 -0.00000 1.00000 0.00000
1547639628463340 0.99760 0.06931 -0.00000 -90.37688 -0.06931 0.99760 0.00000 -0.10138 0.00000 -0.00000 1.00000 0.00000
1547639628714257 0.99707 0.07648 -0.00000 -92.75992 -0.07648 0.99707 0.00000 0.56340 0.00000 -0.00000 1.00000 0.00000
1547639628965991 0.99670 0.08114 -0.00000 -95.17934 -0.08114 0.99670 0.00000 1.01013 0.00000 -0.00000 1.00000 0.00000
1547639629217477 0.99652 0.08332 -0.00000 -97.63565 -0.08332 0.99652 0.00000 1.22332 0.00000 -0.00000 1.00000 0.00000
1547639629468193 0.99651 0.08342 -0.00000 -99.86974 -0.08342 0.99651 0.00000 1.23834 0.00000 -0.00000 1.00000 0.00000
1547639629719866 0.99648 0.08388 -0.00000 -101.95920 -0.08388 0.99648 0.00000 1.29311 0.00000 -0.00000 1.00000 0.00000
1547639629972717 0.99648 0.08388 -0.00000 -104.46294 -0.08388 0.99648 0.00000 1.29705 0.00000 -0.00000 1.00000 0.00000
1547639630226108 0.99639 0.08492 -0.00000 -107.01280 -0.08492 0.99639 0.00000 1.41694 0.00000 -0.00000 1.00000 0.00000
1547639630478450 0.99637 0.08510 -0.00000 -109.55570 -0.08510 0.99637 0.00000 1.44567 0.00000 -0.00000 1.00000 0.00000
1547639630728859 0.99630 0.08597 -0.00000 -112.08073 -0.08597 0.99630 0.00000 1.54702 0.00000 -0.00000 1.00000 0.00000
1547639630977691 0.99624 0.08661 -0.00000 -114.59539 -0.08661 0.99624 0.00000 1.61977 0.00000 -0.00000 1.00000 0.00000
1547639631225439 0.99627 0.08626 -0.00000 -117.10781 -0.08626 0.99627 0.00000 1.58550 0.00000 -0.00000 1.00000 0.00000
1547639631472640 0.99617 0.08749 -0.00000 -119.64314 -0.08749 0.99617 0.00000 1.74095 0.00000 -0.00000 1.00000 0.00000
1547639631719933 0.99622 0.08691 -0.00000 -122.17512 -0.08691 0.99622 0.00000 1.67279 0.00000 -0.00000 1.00000 0.00000
1547639631968168 0.99616 0.08759 -0.00000 -124.72117 -0.08759 0.99616 0.00000 1.76110 0.00000 -0.00000 1.00000 0.00000
1547639632217519 0.99614 0.08773 -0.00000 -127.28524 -0.08773 0.99614 0.00000 1.78282 0.00000 -0.00000 1.00000 0.00000
1547639632467793 0.99626 0.08638 -0.00000 -129.88790 -0.08638 0.99626 0.00000 1.61019 0.00000 -0.00000 1.00000 0.00000
1547639632718126 0.99633 0.08557 -0.00000 -132.47604 -0.08557 0.99633 0.00000 1.50344 0.00000 -0.00000 1.00000 0.00000
1547639632968594 0.99635 0.08535 -0.00000 -135.08198 -0.08535 0.99635 0.00000 1.47185 0.00000 -0.00000 1.00000 0.00000
1547639633220573 0.99633 0.08559 -0.00000 -137.71372 -0.08559 0.99633 0.00000 1.50941 0.00000 -0.00000 1.00000 0.00000
1547639633472693 0.99628 0.08619 -0.00000 -140.33340 -0.08619 0.99628 0.00000 1.59565 0.00000 -0.00000 1.00000 0.00000
1547639633723802 0.99625 0.08649 -0.00000 -142.93831 -0.08649 0.99625 0.00000 1.64256 0.00000 -0.00000 1.00000 0.00000
1547639633975161 0.99619 0.08724 -0.00000 -145.55248 -0.08724 0.99619 0.00000 1.75214 0.00000 -0.00000 1.00000 0.00000
1547639634227500 0.99611 0.08807 -0.00000 -148.17531 -0.08807 0.99611 0.00000 1.89267 0.00000 -0.00000 1.00000 0.00000
1547639634480714 0.99601 0.08925 -0.00000 -150.77102 -0.08925 0.99601 0.00000 2.07345 0.00000 -0.00000 1.00000 0.00000
1547639634734170 0.99594 0.09004 -0.00000 -153.34566 -0.09004 0.99594 0.00000 2.20421 0.00000 -0.00000 1.00000 0.00000
1547639634985708 0.99592 0.09023 -0.00000 -155.91637 -0.09023 0.99592 0.00000 2.23900 0.00000 -0.00000 1.00000 0.00000
1547639635235538 0.99595 0.08989 -0.00000 -158.48225 -0.08989 0.99595 0.00000 2.18834 0.00000 -0.00000 1.00000 0.00000
1547639635483899 0.99599 0.08948 -0.00000 -161.01761 -0.08948 0.99599 0.00000 2.13317 0.00000 -0.00000 1.00000 0.00000
1547639635731448 0.99598 0.08957 -0.00000 -163.51636 -0.08957 0.99598 0.00000 2.15979 0.00000 -0.00000 1.00000 0.00000
1547639635978856 0.99602 0.08911 -0.00000 -165.99714 -0.08911 0.99602 0.00000 2.09485 0.00000 -0.00000 1.00000 0.00000
1547639636226056 0.99594 0.09003 -0.00000 -168.45323 -0.09003 0.99594 0.00000 2.26909 0.00000 -0.00000 1.00000 0.00000
1547639636473975 0.99588 0.09069 -0.00000 -170.92030 -0.09069 0.99588 0.00000 2.39936 0.00000 -0.00000 1.00000 0.00000
1547639636722997 0.99572 0.09242 -0.00000 -173.38654 -0.09242 0.99572 0.00000 2.70816 0.00000 -0.00000 1.00000 0.00000
1547639636972979 0.99555 0.09422 -0.00000 -175.85620 -0.09422 0.99555 0.00000 3.03089 0.00000 -0.00000 1.00000 0.00000
1547639637223706 0.99527 0.09716 -0.00000 -178.32895 -0.09716 0.99527 0.00000 3.56362 0.00000 -0.00000 1.00000 0.00000
1547639637475714 0.99493 0.10060 -0.00000 -180.81805 -0.10060 0.99493 0.00000 4.20180 0.00000 -0.00000 1.00000 0.00000
1547639637727900 0.99464 0.10338 -0.00000 -183.29485 -0.10338 0.99464 0.00000 4.72467 0.00000 -0.00000 1.00000 0.00000
1547639637978770 0.99434 0.10626 -0.00000 -185.75772 -0.10626 0.99434 0.00000 5.26793 0.00000 -0.00000 1.00000 0.00000
1547639638229785 0.99408 0.10861 -0.00000 -188.21295 -0.10861 0.99408 0.00000 5.72091 0.00000 -0.00000 1.00000 0.00000
1547639638482341 0.99395 0.10981 -0.00000 -190.68413 -0.10981 0.99395 0.00000 5.95785 0.00000 -0.00000 1.00000 0.00000
1547639638735959 0.99395 0.10985 -0.00000 -193.16120 -0.10985 0.99395 0.00000 5.97675 0.00000 -0.00000 1.00000 0.00000
1547639638989485 0.99406 0.10885 -0.00000 -195.61821 -0.10885 0.99406 0.00000 5.79197 0.00000 -0.00000 1.00000 0.00000
1547639639241195 0.99424 0.10715 -0.00000 -198.07528 -0.10715 0.99424 0.00000 5.46244 0.00000 -0.00000 1.00000 0.00000
1547639639491070 0.99442 0.10553 -0.00000 -200.50218 -0.10553 0.99442 0.00000 5.14312 0.00000 -0.00000 1.00000 0.00000
1547639639739597 0.99466 0.10319 -0.00000 -202.91475 -0.10319 0.99466 0.00000 4.67068 0.00000 -0.00000 1.00000 0.00000
1547639639987641 0.99523 0.09752 -0.00000 -205.33101 -0.09752 0.99523 0.00000 3.51088 0.00000 -0.00000 1.00000 0.00000
1547639640235173 0.99574 0.09217 -0.00000 -207.71258 -0.09217 0.99574 0.00000 2.40099 0.00000 -0.00000 1.00000 0.00000
1547639640482491 0.99590 0.09043 -0.00000 -210.06984 -0.09043 0.99590 0.00000 2.03718 0.00000 -0.00000 1.00000 0.00000
1547639640730726 0.99592 0.09025 -0.00000 -212.41759 -0.09025 0.99592 0.00000 2.00320 0.00000 -0.00000 1.00000 0.00000
1547639640979640 0.99562 0.09346 -0.00000 -214.72649 -0.09346 0.99562 0.00000 2.69305 0.00000 -0.00000 1.00000 0.00000
1547639641229516 0.99498 0.10012 -0.00000 -217.01580 -0.10012 0.99498 0.00000 4.13503 0.00000 -0.00000 1.00000 0.00000
1547639641480393 0.99380 0.11119 -0.00000 -219.27634 -0.11119 0.99380 0.00000 6.56196 0.00000 -0.00000 1.00000 0.00000
1547639641731012 0.99238 0.12323 -0.00000 -221.50231 -0.12323 0.99238 0.00000 9.22738 0.00000 -0.00000 1.00000 0.00000
1547639641982841 0.99079 0.13540 -0.00000 -223.68658 -0.13540 0.99079 0.00000 11.95818 0.00000 -0.00000 1.00000 0.00000
1547639642234983 0.98916 0.14681 -0.00000 -225.85079 -0.14681 0.98916 0.00000 14.54860 0.00000 -0.00000 1.00000 0.00000
1547639642485871 0.98742 0.15815 -0.00000 -227.99744 -0.15815 0.98742 0.00000 17.15442 0.00000 -0.00000 1.00000 0.00000
1547639642736886 0.98629 0.16500 -0.00000 -230.21099 -0.16500 0.98629 0.00000 18.74583 0.00000 -0.00000 1.00000 0.00000
1547639642988184 0.98536 0.17049 -0.00000 -232.44605 -0.17049 0.98536 0.00000 20.04165 0.00000 -0.00000 1.00000 0.00000
1547639643239418 0.98447 0.17558 -0.00000 -234.68807 -0.17558 0.98447 0.00000 21.25285 0.00000 -0.00000 1.00000 0.00000
1547639643490521 0.98373 0.17967 -0.00000 -236.94986 -0.17967 0.98373 0.00000 22.23494 0.00000 -0.00000 1.00000 0.00000
1547639643742007 0.98296 0.18384 -0.00000 -239.21956 -0.18384 0.98296 0.00000 23.25072 0.00000 -0.00000 1.00000 0.00000
1547639643994860 0.98230 0.18732 -0.00000 -241.51923 -0.18732 0.98230 0.00000 24.11338 0.00000 -0.00000 1.00000 0.00000
1547639644248291 0.98184 0.18972 -0.00000 -243.85139 -0.18972 0.98184 0.00000 24.71755 0.00000 -0.00000 1.00000 0.00000
1547639644500092 0.98144 0.19175 -0.00000 -246.18708 -0.19175 0.98144 0.00000 25.23064 0.00000 -0.00000 1.00000 0.00000
1547639644750009 0.98103 0.19386 -0.00000 -248.52594 -0.19386 0.98103 0.00000 25.76686 0.00000 -0.00000 1.00000 0.00000
1547639644998706 0.98065 0.19579 -0.00000 -250.85588 -0.19579 0.98065 0.00000 26.26610 0.00000 -0.00000 1.00000 0.00000
1547639645246694 0.98060 0.19601 -0.00000 -253.21854 -0.19601 0.98060 0.00000 26.33076 0.00000 -0.00000 1.00000 0.00000
1547639645494427 0.98006 0.19872 -0.00000 -255.51534 -0.19872 0.98006 0.00000 27.04184 0.00000 -0.00000 1.00000 0.00000
1547639645741090 0.97957 0.20112 -0.00000 -257.81225 -0.20112 0.97957 0.00000 27.68266 0.00000 -0.00000 1.00000 0.00000
1547639645988532 0.97899 0.20391 -0.00000 -260.10181 -0.20391 0.97899 0.00000 28.43121 0.00000 -0.00000 1.00000 0.00000
1547639646237766 0.97832 0.20709 -0.00000 -262.41320 -0.20709 0.97832 0.00000 29.28951 0.00000 -0.00000 1.00000 0.00000
1547639646488240 0.97731 0.21181 -0.00000 -264.67991 -0.21181 0.97731 0.00000 30.57377 0.00000 -0.00000 1.00000 0.00000
1547639646738854 0.97625 0.21664 -0.00000 -266.93743 -0.21664 0.97625 0.00000 31.89966 0.00000 -0.00000 1.00000 0.00000
1547639646989084 0.97507 0.22191 -0.00000 -269.16544 -0.22191 0.97507 0.00000 33.35448 0.00000 -0.00000 1.00000 0.00000
1547639647240466 0.97419 0.22572 -0.00000 -271.43462 -0.22572 0.97419 0.00000 34.41415 0.00000 -0.00000 1.00000 0.00000
1547639647492357 0.97311 0.23035 -0.00000 -273.66782 -0.23035 0.97311 0.00000 35.71835 0.00000 -0.00000 1.00000 0.00000
1547639647743406 0.97218 0.23425 -0.00000 -275.92973 -0.23425 0.97218 0.00000 36.82996 0.00000 -0.00000 1.00000 0.00000
1547639647994329 0.97130 0.23786 -0.00000 -278.19868 -0.23786 0.97130 0.00000 37.86853 0.00000 -0.00000 1.00000 0.00000
1547639648245759 0.97020 0.24232 -0.00000 -280.44103 -0.24232 0.97020 0.00000 39.16185 0.00000 -0.00000 1.00000 0.00000
1547639648497055 0.96964 0.24455 -0.00000 -282.76809 -0.24455 0.96964 0.00000 39.81566 0.00000 -0.00000 1.00000 0.00000
1547639648748099 0.97062 0.24062 -0.00000 -285.33822 -0.24062 0.97062 0.00000 38.67402 0.00000 -0.00000 1.00000 0.00000
1547639649000502 0.97276 0.23181 -0.00000 -288.11216 -0.23181 0.97276 0.00000 36.08796 0.00000 -0.00000 1.00000 0.00000
1547639649254215 0.97537 0.22059 -0.00000 -290.94777 -0.22059 0.97537 0.00000 32.77439 0.00000 -0.00000 1.00000 0.00000
1547639649506833 0.97711 0.21274 -0.00000 -293.63749 -0.21274 0.97711 0.00000 30.44618 0.00000 -0.00000 1.00000 0.00000
1547639649757503 0.97898 0.20396 -0.00000 -296.32068 -0.20396 0.97898 0.00000 27.81242 0.00000 -0.00000 1.00000 0.00000
1547639650006385 0.98058 0.19610 -0.00000 -298.96086 -0.19610 0.98058 0.00000 25.44429 0.00000 -0.00000 1.00000 0.00000
1547639650253581 0.98190 0.18938 -0.00000 -301.55838 -0.18938 0.98190 0.00000 23.40382 0.00000 -0.00000 1.00000 0.00000
1547639650499970 0.98328 0.18211 -0.00000 -304.15394 -0.18211 0.98328 0.00000 21.16870 0.00000 -0.00000 1.00000 0.00000
1547639650746179 0.98423 0.17687 -0.00000 -306.71519 -0.17687 0.98423 0.00000 19.55475 0.00000 -0.00000 1.00000 0.00000
1547639650992603 0.98493 0.17297 -0.00000 -309.21544 -0.17297 0.98493 0.00000 18.35085 0.00000 -0.00000 1.00000 0.00000
1547639651240276 0.98544 0.17005 -0.00000 -311.71341 -0.17005 0.98544 0.00000 17.43998 0.00000 -0.00000 1.00000 0.00000
1547639651489424 0.98584 0.16769 -0.00000 -314.23539 -0.16769 0.98584 0.00000 16.70093 0.00000 -0.00000 1.00000 0.00000
1547639651739696 0.98617 0.16572 -0.00000 -316.77692 -0.16572 0.98617 0.00000 16.08038 0.00000 -0.00000 1.00000 0.00000
1547639651992011 0.98654 0.16349 -0.00000 -319.36147 -0.16349 0.98654 0.00000 15.37013 0.00000 -0.00000 1.00000 0.00000
1547639652245865 0.98719 0.15953 -0.00000 -321.99913 -0.15953 0.98719 0.00000 14.09494 0.00000 -0.00000 1.00000 0.00000
1547639652498508 0.98787 0.15525 -0.00000 -324.61477 -0.15525 0.98787 0.00000 12.70405 0.00000 -0.00000 1.00000 0.00000
1547639652750190 0.98874 0.14965 -0.00000 -327.22431 -0.14965 0.98874 0.00000 10.86335 0.00000 -0.00000 1.00000 0.00000
1547639653000575 0.98956 0.14412 -0.00000 -329.79496 -0.14412 0.98956 0.00000 9.03964 0.00000 -0.00000 1.00000 0.00000
1547639653249001 0.99050 0.13754 -0.00000 -332.33496 -0.13754 0.99050 0.00000 6.85919 0.00000 -0.00000 1.00000 0.00000
1547639653497723 0.99118 0.13253 -0.00000 -334.84809 -0.13253 0.99118 0.00000 5.18997 0.00000 -0.00000 1.00000 0.00000
1547639653748276 0.99219 0.12471 -0.00000 -337.35685 -0.12471 0.99219 0.00000 2.55083 0.00000 -0.00000 1.00000 0.00000
1547639653998982 0.99304 0.11777 -0.00000 -339.83540 -0.11777 0.99304 0.00000 0.19613 0.00000 -0.00000 1.00000 0.00000
1547639654248925 0.99377 0.11145 -0.00000 -342.28614 -0.11145 0.99377 0.00000 -1.95779 0.00000 -0.00000 1.00000 0.00000
1547639654498668 0.99453 0.10447 -0.00000 -344.73959 -0.10447 0.99453 0.00000 -4.35998 0.00000 -0.00000 1.00000 0.00000
1547639654748194 0.99515 0.09832 -0.00000 -347.16935 -0.09832 0.99515 0.00000 -6.48298 0.00000 -0.00000 1.00000 0.00000
1547639654997345 0.99576 0.09200 -0.00000 -349.57297 -0.09200 0.99576 0.00000 -8.67938 0.00000 -0.00000 1.00000 0.00000
1547639655246490 0.99633 0.08560 -0.00000 -351.95280 -0.08560 0.99633 0.00000 -10.91685 0.00000 -0.00000 1.00000 0.00000
1547639655495143 0.99686 0.07916 -0.00000 -354.31096 -0.07916 0.99686 0.00000 -13.18993 0.00000 -0.00000 1.00000 0.00000
1547639655743688 0.99745 0.07137 -0.00000 -356.65264 -0.07137 0.99745 0.00000 -15.95504 0.00000 -0.00000 1.00000 0.00000
1547639655991414 0.99794 0.06413 -0.00000 -358.96338 -0.06413 0.99794 0.00000 -18.53816 0.00000 -0.00000 1.00000 0.00000
1547639656238784 0.99838 0.05687 -0.00000 -361.25594 -0.05687 0.99838 0.00000 -21.14889 0.00000 -0.00000 1.00000 0.00000
1547639656486653 0.99874 0.05017 -0.00000 -363.55088 -0.05017 0.99874 0.00000 -23.56242 0.00000 -0.00000 1.00000 0.00000
1547639656736424 0.99899 0.04487 -0.00000 -365.87487 -0.04487 0.99899 0.00000 -25.48119 0.00000 -0.00000 1.00000 0.00000
1547639656988064 0.99920 0.03995 -0.00000 -368.23553 -0.03995 0.99920 0.00000 -27.27780 0.00000 -0.00000 1.00000 0.00000
1547639657239662 0.99936 0.03576 -0.00000 -370.59415 -0.03576 0.99936 0.00000 -28.81968 0.00000 -0.00000 1.00000 0.00000
1547639657490452 0.99944 0.03357 -0.00000 -373.02696 -0.03357 0.99944 0.00000 -29.61642 0.00000 -0.00000 1.00000 0.00000
1547639657741947 0.99951 0.03135 -0.00000 -375.44148 -0.03135 0.99951 0.00000 -30.44259 0.00000 -0.00000 1.00000 0.00000
1547639657995296 0.99954 0.03019 -0.00000 -377.90713 -0.03019 0.99954 0.00000 -30.86863 0.00000 -0.00000 1.00000 0.00000
1547639658248867 0.99955 0.02987 -0.00000 -380.40500 -0.02987 0.99955 0.00000 -30.97402 0.00000 -0.00000 1.00000 0.00000
1547639658500715 0.99957 0.02940 -0.00000 -382.88887 -0.02940 0.99957 0.00000 -31.14333 0.00000 -0.00000 1.00000 0.00000
1547639658750351 0.99956 0.02966 -0.00000 -385.37227 -0.02966 0.99956 0.00000 -31.03595 0.00000 -0.00000 1.00000 0.00000
1547639658998322 0.99953 0.03075 -0.00000 -387.86921 -0.03075 0.99953 0.00000 -30.60553 0.00000 -0.00000 1.00000 0.00000
1547639659245496 0.99952 0.03114 -0.00000 -390.35030 -0.03114 0.99952 0.00000 -30.44732 0.00000 -0.00000 1.00000 0.00000
1547639659492669 0.99943 0.03369 -0.00000 -392.89672 -0.03369 0.99943 0.00000 -29.43810 0.00000 -0.00000 1.00000 0.00000
1547639659739845 0.99933 0.03663 -0.00000 -395.45006 -0.03663 0.99933 0.00000 -28.26870 0.00000 -0.00000 1.00000 0.00000
1547639659987746 0.99918 0.04048 -0.00000 -398.05190 -0.04048 0.99918 0.00000 -26.73184 0.00000 -0.00000 1.00000 0.00000
1547639660237205 0.99893 0.04636 -0.00000 -400.70883 -0.04636 0.99893 0.00000 -24.37701 0.00000 -0.00000 1.00000 0.00000
1547639660487495 0.99863 0.05229 -0.00000 -403.36840 -0.05229 0.99863 0.00000 -21.98254 0.00000 -0.00000 1.00000 0.00000
1547639660738066 0.99835 0.05745 -0.00000 -405.98578 -0.05745 0.99835 0.00000 -19.88078 0.00000 -0.00000 1.00000 0.00000
1547639660988401 0.99794 0.06412 -0.00000 -408.62003 -0.06412 0.99794 0.00000 -17.15102 0.00000 -0.00000 1.00000 0.00000
1547639661239403 0.99758 0.06951 -0.00000 -411.24024 -0.06951 0.99758 0.00000 -14.92579 0.00000 -0.00000 1.00000 0.00000
1547639661491451 0.99714 0.07555 -0.00000 -413.89109 -0.07555 0.99714 0.00000 -12.41414 0.00000 -0.00000 1.00000 0.00000
1547639661743058 0.99658 0.08269 -0.00000 -416.53037 -0.08269 0.99658 0.00000 -9.42862 0.00000 -0.00000 1.00000 0.00000
1547639661994255 0.99596 0.08980 -0.00000 -419.19349 -0.08980 0.99596 0.00000 -6.42787 0.00000 -0.00000 1.00000 0.00000
1547639662245520 0.99535 0.09633 -0.00000 -421.82364 -0.09633 0.99535 0.00000 -3.65013 0.00000 -0.00000 1.00000 0.00000
1547639662497021 0.99497 0.10018 -0.00000 -424.44245 -0.10018 0.99497 0.00000 -1.99598 0.00000 -0.00000 1.00000 0.00000
1547639662748745 0.99465 0.10334 -0.00000 -427.06343 -0.10334 0.99465 0.00000 -0.62574 0.00000 -0.00000 1.00000 0.00000
1547639663000368 0.99451 0.10460 -0.00000 -429.65983 -0.10460 0.99451 0.00000 -0.06975 0.00000 -0.00000 1.00000 0.00000
1547639663252595 0.99435 0.10614 -0.00000 -432.27623 -0.10614 0.99435 0.00000 0.62061 0.00000 -0.00000 1.00000 0.00000
1547639663505867 0.99432 0.10648 -0.00000 -434.86095 -0.10648 0.99432 0.00000 0.78520 0.00000 -0.00000 1.00000 0.00000
1547639663758366 0.99429 0.10671 -0.00000 -437.42061 -0.10671 0.99429 0.00000 0.90092 0.00000 -0.00000 1.00000 0.00000
1547639664008671 0.99421 0.10745 -0.00000 -439.91212 -0.10745 0.99421 0.00000 1.25248 0.00000 -0.00000 1.00000 0.00000
1547639664257628 0.99422 0.10737 -0.00000 -442.35669 -0.10737 0.99422 0.00000 1.23222 0.00000 -0.00000 1.00000 0.00000
1547639664505342 0.99421 0.10750 -0.00000 -444.73842 -0.10750 0.99421 0.00000 1.31548 0.00000 -0.00000 1.00000 0.00000
1547639664752877 0.99417 0.10778 -0.00000 -447.09819 -0.10778 0.99417 0.00000 1.45837 0.00000 -0.00000 1.00000 0.00000
1547639665000296 0.99411 0.10839 -0.00000 -449.40545 -0.10839 0.99411 0.00000 1.75080 0.00000 -0.00000 1.00000 0.00000
1547639665248130 0.99420 0.10751 -0.00000 -451.62791 -0.10751 0.99420 0.00000 1.37000 0.00000 -0.00000 1.00000 0.00000
1547639665497400 0.99447 0.10500 -0.00000 -453.75236 -0.10500 0.99447 0.00000 0.23948 0.00000 -0.00000 1.00000 0.00000
1547639665748186 0.99475 0.10230 -0.00000 -455.79692 -0.10230 0.99475 0.00000 -0.97667 0.00000 -0.00000 1.00000 0.00000
1547639665999283 0.99531 0.09669 -0.00000 -457.72189 -0.09669 0.99531 0.00000 -3.53281 0.00000 -0.00000 1.00000 0.00000
1547639666249586 0.99609 0.08838 -0.00000 -459.50439 -0.08838 0.99609 0.00000 -7.33928 0.00000 -0.00000 1.00000 0.00000
1547639666499663 0.99697 0.07779 -0.00000 -461.14804 -0.07779 0.99697 0.00000 -12.21304 0.00000 -0.00000 1.00000 0.00000
1547639666750442 0.99820 0.06001 -0.00000 -462.54290 -0.06001 0.99820 0.00000 -20.42209 0.00000 -0.00000 1.00000 0.00000
1547639667002782 0.99950 0.03158 -0.00000 -463.36955 -0.03158 0.99950 0.00000 -33.57103 0.00000 -0.00000 1.00000 0.00000
1547639667255239 0.99993 -0.01170 -0.00000 -463.00206 0.01170 0.99993 0.00000 -53.58334 0.00000 -0.00000 1.00000 0.00000
1547639667506722 0.99820 -0.05990 -0.00000 -461.30386 0.05990 0.99820 0.00000 -75.82835 0.00000 -0.00000 1.00000 0.00000
1547639667758651 0.99351 -0.11375 -0.00000 -457.88985 0.11375 0.99351 0.00000 -100.63843 0.00000 -0.00000 1.00000 0.00000
1547639668011286 0.98383 -0.17912 -0.00000 -451.51800 0.17912 0.98383 0.00000 -130.65274 0.00000 -0.00000 1.00000 0.00000
1547639668263175 0.96826 -0.24995 -0.00000 -442.08541 0.24995 0.96826 0.00000 -163.02487 0.00000 -0.00000 1.00000 0.00000
1547639668512907 0.94310 -0.33250 -0.00000 -427.55013 0.33250 0.94310 0.00000 -200.51439 0.00000 -0.00000 1.00000 0.00000
1547639668760917 0.90768 -0.41966 -0.00000 -407.92965 0.41966 0.90768 0.00000 -239.78414 0.00000 -0.00000 1.00000 0.00000
1547639669008398 0.85975 -0.51071 -0.00000 -382.21660 0.51071 0.85975 0.00000 -280.41045 0.00000 -0.00000 1.00000 0.00000
1547639669255588 0.79793 -0.60276 -0.00000 -349.86889 0.60276 0.79793 0.00000 -320.96941 0.00000 -0.00000 1.00000 0.00000
1547639669502007 0.71949 -0.69451 -0.00000 -309.65343 0.69451 0.71949 0.00000 -360.74701 0.00000 -0.00000 1.00000 0.00000
1547639669748872 0.62666 -0.77929 -0.00000 -262.92815 0.77929 0.62666 0.00000 -396.70654 0.00000 -0.00000 1.00000 0.00000
1547639669997247 0.51913 -0.85469 -0.00000 -209.63902 0.85469 0.51913 0.00000 -427.69679 0.00000 -0.00000 1.00000 0.00000
1547639670245992 0.40092 -0.91611 -0.00000 -151.89475 0.91611 0.40092 0.00000 -451.71762 0.00000 -0.00000 1.00000 0.00000
1547639670495951 0.27071 -0.96266 -0.00000 -89.09343 0.96266 0.27071 0.00000 -468.30874 0.00000 -0.00000 1.00000 0.00000
1547639670748986 0.12926 -0.99161 -0.00000 -21.70457 0.99161 0.12926 0.00000 -476.21149 0.00000 -0.00000 1.00000 0.00000
1547639671003499 -0.01850 -0.99983 0.00000 47.81020 0.99983 -0.01850 -0.00000 -474.15346 -0.00000 0.00000 1.00000 0.00000
1547639671256850 -0.16697 -0.98596 0.00000 116.76310 0.98596 -0.16697 -0.00000 -461.71691 -0.00000 0.00000 1.00000 0.00000
1547639671509242 -0.31279 -0.94982 0.00000 183.55605 0.94982 -0.31279 -0.00000 -438.97646 -0.00000 0.00000 1.00000 0.00000
1547639671760905 -0.44653 -0.89477 0.00000 243.86393 0.89477 -0.44653 -0.00000 -407.85905 -0.00000 0.00000 1.00000 0.00000
1547639672010519 -0.56012 -0.82841 0.00000 294.14284 0.82841 -0.56012 -0.00000 -372.28051 -0.00000 0.00000 1.00000 0.00000
1547639672258981 -0.66116 -0.75024 0.00000 337.99969 0.75024 -0.66116 0.00000 -331.72351 0.00000 0.00000 1.00000 -0.00000
1547639672508753 -0.74904 -0.66253 0.00000 375.23399 0.66253 -0.74904 0.00000 -287.24994 0.00000 0.00000 1.00000 -0.00000
1547639672758822 -0.80890 -0.58794 0.00000 399.61048 0.58794 -0.80890 0.00000 -250.06704 0.00000 0.00000 1.00000 -0.00000
1547639673008147 -0.84471 -0.53523 0.00000 413.30186 0.53523 -0.84471 0.00000 -224.09720 0.00000 0.00000 1.00000 -0.00000
1547639673257131 -0.86316 -0.50493 0.00000 419.50007 0.50493 -0.86316 0.00000 -209.28520 0.00000 0.00000 1.00000 -0.00000
1547639673505698 -0.86789 -0.49675 0.00000 419.90077 0.49675 -0.86789 0.00000 -205.30146 0.00000 0.00000 1.00000 -0.00000
1547639673753521 -0.86992 -0.49319 0.00000 419.11981 0.49319 -0.86992 0.00000 -203.57514 0.00000 0.00000 1.00000 -0.00000
1547639674001326 -0.87028 -0.49256 0.00000 417.56516 0.49256 -0.87028 0.00000 -203.26291 0.00000 0.00000 1.00000 -0.00000
1547639674248846 -0.87018 -0.49273 0.00000 415.74310 0.49273 -0.87018 0.00000 -203.33402 0.00000 0.00000 1.00000 -0.00000
1547639674496495 -0.87055 -0.49208 0.00000 414.03535 0.49208 -0.87055 0.00000 -203.02189 0.00000 0.00000 1.00000 -0.00000
1547639674745398 -0.87145 -0.49049 0.00000 412.47440 0.49049 -0.87145 0.00000 -202.25756 0.00000 0.00000 1.00000 -0.00000
1547639674995099 -0.87148 -0.49043 0.00000 410.46637 0.49043 -0.87148 0.00000 -202.21598 0.00000 0.00000 1.00000 -0.00000
1547639675245275 -0.87198 -0.48954 0.00000 408.58394 0.48954 -0.87198 0.00000 -201.78787 0.00000 0.00000 1.00000 -0.00000
1547639675496342 -0.87275 -0.48817 0.00000 406.74178 0.48817 -0.87275 0.00000 -201.14318 0.00000 0.00000 1.00000 -0.00000
1547639675748491 -0.87310 -0.48754 0.00000 404.65087 0.48754 -0.87310 0.00000 -200.83329 0.00000 0.00000 1.00000 -0.00000
1547639676000332 -0.87347 -0.48687 0.00000 402.52302 0.48687 -0.87347 0.00000 -200.50821 0.00000 0.00000 1.00000 -0.00000
1547639676251715 -0.87418 -0.48561 0.00000 400.48165 0.48561 -0.87418 0.00000 -199.90905 0.00000 0.00000 1.00000 -0.00000
1547639676503346 -0.87480 -0.48449 0.00000 398.35061 0.48449 -0.87480 0.00000 -199.38702 0.00000 0.00000 1.00000 -0.00000
1547639676754966 -0.87588 -0.48253 0.00000 396.36194 0.48253 -0.87588 0.00000 -198.47634 0.00000 0.00000 1.00000 -0.00000
1547639677005908 -0.87673 -0.48098 0.00000 394.22896 0.48098 -0.87673 0.00000 -197.76944 0.00000 0.00000 1.00000 -0.00000
1547639677257534 -0.87941 -0.47607 0.00000 392.80997 0.47607 -0.87941 0.00000 -195.55384 0.00000 0.00000 1.00000 -0.00000
1547639677509676 -0.88119 -0.47277 0.00000 390.95744 0.47277 -0.88119 0.00000 -194.06785 0.00000 0.00000 1.00000 -0.00000
1547639677762876 -0.88336 -0.46870 0.00000 389.22932 0.46870 -0.88336 0.00000 -192.25393 0.00000 0.00000 1.00000 -0.00000
1547639678016448 -0.88513 -0.46534 0.00000 387.31077 0.46534 -0.88513 0.00000 -190.77079 0.00000 0.00000 1.00000 -0.00000
1547639678268160 -0.88636 -0.46299 0.00000 385.17425 0.46299 -0.88636 0.00000 -189.72835 0.00000 0.00000 1.00000 -0.00000
1547639678517848 -0.88687 -0.46202 0.00000 382.75874 0.46202 -0.88687 0.00000 -189.29475 0.00000 0.00000 1.00000 -0.00000
1547639678766340 -0.88714 -0.46150 0.00000 380.23348 0.46150 -0.88714 0.00000 -189.06438 0.00000 0.00000 1.00000 -0.00000
1547639679014225 -0.88778 -0.46027 0.00000 377.84256 0.46027 -0.88778 0.00000 -188.51741 0.00000 0.00000 1.00000 -0.00000
1547639679261522 -0.88866 -0.45857 0.00000 375.55050 0.45857 -0.88866 0.00000 -187.78526 0.00000 0.00000 1.00000 -0.00000
1547639679508491 -0.88957 -0.45680 0.00000 373.27860 0.45680 -0.88957 0.00000 -187.02880 0.00000 0.00000 1.00000 -0.00000
1547639679755892 -0.89031 -0.45535 0.00000 370.94840 0.45535 -0.89031 0.00000 -186.41552 0.00000 0.00000 1.00000 -0.00000
1547639680004669 -0.89136 -0.45329 0.00000 368.73396 0.45329 -0.89136 0.00000 -185.55348 0.00000 0.00000 1.00000 -0.00000
1547639680254755 -0.89216 -0.45171 0.00000 366.40736 0.45171 -0.89216 0.00000 -184.89529 0.00000 0.00000 1.00000 -0.00000
1547639680506289 -0.89267 -0.45072 0.00000 363.94363 0.45072 -0.89267 0.00000 -184.48073 0.00000 0.00000 1.00000 0.00000
1547639680758454 -0.89221 -0.45162 0.00000 361.07967 0.45162 -0.89221 0.00000 -184.84257 0.00000 0.00000 1.00000 0.00000
1547639681009689 -0.89270 -0.45065 0.00000 358.63374 0.45065 -0.89270 0.00000 -184.44688 0.00000 0.00000 1.00000 0.00000
1547639681260561 -0.89277 -0.45051 0.00000 356.00964 0.45051 -0.89277 0.00000 -184.38415 0.00000 0.00000 1.00000 0.00000
