1630597331060159 1.00000 0.00000 0.00000 -0.00000 0.00000 -1.00000 0.00000 0.00000 0.00000 -0.00000 -1.00000 0.00000
1630597331310779 0.99999 -0.00319 0.00000 -0.04932 -0.00319 -0.99999 0.00000 0.01445 -0.00000 -0.00000 -1.00000 0.00000
1630597331560759 0.99999 -0.00402 0.00000 -0.03238 -0.00402 -0.99999 0.00000 -0.07744 -0.00000 -0.00000 -1.00000 -0.00000
1630597331811377 1.00000 -0.00217 -0.00000 -0.01550 -0.00217 -1.00000 0.00000 -0.00853 -0.00000 -0.00000 -1.00000 -0.00000
1630597332061990 1.00000 -0.00168 0.00000 -0.02005 -0.00168 -1.00000 0.00000 -0.00984 -0.00000 -0.00000 -1.00000 -0.00000
1630597332311983 1.00000 0.00180 0.00000 0.00262 0.00180 -1.00000 0.00000 -0.07702 0.00000 -0.00000 -1.00000 -0.00000
1630597332561965 1.00000 0.00252 0.00000 -0.02509 0.00252 -1.00000 0.00000 -0.06989 0.00000 -0.00000 -1.00000 -0.00000
1630597332811958 0.99999 -0.00419 -0.00000 -0.01446 -0.00419 -0.99999 0.00000 -0.03621 -0.00000 -0.00000 -1.00000 -0.00000
1630597333060688 1.00000 0.00174 0.00000 -0.00405 0.00174 -1.00000 0.00000 -0.08992 0.00000 -0.00000 -1.00000 -0.00000
1630597333310682 0.99999 -0.00331 -0.00000 -0.01428 -0.00331 -0.99999 0.00000 0.00277 -0.00000 -0.00000 -1.00000 0.00000
1630597333560044 1.00000 -0.00072 0.00000 -0.01423 -0.00072 -1.00000 0.00000 -0.04141 -0.00000 -0.00000 -1.00000 -0.00000
1630597333809407 0.99999 0.00369 0.00000 -0.02223 0.00369 -0.99999 0.00000 -0.04887 0.00000 -0.00000 -1.00000 -0.00000
1630597334060017 1.00000 -0.00149 0.00000 -0.02805 -0.00149 -1.00000 0.00000 0.00492 -0.00000 -0.00000 -1.00000 0.00000
1630597334310677 1.00000 -0.00214 0.00000 -0.00446 -0.00214 -1.00000 0.00000 0.00607 -0.00000 -0.00000 -1.00000 0.00000
1630597334560616 1.00000 -0.00106 0.00000 -0.01641 -0.00106 -1.00000 0.00000 -0.09225 -0.00000 -0.00000 -1.00000 -0.00000
1630597334811232 1.00000 0.00166 0.00000 0.00702 0.00166 -1.00000 0.00000 -0.05804 0.00000 -0.00000 -1.00000 -0.00000
1630597335061214 1.00000 0.00313 0.00000 -0.02894 0.00313 -1.00000 0.00000 -0.08557 0.00000 -0.00000 -1.00000 -0.00000
1630597335311212 1.00000 0.00005 0.00000 -0.03181 0.00005 -1.00000 0.00000 -0.05607 0.00000 -0.00000 -1.00000 -0.00000
1630597335561193 0.99998 -0.00651 0.00000 -0.05329 -0.00651 -0.99998 0.00000 -0.00117 -0.00000 -0.00000 -1.00000 -0.00000
1630597335810560 0.99999 -0.00386 0.00000 -0.05247 -0.00386 -0.99999 0.00000 -0.07723 -0.00000 -0.00000 -1.00000 -0.00000
1630597336059931 0.99999 -0.00393 0.00000 -0.14706 -0.00393 -0.99999 0.00000 -0.02583 -0.00000 -0.00000 -1.00000 -0.00000
1630597336309290 0.99985 -0.01712 -0.00000 -0.18196 -0.01712 -0.99985 0.00000 -0.10948 -0.00000 -0.00000 -1.00000 -0.00000
1630597336559901 0.99959 -0.02864 -0.00000 -0.30298 -0.02864 -0.99959 0.00000 -0.10965 -0.00000 -0.00000 -1.00000 -0.00000
1630597336809891 0.99914 -0.04147 -0.00000 -0.51199 -0.04147 -0.99914 0.00000 -0.13680 -0.00000 -0.00000 -1.00000 -0.00000
1630597337060502 0.99755 -0.07001 0.00000 -0.73999 -0.07001 -0.99755 0.00000 -0.15509 -0.00000 -0.00000 -1.00000 -0.00000
1630597337311760 0.99385 -0.11077 0.00000 -1.05221 -0.11077 -0.99385 0.00000 -0.05326 -0.00000 -0.00000 -1.00000 -0.00000
1630597337561754 0.98989 -0.14183 0.00000 -1.33957 -0.14183 -0.98989 0.00000 -0.11476 -0.00000 -0.00000 -1.00000 -0.00000
1630597337811741 0.98460 -0.17483 0.00000 -1.78157 -0.17483 -0.98460 0.00000 0.00890 -0.00000 -0.00000 -1.00000 0.00000
1630597338061110 0.97713 -0.21264 -0.00000 -2.24009 -0.21264 -0.97713 0.00000 0.05234 -0.00000 -0.00000 -1.00000 0.00000
1630597338309847 0.97319 -0.23000 0.00000 -2.73256 -0.23000 -0.97319 0.00000 -0.03557 -0.00000 -0.00000 -1.00000 -0.00000
1630597338559211 0.96884 -0.24770 0.00000 -3.26632 -0.24770 -0.96884 0.00000 0.04619 -0.00000 -0.00000 -1.00000 0.00000
1630597338809175 0.96770 -0.25211 0.00000 -3.81481 -0.25211 -0.96770 0.00000 0.12029 -0.00000 -0.00000 -1.00000 0.00000
1630597339058531 0.96851 -0.24899 0.00000 -4.44192 -0.24899 -0.96851 0.00000 0.04340 -0.00000 -0.00000 -1.00000 0.00000
1630597339309150 0.96700 -0.25478 0.00000 -5.15227 -0.25478 -0.96700 0.00000 0.11400 -0.00000 -0.00000 -1.00000 0.00000
1630597339559766 0.96794 -0.25117 0.00000 -5.83890 -0.25117 -0.96794 0.00000 0.05841 -0.00000 -0.00000 -1.00000 0.00000
1630597339810383 0.96824 -0.25001 0.00000 -6.58735 -0.25001 -0.96824 0.00000 0.06700 -0.00000 -0.00000 -1.00000 0.00000
1630597340060370 0.97193 -0.23527 0.00000 -7.36707 -0.23527 -0.97193 0.00000 -0.15888 -0.00000 -0.00000 -1.00000 -0.00000
1630597340310995 0.97362 -0.22817 0.00000 -8.18664 -0.22817 -0.97362 0.00000 -0.16857 -0.00000 -0.00000 -1.00000 -0.00000
1630597340561597 0.97441 -0.22479 0.00000 -9.07255 -0.22479 -0.97441 0.00000 -0.18200 -0.00000 -0.00000 -1.00000 -0.00000
1630597340811583 0.97701 -0.21320 -0.00000 -9.91001 -0.21320 -0.97701 0.00000 -0.42329 -0.00000 -0.00000 -1.00000 -0.00000
1630597341061570 0.97795 -0.20884 0.00000 -10.75833 -0.20884 -0.97795 0.00000 -0.38520 -0.00000 -0.00000 -1.00000 -0.00000
1630597341310937 0.97872 -0.20519 0.00000 -11.69434 -0.20519 -0.97872 0.00000 -0.38093 -0.00000 -0.00000 -1.00000 -0.00000
1630597341560298 0.97984 -0.19978 0.00000 -12.60405 -0.19978 -0.97984 0.00000 -0.49328 -0.00000 -0.00000 -1.00000 -0.00000
1630597341809669 0.97978 -0.20009 0.00000 -13.49832 -0.20009 -0.97978 0.00000 -0.44803 -0.00000 -0.00000 -1.00000 -0.00000
1630597342059027 0.98036 -0.19724 0.00000 -14.50741 -0.19724 -0.98036 0.00000 -0.56091 -0.00000 -0.00000 -1.00000 -0.00000
1630597342309029 0.98246 -0.18649 0.00000 -15.48413 -0.18649 -0.98246 0.00000 -0.66509 -0.00000 -0.00000 -1.00000 -0.00000
1630597342559015 0.98422 -0.17696 0.00000 -16.49305 -0.17696 -0.98422 0.00000 -1.01875 -0.00000 -0.00000 -1.00000 -0.00000
1630597342810251 0.98616 -0.16581 0.00000 -17.48743 -0.16581 -0.98616 0.00000 -1.06664 -0.00000 -0.00000 -1.00000 -0.00000
1630597343060862 0.98769 -0.15645 0.00000 -18.55950 -0.15645 -0.98769 0.00000 -1.30325 -0.00000 -0.00000 -1.00000 -0.00000
1630597343310853 0.98933 -0.14570 -0.00000 -19.50717 -0.14570 -0.98933 0.00000 -1.60413 -0.00000 -0.00000 -1.00000 -0.00000
1630597343561465 0.99174 -0.12825 0.00000 -20.46736 -0.12825 -0.99174 0.00000 -1.91435 -0.00000 -0.00000 -1.00000 -0.00000
1630597343811456 0.99158 -0.12946 0.00000 -21.49230 -0.12946 -0.99158 0.00000 -1.86890 -0.00000 -0.00000 -1.00000 -0.00000
1630597344060817 0.99286 -0.11928 0.00000 -22.35726 -0.11928 -0.99286 0.00000 -2.14815 -0.00000 -0.00000 -1.00000 -0.00000
1630597344310189 0.99433 -0.10633 0.00000 -23.25085 -0.10633 -0.99433 0.00000 -2.44494 -0.00000 -0.00000 -1.00000 -0.00000
1630597344559552 0.99493 -0.10062 -0.00000 -24.17622 -0.10062 -0.99493 0.00000 -2.62209 -0.00000 -0.00000 -1.00000 -0.00000
1630597344809540 0.99483 -0.10156 0.00000 -25.10748 -0.10156 -0.99483 0.00000 -2.54260 -0.00000 -0.00000 -1.00000 -0.00000
1630597345059530 0.99580 -0.09155 0.00000 -26.13429 -0.09155 -0.99580 0.00000 -2.77990 -0.00000 -0.00000 -1.00000 -0.00000
1630597345309519 0.99642 -0.08453 -0.00000 -27.13937 -0.08453 -0.99642 0.00000 -3.04550 -0.00000 -0.00000 -1.00000 -0.00000
1630597345560133 0.99646 -0.08404 0.00000 -28.10488 -0.08404 -0.99646 0.00000 -2.99838 -0.00000 -0.00000 -1.00000 -0.00000
1630597345810746 0.99651 -0.08352 0.00000 -29.14031 -0.08352 -0.99651 0.00000 -2.89555 -0.00000 -0.00000 -1.00000 -0.00000
1630597346061361 0.99613 -0.08787 -0.00000 -30.20917 -0.08787 -0.99613 0.00000 -2.90736 -0.00000 -0.00000 -1.00000 -0.00000
1630597346311356 0.99637 -0.08510 0.00000 -31.15346 -0.08510 -0.99637 0.00000 -3.04123 -0.00000 -0.00000 -1.00000 -0.00000
1630597346561342 0.99619 -0.08724 0.00000 -32.20020 -0.08724 -0.99619 0.00000 -2.98558 -0.00000 -0.00000 -1.00000 -0.00000
1630597346811331 0.99613 -0.08785 0.00000 -33.13707 -0.08785 -0.99613 0.00000 -3.04993 -0.00000 -0.00000 -1.00000 -0.00000
1630597347060700 0.99633 -0.08559 0.00000 -34.04053 -0.08559 -0.99633 0.00000 -3.11033 -0.00000 -0.00000 -1.00000 -0.00000
1630597347310065 0.99620 -0.08715 0.00000 -34.93157 -0.08715 -0.99620 0.00000 -3.01931 -0.00000 -0.00000 -1.00000 -0.00000
1630597347559432 0.99638 -0.08505 -0.00000 -35.90131 -0.08505 -0.99638 0.00000 -3.13349 -0.00000 -0.00000 -1.00000 -0.00000
1630597347808792 0.99622 -0.08688 -0.00000 -36.89098 -0.08688 -0.99622 0.00000 -3.12853 -0.00000 -0.00000 -1.00000 -0.00000
1630597348058156 0.99637 -0.08515 0.00000 -37.58335 -0.08515 -0.99637 0.00000 -3.15410 -0.00000 -0.00000 -1.00000 -0.00000
1630597348308783 0.99636 -0.08530 0.00000 -38.43074 -0.08530 -0.99636 0.00000 -3.24303 -0.00000 -0.00000 -1.00000 -0.00000
1630597348559391 0.99621 -0.08695 0.00000 -39.34970 -0.08695 -0.99621 0.00000 -3.19341 -0.00000 -0.00000 -1.00000 -0.00000
1630597348809999 0.99584 -0.09113 0.00000 -40.20970 -0.09113 -0.99584 0.00000 -2.97750 -0.00000 -0.00000 -1.00000 -0.00000
1630597349060617 0.99554 -0.09434 0.00000 -41.20701 -0.09434 -0.99554 0.00000 -2.81777 -0.00000 -0.00000 -1.00000 -0.00000
1630597349310619 0.99591 -0.09031 0.00000 -42.07202 -0.09031 -0.99591 0.00000 -3.17958 -0.00000 -0.00000 -1.00000 -0.00000
1630597349561223 0.99487 -0.10116 0.00000 -43.00383 -0.10116 -0.99487 0.00000 -2.59385 -0.00000 -0.00000 -1.00000 -0.00000
1630597349810586 0.99519 -0.09798 0.00000 -43.82785 -0.09798 -0.99519 0.00000 -2.78005 -0.00000 -0.00000 -1.00000 -0.00000
1630597350059951 0.99548 -0.09500 0.00000 -44.73607 -0.09500 -0.99548 0.00000 -2.98613 -0.00000 -0.00000 -1.00000 -0.00000
1630597350309947 0.99514 -0.09844 0.00000 -45.76354 -0.09844 -0.99514 0.00000 -2.79590 -0.00000 -0.00000 -1.00000 -0.00000
1630597350559303 0.99488 -0.10105 0.00000 -46.65586 -0.10105 -0.99488 0.00000 -2.66794 -0.00000 -0.00000 -1.00000 -0.00000
1630597350808671 0.99484 -0.10141 0.00000 -47.51679 -0.10141 -0.99484 0.00000 -2.73259 -0.00000 -0.00000 -1.00000 -0.00000
1630597351059288 0.99437 -0.10600 0.00000 -48.56696 -0.10600 -0.99437 0.00000 -2.38373 -0.00000 -0.00000 -1.00000 -0.00000
1630597351309905 0.99403 -0.10911 -0.00000 -49.56602 -0.10911 -0.99403 0.00000 -2.29342 -0.00000 -0.00000 -1.00000 -0.00000
1630597351559890 0.99330 -0.11557 0.00000 -50.54972 -0.11557 -0.99330 0.00000 -2.04099 -0.00000 -0.00000 -1.00000 -0.00000
1630597351811131 0.99231 -0.12378 0.00000 -51.48756 -0.12378 -0.99231 0.00000 -1.57620 -0.00000 -0.00000 -1.00000 -0.00000
1630597352061119 0.99207 -0.12572 0.00000 -52.39941 -0.12572 -0.99207 0.00000 -1.60093 -0.00000 -0.00000 -1.00000 -0.00000
1630597352310487 0.99146 -0.13038 0.00000 -53.33409 -0.13038 -0.99146 0.00000 -1.40877 -0.00000 -0.00000 -1.00000 -0.00000
1630597352559854 0.99126 -0.13190 0.00000 -54.17023 -0.13190 -0.99126 0.00000 -1.32126 -0.00000 -0.00000 -1.00000 -0.00000
1630597352809845 0.99105 -0.13346 0.00000 -54.94430 -0.13346 -0.99105 0.00000 -1.17062 -0.00000 -0.00000 -1.00000 -0.00000
1630597353059212 0.99270 -0.12062 0.00000 -55.72253 -0.12062 -0.99270 0.00000 -1.92062 -0.00000 -0.00000 -1.00000 -0.00000
1630597353309202 0.99302 -0.11791 0.00000 -56.44074 -0.11791 -0.99302 0.00000 -2.13464 -0.00000 -0.00000 -1.00000 -0.00000
1630597353559813 0.99301 -0.11800 0.00000 -57.20888 -0.11800 -0.99301 0.00000 -2.11780 -0.00000 -0.00000 -1.00000 -0.00000
1630597353809807 0.99360 -0.11296 0.00000 -57.90075 -0.11296 -0.99360 0.00000 -2.44686 -0.00000 -0.00000 -1.00000 -0.00000
1630597354060421 0.99470 -0.10282 -0.00000 -58.66903 -0.10282 -0.99470 0.00000 -3.04994 -0.00000 -0.00000 -1.00000 -0.00000
1630597354311033 0.99582 -0.09137 0.00000 -59.32597 -0.09137 -0.99582 0.00000 -3.66390 -0.00000 -0.00000 -1.00000 -0.00000
1630597354561026 0.99713 -0.07571 -0.00000 -60.03942 -0.07571 -0.99713 0.00000 -4.69816 -0.00000 -0.00000 -1.00000 -0.00000
1630597354810390 0.99835 -0.05750 0.00000 -60.73341 -0.05750 -0.99835 0.00000 -5.86256 -0.00000 -0.00000 -1.00000 -0.00000
1630597355060381 0.99873 -0.05030 0.00000 -61.59686 -0.05030 -0.99873 0.00000 -6.24146 -0.00000 -0.00000 -1.00000 -0.00000
1630597355309747 0.99934 -0.03646 0.00000 -62.39943 -0.03646 -0.99934 0.00000 -7.12895 -0.00000 -0.00000 -1.00000 -0.00000
1630597355559113 0.99965 -0.02631 -0.00000 -63.32336 -0.02631 -0.99965 0.00000 -7.68360 -0.00000 -0.00000 -1.00000 -0.00000
1630597355809107 0.99988 -0.01540 0.00000 -64.28646 -0.01540 -0.99988 0.00000 -8.36008 -0.00000 -0.00000 -1.00000 -0.00000
1630597356059098 0.99995 -0.01007 0.00000 -65.41594 -0.01007 -0.99995 0.00000 -8.71226 -0.00000 -0.00000 -1.00000 -0.00000
1630597356309111 1.00000 0.00285 0.00000 -66.37562 0.00285 -1.00000 0.00000 -9.56311 0.00000 -0.00000 -1.00000 -0.00000
1630597356559076 0.99978 0.02121 0.00000 -67.35129 0.02121 -0.99978 0.00000 -10.92158 0.00000 -0.00000 -1.00000 -0.00000
1630597356809695 0.99935 0.03618 0.00000 -68.35830 0.03618 -0.99935 0.00000 -11.81557 0.00000 -0.00000 -1.00000 -0.00000
1630597357060316 0.99888 0.04727 0.00000 -69.44944 0.04727 -0.99888 0.00000 -12.46635 0.00000 -0.00000 -1.00000 -0.00000
1630597357310919 0.99846 0.05541 0.00000 -70.52385 0.05541 -0.99846 0.00000 -13.12773 0.00000 -0.00000 -1.00000 -0.00000
1630597357560914 0.99741 0.07192 0.00000 -71.47630 0.07192 -0.99741 0.00000 -14.31974 0.00000 -0.00000 -1.00000 -0.00000
1630597357810283 0.99632 0.08568 0.00000 -72.58991 0.08568 -0.99632 0.00000 -15.38132 0.00000 -0.00000 -1.00000 -0.00000
1630597358059649 0.99570 0.09261 0.00000 -73.59516 0.09261 -0.99570 0.00000 -15.92895 0.00000 -0.00000 -1.00000 -0.00000
1630597358309647 0.99621 0.08703 0.00000 -74.97648 0.08703 -0.99621 0.00000 -15.38890 0.00000 -0.00000 -1.00000 -0.00000
1630597358559017 0.99617 0.08738 0.00000 -76.25239 0.08738 -0.99617 0.00000 -15.32963 0.00000 -0.00000 -1.00000 -0.00000
1630597358808993 0.99702 0.07708 0.00000 -77.77925 0.07708 -0.99702 0.00000 -14.57323 0.00000 -0.00000 -1.00000 -0.00000
1630597359058990 0.99800 0.06314 0.00000 -79.36080 0.06314 -0.99800 0.00000 -13.61662 0.00000 -0.00000 -1.00000 -0.00000
1630597359308976 0.99913 0.04165 0.00000 -81.02988 0.04165 -0.99913 0.00000 -11.91993 0.00000 -0.00000 -1.00000 -0.00000
1630597359559597 0.99993 0.01189 0.00000 -82.79983 0.01189 -0.99993 0.00000 -9.47666 0.00000 -0.00000 -1.00000 -0.00000
1630597359810208 0.99985 -0.01748 0.00000 -84.50193 -0.01748 -0.99985 0.00000 -6.99251 -0.00000 -0.00000 -1.00000 -0.00000
1630597360060822 0.99889 -0.04711 0.00000 -86.13664 -0.04711 -0.99889 0.00000 -4.52814 -0.00000 -0.00000 -1.00000 -0.00000
1630597360310812 0.99703 -0.07706 0.00000 -87.81543 -0.07706 -0.99703 0.00000 -2.00456 -0.00000 -0.00000 -1.00000 -0.00000
1630597360560178 0.99410 -0.10847 -0.00000 -89.40195 -0.10847 -0.99410 0.00000 0.85104 -0.00000 -0.00000 -1.00000 0.00000
1630597360809549 0.98996 -0.14133 0.00000 -90.99480 -0.14133 -0.98996 0.00000 3.64342 -0.00000 -0.00000 -1.00000 0.00000
1630597361060164 0.98417 -0.17721 0.00000 -92.43622 -0.17721 -0.98417 0.00000 7.00415 -0.00000 -0.00000 -1.00000 0.00000
1630597361309530 0.97551 -0.21997 0.00000 -93.67624 -0.21997 -0.97551 0.00000 10.90261 -0.00000 -0.00000 -1.00000 0.00000
1630597361559516 0.96212 -0.27263 -0.00000 -94.64066 -0.27263 -0.96212 0.00000 16.02124 -0.00000 -0.00000 -1.00000 0.00000
1630597361809511 0.94677 -0.32191 -0.00000 -95.29342 -0.32191 -0.94677 0.00000 20.80803 -0.00000 -0.00000 -1.00000 0.00000
1630597362060125 0.92829 -0.37186 0.00000 -95.74964 -0.37186 -0.92829 0.00000 25.84945 -0.00000 -0.00000 -1.00000 0.00000
1630597362310745 0.90577 -0.42377 0.00000 -95.86848 -0.42377 -0.90577 0.00000 31.25586 -0.00000 -0.00000 -1.00000 0.00000
1630597362560112 0.88652 -0.46269 -0.00000 -96.02199 -0.46269 -0.88652 0.00000 35.30600 -0.00000 -0.00000 -1.00000 0.00000
1630597362810101 0.85802 -0.51362 -0.00000 -95.50818 -0.51362 -0.85802 0.00000 40.97851 -0.00000 -0.00000 -1.00000 0.00000
1630597363059468 0.83049 -0.55704 0.00000 -94.93333 -0.55704 -0.83049 0.00000 45.77789 -0.00000 -0.00000 -1.00000 0.00000
1630597363308835 0.79818 -0.60242 0.00000 -93.94344 -0.60242 -0.79818 0.00000 51.00450 -0.00000 -0.00000 -1.00000 0.00000
1630597363558825 0.75268 -0.65838 0.00000 -91.69559 -0.65838 -0.75268 0.00000 57.72473 -0.00000 -0.00000 -1.00000 0.00000
1630597363808191 0.70435 -0.70985 0.00000 -89.03834 -0.70985 -0.70435 0.00000 63.98061 -0.00000 -0.00000 -1.00000 0.00000
1630597364058182 0.65038 -0.75961 0.00000 -85.83561 -0.75961 -0.65038 0.00000 70.29969 -0.00000 -0.00000 -1.00000 0.00000
1630597364308177 0.59474 -0.80392 0.00000 -82.34829 -0.80392 -0.59474 0.00000 76.23578 -0.00000 -0.00000 -1.00000 0.00000
1630597364558161 0.53357 -0.84575 0.00000 -78.31648 -0.84575 -0.53357 0.00000 81.98287 -0.00000 -0.00000 -1.00000 0.00000
1630597364808779 0.47687 -0.87898 -0.00000 -74.55326 -0.87898 -0.47687 0.00000 86.90606 -0.00000 -0.00000 -1.00000 0.00000
1630597365058772 0.44022 -0.89789 0.00000 -72.77158 -0.89789 -0.44022 0.00000 89.82868 -0.00000 -0.00000 -1.00000 0.00000
1630597365308764 0.41521 -0.90972 -0.00000 -72.12398 -0.90972 -0.41521 0.00000 91.85053 -0.00000 -0.00000 -1.00000 0.00000
1630597365559381 0.38489 -0.92296 0.00000 -71.00066 -0.92296 -0.38489 0.00000 94.29883 -0.00000 -0.00000 -1.00000 0.00000
1630597365809370 0.35966 -0.93308 0.00000 -70.45497 -0.93308 -0.35966 0.00000 96.17133 -0.00000 -0.00000 -1.00000 0.00000
1630597366059986 0.34668 -0.93798 0.00000 -71.22308 -0.93798 -0.34668 0.00000 97.23106 -0.00000 -0.00000 -1.00000 0.00000
1630597366309983 0.33312 -0.94288 0.00000 -71.82031 -0.94288 -0.33312 0.00000 98.18015 -0.00000 -0.00000 -1.00000 0.00000
1630597366559971 0.32373 -0.94615 0.00000 -72.92290 -0.94615 -0.32373 0.00000 98.87711 -0.00000 -0.00000 -1.00000 0.00000
1630597366809336 0.32908 -0.94430 0.00000 -75.50616 -0.94430 -0.32908 0.00000 98.31374 -0.00000 -0.00000 -1.00000 0.00000
1630597367058701 0.34030 -0.94032 -0.00000 -78.69464 -0.94032 -0.34030 0.00000 97.33187 -0.00000 -0.00000 -1.00000 0.00000
1630597367308697 0.35627 -0.93438 0.00000 -82.44527 -0.93438 -0.35627 0.00000 95.97771 -0.00000 -0.00000 -1.00000 0.00000
1630597367558686 0.37452 -0.92722 0.00000 -86.33230 -0.92722 -0.37452 0.00000 94.28552 -0.00000 -0.00000 -1.00000 0.00000
1630597367809303 0.39851 -0.91716 0.00000 -90.89009 -0.91716 -0.39851 0.00000 92.10565 -0.00000 -0.00000 -1.00000 0.00000
1630597368059293 0.41939 -0.90780 0.00000 -94.99052 -0.90780 -0.41939 0.00000 89.83493 -0.00000 -0.00000 -1.00000 0.00000
1630597368309907 0.43606 -0.89992 0.00000 -98.62036 -0.89992 -0.43606 0.00000 88.05121 -0.00000 -0.00000 -1.00000 0.00000
1630597368559906 0.45620 -0.88988 0.00000 -102.52906 -0.88988 -0.45620 0.00000 85.82041 -0.00000 -0.00000 -1.00000 0.00000
1630597368809890 0.47128 -0.88198 -0.00000 -106.01443 -0.88198 -0.47128 0.00000 83.87597 -0.00000 -0.00000 -1.00000 0.00000
1630597369059263 0.49091 -0.87121 0.00000 -109.82390 -0.87121 -0.49091 0.00000 81.61268 -0.00000 -0.00000 -1.00000 0.00000
1630597369308626 0.51173 -0.85915 0.00000 -113.66230 -0.85915 -0.51173 0.00000 78.87306 -0.00000 -0.00000 -1.00000 0.00000
1630597369558623 0.53048 -0.84770 0.00000 -117.34312 -0.84770 -0.53048 0.00000 76.23868 -0.00000 -0.00000 -1.00000 0.00000
1630597369808614 0.54924 -0.83567 0.00000 -120.89604 -0.83567 -0.54924 0.00000 73.63785 -0.00000 -0.00000 -1.00000 0.00000
1630597370059227 0.56697 -0.82374 0.00000 -124.31143 -0.82374 -0.56697 0.00000 70.92162 -0.00000 -0.00000 -1.00000 0.00000
1630597370309845 0.58434 -0.81151 0.00000 -127.75926 -0.81151 -0.58434 0.00000 68.12447 -0.00000 -0.00000 -1.00000 0.00000
1630597370560462 0.59849 -0.80113 0.00000 -130.91537 -0.80113 -0.59849 0.00000 65.92775 -0.00000 -0.00000 -1.00000 0.00000
1630597370810452 0.61498 -0.78854 0.00000 -134.05480 -0.78854 -0.61498 0.00000 63.37428 -0.00000 -0.00000 -1.00000 0.00000
1630597371059819 0.63276 -0.77435 0.00000 -137.42211 -0.77435 -0.63276 0.00000 60.15525 -0.00000 -0.00000 -1.00000 0.00000
1630597371309194 0.65177 -0.75842 0.00000 -140.66116 -0.75842 -0.65177 0.00000 56.68568 -0.00000 -0.00000 -1.00000 0.00000
1630597371558561 0.66291 -0.74870 -0.00000 -143.37189 -0.74870 -0.66291 0.00000 54.47601 -0.00000 -0.00000 -1.00000 0.00000
1630597371807929 0.68179 -0.73154 0.00000 -146.45957 -0.73154 -0.68179 0.00000 50.88863 -0.00000 -0.00000 -1.00000 0.00000
1630597372057918 0.69303 -0.72091 0.00000 -149.09691 -0.72091 -0.69303 0.00000 48.66731 -0.00000 -0.00000 -1.00000 0.00000
1630597372307923 0.71444 -0.69970 0.00000 -152.19315 -0.69970 -0.71444 0.00000 44.02285 -0.00000 -0.00000 -1.00000 0.00000
1630597372558525 0.73048 -0.68293 0.00000 -154.83052 -0.68293 -0.73048 0.00000 40.38995 -0.00000 -0.00000 -1.00000 0.00000
1630597372809144 0.75107 -0.66022 0.00000 -157.53670 -0.66022 -0.75107 0.00000 35.64035 -0.00000 -0.00000 -1.00000 0.00000
1630597373059134 0.78121 -0.62427 0.00000 -160.55424 -0.62427 -0.78121 0.00000 28.25652 -0.00000 -0.00000 -1.00000 0.00000
1630597373309758 0.82082 -0.57119 0.00000 -163.47046 -0.57119 -0.82082 0.00000 17.64366 -0.00000 -0.00000 -1.00000 0.00000
1630597373560370 0.86278 -0.50558 0.00000 -165.64320 -0.50558 -0.86278 0.00000 4.69734 -0.00000 -0.00000 -1.00000 0.00000
1630597373810365 0.90871 -0.41743 -0.00000 -166.51759 -0.41743 -0.90871 0.00000 -11.78612 -0.00000 -0.00000 -1.00000 -0.00000
1630597374060354 0.94731 -0.32032 0.00000 -165.51613 -0.32032 -0.94731 0.00000 -29.15655 -0.00000 -0.00000 -1.00000 -0.00000
1630597374310355 0.97458 -0.22402 0.00000 -162.78653 -0.22402 -0.97458 0.00000 -45.47385 -0.00000 -0.00000 -1.00000 -0.00000
1630597374559717 0.99495 -0.10042 0.00000 -156.73370 -0.10042 -0.99495 0.00000 -65.42273 -0.00000 -0.00000 -1.00000 -0.00000
1630597374809086 0.99964 0.02674 -0.00000 -148.08266 0.02674 -0.99964 0.00000 -84.75542 0.00000 -0.00000 -1.00000 -0.00000
1630597375058450 0.98660 0.16314 0.00000 -135.82592 0.16314 -0.98660 0.00000 -104.27855 0.00000 -0.00000 -1.00000 -0.00000
1630597375308444 0.95403 0.29971 0.00000 -120.67565 0.29971 -0.95403 0.00000 -122.22329 0.00000 -0.00000 -1.00000 -0.00000
1630597375558434 0.89635 0.44334 0.00000 -101.26573 0.44334 -0.89635 0.00000 -139.32974 0.00000 -0.00000 -1.00000 -0.00000
1630597375808430 0.81355 0.58150 -0.00000 -78.24001 0.58150 -0.81355 0.00000 -153.85386 0.00000 -0.00000 -1.00000 -0.00000
1630597376059670 0.71033 0.70387 0.00000 -53.53653 0.70387 -0.71033 0.00000 -164.25086 0.00000 -0.00000 -1.00000 -0.00000
1630597376310287 0.59212 0.80585 0.00000 -28.05131 0.80585 -0.59212 0.00000 -170.47167 0.00000 -0.00000 -1.00000 -0.00000
1630597376560283 0.45168 0.89218 0.00000 -0.30132 0.89218 -0.45168 0.00000 -172.76291 0.00000 -0.00000 -1.00000 -0.00000
1630597376810276 0.30550 0.95219 -0.00000 26.16465 0.95219 -0.30550 0.00000 -170.59172 0.00000 -0.00000 -1.00000 -0.00000
1630597377060266 0.14790 0.98900 0.00000 52.59364 0.98900 -0.14790 0.00000 -164.04299 0.00000 -0.00000 -1.00000 -0.00000
1630597377309638 -0.02643 0.99965 -0.00000 79.67679 0.99965 0.02643 0.00000 -152.35305 0.00000 0.00000 -1.00000 -0.00000
1630597377559004 -0.19912 0.97998 0.00000 104.10694 0.97998 0.19912 0.00000 -136.24032 0.00000 0.00000 -1.00000 -0.00000
1630597377808365 -0.36949 0.92923 0.00000 125.73055 0.92923 0.36949 0.00000 -115.56232 0.00000 0.00000 -1.00000 -0.00000
1630597378057737 -0.52263 0.85256 0.00000 142.72529 0.85256 0.52263 0.00000 -92.53032 0.00000 0.00000 -1.00000 -0.00000
1630597378308358 -0.64934 0.76050 0.00000 154.29734 0.76050 0.64934 0.00000 -69.03097 0.00000 0.00000 -1.00000 -0.00000
1630597378558973 -0.75113 0.66015 0.00000 161.50995 0.66015 0.75113 0.00000 -46.32251 0.00000 0.00000 -1.00000 -0.00000
1630597378810214 -0.82609 0.56354 0.00000 164.74383 0.56354 0.82609 0.00000 -26.18658 0.00000 0.00000 -1.00000 -0.00000
1630597379060831 -0.87479 0.48451 0.00000 165.37199 0.48451 0.87479 0.00000 -10.92403 0.00000 0.00000 -1.00000 -0.00000
1630597379311451 -0.91023 0.41410 0.00000 164.28865 0.41410 0.91023 0.00000 2.29880 0.00000 0.00000 -1.00000 0.00000
1630597379560820 -0.92802 0.37254 0.00000 162.74082 0.37254 0.92802 0.00000 9.57316 0.00000 0.00000 -1.00000 0.00000
1630597379810189 -0.93996 0.34130 0.00000 160.98510 0.34130 0.93996 0.00000 15.20353 0.00000 0.00000 -1.00000 0.00000
1630597380059559 -0.94147 0.33709 -0.00000 159.59168 0.33709 0.94147 0.00000 15.82772 0.00000 0.00000 -1.00000 0.00000
1630597380308934 -0.94285 0.33323 0.00000 158.08462 0.33323 0.94285 0.00000 16.58429 0.00000 0.00000 -1.00000 0.00000
1630597380558291 -0.93679 0.34989 -0.00000 156.79075 0.34989 0.93679 0.00000 13.78492 0.00000 0.00000 -1.00000 0.00000
1630597380807657 -0.92757 0.37364 0.00000 155.67943 0.37364 0.92757 0.00000 9.76104 0.00000 0.00000 -1.00000 0.00000
1630597381057648 -0.91425 0.40516 0.00000 154.34555 0.40516 0.91425 0.00000 4.37177 0.00000 0.00000 -1.00000 0.00000
1630597381308271 -0.89471 0.44665 -0.00000 152.81919 0.44665 0.89471 0.00000 -2.61758 0.00000 0.00000 -1.00000 -0.00000
1630597381558888 -0.87121 0.49091 0.00000 150.84086 0.49091 0.87121 0.00000 -10.35414 0.00000 0.00000 -1.00000 -0.00000
1630597381808877 -0.84566 0.53373 0.00000 148.54014 0.53373 0.84566 0.00000 -18.03325 0.00000 0.00000 -1.00000 -0.00000
1630597382059503 -0.81997 0.57241 0.00000 145.91043 0.57241 0.81997 0.00000 -24.88979 0.00000 0.00000 -1.00000 -0.00000
1630597382309499 -0.78896 0.61445 0.00000 142.53812 0.61445 0.78896 0.00000 -32.48117 0.00000 0.00000 -1.00000 -0.00000
1630597382559485 -0.75731 0.65306 0.00000 139.14758 0.65306 0.75731 0.00000 -39.64433 0.00000 0.00000 -1.00000 -0.00000
1630597382808850 -0.71976 0.69423 0.00000 135.01143 0.69423 0.71976 0.00000 -47.32277 0.00000 0.00000 -1.00000 -0.00000
1630597383058223 -0.68441 0.72909 0.00000 130.79170 0.72909 0.68441 0.00000 -54.03369 0.00000 0.00000 -1.00000 -0.00000
1630597383308212 -0.63892 0.76927 0.00000 125.48783 0.76927 0.63892 0.00000 -61.79299 0.00000 0.00000 -1.00000 -0.00000
1630597383558203 -0.60128 0.79903 0.00000 120.63131 0.79903 0.60128 0.00000 -67.80171 0.00000 0.00000 -1.00000 -0.00000
1630597383808197 -0.56451 0.82542 0.00000 115.56695 0.82542 0.56451 0.00000 -73.12717 0.00000 0.00000 -1.00000 -0.00000
1630597384058814 -0.52715 0.84977 -0.00000 110.40232 0.84977 0.52715 0.00000 -78.26869 0.00000 0.00000 -1.00000 -0.00000
1630597384310060 -0.48537 0.87431 0.00000 104.82052 0.87431 0.48537 0.00000 -83.46616 0.00000 0.00000 -1.00000 -0.00000
1630597384560055 -0.45173 0.89215 -0.00000 99.85878 0.89215 0.45173 0.00000 -87.45655 0.00000 0.00000 -1.00000 -0.00000
1630597384810044 -0.41354 0.91049 0.00000 94.30319 0.91049 0.41354 0.00000 -91.53804 0.00000 0.00000 -1.00000 -0.00000
1630597385059412 -0.39503 0.91867 0.00000 90.71442 0.91867 0.39503 0.00000 -93.47055 0.00000 0.00000 -1.00000 -0.00000
1630597385309422 -0.36138 0.93242 0.00000 85.56212 0.93242 0.36138 0.00000 -96.73682 0.00000 0.00000 -1.00000 -0.00000
1630597385558777 -0.35041 0.93660 -0.00000 82.75740 0.93660 0.35041 0.00000 -97.82392 0.00000 0.00000 -1.00000 -0.00000
1630597385808145 -0.33316 0.94287 0.00000 79.23720 0.94287 0.33316 0.00000 -99.39074 0.00000 0.00000 -1.00000 -0.00000
1630597386057513 -0.32662 0.94516 0.00000 76.96886 0.94516 0.32662 0.00000 -99.95970 0.00000 0.00000 -1.00000 -0.00000
1630597386307507 -0.32283 0.94646 0.00000 74.93696 0.94646 0.32283 0.00000 -100.24285 0.00000 0.00000 -1.00000 -0.00000
1630597386558124 -0.32284 0.94645 0.00000 73.33700 0.94645 0.32284 0.00000 -100.48823 0.00000 0.00000 -1.00000 -0.00000
1630597386808742 -0.32717 0.94496 0.00000 72.16963 0.94496 0.32717 0.00000 -100.22352 0.00000 0.00000 -1.00000 -0.00000
1630597387059360 -0.32666 0.94514 0.00000 70.52079 0.94514 0.32666 0.00000 -100.26038 0.00000 0.00000 -1.00000 -0.00000
1630597387309977 -0.33516 0.94216 0.00000 69.80655 0.94216 0.33516 0.00000 -99.55499 0.00000 0.00000 -1.00000 -0.00000
1630597387559973 -0.34263 0.93947 0.00000 68.94516 0.93947 0.34263 0.00000 -99.13141 0.00000 0.00000 -1.00000 -0.00000
1630597387809967 -0.34653 0.93804 0.00000 67.73069 0.93804 0.34653 0.00000 -98.69936 0.00000 0.00000 -1.00000 -0.00000
1630597388059333 -0.36629 0.93050 0.00000 68.22589 0.93050 0.36629 0.00000 -97.25138 0.00000 0.00000 -1.00000 -0.00000
1630597388308711 -0.38573 0.92261 -0.00000 68.57797 0.92261 0.38573 0.00000 -96.02522 0.00000 0.00000 -1.00000 -0.00000
1630597388558073 -0.41194 0.91121 -0.00000 69.72220 0.91121 0.41194 0.00000 -93.94437 0.00000 0.00000 -1.00000 -0.00000
1630597388807440 -0.44544 0.89531 0.00000 71.54864 0.89531 0.44544 0.00000 -91.37027 0.00000 0.00000 -1.00000 -0.00000
1630597389057434 -0.48163 0.87638 0.00000 73.67740 0.87638 0.48163 0.00000 -88.34420 0.00000 0.00000 -1.00000 -0.00000
1630597389307430 -0.52703 0.84984 -0.00000 76.67679 0.84984 0.52703 0.00000 -84.38786 0.00000 0.00000 -1.00000 -0.00000
1630597389558044 -0.57333 0.81932 0.00000 79.68808 0.81932 0.57333 0.00000 -80.08363 0.00000 0.00000 -1.00000 -0.00000
1630597389808662 -0.62669 0.77926 0.00000 83.36658 0.77926 0.62669 0.00000 -74.71516 0.00000 0.00000 -1.00000 -0.00000
1630597390059283 -0.67815 0.73493 0.00000 86.71446 0.73493 0.67815 0.00000 -68.75695 0.00000 0.00000 -1.00000 -0.00000
1630597390309947 -0.73039 0.68303 0.00000 90.08669 0.68303 0.73039 0.00000 -62.18052 0.00000 0.00000 -1.00000 -0.00000
1630597390559269 -0.77493 0.63205 0.00000 92.53146 0.63205 0.77493 0.00000 -55.94754 0.00000 0.00000 -1.00000 -0.00000
1630597390809262 -0.81101 0.58503 0.00000 94.17896 0.58503 0.81101 0.00000 -50.34759 0.00000 0.00000 -1.00000 -0.00000
1630597391058629 -0.84119 0.54074 0.00000 95.27892 0.54074 0.84119 0.00000 -45.28050 0.00000 0.00000 -1.00000 -0.00000
1630597391308005 -0.86953 0.49388 -0.00000 96.13330 0.49388 0.86953 0.00000 -40.05068 0.00000 0.00000 -1.00000 -0.00000
1630597391557992 -0.89322 0.44962 0.00000 96.54658 0.44962 0.89322 0.00000 -35.22837 0.00000 0.00000 -1.00000 -0.00000
1630597391808617 -0.91565 0.40198 0.00000 96.82835 0.40198 0.91565 0.00000 -30.22348 0.00000 0.00000 -1.00000 -0.00000
1630597392059231 -0.93351 0.35855 -0.00000 96.51736 0.35855 0.93351 0.00000 -25.51536 0.00000 0.00000 -1.00000 -0.00000
1630597392309851 -0.95018 0.31169 0.00000 96.26498 0.31169 0.95018 0.00000 -20.71780 0.00000 0.00000 -1.00000 -0.00000
1630597392559845 -0.96498 0.26231 0.00000 95.69672 0.26231 0.96498 0.00000 -15.77980 0.00000 0.00000 -1.00000 -0.00000
1630597392809840 -0.97604 0.21759 0.00000 94.85601 0.21759 0.97604 0.00000 -11.27029 0.00000 0.00000 -1.00000 -0.00000
1630597393058578 -0.98533 0.17067 0.00000 93.82858 0.17067 0.98533 0.00000 -6.76840 0.00000 0.00000 -1.00000 -0.00000
1630597393307950 -0.99235 0.12348 0.00000 92.53529 0.12348 0.99235 0.00000 -2.36247 0.00000 0.00000 -1.00000 -0.00000
1630597393557320 -0.99669 0.08133 0.00000 91.03751 0.08133 0.99669 0.00000 1.48630 0.00000 0.00000 -1.00000 0.00000
1630597393807315 -0.99903 0.04393 -0.00000 89.53371 0.04393 0.99903 0.00000 4.99469 0.00000 0.00000 -1.00000 0.00000
1630597394057926 -0.99990 0.01383 0.00000 87.74367 0.01383 0.99990 0.00000 7.63073 0.00000 0.00000 -1.00000 0.00000
1630597394308547 -0.99999 -0.00336 0.00000 86.27798 -0.00336 0.99999 0.00000 9.18461 -0.00000 0.00000 -1.00000 0.00000
1630597394559165 -0.99985 -0.01751 0.00000 84.76324 -0.01751 0.99985 0.00000 10.48257 -0.00000 0.00000 -1.00000 0.00000
1630597394809782 -0.99969 -0.02475 0.00000 83.26100 -0.02475 0.99969 0.00000 11.00378 -0.00000 0.00000 -1.00000 0.00000
1630597395060408 -0.99970 -0.02438 -0.00000 81.76386 -0.02438 0.99970 0.00000 10.95822 -0.00000 0.00000 -1.00000 0.00000
1630597395309777 -0.99944 -0.03337 0.00000 80.19183 -0.03337 0.99944 0.00000 11.62499 -0.00000 0.00000 -1.00000 0.00000
1630597395559770 -0.99920 -0.04000 0.00000 78.65311 -0.04000 0.99920 0.00000 12.19417 -0.00000 0.00000 -1.00000 0.00000
1630597395809134 -0.99924 -0.03904 0.00000 77.25363 -0.03904 0.99924 0.00000 12.05044 -0.00000 0.00000 -1.00000 0.00000
1630597396058506 -0.99947 -0.03252 0.00000 76.00262 -0.03252 0.99947 0.00000 11.57895 -0.00000 0.00000 -1.00000 0.00000
1630597396307890 -0.99963 -0.02712 0.00000 74.82979 -0.02712 0.99963 0.00000 11.13340 -0.00000 0.00000 -1.00000 0.00000
1630597396557868 -0.99990 -0.01380 0.00000 73.86010 -0.01380 0.99990 0.00000 10.12504 -0.00000 0.00000 -1.00000 0.00000
1630597396807862 -0.99996 -0.00902 0.00000 72.92416 -0.00902 0.99996 0.00000 9.78200 -0.00000 0.00000 -1.00000 0.00000
1630597397058482 -0.99997 -0.00729 -0.00000 71.87396 -0.00729 0.99997 0.00000 9.64975 -0.00000 0.00000 -1.00000 0.00000
1630597397309106 -0.99999 -0.00325 -0.00000 71.02493 -0.00325 0.99999 0.00000 9.29030 -0.00000 0.00000 -1.00000 0.00000
1630597397559719 -1.00000 0.00227 -0.00000 70.14300 0.00227 1.00000 0.00000 8.91186 0.00000 0.00000 -1.00000 0.00000
1630597397809721 -1.00000 0.00243 -0.00000 69.33788 0.00243 1.00000 0.00000 8.82594 0.00000 0.00000 -1.00000 0.00000
1630597398059705 -0.99996 0.00862 0.00000 68.53765 0.00862 0.99996 0.00000 8.45834 0.00000 0.00000 -1.00000 0.00000
1630597398309078 -0.99998 0.00687 0.00000 67.65562 0.00687 0.99998 0.00000 8.69031 0.00000 0.00000 -1.00000 0.00000
1630597398558444 -0.99991 0.01317 0.00000 66.94917 0.01317 0.99991 0.00000 8.24402 0.00000 0.00000 -1.00000 0.00000
1630597398807816 -0.99983 0.01821 0.00000 66.15599 0.01821 0.99983 0.00000 7.85361 0.00000 0.00000 -1.00000 0.00000
1630597399057184 -0.99966 0.02597 0.00000 65.50130 0.02597 0.99966 0.00000 7.43574 0.00000 0.00000 -1.00000 0.00000
1630597399305929 -0.99941 0.03443 0.00000 64.69823 0.03443 0.99941 0.00000 6.73818 0.00000 0.00000 -1.00000 0.00000
1630597399556549 -0.99936 0.03576 -0.00000 63.98567 0.03576 0.99936 0.00000 6.65194 0.00000 0.00000 -1.00000 0.00000
1630597399806540 -0.99915 0.04126 0.00000 63.32011 0.04126 0.99915 0.00000 6.32173 0.00000 0.00000 -1.00000 0.00000
1630597400057159 -0.99885 0.04799 -0.00000 62.57649 0.04799 0.99885 0.00000 5.82280 0.00000 0.00000 -1.00000 0.00000
1630597400307152 -0.99828 0.05871 -0.00000 61.82768 0.05871 0.99828 0.00000 5.14402 0.00000 0.00000 -1.00000 0.00000
1630597400557145 -0.99794 0.06414 0.00000 61.03461 0.06414 0.99794 0.00000 4.76341 0.00000 0.00000 -1.00000 0.00000
1630597400807763 -0.99644 0.08426 0.00000 60.15983 0.08426 0.99644 0.00000 3.61184 0.00000 0.00000 -1.00000 0.00000
1630597401057761 -0.99486 0.10125 0.00000 59.32326 0.10125 0.99486 0.00000 2.47117 0.00000 0.00000 -1.00000 0.00000
1630597401308383 -0.99205 0.12585 -0.00000 58.25570 0.12585 0.99205 0.00000 0.97860 0.00000 0.00000 -1.00000 0.00000
1630597401557753 -0.99216 0.12500 0.00000 57.21972 0.12500 0.99216 0.00000 0.99646 0.00000 0.00000 -1.00000 0.00000
1630597401807746 -0.99142 0.13070 0.00000 55.96756 0.13070 0.99142 0.00000 0.63205 0.00000 0.00000 -1.00000 0.00000
1630597402058367 -0.99041 0.13816 0.00000 54.64173 0.13816 0.99041 0.00000 0.16344 0.00000 0.00000 -1.00000 0.00000
1630597402307737 -0.99156 0.12967 0.00000 53.41781 0.12967 0.99156 0.00000 0.43228 0.00000 0.00000 -1.00000 0.00000
1630597402558357 -0.99243 0.12283 -0.00000 52.00710 0.12283 0.99243 0.00000 0.95636 0.00000 0.00000 -1.00000 0.00000
1630597402808361 -0.99257 0.12169 0.00000 50.67048 0.12169 0.99257 0.00000 0.94022 0.00000 0.00000 -1.00000 0.00000
1630597403057723 -0.99435 0.10615 0.00000 49.16832 0.10615 0.99435 0.00000 1.72250 0.00000 0.00000 -1.00000 0.00000
1630597403307717 -0.99487 0.10118 0.00000 47.67945 0.10118 0.99487 0.00000 1.83276 0.00000 0.00000 -1.00000 0.00000
1630597403557715 -0.99523 0.09753 0.00000 46.14371 0.09753 0.99523 0.00000 1.99385 0.00000 0.00000 -1.00000 0.00000
1630597403808330 -0.99464 0.10336 0.00000 44.62331 0.10336 0.99464 0.00000 1.75539 0.00000 0.00000 -1.00000 0.00000
1630597404058326 -0.99446 0.10515 0.00000 43.11158 0.10515 0.99446 0.00000 1.61558 0.00000 0.00000 -1.00000 0.00000
1630597404308330 -0.99316 0.11680 0.00000 41.48641 0.11680 0.99316 0.00000 1.15636 0.00000 0.00000 -1.00000 0.00000
1630597404558315 -0.99166 0.12889 0.00000 39.89403 0.12889 0.99166 0.00000 0.52771 0.00000 0.00000 -1.00000 0.00000
1630597404808310 -0.99043 0.13801 -0.00000 38.23210 0.13801 0.99043 0.00000 0.19171 0.00000 0.00000 -1.00000 0.00000
1630597405058307 -0.99001 0.14096 0.00000 36.64960 0.14096 0.99001 0.00000 0.03791 0.00000 0.00000 -1.00000 0.00000
1630597405308301 -0.98901 0.14784 0.00000 34.82158 0.14784 0.98901 0.00000 -0.28277 0.00000 0.00000 -1.00000 -0.00000
1630597405558295 -0.98856 0.15084 0.00000 33.10859 0.15084 0.98856 0.00000 -0.56138 0.00000 0.00000 -1.00000 -0.00000
1630597405808290 -0.98904 0.14766 0.00000 31.52282 0.14766 0.98904 0.00000 -0.36216 0.00000 0.00000 -1.00000 -0.00000
1630597406058288 -0.99018 0.13980 0.00000 29.77115 0.13980 0.99018 0.00000 -0.25872 0.00000 0.00000 -1.00000 -0.00000
1630597406308322 -0.99191 0.12694 0.00000 28.04507 0.12694 0.99191 0.00000 0.14827 0.00000 0.00000 -1.00000 0.00000
1630597406558276 -0.99171 0.12848 0.00000 26.26325 0.12848 0.99171 0.00000 0.11419 0.00000 0.00000 -1.00000 0.00000
1630597406808901 -0.99165 0.12893 0.00000 24.55353 0.12893 0.99165 0.00000 0.01820 0.00000 0.00000 -1.00000 0.00000
1630597407058906 -0.99184 0.12748 0.00000 22.78312 0.12748 0.99184 0.00000 0.00702 0.00000 0.00000 -1.00000 0.00000
1630597407308264 -0.99227 0.12412 0.00000 21.03907 0.12412 0.99227 0.00000 -0.04130 0.00000 0.00000 -1.00000 -0.00000
1630597407557632 -0.99223 0.12440 0.00000 19.23109 0.12440 0.99223 0.00000 -0.01408 0.00000 0.00000 -1.00000 -0.00000
1630597407807003 -0.99234 0.12355 0.00000 17.66539 0.12355 0.99234 0.00000 -0.01176 0.00000 0.00000 -1.00000 -0.00000
1630597408056998 -0.99127 0.13181 -0.00000 16.02098 0.13181 0.99127 0.00000 -0.11183 0.00000 0.00000 -1.00000 -0.00000
1630597408306994 -0.99200 0.12627 0.00000 14.51678 0.12627 0.99200 0.00000 -0.03149 0.00000 0.00000 -1.00000 -0.00000
1630597408556988 -0.99209 0.12549 0.00000 12.96583 0.12549 0.99209 0.00000 -0.01863 0.00000 0.00000 -1.00000 -0.00000
1630597408807172 -0.99235 0.12347 0.00000 11.42810 0.12347 0.99235 0.00000 0.03068 0.00000 0.00000 -1.00000 0.00000
1630597409056977 -0.99250 0.12224 0.00000 10.00608 0.12224 0.99250 0.00000 0.04553 0.00000 0.00000 -1.00000 0.00000
1630597409307596 -0.99115 0.13276 -0.00000 8.50514 0.13276 0.99115 0.00000 -0.16151 0.00000 0.00000 -1.00000 -0.00000
1630597409557595 -0.99243 0.12284 0.00000 7.04096 0.12284 0.99243 0.00000 -0.05472 0.00000 0.00000 -1.00000 -0.00000
1630597409807600 -0.99279 0.11987 0.00000 5.67131 0.11987 0.99279 0.00000 -0.13776 0.00000 0.00000 -1.00000 -0.00000
1630597410057585 -0.99305 0.11768 0.00000 4.28581 0.11768 0.99305 0.00000 -0.07031 0.00000 0.00000 -1.00000 -0.00000
1630597410307581 -0.99241 0.12294 0.00000 2.80685 0.12294 0.99241 0.00000 -0.16487 0.00000 0.00000 -1.00000 -0.00000
1630597410558197 -0.99198 0.12636 0.00000 1.41780 0.12636 0.99198 0.00000 -0.15999 0.00000 0.00000 -1.00000 -0.00000
1630597410808192 -0.99255 0.12185 -0.00000 0.10023 0.12185 0.99255 0.00000 -0.23674 0.00000 0.00000 -1.00000 -0.00000
1630597411058815 -0.99288 0.11915 0.00000 -1.29689 0.11915 0.99288 0.00000 -0.15309 0.00000 0.00000 -1.00000 -0.00000
1630597411308187 -0.99339 0.11478 0.00000 -2.70796 0.11478 0.99339 0.00000 -0.27945 0.00000 0.00000 -1.00000 -0.00000
1630597411558182 -0.99356 0.11335 0.00000 -4.05210 0.11335 0.99356 0.00000 -0.28017 0.00000 0.00000 -1.00000 -0.00000
1630597411808178 -0.99366 0.11239 0.00000 -5.60554 0.11239 0.99366 0.00000 -0.22319 0.00000 0.00000 -1.00000 -0.00000
1630597412058173 -0.99381 0.11107 0.00000 -7.07654 0.11107 0.99381 0.00000 -0.28537 0.00000 0.00000 -1.00000 -0.00000
1630597412308177 -0.99459 0.10390 0.00000 -8.60873 0.10390 0.99459 0.00000 -0.29098 0.00000 0.00000 -1.00000 -0.00000
1630597412558163 -0.99527 0.09718 -0.00000 -10.26536 0.09718 0.99527 0.00000 -0.34584 0.00000 0.00000 -1.00000 -0.00000
1630597412808784 -0.99470 0.10284 0.00000 -11.94132 0.10284 0.99470 0.00000 -0.26023 0.00000 0.00000 -1.00000 -0.00000
1630597413058777 -0.99454 0.10435 -0.00000 -13.56262 0.10435 0.99454 0.00000 -0.37216 0.00000 0.00000 -1.00000 -0.00000
1630597413308775 -0.99458 0.10394 -0.00000 -15.32598 0.10394 0.99458 0.00000 -0.47966 0.00000 0.00000 -1.00000 -0.00000
1630597413558773 -0.99546 0.09522 0.00000 -17.04534 0.09522 0.99546 0.00000 -0.62563 0.00000 0.00000 -1.00000 -0.00000
