1623966755105770 1.00000 0.00000 0.00000 -0.00000 0.00000 -1.00000 0.00000 0.00000 0.00000 -0.00000 -1.00000 0.00000
1623966755356401 1.00000 -0.00159 -0.00000 -0.01472 -0.00159 -1.00000 0.00000 0.05119 -0.00000 -0.00000 -1.00000 0.00000
1623966755606404 0.99999 0.00392 0.00000 -0.01140 0.00392 -0.99999 0.00000 0.05376 0.00000 -0.00000 -1.00000 0.00000
1623966755857034 1.00000 0.00261 0.00000 -0.01527 0.00261 -1.00000 0.00000 0.04333 0.00000 -0.00000 -1.00000 0.00000
1623966756107661 1.00000 -0.00288 -0.00000 -0.03499 -0.00288 -1.00000 0.00000 0.05403 -0.00000 -0.00000 -1.00000 0.00000
1623966756357040 1.00000 -0.00283 0.00000 -0.02230 -0.00283 -1.00000 0.00000 0.02403 -0.00000 -0.00000 -1.00000 0.00000
1623966756606427 1.00000 -0.00179 0.00000 -0.02125 -0.00179 -1.00000 0.00000 0.04813 -0.00000 -0.00000 -1.00000 0.00000
1623966756856439 1.00000 0.00134 0.00000 -0.00159 0.00134 -1.00000 0.00000 0.05182 0.00000 -0.00000 -1.00000 0.00000
1623966757106434 1.00000 0.00283 0.00000 -0.01135 0.00283 -1.00000 0.00000 0.04491 0.00000 -0.00000 -1.00000 0.00000
1623966757355808 1.00000 0.00010 0.00000 -0.00317 0.00010 -1.00000 0.00000 0.00779 0.00000 -0.00000 -1.00000 0.00000
1623966757606439 1.00000 -0.00106 0.00000 -0.01380 -0.00106 -1.00000 0.00000 0.03140 -0.00000 -0.00000 -1.00000 0.00000
1623966757857079 1.00000 -0.00278 -0.00000 -0.02799 -0.00278 -1.00000 0.00000 0.05563 -0.00000 -0.00000 -1.00000 0.00000
1623966758107075 1.00000 0.00253 0.00000 -0.01699 0.00253 -1.00000 0.00000 0.04664 0.00000 -0.00000 -1.00000 0.00000
1623966758357708 1.00000 0.00308 0.00000 -0.01801 0.00308 -1.00000 0.00000 0.06799 0.00000 -0.00000 -1.00000 0.00000
1623966758607709 1.00000 0.00226 0.00000 -0.00479 0.00226 -1.00000 0.00000 0.05300 0.00000 -0.00000 -1.00000 0.00000
1623966758857086 1.00000 0.00026 -0.00000 -0.00137 0.00026 -1.00000 0.00000 0.00875 0.00000 -0.00000 -1.00000 0.00000
1623966759107090 0.99998 0.00675 0.00000 -0.02834 0.00675 -0.99998 0.00000 0.07889 0.00000 -0.00000 -1.00000 0.00000
1623966759356481 0.99999 0.00345 -0.00000 0.00472 0.00345 -0.99999 0.00000 0.04879 0.00000 -0.00000 -1.00000 0.00000
1623966759606483 1.00000 -0.00103 0.00000 -0.01756 -0.00103 -1.00000 0.00000 0.06157 -0.00000 -0.00000 -1.00000 0.00000
1623966759856481 1.00000 -0.00310 0.00000 -0.03433 -0.00310 -1.00000 0.00000 0.05031 -0.00000 -0.00000 -1.00000 0.00000
1623966760105865 1.00000 -0.00184 0.00000 -0.01499 -0.00184 -1.00000 0.00000 0.02547 -0.00000 -0.00000 -1.00000 0.00000
1623966760356489 1.00000 -0.00179 0.00000 -0.02221 -0.00179 -1.00000 0.00000 0.06963 -0.00000 -0.00000 -1.00000 0.00000
1623966760607116 1.00000 0.00005 0.00000 -0.05285 0.00005 -1.00000 0.00000 0.04109 0.00000 -0.00000 -1.00000 0.00000
1623966760857748 0.99998 -0.00677 -0.00000 -0.13768 -0.00677 -0.99998 0.00000 0.10128 -0.00000 -0.00000 -1.00000 0.00000
1623966761107757 0.99966 -0.02604 0.00000 -0.23528 -0.02604 -0.99966 0.00000 0.03032 -0.00000 -0.00000 -1.00000 0.00000
1623966761357755 0.99838 -0.05697 0.00000 -0.43589 -0.05697 -0.99838 0.00000 0.03003 -0.00000 -0.00000 -1.00000 0.00000
1623966761607764 0.99534 -0.09643 0.00000 -0.67276 -0.09643 -0.99534 0.00000 -0.01194 -0.00000 -0.00000 -1.00000 -0.00000
1623966761857769 0.98979 -0.14254 0.00000 -1.09009 -0.14254 -0.98979 0.00000 0.05219 -0.00000 -0.00000 -1.00000 0.00000
1623966762107144 0.98504 -0.17235 0.00000 -1.55073 -0.17235 -0.98504 0.00000 0.02103 -0.00000 -0.00000 -1.00000 0.00000
1623966762356523 0.97914 -0.20320 0.00000 -2.09725 -0.20320 -0.97914 0.00000 -0.00887 -0.00000 -0.00000 -1.00000 -0.00000
1623966762606529 0.97512 -0.22167 0.00000 -2.75895 -0.22167 -0.97512 0.00000 0.06615 -0.00000 -0.00000 -1.00000 0.00000
1623966762856534 0.97436 -0.22501 -0.00000 -3.59648 -0.22501 -0.97436 0.00000 0.10365 -0.00000 -0.00000 -1.00000 0.00000
1623966763106537 0.97525 -0.22109 0.00000 -4.47261 -0.22109 -0.97525 0.00000 0.05767 -0.00000 -0.00000 -1.00000 0.00000
1623966763356542 0.97677 -0.21428 -0.00000 -5.41484 -0.21428 -0.97677 0.00000 -0.03626 -0.00000 -0.00000 -1.00000 -0.00000
1623966763607798 0.97656 -0.21525 0.00000 -6.41198 -0.21525 -0.97656 0.00000 0.03415 -0.00000 -0.00000 -1.00000 0.00000
1623966763857826 0.97663 -0.21493 -0.00000 -7.49207 -0.21493 -0.97663 0.00000 -0.04197 -0.00000 -0.00000 -1.00000 -0.00000
1623966764107182 0.97743 -0.21127 0.00000 -8.50685 -0.21127 -0.97743 0.00000 -0.04529 -0.00000 -0.00000 -1.00000 -0.00000
1623966764357183 0.98091 -0.19447 0.00000 -9.79447 -0.19447 -0.98091 0.00000 -0.14511 -0.00000 -0.00000 -1.00000 -0.00000
1623966764607186 0.98213 -0.18820 0.00000 -10.99692 -0.18820 -0.98213 0.00000 -0.20482 -0.00000 -0.00000 -1.00000 -0.00000
1623966764856576 0.98572 -0.16841 0.00000 -12.18101 -0.16841 -0.98572 0.00000 -0.49473 -0.00000 -0.00000 -1.00000 -0.00000
1623966765106570 0.98769 -0.15643 0.00000 -13.52180 -0.15643 -0.98769 0.00000 -0.66602 -0.00000 -0.00000 -1.00000 -0.00000
1623966765355946 0.99109 -0.13320 0.00000 -14.92748 -0.13320 -0.99109 0.00000 -1.09417 -0.00000 -0.00000 -1.00000 -0.00000
1623966765606575 0.99424 -0.10722 0.00000 -16.32629 -0.10722 -0.99424 0.00000 -1.41962 -0.00000 -0.00000 -1.00000 -0.00000
1623966765857871 0.99557 -0.09406 0.00000 -17.77369 -0.09406 -0.99557 0.00000 -1.56335 -0.00000 -0.00000 -1.00000 -0.00000
1623966766107836 0.99741 -0.07197 0.00000 -19.22764 -0.07197 -0.99741 0.00000 -2.02015 -0.00000 -0.00000 -1.00000 -0.00000
1623966766357841 0.99833 -0.05781 0.00000 -20.87447 -0.05781 -0.99833 0.00000 -2.30740 -0.00000 -0.00000 -1.00000 -0.00000
1623966766607224 0.99927 -0.03814 -0.00000 -22.42287 -0.03814 -0.99927 0.00000 -2.77251 -0.00000 -0.00000 -1.00000 -0.00000
1623966766857242 0.99961 -0.02794 0.00000 -24.12029 -0.02794 -0.99961 0.00000 -2.99305 -0.00000 -0.00000 -1.00000 -0.00000
1623966767106602 0.99993 -0.01175 0.00000 -25.77552 -0.01175 -0.99993 0.00000 -3.49537 -0.00000 -0.00000 -1.00000 -0.00000
1623966767356614 0.99998 -0.00611 0.00000 -27.47468 -0.00611 -0.99998 0.00000 -3.59110 -0.00000 -0.00000 -1.00000 -0.00000
1623966767606617 0.99997 0.00728 0.00000 -29.13734 0.00728 -0.99997 0.00000 -4.07234 0.00000 -0.00000 -1.00000 -0.00000
1623966767856618 0.99978 0.02093 0.00000 -30.88839 0.02093 -0.99978 0.00000 -4.46588 0.00000 -0.00000 -1.00000 -0.00000
1623966768107247 0.99957 0.02920 0.00000 -32.60335 0.02920 -0.99957 0.00000 -4.75396 0.00000 -0.00000 -1.00000 -0.00000
1623966768357253 0.99944 0.03354 0.00000 -34.45577 0.03354 -0.99944 0.00000 -4.89002 0.00000 -0.00000 -1.00000 -0.00000
1623966768607884 0.99942 0.03395 0.00000 -36.37477 0.03395 -0.99942 0.00000 -4.86024 0.00000 -0.00000 -1.00000 -0.00000
1623966768858231 0.99917 0.04074 0.00000 -38.20818 0.04074 -0.99917 0.00000 -5.18986 0.00000 -0.00000 -1.00000 -0.00000
1623966769107263 0.99881 0.04871 -0.00000 -40.14761 0.04871 -0.99881 0.00000 -5.51701 0.00000 -0.00000 -1.00000 -0.00000
1623966769357268 0.99888 0.04742 0.00000 -42.21392 0.04742 -0.99888 0.00000 -5.50041 0.00000 -0.00000 -1.00000 -0.00000
1623966769606647 0.99871 0.05079 0.00000 -44.26935 0.05079 -0.99871 0.00000 -5.65282 0.00000 -0.00000 -1.00000 -0.00000
1623966769856652 0.99889 0.04705 -0.00000 -46.42230 0.04705 -0.99889 0.00000 -5.41167 0.00000 -0.00000 -1.00000 -0.00000
1623966770106656 0.99897 0.04546 0.00000 -48.62387 0.04546 -0.99897 0.00000 -5.40548 0.00000 -0.00000 -1.00000 -0.00000
1623966770356658 0.99893 0.04627 0.00000 -50.85852 0.04627 -0.99893 0.00000 -5.42566 0.00000 -0.00000 -1.00000 -0.00000
1623966770607290 0.99891 0.04678 0.00000 -53.13981 0.04678 -0.99891 0.00000 -5.42826 0.00000 -0.00000 -1.00000 -0.00000
1623966770857922 0.99884 0.04810 0.00000 -55.44859 0.04810 -0.99884 0.00000 -5.52944 0.00000 -0.00000 -1.00000 -0.00000
1623966771107923 0.99876 0.04982 0.00000 -57.73284 0.04982 -0.99876 0.00000 -5.81585 0.00000 -0.00000 -1.00000 -0.00000
1623966771357924 0.99895 0.04580 -0.00000 -60.07654 0.04580 -0.99895 0.00000 -5.50836 0.00000 -0.00000 -1.00000 -0.00000
1623966771607306 0.99903 0.04413 0.00000 -62.27246 0.04413 -0.99903 0.00000 -5.55501 0.00000 -0.00000 -1.00000 -0.00000
1623966771857314 0.99903 0.04414 0.00000 -64.59980 0.04414 -0.99903 0.00000 -5.50827 0.00000 -0.00000 -1.00000 -0.00000
1623966772106692 0.99916 0.04087 0.00000 -66.87164 0.04087 -0.99916 0.00000 -5.21689 0.00000 -0.00000 -1.00000 -0.00000
1623966772356076 0.99946 0.03276 0.00000 -69.08916 0.03276 -0.99946 0.00000 -4.69739 0.00000 -0.00000 -1.00000 -0.00000
1623966772606081 0.99923 0.03916 -0.00000 -71.32066 0.03916 -0.99923 0.00000 -5.22998 0.00000 -0.00000 -1.00000 -0.00000
1623966772856715 0.99975 0.02251 0.00000 -73.61814 0.02251 -0.99975 0.00000 -3.95795 0.00000 -0.00000 -1.00000 -0.00000
1623966773106709 0.99990 0.01381 0.00000 -75.81404 0.01381 -0.99990 0.00000 -3.36100 0.00000 -0.00000 -1.00000 -0.00000
1623966773357342 0.99993 -0.01211 -0.00000 -78.12348 -0.01211 -0.99993 0.00000 -1.40802 -0.00000 -0.00000 -1.00000 -0.00000
1623966773607342 0.99902 -0.04417 0.00000 -80.23630 -0.04417 -0.99902 0.00000 1.04562 -0.00000 -0.00000 -1.00000 0.00000
1623966773857351 0.99673 -0.08074 -0.00000 -82.32193 -0.08074 -0.99673 0.00000 4.07538 -0.00000 -0.00000 -1.00000 0.00000
1623966774107352 0.99193 -0.12680 0.00000 -84.09820 -0.12680 -0.99193 0.00000 7.79150 -0.00000 -0.00000 -1.00000 0.00000
1623966774356730 0.98619 -0.16563 0.00000 -85.74821 -0.16563 -0.98619 0.00000 11.07745 -0.00000 -0.00000 -1.00000 0.00000
1623966774606117 0.97649 -0.21555 0.00000 -87.14507 -0.21555 -0.97649 0.00000 15.44261 -0.00000 -0.00000 -1.00000 0.00000
1623966774856117 0.96195 -0.27322 0.00000 -88.08401 -0.27322 -0.96195 0.00000 20.67454 -0.00000 -0.00000 -1.00000 0.00000
1623966775105493 0.94578 -0.32481 0.00000 -88.84808 -0.32481 -0.94578 0.00000 25.23934 -0.00000 -0.00000 -1.00000 0.00000
1623966775356123 0.92599 -0.37755 0.00000 -89.23197 -0.37755 -0.92599 0.00000 30.24488 -0.00000 -0.00000 -1.00000 0.00000
1623966775606127 0.90831 -0.41829 -0.00000 -89.83562 -0.41829 -0.90831 0.00000 34.23090 -0.00000 -0.00000 -1.00000 0.00000
1623966775856134 0.88241 -0.47048 0.00000 -89.68673 -0.47048 -0.88241 0.00000 39.47312 -0.00000 -0.00000 -1.00000 0.00000
1623966776106134 0.85604 -0.51691 -0.00000 -89.53711 -0.51691 -0.85604 0.00000 44.11804 -0.00000 -0.00000 -1.00000 0.00000
1623966776356764 0.82540 -0.56455 0.00000 -89.00459 -0.56455 -0.82540 0.00000 49.14457 -0.00000 -0.00000 -1.00000 0.00000
1623966776607394 0.78877 -0.61469 0.00000 -87.70435 -0.61469 -0.78877 0.00000 54.80817 -0.00000 -0.00000 -1.00000 0.00000
1623966776858025 0.73728 -0.67558 0.00000 -85.03589 -0.67558 -0.73728 0.00000 61.61915 -0.00000 -0.00000 -1.00000 0.00000
1623966777108025 0.67543 -0.73742 0.00000 -81.31167 -0.73742 -0.67543 0.00000 68.86470 -0.00000 -0.00000 -1.00000 0.00000
1623966777357409 0.60727 -0.79450 0.00000 -76.77837 -0.79450 -0.60727 0.00000 75.63041 -0.00000 -0.00000 -1.00000 0.00000
1623966777606785 0.54444 -0.83880 0.00000 -72.72522 -0.83880 -0.54444 0.00000 81.12511 -0.00000 -0.00000 -1.00000 0.00000
1623966777856167 0.48561 -0.87417 -0.00000 -68.93163 -0.87417 -0.48561 0.00000 85.95023 -0.00000 -0.00000 -1.00000 0.00000
1623966778106172 0.44013 -0.89793 0.00000 -66.44605 -0.89793 -0.44013 0.00000 89.47163 -0.00000 -0.00000 -1.00000 0.00000
1623966778355554 0.41180 -0.91127 0.00000 -65.68254 -0.91127 -0.41180 0.00000 91.34154 -0.00000 -0.00000 -1.00000 0.00000
1623966778606183 0.38255 -0.92394 -0.00000 -64.84084 -0.92394 -0.38255 0.00000 93.52871 -0.00000 -0.00000 -1.00000 0.00000
1623966778856185 0.37087 -0.92868 0.00000 -65.86156 -0.92868 -0.37087 0.00000 94.24286 -0.00000 -0.00000 -1.00000 0.00000
1623966779106816 0.36451 -0.93120 0.00000 -67.40205 -0.93120 -0.36451 0.00000 94.81931 -0.00000 -0.00000 -1.00000 0.00000
1623966779357448 0.35541 -0.93471 -0.00000 -68.70503 -0.93471 -0.35541 0.00000 95.52726 -0.00000 -0.00000 -1.00000 0.00000
1623966779607448 0.35642 -0.93432 0.00000 -71.05434 -0.93432 -0.35642 0.00000 95.17648 -0.00000 -0.00000 -1.00000 0.00000
1623966779856825 0.36096 -0.93258 0.00000 -73.86180 -0.93258 -0.36096 0.00000 94.78052 -0.00000 -0.00000 -1.00000 0.00000
1623966780106827 0.36628 -0.93050 0.00000 -76.80545 -0.93050 -0.36628 0.00000 94.48176 -0.00000 -0.00000 -1.00000 0.00000
1623966780356838 0.38995 -0.92084 -0.00000 -81.53182 -0.92084 -0.38995 0.00000 92.45892 -0.00000 -0.00000 -1.00000 0.00000
1623966780606842 0.41429 -0.91014 0.00000 -86.33245 -0.91014 -0.41429 0.00000 90.10736 -0.00000 -0.00000 -1.00000 0.00000
1623966780856849 0.44438 -0.89584 0.00000 -91.65811 -0.89584 -0.44438 0.00000 87.06443 -0.00000 -0.00000 -1.00000 0.00000
1623966781108095 0.46766 -0.88391 0.00000 -96.30067 -0.88391 -0.46766 0.00000 84.77044 -0.00000 -0.00000 -1.00000 0.00000
1623966781358100 0.49020 -0.87161 0.00000 -100.67481 -0.87161 -0.49020 0.00000 82.12008 -0.00000 -0.00000 -1.00000 0.00000
1623966781608105 0.50194 -0.86490 0.00000 -104.15024 -0.86490 -0.50194 0.00000 80.72207 -0.00000 -0.00000 -1.00000 0.00000
1623966781857495 0.51726 -0.85583 0.00000 -107.68623 -0.85583 -0.51726 0.00000 78.76077 -0.00000 -0.00000 -1.00000 0.00000
1623966782107487 0.53177 -0.84689 0.00000 -111.31717 -0.84689 -0.53177 0.00000 76.84377 -0.00000 -0.00000 -1.00000 0.00000
1623966782356867 0.54213 -0.84029 0.00000 -114.46073 -0.84029 -0.54213 0.00000 75.47795 -0.00000 -0.00000 -1.00000 0.00000
1623966782606245 0.56024 -0.82833 0.00000 -118.03922 -0.82833 -0.56024 0.00000 72.77633 -0.00000 -0.00000 -1.00000 0.00000
1623966782856251 0.56595 -0.82444 0.00000 -120.85366 -0.82444 -0.56595 0.00000 71.97561 -0.00000 -0.00000 -1.00000 0.00000
1623966783106879 0.57508 -0.81810 0.00000 -123.62919 -0.81810 -0.57508 0.00000 70.68988 -0.00000 -0.00000 -1.00000 0.00000
1623966783356884 0.58673 -0.80978 0.00000 -126.68957 -0.80978 -0.58673 0.00000 68.95320 -0.00000 -0.00000 -1.00000 0.00000
1623966783606890 0.60137 -0.79897 0.00000 -130.03678 -0.79897 -0.60137 0.00000 66.61784 -0.00000 -0.00000 -1.00000 0.00000
1623966783857518 0.62081 -0.78396 0.00000 -133.53975 -0.78396 -0.62081 0.00000 63.36266 -0.00000 -0.00000 -1.00000 0.00000
1623966784108150 0.65194 -0.75827 0.00000 -138.08162 -0.75827 -0.65194 0.00000 57.92712 -0.00000 -0.00000 -1.00000 0.00000
1623966784358155 0.68659 -0.72704 0.00000 -142.54578 -0.72704 -0.68659 0.00000 51.31003 -0.00000 -0.00000 -1.00000 0.00000
1623966784608163 0.72343 -0.69040 0.00000 -146.91226 -0.69040 -0.72343 0.00000 43.83840 -0.00000 -0.00000 -1.00000 0.00000
1623966784857534 0.77365 -0.63362 0.00000 -151.52709 -0.63362 -0.77365 0.00000 32.44389 -0.00000 -0.00000 -1.00000 0.00000
1623966785107543 0.81609 -0.57792 0.00000 -155.24240 -0.57792 -0.81609 0.00000 21.80495 -0.00000 -0.00000 -1.00000 0.00000
1623966785356921 0.87165 -0.49012 0.00000 -158.26522 -0.49012 -0.87165 0.00000 5.46792 -0.00000 -0.00000 -1.00000 0.00000
1623966785606925 0.92111 -0.38929 0.00000 -159.55967 -0.38929 -0.92111 0.00000 -12.20648 -0.00000 -0.00000 -1.00000 -0.00000
1623966785856930 0.96255 -0.27109 0.00000 -158.16105 -0.27109 -0.96255 0.00000 -32.21897 -0.00000 -0.00000 -1.00000 -0.00000
1623966786106936 0.99021 -0.13955 0.00000 -153.84121 -0.13955 -0.99021 0.00000 -53.12715 -0.00000 -0.00000 -1.00000 -0.00000
1623966786357566 0.99995 0.00963 -0.00000 -145.48857 0.00963 -0.99995 0.00000 -75.43258 0.00000 -0.00000 -1.00000 -0.00000
1623966786608196 0.98789 0.15518 0.00000 -134.18146 0.15518 -0.98789 0.00000 -95.79871 0.00000 -0.00000 -1.00000 -0.00000
1623966786857573 0.94751 0.31973 0.00000 -117.22052 0.31973 -0.94751 0.00000 -116.99772 0.00000 -0.00000 -1.00000 -0.00000
1623966787107585 0.87236 0.48887 -0.00000 -94.80458 0.48887 -0.87236 0.00000 -136.65409 0.00000 -0.00000 -1.00000 -0.00000
1623966787357580 0.76254 0.64694 0.00000 -67.88160 0.64694 -0.76254 0.00000 -152.22730 0.00000 -0.00000 -1.00000 -0.00000
1623966787606961 0.60752 0.79431 0.00000 -35.00978 0.79431 -0.60752 0.00000 -163.18575 0.00000 -0.00000 -1.00000 -0.00000
1623966787856966 0.42319 0.90604 0.00000 -0.40535 0.90604 -0.42319 0.00000 -166.81550 0.00000 -0.00000 -1.00000 -0.00000
1623966788106964 0.20985 0.97773 0.00000 35.92449 0.97773 -0.20985 0.00000 -162.67753 0.00000 -0.00000 -1.00000 -0.00000
1623966788357599 -0.02284 0.99974 0.00000 71.57281 0.99974 0.02284 0.00000 -149.85845 0.00000 0.00000 -1.00000 -0.00000
1623966788608226 -0.25576 0.96674 0.00000 103.57471 0.96674 0.25576 0.00000 -128.98157 0.00000 0.00000 -1.00000 -0.00000
1623966788858864 -0.47843 0.87812 0.00000 130.20545 0.87812 0.47843 0.00000 -100.60257 0.00000 0.00000 -1.00000 -0.00000
1623966789109483 -0.65510 0.75554 0.00000 147.43572 0.75554 0.65510 0.00000 -70.33111 0.00000 0.00000 -1.00000 -0.00000
1623966789359487 -0.77827 0.62793 0.00000 156.20519 0.62793 0.77827 0.00000 -43.14989 0.00000 0.00000 -1.00000 -0.00000
1623966789608866 -0.85833 0.51310 -0.00000 159.53676 0.51310 0.85833 0.00000 -20.92500 0.00000 0.00000 -1.00000 -0.00000
1623966789858884 -0.91092 0.41257 0.00000 159.42516 0.41257 0.91092 0.00000 -2.68275 0.00000 0.00000 -1.00000 -0.00000
1623966790108876 -0.93819 0.34613 0.00000 157.78238 0.34613 0.93819 0.00000 8.80566 0.00000 0.00000 -1.00000 0.00000
1623966790358254 -0.94920 0.31467 -0.00000 155.81593 0.31467 0.94920 0.00000 14.08637 0.00000 0.00000 -1.00000 0.00000
1623966790607634 -0.95804 0.28665 0.00000 153.78403 0.28665 0.95804 0.00000 18.69959 0.00000 0.00000 -1.00000 0.00000
1623966790857639 -0.95390 0.30013 0.00000 152.29385 0.30013 0.95390 0.00000 16.50441 0.00000 0.00000 -1.00000 0.00000
1623966791107017 -0.94798 0.31832 0.00000 150.88586 0.31832 0.94798 0.00000 13.61794 0.00000 0.00000 -1.00000 0.00000
1623966791356396 -0.94038 0.34011 0.00000 149.40355 0.34011 0.94038 0.00000 10.22106 0.00000 0.00000 -1.00000 0.00000
1623966791606403 -0.92400 0.38240 0.00000 147.81580 0.38240 0.92400 0.00000 3.46618 0.00000 0.00000 -1.00000 0.00000
1623966791856409 -0.90009 0.43570 0.00000 145.90379 0.43570 0.90009 0.00000 -5.06640 0.00000 0.00000 -1.00000 -0.00000
1623966792106408 -0.87285 0.48798 -0.00000 143.25755 0.48798 0.87285 0.00000 -13.77750 0.00000 0.00000 -1.00000 -0.00000
1623966792357039 -0.83814 0.54545 0.00000 139.99378 0.54545 0.83814 0.00000 -23.28747 0.00000 0.00000 -1.00000 -0.00000
1623966792607045 -0.79824 0.60233 0.00000 135.86807 0.60233 0.79824 0.00000 -33.07344 0.00000 0.00000 -1.00000 -0.00000
1623966792857671 -0.75505 0.65567 0.00000 131.21626 0.65567 0.75505 0.00000 -42.28544 0.00000 0.00000 -1.00000 -0.00000
1623966793108303 -0.70532 0.70889 0.00000 125.58260 0.70889 0.70532 0.00000 -51.71202 0.00000 0.00000 -1.00000 -0.00000
1623966793357678 -0.65986 0.75139 0.00000 119.76340 0.75139 0.65986 0.00000 -59.43476 0.00000 0.00000 -1.00000 -0.00000
1623966793607687 -0.61025 0.79221 0.00000 113.44350 0.79221 0.61025 0.00000 -67.12636 0.00000 0.00000 -1.00000 -0.00000
1623966793857690 -0.54969 0.83537 0.00000 105.71281 0.83537 0.54969 0.00000 -75.18854 0.00000 0.00000 -1.00000 -0.00000
1623966794107070 -0.50651 0.86224 -0.00000 99.49913 0.86224 0.50651 0.00000 -80.57759 0.00000 0.00000 -1.00000 -0.00000
1623966794356451 -0.46456 0.88554 0.00000 92.96315 0.88554 0.46456 0.00000 -85.25169 0.00000 0.00000 -1.00000 -0.00000
1623966794606458 -0.42827 0.90365 0.00000 87.01699 0.90365 0.42827 0.00000 -88.96194 0.00000 0.00000 -1.00000 -0.00000
1623966794856457 -0.39478 0.91878 0.00000 81.24153 0.91878 0.39478 0.00000 -92.12630 0.00000 0.00000 -1.00000 -0.00000
1623966795106460 -0.38358 0.92351 -0.00000 77.62364 0.92351 0.38358 0.00000 -93.22109 0.00000 0.00000 -1.00000 -0.00000
1623966795357089 -0.36198 0.93219 0.00000 73.02429 0.93219 0.36198 0.00000 -95.03425 0.00000 0.00000 -1.00000 -0.00000
1623966795607727 -0.34270 0.93944 0.00000 68.50901 0.93944 0.34270 0.00000 -96.52190 0.00000 0.00000 -1.00000 -0.00000
1623966795857726 -0.33716 0.94145 0.00000 65.55302 0.94145 0.33716 0.00000 -97.07036 0.00000 0.00000 -1.00000 -0.00000
1623966796108354 -0.33318 0.94286 0.00000 62.59808 0.94286 0.33318 0.00000 -97.30616 0.00000 0.00000 -1.00000 -0.00000
1623966796357733 -0.35378 0.93533 0.00000 62.31815 0.93533 0.35378 0.00000 -96.00419 0.00000 0.00000 -1.00000 -0.00000
1623966796607115 -0.39036 0.92066 -0.00000 63.53756 0.92066 0.39036 0.00000 -93.47689 0.00000 0.00000 -1.00000 -0.00000
1623966796857130 -0.43652 0.89969 0.00000 65.85006 0.89969 0.43652 0.00000 -90.24248 0.00000 0.00000 -1.00000 -0.00000
1623966797107122 -0.49126 0.87101 -0.00000 68.83594 0.87101 0.49126 0.00000 -86.11504 0.00000 0.00000 -1.00000 -0.00000
1623966797357125 -0.54728 0.83695 0.00000 71.93865 0.83695 0.54728 0.00000 -81.57490 0.00000 0.00000 -1.00000 -0.00000
1623966797608380 -0.60936 0.79290 0.00000 75.71824 0.79290 0.60936 0.00000 -75.90422 0.00000 0.00000 -1.00000 -0.00000
1623966797858419 -0.67647 0.73647 0.00000 79.63621 0.73647 0.67647 0.00000 -69.27141 0.00000 0.00000 -1.00000 -0.00000
1623966798108392 -0.72944 0.68404 0.00000 82.23572 0.68404 0.72944 0.00000 -63.20219 0.00000 0.00000 -1.00000 -0.00000
1623966798357770 -0.78186 0.62346 -0.00000 84.82094 0.62346 0.78186 0.00000 -56.53862 0.00000 0.00000 -1.00000 -0.00000
1623966798607774 -0.82970 0.55821 0.00000 86.75294 0.55821 0.82970 0.00000 -49.62655 0.00000 0.00000 -1.00000 -0.00000
1623966798857778 -0.87550 0.48321 0.00000 88.61204 0.48321 0.87550 0.00000 -41.85995 0.00000 0.00000 -1.00000 -0.00000
1623966799107161 -0.91195 0.41031 -0.00000 89.44104 0.41031 0.91195 0.00000 -34.62815 0.00000 0.00000 -1.00000 -0.00000
1623966799356538 -0.94555 0.32549 0.00000 90.00921 0.32549 0.94555 0.00000 -26.40612 0.00000 0.00000 -1.00000 -0.00000
1623966799607170 -0.96693 0.25504 0.00000 89.47633 0.25504 0.96693 0.00000 -19.60102 0.00000 0.00000 -1.00000 -0.00000
1623966799856548 -0.98338 0.18158 0.00000 88.31123 0.18158 0.98338 0.00000 -12.90184 0.00000 0.00000 -1.00000 -0.00000
1623966800107171 -0.99320 0.11644 0.00000 86.78757 0.11644 0.99320 0.00000 -7.18513 0.00000 0.00000 -1.00000 -0.00000
1623966800357800 -0.99780 0.06629 0.00000 84.62405 0.06629 0.99780 0.00000 -2.81964 0.00000 0.00000 -1.00000 -0.00000
1623966800608431 -0.99963 0.02727 0.00000 82.34000 0.02727 0.99963 0.00000 0.51570 0.00000 0.00000 -1.00000 0.00000
1623966800858429 -1.00000 -0.00085 0.00000 79.93476 -0.00085 1.00000 0.00000 2.79289 -0.00000 0.00000 -1.00000 0.00000
1623966801107812 -0.99974 -0.02292 0.00000 77.31226 -0.02292 0.99974 0.00000 4.53262 -0.00000 0.00000 -1.00000 0.00000
1623966801357822 -0.99946 -0.03276 0.00000 74.87607 -0.03276 0.99946 0.00000 5.31871 -0.00000 0.00000 -1.00000 0.00000
1623966801607202 -0.99936 -0.03569 0.00000 72.41082 -0.03569 0.99936 0.00000 5.47799 -0.00000 0.00000 -1.00000 0.00000
1623966801856580 -0.99945 -0.03327 0.00000 69.94839 -0.03327 0.99945 0.00000 5.31314 -0.00000 0.00000 -1.00000 0.00000
1623966802106580 -0.99958 -0.02909 0.00000 67.50869 -0.02909 0.99958 0.00000 4.99019 -0.00000 0.00000 -1.00000 0.00000
1623966802356586 -0.99962 -0.02758 0.00000 65.00409 -0.02758 0.99962 0.00000 4.84356 -0.00000 0.00000 -1.00000 0.00000
1623966802606590 -0.99968 -0.02541 0.00000 62.57161 -0.02541 0.99968 0.00000 4.71734 -0.00000 0.00000 -1.00000 0.00000
1623966802857222 -0.99976 -0.02170 0.00000 60.05831 -0.02170 0.99976 0.00000 4.56835 -0.00000 0.00000 -1.00000 0.00000
1623966803107224 -0.99980 -0.02013 -0.00000 57.66498 -0.02013 0.99980 0.00000 4.27512 -0.00000 0.00000 -1.00000 0.00000
1623966803357856 -0.99999 -0.00452 0.00000 55.22756 -0.00452 0.99999 0.00000 3.38101 -0.00000 0.00000 -1.00000 0.00000
1623966803607861 -0.99999 -0.00491 0.00000 52.84810 -0.00491 0.99999 0.00000 3.20124 -0.00000 0.00000 -1.00000 0.00000
1623966803858486 -1.00000 0.00127 0.00000 50.43013 0.00127 1.00000 0.00000 2.93197 0.00000 0.00000 -1.00000 0.00000
1623966804108493 -1.00000 0.00230 0.00000 48.09562 0.00230 1.00000 0.00000 2.81674 0.00000 0.00000 -1.00000 0.00000
1623966804358494 -0.99999 0.00495 0.00000 45.84916 0.00495 0.99999 0.00000 2.68462 0.00000 0.00000 -1.00000 0.00000
1623966804607877 -0.99999 0.00454 0.00000 43.59183 0.00454 0.99999 0.00000 2.65849 0.00000 0.00000 -1.00000 0.00000
1623966804857886 -0.99998 0.00579 0.00000 41.24551 0.00579 0.99998 0.00000 2.63735 0.00000 0.00000 -1.00000 0.00000
1623966805107259 -1.00000 0.00003 0.00000 39.07689 0.00003 1.00000 0.00000 2.58414 0.00000 0.00000 -1.00000 0.00000
1623966805357892 -1.00000 0.00070 0.00000 36.89087 0.00070 1.00000 0.00000 2.75445 0.00000 0.00000 -1.00000 0.00000
1623966805607268 -1.00000 0.00084 0.00000 34.65268 0.00084 1.00000 0.00000 2.77171 0.00000 0.00000 -1.00000 0.00000
1623966805857278 -0.99996 0.00906 0.00000 32.45040 0.00906 0.99996 0.00000 2.46377 0.00000 0.00000 -1.00000 0.00000
1623966806107273 -0.99994 0.01097 0.00000 30.31510 0.01097 0.99994 0.00000 2.27813 0.00000 0.00000 -1.00000 0.00000
1623966806357283 -0.99985 0.01751 0.00000 28.05601 0.01751 0.99985 0.00000 2.10007 0.00000 0.00000 -1.00000 0.00000
1623966806607287 -0.99978 0.02110 0.00000 25.95808 0.02110 0.99978 0.00000 1.96668 0.00000 0.00000 -1.00000 0.00000
1623966806857917 -0.99941 0.03435 0.00000 23.80008 0.03435 0.99941 0.00000 1.52018 0.00000 0.00000 -1.00000 0.00000
1623966807107918 -0.99893 0.04618 -0.00000 21.63987 0.04618 0.99893 0.00000 1.14734 0.00000 0.00000 -1.00000 0.00000
1623966807357925 -0.99817 0.06049 0.00000 19.47170 0.06049 0.99817 0.00000 0.97551 0.00000 0.00000 -1.00000 0.00000
1623966807607306 -0.99750 0.07065 0.00000 17.31400 0.07065 0.99750 0.00000 0.56468 0.00000 0.00000 -1.00000 0.00000
1623966807857309 -0.99687 0.07904 0.00000 15.02178 0.07904 0.99687 0.00000 0.54678 0.00000 0.00000 -1.00000 0.00000
1623966808107305 -0.99553 0.09448 0.00000 12.91003 0.09448 0.99553 0.00000 0.27985 0.00000 0.00000 -1.00000 0.00000
1623966808356689 -0.99582 0.09136 -0.00000 10.65398 0.09136 0.99582 0.00000 0.31835 0.00000 0.00000 -1.00000 0.00000
1623966808607321 -0.99522 0.09768 0.00000 8.41714 0.09768 0.99522 0.00000 0.25705 0.00000 0.00000 -1.00000 0.00000
1623966808857325 -0.99521 0.09781 0.00000 6.26240 0.09781 0.99521 0.00000 0.30134 0.00000 0.00000 -1.00000 0.00000
1623966809107348 -0.99588 0.09069 -0.00000 4.01153 0.09069 0.99588 0.00000 0.27881 0.00000 0.00000 -1.00000 0.00000
1623966809357958 -0.99593 0.09013 0.00000 1.79841 0.09013 0.99593 0.00000 0.21845 0.00000 0.00000 -1.00000 0.00000
1623966809607965 -0.99739 0.07218 0.00000 -0.49383 0.07218 0.99739 0.00000 0.20169 0.00000 0.00000 -1.00000 0.00000
1623966809858586 -0.99722 0.07448 0.00000 -2.73792 0.07448 0.99722 0.00000 0.25450 0.00000 0.00000 -1.00000 0.00000
1623966810107966 -0.99843 0.05595 -0.00000 -4.95685 0.05595 0.99843 0.00000 0.14329 0.00000 0.00000 -1.00000 0.00000
1623966810357971 -0.99841 0.05644 0.00000 -7.24441 0.05644 0.99841 0.00000 0.18895 0.00000 0.00000 -1.00000 0.00000
1623966810607976 -0.99835 0.05740 0.00000 -9.57196 0.05740 0.99835 0.00000 0.14185 0.00000 0.00000 -1.00000 0.00000
1623966810857359 -0.99869 0.05126 0.00000 -11.87866 0.05126 0.99869 0.00000 0.02341 0.00000 0.00000 -1.00000 0.00000
1623966811107367 -0.99854 0.05408 0.00000 -14.19650 0.05408 0.99854 0.00000 0.02128 0.00000 0.00000 -1.00000 0.00000
1623966811356739 -0.99928 0.03792 0.00000 -16.60196 0.03792 0.99928 0.00000 -0.22537 0.00000 0.00000 -1.00000 -0.00000
1623966811606743 -0.99922 0.03939 0.00000 -18.97405 0.03939 0.99922 0.00000 -0.25325 0.00000 0.00000 -1.00000 -0.00000
1623966811856753 -0.99943 0.03376 0.00000 -21.46443 0.03376 0.99943 0.00000 -0.42334 0.00000 0.00000 -1.00000 -0.00000
1623966812107381 -0.99950 0.03153 0.00000 -24.06796 0.03153 0.99950 0.00000 -0.49514 0.00000 0.00000 -1.00000 -0.00000
1623966812358010 -0.99962 0.02757 0.00000 -26.56044 0.02757 0.99962 0.00000 -0.62680 0.00000 0.00000 -1.00000 -0.00000
1623966812608637 -0.99975 0.02257 -0.00000 -29.00379 0.02257 0.99975 0.00000 -0.79617 0.00000 0.00000 -1.00000 -0.00000
1623966812858649 -0.99991 0.01326 0.00000 -31.44999 0.01326 0.99991 0.00000 -1.08651 0.00000 0.00000 -1.00000 -0.00000
1623966813108647 -0.99986 0.01654 0.00000 -33.96964 0.01654 0.99986 0.00000 -0.87451 0.00000 0.00000 -1.00000 -0.00000
1623966813358020 -0.99986 0.01686 0.00000 -36.35216 0.01686 0.99986 0.00000 -0.88300 0.00000 0.00000 -1.00000 -0.00000
1623966813607403 -1.00000 0.00170 0.00000 -38.70005 0.00170 1.00000 0.00000 -1.46823 0.00000 0.00000 -1.00000 -0.00000
1623966813857451 -0.99998 0.00556 0.00000 -41.21603 0.00556 0.99998 0.00000 -1.32037 0.00000 0.00000 -1.00000 -0.00000
1623966814107414 -1.00000 0.00035 0.00000 -43.44565 0.00035 1.00000 0.00000 -1.58210 0.00000 0.00000 -1.00000 -0.00000
1623966814357419 -1.00000 -0.00122 -0.00000 -45.78755 -0.00122 1.00000 0.00000 -1.70105 -0.00000 0.00000 -1.00000 -0.00000
1623966814607420 -0.99993 -0.01208 0.00000 -48.01203 -0.01208 0.99993 0.00000 -2.25579 -0.00000 0.00000 -1.00000 -0.00000
1623966814858052 -0.99990 -0.01428 0.00000 -50.16792 -0.01428 0.99990 0.00000 -2.37899 -0.00000 0.00000 -1.00000 -0.00000
1623966815108058 -0.99981 -0.01934 -0.00000 -52.26654 -0.01934 0.99981 0.00000 -2.70796 -0.00000 0.00000 -1.00000 -0.00000
1623966815358058 -0.99980 -0.01990 0.00000 -54.39671 -0.01990 0.99980 0.00000 -2.79775 -0.00000 0.00000 -1.00000 -0.00000
1623966815608061 -0.99989 -0.01514 0.00000 -56.34036 -0.01514 0.99989 0.00000 -2.60490 -0.00000 0.00000 -1.00000 -0.00000
1623966815857440 -0.99992 -0.01302 -0.00000 -58.21358 -0.01302 0.99992 0.00000 -2.46148 -0.00000 0.00000 -1.00000 -0.00000
1623966816107453 -0.99988 0.01541 0.00000 -60.06633 0.01541 0.99988 0.00000 -0.80114 0.00000 0.00000 -1.00000 -0.00000
1623966816356826 -0.99947 0.03252 0.00000 -61.64649 0.03252 0.99947 0.00000 0.13649 0.00000 0.00000 -1.00000 0.00000
1623966816606829 -0.99783 0.06587 0.00000 -63.22270 0.06587 0.99783 0.00000 2.16530 0.00000 0.00000 -1.00000 0.00000
1623966816857456 -0.99249 0.12233 0.00000 -64.40194 0.12233 0.99249 0.00000 5.79374 0.00000 0.00000 -1.00000 0.00000
1623966817107460 -0.98455 0.17509 0.00000 -65.38910 0.17509 0.98455 0.00000 9.10555 0.00000 0.00000 -1.00000 0.00000
1623966817357474 -0.97242 0.23324 0.00000 -65.96255 0.23324 0.97242 0.00000 12.96484 0.00000 0.00000 -1.00000 0.00000
1623966817608099 -0.94787 0.31866 -0.00000 -65.70233 0.31866 0.94787 0.00000 18.67513 0.00000 0.00000 -1.00000 0.00000
1623966817858104 -0.91533 0.40270 -0.00000 -64.80822 0.40270 0.91533 0.00000 24.46380 0.00000 0.00000 -1.00000 0.00000
1623966818108108 -0.86386 0.50374 -0.00000 -62.71429 0.50374 0.86386 0.00000 31.53621 0.00000 0.00000 -1.00000 0.00000
1623966818358112 -0.79296 0.60927 0.00000 -59.18829 0.60927 0.79296 0.00000 39.25752 0.00000 0.00000 -1.00000 0.00000
1623966818607491 -0.70989 0.70431 0.00000 -54.84572 0.70431 0.70989 0.00000 46.31196 0.00000 0.00000 -1.00000 0.00000
1623966818857494 -0.60601 0.79546 0.00000 -48.97075 0.79546 0.60601 0.00000 53.45699 0.00000 0.00000 -1.00000 0.00000
1623966819106873 -0.50092 0.86550 0.00000 -42.75020 0.86550 0.50092 0.00000 59.11720 0.00000 0.00000 -1.00000 0.00000
1623966819356873 -0.38597 0.92251 0.00000 -35.86287 0.92251 0.38597 0.00000 64.21309 0.00000 0.00000 -1.00000 0.00000
1623966819606252 -0.29113 0.95668 0.00000 -30.37572 0.95668 0.29113 0.00000 67.36192 0.00000 0.00000 -1.00000 0.00000
1623966819856261 -0.19838 0.98013 0.00000 -24.95553 0.98013 0.19838 0.00000 69.98492 0.00000 0.00000 -1.00000 0.00000
1623966820106265 -0.12736 0.99186 0.00000 -21.02366 0.99186 0.12736 0.00000 71.60092 0.00000 0.00000 -1.00000 0.00000
1623966820356266 -0.09720 0.99526 0.00000 -20.21120 0.99526 0.09720 0.00000 72.05933 0.00000 0.00000 -1.00000 0.00000
1623966820606898 -0.07304 0.99733 0.00000 -19.76712 0.99733 0.07304 0.00000 72.50835 0.00000 0.00000 -1.00000 0.00000
1623966820857538 -0.06129 0.99812 0.00000 -20.45803 0.99812 0.06129 0.00000 72.66835 0.00000 0.00000 -1.00000 0.00000
1623966821108158 -0.05470 0.99850 -0.00000 -21.45486 0.99850 0.05470 0.00000 72.73613 0.00000 0.00000 -1.00000 0.00000
1623966821358791 -0.04536 0.99897 -0.00000 -22.46457 0.99897 0.04536 0.00000 72.97217 0.00000 0.00000 -1.00000 0.00000
1623966821608794 -0.03575 0.99936 0.00000 -23.43886 0.99936 0.03575 0.00000 73.18694 0.00000 0.00000 -1.00000 0.00000
1623966821858180 -0.02774 0.99962 0.00000 -24.62958 0.99962 0.02774 0.00000 73.30090 0.00000 0.00000 -1.00000 0.00000
1623966822107552 -0.02112 0.99978 0.00000 -25.95895 0.99978 0.02112 0.00000 73.39951 0.00000 0.00000 -1.00000 0.00000
1623966822357556 -0.01708 0.99985 0.00000 -27.70719 0.99985 0.01708 0.00000 73.48604 0.00000 0.00000 -1.00000 0.00000
1623966822606934 0.00061 1.00000 -0.00000 -28.39690 1.00000 -0.00061 0.00000 73.84674 0.00000 -0.00000 -1.00000 0.00000
1623966822856939 0.01039 0.99995 0.00000 -29.65389 0.99995 -0.01039 0.00000 74.14541 0.00000 -0.00000 -1.00000 0.00000
1623966823107566 0.02597 0.99966 0.00000 -30.59150 0.99966 -0.02597 0.00000 74.60901 0.00000 -0.00000 -1.00000 0.00000
1623966823357573 0.04586 0.99895 0.00000 -31.07126 0.99895 -0.04586 0.00000 75.14510 0.00000 -0.00000 -1.00000 0.00000
1623966823608198 0.08230 0.99661 0.00000 -30.42214 0.99661 -0.08230 0.00000 76.29134 0.00000 -0.00000 -1.00000 0.00000
1623966823858206 0.09274 0.99569 0.00000 -31.74392 0.99569 -0.09274 0.00000 76.54740 0.00000 -0.00000 -1.00000 0.00000
1623966824108212 0.12356 0.99234 0.00000 -31.43879 0.99234 -0.12356 0.00000 77.53332 0.00000 -0.00000 -1.00000 0.00000
1623966824357587 0.14090 0.99002 -0.00000 -32.00600 0.99002 -0.14090 0.00000 77.96415 0.00000 -0.00000 -1.00000 0.00000
1623966824607592 0.16127 0.98691 0.00000 -32.45411 0.98691 -0.16127 0.00000 78.60651 0.00000 -0.00000 -1.00000 0.00000
1623966824857592 0.16795 0.98580 0.00000 -34.05654 0.98580 -0.16795 0.00000 78.79204 0.00000 -0.00000 -1.00000 0.00000
1623966825106973 0.16426 0.98642 0.00000 -36.28921 0.98642 -0.16426 0.00000 78.56156 0.00000 -0.00000 -1.00000 0.00000
1623966825356976 0.16240 0.98672 0.00000 -38.26720 0.98672 -0.16240 0.00000 78.52089 0.00000 -0.00000 -1.00000 0.00000
1623966825607608 0.14821 0.98896 0.00000 -41.60121 0.98896 -0.14821 0.00000 77.98853 0.00000 -0.00000 -1.00000 0.00000
1623966825858238 0.14001 0.99015 0.00000 -44.23596 0.99015 -0.14001 0.00000 77.61938 0.00000 -0.00000 -1.00000 0.00000
1623966826108246 0.11925 0.99286 0.00000 -47.90904 0.99286 -0.11925 0.00000 76.57846 0.00000 -0.00000 -1.00000 0.00000
1623966826358247 0.09121 0.99583 0.00000 -52.12005 0.99583 -0.09121 0.00000 75.13782 0.00000 -0.00000 -1.00000 0.00000
1623966826608251 0.07596 0.99711 0.00000 -55.37586 0.99711 -0.07596 0.00000 74.24582 0.00000 -0.00000 -1.00000 0.00000
1623966826858254 0.06199 0.99808 0.00000 -58.44031 0.99808 -0.06199 0.00000 73.42292 0.00000 -0.00000 -1.00000 0.00000
1623966827107640 0.03754 0.99930 0.00000 -62.26600 0.99930 -0.03754 0.00000 71.86526 0.00000 -0.00000 -1.00000 0.00000
1623966827357640 0.02109 0.99978 -0.00000 -65.50320 0.99978 -0.02109 0.00000 70.83951 0.00000 -0.00000 -1.00000 0.00000
1623966827607644 0.00633 0.99998 -0.00000 -68.57274 0.99998 -0.00633 0.00000 69.87572 0.00000 -0.00000 -1.00000 0.00000
1623966827857647 -0.01540 0.99988 -0.00000 -72.17814 0.99988 0.01540 0.00000 68.17169 0.00000 0.00000 -1.00000 0.00000
1623966828108278 -0.04109 0.99916 0.00000 -75.90248 0.99916 0.04109 0.00000 66.22921 0.00000 0.00000 -1.00000 0.00000
1623966828358907 -0.05064 0.99872 0.00000 -78.47153 0.99872 0.05064 0.00000 65.57659 0.00000 0.00000 -1.00000 0.00000
1623966828608287 -0.08882 0.99605 0.00000 -82.82280 0.99605 0.08882 0.00000 62.47083 0.00000 0.00000 -1.00000 0.00000
1623966828857678 -0.12230 0.99249 0.00000 -86.83285 0.99249 0.12230 0.00000 59.60442 0.00000 0.00000 -1.00000 0.00000
1623966829107675 -0.16013 0.98710 0.00000 -90.93346 0.98710 0.16013 0.00000 56.22064 0.00000 0.00000 -1.00000 0.00000
1623966829357676 -0.20231 0.97932 0.00000 -95.19814 0.97932 0.20231 0.00000 52.21075 0.00000 0.00000 -1.00000 0.00000
1623966829607678 -0.24977 0.96831 0.00000 -99.36666 0.96831 0.24977 0.00000 47.50923 0.00000 0.00000 -1.00000 0.00000
1623966829858359 -0.30014 0.95390 0.00000 -103.54352 0.95390 0.30014 0.00000 42.21150 0.00000 0.00000 -1.00000 0.00000
1623966830108939 -0.36512 0.93096 0.00000 -107.91841 0.93096 0.36512 0.00000 34.87287 0.00000 0.00000 -1.00000 0.00000
1623966830358319 -0.43785 0.89905 0.00000 -112.05722 0.89905 0.43785 0.00000 26.11391 0.00000 0.00000 -1.00000 0.00000
1623966830608324 -0.51722 0.85585 -0.00000 -115.50428 0.85585 0.51722 0.00000 15.75871 0.00000 0.00000 -1.00000 0.00000
1623966830858321 -0.58855 0.80846 0.00000 -118.17533 0.80846 0.58855 0.00000 5.84397 0.00000 0.00000 -1.00000 0.00000
1623966831108329 -0.67262 0.73998 0.00000 -119.69790 0.73998 0.67262 0.00000 -7.03576 0.00000 0.00000 -1.00000 -0.00000
1623966831357084 -0.74913 0.66242 -0.00000 -119.93980 0.66242 0.74913 0.00000 -20.15114 0.00000 0.00000 -1.00000 -0.00000
1623966831607088 -0.82265 0.56855 0.00000 -118.23544 0.56855 0.82265 0.00000 -34.22394 0.00000 0.00000 -1.00000 -0.00000
1623966831857093 -0.87750 0.47957 0.00000 -115.65683 0.47957 0.87750 0.00000 -46.50506 0.00000 0.00000 -1.00000 -0.00000
1623966832107105 -0.92554 0.37866 0.00000 -111.30738 0.37866 0.92554 0.00000 -59.29390 0.00000 0.00000 -1.00000 -0.00000
1623966832358350 -0.95506 0.29641 0.00000 -107.28844 0.29641 0.95506 0.00000 -68.59176 0.00000 0.00000 -1.00000 -0.00000
1623966832608978 -0.97139 0.23749 0.00000 -104.41382 0.23749 0.97139 0.00000 -74.95271 0.00000 0.00000 -1.00000 -0.00000
1623966832859608 -0.97966 0.20069 0.00000 -103.06675 0.20069 0.97966 0.00000 -78.85664 0.00000 0.00000 -1.00000 -0.00000
1623966833109616 -0.98292 0.18401 0.00000 -103.30035 0.18401 0.98292 0.00000 -80.54139 0.00000 0.00000 -1.00000 -0.00000
1623966833358999 -0.98276 0.18487 -0.00000 -104.97089 0.18487 0.98276 0.00000 -80.57888 0.00000 0.00000 -1.00000 -0.00000
1623966833608376 -0.98229 0.18737 -0.00000 -106.74566 0.18737 0.98229 0.00000 -80.27919 0.00000 0.00000 -1.00000 -0.00000
1623966833858381 -0.97670 0.21460 0.00000 -110.74855 0.21460 0.97670 0.00000 -77.20019 0.00000 0.00000 -1.00000 -0.00000
1623966834107758 -0.96629 0.25747 0.00000 -115.70343 0.25747 0.96629 0.00000 -72.28193 0.00000 0.00000 -1.00000 -0.00000
1623966834357134 -0.94769 0.31919 -0.00000 -121.90360 0.31919 0.94769 0.00000 -64.69498 0.00000 0.00000 -1.00000 -0.00000
1623966834607136 -0.92683 0.37549 0.00000 -127.26520 0.37549 0.92683 0.00000 -57.31684 0.00000 0.00000 -1.00000 -0.00000
1623966834857140 -0.89516 0.44575 0.00000 -133.14605 0.44575 0.89516 0.00000 -47.34384 0.00000 0.00000 -1.00000 -0.00000
1623966835107145 -0.86011 0.51011 0.00000 -138.14250 0.51011 0.86011 0.00000 -37.50729 0.00000 0.00000 -1.00000 -0.00000
1623966835357155 -0.82976 0.55812 -0.00000 -141.96864 0.55812 0.82976 0.00000 -29.64248 0.00000 0.00000 -1.00000 -0.00000
1623966835607789 -0.79818 0.60242 0.00000 -145.30525 0.60242 0.79818 0.00000 -21.87725 0.00000 0.00000 -1.00000 -0.00000
1623966835858417 -0.76648 0.64227 0.00000 -148.23073 0.64227 0.76648 0.00000 -14.24257 0.00000 0.00000 -1.00000 -0.00000
1623966836108417 -0.74661 0.66526 0.00000 -150.66680 0.66526 0.74661 0.00000 -9.85074 0.00000 0.00000 -1.00000 -0.00000
1623966836358422 -0.73324 0.67997 0.00000 -152.92161 0.67997 0.73324 0.00000 -6.82201 0.00000 0.00000 -1.00000 -0.00000
1623966836608424 -0.72574 0.68797 0.00000 -155.29204 0.68797 0.72574 0.00000 -5.33831 0.00000 0.00000 -1.00000 -0.00000
1623966836859066 -0.71804 0.69600 0.00000 -157.41258 0.69600 0.71804 0.00000 -3.51313 0.00000 0.00000 -1.00000 -0.00000
1623966837108434 -0.71908 0.69493 0.00000 -159.70789 0.69493 0.71908 0.00000 -3.85321 0.00000 0.00000 -1.00000 -0.00000
1623966837358442 -0.71233 0.70185 0.00000 -162.09530 0.70185 0.71233 0.00000 -2.36646 0.00000 0.00000 -1.00000 -0.00000
1623966837607817 -0.71575 0.69836 0.00000 -164.44124 0.69836 0.71575 0.00000 -3.10305 0.00000 0.00000 -1.00000 -0.00000
1623966837857865 -0.71189 0.70229 0.00000 -166.94117 0.70229 0.71189 0.00000 -2.29783 0.00000 0.00000 -1.00000 -0.00000
1623966838107822 -0.70790 0.70631 0.00000 -169.41386 0.70631 0.70790 0.00000 -1.38402 0.00000 0.00000 -1.00000 -0.00000
