1. 0. 0. 0. 0. 1. 0. 0. 0. 0. 1. 0.
1. -0.000 0. 0.004 0.000 1. 0. -0.003 0. 0. 1. 0.
1. -0.000 0. 0.001 0.000 1. 0. -0.004 0. 0. 1. 0.
1. -0.000 0. -0.001 0.000 1. 0. -0.001 0. 0. 1. 0.
1. 0. 0. 0.006 -0. 1. 0. 0.003 0. 0. 1. 0.
1. -0.000 0. 0.001 0.000 1. 0. 0.000 0. 0. 1. 0.
1. 0. 0. 0.004 -0. 1. 0. 0. 0. 0. 1. 0.
1. -0.000 0. 0.006 0.000 1. 0. 0.006 0. 0. 1. 0.
1. -0. 0. 0.002 0. 1. 0. -0.005 0. 0. 1. 0.
1. 0. 0. -0.002 -0. 1. 0. -0.002 0. 0. 1. 0.
1. -0.000 0. 0.002 0.000 1. 0. -0.005 0. 0. 1. 0.
1. 0.000 0. 0.003 -0.000 1. 0. -0.001 0. 0. 1. 0.
1. 0.000 0. 0.002 -0.000 1. 0. 0.004 0. 0. 1. 0.
1. 0.000 0. 0.004 -0.000 1. 0. 0.002 0. 0. 1. 0.
1. 0. 0. 0.004 -0. 1. 0. 0.002 0. 0. 1. 0.
1. 0.000 0. 0.005 -0.000 1. 0. 0.001 0. 0. 1. 0.
1. -0. 0. 0.002 0. 1. 0. -0.003 0. 0. 1. 0.
1. -0. 0. -0.002 0. 1. 0. -0.004 0. 0. 1. 0.
1. 0.000 0. -0.004 -0.000 1. 0. -0.003 0. 0. 1. 0.
1. -0. 0. 0.001 0. 1. 0. -0.003 0. 0. 1. 0.
1. 0.000 0. 0.001 -0.000 1. 0. -0.009 0. 0. 1. 0.
1. 0. 0. -0.001 -0. 1. 0. -0.011 0. 0. 1. 0.
1. -0. 0. -0.000 0. 1. 0. -0.009 0. 0. 1. 0.
1. 0.000 0. 0.002 -0.000 1. 0. -0.002 0. 0. 1. 0.
1. -0. 0. 0.006 0. 1. 0. -0.007 0. 0. 1. 0.
1. 0.000 0. 0.004 -0.000 1. 0. -0.005 0. 0. 1. 0.
1. 0.000 0. 0.001 -0.000 1. 0. -0.001 0. 0. 1. 0.
1. 0. 0. 0.003 -0. 1. 0. -0.001 0. 0. 1. 0.
1. -0.000 0. 0.000 0.000 1. 0. -0.009 0. 0. 1. 0.
1. -0.000 0. 0.001 0.000 1. 0. -0.010 0. 0. 1. 0.
1. -0.000 0. 0. 0.000 1. 0. 0.001 0. 0. 1. 0.
1. 0.000 0. 0.010 -0.000 1. 0. 0.002 0. 0. 1. 0.
1. 0. 0. 0.004 -0. 1. 0. -0.005 0. 0. 1. 0.
1. -0.000 0. 0.011 0.000 1. 0. 0.003 0. 0. 1. 0.
1. -0.000 0. 0.004 0.000 1. 0. 0.003 0. 0. 1. 0.
1. -0.000 0. 0.007 0.000 1. 0. -0.010 0. 0. 1. 0.
1. -0. 0. 0.009 0. 1. 0. -0.003 0. 0. 1. 0.
1. 0.000 0. 0.005 -0.000 1. 0. -0.002 0. 0. 1. 0.
1. 0.000 0. 0.007 -0.000 1. 0. -0.007 0. 0. 1. 0.
1. 0.000 0. 0.007 -0.000 1. 0. -0.005 0. 0. 1. 0.
1. 0.000 0. 0.003 -0.000 1. 0. -0.007 0. 0. 1. 0.
1. -0. 0. 0.006 0. 1. 0. -0.013 0. 0. 1. 0.
1. -0.000 0. 0.008 0.000 1. 0. -0.011 0. 0. 1. 0.
1. 0.000 0. 0.005 -0.000 1. 0. 0.000 0. 0. 1. 0.
1. 0.000 0. 0.001 -0.000 1. 0. -0.001 0. 0. 1. 0.
1. -0.000 0. 0.007 0.000 1. 0. -0.005 0. 0. 1. 0.
1. 0.000 0. 0.009 -0.000 1. 0. -0.001 0. 0. 1. 0.
1. 0.000 0. 0.007 -0.000 1. 0. -0.005 0. 0. 1. 0.
1. 0. 0. 0.005 -0. 1. 0. -0.003 0. 0. 1. 0.
1. 0. 0. 0.009 -0. 1. 0. 0.000 0. 0. 1. 0.
1. -0.000 0. 0.007 0.000 1. 0. -0.014 0. 0. 1. 0.
1. 0. 0. 0.006 -0. 1. 0. -0.006 0. 0. 1. 0.
1. 0.000 0. 0.005 -0.000 1. 0. -0.006 0. 0. 1. 0.
1. -0.000 0. 0.006 0.000 1. 0. -0.020 0. 0. 1. 0.
1. 0. 0. -0. -0. 1. 0. -0.004 0. 0. 1. 0.
1. 0.000 0. 0.001 -0.000 1. 0. -0.008 0. 0. 1. 0.
1. 0.000 0. 0.001 -0.000 1. 0. -0.004 0. 0. 1. 0.
1. 0.000 0. 0.002 -0.000 1. 0. 0.007 0. 0. 1. 0.
1. -0. 0. 0.006 0. 1. 0. 0.001 0. 0. 1. 0.
1. 0. 0. -0.001 -0. 1. 0. -0.011 0. 0. 1. 0.
1. -0.000 0. -0.003 0.000 1. 0. -0.016 0. 0. 1. 0.
1. -0.000 0. 0.001 0.000 1. 0. -0.016 0. 0. 1. 0.
1. -0.000 0. 0.004 0.000 1. 0. -0.013 0. 0. 1. 0.
1. 0.000 0. 0.008 -0.000 1. 0. -0.010 0. 0. 1. 0.
1. 0.001 0. 0.006 -0.001 1. 0. -0.009 0. 0. 1. 0.
1. 0.000 0. 0.008 -0.000 1. 0. 0. 0. 0. 1. 0.
1. 0. 0. 0.008 -0. 1. 0. -0.002 0. 0. 1. 0.
1. 0.000 0. 0.006 -0.000 1. 0. 0.001 0. 0. 1. 0.
1. 0.000 0. 0.008 -0.000 1. 0. -0.006 0. 0. 1. 0.
1. -0. 0. 0.006 0. 1. 0. -0.012 0. 0. 1. 0.
1. -0.000 0. 0.011 0.000 1. 0. -0.013 0. 0. 1. 0.
1. -0. 0. 0.007 0. 1. 0. -0.006 0. 0. 1. 0.
1. 0.000 0. 0.005 -0.000 1. 0. -0.015 0. 0. 1. 0.
1. 0. 0. 0.002 -0. 1. 0. -0.012 0. 0. 1. 0.
1. -0. 0. 0.003 0. 1. 0. -0.008 0. 0. 1. 0.
1. -0.000 0. 0.009 0.000 1. 0. -0.004 0. 0. 1. 0.
1. 0. 0. 0.004 -0. 1. 0. -0.006 0. 0. 1. 0.
1. 0. 0. 0.001 -0. 1. 0. -0.010 0. 0. 1. 0.
1. 0.000 0. -0.001 -0.000 1. 0. -0.011 0. 0. 1. 0.
1. 0.000 0. -0.002 -0.000 1. 0. -0.011 0. 0. 1. 0.
1. -0.000 0. -0.003 0.000 1. 0. -0.015 0. 0. 1. 0.
1. 0.000 0. 0.001 -0.000 1. 0. 0.001 0. 0. 1. 0.
1. 0.000 0. 0.004 -0.000 1. 0. -0.006 0. 0. 1. 0.
1. -0.000 0. 0.003 0.000 1. 0. -0.019 0. 0. 1. 0.
1. 0.000 0. 0.001 -0.000 1. 0. -0.011 0. 0. 1. 0.
1. 0.000 0. 0.005 -0.000 1. 0. -0.002 0. 0. 1. 0.
1. -0. 0. 0.004 0. 1. 0. -0.011 0. 0. 1. 0.
1. 0. 0. 0.008 -0. 1. 0. -0.003 0. 0. 1. 0.
1. 0. 0. -0.000 -0. 1. 0. -0.013 0. 0. 1. 0.
1. 0.000 0. 0.002 -0.000 1. 0. -0.006 0. 0. 1. 0.
1. 0.000 0. 0.003 -0.000 1. 0. -0.007 0. 0. 1. 0.
1. 0. 0. 0.004 -0. 1. 0. -0.005 0. 0. 1. 0.
1. -0.000 0. 0.002 0.000 1. 0. -0.015 0. 0. 1. 0.
1. -0.000 0. 0.002 0.000 1. 0. -0.006 0. 0. 1. 0.
1. 0. 0. -0.001 -0. 1. 0. -0.008 0. 0. 1. 0.
1. 0.000 0. 0.003 -0.000 1. 0. -0.005 0. 0. 1. 0.
1. 0.000 0. 0.002 -0.000 1. 0. -0.002 0. 0. 1. 0.
1. -0.000 0. -0.000 0.000 1. 0. -0.009 0. 0. 1. 0.
1. 0. 0. -0.002 -0. 1. 0. -0.002 0. 0. 1. 0.
1. 0. 0. 0.005 -0. 1. 0. -0.013 0. 0. 1. 0.
1. -0.000 0. 0.006 0.000 1. 0. -0.013 0. 0. 1. 0.
1. -0.000 0. 0.010 0.000 1. 0. -0.021 0. 0. 1. 0.
1. -0.000 0. 0.002 0.000 1. 0. -0.011 0. 0. 1. 0.
1. 0. 0. 0.002 -0. 1. 0. -0.012 0. 0. 1. 0.
1. 0.000 0. -0.005 -0.000 1. 0. -0.003 0. 0. 1. 0.
1. -0.000 0. 0.010 0.000 1. 0. -0.016 0. 0. 1. 0.
1. -0. 0. 0.000 0. 1. 0. -0.012 0. 0. 1. 0.
1. 0. 0. 0.002 -0. 1. 0. -0.009 0. 0. 1. 0.
1. -0. 0. 0.001 0. 1. 0. -0.006 0. 0. 1. 0.
1. -0.000 0. 0.001 0.000 1. 0. -0.013 0. 0. 1. 0.
1. -0.000 0. 0.005 0.000 1. 0. -0.010 0. 0. 1. 0.
1. 0.000 0. 0.005 -0.000 1. 0. -0.008 0. 0. 1. 0.
1. 0.000 0. 0.005 -0.000 1. 0. -0.005 0. 0. 1. 0.
1. -0. 0. 0.005 0. 1. 0. -0.006 0. 0. 1. 0.
1. -0. 0. 0.008 0. 1. 0. -0.004 0. 0. 1. 0.
1. -0. 0. 0.013 0. 1. 0. -0.009 0. 0. 1. 0.
1. 0.000 0. 0.006 -0.000 1. 0. -0.001 0. 0. 1. 0.
1. 0. 0. 0.008 -0. 1. 0. -0.005 0. 0. 1. 0.
1. 0.000 0. 0.002 -0.000 1. 0. -0.003 0. 0. 1. 0.
1. 0. 0. 0.003 -0. 1. 0. -0.002 0. 0. 1. 0.
1. -0.000 0. 0.012 0.000 1. 0. -0.005 0. 0. 1. 0.
1. -0. 0. 0.009 0. 1. 0. -0.005 0. 0. 1. 0.
1. -0.000 0. 0.003 0.000 1. 0. -0.008 0. 0. 1. 0.
1. -0. 0. 0.004 0. 1. 0. -0.006 0. 0. 1. 0.
1. 0.000 0. 0.012 -0.000 1. 0. 0.001 0. 0. 1. 0.
1. 0.000 0. 0.005 -0.000 1. 0. -0.001 0. 0. 1. 0.
1. 0. 0. 0.008 -0. 1. 0. -0.007 0. 0. 1. 0.
1. 0.000 0. -0.001 -0.000 1. 0. -0.008 0. 0. 1. 0.
1. 0.000 0. -0.001 -0.000 1. 0. -0.008 0. 0. 1. 0.
1. 0.000 0. 0.002 -0.000 1. 0. -0.005 0. 0. 1. 0.
1. 0.000 0. 0.009 -0.000 1. 0. 0.003 0. 0. 1. 0.
1. 0.000 0. 0.003 -0.000 1. 0. -0.001 0. 0. 1. 0.
1. 0.000 0. 0.001 -0.000 1. 0. 0.002 0. 0. 1. 0.
1. 0.000 0. 0.007 -0.000 1. 0. 0.005 0. 0. 1. 0.
1. 0. 0. 0.006 -0. 1. 0. -0.008 0. 0. 1. 0.
1. -0. 0. -0.002 0. 1. 0. -0.004 0. 0. 1. 0.
1. -0.000 0. -0.001 0.000 1. 0. -0.008 0. 0. 1. 0.
1. 0.000 0. 0.001 -0.000 1. 0. -0. 0. 0. 1. 0.
1. -0.000 0. -0.005 0.000 1. 0. -0.007 0. 0. 1. 0.
1. 0.000 0. -0.002 -0.000 1. 0. 0.000 0. 0. 1. 0.
1. 0.000 0. -0.003 -0.000 1. 0. 0.001 0. 0. 1. 0.
1. 0.000 0. -0.005 -0.000 1. 0. -0.006 0. 0. 1. 0.
1. -0. 0. -0.004 0. 1. 0. -0.008 0. 0. 1. 0.
1. -0.000 0. -0.004 0.000 1. 0. -0.004 0. 0. 1. 0.
1. -0.000 0. -0.006 0.000 1. 0. -0.004 0. 0. 1. 0.
1. 0.000 0. -0.008 -0.000 1. 0. -0.012 0. 0. 1. 0.
1. -0.000 0. -0.002 0.000 1. 0. -0.005 0. 0. 1. 0.
1. 0. 0. -0.001 -0. 1. 0. -0.002 0. 0. 1. 0.
1. -0. 0. -0.003 0. 1. 0. -0.006 0. 0. 1. 0.
1. 0.000 0. -0. -0.000 1. 0. -0.003 0. 0. 1. 0.
1. 0.000 0. -0.003 -0.000 1. 0. -0.001 0. 0. 1. 0.
1. 0.000 0. -0.006 -0.000 1. 0. -0.005 0. 0. 1. 0.
1. 0.000 0. 0. -0.000 1. 0. -0.002 0. 0. 1. 0.
1. 0.000 0. -0.004 -0.000 1. 0. -0.003 0. 0. 1. 0.
1. 0.000 0. 0.005 -0.000 1. 0. -0.002 0. 0. 1. 0.
1. 0.000 0. 0.006 -0.000 1. 0. -0.004 0. 0. 1. 0.
1. 0.000 0. -0.000 -0.000 1. 0. -0.002 0. 0. 1. 0.
1. 0.000 0. 0.003 -0.000 1. 0. 0.002 0. 0. 1. 0.
1. 0.000 0. 0.004 -0.000 1. 0. -0.004 0. 0. 1. 0.
1. 0.000 0. 0.004 -0.000 1. 0. 0.005 0. 0. 1. 0.
1. -0. 0. 0.006 0. 1. 0. 0.001 0. 0. 1. 0.
1. 0.000 0. 0.009 -0.000 1. 0. 0.004 0. 0. 1. 0.
1. 0.000 0. 0.007 -0.000 1. 0. 0.003 0. 0. 1. 0.
1. 0.000 0. 0.002 -0.000 1. 0. -0.006 0. 0. 1. 0.
1. 0.000 0. -0.003 -0.000 1. 0. -0.005 0. 0. 1. 0.
1. 0.001 0. 0.004 -0.001 1. 0. 0. 0. 0. 1. 0.
1. 0. 0. -0.000 -0. 1. 0. -0.007 0. 0. 1. 0.
1. 0.000 0. 0.001 -0.000 1. 0. -0.011 0. 0. 1. 0.
1. 0. 0. 0.002 -0. 1. 0. -0.004 0. 0. 1. 0.
1. 0.000 0. 0.004 -0.000 1. 0. -0.011 0. 0. 1. 0.
1. 0.000 0. 0.002 -0.000 1. 0. -0.001 0. 0. 1. 0.
1. 0.000 0. 0.002 -0.000 1. 0. -0.006 0. 0. 1. 0.
1. 0.000 0. 0.001 -0.000 1. 0. -0.002 0. 0. 1. 0.
1. 0. 0. 0.005 -0. 1. 0. -0.005 0. 0. 1. 0.
1. 0.000 0. 0.000 -0.000 1. 0. -0.004 0. 0. 1. 0.
1. 0.000 0. -0.006 -0.000 1. 0. -0.007 0. 0. 1. 0.
1. 0.000 0. -0.008 -0.000 1. 0. -0.003 0. 0. 1. 0.
1. 0.000 0. -0.000 -0.000 1. 0. -0.001 0. 0. 1. 0.
1. 0.000 0. -0.006 -0.000 1. 0. -0.005 0. 0. 1. 0.
1. 0.000 0. 0.006 -0.000 1. 0. -0.009 0. 0. 1. 0.
1. -0.000 0. 0.002 0.000 1. 0. -0.010 0. 0. 1. 0.
1. 0. 0. 0.007 -0. 1. 0. -0.005 0. 0. 1. 0.
1. 0.000 0. -0.000 -0.000 1. 0. 0.005 0. 0. 1. 0.
1. 0.000 0. -0.001 -0.000 1. 0. -0.003 0. 0. 1. 0.
1. 0.000 0. -0.004 -0.000 1. 0. -0.001 0. 0. 1. 0.
1. 0. 0. -0.003 -0. 1. 0. -0.008 0. 0. 1. 0.
1. 0.000 0. -0.001 -0.000 1. 0. -0.006 0. 0. 1. 0.
1. 0. 0. -0.001 -0. 1. 0. -0.003 0. 0. 1. 0.
1. 0.000 0. -0.002 -0.000 1. 0. 0.007 0. 0. 1. 0.
1. 0.001 0. -0.003 -0.001 1. 0. 0.002 0. 0. 1. 0.
1. 0.000 0. -0.005 -0.000 1. 0. 0.001 0. 0. 1. 0.
1. 0.000 0. -0.007 -0.000 1. 0. -0.006 0. 0. 1. 0.
1. 0. 0. -0.002 -0. 1. 0. -0.007 0. 0. 1. 0.
1. -0.000 0. 0.007 0.000 1. 0. -0.005 0. 0. 1. 0.
1. -0.000 0. 0.033 0.000 1. 0. -0.001 0. 0. 1. 0.
1. -0.001 0. 0.084 0.001 1. 0. 0.001 0. 0. 1. 0.
1. -0.002 0. 0.152 0.002 1. 0. 0.023 0. 0. 1. 0.
1. -0.003 0. 0.242 0.003 1. 0. 0.021 0. 0. 1. 0.
1. -0.007 0. 0.349 0.007 1. 0. 0.008 0. 0. 1. 0.
1. -0.013 0. 0.494 0.013 1. 0. 0.016 0. 0. 1. 0.
1.000 -0.021 0. 0.700 0.021 1.000 0. 0.058 0. 0. 1. 0.
0.999 -0.035 0. 0.953 0.035 0.999 0. 0.055 0. 0. 1. 0.
0.999 -0.048 0. 1.271 0.048 0.999 0. 0.077 0. 0. 1. 0.
0.998 -0.059 0. 1.639 0.059 0.998 0. 0.083 0. 0. 1. 0.
0.997 -0.075 0. 2.088 0.075 0.997 0. 0.169 0. 0. 1. 0.
0.996 -0.089 0. 2.614 0.089 0.996 0. 0.174 0. 0. 1. 0.
0.995 -0.103 0. 3.271 0.103 0.995 0. 0.240 0. 0. 1. 0.
0.994 -0.111 0. 3.920 0.111 0.994 0. 0.339 0. 0. 1. 0.
0.993 -0.120 0. 4.721 0.120 0.993 0. 0.436 0. 0. 1. 0.
0.992 -0.124 0. 5.562 0.124 0.992 0. 0.543 0. 0. 1. 0.
0.992 -0.126 0. 6.474 0.126 0.992 0. 0.648 0. 0. 1. 0.
0.992 -0.124 0. 7.496 0.124 0.992 0. 0.795 0. 0. 1. 0.
0.992 -0.123 0. 8.522 0.123 0.992 0. 0.908 0. 0. 1. 0.
0.993 -0.122 0. 9.625 0.122 0.993 0. 1.044 0. 0. 1. 0.
0.993 -0.120 0. 10.799 0.120 0.993 0. 1.184 0. 0. 1. 0.
0.993 -0.117 0. 12.030 0.117 0.993 0. 1.314 0. 0. 1. 0.
0.994 -0.113 0. 13.239 0.113 0.994 0. 1.470 0. 0. 1. 0.
0.994 -0.110 0. 14.498 0.110 0.994 0. 1.572 0. 0. 1. 0.
0.994 -0.107 0. 15.741 0.107 0.994 0. 1.715 0. 0. 1. 0.
0.995 -0.102 0. 17.069 0.102 0.995 0. 1.799 0. 0. 1. 0.
0.995 -0.098 0. 18.349 0.098 0.995 0. 1.936 0. 0. 1. 0.
0.996 -0.092 0. 19.690 0.092 0.996 0. 2.006 0. 0. 1. 0.
0.997 -0.083 0. 21.019 0.083 0.997 0. 2.141 0. 0. 1. 0.
0.997 -0.074 0. 22.397 0.074 0.997 0. 2.193 0. 0. 1. 0.
0.998 -0.069 0. 23.738 0.069 0.998 0. 2.324 0. 0. 1. 0.
0.998 -0.065 0. 25.100 0.065 0.998 0. 2.352 0. 0. 1. 0.
0.998 -0.063 0. 26.463 0.063 0.998 0. 2.445 0. 0. 1. 0.
0.998 -0.062 0. 27.896 0.062 0.998 0. 2.473 0. 0. 1. 0.
0.998 -0.059 0. 29.300 0.059 0.998 0. 2.586 0. 0. 1. 0.
0.998 -0.059 0. 30.850 0.059 0.998 0. 2.626 0. 0. 1. 0.
0.998 -0.057 0. 32.382 0.057 0.998 0. 2.701 0. 0. 1. 0.
0.998 -0.057 0. 34.016 0.057 0.998 0. 2.781 0. 0. 1. 0.
0.998 -0.055 0. 35.704 0.055 0.998 0. 2.821 0. 0. 1. 0.
0.999 -0.054 0. 37.411 0.054 0.999 0. 2.936 0. 0. 1. 0.
0.999 -0.052 0. 39.218 0.052 0.999 0. 3.006 0. 0. 1. 0.
0.999 -0.044 0. 41.052 0.044 0.999 0. 3.069 0. 0. 1. 0.
0.999 -0.040 0. 42.898 0.040 0.999 0. 3.120 0. 0. 1. 0.
0.999 -0.036 0. 44.769 0.036 0.999 0. 3.192 0. 0. 1. 0.
0.999 -0.033 0. 46.701 0.033 0.999 0. 3.265 0. 0. 1. 0.
1.000 -0.026 0. 48.632 0.026 1.000 0. 3.277 0. 0. 1. 0.
1.000 -0.020 0. 50.594 0.020 1.000 0. 3.304 0. 0. 1. 0.
1.000 -0.015 0. 52.586 0.015 1.000 0. 3.275 0. 0. 1. 0.
1. -0.004 0. 54.562 0.004 1. 0. 3.308 0. 0. 1. 0.
1. 0.007 0. 56.586 -0.007 1. 0. 3.294 0. 0. 1. 0.
1.000 0.015 0. 58.614 -0.015 1.000 0. 3.226 0. 0. 1. 0.
1.000 0.024 0. 60.584 -0.024 1.000 0. 3.123 0. 0. 1. 0.
1.000 0.025 0. 62.547 -0.025 1.000 0. 3.045 0. 0. 1. 0.
1.000 0.015 0. 64.553 -0.015 1.000 0. 2.982 0. 0. 1. 0.
1. 0.002 0. 66.547 -0.002 1. 0. 2.992 0. 0. 1. 0.
1. -0.008 0. 68.569 0.008 1. 0. 2.961 0. 0. 1. 0.
1.000 -0.019 0. 70.606 0.019 1.000 0. 3.044 0. 0. 1. 0.
1.000 -0.030 0. 72.699 0.030 1.000 0. 3.081 0. 0. 1. 0.
0.999 -0.040 0. 74.791 0.040 0.999 0. 3.153 0. 0. 1. 0.
0.999 -0.051 0. 76.898 0.051 0.999 0. 3.269 0. 0. 1. 0.
0.998 -0.061 0. 79.015 0.061 0.998 0. 3.342 0. 0. 1. 0.
0.998 -0.065 0. 81.124 0.065 0.998 0. 3.488 0. 0. 1. 0.
0.998 -0.066 0. 83.280 0.066 0.998 0. 3.664 0. 0. 1. 0.
0.998 -0.064 0. 85.470 0.064 0.998 0. 3.782 0. 0. 1. 0.
0.998 -0.064 0. 87.683 0.064 0.998 0. 3.889 0. 0. 1. 0.
0.998 -0.065 0. 89.862 0.065 0.998 0. 4.016 0. 0. 1. 0.
0.998 -0.064 0. 92.063 0.064 0.998 0. 4.157 0. 0. 1. 0.
0.998 -0.062 0. 94.318 0.062 0.998 0. 4.271 0. 0. 1. 0.
0.998 -0.058 0. 96.584 0.058 0.998 0. 4.412 0. 0. 1. 0.
0.999 -0.053 0. 98.849 0.053 0.999 0. 4.500 0. 0. 1. 0.
0.999 -0.049 0. 101.150 0.049 0.999 0. 4.599 0. 0. 1. 0.
0.999 -0.044 0. 103.455 0.044 0.999 0. 4.721 0. 0. 1. 0.
0.999 -0.040 0. 105.782 0.040 0.999 0. 4.817 0. 0. 1. 0.
0.999 -0.037 0. 108.161 0.037 0.999 0. 4.883 0. 0. 1. 0.
0.999 -0.034 0. 110.543 0.034 0.999 0. 4.929 0. 0. 1. 0.
0.999 -0.035 0. 112.955 0.035 0.999 0. 4.982 0. 0. 1. 0.
0.999 -0.033 0. 115.343 0.033 0.999 0. 5.044 0. 0. 1. 0.
0.999 -0.034 0. 117.772 0.034 0.999 0. 5.090 0. 0. 1. 0.
0.999 -0.035 0. 120.185 0.035 0.999 0. 5.167 0. 0. 1. 0.
0.999 -0.037 0. 122.615 0.037 0.999 0. 5.240 0. 0. 1. 0.
0.999 -0.037 0. 125.023 0.037 0.999 0. 5.337 0. 0. 1. 0.
0.999 -0.037 0. 127.487 0.037 0.999 0. 5.405 0. 0. 1. 0.
0.999 -0.036 0. 129.958 0.036 0.999 0. 5.502 0. 0. 1. 0.
0.999 -0.036 0. 132.478 0.036 0.999 0. 5.587 0. 0. 1. 0.
0.999 -0.038 0. 135.018 0.038 0.999 0. 5.679 0. 0. 1. 0.
0.999 -0.037 0. 137.538 0.037 0.999 0. 5.771 0. 0. 1. 0.
0.999 -0.037 0. 140.095 0.037 0.999 0. 5.804 0. 0. 1. 0.
0.999 -0.037 0. 142.557 0.037 0.999 0. 5.839 0. 0. 1. 0.
0.999 -0.039 0. 145.101 0.039 0.999 0. 5.894 0. 0. 1. 0.
0.999 -0.041 0. 147.640 0.041 0.999 0. 5.991 0. 0. 1. 0.
0.999 -0.041 0. 150.141 0.041 0.999 0. 6.056 0. 0. 1. 0.
0.999 -0.042 0. 152.587 0.042 0.999 0. 6.109 0. 0. 1. 0.
0.999 -0.042 0. 155.039 0.042 0.999 0. 6.203 0. 0. 1. 0.
0.999 -0.042 0. 157.451 0.042 0.999 0. 6.284 0. 0. 1. 0.
0.999 -0.042 0. 159.864 0.042 0.999 0. 6.332 0. 0. 1. 0.
0.999 -0.043 0. 162.218 0.043 0.999 0. 6.401 0. 0. 1. 0.
0.999 -0.045 0. 164.549 0.045 0.999 0. 6.498 0. 0. 1. 0.
0.999 -0.045 0. 166.862 0.045 0.999 0. 6.556 0. 0. 1. 0.
0.999 -0.047 0. 169.167 0.047 0.999 0. 6.653 0. 0. 1. 0.
0.999 -0.048 0. 171.408 0.048 0.999 0. 6.807 0. 0. 1. 0.
0.999 -0.050 0. 173.629 0.050 0.999 0. 6.885 0. 0. 1. 0.
0.999 -0.054 0. 175.787 0.054 0.999 0. 6.993 0. 0. 1. 0.
0.998 -0.055 0. 177.987 0.055 0.998 0. 7.135 0. 0. 1. 0.
0.998 -0.057 0. 180.121 0.057 0.998 0. 7.261 0. 0. 1. 0.
0.998 -0.059 0. 182.237 0.059 0.998 0. 7.362 0. 0. 1. 0.
0.998 -0.061 0. 184.405 0.061 0.998 0. 7.502 0. 0. 1. 0.
0.998 -0.064 0. 186.474 0.064 0.998 0. 7.692 0. 0. 1. 0.
0.998 -0.065 0. 188.508 0.065 0.998 0. 7.796 0. 0. 1. 0.
0.998 -0.068 0. 190.477 0.068 0.998 0. 7.890 0. 0. 1. 0.
0.997 -0.075 0. 192.422 0.075 0.997 0. 8.029 0. 0. 1. 0.
0.997 -0.083 0. 194.377 0.083 0.997 0. 8.169 0. 0. 1. 0.
0.996 -0.093 0. 196.220 0.093 0.996 0. 8.334 0. 0. 1. 0.
0.995 -0.102 0. 198.052 0.102 0.995 0. 8.500 0. 0. 1. 0.
0.994 -0.112 0. 199.835 0.112 0.994 0. 8.658 0. 0. 1. 0.
0.993 -0.121 0. 201.598 0.121 0.993 0. 8.865 0. 0. 1. 0.
0.992 -0.127 0. 203.355 0.127 0.992 0. 9.128 0. 0. 1. 0.
0.991 -0.131 0. 205.062 0.131 0.991 0. 9.334 0. 0. 1. 0.
0.991 -0.134 0. 206.750 0.134 0.991 0. 9.555 0. 0. 1. 0.
0.990 -0.138 0. 208.419 0.138 0.990 0. 9.823 0. 0. 1. 0.
0.991 -0.137 0. 210.087 0.137 0.991 0. 10.028 0. 0. 1. 0.
0.990 -0.142 0. 211.715 0.142 0.990 0. 10.253 0. 0. 1. 0.
0.990 -0.144 0. 213.336 0.144 0.990 0. 10.497 0. 0. 1. 0.
0.989 -0.145 0. 214.971 0.145 0.989 0. 10.747 0. 0. 1. 0.
0.989 -0.148 0. 216.599 0.148 0.989 0. 10.954 0. 0. 1. 0.
0.988 -0.153 0. 218.197 0.153 0.988 0. 11.177 0. 0. 1. 0.
0.987 -0.158 0. 219.713 0.158 0.987 0. 11.449 0. 0. 1. 0.
0.987 -0.161 0. 221.244 0.161 0.987 0. 11.701 0. 0. 1. 0.
0.987 -0.161 0. 222.779 0.161 0.987 0. 11.952 0. 0. 1. 0.
0.987 -0.160 0. 224.203 0.160 0.987 0. 12.166 0. 0. 1. 0.
0.987 -0.158 0. 225.601 0.158 0.987 0. 12.363 0. 0. 1. 0.
0.987 -0.158 0. 226.982 0.158 0.987 0. 12.600 0. 0. 1. 0.
0.987 -0.158 0. 228.303 0.158 0.987 0. 12.820 0. 0. 1. 0.
0.988 -0.157 0. 229.627 0.157 0.988 0. 13.040 0. 0. 1. 0.
0.987 -0.158 0. 230.882 0.158 0.987 0. 13.210 0. 0. 1. 0.
0.987 -0.158 0. 232.112 0.158 0.987 0. 13.387 0. 0. 1. 0.
0.987 -0.158 0. 233.351 0.158 0.987 0. 13.542 0. 0. 1. 0.
0.987 -0.160 0. 234.539 0.160 0.987 0. 13.740 0. 0. 1. 0.
0.986 -0.164 0. 235.752 0.164 0.986 0. 13.929 0. 0. 1. 0.
0.986 -0.169 0. 236.925 0.169 0.986 0. 14.167 0. 0. 1. 0.
0.986 -0.168 0. 238.052 0.168 0.986 0. 14.362 0. 0. 1. 0.
0.986 -0.167 0. 239.196 0.167 0.986 0. 14.566 0. 0. 1. 0.
0.986 -0.165 0. 240.341 0.165 0.986 0. 14.709 0. 0. 1. 0.
0.987 -0.160 0. 241.502 0.160 0.987 0. 14.893 0. 0. 1. 0.
0.988 -0.155 0. 242.693 0.155 0.988 0. 15.058 0. 0. 1. 0.
0.988 -0.153 0. 243.909 0.153 0.988 0. 15.341 0. 0. 1. 0.
0.989 -0.146 0. 245.257 0.146 0.989 0. 15.465 0. 0. 1. 0.
0.990 -0.145 0. 246.576 0.145 0.990 0. 15.639 0. 0. 1. 0.
0.990 -0.142 0. 247.963 0.142 0.990 0. 15.828 0. 0. 1. 0.
0.990 -0.144 0. 249.431 0.144 0.990 0. 16.010 0. 0. 1. 0.
0.989 -0.148 0. 250.929 0.148 0.989 0. 16.198 0. 0. 1. 0.
0.988 -0.154 0. 252.503 0.154 0.988 0. 16.420 0. 0. 1. 0.
0.987 -0.159 0. 254.074 0.159 0.987 0. 16.722 0. 0. 1. 0.
0.987 -0.160 0. 255.674 0.160 0.987 0. 16.980 0. 0. 1. 0.
0.987 -0.162 0. 257.344 0.162 0.987 0. 17.220 0. 0. 1. 0.
0.987 -0.163 0. 259.025 0.163 0.987 0. 17.469 0. 0. 1. 0.
0.987 -0.162 0. 260.759 0.162 0.987 0. 17.807 0. 0. 1. 0.
0.987 -0.160 0. 262.499 0.160 0.987 0. 18.045 0. 0. 1. 0.
0.988 -0.157 0. 264.238 0.157 0.988 0. 18.343 0. 0. 1. 0.
0.988 -0.158 0. 266.032 0.158 0.988 0. 18.546 0. 0. 1. 0.
0.988 -0.152 0. 267.821 0.152 0.988 0. 18.861 0. 0. 1. 0.
0.989 -0.150 0. 269.717 0.150 0.989 0. 19.088 0. 0. 1. 0.
0.989 -0.149 0. 271.580 0.149 0.989 0. 19.342 0. 0. 1. 0.
0.989 -0.145 0. 273.404 0.145 0.989 0. 19.632 0. 0. 1. 0.
0.990 -0.139 0. 275.293 0.139 0.990 0. 19.900 0. 0. 1. 0.
0.991 -0.132 0. 277.192 0.132 0.991 0. 20.097 0. 0. 1. 0.
0.992 -0.125 0. 279.131 0.125 0.992 0. 20.390 0. 0. 1. 0.
0.993 -0.120 0. 281.050 0.120 0.993 0. 20.556 0. 0. 1. 0.
0.994 -0.113 0. 282.981 0.113 0.994 0. 20.732 0. 0. 1. 0.
0.994 -0.107 0. 284.933 0.107 0.994 0. 20.934 0. 0. 1. 0.
0.995 -0.102 0. 286.866 0.102 0.995 0. 21.155 0. 0. 1. 0.
0.995 -0.098 0. 288.811 0.098 0.995 0. 21.316 0. 0. 1. 0.
0.996 -0.094 0. 290.785 0.094 0.996 0. 21.450 0. 0. 1. 0.
0.996 -0.093 0. 292.787 0.093 0.996 0. 21.561 0. 0. 1. 0.
0.996 -0.090 0. 294.791 0.090 0.996 0. 21.731 0. 0. 1. 0.
0.996 -0.087 0. 296.787 0.087 0.996 0. 21.918 0. 0. 1. 0.
0.996 -0.088 0. 298.747 0.088 0.996 0. 22.052 0. 0. 1. 0.
0.996 -0.086 0. 300.672 0.086 0.996 0. 22.247 0. 0. 1. 0.
0.996 -0.086 0. 302.628 0.086 0.996 0. 22.350 0. 0. 1. 0.
0.996 -0.085 0. 304.555 0.085 0.996 0. 22.473 0. 0. 1. 0.
0.997 -0.082 0. 306.431 0.082 0.997 0. 22.624 0. 0. 1. 0.
0.997 -0.082 0. 308.209 0.082 0.997 0. 22.796 0. 0. 1. 0.
0.997 -0.079 0. 310.039 0.079 0.997 0. 22.933 0. 0. 1. 0.
0.997 -0.079 0. 311.785 0.079 0.997 0. 23.023 0. 0. 1. 0.
0.997 -0.077 0. 313.532 0.077 0.997 0. 23.197 0. 0. 1. 0.
0.997 -0.075 0. 315.281 0.075 0.997 0. 23.312 0. 0. 1. 0.
0.997 -0.076 0. 317.040 0.076 0.997 0. 23.442 0. 0. 1. 0.
0.997 -0.075 0. 318.802 0.075 0.997 0. 23.520 0. 0. 1. 0.
0.997 -0.073 0. 320.614 0.073 0.997 0. 23.642 0. 0. 1. 0.
0.997 -0.071 0. 322.440 0.071 0.997 0. 23.750 0. 0. 1. 0.
0.998 -0.065 0. 324.250 0.065 0.998 0. 23.843 0. 0. 1. 0.
0.998 -0.058 0. 326.128 0.058 0.998 0. 23.958 0. 0. 1. 0.
0.999 -0.051 0. 328.019 0.051 0.999 0. 24.055 0. 0. 1. 0.
0.999 -0.046 0. 329.853 0.046 0.999 0. 24.044 0. 0. 1. 0.
0.999 -0.040 0. 331.833 0.040 0.999 0. 24.115 0. 0. 1. 0.
0.999 -0.034 0. 333.803 0.034 0.999 0. 24.172 0. 0. 1. 0.
1.000 -0.027 0. 335.753 0.027 1.000 0. 24.238 0. 0. 1. 0.
1.000 -0.023 0. 337.746 0.023 1.000 0. 24.261 0. 0. 1. 0.
1.000 -0.019 0. 339.784 0.019 1.000 0. 24.302 0. 0. 1. 0.
1. -0.013 0. 341.865 0.013 1. 0. 24.350 0. 0. 1. 0.
1. -0.011 0. 343.929 0.011 1. 0. 24.351 0. 0. 1. 0.
1. -0.008 0. 346.045 0.008 1. 0. 24.369 0. 0. 1. 0.
1. -0.004 0. 348.103 0.004 1. 0. 24.336 0. 0. 1. 0.
1. -0.001 0. 350.238 0.001 1. 0. 24.319 0. 0. 1. 0.
1. 0.000 0. 352.352 -0.000 1. 0. 24.336 0. 0. 1. 0.
1. 0.001 0. 354.463 -0.001 1. 0. 24.321 0. 0. 1. 0.
1. 0.002 0. 356.648 -0.002 1. 0. 24.327 0. 0. 1. 0.
1. 0.002 0. 358.812 -0.002 1. 0. 24.300 0. 0. 1. 0.
1. 0.003 0. 361.000 -0.003 1. 0. 24.278 0. 0. 1. 0.
1. 0.003 0. 363.111 -0.003 1. 0. 24.256 0. 0. 1. 0.
1. 0.002 0. 365.313 -0.002 1. 0. 24.231 0. 0. 1. 0.
1. 0.003 0. 367.465 -0.003 1. 0. 24.207 0. 0. 1. 0.
1. 0.001 0. 369.640 -0.001 1. 0. 24.215 0. 0. 1. 0.
1. -0.002 0. 371.816 0.002 1. 0. 24.204 0. 0. 1. 0.
1. -0.003 0. 373.943 0.003 1. 0. 24.204 0. 0. 1. 0.
1. -0.008 0. 376.146 0.008 1. 0. 24.191 0. 0. 1. 0.
1. -0.009 0. 378.327 0.009 1. 0. 24.190 0. 0. 1. 0.
1. -0.011 0. 380.548 0.011 1. 0. 24.236 0. 0. 1. 0.
1.000 -0.015 0. 382.718 0.015 1.000 0. 24.241 0. 0. 1. 0.
1.000 -0.020 0. 384.880 0.020 1.000 0. 24.273 0. 0. 1. 0.
1.000 -0.024 0. 387.023 0.024 1.000 0. 24.312 0. 0. 1. 0.
1.000 -0.030 0. 389.166 0.030 1.000 0. 24.319 0. 0. 1. 0.
0.999 -0.032 0. 391.267 0.032 0.999 0. 24.407 0. 0. 1. 0.
0.999 -0.037 0. 393.393 0.037 0.999 0. 24.478 0. 0. 1. 0.
0.999 -0.041 0. 395.465 0.041 0.999 0. 24.531 0. 0. 1. 0.
0.999 -0.045 0. 397.523 0.045 0.999 0. 24.589 0. 0. 1. 0.
0.999 -0.049 0. 399.573 0.049 0.999 0. 24.686 0. 0. 1. 0.
0.999 -0.053 0. 401.598 0.053 0.999 0. 24.798 0. 0. 1. 0.
0.998 -0.058 0. 403.567 0.058 0.998 0. 24.870 0. 0. 1. 0.
0.998 -0.060 0. 405.536 0.060 0.998 0. 24.978 0. 0. 1. 0.
0.998 -0.059 0. 407.502 0.059 0.998 0. 25.087 0. 0. 1. 0.
0.998 -0.061 0. 409.459 0.061 0.998 0. 25.175 0. 0. 1. 0.
0.998 -0.060 0. 411.354 0.060 0.998 0. 25.323 0. 0. 1. 0.
0.998 -0.061 0. 413.274 0.061 0.998 0. 25.374 0. 0. 1. 0.
0.998 -0.061 0. 415.157 0.061 0.998 0. 25.494 0. 0. 1. 0.
0.998 -0.062 0. 417.033 0.062 0.998 0. 25.601 0. 0. 1. 0.
0.998 -0.065 0. 418.853 0.065 0.998 0. 25.696 0. 0. 1. 0.
0.998 -0.065 0. 420.691 0.065 0.998 0. 25.838 0. 0. 1. 0.
0.998 -0.066 0. 422.481 0.066 0.998 0. 25.923 0. 0. 1. 0.
0.998 -0.067 0. 424.249 0.067 0.998 0. 26.025 0. 0. 1. 0.
0.998 -0.066 0. 426.012 0.066 0.998 0. 26.139 0. 0. 1. 0.
0.998 -0.062 0. 427.715 0.062 0.998 0. 26.239 0. 0. 1. 0.
0.998 -0.055 0. 429.350 0.055 0.998 0. 26.361 0. 0. 1. 0.
0.999 -0.040 0. 430.959 0.040 0.999 0. 26.356 0. 0. 1. 0.
1.000 -0.018 0. 432.503 0.018 1.000 0. 26.404 0. 0. 1. 0.
1. 0.007 0. 433.978 -0.007 1. 0. 26.367 0. 0. 1. 0.
0.999 0.038 0. 435.351 -0.038 0.999 0. 26.252 0. 0. 1. 0.
0.997 0.077 0. 436.633 -0.077 0.997 0. 26.149 0. 0. 1. 0.
0.993 0.122 0. 437.838 -0.122 0.993 0. 25.986 0. 0. 1. 0.
0.984 0.178 0. 438.964 -0.178 0.984 0. 25.738 0. 0. 1. 0.
0.972 0.237 0. 439.970 -0.237 0.972 0. 25.380 0. 0. 1. 0.
0.958 0.288 0. 440.922 -0.288 0.958 0. 25.062 0. 0. 1. 0.
0.941 0.338 0. 441.796 -0.338 0.941 0. 24.721 0. 0. 1. 0.
0.921 0.390 0. 442.547 -0.390 0.921 0. 24.362 0. 0. 1. 0.
0.895 0.446 0. 443.239 -0.446 0.895 0. 23.955 0. 0. 1. 0.
0.865 0.502 0. 443.844 -0.502 0.865 0. 23.547 0. 0. 1. 0.
0.831 0.557 0. 444.381 -0.557 0.831 0. 23.084 0. 0. 1. 0.
0.792 0.610 0. 444.854 -0.610 0.792 0. 22.690 0. 0. 1. 0.
0.752 0.659 0. 445.216 -0.659 0.752 0. 22.212 0. 0. 1. 0.
0.715 0.699 0. 445.473 -0.699 0.715 0. 21.839 0. 0. 1. 0.
0.681 0.732 0. 445.701 -0.732 0.681 0. 21.524 0. 0. 1. 0.
0.654 0.757 0. 445.886 -0.757 0.654 0. 21.282 0. 0. 1. 0.
0.632 0.775 0. 445.932 -0.775 0.632 0. 21.173 0. 0. 1. 0.
0.616 0.788 0. 446.015 -0.788 0.616 0. 21.039 0. 0. 1. 0.
0.601 0.799 0. 446.076 -0.799 0.601 0. 20.915 0. 0. 1. 0.
0.589 0.808 0. 446.109 -0.808 0.589 0. 20.841 0. 0. 1. 0.
0.580 0.815 0. 446.132 -0.815 0.580 0. 20.771 0. 0. 1. 0.
0.572 0.820 0. 446.167 -0.820 0.572 0. 20.725 0. 0. 1. 0.
0.566 0.824 0. 446.180 -0.824 0.566 0. 20.664 0. 0. 1. 0.
0.563 0.826 0. 446.207 -0.826 0.563 0. 20.668 0. 0. 1. 0.
0.561 0.828 0. 446.211 -0.828 0.561 0. 20.644 0. 0. 1. 0.
0.561 0.828 0. 446.210 -0.828 0.561 0. 20.647 0. 0. 1. 0.
0.561 0.828 0. 446.208 -0.828 0.561 0. 20.665 0. 0. 1. 0.
0.561 0.828 0. 446.199 -0.828 0.561 0. 20.664 0. 0. 1. 0.
0.561 0.828 0. 446.209 -0.828 0.561 0. 20.669 0. 0. 1. 0.
0.561 0.828 0. 446.214 -0.828 0.561 0. 20.664 0. 0. 1. 0.
0.561 0.828 0. 446.213 -0.828 0.561 0. 20.660 0. 0. 1. 0.
0.561 0.828 0. 446.200 -0.828 0.561 0. 20.667 0. 0. 1. 0.
0.561 0.828 0. 446.204 -0.828 0.561 0. 20.664 0. 0. 1. 0.
0.560 0.828 0. 446.210 -0.828 0.560 0. 20.659 0. 0. 1. 0.
0.560 0.828 0. 446.187 -0.828 0.560 0. 20.658 0. 0. 1. 0.
0.560 0.828 0. 446.199 -0.828 0.560 0. 20.654 0. 0. 1. 0.
0.560 0.829 0. 446.202 -0.829 0.560 0. 20.661 0. 0. 1. 0.
0.559 0.829 0. 446.195 -0.829 0.559 0. 20.650 0. 0. 1. 0.
0.559 0.829 0. 446.194 -0.829 0.559 0. 20.639 0. 0. 1. 0.
0.559 0.829 0. 446.202 -0.829 0.559 0. 20.641 0. 0. 1. 0.
0.559 0.829 0. 446.197 -0.829 0.559 0. 20.642 0. 0. 1. 0.
0.559 0.829 0. 446.204 -0.829 0.559 0. 20.630 0. 0. 1. 0.
0.558 0.830 0. 446.204 -0.830 0.558 0. 20.627 0. 0. 1. 0.
0.558 0.830 0. 446.203 -0.830 0.558 0. 20.624 0. 0. 1. 0.
0.557 0.831 0. 446.208 -0.831 0.557 0. 20.623 0. 0. 1. 0.
0.557 0.830 0. 446.199 -0.830 0.557 0. 20.621 0. 0. 1. 0.
0.557 0.831 0. 446.201 -0.831 0.557 0. 20.629 0. 0. 1. 0.
0.557 0.831 0. 446.210 -0.831 0.557 0. 20.624 0. 0. 1. 0.
0.556 0.831 0. 446.213 -0.831 0.556 0. 20.623 0. 0. 1. 0.
0.556 0.831 0. 446.207 -0.831 0.556 0. 20.613 0. 0. 1. 0.
0.556 0.831 0. 446.203 -0.831 0.556 0. 20.607 0. 0. 1. 0.
0.554 0.832 0. 446.199 -0.832 0.554 0. 20.597 0. 0. 1. 0.
0.554 0.832 0. 446.203 -0.832 0.554 0. 20.598 0. 0. 1. 0.
0.554 0.832 0. 446.197 -0.832 0.554 0. 20.607 0. 0. 1. 0.
0.555 0.832 0. 446.203 -0.832 0.555 0. 20.605 0. 0. 1. 0.
0.554 0.832 0. 446.202 -0.832 0.554 0. 20.608 0. 0. 1. 0.
0.554 0.832 0. 446.211 -0.832 0.554 0. 20.597 0. 0. 1. 0.
0.552 0.834 0. 446.223 -0.834 0.552 0. 20.599 0. 0. 1. 0.
0.548 0.837 0. 446.247 -0.837 0.548 0. 20.577 0. 0. 1. 0.
0.542 0.840 0. 446.254 -0.840 0.542 0. 20.541 0. 0. 1. 0.
0.536 0.844 0. 446.274 -0.844 0.536 0. 20.488 0. 0. 1. 0.
0.529 0.849 0. 446.319 -0.849 0.529 0. 20.435 0. 0. 1. 0.
0.521 0.853 0. 446.348 -0.853 0.521 0. 20.375 0. 0. 1. 0.
0.514 0.858 0. 446.353 -0.858 0.514 0. 20.323 0. 0. 1. 0.
0.509 0.861 0. 446.378 -0.861 0.509 0. 20.267 0. 0. 1. 0.
0.500 0.866 0. 446.397 -0.866 0.500 0. 20.207 0. 0. 1. 0.
0.489 0.872 0. 446.432 -0.872 0.489 0. 20.145 0. 0. 1. 0.
0.476 0.879 0. 446.454 -0.879 0.476 0. 20.061 0. 0. 1. 0.
0.460 0.888 0. 446.451 -0.888 0.460 0. 19.965 0. 0. 1. 0.
0.441 0.897 0. 446.532 -0.897 0.441 0. 19.819 0. 0. 1. 0.
0.416 0.909 0. 446.580 -0.909 0.416 0. 19.677 0. 0. 1. 0.
0.386 0.923 0. 446.636 -0.923 0.386 0. 19.482 0. 0. 1. 0.
0.342 0.940 0. 446.706 -0.940 0.342 0. 19.297 0. 0. 1. 0.
0.284 0.959 0. 446.758 -0.959 0.284 0. 18.879 0. 0. 1. 0.
0.211 0.977 0. 446.791 -0.977 0.211 0. 18.416 0. 0. 1. 0.
0.129 0.992 0. 446.811 -0.992 0.129 0. 17.868 0. 0. 1. 0.
0.037 0.999 0. 446.784 -0.999 0.037 0. 17.263 0. 0. 1. 0.
-0.063 0.998 0. 446.643 -0.998 -0.063 0. 16.651 0. 0. 1. 0.
-0.172 0.985 0. 446.459 -0.985 -0.172 0. 15.899 0. 0. 1. 0.
-0.284 0.959 0. 446.172 -0.959 -0.284 0. 15.112 0. 0. 1. 0.
-0.391 0.920 0. 445.743 -0.920 -0.391 0. 14.316 0. 0. 1. 0.
-0.494 0.870 0. 445.197 -0.870 -0.494 0. 13.489 0. 0. 1. 0.
-0.590 0.807 0. 444.520 -0.807 -0.590 0. 12.724 0. 0. 1. 0.
-0.675 0.738 0. 443.785 -0.738 -0.675 0. 11.862 0. 0. 1. 0.
-0.743 0.670 0. 442.804 -0.670 -0.743 0. 11.068 0. 0. 1. 0.
-0.790 0.613 0. 441.770 -0.613 -0.790 0. 10.273 0. 0. 1. 0.
-0.821 0.571 0. 440.591 -0.571 -0.821 0. 9.547 0. 0. 1. 0.
-0.839 0.545 0. 439.369 -0.545 -0.839 0. 8.827 0. 0. 1. 0.
-0.848 0.530 0. 438.088 -0.530 -0.848 0. 8.028 0. 0. 1. 0.
-0.852 0.523 0. 436.679 -0.523 -0.852 0. 7.256 0. 0. 1. 0.
-0.855 0.519 0. 435.197 -0.519 -0.855 0. 6.349 0. 0. 1. 0.
-0.861 0.509 0. 433.619 -0.509 -0.861 0. 5.495 0. 0. 1. 0.
-0.868 0.497 0. 431.976 -0.497 -0.868 0. 4.566 0. 0. 1. 0.
-0.874 0.486 0. 430.299 -0.486 -0.874 0. 3.636 0. 0. 1. 0.
-0.880 0.475 0. 428.653 -0.475 -0.880 0. 2.798 0. 0. 1. 0.
-0.885 0.465 0. 426.942 -0.465 -0.885 0. 1.907 0. 0. 1. 0.
-0.889 0.458 0. 425.190 -0.458 -0.889 0. 1.001 0. 0. 1. 0.
-0.893 0.451 0. 423.382 -0.451 -0.893 0. 0.168 0. 0. 1. 0.
-0.894 0.448 0. 421.674 -0.448 -0.894 0. -0.698 0. 0. 1. 0.
-0.896 0.444 0. 419.918 -0.444 -0.896 0. -1.534 0. 0. 1. 0.
-0.896 0.444 0. 418.194 -0.444 -0.896 0. -2.367 0. 0. 1. 0.
-0.897 0.442 0. 416.520 -0.442 -0.897 0. -3.207 0. 0. 1. 0.
-0.897 0.441 0. 414.799 -0.441 -0.897 0. -4.012 0. 0. 1. 0.
-0.897 0.443 0. 413.150 -0.443 -0.897 0. -4.850 0. 0. 1. 0.
-0.897 0.442 0. 411.505 -0.442 -0.897 0. -5.611 0. 0. 1. 0.
-0.897 0.441 0. 409.845 -0.441 -0.897 0. -6.445 0. 0. 1. 0.
-0.897 0.442 0. 408.225 -0.442 -0.897 0. -7.240 0. 0. 1. 0.
-0.897 0.442 0. 406.636 -0.442 -0.897 0. -8.054 0. 0. 1. 0.
-0.897 0.442 0. 405.019 -0.442 -0.897 0. -8.810 0. 0. 1. 0.
-0.897 0.442 0. 403.431 -0.442 -0.897 0. -9.626 0. 0. 1. 0.
-0.897 0.443 0. 401.841 -0.443 -0.897 0. -10.320 0. 0. 1. 0.
-0.896 0.444 0. 400.363 -0.444 -0.896 0. -11.137 0. 0. 1. 0.
-0.896 0.444 0. 398.786 -0.444 -0.896 0. -11.850 0. 0. 1. 0.
-0.895 0.446 0. 397.282 -0.446 -0.895 0. -12.598 0. 0. 1. 0.
-0.894 0.447 0. 395.779 -0.447 -0.894 0. -13.310 0. 0. 1. 0.
-0.897 0.443 0. 394.357 -0.443 -0.897 0. -14.035 0. 0. 1. 0.
-0.897 0.441 0. 392.858 -0.441 -0.897 0. -14.717 0. 0. 1. 0.
-0.899 0.438 0. 391.453 -0.438 -0.899 0. -15.428 0. 0. 1. 0.
-0.899 0.439 0. 390.003 -0.439 -0.899 0. -16.144 0. 0. 1. 0.
-0.899 0.438 0. 388.613 -0.438 -0.899 0. -16.828 0. 0. 1. 0.
-0.899 0.438 0. 387.284 -0.438 -0.899 0. -17.474 0. 0. 1. 0.
-0.900 0.437 0. 386.042 -0.437 -0.900 0. -18.086 0. 0. 1. 0.
-0.901 0.435 0. 384.838 -0.435 -0.901 0. -18.711 0. 0. 1. 0.
-0.902 0.431 0. 383.642 -0.431 -0.902 0. -19.250 0. 0. 1. 0.
-0.903 0.429 0. 382.543 -0.429 -0.903 0. -19.780 0. 0. 1. 0.
-0.904 0.427 0. 381.479 -0.427 -0.904 0. -20.207 0. 0. 1. 0.
-0.905 0.426 0. 380.520 -0.426 -0.905 0. -20.690 0. 0. 1. 0.
-0.905 0.425 0. 379.586 -0.425 -0.905 0. -21.105 0. 0. 1. 0.
-0.905 0.425 0. 378.726 -0.425 -0.905 0. -21.545 0. 0. 1. 0.
-0.905 0.426 0. 377.926 -0.426 -0.905 0. -21.901 0. 0. 1. 0.
-0.906 0.424 0. 377.217 -0.424 -0.906 0. -22.233 0. 0. 1. 0.
-0.906 0.423 0. 376.529 -0.423 -0.906 0. -22.520 0. 0. 1. 0.
-0.907 0.422 0. 375.958 -0.422 -0.907 0. -22.770 0. 0. 1. 0.
-0.906 0.423 0. 375.410 -0.423 -0.906 0. -22.996 0. 0. 1. 0.
-0.907 0.421 0. 374.975 -0.421 -0.907 0. -23.223 0. 0. 1. 0.
-0.907 0.421 0. 374.603 -0.421 -0.907 0. -23.430 0. 0. 1. 0.
-0.907 0.421 0. 374.311 -0.421 -0.907 0. -23.510 0. 0. 1. 0.
-0.907 0.421 0. 374.059 -0.421 -0.907 0. -23.590 0. 0. 1. 0.
-0.907 0.420 0. 373.868 -0.420 -0.907 0. -23.694 0. 0. 1. 0.
-0.907 0.421 0. 373.695 -0.421 -0.907 0. -23.764 0. 0. 1. 0.
-0.907 0.421 0. 373.559 -0.421 -0.907 0. -23.863 0. 0. 1. 0.
-0.907 0.421 0. 373.422 -0.421 -0.907 0. -23.918 0. 0. 1. 0.
-0.907 0.420 0. 373.267 -0.420 -0.907 0. -23.986 0. 0. 1. 0.
-0.907 0.421 0. 373.142 -0.421 -0.907 0. -24.060 0. 0. 1. 0.
-0.907 0.422 0. 373.037 -0.422 -0.907 0. -24.128 0. 0. 1. 0.
-0.907 0.422 0. 372.928 -0.422 -0.907 0. -24.151 0. 0. 1. 0.
-0.907 0.421 0. 372.826 -0.421 -0.907 0. -24.179 0. 0. 1. 0.
-0.907 0.421 0. 372.742 -0.421 -0.907 0. -24.230 0. 0. 1. 0.
-0.907 0.421 0. 372.667 -0.421 -0.907 0. -24.278 0. 0. 1. 0.
-0.907 0.421 0. 372.582 -0.421 -0.907 0. -24.314 0. 0. 1. 0.
-0.907 0.420 0. 372.513 -0.420 -0.907 0. -24.348 0. 0. 1. 0.
-0.908 0.420 0. 372.457 -0.420 -0.908 0. -24.374 0. 0. 1. 0.
-0.907 0.420 0. 372.411 -0.420 -0.907 0. -24.387 0. 0. 1. 0.
-0.907 0.421 0. 372.347 -0.421 -0.907 0. -24.423 0. 0. 1. 0.
-0.907 0.421 0. 372.292 -0.421 -0.907 0. -24.421 0. 0. 1. 0.
-0.908 0.419 0. 372.221 -0.419 -0.908 0. -24.444 0. 0. 1. 0.
-0.907 0.420 0. 372.176 -0.420 -0.907 0. -24.467 0. 0. 1. 0.
-0.907 0.420 0. 372.147 -0.420 -0.907 0. -24.506 0. 0. 1. 0.
-0.907 0.420 0. 372.067 -0.420 -0.907 0. -24.530 0. 0. 1. 0.
-0.908 0.420 0. 372.002 -0.420 -0.908 0. -24.591 0. 0. 1. 0.
-0.908 0.420 0. 371.878 -0.420 -0.908 0. -24.574 0. 0. 1. 0.
-0.908 0.419 0. 371.788 -0.419 -0.908 0. -24.662 0. 0. 1. 0.
-0.908 0.418 0. 371.640 -0.418 -0.908 0. -24.761 0. 0. 1. 0.
-0.908 0.418 0. 371.411 -0.418 -0.908 0. -24.819 0. 0. 1. 0.
-0.909 0.418 0. 371.159 -0.418 -0.909 0. -24.956 0. 0. 1. 0.
-0.909 0.416 0. 370.840 -0.416 -0.909 0. -25.094 0. 0. 1. 0.
-0.909 0.416 0. 370.480 -0.416 -0.909 0. -25.272 0. 0. 1. 0.
-0.910 0.414 0. 370.052 -0.414 -0.910 0. -25.461 0. 0. 1. 0.
-0.910 0.414 0. 369.548 -0.414 -0.910 0. -25.687 0. 0. 1. 0.
-0.911 0.413 0. 368.948 -0.413 -0.911 0. -25.968 0. 0. 1. 0.
-0.911 0.413 0. 368.325 -0.413 -0.911 0. -26.281 0. 0. 1. 0.
-0.911 0.412 0. 367.646 -0.412 -0.911 0. -26.548 0. 0. 1. 0.
-0.913 0.409 0. 366.816 -0.409 -0.913 0. -26.877 0. 0. 1. 0.
-0.914 0.405 0. 365.994 -0.405 -0.914 0. -27.294 0. 0. 1. 0.
-0.915 0.403 0. 364.996 -0.403 -0.915 0. -27.644 0. 0. 1. 0.
-0.916 0.401 0. 364.014 -0.401 -0.916 0. -28.088 0. 0. 1. 0.
-0.917 0.399 0. 362.930 -0.399 -0.917 0. -28.575 0. 0. 1. 0.
-0.918 0.397 0. 361.780 -0.397 -0.918 0. -29.061 0. 0. 1. 0.
-0.918 0.396 0. 360.556 -0.396 -0.918 0. -29.580 0. 0. 1. 0.
-0.920 0.393 0. 359.297 -0.393 -0.920 0. -30.116 0. 0. 1. 0.
-0.920 0.391 0. 357.912 -0.391 -0.920 0. -30.621 0. 0. 1. 0.
-0.921 0.389 0. 356.570 -0.389 -0.921 0. -31.231 0. 0. 1. 0.
-0.922 0.387 0. 355.129 -0.387 -0.922 0. -31.847 0. 0. 1. 0.
-0.922 0.386 0. 353.648 -0.386 -0.922 0. -32.476 0. 0. 1. 0.
-0.922 0.387 0. 352.194 -0.387 -0.922 0. -33.080 0. 0. 1. 0.
-0.923 0.386 0. 350.634 -0.386 -0.923 0. -33.714 0. 0. 1. 0.
-0.923 0.385 0. 349.084 -0.385 -0.923 0. -34.361 0. 0. 1. 0.
-0.923 0.384 0. 347.452 -0.384 -0.923 0. -34.983 0. 0. 1. 0.
-0.925 0.380 0. 345.816 -0.380 -0.925 0. -35.635 0. 0. 1. 0.
-0.928 0.373 0. 344.121 -0.373 -0.928 0. -36.303 0. 0. 1. 0.
-0.932 0.363 0. 342.347 -0.363 -0.932 0. -36.982 0. 0. 1. 0.
-0.935 0.354 0. 340.564 -0.354 -0.935 0. -37.638 0. 0. 1. 0.
-0.938 0.348 0. 338.688 -0.348 -0.938 0. -38.262 0. 0. 1. 0.
-0.941 0.339 0. 336.751 -0.339 -0.941 0. -38.943 0. 0. 1. 0.
-0.943 0.332 0. 334.809 -0.332 -0.943 0. -39.631 0. 0. 1. 0.
-0.945 0.327 0. 332.819 -0.327 -0.945 0. -40.323 0. 0. 1. 0.
-0.946 0.324 0. 330.764 -0.324 -0.946 0. -41.008 0. 0. 1. 0.
-0.947 0.320 0. 328.703 -0.320 -0.947 0. -41.673 0. 0. 1. 0.
-0.948 0.319 0. 326.581 -0.319 -0.948 0. -42.351 0. 0. 1. 0.
-0.948 0.317 0. 324.469 -0.317 -0.948 0. -43.009 0. 0. 1. 0.
-0.949 0.314 0. 322.335 -0.314 -0.949 0. -43.730 0. 0. 1. 0.
-0.950 0.313 0. 320.235 -0.313 -0.950 0. -44.415 0. 0. 1. 0.
-0.951 0.311 0. 318.058 -0.311 -0.951 0. -45.080 0. 0. 1. 0.
-0.951 0.309 0. 315.857 -0.309 -0.951 0. -45.782 0. 0. 1. 0.
-0.951 0.310 0. 313.663 -0.310 -0.951 0. -46.471 0. 0. 1. 0.
-0.949 0.315 0. 311.474 -0.315 -0.949 0. -47.183 0. 0. 1. 0.
-0.948 0.319 0. 309.275 -0.319 -0.948 0. -47.893 0. 0. 1. 0.
-0.947 0.321 0. 307.035 -0.321 -0.947 0. -48.651 0. 0. 1. 0.
-0.946 0.325 0. 304.851 -0.325 -0.946 0. -49.382 0. 0. 1. 0.
-0.944 0.330 0. 302.603 -0.330 -0.944 0. -50.104 0. 0. 1. 0.
-0.943 0.334 0. 300.382 -0.334 -0.943 0. -50.896 0. 0. 1. 0.
-0.941 0.339 0. 298.087 -0.339 -0.941 0. -51.670 0. 0. 1. 0.
-0.939 0.343 0. 295.830 -0.343 -0.939 0. -52.475 0. 0. 1. 0.
-0.938 0.347 0. 293.564 -0.347 -0.938 0. -53.297 0. 0. 1. 0.
-0.937 0.350 0. 291.288 -0.350 -0.937 0. -54.133 0. 0. 1. 0.
-0.936 0.352 0. 289.021 -0.352 -0.936 0. -54.952 0. 0. 1. 0.
-0.935 0.354 0. 286.767 -0.354 -0.935 0. -55.815 0. 0. 1. 0.
-0.933 0.360 0. 284.530 -0.360 -0.933 0. -56.650 0. 0. 1. 0.
-0.932 0.363 0. 282.276 -0.363 -0.932 0. -57.538 0. 0. 1. 0.
-0.931 0.365 0. 280.035 -0.365 -0.931 0. -58.411 0. 0. 1. 0.
-0.930 0.368 0. 277.775 -0.368 -0.930 0. -59.309 0. 0. 1. 0.
-0.929 0.371 0. 275.520 -0.371 -0.929 0. -60.195 0. 0. 1. 0.
-0.927 0.374 0. 273.241 -0.374 -0.927 0. -61.106 0. 0. 1. 0.
-0.926 0.377 0. 270.935 -0.377 -0.926 0. -61.973 0. 0. 1. 0.
-0.925 0.380 0. 268.690 -0.380 -0.925 0. -62.906 0. 0. 1. 0.
-0.923 0.384 0. 266.385 -0.384 -0.923 0. -63.801 0. 0. 1. 0.
-0.922 0.388 0. 264.099 -0.388 -0.922 0. -64.697 0. 0. 1. 0.
-0.922 0.386 0. 261.828 -0.386 -0.922 0. -65.616 0. 0. 1. 0.
-0.923 0.386 0. 259.562 -0.386 -0.923 0. -66.563 0. 0. 1. 0.
-0.922 0.386 0. 257.261 -0.386 -0.922 0. -67.572 0. 0. 1. 0.
-0.922 0.387 0. 254.970 -0.387 -0.922 0. -68.455 0. 0. 1. 0.
-0.921 0.389 0. 252.663 -0.389 -0.921 0. -69.365 0. 0. 1. 0.
-0.920 0.393 0. 250.336 -0.393 -0.920 0. -70.385 0. 0. 1. 0.
-0.919 0.395 0. 247.997 -0.395 -0.919 0. -71.338 0. 0. 1. 0.
-0.918 0.397 0. 245.680 -0.397 -0.918 0. -72.320 0. 0. 1. 0.
-0.917 0.399 0. 243.327 -0.399 -0.917 0. -73.359 0. 0. 1. 0.
-0.915 0.403 0. 241.000 -0.403 -0.915 0. -74.376 0. 0. 1. 0.
-0.915 0.403 0. 238.622 -0.403 -0.915 0. -75.376 0. 0. 1. 0.
-0.915 0.403 0. 236.235 -0.403 -0.915 0. -76.403 0. 0. 1. 0.
-0.915 0.404 0. 233.853 -0.404 -0.915 0. -77.444 0. 0. 1. 0.
-0.914 0.406 0. 231.469 -0.406 -0.914 0. -78.501 0. 0. 1. 0.
-0.913 0.409 0. 229.064 -0.409 -0.913 0. -79.575 0. 0. 1. 0.
-0.912 0.409 0. 226.685 -0.409 -0.912 0. -80.614 0. 0. 1. 0.
-0.913 0.407 0. 224.274 -0.407 -0.913 0. -81.657 0. 0. 1. 0.
-0.913 0.407 0. 221.904 -0.407 -0.913 0. -82.754 0. 0. 1. 0.
-0.914 0.406 0. 219.508 -0.406 -0.914 0. -83.808 0. 0. 1. 0.
-0.914 0.405 0. 217.108 -0.405 -0.914 0. -84.827 0. 0. 1. 0.
-0.915 0.404 0. 214.705 -0.404 -0.915 0. -85.862 0. 0. 1. 0.
-0.915 0.402 0. 212.294 -0.402 -0.915 0. -86.911 0. 0. 1. 0.
-0.917 0.400 0. 209.923 -0.400 -0.917 0. -87.988 0. 0. 1. 0.
-0.918 0.397 0. 207.507 -0.397 -0.918 0. -88.952 0. 0. 1. 0.
-0.918 0.396 0. 205.114 -0.396 -0.918 0. -89.975 0. 0. 1. 0.
-0.919 0.394 0. 202.749 -0.394 -0.919 0. -90.945 0. 0. 1. 0.
-0.920 0.392 0. 200.428 -0.392 -0.920 0. -91.949 0. 0. 1. 0.
-0.921 0.389 0. 198.089 -0.389 -0.921 0. -92.902 0. 0. 1. 0.
-0.922 0.388 0. 195.858 -0.388 -0.922 0. -93.831 0. 0. 1. 0.
-0.923 0.386 0. 193.586 -0.386 -0.923 0. -94.748 0. 0. 1. 0.
-0.923 0.385 0. 191.333 -0.385 -0.923 0. -95.730 0. 0. 1. 0.
-0.922 0.387 0. 189.067 -0.387 -0.922 0. -96.602 0. 0. 1. 0.
-0.921 0.389 0. 186.851 -0.389 -0.921 0. -97.579 0. 0. 1. 0.
-0.921 0.390 0. 184.630 -0.390 -0.921 0. -98.451 0. 0. 1. 0.
-0.920 0.391 0. 182.447 -0.391 -0.920 0. -99.372 0. 0. 1. 0.
-0.920 0.393 0. 180.245 -0.393 -0.920 0. -100.287 0. 0. 1. 0.
-0.920 0.392 0. 178.095 -0.392 -0.920 0. -101.224 0. 0. 1. 0.
-0.919 0.393 0. 175.889 -0.393 -0.919 0. -102.105 0. 0. 1. 0.
-0.919 0.393 0. 173.712 -0.393 -0.919 0. -103.026 0. 0. 1. 0.
-0.919 0.395 0. 171.535 -0.395 -0.919 0. -103.950 0. 0. 1. 0.
-0.919 0.395 0. 169.300 -0.395 -0.919 0. -104.799 0. 0. 1. 0.
-0.919 0.395 0. 167.152 -0.395 -0.919 0. -105.790 0. 0. 1. 0.
-0.920 0.393 0. 164.977 -0.393 -0.920 0. -106.743 0. 0. 1. 0.
-0.920 0.391 0. 162.836 -0.391 -0.920 0. -107.704 0. 0. 1. 0.
-0.921 0.389 0. 160.688 -0.389 -0.921 0. -108.591 0. 0. 1. 0.
-0.924 0.383 0. 158.492 -0.383 -0.924 0. -109.509 0. 0. 1. 0.
-0.926 0.378 0. 156.353 -0.378 -0.926 0. -110.281 0. 0. 1. 0.
-0.925 0.379 0. 154.322 -0.379 -0.925 0. -111.155 0. 0. 1. 0.
-0.925 0.380 0. 152.229 -0.380 -0.925 0. -111.996 0. 0. 1. 0.
-0.926 0.378 0. 150.069 -0.378 -0.926 0. -112.786 0. 0. 1. 0.
-0.926 0.378 0. 147.969 -0.378 -0.926 0. -113.604 0. 0. 1. 0.
-0.926 0.378 0. 145.973 -0.378 -0.926 0. -114.464 0. 0. 1. 0.
-0.924 0.382 0. 143.999 -0.382 -0.924 0. -115.225 0. 0. 1. 0.
