1. 0. 0. 0. 0. -1. -0. 0. 0. 0. -1. 0.
1. -0.000 -0. 0.009 -0.000 -1. -0. 0.021 0. 0. -1. 0.
1. 0. 0. 0.002 0. -1. -0. 0.009 0. 0. -1. 0.
1. 0.003 0. 0.009 0.003 -1. -0. 0.011 0. 0. -1. 0.
1. 0.003 0. -0.026 0.003 -1. -0. -0.057 0. 0. -1. 0.
1. -0.001 -0. 0.003 -0.001 -1. -0. 0.013 0. 0. -1. 0.
1. 0.000 0. -0.030 0.000 -1. -0. -0.031 0. 0. -1. 0.
1. 0.012 0. -0.001 0.012 -1. -0. 0.005 0. 0. -1. 0.
1. 0.003 0. 0.021 0.003 -1. -0. 0.021 0. 0. -1. 0.
1. 0.005 0. -0.023 0.005 -1. -0. -0.019 0. 0. -1. 0.
1. 0.012 0. -0.005 0.012 -1. -0. 0.008 0. 0. -1. 0.
1. 0.007 0. -0.000 0.007 -1. -0. -0.020 0. 0. -1. 0.
1. 0.010 0. -0.006 0.010 -1. -0. -0.022 0. 0. -1. 0.
1. 0.001 0. 0.004 0.001 -1. -0. 0.016 0. 0. -1. 0.
1. 0.000 0. -0.006 0.000 -1. -0. -0.018 0. 0. -1. 0.
1. 0.002 0. 0.003 0.002 -1. -0. -0.005 0. 0. -1. 0.
1. 0.002 0. 0.023 0.002 -1. -0. 0.042 0. 0. -1. 0.
1. 0.001 0. -0.020 0.001 -1. -0. -0.060 0. 0. -1. 0.
1. 0.003 0. -0.029 0.003 -1. -0. -0.042 0. 0. -1. 0.
1. 0.000 0. 0.014 0.000 -1. -0. 0.017 0. 0. -1. 0.
1. -0.000 -0. -0.004 -0.000 -1. -0. 0.017 0. 0. -1. 0.
1. 0.003 0. -0.015 0.003 -1. -0. -0.009 0. 0. -1. 0.
1. 0.006 0. -0.001 0.006 -1. -0. 0.027 0. 0. -1. 0.
1. 0.002 0. 0.020 0.002 -1. -0. 0.042 0. 0. -1. 0.
1. 0.000 0. -0.035 0.000 -1. -0. -0.090 0. 0. -1. 0.
1. 0.011 0. -0.005 0.011 -1. -0. 0.010 0. 0. -1. 0.
1. 0.011 0. 0.009 0.011 -1. -0. 0.039 0. 0. -1. 0.
1. 0.010 0. 0.010 0.010 -1. -0. 0.000 0. 0. -1. 0.
1. 0.002 0. 0.001 0.002 -1. -0. 0.005 0. 0. -1. 0.
1. 0.003 0. -0.024 0.003 -1. -0. -0.019 0. 0. -1. 0.
1. -0.002 -0. 0.004 -0.002 -1. -0. 0.012 0. 0. -1. 0.
1. -0.001 -0. -0.004 -0.001 -1. -0. 0.004 0. 0. -1. 0.
1. -0.000 -0. 0.000 -0.000 -1. -0. 0.002 0. 0. -1. 0.
1. 0.002 0. -0.016 0.002 -1. -0. -0.057 0. 0. -1. 0.
1. 0.011 0. -0.002 0.011 -1. -0. 0.018 0. 0. -1. 0.
1. 0.012 0. 0.008 0.012 -1. -0. 0.031 0. 0. -1. 0.
1. -0.001 -0. 0.006 -0.001 -1. -0. 0.005 0. 0. -1. 0.
1. -0.003 -0. -0.011 -0.003 -1. -0. -0.038 0. 0. -1. 0.
1. -0.000 -0. 0.029 -0.000 -1. -0. -0.016 0. 0. -1. 0.
1. -0. -0. 0.079 -0. -1. -0. -0.014 0. 0. -1. 0.
1. 0.002 0. 0.122 0.002 -1. -0. -0.004 0. 0. -1. 0.
1. 0.001 0. 0.183 0.001 -1. -0. 0.003 0. 0. -1. 0.
1. -0.001 -0. 0.246 -0.001 -1. -0. 0.019 0. 0. -1. 0.
1. -0.005 -0. 0.373 -0.005 -1. -0. -0.028 0. 0. -1. 0.
1.000 -0.026 -0. 0.553 -0.026 -1.000 -0. -0.037 0. 0. -1. 0.
0.999 -0.047 -0. 0.740 -0.047 -0.999 -0. -0.046 0. 0. -1. 0.
0.997 -0.084 -0. 1.142 -0.084 -0.997 -0. -0.102 0. 0. -1. 0.
0.991 -0.131 -0. 1.571 -0.131 -0.991 -0. -0.103 0. 0. -1. 0.
0.984 -0.179 -0. 2.069 -0.179 -0.984 -0. -0.218 0. 0. -1. 0.
0.975 -0.221 -0. 2.535 -0.221 -0.975 -0. -0.586 0. 0. -1. 0.
0.967 -0.254 -0. 3.202 -0.254 -0.967 -0. -0.656 0. 0. -1. 0.
0.963 -0.270 -0. 3.871 -0.270 -0.963 -0. -0.967 0. 0. -1. 0.
0.960 -0.281 -0. 4.579 -0.281 -0.960 -0. -1.135 0. 0. -1. 0.
0.963 -0.268 -0. 5.346 -0.268 -0.963 -0. -1.388 0. 0. -1. 0.
0.970 -0.242 -0. 6.269 -0.242 -0.970 -0. -1.548 0. 0. -1. 0.
0.975 -0.222 -0. 7.160 -0.222 -0.975 -0. -1.753 0. 0. -1. 0.
0.979 -0.203 -0. 8.048 -0.203 -0.979 -0. -1.860 0. 0. -1. 0.
0.982 -0.190 -0. 9.035 -0.190 -0.982 -0. -2.047 0. 0. -1. 0.
0.985 -0.173 -0. 9.994 -0.173 -0.985 -0. -2.182 0. 0. -1. 0.
0.988 -0.152 -0. 11.018 -0.152 -0.988 -0. -2.431 0. 0. -1. 0.
0.990 -0.140 -0. 12.094 -0.140 -0.990 -0. -2.532 0. 0. -1. 0.
0.992 -0.126 -0. 13.179 -0.126 -0.992 -0. -2.697 0. 0. -1. 0.
0.995 -0.105 -0. 14.322 -0.105 -0.995 -0. -2.896 0. 0. -1. 0.
0.995 -0.095 -0. 15.537 -0.095 -0.995 -0. -2.926 0. 0. -1. 0.
0.996 -0.086 -0. 16.761 -0.086 -0.996 -0. -3.086 0. 0. -1. 0.
0.997 -0.072 -0. 18.018 -0.072 -0.997 -0. -3.289 0. 0. -1. 0.
0.998 -0.064 -0. 19.374 -0.064 -0.998 -0. -3.290 0. 0. -1. 0.
0.998 -0.056 -0. 20.725 -0.056 -0.998 -0. -3.348 0. 0. -1. 0.
0.999 -0.047 -0. 22.105 -0.047 -0.999 -0. -3.438 0. 0. -1. 0.
0.999 -0.043 -0. 23.632 -0.043 -0.999 -0. -3.556 0. 0. -1. 0.
0.999 -0.044 -0. 25.204 -0.044 -0.999 -0. -3.682 0. 0. -1. 0.
0.999 -0.046 -0. 26.795 -0.046 -0.999 -0. -3.677 0. 0. -1. 0.
0.999 -0.045 -0. 28.388 -0.045 -0.999 -0. -3.849 0. 0. -1. 0.
0.999 -0.045 -0. 30.112 -0.045 -0.999 -0. -3.914 0. 0. -1. 0.
0.999 -0.043 -0. 31.747 -0.043 -0.999 -0. -4.104 0. 0. -1. 0.
0.999 -0.042 -0. 33.642 -0.042 -0.999 -0. -4.222 0. 0. -1. 0.
0.999 -0.048 -0. 35.215 -0.048 -0.999 -0. -4.323 0. 0. -1. 0.
0.999 -0.044 -0. 36.991 -0.044 -0.999 -0. -4.409 0. 0. -1. 0.
0.999 -0.032 -0. 38.704 -0.032 -0.999 -0. -4.554 0. 0. -1. 0.
1.000 -0.029 -0. 40.507 -0.029 -1.000 -0. -4.588 0. 0. -1. 0.
1.000 -0.020 -0. 42.281 -0.020 -1.000 -0. -4.581 0. 0. -1. 0.
1. -0.003 -0. 44.113 -0.003 -1. -0. -4.720 0. 0. -1. 0.
1. -0.001 -0. 46.009 -0.001 -1. -0. -4.671 0. 0. -1. 0.
1. 0.007 0. 47.894 0.007 -1. -0. -4.699 0. 0. -1. 0.
1.000 0.015 0. 49.853 0.015 -1.000 -0. -4.683 0. 0. -1. 0.
1. 0.004 0. 51.811 0.004 -1. -0. -4.668 0. 0. -1. 0.
1. 0.007 0. 53.722 0.007 -1. -0. -4.726 0. 0. -1. 0.
1. 0.006 0. 55.694 0.006 -1. -0. -4.788 0. 0. -1. 0.
1. 0.007 0. 57.688 0.007 -1. -0. -4.811 0. 0. -1. 0.
1. 0.004 0. 59.755 0.004 -1. -0. -4.781 0. 0. -1. 0.
1. 0.004 0. 61.740 0.004 -1. -0. -4.938 0. 0. -1. 0.
1. 0.002 0. 63.758 0.002 -1. -0. -4.931 0. 0. -1. 0.
1. -0.000 -0. 65.814 -0.000 -1. -0. -4.911 0. 0. -1. 0.
1. -0.004 -0. 67.812 -0.004 -1. -0. -4.895 0. 0. -1. 0.
1. -0.008 -0. 69.790 -0.008 -1. -0. -4.940 0. 0. -1. 0.
1. -0.003 -0. 71.826 -0.003 -1. -0. -4.953 0. 0. -1. 0.
1. -0.002 -0. 73.848 -0.002 -1. -0. -4.981 0. 0. -1. 0.
1.000 -0.018 -0. 75.786 -0.018 -1.000 -0. -4.952 0. 0. -1. 0.
1.000 -0.030 -0. 77.814 -0.030 -1.000 -0. -5.010 0. 0. -1. 0.
0.999 -0.051 -0. 79.831 -0.051 -0.999 -0. -5.170 0. 0. -1. 0.
0.997 -0.077 -0. 81.775 -0.077 -0.997 -0. -5.395 0. 0. -1. 0.
0.995 -0.102 -0. 83.697 -0.102 -0.995 -0. -5.655 0. 0. -1. 0.
0.990 -0.144 -0. 85.707 -0.144 -0.990 -0. -5.872 0. 0. -1. 0.
0.986 -0.169 -0. 87.512 -0.169 -0.986 -0. -6.255 0. 0. -1. 0.
0.977 -0.211 -0. 89.479 -0.211 -0.977 -0. -6.604 0. 0. -1. 0.
0.967 -0.255 -0. 91.279 -0.255 -0.967 -0. -7.102 0. 0. -1. 0.
0.953 -0.304 -0. 93.130 -0.304 -0.953 -0. -7.747 0. 0. -1. 0.
0.940 -0.342 -0. 94.798 -0.342 -0.940 -0. -8.388 0. 0. -1. 0.
0.921 -0.389 -0. 96.634 -0.389 -0.921 -0. -9.034 0. 0. -1. 0.
0.905 -0.425 -0. 98.290 -0.425 -0.905 -0. -9.841 0. 0. -1. 0.
0.880 -0.475 -0. 99.966 -0.475 -0.880 -0. -10.628 0. 0. -1. 0.
0.852 -0.523 -0. 101.531 -0.523 -0.852 -0. -11.669 0. 0. -1. 0.
0.818 -0.575 -0. 103.022 -0.575 -0.818 -0. -12.716 0. 0. -1. 0.
0.779 -0.627 -0. 104.465 -0.627 -0.779 -0. -13.892 0. 0. -1. 0.
0.729 -0.685 -0. 105.788 -0.685 -0.729 -0. -15.038 0. 0. -1. 0.
0.676 -0.737 -0. 106.928 -0.737 -0.676 -0. -16.470 0. 0. -1. 0.
0.609 -0.793 -0. 108.078 -0.793 -0.609 -0. -17.863 0. 0. -1. 0.
0.548 -0.837 -0. 109.047 -0.837 -0.548 -0. -19.389 0. 0. -1. 0.
0.495 -0.869 -0. 109.696 -0.869 -0.495 -0. -21.046 0. 0. -1. 0.
0.451 -0.893 -0. 110.495 -0.893 -0.451 -0. -22.732 0. 0. -1. 0.
0.417 -0.909 -0. 111.445 -0.909 -0.417 -0. -24.384 0. 0. -1. 0.
0.396 -0.918 -0. 112.114 -0.918 -0.396 -0. -26.103 0. 0. -1. 0.
0.378 -0.926 -0. 112.797 -0.926 -0.378 -0. -27.925 0. 0. -1. 0.
0.377 -0.926 -0. 113.619 -0.926 -0.377 -0. -29.765 0. 0. -1. 0.
0.375 -0.927 -0. 114.283 -0.927 -0.375 -0. -31.650 0. 0. -1. 0.
0.374 -0.928 -0. 115.033 -0.928 -0.374 -0. -33.636 0. 0. -1. 0.
0.369 -0.929 -0. 115.861 -0.929 -0.369 -0. -35.596 0. 0. -1. 0.
0.378 -0.926 -0. 116.577 -0.926 -0.378 -0. -37.580 0. 0. -1. 0.
0.386 -0.922 -0. 117.300 -0.922 -0.386 -0. -39.576 0. 0. -1. 0.
0.399 -0.917 -0. 118.229 -0.917 -0.399 -0. -41.583 0. 0. -1. 0.
0.414 -0.910 -0. 119.047 -0.910 -0.414 -0. -43.544 0. 0. -1. 0.
0.430 -0.903 -0. 119.958 -0.903 -0.430 -0. -45.473 0. 0. -1. 0.
0.449 -0.893 -0. 120.786 -0.893 -0.449 -0. -47.366 0. 0. -1. 0.
0.461 -0.887 -0. 121.791 -0.887 -0.461 -0. -49.280 0. 0. -1. 0.
0.482 -0.876 -0. 122.654 -0.876 -0.482 -0. -51.064 0. 0. -1. 0.
0.500 -0.866 -0. 123.710 -0.866 -0.500 -0. -52.898 0. 0. -1. 0.
0.513 -0.858 -0. 124.677 -0.858 -0.513 -0. -54.699 0. 0. -1. 0.
0.526 -0.851 -0. 125.778 -0.851 -0.526 -0. -56.389 0. 0. -1. 0.
0.543 -0.840 -0. 126.861 -0.840 -0.543 -0. -58.091 0. 0. -1. 0.
0.556 -0.831 -0. 127.866 -0.831 -0.556 -0. -59.718 0. 0. -1. 0.
0.568 -0.823 -0. 129.072 -0.823 -0.568 -0. -61.533 0. 0. -1. 0.
0.579 -0.816 -0. 130.108 -0.816 -0.579 -0. -62.983 0. 0. -1. 0.
0.601 -0.799 -0. 131.154 -0.799 -0.601 -0. -64.449 0. 0. -1. 0.
0.618 -0.786 -0. 132.285 -0.786 -0.618 -0. -65.865 0. 0. -1. 0.
0.649 -0.761 -0. 133.380 -0.761 -0.649 -0. -67.201 0. 0. -1. 0.
0.670 -0.743 -0. 134.502 -0.743 -0.670 -0. -68.374 0. 0. -1. 0.
0.705 -0.710 -0. 135.552 -0.710 -0.705 -0. -69.443 0. 0. -1. 0.
0.750 -0.661 -0. 136.633 -0.661 -0.750 -0. -70.336 0. 0. -1. 0.
0.807 -0.590 -0. 137.767 -0.590 -0.807 -0. -71.311 0. 0. -1. 0.
0.857 -0.515 -0. 138.837 -0.515 -0.857 -0. -71.874 0. 0. -1. 0.
0.910 -0.414 -0. 139.946 -0.414 -0.910 -0. -72.483 0. 0. -1. 0.
0.953 -0.303 -0. 140.936 -0.303 -0.953 -0. -72.749 0. 0. -1. 0.
0.986 -0.168 -0. 141.847 -0.168 -0.986 -0. -72.994 0. 0. -1. 0.
1. -0.012 -0. 142.780 -0.012 -1. -0. -72.938 0. 0. -1. 0.
0.987 0.160 0. 143.679 0.160 -0.987 -0. -72.773 0. 0. -1. 0.
0.942 0.337 0. 144.546 0.337 -0.942 -0. -72.404 0. 0. -1. 0.
0.857 0.515 0. 145.142 0.515 -0.857 -0. -71.916 0. 0. -1. 0.
0.744 0.668 0. 145.741 0.668 -0.744 -0. -71.289 0. 0. -1. 0.
0.606 0.795 0. 146.243 0.795 -0.606 -0. -70.511 0. 0. -1. 0.
0.455 0.891 0. 146.548 0.891 -0.455 -0. -69.736 0. 0. -1. 0.
0.282 0.960 0. 146.711 0.960 -0.282 -0. -68.922 0. 0. -1. 0.
0.094 0.996 0. 146.759 0.996 -0.094 -0. -68.108 0. 0. -1. 0.
-0.096 0.995 0. 146.653 0.995 0.096 0. -67.252 0. 0. -1. 0.
-0.293 0.956 0. 146.339 0.956 0.293 0. -66.436 0. 0. -1. 0.
-0.482 0.876 0. 145.848 0.876 0.482 0. -65.575 0. 0. -1. 0.
-0.648 0.761 0. 145.163 0.761 0.648 0. -64.783 0. 0. -1. 0.
-0.768 0.640 0. 144.317 0.640 0.768 0. -64.211 0. 0. -1. 0.
-0.846 0.533 0. 143.358 0.533 0.846 0. -63.647 0. 0. -1. 0.
-0.893 0.449 0. 142.178 0.449 0.893 0. -62.988 0. 0. -1. 0.
-0.916 0.402 0. 140.993 0.402 0.916 0. -62.613 0. 0. -1. 0.
-0.927 0.376 0. 139.810 0.376 0.927 0. -62.167 0. 0. -1. 0.
-0.927 0.376 0. 138.467 0.376 0.927 0. -61.722 0. 0. -1. 0.
-0.918 0.397 0. 137.198 0.397 0.918 0. -61.062 0. 0. -1. 0.
-0.904 0.427 0. 135.866 0.427 0.904 0. -60.544 0. 0. -1. 0.
-0.881 0.473 0. 134.518 0.473 0.881 0. -59.770 0. 0. -1. 0.
-0.853 0.521 0. 133.161 0.521 0.853 0. -58.940 0. 0. -1. 0.
-0.820 0.573 0. 131.819 0.573 0.820 0. -57.860 0. 0. -1. 0.
-0.783 0.622 0. 130.460 0.622 0.783 0. -56.823 0. 0. -1. 0.
-0.749 0.663 0. 129.131 0.663 0.749 0. -55.660 0. 0. -1. 0.
-0.712 0.702 0. 127.779 0.702 0.712 0. -54.327 0. 0. -1. 0.
-0.680 0.733 0. 126.554 0.733 0.680 0. -52.878 0. 0. -1. 0.
-0.639 0.769 0. 125.324 0.769 0.639 0. -51.361 0. 0. -1. 0.
-0.597 0.802 0. 124.126 0.802 0.597 0. -49.840 0. 0. -1. 0.
-0.553 0.833 0. 123.037 0.833 0.553 0. -48.131 0. 0. -1. 0.
-0.506 0.862 0. 122.008 0.862 0.506 0. -46.463 0. 0. -1. 0.
-0.469 0.883 0. 121.083 0.883 0.469 0. -44.663 0. 0. -1. 0.
-0.438 0.899 0. 120.093 0.899 0.438 0. -42.726 0. 0. -1. 0.
-0.413 0.911 0. 119.390 0.911 0.413 0. -40.818 0. 0. -1. 0.
-0.394 0.919 0. 118.538 0.919 0.394 0. -38.787 0. 0. -1. 0.
-0.376 0.927 0. 117.919 0.927 0.376 0. -36.802 0. 0. -1. 0.
-0.358 0.934 0. 117.160 0.934 0.358 0. -34.833 0. 0. -1. 0.
-0.344 0.939 0. 116.399 0.939 0.344 0. -32.831 0. 0. -1. 0.
-0.340 0.940 0. 115.663 0.940 0.340 0. -30.853 0. 0. -1. 0.
-0.339 0.941 0. 114.960 0.941 0.339 0. -28.835 0. 0. -1. 0.
-0.348 0.937 0. 114.278 0.937 0.348 0. -26.853 0. 0. -1. 0.
-0.375 0.927 0. 113.679 0.927 0.375 0. -24.842 0. 0. -1. 0.
-0.405 0.914 0. 112.770 0.914 0.405 0. -22.996 0. 0. -1. 0.
-0.452 0.892 0. 112.027 0.892 0.452 0. -21.077 0. 0. -1. 0.
-0.497 0.868 0. 111.161 0.868 0.497 0. -19.242 0. 0. -1. 0.
-0.548 0.836 0. 109.899 0.836 0.548 0. -17.635 0. 0. -1. 0.
-0.606 0.795 0. 108.985 0.795 0.606 0. -15.984 0. 0. -1. 0.
-0.668 0.744 0. 107.626 0.744 0.668 0. -14.447 0. 0. -1. 0.
-0.722 0.692 0. 106.172 0.692 0.722 0. -13.056 0. 0. -1. 0.
-0.775 0.632 0. 104.900 0.632 0.775 0. -11.690 0. 0. -1. 0.
-0.815 0.580 0. 103.221 0.580 0.815 0. -10.603 0. 0. -1. 0.
-0.858 0.514 0. 101.777 0.514 0.858 0. -9.498 0. 0. -1. 0.
-0.891 0.454 0. 99.972 0.454 0.891 0. -8.716 0. 0. -1. 0.
-0.922 0.388 0. 98.162 0.388 0.922 0. -7.740 0. 0. -1. 0.
-0.943 0.333 0. 96.292 0.333 0.943 0. -7.137 0. 0. -1. 0.
-0.962 0.273 0. 94.296 0.273 0.962 0. -6.530 0. 0. -1. 0.
-0.977 0.215 0. 92.352 0.215 0.977 0. -6.034 0. 0. -1. 0.
-0.985 0.171 0. 90.249 0.171 0.985 0. -5.597 0. 0. -1. 0.
-0.991 0.133 0. 88.124 0.133 0.991 0. -5.268 0. 0. -1. 0.
-0.995 0.096 0. 85.965 0.096 0.995 0. -5.127 0. 0. -1. 0.
-0.997 0.071 0. 83.696 0.071 0.997 0. -4.818 0. 0. -1. 0.
-0.999 0.053 0. 81.355 0.053 0.999 0. -4.659 0. 0. -1. 0.
-0.999 0.035 0. 79.025 0.035 0.999 0. -4.519 0. 0. -1. 0.
-1.000 0.025 0. 76.724 0.025 1.000 0. -4.506 0. 0. -1. 0.
-1.000 0.023 0. 74.288 0.023 1.000 0. -4.331 0. 0. -1. 0.
-1.000 0.021 0. 71.870 0.021 1.000 0. -4.247 0. 0. -1. 0.
-1. 0.013 0. 69.437 0.013 1. 0. -4.203 0. 0. -1. 0.
-1. 0.006 0. 67.110 0.006 1. 0. -4.051 0. 0. -1. 0.
-1. 0.014 0. 64.801 0.014 1. 0. -4.080 0. 0. -1. 0.
-1. 0.005 0. 62.415 0.005 1. 0. -4.027 0. 0. -1. 0.
-1. -0.003 -0. 60.171 -0.003 1. 0. -3.945 0. 0. -1. 0.
-1. -0.010 -0. 57.763 -0.010 1. 0. -3.830 0. 0. -1. 0.
-1.000 -0.027 -0. 55.538 -0.027 1.000 0. -3.926 0. 0. -1. 0.
-0.999 -0.038 -0. 53.308 -0.038 0.999 0. -3.943 0. 0. -1. 0.
-0.999 -0.043 -0. 51.048 -0.043 0.999 0. -4.057 0. 0. -1. 0.
-0.999 -0.043 -0. 48.916 -0.043 0.999 0. -4.014 0. 0. -1. 0.
-0.999 -0.033 -0. 46.680 -0.033 0.999 0. -4.150 0. 0. -1. 0.
-1.000 -0.017 -0. 44.560 -0.017 1.000 0. -4.183 0. 0. -1. 0.
-1.000 0.017 0. 42.371 0.017 1.000 0. -4.157 0. 0. -1. 0.
-0.999 0.038 0. 40.293 0.038 0.999 0. -4.048 0. 0. -1. 0.
-0.998 0.065 0. 38.251 0.065 0.998 0. -3.730 0. 0. -1. 0.
-0.996 0.089 0. 36.077 0.089 0.996 0. -3.601 0. 0. -1. 0.
-0.995 0.103 0. 34.084 0.103 0.995 0. -3.254 0. 0. -1. 0.
-0.993 0.120 0. 31.990 0.120 0.993 0. -2.986 0. 0. -1. 0.
-0.993 0.117 0. 29.974 0.117 0.993 0. -2.683 0. 0. -1. 0.
-0.993 0.117 0. 27.902 0.117 0.993 0. -2.510 0. 0. -1. 0.
-0.993 0.119 0. 25.842 0.119 0.993 0. -2.154 0. 0. -1. 0.
-0.993 0.116 0. 23.816 0.116 0.993 0. -1.843 0. 0. -1. 0.
-0.993 0.119 0. 21.713 0.119 0.993 0. -1.541 0. 0. -1. 0.
-0.993 0.117 0. 19.724 0.117 0.993 0. -1.280 0. 0. -1. 0.
-0.993 0.114 0. 17.665 0.114 0.993 0. -1.031 0. 0. -1. 0.
-0.993 0.116 0. 15.652 0.116 0.993 0. -0.893 0. 0. -1. 0.
-0.994 0.111 0. 13.501 0.111 0.994 0. -0.513 0. 0. -1. 0.
-0.993 0.116 0. 11.518 0.116 0.993 0. -0.285 0. 0. -1. 0.
-0.995 0.099 0. 9.395 0.099 0.995 0. -0.083 0. 0. -1. 0.
-0.995 0.099 0. 7.360 0.099 0.995 0. 0.152 0. 0. -1. 0.
-0.995 0.101 0. 5.263 0.101 0.995 0. 0.411 0. 0. -1. 0.
-0.996 0.088 0. 3.268 0.088 0.996 0. 0.690 0. 0. -1. 0.
-0.996 0.090 0. 1.175 0.090 0.996 0. 0.743 0. 0. -1. 0.
-0.997 0.080 0. -0.867 0.080 0.997 0. 1.035 0. 0. -1. 0.
-0.997 0.076 0. -2.996 0.076 0.997 0. 1.189 0. 0. -1. 0.
-0.996 0.084 0. -5.096 0.084 0.996 0. 1.436 0. 0. -1. 0.
-0.997 0.080 0. -7.311 0.080 0.997 0. 1.709 0. 0. -1. 0.
-0.997 0.076 0. -9.538 0.076 0.997 0. 1.937 0. 0. -1. 0.
-0.998 0.067 0. -11.803 0.067 0.998 0. 2.098 0. 0. -1. 0.
-0.998 0.068 0. -14.181 0.068 0.998 0. 2.150 0. 0. -1. 0.
-0.998 0.068 0. -16.349 0.068 0.998 0. 2.427 0. 0. -1. 0.
-0.998 0.062 0. -18.764 0.062 0.998 0. 2.693 0. 0. -1. 0.
-0.997 0.073 0. -21.075 0.073 0.997 0. 2.780 0. 0. -1. 0.
-0.998 0.065 0. -23.295 0.065 0.998 0. 2.978 0. 0. -1. 0.
-0.998 0.062 0. -25.685 0.062 0.998 0. 3.110 0. 0. -1. 0.
-0.998 0.056 0. -28.078 0.056 0.998 0. 3.283 0. 0. -1. 0.
-0.999 0.051 0. -30.274 0.051 0.999 0. 3.364 0. 0. -1. 0.
-0.999 0.050 0. -32.677 0.050 0.999 0. 3.469 0. 0. -1. 0.
-0.999 0.046 0. -34.925 0.046 0.999 0. 3.652 0. 0. -1. 0.
-0.999 0.041 0. -37.198 0.041 0.999 0. 3.961 0. 0. -1. 0.
-0.999 0.034 0. -39.432 0.034 0.999 0. 3.935 0. 0. -1. 0.
-0.999 0.039 0. -41.658 0.039 0.999 0. 4.028 0. 0. -1. 0.
-1.000 0.030 0. -43.771 0.030 1.000 0. 4.122 0. 0. -1. 0.
-1.000 0.030 0. -45.950 0.030 1.000 0. 4.216 0. 0. -1. 0.
-1.000 0.024 0. -47.996 0.024 1.000 0. 4.342 0. 0. -1. 0.
-1.000 0.027 0. -49.917 0.027 1.000 0. 4.493 0. 0. -1. 0.
-0.999 0.036 0. -51.839 0.036 0.999 0. 4.479 0. 0. -1. 0.
-0.999 0.035 0. -53.682 0.035 0.999 0. 4.692 0. 0. -1. 0.
-0.999 0.049 0. -55.423 0.049 0.999 0. 4.839 0. 0. -1. 0.
-0.997 0.072 0. -57.109 0.072 0.997 0. 4.817 0. 0. -1. 0.
-0.995 0.100 0. -58.591 0.100 0.995 0. 5.011 0. 0. -1. 0.
-0.992 0.123 0. -60.039 0.123 0.992 0. 5.202 0. 0. -1. 0.
-0.986 0.165 0. -61.400 0.165 0.986 0. 5.584 0. 0. -1. 0.
-0.977 0.215 0. -62.665 0.215 0.977 0. 5.841 0. 0. -1. 0.
-0.959 0.283 0. -63.822 0.283 0.959 0. 6.233 0. 0. -1. 0.
-0.935 0.355 0. -64.817 0.355 0.935 0. 6.582 0. 0. -1. 0.
-0.902 0.433 0. -65.868 0.433 0.902 0. 7.238 0. 0. -1. 0.
-0.848 0.531 0. -66.824 0.531 0.848 0. 7.965 0. 0. -1. 0.
-0.779 0.627 0. -67.547 0.627 0.779 0. 8.641 0. 0. -1. 0.
-0.709 0.705 0. -68.257 0.705 0.709 0. 9.474 0. 0. -1. 0.
-0.630 0.777 0. -68.875 0.777 0.630 0. 10.371 0. 0. -1. 0.
-0.537 0.844 0. -69.451 0.844 0.537 0. 11.246 0. 0. -1. 0.
-0.439 0.898 0. -69.956 0.898 0.439 0. 12.208 0. 0. -1. 0.
-0.348 0.938 0. -70.229 0.938 0.348 0. 13.267 0. 0. -1. 0.
-0.256 0.967 0. -70.561 0.967 0.256 0. 14.446 0. 0. -1. 0.
-0.165 0.986 0. -70.801 0.986 0.165 0. 15.512 0. 0. -1. 0.
-0.109 0.994 0. -70.784 0.994 0.109 0. 16.831 0. 0. -1. 0.
-0.076 0.997 0. -70.993 0.997 0.076 0. 18.158 0. 0. -1. 0.
-0.048 0.999 0. -70.979 0.999 0.048 0. 19.595 0. 0. -1. 0.
-0.038 0.999 0. -70.980 0.999 0.038 0. 21.051 0. 0. -1. 0.
-0.023 1.000 0. -70.965 1.000 0.023 0. 22.546 0. 0. -1. 0.
-0.014 1. 0. -70.997 1. 0.014 0. 24.145 0. 0. -1. 0.
0.003 1. 0. -71.056 1. -0.003 -0. 25.771 0. 0. -1. 0.
0.010 1. 0. -71.020 1. -0.010 -0. 27.448 0. 0. -1. 0.
0.019 1.000 0. -70.851 1.000 -0.019 -0. 29.234 0. 0. -1. 0.
0.037 0.999 0. -70.678 0.999 -0.037 -0. 31.005 0. 0. -1. 0.
0.055 0.998 0. -70.602 0.998 -0.055 -0. 32.752 0. 0. -1. 0.
0.072 0.997 0. -70.486 0.997 -0.072 -0. 34.525 0. 0. -1. 0.
0.090 0.996 0. -70.198 0.996 -0.090 -0. 36.303 0. 0. -1. 0.
0.121 0.993 0. -70.061 0.993 -0.121 -0. 38.122 0. 0. -1. 0.
0.157 0.988 0. -69.735 0.988 -0.157 -0. 39.789 0. 0. -1. 0.
0.196 0.981 0. -69.391 0.981 -0.196 -0. 41.599 0. 0. -1. 0.
0.211 0.977 0. -69.003 0.977 -0.211 -0. 43.248 0. 0. -1. 0.
0.223 0.975 0. -68.438 0.975 -0.223 -0. 44.948 0. 0. -1. 0.
0.221 0.975 0. -68.029 0.975 -0.221 -0. 46.665 0. 0. -1. 0.
0.209 0.978 0. -67.627 0.978 -0.209 -0. 48.395 0. 0. -1. 0.
0.174 0.985 0. -67.248 0.985 -0.174 -0. 50.298 0. 0. -1. 0.
0.148 0.989 0. -67.040 0.989 -0.148 -0. 52.088 0. 0. -1. 0.
0.124 0.992 0. -66.732 0.992 -0.124 -0. 53.917 0. 0. -1. 0.
0.084 0.996 0. -66.526 0.996 -0.084 -0. 55.916 0. 0. -1. 0.
0.060 0.998 0. -66.359 0.998 -0.060 -0. 57.921 0. 0. -1. 0.
0.043 0.999 0. -66.282 0.999 -0.043 -0. 60.017 0. 0. -1. 0.
0.037 0.999 0. -66.176 0.999 -0.037 -0. 62.017 0. 0. -1. 0.
0.030 1.000 0. -66.114 1.000 -0.030 -0. 64.079 0. 0. -1. 0.
0.028 1.000 0. -65.961 1.000 -0.028 -0. 66.116 0. 0. -1. 0.
0.029 1.000 0. -65.963 1.000 -0.029 -0. 68.182 0. 0. -1. 0.
0.033 0.999 0. -65.841 0.999 -0.033 -0. 70.197 0. 0. -1. 0.
0.037 0.999 0. -65.701 0.999 -0.037 -0. 72.202 0. 0. -1. 0.
0.028 1.000 0. -65.546 1.000 -0.028 -0. 74.201 0. 0. -1. 0.
0.025 1.000 0. -65.481 1.000 -0.025 -0. 76.196 0. 0. -1. 0.
0.038 0.999 0. -65.408 0.999 -0.038 -0. 78.015 0. 0. -1. 0.
0.028 1.000 0. -65.330 1.000 -0.028 -0. 79.722 0. 0. -1. 0.
0.011 1. 0. -65.176 1. -0.011 -0. 81.600 0. 0. -1. 0.
-0.012 1. 0. -65.261 1. 0.012 0. 83.214 0. 0. -1. 0.
-0.034 0.999 0. -65.303 0.999 0.034 0. 84.851 0. 0. -1. 0.
-0.066 0.998 0. -65.337 0.998 0.066 0. 86.427 0. 0. -1. 0.
-0.120 0.993 0. -65.524 0.993 0.120 0. 87.811 0. 0. -1. 0.
-0.187 0.982 0. -65.652 0.982 0.187 0. 89.316 0. 0. -1. 0.
-0.261 0.965 0. -66.073 0.965 0.261 0. 90.768 0. 0. -1. 0.
-0.345 0.939 0. -66.475 0.939 0.345 0. 92.023 0. 0. -1. 0.
-0.434 0.901 0. -67.063 0.901 0.434 0. 93.284 0. 0. -1. 0.
-0.513 0.858 0. -67.635 0.858 0.513 0. 94.554 0. 0. -1. 0.
-0.595 0.803 0. -68.432 0.803 0.595 0. 95.697 0. 0. -1. 0.
-0.666 0.746 0. -69.341 0.746 0.666 0. 96.651 0. 0. -1. 0.
-0.742 0.670 0. -70.339 0.670 0.742 0. 97.581 0. 0. -1. 0.
-0.801 0.599 0. -71.484 0.599 0.801 0. 98.537 0. 0. -1. 0.
-0.860 0.510 0. -72.725 0.510 0.860 0. 99.207 0. 0. -1. 0.
-0.906 0.423 0. -74.138 0.423 0.906 0. 99.938 0. 0. -1. 0.
-0.940 0.342 0. -75.594 0.342 0.940 0. 100.492 0. 0. -1. 0.
-0.963 0.269 0. -77.191 0.269 0.963 0. 100.912 0. 0. -1. 0.
-0.975 0.221 0. -78.708 0.221 0.975 0. 101.175 0. 0. -1. 0.
-0.982 0.188 0. -80.183 0.188 0.982 0. 101.653 0. 0. -1. 0.
-0.984 0.176 0. -81.870 0.176 0.984 0. 101.826 0. 0. -1. 0.
-0.979 0.204 0. -83.374 0.204 0.979 0. 102.156 0. 0. -1. 0.
-0.968 0.250 0. -84.997 0.250 0.968 0. 102.510 0. 0. -1. 0.
-0.956 0.294 0. -86.526 0.294 0.956 0. 103.078 0. 0. -1. 0.
-0.943 0.332 0. -88.119 0.332 0.943 0. 103.662 0. 0. -1. 0.
-0.928 0.374 0. -89.703 0.374 0.928 0. 104.289 0. 0. -1. 0.
-0.905 0.424 0. -91.268 0.424 0.905 0. 105.046 0. 0. -1. 0.
-0.879 0.477 0. -92.803 0.477 0.879 0. 105.943 0. 0. -1. 0.
-0.851 0.525 0. -94.314 0.525 0.851 0. 106.913 0. 0. -1. 0.
-0.815 0.580 0. -95.809 0.580 0.815 0. 107.988 0. 0. -1. 0.
-0.780 0.625 0. -97.226 0.625 0.780 0. 109.239 0. 0. -1. 0.
-0.747 0.665 0. -98.586 0.665 0.747 0. 110.423 0. 0. -1. 0.
-0.718 0.696 0. -100.041 0.696 0.718 0. 111.683 0. 0. -1. 0.
-0.697 0.717 0. -101.362 0.717 0.697 0. 113.012 0. 0. -1. 0.
-0.688 0.725 0. -102.687 0.725 0.688 0. 114.457 0. 0. -1. 0.
-0.689 0.725 0. -104.003 0.725 0.689 0. 115.989 0. 0. -1. 0.
-0.689 0.725 0. -105.380 0.725 0.689 0. 117.543 0. 0. -1. 0.
-0.684 0.729 0. -106.915 0.729 0.684 0. 118.963 0. 0. -1. 0.
-0.687 0.727 0. -108.315 0.727 0.687 0. 120.570 0. 0. -1. 0.
-0.690 0.724 0. -109.758 0.724 0.690 0. 122.369 0. 0. -1. 0.
-0.692 0.722 0. -111.155 0.722 0.692 0. 124.123 0. 0. -1. 0.
-0.688 0.726 0. -112.897 0.726 0.688 0. 125.584 0. 0. -1. 0.
-0.695 0.719 0. -114.448 0.719 0.695 0. 127.299 0. 0. -1. 0.
-0.696 0.718 0. -116.112 0.718 0.696 0. 129.061 0. 0. -1. 0.
-0.695 0.719 0. -117.705 0.719 0.695 0. 130.878 0. 0. -1. 0.
-0.695 0.719 0. -119.314 0.719 0.695 0. 132.663 0. 0. -1. 0.
-0.694 0.720 0. -120.954 0.720 0.694 0. 134.470 0. 0. -1. 0.
-0.695 0.719 0. -122.734 0.719 0.695 0. 136.344 0. 0. -1. 0.
-0.693 0.721 0. -124.386 0.721 0.693 0. 138.284 0. 0. -1. 0.
-0.686 0.727 0. -126.222 0.727 0.686 0. 140.120 0. 0. -1. 0.
-0.690 0.724 0. -127.961 0.724 0.690 0. 142.069 0. 0. -1. 0.
-0.684 0.729 0. -129.669 0.729 0.684 0. 144.031 0. 0. -1. 0.
-0.687 0.727 0. -131.366 0.727 0.687 0. 146.004 0. 0. -1. 0.
-0.682 0.732 0. -133.130 0.732 0.682 0. 147.976 0. 0. -1. 0.
-0.675 0.738 0. -134.853 0.738 0.675 0. 149.984 0. 0. -1. 0.
-0.678 0.735 0. -136.680 0.735 0.678 0. 151.945 0. 0. -1. 0.
-0.661 0.750 0. -138.310 0.750 0.661 0. 153.896 0. 0. -1. 0.
-0.653 0.757 0. -140.047 0.757 0.653 0. 155.848 0. 0. -1. 0.
-0.642 0.767 0. -141.696 0.767 0.642 0. 157.943 0. 0. -1. 0.
-0.626 0.779 0. -143.205 0.779 0.626 0. 159.988 0. 0. -1. 0.
-0.606 0.795 0. -144.722 0.795 0.606 0. 161.997 0. 0. -1. 0.
-0.583 0.812 0. -146.186 0.812 0.583 0. 164.104 0. 0. -1. 0.
-0.563 0.826 0. -147.510 0.826 0.563 0. 166.248 0. 0. -1. 0.
-0.530 0.848 0. -148.841 0.848 0.530 0. 168.338 0. 0. -1. 0.
-0.501 0.866 0. -150.017 0.866 0.501 0. 170.510 0. 0. -1. 0.
-0.462 0.887 0. -151.165 0.887 0.462 0. 172.658 0. 0. -1. 0.
-0.421 0.907 0. -152.195 0.907 0.421 0. 174.942 0. 0. -1. 0.
-0.374 0.927 0. -153.024 0.927 0.374 0. 177.170 0. 0. -1. 0.
-0.323 0.947 0. -153.801 0.947 0.323 0. 179.542 0. 0. -1. 0.
-0.278 0.961 0. -154.595 0.961 0.278 0. 181.863 0. 0. -1. 0.
-0.238 0.971 0. -155.106 0.971 0.238 0. 184.307 0. 0. -1. 0.
-0.199 0.980 0. -155.613 0.980 0.199 0. 186.719 0. 0. -1. 0.
-0.175 0.985 0. -155.914 0.985 0.175 0. 189.217 0. 0. -1. 0.
-0.145 0.989 0. -156.632 0.989 0.145 0. 191.622 0. 0. -1. 0.
-0.130 0.992 0. -156.675 0.992 0.130 0. 194.184 0. 0. -1. 0.
-0.119 0.993 0. -156.966 0.993 0.119 0. 196.739 0. 0. -1. 0.
-0.103 0.995 0. -157.358 0.995 0.103 0. 199.258 0. 0. -1. 0.
-0.100 0.995 0. -157.439 0.995 0.100 0. 201.813 0. 0. -1. 0.
-0.096 0.995 0. -157.620 0.995 0.096 0. 204.376 0. 0. -1. 0.
-0.092 0.996 0. -157.704 0.996 0.092 0. 206.902 0. 0. -1. 0.
-0.082 0.997 0. -157.967 0.997 0.082 0. 209.450 0. 0. -1. 0.
-0.086 0.996 0. -158.206 0.996 0.086 0. 211.879 0. 0. -1. 0.
-0.094 0.996 0. -158.353 0.996 0.094 0. 214.377 0. 0. -1. 0.
-0.115 0.993 0. -158.583 0.993 0.115 0. 216.780 0. 0. -1. 0.
-0.153 0.988 0. -158.800 0.988 0.153 0. 219.072 0. 0. -1. 0.
-0.188 0.982 0. -159.329 0.982 0.188 0. 221.506 0. 0. -1. 0.
-0.236 0.972 0. -159.680 0.972 0.236 0. 223.787 0. 0. -1. 0.
-0.286 0.958 0. -160.262 0.958 0.286 0. 226.061 0. 0. -1. 0.
-0.339 0.941 0. -161.139 0.941 0.339 0. 228.022 0. 0. -1. 0.
-0.399 0.917 0. -161.920 0.917 0.399 0. 230.172 0. 0. -1. 0.
-0.459 0.889 0. -162.957 0.889 0.459 0. 232.068 0. 0. -1. 0.
-0.523 0.852 0. -163.922 0.852 0.523 0. 234.045 0. 0. -1. 0.
-0.591 0.806 0. -165.182 0.806 0.591 0. 235.857 0. 0. -1. 0.
-0.658 0.753 0. -166.542 0.753 0.658 0. 237.481 0. 0. -1. 0.
-0.722 0.692 0. -168.186 0.692 0.722 0. 239.012 0. 0. -1. 0.
-0.783 0.622 0. -169.778 0.622 0.783 0. 240.485 0. 0. -1. 0.
-0.832 0.555 0. -171.571 0.555 0.832 0. 241.713 0. 0. -1. 0.
-0.875 0.485 0. -173.468 0.485 0.875 0. 242.779 0. 0. -1. 0.
-0.912 0.410 0. -175.460 0.410 0.912 0. 243.857 0. 0. -1. 0.
-0.935 0.355 0. -177.713 0.355 0.935 0. 244.653 0. 0. -1. 0.
-0.947 0.322 0. -179.759 0.322 0.947 0. 245.424 0. 0. -1. 0.
-0.950 0.311 0. -181.956 0.311 0.950 0. 246.180 0. 0. -1. 0.
-0.953 0.304 0. -184.064 0.304 0.953 0. 247.037 0. 0. -1. 0.
-0.955 0.297 0. -186.358 0.297 0.955 0. 247.703 0. 0. -1. 0.
-0.955 0.298 0. -188.524 0.298 0.955 0. 248.476 0. 0. -1. 0.
-0.956 0.293 0. -190.800 0.293 0.956 0. 249.221 0. 0. -1. 0.
-0.960 0.281 0. -193.090 0.281 0.960 0. 249.867 0. 0. -1. 0.
-0.962 0.274 0. -195.494 0.274 0.962 0. 250.433 0. 0. -1. 0.
-0.960 0.281 0. -197.641 0.281 0.960 0. 251.169 0. 0. -1. 0.
-0.960 0.282 0. -199.807 0.282 0.960 0. 251.890 0. 0. -1. 0.
-0.959 0.283 0. -202.063 0.283 0.959 0. 252.640 0. 0. -1. 0.
-0.957 0.290 0. -204.229 0.290 0.957 0. 253.282 0. 0. -1. 0.
-0.954 0.299 0. -206.342 0.299 0.954 0. 253.969 0. 0. -1. 0.
-0.951 0.310 0. -208.482 0.310 0.951 0. 254.678 0. 0. -1. 0.
-0.951 0.308 0. -210.643 0.308 0.951 0. 255.358 0. 0. -1. 0.
-0.952 0.307 0. -212.755 0.307 0.952 0. 256.076 0. 0. -1. 0.
-0.952 0.306 0. -214.815 0.306 0.952 0. 256.763 0. 0. -1. 0.
-0.952 0.306 0. -216.860 0.306 0.952 0. 257.473 0. 0. -1. 0.
-0.951 0.310 0. -218.892 0.310 0.951 0. 258.218 0. 0. -1. 0.
-0.948 0.318 0. -220.725 0.318 0.948 0. 258.844 0. 0. -1. 0.
-0.946 0.323 0. -222.581 0.323 0.946 0. 259.461 0. 0. -1. 0.
-0.943 0.332 0. -224.378 0.332 0.943 0. 260.093 0. 0. -1. 0.
-0.939 0.343 0. -226.080 0.343 0.939 0. 260.716 0. 0. -1. 0.
-0.930 0.367 0. -227.664 0.367 0.930 0. 261.316 0. 0. -1. 0.
-0.917 0.399 0. -228.944 0.399 0.917 0. 261.973 0. 0. -1. 0.
-0.896 0.445 0. -230.146 0.445 0.896 0. 262.618 0. 0. -1. 0.
-0.871 0.492 0. -231.166 0.492 0.871 0. 263.320 0. 0. -1. 0.
-0.840 0.543 0. -232.152 0.543 0.840 0. 263.923 0. 0. -1. 0.
-0.809 0.588 0. -232.761 0.588 0.809 0. 264.382 0. 0. -1. 0.
-0.779 0.627 0. -233.364 0.627 0.779 0. 264.946 0. 0. -1. 0.
-0.744 0.669 0. -233.768 0.669 0.744 0. 265.329 0. 0. -1. 0.
-0.718 0.696 0. -234.088 0.696 0.718 0. 265.700 0. 0. -1. 0.
-0.696 0.718 0. -234.361 0.718 0.696 0. 265.937 0. 0. -1. 0.
-0.674 0.739 0. -234.548 0.739 0.674 0. 266.139 0. 0. -1. 0.
-0.656 0.755 0. -234.747 0.755 0.656 0. 266.336 0. 0. -1. 0.
-0.647 0.762 0. -234.863 0.762 0.647 0. 266.553 0. 0. -1. 0.
-0.639 0.769 0. -235.007 0.769 0.639 0. 266.720 0. 0. -1. 0.
-0.630 0.777 0. -235.009 0.777 0.630 0. 266.748 0. 0. -1. 0.
-0.626 0.780 0. -235.046 0.780 0.626 0. 266.835 0. 0. -1. 0.
-0.622 0.783 0. -235.086 0.783 0.622 0. 266.873 0. 0. -1. 0.
-0.620 0.785 0. -235.135 0.785 0.620 0. 266.885 0. 0. -1. 0.
-0.617 0.787 0. -235.174 0.787 0.617 0. 266.933 0. 0. -1. 0.
-0.619 0.786 0. -235.082 0.786 0.619 0. 266.854 0. 0. -1. 0.
-0.620 0.785 0. -235.131 0.785 0.620 0. 266.934 0. 0. -1. 0.
-0.618 0.786 0. -235.075 0.786 0.618 0. 266.919 0. 0. -1. 0.
-0.620 0.785 0. -235.130 0.785 0.620 0. 266.888 0. 0. -1. 0.
-0.621 0.784 0. -235.140 0.784 0.621 0. 266.869 0. 0. -1. 0.
-0.621 0.783 0. -235.179 0.783 0.621 0. 266.972 0. 0. -1. 0.
-0.620 0.785 0. -235.296 0.785 0.620 0. 267.038 0. 0. -1. 0.
-0.628 0.779 0. -235.487 0.779 0.628 0. 267.147 0. 0. -1. 0.
-0.640 0.768 0. -235.388 0.768 0.640 0. 267.281 0. 0. -1. 0.
-0.663 0.749 0. -235.485 0.749 0.663 0. 267.351 0. 0. -1. 0.
-0.687 0.727 0. -235.680 0.727 0.687 0. 267.508 0. 0. -1. 0.
-0.716 0.698 0. -235.766 0.698 0.716 0. 267.547 0. 0. -1. 0.
-0.746 0.665 0. -236.008 0.665 0.746 0. 267.676 0. 0. -1. 0.
-0.783 0.623 0. -236.180 0.623 0.783 0. 267.878 0. 0. -1. 0.
-0.811 0.585 0. -236.419 0.585 0.811 0. 267.966 0. 0. -1. 0.
-0.843 0.537 0. -236.625 0.537 0.843 0. 268.043 0. 0. -1. 0.
-0.870 0.493 0. -236.879 0.493 0.870 0. 268.207 0. 0. -1. 0.
-0.894 0.449 0. -237.113 0.449 0.894 0. 268.340 0. 0. -1. 0.
-0.910 0.414 0. -237.372 0.414 0.910 0. 268.374 0. 0. -1. 0.
-0.929 0.369 0. -237.703 0.369 0.929 0. 268.521 0. 0. -1. 0.
-0.946 0.325 0. -238.205 0.325 0.946 0. 268.649 0. 0. -1. 0.
-0.958 0.288 0. -238.856 0.288 0.958 0. 268.828 0. 0. -1. 0.
-0.965 0.261 0. -239.380 0.261 0.965 0. 268.972 0. 0. -1. 0.
-0.971 0.238 0. -239.985 0.238 0.971 0. 269.173 0. 0. -1. 0.
-0.970 0.242 0. -240.658 0.242 0.970 0. 269.388 0. 0. -1. 0.
-0.970 0.243 0. -241.196 0.243 0.970 0. 269.524 0. 0. -1. 0.
-0.970 0.242 0. -241.816 0.242 0.970 0. 269.709 0. 0. -1. 0.
-0.967 0.256 0. -242.317 0.256 0.967 0. 269.929 0. 0. -1. 0.
-0.963 0.269 0. -242.890 0.269 0.963 0. 269.955 0. 0. -1. 0.
-0.961 0.277 0. -243.345 0.277 0.961 0. 270.117 0. 0. -1. 0.
-0.956 0.295 0. -243.803 0.295 0.956 0. 270.209 0. 0. -1. 0.
-0.951 0.308 0. -244.159 0.308 0.951 0. 270.411 0. 0. -1. 0.
-0.950 0.313 0. -244.387 0.313 0.950 0. 270.565 0. 0. -1. 0.
-0.948 0.318 0. -244.711 0.318 0.948 0. 270.615 0. 0. -1. 0.
-0.947 0.321 0. -244.998 0.321 0.947 0. 270.650 0. 0. -1. 0.
-0.945 0.326 0. -245.211 0.326 0.945 0. 270.773 0. 0. -1. 0.
-0.945 0.327 0. -245.380 0.327 0.945 0. 270.851 0. 0. -1. 0.
-0.947 0.323 0. -245.532 0.323 0.947 0. 270.870 0. 0. -1. 0.
-0.942 0.335 0. -245.691 0.335 0.942 0. 270.885 0. 0. -1. 0.
-0.940 0.340 0. -245.784 0.340 0.940 0. 270.984 0. 0. -1. 0.
-0.942 0.337 0. -245.887 0.337 0.942 0. 270.976 0. 0. -1. 0.
-0.942 0.337 0. -246.007 0.337 0.942 0. 270.973 0. 0. -1. 0.
-0.941 0.337 0. -245.953 0.337 0.941 0. 270.985 0. 0. -1. 0.
-0.939 0.344 0. -246.028 0.344 0.939 0. 270.989 0. 0. -1. 0.
-0.940 0.341 0. -245.940 0.341 0.940 0. 271.017 0. 0. -1. 0.
-0.939 0.344 0. -246.017 0.344 0.939 0. 271.045 0. 0. -1. 0.
-0.941 0.338 0. -245.996 0.338 0.941 0. 271.144 0. 0. -1. 0.
-0.941 0.339 0. -245.919 0.339 0.941 0. 270.981 0. 0. -1. 0.
-0.942 0.337 0. -245.999 0.337 0.942 0. 270.949 0. 0. -1. 0.
-0.940 0.341 0. -246.054 0.341 0.940 0. 271.014 0. 0. -1. 0.
-0.940 0.341 0. -246.050 0.341 0.940 0. 271.059 0. 0. -1. 0.
-0.941 0.339 0. -246.114 0.339 0.941 0. 271.067 0. 0. -1. 0.
-0.940 0.342 0. -246.217 0.342 0.940 0. 271.130 0. 0. -1. 0.
-0.940 0.340 0. -246.340 0.340 0.940 0. 271.168 0. 0. -1. 0.
-0.939 0.343 0. -246.520 0.343 0.939 0. 271.173 0. 0. -1. 0.
-0.938 0.347 0. -246.687 0.347 0.938 0. 271.276 0. 0. -1. 0.
-0.936 0.351 0. -246.954 0.351 0.936 0. 271.447 0. 0. -1. 0.
-0.930 0.367 0. -247.089 0.367 0.930 0. 271.442 0. 0. -1. 0.
-0.927 0.375 0. -247.240 0.375 0.927 0. 271.507 0. 0. -1. 0.
-0.922 0.386 0. -247.525 0.386 0.922 0. 271.586 0. 0. -1. 0.
-0.914 0.406 0. -247.918 0.406 0.914 0. 271.758 0. 0. -1. 0.
-0.898 0.440 0. -248.397 0.440 0.898 0. 272.059 0. 0. -1. 0.
-0.867 0.499 0. -248.923 0.499 0.867 0. 272.277 0. 0. -1. 0.
-0.825 0.565 0. -249.308 0.565 0.825 0. 272.700 0. 0. -1. 0.
-0.763 0.646 0. -249.983 0.646 0.763 0. 273.327 0. 0. -1. 0.
-0.686 0.727 0. -250.254 0.727 0.686 0. 273.820 0. 0. -1. 0.
-0.596 0.803 0. -250.814 0.803 0.596 0. 274.532 0. 0. -1. 0.
-0.476 0.880 0. -251.162 0.880 0.476 0. 275.209 0. 0. -1. 0.
-0.361 0.932 0. -251.155 0.932 0.361 0. 276.160 0. 0. -1. 0.
-0.264 0.964 0. -251.491 0.964 0.264 0. 277.296 0. 0. -1. 0.
-0.178 0.984 0. -251.565 0.984 0.178 0. 278.413 0. 0. -1. 0.
-0.096 0.995 0. -251.710 0.995 0.096 0. 279.714 0. 0. -1. 0.
-0.017 1.000 0. -251.782 1.000 0.017 0. 281.062 0. 0. -1. 0.
0.043 0.999 0. -251.635 0.999 -0.043 -0. 282.643 0. 0. -1. 0.
0.097 0.995 0. -251.468 0.995 -0.097 -0. 284.354 0. 0. -1. 0.
0.143 0.990 0. -251.126 0.990 -0.143 -0. 286.180 0. 0. -1. 0.
0.187 0.982 0. -250.808 0.982 -0.187 -0. 288.043 0. 0. -1. 0.
0.216 0.976 0. -250.243 0.976 -0.216 -0. 290.023 0. 0. -1. 0.
0.239 0.971 0. -249.574 0.971 -0.239 -0. 292.203 0. 0. -1. 0.
0.252 0.968 0. -249.025 0.968 -0.252 -0. 294.428 0. 0. -1. 0.
0.259 0.966 0. -248.394 0.966 -0.259 -0. 296.635 0. 0. -1. 0.
0.264 0.965 0. -247.771 0.965 -0.264 -0. 299.235 0. 0. -1. 0.
0.271 0.963 0. -246.888 0.963 -0.271 -0. 301.757 0. 0. -1. 0.
0.268 0.963 0. -245.996 0.963 -0.268 -0. 304.491 0. 0. -1. 0.
0.271 0.962 0. -245.223 0.962 -0.271 -0. 307.333 0. 0. -1. 0.
0.286 0.958 0. -244.300 0.958 -0.286 -0. 310.393 0. 0. -1. 0.
0.292 0.956 0. -243.303 0.956 -0.292 -0. 313.436 0. 0. -1. 0.
0.292 0.956 0. -242.225 0.956 -0.292 -0. 316.715 0. 0. -1. 0.
0.292 0.956 0. -241.125 0.956 -0.292 -0. 319.981 0. 0. -1. 0.
0.298 0.955 0. -240.074 0.955 -0.298 -0. 323.346 0. 0. -1. 0.
0.291 0.957 0. -238.998 0.957 -0.291 -0. 326.713 0. 0. -1. 0.
0.288 0.958 0. -237.857 0.958 -0.288 -0. 330.060 0. 0. -1. 0.
0.292 0.956 0. -236.823 0.956 -0.292 -0. 333.456 0. 0. -1. 0.
0.294 0.956 0. -235.787 0.956 -0.294 -0. 336.815 0. 0. -1. 0.
0.290 0.957 0. -234.659 0.957 -0.290 -0. 340.105 0. 0. -1. 0.
0.288 0.958 0. -233.562 0.958 -0.288 -0. 343.461 0. 0. -1. 0.
0.291 0.957 0. -232.474 0.957 -0.291 -0. 346.750 0. 0. -1. 0.
0.296 0.955 0. -231.456 0.955 -0.296 -0. 350.005 0. 0. -1. 0.
0.297 0.955 0. -230.359 0.955 -0.297 -0. 353.257 0. 0. -1. 0.
0.290 0.957 0. -229.090 0.957 -0.290 -0. 356.466 0. 0. -1. 0.
0.290 0.957 0. -228.259 0.957 -0.290 -0. 359.809 0. 0. -1. 0.
0.285 0.959 0. -227.304 0.959 -0.285 -0. 362.977 0. 0. -1. 0.
0.288 0.958 0. -226.306 0.958 -0.288 -0. 366.179 0. 0. -1. 0.
0.284 0.959 0. -225.325 0.959 -0.284 -0. 369.357 0. 0. -1. 0.
0.285 0.958 0. -224.317 0.958 -0.285 -0. 372.548 0. 0. -1. 0.
0.285 0.959 0. -223.245 0.959 -0.285 -0. 375.620 0. 0. -1. 0.
0.285 0.959 0. -222.276 0.959 -0.285 -0. 378.782 0. 0. -1. 0.
0.296 0.955 0. -221.218 0.955 -0.296 -0. 381.808 0. 0. -1. 0.
0.291 0.957 0. -220.236 0.957 -0.291 -0. 384.820 0. 0. -1. 0.
0.295 0.955 0. -219.308 0.955 -0.295 -0. 387.906 0. 0. -1. 0.
0.293 0.956 0. -218.330 0.956 -0.293 -0. 390.838 0. 0. -1. 0.
0.291 0.957 0. -217.316 0.957 -0.291 -0. 393.807 0. 0. -1. 0.
0.287 0.958 0. -216.379 0.958 -0.287 -0. 396.737 0. 0. -1. 0.
0.290 0.957 0. -215.506 0.957 -0.290 -0. 399.712 0. 0. -1. 0.
0.290 0.957 0. -214.568 0.957 -0.290 -0. 402.578 0. 0. -1. 0.
0.285 0.959 0. -213.630 0.959 -0.285 -0. 405.439 0. 0. -1. 0.
0.283 0.959 0. -212.801 0.959 -0.283 -0. 408.217 0. 0. -1. 0.
0.277 0.961 0. -211.877 0.961 -0.277 -0. 410.988 0. 0. -1. 0.
0.282 0.959 0. -211.236 0.959 -0.282 -0. 413.835 0. 0. -1. 0.
0.280 0.960 0. -210.155 0.960 -0.280 -0. 416.490 0. 0. -1. 0.
0.277 0.961 0. -209.430 0.961 -0.277 -0. 419.263 0. 0. -1. 0.
0.279 0.960 0. -208.595 0.960 -0.279 -0. 421.926 0. 0. -1. 0.
0.279 0.960 0. -207.809 0.960 -0.279 -0. 424.612 0. 0. -1. 0.
0.275 0.961 0. -206.959 0.961 -0.275 -0. 427.235 0. 0. -1. 0.
0.280 0.960 0. -206.282 0.960 -0.280 -0. 429.993 0. 0. -1. 0.
0.275 0.961 0. -205.315 0.961 -0.275 -0. 432.541 0. 0. -1. 0.
0.275 0.961 0. -204.535 0.961 -0.275 -0. 435.247 0. 0. -1. 0.
0.278 0.961 0. -203.755 0.961 -0.278 -0. 437.881 0. 0. -1. 0.
0.285 0.958 0. -202.918 0.958 -0.285 -0. 440.561 0. 0. -1. 0.
0.284 0.959 0. -202.044 0.959 -0.284 -0. 443.096 0. 0. -1. 0.
0.280 0.960 0. -201.205 0.960 -0.280 -0. 445.808 0. 0. -1. 0.
0.280 0.960 0. -200.472 0.960 -0.280 -0. 448.423 0. 0. -1. 0.
0.278 0.960 0. -199.756 0.960 -0.278 -0. 451.094 0. 0. -1. 0.
0.278 0.961 0. -198.811 0.961 -0.278 -0. 453.582 0. 0. -1. 0.
0.273 0.962 0. -198.012 0.962 -0.273 -0. 456.187 0. 0. -1. 0.
0.270 0.963 0. -197.183 0.963 -0.270 -0. 458.721 0. 0. -1. 0.
0.273 0.962 0. -196.449 0.962 -0.273 -0. 461.239 0. 0. -1. 0.
0.280 0.960 0. -195.698 0.960 -0.280 -0. 463.701 0. 0. -1. 0.
0.282 0.959 0. -194.898 0.959 -0.282 -0. 466.093 0. 0. -1. 0.
0.281 0.960 0. -194.151 0.960 -0.281 -0. 468.380 0. 0. -1. 0.
0.282 0.959 0. -193.471 0.959 -0.282 -0. 470.709 0. 0. -1. 0.
0.287 0.958 0. -192.791 0.958 -0.287 -0. 472.882 0. 0. -1. 0.
0.291 0.957 0. -192.067 0.957 -0.291 -0. 474.961 0. 0. -1. 0.
0.292 0.956 0. -191.422 0.956 -0.292 -0. 477.012 0. 0. -1. 0.
0.293 0.956 0. -190.818 0.956 -0.293 -0. 479.022 0. 0. -1. 0.
0.294 0.956 0. -190.215 0.956 -0.294 -0. 480.918 0. 0. -1. 0.
0.291 0.957 0. -189.586 0.957 -0.291 -0. 482.788 0. 0. -1. 0.
0.289 0.957 0. -189.042 0.957 -0.289 -0. 484.594 0. 0. -1. 0.
0.297 0.955 0. -188.386 0.955 -0.297 -0. 486.325 0. 0. -1. 0.
0.296 0.955 0. -187.919 0.955 -0.296 -0. 488.028 0. 0. -1. 0.
0.294 0.956 0. -187.298 0.956 -0.294 -0. 489.740 0. 0. -1. 0.
0.289 0.957 0. -186.741 0.957 -0.289 -0. 491.344 0. 0. -1. 0.
0.298 0.954 0. -186.295 0.954 -0.298 -0. 493.070 0. 0. -1. 0.
0.300 0.954 0. -185.746 0.954 -0.300 -0. 494.660 0. 0. -1. 0.
0.297 0.955 0. -185.121 0.955 -0.297 -0. 496.237 0. 0. -1. 0.
0.297 0.955 0. -184.695 0.955 -0.297 -0. 497.879 0. 0. -1. 0.
0.296 0.955 0. -184.180 0.955 -0.296 -0. 499.419 0. 0. -1. 0.
0.291 0.957 0. -183.681 0.957 -0.291 -0. 500.986 0. 0. -1. 0.
0.296 0.955 0. -183.156 0.955 -0.296 -0. 502.509 0. 0. -1. 0.
0.287 0.958 0. -182.738 0.958 -0.287 -0. 503.983 0. 0. -1. 0.
0.283 0.959 0. -182.231 0.959 -0.283 -0. 505.519 0. 0. -1. 0.
0.285 0.959 0. -181.798 0.959 -0.285 -0. 506.940 0. 0. -1. 0.
0.279 0.960 0. -181.366 0.960 -0.279 -0. 508.299 0. 0. -1. 0.
0.277 0.961 0. -180.916 0.961 -0.277 -0. 509.722 0. 0. -1. 0.
0.280 0.960 0. -180.579 0.960 -0.280 -0. 510.994 0. 0. -1. 0.
0.281 0.960 0. -180.202 0.960 -0.281 -0. 512.219 0. 0. -1. 0.
0.278 0.961 0. -179.774 0.961 -0.278 -0. 513.475 0. 0. -1. 0.
0.282 0.960 0. -179.399 0.960 -0.282 -0. 514.666 0. 0. -1. 0.
0.284 0.959 0. -178.997 0.959 -0.284 -0. 515.764 0. 0. -1. 0.
0.283 0.959 0. -178.648 0.959 -0.283 -0. 516.888 0. 0. -1. 0.
0.281 0.960 0. -178.334 0.960 -0.281 -0. 518.018 0. 0. -1. 0.
0.284 0.959 0. -177.947 0.959 -0.284 -0. 519.132 0. 0. -1. 0.
0.284 0.959 0. -177.668 0.959 -0.284 -0. 520.224 0. 0. -1. 0.
0.282 0.960 0. -177.330 0.960 -0.282 -0. 521.292 0. 0. -1. 0.
0.293 0.956 0. -176.935 0.956 -0.293 -0. 522.392 0. 0. -1. 0.
0.294 0.956 0. -176.647 0.956 -0.294 -0. 523.458 0. 0. -1. 0.
0.292 0.956 0. -176.289 0.956 -0.292 -0. 524.510 0. 0. -1. 0.
0.293 0.956 0. -175.934 0.956 -0.293 -0. 525.647 0. 0. -1. 0.
0.286 0.958 0. -175.582 0.958 -0.286 -0. 526.786 0. 0. -1. 0.
0.282 0.959 0. -175.228 0.959 -0.282 -0. 528.030 0. 0. -1. 0.
0.281 0.960 0. -174.793 0.960 -0.281 -0. 529.324 0. 0. -1. 0.
0.285 0.959 0. -174.410 0.959 -0.285 -0. 530.587 0. 0. -1. 0.
0.289 0.957 0. -173.960 0.957 -0.289 -0. 532.054 0. 0. -1. 0.
0.286 0.958 0. -173.385 0.958 -0.286 -0. 533.468 0. 0. -1. 0.
0.288 0.958 0. -172.975 0.958 -0.288 -0. 535.120 0. 0. -1. 0.
0.289 0.957 0. -172.444 0.957 -0.289 -0. 536.732 0. 0. -1. 0.
0.287 0.958 0. -171.930 0.958 -0.287 -0. 538.409 0. 0. -1. 0.
0.290 0.957 0. -171.342 0.957 -0.290 -0. 540.148 0. 0. -1. 0.
0.294 0.956 0. -170.822 0.956 -0.294 -0. 541.894 0. 0. -1. 0.
0.294 0.956 0. -170.246 0.956 -0.294 -0. 543.668 0. 0. -1. 0.
0.291 0.957 0. -169.542 0.957 -0.291 -0. 545.492 0. 0. -1. 0.
0.289 0.957 0. -169.002 0.957 -0.289 -0. 547.417 0. 0. -1. 0.
