1. 0. 0. 0. 0. -1. -0. 0. 0. 0. -1. 0.
1. -0.001 -0. -0.020 -0.001 -1. -0. 0.040 0. 0. -1. 0.
1. -0.003 -0. -0.043 -0.003 -1. -0. 0.055 0. 0. -1. 0.
1. -0.001 -0. -0.027 -0.001 -1. -0. 0.048 0. 0. -1. 0.
1. -0.000 -0. -0.017 -0.000 -1. -0. 0.011 0. 0. -1. 0.
1. -0.001 -0. -0.021 -0.001 -1. -0. 0.045 0. 0. -1. 0.
1. 0.001 0. -0.022 0.001 -1. -0. 0.045 0. 0. -1. 0.
1. 0.000 0. -0.015 0.000 -1. -0. 0.049 0. 0. -1. 0.
1. -0.002 -0. -0.053 -0.002 -1. -0. 0.090 0. 0. -1. 0.
1. -0.001 -0. -0.002 -0.001 -1. -0. 0.011 0. 0. -1. 0.
1. -0.001 -0. 0.007 -0.001 -1. -0. 0.028 0. 0. -1. 0.
1. -0.001 -0. -0.040 -0.001 -1. -0. 0.045 0. 0. -1. 0.
1. -0.002 -0. -0.025 -0.002 -1. -0. 0.048 0. 0. -1. 0.
1. 0. 0. -0.019 0. -1. -0. -0.002 0. 0. -1. 0.
1. -0.001 -0. -0.010 -0.001 -1. -0. 0.041 0. 0. -1. 0.
1. -0.001 -0. -0.038 -0.001 -1. -0. 0.042 0. 0. -1. 0.
1. -0.003 -0. -0.037 -0.003 -1. -0. 0.049 0. 0. -1. 0.
1. -0.004 -0. -0.039 -0.004 -1. -0. 0.046 0. 0. -1. 0.
1. -0.001 -0. 0.001 -0.001 -1. -0. 0.030 0. 0. -1. 0.
1. 0.001 0. 0.039 0.001 -1. -0. 0.058 0. 0. -1. 0.
1. 0.001 0. 0.057 0.001 -1. -0. 0.067 0. 0. -1. 0.
1. -0.002 -0. 0.130 -0.002 -1. -0. 0.048 0. 0. -1. 0.
1. -0.002 -0. 0.192 -0.002 -1. -0. 0.057 0. 0. -1. 0.
1. -0.012 -0. 0.338 -0.012 -1. -0. 0.090 0. 0. -1. 0.
1.000 -0.017 -0. 0.464 -0.017 -1.000 -0. 0.019 0. 0. -1. 0.
1.000 -0.020 -0. 0.750 -0.020 -1.000 -0. 0.052 0. 0. -1. 0.
0.999 -0.039 -0. 1.104 -0.039 -0.999 -0. 0.053 0. 0. -1. 0.
0.998 -0.057 -0. 1.541 -0.057 -0.998 -0. -0.070 0. 0. -1. 0.
0.997 -0.074 -0. 2.000 -0.074 -0.997 -0. -0.061 0. 0. -1. 0.
0.996 -0.091 -0. 2.553 -0.091 -0.996 -0. -0.150 0. 0. -1. 0.
0.994 -0.110 -0. 3.205 -0.110 -0.994 -0. -0.274 0. 0. -1. 0.
0.992 -0.124 -0. 3.832 -0.124 -0.992 -0. -0.299 0. 0. -1. 0.
0.990 -0.138 -0. 4.525 -0.138 -0.990 -0. -0.443 0. 0. -1. 0.
0.990 -0.144 -0. 5.311 -0.144 -0.990 -0. -0.544 0. 0. -1. 0.
0.990 -0.144 -0. 6.187 -0.144 -0.990 -0. -0.629 0. 0. -1. 0.
0.990 -0.138 -0. 6.941 -0.138 -0.990 -0. -0.951 0. 0. -1. 0.
0.991 -0.132 -0. 7.919 -0.132 -0.991 -0. -1.048 0. 0. -1. 0.
0.992 -0.127 -0. 8.910 -0.127 -0.992 -0. -1.189 0. 0. -1. 0.
0.994 -0.114 -0. 9.922 -0.114 -0.994 -0. -1.281 0. 0. -1. 0.
0.994 -0.106 -0. 10.970 -0.106 -0.994 -0. -1.313 0. 0. -1. 0.
0.995 -0.102 -0. 12.002 -0.102 -0.995 -0. -1.413 0. 0. -1. 0.
0.995 -0.096 -0. 13.121 -0.096 -0.995 -0. -1.608 0. 0. -1. 0.
0.996 -0.088 -0. 14.288 -0.088 -0.996 -0. -1.694 0. 0. -1. 0.
0.997 -0.074 -0. 15.465 -0.074 -0.997 -0. -1.774 0. 0. -1. 0.
0.998 -0.070 -0. 16.729 -0.070 -0.998 -0. -1.910 0. 0. -1. 0.
0.998 -0.064 -0. 17.981 -0.064 -0.998 -0. -1.933 0. 0. -1. 0.
0.998 -0.057 -0. 19.250 -0.057 -0.998 -0. -2.112 0. 0. -1. 0.
0.999 -0.048 -0. 20.686 -0.048 -0.999 -0. -2.164 0. 0. -1. 0.
0.999 -0.051 -0. 22.006 -0.051 -0.999 -0. -2.271 0. 0. -1. 0.
0.999 -0.041 -0. 23.496 -0.041 -0.999 -0. -2.294 0. 0. -1. 0.
0.999 -0.043 -0. 24.947 -0.043 -0.999 -0. -2.411 0. 0. -1. 0.
0.999 -0.043 -0. 26.452 -0.043 -0.999 -0. -2.511 0. 0. -1. 0.
0.999 -0.037 -0. 28.028 -0.037 -0.999 -0. -2.602 0. 0. -1. 0.
0.999 -0.032 -0. 29.605 -0.032 -0.999 -0. -2.699 0. 0. -1. 0.
1.000 -0.031 -0. 31.257 -0.031 -1.000 -0. -2.710 0. 0. -1. 0.
1.000 -0.023 -0. 32.734 -0.023 -1.000 -0. -2.887 0. 0. -1. 0.
1. -0.014 -0. 34.544 -0.014 -1. -0. -2.897 0. 0. -1. 0.
1. -0.007 -0. 36.160 -0.007 -1. -0. -2.858 0. 0. -1. 0.
1. 0.006 0. 37.734 0.006 -1. -0. -2.892 0. 0. -1. 0.
1.000 0.018 0. 39.414 0.018 -1.000 -0. -2.873 0. 0. -1. 0.
1.000 0.023 0. 41.162 0.023 -1.000 -0. -2.871 0. 0. -1. 0.
0.999 0.038 0. 42.751 0.038 -0.999 -0. -2.894 0. 0. -1. 0.
0.999 0.045 0. 44.466 0.045 -0.999 -0. -2.854 0. 0. -1. 0.
0.999 0.053 0. 46.193 0.053 -0.999 -0. -2.760 0. 0. -1. 0.
0.999 0.054 0. 47.943 0.054 -0.999 -0. -2.649 0. 0. -1. 0.
0.998 0.058 0. 49.668 0.058 -0.998 -0. -2.613 0. 0. -1. 0.
0.998 0.059 0. 51.455 0.059 -0.998 -0. -2.506 0. 0. -1. 0.
0.999 0.054 0. 53.252 0.054 -0.999 -0. -2.463 0. 0. -1. 0.
0.999 0.055 0. 54.972 0.055 -0.999 -0. -2.392 0. 0. -1. 0.
0.998 0.058 0. 56.850 0.058 -0.998 -0. -2.323 0. 0. -1. 0.
0.998 0.064 0. 58.583 0.064 -0.998 -0. -2.265 0. 0. -1. 0.
0.998 0.061 0. 60.473 0.061 -0.998 -0. -2.204 0. 0. -1. 0.
0.998 0.059 0. 62.290 0.059 -0.998 -0. -2.060 0. 0. -1. 0.
0.998 0.063 0. 64.065 0.063 -0.998 -0. -1.861 0. 0. -1. 0.
0.998 0.064 0. 65.973 0.064 -0.998 -0. -1.839 0. 0. -1. 0.
0.998 0.064 0. 67.785 0.064 -0.998 -0. -1.784 0. 0. -1. 0.
0.998 0.059 0. 69.573 0.059 -0.998 -0. -1.669 0. 0. -1. 0.
0.999 0.054 0. 71.360 0.054 -0.999 -0. -1.478 0. 0. -1. 0.
0.999 0.050 0. 73.163 0.050 -0.999 -0. -1.346 0. 0. -1. 0.
0.999 0.045 0. 74.985 0.045 -0.999 -0. -1.401 0. 0. -1. 0.
0.999 0.049 0. 76.731 0.049 -0.999 -0. -1.271 0. 0. -1. 0.
0.999 0.040 0. 78.563 0.040 -0.999 -0. -1.364 0. 0. -1. 0.
0.999 0.035 0. 80.282 0.035 -0.999 -0. -1.312 0. 0. -1. 0.
1.000 0.019 0. 82.023 0.019 -1.000 -0. -1.272 0. 0. -1. 0.
1. 0.005 0. 83.804 0.005 -1. -0. -1.179 0. 0. -1. 0.
1.000 -0.016 -0. 85.633 -0.016 -1.000 -0. -1.348 0. 0. -1. 0.
0.999 -0.046 -0. 87.343 -0.046 -0.999 -0. -1.354 0. 0. -1. 0.
0.997 -0.079 -0. 89.039 -0.079 -0.997 -0. -1.538 0. 0. -1. 0.
0.992 -0.129 -0. 90.792 -0.129 -0.992 -0. -1.773 0. 0. -1. 0.
0.986 -0.168 -0. 92.455 -0.168 -0.986 -0. -2.137 0. 0. -1. 0.
0.975 -0.223 -0. 94.277 -0.223 -0.975 -0. -2.358 0. 0. -1. 0.
0.964 -0.265 -0. 95.865 -0.265 -0.964 -0. -2.902 0. 0. -1. 0.
0.950 -0.312 -0. 97.646 -0.312 -0.950 -0. -3.510 0. 0. -1. 0.
0.929 -0.370 -0. 99.318 -0.370 -0.929 -0. -4.156 0. 0. -1. 0.
0.908 -0.419 -0. 100.916 -0.419 -0.908 -0. -4.892 0. 0. -1. 0.
0.888 -0.460 -0. 102.600 -0.460 -0.888 -0. -5.725 0. 0. -1. 0.
0.858 -0.513 -0. 104.133 -0.513 -0.858 -0. -6.630 0. 0. -1. 0.
0.821 -0.572 -0. 105.711 -0.572 -0.821 -0. -7.701 0. 0. -1. 0.
0.774 -0.634 -0. 107.149 -0.634 -0.774 -0. -8.881 0. 0. -1. 0.
0.730 -0.684 -0. 108.449 -0.684 -0.730 -0. -10.155 0. 0. -1. 0.
0.676 -0.736 -0. 109.621 -0.736 -0.676 -0. -11.530 0. 0. -1. 0.
0.619 -0.786 -0. 110.879 -0.786 -0.619 -0. -12.857 0. 0. -1. 0.
0.557 -0.830 -0. 111.862 -0.830 -0.557 -0. -14.388 0. 0. -1. 0.
0.500 -0.866 -0. 112.539 -0.866 -0.500 -0. -16.050 0. 0. -1. 0.
0.449 -0.894 -0. 113.489 -0.894 -0.449 -0. -17.735 0. 0. -1. 0.
0.407 -0.913 -0. 114.235 -0.913 -0.407 -0. -19.465 0. 0. -1. 0.
0.375 -0.927 -0. 114.846 -0.927 -0.375 -0. -21.227 0. 0. -1. 0.
0.367 -0.930 -0. 115.532 -0.930 -0.367 -0. -23.016 0. 0. -1. 0.
0.368 -0.930 -0. 116.295 -0.930 -0.368 -0. -24.849 0. 0. -1. 0.
0.369 -0.929 -0. 117.145 -0.929 -0.369 -0. -26.653 0. 0. -1. 0.
0.373 -0.928 -0. 117.737 -0.928 -0.373 -0. -28.466 0. 0. -1. 0.
0.388 -0.922 -0. 118.560 -0.922 -0.388 -0. -30.297 0. 0. -1. 0.
0.394 -0.919 -0. 119.178 -0.919 -0.394 -0. -32.208 0. 0. -1. 0.
0.405 -0.914 -0. 120.035 -0.914 -0.405 -0. -34.026 0. 0. -1. 0.
0.416 -0.909 -0. 120.838 -0.909 -0.416 -0. -35.839 0. 0. -1. 0.
0.429 -0.903 -0. 121.650 -0.903 -0.429 -0. -37.636 0. 0. -1. 0.
0.434 -0.901 -0. 122.545 -0.901 -0.434 -0. -39.454 0. 0. -1. 0.
0.451 -0.893 -0. 123.354 -0.893 -0.451 -0. -41.253 0. 0. -1. 0.
0.476 -0.880 -0. 124.287 -0.880 -0.476 -0. -42.985 0. 0. -1. 0.
0.497 -0.868 -0. 125.190 -0.868 -0.497 -0. -44.743 0. 0. -1. 0.
0.517 -0.856 -0. 126.144 -0.856 -0.517 -0. -46.439 0. 0. -1. 0.
0.527 -0.850 -0. 127.262 -0.850 -0.527 -0. -48.076 0. 0. -1. 0.
0.544 -0.839 -0. 128.136 -0.839 -0.544 -0. -49.685 0. 0. -1. 0.
0.558 -0.830 -0. 129.209 -0.830 -0.558 -0. -51.272 0. 0. -1. 0.
0.570 -0.821 -0. 130.292 -0.821 -0.570 -0. -52.876 0. 0. -1. 0.
0.585 -0.811 -0. 131.325 -0.811 -0.585 -0. -54.245 0. 0. -1. 0.
0.595 -0.803 -0. 132.503 -0.803 -0.595 -0. -55.849 0. 0. -1. 0.
0.613 -0.790 -0. 133.508 -0.790 -0.613 -0. -57.351 0. 0. -1. 0.
0.624 -0.782 -0. 134.693 -0.782 -0.624 -0. -58.776 0. 0. -1. 0.
0.631 -0.775 -0. 135.801 -0.775 -0.631 -0. -60.183 0. 0. -1. 0.
0.646 -0.763 -0. 136.976 -0.763 -0.646 -0. -61.521 0. 0. -1. 0.
0.652 -0.758 -0. 138.080 -0.758 -0.652 -0. -62.820 0. 0. -1. 0.
0.665 -0.747 -0. 139.097 -0.747 -0.665 -0. -64.031 0. 0. -1. 0.
0.684 -0.730 -0. 140.276 -0.730 -0.684 -0. -65.350 0. 0. -1. 0.
0.706 -0.709 -0. 141.383 -0.709 -0.706 -0. -66.430 0. 0. -1. 0.
0.733 -0.680 -0. 142.458 -0.680 -0.733 -0. -67.425 0. 0. -1. 0.
0.772 -0.636 -0. 143.621 -0.636 -0.772 -0. -68.269 0. 0. -1. 0.
0.817 -0.577 -0. 144.724 -0.577 -0.817 -0. -69.114 0. 0. -1. 0.
0.865 -0.502 -0. 145.813 -0.502 -0.865 -0. -69.670 0. 0. -1. 0.
0.912 -0.410 -0. 146.949 -0.410 -0.912 -0. -70.351 0. 0. -1. 0.
0.953 -0.303 -0. 148.067 -0.303 -0.953 -0. -70.626 0. 0. -1. 0.
0.984 -0.177 -0. 149.130 -0.177 -0.984 -0. -70.808 0. 0. -1. 0.
0.999 -0.039 -0. 150.114 -0.039 -0.999 -0. -70.784 0. 0. -1. 0.
0.994 0.110 0. 151.104 0.110 -0.994 -0. -70.676 0. 0. -1. 0.
0.960 0.279 0. 151.997 0.279 -0.960 -0. -70.328 0. 0. -1. 0.
0.901 0.434 0. 152.773 0.434 -0.901 -0. -69.926 0. 0. -1. 0.
0.813 0.582 0. 153.414 0.582 -0.813 -0. -69.422 0. 0. -1. 0.
0.700 0.714 0. 154.092 0.714 -0.700 -0. -68.685 0. 0. -1. 0.
0.562 0.827 0. 154.522 0.827 -0.562 -0. -67.979 0. 0. -1. 0.
0.409 0.913 0. 154.866 0.913 -0.409 -0. -67.212 0. 0. -1. 0.
0.244 0.970 0. 154.982 0.970 -0.244 -0. -66.418 0. 0. -1. 0.
0.079 0.997 0. 155.001 0.997 -0.079 -0. -65.569 0. 0. -1. 0.
-0.087 0.996 0. 154.901 0.996 0.087 0. -64.732 0. 0. -1. 0.
-0.247 0.969 0. 154.754 0.969 0.247 0. -63.922 0. 0. -1. 0.
-0.407 0.913 0. 154.146 0.913 0.407 0. -63.091 0. 0. -1. 0.
-0.552 0.834 0. 153.610 0.834 0.552 0. -62.217 0. 0. -1. 0.
-0.661 0.751 0. 152.873 0.751 0.661 0. -61.419 0. 0. -1. 0.
-0.759 0.651 0. 152.001 0.651 0.759 0. -60.701 0. 0. -1. 0.
-0.829 0.560 0. 150.936 0.560 0.829 0. -59.991 0. 0. -1. 0.
-0.875 0.483 0. 149.704 0.483 0.875 0. -59.382 0. 0. -1. 0.
-0.901 0.433 0. 148.630 0.433 0.901 0. -58.663 0. 0. -1. 0.
-0.915 0.403 0. 147.330 0.403 0.915 0. -58.343 0. 0. -1. 0.
-0.927 0.376 0. 146.081 0.376 0.927 0. -57.793 0. 0. -1. 0.
-0.931 0.365 0. 144.671 0.365 0.931 0. -57.262 0. 0. -1. 0.
-0.933 0.361 0. 143.342 0.361 0.933 0. -56.708 0. 0. -1. 0.
-0.926 0.377 0. 141.847 0.377 0.926 0. -56.174 0. 0. -1. 0.
-0.925 0.380 0. 140.456 0.380 0.925 0. -55.645 0. 0. -1. 0.
-0.913 0.407 0. 138.915 0.407 0.913 0. -54.757 0. 0. -1. 0.
-0.904 0.429 0. 137.411 0.429 0.904 0. -54.113 0. 0. -1. 0.
-0.881 0.473 0. 135.945 0.473 0.881 0. -53.211 0. 0. -1. 0.
-0.858 0.514 0. 134.383 0.514 0.858 0. -52.276 0. 0. -1. 0.
-0.827 0.563 0. 132.936 0.563 0.827 0. -51.290 0. 0. -1. 0.
-0.789 0.615 0. 131.530 0.615 0.789 0. -50.196 0. 0. -1. 0.
-0.748 0.664 0. 130.196 0.664 0.748 0. -49.001 0. 0. -1. 0.
-0.695 0.719 0. 128.888 0.719 0.695 0. -47.620 0. 0. -1. 0.
-0.641 0.768 0. 127.781 0.768 0.641 0. -46.098 0. 0. -1. 0.
-0.584 0.812 0. 126.629 0.812 0.584 0. -44.528 0. 0. -1. 0.
-0.521 0.854 0. 125.735 0.854 0.521 0. -42.944 0. 0. -1. 0.
-0.468 0.884 0. 124.821 0.884 0.468 0. -41.318 0. 0. -1. 0.
-0.428 0.904 0. 124.007 0.904 0.428 0. -39.518 0. 0. -1. 0.
-0.406 0.914 0. 123.279 0.914 0.406 0. -37.774 0. 0. -1. 0.
-0.384 0.923 0. 122.623 0.923 0.384 0. -35.964 0. 0. -1. 0.
-0.377 0.926 0. 121.906 0.926 0.377 0. -34.063 0. 0. -1. 0.
-0.363 0.932 0. 121.308 0.932 0.363 0. -32.250 0. 0. -1. 0.
-0.374 0.927 0. 120.471 0.927 0.374 0. -30.414 0. 0. -1. 0.
-0.377 0.926 0. 119.866 0.926 0.377 0. -28.488 0. 0. -1. 0.
-0.388 0.922 0. 119.149 0.922 0.388 0. -26.562 0. 0. -1. 0.
-0.401 0.916 0. 118.350 0.916 0.401 0. -24.728 0. 0. -1. 0.
-0.413 0.911 0. 117.335 0.911 0.413 0. -22.927 0. 0. -1. 0.
-0.433 0.902 0. 116.532 0.902 0.433 0. -21.067 0. 0. -1. 0.
-0.459 0.889 0. 115.729 0.889 0.459 0. -19.247 0. 0. -1. 0.
-0.491 0.871 0. 114.824 0.871 0.491 0. -17.372 0. 0. -1. 0.
-0.525 0.851 0. 113.788 0.851 0.525 0. -15.652 0. 0. -1. 0.
-0.560 0.828 0. 112.627 0.828 0.560 0. -14.107 0. 0. -1. 0.
-0.599 0.801 0. 111.462 0.801 0.599 0. -12.570 0. 0. -1. 0.
-0.640 0.768 0. 110.253 0.768 0.640 0. -10.944 0. 0. -1. 0.
-0.695 0.719 0. 109.059 0.719 0.695 0. -9.652 0. 0. -1. 0.
-0.742 0.670 0. 107.615 0.670 0.742 0. -8.259 0. 0. -1. 0.
-0.796 0.606 0. 106.218 0.606 0.796 0. -7.083 0. 0. -1. 0.
-0.836 0.549 0. 104.559 0.549 0.836 0. -5.990 0. 0. -1. 0.
-0.864 0.503 0. 103.013 0.503 0.864 0. -4.937 0. 0. -1. 0.
-0.897 0.441 0. 101.307 0.441 0.897 0. -4.082 0. 0. -1. 0.
-0.924 0.383 0. 99.496 0.383 0.924 0. -3.407 0. 0. -1. 0.
-0.946 0.324 0. 97.690 0.324 0.946 0. -2.642 0. 0. -1. 0.
-0.963 0.271 0. 95.681 0.271 0.963 0. -2.060 0. 0. -1. 0.
-0.975 0.224 0. 93.703 0.224 0.975 0. -1.563 0. 0. -1. 0.
-0.986 0.168 0. 91.626 0.168 0.986 0. -1.238 0. 0. -1. 0.
-0.992 0.127 0. 89.516 0.127 0.992 0. -0.970 0. 0. -1. 0.
-0.997 0.083 0. 87.557 0.083 0.997 0. -0.749 0. 0. -1. 0.
-0.999 0.049 0. 85.422 0.049 0.999 0. -0.603 0. 0. -1. 0.
-1. 0.010 0. 83.372 0.010 1. 0. -0.508 0. 0. -1. 0.
-1. -0.012 -0. 81.243 -0.012 1. 0. -0.561 0. 0. -1. 0.
-1.000 -0.030 -0. 79.160 -0.030 1.000 0. -0.575 0. 0. -1. 0.
-0.999 -0.042 -0. 77.086 -0.042 0.999 0. -0.627 0. 0. -1. 0.
-0.999 -0.053 -0. 74.963 -0.053 0.999 0. -0.589 0. 0. -1. 0.
-0.998 -0.058 -0. 72.823 -0.058 0.998 0. -0.819 0. 0. -1. 0.
-0.998 -0.058 -0. 70.693 -0.058 0.998 0. -0.837 0. 0. -1. 0.
-0.998 -0.059 -0. 68.560 -0.059 0.998 0. -1.020 0. 0. -1. 0.
-0.999 -0.050 -0. 66.456 -0.050 0.999 0. -1.102 0. 0. -1. 0.
-0.999 -0.039 -0. 64.314 -0.039 0.999 0. -1.104 0. 0. -1. 0.
-0.999 -0.040 -0. 62.158 -0.040 0.999 0. -1.001 0. 0. -1. 0.
-0.999 -0.042 -0. 60.009 -0.042 0.999 0. -1.057 0. 0. -1. 0.
-0.999 -0.037 -0. 57.893 -0.037 0.999 0. -1.215 0. 0. -1. 0.
-0.999 -0.032 -0. 55.738 -0.032 0.999 0. -1.182 0. 0. -1. 0.
-1.000 -0.031 -0. 53.603 -0.031 1.000 0. -1.124 0. 0. -1. 0.
-1.000 -0.030 -0. 51.593 -0.030 1.000 0. -1.261 0. 0. -1. 0.
-1.000 -0.024 -0. 49.507 -0.024 1.000 0. -1.247 0. 0. -1. 0.
-1.000 -0.024 -0. 47.418 -0.024 1.000 0. -1.257 0. 0. -1. 0.
-1.000 -0.015 -0. 45.371 -0.015 1.000 0. -1.202 0. 0. -1. 0.
-1. -0.012 -0. 43.345 -0.012 1. 0. -1.183 0. 0. -1. 0.
-1. -0.003 -0. 41.303 -0.003 1. 0. -1.239 0. 0. -1. 0.
-1. 0.005 0. 39.286 0.005 1. 0. -1.198 0. 0. -1. 0.
-1.000 0.021 0. 37.214 0.021 1.000 0. -1.169 0. 0. -1. 0.
-1.000 0.022 0. 35.229 0.022 1.000 0. -1.055 0. 0. -1. 0.
-1.000 0.030 0. 33.113 0.030 1.000 0. -0.946 0. 0. -1. 0.
-0.999 0.040 0. 31.053 0.040 0.999 0. -0.887 0. 0. -1. 0.
-0.999 0.051 0. 28.931 0.051 0.999 0. -0.789 0. 0. -1. 0.
-0.999 0.053 0. 26.892 0.053 0.999 0. -0.518 0. 0. -1. 0.
-0.998 0.061 0. 24.736 0.061 0.998 0. -0.581 0. 0. -1. 0.
-0.998 0.066 0. 22.624 0.066 0.998 0. -0.336 0. 0. -1. 0.
-0.997 0.079 0. 20.480 0.079 0.997 0. -0.145 0. 0. -1. 0.
-0.997 0.083 0. 18.387 0.083 0.997 0. 0.128 0. 0. -1. 0.
-0.996 0.090 0. 16.288 0.090 0.996 0. 0.268 0. 0. -1. 0.
-0.997 0.082 0. 14.209 0.082 0.997 0. 0.577 0. 0. -1. 0.
-0.996 0.089 0. 12.154 0.089 0.996 0. 0.779 0. 0. -1. 0.
-0.996 0.090 0. 10.027 0.090 0.996 0. 0.903 0. 0. -1. 0.
-0.996 0.092 0. 7.944 0.092 0.996 0. 1.141 0. 0. -1. 0.
-0.997 0.081 0. 5.860 0.081 0.997 0. 1.396 0. 0. -1. 0.
-0.997 0.079 0. 3.767 0.079 0.997 0. 1.492 0. 0. -1. 0.
-0.997 0.082 0. 1.652 0.082 0.997 0. 1.770 0. 0. -1. 0.
-0.998 0.068 0. -0.414 0.068 0.998 0. 1.851 0. 0. -1. 0.
-0.998 0.063 0. -2.486 0.063 0.998 0. 2.083 0. 0. -1. 0.
-0.998 0.057 0. -4.521 0.057 0.998 0. 2.223 0. 0. -1. 0.
-0.998 0.055 0. -6.704 0.055 0.998 0. 2.315 0. 0. -1. 0.
-0.999 0.054 0. -8.653 0.054 0.999 0. 2.509 0. 0. -1. 0.
-0.999 0.053 0. -10.780 0.053 0.999 0. 2.609 0. 0. -1. 0.
-0.999 0.052 0. -12.818 0.052 0.999 0. 2.753 0. 0. -1. 0.
-0.999 0.052 0. -14.813 0.052 0.999 0. 2.773 0. 0. -1. 0.
-0.999 0.048 0. -16.896 0.048 0.999 0. 2.845 0. 0. -1. 0.
-0.999 0.037 0. -18.949 0.037 0.999 0. 3.163 0. 0. -1. 0.
-0.999 0.033 0. -21.039 0.033 0.999 0. 3.189 0. 0. -1. 0.
-0.999 0.033 0. -23.137 0.033 0.999 0. 3.176 0. 0. -1. 0.
-0.999 0.035 0. -25.257 0.035 0.999 0. 3.254 0. 0. -1. 0.
-1.000 0.022 0. -27.187 0.022 1.000 0. 3.411 0. 0. -1. 0.
-1.000 0.022 0. -29.303 0.022 1.000 0. 3.326 0. 0. -1. 0.
-1.000 0.021 0. -31.404 0.021 1.000 0. 3.305 0. 0. -1. 0.
-1.000 0.016 0. -33.446 0.016 1.000 0. 3.342 0. 0. -1. 0.
-1. 0.009 0. -35.508 0.009 1. 0. 3.430 0. 0. -1. 0.
-1. 0.006 0. -37.568 0.006 1. 0. 3.479 0. 0. -1. 0.
-1. -0.002 -0. -39.650 -0.002 1. 0. 3.480 0. 0. -1. 0.
-1. -0.004 -0. -41.600 -0.004 1. 0. 3.558 0. 0. -1. 0.
-1. -0.011 -0. -43.544 -0.011 1. 0. 3.613 0. 0. -1. 0.
-1. -0.013 -0. -45.486 -0.013 1. 0. 3.581 0. 0. -1. 0.
-1.000 -0.020 -0. -47.362 -0.020 1.000 0. 3.622 0. 0. -1. 0.
-1.000 -0.020 -0. -49.239 -0.020 1.000 0. 3.566 0. 0. -1. 0.
-1. -0.012 -0. -51.027 -0.012 1. 0. 3.632 0. 0. -1. 0.
-1. 0.003 0. -52.730 0.003 1. 0. 3.608 0. 0. -1. 0.
-1.000 0.025 0. -54.320 0.025 1.000 0. 3.682 0. 0. -1. 0.
-0.999 0.048 0. -55.912 0.048 0.999 0. 3.792 0. 0. -1. 0.
-0.997 0.076 0. -57.350 0.076 0.997 0. 3.904 0. 0. -1. 0.
-0.992 0.124 0. -58.816 0.124 0.992 0. 4.060 0. 0. -1. 0.
-0.986 0.170 0. -60.094 0.170 0.986 0. 4.388 0. 0. -1. 0.
-0.973 0.231 0. -61.333 0.231 0.973 0. 4.648 0. 0. -1. 0.
-0.951 0.309 0. -62.431 0.309 0.951 0. 5.002 0. 0. -1. 0.
-0.923 0.385 0. -63.441 0.385 0.923 0. 5.397 0. 0. -1. 0.
-0.888 0.460 0. -64.370 0.460 0.888 0. 5.963 0. 0. -1. 0.
-0.840 0.543 0. -65.235 0.543 0.840 0. 6.594 0. 0. -1. 0.
-0.777 0.629 0. -66.007 0.629 0.777 0. 7.273 0. 0. -1. 0.
-0.707 0.707 0. -66.744 0.707 0.707 0. 7.986 0. 0. -1. 0.
-0.626 0.780 0. -67.351 0.780 0.626 0. 8.792 0. 0. -1. 0.
-0.540 0.842 0. -67.696 0.842 0.540 0. 9.719 0. 0. -1. 0.
-0.451 0.893 0. -68.164 0.893 0.451 0. 10.621 0. 0. -1. 0.
-0.362 0.932 0. -68.505 0.932 0.362 0. 11.583 0. 0. -1. 0.
-0.263 0.965 0. -68.910 0.965 0.263 0. 12.650 0. 0. -1. 0.
-0.189 0.982 0. -68.943 0.982 0.189 0. 13.906 0. 0. -1. 0.
-0.123 0.992 0. -69.110 0.992 0.123 0. 15.119 0. 0. -1. 0.
-0.075 0.997 0. -69.325 0.997 0.075 0. 16.482 0. 0. -1. 0.
-0.044 0.999 0. -69.196 0.999 0.044 0. 17.854 0. 0. -1. 0.
-0.027 1.000 0. -69.262 1.000 0.027 0. 19.398 0. 0. -1. 0.
0.003 1. 0. -69.151 1. -0.003 -0. 20.856 0. 0. -1. 0.
-0.000 1. 0. -69.245 1. 0.000 0. 22.456 0. 0. -1. 0.
0.019 1.000 0. -69.100 1.000 -0.019 -0. 23.992 0. 0. -1. 0.
0.010 1. 0. -69.186 1. -0.010 -0. 25.720 0. 0. -1. 0.
0.016 1.000 0. -68.950 1.000 -0.016 -0. 27.429 0. 0. -1. 0.
0.015 1.000 0. -68.939 1.000 -0.015 -0. 29.043 0. 0. -1. 0.
0.024 1.000 0. -68.876 1.000 -0.024 -0. 30.720 0. 0. -1. 0.
0.033 0.999 0. -68.765 0.999 -0.033 -0. 32.459 0. 0. -1. 0.
0.043 0.999 0. -68.640 0.999 -0.043 -0. 34.131 0. 0. -1. 0.
0.052 0.999 0. -68.578 0.999 -0.052 -0. 35.776 0. 0. -1. 0.
0.066 0.998 0. -68.331 0.998 -0.066 -0. 37.426 0. 0. -1. 0.
0.085 0.996 0. -68.251 0.996 -0.085 -0. 39.093 0. 0. -1. 0.
0.114 0.993 0. -67.977 0.993 -0.114 -0. 40.668 0. 0. -1. 0.
0.132 0.991 0. -67.783 0.991 -0.132 -0. 42.334 0. 0. -1. 0.
0.149 0.989 0. -67.384 0.989 -0.149 -0. 43.847 0. 0. -1. 0.
0.152 0.988 0. -67.168 0.988 -0.152 -0. 45.447 0. 0. -1. 0.
0.166 0.986 0. -66.841 0.986 -0.166 -0. 46.993 0. 0. -1. 0.
0.161 0.987 0. -66.610 0.987 -0.161 -0. 48.671 0. 0. -1. 0.
0.148 0.989 0. -66.257 0.989 -0.148 -0. 50.216 0. 0. -1. 0.
0.132 0.991 0. -66.065 0.991 -0.132 -0. 51.835 0. 0. -1. 0.
0.113 0.994 0. -65.777 0.994 -0.113 -0. 53.509 0. 0. -1. 0.
0.086 0.996 0. -65.680 0.996 -0.086 -0. 55.181 0. 0. -1. 0.
0.072 0.997 0. -65.449 0.997 -0.072 -0. 56.868 0. 0. -1. 0.
0.057 0.998 0. -65.375 0.998 -0.057 -0. 58.592 0. 0. -1. 0.
0.030 1.000 0. -65.265 1.000 -0.030 -0. 60.188 0. 0. -1. 0.
0.018 1.000 0. -65.256 1.000 -0.018 -0. 61.873 0. 0. -1. 0.
0.008 1. 0. -65.232 1. -0.008 -0. 63.462 0. 0. -1. 0.
-0.014 1. 0. -65.156 1. 0.014 0. 65.071 0. 0. -1. 0.
-0.020 1.000 0. -65.240 1.000 0.020 0. 66.663 0. 0. -1. 0.
-0.034 0.999 0. -65.277 0.999 0.034 0. 68.194 0. 0. -1. 0.
-0.048 0.999 0. -65.308 0.999 0.048 0. 69.729 0. 0. -1. 0.
-0.050 0.999 0. -65.408 0.999 0.050 0. 71.317 0. 0. -1. 0.
-0.056 0.998 0. -65.362 0.998 0.056 0. 72.885 0. 0. -1. 0.
-0.054 0.999 0. -65.441 0.999 0.054 0. 74.512 0. 0. -1. 0.
-0.063 0.998 0. -65.552 0.998 0.063 0. 76.065 0. 0. -1. 0.
-0.072 0.997 0. -65.576 0.997 0.072 0. 77.764 0. 0. -1. 0.
-0.084 0.996 0. -65.712 0.996 0.084 0. 79.365 0. 0. -1. 0.
-0.089 0.996 0. -65.798 0.996 0.089 0. 81.087 0. 0. -1. 0.
-0.109 0.994 0. -66.043 0.994 0.109 0. 82.636 0. 0. -1. 0.
-0.132 0.991 0. -66.218 0.991 0.132 0. 84.244 0. 0. -1. 0.
-0.174 0.985 0. -66.419 0.985 0.174 0. 85.734 0. 0. -1. 0.
-0.218 0.976 0. -66.775 0.976 0.218 0. 87.269 0. 0. -1. 0.
-0.269 0.963 0. -67.100 0.963 0.269 0. 88.760 0. 0. -1. 0.
-0.326 0.945 0. -67.494 0.945 0.326 0. 90.181 0. 0. -1. 0.
-0.383 0.924 0. -68.063 0.924 0.383 0. 91.454 0. 0. -1. 0.
-0.454 0.891 0. -68.687 0.891 0.454 0. 92.608 0. 0. -1. 0.
-0.522 0.853 0. -69.360 0.853 0.522 0. 93.945 0. 0. -1. 0.
-0.591 0.807 0. -70.201 0.807 0.591 0. 95.007 0. 0. -1. 0.
-0.672 0.741 0. -71.013 0.741 0.672 0. 96.040 0. 0. -1. 0.
-0.736 0.677 0. -72.016 0.677 0.736 0. 97.033 0. 0. -1. 0.
-0.797 0.603 0. -73.023 0.603 0.797 0. 97.757 0. 0. -1. 0.
-0.856 0.517 0. -74.055 0.517 0.856 0. 98.518 0. 0. -1. 0.
-0.898 0.440 0. -75.086 0.440 0.898 0. 99.013 0. 0. -1. 0.
-0.934 0.358 0. -76.359 0.358 0.934 0. 99.423 0. 0. -1. 0.
-0.958 0.285 0. -77.595 0.285 0.958 0. 99.846 0. 0. -1. 0.
-0.974 0.228 0. -78.857 0.228 0.974 0. 100.034 0. 0. -1. 0.
-0.982 0.191 0. -80.232 0.191 0.982 0. 100.448 0. 0. -1. 0.
-0.985 0.172 0. -81.557 0.172 0.985 0. 100.623 0. 0. -1. 0.
-0.988 0.157 0. -82.983 0.157 0.988 0. 100.969 0. 0. -1. 0.
-0.987 0.159 0. -84.484 0.159 0.987 0. 101.259 0. 0. -1. 0.
-0.984 0.178 0. -85.987 0.178 0.984 0. 101.494 0. 0. -1. 0.
-0.975 0.224 0. -87.522 0.224 0.975 0. 101.690 0. 0. -1. 0.
-0.959 0.283 0. -88.989 0.283 0.959 0. 102.278 0. 0. -1. 0.
-0.941 0.339 0. -90.404 0.339 0.941 0. 102.912 0. 0. -1. 0.
-0.915 0.404 0. -91.885 0.404 0.915 0. 103.617 0. 0. -1. 0.
-0.881 0.473 0. -93.280 0.473 0.881 0. 104.398 0. 0. -1. 0.
-0.846 0.533 0. -94.666 0.533 0.846 0. 105.314 0. 0. -1. 0.
-0.811 0.585 0. -96.100 0.585 0.811 0. 106.321 0. 0. -1. 0.
-0.779 0.627 0. -97.528 0.627 0.779 0. 107.388 0. 0. -1. 0.
-0.754 0.657 0. -98.895 0.657 0.754 0. 108.558 0. 0. -1. 0.
-0.731 0.682 0. -100.289 0.682 0.731 0. 109.891 0. 0. -1. 0.
-0.714 0.700 0. -101.641 0.700 0.714 0. 111.394 0. 0. -1. 0.
-0.700 0.714 0. -103.196 0.714 0.700 0. 112.657 0. 0. -1. 0.
-0.696 0.718 0. -104.681 0.718 0.696 0. 114.147 0. 0. -1. 0.
-0.704 0.710 0. -106.138 0.710 0.704 0. 115.926 0. 0. -1. 0.
-0.699 0.715 0. -107.600 0.715 0.699 0. 117.495 0. 0. -1. 0.
-0.700 0.715 0. -109.125 0.715 0.700 0. 119.128 0. 0. -1. 0.
-0.707 0.708 0. -110.801 0.708 0.707 0. 120.714 0. 0. -1. 0.
-0.707 0.707 0. -112.289 0.707 0.707 0. 122.474 0. 0. -1. 0.
-0.705 0.709 0. -114.046 0.709 0.705 0. 123.903 0. 0. -1. 0.
-0.703 0.711 0. -115.624 0.711 0.703 0. 125.755 0. 0. -1. 0.
-0.703 0.711 0. -117.306 0.711 0.703 0. 127.422 0. 0. -1. 0.
-0.697 0.717 0. -118.899 0.717 0.697 0. 129.169 0. 0. -1. 0.
-0.703 0.712 0. -120.503 0.712 0.703 0. 130.905 0. 0. -1. 0.
-0.697 0.717 0. -122.196 0.717 0.697 0. 132.663 0. 0. -1. 0.
-0.694 0.720 0. -123.794 0.720 0.694 0. 134.429 0. 0. -1. 0.
-0.696 0.718 0. -125.518 0.718 0.696 0. 136.192 0. 0. -1. 0.
-0.697 0.717 0. -127.183 0.717 0.697 0. 138.086 0. 0. -1. 0.
-0.698 0.716 0. -128.948 0.716 0.698 0. 139.777 0. 0. -1. 0.
-0.702 0.712 0. -130.544 0.712 0.702 0. 141.604 0. 0. -1. 0.
-0.707 0.707 0. -132.196 0.707 0.707 0. 143.358 0. 0. -1. 0.
-0.705 0.709 0. -133.894 0.709 0.705 0. 145.178 0. 0. -1. 0.
-0.703 0.711 0. -135.463 0.711 0.703 0. 146.928 0. 0. -1. 0.
-0.704 0.710 0. -137.211 0.710 0.704 0. 148.622 0. 0. -1. 0.
-0.699 0.715 0. -138.823 0.715 0.699 0. 150.284 0. 0. -1. 0.
-0.687 0.727 0. -140.411 0.727 0.687 0. 151.978 0. 0. -1. 0.
-0.672 0.740 0. -141.928 0.740 0.672 0. 153.708 0. 0. -1. 0.
-0.655 0.756 0. -143.436 0.756 0.655 0. 155.454 0. 0. -1. 0.
-0.638 0.770 0. -144.816 0.770 0.638 0. 157.232 0. 0. -1. 0.
-0.626 0.780 0. -146.295 0.780 0.626 0. 159.072 0. 0. -1. 0.
-0.600 0.800 0. -147.615 0.800 0.600 0. 160.920 0. 0. -1. 0.
-0.573 0.819 0. -148.855 0.819 0.573 0. 162.811 0. 0. -1. 0.
-0.545 0.838 0. -150.056 0.838 0.545 0. 164.722 0. 0. -1. 0.
-0.511 0.859 0. -151.254 0.859 0.511 0. 166.702 0. 0. -1. 0.
-0.479 0.878 0. -152.154 0.878 0.479 0. 168.773 0. 0. -1. 0.
-0.441 0.898 0. -153.233 0.898 0.441 0. 170.859 0. 0. -1. 0.
-0.403 0.915 0. -154.146 0.915 0.403 0. 172.956 0. 0. -1. 0.
-0.358 0.934 0. -155.069 0.934 0.358 0. 175.074 0. 0. -1. 0.
-0.326 0.945 0. -155.668 0.945 0.326 0. 177.282 0. 0. -1. 0.
-0.286 0.958 0. -156.384 0.958 0.286 0. 179.463 0. 0. -1. 0.
-0.251 0.968 0. -156.900 0.968 0.251 0. 181.670 0. 0. -1. 0.
-0.222 0.975 0. -157.386 0.975 0.222 0. 183.886 0. 0. -1. 0.
-0.200 0.980 0. -157.689 0.980 0.200 0. 186.139 0. 0. -1. 0.
-0.175 0.985 0. -158.370 0.985 0.175 0. 188.346 0. 0. -1. 0.
-0.166 0.986 0. -158.423 0.986 0.166 0. 190.615 0. 0. -1. 0.
-0.152 0.988 0. -158.839 0.988 0.152 0. 192.823 0. 0. -1. 0.
-0.137 0.991 0. -159.156 0.991 0.137 0. 195.023 0. 0. -1. 0.
-0.124 0.992 0. -159.386 0.992 0.124 0. 197.156 0. 0. -1. 0.
-0.120 0.993 0. -159.469 0.993 0.120 0. 199.327 0. 0. -1. 0.
-0.109 0.994 0. -159.785 0.994 0.109 0. 201.423 0. 0. -1. 0.
-0.111 0.994 0. -159.872 0.994 0.111 0. 203.556 0. 0. -1. 0.
-0.110 0.994 0. -160.128 0.994 0.110 0. 205.668 0. 0. -1. 0.
-0.115 0.993 0. -160.232 0.993 0.115 0. 207.701 0. 0. -1. 0.
-0.118 0.993 0. -160.379 0.993 0.118 0. 209.734 0. 0. -1. 0.
-0.136 0.991 0. -160.605 0.991 0.136 0. 211.765 0. 0. -1. 0.
-0.153 0.988 0. -160.976 0.988 0.153 0. 213.750 0. 0. -1. 0.
-0.173 0.985 0. -161.211 0.985 0.173 0. 215.716 0. 0. -1. 0.
-0.194 0.981 0. -161.731 0.981 0.194 0. 217.639 0. 0. -1. 0.
-0.233 0.972 0. -161.999 0.972 0.233 0. 219.504 0. 0. -1. 0.
-0.274 0.962 0. -162.561 0.962 0.274 0. 221.366 0. 0. -1. 0.
-0.328 0.945 0. -163.138 0.945 0.328 0. 223.177 0. 0. -1. 0.
-0.378 0.926 0. -163.814 0.926 0.378 0. 224.899 0. 0. -1. 0.
-0.433 0.902 0. -164.587 0.902 0.433 0. 226.581 0. 0. -1. 0.
-0.486 0.874 0. -165.411 0.874 0.486 0. 228.231 0. 0. -1. 0.
-0.538 0.843 0. -166.348 0.843 0.538 0. 229.790 0. 0. -1. 0.
-0.588 0.809 0. -167.543 0.809 0.588 0. 231.193 0. 0. -1. 0.
-0.640 0.768 0. -168.574 0.768 0.640 0. 232.570 0. 0. -1. 0.
-0.699 0.715 0. -169.734 0.715 0.699 0. 233.949 0. 0. -1. 0.
-0.750 0.662 0. -171.216 0.662 0.750 0. 235.129 0. 0. -1. 0.
-0.794 0.607 0. -172.673 0.607 0.794 0. 236.225 0. 0. -1. 0.
-0.835 0.550 0. -174.202 0.550 0.835 0. 237.292 0. 0. -1. 0.
-0.871 0.491 0. -175.879 0.491 0.871 0. 238.198 0. 0. -1. 0.
-0.899 0.439 0. -177.495 0.439 0.899 0. 239.133 0. 0. -1. 0.
-0.919 0.395 0. -179.226 0.395 0.919 0. 239.994 0. 0. -1. 0.
-0.935 0.354 0. -181.071 0.354 0.935 0. 240.733 0. 0. -1. 0.
-0.948 0.317 0. -182.931 0.317 0.948 0. 241.359 0. 0. -1. 0.
-0.958 0.287 0. -184.874 0.287 0.958 0. 242.022 0. 0. -1. 0.
-0.962 0.275 0. -186.876 0.275 0.962 0. 242.653 0. 0. -1. 0.
-0.962 0.274 0. -188.960 0.274 0.962 0. 243.251 0. 0. -1. 0.
-0.962 0.274 0. -190.979 0.274 0.962 0. 243.917 0. 0. -1. 0.
-0.962 0.272 0. -193.092 0.272 0.962 0. 244.533 0. 0. -1. 0.
-0.963 0.269 0. -195.371 0.269 0.963 0. 245.194 0. 0. -1. 0.
-0.964 0.268 0. -197.515 0.268 0.964 0. 245.814 0. 0. -1. 0.
-0.965 0.263 0. -199.648 0.263 0.965 0. 246.500 0. 0. -1. 0.
-0.965 0.264 0. -201.875 0.264 0.965 0. 247.099 0. 0. -1. 0.
-0.965 0.264 0. -203.972 0.264 0.965 0. 247.654 0. 0. -1. 0.
-0.965 0.262 0. -206.199 0.262 0.965 0. 248.309 0. 0. -1. 0.
-0.964 0.265 0. -208.320 0.265 0.964 0. 249.033 0. 0. -1. 0.
-0.964 0.266 0. -210.347 0.266 0.964 0. 249.621 0. 0. -1. 0.
-0.966 0.260 0. -212.438 0.260 0.966 0. 250.154 0. 0. -1. 0.
-0.968 0.250 0. -214.628 0.250 0.968 0. 250.713 0. 0. -1. 0.
-0.969 0.248 0. -216.654 0.248 0.969 0. 251.325 0. 0. -1. 0.
-0.968 0.250 0. -218.617 0.250 0.968 0. 251.846 0. 0. -1. 0.
-0.969 0.248 0. -220.755 0.248 0.969 0. 252.393 0. 0. -1. 0.
-0.966 0.257 0. -222.720 0.257 0.966 0. 252.960 0. 0. -1. 0.
-0.962 0.272 0. -224.557 0.272 0.962 0. 253.553 0. 0. -1. 0.
-0.960 0.281 0. -226.592 0.281 0.960 0. 254.069 0. 0. -1. 0.
-0.956 0.295 0. -228.421 0.295 0.956 0. 254.693 0. 0. -1. 0.
-0.952 0.307 0. -230.244 0.307 0.952 0. 255.343 0. 0. -1. 0.
-0.943 0.333 0. -231.910 0.333 0.943 0. 255.924 0. 0. -1. 0.
-0.933 0.359 0. -233.482 0.359 0.933 0. 256.512 0. 0. -1. 0.
-0.925 0.379 0. -235.011 0.379 0.925 0. 257.163 0. 0. -1. 0.
-0.916 0.401 0. -236.281 0.401 0.916 0. 257.744 0. 0. -1. 0.
-0.905 0.425 0. -237.608 0.425 0.905 0. 258.409 0. 0. -1. 0.
-0.898 0.440 0. -238.769 0.440 0.898 0. 259.096 0. 0. -1. 0.
-0.895 0.447 0. -239.938 0.447 0.895 0. 259.644 0. 0. -1. 0.
-0.890 0.456 0. -240.927 0.456 0.890 0. 260.230 0. 0. -1. 0.
-0.886 0.463 0. -241.870 0.463 0.886 0. 260.661 0. 0. -1. 0.
-0.880 0.476 0. -242.824 0.476 0.880 0. 261.108 0. 0. -1. 0.
-0.879 0.476 0. -243.576 0.476 0.879 0. 261.582 0. 0. -1. 0.
-0.874 0.486 0. -244.322 0.486 0.874 0. 262.119 0. 0. -1. 0.
-0.871 0.491 0. -244.963 0.491 0.871 0. 262.459 0. 0. -1. 0.
-0.867 0.499 0. -245.511 0.499 0.867 0. 262.753 0. 0. -1. 0.
-0.866 0.500 0. -245.986 0.500 0.866 0. 263.051 0. 0. -1. 0.
-0.863 0.505 0. -246.436 0.505 0.863 0. 263.430 0. 0. -1. 0.
-0.862 0.507 0. -246.737 0.507 0.862 0. 263.541 0. 0. -1. 0.
-0.858 0.513 0. -247.067 0.513 0.858 0. 263.813 0. 0. -1. 0.
-0.857 0.515 0. -247.324 0.515 0.857 0. 263.869 0. 0. -1. 0.
-0.858 0.513 0. -247.619 0.513 0.858 0. 264.096 0. 0. -1. 0.
-0.855 0.518 0. -247.792 0.518 0.855 0. 264.233 0. 0. -1. 0.
-0.852 0.524 0. -247.935 0.524 0.852 0. 264.284 0. 0. -1. 0.
-0.850 0.527 0. -248.061 0.527 0.850 0. 264.369 0. 0. -1. 0.
-0.849 0.529 0. -248.211 0.529 0.849 0. 264.484 0. 0. -1. 0.
-0.852 0.524 0. -248.394 0.524 0.852 0. 264.598 0. 0. -1. 0.
-0.850 0.527 0. -248.618 0.527 0.850 0. 264.697 0. 0. -1. 0.
-0.847 0.531 0. -248.722 0.531 0.847 0. 264.713 0. 0. -1. 0.
-0.848 0.531 0. -248.981 0.531 0.848 0. 264.985 0. 0. -1. 0.
-0.843 0.538 0. -249.286 0.538 0.843 0. 265.216 0. 0. -1. 0.
-0.839 0.545 0. -249.691 0.545 0.839 0. 265.458 0. 0. -1. 0.
-0.833 0.553 0. -250.135 0.553 0.833 0. 265.774 0. 0. -1. 0.
-0.823 0.568 0. -250.547 0.568 0.823 0. 266.047 0. 0. -1. 0.
-0.810 0.587 0. -251.038 0.587 0.810 0. 266.334 0. 0. -1. 0.
-0.792 0.610 0. -251.468 0.610 0.792 0. 266.828 0. 0. -1. 0.
-0.765 0.644 0. -252.057 0.644 0.765 0. 267.271 0. 0. -1. 0.
-0.727 0.687 0. -252.774 0.687 0.727 0. 267.758 0. 0. -1. 0.
-0.671 0.741 0. -253.271 0.741 0.671 0. 268.478 0. 0. -1. 0.
-0.611 0.792 0. -253.691 0.792 0.611 0. 269.265 0. 0. -1. 0.
-0.543 0.840 0. -254.231 0.840 0.543 0. 269.942 0. 0. -1. 0.
-0.470 0.883 0. -254.455 0.883 0.470 0. 270.938 0. 0. -1. 0.
-0.387 0.922 0. -254.850 0.922 0.387 0. 272.013 0. 0. -1. 0.
-0.292 0.956 0. -255.175 0.956 0.292 0. 272.991 0. 0. -1. 0.
-0.196 0.981 0. -255.402 0.981 0.196 0. 274.169 0. 0. -1. 0.
-0.109 0.994 0. -255.539 0.994 0.109 0. 275.450 0. 0. -1. 0.
-0.020 1.000 0. -255.492 1.000 0.020 0. 276.896 0. 0. -1. 0.
0.067 0.998 0. -255.425 0.998 -0.067 -0. 278.419 0. 0. -1. 0.
0.131 0.991 0. -255.081 0.991 -0.131 -0. 280.018 0. 0. -1. 0.
0.163 0.987 0. -254.696 0.987 -0.163 -0. 281.836 0. 0. -1. 0.
0.186 0.982 0. -254.426 0.982 -0.186 -0. 283.845 0. 0. -1. 0.
0.202 0.979 0. -253.988 0.979 -0.202 -0. 285.781 0. 0. -1. 0.
0.216 0.976 0. -253.573 0.976 -0.216 -0. 287.980 0. 0. -1. 0.
0.229 0.973 0. -252.926 0.973 -0.229 -0. 290.215 0. 0. -1. 0.
0.232 0.973 0. -252.267 0.973 -0.232 -0. 292.520 0. 0. -1. 0.
0.241 0.971 0. -251.751 0.971 -0.241 -0. 294.920 0. 0. -1. 0.
0.251 0.968 0. -251.099 0.968 -0.251 -0. 297.317 0. 0. -1. 0.
0.259 0.966 0. -250.265 0.966 -0.259 -0. 299.827 0. 0. -1. 0.
0.259 0.966 0. -249.629 0.966 -0.259 -0. 302.384 0. 0. -1. 0.
0.263 0.965 0. -248.869 0.965 -0.263 -0. 305.003 0. 0. -1. 0.
0.264 0.965 0. -248.069 0.965 -0.264 -0. 307.707 0. 0. -1. 0.
0.263 0.965 0. -247.269 0.965 -0.263 -0. 310.457 0. 0. -1. 0.
0.268 0.963 0. -246.441 0.963 -0.268 -0. 313.308 0. 0. -1. 0.
0.261 0.965 0. -245.525 0.965 -0.261 -0. 316.210 0. 0. -1. 0.
0.262 0.965 0. -244.732 0.965 -0.262 -0. 319.212 0. 0. -1. 0.
0.265 0.964 0. -243.821 0.964 -0.265 -0. 322.243 0. 0. -1. 0.
0.267 0.964 0. -242.891 0.964 -0.267 -0. 325.408 0. 0. -1. 0.
0.273 0.962 0. -241.979 0.962 -0.273 -0. 328.580 0. 0. -1. 0.
0.268 0.963 0. -240.874 0.963 -0.268 -0. 331.787 0. 0. -1. 0.
0.271 0.962 0. -240.025 0.962 -0.271 -0. 335.194 0. 0. -1. 0.
0.267 0.964 0. -238.911 0.964 -0.267 -0. 338.575 0. 0. -1. 0.
0.270 0.963 0. -237.929 0.963 -0.270 -0. 342.022 0. 0. -1. 0.
0.268 0.964 0. -236.953 0.964 -0.268 -0. 345.470 0. 0. -1. 0.
0.263 0.965 0. -235.790 0.965 -0.263 -0. 348.967 0. 0. -1. 0.
0.268 0.963 0. -234.947 0.963 -0.268 -0. 352.514 0. 0. -1. 0.
0.267 0.964 0. -233.837 0.964 -0.267 -0. 355.995 0. 0. -1. 0.
0.263 0.965 0. -232.782 0.965 -0.263 -0. 359.510 0. 0. -1. 0.
0.268 0.963 0. -231.739 0.963 -0.268 -0. 362.964 0. 0. -1. 0.
0.259 0.966 0. -230.713 0.966 -0.259 -0. 366.470 0. 0. -1. 0.
0.261 0.965 0. -229.685 0.965 -0.261 -0. 369.908 0. 0. -1. 0.
0.265 0.964 0. -228.757 0.964 -0.265 -0. 373.352 0. 0. -1. 0.
0.268 0.963 0. -227.814 0.963 -0.268 -0. 376.754 0. 0. -1. 0.
0.271 0.962 0. -226.799 0.962 -0.271 -0. 380.187 0. 0. -1. 0.
0.269 0.963 0. -225.562 0.963 -0.269 -0. 383.566 0. 0. -1. 0.
0.273 0.962 0. -224.696 0.962 -0.273 -0. 387.043 0. 0. -1. 0.
0.269 0.963 0. -223.544 0.963 -0.269 -0. 390.328 0. 0. -1. 0.
0.276 0.961 0. -222.611 0.961 -0.276 -0. 393.842 0. 0. -1. 0.
0.270 0.963 0. -221.550 0.963 -0.270 -0. 397.214 0. 0. -1. 0.
0.270 0.963 0. -220.558 0.963 -0.270 -0. 400.644 0. 0. -1. 0.
0.274 0.962 0. -219.552 0.962 -0.274 -0. 404.027 0. 0. -1. 0.
0.263 0.965 0. -218.480 0.965 -0.263 -0. 407.409 0. 0. -1. 0.
0.265 0.964 0. -217.515 0.964 -0.265 -0. 410.886 0. 0. -1. 0.
0.262 0.965 0. -216.495 0.965 -0.262 -0. 414.253 0. 0. -1. 0.
0.258 0.966 0. -215.499 0.966 -0.258 -0. 417.685 0. 0. -1. 0.
0.258 0.966 0. -214.541 0.966 -0.258 -0. 421.054 0. 0. -1. 0.
0.261 0.965 0. -213.556 0.965 -0.261 -0. 424.448 0. 0. -1. 0.
0.264 0.965 0. -212.521 0.965 -0.264 -0. 427.781 0. 0. -1. 0.
0.258 0.966 0. -211.595 0.966 -0.258 -0. 431.124 0. 0. -1. 0.
0.260 0.966 0. -210.636 0.966 -0.260 -0. 434.495 0. 0. -1. 0.
0.261 0.965 0. -209.674 0.965 -0.261 -0. 437.811 0. 0. -1. 0.
0.260 0.966 0. -208.748 0.966 -0.260 -0. 441.131 0. 0. -1. 0.
0.260 0.966 0. -207.776 0.966 -0.260 -0. 444.435 0. 0. -1. 0.
0.262 0.965 0. -206.872 0.965 -0.262 -0. 447.754 0. 0. -1. 0.
0.261 0.965 0. -205.893 0.965 -0.261 -0. 450.976 0. 0. -1. 0.
0.260 0.966 0. -204.945 0.966 -0.260 -0. 454.253 0. 0. -1. 0.
0.262 0.965 0. -204.069 0.965 -0.262 -0. 457.507 0. 0. -1. 0.
0.263 0.965 0. -203.078 0.965 -0.263 -0. 460.750 0. 0. -1. 0.
0.264 0.964 0. -202.166 0.964 -0.264 -0. 463.980 0. 0. -1. 0.
0.267 0.964 0. -201.071 0.964 -0.267 -0. 467.095 0. 0. -1. 0.
0.266 0.964 0. -200.220 0.964 -0.266 -0. 470.348 0. 0. -1. 0.
0.260 0.966 0. -199.322 0.966 -0.260 -0. 473.519 0. 0. -1. 0.
0.260 0.966 0. -198.329 0.966 -0.260 -0. 476.600 0. 0. -1. 0.
0.265 0.964 0. -197.459 0.964 -0.265 -0. 479.754 0. 0. -1. 0.
0.268 0.964 0. -196.573 0.964 -0.268 -0. 482.864 0. 0. -1. 0.
0.265 0.964 0. -195.653 0.964 -0.265 -0. 485.922 0. 0. -1. 0.
0.261 0.965 0. -194.737 0.965 -0.261 -0. 488.967 0. 0. -1. 0.
0.261 0.965 0. -193.909 0.965 -0.261 -0. 491.987 0. 0. -1. 0.
0.265 0.964 0. -192.984 0.964 -0.265 -0. 494.969 0. 0. -1. 0.
0.263 0.965 0. -192.179 0.965 -0.263 -0. 497.875 0. 0. -1. 0.
0.258 0.966 0. -191.325 0.966 -0.258 -0. 500.891 0. 0. -1. 0.
0.258 0.966 0. -190.540 0.966 -0.258 -0. 503.893 0. 0. -1. 0.
0.260 0.966 0. -189.719 0.966 -0.260 -0. 506.735 0. 0. -1. 0.
0.254 0.967 0. -188.901 0.967 -0.254 -0. 509.600 0. 0. -1. 0.
0.256 0.967 0. -188.088 0.967 -0.256 -0. 512.374 0. 0. -1. 0.
0.256 0.967 0. -187.353 0.967 -0.256 -0. 515.091 0. 0. -1. 0.
0.258 0.966 0. -186.610 0.966 -0.258 -0. 517.771 0. 0. -1. 0.
0.263 0.965 0. -185.855 0.965 -0.263 -0. 520.333 0. 0. -1. 0.
0.255 0.967 0. -185.121 0.967 -0.255 -0. 522.862 0. 0. -1. 0.
0.262 0.965 0. -184.472 0.965 -0.262 -0. 525.389 0. 0. -1. 0.
0.267 0.964 0. -183.722 0.964 -0.267 -0. 527.719 0. 0. -1. 0.
0.272 0.962 0. -183.032 0.962 -0.272 -0. 530.128 0. 0. -1. 0.
0.268 0.963 0. -182.344 0.963 -0.268 -0. 532.380 0. 0. -1. 0.
0.277 0.961 0. -181.664 0.961 -0.277 -0. 534.661 0. 0. -1. 0.
0.285 0.958 0. -181.017 0.958 -0.285 -0. 536.859 0. 0. -1. 0.
0.285 0.958 0. -180.316 0.958 -0.285 -0. 538.996 0. 0. -1. 0.
0.286 0.958 0. -179.689 0.958 -0.286 -0. 540.961 0. 0. -1. 0.
0.289 0.957 0. -179.017 0.957 -0.289 -0. 542.915 0. 0. -1. 0.
0.289 0.957 0. -178.456 0.957 -0.289 -0. 544.823 0. 0. -1. 0.
0.288 0.958 0. -177.960 0.958 -0.288 -0. 546.621 0. 0. -1. 0.
0.288 0.958 0. -177.415 0.958 -0.288 -0. 548.335 0. 0. -1. 0.
0.288 0.958 0. -176.879 0.958 -0.288 -0. 549.927 0. 0. -1. 0.
0.288 0.958 0. -176.403 0.958 -0.288 -0. 551.437 0. 0. -1. 0.
0.291 0.957 0. -175.973 0.957 -0.291 -0. 552.881 0. 0. -1. 0.
0.290 0.957 0. -175.516 0.957 -0.290 -0. 554.196 0. 0. -1. 0.
0.287 0.958 0. -175.113 0.958 -0.287 -0. 555.522 0. 0. -1. 0.
0.282 0.959 0. -174.814 0.959 -0.282 -0. 556.699 0. 0. -1. 0.
0.271 0.963 0. -174.502 0.963 -0.271 -0. 557.722 0. 0. -1. 0.
0.265 0.964 0. -174.182 0.964 -0.265 -0. 558.761 0. 0. -1. 0.
0.260 0.966 0. -173.967 0.966 -0.260 -0. 559.557 0. 0. -1. 0.
0.253 0.967 0. -173.760 0.967 -0.253 -0. 560.361 0. 0. -1. 0.
0.248 0.969 0. -173.557 0.969 -0.248 -0. 561.017 0. 0. -1. 0.
0.247 0.969 0. -173.433 0.969 -0.247 -0. 561.651 0. 0. -1. 0.
0.240 0.971 0. -173.251 0.971 -0.240 -0. 562.084 0. 0. -1. 0.
0.241 0.971 0. -173.162 0.971 -0.241 -0. 562.570 0. 0. -1. 0.
0.235 0.972 0. -173.064 0.972 -0.235 -0. 562.711 0. 0. -1. 0.
0.232 0.973 0. -172.999 0.973 -0.232 -0. 563.157 0. 0. -1. 0.
0.232 0.973 0. -172.954 0.973 -0.232 -0. 563.330 0. 0. -1. 0.
0.233 0.972 0. -172.925 0.972 -0.233 -0. 563.481 0. 0. -1. 0.
0.234 0.972 0. -172.907 0.972 -0.234 -0. 563.596 0. 0. -1. 0.
0.235 0.972 0. -172.867 0.972 -0.235 -0. 563.670 0. 0. -1. 0.
0.235 0.972 0. -172.745 0.972 -0.235 -0. 563.690 0. 0. -1. 0.
0.235 0.972 0. -172.764 0.972 -0.235 -0. 563.753 0. 0. -1. 0.
0.229 0.974 0. -172.861 0.974 -0.229 -0. 563.725 0. 0. -1. 0.
0.229 0.973 0. -172.843 0.973 -0.229 -0. 563.765 0. 0. -1. 0.
0.234 0.972 0. -172.878 0.972 -0.234 -0. 563.696 0. 0. -1. 0.
0.237 0.971 0. -172.894 0.971 -0.237 -0. 563.635 0. 0. -1. 0.
0.231 0.973 0. -172.862 0.973 -0.231 -0. 563.739 0. 0. -1. 0.
0.233 0.972 0. -172.859 0.972 -0.233 -0. 563.726 0. 0. -1. 0.
0.236 0.972 0. -172.835 0.972 -0.236 -0. 563.713 0. 0. -1. 0.
0.229 0.973 0. -172.863 0.973 -0.229 -0. 563.717 0. 0. -1. 0.
0.233 0.973 0. -172.821 0.973 -0.233 -0. 563.789 0. 0. -1. 0.
0.232 0.973 0. -172.809 0.973 -0.232 -0. 563.711 0. 0. -1. 0.
0.234 0.972 0. -172.790 0.972 -0.234 -0. 563.750 0. 0. -1. 0.
0.231 0.973 0. -172.849 0.973 -0.231 -0. 563.731 0. 0. -1. 0.
0.236 0.972 0. -172.822 0.972 -0.236 -0. 563.755 0. 0. -1. 0.
0.231 0.973 0. -172.860 0.973 -0.231 -0. 563.734 0. 0. -1. 0.
0.235 0.972 0. -172.902 0.972 -0.235 -0. 563.730 0. 0. -1. 0.
0.236 0.972 0. -172.874 0.972 -0.236 -0. 563.670 0. 0. -1. 0.
0.229 0.974 0. -172.828 0.974 -0.229 -0. 563.763 0. 0. -1. 0.
0.233 0.972 0. -172.862 0.972 -0.233 -0. 563.745 0. 0. -1. 0.
0.235 0.972 0. -172.866 0.972 -0.235 -0. 563.738 0. 0. -1. 0.
0.236 0.972 0. -172.828 0.972 -0.236 -0. 563.815 0. 0. -1. 0.
0.229 0.974 0. -172.767 0.974 -0.229 -0. 563.953 0. 0. -1. 0.
0.235 0.972 0. -172.713 0.972 -0.235 -0. 564.077 0. 0. -1. 0.
0.237 0.972 0. -172.783 0.972 -0.237 -0. 564.169 0. 0. -1. 0.
0.229 0.973 0. -172.644 0.973 -0.229 -0. 564.397 0. 0. -1. 0.
0.235 0.972 0. -172.595 0.972 -0.235 -0. 564.680 0. 0. -1. 0.
0.233 0.972 0. -172.566 0.972 -0.233 -0. 564.945 0. 0. -1. 0.
0.235 0.972 0. -172.433 0.972 -0.235 -0. 565.398 0. 0. -1. 0.
0.232 0.973 0. -172.329 0.973 -0.232 -0. 565.947 0. 0. -1. 0.
0.231 0.973 0. -172.113 0.973 -0.231 -0. 566.689 0. 0. -1. 0.
0.229 0.973 0. -171.885 0.973 -0.229 -0. 567.506 0. 0. -1. 0.
0.228 0.974 0. -171.635 0.974 -0.228 -0. 568.421 0. 0. -1. 0.
0.229 0.974 0. -171.445 0.974 -0.229 -0. 569.413 0. 0. -1. 0.
0.225 0.974 0. -171.127 0.974 -0.225 -0. 570.568 0. 0. -1. 0.
0.229 0.973 0. -170.829 0.973 -0.229 -0. 571.814 0. 0. -1. 0.
