1. 0. 0. 0. 0. 1. 0. 0. 0. 0. 1. 0.
1. 0. 0. 0.000 -0. 1. 0. -0.001 0. 0. 1. 0.
1. -0. 0. 0.000 0. 1. 0. 0.005 0. 0. 1. 0.
1. 0. 0. -0.002 -0. 1. 0. 0.002 0. 0. 1. 0.
1. -0. 0. -0.001 0. 1. 0. -0.001 0. 0. 1. 0.
1. 0. 0. 0.001 -0. 1. 0. 0.002 0. 0. 1. 0.
1. 0. 0. 0.004 -0. 1. 0. -0.001 0. 0. 1. 0.
1. -0.000 0. -0.002 0.000 1. 0. -0.001 0. 0. 1. 0.
1. -0. 0. -0.002 0. 1. 0. -0.001 0. 0. 1. 0.
1. 0. 0. -0.000 -0. 1. 0. 0.001 0. 0. 1. 0.
1. 0.000 0. -0.001 -0.000 1. 0. -0.002 0. 0. 1. 0.
1. 0.000 0. 0.001 -0.000 1. 0. 0.002 0. 0. 1. 0.
1. 0. 0. 0.001 -0. 1. 0. 0.001 0. 0. 1. 0.
1. 0. 0. -0.000 -0. 1. 0. -0.001 0. 0. 1. 0.
1. -0. 0. -0.002 0. 1. 0. 0.003 0. 0. 1. 0.
1. 0. 0. -0.002 -0. 1. 0. -0.003 0. 0. 1. 0.
1. 0.000 0. 0.001 -0.000 1. 0. 0.002 0. 0. 1. 0.
1. 0. 0. 0.000 -0. 1. 0. -0.002 0. 0. 1. 0.
1. -0. 0. -0.003 0. 1. 0. -0.001 0. 0. 1. 0.
1. 0. 0. -0.004 -0. 1. 0. -0.002 0. 0. 1. 0.
1. -0.000 0. -0.002 0.000 1. 0. 0.003 0. 0. 1. 0.
1. 0. 0. -0.002 -0. 1. 0. 0.002 0. 0. 1. 0.
1. 0. 0. 0.001 -0. 1. 0. 0.003 0. 0. 1. 0.
1. -0.000 0. -0.002 0.000 1. 0. 0.004 0. 0. 1. 0.
1. -0. 0. 0.000 0. 1. 0. 0.003 0. 0. 1. 0.
1. 0. 0. -0.001 -0. 1. 0. 0.001 0. 0. 1. 0.
1. -0. 0. -0.001 0. 1. 0. 0.003 0. 0. 1. 0.
1. 0. 0. 0.001 -0. 1. 0. -0.001 0. 0. 1. 0.
1. -0. 0. 0.001 0. 1. 0. 0.003 0. 0. 1. 0.
1. 0.000 0. -0.002 -0.000 1. 0. 0.000 0. 0. 1. 0.
1. 0. 0. -0.002 -0. 1. 0. 0.001 0. 0. 1. 0.
1. 0.000 0. -0.001 -0.000 1. 0. -0. 0. 0. 1. 0.
1. 0.000 0. -0.001 -0.000 1. 0. -0.001 0. 0. 1. 0.
1. 0. 0. -0.005 -0. 1. 0. -0.001 0. 0. 1. 0.
1. 0. 0. -0.002 -0. 1. 0. -0.001 0. 0. 1. 0.
1. 0.000 0. -0.002 -0.000 1. 0. -0.003 0. 0. 1. 0.
1. 0. 0. -0.001 -0. 1. 0. -0.002 0. 0. 1. 0.
1. -0. 0. -0.000 0. 1. 0. 0.001 0. 0. 1. 0.
1. 0. 0. -0.001 -0. 1. 0. -0.000 0. 0. 1. 0.
1. 0. 0. 0. -0. 1. 0. 0.000 0. 0. 1. 0.
1. 0. 0. 0.002 -0. 1. 0. 0. 0. 0. 1. 0.
1. -0.000 0. 0. 0.000 1. 0. 0.002 0. 0. 1. 0.
1. -0.000 0. 0.001 0.000 1. 0. -0.001 0. 0. 1. 0.
1. -0. 0. -0.001 0. 1. 0. -0.003 0. 0. 1. 0.
1. -0. 0. 0.001 0. 1. 0. -0.005 0. 0. 1. 0.
1. 0. 0. -0.001 -0. 1. 0. -0.001 0. 0. 1. 0.
1. 0.000 0. 0.001 -0.000 1. 0. -0.004 0. 0. 1. 0.
1. 0. 0. 0.001 -0. 1. 0. -0.003 0. 0. 1. 0.
1. 0. 0. -0.002 -0. 1. 0. -0.003 0. 0. 1. 0.
1. -0.000 0. -0.001 0.000 1. 0. -0.003 0. 0. 1. 0.
1. -0. 0. -0.001 0. 1. 0. -0.006 0. 0. 1. 0.
1. -0. 0. -0.002 0. 1. 0. -0.004 0. 0. 1. 0.
1. 0.000 0. -0.002 -0.000 1. 0. -0.001 0. 0. 1. 0.
1. 0. 0. -0.001 -0. 1. 0. -0.003 0. 0. 1. 0.
1. 0.000 0. -0.002 -0.000 1. 0. -0.000 0. 0. 1. 0.
1. 0. 0. -0.001 -0. 1. 0. -0.001 0. 0. 1. 0.
1. 0. 0. -0.003 -0. 1. 0. 0.002 0. 0. 1. 0.
1. 0.000 0. -0.003 -0.000 1. 0. 0.001 0. 0. 1. 0.
1. 0. 0. -0.002 -0. 1. 0. -0.000 0. 0. 1. 0.
1. 0. 0. -0.004 -0. 1. 0. -0.002 0. 0. 1. 0.
1. 0. 0. -0.000 -0. 1. 0. -0.003 0. 0. 1. 0.
1. 0. 0. -0.002 -0. 1. 0. -0.001 0. 0. 1. 0.
1. -0.000 0. -0.003 0.000 1. 0. 0.002 0. 0. 1. 0.
1. 0. 0. -0.002 -0. 1. 0. -0.002 0. 0. 1. 0.
1. 0. 0. -0.002 -0. 1. 0. 0. 0. 0. 1. 0.
1. 0. 0. -0.001 -0. 1. 0. -0.002 0. 0. 1. 0.
1. 0.000 0. -0.001 -0.000 1. 0. -0.003 0. 0. 1. 0.
1. 0. 0. -0.002 -0. 1. 0. -0.003 0. 0. 1. 0.
1. 0.000 0. -0.003 -0.000 1. 0. -0.001 0. 0. 1. 0.
1. 0. 0. -0.002 -0. 1. 0. -0.001 0. 0. 1. 0.
1. 0. 0. -0.001 -0. 1. 0. -0.004 0. 0. 1. 0.
1. 0. 0. -0.001 -0. 1. 0. -0.003 0. 0. 1. 0.
1. 0. 0. -0.002 -0. 1. 0. -0.002 0. 0. 1. 0.
1. 0. 0. -0.001 -0. 1. 0. -0.001 0. 0. 1. 0.
1. 0. 0. -0.001 -0. 1. 0. -0.003 0. 0. 1. 0.
1. -0. 0. -0.000 0. 1. 0. -0.001 0. 0. 1. 0.
1. 0. 0. -0.001 -0. 1. 0. 0.003 0. 0. 1. 0.
1. 0.000 0. -0.000 -0.000 1. 0. -0.001 0. 0. 1. 0.
1. 0.000 0. -0.001 -0.000 1. 0. -0.002 0. 0. 1. 0.
1. 0.000 0. -0.003 -0.000 1. 0. -0.002 0. 0. 1. 0.
1. -0. 0. 0.000 0. 1. 0. 0.000 0. 0. 1. 0.
1. -0.000 0. -0.003 0.000 1. 0. 0.003 0. 0. 1. 0.
1. 0. 0. -0.003 -0. 1. 0. -0.003 0. 0. 1. 0.
1. -0.000 0. 0.001 0.000 1. 0. -0.001 0. 0. 1. 0.
1. 0. 0. 0.001 -0. 1. 0. -0.003 0. 0. 1. 0.
1. 0. 0. -0. -0. 1. 0. -0.002 0. 0. 1. 0.
1. -0.000 0. 0.001 0.000 1. 0. -0.003 0. 0. 1. 0.
1. 0.000 0. -0.001 -0.000 1. 0. -0.004 0. 0. 1. 0.
1. -0. 0. -0.000 0. 1. 0. -0.003 0. 0. 1. 0.
1. -0. 0. -0.001 0. 1. 0. -0.001 0. 0. 1. 0.
1. -0. 0. 0.001 0. 1. 0. -0.003 0. 0. 1. 0.
1. -0. 0. 0.001 0. 1. 0. -0.002 0. 0. 1. 0.
1. -0. 0. 0.000 0. 1. 0. -0.003 0. 0. 1. 0.
1. -0.000 0. -0.001 0.000 1. 0. 0.001 0. 0. 1. 0.
1. 0. 0. 0.001 -0. 1. 0. -0.001 0. 0. 1. 0.
1. -0.000 0. 0. 0.000 1. 0. 0.000 0. 0. 1. 0.
1. 0. 0. -0.001 -0. 1. 0. -0.001 0. 0. 1. 0.
1. 0. 0. -0. -0. 1. 0. -0.002 0. 0. 1. 0.
1. -0. 0. -0.001 0. 1. 0. 0.001 0. 0. 1. 0.
1. -0. 0. -0.001 0. 1. 0. 0.001 0. 0. 1. 0.
1. 0. 0. -0.000 -0. 1. 0. -0.001 0. 0. 1. 0.
1. -0. 0. 0.000 0. 1. 0. 0.001 0. 0. 1. 0.
1. -0. 0. 0.000 0. 1. 0. 0. 0. 0. 1. 0.
1. -0. 0. 0.000 0. 1. 0. -0.000 0. 0. 1. 0.
1. 0.000 0. -0.001 -0.000 1. 0. -0.002 0. 0. 1. 0.
1. -0. 0. -0.003 0. 1. 0. 0.000 0. 0. 1. 0.
1. 0.000 0. 0.001 -0.000 1. 0. -0.005 0. 0. 1. 0.
1. 0.000 0. -0.000 -0.000 1. 0. -0.002 0. 0. 1. 0.
1. 0. 0. -0.001 -0. 1. 0. -0.004 0. 0. 1. 0.
1. -0. 0. 0.001 0. 1. 0. -0.002 0. 0. 1. 0.
1. 0.000 0. -0.003 -0.000 1. 0. -0.004 0. 0. 1. 0.
1. 0. 0. -0.002 -0. 1. 0. -0.002 0. 0. 1. 0.
1. 0. 0. -0.002 -0. 1. 0. -0.001 0. 0. 1. 0.
1. 0. 0. 0.001 -0. 1. 0. -0.005 0. 0. 1. 0.
1. 0. 0. -0.001 -0. 1. 0. -0.002 0. 0. 1. 0.
1. -0. 0. -0.002 0. 1. 0. 0.000 0. 0. 1. 0.
1. -0. 0. -0.000 0. 1. 0. -0. 0. 0. 1. 0.
1. 0.000 0. -0.002 -0.000 1. 0. -0.002 0. 0. 1. 0.
1. 0. 0. -0.002 -0. 1. 0. -0.006 0. 0. 1. 0.
1. 0. 0. -0.001 -0. 1. 0. -0.000 0. 0. 1. 0.
1. 0.000 0. -0. -0.000 1. 0. -0.001 0. 0. 1. 0.
1. 0. 0. -0.000 -0. 1. 0. -0.002 0. 0. 1. 0.
1. -0. 0. -0.003 0. 1. 0. -0.001 0. 0. 1. 0.
1. 0.000 0. -0.003 -0.000 1. 0. -0.003 0. 0. 1. 0.
1. -0. 0. -0.001 0. 1. 0. 0. 0. 0. 1. 0.
1. 0.000 0. -0.005 -0.000 1. 0. 0.000 0. 0. 1. 0.
1. 0.000 0. -0.003 -0.000 1. 0. -0.002 0. 0. 1. 0.
1. -0. 0. -0.002 0. 1. 0. -0.002 0. 0. 1. 0.
1. 0.000 0. -0.004 -0.000 1. 0. -0.002 0. 0. 1. 0.
1. 0. 0. -0.003 -0. 1. 0. -0.004 0. 0. 1. 0.
1. 0. 0. -0.002 -0. 1. 0. -0.005 0. 0. 1. 0.
1. 0. 0. -0.001 -0. 1. 0. -0.004 0. 0. 1. 0.
1. 0. 0. -0.002 -0. 1. 0. -0.002 0. 0. 1. 0.
1. 0. 0. 0.001 -0. 1. 0. 0.002 0. 0. 1. 0.
1. 0.000 0. -0.001 -0.000 1. 0. -0.004 0. 0. 1. 0.
1. -0.000 0. -0.001 0.000 1. 0. -0.002 0. 0. 1. 0.
1. 0. 0. -0.002 -0. 1. 0. -0.004 0. 0. 1. 0.
1. 0. 0. 0.001 -0. 1. 0. -0.003 0. 0. 1. 0.
1. -0. 0. -0.002 0. 1. 0. -0.002 0. 0. 1. 0.
1. -0. 0. -0.003 0. 1. 0. -0.004 0. 0. 1. 0.
1. 0.000 0. -0.003 -0.000 1. 0. 0. 0. 0. 1. 0.
1. 0. 0. -0.001 -0. 1. 0. -0.001 0. 0. 1. 0.
1. 0.000 0. -0.001 -0.000 1. 0. 0.006 0. 0. 1. 0.
1. 0.000 0. 0.001 -0.000 1. 0. 0.005 0. 0. 1. 0.
1. -0. 0. -0.001 0. 1. 0. 0.003 0. 0. 1. 0.
1. -0. 0. -0.001 0. 1. 0. 0.005 0. 0. 1. 0.
1. -0. 0. -0.001 0. 1. 0. 0.001 0. 0. 1. 0.
1. 0. 0. 0. -0. 1. 0. -0.002 0. 0. 1. 0.
1. 0. 0. -0.002 -0. 1. 0. -0.002 0. 0. 1. 0.
1. 0. 0. -0.002 -0. 1. 0. 0.002 0. 0. 1. 0.
1. -0. 0. -0.003 0. 1. 0. 0.002 0. 0. 1. 0.
1. -0. 0. -0.001 0. 1. 0. 0.004 0. 0. 1. 0.
1. 0.000 0. -0.003 -0.000 1. 0. -0.005 0. 0. 1. 0.
1. -0.000 0. -0.002 0.000 1. 0. -0.001 0. 0. 1. 0.
1. -0. 0. -0.001 0. 1. 0. 0.001 0. 0. 1. 0.
1. 0. 0. -0.002 -0. 1. 0. 0.002 0. 0. 1. 0.
1. -0. 0. -0.003 0. 1. 0. -0.002 0. 0. 1. 0.
1. 0. 0. -0.002 -0. 1. 0. -0.000 0. 0. 1. 0.
1. 0. 0. -0.001 -0. 1. 0. 0.003 0. 0. 1. 0.
1. -0. 0. 0.002 0. 1. 0. 0.003 0. 0. 1. 0.
1. 0. 0. -0.002 -0. 1. 0. -0.002 0. 0. 1. 0.
1. -0. 0. -0.002 0. 1. 0. 0.001 0. 0. 1. 0.
1. 0. 0. 0.000 -0. 1. 0. 0.001 0. 0. 1. 0.
1. -0. 0. -0.001 0. 1. 0. -0.001 0. 0. 1. 0.
1. -0.000 0. -0.001 0.000 1. 0. 0.001 0. 0. 1. 0.
1. -0.000 0. -0.001 0.000 1. 0. 0.001 0. 0. 1. 0.
1. -0.000 0. -0.003 0.000 1. 0. 0.001 0. 0. 1. 0.
1. 0. 0. -0.001 -0. 1. 0. -0.003 0. 0. 1. 0.
1. 0.000 0. -0.001 -0.000 1. 0. -0.002 0. 0. 1. 0.
1. 0. 0. -0.002 -0. 1. 0. 0.000 0. 0. 1. 0.
1. 0.000 0. -0.003 -0.000 1. 0. -0.001 0. 0. 1. 0.
1. 0. 0. -0.001 -0. 1. 0. -0.001 0. 0. 1. 0.
1. 0. 0. -0.001 -0. 1. 0. -0.004 0. 0. 1. 0.
1. 0.000 0. -0.000 -0.000 1. 0. -0.004 0. 0. 1. 0.
1. 0.000 0. -0.001 -0.000 1. 0. -0.003 0. 0. 1. 0.
1. 0. 0. -0.003 -0. 1. 0. -0.001 0. 0. 1. 0.
1. 0. 0. -0.003 -0. 1. 0. -0.001 0. 0. 1. 0.
1. -0. 0. -0.002 0. 1. 0. 0.001 0. 0. 1. 0.
1. -0. 0. -0.003 0. 1. 0. 0.002 0. 0. 1. 0.
1. 0. 0. -0.002 -0. 1. 0. 0.002 0. 0. 1. 0.
1. 0. 0. -0.001 -0. 1. 0. -0.001 0. 0. 1. 0.
1. 0. 0. -0.002 -0. 1. 0. 0.002 0. 0. 1. 0.
1. -0.000 0. 0.000 0.000 1. 0. 0.005 0. 0. 1. 0.
1. -0.000 0. -0.001 0.000 1. 0. 0.002 0. 0. 1. 0.
1. -0. 0. 0. 0. 1. 0. -0.003 0. 0. 1. 0.
1. -0. 0. 0.001 0. 1. 0. -0.002 0. 0. 1. 0.
1. -0.000 0. -0.001 0.000 1. 0. 0.003 0. 0. 1. 0.
1. 0. 0. -0.002 -0. 1. 0. -0.001 0. 0. 1. 0.
1. 0.000 0. -0.000 -0.000 1. 0. -0.000 0. 0. 1. 0.
1. 0.000 0. -0.001 -0.000 1. 0. -0.001 0. 0. 1. 0.
1. -0. 0. -0.001 0. 1. 0. -0.001 0. 0. 1. 0.
1. 0.000 0. -0.000 -0.000 1. 0. -0.003 0. 0. 1. 0.
1. 0.000 0. -0.001 -0.000 1. 0. -0.001 0. 0. 1. 0.
1. 0.000 0. -0.002 -0.000 1. 0. -0.002 0. 0. 1. 0.
1. 0.000 0. 0.001 -0.000 1. 0. -0.005 0. 0. 1. 0.
1. 0. 0. -0.001 -0. 1. 0. -0.003 0. 0. 1. 0.
1. 0.000 0. -0.001 -0.000 1. 0. -0.007 0. 0. 1. 0.
1. 0. 0. -0.003 -0. 1. 0. -0.004 0. 0. 1. 0.
1. 0. 0. -0.001 -0. 1. 0. -0.000 0. 0. 1. 0.
1. 0.000 0. 0.000 -0.000 1. 0. 0.001 0. 0. 1. 0.
1. 0. 0. 0.001 -0. 1. 0. -0.001 0. 0. 1. 0.
1. -0. 0. 0.002 0. 1. 0. -0.001 0. 0. 1. 0.
1. 0.000 0. -0.001 -0.000 1. 0. -0.002 0. 0. 1. 0.
1. 0. 0. -0.000 -0. 1. 0. -0.003 0. 0. 1. 0.
1. 0. 0. -0.002 -0. 1. 0. -0.001 0. 0. 1. 0.
1. -0.000 0. 0.001 0.000 1. 0. 0.001 0. 0. 1. 0.
1. -0. 0. 0.002 0. 1. 0. 0.000 0. 0. 1. 0.
1. -0. 0. 0.001 0. 1. 0. -0.001 0. 0. 1. 0.
1. -0.000 0. -0.001 0.000 1. 0. -0.003 0. 0. 1. 0.
1. -0. 0. -0.002 0. 1. 0. 0.002 0. 0. 1. 0.
1. 0. 0. -0.001 -0. 1. 0. 0.000 0. 0. 1. 0.
1. 0.000 0. -0.004 -0.000 1. 0. 0.004 0. 0. 1. 0.
1. 0. 0. -0.002 -0. 1. 0. -0. 0. 0. 1. 0.
1. 0. 0. -0.004 -0. 1. 0. -0.001 0. 0. 1. 0.
1. 0. 0. -0.002 -0. 1. 0. -0.001 0. 0. 1. 0.
1. 0. 0. -0.001 -0. 1. 0. -0.003 0. 0. 1. 0.
1. 0. 0. -0.001 -0. 1. 0. -0.002 0. 0. 1. 0.
1. 0.000 0. -0.001 -0.000 1. 0. -0.003 0. 0. 1. 0.
1. 0.000 0. -0.000 -0.000 1. 0. -0.001 0. 0. 1. 0.
1. 0.000 0. -0.001 -0.000 1. 0. -0.003 0. 0. 1. 0.
1. 0.000 0. -0.001 -0.000 1. 0. -0.004 0. 0. 1. 0.
1. 0.000 0. 0.000 -0.000 1. 0. -0.003 0. 0. 1. 0.
1. 0. 0. 0.001 -0. 1. 0. -0.001 0. 0. 1. 0.
1. -0. 0. -0.002 0. 1. 0. -0.005 0. 0. 1. 0.
1. -0.000 0. -0.001 0.000 1. 0. -0.000 0. 0. 1. 0.
1. 0. 0. -0.001 -0. 1. 0. -0.002 0. 0. 1. 0.
1. -0. 0. 0.001 0. 1. 0. -0.002 0. 0. 1. 0.
1. -0.000 0. -0.002 0.000 1. 0. -0.004 0. 0. 1. 0.
1. -0. 0. -0.003 0. 1. 0. -0.000 0. 0. 1. 0.
1. -0. 0. -0.002 0. 1. 0. -0.006 0. 0. 1. 0.
1. -0. 0. -0.002 0. 1. 0. -0.004 0. 0. 1. 0.
1. 0. 0. -0.002 -0. 1. 0. -0.001 0. 0. 1. 0.
1. -0. 0. -0.002 0. 1. 0. 0.001 0. 0. 1. 0.
1. 0. 0. 0. -0. 1. 0. -0.003 0. 0. 1. 0.
1. 0. 0. 0.003 -0. 1. 0. -0.001 0. 0. 1. 0.
1. 0.000 0. 0.002 -0.000 1. 0. -0.002 0. 0. 1. 0.
1. 0. 0. 0.002 -0. 1. 0. -0.003 0. 0. 1. 0.
1. 0.000 0. -0.004 -0.000 1. 0. 0.000 0. 0. 1. 0.
1. 0. 0. 0.001 -0. 1. 0. -0.007 0. 0. 1. 0.
1. -0.000 0. -0.002 0.000 1. 0. 0.001 0. 0. 1. 0.
1. 0.000 0. 0.002 -0.000 1. 0. -0.008 0. 0. 1. 0.
1. -0. 0. -0.001 0. 1. 0. -0.003 0. 0. 1. 0.
1. 0.000 0. -0.002 -0.000 1. 0. -0.007 0. 0. 1. 0.
1. 0. 0. 0.001 -0. 1. 0. -0.005 0. 0. 1. 0.
1. 0.000 0. -0.003 -0.000 1. 0. -0.002 0. 0. 1. 0.
1. -0. 0. 0.002 0. 1. 0. 0.001 0. 0. 1. 0.
1. 0.000 0. -0.005 -0.000 1. 0. -0.002 0. 0. 1. 0.
1. 0.000 0. -0.000 -0.000 1. 0. -0.005 0. 0. 1. 0.
1. -0. 0. 0. 0. 1. 0. -0.002 0. 0. 1. 0.
1. 0.000 0. 0.002 -0.000 1. 0. -0.004 0. 0. 1. 0.
1. -0. 0. -0.000 0. 1. 0. -0.002 0. 0. 1. 0.
1. -0. 0. -0.002 0. 1. 0. -0.002 0. 0. 1. 0.
1. -0. 0. -0.003 0. 1. 0. -0.002 0. 0. 1. 0.
1. 0. 0. -0.001 -0. 1. 0. -0.005 0. 0. 1. 0.
1. -0.000 0. -0.002 0.000 1. 0. 0.003 0. 0. 1. 0.
1. 0. 0. -0.001 -0. 1. 0. -0.001 0. 0. 1. 0.
1. 0. 0. 0.000 -0. 1. 0. -0.003 0. 0. 1. 0.
1. 0.000 0. -0.001 -0.000 1. 0. -0.001 0. 0. 1. 0.
1. 0.000 0. -0.002 -0.000 1. 0. -0.003 0. 0. 1. 0.
1. 0.000 0. -0.004 -0.000 1. 0. -0.001 0. 0. 1. 0.
1. -0.000 0. 0.003 0.000 1. 0. -0.005 0. 0. 1. 0.
1. -0.002 0. 0.016 0.002 1. 0. -0.014 0. 0. 1. 0.
1. -0.004 0. 0.042 0.004 1. 0. -0.023 0. 0. 1. 0.
1. -0.009 0. 0.074 0.009 1. 0. -0.006 0. 0. 1. 0.
1.000 -0.017 0. 0.149 0.017 1.000 0. 0.015 0. 0. 1. 0.
1.000 -0.030 0. 0.242 0.030 1.000 0. 0.020 0. 0. 1. 0.
0.999 -0.046 0. 0.390 0.046 0.999 0. -0.008 0. 0. 1. 0.
0.998 -0.070 0. 0.582 0.070 0.998 0. 0.026 0. 0. 1. 0.
0.995 -0.097 0. 0.785 0.097 0.995 0. 0.093 0. 0. 1. 0.
0.991 -0.133 0. 1.046 0.133 0.991 0. 0.162 0. 0. 1. 0.
0.986 -0.169 0. 1.363 0.169 0.986 0. 0.258 0. 0. 1. 0.
0.978 -0.208 0. 1.736 0.208 0.978 0. 0.352 0. 0. 1. 0.
0.970 -0.242 0. 2.178 0.242 0.970 0. 0.456 0. 0. 1. 0.
0.962 -0.273 0. 2.676 0.273 0.962 0. 0.627 0. 0. 1. 0.
0.956 -0.294 0. 3.242 0.294 0.956 0. 0.806 0. 0. 1. 0.
0.955 -0.296 0. 3.903 0.296 0.955 0. 0.964 0. 0. 1. 0.
0.959 -0.284 0. 4.611 0.284 0.959 0. 1.122 0. 0. 1. 0.
0.963 -0.268 0. 5.432 0.268 0.963 0. 1.389 0. 0. 1. 0.
0.970 -0.241 0. 6.302 0.241 0.970 0. 1.522 0. 0. 1. 0.
0.977 -0.215 0. 7.284 0.215 0.977 0. 1.758 0. 0. 1. 0.
0.982 -0.190 0. 8.334 0.190 0.982 0. 1.916 0. 0. 1. 0.
0.986 -0.169 0. 9.421 0.169 0.986 0. 2.066 0. 0. 1. 0.
0.989 -0.147 0. 10.637 0.147 0.989 0. 2.232 0. 0. 1. 0.
0.992 -0.125 0. 11.915 0.125 0.992 0. 2.360 0. 0. 1. 0.
0.994 -0.110 0. 13.276 0.110 0.994 0. 2.511 0. 0. 1. 0.
0.995 -0.098 0. 14.706 0.098 0.995 0. 2.591 0. 0. 1. 0.
0.996 -0.088 0. 16.167 0.088 0.996 0. 2.684 0. 0. 1. 0.
0.997 -0.077 0. 17.675 0.077 0.997 0. 2.824 0. 0. 1. 0.
0.998 -0.065 0. 19.272 0.065 0.998 0. 2.901 0. 0. 1. 0.
0.998 -0.058 0. 20.864 0.058 0.998 0. 2.911 0. 0. 1. 0.
0.999 -0.055 0. 22.518 0.055 0.999 0. 3.002 0. 0. 1. 0.
0.999 -0.051 0. 24.200 0.051 0.999 0. 3.078 0. 0. 1. 0.
0.999 -0.046 0. 25.898 0.046 0.999 0. 3.169 0. 0. 1. 0.
0.999 -0.042 0. 27.620 0.042 0.999 0. 3.183 0. 0. 1. 0.
0.999 -0.042 0. 29.350 0.042 0.999 0. 3.289 0. 0. 1. 0.
0.999 -0.048 0. 31.100 0.048 0.999 0. 3.325 0. 0. 1. 0.
0.999 -0.053 0. 32.880 0.053 0.999 0. 3.423 0. 0. 1. 0.
0.998 -0.059 0. 34.678 0.059 0.998 0. 3.485 0. 0. 1. 0.
0.998 -0.062 0. 36.483 0.062 0.998 0. 3.590 0. 0. 1. 0.
0.998 -0.061 0. 38.352 0.061 0.998 0. 3.630 0. 0. 1. 0.
0.998 -0.059 0. 40.219 0.059 0.998 0. 3.684 0. 0. 1. 0.
0.998 -0.060 0. 42.099 0.060 0.998 0. 3.768 0. 0. 1. 0.
0.998 -0.064 0. 43.979 0.064 0.998 0. 3.889 0. 0. 1. 0.
0.998 -0.070 0. 45.920 0.070 0.998 0. 3.919 0. 0. 1. 0.
0.997 -0.073 0. 47.850 0.073 0.997 0. 4.040 0. 0. 1. 0.
0.997 -0.077 0. 49.813 0.077 0.997 0. 4.218 0. 0. 1. 0.
0.997 -0.081 0. 51.784 0.081 0.997 0. 4.335 0. 0. 1. 0.
0.997 -0.080 0. 53.764 0.080 0.997 0. 4.451 0. 0. 1. 0.
0.997 -0.076 0. 55.761 0.076 0.997 0. 4.553 0. 0. 1. 0.
0.997 -0.071 0. 57.790 0.071 0.997 0. 4.622 0. 0. 1. 0.
0.998 -0.067 0. 59.795 0.067 0.998 0. 4.757 0. 0. 1. 0.
0.998 -0.064 0. 61.812 0.064 0.998 0. 4.822 0. 0. 1. 0.
0.998 -0.062 0. 63.860 0.062 0.998 0. 4.874 0. 0. 1. 0.
0.998 -0.059 0. 65.931 0.059 0.998 0. 4.919 0. 0. 1. 0.
0.999 -0.052 0. 67.976 0.052 0.999 0. 5.013 0. 0. 1. 0.
0.999 -0.049 0. 70.013 0.049 0.999 0. 5.147 0. 0. 1. 0.
0.999 -0.040 0. 72.025 0.040 0.999 0. 5.197 0. 0. 1. 0.
0.999 -0.033 0. 74.119 0.033 0.999 0. 5.182 0. 0. 1. 0.
1.000 -0.028 0. 76.157 0.028 1.000 0. 5.212 0. 0. 1. 0.
1.000 -0.023 0. 78.211 0.023 1.000 0. 5.209 0. 0. 1. 0.
1.000 -0.019 0. 80.297 0.019 1.000 0. 5.172 0. 0. 1. 0.
1.000 -0.015 0. 82.326 0.015 1.000 0. 5.238 0. 0. 1. 0.
1. -0.013 0. 84.448 0.013 1. 0. 5.240 0. 0. 1. 0.
1.000 -0.016 0. 86.530 0.016 1.000 0. 5.240 0. 0. 1. 0.
1.000 -0.020 0. 88.586 0.020 1.000 0. 5.225 0. 0. 1. 0.
1.000 -0.021 0. 90.713 0.021 1.000 0. 5.218 0. 0. 1. 0.
1.000 -0.028 0. 92.706 0.028 1.000 0. 5.248 0. 0. 1. 0.
0.999 -0.033 0. 94.780 0.033 0.999 0. 5.269 0. 0. 1. 0.
0.999 -0.041 0. 96.871 0.041 0.999 0. 5.246 0. 0. 1. 0.
0.999 -0.047 0. 98.936 0.047 0.999 0. 5.400 0. 0. 1. 0.
0.998 -0.057 0. 100.971 0.057 0.998 0. 5.520 0. 0. 1. 0.
0.998 -0.063 0. 103.031 0.063 0.998 0. 5.589 0. 0. 1. 0.
0.997 -0.071 0. 105.072 0.071 0.997 0. 5.690 0. 0. 1. 0.
0.997 -0.076 0. 107.118 0.076 0.997 0. 5.779 0. 0. 1. 0.
0.997 -0.081 0. 109.188 0.081 0.997 0. 5.917 0. 0. 1. 0.
0.996 -0.084 0. 111.194 0.084 0.996 0. 6.061 0. 0. 1. 0.
0.996 -0.090 0. 113.220 0.090 0.996 0. 6.174 0. 0. 1. 0.
0.996 -0.094 0. 115.247 0.094 0.996 0. 6.358 0. 0. 1. 0.
0.995 -0.096 0. 117.277 0.096 0.995 0. 6.527 0. 0. 1. 0.
0.995 -0.097 0. 119.259 0.097 0.995 0. 6.715 0. 0. 1. 0.
0.995 -0.101 0. 121.274 0.101 0.995 0. 6.883 0. 0. 1. 0.
0.995 -0.101 0. 123.273 0.101 0.995 0. 7.036 0. 0. 1. 0.
0.995 -0.100 0. 125.321 0.100 0.995 0. 7.209 0. 0. 1. 0.
0.995 -0.098 0. 127.340 0.098 0.995 0. 7.362 0. 0. 1. 0.
0.995 -0.095 0. 129.371 0.095 0.995 0. 7.509 0. 0. 1. 0.
0.996 -0.091 0. 131.455 0.091 0.996 0. 7.617 0. 0. 1. 0.
0.996 -0.087 0. 133.486 0.087 0.996 0. 7.848 0. 0. 1. 0.
0.997 -0.083 0. 135.557 0.083 0.997 0. 7.999 0. 0. 1. 0.
0.997 -0.078 0. 137.638 0.078 0.997 0. 8.137 0. 0. 1. 0.
0.997 -0.078 0. 139.736 0.078 0.997 0. 8.206 0. 0. 1. 0.
0.997 -0.079 0. 141.816 0.079 0.997 0. 8.352 0. 0. 1. 0.
0.997 -0.080 0. 143.922 0.080 0.997 0. 8.504 0. 0. 1. 0.
0.997 -0.080 0. 146.031 0.080 0.997 0. 8.601 0. 0. 1. 0.
0.997 -0.080 0. 148.139 0.080 0.997 0. 8.742 0. 0. 1. 0.
0.997 -0.079 0. 150.241 0.079 0.997 0. 8.904 0. 0. 1. 0.
0.997 -0.080 0. 152.353 0.080 0.997 0. 9.059 0. 0. 1. 0.
0.997 -0.081 0. 154.464 0.081 0.997 0. 9.203 0. 0. 1. 0.
0.997 -0.082 0. 156.612 0.082 0.997 0. 9.359 0. 0. 1. 0.
0.997 -0.083 0. 158.791 0.083 0.997 0. 9.522 0. 0. 1. 0.
0.996 -0.085 0. 160.952 0.085 0.996 0. 9.662 0. 0. 1. 0.
0.996 -0.088 0. 163.122 0.088 0.996 0. 9.818 0. 0. 1. 0.
0.996 -0.089 0. 165.293 0.089 0.996 0. 9.988 0. 0. 1. 0.
0.996 -0.091 0. 167.502 0.091 0.996 0. 10.121 0. 0. 1. 0.
0.996 -0.092 0. 169.709 0.092 0.996 0. 10.307 0. 0. 1. 0.
0.996 -0.094 0. 171.949 0.094 0.996 0. 10.488 0. 0. 1. 0.
0.995 -0.095 0. 174.177 0.095 0.995 0. 10.655 0. 0. 1. 0.
0.995 -0.096 0. 176.369 0.096 0.995 0. 10.794 0. 0. 1. 0.
0.995 -0.096 0. 178.551 0.096 0.995 0. 10.979 0. 0. 1. 0.
0.995 -0.098 0. 180.744 0.098 0.995 0. 11.177 0. 0. 1. 0.
0.995 -0.100 0. 182.908 0.100 0.995 0. 11.383 0. 0. 1. 0.
0.995 -0.100 0. 185.035 0.100 0.995 0. 11.560 0. 0. 1. 0.
0.995 -0.101 0. 187.169 0.101 0.995 0. 11.715 0. 0. 1. 0.
0.995 -0.101 0. 189.300 0.101 0.995 0. 11.881 0. 0. 1. 0.
0.995 -0.101 0. 191.390 0.101 0.995 0. 12.028 0. 0. 1. 0.
0.995 -0.101 0. 193.432 0.101 0.995 0. 12.222 0. 0. 1. 0.
0.995 -0.102 0. 195.487 0.102 0.995 0. 12.405 0. 0. 1. 0.
0.995 -0.103 0. 197.503 0.103 0.995 0. 12.554 0. 0. 1. 0.
0.995 -0.103 0. 199.449 0.103 0.995 0. 12.753 0. 0. 1. 0.
0.995 -0.102 0. 201.393 0.102 0.995 0. 12.886 0. 0. 1. 0.
0.995 -0.103 0. 203.269 0.103 0.995 0. 13.088 0. 0. 1. 0.
0.995 -0.102 0. 205.088 0.102 0.995 0. 13.279 0. 0. 1. 0.
0.995 -0.103 0. 206.874 0.103 0.995 0. 13.423 0. 0. 1. 0.
0.995 -0.103 0. 208.612 0.103 0.995 0. 13.591 0. 0. 1. 0.
0.995 -0.102 0. 210.314 0.102 0.995 0. 13.757 0. 0. 1. 0.
0.995 -0.100 0. 211.945 0.100 0.995 0. 13.902 0. 0. 1. 0.
0.995 -0.099 0. 213.472 0.099 0.995 0. 14.046 0. 0. 1. 0.
0.995 -0.097 0. 214.949 0.097 0.995 0. 14.174 0. 0. 1. 0.
0.995 -0.095 0. 216.349 0.095 0.995 0. 14.267 0. 0. 1. 0.
0.996 -0.094 0. 217.651 0.094 0.996 0. 14.384 0. 0. 1. 0.
0.996 -0.091 0. 218.873 0.091 0.996 0. 14.488 0. 0. 1. 0.
0.996 -0.092 0. 220.064 0.092 0.996 0. 14.562 0. 0. 1. 0.
0.996 -0.092 0. 221.178 0.092 0.996 0. 14.670 0. 0. 1. 0.
0.996 -0.092 0. 222.191 0.092 0.996 0. 14.702 0. 0. 1. 0.
0.995 -0.096 0. 223.187 0.096 0.995 0. 14.837 0. 0. 1. 0.
0.995 -0.101 0. 224.161 0.101 0.995 0. 14.913 0. 0. 1. 0.
0.994 -0.106 0. 225.101 0.106 0.994 0. 14.975 0. 0. 1. 0.
0.994 -0.110 0. 226.001 0.110 0.994 0. 15.054 0. 0. 1. 0.
0.993 -0.115 0. 226.862 0.115 0.993 0. 15.186 0. 0. 1. 0.
0.993 -0.117 0. 227.752 0.117 0.993 0. 15.274 0. 0. 1. 0.
0.992 -0.123 0. 228.590 0.123 0.992 0. 15.408 0. 0. 1. 0.
0.992 -0.126 0. 229.448 0.126 0.992 0. 15.433 0. 0. 1. 0.
0.991 -0.130 0. 230.318 0.130 0.991 0. 15.534 0. 0. 1. 0.
0.991 -0.136 0. 231.186 0.136 0.991 0. 15.645 0. 0. 1. 0.
0.990 -0.142 0. 232.116 0.142 0.990 0. 15.747 0. 0. 1. 0.
0.989 -0.147 0. 233.007 0.147 0.989 0. 15.932 0. 0. 1. 0.
0.988 -0.153 0. 233.985 0.153 0.988 0. 16.038 0. 0. 1. 0.
0.988 -0.156 0. 234.902 0.156 0.988 0. 16.213 0. 0. 1. 0.
0.986 -0.165 0. 235.924 0.165 0.986 0. 16.282 0. 0. 1. 0.
0.986 -0.168 0. 236.895 0.168 0.986 0. 16.434 0. 0. 1. 0.
0.984 -0.176 0. 237.906 0.176 0.984 0. 16.647 0. 0. 1. 0.
0.984 -0.179 0. 238.858 0.179 0.984 0. 16.868 0. 0. 1. 0.
0.983 -0.182 0. 239.906 0.182 0.983 0. 17.024 0. 0. 1. 0.
0.983 -0.185 0. 240.970 0.185 0.983 0. 17.181 0. 0. 1. 0.
0.983 -0.185 0. 242.062 0.185 0.983 0. 17.374 0. 0. 1. 0.
0.983 -0.186 0. 243.151 0.186 0.983 0. 17.593 0. 0. 1. 0.
0.983 -0.183 0. 244.298 0.183 0.983 0. 17.826 0. 0. 1. 0.
0.983 -0.183 0. 245.476 0.183 0.983 0. 18.046 0. 0. 1. 0.
0.983 -0.184 0. 246.693 0.184 0.983 0. 18.184 0. 0. 1. 0.
0.983 -0.182 0. 247.931 0.182 0.983 0. 18.396 0. 0. 1. 0.
0.983 -0.182 0. 249.223 0.182 0.983 0. 18.617 0. 0. 1. 0.
0.983 -0.181 0. 250.517 0.181 0.983 0. 18.828 0. 0. 1. 0.
0.984 -0.178 0. 251.877 0.178 0.984 0. 19.036 0. 0. 1. 0.
0.984 -0.178 0. 253.225 0.178 0.984 0. 19.286 0. 0. 1. 0.
0.983 -0.181 0. 254.635 0.181 0.983 0. 19.491 0. 0. 1. 0.
0.983 -0.181 0. 256.045 0.181 0.983 0. 19.743 0. 0. 1. 0.
0.983 -0.183 0. 257.535 0.183 0.983 0. 19.983 0. 0. 1. 0.
0.983 -0.183 0. 259.038 0.183 0.983 0. 20.274 0. 0. 1. 0.
0.982 -0.187 0. 260.578 0.187 0.982 0. 20.515 0. 0. 1. 0.
0.982 -0.188 0. 262.113 0.188 0.982 0. 20.768 0. 0. 1. 0.
0.982 -0.189 0. 263.674 0.189 0.982 0. 21.115 0. 0. 1. 0.
0.982 -0.188 0. 265.268 0.188 0.982 0. 21.383 0. 0. 1. 0.
0.982 -0.188 0. 266.892 0.188 0.982 0. 21.683 0. 0. 1. 0.
0.982 -0.189 0. 268.512 0.189 0.982 0. 22.013 0. 0. 1. 0.
0.982 -0.190 0. 270.158 0.190 0.982 0. 22.315 0. 0. 1. 0.
0.982 -0.190 0. 271.868 0.190 0.982 0. 22.605 0. 0. 1. 0.
0.982 -0.188 0. 273.541 0.188 0.982 0. 22.894 0. 0. 1. 0.
0.982 -0.188 0. 275.285 0.188 0.982 0. 23.261 0. 0. 1. 0.
0.982 -0.191 0. 277.115 0.191 0.982 0. 23.524 0. 0. 1. 0.
0.981 -0.193 0. 278.876 0.193 0.981 0. 23.885 0. 0. 1. 0.
0.981 -0.195 0. 280.664 0.195 0.981 0. 24.243 0. 0. 1. 0.
0.981 -0.196 0. 282.439 0.196 0.981 0. 24.563 0. 0. 1. 0.
0.980 -0.197 0. 284.176 0.197 0.980 0. 24.954 0. 0. 1. 0.
0.980 -0.200 0. 285.955 0.200 0.980 0. 25.277 0. 0. 1. 0.
0.980 -0.198 0. 287.749 0.198 0.980 0. 25.579 0. 0. 1. 0.
0.980 -0.199 0. 289.553 0.199 0.980 0. 25.862 0. 0. 1. 0.
0.980 -0.200 0. 291.377 0.200 0.980 0. 26.259 0. 0. 1. 0.
0.979 -0.203 0. 293.135 0.203 0.979 0. 26.576 0. 0. 1. 0.
0.979 -0.204 0. 294.942 0.204 0.979 0. 26.895 0. 0. 1. 0.
0.979 -0.204 0. 296.690 0.204 0.979 0. 27.238 0. 0. 1. 0.
0.979 -0.204 0. 298.425 0.204 0.979 0. 27.561 0. 0. 1. 0.
0.979 -0.205 0. 300.190 0.205 0.979 0. 27.816 0. 0. 1. 0.
0.979 -0.204 0. 301.892 0.204 0.979 0. 28.206 0. 0. 1. 0.
0.979 -0.205 0. 303.604 0.205 0.979 0. 28.570 0. 0. 1. 0.
0.980 -0.201 0. 305.356 0.201 0.980 0. 28.904 0. 0. 1. 0.
0.981 -0.196 0. 307.155 0.196 0.981 0. 29.187 0. 0. 1. 0.
0.981 -0.195 0. 308.950 0.195 0.981 0. 29.531 0. 0. 1. 0.
0.982 -0.190 0. 310.786 0.190 0.982 0. 29.783 0. 0. 1. 0.
0.983 -0.185 0. 312.603 0.185 0.983 0. 30.177 0. 0. 1. 0.
0.983 -0.184 0. 314.466 0.184 0.983 0. 30.429 0. 0. 1. 0.
0.983 -0.181 0. 316.309 0.181 0.983 0. 30.813 0. 0. 1. 0.
0.984 -0.180 0. 318.219 0.180 0.984 0. 31.080 0. 0. 1. 0.
0.983 -0.181 0. 320.121 0.181 0.983 0. 31.457 0. 0. 1. 0.
0.983 -0.182 0. 322.059 0.182 0.983 0. 31.776 0. 0. 1. 0.
0.984 -0.180 0. 323.959 0.180 0.984 0. 32.070 0. 0. 1. 0.
0.984 -0.176 0. 325.814 0.176 0.984 0. 32.385 0. 0. 1. 0.
0.986 -0.169 0. 327.639 0.169 0.986 0. 32.655 0. 0. 1. 0.
0.986 -0.165 0. 329.492 0.165 0.986 0. 32.869 0. 0. 1. 0.
0.987 -0.164 0. 331.216 0.164 0.987 0. 33.082 0. 0. 1. 0.
0.987 -0.160 0. 332.885 0.160 0.987 0. 33.424 0. 0. 1. 0.
0.987 -0.160 0. 334.494 0.160 0.987 0. 33.605 0. 0. 1. 0.
0.987 -0.158 0. 335.980 0.158 0.987 0. 33.980 0. 0. 1. 0.
0.988 -0.155 0. 337.467 0.155 0.988 0. 34.109 0. 0. 1. 0.
0.989 -0.150 0. 338.842 0.150 0.989 0. 34.274 0. 0. 1. 0.
0.989 -0.148 0. 340.153 0.148 0.989 0. 34.519 0. 0. 1. 0.
0.989 -0.146 0. 341.416 0.146 0.989 0. 34.661 0. 0. 1. 0.
0.989 -0.145 0. 342.611 0.145 0.989 0. 34.868 0. 0. 1. 0.
0.990 -0.140 0. 343.774 0.140 0.990 0. 34.950 0. 0. 1. 0.
0.990 -0.138 0. 344.827 0.138 0.990 0. 35.100 0. 0. 1. 0.
0.991 -0.135 0. 345.869 0.135 0.991 0. 35.172 0. 0. 1. 0.
0.991 -0.132 0. 346.830 0.132 0.991 0. 35.220 0. 0. 1. 0.
0.992 -0.130 0. 347.670 0.130 0.992 0. 35.433 0. 0. 1. 0.
0.992 -0.128 0. 348.544 0.128 0.992 0. 35.500 0. 0. 1. 0.
0.992 -0.125 0. 349.342 0.125 0.992 0. 35.590 0. 0. 1. 0.
0.993 -0.122 0. 350.070 0.122 0.993 0. 35.665 0. 0. 1. 0.
0.993 -0.118 0. 350.752 0.118 0.993 0. 35.733 0. 0. 1. 0.
0.993 -0.115 0. 351.381 0.115 0.993 0. 35.780 0. 0. 1. 0.
0.994 -0.112 0. 351.982 0.112 0.994 0. 35.813 0. 0. 1. 0.
0.994 -0.108 0. 352.541 0.108 0.994 0. 35.875 0. 0. 1. 0.
0.994 -0.107 0. 353.071 0.107 0.994 0. 35.959 0. 0. 1. 0.
0.994 -0.105 0. 353.545 0.105 0.994 0. 36. 0. 0. 1. 0.
0.995 -0.101 0. 353.970 0.101 0.995 0. 36.009 0. 0. 1. 0.
0.995 -0.099 0. 354.336 0.099 0.995 0. 36.020 0. 0. 1. 0.
0.995 -0.099 0. 354.603 0.099 0.995 0. 36.005 0. 0. 1. 0.
0.995 -0.098 0. 354.826 0.098 0.995 0. 36.049 0. 0. 1. 0.
0.995 -0.099 0. 354.978 0.099 0.995 0. 36.053 0. 0. 1. 0.
0.995 -0.100 0. 355.137 0.100 0.995 0. 36.099 0. 0. 1. 0.
0.995 -0.099 0. 355.235 0.099 0.995 0. 36.098 0. 0. 1. 0.
0.995 -0.099 0. 355.252 0.099 0.995 0. 36.096 0. 0. 1. 0.
0.995 -0.098 0. 355.291 0.098 0.995 0. 36.071 0. 0. 1. 0.
0.995 -0.101 0. 355.292 0.101 0.995 0. 36.093 0. 0. 1. 0.
0.995 -0.100 0. 355.315 0.100 0.995 0. 36.072 0. 0. 1. 0.
0.995 -0.099 0. 355.272 0.099 0.995 0. 36.065 0. 0. 1. 0.
0.995 -0.099 0. 355.270 0.099 0.995 0. 36.087 0. 0. 1. 0.
0.995 -0.099 0. 355.288 0.099 0.995 0. 36.094 0. 0. 1. 0.
0.995 -0.099 0. 355.300 0.099 0.995 0. 36.068 0. 0. 1. 0.
0.995 -0.101 0. 355.289 0.101 0.995 0. 36.091 0. 0. 1. 0.
0.995 -0.100 0. 355.301 0.100 0.995 0. 36.063 0. 0. 1. 0.
0.995 -0.099 0. 355.316 0.099 0.995 0. 36.089 0. 0. 1. 0.
0.995 -0.098 0. 355.305 0.098 0.995 0. 36.056 0. 0. 1. 0.
0.995 -0.099 0. 355.306 0.099 0.995 0. 36.070 0. 0. 1. 0.
0.995 -0.100 0. 355.321 0.100 0.995 0. 36.087 0. 0. 1. 0.
0.995 -0.100 0. 355.295 0.100 0.995 0. 36.075 0. 0. 1. 0.
0.995 -0.099 0. 355.299 0.099 0.995 0. 36.050 0. 0. 1. 0.
0.995 -0.098 0. 355.304 0.098 0.995 0. 36.060 0. 0. 1. 0.
0.995 -0.099 0. 355.321 0.099 0.995 0. 36.061 0. 0. 1. 0.
0.995 -0.099 0. 355.302 0.099 0.995 0. 36.063 0. 0. 1. 0.
0.995 -0.098 0. 355.296 0.098 0.995 0. 36.042 0. 0. 1. 0.
0.995 -0.099 0. 355.269 0.099 0.995 0. 36.048 0. 0. 1. 0.
0.995 -0.100 0. 355.307 0.100 0.995 0. 36.081 0. 0. 1. 0.
0.995 -0.099 0. 355.291 0.099 0.995 0. 36.059 0. 0. 1. 0.
0.995 -0.098 0. 355.284 0.098 0.995 0. 36.048 0. 0. 1. 0.
0.995 -0.099 0. 355.284 0.099 0.995 0. 36.068 0. 0. 1. 0.
0.995 -0.099 0. 355.286 0.099 0.995 0. 36.060 0. 0. 1. 0.
0.995 -0.099 0. 355.296 0.099 0.995 0. 36.051 0. 0. 1. 0.
0.995 -0.098 0. 355.285 0.098 0.995 0. 36.049 0. 0. 1. 0.
0.995 -0.099 0. 355.284 0.099 0.995 0. 36.059 0. 0. 1. 0.
0.995 -0.099 0. 355.286 0.099 0.995 0. 36.084 0. 0. 1. 0.
0.995 -0.099 0. 355.291 0.099 0.995 0. 36.072 0. 0. 1. 0.
0.995 -0.099 0. 355.296 0.099 0.995 0. 36.068 0. 0. 1. 0.
0.995 -0.099 0. 355.286 0.099 0.995 0. 36.084 0. 0. 1. 0.
0.995 -0.099 0. 355.309 0.099 0.995 0. 36.075 0. 0. 1. 0.
0.995 -0.099 0. 355.301 0.099 0.995 0. 36.086 0. 0. 1. 0.
0.995 -0.100 0. 355.281 0.100 0.995 0. 36.103 0. 0. 1. 0.
0.995 -0.101 0. 355.304 0.101 0.995 0. 36.098 0. 0. 1. 0.
0.995 -0.100 0. 355.299 0.100 0.995 0. 36.097 0. 0. 1. 0.
0.995 -0.100 0. 355.293 0.100 0.995 0. 36.088 0. 0. 1. 0.
0.995 -0.099 0. 355.294 0.099 0.995 0. 36.072 0. 0. 1. 0.
0.995 -0.100 0. 355.291 0.100 0.995 0. 36.080 0. 0. 1. 0.
0.995 -0.102 0. 355.294 0.102 0.995 0. 36.104 0. 0. 1. 0.
0.995 -0.102 0. 355.274 0.102 0.995 0. 36.097 0. 0. 1. 0.
0.995 -0.099 0. 355.306 0.099 0.995 0. 36.071 0. 0. 1. 0.
0.995 -0.100 0. 355.295 0.100 0.995 0. 36.063 0. 0. 1. 0.
0.995 -0.100 0. 355.313 0.100 0.995 0. 36.097 0. 0. 1. 0.
0.995 -0.099 0. 355.297 0.099 0.995 0. 36.053 0. 0. 1. 0.
0.995 -0.099 0. 355.305 0.099 0.995 0. 36.078 0. 0. 1. 0.
0.995 -0.100 0. 355.309 0.100 0.995 0. 36.093 0. 0. 1. 0.
0.995 -0.099 0. 355.301 0.099 0.995 0. 36.070 0. 0. 1. 0.
0.995 -0.099 0. 355.301 0.099 0.995 0. 36.054 0. 0. 1. 0.
0.995 -0.099 0. 355.280 0.099 0.995 0. 36.046 0. 0. 1. 0.
0.995 -0.099 0. 355.282 0.099 0.995 0. 36.060 0. 0. 1. 0.
0.995 -0.099 0. 355.297 0.099 0.995 0. 36.060 0. 0. 1. 0.
0.995 -0.098 0. 355.274 0.098 0.995 0. 36.041 0. 0. 1. 0.
0.995 -0.099 0. 355.307 0.099 0.995 0. 36.063 0. 0. 1. 0.
0.995 -0.100 0. 355.265 0.100 0.995 0. 36.069 0. 0. 1. 0.
0.995 -0.101 0. 355.280 0.101 0.995 0. 36.107 0. 0. 1. 0.
0.995 -0.100 0. 355.303 0.100 0.995 0. 36.072 0. 0. 1. 0.
0.995 -0.099 0. 355.288 0.099 0.995 0. 36.094 0. 0. 1. 0.
0.995 -0.098 0. 355.286 0.098 0.995 0. 36.065 0. 0. 1. 0.
0.995 -0.100 0. 355.307 0.100 0.995 0. 36.103 0. 0. 1. 0.
0.995 -0.100 0. 355.284 0.100 0.995 0. 36.086 0. 0. 1. 0.
0.995 -0.098 0. 355.307 0.098 0.995 0. 36.047 0. 0. 1. 0.
0.995 -0.098 0. 355.288 0.098 0.995 0. 36.033 0. 0. 1. 0.
0.995 -0.098 0. 355.271 0.098 0.995 0. 36.088 0. 0. 1. 0.
0.995 -0.099 0. 355.326 0.099 0.995 0. 36.065 0. 0. 1. 0.
0.995 -0.098 0. 355.308 0.098 0.995 0. 36.057 0. 0. 1. 0.
0.995 -0.100 0. 355.343 0.100 0.995 0. 36.092 0. 0. 1. 0.
0.995 -0.099 0. 355.387 0.099 0.995 0. 36.085 0. 0. 1. 0.
0.995 -0.098 0. 355.473 0.098 0.995 0. 36.094 0. 0. 1. 0.
0.995 -0.100 0. 355.640 0.100 0.995 0. 36.109 0. 0. 1. 0.
0.995 -0.101 0. 355.896 0.101 0.995 0. 36.088 0. 0. 1. 0.
0.995 -0.102 0. 356.195 0.102 0.995 0. 36.179 0. 0. 1. 0.
0.995 -0.100 0. 356.579 0.100 0.995 0. 36.151 0. 0. 1. 0.
0.995 -0.102 0. 357.064 0.102 0.995 0. 36.202 0. 0. 1. 0.
0.995 -0.101 0. 357.658 0.101 0.995 0. 36.269 0. 0. 1. 0.
0.995 -0.100 0. 358.311 0.100 0.995 0. 36.241 0. 0. 1. 0.
0.996 -0.095 0. 359.012 0.095 0.996 0. 36.304 0. 0. 1. 0.
0.996 -0.087 0. 359.865 0.087 0.996 0. 36.338 0. 0. 1. 0.
0.997 -0.078 0. 360.782 0.078 0.997 0. 36.410 0. 0. 1. 0.
0.998 -0.069 0. 361.789 0.069 0.998 0. 36.449 0. 0. 1. 0.
0.998 -0.061 0. 362.882 0.061 0.998 0. 36.449 0. 0. 1. 0.
0.999 -0.051 0. 364.077 0.051 0.999 0. 36.522 0. 0. 1. 0.
0.999 -0.046 0. 365.339 0.046 0.999 0. 36.562 0. 0. 1. 0.
0.999 -0.043 0. 366.681 0.043 0.999 0. 36.579 0. 0. 1. 0.
0.999 -0.041 0. 368.105 0.041 0.999 0. 36.622 0. 0. 1. 0.
0.999 -0.034 0. 369.579 0.034 0.999 0. 36.649 0. 0. 1. 0.
1.000 -0.030 0. 371.158 0.030 1.000 0. 36.669 0. 0. 1. 0.
1.000 -0.024 0. 372.781 0.024 1.000 0. 36.641 0. 0. 1. 0.
1.000 -0.022 0. 374.477 0.022 1.000 0. 36.663 0. 0. 1. 0.
1.000 -0.019 0. 376.187 0.019 1.000 0. 36.670 0. 0. 1. 0.
1.000 -0.021 0. 377.980 0.021 1.000 0. 36.678 0. 0. 1. 0.
1.000 -0.021 0. 379.783 0.021 1.000 0. 36.690 0. 0. 1. 0.
1.000 -0.021 0. 381.642 0.021 1.000 0. 36.713 0. 0. 1. 0.
1.000 -0.025 0. 383.513 0.025 1.000 0. 36.767 0. 0. 1. 0.
1.000 -0.030 0. 385.403 0.030 1.000 0. 36.746 0. 0. 1. 0.
1.000 -0.030 0. 387.304 0.030 1.000 0. 36.847 0. 0. 1. 0.
0.999 -0.032 0. 389.249 0.032 0.999 0. 36.872 0. 0. 1. 0.
0.999 -0.036 0. 391.221 0.036 0.999 0. 36.860 0. 0. 1. 0.
0.999 -0.036 0. 393.226 0.036 0.999 0. 36.893 0. 0. 1. 0.
0.999 -0.039 0. 395.252 0.039 0.999 0. 36.965 0. 0. 1. 0.
0.999 -0.044 0. 397.292 0.044 0.999 0. 37.061 0. 0. 1. 0.
0.999 -0.050 0. 399.354 0.050 0.999 0. 37.091 0. 0. 1. 0.
0.998 -0.055 0. 401.458 0.055 0.998 0. 37.222 0. 0. 1. 0.
0.998 -0.060 0. 403.573 0.060 0.998 0. 37.306 0. 0. 1. 0.
0.998 -0.064 0. 405.675 0.064 0.998 0. 37.404 0. 0. 1. 0.
0.998 -0.069 0. 407.744 0.069 0.998 0. 37.582 0. 0. 1. 0.
0.997 -0.072 0. 409.872 0.072 0.997 0. 37.654 0. 0. 1. 0.
0.997 -0.074 0. 411.939 0.074 0.997 0. 37.737 0. 0. 1. 0.
0.997 -0.076 0. 414.014 0.076 0.997 0. 37.860 0. 0. 1. 0.
0.997 -0.080 0. 416.120 0.080 0.997 0. 37.987 0. 0. 1. 0.
0.997 -0.081 0. 418.181 0.081 0.997 0. 38.146 0. 0. 1. 0.
0.996 -0.084 0. 420.311 0.084 0.996 0. 38.281 0. 0. 1. 0.
0.996 -0.086 0. 422.438 0.086 0.996 0. 38.430 0. 0. 1. 0.
0.996 -0.088 0. 424.509 0.088 0.996 0. 38.605 0. 0. 1. 0.
0.996 -0.090 0. 426.572 0.090 0.996 0. 38.738 0. 0. 1. 0.
0.996 -0.092 0. 428.656 0.092 0.996 0. 38.902 0. 0. 1. 0.
0.996 -0.094 0. 430.693 0.094 0.996 0. 39.087 0. 0. 1. 0.
0.995 -0.096 0. 432.780 0.096 0.995 0. 39.240 0. 0. 1. 0.
0.995 -0.096 0. 434.828 0.096 0.995 0. 39.387 0. 0. 1. 0.
0.995 -0.096 0. 436.890 0.096 0.995 0. 39.587 0. 0. 1. 0.
0.995 -0.096 0. 438.970 0.096 0.995 0. 39.756 0. 0. 1. 0.
0.995 -0.097 0. 441.028 0.097 0.995 0. 39.912 0. 0. 1. 0.
0.995 -0.100 0. 443.064 0.100 0.995 0. 40.090 0. 0. 1. 0.
0.995 -0.098 0. 445.074 0.098 0.995 0. 40.282 0. 0. 1. 0.
0.995 -0.099 0. 447.064 0.099 0.995 0. 40.414 0. 0. 1. 0.
0.995 -0.098 0. 449.006 0.098 0.995 0. 40.563 0. 0. 1. 0.
0.995 -0.098 0. 450.932 0.098 0.995 0. 40.694 0. 0. 1. 0.
0.995 -0.096 0. 452.799 0.096 0.995 0. 40.896 0. 0. 1. 0.
0.996 -0.095 0. 454.594 0.095 0.996 0. 41.054 0. 0. 1. 0.
0.996 -0.094 0. 456.293 0.094 0.996 0. 41.177 0. 0. 1. 0.
0.996 -0.091 0. 457.920 0.091 0.996 0. 41.307 0. 0. 1. 0.
0.996 -0.087 0. 459.467 0.087 0.996 0. 41.402 0. 0. 1. 0.
0.997 -0.078 0. 460.924 0.078 0.997 0. 41.491 0. 0. 1. 0.
0.998 -0.061 0. 462.295 0.061 0.998 0. 41.511 0. 0. 1. 0.
0.999 -0.035 0. 463.568 0.035 0.999 0. 41.538 0. 0. 1. 0.
1. -0.004 0. 464.745 0.004 1. 0. 41.531 0. 0. 1. 0.
1.000 0.031 0. 465.832 -0.031 1.000 0. 41.428 0. 0. 1. 0.
0.997 0.077 0. 466.812 -0.077 0.997 0. 41.319 0. 0. 1. 0.
0.992 0.128 0. 467.731 -0.128 0.992 0. 41.136 0. 0. 1. 0.
0.983 0.186 0. 468.559 -0.186 0.983 0. 40.889 0. 0. 1. 0.
0.970 0.243 0. 469.269 -0.243 0.970 0. 40.677 0. 0. 1. 0.
0.955 0.297 0. 469.960 -0.297 0.955 0. 40.416 0. 0. 1. 0.
0.936 0.352 0. 470.500 -0.352 0.936 0. 40.134 0. 0. 1. 0.
0.916 0.401 0. 471.010 -0.401 0.916 0. 39.792 0. 0. 1. 0.
0.897 0.441 0. 471.477 -0.441 0.897 0. 39.530 0. 0. 1. 0.
0.878 0.479 0. 471.869 -0.479 0.878 0. 39.273 0. 0. 1. 0.
0.859 0.512 0. 472.168 -0.512 0.859 0. 39.012 0. 0. 1. 0.
0.842 0.540 0. 472.446 -0.540 0.842 0. 38.806 0. 0. 1. 0.
0.829 0.560 0. 472.644 -0.560 0.829 0. 38.613 0. 0. 1. 0.
0.817 0.577 0. 472.806 -0.577 0.817 0. 38.486 0. 0. 1. 0.
0.805 0.594 0. 472.980 -0.594 0.805 0. 38.350 0. 0. 1. 0.
0.791 0.612 0. 473.138 -0.612 0.791 0. 38.200 0. 0. 1. 0.
0.774 0.633 0. 473.325 -0.633 0.774 0. 38.000 0. 0. 1. 0.
0.756 0.655 0. 473.523 -0.655 0.756 0. 37.821 0. 0. 1. 0.
0.729 0.685 0. 473.731 -0.685 0.729 0. 37.604 0. 0. 1. 0.
0.690 0.724 0. 473.964 -0.724 0.690 0. 37.288 0. 0. 1. 0.
0.635 0.773 0. 474.235 -0.773 0.635 0. 36.899 0. 0. 1. 0.
0.566 0.825 0. 474.472 -0.825 0.566 0. 36.420 0. 0. 1. 0.
0.484 0.875 0. 474.665 -0.875 0.484 0. 35.866 0. 0. 1. 0.
0.385 0.923 0. 474.829 -0.923 0.385 0. 35.233 0. 0. 1. 0.
0.274 0.962 0. 474.936 -0.962 0.274 0. 34.496 0. 0. 1. 0.
0.151 0.988 0. 474.966 -0.988 0.151 0. 33.754 0. 0. 1. 0.
0.019 1.000 0. 474.890 -1.000 0.019 0. 32.903 0. 0. 1. 0.
-0.125 0.992 0. 474.651 -0.992 -0.125 0. 32.041 0. 0. 1. 0.
-0.268 0.963 0. 474.310 -0.963 -0.268 0. 31.045 0. 0. 1. 0.
-0.400 0.917 0. 473.787 -0.917 -0.400 0. 30.099 0. 0. 1. 0.
-0.515 0.857 0. 473.131 -0.857 -0.515 0. 29.248 0. 0. 1. 0.
-0.614 0.789 0. 472.376 -0.789 -0.614 0. 28.346 0. 0. 1. 0.
-0.692 0.722 0. 471.500 -0.722 -0.692 0. 27.487 0. 0. 1. 0.
-0.750 0.662 0. 470.472 -0.662 -0.750 0. 26.688 0. 0. 1. 0.
-0.790 0.614 0. 469.351 -0.614 -0.790 0. 25.853 0. 0. 1. 0.
-0.813 0.583 0. 468.175 -0.583 -0.813 0. 25.108 0. 0. 1. 0.
-0.829 0.560 0. 466.941 -0.560 -0.829 0. 24.286 0. 0. 1. 0.
-0.840 0.542 0. 465.621 -0.542 -0.840 0. 23.495 0. 0. 1. 0.
-0.848 0.530 0. 464.232 -0.530 -0.848 0. 22.669 0. 0. 1. 0.
-0.854 0.521 0. 462.777 -0.521 -0.854 0. 21.872 0. 0. 1. 0.
-0.858 0.514 0. 461.296 -0.514 -0.858 0. 21.025 0. 0. 1. 0.
-0.860 0.510 0. 459.778 -0.510 -0.860 0. 20.162 0. 0. 1. 0.
-0.862 0.506 0. 458.209 -0.506 -0.862 0. 19.305 0. 0. 1. 0.
-0.865 0.502 0. 456.602 -0.502 -0.865 0. 18.390 0. 0. 1. 0.
-0.867 0.498 0. 454.962 -0.498 -0.867 0. 17.457 0. 0. 1. 0.
-0.871 0.490 0. 453.257 -0.490 -0.871 0. 16.516 0. 0. 1. 0.
-0.874 0.486 0. 451.435 -0.486 -0.874 0. 15.586 0. 0. 1. 0.
-0.874 0.486 0. 449.660 -0.486 -0.874 0. 14.620 0. 0. 1. 0.
-0.874 0.486 0. 447.793 -0.486 -0.874 0. 13.642 0. 0. 1. 0.
-0.874 0.486 0. 445.935 -0.486 -0.874 0. 12.632 0. 0. 1. 0.
-0.874 0.485 0. 444.052 -0.485 -0.874 0. 11.693 0. 0. 1. 0.
-0.874 0.486 0. 442.168 -0.486 -0.874 0. 10.614 0. 0. 1. 0.
-0.876 0.483 0. 440.245 -0.483 -0.876 0. 9.644 0. 0. 1. 0.
-0.876 0.483 0. 438.298 -0.483 -0.876 0. 8.561 0. 0. 1. 0.
-0.878 0.478 0. 436.340 -0.478 -0.878 0. 7.562 0. 0. 1. 0.
-0.879 0.477 0. 434.404 -0.477 -0.879 0. 6.516 0. 0. 1. 0.
-0.880 0.475 0. 432.537 -0.475 -0.880 0. 5.525 0. 0. 1. 0.
-0.879 0.476 0. 430.619 -0.476 -0.879 0. 4.523 0. 0. 1. 0.
-0.880 0.475 0. 428.791 -0.475 -0.880 0. 3.516 0. 0. 1. 0.
-0.880 0.476 0. 426.935 -0.476 -0.880 0. 2.566 0. 0. 1. 0.
-0.879 0.476 0. 425.164 -0.476 -0.879 0. 1.657 0. 0. 1. 0.
-0.880 0.475 0. 423.386 -0.475 -0.880 0. 0.728 0. 0. 1. 0.
-0.881 0.472 0. 421.716 -0.472 -0.881 0. -0.173 0. 0. 1. 0.
-0.881 0.473 0. 420.045 -0.473 -0.881 0. -1.025 0. 0. 1. 0.
-0.882 0.471 0. 418.409 -0.471 -0.882 0. -1.836 0. 0. 1. 0.
-0.883 0.469 0. 416.805 -0.469 -0.883 0. -2.633 0. 0. 1. 0.
-0.883 0.469 0. 415.303 -0.469 -0.883 0. -3.485 0. 0. 1. 0.
-0.884 0.468 0. 413.808 -0.468 -0.884 0. -4.262 0. 0. 1. 0.
-0.883 0.469 0. 412.325 -0.469 -0.883 0. -5.035 0. 0. 1. 0.
-0.884 0.468 0. 410.817 -0.468 -0.884 0. -5.791 0. 0. 1. 0.
-0.884 0.467 0. 409.355 -0.467 -0.884 0. -6.596 0. 0. 1. 0.
-0.884 0.467 0. 407.833 -0.467 -0.884 0. -7.364 0. 0. 1. 0.
-0.885 0.465 0. 406.288 -0.465 -0.885 0. -8.132 0. 0. 1. 0.
-0.886 0.463 0. 404.745 -0.463 -0.886 0. -8.945 0. 0. 1. 0.
-0.886 0.463 0. 403.176 -0.463 -0.886 0. -9.733 0. 0. 1. 0.
-0.888 0.461 0. 401.559 -0.461 -0.888 0. -10.525 0. 0. 1. 0.
-0.888 0.460 0. 399.934 -0.460 -0.888 0. -11.359 0. 0. 1. 0.
-0.889 0.458 0. 398.268 -0.458 -0.889 0. -12.175 0. 0. 1. 0.
-0.890 0.455 0. 396.628 -0.455 -0.890 0. -13.022 0. 0. 1. 0.
-0.890 0.455 0. 394.895 -0.455 -0.890 0. -13.821 0. 0. 1. 0.
-0.892 0.453 0. 393.226 -0.453 -0.892 0. -14.668 0. 0. 1. 0.
-0.892 0.452 0. 391.493 -0.452 -0.892 0. -15.510 0. 0. 1. 0.
-0.893 0.450 0. 389.767 -0.450 -0.893 0. -16.363 0. 0. 1. 0.
-0.894 0.448 0. 388.021 -0.448 -0.894 0. -17.267 0. 0. 1. 0.
-0.894 0.447 0. 386.218 -0.447 -0.894 0. -18.128 0. 0. 1. 0.
-0.896 0.445 0. 384.425 -0.445 -0.896 0. -18.978 0. 0. 1. 0.
-0.895 0.445 0. 382.586 -0.445 -0.895 0. -19.850 0. 0. 1. 0.
-0.895 0.446 0. 380.797 -0.446 -0.895 0. -20.753 0. 0. 1. 0.
-0.896 0.444 0. 378.952 -0.444 -0.896 0. -21.645 0. 0. 1. 0.
-0.897 0.442 0. 377.049 -0.442 -0.897 0. -22.487 0. 0. 1. 0.
-0.898 0.440 0. 375.177 -0.440 -0.898 0. -23.357 0. 0. 1. 0.
-0.900 0.435 0. 373.291 -0.435 -0.900 0. -24.249 0. 0. 1. 0.
-0.903 0.429 0. 371.354 -0.429 -0.903 0. -25.086 0. 0. 1. 0.
-0.907 0.421 0. 369.470 -0.421 -0.907 0. -25.927 0. 0. 1. 0.
-0.911 0.412 0. 367.516 -0.412 -0.911 0. -26.811 0. 0. 1. 0.
-0.915 0.404 0. 365.540 -0.404 -0.915 0. -27.616 0. 0. 1. 0.
-0.919 0.393 0. 363.549 -0.393 -0.919 0. -28.375 0. 0. 1. 0.
-0.923 0.384 0. 361.579 -0.384 -0.923 0. -29.196 0. 0. 1. 0.
-0.927 0.374 0. 359.622 -0.374 -0.927 0. -30.012 0. 0. 1. 0.
-0.930 0.368 0. 357.650 -0.368 -0.930 0. -30.732 0. 0. 1. 0.
-0.932 0.363 0. 355.666 -0.363 -0.932 0. -31.426 0. 0. 1. 0.
-0.933 0.359 0. 353.676 -0.359 -0.933 0. -32.120 0. 0. 1. 0.
-0.935 0.355 0. 351.652 -0.355 -0.935 0. -32.826 0. 0. 1. 0.
-0.934 0.356 0. 349.756 -0.356 -0.934 0. -33.583 0. 0. 1. 0.
-0.934 0.357 0. 347.818 -0.357 -0.934 0. -34.281 0. 0. 1. 0.
-0.934 0.356 0. 345.859 -0.356 -0.934 0. -34.974 0. 0. 1. 0.
-0.935 0.356 0. 343.913 -0.356 -0.935 0. -35.687 0. 0. 1. 0.
-0.934 0.357 0. 341.947 -0.357 -0.934 0. -36.382 0. 0. 1. 0.
