0.967 0.255 0. -3.891 0.255 -0.967 0. 0.048 0. 0. -1. 0.
0.967 0.255 0. -3.891 0.255 -0.967 0. 0.048 0. 0. -1. 0.
0.967 0.255 0. -3.891 0.255 -0.967 0. 0.048 0. 0. -1. 0.
0.967 0.255 0. -3.891 0.255 -0.967 0. 0.048 0. 0. -1. 0.
0.967 0.255 0. -3.891 0.255 -0.967 0. 0.048 0. 0. -1. 0.
0.967 0.255 0. -3.891 0.255 -0.967 0. 0.048 0. 0. -1. 0.
0.967 0.255 0. -3.891 0.255 -0.967 0. 0.048 0. 0. -1. 0.
0.967 0.255 0. -3.891 0.255 -0.967 0. 0.048 0. 0. -1. 0.
0.967 0.255 0. -3.891 0.255 -0.967 0. 0.048 0. 0. -1. 0.
0.967 0.255 0. -3.891 0.255 -0.967 0. 0.048 0. 0. -1. 0.
0.967 0.255 0. -3.891 0.255 -0.967 0. 0.048 0. 0. -1. 0.
0.967 0.255 0. -3.891 0.255 -0.967 0. 0.048 0. 0. -1. 0.
0.967 0.255 0. -3.891 0.255 -0.967 0. 0.048 0. 0. -1. 0.
0.967 0.255 0. -3.891 0.255 -0.967 0. 0.048 0. 0. -1. 0.
0.967 0.255 0. -3.891 0.255 -0.967 0. 0.048 0. 0. -1. 0.
0.967 0.255 0. -3.891 0.255 -0.967 0. 0.048 0. 0. -1. 0.
0.967 0.255 0. -3.891 0.255 -0.967 0. 0.048 0. 0. -1. 0.
0.967 0.255 0. -3.891 0.255 -0.967 0. 0.048 0. 0. -1. 0.
0.967 0.255 0. -3.891 0.255 -0.967 0. 0.048 0. 0. -1. 0.
0.967 0.255 0. -3.891 0.255 -0.967 0. 0.048 0. 0. -1. 0.
0.967 0.255 0. -3.891 0.255 -0.967 0. 0.048 0. 0. -1. 0.
0.967 0.255 0. -3.891 0.255 -0.967 0. 0.048 0. 0. -1. 0.
0.967 0.255 0. -3.891 0.255 -0.967 0. 0.048 0. 0. -1. 0.
0.967 0.255 0. -3.891 0.255 -0.967 0. 0.048 0. 0. -1. 0.
0.967 0.255 0. -3.891 0.255 -0.967 0. 0.048 0. 0. -1. 0.
0.967 0.255 0. -3.891 0.255 -0.967 0. 0.048 0. 0. -1. 0.
0.967 0.255 0. -3.891 0.255 -0.967 0. 0.048 0. 0. -1. 0.
0.967 0.255 0. -3.891 0.255 -0.967 0. 0.048 0. 0. -1. 0.
0.967 0.255 0. -3.891 0.255 -0.967 0. 0.048 0. 0. -1. 0.
0.967 0.255 0. -3.891 0.255 -0.967 0. 0.048 0. 0. -1. 0.
0.967 0.255 0. -3.891 0.255 -0.967 0. 0.048 0. 0. -1. 0.
0.967 0.255 0. -3.891 0.255 -0.967 0. 0.048 0. 0. -1. 0.
0.967 0.255 0. -3.891 0.255 -0.967 0. 0.048 0. 0. -1. 0.
0.967 0.255 0. -3.891 0.255 -0.967 0. 0.048 0. 0. -1. 0.
0.967 0.255 0. -3.891 0.255 -0.967 0. 0.048 0. 0. -1. 0.
0.967 0.255 0. -3.891 0.255 -0.967 0. 0.048 0. 0. -1. 0.
0.967 0.255 0. -3.891 0.255 -0.967 0. 0.048 0. 0. -1. 0.
0.967 0.255 0. -3.891 0.255 -0.967 0. 0.048 0. 0. -1. 0.
0.967 0.255 0. -3.891 0.255 -0.967 0. 0.048 0. 0. -1. 0.
0.967 0.255 0. -3.891 0.255 -0.967 0. 0.048 0. 0. -1. 0.
0.967 0.255 0. -3.891 0.255 -0.967 0. 0.048 0. 0. -1. 0.
0.967 0.255 0. -3.891 0.255 -0.967 0. 0.048 0. 0. -1. 0.
0.967 0.255 0. -3.891 0.255 -0.967 0. 0.048 0. 0. -1. 0.
0.967 0.255 0. -3.891 0.255 -0.967 0. 0.048 0. 0. -1. 0.
0.967 0.255 0. -3.891 0.255 -0.967 0. 0.048 0. 0. -1. 0.
0.967 0.255 0. -3.891 0.255 -0.967 0. 0.048 0. 0. -1. 0.
0.967 0.255 0. -3.891 0.255 -0.967 0. 0.048 0. 0. -1. 0.
0.967 0.255 0. -3.891 0.255 -0.967 0. 0.048 0. 0. -1. 0.
0.967 0.255 0. -3.891 0.255 -0.967 0. 0.048 0. 0. -1. 0.
0.967 0.255 0. -3.891 0.255 -0.967 0. 0.048 0. 0. -1. 0.
0.967 0.255 0. -3.891 0.255 -0.967 0. 0.048 0. 0. -1. 0.
0.967 0.255 0. -3.891 0.255 -0.967 0. 0.048 0. 0. -1. 0.
0.967 0.255 0. -3.891 0.255 -0.967 0. 0.048 0. 0. -1. 0.
0.967 0.255 0. -3.891 0.255 -0.967 0. 0.048 0. 0. -1. 0.
0.967 0.255 0. -3.891 0.255 -0.967 0. 0.048 0. 0. -1. 0.
0.967 0.255 0. -3.891 0.255 -0.967 0. 0.048 0. 0. -1. 0.
0.967 0.255 0. -3.891 0.255 -0.967 0. 0.048 0. 0. -1. 0.
0.967 0.255 0. -3.891 0.255 -0.967 0. 0.048 0. 0. -1. 0.
0.967 0.255 0. -3.891 0.255 -0.967 0. 0.048 0. 0. -1. 0.
0.967 0.255 0. -3.891 0.255 -0.967 0. 0.048 0. 0. -1. 0.
0.967 0.255 0. -3.891 0.255 -0.967 0. 0.048 0. 0. -1. 0.
0.967 0.255 0. -3.891 0.255 -0.967 0. 0.048 0. 0. -1. 0.
0.967 0.255 0. -3.891 0.255 -0.967 0. 0.048 0. 0. -1. 0.
0.967 0.255 0. -3.891 0.255 -0.967 0. 0.048 0. 0. -1. 0.
0.967 0.255 0. -3.891 0.255 -0.967 0. 0.048 0. 0. -1. 0.
0.967 0.255 0. -3.891 0.255 -0.967 0. 0.048 0. 0. -1. 0.
0.967 0.255 0. -3.891 0.255 -0.967 0. 0.048 0. 0. -1. 0.
0.967 0.255 0. -3.891 0.255 -0.967 0. 0.048 0. 0. -1. 0.
0.967 0.255 0. -3.891 0.255 -0.967 0. 0.048 0. 0. -1. 0.
0.967 0.255 0. -3.891 0.255 -0.967 0. 0.048 0. 0. -1. 0.
0.967 0.255 0. -3.891 0.255 -0.967 0. 0.048 0. 0. -1. 0.
0.967 0.255 0. -3.891 0.255 -0.967 0. 0.048 0. 0. -1. 0.
0.967 0.255 0. -3.891 0.255 -0.967 0. 0.048 0. 0. -1. 0.
0.967 0.255 0. -3.891 0.255 -0.967 0. 0.048 0. 0. -1. 0.
0.967 0.255 0. -3.891 0.255 -0.967 0. 0.048 0. 0. -1. 0.
0.967 0.255 0. -3.891 0.255 -0.967 0. 0.048 0. 0. -1. 0.
0.967 0.255 0. -3.891 0.255 -0.967 0. 0.048 0. 0. -1. 0.
0.967 0.255 0. -3.891 0.255 -0.967 0. 0.048 0. 0. -1. 0.
0.967 0.255 0. -3.891 0.255 -0.967 0. 0.048 0. 0. -1. 0.
0.967 0.255 0. -3.891 0.255 -0.967 0. 0.048 0. 0. -1. 0.
0.967 0.255 0. -3.891 0.255 -0.967 0. 0.048 0. 0. -1. 0.
0.967 0.255 0. -3.891 0.255 -0.967 0. 0.048 0. 0. -1. 0.
0.967 0.255 0. -3.891 0.255 -0.967 0. 0.048 0. 0. -1. 0.
0.967 0.255 0. -3.891 0.255 -0.967 0. 0.048 0. 0. -1. 0.
0.967 0.255 0. -3.891 0.255 -0.967 0. 0.048 0. 0. -1. 0.
0.967 0.255 0. -3.891 0.255 -0.967 0. 0.048 0. 0. -1. 0.
0.967 0.255 0. -3.891 0.255 -0.967 0. 0.048 0. 0. -1. 0.
0.967 0.255 0. -3.891 0.255 -0.967 0. 0.048 0. 0. -1. 0.
0.967 0.255 0. -3.891 0.255 -0.967 0. 0.048 0. 0. -1. 0.
0.967 0.255 0. -3.891 0.255 -0.967 0. 0.048 0. 0. -1. 0.
0.967 0.255 0. -3.891 0.255 -0.967 0. 0.048 0. 0. -1. 0.
0.967 0.255 0. -3.891 0.255 -0.967 0. 0.048 0. 0. -1. 0.
0.967 0.255 0. -3.891 0.255 -0.967 0. 0.048 0. 0. -1. 0.
0.967 0.255 0. -3.891 0.255 -0.967 0. 0.048 0. 0. -1. 0.
0.967 0.255 0. -3.891 0.255 -0.967 0. 0.048 0. 0. -1. 0.
0.967 0.255 0. -3.891 0.255 -0.967 0. 0.048 0. 0. -1. 0.
0.967 0.255 0. -3.891 0.255 -0.967 0. 0.049 0. 0. -1. 0.
0.967 0.255 0. -3.891 0.255 -0.967 0. 0.048 0. 0. -1. 0.
0.967 0.255 0. -3.891 0.255 -0.967 0. 0.048 0. 0. -1. 0.
0.967 0.255 0. -3.891 0.255 -0.967 0. 0.048 0. 0. -1. 0.
0.967 0.256 0. -3.890 0.256 -0.967 0. 0.048 0. 0. -1. 0.
0.967 0.255 0. -3.886 0.255 -0.967 0. 0.049 0. 0. -1. 0.
0.967 0.254 0. -3.863 0.254 -0.967 0. 0.053 0. 0. -1. 0.
0.967 0.253 0. -3.834 0.253 -0.967 0. 0.060 0. 0. -1. 0.
0.968 0.252 0. -3.805 0.252 -0.968 0. 0.065 0. 0. -1. 0.
0.968 0.251 0. -3.773 0.251 -0.968 0. 0.072 0. 0. -1. 0.
0.968 0.249 0. -3.732 0.249 -0.968 0. 0.079 0. 0. -1. 0.
0.969 0.247 0. -3.675 0.247 -0.969 0. 0.090 0. 0. -1. 0.
0.970 0.244 0. -3.604 0.244 -0.970 0. 0.104 0. 0. -1. 0.
0.970 0.241 0. -3.526 0.241 -0.970 0. 0.119 0. 0. -1. 0.
0.971 0.238 0. -3.437 0.238 -0.971 0. 0.135 0. 0. -1. 0.
0.972 0.234 0. -3.339 0.234 -0.972 0. 0.153 0. 0. -1. 0.
0.973 0.230 0. -3.231 0.230 -0.973 0. 0.173 0. 0. -1. 0.
0.974 0.227 0. -3.112 0.227 -0.974 0. 0.195 0. 0. -1. 0.
0.974 0.225 0. -2.985 0.225 -0.974 0. 0.218 0. 0. -1. 0.
0.974 0.227 0. -2.850 0.227 -0.974 0. 0.248 0. 0. -1. 0.
0.973 0.230 0. -2.706 0.230 -0.973 0. 0.282 0. 0. -1. 0.
0.972 0.234 0. -2.551 0.234 -0.972 0. 0.317 0. 0. -1. 0.
0.972 0.235 0. -2.387 0.235 -0.972 0. 0.356 0. 0. -1. 0.
0.972 0.236 0. -2.217 0.236 -0.972 0. 0.395 0. 0. -1. 0.
0.972 0.234 0. -2.039 0.234 -0.972 0. 0.438 0. 0. -1. 0.
0.973 0.232 0. -1.853 0.232 -0.973 0. 0.480 0. 0. -1. 0.
0.973 0.229 0. -1.657 0.229 -0.973 0. 0.519 0. 0. -1. 0.
0.974 0.226 0. -1.456 0.226 -0.974 0. 0.560 0. 0. -1. 0.
0.975 0.223 0. -1.263 0.223 -0.975 0. 0.596 0. 0. -1. 0.
0.975 0.221 0. -1.094 0.221 -0.975 0. 0.628 0. 0. -1. 0.
0.976 0.219 0. -0.959 0.219 -0.976 0. 0.656 0. 0. -1. 0.
0.976 0.218 0. -0.855 0.218 -0.976 0. 0.677 0. 0. -1. 0.
0.976 0.217 0. -0.776 0.217 -0.976 0. 0.693 0. 0. -1. 0.
0.976 0.216 0. -0.712 0.216 -0.976 0. 0.705 0. 0. -1. 0.
0.976 0.216 0. -0.665 0.216 -0.976 0. 0.715 0. 0. -1. 0.
0.977 0.215 0. -0.636 0.215 -0.977 0. 0.720 0. 0. -1. 0.
0.977 0.215 0. -0.625 0.215 -0.977 0. 0.723 0. 0. -1. 0.
0.977 0.215 0. -0.626 0.215 -0.977 0. 0.723 0. 0. -1. 0.
0.977 0.215 0. -0.625 0.215 -0.977 0. 0.724 0. 0. -1. 0.
0.977 0.215 0. -0.625 0.215 -0.977 0. 0.724 0. 0. -1. 0.
0.977 0.215 0. -0.625 0.215 -0.977 0. 0.724 0. 0. -1. 0.
0.977 0.215 0. -0.624 0.215 -0.977 0. 0.725 0. 0. -1. 0.
0.976 0.216 0. -0.615 0.216 -0.976 0. 0.727 0. 0. -1. 0.
0.976 0.217 0. -0.602 0.217 -0.976 0. 0.730 0. 0. -1. 0.
0.976 0.218 0. -0.585 0.218 -0.976 0. 0.734 0. 0. -1. 0.
0.975 0.220 0. -0.562 0.220 -0.975 0. 0.740 0. 0. -1. 0.
0.975 0.223 0. -0.533 0.223 -0.975 0. 0.748 0. 0. -1. 0.
0.974 0.226 0. -0.501 0.226 -0.974 0. 0.757 0. 0. -1. 0.
0.974 0.229 0. -0.469 0.229 -0.974 0. 0.765 0. 0. -1. 0.
0.973 0.230 0. -0.439 0.230 -0.973 0. 0.773 0. 0. -1. 0.
0.973 0.230 0. -0.413 0.230 -0.973 0. 0.779 0. 0. -1. 0.
0.973 0.230 0. -0.402 0.230 -0.973 0. 0.781 0. 0. -1. 0.
0.973 0.230 0. -0.402 0.230 -0.973 0. 0.781 0. 0. -1. 0.
0.973 0.230 0. -0.402 0.230 -0.973 0. 0.781 0. 0. -1. 0.
0.973 0.230 0. -0.402 0.230 -0.973 0. 0.781 0. 0. -1. 0.
0.973 0.230 0. -0.402 0.230 -0.973 0. 0.781 0. 0. -1. 0.
0.973 0.230 0. -0.402 0.230 -0.973 0. 0.781 0. 0. -1. 0.
0.973 0.230 0. -0.402 0.230 -0.973 0. 0.781 0. 0. -1. 0.
0.973 0.230 0. -0.402 0.230 -0.973 0. 0.781 0. 0. -1. 0.
0.973 0.230 0. -0.402 0.230 -0.973 0. 0.781 0. 0. -1. 0.
0.973 0.230 0. -0.402 0.230 -0.973 0. 0.781 0. 0. -1. 0.
0.973 0.230 0. -0.402 0.230 -0.973 0. 0.781 0. 0. -1. 0.
0.973 0.230 0. -0.402 0.230 -0.973 0. 0.781 0. 0. -1. 0.
0.973 0.230 0. -0.400 0.230 -0.973 0. 0.780 0. 0. -1. 0.
0.973 0.229 0. -0.395 0.229 -0.973 0. 0.781 0. 0. -1. 0.
0.974 0.227 0. -0.360 0.227 -0.974 0. 0.787 0. 0. -1. 0.
0.975 0.221 0. -0.252 0.221 -0.975 0. 0.808 0. 0. -1. 0.
0.977 0.212 0. -0.068 0.212 -0.977 0. 0.840 0. 0. -1. 0.
0.981 0.196 0. 0.175 0.196 -0.981 0. 0.879 0. 0. -1. 0.
0.985 0.174 0. 0.480 0.174 -0.985 0. 0.913 0. 0. -1. 0.
0.989 0.148 0. 0.848 0.148 -0.989 0. 0.947 0. 0. -1. 0.
0.992 0.126 0. 1.278 0.126 -0.992 0. 0.977 0. 0. -1. 0.
0.994 0.109 0. 1.767 0.109 -0.994 0. 1.021 0. 0. -1. 0.
0.995 0.095 0. 2.310 0.095 -0.995 0. 1.056 0. 0. -1. 0.
0.996 0.087 0. 2.903 0.087 -0.996 0. 1.097 0. 0. -1. 0.
0.997 0.080 0. 3.543 0.080 -0.997 0. 1.136 0. 0. -1. 0.
0.997 0.079 0. 4.215 0.079 -0.997 0. 1.185 0. 0. -1. 0.
0.997 0.079 0. 4.931 0.079 -0.997 0. 1.252 0. 0. -1. 0.
0.997 0.074 0. 5.689 0.074 -0.997 0. 1.295 0. 0. -1. 0.
0.998 0.070 0. 6.499 0.070 -0.998 0. 1.349 0. 0. -1. 0.
0.998 0.065 0. 7.348 0.065 -0.998 0. 1.408 0. 0. -1. 0.
0.998 0.062 0. 8.236 0.062 -0.998 0. 1.441 0. 0. -1. 0.
0.998 0.061 0. 9.147 0.061 -0.998 0. 1.486 0. 0. -1. 0.
0.998 0.063 0. 10.069 0.063 -0.998 0. 1.527 0. 0. -1. 0.
0.998 0.067 0. 11.017 0.067 -0.998 0. 1.559 0. 0. -1. 0.
0.997 0.074 0. 11.993 0.074 -0.997 0. 1.610 0. 0. -1. 0.
0.996 0.085 0. 12.994 0.085 -0.996 0. 1.667 0. 0. -1. 0.
0.995 0.095 0. 13.973 0.095 -0.995 0. 1.738 0. 0. -1. 0.
0.994 0.106 0. 15.002 0.106 -0.994 0. 1.826 0. 0. -1. 0.
0.993 0.118 0. 16.102 0.118 -0.993 0. 1.931 0. 0. -1. 0.
0.992 0.128 0. 17.209 0.128 -0.992 0. 2.049 0. 0. -1. 0.
0.990 0.139 0. 18.344 0.139 -0.990 0. 2.184 0. 0. -1. 0.
0.988 0.151 0. 19.528 0.151 -0.988 0. 2.335 0. 0. -1. 0.
0.986 0.165 0. 20.731 0.165 -0.986 0. 2.508 0. 0. -1. 0.
0.984 0.180 0. 21.959 0.180 -0.984 0. 2.703 0. 0. -1. 0.
0.981 0.196 0. 23.193 0.196 -0.981 0. 2.925 0. 0. -1. 0.
0.977 0.211 0. 24.434 0.211 -0.977 0. 3.164 0. 0. -1. 0.
0.975 0.223 0. 25.687 0.223 -0.975 0. 3.421 0. 0. -1. 0.
0.973 0.231 0. 26.948 0.231 -0.973 0. 3.694 0. 0. -1. 0.
0.972 0.235 0. 28.186 0.235 -0.972 0. 3.968 0. 0. -1. 0.
0.971 0.239 0. 29.461 0.239 -0.971 0. 4.247 0. 0. -1. 0.
0.970 0.242 0. 30.750 0.242 -0.970 0. 4.554 0. 0. -1. 0.
0.969 0.245 0. 31.972 0.245 -0.969 0. 4.831 0. 0. -1. 0.
0.968 0.249 0. 33.191 0.249 -0.968 0. 5.127 0. 0. -1. 0.
0.968 0.251 0. 34.425 0.251 -0.968 0. 5.420 0. 0. -1. 0.
0.969 0.248 0. 35.621 0.248 -0.969 0. 5.733 0. 0. -1. 0.
0.969 0.248 0. 36.792 0.248 -0.969 0. 5.950 0. 0. -1. 0.
0.968 0.250 0. 37.907 0.250 -0.968 0. 6.256 0. 0. -1. 0.
0.968 0.252 0. 39.038 0.252 -0.968 0. 6.492 0. 0. -1. 0.
0.967 0.255 0. 40.131 0.255 -0.967 0. 6.762 0. 0. -1. 0.
0.966 0.258 0. 41.204 0.258 -0.966 0. 7.027 0. 0. -1. 0.
0.965 0.261 0. 42.248 0.261 -0.965 0. 7.281 0. 0. -1. 0.
0.964 0.265 0. 43.273 0.265 -0.964 0. 7.530 0. 0. -1. 0.
0.963 0.268 0. 44.267 0.268 -0.963 0. 7.800 0. 0. -1. 0.
0.964 0.267 0. 45.255 0.267 -0.964 0. 8.047 0. 0. -1. 0.
0.964 0.266 0. 46.241 0.266 -0.964 0. 8.283 0. 0. -1. 0.
0.964 0.265 0. 47.229 0.265 -0.964 0. 8.556 0. 0. -1. 0.
0.965 0.264 0. 48.247 0.264 -0.965 0. 8.812 0. 0. -1. 0.
0.966 0.260 0. 49.314 0.260 -0.966 0. 9.067 0. 0. -1. 0.
0.966 0.257 0. 50.417 0.257 -0.966 0. 9.360 0. 0. -1. 0.
0.968 0.252 0. 51.567 0.252 -0.968 0. 9.624 0. 0. -1. 0.
0.969 0.247 0. 52.746 0.247 -0.969 0. 9.913 0. 0. -1. 0.
0.970 0.243 0. 53.961 0.243 -0.970 0. 10.181 0. 0. -1. 0.
0.972 0.236 0. 55.240 0.236 -0.972 0. 10.464 0. 0. -1. 0.
0.972 0.235 0. 56.568 0.235 -0.972 0. 10.737 0. 0. -1. 0.
0.972 0.235 0. 57.912 0.235 -0.972 0. 11.025 0. 0. -1. 0.
0.972 0.235 0. 59.308 0.235 -0.972 0. 11.323 0. 0. -1. 0.
0.972 0.234 0. 60.743 0.234 -0.972 0. 11.629 0. 0. -1. 0.
0.972 0.235 0. 62.198 0.235 -0.972 0. 11.954 0. 0. -1. 0.
0.971 0.237 0. 63.684 0.237 -0.971 0. 12.293 0. 0. -1. 0.
0.971 0.237 0. 65.155 0.237 -0.971 0. 12.634 0. 0. -1. 0.
0.971 0.237 0. 66.617 0.237 -0.971 0. 12.962 0. 0. -1. 0.
0.971 0.238 0. 68.107 0.238 -0.971 0. 13.287 0. 0. -1. 0.
0.972 0.237 0. 69.584 0.237 -0.972 0. 13.620 0. 0. -1. 0.
0.972 0.234 0. 71.055 0.234 -0.972 0. 13.942 0. 0. -1. 0.
0.974 0.228 0. 72.518 0.228 -0.974 0. 14.253 0. 0. -1. 0.
0.975 0.223 0. 73.973 0.223 -0.975 0. 14.558 0. 0. -1. 0.
0.977 0.215 0. 75.417 0.215 -0.977 0. 14.845 0. 0. -1. 0.
0.979 0.202 0. 76.829 0.202 -0.979 0. 15.139 0. 0. -1. 0.
0.983 0.186 0. 78.254 0.186 -0.983 0. 15.361 0. 0. -1. 0.
0.986 0.169 0. 79.666 0.169 -0.986 0. 15.617 0. 0. -1. 0.
0.989 0.145 0. 81.086 0.145 -0.989 0. 15.782 0. 0. -1. 0.
0.993 0.114 0. 82.472 0.114 -0.993 0. 15.928 0. 0. -1. 0.
0.997 0.081 0. 83.851 0.081 -0.997 0. 16.027 0. 0. -1. 0.
0.999 0.047 0. 85.264 0.047 -0.999 0. 16.080 0. 0. -1. 0.
1. 0.011 0. 86.663 0.011 -1. 0. 16.074 0. 0. -1. 0.
1.000 -0.027 0. 88.078 -0.027 -1.000 -0. 16.024 0. 0. -1. 0.
0.998 -0.066 0. 89.497 -0.066 -0.998 -0. 15.916 0. 0. -1. 0.
0.994 -0.113 0. 90.876 -0.113 -0.994 -0. 15.751 0. 0. -1. 0.
0.987 -0.158 0. 92.225 -0.158 -0.987 -0. 15.520 0. 0. -1. 0.
0.979 -0.203 0. 93.580 -0.203 -0.979 -0. 15.228 0. 0. -1. 0.
0.969 -0.247 0. 94.899 -0.247 -0.969 -0. 14.885 0. 0. -1. 0.
0.957 -0.289 0. 96.180 -0.289 -0.957 -0. 14.472 0. 0. -1. 0.
0.944 -0.329 0. 97.445 -0.329 -0.944 -0. 14.017 0. 0. -1. 0.
0.929 -0.369 0. 98.672 -0.369 -0.929 -0. 13.513 0. 0. -1. 0.
0.912 -0.409 0. 99.898 -0.409 -0.912 -0. 12.943 0. 0. -1. 0.
0.892 -0.451 0. 101.126 -0.451 -0.892 -0. 12.309 0. 0. -1. 0.
0.869 -0.494 0. 102.323 -0.494 -0.869 -0. 11.615 0. 0. -1. 0.
0.843 -0.538 0. 103.499 -0.538 -0.843 -0. 10.840 0. 0. -1. 0.
0.814 -0.581 0. 104.660 -0.581 -0.814 -0. 9.989 0. 0. -1. 0.
0.782 -0.623 0. 105.788 -0.623 -0.782 -0. 9.072 0. 0. -1. 0.
0.749 -0.663 0. 106.895 -0.663 -0.749 -0. 8.097 0. 0. -1. 0.
0.713 -0.701 0. 107.934 -0.701 -0.713 -0. 7.052 0. 0. -1. 0.
0.674 -0.738 0. 108.944 -0.738 -0.674 -0. 5.929 0. 0. -1. 0.
0.639 -0.769 0. 109.898 -0.769 -0.639 -0. 4.749 0. 0. -1. 0.
0.613 -0.790 0. 110.793 -0.790 -0.613 -0. 3.529 0. 0. -1. 0.
0.594 -0.804 0. 111.686 -0.804 -0.594 -0. 2.279 0. 0. -1. 0.
0.584 -0.812 0. 112.568 -0.812 -0.584 -0. 1.008 0. 0. -1. 0.
0.580 -0.814 0. 113.465 -0.814 -0.580 -0. -0.284 0. 0. -1. 0.
0.580 -0.814 0. 114.396 -0.814 -0.580 -0. -1.586 0. 0. -1. 0.
0.580 -0.815 0. 115.316 -0.815 -0.580 -0. -2.918 0. 0. -1. 0.
0.578 -0.816 0. 116.253 -0.816 -0.578 -0. -4.274 0. 0. -1. 0.
0.576 -0.817 0. 117.183 -0.817 -0.576 -0. -5.660 0. 0. -1. 0.
0.578 -0.816 0. 118.131 -0.816 -0.578 -0. -7.071 0. 0. -1. 0.
0.581 -0.814 0. 119.110 -0.814 -0.581 -0. -8.502 0. 0. -1. 0.
0.584 -0.811 0. 120.098 -0.811 -0.584 -0. -9.943 0. 0. -1. 0.
0.592 -0.806 0. 121.133 -0.806 -0.592 -0. -11.415 0. 0. -1. 0.
0.603 -0.798 0. 122.187 -0.798 -0.603 -0. -12.878 0. 0. -1. 0.
0.616 -0.788 0. 123.257 -0.788 -0.616 -0. -14.317 0. 0. -1. 0.
0.629 -0.777 0. 124.351 -0.777 -0.629 -0. -15.747 0. 0. -1. 0.
0.642 -0.766 0. 125.461 -0.766 -0.642 -0. -17.145 0. 0. -1. 0.
0.659 -0.752 0. 126.574 -0.752 -0.659 -0. -18.498 0. 0. -1. 0.
0.676 -0.737 0. 127.716 -0.737 -0.676 -0. -19.805 0. 0. -1. 0.
0.693 -0.721 0. 128.885 -0.721 -0.693 -0. -21.084 0. 0. -1. 0.
0.710 -0.705 0. 130.055 -0.705 -0.710 -0. -22.294 0. 0. -1. 0.
0.727 -0.687 0. 131.231 -0.687 -0.727 -0. -23.467 0. 0. -1. 0.
0.743 -0.669 0. 132.427 -0.669 -0.743 -0. -24.603 0. 0. -1. 0.
0.759 -0.651 0. 133.621 -0.651 -0.759 -0. -25.699 0. 0. -1. 0.
0.775 -0.632 0. 134.813 -0.632 -0.775 -0. -26.709 0. 0. -1. 0.
0.790 -0.613 0. 136.033 -0.613 -0.790 -0. -27.714 0. 0. -1. 0.
0.803 -0.596 0. 137.263 -0.596 -0.803 -0. -28.668 0. 0. -1. 0.
0.815 -0.579 0. 138.451 -0.579 -0.815 -0. -29.572 0. 0. -1. 0.
0.828 -0.561 0. 139.673 -0.561 -0.828 -0. -30.441 0. 0. -1. 0.
0.839 -0.544 0. 140.880 -0.544 -0.839 -0. -31.261 0. 0. -1. 0.
0.849 -0.529 0. 142.078 -0.529 -0.849 -0. -32.045 0. 0. -1. 0.
0.854 -0.520 0. 143.262 -0.520 -0.854 -0. -32.796 0. 0. -1. 0.
0.858 -0.514 0. 144.423 -0.514 -0.858 -0. -33.515 0. 0. -1. 0.
0.861 -0.508 0. 145.562 -0.508 -0.861 -0. -34.222 0. 0. -1. 0.
0.864 -0.504 0. 146.676 -0.504 -0.864 -0. -34.878 0. 0. -1. 0.
0.867 -0.498 0. 147.729 -0.498 -0.867 -0. -35.517 0. 0. -1. 0.
0.870 -0.494 0. 148.747 -0.494 -0.870 -0. -36.109 0. 0. -1. 0.
0.873 -0.487 0. 149.722 -0.487 -0.873 -0. -36.685 0. 0. -1. 0.
0.880 -0.475 0. 150.661 -0.475 -0.880 -0. -37.226 0. 0. -1. 0.
0.890 -0.456 0. 151.572 -0.456 -0.890 -0. -37.700 0. 0. -1. 0.
0.905 -0.425 0. 152.439 -0.425 -0.905 -0. -38.149 0. 0. -1. 0.
0.925 -0.380 0. 153.310 -0.380 -0.925 -0. -38.524 0. 0. -1. 0.
0.949 -0.315 0. 154.154 -0.315 -0.949 -0. -38.812 0. 0. -1. 0.
0.971 -0.239 0. 154.964 -0.239 -0.971 -0. -39.016 0. 0. -1. 0.
0.987 -0.163 0. 155.756 -0.163 -0.987 -0. -39.138 0. 0. -1. 0.
0.996 -0.088 0. 156.524 -0.088 -0.996 -0. -39.202 0. 0. -1. 0.
1. -0.009 0. 157.266 -0.009 -1. -0. -39.215 0. 0. -1. 0.
0.997 0.082 0. 157.987 0.082 -0.997 0. -39.148 0. 0. -1. 0.
0.984 0.181 0. 158.663 0.181 -0.984 0. -39.014 0. 0. -1. 0.
0.960 0.280 0. 159.303 0.280 -0.960 0. -38.813 0. 0. -1. 0.
0.925 0.379 0. 159.901 0.379 -0.925 0. -38.558 0. 0. -1. 0.
0.880 0.475 0. 160.449 0.475 -0.880 0. -38.234 0. 0. -1. 0.
0.822 0.569 0. 160.947 0.569 -0.822 0. -37.867 0. 0. -1. 0.
0.755 0.656 0. 161.400 0.656 -0.755 0. -37.448 0. 0. -1. 0.
0.676 0.737 0. 161.788 0.737 -0.676 0. -36.984 0. 0. -1. 0.
0.587 0.810 0. 162.109 0.810 -0.587 0. -36.483 0. 0. -1. 0.
0.489 0.873 0. 162.380 0.873 -0.489 0. -35.965 0. 0. -1. 0.
0.380 0.925 0. 162.577 0.925 -0.380 0. -35.419 0. 0. -1. 0.
0.266 0.964 0. 162.704 0.964 -0.266 0. -34.852 0. 0. -1. 0.
0.150 0.989 0. 162.763 0.989 -0.150 0. -34.276 0. 0. -1. 0.
0.031 1.000 0. 162.750 1.000 -0.031 0. -33.702 0. 0. -1. 0.
-0.089 0.996 0. 162.674 0.996 0.089 0. -33.135 0. 0. -1. 0.
-0.208 0.978 0. 162.529 0.978 0.208 0. -32.584 0. 0. -1. 0.
-0.324 0.946 0. 162.321 0.946 0.324 0. -32.055 0. 0. -1. 0.
-0.434 0.901 0. 162.053 0.901 0.434 0. -31.559 0. 0. -1. 0.
-0.538 0.843 0. 161.722 0.843 0.538 0. -31.104 0. 0. -1. 0.
-0.633 0.774 0. 161.353 0.774 0.633 0. -30.692 0. 0. -1. 0.
-0.718 0.696 0. 160.943 0.696 0.718 0. -30.324 0. 0. -1. 0.
-0.792 0.611 0. 160.493 0.611 0.792 0. -30.013 0. 0. -1. 0.
-0.852 0.523 0. 160.014 0.523 0.852 0. -29.757 0. 0. -1. 0.
-0.900 0.437 0. 159.517 0.437 0.900 0. -29.545 0. 0. -1. 0.
-0.935 0.355 0. 159.007 0.355 0.935 0. -29.366 0. 0. -1. 0.
-0.961 0.278 0. 158.473 0.278 0.961 0. -29.226 0. 0. -1. 0.
-0.979 0.204 0. 157.910 0.204 0.979 0. -29.123 0. 0. -1. 0.
-0.990 0.142 0. 157.314 0.142 0.990 0. -29.058 0. 0. -1. 0.
-0.995 0.096 0. 156.682 0.096 0.995 0. -29.002 0. 0. -1. 0.
-0.998 0.065 0. 156.018 0.065 0.998 0. -28.952 0. 0. -1. 0.
-0.999 0.044 0. 155.319 0.044 0.999 0. -28.926 0. 0. -1. 0.
-1.000 0.028 0. 154.598 0.028 1.000 0. -28.907 0. 0. -1. 0.
-1.000 0.016 0. 153.838 0.016 1.000 0. -28.867 0. 0. -1. 0.
-1. 0.009 0. 153.046 0.009 1. 0. -28.841 0. 0. -1. 0.
-1. 0.008 0. 152.221 0.008 1. 0. -28.830 0. 0. -1. 0.
-1. 0.012 0. 151.358 0.012 1. 0. -28.795 0. 0. -1. 0.
-1.000 0.021 0. 150.458 0.021 1.000 0. -28.752 0. 0. -1. 0.
-0.999 0.034 0. 149.535 0.034 0.999 0. -28.700 0. 0. -1. 0.
-0.999 0.053 0. 148.579 0.053 0.999 0. -28.636 0. 0. -1. 0.
-0.997 0.076 0. 147.614 0.076 0.997 0. -28.548 0. 0. -1. 0.
-0.994 0.105 0. 146.631 0.105 0.994 0. -28.410 0. 0. -1. 0.
-0.991 0.137 0. 145.615 0.137 0.991 0. -28.256 0. 0. -1. 0.
-0.986 0.169 0. 144.559 0.169 0.986 0. -28.053 0. 0. -1. 0.
-0.979 0.203 0. 143.500 0.203 0.979 0. -27.802 0. 0. -1. 0.
-0.971 0.239 0. 142.423 0.239 0.971 0. -27.516 0. 0. -1. 0.
-0.961 0.277 0. 141.328 0.277 0.961 0. -27.175 0. 0. -1. 0.
-0.949 0.315 0. 140.221 0.315 0.949 0. -26.777 0. 0. -1. 0.
-0.935 0.354 0. 139.101 0.354 0.935 0. -26.321 0. 0. -1. 0.
-0.919 0.395 0. 137.968 0.395 0.919 0. -25.808 0. 0. -1. 0.
-0.900 0.437 0. 136.830 0.437 0.900 0. -25.229 0. 0. -1. 0.
-0.881 0.472 0. 135.706 0.472 0.881 0. -24.582 0. 0. -1. 0.
-0.862 0.508 0. 134.569 0.508 0.862 0. -23.889 0. 0. -1. 0.
-0.841 0.541 0. 133.427 0.541 0.841 0. -23.122 0. 0. -1. 0.
-0.818 0.575 0. 132.283 0.575 0.818 0. -22.292 0. 0. -1. 0.
-0.792 0.610 0. 131.148 0.610 0.792 0. -21.381 0. 0. -1. 0.
-0.761 0.648 0. 130.035 0.648 0.761 0. -20.404 0. 0. -1. 0.
-0.731 0.683 0. 128.945 0.683 0.731 0. -19.345 0. 0. -1. 0.
-0.703 0.711 0. 127.885 0.711 0.703 0. -18.237 0. 0. -1. 0.
-0.676 0.737 0. 126.855 0.737 0.676 0. -17.098 0. 0. -1. 0.
-0.653 0.757 0. 125.853 0.757 0.653 0. -15.914 0. 0. -1. 0.
-0.635 0.773 0. 124.873 0.773 0.635 0. -14.676 0. 0. -1. 0.
-0.618 0.786 0. 123.902 0.786 0.618 0. -13.421 0. 0. -1. 0.
-0.602 0.799 0. 122.990 0.799 0.602 0. -12.128 0. 0. -1. 0.
-0.587 0.809 0. 122.064 0.809 0.587 0. -10.777 0. 0. -1. 0.
-0.575 0.818 0. 121.148 0.818 0.575 0. -9.396 0. 0. -1. 0.
-0.567 0.824 0. 120.243 0.824 0.567 0. -8.011 0. 0. -1. 0.
-0.560 0.829 0. 119.326 0.829 0.560 0. -6.609 0. 0. -1. 0.
-0.552 0.834 0. 118.435 0.834 0.552 0. -5.199 0. 0. -1. 0.
-0.545 0.838 0. 117.563 0.838 0.545 0. -3.793 0. 0. -1. 0.
-0.545 0.839 0. 116.709 0.839 0.545 0. -2.393 0. 0. -1. 0.
-0.551 0.835 0. 115.859 0.835 0.551 0. -1.022 0. 0. -1. 0.
-0.559 0.829 0. 115.006 0.829 0.559 0. 0.307 0. 0. -1. 0.
-0.567 0.823 0. 114.169 0.823 0.567 0. 1.597 0. 0. -1. 0.
-0.580 0.815 0. 113.336 0.815 0.580 0. 2.833 0. 0. -1. 0.
-0.592 0.806 0. 112.498 0.806 0.592 0. 4.034 0. 0. -1. 0.
-0.604 0.797 0. 111.672 0.797 0.604 0. 5.188 0. 0. -1. 0.
-0.619 0.786 0. 110.834 0.786 0.619 0. 6.318 0. 0. -1. 0.
-0.639 0.769 0. 109.986 0.769 0.639 0. 7.393 0. 0. -1. 0.
-0.662 0.749 0. 109.148 0.749 0.662 0. 8.393 0. 0. -1. 0.
-0.683 0.730 0. 108.294 0.730 0.683 0. 9.345 0. 0. -1. 0.
-0.705 0.709 0. 107.426 0.709 0.705 0. 10.261 0. 0. -1. 0.
-0.727 0.686 0. 106.565 0.686 0.727 0. 11.114 0. 0. -1. 0.
-0.749 0.663 0. 105.691 0.663 0.749 0. 11.910 0. 0. -1. 0.
-0.767 0.642 0. 104.832 0.642 0.767 0. 12.659 0. 0. -1. 0.
-0.785 0.619 0. 103.985 0.619 0.785 0. 13.391 0. 0. -1. 0.
-0.808 0.590 0. 103.089 0.590 0.808 0. 14.044 0. 0. -1. 0.
-0.835 0.550 0. 102.204 0.550 0.835 0. 14.687 0. 0. -1. 0.
-0.860 0.510 0. 101.274 0.510 0.860 0. 15.255 0. 0. -1. 0.
-0.888 0.460 0. 100.304 0.460 0.888 0. 15.773 0. 0. -1. 0.
-0.914 0.406 0. 99.312 0.406 0.914 0. 16.245 0. 0. -1. 0.
-0.934 0.357 0. 98.290 0.357 0.934 0. 16.646 0. 0. -1. 0.
-0.950 0.311 0. 97.241 0.311 0.950 0. 17.021 0. 0. -1. 0.
-0.964 0.266 0. 96.120 0.266 0.964 0. 17.360 0. 0. -1. 0.
-0.978 0.209 0. 94.946 0.209 0.978 0. 17.660 0. 0. -1. 0.
-0.990 0.142 0. 93.749 0.142 0.990 0. 17.871 0. 0. -1. 0.
-0.997 0.072 0. 92.547 0.072 0.997 0. 17.984 0. 0. -1. 0.
-1. 0.005 0. 91.345 0.005 1. 0. 18.037 0. 0. -1. 0.
-0.998 -0.056 0. 90.181 -0.056 0.998 0. 17.995 -0. 0. -1. 0.
-0.995 -0.102 0. 89.037 -0.102 0.995 0. 17.896 -0. 0. -1. 0.
-0.991 -0.133 0. 87.885 -0.133 0.991 0. 17.776 -0. 0. -1. 0.
-0.988 -0.156 0. 86.736 -0.156 0.988 0. 17.614 -0. 0. -1. 0.
-0.985 -0.172 0. 85.549 -0.172 0.985 0. 17.442 -0. 0. -1. 0.
-0.982 -0.187 0. 84.328 -0.187 0.982 0. 17.194 -0. 0. -1. 0.
-0.979 -0.204 0. 83.097 -0.204 0.979 0. 16.986 -0. 0. -1. 0.
-0.977 -0.215 0. 81.830 -0.215 0.977 0. 16.726 -0. 0. -1. 0.
-0.973 -0.230 0. 80.513 -0.230 0.973 0. 16.429 -0. 0. -1. 0.
-0.972 -0.236 0. 79.162 -0.236 0.972 0. 16.171 -0. 0. -1. 0.
-0.970 -0.242 0. 77.799 -0.242 0.970 0. 15.819 -0. 0. -1. 0.
-0.970 -0.243 0. 76.385 -0.243 0.970 0. 15.531 -0. 0. -1. 0.
-0.970 -0.244 0. 74.958 -0.244 0.970 0. 15.177 -0. 0. -1. 0.
-0.969 -0.247 0. 73.510 -0.247 0.969 0. 14.859 -0. 0. -1. 0.
-0.968 -0.250 0. 72.078 -0.250 0.968 0. 14.517 -0. 0. -1. 0.
-0.967 -0.254 0. 70.662 -0.254 0.967 0. 14.170 -0. 0. -1. 0.
-0.966 -0.257 0. 69.259 -0.257 0.966 0. 13.835 -0. 0. -1. 0.
-0.966 -0.260 0. 67.873 -0.260 0.966 0. 13.492 -0. 0. -1. 0.
-0.965 -0.263 0. 66.488 -0.263 0.965 0. 13.145 -0. 0. -1. 0.
-0.963 -0.269 0. 65.087 -0.269 0.963 0. 12.776 -0. 0. -1. 0.
-0.960 -0.280 0. 63.641 -0.280 0.960 0. 12.375 -0. 0. -1. 0.
-0.958 -0.287 0. 62.162 -0.287 0.958 0. 11.951 -0. 0. -1. 0.
-0.957 -0.289 0. 60.673 -0.289 0.957 0. 11.539 -0. 0. -1. 0.
-0.958 -0.287 0. 59.135 -0.287 0.958 0. 11.125 -0. 0. -1. 0.
-0.958 -0.287 0. 57.583 -0.287 0.958 0. 10.706 -0. 0. -1. 0.
-0.958 -0.286 0. 56.020 -0.286 0.958 0. 10.282 -0. 0. -1. 0.
-0.959 -0.282 0. 54.425 -0.282 0.959 0. 9.847 -0. 0. -1. 0.
-0.961 -0.277 0. 52.827 -0.277 0.961 0. 9.417 -0. 0. -1. 0.
-0.963 -0.269 0. 51.216 -0.269 0.963 0. 9.017 -0. 0. -1. 0.
-0.966 -0.260 0. 49.595 -0.260 0.966 0. 8.603 -0. 0. -1. 0.
-0.968 -0.252 0. 47.972 -0.252 0.968 0. 8.228 -0. 0. -1. 0.
-0.970 -0.243 0. 46.377 -0.243 0.970 0. 7.850 -0. 0. -1. 0.
-0.972 -0.236 0. 44.788 -0.236 0.972 0. 7.507 -0. 0. -1. 0.
-0.973 -0.229 0. 43.215 -0.229 0.973 0. 7.174 -0. 0. -1. 0.
-0.975 -0.223 0. 41.657 -0.223 0.975 0. 6.853 -0. 0. -1. 0.
-0.975 -0.221 0. 40.087 -0.221 0.975 0. 6.532 -0. 0. -1. 0.
-0.975 -0.222 0. 38.529 -0.222 0.975 0. 6.225 -0. 0. -1. 0.
-0.975 -0.221 0. 36.969 -0.221 0.975 0. 5.909 -0. 0. -1. 0.
-0.975 -0.223 0. 35.412 -0.223 0.975 0. 5.588 -0. 0. -1. 0.
-0.975 -0.222 0. 33.830 -0.222 0.975 0. 5.240 -0. 0. -1. 0.
-0.975 -0.224 0. 32.264 -0.224 0.975 0. 4.925 -0. 0. -1. 0.
-0.975 -0.224 0. 30.704 -0.224 0.975 0. 4.598 -0. 0. -1. 0.
-0.975 -0.224 0. 29.070 -0.224 0.975 0. 4.250 -0. 0. -1. 0.
-0.976 -0.219 0. 27.501 -0.219 0.976 0. 3.940 -0. 0. -1. 0.
-0.977 -0.215 0. 25.908 -0.215 0.977 0. 3.625 -0. 0. -1. 0.
-0.977 -0.212 0. 24.280 -0.212 0.977 0. 3.311 -0. 0. -1. 0.
-0.978 -0.207 0. 22.666 -0.207 0.978 0. 3.003 -0. 0. -1. 0.
-0.980 -0.201 0. 21.042 -0.201 0.980 0. 2.705 -0. 0. -1. 0.
-0.981 -0.195 0. 19.418 -0.195 0.981 0. 2.423 -0. 0. -1. 0.
-0.982 -0.189 0. 17.785 -0.189 0.982 0. 2.146 -0. 0. -1. 0.
-0.983 -0.182 0. 16.145 -0.182 0.983 0. 1.878 -0. 0. -1. 0.
-0.984 -0.176 0. 14.507 -0.176 0.984 0. 1.610 -0. 0. -1. 0.
-0.986 -0.169 0. 12.913 -0.169 0.986 0. 1.375 -0. 0. -1. 0.
-0.987 -0.163 0. 11.247 -0.163 0.987 0. 1.124 -0. 0. -1. 0.
-0.987 -0.158 0. 9.645 -0.158 0.987 0. 0.899 -0. 0. -1. 0.
-0.988 -0.157 0. 8.035 -0.157 0.988 0. 0.669 -0. 0. -1. 0.
-0.988 -0.156 0. 6.423 -0.156 0.988 0. 0.428 -0. 0. -1. 0.
-0.988 -0.156 0. 4.845 -0.156 0.988 0. 0.202 -0. 0. -1. 0.
-0.988 -0.156 0. 3.236 -0.156 0.988 0. -0.038 -0. 0. -1. 0.
-0.988 -0.157 0. 1.643 -0.157 0.988 0. -0.267 -0. 0. -1. 0.
-0.988 -0.157 0. 0.043 -0.157 0.988 0. -0.499 -0. 0. -1. 0.
-0.988 -0.157 0. -1.585 -0.157 0.988 0. -0.728 -0. 0. -1. 0.
-0.987 -0.159 0. -3.235 -0.159 0.987 0. -0.960 -0. 0. -1. 0.
-0.987 -0.160 0. -4.880 -0.160 0.987 0. -1.192 -0. 0. -1. 0.
-0.987 -0.162 0. -6.557 -0.162 0.987 0. -1.429 -0. 0. -1. 0.
-0.987 -0.164 0. -8.253 -0.164 0.987 0. -1.668 -0. 0. -1. 0.
-0.986 -0.168 0. -9.982 -0.168 0.986 0. -1.932 -0. 0. -1. 0.
-0.985 -0.173 0. -11.703 -0.173 0.985 0. -2.214 -0. 0. -1. 0.
-0.984 -0.177 0. -13.426 -0.177 0.984 0. -2.525 -0. 0. -1. 0.
-0.984 -0.180 0. -15.229 -0.180 0.984 0. -2.818 -0. 0. -1. 0.
-0.984 -0.180 0. -17.016 -0.180 0.984 0. -3.101 -0. 0. -1. 0.
-0.983 -0.183 0. -18.836 -0.183 0.983 0. -3.383 -0. 0. -1. 0.
-0.983 -0.186 0. -20.688 -0.186 0.983 0. -3.688 -0. 0. -1. 0.
-0.982 -0.188 0. -22.549 -0.188 0.982 0. -3.982 -0. 0. -1. 0.
-0.982 -0.189 0. -24.436 -0.189 0.982 0. -4.276 -0. 0. -1. 0.
-0.982 -0.191 0. -26.331 -0.191 0.982 0. -4.583 -0. 0. -1. 0.
-0.981 -0.193 0. -28.232 -0.193 0.981 0. -4.909 -0. 0. -1. 0.
-0.981 -0.196 0. -30.136 -0.196 0.981 0. -5.266 -0. 0. -1. 0.
-0.980 -0.201 0. -32.045 -0.201 0.980 0. -5.638 -0. 0. -1. 0.
-0.979 -0.205 0. -33.978 -0.205 0.979 0. -6.026 -0. 0. -1. 0.
-0.978 -0.210 0. -35.906 -0.210 0.978 0. -6.414 -0. 0. -1. 0.
-0.977 -0.213 0. -37.808 -0.213 0.977 0. -6.787 -0. 0. -1. 0.
-0.976 -0.217 0. -39.729 -0.217 0.976 0. -7.174 -0. 0. -1. 0.
-0.975 -0.220 0. -41.652 -0.220 0.975 0. -7.576 -0. 0. -1. 0.
-0.975 -0.224 0. -43.530 -0.224 0.975 0. -7.946 -0. 0. -1. 0.
-0.973 -0.229 0. -45.415 -0.229 0.973 0. -8.338 -0. 0. -1. 0.
-0.972 -0.234 0. -47.247 -0.234 0.972 0. -8.732 -0. 0. -1. 0.
-0.971 -0.238 0. -49.050 -0.238 0.971 0. -9.127 -0. 0. -1. 0.
-0.970 -0.241 0. -50.851 -0.241 0.970 0. -9.541 -0. 0. -1. 0.
-0.970 -0.243 0. -52.609 -0.243 0.970 0. -9.940 -0. 0. -1. 0.
-0.970 -0.242 0. -54.328 -0.242 0.970 0. -10.338 -0. 0. -1. 0.
-0.971 -0.241 0. -56.007 -0.241 0.971 0. -10.720 -0. 0. -1. 0.
-0.971 -0.239 0. -57.626 -0.239 0.971 0. -11.090 -0. 0. -1. 0.
-0.972 -0.236 0. -59.174 -0.236 0.972 0. -11.434 -0. 0. -1. 0.
-0.973 -0.231 0. -60.667 -0.231 0.973 0. -11.755 -0. 0. -1. 0.
-0.974 -0.225 0. -62.097 -0.225 0.974 0. -12.051 -0. 0. -1. 0.
-0.976 -0.216 0. -63.438 -0.216 0.976 0. -12.325 -0. 0. -1. 0.
-0.979 -0.202 0. -64.680 -0.202 0.979 0. -12.569 -0. 0. -1. 0.
-0.984 -0.179 0. -65.824 -0.179 0.984 0. -12.774 -0. 0. -1. 0.
-0.988 -0.157 0. -66.904 -0.157 0.988 0. -12.927 -0. 0. -1. 0.
-0.990 -0.139 0. -67.918 -0.139 0.990 0. -13.059 -0. 0. -1. 0.
-0.993 -0.122 0. -68.872 -0.122 0.993 0. -13.151 -0. 0. -1. 0.
-0.994 -0.110 0. -69.769 -0.110 0.994 0. -13.219 -0. 0. -1. 0.
-0.995 -0.104 0. -70.661 -0.104 0.995 0. -13.296 -0. 0. -1. 0.
-0.995 -0.097 0. -71.547 -0.097 0.995 0. -13.356 -0. 0. -1. 0.
-0.996 -0.089 0. -72.456 -0.089 0.996 0. -13.413 -0. 0. -1. 0.
-0.997 -0.080 0. -73.373 -0.080 0.997 0. -13.475 -0. 0. -1. 0.
-0.998 -0.065 0. -74.301 -0.065 0.998 0. -13.501 -0. 0. -1. 0.
-0.999 -0.045 0. -75.233 -0.045 0.999 0. -13.530 -0. 0. -1. 0.
-1.000 -0.022 0. -76.171 -0.022 1.000 0. -13.539 -0. 0. -1. 0.
-1. 0.006 0. -77.107 0.006 1. 0. -13.489 0. 0. -1. 0.
-0.999 0.038 0. -78.067 0.038 0.999 0. -13.448 0. 0. -1. 0.
-0.997 0.072 0. -79.032 0.072 0.997 0. -13.366 0. 0. -1. 0.
-0.994 0.111 0. -79.984 0.111 0.994 0. -13.225 0. 0. -1. 0.
-0.988 0.151 0. -80.939 0.151 0.988 0. -13.059 0. 0. -1. 0.
-0.981 0.194 0. -81.923 0.194 0.981 0. -12.859 0. 0. -1. 0.
-0.971 0.240 0. -82.897 0.240 0.971 0. -12.592 0. 0. -1. 0.
-0.957 0.289 0. -83.847 0.289 0.957 0. -12.265 0. 0. -1. 0.
-0.939 0.345 0. -84.750 0.345 0.939 0. -11.913 0. 0. -1. 0.
-0.915 0.403 0. -85.625 0.403 0.915 0. -11.530 0. 0. -1. 0.
-0.888 0.460 0. -86.455 0.460 0.888 0. -11.050 0. 0. -1. 0.
-0.856 0.518 0. -87.225 0.518 0.856 0. -10.518 0. 0. -1. 0.
-0.819 0.573 0. -87.980 0.573 0.819 0. -9.975 0. 0. -1. 0.
-0.780 0.626 0. -88.673 0.626 0.780 0. -9.386 0. 0. -1. 0.
-0.739 0.674 0. -89.294 0.674 0.739 0. -8.727 0. 0. -1. 0.
-0.692 0.722 0. -89.879 0.722 0.692 0. -8.115 0. 0. -1. 0.
-0.647 0.762 0. -90.431 0.762 0.647 0. -7.426 0. 0. -1. 0.
-0.606 0.796 0. -90.949 0.796 0.606 0. -6.695 0. 0. -1. 0.
-0.561 0.828 0. -91.469 0.828 0.561 0. -5.904 0. 0. -1. 0.
-0.518 0.855 0. -91.956 0.855 0.518 0. -5.066 0. 0. -1. 0.
-0.479 0.878 0. -92.426 0.878 0.479 0. -4.168 0. 0. -1. 0.
-0.439 0.898 0. -92.869 0.898 0.439 0. -3.233 0. 0. -1. 0.
-0.402 0.916 0. -93.266 0.916 0.402 0. -2.224 0. 0. -1. 0.
-0.366 0.931 0. -93.661 0.931 0.366 0. -1.186 0. 0. -1. 0.
-0.331 0.944 0. -94.008 0.944 0.331 0. -0.100 0. 0. -1. 0.
-0.302 0.953 0. -94.343 0.953 0.302 0. 1.032 0. 0. -1. 0.
-0.285 0.959 0. -94.656 0.959 0.285 0. 2.199 0. 0. -1. 0.
-0.274 0.962 0. -94.959 0.962 0.274 0. 3.401 0. 0. -1. 0.
-0.265 0.964 0. -95.315 0.964 0.265 0. 4.615 0. 0. -1. 0.
-0.259 0.966 0. -95.587 0.966 0.259 0. 5.855 0. 0. -1. 0.
-0.248 0.969 0. -95.916 0.969 0.248 0. 7.131 0. 0. -1. 0.
-0.244 0.970 0. -96.233 0.970 0.244 0. 8.449 0. 0. -1. 0.
-0.242 0.970 0. -96.521 0.970 0.242 0. 9.740 0. 0. -1. 0.
-0.240 0.971 0. -96.831 0.971 0.240 0. 11.046 0. 0. -1. 0.
-0.239 0.971 0. -97.144 0.971 0.239 0. 12.418 0. 0. -1. 0.
-0.239 0.971 0. -97.415 0.971 0.239 0. 13.701 0. 0. -1. 0.
-0.239 0.971 0. -97.699 0.971 0.239 0. 15.029 0. 0. -1. 0.
-0.243 0.970 0. -98.031 0.970 0.243 0. 16.437 0. 0. -1. 0.
-0.247 0.969 0. -98.329 0.969 0.247 0. 17.768 0. 0. -1. 0.
-0.248 0.969 0. -98.666 0.969 0.248 0. 19.150 0. 0. -1. 0.
-0.252 0.968 0. -99.012 0.968 0.252 0. 20.563 0. 0. -1. 0.
-0.252 0.968 0. -99.346 0.968 0.252 0. 21.961 0. 0. -1. 0.
-0.252 0.968 0. -99.693 0.968 0.252 0. 23.382 0. 0. -1. 0.
-0.254 0.967 0. -100.029 0.967 0.254 0. 24.816 0. 0. -1. 0.
-0.257 0.967 0. -100.404 0.967 0.257 0. 26.250 0. 0. -1. 0.
-0.259 0.966 0. -100.729 0.966 0.259 0. 27.696 0. 0. -1. 0.
-0.257 0.966 0. -101.107 0.966 0.257 0. 29.153 0. 0. -1. 0.
-0.258 0.966 0. -101.441 0.966 0.258 0. 30.614 0. 0. -1. 0.
-0.257 0.966 0. -101.804 0.966 0.257 0. 32.077 0. 0. -1. 0.
-0.258 0.966 0. -102.159 0.966 0.258 0. 33.554 0. 0. -1. 0.
-0.255 0.967 0. -102.505 0.967 0.255 0. 34.998 0. 0. -1. 0.
-0.252 0.968 0. -102.859 0.968 0.252 0. 36.456 0. 0. -1. 0.
-0.251 0.968 0. -103.197 0.968 0.251 0. 37.903 0. 0. -1. 0.
-0.250 0.968 0. -103.535 0.968 0.250 0. 39.331 0. 0. -1. 0.
-0.250 0.968 0. -103.869 0.968 0.250 0. 40.770 0. 0. -1. 0.
-0.251 0.968 0. -104.219 0.968 0.251 0. 42.219 0. 0. -1. 0.
-0.252 0.968 0. -104.551 0.968 0.252 0. 43.628 0. 0. -1. 0.
-0.252 0.968 0. -104.899 0.968 0.252 0. 45.016 0. 0. -1. 0.
-0.255 0.967 0. -105.241 0.967 0.255 0. 46.425 0. 0. -1. 0.
-0.255 0.967 0. -105.573 0.967 0.255 0. 47.772 0. 0. -1. 0.
-0.257 0.966 0. -105.904 0.966 0.257 0. 49.121 0. 0. -1. 0.
-0.261 0.965 0. -106.218 0.965 0.261 0. 50.436 0. 0. -1. 0.
-0.268 0.963 0. -106.557 0.963 0.268 0. 51.709 0. 0. -1. 0.
-0.274 0.962 0. -106.879 0.962 0.274 0. 52.973 0. 0. -1. 0.
-0.282 0.960 0. -107.226 0.960 0.282 0. 54.172 0. 0. -1. 0.
-0.290 0.957 0. -107.533 0.957 0.290 0. 55.371 0. 0. -1. 0.
-0.301 0.954 0. -107.898 0.954 0.301 0. 56.560 0. 0. -1. 0.
-0.319 0.948 0. -108.267 0.948 0.319 0. 57.759 0. 0. -1. 0.
-0.339 0.941 0. -108.652 0.941 0.339 0. 58.951 0. 0. -1. 0.
-0.364 0.931 0. -109.079 0.931 0.364 0. 60.098 0. 0. -1. 0.
-0.394 0.919 0. -109.562 0.919 0.394 0. 61.229 0. 0. -1. 0.
-0.426 0.905 0. -110.035 0.905 0.426 0. 62.366 0. 0. -1. 0.
-0.457 0.890 0. -110.535 0.890 0.457 0. 63.438 0. 0. -1. 0.
-0.493 0.870 0. -111.111 0.870 0.493 0. 64.455 0. 0. -1. 0.
-0.529 0.848 0. -111.693 0.848 0.529 0. 65.534 0. 0. -1. 0.
-0.562 0.827 0. -112.354 0.827 0.562 0. 66.528 0. 0. -1. 0.
-0.597 0.802 0. -113.016 0.802 0.597 0. 67.486 0. 0. -1. 0.
-0.632 0.775 0. -113.728 0.775 0.632 0. 68.418 0. 0. -1. 0.
-0.666 0.746 0. -114.481 0.746 0.666 0. 69.317 0. 0. -1. 0.
-0.700 0.714 0. -115.287 0.714 0.700 0. 70.175 0. 0. -1. 0.
-0.733 0.680 0. -116.125 0.680 0.733 0. 70.990 0. 0. -1. 0.
-0.762 0.647 0. -116.994 0.647 0.762 0. 71.764 0. 0. -1. 0.
-0.787 0.617 0. -117.913 0.617 0.787 0. 72.498 0. 0. -1. 0.
-0.810 0.586 0. -118.867 0.586 0.810 0. 73.234 0. 0. -1. 0.
-0.828 0.561 0. -119.848 0.561 0.828 0. 73.948 0. 0. -1. 0.
-0.841 0.541 0. -120.874 0.541 0.841 0. 74.634 0. 0. -1. 0.
-0.852 0.524 0. -121.924 0.524 0.852 0. 75.318 0. 0. -1. 0.
-0.860 0.511 0. -123.001 0.511 0.860 0. 75.983 0. 0. -1. 0.
-0.862 0.506 0. -124.118 0.506 0.862 0. 76.648 0. 0. -1. 0.
-0.861 0.508 0. -125.237 0.508 0.861 0. 77.330 0. 0. -1. 0.
-0.861 0.508 0. -126.364 0.508 0.861 0. 78.026 0. 0. -1. 0.
-0.861 0.508 0. -127.529 0.508 0.861 0. 78.737 0. 0. -1. 0.
-0.862 0.507 0. -128.707 0.507 0.862 0. 79.452 0. 0. -1. 0.
-0.862 0.506 0. -129.898 0.506 0.862 0. 80.184 0. 0. -1. 0.
-0.863 0.505 0. -131.117 0.505 0.863 0. 80.915 0. 0. -1. 0.
-0.863 0.505 0. -132.342 0.505 0.863 0. 81.664 0. 0. -1. 0.
-0.863 0.505 0. -133.581 0.505 0.863 0. 82.407 0. 0. -1. 0.
-0.862 0.507 0. -134.830 0.507 0.862 0. 83.184 0. 0. -1. 0.
-0.861 0.508 0. -136.084 0.508 0.861 0. 83.962 0. 0. -1. 0.
-0.861 0.509 0. -137.359 0.509 0.861 0. 84.756 0. 0. -1. 0.
-0.861 0.509 0. -138.645 0.509 0.861 0. 85.562 0. 0. -1. 0.
-0.861 0.508 0. -139.954 0.508 0.861 0. 86.367 0. 0. -1. 0.
-0.861 0.508 0. -141.266 0.508 0.861 0. 87.181 0. 0. -1. 0.
-0.861 0.509 0. -142.569 0.509 0.861 0. 87.991 0. 0. -1. 0.
-0.861 0.509 0. -143.911 0.509 0.861 0. 88.828 0. 0. -1. 0.
-0.860 0.510 0. -145.266 0.510 0.860 0. 89.670 0. 0. -1. 0.
-0.859 0.511 0. -146.637 0.511 0.859 0. 90.524 0. 0. -1. 0.
-0.859 0.512 0. -148.023 0.512 0.859 0. 91.380 0. 0. -1. 0.
-0.858 0.513 0. -149.410 0.513 0.858 0. 92.272 0. 0. -1. 0.
-0.857 0.516 0. -150.817 0.516 0.857 0. 93.157 0. 0. -1. 0.
-0.857 0.516 0. -152.217 0.516 0.857 0. 94.055 0. 0. -1. 0.
-0.856 0.517 0. -153.658 0.517 0.856 0. 94.958 0. 0. -1. 0.
-0.855 0.518 0. -155.096 0.518 0.855 0. 95.868 0. 0. -1. 0.
-0.854 0.520 0. -156.541 0.520 0.854 0. 96.797 0. 0. -1. 0.
-0.854 0.521 0. -157.995 0.521 0.854 0. 97.739 0. 0. -1. 0.
-0.853 0.522 0. -159.455 0.522 0.853 0. 98.681 0. 0. -1. 0.
-0.853 0.522 0. -160.904 0.522 0.853 0. 99.622 0. 0. -1. 0.
-0.852 0.523 0. -162.373 0.523 0.852 0. 100.560 0. 0. -1. 0.
-0.852 0.523 0. -163.850 0.523 0.852 0. 101.510 0. 0. -1. 0.
-0.852 0.523 0. -165.300 0.523 0.852 0. 102.443 0. 0. -1. 0.
-0.852 0.524 0. -166.751 0.524 0.852 0. 103.377 0. 0. -1. 0.
-0.851 0.525 0. -168.194 0.525 0.851 0. 104.314 0. 0. -1. 0.
-0.851 0.525 0. -169.635 0.525 0.851 0. 105.254 0. 0. -1. 0.
-0.850 0.527 0. -171.042 0.527 0.850 0. 106.178 0. 0. -1. 0.
-0.850 0.527 0. -172.464 0.527 0.850 0. 107.095 0. 0. -1. 0.
-0.850 0.527 0. -173.885 0.527 0.850 0. 108.004 0. 0. -1. 0.
-0.849 0.528 0. -175.306 0.528 0.849 0. 108.914 0. 0. -1. 0.
-0.847 0.532 0. -176.748 0.532 0.847 0. 109.839 0. 0. -1. 0.
-0.842 0.539 0. -178.153 0.539 0.842 0. 110.780 0. 0. -1. 0.
-0.837 0.548 0. -179.557 0.548 0.837 0. 111.743 0. 0. -1. 0.
-0.828 0.561 0. -180.943 0.561 0.828 0. 112.723 0. 0. -1. 0.
-0.818 0.575 0. -182.317 0.575 0.818 0. 113.731 0. 0. -1. 0.
-0.806 0.591 0. -183.677 0.591 0.806 0. 114.773 0. 0. -1. 0.
-0.794 0.607 0. -185.019 0.607 0.794 0. 115.840 0. 0. -1. 0.
-0.782 0.624 0. -186.334 0.624 0.782 0. 116.944 0. 0. -1. 0.
-0.767 0.642 0. -187.639 0.642 0.767 0. 118.084 0. 0. -1. 0.
-0.752 0.659 0. -188.923 0.659 0.752 0. 119.247 0. 0. -1. 0.
-0.734 0.679 0. -190.185 0.679 0.734 0. 120.452 0. 0. -1. 0.
-0.716 0.698 0. -191.418 0.698 0.716 0. 121.683 0. 0. -1. 0.
-0.697 0.717 0. -192.606 0.717 0.697 0. 122.959 0. 0. -1. 0.
-0.676 0.737 0. -193.774 0.737 0.676 0. 124.259 0. 0. -1. 0.
-0.650 0.760 0. -194.903 0.760 0.650 0. 125.612 0. 0. -1. 0.
-0.626 0.779 0. -195.994 0.779 0.626 0. 126.997 0. 0. -1. 0.
-0.603 0.798 0. -197.039 0.798 0.603 0. 128.428 0. 0. -1. 0.
-0.579 0.815 0. -198.049 0.815 0.579 0. 129.894 0. 0. -1. 0.
-0.554 0.833 0. -199.018 0.833 0.554 0. 131.394 0. 0. -1. 0.
-0.527 0.850 0. -199.926 0.850 0.527 0. 132.910 0. 0. -1. 0.
-0.500 0.866 0. -200.795 0.866 0.500 0. 134.468 0. 0. -1. 0.
-0.473 0.881 0. -201.614 0.881 0.473 0. 136.051 0. 0. -1. 0.
-0.448 0.894 0. -202.382 0.894 0.448 0. 137.633 0. 0. -1. 0.
-0.427 0.904 0. -203.120 0.904 0.427 0. 139.256 0. 0. -1. 0.
-0.405 0.914 0. -203.824 0.914 0.405 0. 140.897 0. 0. -1. 0.
-0.388 0.922 0. -204.485 0.922 0.388 0. 142.556 0. 0. -1. 0.
-0.372 0.928 0. -205.138 0.928 0.372 0. 144.244 0. 0. -1. 0.
-0.357 0.934 0. -205.754 0.934 0.357 0. 145.942 0. 0. -1. 0.
-0.345 0.938 0. -206.331 0.938 0.345 0. 147.655 0. 0. -1. 0.
-0.340 0.940 0. -206.915 0.940 0.340 0. 149.386 0. 0. -1. 0.
-0.335 0.942 0. -207.487 0.942 0.335 0. 151.124 0. 0. -1. 0.
-0.332 0.943 0. -208.044 0.943 0.332 0. 152.848 0. 0. -1. 0.
-0.331 0.943 0. -208.605 0.943 0.331 0. 154.591 0. 0. -1. 0.
-0.337 0.942 0. -209.170 0.942 0.337 0. 156.317 0. 0. -1. 0.
