1637695672004775 1.00000 0.00000 0.00000 -0.00000 0.00000 -1.00000 0.00000 0.00000 0.00000 -0.00000 -1.00000 0.00000
1637695672253619 1.00000 -0.00008 0.00000 0.00105 -0.00008 -1.00000 0.00000 -0.00127 -0.00000 -0.00000 -1.00000 -0.00000
1637695672502656 1.00000 -0.00004 0.00000 0.00250 -0.00004 -1.00000 0.00000 0.00214 -0.00000 -0.00000 -1.00000 0.00000
1637695672751689 1.00000 -0.00006 0.00000 -0.00472 -0.00006 -1.00000 0.00000 -0.00267 -0.00000 -0.00000 -1.00000 -0.00000
1637695673000453 1.00000 0.00006 0.00000 0.00234 0.00006 -1.00000 0.00000 0.00322 0.00000 -0.00000 -1.00000 0.00000
1637695673249752 1.00000 -0.00012 0.00000 -0.00230 -0.00012 -1.00000 0.00000 -0.00079 -0.00000 -0.00000 -1.00000 -0.00000
1637695673498781 1.00000 -0.00023 0.00000 -0.00029 -0.00023 -1.00000 0.00000 -0.00003 -0.00000 -0.00000 -1.00000 -0.00000
1637695673747745 1.00000 -0.00004 -0.00000 0.00194 -0.00004 -1.00000 0.00000 -0.00217 -0.00000 -0.00000 -1.00000 -0.00000
1637695673996628 1.00000 -0.00008 0.00000 0.00498 -0.00008 -1.00000 0.00000 -0.00212 -0.00000 -0.00000 -1.00000 -0.00000
1637695674245342 1.00000 -0.00004 0.00000 0.00208 -0.00004 -1.00000 0.00000 -0.00123 -0.00000 -0.00000 -1.00000 -0.00000
1637695674494266 1.00000 0.00002 0.00000 0.00339 0.00002 -1.00000 0.00000 0.00011 0.00000 -0.00000 -1.00000 0.00000
1637695674743185 1.00000 0.00006 0.00000 0.00251 0.00006 -1.00000 0.00000 0.00351 0.00000 -0.00000 -1.00000 0.00000
1637695674991739 1.00000 0.00020 0.00000 -0.00149 0.00020 -1.00000 0.00000 -0.00152 0.00000 -0.00000 -1.00000 -0.00000
1637695675240422 1.00000 0.00011 0.00000 0.00027 0.00011 -1.00000 0.00000 0.00094 0.00000 -0.00000 -1.00000 0.00000
1637695675489342 1.00000 -0.00003 0.00000 0.00195 -0.00003 -1.00000 0.00000 0.00007 -0.00000 -0.00000 -1.00000 0.00000
1637695675738054 1.00000 0.00012 0.00000 0.00014 0.00012 -1.00000 0.00000 -0.00185 0.00000 -0.00000 -1.00000 -0.00000
1637695675986800 1.00000 0.00013 0.00000 -0.01927 0.00013 -1.00000 0.00000 -0.00339 0.00000 -0.00000 -1.00000 -0.00000
1637695676235850 1.00000 -0.00071 0.00000 -0.07606 -0.00071 -1.00000 0.00000 -0.01534 -0.00000 -0.00000 -1.00000 -0.00000
1637695676484766 1.00000 -0.00151 0.00000 -0.16847 -0.00151 -1.00000 0.00000 -0.03452 -0.00000 -0.00000 -1.00000 -0.00000
1637695676733267 0.99999 -0.00546 0.00000 -0.26959 -0.00546 -0.99999 0.00000 0.00249 -0.00000 -0.00000 -1.00000 0.00000
1637695676982168 0.99987 -0.01626 0.00000 -0.40309 -0.01626 -0.99987 0.00000 -0.06235 -0.00000 -0.00000 -1.00000 -0.00000
1637695677231251 0.99955 -0.03008 0.00000 -0.64879 -0.03008 -0.99955 0.00000 0.01065 -0.00000 -0.00000 -1.00000 0.00000
1637695677480191 0.99892 -0.04638 0.00000 -0.92528 -0.04638 -0.99892 0.00000 -0.00504 -0.00000 -0.00000 -1.00000 -0.00000
1637695677729080 0.99786 -0.06534 0.00000 -1.32175 -0.06534 -0.99786 0.00000 0.01350 -0.00000 -0.00000 -1.00000 0.00000
1637695677977969 0.99603 -0.08901 0.00000 -1.75961 -0.08901 -0.99603 0.00000 -0.03792 -0.00000 -0.00000 -1.00000 -0.00000
1637695678226577 0.99385 -0.11074 0.00000 -2.27460 -0.11074 -0.99385 0.00000 0.04284 -0.00000 -0.00000 -1.00000 0.00000
1637695678475564 0.99155 -0.12970 0.00000 -2.88304 -0.12970 -0.99155 0.00000 0.02750 -0.00000 -0.00000 -1.00000 0.00000
1637695678724555 0.98989 -0.14185 0.00000 -3.54153 -0.14185 -0.98989 0.00000 0.05422 -0.00000 -0.00000 -1.00000 0.00000
1637695678973009 0.98965 -0.14351 0.00000 -4.29222 -0.14351 -0.98965 0.00000 0.07688 -0.00000 -0.00000 -1.00000 0.00000
1637695679222255 0.99054 -0.13719 0.00000 -5.17927 -0.13719 -0.99054 0.00000 -0.00962 -0.00000 -0.00000 -1.00000 -0.00000
1637695679471153 0.99252 -0.12211 0.00000 -6.08289 -0.12211 -0.99252 0.00000 -0.10216 -0.00000 -0.00000 -1.00000 -0.00000
1637695679720026 0.99430 -0.10658 0.00000 -7.01038 -0.10658 -0.99430 0.00000 -0.16110 -0.00000 -0.00000 -1.00000 -0.00000
1637695679968729 0.99559 -0.09386 0.00000 -8.01851 -0.09386 -0.99559 0.00000 -0.29487 -0.00000 -0.00000 -1.00000 -0.00000
1637695680217680 0.99636 -0.08522 0.00000 -9.11015 -0.08522 -0.99636 0.00000 -0.34983 -0.00000 -0.00000 -1.00000 -0.00000
1637695680466238 0.99699 -0.07749 0.00000 -10.26284 -0.07749 -0.99699 0.00000 -0.44272 -0.00000 -0.00000 -1.00000 -0.00000
1637695680714957 0.99762 -0.06900 -0.00000 -11.39475 -0.06900 -0.99762 0.00000 -0.51546 -0.00000 -0.00000 -1.00000 -0.00000
1637695680963797 0.99767 -0.06826 0.00000 -12.58250 -0.06826 -0.99767 0.00000 -0.60645 -0.00000 -0.00000 -1.00000 -0.00000
1637695681212675 0.99777 -0.06679 -0.00000 -13.83900 -0.06679 -0.99777 0.00000 -0.58313 -0.00000 -0.00000 -1.00000 -0.00000
1637695681461543 0.99762 -0.06902 -0.00000 -15.10702 -0.06902 -0.99762 0.00000 -0.52908 -0.00000 -0.00000 -1.00000 -0.00000
1637695681710513 0.99738 -0.07234 -0.00000 -16.42290 -0.07234 -0.99738 0.00000 -0.58044 -0.00000 -0.00000 -1.00000 -0.00000
1637695681959198 0.99731 -0.07330 0.00000 -17.83207 -0.07330 -0.99731 0.00000 -0.53143 -0.00000 -0.00000 -1.00000 -0.00000
1637695682208322 0.99744 -0.07154 0.00000 -19.29317 -0.07154 -0.99744 0.00000 -0.62602 -0.00000 -0.00000 -1.00000 -0.00000
1637695682457166 0.99760 -0.06930 0.00000 -20.88593 -0.06930 -0.99760 0.00000 -0.65208 -0.00000 -0.00000 -1.00000 -0.00000
1637695682706118 0.99808 -0.06188 0.00000 -22.47408 -0.06188 -0.99808 0.00000 -0.86272 -0.00000 -0.00000 -1.00000 -0.00000
1637695682955183 0.99847 -0.05529 0.00000 -24.12945 -0.05529 -0.99847 0.00000 -1.07644 -0.00000 -0.00000 -1.00000 -0.00000
1637695683204287 0.99884 -0.04808 0.00000 -25.83933 -0.04808 -0.99884 0.00000 -1.24935 -0.00000 -0.00000 -1.00000 -0.00000
1637695683453136 0.99922 -0.03942 -0.00000 -27.51125 -0.03942 -0.99922 0.00000 -1.55005 -0.00000 -0.00000 -1.00000 -0.00000
1637695683702173 0.99955 -0.03013 0.00000 -29.22291 -0.03013 -0.99955 0.00000 -1.78597 -0.00000 -0.00000 -1.00000 -0.00000
1637695683951225 0.99965 -0.02655 0.00000 -30.95904 -0.02655 -0.99965 0.00000 -1.95376 -0.00000 -0.00000 -1.00000 -0.00000
1637695684199877 0.99985 -0.01730 0.00000 -32.64091 -0.01730 -0.99985 0.00000 -2.28558 -0.00000 -0.00000 -1.00000 -0.00000
1637695684449057 0.99990 -0.01418 -0.00000 -34.42247 -0.01418 -0.99990 0.00000 -2.43778 -0.00000 -0.00000 -1.00000 -0.00000
1637695684697736 0.99995 -0.00967 0.00000 -36.17295 -0.00967 -0.99995 0.00000 -2.55357 -0.00000 -0.00000 -1.00000 -0.00000
1637695684946547 0.99996 -0.00905 0.00000 -37.97135 -0.00905 -0.99996 0.00000 -2.61847 -0.00000 -0.00000 -1.00000 -0.00000
1637695685195552 0.99997 -0.00770 0.00000 -39.78707 -0.00770 -0.99997 0.00000 -2.74954 -0.00000 -0.00000 -1.00000 -0.00000
1637695685444040 1.00000 -0.00265 0.00000 -41.68159 -0.00265 -1.00000 0.00000 -2.93079 -0.00000 -0.00000 -1.00000 -0.00000
1637695685693193 0.99994 0.01101 -0.00000 -43.52860 0.01101 -0.99994 0.00000 -3.48125 0.00000 -0.00000 -1.00000 -0.00000
1637695685942426 0.99963 0.02717 0.00000 -45.45212 0.02717 -0.99963 0.00000 -4.24407 0.00000 -0.00000 -1.00000 -0.00000
1637695686191354 0.99912 0.04187 0.00000 -47.36461 0.04187 -0.99912 0.00000 -4.97100 0.00000 -0.00000 -1.00000 -0.00000
1637695686440258 0.99846 0.05554 0.00000 -49.39324 0.05554 -0.99846 0.00000 -5.66014 0.00000 -0.00000 -1.00000 -0.00000
1637695686689543 0.99812 0.06131 0.00000 -51.41097 0.06131 -0.99812 0.00000 -5.86448 0.00000 -0.00000 -1.00000 -0.00000
1637695686938244 0.99779 0.06651 -0.00000 -53.47588 0.06651 -0.99779 0.00000 -6.16085 0.00000 -0.00000 -1.00000 -0.00000
1637695687187602 0.99731 0.07324 0.00000 -55.51917 0.07324 -0.99731 0.00000 -6.60255 0.00000 -0.00000 -1.00000 -0.00000
1637695687436363 0.99690 0.07867 0.00000 -57.61182 0.07867 -0.99690 0.00000 -6.95239 0.00000 -0.00000 -1.00000 -0.00000
1637695687685262 0.99687 0.07907 0.00000 -59.71871 0.07907 -0.99687 0.00000 -7.04155 0.00000 -0.00000 -1.00000 -0.00000
1637695687934246 0.99637 0.08512 0.00000 -61.75587 0.08512 -0.99637 0.00000 -7.42708 0.00000 -0.00000 -1.00000 -0.00000
1637695688183280 0.99607 0.08854 0.00000 -63.83881 0.08854 -0.99607 0.00000 -7.60294 0.00000 -0.00000 -1.00000 -0.00000
1637695688432670 0.99600 0.08938 0.00000 -65.92492 0.08938 -0.99600 0.00000 -7.66140 0.00000 -0.00000 -1.00000 -0.00000
1637695688681343 0.99610 0.08820 -0.00000 -67.98212 0.08820 -0.99610 0.00000 -7.64521 0.00000 -0.00000 -1.00000 -0.00000
1637695688930197 0.99613 0.08791 0.00000 -70.10726 0.08791 -0.99613 0.00000 -7.59720 0.00000 -0.00000 -1.00000 -0.00000
1637695689179240 0.99671 0.08107 0.00000 -72.19553 0.08107 -0.99671 0.00000 -7.06516 0.00000 -0.00000 -1.00000 -0.00000
1637695689427916 0.99747 0.07112 -0.00000 -74.31836 0.07112 -0.99747 0.00000 -6.37244 0.00000 -0.00000 -1.00000 -0.00000
1637695689677083 0.99854 0.05397 0.00000 -76.46660 0.05397 -0.99854 0.00000 -5.11319 0.00000 -0.00000 -1.00000 -0.00000
1637695689925695 0.99954 0.03035 0.00000 -78.62430 0.03035 -0.99954 0.00000 -3.33408 0.00000 -0.00000 -1.00000 -0.00000
1637695690174930 0.99998 0.00628 0.00000 -80.69291 0.00628 -0.99998 0.00000 -1.47166 0.00000 -0.00000 -1.00000 -0.00000
1637695690423952 0.99973 -0.02345 0.00000 -82.72539 -0.02345 -0.99973 0.00000 0.92817 -0.00000 -0.00000 -1.00000 0.00000
1637695690673223 0.99824 -0.05936 0.00000 -84.66438 -0.05936 -0.99824 0.00000 3.88066 -0.00000 -0.00000 -1.00000 0.00000
1637695690922328 0.99542 -0.09561 0.00000 -86.45293 -0.09561 -0.99542 0.00000 6.96742 -0.00000 -0.00000 -1.00000 0.00000
1637695691171380 0.99035 -0.13858 0.00000 -88.10493 -0.13858 -0.99035 0.00000 10.72507 -0.00000 -0.00000 -1.00000 0.00000
1637695691420356 0.98079 -0.19505 -0.00000 -89.31648 -0.19505 -0.98079 0.00000 15.80321 -0.00000 -0.00000 -1.00000 0.00000
1637695691669125 0.96767 -0.25221 -0.00000 -90.18611 -0.25221 -0.96767 0.00000 20.96828 -0.00000 -0.00000 -1.00000 0.00000
1637695691917658 0.95189 -0.30643 -0.00000 -90.78402 -0.30643 -0.95189 0.00000 26.04690 -0.00000 -0.00000 -1.00000 0.00000
1637695692166650 0.93427 -0.35657 0.00000 -91.24792 -0.35657 -0.93427 0.00000 30.88724 -0.00000 -0.00000 -1.00000 0.00000
1637695692415764 0.91321 -0.40748 0.00000 -91.35012 -0.40748 -0.91321 0.00000 35.84077 -0.00000 -0.00000 -1.00000 0.00000
1637695692664800 0.88924 -0.45744 0.00000 -91.08735 -0.45744 -0.88924 0.00000 40.90761 -0.00000 -0.00000 -1.00000 0.00000
1637695692913789 0.85928 -0.51150 0.00000 -90.36197 -0.51150 -0.85928 0.00000 46.46048 -0.00000 -0.00000 -1.00000 0.00000
1637695693162867 0.82135 -0.57042 0.00000 -88.86332 -0.57042 -0.82135 0.00000 52.75792 -0.00000 -0.00000 -1.00000 0.00000
1637695693412044 0.77360 -0.63367 0.00000 -86.28701 -0.63367 -0.77360 0.00000 59.59688 -0.00000 -0.00000 -1.00000 0.00000
1637695693660914 0.71913 -0.69487 0.00000 -82.92768 -0.69487 -0.71913 0.00000 66.47087 -0.00000 -0.00000 -1.00000 0.00000
1637695693909944 0.66042 -0.75090 0.00000 -79.12322 -0.75090 -0.66042 0.00000 72.94098 -0.00000 -0.00000 -1.00000 0.00000
1637695694158962 0.60144 -0.79892 0.00000 -75.13597 -0.79892 -0.60144 0.00000 78.76744 -0.00000 -0.00000 -1.00000 0.00000
1637695694408030 0.54944 -0.83553 0.00000 -71.70341 -0.83553 -0.54944 0.00000 83.42299 -0.00000 -0.00000 -1.00000 0.00000
1637695694656816 0.49851 -0.86689 0.00000 -68.37239 -0.86689 -0.49851 0.00000 87.52870 -0.00000 -0.00000 -1.00000 0.00000
1637695694905596 0.45921 -0.88833 -0.00000 -66.22511 -0.88833 -0.45921 0.00000 90.42443 -0.00000 -0.00000 -1.00000 0.00000
1637695695154396 0.43402 -0.90091 -0.00000 -65.56196 -0.90091 -0.43402 0.00000 92.24453 -0.00000 -0.00000 -1.00000 0.00000
1637695695403417 0.41989 -0.90758 -0.00000 -66.04157 -0.90758 -0.41989 0.00000 93.17562 -0.00000 -0.00000 -1.00000 0.00000
1637695695652335 0.41279 -0.91083 0.00000 -67.26916 -0.91083 -0.41279 0.00000 93.77377 -0.00000 -0.00000 -1.00000 0.00000
1637695695901029 0.40757 -0.91317 0.00000 -68.68353 -0.91317 -0.40757 0.00000 94.08398 -0.00000 -0.00000 -1.00000 0.00000
1637695696149765 0.40647 -0.91366 -0.00000 -70.60614 -0.91366 -0.40647 0.00000 94.23633 -0.00000 -0.00000 -1.00000 0.00000
1637695696398859 0.41061 -0.91181 0.00000 -73.04484 -0.91181 -0.41061 0.00000 93.89922 -0.00000 -0.00000 -1.00000 0.00000
1637695696647917 0.41398 -0.91029 0.00000 -75.36531 -0.91029 -0.41398 0.00000 93.62950 -0.00000 -0.00000 -1.00000 0.00000
1637695696896717 0.42087 -0.90712 -0.00000 -78.13999 -0.90712 -0.42087 0.00000 93.02512 -0.00000 -0.00000 -1.00000 0.00000
1637695697145932 0.42930 -0.90316 0.00000 -80.99555 -0.90316 -0.42930 0.00000 92.24191 -0.00000 -0.00000 -1.00000 0.00000
1637695697394273 0.43845 -0.89876 0.00000 -83.91954 -0.89876 -0.43845 0.00000 91.41614 -0.00000 -0.00000 -1.00000 0.00000
1637695697643270 0.44781 -0.89413 0.00000 -86.80608 -0.89413 -0.44781 0.00000 90.47114 -0.00000 -0.00000 -1.00000 0.00000
1637695697892163 0.45889 -0.88849 0.00000 -89.84575 -0.88849 -0.45889 0.00000 89.36706 -0.00000 -0.00000 -1.00000 0.00000
1637695698141218 0.47195 -0.88162 0.00000 -93.10242 -0.88162 -0.47195 0.00000 87.97375 -0.00000 -0.00000 -1.00000 0.00000
1637695698390047 0.48831 -0.87267 0.00000 -96.58424 -0.87267 -0.48831 0.00000 86.15278 -0.00000 -0.00000 -1.00000 0.00000
1637695698638850 0.50739 -0.86172 0.00000 -100.33944 -0.86172 -0.50739 0.00000 83.96779 -0.00000 -0.00000 -1.00000 0.00000
1637695698887496 0.53012 -0.84792 0.00000 -104.48485 -0.84792 -0.53012 0.00000 81.25935 -0.00000 -0.00000 -1.00000 0.00000
1637695699137048 0.55773 -0.83002 0.00000 -108.90905 -0.83002 -0.55773 0.00000 77.71074 -0.00000 -0.00000 -1.00000 0.00000
1637695699385926 0.58815 -0.80875 0.00000 -113.53670 -0.80875 -0.58815 0.00000 73.52756 -0.00000 -0.00000 -1.00000 0.00000
1637695699634655 0.61740 -0.78665 -0.00000 -118.06673 -0.78665 -0.61740 0.00000 69.33496 -0.00000 -0.00000 -1.00000 0.00000
1637695699883538 0.64287 -0.76597 0.00000 -122.14269 -0.76597 -0.64287 0.00000 65.35642 -0.00000 -0.00000 -1.00000 0.00000
1637695700132410 0.66776 -0.74438 -0.00000 -126.02655 -0.74438 -0.66776 0.00000 61.23776 -0.00000 -0.00000 -1.00000 0.00000
1637695700381356 0.68962 -0.72417 0.00000 -129.79932 -0.72417 -0.68962 0.00000 57.52870 -0.00000 -0.00000 -1.00000 0.00000
1637695700630728 0.70572 -0.70849 0.00000 -132.88462 -0.70849 -0.70572 0.00000 54.51400 -0.00000 -0.00000 -1.00000 0.00000
1637695700879501 0.71122 -0.70297 0.00000 -135.18254 -0.70297 -0.71122 0.00000 53.50560 -0.00000 -0.00000 -1.00000 0.00000
1637695701129043 0.70529 -0.70892 0.00000 -136.62352 -0.70892 -0.70529 0.00000 54.58185 -0.00000 -0.00000 -1.00000 0.00000
1637695701378106 0.69153 -0.72234 0.00000 -137.22710 -0.72234 -0.69153 0.00000 57.20793 -0.00000 -0.00000 -1.00000 0.00000
1637695701627048 0.67422 -0.73853 0.00000 -137.42548 -0.73853 -0.67422 0.00000 60.43198 -0.00000 -0.00000 -1.00000 0.00000
1637695701875839 0.65983 -0.75141 0.00000 -137.69612 -0.75141 -0.65983 0.00000 63.13184 -0.00000 -0.00000 -1.00000 0.00000
1637695702124728 0.65611 -0.75467 0.00000 -138.87360 -0.75467 -0.65611 0.00000 63.86735 -0.00000 -0.00000 -1.00000 0.00000
1637695702373373 0.67358 -0.73912 0.00000 -141.69727 -0.73912 -0.67358 0.00000 60.46324 -0.00000 -0.00000 -1.00000 0.00000
1637695702621789 0.71312 -0.70105 0.00000 -146.07078 -0.70105 -0.71312 0.00000 52.64971 -0.00000 -0.00000 -1.00000 0.00000
1637695702870557 0.76728 -0.64131 -0.00000 -151.12083 -0.64131 -0.76728 0.00000 40.67047 -0.00000 -0.00000 -1.00000 0.00000
1637695703119702 0.82783 -0.56097 0.00000 -155.62893 -0.56097 -0.82783 0.00000 25.24308 -0.00000 -0.00000 -1.00000 0.00000
1637695703368491 0.88840 -0.45907 0.00000 -158.64078 -0.45907 -0.88840 0.00000 6.58027 -0.00000 -0.00000 -1.00000 0.00000
1637695703617180 0.94278 -0.33342 -0.00000 -159.18129 -0.33342 -0.94278 0.00000 -15.15607 -0.00000 -0.00000 -1.00000 -0.00000
1637695703866179 0.98353 -0.18073 0.00000 -155.83685 -0.18073 -0.98353 0.00000 -40.03781 -0.00000 -0.00000 -1.00000 -0.00000
1637695704114780 0.99997 -0.00766 -0.00000 -147.57040 -0.00766 -0.99997 0.00000 -66.48573 -0.00000 -0.00000 -1.00000 -0.00000
1637695704363693 0.98463 0.17463 -0.00000 -134.00339 0.17463 -0.98463 0.00000 -92.19094 0.00000 -0.00000 -1.00000 -0.00000
1637695704612746 0.93315 0.35950 0.00000 -114.85405 0.35950 -0.93315 0.00000 -116.05634 0.00000 -0.00000 -1.00000 -0.00000
1637695704861390 0.84183 0.53974 0.00000 -90.15576 0.53974 -0.84183 0.00000 -136.76960 0.00000 -0.00000 -1.00000 -0.00000
1637695705110290 0.71593 0.69817 0.00000 -61.64942 0.69817 -0.71593 0.00000 -152.08762 0.00000 -0.00000 -1.00000 -0.00000
1637695705359515 0.55902 0.82916 0.00000 -30.38134 0.82916 -0.55902 0.00000 -161.37945 0.00000 -0.00000 -1.00000 -0.00000
1637695705607969 0.38111 0.92453 0.00000 1.79688 0.92453 -0.38111 0.00000 -164.14696 0.00000 -0.00000 -1.00000 -0.00000
1637695705856981 0.18962 0.98186 0.00000 33.48886 0.98186 -0.18962 0.00000 -160.46213 0.00000 -0.00000 -1.00000 -0.00000
1637695706106034 -0.02003 0.99980 0.00000 65.44123 0.99980 0.02003 0.00000 -149.93030 0.00000 0.00000 -1.00000 -0.00000
1637695706354907 -0.23030 0.97312 0.00000 94.59762 0.97312 0.23030 0.00000 -132.69313 0.00000 0.00000 -1.00000 -0.00000
1637695706603748 -0.44034 0.89783 0.00000 120.63429 0.89783 0.44034 0.00000 -108.38436 0.00000 0.00000 -1.00000 -0.00000
1637695706852822 -0.62342 0.78189 -0.00000 140.05524 0.78189 0.62342 0.00000 -79.81494 0.00000 0.00000 -1.00000 -0.00000
1637695707102013 -0.76768 0.64083 0.00000 151.99156 0.64083 0.76768 0.00000 -50.05812 0.00000 0.00000 -1.00000 -0.00000
1637695707351042 -0.86673 0.49878 0.00000 157.13155 0.49878 0.86673 0.00000 -23.10595 0.00000 0.00000 -1.00000 -0.00000
1637695707600080 -0.92779 0.37311 0.00000 157.45198 0.37311 0.92779 0.00000 -0.91662 0.00000 0.00000 -1.00000 -0.00000
1637695707849323 -0.95842 0.28536 0.00000 155.43389 0.28536 0.95842 0.00000 13.83001 0.00000 0.00000 -1.00000 0.00000
1637695708098046 -0.96985 0.24372 0.00000 153.19491 0.24372 0.96985 0.00000 20.54588 0.00000 0.00000 -1.00000 0.00000
1637695708347541 -0.96928 0.24596 0.00000 151.69372 0.24596 0.96928 0.00000 20.15925 0.00000 0.00000 -1.00000 0.00000
1637695708596395 -0.95821 0.28606 0.00000 150.88247 0.28606 0.95821 0.00000 13.92312 0.00000 0.00000 -1.00000 0.00000
1637695708845390 -0.93845 0.34541 -0.00000 149.97132 0.34541 0.93845 0.00000 4.39987 0.00000 0.00000 -1.00000 0.00000
1637695709094109 -0.91484 0.40381 0.00000 148.33233 0.40381 0.91484 0.00000 -4.98538 0.00000 0.00000 -1.00000 -0.00000
1637695709343097 -0.88862 0.45864 -0.00000 146.21920 0.45864 0.88862 0.00000 -14.00830 0.00000 0.00000 -1.00000 -0.00000
1637695709591865 -0.86091 0.50875 0.00000 143.50018 0.50875 0.86091 0.00000 -22.36912 0.00000 0.00000 -1.00000 -0.00000
1637695709840778 -0.83009 0.55763 0.00000 140.22721 0.55763 0.83009 0.00000 -30.65121 0.00000 0.00000 -1.00000 -0.00000
1637695710089814 -0.79700 0.60398 0.00000 136.46525 0.60398 0.79700 0.00000 -38.59952 0.00000 0.00000 -1.00000 -0.00000
1637695710338649 -0.76574 0.64315 0.00000 132.55769 0.64315 0.76574 0.00000 -45.40759 0.00000 0.00000 -1.00000 -0.00000
1637695710587748 -0.73110 0.68227 0.00000 128.10378 0.68227 0.73110 0.00000 -52.26930 0.00000 0.00000 -1.00000 -0.00000
1637695710836575 -0.69508 0.71893 0.00000 123.31665 0.71893 0.69508 0.00000 -58.77969 0.00000 0.00000 -1.00000 -0.00000
1637695711085622 -0.65696 0.75392 0.00000 118.07036 0.75392 0.65696 0.00000 -65.09256 0.00000 0.00000 -1.00000 -0.00000
1637695711334590 -0.61572 0.78797 0.00000 112.43500 0.78797 0.61572 0.00000 -71.35455 0.00000 0.00000 -1.00000 -0.00000
1637695711583542 -0.57286 0.81965 0.00000 106.38140 0.81965 0.57286 0.00000 -77.23117 0.00000 0.00000 -1.00000 -0.00000
1637695711832467 -0.53097 0.84739 0.00000 100.42925 0.84739 0.53097 0.00000 -82.44256 0.00000 0.00000 -1.00000 -0.00000
1637695712081151 -0.48835 0.87265 -0.00000 94.20119 0.87265 0.48835 0.00000 -87.31680 0.00000 0.00000 -1.00000 -0.00000
1637695712330334 -0.45480 0.89059 0.00000 88.73423 0.89059 0.45480 0.00000 -90.84636 0.00000 0.00000 -1.00000 -0.00000
1637695712578906 -0.42497 0.90521 0.00000 83.74198 0.90521 0.42497 0.00000 -93.80081 0.00000 0.00000 -1.00000 -0.00000
1637695712827822 -0.40336 0.91504 0.00000 79.47798 0.91504 0.40336 0.00000 -95.77113 0.00000 0.00000 -1.00000 -0.00000
1637695713076105 -0.38937 0.92108 0.00000 75.97544 0.92108 0.38937 0.00000 -96.96497 0.00000 0.00000 -1.00000 -0.00000
1637695713324980 -0.37623 0.92653 0.00000 72.58977 0.92653 0.37623 0.00000 -98.04649 0.00000 0.00000 -1.00000 -0.00000
1637695713573785 -0.36722 0.93013 0.00000 69.63568 0.93013 0.36722 0.00000 -98.73370 0.00000 0.00000 -1.00000 -0.00000
1637695713823226 -0.36218 0.93211 0.00000 67.11563 0.93211 0.36218 0.00000 -99.27405 0.00000 0.00000 -1.00000 -0.00000
1637695714071979 -0.36699 0.93023 0.00000 65.58134 0.93023 0.36699 0.00000 -98.81614 0.00000 0.00000 -1.00000 -0.00000
1637695714320724 -0.37434 0.92729 0.00000 64.40615 0.92729 0.37434 0.00000 -98.37663 0.00000 0.00000 -1.00000 -0.00000
1637695714569820 -0.38992 0.92085 -0.00000 64.04423 0.92085 0.38992 0.00000 -97.21093 0.00000 0.00000 -1.00000 -0.00000
1637695714818758 -0.41858 0.90818 0.00000 65.06483 0.90818 0.41858 0.00000 -95.29824 0.00000 0.00000 -1.00000 -0.00000
1637695715067543 -0.45309 0.89146 -0.00000 66.65480 0.89146 0.45309 0.00000 -92.79159 0.00000 0.00000 -1.00000 -0.00000
1637695715316545 -0.49415 0.86938 0.00000 68.96055 0.86938 0.49415 0.00000 -89.72357 0.00000 0.00000 -1.00000 -0.00000
1637695715565385 -0.54133 0.84081 0.00000 71.77206 0.84081 0.54133 0.00000 -85.82661 0.00000 0.00000 -1.00000 -0.00000
1637695715814198 -0.58889 0.80821 0.00000 74.68330 0.80821 0.58889 0.00000 -81.54937 0.00000 0.00000 -1.00000 -0.00000
1637695716062711 -0.63952 0.76877 0.00000 77.87258 0.76877 0.63952 0.00000 -76.66973 0.00000 0.00000 -1.00000 -0.00000
1637695716311660 -0.69478 0.71922 0.00000 81.39824 0.71922 0.69478 0.00000 -70.78579 0.00000 0.00000 -1.00000 -0.00000
1637695716560739 -0.74917 0.66237 0.00000 84.72993 0.66237 0.74917 0.00000 -64.26127 0.00000 0.00000 -1.00000 -0.00000
1637695716809803 -0.79721 0.60370 -0.00000 87.26424 0.60370 0.79721 0.00000 -57.73967 0.00000 0.00000 -1.00000 -0.00000
1637695717058674 -0.84093 0.54114 0.00000 89.47651 0.54114 0.84093 0.00000 -50.95234 0.00000 0.00000 -1.00000 -0.00000
1637695717307713 -0.87735 0.47985 0.00000 90.77986 0.47985 0.87735 0.00000 -44.50428 0.00000 0.00000 -1.00000 -0.00000
1637695717556109 -0.90965 0.41537 0.00000 91.71065 0.41537 0.90965 0.00000 -37.81932 0.00000 0.00000 -1.00000 -0.00000
1637695717804997 -0.93602 0.35196 -0.00000 92.06758 0.35196 0.93602 0.00000 -31.57113 0.00000 0.00000 -1.00000 -0.00000
1637695718053921 -0.95616 0.29284 0.00000 91.79743 0.29284 0.95616 0.00000 -25.77316 0.00000 0.00000 -1.00000 -0.00000
1637695718302721 -0.97321 0.22993 -0.00000 91.28070 0.22993 0.97321 0.00000 -19.72764 0.00000 0.00000 -1.00000 -0.00000
1637695718551527 -0.98496 0.17281 0.00000 90.13179 0.17281 0.98496 0.00000 -14.38338 0.00000 0.00000 -1.00000 -0.00000
1637695718800478 -0.99310 0.11729 0.00000 88.73071 0.11729 0.99310 0.00000 -9.37427 0.00000 0.00000 -1.00000 -0.00000
1637695719049603 -0.99724 0.07427 0.00000 86.96634 0.07427 0.99724 0.00000 -5.53032 0.00000 0.00000 -1.00000 -0.00000
1637695719298969 -0.99951 0.03115 0.00000 85.02819 0.03115 0.99951 0.00000 -1.79682 0.00000 0.00000 -1.00000 -0.00000
1637695719547740 -1.00000 -0.00072 0.00000 82.88825 -0.00072 1.00000 0.00000 0.91862 -0.00000 0.00000 -1.00000 0.00000
1637695719796607 -0.99974 -0.02282 -0.00000 80.70653 -0.02282 0.99974 0.00000 2.74163 -0.00000 0.00000 -1.00000 0.00000
1637695720045722 -0.99937 -0.03547 0.00000 78.54077 -0.03547 0.99937 0.00000 3.81390 -0.00000 0.00000 -1.00000 0.00000
1637695720294874 -0.99900 -0.04476 0.00000 76.32577 -0.04476 0.99900 0.00000 4.53751 -0.00000 0.00000 -1.00000 0.00000
1637695720543479 -0.99876 -0.04974 -0.00000 74.10109 -0.04974 0.99876 0.00000 4.89445 -0.00000 0.00000 -1.00000 0.00000
1637695720792603 -0.99869 -0.05118 -0.00000 71.89989 -0.05118 0.99869 0.00000 4.95955 -0.00000 0.00000 -1.00000 0.00000
1637695721041218 -0.99871 -0.05073 -0.00000 69.73592 -0.05073 0.99871 0.00000 4.86675 -0.00000 0.00000 -1.00000 0.00000
1637695721290497 -0.99890 -0.04693 0.00000 67.57014 -0.04693 0.99890 0.00000 4.62071 -0.00000 0.00000 -1.00000 0.00000
1637695721539364 -0.99884 -0.04808 0.00000 65.41323 -0.04808 0.99884 0.00000 4.65252 -0.00000 0.00000 -1.00000 0.00000
1637695721788388 -0.99891 -0.04674 0.00000 63.25895 -0.04674 0.99891 0.00000 4.53840 -0.00000 0.00000 -1.00000 0.00000
1637695722037070 -0.99894 -0.04614 0.00000 61.13371 -0.04614 0.99894 0.00000 4.48823 -0.00000 0.00000 -1.00000 0.00000
1637695722286473 -0.99905 -0.04366 0.00000 58.99593 -0.04366 0.99905 0.00000 4.27832 -0.00000 0.00000 -1.00000 0.00000
1637695722535254 -0.99907 -0.04300 -0.00000 56.86772 -0.04300 0.99907 0.00000 4.19691 -0.00000 0.00000 -1.00000 0.00000
1637695722784183 -0.99896 -0.04553 0.00000 54.78740 -0.04553 0.99896 0.00000 4.35118 -0.00000 0.00000 -1.00000 0.00000
1637695723032820 -0.99884 -0.04808 -0.00000 52.67742 -0.04808 0.99884 0.00000 4.47830 -0.00000 0.00000 -1.00000 0.00000
1637695723281824 -0.99873 -0.05029 -0.00000 50.57496 -0.05029 0.99873 0.00000 4.48950 -0.00000 0.00000 -1.00000 0.00000
1637695723531085 -0.99865 -0.05185 0.00000 48.53730 -0.05185 0.99865 0.00000 4.60533 -0.00000 0.00000 -1.00000 0.00000
1637695723779469 -0.99854 -0.05400 -0.00000 46.47904 -0.05400 0.99854 0.00000 4.66896 -0.00000 0.00000 -1.00000 0.00000
1637695724028647 -0.99830 -0.05826 0.00000 44.46835 -0.05826 0.99830 0.00000 4.86685 -0.00000 0.00000 -1.00000 0.00000
1637695724278034 -0.99880 -0.04897 -0.00000 42.49448 -0.04897 0.99880 0.00000 4.52140 -0.00000 0.00000 -1.00000 0.00000
1637695724526696 -0.99932 -0.03695 0.00000 40.54456 -0.03695 0.99932 0.00000 3.88480 -0.00000 0.00000 -1.00000 0.00000
1637695724775973 -0.99978 -0.02087 0.00000 38.63886 -0.02087 0.99978 0.00000 3.29764 -0.00000 0.00000 -1.00000 0.00000
1637695725024744 -0.99997 -0.00757 -0.00000 36.71509 -0.00757 0.99997 0.00000 2.67934 -0.00000 0.00000 -1.00000 0.00000
1637695725273684 -1.00000 0.00220 0.00000 34.74965 0.00220 1.00000 0.00000 2.30663 0.00000 0.00000 -1.00000 0.00000
1637695725522624 -0.99990 0.01386 -0.00000 32.85006 0.01386 0.99990 0.00000 1.86605 0.00000 0.00000 -1.00000 0.00000
1637695725771609 -0.99974 0.02269 -0.00000 30.88573 0.02269 0.99974 0.00000 1.57708 0.00000 0.00000 -1.00000 0.00000
1637695726020704 -0.99956 0.02980 -0.00000 28.97551 0.02980 0.99956 0.00000 1.22236 0.00000 0.00000 -1.00000 0.00000
1637695726269479 -0.99930 0.03742 -0.00000 26.98909 0.03742 0.99930 0.00000 1.05121 0.00000 0.00000 -1.00000 0.00000
1637695726518692 -0.99924 0.03899 0.00000 25.08173 0.03899 0.99924 0.00000 0.96180 0.00000 0.00000 -1.00000 0.00000
1637695726767282 -0.99907 0.04304 0.00000 23.15121 0.04304 0.99907 0.00000 0.89270 0.00000 0.00000 -1.00000 0.00000
1637695727015971 -0.99904 0.04370 0.00000 21.20328 0.04370 0.99904 0.00000 0.84147 0.00000 0.00000 -1.00000 0.00000
1637695727265216 -0.99899 0.04502 0.00000 19.25422 0.04502 0.99899 0.00000 0.74474 0.00000 0.00000 -1.00000 0.00000
1637695727514045 -0.99893 0.04634 -0.00000 17.29912 0.04634 0.99893 0.00000 0.76543 0.00000 0.00000 -1.00000 0.00000
1637695727763183 -0.99892 0.04650 -0.00000 15.41613 0.04650 0.99892 0.00000 0.77998 0.00000 0.00000 -1.00000 0.00000
1637695728012550 -0.99863 0.05226 -0.00000 13.47301 0.05226 0.99863 0.00000 0.69188 0.00000 0.00000 -1.00000 0.00000
1637695728261286 -0.99846 0.05541 0.00000 11.53414 0.05541 0.99846 0.00000 0.64479 0.00000 0.00000 -1.00000 0.00000
1637695728510719 -0.99822 0.05958 -0.00000 9.62414 0.05958 0.99822 0.00000 0.58106 0.00000 0.00000 -1.00000 0.00000
1637695728759418 -0.99799 0.06335 0.00000 7.71337 0.06335 0.99799 0.00000 0.50149 0.00000 0.00000 -1.00000 0.00000
1637695729008814 -0.99788 0.06514 0.00000 5.81092 0.06514 0.99788 0.00000 0.49720 0.00000 0.00000 -1.00000 0.00000
1637695729257611 -0.99763 0.06879 0.00000 3.90173 0.06879 0.99763 0.00000 0.39924 0.00000 0.00000 -1.00000 0.00000
1637695729506593 -0.99760 0.06928 0.00000 1.99529 0.06928 0.99760 0.00000 0.35853 0.00000 0.00000 -1.00000 0.00000
1637695729755194 -0.99776 0.06687 -0.00000 0.08494 0.06687 0.99776 0.00000 0.35678 0.00000 0.00000 -1.00000 0.00000
1637695730004216 -0.99805 0.06244 -0.00000 -1.79848 0.06244 0.99805 0.00000 0.28259 0.00000 0.00000 -1.00000 0.00000
1637695730253129 -0.99836 0.05720 0.00000 -3.69552 0.05720 0.99836 0.00000 0.30682 0.00000 0.00000 -1.00000 0.00000
1637695730502300 -0.99860 0.05297 0.00000 -5.57246 0.05297 0.99860 0.00000 0.20980 0.00000 0.00000 -1.00000 0.00000
1637695730751656 -0.99895 0.04579 -0.00000 -7.51901 0.04579 0.99895 0.00000 0.11155 0.00000 0.00000 -1.00000 0.00000
1637695731000452 -0.99908 0.04298 0.00000 -9.40956 0.04298 0.99908 0.00000 0.15568 0.00000 0.00000 -1.00000 0.00000
1637695731249974 -0.99932 0.03681 0.00000 -11.29096 0.03681 0.99932 0.00000 -0.06816 0.00000 0.00000 -1.00000 -0.00000
1637695731498621 -0.99937 0.03551 0.00000 -13.22049 0.03551 0.99937 0.00000 -0.03950 0.00000 0.00000 -1.00000 -0.00000
1637695731747539 -0.99939 0.03497 0.00000 -15.05285 0.03497 0.99939 0.00000 -0.06776 0.00000 0.00000 -1.00000 -0.00000
1637695731996370 -0.99951 0.03121 0.00000 -16.96274 0.03121 0.99951 0.00000 -0.09819 0.00000 0.00000 -1.00000 -0.00000
1637695732245328 -0.99975 0.02252 0.00000 -18.87572 0.02252 0.99975 0.00000 -0.36767 0.00000 0.00000 -1.00000 -0.00000
1637695732494035 -0.99987 0.01591 -0.00000 -20.78220 0.01591 0.99987 0.00000 -0.45293 0.00000 0.00000 -1.00000 -0.00000
1637695732743144 -0.99995 0.00960 0.00000 -22.65645 0.00960 0.99995 0.00000 -0.59512 0.00000 0.00000 -1.00000 -0.00000
1637695732992062 -1.00000 0.00116 0.00000 -24.60996 0.00116 1.00000 0.00000 -0.82438 0.00000 0.00000 -1.00000 -0.00000
1637695733241080 -0.99999 -0.00471 0.00000 -26.45862 -0.00471 0.99999 0.00000 -0.98918 -0.00000 0.00000 -1.00000 -0.00000
1637695733489917 -0.99997 -0.00718 0.00000 -28.51345 -0.00718 0.99997 0.00000 -1.00044 -0.00000 0.00000 -1.00000 -0.00000
1637695733739033 -0.99997 -0.00709 0.00000 -30.41851 -0.00709 0.99997 0.00000 -1.05627 -0.00000 0.00000 -1.00000 -0.00000
1637695733988008 -0.99999 -0.00544 0.00000 -32.48367 -0.00544 0.99999 0.00000 -0.98513 -0.00000 0.00000 -1.00000 -0.00000
1637695734236741 -0.99997 -0.00746 0.00000 -34.52988 -0.00746 0.99997 0.00000 -1.06090 -0.00000 0.00000 -1.00000 -0.00000
1637695734485507 -0.99998 -0.00655 0.00000 -36.61944 -0.00655 0.99998 0.00000 -1.01543 -0.00000 0.00000 -1.00000 -0.00000
1637695734734445 -0.99997 -0.00743 -0.00000 -38.74907 -0.00743 0.99997 0.00000 -1.13680 -0.00000 0.00000 -1.00000 -0.00000
1637695734983448 -0.99997 -0.00750 -0.00000 -40.92277 -0.00750 0.99997 0.00000 -1.14059 -0.00000 0.00000 -1.00000 -0.00000
1637695735232350 -0.99994 -0.01069 0.00000 -42.99283 -0.01069 0.99994 0.00000 -1.24186 -0.00000 0.00000 -1.00000 -0.00000
1637695735480839 -0.99986 -0.01679 0.00000 -45.16748 -0.01679 0.99986 0.00000 -1.56759 -0.00000 0.00000 -1.00000 -0.00000
1637695735730086 -0.99974 -0.02284 0.00000 -47.21977 -0.02284 0.99974 0.00000 -1.83808 -0.00000 0.00000 -1.00000 -0.00000
1637695735978699 -0.99961 -0.02781 0.00000 -49.28841 -0.02781 0.99961 0.00000 -2.08628 -0.00000 0.00000 -1.00000 -0.00000
1637695736227456 -0.99945 -0.03321 0.00000 -51.33750 -0.03321 0.99945 0.00000 -2.40634 -0.00000 0.00000 -1.00000 -0.00000
1637695736476470 -0.99925 -0.03868 0.00000 -53.36003 -0.03868 0.99925 0.00000 -2.63903 -0.00000 0.00000 -1.00000 -0.00000
1637695736725229 -0.99921 -0.03966 0.00000 -55.30221 -0.03966 0.99921 0.00000 -2.62561 -0.00000 0.00000 -1.00000 -0.00000
1637695736974569 -0.99936 -0.03574 0.00000 -57.14662 -0.03574 0.99936 0.00000 -2.50828 -0.00000 0.00000 -1.00000 -0.00000
1637695737223846 -0.99970 -0.02433 -0.00000 -58.96039 -0.02433 0.99970 0.00000 -1.83927 -0.00000 0.00000 -1.00000 -0.00000
1637695737472863 -1.00000 -0.00053 -0.00000 -60.58506 -0.00053 1.00000 0.00000 -0.45052 -0.00000 0.00000 -1.00000 -0.00000
1637695737721725 -0.99948 0.03233 -0.00000 -62.13495 0.03233 0.99948 0.00000 1.54912 0.00000 0.00000 -1.00000 0.00000
1637695737970602 -0.99646 0.08403 -0.00000 -63.42049 0.08403 0.99646 0.00000 4.73541 0.00000 0.00000 -1.00000 0.00000
1637695738219686 -0.98905 0.14760 0.00000 -64.28754 0.14760 0.98905 0.00000 8.79194 0.00000 0.00000 -1.00000 0.00000
1637695738468934 -0.97291 0.23117 -0.00000 -64.50995 0.23117 0.97291 0.00000 14.10309 0.00000 0.00000 -1.00000 0.00000
1637695738717818 -0.94633 0.32319 0.00000 -63.96198 0.32319 0.94633 0.00000 20.30093 0.00000 0.00000 -1.00000 0.00000
1637695738966651 -0.90253 0.43062 -0.00000 -62.28685 0.43062 0.90253 0.00000 27.50318 0.00000 0.00000 -1.00000 0.00000
1637695739215536 -0.84016 0.54235 0.00000 -59.25360 0.54235 0.84016 0.00000 35.21878 0.00000 0.00000 -1.00000 0.00000
1637695739464518 -0.75723 0.65315 0.00000 -54.86737 0.65315 0.75723 0.00000 43.07536 0.00000 0.00000 -1.00000 0.00000
1637695739713418 -0.66079 0.75057 0.00000 -49.45247 0.75057 0.66079 0.00000 50.08137 0.00000 0.00000 -1.00000 0.00000
1637695739962125 -0.55856 0.82946 0.00000 -43.60445 0.82946 0.55856 0.00000 56.04652 0.00000 0.00000 -1.00000 0.00000
1637695740211313 -0.45845 0.88872 -0.00000 -37.81797 0.88872 0.45845 0.00000 60.72907 0.00000 0.00000 -1.00000 0.00000
1637695740460072 -0.36047 0.93277 0.00000 -32.18205 0.93277 0.36047 0.00000 64.41786 0.00000 0.00000 -1.00000 0.00000
1637695740708820 -0.27343 0.96189 0.00000 -27.24246 0.96189 0.27343 0.00000 67.10569 0.00000 0.00000 -1.00000 0.00000
1637695740957737 -0.20606 0.97854 0.00000 -23.70136 0.97854 0.20606 0.00000 68.83255 0.00000 0.00000 -1.00000 0.00000
1637695741206413 -0.16253 0.98670 0.00000 -21.94282 0.98670 0.16253 0.00000 69.78011 0.00000 0.00000 -1.00000 0.00000
1637695741455391 -0.13997 0.99016 -0.00000 -21.70099 0.99016 0.13997 0.00000 70.14269 0.00000 0.00000 -1.00000 0.00000
1637695741704401 -0.11721 0.99311 0.00000 -21.59274 0.99311 0.11721 0.00000 70.55815 0.00000 0.00000 -1.00000 0.00000
1637695741953519 -0.09922 0.99507 0.00000 -21.84861 0.99507 0.09922 0.00000 70.88358 0.00000 0.00000 -1.00000 0.00000
1637695742202218 -0.08086 0.99673 0.00000 -22.12495 0.99673 0.08086 0.00000 71.18352 0.00000 0.00000 -1.00000 0.00000
1637695742451240 -0.06346 0.99798 0.00000 -22.59780 0.99798 0.06346 0.00000 71.70987 0.00000 0.00000 -1.00000 0.00000
1637695742699989 -0.05313 0.99859 0.00000 -23.54784 0.99859 0.05313 0.00000 71.81406 0.00000 0.00000 -1.00000 0.00000
1637695742948824 -0.04198 0.99912 0.00000 -24.51644 0.99912 0.04198 0.00000 72.03369 0.00000 0.00000 -1.00000 0.00000
1637695743197673 -0.02907 0.99958 -0.00000 -25.32561 0.99958 0.02907 0.00000 72.37090 0.00000 0.00000 -1.00000 0.00000
1637695743446381 -0.02403 0.99971 0.00000 -26.76144 0.99971 0.02403 0.00000 72.47217 0.00000 0.00000 -1.00000 0.00000
1637695743695318 -0.01232 0.99992 0.00000 -27.75765 0.99992 0.01232 0.00000 72.76370 0.00000 0.00000 -1.00000 0.00000
1637695743944358 0.00162 1.00000 0.00000 -28.63927 1.00000 -0.00162 0.00000 73.07639 0.00000 -0.00000 -1.00000 0.00000
1637695744193416 0.01685 0.99986 0.00000 -29.40225 0.99986 -0.01685 0.00000 73.50546 0.00000 -0.00000 -1.00000 0.00000
1637695744442125 0.03982 0.99921 -0.00000 -29.57839 0.99921 -0.03982 0.00000 74.13451 0.00000 -0.00000 -1.00000 0.00000
1637695744691241 0.06117 0.99813 0.00000 -29.89470 0.99813 -0.06117 0.00000 74.71296 0.00000 -0.00000 -1.00000 0.00000
1637695744939685 0.08300 0.99655 0.00000 -30.17918 0.99655 -0.08300 0.00000 75.31605 0.00000 -0.00000 -1.00000 0.00000
1637695745188791 0.10010 0.99498 0.00000 -30.75029 0.99498 -0.10010 0.00000 75.78186 0.00000 -0.00000 -1.00000 0.00000
1637695745437545 0.09767 0.99522 -0.00000 -32.77706 0.99522 -0.09767 0.00000 75.58600 0.00000 -0.00000 -1.00000 0.00000
1637695745685765 0.09325 0.99564 -0.00000 -35.01841 0.99564 -0.09325 0.00000 75.45953 0.00000 -0.00000 -1.00000 0.00000
1637695745935075 0.07822 0.99694 0.00000 -38.07389 0.99694 -0.07822 0.00000 74.81666 0.00000 -0.00000 -1.00000 0.00000
1637695746184159 0.06130 0.99812 -0.00000 -41.31067 0.99812 -0.06130 0.00000 74.17431 0.00000 -0.00000 -1.00000 0.00000
1637695746433481 0.04883 0.99881 0.00000 -44.15544 0.99881 -0.04883 0.00000 73.69390 0.00000 -0.00000 -1.00000 0.00000
1637695746682279 0.03570 0.99936 -0.00000 -47.13766 0.99936 -0.03570 0.00000 73.05964 0.00000 -0.00000 -1.00000 0.00000
1637695746931055 0.02313 0.99973 0.00000 -50.19159 0.99973 -0.02313 0.00000 72.37347 0.00000 -0.00000 -1.00000 0.00000
1637695747180089 0.01848 0.99983 0.00000 -52.59387 0.99983 -0.01848 0.00000 72.14286 0.00000 -0.00000 -1.00000 0.00000
1637695747429092 0.00709 0.99997 0.00000 -55.55496 0.99997 -0.00709 0.00000 71.55056 0.00000 -0.00000 -1.00000 0.00000
1637695747677977 0.00472 0.99999 0.00000 -57.85140 0.99999 -0.00472 0.00000 71.33561 0.00000 -0.00000 -1.00000 0.00000
1637695747926964 -0.00264 1.00000 0.00000 -60.41787 1.00000 0.00264 0.00000 70.91240 0.00000 0.00000 -1.00000 0.00000
1637695748176263 -0.00734 0.99997 0.00000 -62.89150 0.99997 0.00734 0.00000 70.57172 0.00000 0.00000 -1.00000 0.00000
1637695748425142 -0.01457 0.99989 0.00000 -65.37592 0.99989 0.01457 0.00000 70.11975 0.00000 0.00000 -1.00000 0.00000
1637695748673902 -0.01917 0.99982 0.00000 -67.74069 0.99982 0.01917 0.00000 69.84841 0.00000 0.00000 -1.00000 0.00000
1637695748922945 -0.02935 0.99957 0.00000 -70.46789 0.99957 0.02935 0.00000 69.09000 0.00000 0.00000 -1.00000 0.00000
1637695749171921 -0.03406 0.99942 0.00000 -72.76054 0.99942 0.03406 0.00000 68.71275 0.00000 0.00000 -1.00000 0.00000
1637695749420893 -0.04154 0.99914 -0.00000 -75.23335 0.99914 0.04154 0.00000 68.21843 0.00000 0.00000 -1.00000 0.00000
1637695749669498 -0.04773 0.99886 0.00000 -77.45093 0.99886 0.04773 0.00000 67.61254 0.00000 0.00000 -1.00000 0.00000
1637695749918611 -0.06267 0.99803 0.00000 -80.28701 0.99803 0.06267 0.00000 66.46488 0.00000 0.00000 -1.00000 0.00000
1637695750167593 -0.08468 0.99641 0.00000 -83.50889 0.99641 0.08468 0.00000 64.62767 0.00000 0.00000 -1.00000 0.00000
1637695750416368 -0.12025 0.99274 0.00000 -87.46126 0.99274 0.12025 0.00000 61.55200 0.00000 0.00000 -1.00000 0.00000
1637695750665268 -0.17186 0.98512 0.00000 -92.21674 0.98512 0.17186 0.00000 56.90192 0.00000 0.00000 -1.00000 0.00000
1637695750913600 -0.23415 0.97220 0.00000 -97.26539 0.97220 0.23415 0.00000 50.83974 0.00000 0.00000 -1.00000 0.00000
1637695751162240 -0.31096 0.95042 0.00000 -102.64336 0.95042 0.31096 0.00000 42.90946 0.00000 0.00000 -1.00000 0.00000
1637695751411220 -0.38533 0.92278 0.00000 -107.25942 0.92278 0.38533 0.00000 34.57476 0.00000 0.00000 -1.00000 0.00000
1637695751660053 -0.46625 0.88465 0.00000 -111.49072 0.88465 0.46625 0.00000 24.75627 0.00000 0.00000 -1.00000 0.00000
1637695751909271 -0.55005 0.83513 0.00000 -114.89909 0.83513 0.55005 0.00000 13.83391 0.00000 0.00000 -1.00000 0.00000
1637695752158425 -0.62911 0.77731 0.00000 -117.20454 0.77731 0.62911 0.00000 2.43497 0.00000 0.00000 -1.00000 0.00000
1637695752407192 -0.70240 0.71178 -0.00000 -118.39879 0.71178 0.70240 0.00000 -9.12255 0.00000 0.00000 -1.00000 -0.00000
1637695752656104 -0.77382 0.63340 0.00000 -118.26986 0.63340 0.77382 0.00000 -21.66331 0.00000 0.00000 -1.00000 -0.00000
1637695752905107 -0.83431 0.55130 0.00000 -117.04406 0.55130 0.83431 0.00000 -33.61283 0.00000 0.00000 -1.00000 -0.00000
1637695753154381 -0.88735 0.46109 -0.00000 -114.43058 0.46109 0.88735 0.00000 -45.69713 0.00000 0.00000 -1.00000 -0.00000
1637695753403534 -0.92689 0.37532 0.00000 -111.19242 0.37532 0.92689 0.00000 -56.23029 0.00000 0.00000 -1.00000 -0.00000
1637695753652796 -0.95367 0.30085 0.00000 -107.96680 0.30085 0.95367 0.00000 -64.88294 0.00000 0.00000 -1.00000 -0.00000
1637695753901386 -0.97339 0.22914 -0.00000 -104.43842 0.22914 0.97339 0.00000 -72.76620 0.00000 0.00000 -1.00000 -0.00000
1637695754150662 -0.98332 0.18187 0.00000 -102.51027 0.18187 0.98332 0.00000 -77.67112 0.00000 0.00000 -1.00000 -0.00000
1637695754399806 -0.98717 0.15969 0.00000 -102.38102 0.15969 0.98717 0.00000 -79.94711 0.00000 0.00000 -1.00000 -0.00000
