1. 0. 0. 0. 0. 1. 0. 0. 0. 0. 1. 0.
1. 0. 0. 0.005 -0. 1. 0. 0.008 0. 0. 1. 0.
1. 0. 0. 0.001 -0. 1. 0. 0.003 0. 0. 1. 0.
1. 0. 0. -0.003 -0. 1. 0. 0.003 0. 0. 1. 0.
1. -0.000 0. 0.003 0.000 1. 0. 0.002 0. 0. 1. 0.
1. -0.000 0. 0.001 0.000 1. 0. 0.003 0. 0. 1. 0.
1. -0.000 0. -0.002 0.000 1. 0. 0.005 0. 0. 1. 0.
1. 0. 0. 0.004 -0. 1. 0. 0.011 0. 0. 1. 0.
1. 0.000 0. 0.006 -0.000 1. 0. 0.011 0. 0. 1. 0.
1. -0.000 0. 0.003 0.000 1. 0. 0.005 0. 0. 1. 0.
1. -0.000 0. -0.001 0.000 1. 0. -0.004 0. 0. 1. 0.
1. -0.000 0. -0.002 0.000 1. 0. 0.001 0. 0. 1. 0.
1. -0.000 0. 0.001 0.000 1. 0. 0.004 0. 0. 1. 0.
1. -0.000 0. 0.001 0.000 1. 0. -0.005 0. 0. 1. 0.
1. 0. 0. 0.001 -0. 1. 0. 0.001 0. 0. 1. 0.
1. -0. 0. -0.003 0. 1. 0. 0.003 0. 0. 1. 0.
1. -0.000 0. -0.004 0.000 1. 0. 0.006 0. 0. 1. 0.
1. -0.000 0. -0.002 0.000 1. 0. 0.006 0. 0. 1. 0.
1. -0.000 0. -0.003 0.000 1. 0. 0.002 0. 0. 1. 0.
1. -0.000 0. -0.004 0.000 1. 0. 0.001 0. 0. 1. 0.
1. -0. 0. -0.000 0. 1. 0. 0.006 0. 0. 1. 0.
1. 0. 0. 0.000 -0. 1. 0. 0.007 0. 0. 1. 0.
1. -0.000 0. 0.002 0.000 1. 0. 0.005 0. 0. 1. 0.
1. -0.000 0. -0.002 0.000 1. 0. 0.005 0. 0. 1. 0.
1. -0.000 0. 0.001 0.000 1. 0. 0.003 0. 0. 1. 0.
1. -0.000 0. 0.001 0.000 1. 0. 0.008 0. 0. 1. 0.
1. -0.000 0. -0.004 0.000 1. 0. -0.001 0. 0. 1. 0.
1. -0.000 0. -0.001 0.000 1. 0. -0.001 0. 0. 1. 0.
1. -0.000 0. -0.003 0.000 1. 0. -0.005 0. 0. 1. 0.
1. -0.000 0. -0.003 0.000 1. 0. -0.001 0. 0. 1. 0.
1. -0.000 0. 0.002 0.000 1. 0. 0.002 0. 0. 1. 0.
1. -0.000 0. 0.005 0.000 1. 0. 0.003 0. 0. 1. 0.
1. -0.000 0. 0.003 0.000 1. 0. 0.002 0. 0. 1. 0.
1. -0.000 0. -0. 0.000 1. 0. 0.002 0. 0. 1. 0.
1. -0.000 0. -0.002 0.000 1. 0. -0.002 0. 0. 1. 0.
1. -0.000 0. 0.002 0.000 1. 0. -0.002 0. 0. 1. 0.
1. -0.000 0. 0.001 0.000 1. 0. -0.002 0. 0. 1. 0.
1. -0.000 0. -0.002 0.000 1. 0. 0.006 0. 0. 1. 0.
1. -0.000 0. -0.002 0.000 1. 0. -0.000 0. 0. 1. 0.
1. -0.000 0. 0.002 0.000 1. 0. -0.001 0. 0. 1. 0.
1. -0.000 0. 0.001 0.000 1. 0. 0.004 0. 0. 1. 0.
1. -0.000 0. -0.003 0.000 1. 0. 0.011 0. 0. 1. 0.
1. -0.000 0. -0.002 0.000 1. 0. -0.001 0. 0. 1. 0.
1. -0.000 0. -0.004 0.000 1. 0. -0. 0. 0. 1. 0.
1. -0.000 0. 0.003 0.000 1. 0. 0.001 0. 0. 1. 0.
1. -0.000 0. -0.006 0.000 1. 0. -0.004 0. 0. 1. 0.
1. -0.000 0. -0.002 0.000 1. 0. -0.001 0. 0. 1. 0.
1. -0.000 0. -0.003 0.000 1. 0. 0.004 0. 0. 1. 0.
1. -0.000 0. 0.005 0.000 1. 0. 0.001 0. 0. 1. 0.
1. -0.000 0. 0.002 0.000 1. 0. 0.004 0. 0. 1. 0.
1. 0. 0. 0.003 -0. 1. 0. 0.008 0. 0. 1. 0.
1. 0. 0. 0.005 -0. 1. 0. 0.005 0. 0. 1. 0.
1. -0.000 0. 0.002 0.000 1. 0. 0.009 0. 0. 1. 0.
1. -0.000 0. 0.001 0.000 1. 0. 0.010 0. 0. 1. 0.
1. -0.000 0. 0.002 0.000 1. 0. 0.003 0. 0. 1. 0.
1. -0.000 0. 0.003 0.000 1. 0. 0.006 0. 0. 1. 0.
1. 0. 0. 0.004 -0. 1. 0. 0.006 0. 0. 1. 0.
1. -0. 0. 0.006 0. 1. 0. 0.006 0. 0. 1. 0.
1. -0.000 0. 0.002 0.000 1. 0. 0.006 0. 0. 1. 0.
1. -0.000 0. 0.002 0.000 1. 0. 0.005 0. 0. 1. 0.
1. -0.000 0. -0.003 0.000 1. 0. 0.004 0. 0. 1. 0.
1. -0.000 0. -0.002 0.000 1. 0. 0.006 0. 0. 1. 0.
1. -0.000 0. -0.004 0.000 1. 0. 0.002 0. 0. 1. 0.
1. -0.000 0. -0.001 0.000 1. 0. 0.003 0. 0. 1. 0.
1. -0.000 0. -0.002 0.000 1. 0. 0.005 0. 0. 1. 0.
1. -0.000 0. -0.003 0.000 1. 0. 0.002 0. 0. 1. 0.
1. -0.000 0. 0.004 0.000 1. 0. 0.010 0. 0. 1. 0.
1. -0.000 0. 0.003 0.000 1. 0. -0.000 0. 0. 1. 0.
1. -0.000 0. 0.004 0.000 1. 0. 0.008 0. 0. 1. 0.
1. -0.000 0. 0.000 0.000 1. 0. 0.009 0. 0. 1. 0.
1. -0.000 0. 0.004 0.000 1. 0. 0.007 0. 0. 1. 0.
1. -0.000 0. 0.002 0.000 1. 0. 0.004 0. 0. 1. 0.
1. -0.000 0. 0.003 0.000 1. 0. 0.003 0. 0. 1. 0.
1. -0.000 0. 0.007 0.000 1. 0. 0.004 0. 0. 1. 0.
1. -0.000 0. 0.001 0.000 1. 0. 0.000 0. 0. 1. 0.
1. -0.000 0. 0.003 0.000 1. 0. 0.005 0. 0. 1. 0.
1. -0.000 0. 0.003 0.000 1. 0. 0.001 0. 0. 1. 0.
1. -0.001 0. 0.001 0.001 1. 0. 0.001 0. 0. 1. 0.
1. -0.000 0. 0.005 0.000 1. 0. -0.001 0. 0. 1. 0.
1. -0.000 0. 0.002 0.000 1. 0. 0.007 0. 0. 1. 0.
1. -0.001 0. -0.008 0.001 1. 0. 0.005 0. 0. 1. 0.
1. -0.000 0. 0.001 0.000 1. 0. 0.004 0. 0. 1. 0.
1. -0.000 0. 0.001 0.000 1. 0. -0.001 0. 0. 1. 0.
1. -0.000 0. 0.006 0.000 1. 0. -0.002 0. 0. 1. 0.
1. -0.000 0. 0.006 0.000 1. 0. 0.002 0. 0. 1. 0.
1. -0.000 0. 0.004 0.000 1. 0. 0.002 0. 0. 1. 0.
1. -0.000 0. 0.003 0.000 1. 0. 0.004 0. 0. 1. 0.
1. -0.000 0. -0.003 0.000 1. 0. 0.002 0. 0. 1. 0.
1. -0.000 0. -0.000 0.000 1. 0. 0.007 0. 0. 1. 0.
1. -0.000 0. 0.004 0.000 1. 0. 0.002 0. 0. 1. 0.
1. -0.000 0. -0.001 0.000 1. 0. 0.000 0. 0. 1. 0.
1. -0.000 0. 0.004 0.000 1. 0. 0.005 0. 0. 1. 0.
1. -0.000 0. 0.002 0.000 1. 0. -0.004 0. 0. 1. 0.
1. 0. 0. 0.006 -0. 1. 0. 0.001 0. 0. 1. 0.
1. -0.000 0. 0.001 0.000 1. 0. 0.005 0. 0. 1. 0.
1. -0.000 0. 0.002 0.000 1. 0. 0.001 0. 0. 1. 0.
1. -0.000 0. -0.003 0.000 1. 0. -0.002 0. 0. 1. 0.
1. -0.000 0. 0.009 0.000 1. 0. 0.004 0. 0. 1. 0.
1. -0.000 0. 0.003 0.000 1. 0. 0.010 0. 0. 1. 0.
1. -0.000 0. 0.005 0.000 1. 0. 0.011 0. 0. 1. 0.
1. -0.000 0. -0.002 0.000 1. 0. 0.004 0. 0. 1. 0.
1. -0.000 0. -0.006 0.000 1. 0. 0.003 0. 0. 1. 0.
1. -0.000 0. 0. 0.000 1. 0. 0.005 0. 0. 1. 0.
1. -0.000 0. 0.003 0.000 1. 0. 0.007 0. 0. 1. 0.
1. -0.000 0. 0.001 0.000 1. 0. 0.003 0. 0. 1. 0.
1. -0.000 0. 0.002 0.000 1. 0. -0.001 0. 0. 1. 0.
1. -0.000 0. -0.005 0.000 1. 0. 0.002 0. 0. 1. 0.
1. -0.000 0. 0.003 0.000 1. 0. 0.001 0. 0. 1. 0.
1. -0.000 0. 0.007 0.000 1. 0. -0.004 0. 0. 1. 0.
1. -0.000 0. 0.004 0.000 1. 0. -0.004 0. 0. 1. 0.
1. -0.000 0. 0.001 0.000 1. 0. -0.002 0. 0. 1. 0.
1. -0.000 0. 0.004 0.000 1. 0. -0.000 0. 0. 1. 0.
1. -0.000 0. 0.004 0.000 1. 0. 0.000 0. 0. 1. 0.
1. -0.000 0. 0.002 0.000 1. 0. -0.002 0. 0. 1. 0.
1. -0.000 0. 0.001 0.000 1. 0. -0.004 0. 0. 1. 0.
1. -0.000 0. 0.006 0.000 1. 0. -0.004 0. 0. 1. 0.
1. -0.001 0. 0.021 0.001 1. 0. -0.004 0. 0. 1. 0.
1. -0.000 0. 0.054 0.000 1. 0. 0.006 0. 0. 1. 0.
1. -0.001 0. 0.089 0.001 1. 0. 0.004 0. 0. 1. 0.
1. -0.002 0. 0.143 0.002 1. 0. 0.021 0. 0. 1. 0.
1. -0.004 0. 0.216 0.004 1. 0. 0.039 0. 0. 1. 0.
1. -0.008 0. 0.314 0.008 1. 0. 0.045 0. 0. 1. 0.
1.000 -0.017 0. 0.468 0.017 1.000 0. 0.024 0. 0. 1. 0.
1.000 -0.030 0. 0.675 0.030 1.000 0. 0.032 0. 0. 1. 0.
0.999 -0.047 0. 1.033 0.047 0.999 0. 0.062 0. 0. 1. 0.
0.998 -0.067 0. 1.433 0.067 0.998 0. 0.057 0. 0. 1. 0.
0.996 -0.090 0. 1.931 0.090 0.996 0. 0.114 0. 0. 1. 0.
0.993 -0.115 0. 2.517 0.115 0.993 0. 0.198 0. 0. 1. 0.
0.991 -0.137 0. 3.202 0.137 0.991 0. 0.317 0. 0. 1. 0.
0.988 -0.157 0. 3.968 0.157 0.988 0. 0.472 0. 0. 1. 0.
0.985 -0.172 0. 4.828 0.172 0.985 0. 0.630 0. 0. 1. 0.
0.983 -0.182 0. 5.785 0.182 0.983 0. 0.789 0. 0. 1. 0.
0.982 -0.187 0. 6.812 0.187 0.982 0. 0.996 0. 0. 1. 0.
0.982 -0.186 0. 7.946 0.186 0.982 0. 1.215 0. 0. 1. 0.
0.983 -0.184 0. 9.127 0.184 0.983 0. 1.429 0. 0. 1. 0.
0.983 -0.183 0. 10.390 0.183 0.983 0. 1.643 0. 0. 1. 0.
0.984 -0.180 0. 11.725 0.180 0.984 0. 1.887 0. 0. 1. 0.
0.985 -0.175 0. 13.188 0.175 0.985 0. 2.133 0. 0. 1. 0.
0.985 -0.172 0. 14.688 0.172 0.985 0. 2.368 0. 0. 1. 0.
0.986 -0.165 0. 16.220 0.165 0.986 0. 2.615 0. 0. 1. 0.
0.987 -0.158 0. 17.846 0.158 0.987 0. 2.844 0. 0. 1. 0.
0.989 -0.149 0. 19.485 0.149 0.989 0. 3.101 0. 0. 1. 0.
0.990 -0.140 0. 21.209 0.140 0.990 0. 3.323 0. 0. 1. 0.
0.992 -0.126 0. 22.965 0.126 0.992 0. 3.555 0. 0. 1. 0.
0.994 -0.111 0. 24.751 0.111 0.994 0. 3.728 0. 0. 1. 0.
0.995 -0.096 0. 26.559 0.096 0.995 0. 3.877 0. 0. 1. 0.
0.996 -0.084 0. 28.453 0.084 0.996 0. 4.010 0. 0. 1. 0.
0.998 -0.070 0. 30.335 0.070 0.998 0. 4.118 0. 0. 1. 0.
0.998 -0.056 0. 32.262 0.056 0.998 0. 4.242 0. 0. 1. 0.
0.999 -0.041 0. 34.204 0.041 0.999 0. 4.325 0. 0. 1. 0.
1.000 -0.027 0. 36.150 0.027 1.000 0. 4.351 0. 0. 1. 0.
1.000 -0.018 0. 38.126 0.018 1.000 0. 4.350 0. 0. 1. 0.
1. -0.008 0. 40.164 0.008 1. 0. 4.387 0. 0. 1. 0.
1. -0.001 0. 42.200 0.001 1. 0. 4.357 0. 0. 1. 0.
1. 0.003 0. 44.278 -0.003 1. 0. 4.350 0. 0. 1. 0.
1. 0.006 0. 46.383 -0.006 1. 0. 4.283 0. 0. 1. 0.
1. 0.012 0. 48.487 -0.012 1. 0. 4.269 0. 0. 1. 0.
1.000 0.017 0. 50.610 -0.017 1.000 0. 4.198 0. 0. 1. 0.
1.000 0.025 0. 52.764 -0.025 1.000 0. 4.098 0. 0. 1. 0.
0.999 0.033 0. 54.884 -0.033 0.999 0. 4.037 0. 0. 1. 0.
0.999 0.037 0. 57. -0.037 0.999 0. 3.925 0. 0. 1. 0.
0.999 0.035 0. 59.168 -0.035 0.999 0. 3.821 0. 0. 1. 0.
1.000 0.029 0. 61.351 -0.029 1.000 0. 3.744 0. 0. 1. 0.
1.000 0.022 0. 63.544 -0.022 1.000 0. 3.646 0. 0. 1. 0.
1. 0.008 0. 65.737 -0.008 1. 0. 3.614 0. 0. 1. 0.
1. -0.008 0. 67.945 0.008 1. 0. 3.600 0. 0. 1. 0.
1.000 -0.026 0. 70.242 0.026 1.000 0. 3.617 0. 0. 1. 0.
0.999 -0.042 0. 72.453 0.042 0.999 0. 3.772 0. 0. 1. 0.
0.998 -0.062 0. 74.623 0.062 0.998 0. 3.899 0. 0. 1. 0.
0.997 -0.078 0. 76.919 0.078 0.997 0. 4.006 0. 0. 1. 0.
0.996 -0.089 0. 79.012 0.089 0.996 0. 4.185 0. 0. 1. 0.
0.995 -0.097 0. 81.224 0.097 0.995 0. 4.351 0. 0. 1. 0.
0.995 -0.102 0. 83.431 0.102 0.995 0. 4.591 0. 0. 1. 0.
0.995 -0.103 0. 85.656 0.103 0.995 0. 4.814 0. 0. 1. 0.
0.995 -0.105 0. 87.846 0.105 0.995 0. 5.047 0. 0. 1. 0.
0.995 -0.103 0. 90.012 0.103 0.995 0. 5.241 0. 0. 1. 0.
0.995 -0.101 0. 92.235 0.101 0.995 0. 5.438 0. 0. 1. 0.
0.995 -0.096 0. 94.452 0.096 0.995 0. 5.639 0. 0. 1. 0.
0.996 -0.092 0. 96.719 0.092 0.996 0. 5.801 0. 0. 1. 0.
0.996 -0.093 0. 98.954 0.093 0.996 0. 6.038 0. 0. 1. 0.
0.995 -0.096 0. 101.191 0.096 0.995 0. 6.258 0. 0. 1. 0.
0.996 -0.092 0. 103.409 0.092 0.996 0. 6.495 0. 0. 1. 0.
0.997 -0.082 0. 105.673 0.082 0.997 0. 6.651 0. 0. 1. 0.
0.998 -0.070 0. 107.951 0.070 0.998 0. 6.802 0. 0. 1. 0.
0.998 -0.056 0. 110.261 0.056 0.998 0. 6.942 0. 0. 1. 0.
0.999 -0.045 0. 112.587 0.045 0.999 0. 7.030 0. 0. 1. 0.
0.999 -0.035 0. 114.930 0.035 0.999 0. 7.061 0. 0. 1. 0.
1.000 -0.031 0. 117.312 0.031 1.000 0. 7.106 0. 0. 1. 0.
0.999 -0.032 0. 119.777 0.032 0.999 0. 7.155 0. 0. 1. 0.
1.000 -0.029 0. 122.210 0.029 1.000 0. 7.245 0. 0. 1. 0.
1.000 -0.027 0. 124.636 0.027 1.000 0. 7.294 0. 0. 1. 0.
1.000 -0.030 0. 127.089 0.030 1.000 0. 7.353 0. 0. 1. 0.
0.999 -0.032 0. 129.508 0.032 0.999 0. 7.426 0. 0. 1. 0.
0.999 -0.033 0. 131.917 0.033 0.999 0. 7.523 0. 0. 1. 0.
0.999 -0.035 0. 134.299 0.035 0.999 0. 7.623 0. 0. 1. 0.
0.999 -0.038 0. 136.692 0.038 0.999 0. 7.657 0. 0. 1. 0.
0.999 -0.041 0. 139.077 0.041 0.999 0. 7.708 0. 0. 1. 0.
0.999 -0.042 0. 141.444 0.042 0.999 0. 7.793 0. 0. 1. 0.
0.999 -0.045 0. 143.798 0.045 0.999 0. 7.864 0. 0. 1. 0.
0.999 -0.049 0. 146.195 0.049 0.999 0. 7.977 0. 0. 1. 0.
0.999 -0.050 0. 148.570 0.050 0.999 0. 8.078 0. 0. 1. 0.
0.999 -0.050 0. 150.949 0.050 0.999 0. 8.192 0. 0. 1. 0.
0.999 -0.049 0. 153.309 0.049 0.999 0. 8.238 0. 0. 1. 0.
0.999 -0.048 0. 155.681 0.048 0.999 0. 8.342 0. 0. 1. 0.
0.999 -0.049 0. 158.075 0.049 0.999 0. 8.425 0. 0. 1. 0.
0.999 -0.049 0. 160.419 0.049 0.999 0. 8.482 0. 0. 1. 0.
0.999 -0.049 0. 162.778 0.049 0.999 0. 8.585 0. 0. 1. 0.
0.999 -0.053 0. 165.115 0.053 0.999 0. 8.736 0. 0. 1. 0.
0.998 -0.056 0. 167.431 0.056 0.998 0. 8.815 0. 0. 1. 0.
0.998 -0.057 0. 169.741 0.057 0.998 0. 8.895 0. 0. 1. 0.
0.998 -0.059 0. 171.998 0.059 0.998 0. 9.071 0. 0. 1. 0.
0.998 -0.060 0. 174.232 0.060 0.998 0. 9.179 0. 0. 1. 0.
0.998 -0.063 0. 176.418 0.063 0.998 0. 9.314 0. 0. 1. 0.
0.998 -0.067 0. 178.607 0.067 0.998 0. 9.464 0. 0. 1. 0.
0.998 -0.070 0. 180.776 0.070 0.998 0. 9.624 0. 0. 1. 0.
0.997 -0.073 0. 182.923 0.073 0.997 0. 9.783 0. 0. 1. 0.
0.997 -0.075 0. 185.099 0.075 0.997 0. 9.952 0. 0. 1. 0.
0.997 -0.076 0. 187.202 0.076 0.997 0. 10.104 0. 0. 1. 0.
0.997 -0.080 0. 189.308 0.080 0.997 0. 10.253 0. 0. 1. 0.
0.996 -0.086 0. 191.437 0.086 0.996 0. 10.430 0. 0. 1. 0.
0.996 -0.092 0. 193.556 0.092 0.996 0. 10.612 0. 0. 1. 0.
0.995 -0.102 0. 195.607 0.102 0.995 0. 10.779 0. 0. 1. 0.
0.994 -0.110 0. 197.677 0.110 0.994 0. 10.987 0. 0. 1. 0.
0.993 -0.118 0. 199.748 0.118 0.993 0. 11.185 0. 0. 1. 0.
0.992 -0.125 0. 201.822 0.125 0.992 0. 11.467 0. 0. 1. 0.
0.991 -0.132 0. 203.867 0.132 0.991 0. 11.741 0. 0. 1. 0.
0.990 -0.138 0. 205.849 0.138 0.990 0. 12.005 0. 0. 1. 0.
0.989 -0.145 0. 207.879 0.145 0.989 0. 12.287 0. 0. 1. 0.
0.988 -0.153 0. 209.918 0.153 0.988 0. 12.596 0. 0. 1. 0.
0.987 -0.159 0. 212.018 0.159 0.987 0. 12.892 0. 0. 1. 0.
0.987 -0.160 0. 214.018 0.160 0.987 0. 13.272 0. 0. 1. 0.
0.987 -0.159 0. 216.074 0.159 0.987 0. 13.629 0. 0. 1. 0.
0.988 -0.157 0. 218.160 0.157 0.988 0. 13.941 0. 0. 1. 0.
0.988 -0.155 0. 220.194 0.155 0.988 0. 14.229 0. 0. 1. 0.
0.988 -0.156 0. 222.215 0.156 0.988 0. 14.547 0. 0. 1. 0.
0.988 -0.157 0. 224.247 0.157 0.988 0. 14.864 0. 0. 1. 0.
0.987 -0.158 0. 226.271 0.158 0.987 0. 15.136 0. 0. 1. 0.
0.987 -0.159 0. 228.279 0.159 0.987 0. 15.478 0. 0. 1. 0.
0.987 -0.160 0. 230.281 0.160 0.987 0. 15.793 0. 0. 1. 0.
0.987 -0.163 0. 232.294 0.163 0.987 0. 16.116 0. 0. 1. 0.
0.986 -0.166 0. 234.264 0.166 0.986 0. 16.407 0. 0. 1. 0.
0.986 -0.168 0. 236.225 0.168 0.986 0. 16.718 0. 0. 1. 0.
0.985 -0.170 0. 238.172 0.170 0.985 0. 17.057 0. 0. 1. 0.
0.985 -0.175 0. 240.126 0.175 0.985 0. 17.432 0. 0. 1. 0.
0.984 -0.177 0. 242.066 0.177 0.984 0. 17.765 0. 0. 1. 0.
0.984 -0.178 0. 243.911 0.178 0.984 0. 18.104 0. 0. 1. 0.
0.984 -0.181 0. 245.789 0.181 0.984 0. 18.454 0. 0. 1. 0.
0.983 -0.183 0. 247.650 0.183 0.983 0. 18.830 0. 0. 1. 0.
0.983 -0.185 0. 249.556 0.185 0.983 0. 19.189 0. 0. 1. 0.
0.982 -0.187 0. 251.426 0.187 0.982 0. 19.491 0. 0. 1. 0.
0.982 -0.189 0. 253.268 0.189 0.982 0. 19.814 0. 0. 1. 0.
0.981 -0.191 0. 255.133 0.191 0.981 0. 20.218 0. 0. 1. 0.
0.981 -0.193 0. 257.054 0.193 0.981 0. 20.554 0. 0. 1. 0.
0.981 -0.194 0. 258.888 0.194 0.981 0. 20.909 0. 0. 1. 0.
0.981 -0.194 0. 260.697 0.194 0.981 0. 21.233 0. 0. 1. 0.
0.981 -0.195 0. 262.511 0.195 0.981 0. 21.542 0. 0. 1. 0.
0.981 -0.196 0. 264.299 0.196 0.981 0. 21.919 0. 0. 1. 0.
0.981 -0.195 0. 266.129 0.195 0.981 0. 22.244 0. 0. 1. 0.
0.981 -0.193 0. 267.945 0.193 0.981 0. 22.561 0. 0. 1. 0.
0.982 -0.190 0. 269.736 0.190 0.982 0. 22.958 0. 0. 1. 0.
0.983 -0.185 0. 271.564 0.185 0.983 0. 23.256 0. 0. 1. 0.
0.984 -0.178 0. 273.388 0.178 0.984 0. 23.648 0. 0. 1. 0.
0.985 -0.175 0. 275.224 0.175 0.985 0. 23.882 0. 0. 1. 0.
0.986 -0.169 0. 277.053 0.169 0.986 0. 24.212 0. 0. 1. 0.
0.987 -0.163 0. 278.938 0.163 0.987 0. 24.524 0. 0. 1. 0.
0.987 -0.159 0. 280.788 0.159 0.987 0. 24.819 0. 0. 1. 0.
0.988 -0.154 0. 282.679 0.154 0.988 0. 25.060 0. 0. 1. 0.
0.989 -0.147 0. 284.556 0.147 0.989 0. 25.293 0. 0. 1. 0.
0.990 -0.143 0. 286.441 0.143 0.990 0. 25.559 0. 0. 1. 0.
0.990 -0.140 0. 288.305 0.140 0.990 0. 25.837 0. 0. 1. 0.
0.991 -0.137 0. 290.206 0.137 0.991 0. 26.032 0. 0. 1. 0.
0.991 -0.133 0. 292.110 0.133 0.991 0. 26.274 0. 0. 1. 0.
0.992 -0.127 0. 294.063 0.127 0.992 0. 26.486 0. 0. 1. 0.
0.993 -0.121 0. 296.047 0.121 0.993 0. 26.737 0. 0. 1. 0.
0.993 -0.118 0. 298.058 0.118 0.993 0. 26.897 0. 0. 1. 0.
0.993 -0.114 0. 300.075 0.114 0.993 0. 27.110 0. 0. 1. 0.
0.994 -0.109 0. 302.142 0.109 0.994 0. 27.352 0. 0. 1. 0.
0.994 -0.108 0. 304.224 0.108 0.994 0. 27.534 0. 0. 1. 0.
0.995 -0.105 0. 306.283 0.105 0.995 0. 27.759 0. 0. 1. 0.
0.994 -0.107 0. 308.342 0.107 0.994 0. 27.956 0. 0. 1. 0.
0.994 -0.108 0. 310.488 0.108 0.994 0. 28.185 0. 0. 1. 0.
0.994 -0.109 0. 312.579 0.109 0.994 0. 28.426 0. 0. 1. 0.
0.994 -0.108 0. 314.697 0.108 0.994 0. 28.627 0. 0. 1. 0.
0.995 -0.104 0. 316.808 0.104 0.995 0. 28.803 0. 0. 1. 0.
0.995 -0.102 0. 318.922 0.102 0.995 0. 28.981 0. 0. 1. 0.
0.995 -0.101 0. 320.986 0.101 0.995 0. 29.235 0. 0. 1. 0.
0.995 -0.095 0. 323.047 0.095 0.995 0. 29.407 0. 0. 1. 0.
0.996 -0.086 0. 325.109 0.086 0.996 0. 29.576 0. 0. 1. 0.
0.997 -0.075 0. 327.193 0.075 0.997 0. 29.718 0. 0. 1. 0.
0.998 -0.065 0. 329.250 0.065 0.998 0. 29.781 0. 0. 1. 0.
0.998 -0.055 0. 331.342 0.055 0.998 0. 29.877 0. 0. 1. 0.
0.999 -0.044 0. 333.501 0.044 0.999 0. 29.968 0. 0. 1. 0.
0.999 -0.034 0. 335.607 0.034 0.999 0. 29.981 0. 0. 1. 0.
1.000 -0.026 0. 337.725 0.026 1.000 0. 30.027 0. 0. 1. 0.
1.000 -0.017 0. 339.847 0.017 1.000 0. 30.042 0. 0. 1. 0.
1. -0.013 0. 342.015 0.013 1. 0. 30.044 0. 0. 1. 0.
1. -0.010 0. 344.154 0.010 1. 0. 30.080 0. 0. 1. 0.
1. -0.006 0. 346.315 0.006 1. 0. 30.088 0. 0. 1. 0.
1. -0.005 0. 348.459 0.005 1. 0. 30.080 0. 0. 1. 0.
1. -0.005 0. 350.660 0.005 1. 0. 30.063 0. 0. 1. 0.
1. -0.005 0. 352.831 0.005 1. 0. 30.112 0. 0. 1. 0.
1. -0.007 0. 354.995 0.007 1. 0. 30.125 0. 0. 1. 0.
1. -0.007 0. 357.174 0.007 1. 0. 30.145 0. 0. 1. 0.
1. -0.010 0. 359.336 0.010 1. 0. 30.141 0. 0. 1. 0.
1. -0.013 0. 361.536 0.013 1. 0. 30.165 0. 0. 1. 0.
1.000 -0.016 0. 363.695 0.016 1.000 0. 30.179 0. 0. 1. 0.
1.000 -0.022 0. 365.924 0.022 1.000 0. 30.202 0. 0. 1. 0.
1.000 -0.026 0. 368.064 0.026 1.000 0. 30.264 0. 0. 1. 0.
1.000 -0.030 0. 370.291 0.030 1.000 0. 30.327 0. 0. 1. 0.
0.999 -0.036 0. 372.472 0.036 0.999 0. 30.438 0. 0. 1. 0.
0.999 -0.039 0. 374.651 0.039 0.999 0. 30.489 0. 0. 1. 0.
0.999 -0.044 0. 376.864 0.044 0.999 0. 30.558 0. 0. 1. 0.
0.999 -0.047 0. 379.055 0.047 0.999 0. 30.661 0. 0. 1. 0.
0.999 -0.052 0. 381.243 0.052 0.999 0. 30.718 0. 0. 1. 0.
0.998 -0.058 0. 383.399 0.058 0.998 0. 30.845 0. 0. 1. 0.
0.998 -0.058 0. 385.519 0.058 0.998 0. 30.930 0. 0. 1. 0.
0.998 -0.056 0. 387.659 0.056 0.998 0. 31.066 0. 0. 1. 0.
0.998 -0.056 0. 389.776 0.056 0.998 0. 31.157 0. 0. 1. 0.
0.998 -0.056 0. 391.896 0.056 0.998 0. 31.254 0. 0. 1. 0.
0.998 -0.056 0. 393.982 0.056 0.998 0. 31.393 0. 0. 1. 0.
0.998 -0.057 0. 396.125 0.057 0.998 0. 31.489 0. 0. 1. 0.
0.998 -0.058 0. 398.248 0.058 0.998 0. 31.583 0. 0. 1. 0.
0.998 -0.061 0. 400.357 0.061 0.998 0. 31.692 0. 0. 1. 0.
0.998 -0.063 0. 402.426 0.063 0.998 0. 31.815 0. 0. 1. 0.
0.998 -0.067 0. 404.475 0.067 0.998 0. 31.917 0. 0. 1. 0.
0.998 -0.069 0. 406.500 0.069 0.998 0. 32.066 0. 0. 1. 0.
0.997 -0.072 0. 408.535 0.072 0.997 0. 32.188 0. 0. 1. 0.
0.997 -0.073 0. 410.537 0.073 0.997 0. 32.321 0. 0. 1. 0.
0.997 -0.075 0. 412.522 0.075 0.997 0. 32.452 0. 0. 1. 0.
0.997 -0.076 0. 414.474 0.076 0.997 0. 32.555 0. 0. 1. 0.
0.997 -0.077 0. 416.399 0.077 0.997 0. 32.720 0. 0. 1. 0.
0.997 -0.077 0. 418.219 0.077 0.997 0. 32.890 0. 0. 1. 0.
0.997 -0.076 0. 419.994 0.076 0.997 0. 33.000 0. 0. 1. 0.
0.997 -0.074 0. 421.719 0.074 0.997 0. 33.071 0. 0. 1. 0.
0.997 -0.072 0. 423.382 0.072 0.997 0. 33.199 0. 0. 1. 0.
0.997 -0.074 0. 425.014 0.074 0.997 0. 33.334 0. 0. 1. 0.
0.997 -0.076 0. 426.549 0.076 0.997 0. 33.466 0. 0. 1. 0.
0.997 -0.076 0. 428.065 0.076 0.997 0. 33.508 0. 0. 1. 0.
0.997 -0.076 0. 429.531 0.076 0.997 0. 33.663 0. 0. 1. 0.
0.997 -0.074 0. 430.897 0.074 0.997 0. 33.727 0. 0. 1. 0.
0.997 -0.071 0. 432.169 0.071 0.997 0. 33.833 0. 0. 1. 0.
0.998 -0.068 0. 433.398 0.068 0.998 0. 33.875 0. 0. 1. 0.
0.998 -0.062 0. 434.532 0.062 0.998 0. 33.949 0. 0. 1. 0.
0.999 -0.052 0. 435.596 0.052 0.999 0. 33.940 0. 0. 1. 0.
0.999 -0.035 0. 436.565 0.035 0.999 0. 33.955 0. 0. 1. 0.
1. -0.002 0. 437.542 0.002 1. 0. 33.928 0. 0. 1. 0.
0.999 0.037 0. 438.535 -0.037 0.999 0. 33.790 0. 0. 1. 0.
0.997 0.080 0. 439.445 -0.080 0.997 0. 33.750 0. 0. 1. 0.
0.991 0.131 0. 440.370 -0.131 0.991 0. 33.620 0. 0. 1. 0.
0.982 0.190 0. 441.265 -0.190 0.982 0. 33.401 0. 0. 1. 0.
0.967 0.255 0. 442.153 -0.255 0.967 0. 33.122 0. 0. 1. 0.
0.946 0.325 0. 443.034 -0.325 0.946 0. 32.813 0. 0. 1. 0.
0.919 0.393 0. 443.827 -0.393 0.919 0. 32.368 0. 0. 1. 0.
0.887 0.463 0. 444.574 -0.463 0.887 0. 31.863 0. 0. 1. 0.
0.851 0.526 0. 445.268 -0.526 0.851 0. 31.349 0. 0. 1. 0.
0.811 0.585 0. 445.924 -0.585 0.811 0. 30.860 0. 0. 1. 0.
0.770 0.638 0. 446.418 -0.638 0.770 0. 30.355 0. 0. 1. 0.
0.726 0.687 0. 446.845 -0.687 0.726 0. 29.906 0. 0. 1. 0.
0.684 0.729 0. 447.166 -0.729 0.684 0. 29.447 0. 0. 1. 0.
0.647 0.762 0. 447.383 -0.762 0.647 0. 29.076 0. 0. 1. 0.
0.616 0.788 0. 447.565 -0.788 0.616 0. 28.779 0. 0. 1. 0.
0.595 0.804 0. 447.656 -0.804 0.595 0. 28.615 0. 0. 1. 0.
0.580 0.815 0. 447.689 -0.815 0.580 0. 28.476 0. 0. 1. 0.
0.568 0.823 0. 447.763 -0.823 0.568 0. 28.387 0. 0. 1. 0.
0.560 0.828 0. 447.780 -0.828 0.560 0. 28.329 0. 0. 1. 0.
0.556 0.831 0. 447.806 -0.831 0.556 0. 28.308 0. 0. 1. 0.
0.553 0.833 0. 447.811 -0.833 0.553 0. 28.267 0. 0. 1. 0.
0.550 0.835 0. 447.838 -0.835 0.550 0. 28.264 0. 0. 1. 0.
0.550 0.835 0. 447.840 -0.835 0.550 0. 28.247 0. 0. 1. 0.
0.549 0.836 0. 447.846 -0.836 0.549 0. 28.258 0. 0. 1. 0.
0.549 0.836 0. 447.830 -0.836 0.549 0. 28.264 0. 0. 1. 0.
0.549 0.836 0. 447.838 -0.836 0.549 0. 28.269 0. 0. 1. 0.
0.550 0.835 0. 447.834 -0.835 0.550 0. 28.273 0. 0. 1. 0.
0.550 0.835 0. 447.839 -0.835 0.550 0. 28.265 0. 0. 1. 0.
0.549 0.836 0. 447.828 -0.836 0.549 0. 28.255 0. 0. 1. 0.
0.549 0.836 0. 447.831 -0.836 0.549 0. 28.261 0. 0. 1. 0.
0.547 0.837 0. 447.836 -0.837 0.547 0. 28.250 0. 0. 1. 0.
0.541 0.841 0. 447.864 -0.841 0.541 0. 28.219 0. 0. 1. 0.
0.533 0.846 0. 447.922 -0.846 0.533 0. 28.139 0. 0. 1. 0.
0.522 0.853 0. 447.943 -0.853 0.522 0. 28.057 0. 0. 1. 0.
0.508 0.861 0. 447.998 -0.861 0.508 0. 27.936 0. 0. 1. 0.
0.489 0.872 0. 448.042 -0.872 0.489 0. 27.785 0. 0. 1. 0.
0.467 0.884 0. 448.095 -0.884 0.467 0. 27.625 0. 0. 1. 0.
0.436 0.900 0. 448.167 -0.900 0.436 0. 27.425 0. 0. 1. 0.
0.396 0.918 0. 448.254 -0.918 0.396 0. 27.183 0. 0. 1. 0.
0.346 0.938 0. 448.318 -0.938 0.346 0. 26.851 0. 0. 1. 0.
0.282 0.959 0. 448.369 -0.959 0.282 0. 26.435 0. 0. 1. 0.
0.206 0.978 0. 448.425 -0.978 0.206 0. 25.908 0. 0. 1. 0.
0.123 0.992 0. 448.461 -0.992 0.123 0. 25.359 0. 0. 1. 0.
0.029 1.000 0. 448.400 -1.000 0.029 0. 24.773 0. 0. 1. 0.
-0.071 0.998 0. 448.270 -0.998 -0.071 0. 24.122 0. 0. 1. 0.
-0.173 0.985 0. 448.093 -0.985 -0.173 0. 23.443 0. 0. 1. 0.
-0.276 0.961 0. 447.798 -0.961 -0.276 0. 22.680 0. 0. 1. 0.
-0.376 0.927 0. 447.369 -0.927 -0.376 0. 21.890 0. 0. 1. 0.
-0.471 0.882 0. 446.916 -0.882 -0.471 0. 21.120 0. 0. 1. 0.
-0.555 0.832 0. 446.295 -0.832 -0.555 0. 20.311 0. 0. 1. 0.
-0.629 0.777 0. 445.594 -0.777 -0.629 0. 19.502 0. 0. 1. 0.
-0.693 0.721 0. 444.742 -0.721 -0.693 0. 18.721 0. 0. 1. 0.
-0.746 0.666 0. 443.808 -0.666 -0.746 0. 17.929 0. 0. 1. 0.
-0.786 0.618 0. 442.787 -0.618 -0.786 0. 17.168 0. 0. 1. 0.
-0.815 0.579 0. 441.643 -0.579 -0.815 0. 16.412 0. 0. 1. 0.
-0.836 0.549 0. 440.443 -0.549 -0.836 0. 15.657 0. 0. 1. 0.
-0.849 0.528 0. 439.184 -0.528 -0.849 0. 14.976 0. 0. 1. 0.
-0.859 0.512 0. 437.836 -0.512 -0.859 0. 14.218 0. 0. 1. 0.
-0.865 0.501 0. 436.466 -0.501 -0.865 0. 13.454 0. 0. 1. 0.
-0.872 0.489 0. 435.044 -0.489 -0.872 0. 12.646 0. 0. 1. 0.
-0.876 0.483 0. 433.552 -0.483 -0.876 0. 11.873 0. 0. 1. 0.
-0.879 0.477 0. 431.987 -0.477 -0.879 0. 11.075 0. 0. 1. 0.
-0.881 0.474 0. 430.385 -0.474 -0.881 0. 10.220 0. 0. 1. 0.
-0.880 0.475 0. 428.790 -0.475 -0.880 0. 9.346 0. 0. 1. 0.
-0.881 0.474 0. 427.118 -0.474 -0.881 0. 8.490 0. 0. 1. 0.
-0.880 0.474 0. 425.448 -0.474 -0.880 0. 7.599 0. 0. 1. 0.
-0.881 0.472 0. 423.702 -0.472 -0.881 0. 6.706 0. 0. 1. 0.
-0.882 0.472 0. 421.957 -0.472 -0.882 0. 5.751 0. 0. 1. 0.
-0.882 0.471 0. 420.202 -0.471 -0.882 0. 4.843 0. 0. 1. 0.
-0.883 0.469 0. 418.418 -0.469 -0.883 0. 3.944 0. 0. 1. 0.
-0.885 0.466 0. 416.617 -0.466 -0.885 0. 2.986 0. 0. 1. 0.
-0.887 0.462 0. 414.866 -0.462 -0.887 0. 2.027 0. 0. 1. 0.
-0.889 0.458 0. 413.040 -0.458 -0.889 0. 1.170 0. 0. 1. 0.
-0.891 0.454 0. 411.278 -0.454 -0.891 0. 0.223 0. 0. 1. 0.
-0.893 0.451 0. 409.471 -0.451 -0.893 0. -0.682 0. 0. 1. 0.
-0.894 0.448 0. 407.734 -0.448 -0.894 0. -1.580 0. 0. 1. 0.
-0.895 0.447 0. 405.978 -0.447 -0.895 0. -2.420 0. 0. 1. 0.
-0.894 0.448 0. 404.248 -0.448 -0.894 0. -3.288 0. 0. 1. 0.
-0.893 0.451 0. 402.547 -0.451 -0.893 0. -4.103 0. 0. 1. 0.
-0.892 0.453 0. 400.883 -0.453 -0.892 0. -4.957 0. 0. 1. 0.
-0.890 0.456 0. 399.256 -0.456 -0.890 0. -5.762 0. 0. 1. 0.
-0.889 0.457 0. 397.711 -0.457 -0.889 0. -6.592 0. 0. 1. 0.
-0.889 0.459 0. 396.179 -0.459 -0.889 0. -7.326 0. 0. 1. 0.
-0.888 0.460 0. 394.734 -0.460 -0.888 0. -8.044 0. 0. 1. 0.
-0.889 0.458 0. 393.346 -0.458 -0.889 0. -8.782 0. 0. 1. 0.
-0.888 0.460 0. 392.006 -0.460 -0.888 0. -9.482 0. 0. 1. 0.
-0.888 0.460 0. 390.719 -0.460 -0.888 0. -10.129 0. 0. 1. 0.
-0.889 0.459 0. 389.520 -0.459 -0.889 0. -10.741 0. 0. 1. 0.
-0.889 0.458 0. 388.425 -0.458 -0.889 0. -11.329 0. 0. 1. 0.
-0.890 0.457 0. 387.366 -0.457 -0.890 0. -11.873 0. 0. 1. 0.
-0.890 0.457 0. 386.441 -0.457 -0.890 0. -12.403 0. 0. 1. 0.
-0.890 0.456 0. 385.480 -0.456 -0.890 0. -12.780 0. 0. 1. 0.
-0.890 0.457 0. 384.693 -0.457 -0.890 0. -13.244 0. 0. 1. 0.
-0.891 0.455 0. 383.896 -0.455 -0.891 0. -13.623 0. 0. 1. 0.
-0.891 0.453 0. 383.206 -0.453 -0.891 0. -13.953 0. 0. 1. 0.
-0.892 0.451 0. 382.594 -0.451 -0.892 0. -14.278 0. 0. 1. 0.
-0.893 0.450 0. 381.962 -0.450 -0.893 0. -14.542 0. 0. 1. 0.
-0.893 0.450 0. 381.425 -0.450 -0.893 0. -14.837 0. 0. 1. 0.
-0.894 0.449 0. 380.943 -0.449 -0.894 0. -15.105 0. 0. 1. 0.
-0.895 0.447 0. 380.414 -0.447 -0.895 0. -15.345 0. 0. 1. 0.
-0.895 0.447 0. 379.935 -0.447 -0.895 0. -15.577 0. 0. 1. 0.
-0.895 0.446 0. 379.473 -0.446 -0.895 0. -15.826 0. 0. 1. 0.
-0.895 0.445 0. 379.003 -0.445 -0.895 0. -16.060 0. 0. 1. 0.
-0.896 0.444 0. 378.485 -0.444 -0.896 0. -16.302 0. 0. 1. 0.
-0.897 0.442 0. 377.916 -0.442 -0.897 0. -16.542 0. 0. 1. 0.
-0.896 0.445 0. 377.335 -0.445 -0.896 0. -16.812 0. 0. 1. 0.
-0.897 0.442 0. 376.688 -0.442 -0.897 0. -17.120 0. 0. 1. 0.
-0.898 0.440 0. 375.975 -0.440 -0.898 0. -17.489 0. 0. 1. 0.
-0.898 0.439 0. 375.226 -0.439 -0.898 0. -17.838 0. 0. 1. 0.
-0.899 0.438 0. 374.432 -0.438 -0.899 0. -18.251 0. 0. 1. 0.
-0.899 0.438 0. 373.582 -0.438 -0.899 0. -18.647 0. 0. 1. 0.
-0.899 0.437 0. 372.699 -0.437 -0.899 0. -19.077 0. 0. 1. 0.
-0.901 0.435 0. 371.738 -0.435 -0.901 0. -19.552 0. 0. 1. 0.
-0.900 0.436 0. 370.728 -0.436 -0.900 0. -20.003 0. 0. 1. 0.
-0.900 0.436 0. 369.691 -0.436 -0.900 0. -20.539 0. 0. 1. 0.
-0.901 0.434 0. 368.564 -0.434 -0.901 0. -21.041 0. 0. 1. 0.
-0.902 0.432 0. 367.435 -0.432 -0.902 0. -21.606 0. 0. 1. 0.
-0.902 0.431 0. 366.227 -0.431 -0.902 0. -22.148 0. 0. 1. 0.
-0.903 0.430 0. 365.016 -0.430 -0.903 0. -22.745 0. 0. 1. 0.
-0.903 0.429 0. 363.703 -0.429 -0.903 0. -23.309 0. 0. 1. 0.
-0.904 0.428 0. 362.397 -0.428 -0.904 0. -23.946 0. 0. 1. 0.
-0.905 0.426 0. 360.986 -0.426 -0.905 0. -24.593 0. 0. 1. 0.
-0.906 0.424 0. 359.545 -0.424 -0.906 0. -25.243 0. 0. 1. 0.
-0.907 0.422 0. 358.077 -0.422 -0.907 0. -25.895 0. 0. 1. 0.
-0.907 0.420 0. 356.605 -0.420 -0.907 0. -26.632 0. 0. 1. 0.
-0.908 0.419 0. 355.012 -0.419 -0.908 0. -27.366 0. 0. 1. 0.
-0.909 0.418 0. 353.435 -0.418 -0.909 0. -28.018 0. 0. 1. 0.
-0.910 0.415 0. 351.806 -0.415 -0.910 0. -28.770 0. 0. 1. 0.
-0.911 0.411 0. 350.129 -0.411 -0.911 0. -29.484 0. 0. 1. 0.
-0.914 0.406 0. 348.397 -0.406 -0.914 0. -30.227 0. 0. 1. 0.
-0.917 0.400 0. 346.672 -0.400 -0.917 0. -30.962 0. 0. 1. 0.
-0.919 0.393 0. 344.840 -0.393 -0.919 0. -31.695 0. 0. 1. 0.
-0.923 0.384 0. 343.048 -0.384 -0.923 0. -32.449 0. 0. 1. 0.
-0.926 0.378 0. 341.167 -0.378 -0.926 0. -33.160 0. 0. 1. 0.
-0.929 0.371 0. 339.289 -0.371 -0.929 0. -33.944 0. 0. 1. 0.
-0.932 0.364 0. 337.400 -0.364 -0.932 0. -34.678 0. 0. 1. 0.
-0.934 0.358 0. 335.443 -0.358 -0.934 0. -35.346 0. 0. 1. 0.
-0.937 0.349 0. 333.503 -0.349 -0.937 0. -36.120 0. 0. 1. 0.
-0.940 0.342 0. 331.479 -0.342 -0.940 0. -36.845 0. 0. 1. 0.
-0.940 0.340 0. 329.446 -0.340 -0.940 0. -37.533 0. 0. 1. 0.
-0.941 0.340 0. 327.418 -0.340 -0.941 0. -38.209 0. 0. 1. 0.
-0.940 0.341 0. 325.385 -0.341 -0.940 0. -38.964 0. 0. 1. 0.
-0.941 0.339 0. 323.296 -0.339 -0.941 0. -39.704 0. 0. 1. 0.
-0.941 0.339 0. 321.266 -0.339 -0.941 0. -40.428 0. 0. 1. 0.
-0.941 0.338 0. 319.173 -0.338 -0.941 0. -41.141 0. 0. 1. 0.
-0.941 0.338 0. 317.102 -0.338 -0.941 0. -41.888 0. 0. 1. 0.
-0.941 0.339 0. 315.027 -0.339 -0.941 0. -42.584 0. 0. 1. 0.
-0.940 0.340 0. 312.936 -0.340 -0.940 0. -43.305 0. 0. 1. 0.
-0.939 0.343 0. 310.830 -0.343 -0.939 0. -44.070 0. 0. 1. 0.
-0.938 0.346 0. 308.739 -0.346 -0.938 0. -44.879 0. 0. 1. 0.
-0.937 0.349 0. 306.609 -0.349 -0.937 0. -45.661 0. 0. 1. 0.
-0.936 0.353 0. 304.474 -0.353 -0.936 0. -46.406 0. 0. 1. 0.
-0.934 0.357 0. 302.310 -0.357 -0.934 0. -47.180 0. 0. 1. 0.
-0.933 0.361 0. 300.191 -0.361 -0.933 0. -48.001 0. 0. 1. 0.
-0.931 0.364 0. 298.015 -0.364 -0.931 0. -48.809 0. 0. 1. 0.
-0.929 0.369 0. 295.837 -0.369 -0.929 0. -49.664 0. 0. 1. 0.
-0.928 0.372 0. 293.670 -0.372 -0.928 0. -50.517 0. 0. 1. 0.
-0.927 0.375 0. 291.486 -0.375 -0.927 0. -51.368 0. 0. 1. 0.
-0.926 0.378 0. 289.270 -0.378 -0.926 0. -52.280 0. 0. 1. 0.
-0.925 0.381 0. 287.054 -0.381 -0.925 0. -53.214 0. 0. 1. 0.
-0.924 0.382 0. 284.853 -0.382 -0.924 0. -54.131 0. 0. 1. 0.
-0.924 0.382 0. 282.596 -0.382 -0.924 0. -55.065 0. 0. 1. 0.
-0.923 0.384 0. 280.379 -0.384 -0.923 0. -56.032 0. 0. 1. 0.
-0.923 0.386 0. 278.081 -0.386 -0.923 0. -56.945 0. 0. 1. 0.
-0.921 0.389 0. 275.765 -0.389 -0.921 0. -57.875 0. 0. 1. 0.
-0.919 0.394 0. 273.396 -0.394 -0.919 0. -58.871 0. 0. 1. 0.
-0.918 0.396 0. 271.046 -0.396 -0.918 0. -59.846 0. 0. 1. 0.
-0.917 0.398 0. 268.661 -0.398 -0.917 0. -60.824 0. 0. 1. 0.
-0.916 0.402 0. 266.202 -0.402 -0.916 0. -61.817 0. 0. 1. 0.
-0.916 0.402 0. 263.799 -0.402 -0.916 0. -62.815 0. 0. 1. 0.
-0.914 0.405 0. 261.412 -0.405 -0.914 0. -63.917 0. 0. 1. 0.
-0.914 0.406 0. 259.004 -0.406 -0.914 0. -64.942 0. 0. 1. 0.
-0.913 0.409 0. 256.678 -0.409 -0.913 0. -65.923 0. 0. 1. 0.
-0.912 0.411 0. 254.329 -0.411 -0.912 0. -66.991 0. 0. 1. 0.
-0.912 0.410 0. 252.032 -0.410 -0.912 0. -67.972 0. 0. 1. 0.
-0.912 0.410 0. 249.745 -0.410 -0.912 0. -68.973 0. 0. 1. 0.
-0.911 0.413 0. 247.474 -0.413 -0.911 0. -69.986 0. 0. 1. 0.
-0.910 0.415 0. 245.255 -0.415 -0.910 0. -70.956 0. 0. 1. 0.
-0.908 0.420 0. 243.007 -0.420 -0.908 0. -71.938 0. 0. 1. 0.
-0.905 0.425 0. 240.819 -0.425 -0.905 0. -72.978 0. 0. 1. 0.
-0.904 0.428 0. 238.674 -0.428 -0.904 0. -73.926 0. 0. 1. 0.
-0.904 0.427 0. 236.559 -0.427 -0.904 0. -74.950 0. 0. 1. 0.
-0.904 0.427 0. 234.383 -0.427 -0.904 0. -75.963 0. 0. 1. 0.
-0.905 0.425 0. 232.273 -0.425 -0.905 0. -76.951 0. 0. 1. 0.
-0.905 0.424 0. 230.175 -0.424 -0.905 0. -77.937 0. 0. 1. 0.
-0.907 0.420 0. 228.048 -0.420 -0.907 0. -78.951 0. 0. 1. 0.
-0.908 0.419 0. 225.961 -0.419 -0.908 0. -79.894 0. 0. 1. 0.
-0.909 0.417 0. 223.860 -0.417 -0.909 0. -80.881 0. 0. 1. 0.
-0.911 0.412 0. 221.782 -0.412 -0.911 0. -81.771 0. 0. 1. 0.
-0.912 0.410 0. 219.725 -0.410 -0.912 0. -82.748 0. 0. 1. 0.
-0.912 0.410 0. 217.646 -0.410 -0.912 0. -83.626 0. 0. 1. 0.
-0.912 0.409 0. 215.557 -0.409 -0.912 0. -84.611 0. 0. 1. 0.
-0.913 0.408 0. 213.423 -0.408 -0.913 0. -85.544 0. 0. 1. 0.
-0.915 0.404 0. 211.310 -0.404 -0.915 0. -86.474 0. 0. 1. 0.
-0.914 0.405 0. 209.169 -0.405 -0.914 0. -87.337 0. 0. 1. 0.
-0.914 0.405 0. 207.076 -0.405 -0.914 0. -88.319 0. 0. 1. 0.
-0.914 0.405 0. 204.952 -0.405 -0.914 0. -89.273 0. 0. 1. 0.
-0.914 0.406 0. 202.781 -0.406 -0.914 0. -90.158 0. 0. 1. 0.
-0.915 0.405 0. 200.670 -0.405 -0.915 0. -91.077 0. 0. 1. 0.
-0.916 0.402 0. 198.588 -0.402 -0.916 0. -92.014 0. 0. 1. 0.
-0.916 0.402 0. 196.441 -0.402 -0.916 0. -92.883 0. 0. 1. 0.
-0.916 0.401 0. 194.320 -0.401 -0.916 0. -93.823 0. 0. 1. 0.
-0.917 0.399 0. 192.200 -0.399 -0.917 0. -94.757 0. 0. 1. 0.
-0.916 0.401 0. 190.034 -0.401 -0.916 0. -95.653 0. 0. 1. 0.
-0.916 0.401 0. 187.901 -0.401 -0.916 0. -96.614 0. 0. 1. 0.
-0.916 0.401 0. 185.783 -0.401 -0.916 0. -97.463 0. 0. 1. 0.
-0.916 0.402 0. 183.712 -0.402 -0.916 0. -98.387 0. 0. 1. 0.
-0.916 0.402 0. 181.636 -0.402 -0.916 0. -99.290 0. 0. 1. 0.
-0.915 0.403 0. 179.569 -0.403 -0.915 0. -100.211 0. 0. 1. 0.
-0.915 0.405 0. 177.561 -0.405 -0.915 0. -101.133 0. 0. 1. 0.
-0.913 0.409 0. 175.540 -0.409 -0.913 0. -102.033 0. 0. 1. 0.
-0.912 0.411 0. 173.508 -0.411 -0.912 0. -102.914 0. 0. 1. 0.
-0.910 0.415 0. 171.544 -0.415 -0.910 0. -103.754 0. 0. 1. 0.
-0.909 0.417 0. 169.547 -0.417 -0.909 0. -104.712 0. 0. 1. 0.
-0.909 0.416 0. 167.602 -0.416 -0.909 0. -105.613 0. 0. 1. 0.
-0.909 0.417 0. 165.691 -0.417 -0.909 0. -106.511 0. 0. 1. 0.
-0.909 0.416 0. 163.775 -0.416 -0.909 0. -107.369 0. 0. 1. 0.
-0.910 0.416 0. 161.914 -0.416 -0.910 0. -108.203 0. 0. 1. 0.
-0.910 0.415 0. 160.120 -0.415 -0.910 0. -109.005 0. 0. 1. 0.
-0.910 0.415 0. 158.342 -0.415 -0.910 0. -109.727 0. 0. 1. 0.
-0.909 0.416 0. 156.631 -0.416 -0.909 0. -110.526 0. 0. 1. 0.
-0.911 0.413 0. 154.938 -0.413 -0.911 0. -111.277 0. 0. 1. 0.
-0.911 0.412 0. 153.231 -0.412 -0.911 0. -112.008 0. 0. 1. 0.
-0.912 0.410 0. 151.600 -0.410 -0.912 0. -112.723 0. 0. 1. 0.
-0.913 0.408 0. 150.045 -0.408 -0.913 0. -113.484 0. 0. 1. 0.
-0.915 0.404 0. 148.445 -0.404 -0.915 0. -114.166 0. 0. 1. 0.
-0.915 0.403 0. 146.887 -0.403 -0.915 0. -114.825 0. 0. 1. 0.
-0.916 0.402 0. 145.363 -0.402 -0.916 0. -115.473 0. 0. 1. 0.
-0.915 0.403 0. 143.884 -0.403 -0.915 0. -116.135 0. 0. 1. 0.
-0.916 0.401 0. 142.408 -0.401 -0.916 0. -116.794 0. 0. 1. 0.
-0.915 0.403 0. 140.961 -0.403 -0.915 0. -117.489 0. 0. 1. 0.
-0.915 0.403 0. 139.505 -0.403 -0.915 0. -118.127 0. 0. 1. 0.
-0.913 0.407 0. 138.055 -0.407 -0.913 0. -118.721 0. 0. 1. 0.
-0.912 0.410 0. 136.637 -0.410 -0.912 0. -119.368 0. 0. 1. 0.
-0.910 0.414 0. 135.213 -0.414 -0.910 0. -120.032 0. 0. 1. 0.
-0.908 0.420 0. 133.836 -0.420 -0.908 0. -120.665 0. 0. 1. 0.
-0.903 0.429 0. 132.458 -0.429 -0.903 0. -121.309 0. 0. 1. 0.
-0.900 0.435 0. 131.157 -0.435 -0.900 0. -121.987 0. 0. 1. 0.
-0.898 0.440 0. 129.759 -0.440 -0.898 0. -122.614 0. 0. 1. 0.
-0.898 0.439 0. 128.518 -0.439 -0.898 0. -123.315 0. 0. 1. 0.
-0.900 0.435 0. 127.210 -0.435 -0.900 0. -123.902 0. 0. 1. 0.
-0.901 0.433 0. 125.926 -0.433 -0.901 0. -124.518 0. 0. 1. 0.
-0.903 0.429 0. 124.611 -0.429 -0.903 0. -125.112 0. 0. 1. 0.
-0.905 0.425 0. 123.350 -0.425 -0.905 0. -125.718 0. 0. 1. 0.
-0.907 0.420 0. 122.055 -0.420 -0.907 0. -126.238 0. 0. 1. 0.
-0.909 0.416 0. 120.896 -0.416 -0.909 0. -126.860 0. 0. 1. 0.
-0.913 0.408 0. 119.595 -0.408 -0.913 0. -127.293 0. 0. 1. 0.
-0.916 0.402 0. 118.422 -0.402 -0.916 0. -127.895 0. 0. 1. 0.
-0.919 0.394 0. 117.174 -0.394 -0.919 0. -128.361 0. 0. 1. 0.
-0.923 0.385 0. 115.991 -0.385 -0.923 0. -128.860 0. 0. 1. 0.
-0.927 0.375 0. 114.741 -0.375 -0.927 0. -129.309 0. 0. 1. 0.
-0.931 0.365 0. 113.603 -0.365 -0.931 0. -129.776 0. 0. 1. 0.
-0.935 0.354 0. 112.398 -0.354 -0.935 0. -130.131 0. 0. 1. 0.
-0.938 0.346 0. 111.270 -0.346 -0.938 0. -130.640 0. 0. 1. 0.
-0.941 0.338 0. 110.040 -0.338 -0.941 0. -131.003 0. 0. 1. 0.
-0.943 0.334 0. 108.944 -0.334 -0.943 0. -131.369 0. 0. 1. 0.
-0.943 0.333 0. 107.862 -0.333 -0.943 0. -131.687 0. 0. 1. 0.
-0.943 0.333 0. 106.893 -0.333 -0.943 0. -132.028 0. 0. 1. 0.
-0.942 0.335 0. 106.015 -0.335 -0.942 0. -132.347 0. 0. 1. 0.
-0.941 0.338 0. 105.139 -0.338 -0.941 0. -132.602 0. 0. 1. 0.
-0.941 0.338 0. 104.384 -0.338 -0.941 0. -132.918 0. 0. 1. 0.
-0.941 0.339 0. 103.662 -0.339 -0.941 0. -133.180 0. 0. 1. 0.
-0.941 0.340 0. 103.022 -0.340 -0.941 0. -133.420 0. 0. 1. 0.
-0.940 0.343 0. 102.421 -0.343 -0.940 0. -133.579 0. 0. 1. 0.
-0.939 0.344 0. 102.012 -0.344 -0.939 0. -133.742 0. 0. 1. 0.
-0.939 0.345 0. 101.652 -0.345 -0.939 0. -133.878 0. 0. 1. 0.
-0.939 0.344 0. 101.378 -0.344 -0.939 0. -133.973 0. 0. 1. 0.
-0.939 0.344 0. 101.190 -0.344 -0.939 0. -134.024 0. 0. 1. 0.
-0.938 0.346 0. 101.064 -0.346 -0.938 0. -134.090 0. 0. 1. 0.
-0.938 0.347 0. 100.999 -0.347 -0.938 0. -134.140 0. 0. 1. 0.
-0.938 0.346 0. 100.936 -0.346 -0.938 0. -134.122 0. 0. 1. 0.
-0.938 0.346 0. 100.899 -0.346 -0.938 0. -134.104 0. 0. 1. 0.
-0.938 0.347 0. 100.866 -0.347 -0.938 0. -134.133 0. 0. 1. 0.
-0.938 0.347 0. 100.815 -0.347 -0.938 0. -134.182 0. 0. 1. 0.
-0.938 0.348 0. 100.718 -0.348 -0.938 0. -134.195 0. 0. 1. 0.
-0.938 0.348 0. 100.604 -0.348 -0.938 0. -134.219 0. 0. 1. 0.
-0.938 0.347 0. 100.480 -0.347 -0.938 0. -134.272 0. 0. 1. 0.
-0.938 0.347 0. 100.315 -0.347 -0.938 0. -134.299 0. 0. 1. 0.
-0.937 0.349 0. 100.218 -0.349 -0.937 0. -134.348 0. 0. 1. 0.
-0.937 0.348 0. 100.125 -0.348 -0.937 0. -134.414 0. 0. 1. 0.
-0.938 0.348 0. 100.019 -0.348 -0.938 0. -134.429 0. 0. 1. 0.
-0.938 0.347 0. 99.918 -0.347 -0.938 0. -134.471 0. 0. 1. 0.
-0.937 0.349 0. 99.776 -0.349 -0.937 0. -134.464 0. 0. 1. 0.
-0.937 0.349 0. 99.715 -0.349 -0.937 0. -134.530 0. 0. 1. 0.
-0.937 0.349 0. 99.595 -0.349 -0.937 0. -134.601 0. 0. 1. 0.
-0.938 0.348 0. 99.495 -0.348 -0.938 0. -134.621 0. 0. 1. 0.
-0.937 0.348 0. 99.429 -0.348 -0.937 0. -134.624 0. 0. 1. 0.
-0.937 0.348 0. 99.346 -0.348 -0.937 0. -134.652 0. 0. 1. 0.
-0.938 0.348 0. 99.274 -0.348 -0.938 0. -134.663 0. 0. 1. 0.
-0.937 0.348 0. 99.208 -0.348 -0.937 0. -134.700 0. 0. 1. 0.
-0.938 0.347 0. 99.176 -0.347 -0.938 0. -134.730 0. 0. 1. 0.
-0.938 0.346 0. 99.145 -0.346 -0.938 0. -134.721 0. 0. 1. 0.
-0.938 0.346 0. 99.101 -0.346 -0.938 0. -134.729 0. 0. 1. 0.
-0.938 0.347 0. 99.093 -0.347 -0.938 0. -134.748 0. 0. 1. 0.
-0.938 0.347 0. 99.102 -0.347 -0.938 0. -134.741 0. 0. 1. 0.
-0.938 0.347 0. 99.111 -0.347 -0.938 0. -134.728 0. 0. 1. 0.
-0.938 0.347 0. 99.100 -0.347 -0.938 0. -134.736 0. 0. 1. 0.
-0.938 0.348 0. 99.098 -0.348 -0.938 0. -134.752 0. 0. 1. 0.
-0.938 0.347 0. 99.089 -0.347 -0.938 0. -134.771 0. 0. 1. 0.
-0.938 0.347 0. 99.095 -0.347 -0.938 0. -134.768 0. 0. 1. 0.
-0.938 0.347 0. 99.104 -0.347 -0.938 0. -134.724 0. 0. 1. 0.
-0.938 0.347 0. 99.098 -0.347 -0.938 0. -134.746 0. 0. 1. 0.
-0.938 0.347 0. 99.097 -0.347 -0.938 0. -134.748 0. 0. 1. 0.
-0.938 0.348 0. 99.110 -0.348 -0.938 0. -134.747 0. 0. 1. 0.
-0.938 0.348 0. 99.104 -0.348 -0.938 0. -134.736 0. 0. 1. 0.
-0.938 0.347 0. 99.074 -0.347 -0.938 0. -134.737 0. 0. 1. 0.
-0.938 0.347 0. 99.088 -0.347 -0.938 0. -134.755 0. 0. 1. 0.
-0.937 0.348 0. 99.104 -0.348 -0.937 0. -134.746 0. 0. 1. 0.
-0.938 0.347 0. 99.092 -0.347 -0.938 0. -134.734 0. 0. 1. 0.
-0.938 0.347 0. 99.086 -0.347 -0.938 0. -134.749 0. 0. 1. 0.
-0.938 0.347 0. 99.098 -0.347 -0.938 0. -134.741 0. 0. 1. 0.
-0.938 0.348 0. 99.105 -0.348 -0.938 0. -134.749 0. 0. 1. 0.
-0.938 0.347 0. 99.100 -0.347 -0.938 0. -134.748 0. 0. 1. 0.
-0.938 0.347 0. 99.108 -0.347 -0.938 0. -134.739 0. 0. 1. 0.
-0.938 0.347 0. 99.108 -0.347 -0.938 0. -134.732 0. 0. 1. 0.
-0.938 0.348 0. 99.103 -0.348 -0.938 0. -134.736 0. 0. 1. 0.
-0.938 0.348 0. 99.106 -0.348 -0.938 0. -134.735 0. 0. 1. 0.
-0.938 0.347 0. 99.103 -0.347 -0.938 0. -134.741 0. 0. 1. 0.
-0.938 0.346 0. 99.107 -0.346 -0.938 0. -134.735 0. 0. 1. 0.
-0.938 0.347 0. 99.106 -0.347 -0.938 0. -134.746 0. 0. 1. 0.
-0.938 0.347 0. 99.096 -0.347 -0.938 0. -134.731 0. 0. 1. 0.
-0.938 0.347 0. 99.101 -0.347 -0.938 0. -134.736 0. 0. 1. 0.
-0.938 0.347 0. 99.098 -0.347 -0.938 0. -134.742 0. 0. 1. 0.
-0.938 0.347 0. 99.104 -0.347 -0.938 0. -134.753 0. 0. 1. 0.
-0.938 0.348 0. 99.104 -0.348 -0.938 0. -134.750 0. 0. 1. 0.
-0.938 0.347 0. 99.087 -0.347 -0.938 0. -134.748 0. 0. 1. 0.
-0.938 0.347 0. 99.102 -0.347 -0.938 0. -134.740 0. 0. 1. 0.
-0.938 0.347 0. 99.107 -0.347 -0.938 0. -134.750 0. 0. 1. 0.
-0.938 0.348 0. 99.117 -0.348 -0.938 0. -134.756 0. 0. 1. 0.
-0.938 0.347 0. 99.106 -0.347 -0.938 0. -134.755 0. 0. 1. 0.
-0.938 0.347 0. 99.106 -0.347 -0.938 0. -134.750 0. 0. 1. 0.
-0.938 0.347 0. 99.101 -0.347 -0.938 0. -134.737 0. 0. 1. 0.
-0.938 0.346 0. 99.097 -0.346 -0.938 0. -134.745 0. 0. 1. 0.
-0.938 0.348 0. 99.103 -0.348 -0.938 0. -134.777 0. 0. 1. 0.
-0.938 0.347 0. 99.080 -0.347 -0.938 0. -134.784 0. 0. 1. 0.
-0.938 0.346 0. 99.085 -0.346 -0.938 0. -134.758 0. 0. 1. 0.
-0.937 0.348 0. 99.088 -0.348 -0.937 0. -134.723 0. 0. 1. 0.
-0.937 0.348 0. 99.114 -0.348 -0.937 0. -134.722 0. 0. 1. 0.
-0.937 0.349 0. 99.111 -0.349 -0.937 0. -134.704 0. 0. 1. 0.
-0.938 0.347 0. 99.126 -0.347 -0.938 0. -134.766 0. 0. 1. 0.
-0.938 0.347 0. 99.122 -0.347 -0.938 0. -134.747 0. 0. 1. 0.
-0.938 0.347 0. 99.150 -0.347 -0.938 0. -134.755 0. 0. 1. 0.
-0.938 0.347 0. 99.137 -0.347 -0.938 0. -134.752 0. 0. 1. 0.
-0.938 0.347 0. 99.109 -0.347 -0.938 0. -134.765 0. 0. 1. 0.
-0.938 0.347 0. 99.127 -0.347 -0.938 0. -134.766 0. 0. 1. 0.
-0.938 0.346 0. 99.116 -0.346 -0.938 0. -134.740 0. 0. 1. 0.
-0.938 0.347 0. 99.101 -0.347 -0.938 0. -134.759 0. 0. 1. 0.
-0.938 0.347 0. 99.098 -0.347 -0.938 0. -134.749 0. 0. 1. 0.
-0.938 0.348 0. 99.101 -0.348 -0.938 0. -134.755 0. 0. 1. 0.
-0.938 0.347 0. 99.099 -0.347 -0.938 0. -134.741 0. 0. 1. 0.
-0.938 0.347 0. 99.085 -0.347 -0.938 0. -134.760 0. 0. 1. 0.
